return {
  ["Astros lay 2"] = {
    { Time = 0.000, Data = {
      ["Cock"] = CFrame.new(-0.000000, 0.000000, 0.000000, 0.436698, 0.899608, 0.000000, -0.899608, 0.436698, -0.000000, -0.000000, 0.000000, 1.000000),
      ["Head"] = CFrame.new(0.000000, -0.000000, 0.000000, 0.973058, 0.210484, 0.094097, -0.216417, 0.974580, 0.057950, -0.079508, -0.076753, 0.993875),
      ["LeftUpperArm"] = CFrame.new(-0.031501, -0.332341, -0.019101, 0.875584, -0.344451, 0.338684, 0.384706, 0.073181, -0.920134, 0.292156, 0.935948, 0.196588),
      ["LeftUpperLeg"] = CFrame.new(-0.035583, 0.034017, -0.044373, 0.939751, -0.164022, 0.299940, 0.038347, 0.922420, 0.384279, -0.339701, -0.349624, 0.873136),
      ["LowerTorso"] = CFrame.new(-0.724807, -1.389472, -0.793564, -0.302895, 0.038205, -0.952258, -0.930692, 0.203180, 0.304187, 0.205101, 0.978396, -0.025985),
      ["RightUpperArm"] = CFrame.new(-0.506507, 0.404321, -0.591703, 0.929583, 0.318416, 0.185708, 0.046849, 0.397659, -0.916337, -0.365625, 0.860511, 0.354739),
      ["RightUpperLeg"] = CFrame.new(-0.080658, 0.019081, -0.102967, 0.974012, 0.223696, -0.035512, -0.223964, 0.974590, -0.003704, 0.033781, 0.011561, 0.999362)
    }},
    { Time = 1.000, Data = {
      ["Cock"] = CFrame.new(-0.000000, 0.000000, 0.000000, 0.436698, 0.899608, 0.000000, -0.899608, 0.436698, -0.000000, -0.000000, 0.000000, 1.000000),
      ["Head"] = CFrame.new(0.000000, -0.000000, 0.000000, 0.973058, 0.210484, 0.094097, -0.216417, 0.974580, 0.057950, -0.079508, -0.076753, 0.993875),
      ["LeftUpperArm"] = CFrame.new(-0.031501, -0.332341, -0.019101, 0.875584, -0.344451, 0.338684, 0.384706, 0.073181, -0.920134, 0.292156, 0.935948, 0.196588),
      ["LeftUpperLeg"] = CFrame.new(-0.035583, 0.034017, -0.044373, 0.939751, -0.164022, 0.299940, 0.038347, 0.922420, 0.384279, -0.339701, -0.349624, 0.873136),
      ["LowerTorso"] = CFrame.new(-0.724807, -1.389472, -0.793564, -0.302895, 0.038205, -0.952258, -0.930692, 0.203180, 0.304187, 0.205101, 0.978396, -0.025985),
      ["RightUpperArm"] = CFrame.new(-0.506507, 0.404321, -0.591703, 0.929583, 0.318416, 0.185708, 0.046849, 0.397659, -0.916337, -0.365625, 0.860511, 0.354739),
      ["RightUpperLeg"] = CFrame.new(-0.080658, 0.019081, -0.102967, 0.974012, 0.223696, -0.035512, -0.223964, 0.974590, -0.003704, 0.033781, 0.011561, 0.999362)
    }}
  }
}