return {
  ["Astros hump 15"] = {
    { Time = 0.000, Data = {
      ["Balls"] = CFrame.new(0.000000, 0.000000, 0.000000, 0.999416, -0.034179, 0.000000, 0.034179, 0.999416, 0.000000, 0.000000, 0.000000, 1.000000),
      ["Cock"] = CFrame.new(0.000000, -0.000000, 0.000000, 0.975084, 0.221834, 0.000000, -0.221834, 0.975084, -0.000000, -0.000000, 0.000000, 1.000000),
      ["Head"] = CFrame.new(0.000000, 0.080322, -0.139660, 1.000000, -0.000000, 0.000000, 0.000000, 0.906409, 0.422402, -0.000000, -0.422402, 0.906409),
      ["LeftUpperArm"] = CFrame.new(0.094788, -0.568005, -0.220546, 0.899767, -0.310923, -0.306180, -0.062609, 0.602409, -0.795728, 0.431856, 0.735140, 0.522561),
      ["LeftUpperLeg"] = CFrame.new(-0.199849, 0.171771, -0.255090, 0.929505, 0.023387, 0.368068, 0.126773, 0.916916, -0.378409, -0.346338, 0.398394, 0.849313),
      ["LowerTorso"] = CFrame.new(-0.004074, -0.072341, 2.000274, 1.000000, -0.000000, 0.000000, 0.000000, 0.807233, 0.590233, -0.000000, -0.590233, 0.807233),
      ["RightUpperArm"] = CFrame.new(0.032273, -0.129403, 0.059395, 0.953166, 0.128893, -0.273607, -0.129753, 0.991432, 0.015032, 0.273200, 0.021174, 0.961724),
      ["RightUpperLeg"] = CFrame.new(0.199856, 0.171778, -0.255087, 0.929505, -0.023387, -0.368068, -0.126773, 0.916916, -0.378409, 0.346338, 0.398394, 0.849313)
    }},
    { Time = 0.017, Data = {
      ["Cock"] = CFrame.new(0.000000, -0.000000, 0.000000, 0.975084, 0.221834, 0.000000, -0.221834, 0.975084, -0.000000, -0.000000, 0.000000, 1.000000),
      ["Head"] = CFrame.new(0.000000, 0.080322, -0.139660, 1.000000, -0.000000, 0.000000, 0.000000, 0.906371, 0.422482, -0.000000, -0.422482, 0.906371),
      ["LeftUpperArm"] = CFrame.new(0.094786, -0.568004, -0.220542, 0.899767, -0.310923, -0.306180, -0.062609, 0.602409, -0.795728, 0.431856, 0.735140, 0.522561),
      ["LeftUpperLeg"] = CFrame.new(-0.199847, 0.171774, -0.255088, 0.929505, 0.023387, 0.368068, 0.126773, 0.916916, -0.378409, -0.346338, 0.398394, 0.849313),
      ["LowerTorso"] = CFrame.new(-0.004074, -0.072345, 2.000270, 1.000000, -0.000000, 0.000000, 0.000000, 0.807233, 0.590233, -0.000000, -0.590233, 0.807233),
      ["RightUpperArm"] = CFrame.new(0.032273, -0.129403, 0.059394, 0.953166, 0.128893, -0.273607, -0.129753, 0.991432, 0.015032, 0.273200, 0.021174, 0.961724),
      ["RightUpperLeg"] = CFrame.new(0.199854, 0.171782, -0.255085, 0.929505, -0.023387, -0.368068, -0.126773, 0.916916, -0.378409, 0.346338, 0.398394, 0.849313)
    }},
    { Time = 0.033, Data = {
      ["Cock"] = CFrame.new(0.000000, -0.000000, 0.000000, 0.975104, 0.221749, 0.000000, -0.221749, 0.975104, -0.000000, -0.000000, 0.000000, 1.000000),
      ["Head"] = CFrame.new(0.000000, 0.080322, -0.139660, 1.000000, -0.000000, 0.000000, 0.000000, 0.906259, 0.422722, -0.000000, -0.422722, 0.906259),
      ["LeftUpperArm"] = CFrame.new(0.094779, -0.567981, -0.220529, 0.899767, -0.310908, -0.306195, -0.062587, 0.602485, -0.795673, 0.431859, 0.735084, 0.522637),
      ["LeftUpperLeg"] = CFrame.new(-0.199835, 0.171760, -0.255083, 0.929509, 0.023470, 0.368051, 0.126690, 0.916921, -0.378425, -0.346356, 0.398378, 0.849313),
      ["LowerTorso"] = CFrame.new(-0.004074, -0.072426, 2.000174, 1.000000, -0.000000, 0.000000, 0.000000, 0.807286, 0.590160, -0.000000, -0.590160, 0.807286),
      ["RightUpperArm"] = CFrame.new(0.032276, -0.129403, 0.059372, 0.953166, 0.128905, -0.273601, -0.129741, 0.991433, 0.015117, 0.273206, 0.021088, 0.961725),
      ["RightUpperLeg"] = CFrame.new(0.199842, 0.171767, -0.255080, 0.929509, -0.023470, -0.368051, -0.126690, 0.916921, -0.378425, 0.346356, 0.398378, 0.849313)
    }},
    { Time = 0.050, Data = {
      ["Cock"] = CFrame.new(-0.000000, 0.000000, 0.000000, 0.975123, 0.221665, 0.000000, -0.221665, 0.975123, -0.000000, -0.000000, 0.000000, 1.000000),
      ["Head"] = CFrame.new(0.000000, 0.080322, -0.139660, 1.000000, -0.000000, 0.000000, 0.000000, 0.906072, 0.423123, -0.000000, -0.423123, 0.906072),
      ["LeftUpperArm"] = CFrame.new(0.094732, -0.567955, -0.220475, 0.899755, -0.310967, -0.306171, -0.062491, 0.602548, -0.795632, 0.431898, 0.735007, 0.522713),
      ["LeftUpperLeg"] = CFrame.new(-0.199809, 0.171818, -0.255050, 0.929509, 0.023437, 0.368053, 0.126659, 0.916991, -0.378267, -0.346367, 0.398220, 0.849383),
      ["LowerTorso"] = CFrame.new(-0.004074, -0.072555, 2.000036, 1.000000, -0.000000, 0.000000, 0.000000, 0.807340, 0.590087, -0.000000, -0.590087, 0.807340),
      ["RightUpperArm"] = CFrame.new(0.032283, -0.129403, 0.059326, 0.953190, 0.128930, -0.273506, -0.129717, 0.991433, 0.015282, 0.273133, 0.020912, 0.961749),
      ["RightUpperLeg"] = CFrame.new(0.199816, 0.171825, -0.255047, 0.929509, -0.023437, -0.368053, -0.126659, 0.916991, -0.378267, 0.346367, 0.398220, 0.849383)
    }},
    { Time = 0.067, Data = {
      ["Cock"] = CFrame.new(0.000000, -0.000000, 0.000000, 0.975200, 0.221326, 0.000000, -0.221326, 0.975200, -0.000000, -0.000000, 0.000000, 1.000000),
      ["Head"] = CFrame.new(0.000000, 0.080322, -0.139660, 1.000000, -0.000000, 0.000000, 0.000000, 0.905848, 0.423603, -0.000000, -0.423603, 0.905848),
      ["LeftUpperArm"] = CFrame.new(0.094661, -0.567900, -0.220365, 0.899742, -0.311011, -0.306163, -0.062374, 0.602688, -0.795536, 0.431941, 0.734874, 0.522865),
      ["LeftUpperLeg"] = CFrame.new(-0.199755, 0.171888, -0.254996, 0.929514, 0.023454, 0.368041, 0.126514, 0.917135, -0.377966, -0.346408, 0.397887, 0.849522),
      ["LowerTorso"] = CFrame.new(-0.004074, -0.072807, 1.999764, 1.000000, -0.000000, 0.000000, 0.000000, 0.807447, 0.589940, -0.000000, -0.589940, 0.807447),
      ["RightUpperArm"] = CFrame.new(0.032312, -0.129406, 0.059284, 0.953179, 0.129038, -0.273494, -0.129779, 0.991422, 0.015464, 0.273144, 0.020753, 0.961749),
      ["RightUpperLeg"] = CFrame.new(0.199762, 0.171895, -0.254993, 0.929514, -0.023454, -0.368041, -0.126514, 0.917135, -0.377966, 0.346408, 0.397887, 0.849522)
    }},
    { Time = 0.083, Data = {
      ["Cock"] = CFrame.new(0.000000, -0.000000, 0.000000, 0.975315, 0.220817, 0.000000, -0.220817, 0.975315, -0.000000, -0.000000, 0.000000, 1.000000),
      ["Head"] = CFrame.new(0.000000, 0.080323, -0.139660, 1.000000, -0.000000, 0.000000, 0.000000, 0.905510, 0.424324, -0.000000, -0.424324, 0.905510),
      ["LeftUpperArm"] = CFrame.new(0.094535, -0.567817, -0.220180, 0.899718, -0.311115, -0.306130, -0.062161, 0.602891, -0.795398, 0.432023, 0.734663, 0.523093),
      ["LeftUpperLeg"] = CFrame.new(-0.199666, 0.171994, -0.254908, 0.929523, 0.023521, 0.368013, 0.126255, 0.917353, -0.377523, -0.346477, 0.397380, 0.849731),
      ["LowerTorso"] = CFrame.new(-0.004074, -0.073208, 1.999338, 1.000000, -0.000000, 0.000000, 0.000000, 0.807608, 0.589720, -0.000000, -0.589720, 0.807608),
      ["RightUpperArm"] = CFrame.new(0.032321, -0.129406, 0.059217, 0.953179, 0.129074, -0.273477, -0.129743, 0.991423, 0.015720, 0.273161, 0.020497, 0.961750),
      ["RightUpperLeg"] = CFrame.new(0.199673, 0.172001, -0.254905, 0.929523, -0.023521, -0.368013, -0.126255, 0.917353, -0.377523, 0.346477, 0.397380, 0.849731)
    }},
    { Time = 0.100, Data = {
      ["Cock"] = CFrame.new(0.000000, 0.000000, 0.000000, 0.975468, 0.220140, 0.000000, -0.220140, 0.975468, -0.000000, -0.000000, 0.000000, 1.000000),
      ["Head"] = CFrame.new(0.000000, 0.080322, -0.139660, 1.000000, -0.000000, 0.000000, 0.000000, 0.905135, 0.425125, -0.000000, -0.425125, 0.905135),
      ["LeftUpperArm"] = CFrame.new(0.094379, -0.567679, -0.219904, 0.899730, -0.311151, -0.306058, -0.061865, 0.603246, -0.795152, 0.432041, 0.734356, 0.523509),
      ["LeftUpperLeg"] = CFrame.new(-0.199533, 0.172150, -0.254776, 0.929537, 0.023621, 0.367972, 0.125866, 0.917679, -0.376858, -0.346582, 0.396619, 0.850044),
      ["LowerTorso"] = CFrame.new(-0.004074, -0.073887, 1.998589, 1.000000, -0.000000, 0.000000, 0.000000, 0.807929, 0.589280, -0.000000, -0.589280, 0.807929),
      ["RightUpperArm"] = CFrame.new(0.032334, -0.129406, 0.059127, 0.953179, 0.129122, -0.273455, -0.129695, 0.991424, 0.016062, 0.273183, 0.020156, 0.961751),
      ["RightUpperLeg"] = CFrame.new(0.199540, 0.172157, -0.254773, 0.929537, -0.023621, -0.367972, -0.125866, 0.917679, -0.376858, 0.346582, 0.396619, 0.850044)
    }},
    { Time = 0.117, Data = {
      ["Cock"] = CFrame.new(0.000000, -0.000000, 0.000000, 0.975697, 0.219123, 0.000000, -0.219123, 0.975697, -0.000000, -0.000000, 0.000000, 1.000000),
      ["Head"] = CFrame.new(0.000000, 0.080322, -0.139660, 1.000000, -0.000000, 0.000000, 0.000000, 0.904645, 0.426165, -0.000000, -0.426165, 0.904645),
      ["LeftUpperArm"] = CFrame.new(0.094133, -0.567490, -0.219527, 0.899717, -0.311307, -0.305937, -0.061377, 0.603728, -0.794824, 0.432137, 0.733894, 0.524077),
      ["LeftUpperLeg"] = CFrame.new(-0.199363, 0.172382, -0.254632, 0.929523, 0.023756, 0.367998, 0.125349, 0.918149, -0.375887, -0.346806, 0.395524, 0.850463),
      ["LowerTorso"] = CFrame.new(-0.004074, -0.074761, 1.997644, 1.000000, -0.000000, 0.000000, 0.000000, 0.808303, 0.588766, -0.000000, -0.588766, 0.808303),
      ["RightUpperArm"] = CFrame.new(0.032368, -0.129408, 0.059040, 0.953168, 0.129255, -0.273431, -0.129732, 0.991413, 0.016415, 0.273205, 0.019827, 0.961751),
      ["RightUpperLeg"] = CFrame.new(0.199370, 0.172389, -0.254629, 0.929523, -0.023756, -0.367998, -0.125349, 0.918149, -0.375887, 0.346806, 0.395524, 0.850463)
    }},
    { Time = 0.133, Data = {
      ["Cock"] = CFrame.new(0.000000, -0.000000, 0.000000, 0.976001, 0.217767, 0.000000, -0.217767, 0.976001, -0.000000, -0.000000, 0.000000, 1.000000),
      ["Head"] = CFrame.new(0.000000, 0.080322, -0.139660, 1.000000, -0.000000, 0.000000, 0.000000, 0.904117, 0.427286, -0.000000, -0.427286, 0.904117),
      ["LeftUpperArm"] = CFrame.new(0.093808, -0.567244, -0.219020, 0.899691, -0.311507, -0.305809, -0.060772, 0.604348, -0.794400, 0.432276, 0.733299, 0.524796),
      ["LeftUpperLeg"] = CFrame.new(-0.199117, 0.172694, -0.254383, 0.929546, 0.023889, 0.367932, 0.124669, 0.918759, -0.374620, -0.346990, 0.394096, 0.851050),
      ["LowerTorso"] = CFrame.new(-0.004074, -0.075959, 1.996338, 1.000000, -0.000000, 0.000000, 0.000000, 0.808837, 0.588032, -0.000000, -0.588032, 0.808837),
      ["RightUpperArm"] = CFrame.new(0.032407, -0.129411, 0.058930, 0.953180, 0.129400, -0.273319, -0.129758, 0.991403, 0.016847, 0.273149, 0.019407, 0.961776),
      ["RightUpperLeg"] = CFrame.new(0.199124, 0.172701, -0.254380, 0.929546, -0.023889, -0.367932, -0.124669, 0.918759, -0.374620, 0.346990, 0.394096, 0.851050)
    }},
    { Time = 0.150, Data = {
      ["Cock"] = CFrame.new(0.000000, -0.000000, 0.000000, 0.976378, 0.216071, 0.000000, -0.216071, 0.976378, -0.000000, -0.000000, 0.000000, 1.000000),
      ["Head"] = CFrame.new(0.000000, 0.080322, -0.139660, 1.000000, -0.000000, 0.000000, 0.000000, 0.903511, 0.428565, -0.000000, -0.428565, 0.903511),
      ["LeftUpperArm"] = CFrame.new(0.093394, -0.566938, -0.218361, 0.899653, -0.311752, -0.305672, -0.060049, 0.605106, -0.793877, 0.432456, 0.732569, 0.525665),
      ["LeftUpperLeg"] = CFrame.new(-0.198818, 0.173119, -0.254099, 0.929541, 0.024042, 0.367935, 0.123846, 0.919543, -0.372965, -0.347299, 0.392253, 0.851775),
      ["LowerTorso"] = CFrame.new(-0.004074, -0.077506, 1.994647, 1.000000, -0.000000, 0.000000, 0.000000, 0.809531, 0.587078, -0.000000, -0.587078, 0.809531),
      ["RightUpperArm"] = CFrame.new(0.032448, -0.129414, 0.058798, 0.953169, 0.129557, -0.273284, -0.129772, 0.991392, 0.017371, 0.273182, 0.018907, 0.961776),
      ["RightUpperLeg"] = CFrame.new(0.198825, 0.173127, -0.254097, 0.929541, -0.024042, -0.367935, -0.123846, 0.919543, -0.372965, 0.347299, 0.392253, 0.851775)
    }},
    { Time = 0.167, Data = {
      ["Cock"] = CFrame.new(0.000000, -0.000000, 0.000000, 0.976844, 0.213951, 0.000000, -0.213951, 0.976844, -0.000000, -0.000000, 0.000000, 1.000000),
      ["Head"] = CFrame.new(0.000000, 0.080322, -0.139660, 1.000000, -0.000000, 0.000000, 0.000000, 0.902789, 0.430084, -0.000000, -0.430084, 0.902789),
      ["LeftUpperArm"] = CFrame.new(0.092878, -0.566533, -0.217555, 0.899626, -0.312049, -0.305448, -0.059051, 0.606141, -0.793162, 0.432649, 0.731587, 0.526873),
      ["LeftUpperLeg"] = CFrame.new(-0.198424, 0.173614, -0.253700, 0.929576, 0.024243, 0.367832, 0.122745, 0.920537, -0.370871, -0.347594, 0.389902, 0.852734),
      ["LowerTorso"] = CFrame.new(-0.004074, -0.079370, 1.992626, 1.000000, -0.000000, 0.000000, 0.000000, 0.810329, 0.585975, -0.000000, -0.585975, 0.810329),
      ["RightUpperArm"] = CFrame.new(0.032467, -0.129414, 0.058662, 0.953193, 0.129629, -0.273167, -0.129701, 0.991392, 0.017877, 0.273133, 0.018389, 0.961801),
      ["RightUpperLeg"] = CFrame.new(0.198431, 0.173622, -0.253698, 0.929576, -0.024243, -0.367832, -0.122745, 0.920537, -0.370871, 0.347594, 0.389902, 0.852734)
    }},
    { Time = 0.183, Data = {
      ["Cock"] = CFrame.new(0.000000, -0.000000, 0.000000, 0.977417, 0.211322, 0.000000, -0.211322, 0.977417, -0.000000, -0.000000, 0.000000, 1.000000),
      ["Head"] = CFrame.new(0.000000, 0.080323, -0.139660, 1.000000, -0.000000, 0.000000, 0.000000, 0.902026, 0.431681, -0.000000, -0.431681, 0.902026),
      ["LeftUpperArm"] = CFrame.new(0.092239, -0.566046, -0.216571, 0.899574, -0.312450, -0.305192, -0.057840, 0.607374, -0.792308, 0.432922, 0.730391, 0.528305),
      ["LeftUpperLeg"] = CFrame.new(-0.197958, 0.174228, -0.253250, 0.929588, 0.024546, 0.367782, 0.121417, 0.921703, -0.368404, -0.348029, 0.387119, 0.853824),
      ["LowerTorso"] = CFrame.new(-0.004074, -0.081680, 1.990106, 1.000000, -0.000000, 0.000000, 0.000000, 0.811338, 0.584578, -0.000000, -0.584578, 0.811338),
      ["RightUpperArm"] = CFrame.new(0.032511, -0.129417, 0.058508, 0.953181, 0.129798, -0.273126, -0.129702, 0.991381, 0.018487, 0.273171, 0.017804, 0.961801),
      ["RightUpperLeg"] = CFrame.new(0.197965, 0.174235, -0.253247, 0.929588, -0.024546, -0.367782, -0.121417, 0.921703, -0.368404, 0.348029, 0.387119, 0.853824)
    }},
    { Time = 0.200, Data = {
      ["Cock"] = CFrame.new(0.000000, -0.000000, 0.000000, 0.978090, 0.208181, 0.000000, -0.208181, 0.978090, -0.000000, -0.000000, 0.000000, 1.000000),
      ["Head"] = CFrame.new(0.000000, 0.080322, -0.139660, 1.000000, -0.000000, 0.000000, 0.000000, 0.901184, 0.433437, -0.000000, -0.433437, 0.901184),
      ["LeftUpperArm"] = CFrame.new(0.091475, -0.565475, -0.215379, 0.899531, -0.312921, -0.304834, -0.056376, 0.608805, -0.791314, 0.433203, 0.728997, 0.529998),
      ["LeftUpperLeg"] = CFrame.new(-0.197397, 0.174957, -0.252701, 0.929608, 0.024901, 0.367709, 0.119812, 0.923104, -0.365409, -0.348532, 0.383743, 0.855141),
      ["LowerTorso"] = CFrame.new(-0.004074, -0.084512, 1.986994, 1.000000, -0.000000, 0.000000, 0.000000, 0.812608, 0.582810, -0.000000, -0.582810, 0.812608),
      ["RightUpperArm"] = CFrame.new(0.032559, -0.129420, 0.058331, 0.953194, 0.129979, -0.272996, -0.129693, 0.991369, 0.019175, 0.273132, 0.017128, 0.961824),
      ["RightUpperLeg"] = CFrame.new(0.197404, 0.174964, -0.252698, 0.929608, -0.024901, -0.367709, -0.119812, 0.923104, -0.365409, 0.348532, 0.383743, 0.855141)
    }},
    { Time = 0.217, Data = {
      ["Cock"] = CFrame.new(0.000000, -0.000000, 0.000000, 0.978878, 0.204445, 0.000000, -0.204445, 0.978878, -0.000000, -0.000000, 0.000000, 1.000000),
      ["Head"] = CFrame.new(0.000000, 0.080322, -0.139660, 1.000000, -0.000000, 0.000000, 0.000000, 0.900299, 0.435271, -0.000000, -0.435271, 0.900299),
      ["LeftUpperArm"] = CFrame.new(0.090591, -0.564794, -0.213971, 0.899475, -0.313407, -0.304500, -0.054751, 0.610519, -0.790107, 0.433528, 0.727353, 0.531987),
      ["LeftUpperLeg"] = CFrame.new(-0.196732, 0.175825, -0.252039, 0.929634, 0.025306, 0.367613, 0.117931, 0.924733, -0.361886, -0.349102, 0.379774, 0.856679),
      ["LowerTorso"] = CFrame.new(-0.004074, -0.087781, 1.983413, 1.000000, -0.000000, 0.000000, 0.000000, 0.814032, 0.580820, -0.000000, -0.580820, 0.814032),
      ["RightUpperArm"] = CFrame.new(0.032629, -0.129426, 0.058157, 0.953171, 0.130244, -0.272949, -0.129767, 0.991345, 0.019881, 0.273176, 0.016469, 0.961823),
      ["RightUpperLeg"] = CFrame.new(0.196739, 0.175832, -0.252037, 0.929634, -0.025306, -0.367613, -0.117931, 0.924733, -0.361886, 0.349102, 0.379774, 0.856679)
    }},
    { Time = 0.233, Data = {
      ["Cock"] = CFrame.new(0.000000, -0.000000, 0.000000, 0.979773, 0.200111, 0.000000, -0.200111, 0.979773, -0.000000, -0.000000, 0.000000, 1.000000),
      ["Head"] = CFrame.new(0.000000, 0.080322, -0.139660, 1.000000, -0.000000, 0.000000, 0.000000, 0.899295, 0.437343, -0.000000, -0.437343, 0.899295),
      ["LeftUpperArm"] = CFrame.new(0.089541, -0.563988, -0.212349, 0.899379, -0.314044, -0.304128, -0.052794, 0.612563, -0.788657, 0.433970, 0.725357, 0.534347),
      ["LeftUpperLeg"] = CFrame.new(-0.195972, 0.176848, -0.251298, 0.929636, 0.025748, 0.367580, 0.115756, 0.926648, -0.357665, -0.349826, 0.375048, 0.858464),
      ["LowerTorso"] = CFrame.new(-0.004074, -0.091613, 1.979196, 1.000000, -0.000000, 0.000000, 0.000000, 0.815713, 0.578457, -0.000000, -0.578457, 0.815713),
      ["RightUpperArm"] = CFrame.new(0.032680, -0.129430, 0.057957, 0.953184, 0.130437, -0.272813, -0.129745, 0.991332, 0.020655, 0.273143, 0.015708, 0.961845),
      ["RightUpperLeg"] = CFrame.new(0.195979, 0.176855, -0.251295, 0.929636, -0.025748, -0.367580, -0.115756, 0.926648, -0.357665, 0.349826, 0.375048, 0.858464)
    }},
    { Time = 0.250, Data = {
      ["Cock"] = CFrame.new(-0.000000, 0.000000, 0.000000, 0.980785, 0.195093, 0.000000, -0.195093, 0.980785, -0.000000, -0.000000, 0.000000, 1.000000),
      ["Head"] = CFrame.new(0.000000, 0.080322, -0.139660, 1.000000, -0.000000, 0.000000, 0.000000, 0.898207, 0.439573, -0.000000, -0.439573, 0.898207),
      ["LeftUpperArm"] = CFrame.new(0.088321, -0.563075, -0.210471, 0.899278, -0.314811, -0.303633, -0.050487, 0.614858, -0.787020, 0.434454, 0.723080, 0.537034),
      ["LeftUpperLeg"] = CFrame.new(-0.195073, 0.177999, -0.250387, 0.929679, 0.026291, 0.367432, 0.113189, 0.928808, -0.352851, -0.350551, 0.369627, 0.860517),
      ["LowerTorso"] = CFrame.new(-0.004074, -0.095976, 1.974393, 1.000000, -0.000000, 0.000000, 0.000000, 0.817595, 0.575794, -0.000000, -0.575794, 0.817595),
      ["RightUpperArm"] = CFrame.new(0.032733, -0.129433, 0.057736, 0.953172, 0.130641, -0.272755, -0.129711, 0.991318, 0.021520, 0.273199, 0.014867, 0.961843),
      ["RightUpperLeg"] = CFrame.new(0.195080, 0.178006, -0.250384, 0.929679, -0.026291, -0.367432, -0.113189, 0.928808, -0.352851, 0.350551, 0.369627, 0.860517)
    }},
    { Time = 0.267, Data = {
      ["Cock"] = CFrame.new(0.000000, -0.000000, 0.000000, 0.981902, 0.189391, 0.000000, -0.189391, 0.981902, -0.000000, -0.000000, 0.000000, 1.000000),
      ["Head"] = CFrame.new(0.000000, 0.080322, -0.139660, 1.000000, -0.000000, 0.000000, 0.000000, 0.897035, 0.441959, -0.000000, -0.441959, 0.897035),
      ["LeftUpperArm"] = CFrame.new(0.086945, -0.562030, -0.208325, 0.899184, -0.315620, -0.303070, -0.047883, 0.617486, -0.785123, 0.434942, 0.720482, 0.540121),
      ["LeftUpperLeg"] = CFrame.new(-0.194064, 0.179349, -0.249367, 0.929694, 0.026872, 0.367350, 0.110326, 0.931229, -0.347333, -0.351421, 0.363442, 0.862794),
      ["LowerTorso"] = CFrame.new(-0.004074, -0.100994, 1.968837, 1.000000, -0.000000, 0.000000, 0.000000, 0.819778, 0.572681, -0.000000, -0.572681, 0.819778),
      ["RightUpperArm"] = CFrame.new(0.032809, -0.129440, 0.057516, 0.953173, 0.130931, -0.272613, -0.129762, 0.991292, 0.022392, 0.273171, 0.014032, 0.961863),
      ["RightUpperLeg"] = CFrame.new(0.194071, 0.179356, -0.249365, 0.929694, -0.026872, -0.367350, -0.110326, 0.931229, -0.347333, 0.351421, 0.363442, 0.862794)
    }},
    { Time = 0.283, Data = {
      ["Cock"] = CFrame.new(-0.000000, 0.000000, 0.000000, 0.983128, 0.182917, 0.000000, -0.182917, 0.983128, -0.000000, -0.000000, 0.000000, 1.000000),
      ["Head"] = CFrame.new(0.000000, 0.080322, -0.139660, 1.000000, -0.000000, 0.000000, 0.000000, 0.895817, 0.444423, -0.000000, -0.444423, 0.895817),
      ["LeftUpperArm"] = CFrame.new(0.085375, -0.560855, -0.205896, 0.899047, -0.316583, -0.302472, -0.044947, 0.620431, -0.782972, 0.435539, 0.717524, 0.543567),
      ["LeftUpperLeg"] = CFrame.new(-0.192900, 0.180823, -0.248159, 0.929753, 0.027623, 0.367146, 0.106969, 0.933902, -0.341151, -0.352302, 0.356460, 0.865344),
      ["LowerTorso"] = CFrame.new(-0.004074, -0.106686, 1.962502, 1.000000, -0.000000, 0.000000, 0.000000, 0.822257, 0.569116, -0.000000, -0.569116, 0.822257),
      ["RightUpperArm"] = CFrame.new(0.032866, -0.129444, 0.057271, 0.953186, 0.131147, -0.272465, -0.129717, 0.991276, 0.023336, 0.273149, 0.013100, 0.961883),
      ["RightUpperLeg"] = CFrame.new(0.192907, 0.180829, -0.248157, 0.929753, -0.027623, -0.367146, -0.106969, 0.933902, -0.341151, 0.352302, 0.356460, 0.865344)
    }},
    { Time = 0.300, Data = {
      ["Cock"] = CFrame.new(0.000000, -0.000000, 0.000000, 0.984465, 0.175584, 0.000000, -0.175584, 0.984465, -0.000000, -0.000000, 0.000000, 1.000000),
      ["Head"] = CFrame.new(0.000000, 0.080322, -0.139660, 1.000000, -0.000000, 0.000000, 0.000000, 0.894513, 0.447042, -0.000000, -0.447042, 0.894513),
      ["LeftUpperArm"] = CFrame.new(0.083611, -0.559529, -0.203174, 0.898901, -0.317651, -0.301786, -0.041617, 0.623757, -0.780509, 0.436171, 0.714160, 0.547476),
      ["LeftUpperLeg"] = CFrame.new(-0.191609, 0.182517, -0.246818, 0.929782, 0.028363, 0.367017, 0.103267, 0.936894, -0.334015, -0.353329, 0.348462, 0.868178),
      ["LowerTorso"] = CFrame.new(-0.004074, -0.113018, 1.955441, 1.000000, -0.000000, 0.000000, 0.000000, 0.824974, 0.565170, -0.000000, -0.565170, 0.824974),
      ["RightUpperArm"] = CFrame.new(0.032945, -0.129452, 0.057029, 0.953187, 0.131448, -0.272316, -0.129757, 0.991248, 0.024293, 0.273126, 0.012179, 0.961901),
      ["RightUpperLeg"] = CFrame.new(0.191616, 0.182524, -0.246816, 0.929782, -0.028363, -0.367017, -0.103267, 0.936894, -0.334015, 0.353329, 0.348462, 0.868178)
    }},
    { Time = 0.317, Data = {
      ["Cock"] = CFrame.new(0.000000, -0.000000, 0.000000, 0.985891, 0.167389, 0.000000, -0.167389, 0.985891, -0.000000, -0.000000, 0.000000, 1.000000),
      ["Head"] = CFrame.new(0.000000, 0.080322, -0.139660, 1.000000, -0.000000, 0.000000, 0.000000, 0.893081, 0.449897, -0.000000, -0.449897, 0.893081),
      ["LeftUpperArm"] = CFrame.new(0.081646, -0.558052, -0.200136, 0.898744, -0.318826, -0.301013, -0.037893, 0.627458, -0.777728, 0.436833, 0.710385, 0.551843),
      ["LeftUpperLeg"] = CFrame.new(-0.190164, 0.184380, -0.245300, 0.929818, 0.029276, 0.366854, 0.099067, 0.940124, -0.326117, -0.354436, 0.339573, 0.871244),
      ["LowerTorso"] = CFrame.new(-0.004074, -0.120107, 1.947480, 1.000000, -0.000000, 0.000000, 0.000000, 0.828025, 0.560691, -0.000000, -0.560691, 0.828025),
      ["RightUpperArm"] = CFrame.new(0.033030, -0.129460, 0.056744, 0.953164, 0.131773, -0.272239, -0.129772, 0.991218, 0.025425, 0.273199, 0.011094, 0.961894),
      ["RightUpperLeg"] = CFrame.new(0.190171, 0.184386, -0.245297, 0.929818, -0.029276, -0.366854, -0.099067, 0.940124, -0.326117, 0.354436, 0.339573, 0.871244)
    }},
    { Time = 0.333, Data = {
      ["Cock"] = CFrame.new(0.000000, -0.000000, 0.000000, 0.987400, 0.158245, 0.000000, -0.158245, 0.987400, -0.000000, -0.000000, 0.000000, 1.000000),
      ["Head"] = CFrame.new(0.000000, 0.080322, -0.139660, 1.000000, -0.000000, 0.000000, 0.000000, 0.891599, 0.452827, -0.000000, -0.452827, 0.891599),
      ["LeftUpperArm"] = CFrame.new(0.079467, -0.556423, -0.196760, 0.898574, -0.320111, -0.300156, -0.033776, 0.631523, -0.774621, 0.437520, 0.706192, 0.556658),
      ["LeftUpperLeg"] = CFrame.new(-0.188576, 0.186465, -0.243622, 0.929823, 0.030261, 0.366762, 0.094434, 0.943622, -0.317270, -0.355685, 0.329640, 0.874543),
      ["LowerTorso"] = CFrame.new(-0.004074, -0.127970, 1.938595, 1.000000, -0.000000, 0.000000, 0.000000, 0.831401, 0.555674, -0.000000, -0.555674, 0.831401),
      ["RightUpperArm"] = CFrame.new(0.033094, -0.129465, 0.056454, 0.953176, 0.132013, -0.272080, -0.129703, 0.991198, 0.026541, 0.273189, 0.009992, 0.961909),
      ["RightUpperLeg"] = CFrame.new(0.188583, 0.186472, -0.243620, 0.929823, -0.030261, -0.366762, -0.094434, 0.943622, -0.317270, 0.355685, 0.329640, 0.874543)
    }},
    { Time = 0.350, Data = {
      ["Cock"] = CFrame.new(0.000000, -0.000000, 0.000000, 0.988965, 0.148150, 0.000000, -0.148150, 0.988965, -0.000000, -0.000000, 0.000000, 1.000000),
      ["Head"] = CFrame.new(0.000000, 0.080322, -0.139660, 1.000000, -0.000000, 0.000000, 0.000000, 0.890025, 0.455911, -0.000000, -0.455911, 0.890025),
      ["LeftUpperArm"] = CFrame.new(0.077037, -0.554646, -0.193034, 0.898338, -0.321617, -0.299251, -0.029227, 0.635927, -0.771195, 0.438332, 0.701540, 0.561878),
      ["LeftUpperLeg"] = CFrame.new(-0.186807, 0.188781, -0.241688, 0.929859, 0.031291, 0.366583, 0.089337, 0.947353, -0.307474, -0.356905, 0.318657, 0.878110),
      ["LowerTorso"] = CFrame.new(-0.004074, -0.136617, 1.928760, 1.000000, -0.000000, 0.000000, 0.000000, 0.835090, 0.550114, -0.000000, -0.550114, 0.835090),
      ["RightUpperArm"] = CFrame.new(0.033179, -0.129474, 0.056167, 0.953177, 0.132337, -0.271919, -0.129718, 0.991165, 0.027668, 0.273178, 0.008901, 0.961922),
      ["RightUpperLeg"] = CFrame.new(0.186814, 0.188787, -0.241685, 0.929859, -0.031291, -0.366583, -0.089337, 0.947353, -0.307474, 0.356905, 0.318657, 0.878110)
    }},
    { Time = 0.367, Data = {
      ["Cock"] = CFrame.new(0.000000, -0.000000, 0.000000, 0.990569, 0.137014, 0.000000, -0.137014, 0.990569, -0.000000, -0.000000, 0.000000, 1.000000),
      ["Head"] = CFrame.new(0.000000, 0.080322, -0.139660, 1.000000, -0.000000, 0.000000, 0.000000, 0.888359, 0.459149, -0.000000, -0.459149, 0.888359),
      ["LeftUpperArm"] = CFrame.new(0.074390, -0.552680, -0.188954, 0.898120, -0.323175, -0.298227, -0.024203, 0.640817, -0.767312, 0.439085, 0.696356, 0.567709),
      ["LeftUpperLeg"] = CFrame.new(-0.184861, 0.191267, -0.239533, 0.929897, 0.032532, 0.366380, 0.083606, 0.951314, -0.296667, -0.358193, 0.306501, 0.881904),
      ["LowerTorso"] = CFrame.new(-0.004074, -0.146063, 1.917952, 1.000000, -0.000000, 0.000000, 0.000000, 0.839081, 0.544007, -0.000000, -0.544007, 0.839081),
      ["RightUpperArm"] = CFrame.new(0.033271, -0.129483, 0.055835, 0.953178, 0.132686, -0.271746, -0.129711, 0.991129, 0.028965, 0.273178, 0.007639, 0.961933),
      ["RightUpperLeg"] = CFrame.new(0.184868, 0.191273, -0.239531, 0.929897, -0.032532, -0.366380, -0.083606, 0.951314, -0.296667, 0.358193, 0.306501, 0.881904)
    }},
    { Time = 0.383, Data = {
      ["Cock"] = CFrame.new(0.000000, -0.000000, 0.000000, 0.992177, 0.124836, 0.000000, -0.124836, 0.992177, -0.000000, -0.000000, 0.000000, 1.000000),
      ["Head"] = CFrame.new(0.000000, 0.080322, -0.139660, 1.000000, -0.000000, 0.000000, 0.000000, 0.886598, 0.462540, -0.000000, -0.462540, 0.886598),
      ["LeftUpperArm"] = CFrame.new(0.071475, -0.550548, -0.184496, 0.897829, -0.324945, -0.297177, -0.018725, 0.646090, -0.763032, 0.439946, 0.690637, 0.573994),
      ["LeftUpperLeg"] = CFrame.new(-0.182736, 0.194018, -0.237127, 0.929927, 0.033803, 0.366188, 0.077389, 0.955480, -0.284728, -0.359510, 0.293115, 0.885910),
      ["LowerTorso"] = CFrame.new(-0.004074, -0.156366, 1.906066, 1.000000, -0.000000, 0.000000, 0.000000, 0.843410, 0.537271, -0.000000, -0.537271, 0.843410),
      ["RightUpperArm"] = CFrame.new(0.033362, -0.129493, 0.055503, 0.953179, 0.133034, -0.271572, -0.129703, 0.991091, 0.030263, 0.273179, 0.006378, 0.961942),
      ["RightUpperLeg"] = CFrame.new(0.182743, 0.194024, -0.237124, 0.929927, -0.033803, -0.366188, -0.077389, 0.955480, -0.284728, 0.359510, 0.293115, 0.885910)
    }},
    { Time = 0.400, Data = {
      ["Cock"] = CFrame.new(-0.000000, -0.000000, 0.000000, 0.993761, 0.111526, 0.000000, -0.111526, 0.993761, -0.000000, -0.000000, 0.000000, 1.000000),
      ["Head"] = CFrame.new(0.000000, 0.080322, -0.139660, 1.000000, -0.000000, 0.000000, 0.000000, 0.884782, 0.466004, -0.000000, -0.466004, 0.884782),
      ["LeftUpperArm"] = CFrame.new(0.068273, -0.548238, -0.179657, 0.897482, -0.326958, -0.296013, -0.012658, 0.651783, -0.758300, 0.440869, 0.684307, 0.580826),
      ["LeftUpperLeg"] = CFrame.new(-0.180438, 0.196981, -0.234500, 0.929918, 0.035285, 0.366072, 0.070528, 0.959801, -0.271674, -0.360942, 0.278453, 0.890048),
      ["LowerTorso"] = CFrame.new(-0.004074, -0.167533, 1.893078, 1.000000, -0.000000, 0.000000, 0.000000, 0.848060, 0.529900, -0.000000, -0.529900, 0.848060),
      ["RightUpperArm"] = CFrame.new(0.033476, -0.129507, 0.055175, 0.953168, 0.133467, -0.271397, -0.129780, 0.991040, 0.031572, 0.273180, 0.005128, 0.961949),
      ["RightUpperLeg"] = CFrame.new(0.180445, 0.196986, -0.234498, 0.929918, -0.035285, -0.366072, -0.070528, 0.959801, -0.271674, 0.360942, 0.278453, 0.890048)
    }},
    { Time = 0.417, Data = {
      ["Cock"] = CFrame.new(-0.000000, -0.000000, 0.000000, 0.995285, 0.096998, 0.000000, -0.096998, 0.995285, -0.000000, -0.000000, 0.000000, 1.000000),
      ["Head"] = CFrame.new(0.000000, 0.080322, -0.139660, 1.000000, -0.000000, 0.000000, 0.000000, 0.882827, 0.469699, -0.000000, -0.469699, 0.882827),
      ["LeftUpperArm"] = CFrame.new(0.064821, -0.545744, -0.174401, 0.897142, -0.329036, -0.294741, -0.006116, 0.657908, -0.753074, 0.441701, 0.677416, 0.588224),
      ["LeftUpperLeg"] = CFrame.new(-0.177932, 0.200198, -0.231543, 0.929927, 0.036855, 0.365894, 0.063065, 0.964243, -0.257405, -0.362297, 0.262443, 0.894351),
      ["LowerTorso"] = CFrame.new(-0.004074, -0.179570, 1.878958, 1.000000, -0.000000, 0.000000, 0.000000, 0.853016, 0.521885, -0.000000, -0.521885, 0.853016),
      ["RightUpperArm"] = CFrame.new(0.033574, -0.129518, 0.054798, 0.953169, 0.133838, -0.271212, -0.129748, 0.990996, 0.033040, 0.273192, 0.003696, 0.961952),
      ["RightUpperLeg"] = CFrame.new(0.177939, 0.200203, -0.231541, 0.929927, -0.036855, -0.365894, -0.063065, 0.964243, -0.257405, 0.362297, 0.262443, 0.894351)
    }},
    { Time = 0.433, Data = {
      ["Cock"] = CFrame.new(0.000000, -0.000000, 0.000000, 0.996694, 0.081248, 0.000000, -0.081248, 0.996694, -0.000000, -0.000000, 0.000000, 1.000000),
      ["Head"] = CFrame.new(0.000000, 0.080322, -0.139660, 1.000000, -0.000000, 0.000000, 0.000000, 0.880770, 0.473544, -0.000000, -0.473544, 0.880770),
      ["LeftUpperArm"] = CFrame.new(0.061057, -0.543058, -0.168742, 0.896699, -0.331384, -0.293454, 0.001001, 0.664478, -0.747307, 0.442640, 0.669816, 0.596168),
      ["LeftUpperLeg"] = CFrame.new(-0.175227, 0.203689, -0.228275, 0.929917, 0.038510, 0.365748, 0.054995, 0.968760, -0.241825, -0.363635, 0.244991, 0.898749),
      ["LowerTorso"] = CFrame.new(-0.004074, -0.192576, 1.863525, 1.000000, -0.000000, 0.000000, 0.000000, 0.858349, 0.513067, -0.000000, -0.513067, 0.858349),
      ["RightUpperArm"] = CFrame.new(0.033672, -0.129530, 0.054421, 0.953170, 0.134209, -0.271026, -0.129717, 0.990950, 0.034508, 0.273204, 0.002264, 0.961953),
      ["RightUpperLeg"] = CFrame.new(0.175234, 0.203694, -0.228274, 0.929917, -0.038510, -0.365748, -0.054995, 0.968760, -0.241825, 0.363635, 0.244991, 0.898749)
    }},
    { Time = 0.450, Data = {
      ["Cock"] = CFrame.new(-0.000000, -0.000000, 0.000000, 0.997932, 0.064277, 0.000000, -0.064277, 0.997932, -0.000000, -0.000000, 0.000000, 1.000000),
      ["Head"] = CFrame.new(0.000000, 0.080322, -0.139660, 1.000000, -0.000000, 0.000000, 0.000000, 0.878653, 0.477461, -0.000000, -0.477461, 0.878653),
      ["LeftUpperArm"] = CFrame.new(0.057001, -0.540200, -0.162631, 0.896236, -0.333883, -0.292034, 0.008667, 0.671415, -0.741031, 0.443494, 0.661608, 0.604640),
      ["LeftUpperLeg"] = CFrame.new(-0.172316, 0.207444, -0.224675, 0.929883, 0.040352, 0.365634, 0.046246, 0.973256, -0.225022, -0.364936, 0.226153, 0.903148),
      ["LowerTorso"] = CFrame.new(-0.004074, -0.206502, 1.846827, 1.000000, -0.000000, 0.000000, 0.000000, 0.863989, 0.503511, -0.000000, -0.503511, 0.863989),
      ["RightUpperArm"] = CFrame.new(0.033791, -0.129546, 0.054046, 0.953183, 0.134665, -0.270754, -0.129772, 0.990891, 0.035983, 0.273133, 0.000838, 0.961976),
      ["RightUpperLeg"] = CFrame.new(0.172323, 0.207448, -0.224673, 0.929883, -0.040352, -0.365634, -0.046246, 0.973256, -0.225022, 0.364936, 0.226153, 0.903148)
    }},
    { Time = 0.467, Data = {
      ["Cock"] = CFrame.new(0.000000, -0.000000, 0.000000, 0.998946, 0.045911, 0.000000, -0.045911, 0.998946, -0.000000, -0.000000, 0.000000, 1.000000),
      ["Head"] = CFrame.new(0.000000, 0.080322, -0.139660, 1.000000, -0.000000, 0.000000, 0.000000, 0.876432, 0.481526, -0.000000, -0.481526, 0.876432),
      ["LeftUpperArm"] = CFrame.new(0.052631, -0.537142, -0.156086, 0.895729, -0.336585, -0.290484, 0.017000, 0.678809, -0.734118, 0.444276, 0.652632, 0.613751),
      ["LeftUpperLeg"] = CFrame.new(-0.169180, 0.211455, -0.220675, 0.929852, 0.042324, 0.365492, 0.036760, 0.977705, -0.206740, -0.366094, 0.205673, 0.907565),
      ["LowerTorso"] = CFrame.new(-0.004074, -0.221391, 1.828756, 1.000000, -0.000000, 0.000000, 0.000000, 0.869955, 0.493131, -0.000000, -0.493131, 0.869955),
      ["RightUpperArm"] = CFrame.new(0.033895, -0.129560, 0.053625, 0.953184, 0.135060, -0.270555, -0.129716, 0.990837, 0.037621, 0.273157, -0.000764, 0.961969),
      ["RightUpperLeg"] = CFrame.new(0.169187, 0.211459, -0.220674, 0.929852, -0.042324, -0.365492, -0.036760, 0.977705, -0.206740, 0.366094, 0.205673, 0.907565)
    }},
    { Time = 0.483, Data = {
      ["Cock"] = CFrame.new(0.000000, -0.000000, 0.000000, 0.999656, 0.026240, 0.000000, -0.026240, 0.999656, -0.000000, -0.000000, 0.000000, 1.000000),
      ["Head"] = CFrame.new(0.000000, 0.080322, -0.139660, 1.000000, -0.000000, 0.000000, 0.000000, 0.874103, 0.485740, -0.000000, -0.485740, 0.874103),
      ["LeftUpperArm"] = CFrame.new(0.047942, -0.533904, -0.149070, 0.895152, -0.339467, -0.288903, 0.025867, 0.686577, -0.726597, 0.445010, 0.642942, 0.623372),
      ["LeftUpperLeg"] = CFrame.new(-0.165829, 0.215800, -0.216284, 0.929782, 0.044370, 0.365426, 0.026647, 0.981992, -0.187035, -0.367144, 0.183639, 0.911856),
      ["LowerTorso"] = CFrame.new(-0.004074, -0.237237, 1.809280, 1.000000, -0.000000, 0.000000, 0.000000, 0.876217, 0.481917, -0.000000, -0.481917, 0.876217),
      ["RightUpperArm"] = CFrame.new(0.034021, -0.129578, 0.053207, 0.953173, 0.135539, -0.270354, -0.129746, 0.990769, 0.039272, 0.273181, -0.002355, 0.961960),
      ["RightUpperLeg"] = CFrame.new(0.165836, 0.215804, -0.216282, 0.929782, -0.044370, -0.365426, -0.026647, 0.981992, -0.187035, 0.367144, 0.183639, 0.911856)
    }},
    { Time = 0.500, Data = {
      ["Cock"] = CFrame.new(-0.000000, -0.000000, 0.000000, 0.999987, 0.005093, 0.000000, -0.005093, 0.999987, -0.000000, -0.000000, 0.000000, 1.000000),
      ["Head"] = CFrame.new(0.000000, 0.080322, -0.139660, 1.000000, -0.000000, 0.000000, 0.000000, 0.871666, 0.490100, -0.000000, -0.490100, 0.871666),
      ["LeftUpperArm"] = CFrame.new(0.042911, -0.530462, -0.141602, 0.894481, -0.342584, -0.287298, 0.035384, 0.694797, -0.718335, 0.445704, 0.632371, 0.633604),
      ["LeftUpperLeg"] = CFrame.new(-0.162260, 0.220403, -0.211477, 0.929666, 0.046627, 0.365440, 0.015705, 0.986040, -0.165764, -0.368068, 0.159845, 0.915956),
      ["LowerTorso"] = CFrame.new(-0.004074, -0.254030, 1.788368, 1.000000, -0.000000, 0.000000, 0.000000, 0.882743, 0.469856, -0.000000, -0.469856, 0.882743),
      ["RightUpperArm"] = CFrame.new(0.034147, -0.129596, 0.052787, 0.953185, 0.136018, -0.270069, -0.129778, 0.990699, 0.040916, 0.273122, -0.003952, 0.961971),
      ["RightUpperLeg"] = CFrame.new(0.162267, 0.220406, -0.211476, 0.929666, -0.046627, -0.365440, -0.015705, 0.986040, -0.165764, 0.368068, 0.159845, 0.915956)
    }},
    { Time = 0.517, Data = {
      ["Cock"] = CFrame.new(0.000000, -0.000000, 0.000000, 0.999871, -0.016055, 0.000000, 0.016055, 0.999871, 0.000000, 0.000000, 0.000000, 1.000000),
      ["Head"] = CFrame.new(0.000000, 0.080322, -0.139660, 1.000000, -0.000000, 0.000000, 0.000000, 0.869117, 0.494607, -0.000000, -0.494607, 0.869117),
      ["LeftUpperArm"] = CFrame.new(0.037849, -0.527077, -0.134166, 0.893746, -0.345817, -0.285706, 0.044976, 0.702797, -0.709968, 0.446312, 0.621681, 0.643676),
      ["LeftUpperLeg"] = CFrame.new(-0.158698, 0.225004, -0.206524, 0.929537, 0.048903, 0.365471, 0.004761, 0.989492, -0.144510, -0.368698, 0.136067, 0.919537),
      ["LowerTorso"] = CFrame.new(-0.004074, -0.270688, 1.767309, 1.000000, -0.000000, 0.000000, 0.000000, 0.889133, 0.457649, -0.000000, -0.457649, 0.889133),
      ["RightUpperArm"] = CFrame.new(0.034257, -0.129614, 0.052320, 0.953186, 0.136435, -0.269857, -0.129699, 0.990633, 0.042725, 0.273158, -0.005725, 0.961952),
      ["RightUpperLeg"] = CFrame.new(0.158705, 0.225007, -0.206522, 0.929537, -0.048903, -0.365471, -0.004761, 0.989492, -0.144510, 0.368698, 0.136067, 0.919537)
    }},
    { Time = 0.533, Data = {
      ["Cock"] = CFrame.new(0.000000, -0.000000, 0.000000, 0.999358, -0.035818, 0.000000, 0.035818, 0.999358, 0.000000, 0.000000, 0.000000, 1.000000),
      ["Head"] = CFrame.new(0.000000, 0.080322, -0.139660, 1.000000, -0.000000, 0.000000, 0.000000, 0.866454, 0.499257, -0.000000, -0.499257, 0.866454),
      ["LeftUpperArm"] = CFrame.new(0.033147, -0.523948, -0.127249, 0.893082, -0.348750, -0.284215, 0.053912, 0.710146, -0.701988, 0.446652, 0.611610, 0.653020),
      ["LeftUpperLeg"] = CFrame.new(-0.155377, 0.229277, -0.201765, 0.929408, 0.051031, 0.365509, -0.005497, 0.992198, -0.124549, -0.369014, 0.113748, 0.922437),
      ["LowerTorso"] = CFrame.new(-0.004074, -0.286087, 1.747569, 1.000000, -0.000000, 0.000000, 0.000000, 0.894948, 0.446169, -0.000000, -0.446169, 0.894948),
      ["RightUpperArm"] = CFrame.new(0.034389, -0.129635, 0.051857, 0.953174, 0.136937, -0.269642, -0.129705, 0.990552, 0.044546, 0.273194, -0.007486, 0.961930),
      ["RightUpperLeg"] = CFrame.new(0.155384, 0.229279, -0.201763, 0.929408, -0.051031, -0.365509, 0.005497, 0.992198, -0.124549, 0.369014, 0.113748, 0.922437)
    }},
    { Time = 0.550, Data = {
      ["Cock"] = CFrame.new(0.000000, -0.000000, 0.000000, 0.998531, -0.054190, 0.000000, 0.054190, 0.998531, 0.000000, 0.000000, 0.000000, 1.000000),
      ["Head"] = CFrame.new(0.000000, 0.080322, -0.139660, 1.000000, -0.000000, 0.000000, 0.000000, 0.863719, 0.503974, -0.000000, -0.503974, 0.863719),
      ["LeftUpperArm"] = CFrame.new(0.028761, -0.521069, -0.120839, 0.892407, -0.351512, -0.282928, 0.062201, 0.716860, -0.694437, 0.446923, 0.602122, 0.661596),
      ["LeftUpperLeg"] = CFrame.new(-0.152302, 0.233250, -0.197248, 0.929254, 0.053016, 0.365619, -0.015058, 0.994263, -0.105900, -0.369136, 0.092902, 0.924721),
      ["LowerTorso"] = CFrame.new(-0.004074, -0.300284, 1.729138, 1.000000, -0.000000, 0.000000, 0.000000, 0.900222, 0.435431, -0.000000, -0.435431, 0.900222),
      ["RightUpperArm"] = CFrame.new(0.034521, -0.129657, 0.051392, 0.953187, 0.137438, -0.269343, -0.129713, 0.990467, 0.046361, 0.273147, -0.009253, 0.961928),
      ["RightUpperLeg"] = CFrame.new(0.152309, 0.233252, -0.197246, 0.929254, -0.053016, -0.365619, 0.015058, 0.994263, -0.105900, 0.369136, 0.092902, 0.924721)
    }},
    { Time = 0.567, Data = {
      ["Cock"] = CFrame.new(0.000000, -0.000000, 0.000000, 0.997464, -0.071171, 0.000000, 0.071171, 0.997464, 0.000000, 0.000000, 0.000000, 1.000000),
      ["Head"] = CFrame.new(0.000000, 0.080322, -0.139660, 1.000000, -0.000000, 0.000000, 0.000000, 0.861047, 0.508526, -0.000000, -0.508526, 0.861047),
      ["LeftUpperArm"] = CFrame.new(0.024698, -0.518428, -0.114898, 0.891800, -0.354037, -0.281691, 0.069909, 0.722973, -0.687330, 0.446995, 0.593268, 0.669498),
      ["LeftUpperLeg"] = CFrame.new(-0.149445, 0.236946, -0.192937, 0.929115, 0.054851, 0.365701, -0.023923, 0.995782, -0.088575, -0.369017, 0.073547, 0.926508),
