return {
  ["Astros Doggy 3"] = {
    { Time = 0.000, Data = {
      ["Head"] = CFrame.new(-0.000000, 0.000000, 0.000000, 0.702820, -0.020118, 0.711083, 0.562730, 0.627225, -0.538446, -0.435176, 0.778579, 0.452147),
      ["LeftUpperArm"] = CFrame.new(-0.100952, -0.005590, -0.459478, 0.679066, -0.708649, -0.191536, -0.709650, -0.700479, 0.075676, -0.187795, 0.084534, -0.978564),
      ["LeftUpperLeg"] = CFrame.new(-0.033574, -0.030850, -0.111548, 0.944015, 0.327715, 0.037926, -0.055796, 0.271906, -0.960705, -0.325149, 0.904804, 0.274968),
      ["LowerTorso"] = CFrame.new(0.003778, -0.393184, 2.441305, -0.999978, -0.006383, 0.001596, -0.000021, 0.245661, 0.969356, -0.006579, 0.969335, -0.245656),
      ["RightUpperArm"] = CFrame.new(0.098489, 0.066710, -0.337504, 0.554652, 0.818016, 0.152351, 0.831622, -0.538886, -0.134188, -0.027668, 0.201127, -0.979174),
      ["RightUpperLeg"] = CFrame.new(0.016116, 0.009686, -0.037457, 0.954341, -0.293671, -0.054683, 0.021530, 0.250205, -0.967953, 0.297942, 0.922580, 0.245104)
    }},
    { Time = 0.017, Data = {
      ["Head"] = CFrame.new(-0.000000, 0.000000, 0.000000, 0.702820, -0.020118, 0.711083, 0.562730, 0.627225, -0.538446, -0.435176, 0.778579, 0.452147),
      ["LeftUpperArm"] = CFrame.new(-0.100956, -0.005594, -0.459478, 0.679066, -0.708649, -0.191536, -0.709650, -0.700479, 0.075676, -0.187795, 0.084534, -0.978564),
      ["LeftUpperLeg"] = CFrame.new(-0.033574, -0.030850, -0.111548, 0.944015, 0.327715, 0.037926, -0.055796, 0.271906, -0.960705, -0.325149, 0.904804, 0.274968),
      ["LowerTorso"] = CFrame.new(0.003778, -0.393182, 2.441313, -0.999978, -0.006383, 0.001596, -0.000021, 0.245661, 0.969356, -0.006579, 0.969335, -0.245656),
      ["RightUpperArm"] = CFrame.new(0.098492, 0.066709, -0.337504, 0.554652, 0.818016, 0.152351, 0.831622, -0.538886, -0.134188, -0.027668, 0.201127, -0.979174),
      ["RightUpperLeg"] = CFrame.new(0.016116, 0.009686, -0.037457, 0.954341, -0.293671, -0.054683, 0.021530, 0.250205, -0.967953, 0.297942, 0.922580, 0.245104),
      ["x_B1"] = CFrame.new(0.000003, 0.000003, 0.000000, 1.000000, 0.000000, 0.000000, 0.000000, 1.000000, 0.000000, 0.000000, 0.000000, 1.000000),
      ["x_B2"] = CFrame.new(0.000003, 0.000003, 0.000000, 1.000000, 0.000000, 0.000000, 0.000000, 1.000000, 0.000000, 0.000000, 0.000000, 1.000000)
    }},
    { Time = 0.033, Data = {
      ["Head"] = CFrame.new(0.000000, -0.000000, -0.000000, 0.702850, -0.020049, 0.711055, 0.562661, 0.627255, -0.538483, -0.435216, 0.778556, 0.452147),
      ["LeftUpperArm"] = CFrame.new(-0.100988, -0.005625, -0.459474, 0.679066, -0.708649, -0.191536, -0.709650, -0.700479, 0.075676, -0.187795, 0.084534, -0.978564),
      ["LeftUpperLeg"] = CFrame.new(-0.033574, -0.030850, -0.111548, 0.944015, 0.327715, 0.037926, -0.055796, 0.271906, -0.960705, -0.325149, 0.904804, 0.274968),
      ["LowerTorso"] = CFrame.new(0.003778, -0.393167, 2.441370, -0.999978, -0.006383, 0.001596, -0.000021, 0.245661, 0.969356, -0.006579, 0.969335, -0.245656),
      ["RightUpperArm"] = CFrame.new(0.098532, 0.066713, -0.337498, 0.554571, 0.818070, 0.152358, 0.831676, -0.538805, -0.134180, -0.027678, 0.201125, -0.979175),
      ["RightUpperLeg"] = CFrame.new(0.016107, 0.009719, -0.037432, 0.954358, -0.293605, -0.054737, 0.021464, 0.250223, -0.967950, 0.297891, 0.922597, 0.245104),
      ["x_B1"] = CFrame.new(0.000025, 0.000027, 0.000000, 1.000000, 0.000000, 0.000000, 0.000000, 1.000000, 0.000000, 0.000000, 0.000000, 1.000000),
      ["x_B2"] = CFrame.new(0.000025, 0.000027, 0.000000, 1.000000, 0.000000, 0.000000, 0.000000, 1.000000, 0.000000, 0.000000, 0.000000, 1.000000)
    }},
    { Time = 0.050, Data = {
      ["Head"] = CFrame.new(0.000000, 0.000000, -0.000000, 0.702850, -0.020049, 0.711055, 0.562661, 0.627255, -0.538483, -0.435216, 0.778556, 0.452147),
      ["LeftUpperArm"] = CFrame.new(-0.101103, -0.005673, -0.459439, 0.678932, -0.708770, -0.191562, -0.709788, -0.700345, 0.075615, -0.187753, 0.084631, -0.978563),
      ["LeftUpperLeg"] = CFrame.new(-0.033573, -0.030858, -0.111547, 0.944015, 0.327713, 0.037943, -0.055814, 0.272008, -0.960675, -0.325146, 0.904774, 0.275070),
      ["LowerTorso"] = CFrame.new(0.003777, -0.393128, 2.441525, -0.999978, -0.006383, 0.001596, -0.000021, 0.245661, 0.969356, -0.006579, 0.969335, -0.245656),
      ["RightUpperArm"] = CFrame.new(0.098610, 0.066695, -0.337462, 0.554489, 0.818116, 0.152405, 0.831729, -0.538707, -0.134248, -0.027729, 0.201199, -0.979158),
      ["RightUpperLeg"] = CFrame.new(0.016107, 0.009711, -0.037431, 0.954358, -0.293602, -0.054753, 0.021480, 0.250327, -0.967923, 0.297890, 0.922569, 0.245208),
      ["x_B1"] = CFrame.new(0.000085, 0.000093, 0.000000, 1.000000, -0.000259, 0.000000, 0.000259, 1.000000, 0.000000, 0.000000, 0.000000, 1.000000),
      ["x_B2"] = CFrame.new(0.000085, 0.000093, 0.000000, 1.000000, -0.000259, 0.000000, 0.000259, 1.000000, 0.000000, 0.000000, 0.000000, 1.000000)
    }},
    { Time = 0.067, Data = {
      ["Head"] = CFrame.new(-0.000000, 0.000000, 0.000000, 0.702791, -0.019972, 0.711116, 0.562712, 0.627187, -0.538509, -0.435247, 0.778613, 0.452020),
      ["LeftUpperArm"] = CFrame.new(-0.101300, -0.005799, -0.459415, 0.678799, -0.708900, -0.191555, -0.709918, -0.700211, 0.075633, -0.187745, 0.084649, -0.978563),
      ["LeftUpperLeg"] = CFrame.new(-0.033583, -0.030850, -0.111577, 0.943995, 0.327758, 0.038046, -0.055797, 0.272212, -0.960618, -0.325207, 0.904696, 0.275254),
      ["LowerTorso"] = CFrame.new(0.003775, -0.393052, 2.441825, -0.999978, -0.006383, 0.001596, -0.000021, 0.245661, 0.969356, -0.006579, 0.969335, -0.245656),
      ["RightUpperArm"] = CFrame.new(0.098750, 0.066632, -0.337421, 0.554402, 0.818160, 0.152487, 0.831789, -0.538626, -0.134199, -0.027663, 0.201238, -0.979152),
      ["RightUpperLeg"] = CFrame.new(0.016107, 0.009702, -0.037431, 0.954358, -0.293599, -0.054769, 0.021497, 0.250431, -0.967896, 0.297889, 0.922542, 0.245313),
      ["x_B1"] = CFrame.new(0.000202, 0.000219, 0.000000, 1.000000, -0.000604, 0.000000, 0.000604, 1.000000, 0.000000, 0.000000, 0.000000, 1.000000),
      ["x_B2"] = CFrame.new(0.000202, 0.000219, 0.000000, 1.000000, -0.000604, 0.000000, 0.000604, 1.000000, 0.000000, 0.000000, 0.000000, 1.000000)
    }},
    { Time = 0.083, Data = {
      ["Head"] = CFrame.new(-0.000000, -0.000000, 0.000000, 0.702732, -0.019858, 0.711178, 0.562785, 0.627050, -0.538592, -0.435249, 0.778726, 0.451824),
      ["LeftUpperArm"] = CFrame.new(-0.101621, -0.006013, -0.459376, 0.678598, -0.709095, -0.191545, -0.710113, -0.700011, 0.075660, -0.187733, 0.084675, -0.978563),
      ["LeftUpperLeg"] = CFrame.new(-0.033573, -0.030843, -0.111548, 0.944016, 0.327685, 0.038152, -0.055784, 0.272539, -0.960526, -0.325148, 0.904624, 0.275560),
      ["LowerTorso"] = CFrame.new(0.003772, -0.392927, 2.442321, -0.999978, -0.006383, 0.001596, -0.000021, 0.245661, 0.969356, -0.006579, 0.969335, -0.245656),
      ["RightUpperArm"] = CFrame.new(0.099002, 0.066560, -0.337339, 0.554152, 0.818304, 0.152623, 0.831956, -0.538365, -0.134210, -0.027658, 0.201348, -0.979129),
      ["RightUpperLeg"] = CFrame.new(0.016107, 0.009686, -0.037429, 0.954358, -0.293593, -0.054802, 0.021529, 0.250640, -0.967841, 0.297887, 0.922487, 0.245521),
      ["x_B1"] = CFrame.new(0.000394, 0.000428, 0.000000, 0.999999, -0.001295, 0.000000, 0.001295, 0.999999, 0.000000, 0.000000, 0.000000, 1.000000),
      ["x_B2"] = CFrame.new(0.000394, 0.000428, 0.000000, 0.999999, -0.001295, 0.000000, 0.001295, 0.999999, 0.000000, 0.000000, 0.000000, 1.000000)
    }},
    { Time = 0.100, Data = {
      ["Head"] = CFrame.new(0.000000, 0.000000, 0.000000, 0.702703, -0.019676, 0.711212, 0.562789, 0.626944, -0.538711, -0.435290, 0.778816, 0.451628),
      ["LeftUpperArm"] = CFrame.new(-0.102123, -0.006304, -0.459293, 0.678197, -0.709475, -0.191557, -0.710512, -0.699609, 0.075635, -0.187676, 0.084808, -0.978564),
      ["LeftUpperLeg"] = CFrame.new(-0.033583, -0.030853, -0.111575, 0.943997, 0.327726, 0.038291, -0.055802, 0.272947, -0.960409, -0.325203, 0.904486, 0.275948),
      ["LowerTorso"] = CFrame.new(0.003767, -0.392739, 2.443061, -0.999978, -0.006383, 0.001596, -0.000021, 0.245661, 0.969356, -0.006579, 0.969335, -0.245656),
      ["RightUpperArm"] = CFrame.new(0.099384, 0.066465, -0.337212, 0.553739, 0.818548, 0.152812, 0.832229, -0.537926, -0.134281, -0.027714, 0.201531, -0.979090),
      ["RightUpperLeg"] = CFrame.new(0.016108, 0.009721, -0.037435, 0.954356, -0.293568, -0.054970, 0.021459, 0.250970, -0.967757, 0.297898, 0.922405, 0.245814),
      ["x_B1"] = CFrame.new(0.000681, 0.000740, 0.000000, 0.999998, -0.002158, 0.000000, 0.002158, 0.999998, 0.000000, 0.000000, 0.000000, 1.000000),
      ["x_B2"] = CFrame.new(0.000681, 0.000740, 0.000000, 0.999998, -0.002158, 0.000000, 0.002158, 0.999998, 0.000000, 0.000000, 0.000000, 1.000000)
    }},
    { Time = 0.117, Data = {
      ["Head"] = CFrame.new(-0.000000, -0.000000, -0.000000, 0.702614, -0.019416, 0.711306, 0.562843, 0.626770, -0.538857, -0.435363, 0.778963, 0.451305),
      ["LeftUpperArm"] = CFrame.new(-0.102818, -0.006717, -0.459187, 0.677661, -0.709986, -0.191562, -0.711040, -0.699073, 0.075628, -0.187611, 0.084957, -0.978563),
      ["LeftUpperLeg"] = CFrame.new(-0.033572, -0.030864, -0.111542, 0.944017, 0.327649, 0.038433, -0.055824, 0.273477, -0.960257, -0.325138, 0.904354, 0.276458),
      ["LowerTorso"] = CFrame.new(0.003760, -0.392477, 2.444093, -0.999978, -0.006383, 0.001596, -0.000021, 0.245661, 0.969356, -0.006579, 0.969335, -0.245656),
      ["RightUpperArm"] = CFrame.new(0.099904, 0.066310, -0.337045, 0.553239, 0.818836, 0.153083, 0.832562, -0.537405, -0.134304, -0.027705, 0.201753, -0.979045),
      ["RightUpperLeg"] = CFrame.new(0.016108, 0.009680, -0.037433, 0.954356, -0.293553, -0.055051, 0.021541, 0.251491, -0.967620, 0.297893, 0.922268, 0.246335),
      ["x_B1"] = CFrame.new(0.001081, 0.001175, 0.000000, 0.999994, -0.003453, 0.000000, 0.003453, 0.999994, 0.000000, 0.000000, 0.000000, 1.000000),
      ["x_B2"] = CFrame.new(0.001081, 0.001175, 0.000000, 0.999994, -0.003453, 0.000000, 0.003453, 0.999994, 0.000000, 0.000000, 0.000000, 1.000000)
    }},
    { Time = 0.133, Data = {
      ["Head"] = CFrame.new(-0.000000, 0.000000, -0.000000, 0.702466, -0.019079, 0.711461, 0.562948, 0.626527, -0.539030, -0.435466, 0.779166, 0.450854),
      ["LeftUpperArm"] = CFrame.new(-0.103733, -0.007280, -0.459053, 0.676991, -0.710625, -0.191559, -0.711697, -0.698402, 0.075640, -0.187537, 0.085125, -0.978562),
      ["LeftUpperLeg"] = CFrame.new(-0.033582, -0.030849, -0.111572, 0.943999, 0.327664, 0.038762, -0.055795, 0.274313, -0.960020, -0.325197, 0.904095, 0.277234),
      ["LowerTorso"] = CFrame.new(0.003751, -0.392129, 2.445467, -0.999978, -0.006383, 0.001596, -0.000021, 0.245661, 0.969356, -0.006579, 0.969335, -0.245656),
      ["RightUpperArm"] = CFrame.new(0.100597, 0.066099, -0.336831, 0.552570, 0.819220, 0.153443, 0.833008, -0.536720, -0.134269, -0.027640, 0.202013, -0.978993),
      ["RightUpperLeg"] = CFrame.new(0.016109, 0.009691, -0.037437, 0.954354, -0.293519, -0.055267, 0.021520, 0.252133, -0.967453, 0.297901, 0.922104, 0.246941),
      ["x_B1"] = CFrame.new(0.001614, 0.001754, 0.000000, 0.999987, -0.005179, 0.000000, 0.005179, 0.999987, 0.000000, 0.000000, 0.000000, 1.000000),
      ["x_B2"] = CFrame.new(0.001614, 0.001754, 0.000000, 0.999987, -0.005179, 0.000000, 0.005179, 0.999987, 0.000000, 0.000000, 0.000000, 1.000000)
    }},
    { Time = 0.150, Data = {
      ["Head"] = CFrame.new(0.000000, 0.000000, 0.000000, 0.702318, -0.018668, 0.711619, 0.563099, 0.626147, -0.539314, -0.435510, 0.779481, 0.450266),
      ["LeftUpperArm"] = CFrame.new(-0.104909, -0.007996, -0.458888, 0.676119, -0.711459, -0.191547, -0.712548, -0.697530, 0.075678, -0.187451, 0.085319, -0.978562),
      ["LeftUpperLeg"] = CFrame.new(-0.033571, -0.030845, -0.111541, 0.944021, 0.327559, 0.039112, -0.055787, 0.275374, -0.959717, -0.325135, 0.903811, 0.278232),
      ["LowerTorso"] = CFrame.new(0.003739, -0.391682, 2.447231, -0.999978, -0.006383, 0.001596, -0.000021, 0.245661, 0.969356, -0.006579, 0.969335, -0.245656),
      ["RightUpperArm"] = CFrame.new(0.101496, 0.065852, -0.336538, 0.551655, 0.819750, 0.153904, 0.833613, -0.535758, -0.134362, -0.027688, 0.202418, -0.978908),
      ["RightUpperLeg"] = CFrame.new(0.016110, 0.009685, -0.037440, 0.954352, -0.293479, -0.055516, 0.021531, 0.252983, -0.967231, 0.297907, 0.921884, 0.247754),
      ["x_B1"] = CFrame.new(0.002298, 0.002498, 0.000000, 0.999973, -0.007337, 0.000000, 0.007337, 0.999973, 0.000000, 0.000000, 0.000000, 1.000000),
      ["x_B2"] = CFrame.new(0.002298, 0.002498, 0.000000, 0.999973, -0.007337, 0.000000, 0.007337, 0.999973, 0.000000, 0.000000, 0.000000, 1.000000)
    }},
    { Time = 0.167, Data = {
      ["Head"] = CFrame.new(0.000000, 0.000000, -0.000000, 0.702141, -0.018111, 0.711808, 0.563231, 0.625729, -0.539661, -0.435626, 0.779830, 0.449550),
      ["LeftUpperArm"] = CFrame.new(-0.106374, -0.008896, -0.458667, 0.675044, -0.712476, -0.191557, -0.713602, -0.696454, 0.075664, -0.187319, 0.085618, -0.978561),
      ["LeftUpperLeg"] = CFrame.new(-0.033580, -0.030866, -0.111565, 0.944002, 0.327566, 0.039513, -0.055829, 0.276615, -0.959358, -0.325183, 0.903429, 0.279413),
      ["LowerTorso"] = CFrame.new(0.003725, -0.391124, 2.449433, -0.999978, -0.006383, 0.001596, -0.000021, 0.245661, 0.969356, -0.006579, 0.969335, -0.245656),
      ["RightUpperArm"] = CFrame.new(0.102620, 0.065545, -0.336178, 0.550482, 0.820420, 0.154536, 0.834390, -0.534550, -0.134348, -0.027615, 0.202899, -0.978810),
      ["RightUpperLeg"] = CFrame.new(0.016112, 0.009723, -0.037449, 0.954348, -0.293417, -0.055917, 0.021456, 0.254058, -0.966951, 0.297926, 0.921608, 0.248755),
      ["x_B1"] = CFrame.new(0.003153, 0.003426, 0.000000, 0.999949, -0.010100, 0.000000, 0.010100, 0.999949, 0.000000, 0.000000, 0.000000, 1.000000),
      ["x_B2"] = CFrame.new(0.003153, 0.003426, 0.000000, 0.999949, -0.010100, 0.000000, 0.010100, 0.999949, 0.000000, 0.000000, 0.000000, 1.000000)
    }},
    { Time = 0.183, Data = {
      ["Head"] = CFrame.new(0.000000, 0.000000, -0.000000, 0.701904, -0.017476, 0.712058, 0.563414, 0.625242, -0.540034, -0.435771, 0.780235, 0.448706),
      ["LeftUpperArm"] = CFrame.new(-0.108171, -0.009987, -0.458404, 0.673697, -0.713750, -0.191552, -0.714912, -0.695106, 0.075687, -0.187171, 0.085953, -0.978560),
      ["LeftUpperLeg"] = CFrame.new(-0.033569, -0.030846, -0.111535, 0.944025, 0.327432, 0.040072, -0.055790, 0.278203, -0.958901, -0.325123, 0.902991, 0.280898),
      ["LowerTorso"] = CFrame.new(0.003707, -0.390443, 2.452125, -0.999978, -0.006383, 0.001596, -0.000021, 0.245661, 0.969356, -0.006579, 0.969335, -0.245656),
      ["RightUpperArm"] = CFrame.new(0.103980, 0.065147, -0.335747, 0.549144, 0.821187, 0.155221, 0.835272, -0.533160, -0.134393, -0.027604, 0.203453, -0.978696),
      ["RightUpperLeg"] = CFrame.new(0.016105, 0.009718, -0.037424, 0.954363, -0.293297, -0.056283, 0.021466, 0.255340, -0.966613, 0.297876, 0.921291, 0.249983),
      ["x_B1"] = CFrame.new(0.004196, 0.004561, 0.000000, 0.999910, -0.013380, 0.000000, 0.013380, 0.999910, 0.000000, 0.000000, 0.000000, 1.000000),
      ["x_B2"] = CFrame.new(0.004196, 0.004561, 0.000000, 0.999910, -0.013380, 0.000000, 0.013380, 0.999910, 0.000000, 0.000000, 0.000000, 1.000000)
    }},
    { Time = 0.200, Data = {
      ["Head"] = CFrame.new(0.000000, -0.000000, 0.000000, 0.701637, -0.016658, 0.712340, 0.563601, 0.624648, -0.540526, -0.435958, 0.780729, 0.447665),
      ["LeftUpperArm"] = CFrame.new(-0.110323, -0.011294, -0.458077, 0.672077, -0.715272, -0.191568, -0.716487, -0.693485, 0.075667, -0.186972, 0.086402, -0.978558),
      ["LeftUpperLeg"] = CFrame.new(-0.033578, -0.030852, -0.111560, 0.944007, 0.327409, 0.040681, -0.055802, 0.279970, -0.958385, -0.325173, 0.902452, 0.282564),
      ["LowerTorso"] = CFrame.new(0.003686, -0.389624, 2.455351, -0.999978, -0.006383, 0.001596, -0.000021, 0.245661, 0.969356, -0.006579, 0.969335, -0.245656),
      ["RightUpperArm"] = CFrame.new(0.105605, 0.064671, -0.335212, 0.547552, 0.822086, 0.156083, 0.836316, -0.531489, -0.134522, -0.027632, 0.204193, -0.978541),
      ["RightUpperLeg"] = CFrame.new(0.016107, 0.009715, -0.037431, 0.954359, -0.293219, -0.056764, 0.021472, 0.256933, -0.966191, 0.297890, 0.920874, 0.251502),
      ["x_B1"] = CFrame.new(0.005448, 0.005921, 0.000000, 0.999848, -0.017436, 0.000000, 0.017436, 0.999848, 0.000000, 0.000000, 0.000000, 1.000000),
      ["x_B2"] = CFrame.new(0.005448, 0.005921, 0.000000, 0.999848, -0.017436, 0.000000, 0.017436, 0.999848, 0.000000, 0.000000, 0.000000, 1.000000)
    }},
    { Time = 0.217, Data = {
      ["Head"] = CFrame.new(0.000000, 0.000000, 0.000000, 0.701310, -0.015725, 0.712683, 0.563863, 0.623916, -0.541099, -0.436146, 0.781333, 0.446426),
      ["LeftUpperArm"] = CFrame.new(-0.112861, -0.012842, -0.457702, 0.670182, -0.717048, -0.191569, -0.718316, -0.691588, 0.075684, -0.186756, 0.086885, -0.978557),
      ["LeftUpperLeg"] = CFrame.new(-0.033576, -0.030868, -0.111553, 0.944009, 0.327307, 0.041430, -0.055834, 0.282263, -0.957711, -0.325159, 0.901775, 0.284734),
      ["LowerTorso"] = CFrame.new(0.003661, -0.388659, 2.459165, -0.999978, -0.006383, 0.001596, -0.000021, 0.245661, 0.969356, -0.006579, 0.969335, -0.245656),
      ["RightUpperArm"] = CFrame.new(0.107532, 0.064117, -0.334594, 0.545616, 0.823174, 0.157123, 0.837583, -0.529487, -0.134535, -0.027551, 0.205008, -0.978373),
      ["RightUpperLeg"] = CFrame.new(0.016109, 0.009695, -0.037437, 0.954354, -0.293134, -0.057277, 0.021511, 0.258731, -0.965710, 0.297901, 0.920397, 0.253227),
      ["x_B1"] = CFrame.new(0.006927, 0.007528, 0.000000, 0.999754, -0.022183, 0.000000, 0.022183, 0.999754, 0.000000, 0.000000, 0.000000, 1.000000),
      ["x_B2"] = CFrame.new(0.006927, 0.007528, 0.000000, 0.999754, -0.022183, 0.000000, 0.022183, 0.999754, 0.000000, 0.000000, 0.000000, 1.000000)
    }},
    { Time = 0.233, Data = {
      ["Head"] = CFrame.new(0.000000, -0.000000, -0.000000, 0.700924, -0.014677, 0.713085, 0.564198, 0.623046, -0.541752, -0.436333, 0.782048, 0.444988),
      ["LeftUpperArm"] = CFrame.new(-0.115824, -0.014639, -0.457255, 0.667941, -0.719131, -0.191587, -0.720471, -0.689345, 0.075667, -0.186484, 0.087492, -0.978555),
      ["LeftUpperLeg"] = CFrame.new(-0.033574, -0.030842, -0.111552, 0.944013, 0.327181, 0.042334, -0.055784, 0.284776, -0.956970, -0.325158, 0.901030, 0.287083),
      ["LowerTorso"] = CFrame.new(0.003632, -0.387532, 2.463610, -0.999978, -0.006383, 0.001596, -0.000021, 0.245661, 0.969356, -0.006579, 0.969335, -0.245656),
      ["RightUpperArm"] = CFrame.new(0.109782, 0.063478, -0.333871, 0.543346, 0.824454, 0.158271, 0.839055, -0.527117, -0.134663, -0.027596, 0.205967, -0.978170),
      ["RightUpperLeg"] = CFrame.new(0.016112, 0.009712, -0.037449, 0.954347, -0.293022, -0.057958, 0.021480, 0.260855, -0.965139, 0.297925, 0.919833, 0.255240),
      ["x_B1"] = CFrame.new(0.008651, 0.009402, 0.000000, 0.999618, -0.027620, 0.000000, 0.027620, 0.999618, 0.000000, 0.000000, 0.000000, 1.000000),
      ["x_B2"] = CFrame.new(0.008651, 0.009402, -0.000000, 0.999618, -0.027620, 0.000000, 0.027620, 0.999618, 0.000000, 0.000000, 0.000000, 1.000000)
    }},
    { Time = 0.250, Data = {
      ["Head"] = CFrame.new(0.000000, 0.000000, 0.000000, 0.700507, -0.013445, 0.713519, 0.564539, 0.622066, -0.542522, -0.436562, 0.782849, 0.443352),
      ["LeftUpperArm"] = CFrame.new(-0.119241, -0.016711, -0.456752, 0.665350, -0.721529, -0.191587, -0.722941, -0.686752, 0.075696, -0.186190, 0.088142, -0.978553),
      ["LeftUpperLeg"] = CFrame.new(-0.033573, -0.030861, -0.111544, 0.944016, 0.327041, 0.043327, -0.055821, 0.287788, -0.956066, -0.325142, 0.900123, 0.289933),
      ["LowerTorso"] = CFrame.new(0.003598, -0.386232, 2.468738, -0.999978, -0.006383, 0.001596, -0.000021, 0.245661, 0.969356, -0.006579, 0.969335, -0.245656),
      ["RightUpperArm"] = CFrame.new(0.112370, 0.062739, -0.333026, 0.540722, 0.825901, 0.159713, 0.840752, -0.524396, -0.134706, -0.027501, 0.207117, -0.977930),
      ["RightUpperLeg"] = CFrame.new(0.016116, 0.009703, -0.037459, 0.954341, -0.292899, -0.058686, 0.021496, 0.263286, -0.964478, 0.297946, 0.919179, 0.257560),
      ["x_B1"] = CFrame.new(0.010641, 0.011564, 0.000000, 0.999422, -0.034006, 0.000000, 0.034006, 0.999422, 0.000000, 0.000000, 0.000000, 1.000000),
      ["x_B2"] = CFrame.new(0.010641, 0.011564, -0.000000, 0.999422, -0.034006, 0.000000, 0.034006, 0.999422, 0.000000, 0.000000, 0.000000, 1.000000)
    }},
    { Time = 0.267, Data = {
      ["Head"] = CFrame.new(-0.000000, 0.000000, 0.000000, 0.700000, -0.011987, 0.714043, 0.564914, 0.620977, -0.543379, -0.436890, 0.783738, 0.441455),
      ["LeftUpperArm"] = CFrame.new(-0.123136, -0.019084, -0.456177, 0.662423, -0.724233, -0.191527, -0.725733, -0.683804, 0.075658, -0.185761, 0.088880, -0.978567),
      ["LeftUpperLeg"] = CFrame.new(-0.033571, -0.030846, -0.111541, 0.944020, 0.326874, 0.044490, -0.055791, 0.291117, -0.955059, -0.325136, 0.899113, 0.293057),
      ["LowerTorso"] = CFrame.new(0.003560, -0.384747, 2.474599, -0.999978, -0.006383, 0.001596, -0.000021, 0.245661, 0.969356, -0.006579, 0.969335, -0.245656),
      ["RightUpperArm"] = CFrame.new(0.115337, 0.061909, -0.332086, 0.537675, 0.827593, 0.161230, 0.842703, -0.521236, -0.134779, -0.027504, 0.208336, -0.977671),
      ["RightUpperLeg"] = CFrame.new(0.016110, 0.009696, -0.037442, 0.954351, -0.292695, -0.059530, 0.021512, 0.266142, -0.963694, 0.297912, 0.918421, 0.260290),
      ["x_B1"] = CFrame.new(0.012914, 0.014034, 0.000000, 0.999149, -0.041253, 0.000000, 0.041253, 0.999149, 0.000000, 0.000000, 0.000000, 1.000000),
      ["x_B2"] = CFrame.new(0.012914, 0.014034, 0.000000, 0.999149, -0.041253, 0.000000, 0.041253, 0.999149, 0.000000, 0.000000, 0.000000, 1.000000)
    }},
    { Time = 0.283, Data = {
      ["Head"] = CFrame.new(-0.000000, 0.000000, -0.000000, 0.699431, -0.010413, 0.714624, 0.565364, 0.619746, -0.544314, -0.437217, 0.784733, 0.439357),
      ["LeftUpperArm"] = CFrame.new(-0.127548, -0.021761, -0.455509, 0.659051, -0.727295, -0.191557, -0.728903, -0.680427, 0.075631, -0.185346, 0.089782, -0.978563),
      ["LeftUpperLeg"] = CFrame.new(-0.033579, -0.030849, -0.111565, 0.944003, 0.326741, 0.045808, -0.055798, 0.294940, -0.953885, -0.325184, 0.897915, 0.296656),
      ["LowerTorso"] = CFrame.new(0.003516, -0.383064, 2.481240, -0.999978, -0.006383, 0.001596, -0.000021, 0.245661, 0.969356, -0.006579, 0.969335, -0.245656),
      ["RightUpperArm"] = CFrame.new(0.118683, 0.060955, -0.331003, 0.534273, 0.829446, 0.163006, 0.844865, -0.517698, -0.134878, -0.027486, 0.209780, -0.977362),
      ["RightUpperLeg"] = CFrame.new(0.016115, 0.009691, -0.037457, 0.954341, -0.292530, -0.060489, 0.021522, 0.269302, -0.962815, 0.297942, 0.917552, 0.263302),
      ["x_B1"] = CFrame.new(0.015489, 0.016834, 0.000000, 0.998772, -0.049534, 0.000000, 0.049534, 0.998772, 0.000000, 0.000000, 0.000000, 1.000000),
      ["x_B2"] = CFrame.new(0.015489, 0.016834, 0.000000, 0.998772, -0.049534, 0.000000, 0.049534, 0.998772, 0.000000, 0.000000, 0.000000, 1.000000)
    }},
    { Time = 0.300, Data = {
      ["Head"] = CFrame.new(-0.000000, 0.000000, 0.000000, 0.698772, -0.008575, 0.715293, 0.565873, 0.618335, -0.545390, -0.437614, 0.785868, 0.436928),
      ["LeftUpperArm"] = CFrame.new(-0.132358, -0.024692, -0.454793, 0.655383, -0.730597, -0.191575, -0.732312, -0.676755, 0.075641, -0.184912, 0.090719, -0.978559),
      ["LeftUpperLeg"] = CFrame.new(-0.033578, -0.030844, -0.111560, 0.944007, 0.326528, 0.047230, -0.055789, 0.299074, -0.952598, -0.325175, 0.896624, 0.300545),
      ["LowerTorso"] = CFrame.new(0.003469, -0.381225, 2.488497, -0.999978, -0.006383, 0.001596, -0.000021, 0.245661, 0.969356, -0.006579, 0.969335, -0.245656),
      ["RightUpperArm"] = CFrame.new(0.122338, 0.059926, -0.329806, 0.530517, 0.831467, 0.164968, 0.847227, -0.513780, -0.135044, -0.027527, 0.211408, -0.977010),
      ["RightUpperLeg"] = CFrame.new(0.016112, 0.009695, -0.037445, 0.954349, -0.292286, -0.061547, 0.021514, 0.272781, -0.961836, 0.297919, 0.916602, 0.266616),
      ["x_B1"] = CFrame.new(0.018387, 0.019983, 0.000000, 0.998272, -0.058760, 0.000000, 0.058760, 0.998272, 0.000000, 0.000000, 0.000000, 1.000000),
      ["x_B2"] = CFrame.new(0.018387, 0.019983, 0.000000, 0.998272, -0.058760, 0.000000, 0.058760, 0.998272, 0.000000, 0.000000, 0.000000, 1.000000)
    }},
    { Time = 0.317, Data = {
      ["Head"] = CFrame.new(0.000000, 0.000000, 0.000000, 0.698081, -0.006514, 0.715990, 0.566412, 0.616741, -0.546633, -0.438020, 0.787139, 0.434224),
      ["LeftUpperArm"] = CFrame.new(-0.136766, -0.027360, -0.454146, 0.651973, -0.733643, -0.191572, -0.735447, -0.673342, 0.075694, -0.184526, 0.091541, -0.978556),
      ["LeftUpperLeg"] = CFrame.new(-0.033576, -0.030872, -0.111551, 0.944009, 0.326338, 0.048477, -0.055846, 0.302876, -0.951392, -0.325158, 0.895416, 0.304142),
      ["LowerTorso"] = CFrame.new(0.003425, -0.379542, 2.495137, -0.999978, -0.006383, 0.001596, -0.000021, 0.245661, 0.969356, -0.006579, 0.969335, -0.245656),
      ["RightUpperArm"] = CFrame.new(0.125663, 0.058958, -0.328724, 0.527171, 0.833240, 0.166740, 0.849314, -0.510298, -0.135136, -0.027514, 0.212854, -0.976696),
      ["RightUpperLeg"] = CFrame.new(0.016108, 0.009724, -0.037436, 0.954356, -0.292048, -0.062555, 0.021457, 0.275944, -0.960934, 0.297901, 0.915731, 0.269615),
      ["x_B1"] = CFrame.new(0.021625, 0.023502, 0.000000, 0.997610, -0.069103, 0.000000, 0.069103, 0.997610, 0.000000, 0.000000, 0.000000, 1.000000),
      ["x_B2"] = CFrame.new(0.021625, 0.023502, 0.000000, 0.997610, -0.069103, 0.000000, 0.069103, 0.997610, 0.000000, 0.000000, 0.000000, 1.000000)
    }},
    { Time = 0.333, Data = {
      ["Head"] = CFrame.new(0.000000, 0.000000, 0.000000, 0.697267, -0.004255, 0.716799, 0.567080, 0.614933, -0.547977, -0.438452, 0.788568, 0.431185),
      ["LeftUpperArm"] = CFrame.new(-0.140649, -0.029715, -0.453574, 0.648984, -0.736303, -0.191515, -0.738195, -0.670331, 0.075658, -0.184086, 0.092275, -0.978570),
      ["LeftUpperLeg"] = CFrame.new(-0.033575, -0.030865, -0.111550, 0.944011, 0.326155, 0.049653, -0.055831, 0.306269, -0.950306, -0.325155, 0.894328, 0.307331),
      ["LowerTorso"] = CFrame.new(0.003387, -0.378057, 2.500998, -0.999978, -0.006383, 0.001596, -0.000021, 0.245661, 0.969356, -0.006579, 0.969335, -0.245656),
      ["RightUpperArm"] = CFrame.new(0.128615, 0.058138, -0.327772, 0.524071, 0.834873, 0.168335, 0.851232, -0.507091, -0.135141, -0.027465, 0.214116, -0.976422),
      ["RightUpperLeg"] = CFrame.new(0.016112, 0.009684, -0.037446, 0.954348, -0.291904, -0.063343, 0.021537, 0.278758, -0.960120, 0.297920, 0.914924, 0.272319),
      ["x_B1"] = CFrame.new(0.025222, 0.027411, 0.000000, 0.996750, -0.080559, 0.000000, 0.080559, 0.996750, 0.000000, 0.000000, 0.000000, 1.000000),
      ["x_B2"] = CFrame.new(0.025222, 0.027411, 0.000000, 0.996750, -0.080559, 0.000000, 0.080559, 0.996750, 0.000000, 0.000000, 0.000000, 1.000000)
    }},
    { Time = 0.350, Data = {
      ["Head"] = CFrame.new(-0.000000, 0.000000, 0.000000, 0.696359, -0.001767, 0.717691, 0.567786, 0.613008, -0.549401, -0.438980, 0.790075, 0.427877),
      ["LeftUpperArm"] = CFrame.new(-0.144033, -0.031785, -0.453052, 0.646385, -0.738574, -0.191557, -0.740556, -0.667729, 0.075603, -0.183747, 0.092990, -0.978566),
      ["LeftUpperLeg"] = CFrame.new(-0.033585, -0.030856, -0.111578, 0.943992, 0.326048, 0.050706, -0.055814, 0.309236, -0.949346, -0.325212, 0.893346, 0.310114),
      ["LowerTorso"] = CFrame.new(0.003353, -0.376757, 2.506127, -0.999978, -0.006383, 0.001596, -0.000021, 0.245661, 0.969356, -0.006579, 0.969335, -0.245656),
      ["RightUpperArm"] = CFrame.new(0.131176, 0.057393, -0.326936, 0.521479, 0.836219, 0.169700, 0.852822, -0.504396, -0.135203, -0.027463, 0.215229, -0.976177),
      ["RightUpperLeg"] = CFrame.new(0.016107, 0.009710, -0.037433, 0.954357, -0.291705, -0.064119, 0.021484, 0.281177, -0.959415, 0.297895, 0.914247, 0.274610),
      ["x_B1"] = CFrame.new(0.028819, 0.031321, 0.000000, 0.995758, -0.092008, 0.000000, 0.092008, 0.995758, 0.000000, 0.000000, 0.000000, 1.000000),
      ["x_B2"] = CFrame.new(0.028819, 0.031320, 0.000000, 0.995758, -0.092008, 0.000000, 0.092008, 0.995758, 0.000000, 0.000000, 0.000000, 1.000000)
    }},
    { Time = 0.367, Data = {
      ["Head"] = CFrame.new(-0.000000, 0.000000, 0.000000, 0.695418, 0.000986, 0.718605, 0.568548, 0.610824, -0.551042, -0.439484, 0.791766, 0.424218),
      ["LeftUpperArm"] = CFrame.new(-0.146983, -0.033560, -0.452627, 0.644059, -0.740607, -0.191544, -0.742642, -0.665400, 0.075669, -0.183494, 0.093513, -0.978563),
      ["LeftUpperLeg"] = CFrame.new(-0.033574, -0.030863, -0.111546, 0.944014, 0.325853, 0.051553, -0.055828, 0.311799, -0.948507, -0.325148, 0.892525, 0.312535),
      ["LowerTorso"] = CFrame.new(0.003324, -0.375631, 2.510574, -0.999978, -0.006383, 0.001596, -0.000021, 0.245661, 0.969356, -0.006579, 0.969335, -0.245656),
      ["RightUpperArm"] = CFrame.new(0.133407, 0.056771, -0.326202, 0.519140, 0.837423, 0.170928, 0.854248, -0.501964, -0.135254, -0.027465, 0.216231, -0.975956),
      ["RightUpperLeg"] = CFrame.new(0.016111, 0.009720, -0.037446, 0.954349, -0.291578, -0.064810, 0.021466, 0.283370, -0.958770, 0.297922, 0.913610, 0.276693),
      ["x_B1"] = CFrame.new(0.032057, 0.034839, 0.000000, 0.994751, -0.102330, 0.000000, 0.102330, 0.994751, 0.000000, 0.000000, 0.000000, 1.000000),
      ["x_B2"] = CFrame.new(0.032057, 0.034839, 0.000000, 0.994751, -0.102330, 0.000000, 0.102330, 0.994751, 0.000000, 0.000000, 0.000000, 1.000000)
    }},
    { Time = 0.383, Data = {
      ["Head"] = CFrame.new(-0.000000, 0.000000, -0.000000, 0.694381, 0.003971, 0.719596, 0.569352, 0.608520, -0.552759, -0.440083, 0.793529, 0.420284),
      ["LeftUpperArm"] = CFrame.new(-0.149505, -0.035087, -0.452253, 0.642079, -0.742323, -0.191549, -0.744412, -0.663417, 0.075690, -0.183263, 0.093992, -0.978560),
      ["LeftUpperLeg"] = CFrame.new(-0.033573, -0.030868, -0.111544, 0.944015, 0.325735, 0.052278, -0.055839, 0.313942, -0.947799, -0.325143, 0.891817, 0.314555),
      ["LowerTorso"] = CFrame.new(0.003299, -0.374665, 2.514387, -0.999978, -0.006383, 0.001596, -0.000021, 0.245661, 0.969356, -0.006579, 0.969335, -0.245656),
      ["RightUpperArm"] = CFrame.new(0.135319, 0.056232, -0.325595, 0.517148, 0.838456, 0.171898, 0.855454, -0.499899, -0.135275, -0.027490, 0.217008, -0.975783),
      ["RightUpperLeg"] = CFrame.new(0.016114, 0.009702, -0.037454, 0.954343, -0.291483, -0.065318, 0.021503, 0.285136, -0.958246, 0.297936, 0.913091, 0.278385),
      ["x_B1"] = CFrame.new(0.034955, 0.037988, 0.000000, 0.993761, -0.111526, 0.000000, 0.111526, 0.993761, 0.000000, 0.000000, 0.000000, 1.000000),
      ["x_B2"] = CFrame.new(0.034955, 0.037988, 0.000000, 0.993761, -0.111526, 0.000000, 0.111526, 0.993761, 0.000000, 0.000000, 0.000000, 1.000000)
    }},
    { Time = 0.400, Data = {
      ["Head"] = CFrame.new(-0.000000, 0.000000, -0.000000, 0.693372, 0.006776, 0.720548, 0.570154, 0.606316, -0.554351, -0.440636, 0.795195, 0.416539),
      ["LeftUpperArm"] = CFrame.new(-0.151626, -0.036390, -0.451930, 0.640449, -0.743724, -0.191572, -0.745867, -0.661784, 0.075665, -0.183053, 0.094428, -0.978558),
      ["LeftUpperLeg"] = CFrame.new(-0.033573, -0.030848, -0.111547, 0.944015, 0.325625, 0.052949, -0.055798, 0.315784, -0.947189, -0.325149, 0.891206, 0.316274),
      ["LowerTorso"] = CFrame.new(0.003278, -0.373847, 2.517613, -0.999978, -0.006383, 0.001596, -0.000021, 0.245661, 0.969356, -0.006579, 0.969335, -0.245656),
      ["RightUpperArm"] = CFrame.new(0.136931, 0.055767, -0.325078, 0.515498, 0.839303, 0.172724, 0.856449, -0.498186, -0.135296, -0.027506, 0.217674, -0.975634),
      ["RightUpperLeg"] = CFrame.new(0.016117, 0.009700, -0.037463, 0.954338, -0.291393, -0.065794, 0.021507, 0.286696, -0.957780, 0.297954, 0.912631, 0.279872),
      ["x_B1"] = CFrame.new(0.037530, 0.040788, 0.000000, 0.992812, -0.119686, 0.000000, 0.119686, 0.992812, 0.000000, 0.000000, 0.000000, 1.000000),
      ["x_B2"] = CFrame.new(0.037530, 0.040788, 0.000000, 0.992812, -0.119686, 0.000000, 0.119686, 0.992812, 0.000000, 0.000000, 0.000000, 1.000000)
    }},
    { Time = 0.417, Data = {
      ["Head"] = CFrame.new(0.000000, 0.000000, -0.000000, 0.692512, 0.009242, 0.721348, 0.570849, 0.604357, -0.555773, -0.441088, 0.796660, 0.413248),
      ["LeftUpperArm"] = CFrame.new(-0.153409, -0.037459, -0.451669, 0.639027, -0.744946, -0.191571, -0.747124, -0.660361, 0.075691, -0.182892, 0.094758, -0.978556),
      ["LeftUpperLeg"] = CFrame.new(-0.033573, -0.030860, -0.111544, 0.944016, 0.325542, 0.053449, -0.055823, 0.317308, -0.946678, -0.325144, 0.890695, 0.317716),
      ["LowerTorso"] = CFrame.new(0.003260, -0.373165, 2.520303, -0.999978, -0.006383, 0.001596, -0.000021, 0.245661, 0.969356, -0.006579, 0.969335, -0.245656),
      ["RightUpperArm"] = CFrame.new(0.138271, 0.055389, -0.324617, 0.514098, 0.839994, 0.173530, 0.857291, -0.496724, -0.135343, -0.027490, 0.218345, -0.975484),
      ["RightUpperLeg"] = CFrame.new(0.016110, 0.009696, -0.037439, 0.954352, -0.291265, -0.066156, 0.021514, 0.287950, -0.957404, 0.297908, 0.912277, 0.281072),
      ["x_B1"] = CFrame.new(0.039804, 0.043258, 0.000000, 0.991916, -0.126895, 0.000000, 0.126895, 0.991916, 0.000000, 0.000000, 0.000000, 1.000000),
      ["x_B2"] = CFrame.new(0.039804, 0.043258, 0.000000, 0.991916, -0.126895, 0.000000, 0.126895, 0.991916, 0.000000, 0.000000, 0.000000, 1.000000)
    }},
    { Time = 0.433, Data = {
      ["Head"] = CFrame.new(0.000000, 0.000000, 0.000000, 0.691680, 0.011527, 0.722112, 0.571541, 0.602503, -0.557073, -0.441496, 0.798033, 0.410151),
      ["LeftUpperArm"] = CFrame.new(-0.154861, -0.038343, -0.451448, 0.637888, -0.745918, -0.191584, -0.748132, -0.659220, 0.075681, -0.182748, 0.095054, -0.978554),
      ["LeftUpperLeg"] = CFrame.new(-0.033573, -0.030855, -0.111544, 0.944016, 0.325465, 0.053914, -0.055813, 0.318632, -0.946234, -0.325144, 0.890251, 0.318959),
      ["LowerTorso"] = CFrame.new(0.003246, -0.372607, 2.522506, -0.999978, -0.006383, 0.001596, -0.000021, 0.245661, 0.969356, -0.006579, 0.969335, -0.245656),
      ["RightUpperArm"] = CFrame.new(0.139384, 0.055094, -0.324267, 0.512881, 0.840622, 0.174090, 0.858018, -0.495466, -0.135344, -0.027517, 0.218788, -0.975384),
      ["RightUpperLeg"] = CFrame.new(0.016102, 0.009709, -0.037417, 0.954366, -0.291143, -0.066485, 0.021489, 0.288999, -0.957088, 0.297864, 0.911984, 0.282068),
      ["x_B1"] = CFrame.new(0.041793, 0.045420, 0.000000, 0.991084, -0.133242, 0.000000, 0.133242, 0.991084, 0.000000, 0.000000, 0.000000, 1.000000),
      ["x_B2"] = CFrame.new(0.041793, 0.045420, 0.000000, 0.991084, -0.133242, 0.000000, 0.133242, 0.991084, 0.000000, 0.000000, 0.000000, 1.000000)
    }},
    { Time = 0.450, Data = {
      ["Head"] = CFrame.new(0.000000, 0.000000, -0.000000, 0.690969, 0.013580, 0.722757, 0.572085, 0.600928, -0.558215, -0.441906, 0.799187, 0.407454),
      ["LeftUpperArm"] = CFrame.new(-0.156026, -0.039046, -0.451263, 0.636961, -0.746704, -0.191609, -0.748954, -0.658291, 0.075644, -0.182618, 0.095324, -0.978553),
      ["LeftUpperLeg"] = CFrame.new(-0.033583, -0.030857, -0.111573, 0.943996, 0.325463, 0.054275, -0.055818, 0.319638, -0.945894, -0.325202, 0.889890, 0.319904),
      ["LowerTorso"] = CFrame.new(0.003234, -0.372160, 2.524271, -0.999978, -0.006383, 0.001596, -0.000021, 0.245661, 0.969356, -0.006579, 0.969335, -0.245656),
      ["RightUpperArm"] = CFrame.new(0.140260, 0.054832, -0.323993, 0.512010, 0.841067, 0.174507, 0.858538, -0.494564, -0.135348, -0.027532, 0.219121, -0.975309),
      ["RightUpperLeg"] = CFrame.new(0.016104, 0.009704, -0.037422, 0.954364, -0.291096, -0.066731, 0.021499, 0.289828, -0.956837, 0.297872, 0.911736, 0.282860),
      ["x_B1"] = CFrame.new(0.043517, 0.047294, 0.000000, 0.990331, -0.138728, 0.000000, 0.138728, 0.990331, 0.000000, 0.000000, 0.000000, 1.000000),
      ["x_B2"] = CFrame.new(0.043517, 0.047294, 0.000000, 0.990331, -0.138728, 0.000000, 0.138728, 0.990331, 0.000000, 0.000000, 0.000000, 1.000000)
    }},
    { Time = 0.467, Data = {
      ["Head"] = CFrame.new(0.000000, -0.000000, -0.000000, 0.690287, 0.015450, 0.723370, 0.572624, 0.599462, -0.559239, -0.442273, 0.800254, 0.404954),
      ["LeftUpperArm"] = CFrame.new(-0.156933, -0.039595, -0.451140, 0.636265, -0.747317, -0.191531, -0.749583, -0.657576, 0.075622, -0.182460, 0.095453, -0.978569),
      ["LeftUpperLeg"] = CFrame.new(-0.033573, -0.030825, -0.111549, 0.944016, 0.325355, 0.054567, -0.055754, 0.320369, -0.945651, -0.325154, 0.889667, 0.320574),
      ["LowerTorso"] = CFrame.new(0.003225, -0.371811, 2.525644, -0.999978, -0.006383, 0.001596, -0.000021, 0.245661, 0.969356, -0.006579, 0.969335, -0.245656),
      ["RightUpperArm"] = CFrame.new(0.140942, 0.054635, -0.323759, 0.511308, 0.841410, 0.174911, 0.858957, -0.493831, -0.135370, -0.027526, 0.219456, -0.975234),
      ["RightUpperLeg"] = CFrame.new(0.016105, 0.009715, -0.037427, 0.954361, -0.291057, -0.066945, 0.021476, 0.290454, -0.956648, 0.297883, 0.911549, 0.283449),
      ["x_B1"] = CFrame.new(0.044996, 0.048901, 0.000000, 0.989671, -0.143355, 0.000000, 0.143355, 0.989671, 0.000000, 0.000000, 0.000000, 1.000000),
      ["x_B2"] = CFrame.new(0.044996, 0.048901, 0.000000, 0.989671, -0.143355, 0.000000, 0.143355, 0.989671, 0.000000, 0.000000, 0.000000, 1.000000)
    }},
    { Time = 0.483, Data = {
      ["Head"] = CFrame.new(-0.000000, 0.000000, -0.000000, 0.689698, 0.017056, 0.723897, 0.573103, 0.598177, -0.560122, -0.442572, 0.801182, 0.402787),
      ["LeftUpperArm"] = CFrame.new(-0.157622, -0.039999, -0.451034, 0.635693, -0.747801, -0.191538, -0.750086, -0.657003, 0.075617, -0.182387, 0.095601, -0.978568),
      ["LeftUpperLeg"] = CFrame.new(-0.033583, -0.030852, -0.111574, 0.943996, 0.325385, 0.054740, -0.055808, 0.320960, -0.945447, -0.325204, 0.889443, 0.321144),
      ["LowerTorso"] = CFrame.new(0.003218, -0.371550, 2.526676, -0.999978, -0.006383, 0.001596, -0.000021, 0.245661, 0.969356, -0.006579, 0.969335, -0.245656),
      ["RightUpperArm"] = CFrame.new(0.141455, 0.054486, -0.323591, 0.510783, 0.841672, 0.175184, 0.859269, -0.493285, -0.135379, -0.027529, 0.219679, -0.975184),
      ["RightUpperLeg"] = CFrame.new(0.016115, 0.009701, -0.037458, 0.954341, -0.291088, -0.067091, 0.021505, 0.290961, -0.956493, 0.297944, 0.911378, 0.283936),
      ["x_B1"] = CFrame.new(0.046248, 0.050262, 0.000000, 0.989093, -0.147294, 0.000000, 0.147294, 0.989093, 0.000000, 0.000000, 0.000000, 1.000000),
      ["x_B2"] = CFrame.new(0.046248, 0.050261, 0.000000, 0.989093, -0.147294, 0.000000, 0.147294, 0.989093, 0.000000, 0.000000, 0.000000, 1.000000)
    }},
    { Time = 0.500, Data = {
      ["Head"] = CFrame.new(-0.000000, 0.000000, 0.000000, 0.689230, 0.018503, 0.724307, 0.573479, 0.597033, -0.560958, -0.442814, 0.802004, 0.400882),
      ["LeftUpperArm"] = CFrame.new(-0.158105, -0.040303, -0.450974, 0.635336, -0.748110, -0.191520, -0.750394, -0.656646, 0.075662, -0.182365, 0.095644, -0.978568),
      ["LeftUpperLeg"] = CFrame.new(-0.033573, -0.030853, -0.111544, 0.944016, 0.325306, 0.054860, -0.055810, 0.321375, -0.945306, -0.325144, 0.889323, 0.321538),
      ["LowerTorso"] = CFrame.new(0.003213, -0.371363, 2.527416, -0.999978, -0.006383, 0.001596, -0.000021, 0.245661, 0.969356, -0.006579, 0.969335, -0.245656),
      ["RightUpperArm"] = CFrame.new(0.141834, 0.054392, -0.323484, 0.510350, 0.841903, 0.175334, 0.859525, -0.492842, -0.135365, -0.027552, 0.219788, -0.975159),
      ["RightUpperLeg"] = CFrame.new(0.016107, 0.009710, -0.037431, 0.954358, -0.291009, -0.067190, 0.021486, 0.291282, -0.956396, 0.297891, 0.911300, 0.284240),
      ["x_B1"] = CFrame.new(0.047291, 0.051396, 0.000000, 0.988590, -0.150632, 0.000000, 0.150632, 0.988590, 0.000000, 0.000000, 0.000000, 1.000000),
