return {
  ["Astros humping the floor"] = {
    { Time = 0.000, Data = {
      ["Balls"] = CFrame.new(-0.000001, -0.000000, 0.034546, 0.372865, 0.927886, 0.000000, -0.927886, 0.372865, -0.000000, -0.000000, 0.000000, 1.000000),
      ["Cock"] = CFrame.new(0.000000, -0.000000, 0.038330, 0.681009, 0.732275, 0.000000, -0.732275, 0.681009, -0.000000, -0.000000, 0.000000, 1.000000),
      ["Head"] = CFrame.new(0.000000, 0.000000, 0.000000, 1.000000, 0.000000, 0.000000, 0.000000, 0.993800, -0.111183, 0.000000, 0.111183, 0.993800),
      ["LeftUpperArm"] = CFrame.new(-0.000002, -0.147388, -0.264996, 0.987686, -0.000008, 0.156449, 0.154497, 0.157525, -0.975355, -0.024636, 0.987515, 0.155587),
      ["LeftUpperLeg"] = CFrame.new(-0.176801, 0.073762, -1.137717, 0.982167, 0.187329, -0.016004, -0.184122, 0.975585, 0.119724, 0.038041, -0.114642, 0.992678),
      ["LowerTorso"] = CFrame.new(-0.013594, -0.362815, 0.000272, -1.000000, 0.000212, -0.000386, -0.000344, 0.170069, 0.985432, 0.000275, 0.985432, -0.170070),
      ["RightUpperArm"] = CFrame.new(0.000001, -0.147381, -0.264997, 0.995982, 0.000003, -0.089551, -0.088433, 0.157554, -0.983543, 0.014106, 0.987510, 0.156921),
      ["RightUpperLeg"] = CFrame.new(0.116463, 0.080881, -1.116010, 0.978815, -0.203259, 0.024643, 0.199353, 0.973545, 0.111666, -0.046688, -0.104387, 0.993440)
    }},
    { Time = 0.017, Data = {
      ["Balls"] = CFrame.new(-0.000002, -0.000001, 0.034546, 0.352890, 0.935665, 0.000000, -0.935665, 0.352890, -0.000000, -0.000000, 0.000000, 1.000000),
      ["Cock"] = CFrame.new(0.000205, -0.000095, 0.038330, 0.681767, 0.731569, 0.000000, -0.731569, 0.681767, -0.000000, -0.000000, 0.000000, 1.000000),
      ["Head"] = CFrame.new(0.000000, -0.000000, -0.000000, 1.000000, 0.000000, 0.000000, 0.000000, 0.992635, -0.121145, 0.000000, 0.121145, 0.992635),
      ["LeftUpperArm"] = CFrame.new(0.000022, -0.147536, -0.265047, 0.987657, 0.000083, 0.156634, 0.154680, 0.156958, -0.975417, -0.024666, 0.987605, 0.155008),
      ["LeftUpperLeg"] = CFrame.new(-0.176800, 0.074129, -1.138642, 0.982169, 0.187320, -0.015967, -0.184137, 0.975645, 0.119203, 0.037907, -0.114137, 0.992742),
      ["LowerTorso"] = CFrame.new(-0.013594, -0.361805, 0.000225, -1.000000, 0.000212, -0.000386, -0.000344, 0.169513, 0.985528, 0.000274, 0.985528, -0.169513),
      ["RightUpperArm"] = CFrame.new(-0.000005, -0.147557, -0.265044, 0.995971, -0.000018, -0.089672, -0.088559, 0.156877, -0.983640, 0.014085, 0.987618, 0.156244),
      ["RightUpperLeg"] = CFrame.new(0.116471, 0.081195, -1.116950, 0.978800, -0.203333, 0.024606, 0.199455, 0.973583, 0.111145, -0.046555, -0.103881, 0.993500)
    }},
    { Time = 0.033, Data = {
      ["Balls"] = CFrame.new(-0.000002, -0.000001, 0.034546, 0.333001, 0.942927, 0.000000, -0.942927, 0.333001, -0.000000, -0.000000, 0.000000, 1.000000),
      ["Cock"] = CFrame.new(0.000819, -0.000381, 0.038330, 0.684104, 0.729384, 0.000000, -0.729384, 0.684104, -0.000000, -0.000000, 0.000000, 1.000000),
      ["Head"] = CFrame.new(0.000000, 0.000000, -0.000000, 1.000000, 0.000000, 0.000000, 0.000000, 0.991381, -0.131013, 0.000000, 0.131013, 0.991381),
      ["LeftUpperArm"] = CFrame.new(0.000091, -0.148063, -0.265188, 0.987617, 0.000348, 0.156885, 0.154937, 0.154937, -0.975699, -0.024647, 0.987924, 0.152964),
      ["LeftUpperLeg"] = CFrame.new(-0.176803, 0.075184, -1.141401, 0.982160, 0.187377, -0.015851, -0.184267, 0.975811, 0.117641, 0.037511, -0.112621, 0.992930),
      ["LowerTorso"] = CFrame.new(-0.013595, -0.358887, 0.000105, -1.000000, 0.000212, -0.000386, -0.000344, 0.167955, 0.985795, 0.000274, 0.985795, -0.167955),
      ["RightUpperArm"] = CFrame.new(-0.000052, -0.148056, -0.265190, 0.995938, -0.000198, -0.090046, -0.088927, 0.154963, -0.983910, 0.014149, 0.987920, 0.154315),
      ["RightUpperLeg"] = CFrame.new(0.116467, 0.082263, -1.119764, 0.978810, -0.203301, 0.024499, 0.199504, 0.973741, 0.109666, -0.046151, -0.102454, 0.993667)
    }},
    { Time = 0.050, Data = {
      ["Balls"] = CFrame.new(-0.000002, -0.000000, 0.034546, 0.313417, 0.949615, 0.000000, -0.949615, 0.313417, -0.000000, -0.000000, 0.000000, 1.000000),
      ["Cock"] = CFrame.new(0.001834, -0.000853, 0.038330, 0.687935, 0.725772, 0.000000, -0.725772, 0.687935, -0.000000, -0.000000, 0.000000, 1.000000),
      ["Head"] = CFrame.new(0.000000, 0.000000, 0.000000, 1.000000, 0.000000, 0.000000, 0.000000, 0.990065, -0.140613, 0.000000, 0.140613, 0.990065),
      ["LeftUpperArm"] = CFrame.new(0.000215, -0.148914, -0.265428, 0.987537, 0.000816, 0.157385, 0.155442, 0.151671, -0.976132, -0.024667, 0.988431, 0.149654),
      ["LeftUpperLeg"] = CFrame.new(-0.176804, 0.076959, -1.145967, 0.982155, 0.187418, -0.015653, -0.184425, 0.976081, 0.115122, 0.036855, -0.110181, 0.993228),
      ["LowerTorso"] = CFrame.new(-0.013595, -0.354074, -0.000086, -1.000000, 0.000213, -0.000385, -0.000345, 0.165392, 0.986228, 0.000274, 0.986228, -0.165392),
      ["RightUpperArm"] = CFrame.new(-0.000112, -0.148939, -0.265424, 0.995882, -0.000428, -0.090661, -0.089549, 0.151576, -0.984381, 0.014164, 0.988446, 0.150913),
      ["RightUpperLeg"] = CFrame.new(0.116470, 0.083988, -1.124419, 0.978807, -0.203335, 0.024313, 0.199668, 0.973979, 0.107229, -0.045484, -0.100102, 0.993937)
    }},
    { Time = 0.067, Data = {
      ["Balls"] = CFrame.new(-0.000002, -0.000000, 0.034546, 0.294371, 0.955691, 0.000000, -0.955691, 0.294371, -0.000000, -0.000000, 0.000000, 1.000000),
      ["Cock"] = CFrame.new(0.003239, -0.001506, 0.038330, 0.693164, 0.720780, 0.000000, -0.720780, 0.693164, -0.000000, -0.000000, 0.000000, 1.000000),
      ["Head"] = CFrame.new(0.000000, 0.000000, 0.000000, 1.000000, 0.000000, 0.000000, 0.000000, 0.988694, -0.149947, 0.000000, 0.149947, 0.988694),
      ["LeftUpperArm"] = CFrame.new(0.000392, -0.150091, -0.265764, 0.987417, 0.001489, 0.158133, 0.156195, 0.147155, -0.976703, -0.024725, 0.989112, 0.145071),
      ["LeftUpperLeg"] = CFrame.new(-0.176801, 0.079434, -1.152293, 0.982155, 0.187443, -0.015373, -0.184607, 0.976451, 0.111645, 0.035938, -0.106815, 0.993629),
      ["LowerTorso"] = CFrame.new(-0.013596, -0.347388, -0.000342, -1.000000, 0.000214, -0.000385, -0.000345, 0.161819, 0.986820, 0.000273, 0.986820, -0.161819),
      ["RightUpperArm"] = CFrame.new(-0.000182, -0.150120, -0.265759, 0.995803, -0.000695, -0.091519, -0.090422, 0.147046, -0.984988, 0.014142, 0.989130, 0.146366),
      ["RightUpperLeg"] = CFrame.new(0.116470, 0.086392, -1.130913, 0.978814, -0.203344, 0.023967, 0.199866, 0.974307, 0.103826, -0.044464, -0.096836, 0.994307)
    }},
    { Time = 0.083, Data = {
      ["Balls"] = CFrame.new(-0.000002, -0.000000, 0.034546, 0.276000, 0.961158, 0.000000, -0.961158, 0.276000, -0.000000, -0.000000, 0.000000, 1.000000),
      ["Cock"] = CFrame.new(0.005019, -0.002334, 0.038330, 0.699755, 0.714383, 0.000000, -0.714383, 0.699755, -0.000000, -0.000000, 0.000000, 1.000000),
      ["Head"] = CFrame.new(0.000000, -0.000000, -0.000000, 1.000000, 0.000000, 0.000000, 0.000000, 0.987317, -0.158758, 0.000000, 0.158758, 0.987317),
      ["LeftUpperArm"] = CFrame.new(0.000610, -0.151597, -0.266196, 0.987266, 0.002316, 0.159062, 0.157142, 0.141378, -0.977404, -0.024752, 0.989953, 0.139214),
      ["LeftUpperLeg"] = CFrame.new(-0.176796, 0.082583, -1.160315, 0.982159, 0.187454, -0.015011, -0.184813, 0.976908, 0.107210, 0.034762, -0.102523, 0.994123),
      ["LowerTorso"] = CFrame.new(-0.013597, -0.338966, -0.000640, -1.000000, 0.000214, -0.000384, -0.000346, 0.157342, 0.987544, 0.000272, 0.987544, -0.157343),
      ["RightUpperArm"] = CFrame.new(-0.000296, -0.151629, -0.266191, 0.995700, -0.001129, -0.092626, -0.091538, 0.141256, -0.985732, 0.014197, 0.989972, 0.140545),
      ["RightUpperLeg"] = CFrame.new(0.116469, 0.089453, -1.139090, 0.978823, -0.203341, 0.023624, 0.200084, 0.974708, 0.099557, -0.043271, -0.092722, 0.994751)
    }},
    { Time = 0.100, Data = {
      ["Balls"] = CFrame.new(-0.000002, -0.000000, 0.034546, 0.258654, 0.965970, 0.000000, -0.965970, 0.258654, -0.000000, -0.000000, 0.000000, 1.000000),
      ["Cock"] = CFrame.new(0.007155, -0.003327, 0.038330, 0.707596, 0.706617, 0.000000, -0.706617, 0.707596, -0.000000, -0.000000, 0.000000, 1.000000),
      ["Head"] = CFrame.new(0.000000, 0.000000, 0.000000, 1.000000, 0.000000, 0.000000, 0.000000, 0.985934, -0.167133, 0.000000, 0.167133, 0.985934),
      ["LeftUpperArm"] = CFrame.new(0.000851, -0.153405, -0.266726, 0.987094, 0.003235, 0.160107, 0.158225, 0.134441, -0.978208, -0.024689, 0.990917, 0.132194),
      ["LeftUpperLeg"] = CFrame.new(-0.176797, 0.086330, -1.169902, 0.982148, 0.187541, -0.014641, -0.185119, 0.977418, 0.101910, 0.033422, -0.097380, 0.994686),
      ["LowerTorso"] = CFrame.new(-0.013598, -0.328845, -0.000973, -1.000000, 0.000216, -0.000384, -0.000347, 0.151955, 0.988387, 0.000271, 0.988387, -0.151955),
      ["RightUpperArm"] = CFrame.new(-0.000422, -0.153442, -0.266720, 0.995573, -0.001609, -0.093973, -0.092907, 0.134302, -0.986576, 0.014208, 0.990939, 0.133558),
      ["RightUpperLeg"] = CFrame.new(0.116466, 0.093135, -1.148915, 0.978837, -0.203322, 0.023207, 0.200326, 0.975178, 0.094328, -0.041809, -0.087683, 0.995271)
    }},
    { Time = 0.117, Data = {
      ["Balls"] = CFrame.new(-0.000002, -0.000000, 0.034546, 0.242591, 0.970129, 0.000000, -0.970129, 0.242591, -0.000000, -0.000000, 0.000000, 1.000000),
      ["Cock"] = CFrame.new(0.009623, -0.004475, 0.038330, 0.716505, 0.697582, 0.000000, -0.697582, 0.716505, -0.000000, -0.000000, 0.000000, 1.000000),
      ["Head"] = CFrame.new(0.000000, 0.000000, 0.000000, 1.000000, 0.000000, 0.000000, 0.000000, 0.984601, -0.174816, 0.000000, 0.174816, 0.984601),
      ["LeftUpperArm"] = CFrame.new(0.001163, -0.155487, -0.267356, 0.986890, 0.004418, 0.161337, 0.159492, 0.126452, -0.979067, -0.024727, 0.991963, 0.124090),
      ["LeftUpperLeg"] = CFrame.new(-0.176788, 0.090716, -1.181048, 0.982158, 0.187529, -0.014099, -0.185360, 0.977997, 0.095726, 0.031740, -0.091405, 0.995308),
      ["LowerTorso"] = CFrame.new(-0.013599, -0.317182, -0.001315, -1.000000, 0.000217, -0.000383, -0.000347, 0.145761, 0.989320, 0.000270, 0.989320, -0.145761),
      ["RightUpperArm"] = CFrame.new(-0.000577, -0.155530, -0.267348, 0.995427, -0.002198, -0.095503, -0.094462, 0.126288, -0.987486, 0.014231, 0.991991, 0.125503),
      ["RightUpperLeg"] = CFrame.new(0.116470, 0.097358, -1.160273, 0.978838, -0.203376, 0.022684, 0.200668, 0.975663, 0.088395, -0.040110, -0.081973, 0.995827)
    }},
    { Time = 0.133, Data = {
      ["Balls"] = CFrame.new(-0.000002, -0.000000, 0.034546, 0.227751, 0.973719, 0.000000, -0.973719, 0.227751, -0.000000, -0.000000, 0.000000, 1.000000),
      ["Cock"] = CFrame.new(0.012396, -0.005764, 0.038330, 0.726427, 0.687244, 0.000000, -0.687244, 0.726427, -0.000000, -0.000000, 0.000000, 1.000000),
      ["Head"] = CFrame.new(0.000000, 0.000000, 0.000000, 1.000000, 0.000000, 0.000000, 0.000000, 0.983334, -0.181809, 0.000000, 0.181809, 0.983334),
      ["LeftUpperArm"] = CFrame.new(0.001511, -0.157819, -0.268085, 0.986652, 0.005740, 0.162741, 0.160951, 0.117503, -0.979943, -0.024747, 0.993056, 0.115011),
      ["LeftUpperLeg"] = CFrame.new(-0.176786, 0.095615, -1.193502, 0.982151, 0.187601, -0.013626, -0.185690, 0.978590, 0.088769, 0.029988, -0.084655, 0.995959),
      ["LowerTorso"] = CFrame.new(-0.013600, -0.303914, -0.001676, -1.000000, 0.000218, -0.000382, -0.000348, 0.138637, 0.990343, 0.000269, 0.990343, -0.138637),
      ["RightUpperArm"] = CFrame.new(-0.000746, -0.157899, -0.268072, 0.995266, -0.002844, -0.097149, -0.096148, 0.117201, -0.988443, 0.014197, 0.993104, 0.116373),
      ["RightUpperLeg"] = CFrame.new(0.116466, 0.102162, -1.173014, 0.978858, -0.203338, 0.022160, 0.200936, 0.976193, 0.081680, -0.038241, -0.075500, 0.996412)
    }},
    { Time = 0.150, Data = {
      ["Balls"] = CFrame.new(-0.000002, -0.000000, 0.034546, 0.214608, 0.976700, 0.000000, -0.976700, 0.214608, -0.000000, -0.000000, 0.000000, 1.000000),
      ["Cock"] = CFrame.new(0.015443, -0.007181, 0.038330, 0.737111, 0.675771, 0.000000, -0.675771, 0.737111, -0.000000, -0.000000, 0.000000, 1.000000),
      ["Head"] = CFrame.new(0.000000, 0.000000, 0.000000, 1.000000, 0.000000, 0.000000, 0.000000, 0.982164, -0.188028, 0.000000, 0.188028, 0.982164),
      ["LeftUpperArm"] = CFrame.new(0.001896, -0.160373, -0.268913, 0.986401, 0.007202, 0.164197, 0.162481, 0.107704, -0.980816, -0.024749, 0.994157, 0.105069),
      ["LeftUpperLeg"] = CFrame.new(-0.176791, 0.100970, -1.207216, 0.982130, 0.187754, -0.013036, -0.186110, 0.979168, 0.081193, 0.028009, -0.077316, 0.996613),
      ["LowerTorso"] = CFrame.new(-0.013602, -0.289438, -0.001998, -1.000000, 0.000220, -0.000381, -0.000349, 0.130916, 0.991393, 0.000268, 0.991393, -0.130916),
      ["RightUpperArm"] = CFrame.new(-0.000943, -0.160493, -0.268895, 0.995071, -0.003593, -0.099096, -0.098142, 0.107250, -0.989376, 0.014183, 0.994226, 0.106368),
      ["RightUpperLeg"] = CFrame.new(0.116469, 0.107407, -1.187045, 0.978864, -0.203378, 0.021531, 0.201297, 0.976711, 0.074259, -0.036132, -0.068355, 0.997007)
    }},
    { Time = 0.167, Data = {
      ["Balls"] = CFrame.new(-0.000001, -0.000000, 0.034546, 0.203207, 0.979136, 0.000000, -0.979136, 0.203207, -0.000000, -0.000000, 0.000000, 1.000000),
      ["Cock"] = CFrame.new(0.018732, -0.008711, 0.038330, 0.748441, 0.663201, 0.000000, -0.663201, 0.748441, -0.000000, -0.000000, 0.000000, 1.000000),
      ["Head"] = CFrame.new(0.000000, 0.000000, 0.000000, 1.000000, 0.000000, 0.000000, 0.000000, 0.981122, -0.193392, 0.000000, 0.193392, 0.981122),
      ["LeftUpperArm"] = CFrame.new(0.002303, -0.163154, -0.269834, 0.986127, 0.008746, 0.165759, 0.164146, 0.097033, -0.981652, -0.024670, 0.995243, 0.094251),
      ["LeftUpperLeg"] = CFrame.new(-0.176786, 0.106807, -1.222055, 0.982126, 0.187818, -0.012335, -0.186447, 0.979750, 0.072997, 0.025795, -0.069392, 0.997256),
      ["LowerTorso"] = CFrame.new(-0.013603, -0.273823, -0.002276, -1.000000, 0.000221, -0.000381, -0.000351, 0.122588, 0.992458, 0.000266, 0.992458, -0.122588),
      ["RightUpperArm"] = CFrame.new(-0.001155, -0.163283, -0.269814, 0.994873, -0.004399, -0.101037, -0.100143, 0.096546, -0.990278, 0.014111, 0.995319, 0.095611),
      ["RightUpperLeg"] = CFrame.new(0.116472, 0.113084, -1.202173, 0.978870, -0.203416, 0.020870, 0.201657, 0.977209, 0.066312, -0.033883, -0.060702, 0.997581)
    }},
    { Time = 0.183, Data = {
      ["Balls"] = CFrame.new(-0.000001, -0.000000, 0.034546, 0.193698, 0.981061, 0.000000, -0.981061, 0.193698, -0.000000, -0.000000, 0.000000, 1.000000),
      ["Cock"] = CFrame.new(0.022226, -0.010335, 0.038330, 0.760299, 0.649574, 0.000000, -0.649574, 0.760299, -0.000000, -0.000000, 0.000000, 1.000000),
      ["Head"] = CFrame.new(0.000000, -0.000000, 0.000000, 1.000000, 0.000000, 0.000000, 0.000000, 0.980222, -0.197900, 0.000000, 0.197900, 0.980222),
      ["LeftUpperArm"] = CFrame.new(0.002761, -0.166134, -0.270844, 0.985828, 0.010488, 0.167431, 0.165940, 0.085600, -0.982414, -0.024636, 0.996274, 0.082646),
      ["LeftUpperLeg"] = CFrame.new(-0.176783, 0.113024, -1.237776, 0.982121, 0.187888, -0.011684, -0.186774, 0.980298, 0.064281, 0.023532, -0.060950, 0.997863),
      ["LowerTorso"] = CFrame.new(-0.013605, -0.257253, -0.002491, -1.000000, 0.000223, -0.000380, -0.000352, 0.113761, 0.993508, 0.000265, 0.993508, -0.113761),
      ["RightUpperArm"] = CFrame.new(-0.001396, -0.166274, -0.270821, 0.994651, -0.005319, -0.103154, -0.102331, 0.085073, -0.991106, 0.014048, 0.996361, 0.084074),
      ["RightUpperLeg"] = CFrame.new(0.116475, 0.119127, -1.218250, 0.978876, -0.203454, 0.020186, 0.202014, 0.977678, 0.057753, -0.031485, -0.052455, 0.998127)
    }},
    { Time = 0.200, Data = {
      ["Balls"] = CFrame.new(-0.000001, -0.000000, 0.034546, 0.186117, 0.982528, 0.000000, -0.982528, 0.186117, -0.000000, -0.000000, 0.000000, 1.000000),
      ["Cock"] = CFrame.new(0.025887, -0.012038, 0.038330, 0.772395, 0.635143, 0.000000, -0.635143, 0.772395, -0.000000, -0.000000, 0.000000, 1.000000),
      ["Head"] = CFrame.new(0.000000, -0.000000, 0.000000, 1.000000, 0.000000, 0.000000, 0.000000, 0.979512, -0.201386, 0.000000, 0.201386, 0.979512),
      ["LeftUpperArm"] = CFrame.new(0.003217, -0.169227, -0.271943, 0.985516, 0.012222, 0.169143, 0.167806, 0.073734, -0.983059, -0.024487, 0.997203, 0.070615),
      ["LeftUpperLeg"] = CFrame.new(-0.176787, 0.119507, -1.254257, 0.982098, 0.188048, -0.010986, -0.187178, 0.980778, 0.055125, 0.021141, -0.052082, 0.998419),
      ["LowerTorso"] = CFrame.new(-0.013607, -0.239806, -0.002641, -1.000000, 0.000225, -0.000378, -0.000353, 0.104428, 0.994533, 0.000263, 0.994533, -0.104428),
      ["RightUpperArm"] = CFrame.new(-0.001649, -0.169377, -0.271917, 0.994412, -0.006282, -0.105383, -0.104645, 0.073169, -0.991814, 0.013941, 0.997300, 0.072103),
      ["RightUpperLeg"] = CFrame.new(0.116479, 0.125472, -1.235095, 0.978882, -0.203498, 0.019442, 0.202361, 0.978088, 0.048924, -0.028972, -0.043956, 0.998613)
    }},
    { Time = 0.217, Data = {
      ["Balls"] = CFrame.new(-0.000001, -0.000000, 0.034546, 0.180712, 0.983536, 0.000000, -0.983536, 0.180712, -0.000000, -0.000000, 0.000000, 1.000000),
      ["Cock"] = CFrame.new(0.029675, -0.013799, 0.038330, 0.784688, 0.619891, 0.000000, -0.619891, 0.784688, -0.000000, -0.000000, 0.000000, 1.000000),
      ["Head"] = CFrame.new(0.000000, 0.000000, 0.000000, 1.000000, 0.000000, 0.000000, 0.000000, 0.978984, -0.203935, 0.000000, 0.203935, 0.978984),
      ["LeftUpperArm"] = CFrame.new(0.003720, -0.172432, -0.273120, 0.985177, 0.014133, 0.170960, 0.169799, 0.061439, -0.983562, -0.024404, 0.998011, 0.058128),
      ["LeftUpperLeg"] = CFrame.new(-0.176784, 0.126271, -1.271330, 0.982091, 0.188129, -0.010239, -0.187484, 0.981208, 0.045614, 0.018628, -0.042877, 0.998907),
      ["LowerTorso"] = CFrame.new(-0.013608, -0.221798, -0.002697, -1.000000, 0.000226, -0.000377, -0.000354, 0.094813, 0.995495, 0.000261, 0.995495, -0.094813),
      ["RightUpperArm"] = CFrame.new(-0.001933, -0.172624, -0.273089, 0.994160, -0.007360, -0.107664, -0.107024, 0.060715, -0.992401, 0.013841, 0.998128, 0.059573),
      ["RightUpperLeg"] = CFrame.new(0.116484, 0.132049, -1.252546, 0.978888, -0.203545, 0.018658, 0.202696, 0.978438, 0.039654, -0.026327, -0.035035, 0.999039)
    }},
    { Time = 0.233, Data = {
      ["Balls"] = CFrame.new(-0.000001, -0.000000, 0.034546, 0.177393, 0.984140, 0.000000, -0.984140, 0.177393, -0.000000, -0.000000, 0.000000, 1.000000),
      ["Cock"] = CFrame.new(0.033548, -0.015600, 0.038330, 0.796915, 0.604092, 0.000000, -0.604092, 0.796915, -0.000000, -0.000000, 0.000000, 1.000000),
      ["Head"] = CFrame.new(0.000000, 0.000000, 0.000000, 1.000000, 0.000000, 0.000000, 0.000000, 0.978665, -0.205464, 0.000000, 0.205464, 0.978665),
      ["LeftUpperArm"] = CFrame.new(0.004237, -0.175719, -0.274364, 0.984833, 0.016094, 0.172757, 0.171800, 0.048825, -0.983921, -0.024270, 0.998678, 0.045319),
      ["LeftUpperLeg"] = CFrame.new(-0.176789, 0.133158, -1.288767, 0.982065, 0.188305, -0.009507, -0.187857, 0.981539, 0.035927, 0.016097, -0.033497, 0.999309),
      ["LowerTorso"] = CFrame.new(-0.013610, -0.203315, -0.002665, -1.000000, 0.000228, -0.000376, -0.000356, 0.084914, 0.996388, 0.000259, 0.996388, -0.084914),
      ["RightUpperArm"] = CFrame.new(-0.002210, -0.175924, -0.274330, 0.993897, -0.008415, -0.109995, -0.109470, 0.048052, -0.992828, 0.013641, 0.998809, 0.046838),
      ["RightUpperLeg"] = CFrame.new(0.116490, 0.138787, -1.270366, 0.978890, -0.203604, 0.017883, 0.203013, 0.978707, 0.030296, -0.023671, -0.026026, 0.999381)
    }},
    { Time = 0.250, Data = {
      ["Balls"] = CFrame.new(0.000000, 0.000000, 0.034546, 0.176286, 0.984339, 0.000000, -0.984339, 0.176286, -0.000000, -0.000000, 0.000000, 1.000000),
      ["Cock"] = CFrame.new(0.037464, -0.017421, 0.038330, 0.808944, 0.587886, 0.000000, -0.587886, 0.808944, -0.000000, -0.000000, 0.000000, 1.000000),
      ["Head"] = CFrame.new(0.000000, 0.000000, 0.000000, 1.000000, 0.000000, 0.000000, 0.000000, 0.978558, -0.205973, 0.000000, 0.205973, 0.978558),
      ["LeftUpperArm"] = CFrame.new(0.004745, -0.179029, -0.275668, 0.984497, 0.018026, 0.174474, 0.173747, 0.036126, -0.984127, -0.024043, 0.999185, 0.032434),
      ["LeftUpperLeg"] = CFrame.new(-0.176789, 0.140175, -1.306394, 0.982052, 0.188407, -0.008795, -0.188125, 0.981799, 0.026066, 0.013546, -0.023944, 0.999622),
      ["LowerTorso"] = CFrame.new(-0.013612, -0.184684, -0.002527, -1.000000, 0.000230, -0.000375, -0.000357, 0.074961, 0.997187, 0.000258, 0.997187, -0.074961),
      ["RightUpperArm"] = CFrame.new(-0.002514, -0.179277, -0.275628, 0.993633, -0.009574, -0.112254, -0.111855, 0.035190, -0.993101, 0.013458, 0.999335, 0.033895),
      ["RightUpperLeg"] = CFrame.new(0.116498, 0.145612, -1.288378, 0.978889, -0.203673, 0.017127, 0.203310, 0.978894, 0.020764, -0.020995, -0.016843, 0.999638)
    }},
    { Time = 0.267, Data = {
      ["Balls"] = CFrame.new(-0.000001, -0.000000, 0.034546, 0.177393, 0.984140, 0.000000, -0.984140, 0.177393, -0.000000, -0.000000, 0.000000, 1.000000),
      ["Cock"] = CFrame.new(0.041380, -0.019242, 0.038330, 0.820658, 0.571420, 0.000000, -0.571420, 0.820658, -0.000000, -0.000000, 0.000000, 1.000000),
      ["Head"] = CFrame.new(0.000000, 0.000000, 0.000000, 1.000000, 0.000000, 0.000000, 0.000000, 0.978665, -0.205464, 0.000000, 0.205464, 0.978665),
      ["LeftUpperArm"] = CFrame.new(0.005277, -0.182361, -0.277014, 0.984144, 0.020048, 0.176232, 0.175759, 0.023344, -0.984156, -0.023844, 0.999526, 0.019450),
      ["LeftUpperLeg"] = CFrame.new(-0.176797, 0.147160, -1.324061, 0.982021, 0.188605, -0.007989, -0.188458, 0.981946, 0.016281, 0.010916, -0.014482, 0.999836),
      ["LowerTorso"] = CFrame.new(-0.013677, -0.165999, -0.002292, -1.000000, 0.000295, -0.000315, -0.000295, 0.064954, 0.997888, 0.000315, 0.997888, -0.064954),
      ["RightUpperArm"] = CFrame.new(-0.002809, -0.182623, -0.276970, 0.993358, -0.010699, -0.114564, -0.114304, 0.022355, -0.993194, 0.013187, 0.999693, 0.020983),
      ["RightUpperLeg"] = CFrame.new(0.116507, 0.152446, -1.306435, 0.978887, -0.203752, 0.016287, 0.203588, 0.978992, 0.011221, -0.018231, -0.007669, 0.999804)
    }},
    { Time = 0.283, Data = {
      ["Balls"] = CFrame.new(-0.000001, -0.000000, 0.034546, 0.180712, 0.983536, 0.000000, -0.983536, 0.180712, -0.000000, -0.000000, 0.000000, 1.000000),
      ["Cock"] = CFrame.new(0.045254, -0.021043, 0.038330, 0.831901, 0.554923, 0.000000, -0.554923, 0.831901, -0.000000, -0.000000, 0.000000, 1.000000),
      ["Head"] = CFrame.new(0.000000, 0.000000, 0.000000, 1.000000, 0.000000, 0.000000, 0.000000, 0.978984, -0.203935, 0.000000, 0.203935, 0.978984),
      ["LeftUpperArm"] = CFrame.new(0.005825, -0.185617, -0.278390, 0.983797, 0.022130, 0.177914, 0.177711, 0.010850, -0.984023, -0.023706, 0.999696, 0.006741),
      ["LeftUpperLeg"] = CFrame.new(-0.176799, 0.154120, -1.341503, 0.982002, 0.188731, -0.007263, -0.188684, 0.982016, 0.006588, 0.008376, -0.005099, 0.999952),
      ["LowerTorso"] = CFrame.new(-0.013678, -0.147473, -0.001964, -1.000000, 0.000297, -0.000313, -0.000297, 0.055012, 0.998486, 0.000313, 0.998486, -0.055011),
      ["RightUpperArm"] = CFrame.new(-0.003126, -0.185926, -0.278341, 0.993084, -0.011906, -0.116803, -0.116691, 0.009683, -0.993121, 0.012955, 0.999882, 0.008227),
      ["RightUpperLeg"] = CFrame.new(0.116518, 0.159215, -1.324263, 0.978880, -0.203845, 0.015524, 0.203842, 0.979002, 0.001773, -0.015559, 0.001429, 0.999878)
    }},
    { Time = 0.300, Data = {
      ["Balls"] = CFrame.new(-0.000001, -0.000000, 0.034546, 0.186117, 0.982528, 0.000000, -0.982528, 0.186117, -0.000000, -0.000000, 0.000000, 1.000000),
      ["Cock"] = CFrame.new(0.049042, -0.022805, 0.038330, 0.842587, 0.538560, 0.000000, -0.538560, 0.842587, -0.000000, -0.000000, 0.000000, 1.000000),
      ["Head"] = CFrame.new(0.000000, -0.000000, 0.000000, 1.000000, 0.000000, 0.000000, 0.000000, 0.979512, -0.201386, 0.000000, 0.201386, 0.979512),
      ["LeftUpperArm"] = CFrame.new(0.006343, -0.188836, -0.279776, 0.983449, 0.024098, 0.179578, 0.179665, -0.001500, -0.983727, -0.023436, 0.999708, -0.005805),
      ["LeftUpperLeg"] = CFrame.new(-0.176802, 0.160934, -1.358581, 0.981981, 0.188868, -0.006523, -0.188890, 0.981994, -0.002934, 0.005851, 0.004113, 0.999974),
      ["LowerTorso"] = CFrame.new(-0.013680, -0.129442, -0.001542, -1.000000, 0.000298, -0.000312, -0.000298, 0.045374, 0.998970, 0.000312, 0.998970, -0.045375),
      ["RightUpperArm"] = CFrame.new(-0.003432, -0.189186, -0.279723, 0.992797, -0.013070, -0.119093, -0.119139, -0.002820, -0.992874, 0.012641, 0.999911, -0.004357),
      ["RightUpperLeg"] = CFrame.new(0.116531, 0.165844, -1.341672, 0.978869, -0.203951, 0.014822, 0.204075, 0.978927, -0.007410, -0.012998, 0.010278, 0.999863)
    }},
    { Time = 0.317, Data = {
      ["Balls"] = CFrame.new(-0.000001, -0.000000, 0.034546, 0.193698, 0.981061, 0.000000, -0.981061, 0.193698, -0.000000, -0.000000, 0.000000, 1.000000),
      ["Cock"] = CFrame.new(0.052703, -0.024507, 0.038330, 0.852594, 0.522574, 0.000000, -0.522574, 0.852594, -0.000000, -0.000000, 0.000000, 1.000000),
      ["Head"] = CFrame.new(0.000000, -0.000000, 0.000000, 1.000000, 0.000000, 0.000000, 0.000000, 0.980222, -0.197900, 0.000000, 0.197900, 0.980222),
      ["LeftUpperArm"] = CFrame.new(0.006858, -0.191952, -0.281155, 0.983118, 0.026051, 0.181108, 0.181498, -0.013454, -0.983299, -0.023180, 0.999570, -0.017956),
      ["LeftUpperLeg"] = CFrame.new(-0.176816, 0.167484, -1.375072, 0.981940, 0.189102, -0.005837, -0.189161, 0.981872, -0.012103, 0.003443, 0.012989, 0.999910),
      ["LowerTorso"] = CFrame.new(-0.013681, -0.112003, -0.001047, -1.000000, 0.000300, -0.000311, -0.000300, 0.036048, 0.999350, 0.000311, 0.999350, -0.036048),
      ["RightUpperArm"] = CFrame.new(-0.003737, -0.192302, -0.281097, 0.992534, -0.014229, -0.121133, -0.121341, -0.014775, -0.992501, 0.012333, 0.999789, -0.016391),
      ["RightUpperLeg"] = CFrame.new(0.116545, 0.172256, -1.358529, 0.978855, -0.204069, 0.014094, 0.204287, 0.978775, -0.016335, -0.010462, 0.018868, 0.999767)
    }},
    { Time = 0.333, Data = {
      ["Balls"] = CFrame.new(-0.000001, -0.000000, 0.034546, 0.203207, 0.979136, 0.000000, -0.979136, 0.203207, -0.000000, -0.000000, 0.000000, 1.000000),
      ["Cock"] = CFrame.new(0.056197, -0.026132, 0.038330, 0.861865, 0.507138, 0.000000, -0.507138, 0.861865, -0.000000, -0.000000, 0.000000, 1.000000),
      ["Head"] = CFrame.new(0.000000, 0.000000, 0.000000, 1.000000, 0.000000, 0.000000, 0.000000, 0.981122, -0.193392, 0.000000, 0.193392, 0.981122),
      ["LeftUpperArm"] = CFrame.new(0.007345, -0.194894, -0.282506, 0.982797, 0.027901, 0.182571, 0.183265, -0.024743, -0.982752, -0.022903, 0.999304, -0.029431),
      ["LeftUpperLeg"] = CFrame.new(-0.176823, 0.173780, -1.390802, 0.981913, 0.189261, -0.005198, -0.189329, 0.981693, -0.020834, 0.001160, 0.021441, 0.999769),
      ["LowerTorso"] = CFrame.new(-0.013683, -0.095250, -0.000496, -1.000000, 0.000301, -0.000309, -0.000301, 0.027038, 0.999634, 0.000309, 0.999634, -0.027038),
      ["RightUpperArm"] = CFrame.new(-0.004041, -0.195305, -0.282446, 0.992267, -0.015387, -0.123166, -0.123540, -0.026292, -0.991991, 0.012025, 0.999536, -0.027990),
      ["RightUpperLeg"] = CFrame.new(0.116552, 0.178424, -1.374610, 0.978855, -0.204113, 0.013409, 0.204395, 0.978574, -0.024821, -0.008055, 0.027037, 0.999602)
    }},
    { Time = 0.350, Data = {
      ["Balls"] = CFrame.new(-0.000001, -0.000000, 0.034546, 0.214608, 0.976700, 0.000000, -0.976700, 0.214608, -0.000000, -0.000000, 0.000000, 1.000000),
      ["Cock"] = CFrame.new(0.059485, -0.027661, 0.038330, 0.870351, 0.492432, 0.000000, -0.492432, 0.870351, -0.000000, -0.000000, 0.000000, 1.000000),
      ["Head"] = CFrame.new(0.000000, 0.000000, 0.000000, 1.000000, 0.000000, 0.000000, 0.000000, 0.982164, -0.188028, 0.000000, 0.188028, 0.982164),
      ["LeftUpperArm"] = CFrame.new(0.007822, -0.197697, -0.283811, 0.982495, 0.029717, 0.183905, 0.184908, -0.035497, -0.982115, -0.022658, 0.998928, -0.040370),
      ["LeftUpperLeg"] = CFrame.new(-0.176823, 0.179752, -1.405608, 0.981900, 0.189344, -0.004596, -0.189397, 0.981471, -0.029041, -0.000988, 0.029386, 0.999568),
      ["LowerTorso"] = CFrame.new(-0.013684, -0.079636, 0.000099, -1.000000, 0.000302, -0.000308, -0.000302, 0.018712, 0.999825, 0.000308, 0.999825, -0.018712),
      ["RightUpperArm"] = CFrame.new(-0.004321, -0.198105, -0.283746, 0.992018, -0.016455, -0.125016, -0.125551, -0.037037, -0.991396, 0.011683, 0.999178, -0.038807),
      ["RightUpperLeg"] = CFrame.new(0.116568, 0.184193, -1.389795, 0.978836, -0.204255, 0.012681, 0.204570, 0.978300, -0.032876, -0.005691, 0.034775, 0.999379)
    }},
    { Time = 0.367, Data = {
      ["Balls"] = CFrame.new(-0.000001, -0.000000, 0.034546, 0.227751, 0.973719, 0.000000, -0.973719, 0.227751, -0.000000, -0.000000, 0.000000, 1.000000),
      ["Cock"] = CFrame.new(0.062533, -0.029078, 0.038330, 0.877972, 0.478713, 0.000000, -0.478713, 0.877972, -0.000000, -0.000000, 0.000000, 1.000000),
      ["Head"] = CFrame.new(0.000000, 0.000000, 0.000000, 1.000000, 0.000000, 0.000000, 0.000000, 0.983334, -0.181809, 0.000000, 0.181809, 0.983334),
      ["LeftUpperArm"] = CFrame.new(0.008267, -0.200269, -0.285048, 0.982203, 0.031404, 0.185180, 0.186482, -0.045368, -0.981410, -0.022419, 0.998477, -0.050417),
      ["LeftUpperLeg"] = CFrame.new(-0.176833, 0.185247, -1.419383, 0.981869, 0.189521, -0.003947, -0.189537, 0.981186, -0.036731, -0.003088, 0.036813, 0.999317),
      ["LowerTorso"] = CFrame.new(-0.013685, -0.065006, 0.000711, -1.000000, 0.000304, -0.000307, -0.000304, 0.010835, 0.999941, 0.000307, 0.999941, -0.010835),
      ["RightUpperArm"] = CFrame.new(-0.004594, -0.200705, -0.284979, 0.991781, -0.017492, -0.126742, -0.127437, -0.047012, -0.990732, 0.011372, 0.998741, -0.048854),
      ["RightUpperLeg"] = CFrame.new(0.116577, 0.189580, -1.403794, 0.978829, -0.204320, 0.012149, 0.204648, 0.978006, -0.040303, -0.003647, 0.041936, 0.999114)
    }},
    { Time = 0.383, Data = {
      ["Balls"] = CFrame.new(-0.000001, -0.000000, 0.034546, 0.242591, 0.970129, 0.000000, -0.970129, 0.242591, -0.000000, -0.000000, 0.000000, 1.000000),
      ["Cock"] = CFrame.new(0.065306, -0.030368, 0.038330, 0.884741, 0.466083, 0.000000, -0.466083, 0.884741, -0.000000, -0.000000, 0.000000, 1.000000),
      ["Head"] = CFrame.new(0.000000, 0.000000, 0.000000, 1.000000, 0.000000, 0.000000, 0.000000, 0.984601, -0.174816, 0.000000, 0.174816, 0.984601),
      ["LeftUpperArm"] = CFrame.new(0.008644, -0.202623, -0.286196, 0.981947, 0.032837, 0.186282, 0.187862, -0.054396, -0.980688, -0.022070, 0.997979, -0.059583),
      ["LeftUpperLeg"] = CFrame.new(-0.176844, 0.190244, -1.431846, 0.981836, 0.189701, -0.003484, -0.189671, 0.980878, -0.043621, -0.004858, 0.043490, 0.999042),
      ["LowerTorso"] = CFrame.new(-0.013686, -0.051807, 0.001323, -1.000000, 0.000305, -0.000306, -0.000305, 0.003781, 0.999993, 0.000306, 0.999993, -0.003781),
      ["RightUpperArm"] = CFrame.new(-0.004839, -0.203080, -0.286124, 0.991566, -0.018426, -0.128288, -0.129134, -0.056121, -0.990038, 0.011043, 0.998254, -0.058027),
      ["RightUpperLeg"] = CFrame.new(0.116586, 0.194485, -1.416588, 0.978821, -0.204394, 0.011546, 0.204713, 0.977691, -0.047043, -0.001673, 0.048410, 0.998826)
    }},
    { Time = 0.400, Data = {
      ["Balls"] = CFrame.new(-0.000001, -0.000000, 0.034546, 0.258654, 0.965970, 0.000000, -0.965970, 0.258654, -0.000000, -0.000000, 0.000000, 1.000000),
      ["Cock"] = CFrame.new(0.067774, -0.031515, 0.038330, 0.890591, 0.454804, 0.000000, -0.454804, 0.890591, -0.000000, -0.000000, 0.000000, 1.000000),
      ["Head"] = CFrame.new(0.000000, 0.000000, 0.000000, 1.000000, 0.000000, 0.000000, 0.000000, 0.985934, -0.167133, 0.000000, 0.167133, 0.985934),
      ["LeftUpperArm"] = CFrame.new(0.009011, -0.204691, -0.287235, 0.981723, 0.034233, 0.187210, 0.189052, -0.062334, -0.979987, -0.021878, 0.997468, -0.067667),
      ["LeftUpperLeg"] = CFrame.new(-0.176849, 0.194730, -1.443002, 0.981818, 0.189802, -0.002953, -0.189712, 0.980575, -0.049824, -0.006561, 0.049478, 0.998754),
      ["LowerTorso"] = CFrame.new(-0.013687, -0.039995, 0.001909, -1.000000, 0.000306, -0.000305, -0.000306, -0.002562, 0.999997, 0.000305, 0.999997, 0.002562),
      ["RightUpperArm"] = CFrame.new(-0.005068, -0.205168, -0.287160, 0.991363, -0.019298, -0.129718, -0.130702, -0.064131, -0.989345, 0.010774, 0.997755, -0.066100),
      ["RightUpperLeg"] = CFrame.new(0.116597, 0.198850, -1.427957, 0.978810, -0.204475, 0.011036, 0.204772, 0.977374, -0.052991, 0.000049, 0.054128, 0.998534)
    }},
    { Time = 0.417, Data = {
      ["Balls"] = CFrame.new(-0.000001, -0.000000, 0.034546, 0.276000, 0.961158, 0.000000, -0.961158, 0.276000, -0.000000, -0.000000, 0.000000, 1.000000),
      ["Cock"] = CFrame.new(0.069909, -0.032508, 0.038330, 0.895541, 0.444979, 0.000000, -0.444979, 0.895541, -0.000000, -0.000000, 0.000000, 1.000000),
      ["Head"] = CFrame.new(0.000000, -0.000000, -0.000000, 1.000000, 0.000000, 0.000000, 0.000000, 0.987317, -0.158758, 0.000000, 0.158758, 0.987317),
      ["LeftUpperArm"] = CFrame.new(0.009325, -0.206510, -0.288150, 0.981501, 0.035424, 0.188151, 0.190229, -0.069312, -0.979290, -0.021649, 0.996966, -0.074769),
      ["LeftUpperLeg"] = CFrame.new(-0.176854, 0.198608, -1.452601, 0.981799, 0.189903, -0.002599, -0.189755, 0.980282, -0.055142, -0.007924, 0.054632, 0.998475),
      ["LowerTorso"] = CFrame.new(-0.013688, -0.029783, 0.002448, -1.000000, 0.000306, -0.000304, -0.000306, -0.008041, 0.999968, 0.000304, 0.999968, 0.008041),
      ["RightUpperArm"] = CFrame.new(-0.005263, -0.206978, -0.288071, 0.991199, -0.020040, -0.130853, -0.131960, -0.071077, -0.988704, 0.010514, 0.997270, -0.073096),
      ["RightUpperLeg"] = CFrame.new(0.116607, 0.202624, -1.437791, 0.978797, -0.204558, 0.010627, 0.204829, 0.977064, -0.058234, 0.001529, 0.059176, 0.998246)
    }},
    { Time = 0.433, Data = {
      ["Balls"] = CFrame.new(-0.000001, -0.000000, 0.034546, 0.294371, 0.955691, 0.000000, -0.955691, 0.294371, -0.000000, -0.000000, 0.000000, 1.000000),
      ["Cock"] = CFrame.new(0.071690, -0.033336, 0.038330, 0.899604, 0.436706, 0.000000, -0.436706, 0.899604, -0.000000, -0.000000, 0.000000, 1.000000),
      ["Head"] = CFrame.new(0.000000, 0.000000, 0.000000, 1.000000, 0.000000, 0.000000, 0.000000, 0.988694, -0.149947, 0.000000, 0.149947, 0.988694),
      ["LeftUpperArm"] = CFrame.new(0.009589, -0.207998, -0.288921, 0.981337, 0.036427, 0.188812, 0.191089, -0.075020, -0.978702, -0.021487, 0.996516, -0.080580),
      ["LeftUpperLeg"] = CFrame.new(-0.176860, 0.201838, -1.460637, 0.981781, 0.190004, -0.002257, -0.189798, 0.980008, -0.059679, -0.009128, 0.059020, 0.998215),
      ["LowerTorso"] = CFrame.new(-0.013689, -0.021344, 0.002920, -1.000000, 0.000307, -0.000303, -0.000307, -0.012534, 0.999921, 0.000303, 0.999921, 0.012534),
      ["RightUpperArm"] = CFrame.new(-0.005440, -0.208510, -0.288842, 0.991050, -0.020715, -0.131873, -0.133091, -0.076951, -0.988112, 0.010321, 0.996820, -0.079019),
      ["RightUpperLeg"] = CFrame.new(0.116618, 0.205766, -1.445977, 0.978782, -0.204645, 0.010292, 0.204885, 0.976788, -0.062515, 0.002740, 0.063297, 0.997991)
    }},
    { Time = 0.450, Data = {
      ["Balls"] = CFrame.new(-0.000001, -0.000000, 0.034546, 0.313417, 0.949615, 0.000000, -0.949615, 0.313417, -0.000000, -0.000000, 0.000000, 1.000000),
      ["Cock"] = CFrame.new(0.073095, -0.033990, 0.038330, 0.902713, 0.430243, 0.000000, -0.430243, 0.902713, -0.000000, -0.000000, 0.000000, 1.000000),
      ["Head"] = CFrame.new(0.000000, 0.000000, 0.000000, 1.000000, 0.000000, 0.000000, 0.000000, 0.990065, -0.140613, 0.000000, 0.140613, 0.990065),
      ["LeftUpperArm"] = CFrame.new(0.009791, -0.209184, -0.289537, 0.981200, 0.037197, 0.189375, 0.191813, -0.079571, -0.978200, -0.021317, 0.996135, -0.085210),
      ["LeftUpperLeg"] = CFrame.new(-0.176867, 0.204379, -1.466971, 0.981762, 0.190104, -0.001988, -0.189848, 0.979779, -0.063169, -0.010061, 0.062394, 0.998001),
      ["LowerTorso"] = CFrame.new(-0.013689, -0.014594, 0.003309, -1.000000, 0.000308, -0.000303, -0.000308, -0.016171, 0.999869, 0.000303, 0.999869, 0.016170),
      ["RightUpperArm"] = CFrame.new(-0.005577, -0.209709, -0.289457, 0.990941, -0.021237, -0.132605, -0.133909, -0.081550, -0.987632, 0.010161, 0.996443, -0.083655),
      ["RightUpperLeg"] = CFrame.new(0.116628, 0.208238, -1.452436, 0.978766, -0.204733, 0.010041, 0.204945, 0.976551, -0.065920, 0.003691, 0.066578, 0.997774)
    }},
    { Time = 0.467, Data = {
      ["Balls"] = CFrame.new(-0.000001, -0.000000, 0.034546, 0.333001, 0.942927, 0.000000, -0.942927, 0.333001, -0.000000, -0.000000, 0.000000, 1.000000),
      ["Cock"] = CFrame.new(0.074110, -0.034462, 0.038330, 0.904984, 0.425445, 0.000000, -0.425445, 0.904984, -0.000000, -0.000000, 0.000000, 1.000000),
      ["Head"] = CFrame.new(0.000000, 0.000000, -0.000000, 1.000000, 0.000000, 0.000000, 0.000000, 0.991381, -0.131013, 0.000000, 0.131013, 0.991381),
      ["LeftUpperArm"] = CFrame.new(0.009944, -0.210041, -0.289986, 0.981099, 0.037778, 0.189782, 0.192339, -0.082861, -0.977824, -0.021215, 0.995845, -0.088561),
      ["LeftUpperLeg"] = CFrame.new(-0.176866, 0.206246, -1.471543, 0.981760, 0.190116, -0.001798, -0.189821, 0.979618, -0.065698, -0.010729, 0.064841, 0.997838),
      ["LowerTorso"] = CFrame.new(-0.013689, -0.009803, 0.003595, -1.000000, 0.000308, -0.000302, -0.000308, -0.018712, 0.999825, 0.000302, 0.999825, 0.018712),
      ["RightUpperArm"] = CFrame.new(-0.005675, -0.210575, -0.289904, 0.990858, -0.021608, -0.133169, -0.134537, -0.084874, -0.987267, 0.010030, 0.996157, -0.087005),
      ["RightUpperLeg"] = CFrame.new(0.116630, 0.210057, -1.457144, 0.978768, -0.204738, 0.009784, 0.204923, 0.976381, -0.068459, 0.004463, 0.069010, 0.997606)
    }},
    { Time = 0.483, Data = {
      ["Balls"] = CFrame.new(-0.000001, -0.000000, 0.034546, 0.352890, 0.935665, 0.000000, -0.935665, 0.352890, -0.000000, -0.000000, 0.000000, 1.000000),
      ["Cock"] = CFrame.new(0.074723, -0.034747, 0.038330, 0.906297, 0.422642, 0.000000, -0.422642, 0.906297, -0.000000, -0.000000, 0.000000, 1.000000),
      ["Head"] = CFrame.new(0.000000, -0.000000, -0.000000, 1.000000, 0.000000, 0.000000, 0.000000, 0.992635, -0.121145, 0.000000, 0.121145, 0.992635),
      ["LeftUpperArm"] = CFrame.new(0.010028, -0.210545, -0.290257, 0.981049, 0.038098, 0.189980, 0.192606, -0.084793, -0.977606, -0.021135, 0.995670, -0.090524),
      ["LeftUpperLeg"] = CFrame.new(-0.176873, 0.207332, -1.474309, 0.981742, 0.190208, -0.001691, -0.189889, 0.979499, -0.067267, -0.011138, 0.066360, 0.997734),
      ["LowerTorso"] = CFrame.new(-0.013690, -0.006872, 0.003772, -1.000000, 0.000308, -0.000302, -0.000308, -0.020283, 0.999794, 0.000302, 0.999794, 0.020283),
      ["RightUpperArm"] = CFrame.new(-0.005713, -0.211084, -0.290174, 0.990809, -0.021755, -0.133511, -0.134910, -0.086825, -0.987046, 0.009881, 0.995986, -0.088962),
      ["RightUpperLeg"] = CFrame.new(0.116631, 0.211156, -1.459960, 0.978769, -0.204740, 0.009677, 0.204910, 0.976279, -0.069942, 0.004872, 0.070440, 0.997504)
    }},
    { Time = 0.500, Data = {
      ["Balls"] = CFrame.new(-0.000001, -0.000000, 0.034546, 0.372865, 0.927886, 0.000000, -0.927886, 0.372865, -0.000000, -0.000000, 0.000000, 1.000000),
      ["Cock"] = CFrame.new(0.074929, -0.034842, 0.038330, 0.906745, 0.421680, 0.000000, -0.421680, 0.906745, -0.000000, -0.000000, 0.000000, 1.000000),
      ["Head"] = CFrame.new(0.000000, 0.000000, 0.000000, 1.000000, 0.000000, 0.000000, 0.000000, 0.993800, -0.111183, 0.000000, 0.111183, 0.993800),
      ["LeftUpperArm"] = CFrame.new(0.010063, -0.210723, -0.290349, 0.981035, 0.038227, 0.190024, 0.192676, -0.085476, -0.977533, -0.021126, 0.995607, -0.091220),
