return {
  ["Astros cowgirl (m)"] = {
    { Time = 0.000, Data = {
      ["BaseMoreOpened"] = CFrame.new(0.000000, 0.000000, 0.000000, 1.000000, -0.000000, 0.000000, 0.000000, 0.919336, 0.393473, -0.000000, -0.393473, 0.919336),
      ["Head"] = CFrame.new(0.000000, 0.000000, 0.000000, 1.000000, -0.000000, 0.000000, 0.000000, 0.966356, 0.257207, -0.000000, -0.257207, 0.966356),
      ["LeftUpperArm"] = CFrame.new(-0.025667, -1.348796, 0.079056, 0.843914, -0.529424, 0.086715, 0.225469, 0.203344, -0.952793, 0.486799, 0.823627, 0.290973),
      ["LeftUpperLeg"] = CFrame.new(-0.188756, -0.004685, -0.063535, 0.956265, 0.224853, 0.187080, -0.082580, 0.821099, -0.564780, -0.280604, 0.524631, 0.803756),
      ["LowerTorso"] = CFrame.new(0.000000, -1.363867, 0.514696, 1.000000, 0.000000, 0.000000, 0.000000, -0.058094, -0.998311, 0.000000, 0.998311, -0.058094),
      ["RightUpperArm"] = CFrame.new(0.054358, -1.494376, 0.127062, 0.831629, 0.552197, -0.058923, -0.140870, 0.107133, -0.984214, -0.537167, 0.826802, 0.166883),
      ["RightUpperLeg"] = CFrame.new(0.183073, 0.120970, -0.056297, 0.967825, -0.248260, -0.041009, 0.183501, 0.807880, -0.560052, 0.172168, 0.534507, 0.827442),
      ["рҹҢ§пёҸрҹҳірҹ‘»рҹҸіпёҸвҖҚрҹҢҲрҹҳӮрҹ’һрҹҸҙвҖҚвҳ пёҸрҹҺёрҹҢ§пёҸрҹҳірҹ‘»рҹҸіпёҸвҖҚрҹҢҲрҹҳӮрҹ’һрҹҸҙвҖҚвҳ"] = CFrame.new(-0.000000, -0.000000, -0.000000, 0.882534, -0.470249, 0.000000, 0.470249, 0.882534, 0.000000, 0.000000, 0.000000, 1.000000)
    }},
    { Time = 0.017, Data = {
      ["Head"] = CFrame.new(0.000000, 0.000000, 0.000000, 1.000000, -0.000000, 0.000000, 0.000000, 0.967511, 0.252830, -0.000000, -0.252830, 0.967511),
      ["LeftUpperArm"] = CFrame.new(-0.025548, -1.348819, 0.079138, 0.844195, -0.528974, 0.086728, 0.225252, 0.203256, -0.952863, 0.486412, 0.823938, 0.290740),
      ["LeftUpperLeg"] = CFrame.new(-0.189058, -0.004670, -0.063552, 0.956257, 0.224745, 0.187247, -0.082550, 0.821411, -0.564331, -0.280638, 0.524188, 0.804033),
      ["LowerTorso"] = CFrame.new(0.000000, -1.363866, 0.514450, 1.000000, 0.000000, 0.000000, 0.000000, -0.058094, -0.998311, 0.000000, 0.998311, -0.058094),
      ["RightUpperArm"] = CFrame.new(0.054245, -1.494418, 0.127143, 0.831908, 0.551766, -0.059025, -0.140785, 0.106975, -0.984244, -0.536758, 0.827110, 0.166673),
      ["RightUpperLeg"] = CFrame.new(0.183256, 0.120953, -0.056161, 0.967825, -0.248248, -0.041076, 0.183548, 0.808178, -0.559605, 0.172118, 0.534061, 0.827741),
      ["рҹҢ§пёҸрҹҳірҹ‘»рҹҸіпёҸвҖҚрҹҢҲрҹҳӮрҹ’һрҹҸҙвҖҚвҳ пёҸрҹҺёрҹҢ§пёҸрҹҳірҹ‘»рҹҸіпёҸвҖҚрҹҢҲрҹҳӮрҹ’һрҹҸҙвҖҚвҳ"] = CFrame.new(-0.000000, -0.000000, -0.000000, 0.885279, -0.465060, 0.000000, 0.465060, 0.885279, 0.000000, 0.000000, 0.000000, 1.000000)
    }},
    { Time = 0.033, Data = {
      ["Head"] = CFrame.new(0.000000, -0.000000, 0.000000, 1.000000, -0.000000, 0.000000, 0.000000, 0.968602, 0.248618, -0.000000, -0.248618, 0.968602),
      ["LeftUpperArm"] = CFrame.new(-0.025206, -1.348889, 0.079374, 0.845013, -0.527671, 0.086702, 0.224549, 0.202991, -0.953086, 0.485316, 0.824839, 0.290017),
      ["LeftUpperLeg"] = CFrame.new(-0.189951, -0.004650, -0.063559, 0.956257, 0.224379, 0.187690, -0.082511, 0.822445, -0.562829, -0.280651, 0.522723, 0.804982),
      ["LowerTorso"] = CFrame.new(0.000000, -1.363867, 0.513717, 1.000000, 0.000000, 0.000000, 0.000000, -0.058094, -0.998311, 0.000000, 0.998311, -0.058094),
      ["RightUpperArm"] = CFrame.new(0.053929, -1.494600, 0.127377, 0.832685, 0.550565, -0.059277, -0.140349, 0.106283, -0.984381, -0.535665, 0.827999, 0.165771),
      ["RightUpperLeg"] = CFrame.new(0.183810, 0.120973, -0.055856, 0.967816, -0.248203, -0.041572, 0.183548, 0.809191, -0.558140, 0.172172, 0.532546, 0.828705),
      ["рҹҢ§пёҸрҹҳірҹ‘»рҹҸіпёҸвҖҚрҹҢҲрҹҳӮрҹ’һрҹҸҙвҖҚвҳ пёҸрҹҺёрҹҢ§пёҸрҹҳірҹ‘»рҹҸіпёҸвҖҚрҹҢҲрҹҳӮрҹ’һрҹҸҙвҖҚвҳ"] = CFrame.new(-0.000000, -0.000000, -0.000000, 0.887951, -0.459938, 0.000000, 0.459938, 0.887951, 0.000000, 0.000000, 0.000000, 1.000000)
    }},
    { Time = 0.050, Data = {
      ["Head"] = CFrame.new(0.000000, -0.000000, 0.000000, 1.000000, -0.000000, 0.000000, 0.000000, 0.969674, 0.244402, -0.000000, -0.244402, 0.969674),
      ["LeftUpperArm"] = CFrame.new(-0.024655, -1.348991, 0.079751, 0.846322, -0.525576, 0.086659, 0.223445, 0.202602, -0.953428, 0.483541, 0.826270, 0.288903),
      ["LeftUpperLeg"] = CFrame.new(-0.191432, -0.004660, -0.063570, 0.956248, 0.223843, 0.188371, -0.082532, 0.824130, -0.560356, -0.280673, 0.520293, 0.806547),
      ["LowerTorso"] = CFrame.new(0.000000, -1.363867, 0.512503, 1.000000, 0.000000, 0.000000, 0.000000, -0.058094, -0.998311, 0.000000, 0.998311, -0.058094),
      ["RightUpperArm"] = CFrame.new(0.053399, -1.494866, 0.127763, 0.833987, 0.548548, -0.059671, -0.139686, 0.105269, -0.984584, -0.533810, 0.829466, 0.164418),
      ["RightUpperLeg"] = CFrame.new(0.184718, 0.121003, -0.055305, 0.967816, -0.248073, -0.042333, 0.183551, 0.810912, -0.555636, 0.172167, 0.529983, 0.830347),
      ["рҹҢ§пёҸрҹҳірҹ‘»рҹҸіпёҸвҖҚрҹҢҲрҹҳӮрҹ’һрҹҸҙвҖҚвҳ пёҸрҹҺёрҹҢ§пёҸрҹҳірҹ‘»рҹҸіпёҸвҖҚрҹҢҲрҹҳӮрҹ’һрҹҸҙвҖҚвҳ"] = CFrame.new(-0.000000, -0.000000, -0.000000, 0.890551, -0.454883, 0.000000, 0.454883, 0.890551, 0.000000, 0.000000, 0.000000, 1.000000)
    }},
    { Time = 0.067, Data = {
      ["Head"] = CFrame.new(0.000000, 0.000000, -0.000000, 1.000000, -0.000000, 0.000000, 0.000000, 0.970686, 0.240352, -0.000000, -0.240352, 0.970686),
      ["LeftUpperArm"] = CFrame.new(-0.023878, -1.349143, 0.080280, 0.848157, -0.522622, 0.086574, 0.221854, 0.202024, -0.953922, 0.481051, 0.828283, 0.287294),
      ["LeftUpperLeg"] = CFrame.new(-0.193468, -0.004672, -0.063533, 0.956268, 0.223031, 0.189233, -0.082557, 0.826471, -0.556893, -0.280600, 0.516916, 0.808741),
      ["LowerTorso"] = CFrame.new(0.000000, -1.363867, 0.510823, 1.000000, 0.000000, 0.000000, 0.000000, -0.058094, -0.998311, 0.000000, 0.998311, -0.058094),
      ["RightUpperArm"] = CFrame.new(0.052666, -1.495218, 0.128290, 0.835778, 0.545763, -0.060146, -0.138740, 0.103928, -0.984861, -0.531250, 0.831469, 0.162580),
      ["RightUpperLeg"] = CFrame.new(0.185970, 0.121051, -0.054522, 0.967826, -0.247861, -0.043335, 0.183542, 0.813232, -0.552238, 0.172120, 0.526516, 0.832560),
      ["рҹҢ§пёҸрҹҳірҹ‘»рҹҸіпёҸвҖҚрҹҢҲрҹҳӮрҹ’һрҹҸҙвҖҚвҳ пёҸрҹҺёрҹҢ§пёҸрҹҳірҹ‘»рҹҸіпёҸвҖҚрҹҢҲрҹҳӮрҹ’һрҹҸҙвҖҚвҳ"] = CFrame.new(-0.000000, -0.000000, -0.000000, 0.893001, -0.450055, 0.000000, 0.450055, 0.893001, 0.000000, 0.000000, 0.000000, 1.000000)
    }},
    { Time = 0.083, Data = {
      ["Head"] = CFrame.new(0.000000, -0.000000, 0.000000, 1.000000, -0.000000, 0.000000, 0.000000, 0.971639, 0.236468, -0.000000, -0.236468, 0.971639),
      ["LeftUpperArm"] = CFrame.new(-0.022903, -1.349358, 0.080945, 0.850446, -0.518913, 0.086433, 0.219784, 0.201206, -0.954574, 0.477950, 0.830810, 0.285164),
      ["LeftUpperLeg"] = CFrame.new(-0.196057, -0.004655, -0.063531, 0.956272, 0.221997, 0.190425, -0.082521, 0.829407, -0.552516, -0.280596, 0.512642, 0.811458),
      ["LowerTorso"] = CFrame.new(0.000000, -1.363867, 0.508694, 1.000000, 0.000000, 0.000000, 0.000000, -0.058094, -0.998311, 0.000000, 0.998311, -0.058094),
      ["RightUpperArm"] = CFrame.new(0.051731, -1.495698, 0.128960, 0.838038, 0.542209, -0.060848, -0.137594, 0.102103, -0.985212, -0.527978, 0.834017, 0.160170),
      ["RightUpperLeg"] = CFrame.new(0.187568, 0.121090, -0.053569, 0.967816, -0.247669, -0.044635, 0.183578, 0.816119, -0.547950, 0.172138, 0.522120, 0.835320),
      ["рҹҢ§пёҸрҹҳірҹ‘»рҹҸіпёҸвҖҚрҹҢҲрҹҳӮрҹ’һрҹҸҙвҖҚвҳ пёҸрҹҺёрҹҢ§пёҸрҹҳірҹ‘»рҹҸіпёҸвҖҚрҹҢҲрҹҳӮрҹ’һрҹҸҙвҖҚвҳ"] = CFrame.new(-0.000000, -0.000000, -0.000000, 0.895344, -0.445376, 0.000000, 0.445376, 0.895344, 0.000000, 0.000000, 0.000000, 1.000000)
    }},
    { Time = 0.100, Data = {
      ["Head"] = CFrame.new(0.000000, -0.000000, 0.000000, 1.000000, -0.000000, 0.000000, 0.000000, 0.972516, 0.232834, -0.000000, -0.232834, 0.972516),
      ["LeftUpperArm"] = CFrame.new(-0.021718, -1.349586, 0.081736, 0.853199, -0.514407, 0.086235, 0.217343, 0.200337, -0.955315, 0.474145, 0.833817, 0.282730),
      ["LeftUpperLeg"] = CFrame.new(-0.199167, -0.004660, -0.063537, 0.956268, 0.220795, 0.191838, -0.082533, 0.832907, -0.547225, -0.280607, 0.507460, 0.814705),
      ["LowerTorso"] = CFrame.new(0.000000, -1.363867, 0.506140, 1.000000, 0.000000, 0.000000, 0.000000, -0.058094, -0.998311, 0.000000, 0.998311, -0.058094),
      ["RightUpperArm"] = CFrame.new(0.050620, -1.496279, 0.129749, 0.840701, 0.537982, -0.061622, -0.136168, 0.099891, -0.985637, -0.524099, 0.837017, 0.157234),
      ["RightUpperLeg"] = CFrame.new(0.189474, 0.121197, -0.052433, 0.967825, -0.247332, -0.046281, 0.183497, 0.819597, -0.542761, 0.172174, 0.516805, 0.838611),
      ["рҹҢ§пёҸрҹҳірҹ‘»рҹҸіпёҸвҖҚрҹҢҲрҹҳӮрҹ’һрҹҸҙвҖҚвҳ пёҸрҹҺёрҹҢ§пёҸрҹҳірҹ‘»рҹҸіпёҸвҖҚрҹҢҲрҹҳӮрҹ’һрҹҸҙвҖҚвҳ"] = CFrame.new(-0.000000, -0.000000, -0.000000, 0.897544, -0.440925, 0.000000, 0.440925, 0.897544, 0.000000, 0.000000, 0.000000, 1.000000)
    }},
    { Time = 0.117, Data = {
      ["Head"] = CFrame.new(0.000000, 0.000000, 0.000000, 1.000000, -0.000000, 0.000000, 0.000000, 0.973320, 0.229452, -0.000000, -0.229452, 0.973320),
      ["LeftUpperArm"] = CFrame.new(-0.020351, -1.349879, 0.082642, 0.856322, -0.509212, 0.086116, 0.214623, 0.199221, -0.956163, 0.469734, 0.837266, 0.279886),
      ["LeftUpperLeg"] = CFrame.new(-0.202758, -0.004642, -0.063541, 0.956268, 0.219351, 0.193484, -0.082497, 0.836918, -0.541075, -0.280616, 0.501451, 0.818414),
      ["LowerTorso"] = CFrame.new(0.000000, -1.363867, 0.503189, 1.000000, 0.000000, 0.000000, 0.000000, -0.058094, -0.998311, 0.000000, 0.998311, -0.058094),
      ["RightUpperArm"] = CFrame.new(0.049332, -1.496947, 0.130650, 0.843745, 0.533087, -0.062549, -0.134609, 0.097351, -0.986105, -0.519591, 0.840441, 0.153898),
      ["RightUpperLeg"] = CFrame.new(0.191678, 0.121272, -0.051073, 0.967833, -0.246963, -0.048048, 0.183503, 0.823561, -0.536725, 0.172122, 0.510643, 0.842388),
      ["рҹҢ§пёҸрҹҳірҹ‘»рҹҸіпёҸвҖҚрҹҢҲрҹҳӮрҹ’һрҹҸҙвҖҚвҳ пёҸрҹҺёрҹҢ§пёҸрҹҳірҹ‘»рҹҸіпёҸвҖҚрҹҢҲрҹҳӮрҹ’һрҹҸҙвҖҚвҳ"] = CFrame.new(-0.000000, -0.000000, 0.000000, 0.899527, -0.436865, 0.000000, 0.436865, 0.899527, 0.000000, 0.000000, 0.000000, 1.000000)
    }},
    { Time = 0.133, Data = {
      ["Head"] = CFrame.new(0.000000, -0.000000, 0.000000, 1.000000, -0.000000, 0.000000, 0.000000, 0.974033, 0.226406, -0.000000, -0.226406, 0.974033),
      ["LeftUpperArm"] = CFrame.new(-0.018813, -1.350203, 0.083647, 0.859798, -0.503364, 0.085857, 0.211486, 0.197987, -0.957118, 0.464780, 0.841086, 0.276684),
      ["LeftUpperLeg"] = CFrame.new(-0.206798, -0.004635, -0.063557, 0.956260, 0.217751, 0.195325, -0.082483, 0.841360, -0.534143, -0.280649, 0.494669, 0.822520),
      ["LowerTorso"] = CFrame.new(0.000000, -1.363867, 0.499874, 1.000000, 0.000000, 0.000000, 0.000000, -0.058094, -0.998311, 0.000000, 0.998311, -0.058094),
      ["RightUpperArm"] = CFrame.new(0.047867, -1.497694, 0.131657, 0.847170, 0.527514, -0.063505, -0.132808, 0.094511, -0.986625, -0.514456, 0.844273, 0.150125),
      ["RightUpperLeg"] = CFrame.new(0.194165, 0.121341, -0.049590, 0.967820, -0.246607, -0.050087, 0.183541, 0.827944, -0.529927, 0.172153, 0.503681, 0.846563),
      ["рҹҢ§пёҸрҹҳірҹ‘»рҹҸіпёҸвҖҚрҹҢҲрҹҳӮрҹ’һрҹҸҙвҖҚвҳ пёҸрҹҺёрҹҢ§пёҸрҹҳірҹ‘»рҹҸіпёҸвҖҚрҹҢҲрҹҳӮрҹ’һрҹҸҙвҖҚвҳ"] = CFrame.new(-0.000000, -0.000000, -0.000000, 0.901337, -0.433118, 0.000000, 0.433118, 0.901337, 0.000000, 0.000000, 0.000000, 1.000000)
    }},
    { Time = 0.150, Data = {
      ["Head"] = CFrame.new(0.000000, 0.000000, 0.000000, 1.000000, -0.000000, 0.000000, 0.000000, 0.974678, 0.223612, -0.000000, -0.223612, 0.974678),
      ["LeftUpperArm"] = CFrame.new(-0.017105, -1.350573, 0.084747, 0.863596, -0.496870, 0.085573, 0.208046, 0.196580, -0.958161, 0.459260, 0.845267, 0.273137),
      ["LeftUpperLeg"] = CFrame.new(-0.211231, -0.004644, -0.063548, 0.956263, 0.215978, 0.197267, -0.082503, 0.846167, -0.526492, -0.280631, 0.487190, 0.826977),
      ["LowerTorso"] = CFrame.new(0.000000, -1.363867, 0.496229, 1.000000, 0.000000, 0.000000, 0.000000, -0.058094, -0.998311, 0.000000, 0.998311, -0.058094),
      ["RightUpperArm"] = CFrame.new(0.046250, -1.498543, 0.132753, 0.850884, 0.521367, -0.064602, -0.130881, 0.091279, -0.987187, -0.508790, 0.848437, 0.145905),
      ["RightUpperLeg"] = CFrame.new(0.196894, 0.121434, -0.047953, 0.967816, -0.246159, -0.052329, 0.183546, 0.832698, -0.522422, 0.172173, 0.496004, 0.851080),
      ["рҹҢ§пёҸрҹҳірҹ‘»рҹҸіпёҸвҖҚрҹҢҲрҹҳӮрҹ’һрҹҸҙвҖҚвҳ пёҸрҹҺёрҹҢ§пёҸрҹҳірҹ‘»рҹҸіпёҸвҖҚрҹҢҲрҹҳӮрҹ’һрҹҸҙвҖҚвҳ"] = CFrame.new(-0.000000, -0.000000, -0.000000, 0.902941, -0.429764, 0.000000, 0.429764, 0.902941, 0.000000, 0.000000, 0.000000, 1.000000)
    }},
    { Time = 0.167, Data = {
      ["Head"] = CFrame.new(0.000000, -0.000000, 0.000000, 1.000000, -0.000000, 0.000000, 0.000000, 0.975219, 0.221241, -0.000000, -0.221241, 0.975219),
      ["LeftUpperArm"] = CFrame.new(-0.015256, -1.350976, 0.085917, 0.867639, -0.489837, 0.085219, 0.204336, 0.195047, -0.959272, 0.453265, 0.849716, 0.269322),
      ["LeftUpperLeg"] = CFrame.new(-0.216020, -0.004651, -0.063557, 0.956257, 0.214061, 0.199377, -0.082518, 0.851273, -0.518194, -0.280649, 0.479074, 0.831699),
      ["LowerTorso"] = CFrame.new(0.000000, -1.363866, 0.492297, 1.000000, 0.000000, 0.000000, 0.000000, -0.058094, -0.998311, 0.000000, 0.998311, -0.058094),
      ["RightUpperArm"] = CFrame.new(0.044496, -1.499441, 0.133915, 0.854849, 0.514699, -0.065714, -0.128834, 0.087864, -0.987766, -0.502628, 0.852857, 0.141421),
      ["RightUpperLeg"] = CFrame.new(0.199834, 0.121551, -0.046181, 0.967819, -0.245615, -0.054772, 0.183519, 0.837804, -0.514203, 0.172184, 0.487604, 0.855918),
      ["рҹҢ§пёҸрҹҳірҹ‘»рҹҸіпёҸвҖҚрҹҢҲрҹҳӮрҹ’һрҹҸҙвҖҚвҳ пёҸрҹҺёрҹҢ§пёҸрҹҳірҹ‘»рҹҸіпёҸвҖҚрҹҢҲрҹҳӮрҹ’һрҹҸҙвҖҚвҳ"] = CFrame.new(-0.000000, -0.000000, -0.000000, 0.904306, -0.426886, 0.000000, 0.426886, 0.904306, 0.000000, 0.000000, 0.000000, 1.000000)
    }},
    { Time = 0.183, Data = {
      ["Head"] = CFrame.new(0.000000, 0.000000, 0.000000, 1.000000, -0.000000, 0.000000, 0.000000, 0.975659, 0.219292, -0.000000, -0.219292, 0.975659),
      ["LeftUpperArm"] = CFrame.new(-0.013295, -1.351435, 0.087141, 0.871838, -0.482381, 0.084900, 0.200478, 0.193298, -0.960440, 0.446887, 0.854368, 0.265231),
      ["LeftUpperLeg"] = CFrame.new(-0.221103, -0.004662, -0.063546, 0.956261, 0.211984, 0.201562, -0.082540, 0.856614, -0.509313, -0.280627, 0.470400, 0.836644),
      ["LowerTorso"] = CFrame.new(0.000000, -1.363867, 0.488119, 1.000000, 0.000000, 0.000000, 0.000000, -0.058094, -0.998311, 0.000000, 0.998311, -0.058094),
      ["RightUpperArm"] = CFrame.new(0.042619, -1.500400, 0.135134, 0.859015, 0.507562, -0.066894, -0.126726, 0.084216, -0.988356, -0.496018, 0.857490, 0.136664),
      ["RightUpperLeg"] = CFrame.new(0.202960, 0.121649, -0.044276, 0.967821, -0.245037, -0.057275, 0.183542, 0.843087, -0.505486, 0.172150, 0.478707, 0.860932),
      ["рҹҢ§пёҸрҹҳірҹ‘»рҹҸіпёҸвҖҚрҹҢҲрҹҳӮрҹ’һрҹҸҙвҖҚвҳ пёҸрҹҺёрҹҢ§пёҸрҹҳірҹ‘»рҹҸіпёҸвҖҚрҹҢҲрҹҳӮрҹ’һрҹҸҙвҖҚвҳ"] = CFrame.new(-0.000000, -0.000000, -0.000000, 0.905435, -0.424484, 0.000000, 0.424484, 0.905435, 0.000000, 0.000000, 0.000000, 1.000000)
    }},
    { Time = 0.200, Data = {
      ["Head"] = CFrame.new(0.000000, 0.000000, 0.000000, 1.000000, -0.000000, 0.000000, 0.000000, 0.976001, 0.217767, -0.000000, -0.217767, 0.976001),
      ["LeftUpperArm"] = CFrame.new(-0.011221, -1.351891, 0.088401, 0.876199, -0.474496, 0.084439, 0.196411, 0.191564, -0.961627, 0.440112, 0.859161, 0.261044),
      ["LeftUpperLeg"] = CFrame.new(-0.226433, -0.004652, -0.063559, 0.956255, 0.209784, 0.203880, -0.082521, 0.862084, -0.500001, -0.280654, 0.461304, 0.841684),
      ["LowerTorso"] = CFrame.new(0.000000, -1.363867, 0.483742, 1.000000, 0.000000, 0.000000, 0.000000, -0.058094, -0.998311, 0.000000, 0.998311, -0.058094),
      ["RightUpperArm"] = CFrame.new(0.040661, -1.501403, 0.136378, 0.863282, 0.500114, -0.068047, -0.124529, 0.080398, -0.988953, -0.489119, 0.862219, 0.131685),
      ["RightUpperLeg"] = CFrame.new(0.206231, 0.121780, -0.042289, 0.967829, -0.244363, -0.059942, 0.183511, 0.848552, -0.496270, 0.172134, 0.469305, 0.866097),
      ["рҹҢ§пёҸрҹҳірҹ‘»рҹҸіпёҸвҖҚрҹҢҲрҹҳӮрҹ’һрҹҸҙвҖҚвҳ пёҸрҹҺёрҹҢ§пёҸрҹҳірҹ‘»рҹҸіпёҸвҖҚрҹҢҲрҹҳӮрҹ’һрҹҸҙвҖҚвҳ"] = CFrame.new(-0.000000, -0.000000, -0.000000, 0.906334, -0.422562, 0.000000, 0.422562, 0.906334, 0.000000, 0.000000, 0.000000, 1.000000)
    }},
    { Time = 0.217, Data = {
      ["Head"] = CFrame.new(0.000000, -0.000000, 0.000000, 1.000000, -0.000000, 0.000000, 0.000000, 0.976265, 0.216580, -0.000000, -0.216580, 0.976265),
      ["LeftUpperArm"] = CFrame.new(-0.009077, -1.352392, 0.089683, 0.880616, -0.466344, 0.083902, 0.192175, 0.189658, -0.962860, 0.433111, 0.864033, 0.256636),
      ["LeftUpperLeg"] = CFrame.new(-0.231944, -0.004633, -0.063557, 0.956259, 0.207438, 0.206247, -0.082484, 0.867671, -0.490248, -0.280650, 0.451792, 0.846829),
      ["LowerTorso"] = CFrame.new(0.000000, -1.363866, 0.479212, 1.000000, 0.000000, 0.000000, 0.000000, -0.058094, -0.998311, 0.000000, 0.998311, -0.058094),
      ["RightUpperArm"] = CFrame.new(0.038618, -1.502482, 0.137648, 0.867643, 0.492349, -0.069200, -0.122217, 0.076293, -0.989567, -0.481933, 0.867048, 0.126369),
      ["RightUpperLeg"] = CFrame.new(0.209621, 0.121909, -0.040262, 0.967826, -0.243677, -0.062728, 0.183493, 0.854077, -0.486707, 0.172174, 0.459537, 0.871310),
      ["рҹҢ§пёҸрҹҳірҹ‘»рҹҸіпёҸвҖҚрҹҢҲрҹҳӮрҹ’һрҹҸҙвҖҚвҳ пёҸрҹҺёрҹҢ§пёҸрҹҳірҹ‘»рҹҸіпёҸвҖҚрҹҢҲрҹҳӮрҹ’һрҹҸҙвҖҚвҳ"] = CFrame.new(-0.000000, -0.000000, -0.000000, 0.906968, -0.421199, 0.000000, 0.421199, 0.906968, 0.000000, 0.000000, 0.000000, 1.000000)
    }},
    { Time = 0.233, Data = {
      ["Head"] = CFrame.new(0.000000, -0.000000, 0.000000, 1.000000, -0.000000, 0.000000, 0.000000, 0.976415, 0.215902, -0.000000, -0.215902, 0.976415),
      ["LeftUpperArm"] = CFrame.new(-0.006851, -1.352913, 0.090984, 0.885101, -0.457879, 0.083326, 0.187852, 0.187675, -0.964101, 0.425803, 0.868979, 0.252125),
      ["LeftUpperLeg"] = CFrame.new(-0.237580, -0.004633, -0.063554, 0.956260, 0.205046, 0.208620, -0.082485, 0.873264, -0.480215, -0.280646, 0.442003, 0.851981),
      ["LowerTorso"] = CFrame.new(0.000000, -1.363867, 0.474581, 1.000000, 0.000000, 0.000000, 0.000000, -0.058094, -0.998311, 0.000000, 0.998311, -0.058094),
      ["RightUpperArm"] = CFrame.new(0.036510, -1.503561, 0.138924, 0.872053, 0.484333, -0.070319, -0.119936, 0.072190, -0.990154, -0.474487, 0.871901, 0.121042),
      ["RightUpperLeg"] = CFrame.new(0.213084, 0.122011, -0.038135, 0.967830, -0.242937, -0.065467, 0.183532, 0.859651, -0.476777, 0.172106, 0.449424, 0.876583),
      ["рҹҢ§пёҸрҹҳірҹ‘»рҹҸіпёҸвҖҚрҹҢҲрҹҳӮрҹ’һрҹҸҙвҖҚвҳ пёҸрҹҺёрҹҢ§пёҸрҹҳірҹ‘»рҹҸіпёҸвҖҚрҹҢҲрҹҳӮрҹ’һрҹҸҙвҖҚвҳ"] = CFrame.new(-0.000000, -0.000000, -0.000000, 0.907340, -0.420397, 0.000000, 0.420397, 0.907340, 0.000000, 0.000000, 0.000000, 1.000000)
    }},
    { Time = 0.250, Data = {
      ["Head"] = CFrame.new(0.000000, -0.000000, -0.000000, 1.000000, -0.000000, 0.000000, 0.000000, 0.976471, 0.215647, -0.000000, -0.215647, 0.976471),
      ["LeftUpperArm"] = CFrame.new(-0.004604, -1.353456, 0.092270, 0.889519, -0.449336, 0.082782, 0.183593, 0.185604, -0.965321, 0.418388, 0.873870, 0.247593),
      ["LeftUpperLeg"] = CFrame.new(-0.243279, -0.004645, -0.063553, 0.956259, 0.202616, 0.210988, -0.082511, 0.878813, -0.469978, -0.280644, 0.432011, 0.857091),
      ["LowerTorso"] = CFrame.new(0.000000, -1.363867, 0.469898, 1.000000, 0.000000, 0.000000, 0.000000, -0.058094, -0.998311, 0.000000, 0.998311, -0.058094),
      ["RightUpperArm"] = CFrame.new(0.034364, -1.504649, 0.140190, 0.876448, 0.476173, -0.071403, -0.117683, 0.068049, -0.990717, -0.466894, 0.876715, 0.115679),
      ["RightUpperLeg"] = CFrame.new(0.216592, 0.122124, -0.036029, 0.967823, -0.242193, -0.068281, 0.183553, 0.865100, -0.466808, 0.172127, 0.439254, 0.881719),
      ["рҹҢ§пёҸрҹҳірҹ‘»рҹҸіпёҸвҖҚрҹҢҲрҹҳӮрҹ’һрҹҸҙвҖҚвҳ пёҸрҹҺёрҹҢ§пёҸрҹҳірҹ‘»рҹҸіпёҸвҖҚрҹҢҲрҹҳӮрҹ’һрҹҸҙвҖҚвҳ"] = CFrame.new(-0.000000, -0.000000, -0.000000, 0.907489, -0.420077, 0.000000, 0.420077, 0.907489, 0.000000, 0.000000, 0.000000, 1.000000)
    }},
    { Time = 0.267, Data = {
      ["Head"] = CFrame.new(0.000000, -0.000000, 0.000000, 1.000000, -0.000000, 0.000000, 0.000000, 0.976415, 0.215902, -0.000000, -0.215902, 0.976415),
      ["LeftUpperArm"] = CFrame.new(-0.002347, -1.354015, 0.093534, 0.893868, -0.440752, 0.082086, 0.179231, 0.183480, -0.966546, 0.410946, 0.878677, 0.243003),
      ["LeftUpperLeg"] = CFrame.new(-0.248981, -0.004651, -0.063559, 0.956254, 0.200176, 0.213324, -0.082525, 0.884195, -0.459770, -0.280655, 0.422052, 0.862035),
      ["LowerTorso"] = CFrame.new(0.000000, -1.363867, 0.465216, 1.000000, 0.000000, 0.000000, 0.000000, -0.058094, -0.998311, 0.000000, 0.998311, -0.058094),
      ["RightUpperArm"] = CFrame.new(0.032209, -1.505757, 0.141431, 0.880765, 0.467979, -0.072451, -0.115458, 0.063835, -0.991259, -0.459264, 0.881431, 0.110255),
      ["RightUpperLeg"] = CFrame.new(0.220091, 0.122267, -0.033909, 0.967832, -0.241336, -0.071127, 0.183513, 0.870524, -0.456630, 0.172119, 0.428888, 0.886809),
      ["рҹҢ§пёҸрҹҳірҹ‘»рҹҸіпёҸвҖҚрҹҢҲрҹҳӮрҹ’һрҹҸҙвҖҚвҳ пёҸрҹҺёрҹҢ§пёҸрҹҳірҹ‘»рҹҸіпёҸвҖҚрҹҢҲрҹҳӮрҹ’һрҹҸҙвҖҚвҳ"] = CFrame.new(-0.000000, -0.000000, -0.000000, 0.907340, -0.420397, 0.000000, 0.420397, 0.907340, 0.000000, 0.000000, 0.000000, 1.000000)
    }},
    { Time = 0.283, Data = {
      ["Head"] = CFrame.new(0.000000, -0.000000, 0.000000, 1.000000, -0.000000, 0.000000, 0.000000, 0.976265, 0.216580, -0.000000, -0.216580, 0.976265),
      ["LeftUpperArm"] = CFrame.new(-0.000101, -1.354551, 0.094758, 0.898094, -0.432212, 0.081362, 0.174987, 0.181441, -0.967708, 0.403493, 0.883330, 0.238583),
      ["LeftUpperLeg"] = CFrame.new(-0.254610, -0.004668, -0.063528, 0.956269, 0.197700, 0.215556, -0.082560, 0.889451, -0.449512, -0.280595, 0.412058, 0.866877),
      ["LowerTorso"] = CFrame.new(0.000000, -1.363866, 0.460584, 1.000000, 0.000000, 0.000000, 0.000000, -0.058094, -0.998311, 0.000000, 0.998311, -0.058094),
      ["RightUpperArm"] = CFrame.new(0.030076, -1.506864, 0.142628, 0.884946, 0.459867, -0.073435, -0.113284, 0.059625, -0.991772, -0.451705, 0.885984, 0.104861),
      ["RightUpperLeg"] = CFrame.new(0.223562, 0.122377, -0.031837, 0.967819, -0.240547, -0.073912, 0.183537, 0.875684, -0.446645, 0.172163, 0.418706, 0.891653),
      ["рҹҢ§пёҸрҹҳірҹ‘»рҹҸіпёҸвҖҚрҹҢҲрҹҳӮрҹ’һрҹҸҙвҖҚвҳ пёҸрҹҺёрҹҢ§пёҸрҹҳірҹ‘»рҹҸіпёҸвҖҚрҹҢҲрҹҳӮрҹ’һрҹҸҙвҖҚвҳ"] = CFrame.new(-0.000000, -0.000000, -0.000000, 0.906968, -0.421199, 0.000000, 0.421199, 0.906968, 0.000000, 0.000000, 0.000000, 1.000000)
    }},
    { Time = 0.300, Data = {
      ["Head"] = CFrame.new(0.000000, 0.000000, 0.000000, 1.000000, -0.000000, 0.000000, 0.000000, 0.976001, 0.217767, -0.000000, -0.217767, 0.976001),
      ["LeftUpperArm"] = CFrame.new(0.002107, -1.355127, 0.095943, 0.902149, -0.423818, 0.080651, 0.170823, 0.179248, -0.968860, 0.396164, 0.887833, 0.234107),
      ["LeftUpperLeg"] = CFrame.new(-0.260127, -0.004656, -0.063549, 0.956259, 0.195253, 0.217820, -0.082537, 0.894468, -0.439449, -0.280637, 0.402248, 0.871458),
      ["LowerTorso"] = CFrame.new(0.000000, -1.363866, 0.456055, 1.000000, 0.000000, 0.000000, 0.000000, -0.058094, -0.998311, 0.000000, 0.998311, -0.058094),
      ["RightUpperArm"] = CFrame.new(0.027964, -1.507968, 0.143784, 0.888996, 0.451838, -0.074356, -0.111162, 0.055424, -0.992256, -0.444218, 0.890377, 0.099499),
      ["RightUpperLeg"] = CFrame.new(0.226953, 0.122476, -0.029778, 0.967816, -0.239720, -0.076595, 0.183577, 0.880684, -0.436687, 0.172138, 0.408571, 0.896347),
      ["рҹҢ§пёҸрҹҳірҹ‘»рҹҸіпёҸвҖҚрҹҢҲрҹҳӮрҹ’һрҹҸҙвҖҚвҳ пёҸрҹҺёрҹҢ§пёҸрҹҳірҹ‘»рҹҸіпёҸвҖҚрҹҢҲрҹҳӮрҹ’һрҹҸҙвҖҚвҳ"] = CFrame.new(-0.000000, -0.000000, -0.000000, 0.906334, -0.422562, 0.000000, 0.422562, 0.906334, 0.000000, 0.000000, 0.000000, 1.000000)
    }},
    { Time = 0.317, Data = {
      ["Head"] = CFrame.new(0.000000, 0.000000, 0.000000, 1.000000, -0.000000, 0.000000, 0.000000, 0.975659, 0.219292, -0.000000, -0.219292, 0.975659),
      ["LeftUpperArm"] = CFrame.new(0.004226, -1.355676, 0.097052, 0.905955, -0.415760, 0.079928, 0.166873, 0.177157, -0.969932, 0.389099, 0.892053, 0.229876),
      ["LeftUpperLeg"] = CFrame.new(-0.265456, -0.004665, -0.063551, 0.956256, 0.192903, 0.219917, -0.082555, 0.899168, -0.429746, -0.280642, 0.392792, 0.875759),
      ["LowerTorso"] = CFrame.new(0.000000, -1.363866, 0.451678, 1.000000, 0.000000, 0.000000, 0.000000, -0.058094, -0.998311, 0.000000, 0.998311, -0.058094),
      ["RightUpperArm"] = CFrame.new(0.025922, -1.509027, 0.144872, 0.892828, 0.444073, -0.075222, -0.109197, 0.051394, -0.992691, -0.436961, 0.894516, 0.094377),
      ["RightUpperLeg"] = CFrame.new(0.230221, 0.122629, -0.027801, 0.967830, -0.238805, -0.079234, 0.183502, 0.885398, -0.427080, 0.172143, 0.398801, 0.900735),
      ["рҹҢ§пёҸрҹҳірҹ‘»рҹҸіпёҸвҖҚрҹҢҲрҹҳӮрҹ’һрҹҸҙвҖҚвҳ пёҸрҹҺёрҹҢ§пёҸрҹҳірҹ‘»рҹҸіпёҸвҖҚрҹҢҲрҹҳӮрҹ’һрҹҸҙвҖҚвҳ"] = CFrame.new(-0.000000, -0.000000, -0.000000, 0.905435, -0.424484, 0.000000, 0.424484, 0.905435, 0.000000, 0.000000, 0.000000, 1.000000)
    }},
    { Time = 0.333, Data = {
      ["Head"] = CFrame.new(0.000000, -0.000000, 0.000000, 1.000000, -0.000000, 0.000000, 0.000000, 0.975219, 0.221241, -0.000000, -0.221241, 0.975219),
      ["LeftUpperArm"] = CFrame.new(0.006285, -1.356188, 0.098102, 0.909571, -0.407930, 0.079208, 0.163130, 0.175210, -0.970922, 0.382190, 0.896044, 0.225911),
      ["LeftUpperLeg"] = CFrame.new(-0.270533, -0.004658, -0.063524, 0.956272, 0.190560, 0.221878, -0.082542, 0.903614, -0.420320, -0.280588, 0.383627, 0.879830),
      ["LowerTorso"] = CFrame.new(0.000000, -1.363866, 0.447500, 1.000000, 0.000000, 0.000000, 0.000000, -0.058094, -0.998311, 0.000000, 0.998311, -0.058094),
      ["RightUpperArm"] = CFrame.new(0.023949, -1.510030, 0.145897, 0.896461, 0.436571, -0.075917, -0.107270, 0.047578, -0.993091, -0.429942, 0.898411, 0.089483),
      ["RightUpperLeg"] = CFrame.new(0.233354, 0.122706, -0.025919, 0.967815, -0.238039, -0.081680, 0.183568, 0.889748, -0.417914, 0.172155, 0.389469, 0.904807),
      ["рҹҢ§пёҸрҹҳірҹ‘»рҹҸіпёҸвҖҚрҹҢҲрҹҳӮрҹ’һрҹҸҙвҖҚвҳ пёҸрҹҺёрҹҢ§пёҸрҹҳірҹ‘»рҹҸіпёҸвҖҚрҹҢҲрҹҳӮрҹ’һрҹҸҙвҖҚвҳ"] = CFrame.new(-0.000000, -0.000000, -0.000000, 0.904306, -0.426886, 0.000000, 0.426886, 0.904306, 0.000000, 0.000000, 0.000000, 1.000000)
    }},
    { Time = 0.350, Data = {
      ["Head"] = CFrame.new(0.000000, 0.000000, 0.000000, 1.000000, -0.000000, 0.000000, 0.000000, 0.974678, 0.223612, -0.000000, -0.223612, 0.974678),
      ["LeftUpperArm"] = CFrame.new(0.008213, -1.356704, 0.099070, 0.912889, -0.400601, 0.078434, 0.159528, 0.173247, -0.971873, 0.375745, 0.899725, 0.222062),
      ["LeftUpperLeg"] = CFrame.new(-0.275318, -0.004643, -0.063525, 0.956275, 0.188366, 0.223734, -0.082512, 0.907663, -0.411509, -0.280589, 0.375055, 0.883518),
      ["LowerTorso"] = CFrame.new(0.000000, -1.363866, 0.443567, 1.000000, 0.000000, 0.000000, 0.000000, -0.058094, -0.998311, 0.000000, 0.998311, -0.058094),
      ["RightUpperArm"] = CFrame.new(0.022107, -1.510971, 0.146831, 0.899785, 0.429568, -0.076540, -0.105513, 0.044000, -0.993444, -0.423384, 0.901962, 0.084916),
      ["RightUpperLeg"] = CFrame.new(0.236290, 0.122830, -0.024124, 0.967829, -0.237178, -0.083991, 0.183528, 0.893805, -0.409183, 0.172120, 0.380604, 0.908579),
      ["рҹҢ§пёҸрҹҳірҹ‘»рҹҸіпёҸвҖҚрҹҢҲрҹҳӮрҹ’һрҹҸҙвҖҚвҳ пёҸрҹҺёрҹҢ§пёҸрҹҳірҹ‘»рҹҸіпёҸвҖҚрҹҢҲрҹҳӮрҹ’һрҹҸҙвҖҚвҳ"] = CFrame.new(-0.000000, -0.000000, -0.000000, 0.902941, -0.429764, 0.000000, 0.429764, 0.902941, 0.000000, 0.000000, 0.000000, 1.000000)
    }},
    { Time = 0.367, Data = {
      ["Head"] = CFrame.new(0.000000, 0.000000, -0.000000, 1.000000, -0.000000, 0.000000, 0.000000, 0.974033, 0.226406, -0.000000, -0.226406, 0.974033),
      ["LeftUpperArm"] = CFrame.new(0.010015, -1.357174, 0.099954, 0.915925, -0.393746, 0.077750, 0.156280, 0.171459, -0.972717, 0.369673, 0.903087, 0.218579),
      ["LeftUpperLeg"] = CFrame.new(-0.279764, -0.004667, -0.063558, 0.956251, 0.186396, 0.225479, -0.082561, 0.911358, -0.403249, -0.280656, 0.366992, 0.886876),
      ["LowerTorso"] = CFrame.new(0.000000, -1.363866, 0.439923, 1.000000, 0.000000, 0.000000, 0.000000, -0.058094, -0.998311, 0.000000, 0.998311, -0.058094),
      ["RightUpperArm"] = CFrame.new(0.020382, -1.511876, 0.147687, 0.902832, 0.423009, -0.077183, -0.103958, 0.040557, -0.993754, -0.417237, 0.905217, 0.080591),
      ["RightUpperLeg"] = CFrame.new(0.239020, 0.122934, -0.022503, 0.967822, -0.236413, -0.086191, 0.183512, 0.897478, -0.401069, 0.172173, 0.372346, 0.911984),
      ["рҹҢ§пёҸрҹҳірҹ‘»рҹҸіпёҸвҖҚрҹҢҲрҹҳӮрҹ’һрҹҸҙвҖҚвҳ пёҸрҹҺёрҹҢ§пёҸрҹҳірҹ‘»рҹҸіпёҸвҖҚрҹҢҲрҹҳӮрҹ’һрҹҸҙвҖҚвҳ"] = CFrame.new(-0.000000, -0.000000, -0.000000, 0.901337, -0.433118, 0.000000, 0.433118, 0.901337, 0.000000, 0.000000, 0.000000, 1.000000)
    }},
    { Time = 0.383, Data = {
      ["Head"] = CFrame.new(0.000000, 0.000000, 0.000000, 1.000000, -0.000000, 0.000000, 0.000000, 0.973320, 0.229452, -0.000000, -0.229452, 0.973320),
      ["LeftUpperArm"] = CFrame.new(0.011650, -1.357630, 0.100746, 0.918626, -0.387530, 0.077109, 0.153314, 0.169725, -0.973493, 0.364170, 0.906098, 0.215327),
      ["LeftUpperLeg"] = CFrame.new(-0.283790, -0.004653, -0.063528, 0.956271, 0.184474, 0.226971, -0.082535, 0.914672, -0.395680, -0.280596, 0.359644, 0.889900),
      ["LowerTorso"] = CFrame.new(0.000000, -1.363866, 0.436607, 1.000000, 0.000000, 0.000000, 0.000000, -0.058094, -0.998311, 0.000000, 0.998311, -0.058094),
      ["RightUpperArm"] = CFrame.new(0.018806, -1.512681, 0.148452, 0.905573, 0.417018, -0.077679, -0.102531, 0.037490, -0.994023, -0.411613, 0.908125, 0.076707),
      ["RightUpperLeg"] = CFrame.new(0.241502, 0.123002, -0.020994, 0.967819, -0.235720, -0.088107, 0.183549, 0.900752, -0.393643, 0.172152, 0.364803, 0.915031),
      ["рҹҢ§пёҸрҹҳірҹ‘»рҹҸіпёҸвҖҚрҹҢҲрҹҳӮрҹ’һрҹҸҙвҖҚвҳ пёҸрҹҺёрҹҢ§пёҸрҹҳірҹ‘»рҹҸіпёҸвҖҚрҹҢҲрҹҳӮрҹ’һрҹҸҙвҖҚвҳ"] = CFrame.new(-0.000000, -0.000000, -0.000000, 0.899527, -0.436865, 0.000000, 0.436865, 0.899527, 0.000000, 0.000000, 0.000000, 1.000000)
    }},
    { Time = 0.400, Data = {
      ["Head"] = CFrame.new(0.000000, -0.000000, 0.000000, 1.000000, -0.000000, 0.000000, 0.000000, 0.972516, 0.232834, -0.000000, -0.232834, 0.972516),
      ["LeftUpperArm"] = CFrame.new(0.013114, -1.358012, 0.101438, 0.921008, -0.381965, 0.076472, 0.150671, 0.168270, -0.974158, 0.359226, 0.908729, 0.212529),
      ["LeftUpperLeg"] = CFrame.new(-0.287384, -0.004654, -0.063536, 0.956265, 0.182822, 0.228326, -0.082537, 0.917535, -0.388996, -0.280614, 0.353138, 0.892496),
      ["LowerTorso"] = CFrame.new(0.000000, -1.363866, 0.433656, 1.000000, 0.000000, 0.000000, 0.000000, -0.058094, -0.998311, 0.000000, 0.998311, -0.058094),
      ["RightUpperArm"] = CFrame.new(0.017412, -1.513403, 0.149116, 0.907956, 0.411714, -0.078156, -0.101340, 0.034748, -0.994245, -0.406629, 0.910650, 0.073273),
      ["RightUpperLeg"] = CFrame.new(0.243706, 0.123090, -0.019651, 0.967826, -0.235039, -0.089830, 0.183530, 0.903632, -0.386996, 0.172132, 0.358059, 0.917695),
      ["рҹҢ§пёҸрҹҳірҹ‘»рҹҸіпёҸвҖҚрҹҢҲрҹҳӮрҹ’һрҹҸҙвҖҚвҳ пёҸрҹҺёрҹҢ§пёҸрҹҳірҹ‘»рҹҸіпёҸвҖҚрҹҢҲрҹҳӮрҹ’һрҹҸҙвҖҚвҳ"] = CFrame.new(0.000000, -0.000000, -0.000000, 0.897544, -0.440925, 0.000000, 0.440925, 0.897544, 0.000000, 0.000000, 0.000000, 1.000000)
    }},
    { Time = 0.417, Data = {
      ["Head"] = CFrame.new(0.000000, 0.000000, 0.000000, 1.000000, -0.000000, 0.000000, 0.000000, 0.971639, 0.236468, -0.000000, -0.236468, 0.971639),
      ["LeftUpperArm"] = CFrame.new(0.014391, -1.358353, 0.102034, 0.923051, -0.377111, 0.075922, 0.148388, 0.166970, -0.974732, 0.354906, 0.910993, 0.210081),
      ["LeftUpperLeg"] = CFrame.new(-0.290490, -0.004637, -0.063534, 0.956270, 0.181343, 0.229484, -0.082504, 0.919977, -0.383191, -0.280609, 0.347501, 0.894708),
      ["LowerTorso"] = CFrame.new(0.000000, -1.363867, 0.431103, 1.000000, 0.000000, 0.000000, 0.000000, -0.058094, -0.998311, 0.000000, 0.998311, -0.058094),
      ["RightUpperArm"] = CFrame.new(0.016199, -1.514027, 0.149684, 0.910004, 0.407100, -0.078500, -0.100265, 0.032372, -0.994434, -0.402293, 0.912810, 0.070277),
      ["RightUpperLeg"] = CFrame.new(0.245617, 0.123158, -0.018499, 0.967826, -0.234461, -0.091333, 0.183528, 0.906084, -0.381220, 0.172137, 0.352193, 0.919962),
      ["рҹҢ§пёҸрҹҳірҹ‘»рҹҸіпёҸвҖҚрҹҢҲрҹҳӮрҹ’һрҹҸҙвҖҚвҳ пёҸрҹҺёрҹҢ§пёҸрҹҳірҹ‘»рҹҸіпёҸвҖҚрҹҢҲрҹҳӮрҹ’һрҹҸҙвҖҚвҳ"] = CFrame.new(-0.000000, -0.000000, -0.000000, 0.895344, -0.445376, 0.000000, 0.445376, 0.895344, 0.000000, 0.000000, 0.000000, 1.000000)
    }},
    { Time = 0.433, Data = {
      ["Head"] = CFrame.new(0.000000, 0.000000, -0.000000, 1.000000, -0.000000, 0.000000, 0.000000, 0.970686, 0.240352, -0.000000, -0.240352, 0.970686),
      ["LeftUpperArm"] = CFrame.new(0.015449, -1.358659, 0.102525, 0.924723, -0.373087, 0.075454, 0.146472, 0.165808, -0.975220, 0.351331, 0.912860, 0.207974),
      ["LeftUpperLeg"] = CFrame.new(-0.293079, -0.004643, -0.063527, 0.956273, 0.180124, 0.230430, -0.082517, 0.922006, -0.378280, -0.280595, 0.342724, 0.896552),
      ["LowerTorso"] = CFrame.new(0.000000, -1.363866, 0.428974, 1.000000, 0.000000, 0.000000, 0.000000, -0.058094, -0.998311, 0.000000, 0.998311, -0.058094),
      ["RightUpperArm"] = CFrame.new(0.015183, -1.514561, 0.150152, 0.911698, 0.403238, -0.078776, -0.099359, 0.030343, -0.994589, -0.398666, 0.914592, 0.067728),
      ["RightUpperLeg"] = CFrame.new(0.247214, 0.123214, -0.017559, 0.967818, -0.233996, -0.092599, 0.183528, 0.908063, -0.376482, 0.172181, 0.347372, 0.921784),
      ["рҹҢ§пёҸрҹҳірҹ‘»рҹҸіпёҸвҖҚрҹҢҲрҹҳӮрҹ’һрҹҸҙвҖҚвҳ пёҸрҹҺёрҹҢ§пёҸрҹҳірҹ‘»рҹҸіпёҸвҖҚрҹҢҲрҹҳӮрҹ’һрҹҸҙвҖҚвҳ"] = CFrame.new(-0.000000, -0.000000, -0.000000, 0.893001, -0.450055, 0.000000, 0.450055, 0.893001, 0.000000, 0.000000, 0.000000, 1.000000)
    }},
    { Time = 0.450, Data = {
      ["Head"] = CFrame.new(0.000000, -0.000000, 0.000000, 1.000000, -0.000000, 0.000000, 0.000000, 0.969674, 0.244402, -0.000000, -0.244402, 0.969674),
      ["LeftUpperArm"] = CFrame.new(0.016271, -1.358905, 0.102904, 0.926006, -0.369962, 0.075108, 0.145001, 0.164874, -0.975598, 0.348551, 0.914300, 0.206319),
      ["LeftUpperLeg"] = CFrame.new(-0.295135, -0.004652, -0.063560, 0.956252, 0.179202, 0.231235, -0.082535, 0.923573, -0.374433, -0.280662, 0.338967, 0.897959),
      ["LowerTorso"] = CFrame.new(0.000000, -1.363866, 0.427294, 1.000000, 0.000000, 0.000000, 0.000000, -0.058094, -0.998311, 0.000000, 0.998311, -0.058094),
      ["RightUpperArm"] = CFrame.new(0.014367, -1.514970, 0.150524, 0.913048, 0.400135, -0.078964, -0.098641, 0.028784, -0.994707, -0.395744, 0.916004, 0.065751),
      ["RightUpperLeg"] = CFrame.new(0.248473, 0.123242, -0.016790, 0.967814, -0.233626, -0.093564, 0.183562, 0.909649, -0.372618, 0.172164, 0.343450, 0.923256),
      ["рҹҢ§пёҸрҹҳірҹ‘»рҹҸіпёҸвҖҚрҹҢҲрҹҳӮрҹ’һрҹҸҙвҖҚвҳ пёҸрҹҺёрҹҢ§пёҸрҹҳірҹ‘»рҹҸіпёҸвҖҚрҹҢҲрҹҳӮрҹ’һрҹҸҙвҖҚвҳ"] = CFrame.new(-0.000000, -0.000000, -0.000000, 0.890551, -0.454883, 0.000000, 0.454883, 0.890551, 0.000000, 0.000000, 0.000000, 1.000000)
    }},
    { Time = 0.467, Data = {
      ["Head"] = CFrame.new(0.000000, -0.000000, 0.000000, 1.000000, -0.000000, 0.000000, 0.000000, 0.968602, 0.248618, -0.000000, -0.248618, 0.968602),
      ["LeftUpperArm"] = CFrame.new(0.016871, -1.359052, 0.103172, 0.926939, -0.367680, 0.074809, 0.143932, 0.164312, -0.975851, 0.346508, 0.915321, 0.205229),
      ["LeftUpperLeg"] = CFrame.new(-0.296606, -0.004638, -0.063543, 0.956264, 0.178465, 0.231753, -0.082508, 0.924704, -0.371637, -0.280627, 0.336262, 0.898986),
      ["LowerTorso"] = CFrame.new(0.000000, -1.363866, 0.426080, 1.000000, 0.000000, 0.000000, 0.000000, -0.058094, -0.998311, 0.000000, 0.998311, -0.058094),
      ["RightUpperArm"] = CFrame.new(0.013782, -1.515270, 0.150788, 0.914000, 0.397910, -0.079190, -0.098223, 0.027643, -0.994780, -0.393644, 0.917008, 0.064350),
      ["RightUpperLeg"] = CFrame.new(0.249377, 0.123301, -0.016249, 0.967823, -0.233295, -0.094300, 0.183506, 0.910778, -0.369877, 0.172177, 0.340671, 0.924283),
      ["рҹҢ§пёҸрҹҳірҹ‘»рҹҸіпёҸвҖҚрҹҢҲрҹҳӮрҹ’һрҹҸҙвҖҚвҳ пёҸрҹҺёрҹҢ§пёҸрҹҳірҹ‘»рҹҸіпёҸвҖҚрҹҢҲрҹҳӮрҹ’һрҹҸҙвҖҚвҳ"] = CFrame.new(-0.000000, -0.000000, -0.000000, 0.887951, -0.459938, 0.000000, 0.459938, 0.887951, 0.000000, 0.000000, 0.000000, 1.000000)
    }},
    { Time = 0.483, Data = {
      ["Head"] = CFrame.new(0.000000, 0.000000, 0.000000, 1.000000, -0.000000, 0.000000, 0.000000, 0.967511, 0.252830, -0.000000, -0.252830, 0.967511),
      ["LeftUpperArm"] = CFrame.new(0.017235, -1.359163, 0.103338, 0.927499, -0.366296, 0.074658, 0.143287, 0.163887, -0.976017, 0.345276, 0.915952, 0.204490),
      ["LeftUpperLeg"] = CFrame.new(-0.297492, -0.004635, -0.063523, 0.956276, 0.178013, 0.232051, -0.082502, 0.925398, -0.369909, -0.280588, 0.334591, 0.899622),
      ["LowerTorso"] = CFrame.new(0.000000, -1.363866, 0.425346, 1.000000, 0.000000, 0.000000, 0.000000, -0.058094, -0.998311, 0.000000, 0.998311, -0.058094),
      ["RightUpperArm"] = CFrame.new(0.013427, -1.515442, 0.150947, 0.914584, 0.396561, -0.079216, -0.097868, 0.026987, -0.994833, -0.392375, 0.917611, 0.063493),
      ["RightUpperLeg"] = CFrame.new(0.249928, 0.123303, -0.015912, 0.967818, -0.233159, -0.094690, 0.183542, 0.911424, -0.368264, 0.172167, 0.339033, 0.924887),
      ["рҹҢ§пёҸрҹҳірҹ‘»рҹҸіпёҸвҖҚрҹҢҲрҹҳӮрҹ’һрҹҸҙвҖҚвҳ пёҸрҹҺёрҹҢ§пёҸрҹҳірҹ‘»рҹҸіпёҸвҖҚрҹҢҲрҹҳӮрҹ’һрҹҸҙвҖҚвҳ"] = CFrame.new(-0.000000, -0.000000, -0.000000, 0.885279, -0.465060, 0.000000, 0.465060, 0.885279, 0.000000, 0.000000, 0.000000, 1.000000)
    }},
    { Time = 0.500, Data = {
      ["Head"] = CFrame.new(0.000000, 0.000000, 0.000000, 1.000000, -0.000000, 0.000000, 0.000000, 0.966356, 0.257207, -0.000000, -0.257207, 0.966356),
      ["LeftUpperArm"] = CFrame.new(0.017361, -1.359210, 0.103397, 0.927690, -0.365816, 0.074636, 0.143084, 0.163709, -0.976077, 0.344846, 0.916176, 0.204213),
      ["LeftUpperLeg"] = CFrame.new(-0.297802, -0.004671, -0.063551, 0.956253, 0.177956, 0.232188, -0.082573, 0.925616, -0.369346, -0.280644, 0.334016, 0.899818),
      ["LowerTorso"] = CFrame.new(0.000000, -1.363866, 0.425101, 1.000000, 0.000000, 0.000000, 0.000000, -0.058094, -0.998311, 0.000000, 0.998311, -0.058094),
      ["RightUpperArm"] = CFrame.new(0.013318, -1.515503, 0.150995, 0.914762, 0.396149, -0.079225, -0.097749, 0.026758, -0.994851, -0.391990, 0.917796, 0.063200),
      ["RightUpperLeg"] = CFrame.new(0.250109, 0.123332, -0.015807, 0.967824, -0.233061, -0.094862, 0.183496, 0.911661, -0.367699, 0.172179, 0.338461, 0.925094),
      ["рҹҢ§пёҸрҹҳірҹ‘»рҹҸіпёҸвҖҚрҹҢҲрҹҳӮрҹ’һрҹҸҙвҖҚвҳ пёҸрҹҺёрҹҢ§пёҸрҹҳірҹ‘»рҹҸіпёҸвҖҚрҹҢҲрҹҳӮрҹ’һрҹҸҙвҖҚвҳ"] = CFrame.new(-0.000000, -0.000000, -0.000000, 0.882534, -0.470249, 0.000000, 0.470249, 0.882534, 0.000000, 0.000000, 0.000000, 1.000000)
    }},
    { Time = 0.517, Data = {
      ["Head"] = CFrame.new(0.000000, -0.000000, 0.000000, 1.000000, -0.000000, 0.000000, 0.000000, 0.965205, 0.261495, -0.000000, -0.261495, 0.965205),
      ["LeftUpperArm"] = CFrame.new(0.017235, -1.359164, 0.103338, 0.927499, -0.366296, 0.074658, 0.143287, 0.163887, -0.976017, 0.345276, 0.915952, 0.204490),
      ["LeftUpperLeg"] = CFrame.new(-0.297492, -0.004635, -0.063523, 0.956276, 0.178013, 0.232051, -0.082502, 0.925398, -0.369909, -0.280588, 0.334591, 0.899622),
      ["LowerTorso"] = CFrame.new(0.000000, -1.363866, 0.425346, 1.000000, 0.000000, 0.000000, 0.000000, -0.058094, -0.998311, 0.000000, 0.998311, -0.058094),
      ["RightUpperArm"] = CFrame.new(0.013427, -1.515443, 0.150946, 0.914584, 0.396561, -0.079216, -0.097868, 0.026987, -0.994833, -0.392375, 0.917611, 0.063493),
      ["RightUpperLeg"] = CFrame.new(0.249928, 0.123303, -0.015912, 0.967818, -0.233159, -0.094690, 0.183542, 0.911424, -0.368264, 0.172167, 0.339033, 0.924887),
