return {
  ["Astros hump 17"] = {
    { Time = 0.000, Data = {
      ["Balls"] = CFrame.new(-0.000000, -0.000001, 0.034546, 0.995955, 0.089857, 0.000000, -0.089857, 0.995955, -0.000000, -0.000000, 0.000000, 1.000000),
      ["Cock"] = CFrame.new(-0.000658, 0.000147, 0.038324, 0.975658, 0.218622, -0.017208, -0.218589, 0.975810, 0.003815, 0.017625, 0.000040, 0.999845),
      ["Head"] = CFrame.new(0.000000, 0.000000, 0.000000, 1.000000, -0.000000, 0.000000, 0.000000, 0.986888, 0.161408, -0.000000, -0.161408, 0.986888),
      ["LeftUpperArm"] = CFrame.new(-0.097536, -0.873766, 0.030856, 0.907103, -0.370583, 0.199580, 0.268409, 0.144042, -0.952475, 0.324223, 0.917562, 0.230129),
      ["LeftUpperLeg"] = CFrame.new(-0.000062, -0.500742, -0.550963, 0.999876, 0.015752, -0.000040, -0.000772, 0.051502, 0.998673, 0.015733, -0.998549, 0.051508),
      ["LowerTorso"] = CFrame.new(0.000047, -0.998540, -1.634346, -1.000000, -0.000013, 0.000431, 0.000013, 0.998174, 0.060398, -0.000431, 0.060398, -0.998174),
      ["RightUpperArm"] = CFrame.new(0.080970, -0.690221, 0.073824, 0.928437, 0.308102, -0.207550, -0.259819, 0.139233, -0.955567, -0.265515, 0.941110, 0.209320),
      ["RightUpperLeg"] = CFrame.new(0.000303, -0.501250, -0.541434, 0.999394, -0.034797, 0.000042, 0.001750, 0.051487, 0.998672, -0.034753, -0.998067, 0.051517)
    }},
    { Time = 0.017, Data = {
      ["Balls"] = CFrame.new(-0.000000, -0.000003, 0.034546, 0.997876, 0.065139, 0.000000, -0.065139, 0.997876, -0.000000, -0.000000, 0.000000, 1.000000),
      ["Cock"] = CFrame.new(-0.000665, 0.000150, 0.038324, 0.975598, 0.218877, -0.017369, -0.218842, 0.975752, 0.003922, 0.017806, -0.000025, 0.999841),
      ["Head"] = CFrame.new(0.000000, -0.000000, -0.000000, 1.000000, -0.000000, 0.000000, 0.000000, 0.988076, 0.153969, -0.000000, -0.153969, 0.988076),
      ["LeftUpperArm"] = CFrame.new(-0.097552, -0.873755, 0.032291, 0.907096, -0.370647, 0.199494, 0.268373, 0.144149, -0.952469, 0.324273, 0.917520, 0.230228),
      ["LeftUpperLeg"] = CFrame.new(-0.000061, -0.500848, -0.549388, 0.999876, 0.015752, -0.000039, -0.000771, 0.051383, 0.998679, 0.015733, -0.998555, 0.051389),
      ["LowerTorso"] = CFrame.new(0.000047, -0.998550, -1.632774, -1.000000, -0.000013, 0.000431, 0.000013, 0.998185, 0.060225, -0.000431, 0.060225, -0.998185),
      ["RightUpperArm"] = CFrame.new(0.080974, -0.690209, 0.075266, 0.928437, 0.308114, -0.207533, -0.259835, 0.139341, -0.955547, -0.265500, 0.941090, 0.209428),
      ["RightUpperLeg"] = CFrame.new(0.000305, -0.501387, -0.539830, 0.999392, -0.034860, -0.000019, 0.001811, 0.051366, 0.998678, -0.034813, -0.998071, 0.051398)
    }},
    { Time = 0.033, Data = {
      ["Balls"] = CFrame.new(-0.000000, -0.000002, 0.034546, 0.999173, 0.040649, 0.000000, -0.040649, 0.999173, -0.000000, -0.000000, 0.000000, 1.000000),
      ["Cock"] = CFrame.new(-0.000684, 0.000156, 0.038323, 0.975436, 0.219556, -0.017873, -0.219518, 0.975600, 0.004071, 0.018331, -0.000047, 0.999832),
      ["Head"] = CFrame.new(0.000000, -0.000000, 0.000000, 1.000000, -0.000000, 0.000000, 0.000000, 0.989195, 0.146609, -0.000000, -0.146609, 0.989195),
      ["LeftUpperArm"] = CFrame.new(-0.097556, -0.873749, 0.036604, 0.907096, -0.370669, 0.199451, 0.268410, 0.144363, -0.952426, 0.324242, 0.917477, 0.230442),
      ["LeftUpperLeg"] = CFrame.new(-0.000059, -0.501167, -0.544683, 0.999876, 0.015752, -0.000035, -0.000767, 0.050907, 0.998703, 0.015733, -0.998579, 0.050913),
      ["LowerTorso"] = CFrame.new(0.000047, -0.998576, -1.628156, -1.000000, -0.000013, 0.000431, 0.000013, 0.998211, 0.059794, -0.000431, 0.059794, -0.998211),
      ["RightUpperArm"] = CFrame.new(0.080982, -0.690202, 0.079579, 0.928437, 0.308138, -0.207497, -0.259865, 0.139558, -0.955507, -0.265470, 0.941050, 0.209645),
      ["RightUpperLeg"] = CFrame.new(0.000306, -0.501703, -0.535124, 0.999392, -0.034860, -0.000028, 0.001803, 0.050890, 0.998703, -0.034813, -0.998096, 0.050922)
    }},
    { Time = 0.050, Data = {
      ["Balls"] = CFrame.new(-0.000000, -0.000002, 0.034546, 0.999861, 0.016660, 0.000000, -0.016660, 0.999861, -0.000000, -0.000000, 0.000000, 1.000000),
      ["Cock"] = CFrame.new(-0.000715, 0.000166, 0.038321, 0.975133, 0.220828, -0.018718, -0.220787, 0.975313, 0.004264, 0.019198, -0.000025, 0.999816),
      ["Head"] = CFrame.new(0.000000, -0.000000, 0.000000, 1.000000, -0.000000, 0.000000, 0.000000, 0.990234, 0.139414, -0.000000, -0.139414, 0.990234),
      ["LeftUpperArm"] = CFrame.new(-0.097596, -0.873691, 0.043719, 0.907082, -0.370831, 0.199215, 0.268394, 0.144897, -0.952350, 0.324295, 0.917327, 0.230962),
      ["LeftUpperLeg"] = CFrame.new(-0.000056, -0.501693, -0.536897, 0.999876, 0.015752, -0.000028, -0.000761, 0.050075, 0.998745, 0.015733, -0.998621, 0.050081),
      ["LowerTorso"] = CFrame.new(0.000047, -0.998612, -1.620627, -1.000000, -0.000013, 0.000431, 0.000013, 0.998247, 0.059191, -0.000431, 0.059191, -0.998247),
      ["RightUpperArm"] = CFrame.new(0.081015, -0.690142, 0.086702, 0.928434, 0.308251, -0.207344, -0.259886, 0.140100, -0.955422, -0.265461, 0.940932, 0.210184),
      ["RightUpperLeg"] = CFrame.new(0.000310, -0.502225, -0.527338, 0.999392, -0.034860, -0.000042, 0.001788, 0.050058, 0.998745, -0.034814, -0.998138, 0.050090)
    }},
    { Time = 0.067, Data = {
      ["Balls"] = CFrame.new(-0.000000, -0.000002, 0.034546, 0.999978, -0.006560, 0.000000, 0.006560, 0.999978, 0.000000, 0.000000, 0.000000, 1.000000),
      ["Cock"] = CFrame.new(-0.000759, 0.000180, 0.038319, 0.974726, 0.222523, -0.019810, -0.222476, 0.974927, 0.004577, 0.020332, -0.000054, 0.999793),
      ["Head"] = CFrame.new(0.000000, -0.000000, 0.000000, 1.000000, -0.000000, 0.000000, 0.000000, 0.991198, 0.132385, -0.000000, -0.132385, 0.991198),
      ["LeftUpperArm"] = CFrame.new(-0.097607, -0.873627, 0.053590, 0.907111, -0.370892, 0.198969, 0.268390, 0.145574, -0.952247, 0.324216, 0.917195, 0.231595),
      ["LeftUpperLeg"] = CFrame.new(-0.000051, -0.502451, -0.526149, 0.999877, 0.015692, 0.000043, -0.000812, 0.049004, 0.998798, 0.015671, -0.998675, 0.049010),
      ["LowerTorso"] = CFrame.new(0.000047, -0.998667, -1.610089, -1.000000, -0.000013, 0.000431, 0.000013, 0.998302, 0.058243, -0.000431, 0.058243, -0.998302),
      ["RightUpperArm"] = CFrame.new(0.081050, -0.690078, 0.096571, 0.928460, 0.308369, -0.207054, -0.259807, 0.140783, -0.955343, -0.265448, 0.940792, 0.210828),
      ["RightUpperLeg"] = CFrame.new(0.000313, -0.502979, -0.516589, 0.999394, -0.034800, -0.000123, 0.001829, 0.048987, 0.998798, -0.034752, -0.998193, 0.049021)
    }},
    { Time = 0.083, Data = {
      ["Balls"] = CFrame.new(-0.000000, -0.000002, 0.034546, 0.999587, -0.028742, 0.000000, 0.028742, 0.999587, 0.000000, 0.000000, 0.000000, 1.000000),
      ["Cock"] = CFrame.new(-0.000815, 0.000198, 0.038316, 0.974208, 0.224643, -0.021320, -0.224587, 0.974441, 0.005032, 0.021905, -0.000114, 0.999760),
      ["Head"] = CFrame.new(0.000000, 0.000000, 0.000000, 1.000000, -0.000000, 0.000000, 0.000000, 0.992069, 0.125694, -0.000000, -0.125694, 0.992069),
      ["LeftUpperArm"] = CFrame.new(-0.097651, -0.873576, 0.066088, 0.907097, -0.371076, 0.198690, 0.268411, 0.146321, -0.952127, 0.324239, 0.917002, 0.232328),
      ["LeftUpperLeg"] = CFrame.new(-0.000046, -0.503406, -0.512462, 0.999876, 0.015755, 0.000112, -0.000864, 0.047693, 0.998862, 0.015731, -0.998738, 0.047700),
      ["LowerTorso"] = CFrame.new(0.000047, -0.998731, -1.596821, -1.000000, -0.000012, 0.000431, 0.000012, 0.998367, 0.057122, -0.000431, 0.057122, -0.998367),
      ["RightUpperArm"] = CFrame.new(0.081106, -0.690023, 0.109074, 0.928453, 0.308559, -0.206800, -0.259804, 0.141542, -0.955232, -0.265475, 0.940615, 0.211580),
      ["RightUpperLeg"] = CFrame.new(0.000319, -0.503896, -0.502932, 0.999394, -0.034800, -0.000146, 0.001806, 0.047677, 0.998861, -0.034754, -0.998256, 0.047711)
    }},
    { Time = 0.100, Data = {
      ["Balls"] = CFrame.new(-0.000000, -0.000002, 0.034546, 0.998772, -0.049534, 0.000000, 0.049534, 0.998772, 0.000000, 0.000000, 0.000000, 1.000000),
      ["Cock"] = CFrame.new(-0.000882, 0.000220, 0.038312, 0.973558, 0.227270, -0.023084, -0.227202, 0.973832, 0.005525, 0.023735, -0.000134, 0.999718),
      ["Head"] = CFrame.new(0.000000, 0.000000, -0.000000, 1.000000, -0.000000, 0.000000, 0.000000, 0.992843, 0.119428, -0.000000, -0.119428, 0.992843),
      ["LeftUpperArm"] = CFrame.new(-0.097696, -0.873488, 0.081080, 0.907112, -0.371275, 0.198250, 0.268354, 0.147318, -0.951989, 0.324244, 0.916762, 0.233267),
      ["LeftUpperLeg"] = CFrame.new(-0.000039, -0.504514, -0.496079, 0.999876, 0.015755, 0.000126, -0.000851, 0.046024, 0.998940, 0.015732, -0.998816, 0.046032),
      ["LowerTorso"] = CFrame.new(0.000046, -0.998809, -1.580868, -1.000000, -0.000012, 0.000431, 0.000012, 0.998445, 0.055742, -0.000431, 0.055742, -0.998445),
      ["RightUpperArm"] = CFrame.new(0.081168, -0.689941, 0.124071, 0.928446, 0.308773, -0.206511, -0.259831, 0.142517, -0.955079, -0.265471, 0.940398, 0.212548),
      ["RightUpperLeg"] = CFrame.new(0.000326, -0.504996, -0.486548, 0.999394, -0.034800, -0.000175, 0.001777, 0.046009, 0.998940, -0.034755, -0.998335, 0.046043)
    }},
    { Time = 0.117, Data = {
      ["Balls"] = CFrame.new(-0.000000, -0.000002, 0.034546, 0.997627, -0.068844, 0.000000, 0.068844, 0.997627, 0.000000, 0.000000, 0.000000, 1.000000),
      ["Cock"] = CFrame.new(-0.000959, 0.000245, 0.038308, 0.972812, 0.230233, -0.025103, -0.230154, 0.973135, 0.006057, 0.025823, -0.000115, 0.999667),
      ["Head"] = CFrame.new(0.000000, 0.000000, 0.000000, 1.000000, -0.000000, 0.000000, 0.000000, 0.993528, 0.113588, -0.000000, -0.113588, 0.993528),
      ["LeftUpperArm"] = CFrame.new(-0.097763, -0.873381, 0.098395, 0.907090, -0.371556, 0.197822, 0.268395, 0.148491, -0.951796, 0.324271, 0.916459, 0.234418),
      ["LeftUpperLeg"] = CFrame.new(-0.000031, -0.505793, -0.477149, 0.999876, 0.015754, 0.000141, -0.000836, 0.044116, 0.999026, 0.015733, -0.998902, 0.044123),
      ["LowerTorso"] = CFrame.new(0.000046, -0.998898, -1.562389, -1.000000, -0.000012, 0.000431, 0.000012, 0.998535, 0.054104, -0.000431, 0.054104, -0.998535),
      ["RightUpperArm"] = CFrame.new(0.081252, -0.689829, 0.141393, 0.928436, 0.309063, -0.206121, -0.259834, 0.143707, -0.954900, -0.265504, 0.940121, 0.213728),
      ["RightUpperLeg"] = CFrame.new(0.000335, -0.506298, -0.467587, 0.999392, -0.034862, -0.000268, 0.001806, 0.044098, 0.999026, -0.034817, -0.998419, 0.044134)
    }},
    { Time = 0.133, Data = {
      ["Balls"] = CFrame.new(-0.000000, -0.000002, 0.034546, 0.996267, -0.086328, 0.000000, 0.086328, 0.996267, 0.000000, 0.000000, 0.000000, 1.000000),
      ["Cock"] = CFrame.new(-0.001045, 0.000273, 0.038304, 0.971963, 0.233535, -0.027366, -0.233439, 0.972348, 0.006717, 0.028178, -0.000140, 0.999603),
      ["Head"] = CFrame.new(0.000000, 0.000000, 0.000000, 1.000000, -0.000000, 0.000000, 0.000000, 0.994123, 0.108261, -0.000000, -0.108261, 0.994123),
      ["LeftUpperArm"] = CFrame.new(-0.097816, -0.873261, 0.117859, 0.907105, -0.371788, 0.197318, 0.268394, 0.149805, -0.951590, 0.324230, 0.916151, 0.235675),
      ["LeftUpperLeg"] = CFrame.new(-0.000022, -0.507231, -0.455878, 0.999876, 0.015754, 0.000158, -0.000819, 0.041966, 0.999119, 0.015734, -0.998995, 0.041974),
      ["LowerTorso"] = CFrame.new(0.000046, -0.998994, -1.541659, -1.000000, -0.000011, 0.000431, 0.000011, 0.998632, 0.052293, -0.000431, 0.052293, -0.998632),
      ["RightUpperArm"] = CFrame.new(0.081323, -0.689705, 0.160864, 0.928459, 0.309304, -0.205659, -0.259792, 0.145038, -0.954711, -0.265468, 0.939838, 0.215016),
      ["RightUpperLeg"] = CFrame.new(0.000343, -0.507755, -0.446347, 0.999394, -0.034802, -0.000368, 0.001829, 0.041949, 0.999118, -0.034756, -0.998513, 0.041987)
    }},
    { Time = 0.150, Data = {
      ["Balls"] = CFrame.new(-0.000000, -0.000002, 0.034546, 0.994795, -0.101900, 0.000000, 0.101900, 0.994795, 0.000000, 0.000000, 0.000000, 1.000000),
      ["Cock"] = CFrame.new(-0.001140, 0.000304, 0.038299, 0.970987, 0.237258, -0.029882, -0.237141, 0.971447, 0.007421, 0.030789, -0.000120, 0.999526),
      ["Head"] = CFrame.new(0.000000, 0.000000, -0.000000, 1.000000, -0.000000, 0.000000, 0.000000, 0.994617, 0.103619, -0.000000, -0.103619, 0.994617),
      ["LeftUpperArm"] = CFrame.new(-0.097900, -0.873146, 0.139243, 0.907076, -0.372142, 0.196782, 0.268417, 0.151189, -0.951364, 0.324292, 0.915779, 0.237029),
      ["LeftUpperLeg"] = CFrame.new(-0.000012, -0.508811, -0.432501, 0.999876, 0.015754, 0.000176, -0.000800, 0.039575, 0.999216, 0.015735, -0.999092, 0.039582),
      ["LowerTorso"] = CFrame.new(0.000045, -0.999095, -1.518880, -1.000000, -0.000011, 0.000431, 0.000011, 0.998734, 0.050310, -0.000431, 0.050310, -0.998734),
      ["RightUpperArm"] = CFrame.new(0.081415, -0.689584, 0.182261, 0.928448, 0.309617, -0.205234, -0.259825, 0.146442, -0.954487, -0.265471, 0.939517, 0.216410),
      ["RightUpperLeg"] = CFrame.new(0.000352, -0.509324, -0.422968, 0.999394, -0.034802, -0.000410, 0.001787, 0.039558, 0.999216, -0.034758, -0.998611, 0.039596)
    }},
    { Time = 0.167, Data = {
      ["Balls"] = CFrame.new(-0.000000, -0.000002, 0.034546, 0.993320, -0.115392, 0.000000, 0.115392, 0.993320, 0.000000, 0.000000, 0.000000, 1.000000),
      ["Cock"] = CFrame.new(-0.001243, 0.000337, 0.038294, 0.969939, 0.241148, -0.032641, -0.241007, 0.970488, 0.008255, 0.033668, -0.000140, 0.999433),
      ["Head"] = CFrame.new(0.000000, -0.000000, 0.000000, 1.000000, -0.000000, 0.000000, 0.000000, 0.995038, 0.099492, -0.000000, -0.099492, 0.995038),
      ["LeftUpperArm"] = CFrame.new(-0.097970, -0.873013, 0.162325, 0.907083, -0.372447, 0.196170, 0.268399, 0.152714, -0.951126, 0.324286, 0.915402, 0.238489),
      ["LeftUpperLeg"] = CFrame.new(-0.000002, -0.510517, -0.407273, 0.999876, 0.015754, 0.000196, -0.000780, 0.037061, 0.999313, 0.015736, -0.999189, 0.037068),
      ["LowerTorso"] = CFrame.new(0.000045, -0.999200, -1.494284, -1.000000, -0.000010, 0.000431, 0.000010, 0.998840, 0.048154, -0.000431, 0.048154, -0.998840),
      ["RightUpperArm"] = CFrame.new(0.081510, -0.689455, 0.205352, 0.928438, 0.309942, -0.204791, -0.259874, 0.147954, -0.954241, -0.265459, 0.939173, 0.217911),
      ["RightUpperLeg"] = CFrame.new(0.000364, -0.511049, -0.397709, 0.999392, -0.034863, -0.000513, 0.001805, 0.037042, 0.999312, -0.034820, -0.998705, 0.037082)
    }},
    { Time = 0.183, Data = {
      ["Balls"] = CFrame.new(0.000000, -0.000002, 0.034546, 0.991960, -0.126552, 0.000000, 0.126552, 0.991960, 0.000000, 0.000000, 0.000000, 1.000000),
      ["Cock"] = CFrame.new(-0.001352, 0.000372, 0.038288, 0.968779, 0.245373, -0.035480, -0.245204, 0.969429, 0.009117, 0.036633, -0.000133, 0.999329),
      ["Head"] = CFrame.new(0.000000, -0.000000, 0.000000, 1.000000, -0.000000, 0.000000, 0.000000, 0.995376, 0.096051, -0.000000, -0.096051, 0.995376),
      ["LeftUpperArm"] = CFrame.new(-0.098043, -0.872869, 0.186849, 0.907091, -0.372763, 0.195536, 0.268399, 0.154344, -0.950863, 0.324266, 0.915000, 0.240053),
      ["LeftUpperLeg"] = CFrame.new(0.000009, -0.512329, -0.380471, 0.999876, 0.015754, 0.000217, -0.000759, 0.034424, 0.999407, 0.015737, -0.999283, 0.034431),
      ["LowerTorso"] = CFrame.new(0.000044, -0.999305, -1.468199, -1.000000, -0.000010, 0.000431, 0.000010, 0.998946, 0.045911, -0.000431, 0.045911, -0.998945),
      ["RightUpperArm"] = CFrame.new(0.081606, -0.689306, 0.229883, 0.928456, 0.310269, -0.204210, -0.259822, 0.149604, -0.953998, -0.265445, 0.938803, 0.219515),
      ["RightUpperLeg"] = CFrame.new(0.000374, -0.512879, -0.370937, 0.999394, -0.034803, -0.000621, 0.001819, 0.034405, 0.999406, -0.034761, -0.998802, 0.034448)
    }},
    { Time = 0.200, Data = {
      ["Balls"] = CFrame.new(0.000000, -0.000001, 0.034546, 0.990793, -0.135386, 0.000000, 0.135386, 0.990793, 0.000000, 0.000000, 0.000000, 1.000000),
      ["Cock"] = CFrame.new(-0.001466, 0.000409, 0.038282, 0.967542, 0.249764, -0.038487, -0.249563, 0.968307, 0.010016, 0.039769, -0.000087, 0.999209),
      ["Head"] = CFrame.new(0.000000, -0.000000, 0.000000, 1.000000, -0.000000, 0.000000, 0.000000, 0.995630, 0.093385, -0.000000, -0.093385, 0.995630),
      ["LeftUpperArm"] = CFrame.new(-0.098114, -0.872739, 0.212548, 0.907098, -0.373077, 0.194903, 0.268399, 0.155972, -0.950597, 0.324246, 0.914596, 0.241615),
      ["LeftUpperLeg"] = CFrame.new(0.000021, -0.514289, -0.352389, 0.999876, 0.015755, 0.000362, -0.000859, 0.031542, 0.999502, 0.015736, -0.999378, 0.031551),
      ["LowerTorso"] = CFrame.new(0.000044, -0.999412, -1.440803, -1.000000, -0.000009, 0.000432, 0.000009, 0.999054, 0.043496, -0.000432, 0.043496, -0.999054),
      ["RightUpperArm"] = CFrame.new(0.081719, -0.689180, 0.255587, 0.928442, 0.310657, -0.203683, -0.259831, 0.151220, -0.953740, -0.265485, 0.938416, 0.221117),
      ["RightUpperLeg"] = CFrame.new(0.000386, -0.514763, -0.342853, 0.999394, -0.034802, -0.000672, 0.001769, 0.031525, 0.999501, -0.034763, -0.998897, 0.031567)
    }},
    { Time = 0.217, Data = {
      ["Balls"] = CFrame.new(0.000000, -0.000001, 0.034546, 0.989906, -0.141727, 0.000000, 0.141727, 0.989906, 0.000000, 0.000000, 0.000000, 1.000000),
      ["Cock"] = CFrame.new(-0.001584, 0.000447, 0.038276, 0.966226, 0.254321, -0.041562, -0.254082, 0.967120, 0.011030, 0.043001, -0.000097, 0.999075),
      ["Head"] = CFrame.new(0.000000, 0.000000, 0.000000, 1.000000, -0.000000, 0.000000, 0.000000, 0.995814, 0.091406, -0.000000, -0.091406, 0.995814),
      ["LeftUpperArm"] = CFrame.new(-0.098205, -0.872565, 0.239123, 0.907097, -0.373464, 0.194162, 0.268381, 0.157811, -0.950299, 0.324262, 0.914123, 0.243380),
      ["LeftUpperLeg"] = CFrame.new(0.000033, -0.516253, -0.323334, 0.999876, 0.015755, 0.000385, -0.000836, 0.028656, 0.999589, 0.015737, -0.999465, 0.028666),
      ["LowerTorso"] = CFrame.new(0.000043, -0.999513, -1.412541, -1.000000, -0.000009, 0.000432, 0.000009, 0.999156, 0.041081, -0.000432, 0.041081, -0.999156),
      ["RightUpperArm"] = CFrame.new(0.081822, -0.688999, 0.282177, 0.928461, 0.311006, -0.203067, -0.259810, 0.153082, -0.953449, -0.265442, 0.937999, 0.222933),
      ["RightUpperLeg"] = CFrame.new(0.000398, -0.516775, -0.313796, 0.999394, -0.034803, -0.000844, 0.001841, 0.028637, 0.999588, -0.034764, -0.998984, 0.028684)
    }},
    { Time = 0.233, Data = {
      ["Balls"] = CFrame.new(0.000000, -0.000001, 0.034546, 0.989346, -0.145581, 0.000000, 0.145581, 0.989346, 0.000000, 0.000000, 0.000000, 1.000000),
      ["Cock"] = CFrame.new(-0.001705, 0.000486, 0.038269, 0.964853, 0.258957, -0.044729, -0.258680, 0.965889, 0.011985, 0.046307, 0.000007, 0.998927),
      ["Head"] = CFrame.new(0.000000, -0.000000, 0.000000, 1.000000, -0.000000, 0.000000, 0.000000, 0.995916, 0.090287, -0.000000, -0.090287, 0.995916),
      ["LeftUpperArm"] = CFrame.new(-0.098278, -0.872426, 0.266310, 0.907104, -0.373788, 0.193506, 0.268400, 0.159541, -0.950004, 0.324228, 0.913690, 0.245045),
      ["LeftUpperLeg"] = CFrame.new(0.000046, -0.518262, -0.293623, 0.999876, 0.015754, 0.000408, -0.000812, 0.025646, 0.999671, 0.015738, -0.999547, 0.025656),
      ["LowerTorso"] = CFrame.new(0.000043, -0.999615, -1.383524, -1.000000, -0.000008, 0.000432, 0.000008, 0.999259, 0.038492, -0.000432, 0.038492, -0.999259),
      ["RightUpperArm"] = CFrame.new(0.081938, -0.688862, 0.309368, 0.928447, 0.311403, -0.202522, -0.259834, 0.154802, -0.953165, -0.265468, 0.937584, 0.224639),
      ["RightUpperLeg"] = CFrame.new(0.000410, -0.518769, -0.284084, 0.999394, -0.034801, -0.000896, 0.001789, 0.025628, 0.999670, -0.034767, -0.999066, 0.025674)
    }},
    { Time = 0.250, Data = {
      ["Balls"] = CFrame.new(-0.000000, 0.000000, 0.034546, 0.989156, -0.146866, 0.000000, 0.146866, 0.989156, 0.000000, 0.000000, 0.000000, 1.000000),
      ["Cock"] = CFrame.new(-0.001827, 0.000526, 0.038263, 0.963441, 0.263591, -0.047965, -0.263268, 0.964635, 0.013053, 0.049709, 0.000052, 0.998764),
      ["Head"] = CFrame.new(0.000000, -0.000000, 0.000000, 1.000000, -0.000000, 0.000000, 0.000000, 0.995955, 0.089857, -0.000000, -0.089857, 0.995955),
      ["LeftUpperArm"] = CFrame.new(-0.098368, -0.872263, 0.293787, 0.907104, -0.374172, 0.192765, 0.268382, 0.161375, -0.949699, 0.324244, 0.913210, 0.246805),
      ["LeftUpperLeg"] = CFrame.new(0.000058, -0.520293, -0.263583, 0.999876, 0.015753, 0.000432, -0.000789, 0.022631, 0.999744, 0.015740, -0.999620, 0.022641),
      ["LowerTorso"] = CFrame.new(0.000042, -0.999707, -1.354300, -1.000000, -0.000008, 0.000432, 0.000008, 0.999352, 0.035990, -0.000432, 0.035990, -0.999352),
      ["RightUpperArm"] = CFrame.new(0.082057, -0.688702, 0.336856, 0.928432, 0.311812, -0.201958, -0.259874, 0.156627, -0.952855, -0.265479, 0.937145, 0.226449),
      ["RightUpperLeg"] = CFrame.new(0.000423, -0.520785, -0.254043, 0.999394, -0.034800, -0.000949, 0.001736, 0.022613, 0.999743, -0.034769, -0.999138, 0.022660)
    }},
    { Time = 0.267, Data = {
      ["Balls"] = CFrame.new(0.000000, -0.000001, 0.034546, 0.989346, -0.145581, 0.000000, 0.145581, 0.989346, 0.000000, 0.000000, 0.000000, 1.000000),
      ["Cock"] = CFrame.new(-0.001949, 0.000566, 0.038257, 0.961977, 0.268302, -0.051121, -0.267935, 0.963335, 0.014041, 0.053014, 0.000190, 0.998594),
      ["Head"] = CFrame.new(0.000000, -0.000000, 0.000000, 1.000000, -0.000000, 0.000000, 0.000000, 0.995916, 0.090287, -0.000000, -0.090287, 0.995916),
      ["LeftUpperArm"] = CFrame.new(-0.098457, -0.872100, 0.321263, 0.907103, -0.374556, 0.192022, 0.268365, 0.163207, -0.949391, 0.324261, 0.912727, 0.248563),
      ["LeftUpperLeg"] = CFrame.new(0.000071, -0.522323, -0.233544, 0.999876, 0.015753, 0.000456, -0.000765, 0.019612, 0.999807, 0.015741, -0.999683, 0.019622),
      ["LowerTorso"] = CFrame.new(0.000042, -0.999796, -1.324990, -1.000000, -0.000007, 0.000432, 0.000007, 0.999442, 0.033402, -0.000432, 0.033402, -0.999442),
      ["RightUpperArm"] = CFrame.new(0.082160, -0.688533, 0.364347, 0.928450, 0.312157, -0.201341, -0.259852, 0.158483, -0.952554, -0.265438, 0.936718, 0.228258),
      ["RightUpperLeg"] = CFrame.new(0.000436, -0.522863, -0.224003, 0.999394, -0.034800, -0.001123, 0.001806, 0.019592, 0.999806, -0.034771, -0.999202, 0.019643)
    }},
    { Time = 0.283, Data = {
      ["Balls"] = CFrame.new(0.000000, -0.000001, 0.034546, 0.989906, -0.141727, 0.000000, 0.141727, 0.989906, 0.000000, 0.000000, 0.000000, 1.000000),
      ["Cock"] = CFrame.new(-0.002070, 0.000605, 0.038250, 0.960503, 0.272928, -0.054261, -0.272508, 0.962034, 0.015128, 0.056330, 0.000257, 0.998412),
      ["Head"] = CFrame.new(0.000000, 0.000000, 0.000000, 1.000000, -0.000000, 0.000000, 0.000000, 0.995814, 0.091406, -0.000000, -0.091406, 0.995814),
      ["LeftUpperArm"] = CFrame.new(-0.098530, -0.871962, 0.348448, 0.907109, -0.374876, 0.191367, 0.268383, 0.164932, -0.949088, 0.324228, 0.912286, 0.250221),
      ["LeftUpperLeg"] = CFrame.new(0.000084, -0.524362, -0.203864, 0.999877, 0.015692, 0.000541, -0.000802, 0.016588, 0.999862, 0.015680, -0.999739, 0.016598),
      ["LowerTorso"] = CFrame.new(0.000041, -0.999875, -1.296059, -1.000000, -0.000007, 0.000432, 0.000007, 0.999523, 0.030900, -0.000432, 0.030900, -0.999522),
      ["RightUpperArm"] = CFrame.new(0.082289, -0.688398, 0.391532, 0.928432, 0.312605, -0.200729, -0.259823, 0.160197, -0.952276, -0.265530, 0.936277, 0.229954),
      ["RightUpperLeg"] = CFrame.new(0.000448, -0.524857, -0.194291, 0.999394, -0.034798, -0.001176, 0.001753, 0.016568, 0.999861, -0.034774, -0.999257, 0.016619)
    }},
    { Time = 0.300, Data = {
      ["Balls"] = CFrame.new(0.000000, -0.000001, 0.034546, 0.990793, -0.135386, 0.000000, 0.135386, 0.990793, 0.000000, 0.000000, 0.000000, 1.000000),
      ["Cock"] = CFrame.new(-0.002189, 0.000643, 0.038244, 0.959049, 0.277379, -0.057324, -0.276910, 0.960760, 0.016127, 0.059548, 0.000407, 0.998225),
      ["Head"] = CFrame.new(0.000000, -0.000000, 0.000000, 1.000000, -0.000000, 0.000000, 0.000000, 0.995630, 0.093385, -0.000000, -0.093385, 0.995630),
      ["LeftUpperArm"] = CFrame.new(-0.098619, -0.871791, 0.375019, 0.907108, -0.375257, 0.190624, 0.268366, 0.166760, -0.948773, 0.324246, 0.911797, 0.251975),
      ["LeftUpperLeg"] = CFrame.new(0.000095, -0.526357, -0.174778, 0.999876, 0.015752, 0.000625, -0.000840, 0.013679, 0.999906, 0.015742, -0.999782, 0.013691),
      ["LowerTorso"] = CFrame.new(0.000041, -0.999946, -1.267797, -1.000000, -0.000006, 0.000432, 0.000006, 0.999594, 0.028483, -0.000432, 0.028483, -0.999594),
      ["RightUpperArm"] = CFrame.new(0.082391, -0.688220, 0.418118, 0.928450, 0.312949, -0.200111, -0.259801, 0.162048, -0.951969, -0.265490, 0.935844, 0.231758),
      ["RightUpperLeg"] = CFrame.new(0.000460, -0.526868, -0.165235, 0.999394, -0.034797, -0.001349, 0.001825, 0.013659, 0.999905, -0.034775, -0.999301, 0.013714)
    }},
    { Time = 0.317, Data = {
      ["Balls"] = CFrame.new(0.000000, -0.000001, 0.034546, 0.991960, -0.126552, 0.000000, 0.126552, 0.991960, 0.000000, 0.000000, 0.000000, 1.000000),
      ["Cock"] = CFrame.new(-0.002303, 0.000680, 0.038238, 0.957594, 0.281743, -0.060298, -0.281222, 0.959490, 0.017126, 0.062680, 0.000558, 0.998034),
      ["Head"] = CFrame.new(0.000000, -0.000000, 0.000000, 1.000000, -0.000000, 0.000000, 0.000000, 0.995376, 0.096051, -0.000000, -0.096051, 0.995376),
      ["LeftUpperArm"] = CFrame.new(-0.098691, -0.871637, 0.400706, 0.907114, -0.375575, 0.189968, 0.268384, 0.168480, -0.948464, 0.324214, 0.911349, 0.253629),
      ["LeftUpperLeg"] = CFrame.new(0.000107, -0.528255, -0.146696, 0.999876, 0.015751, 0.000648, -0.000817, 0.010768, 0.999942, 0.015743, -0.999818, 0.010779),
      ["LowerTorso"] = CFrame.new(0.000040, -1.000011, -1.240401, -1.000000, -0.000006, 0.000432, 0.000006, 0.999660, 0.026067, -0.000432, 0.026067, -0.999660),
      ["RightUpperArm"] = CFrame.new(0.082488, -0.688097, 0.443821, 0.928438, 0.313277, -0.199648, -0.259865, 0.163651, -0.951677, -0.265466, 0.935455, 0.233350),
      ["RightUpperLeg"] = CFrame.new(0.000472, -0.528753, -0.137150, 0.999394, -0.034795, -0.001399, 0.001774, 0.010747, 0.999941, -0.034778, -0.999337, 0.010803)
    }},
    { Time = 0.333, Data = {
      ["Balls"] = CFrame.new(0.000000, -0.000001, 0.034546, 0.993320, -0.115392, 0.000000, 0.115392, 0.993320, 0.000000, 0.000000, 0.000000, 1.000000),
      ["Cock"] = CFrame.new(-0.002412, 0.000715, 0.038233, 0.956169, 0.285935, -0.063097, -0.285362, 0.958249, 0.018107, 0.065641, 0.000692, 0.997843),
      ["Head"] = CFrame.new(0.000000, -0.000000, 0.000000, 1.000000, -0.000000, 0.000000, 0.000000, 0.995038, 0.099492, -0.000000, -0.099492, 0.995038),
      ["LeftUpperArm"] = CFrame.new(-0.098777, -0.871507, 0.425218, 0.907083, -0.375942, 0.189387, 0.268444, 0.170057, -0.948166, 0.324249, 0.910905, 0.255175),
      ["LeftUpperLeg"] = CFrame.new(0.000118, -0.530068, -0.119893, 0.999876, 0.015750, 0.000669, -0.000796, 0.008095, 0.999967, 0.015744, -0.999843, 0.008106),
      ["LowerTorso"] = CFrame.new(0.000040, -1.000066, -1.214314, -1.000000, -0.000005, 0.000432, 0.000005, 0.999716, 0.023823, -0.000432, 0.023823, -0.999716),
      ["RightUpperArm"] = CFrame.new(0.082582, -0.687952, 0.468345, 0.928456, 0.313596, -0.199065, -0.259813, 0.165285, -0.951408, -0.265456, 0.935060, 0.234937),
      ["RightUpperLeg"] = CFrame.new(0.000482, -0.530583, -0.110377, 0.999395, -0.034732, -0.001507, 0.001789, 0.008075, 0.999966, -0.034719, -0.999364, 0.008132)
    }},
    { Time = 0.350, Data = {
      ["Balls"] = CFrame.new(0.000000, -0.000001, 0.034546, 0.994795, -0.101900, 0.000000, 0.101900, 0.994795, 0.000000, 0.000000, 0.000000, 1.000000),
      ["Cock"] = CFrame.new(-0.002514, 0.000749, 0.038227, 0.954825, 0.289789, -0.065811, -0.289162, 0.957090, 0.019077, 0.068515, 0.000814, 0.997650),
      ["Head"] = CFrame.new(0.000000, 0.000000, -0.000000, 1.000000, -0.000000, 0.000000, 0.000000, 0.994617, 0.103619, -0.000000, -0.103619, 0.994617),
      ["LeftUpperArm"] = CFrame.new(-0.098845, -0.871378, 0.448294, 0.907089, -0.376237, 0.188773, 0.268426, 0.171564, -0.947900, 0.324248, 0.910501, 0.256615),
      ["LeftUpperLeg"] = CFrame.new(0.000129, -0.531773, -0.094665, 0.999876, 0.015750, 0.000689, -0.000776, 0.005540, 0.999984, 0.015745, -0.999861, 0.005551),
      ["LowerTorso"] = CFrame.new(0.000040, -1.000114, -1.189715, -1.000000, -0.000005, 0.000432, 0.000005, 0.999765, 0.021666, -0.000432, 0.021666, -0.999765),
      ["RightUpperArm"] = CFrame.new(0.082692, -0.687800, 0.491419, 0.928441, 0.313977, -0.198536, -0.259823, 0.166885, -0.951127, -0.265499, 0.934649, 0.236521),
      ["RightUpperLeg"] = CFrame.new(0.000494, -0.532307, -0.085118, 0.999393, -0.034791, -0.001612, 0.001805, 0.005518, 0.999983, -0.034782, -0.999379, 0.005578)
    }},
    { Time = 0.367, Data = {
      ["Balls"] = CFrame.new(-0.000000, -0.000001, 0.034546, 0.996267, -0.086328, 0.000000, 0.086328, 0.996267, 0.000000, 0.000000, 0.000000, 1.000000),
      ["Cock"] = CFrame.new(-0.002609, 0.000779, 0.038222, 0.953558, 0.293387, -0.068195, -0.292712, 0.955993, 0.019913, 0.071036, 0.000973, 0.997473),
      ["Head"] = CFrame.new(0.000000, -0.000000, 0.000000, 1.000000, -0.000000, 0.000000, 0.000000, 0.994113, 0.108347, -0.000000, -0.108347, 0.994113),
      ["LeftUpperArm"] = CFrame.new(-0.098910, -0.871259, 0.469675, 0.907095, -0.376520, 0.188180, 0.268389, 0.172964, -0.947656, 0.324263, 0.910119, 0.257949),
      ["LeftUpperLeg"] = CFrame.new(0.000139, -0.533384, -0.071319, 0.999877, 0.015688, 0.000768, -0.000819, 0.003226, 0.999995, 0.015685, -0.999872, 0.003238),
      ["LowerTorso"] = CFrame.new(0.000039, -1.000154, -1.166935, -1.000000, -0.000004, 0.000432, 0.000004, 0.999806, 0.019680, -0.000432, 0.019680, -0.999806),
      ["RightUpperArm"] = CFrame.new(0.082765, -0.687675, 0.512812, 0.928462, 0.314219, -0.198053, -0.259795, 0.168303, -0.950884, -0.265453, 0.934313, 0.237895),
      ["RightUpperLeg"] = CFrame.new(0.000504, -0.533876, -0.061740, 0.999393, -0.034790, -0.001653, 0.001765, 0.003204, 0.999993, -0.034784, -0.999389, 0.003264)
    }},
    { Time = 0.383, Data = {
      ["Balls"] = CFrame.new(-0.000000, -0.000001, 0.034546, 0.997627, -0.068844, 0.000000, 0.068844, 0.997627, 0.000000, 0.000000, 0.000000, 1.000000),
      ["Cock"] = CFrame.new(-0.002696, 0.000807, 0.038218, 0.952381, 0.296649, -0.070494, -0.295926, 0.954986, 0.020732, 0.073471, 0.001116, 0.997297),
      ["Head"] = CFrame.new(0.000000, 0.000000, 0.000000, 1.000000, -0.000000, 0.000000, 0.000000, 0.993528, 0.113588, -0.000000, -0.113588, 0.993528),
      ["LeftUpperArm"] = CFrame.new(-0.098960, -0.871145, 0.489131, 0.907108, -0.376740, 0.187674, 0.268387, 0.174259, -0.947419, 0.324227, 0.909781, 0.259184),
      ["LeftUpperLeg"] = CFrame.new(0.000148, -0.534822, -0.050049, 0.999877, 0.015687, 0.000785, -0.000802, 0.001031, 0.999999, 0.015686, -0.999876, 0.001043),
      ["LowerTorso"] = CFrame.new(0.000039, -1.000188, -1.146202, -1.000000, -0.000004, 0.000432, 0.000004, 0.999840, 0.017868, -0.000432, 0.017868, -0.999840),
      ["RightUpperArm"] = CFrame.new(0.082850, -0.687566, 0.532271, 0.928450, 0.314511, -0.197643, -0.259814, 0.169580, -0.950652, -0.265474, 0.933984, 0.239161),
      ["RightUpperLeg"] = CFrame.new(0.000512, -0.535334, -0.040498, 0.999395, -0.034727, -0.001752, 0.001788, 0.001009, 0.999998, -0.034725, -0.999396, 0.001071)
    }},
    { Time = 0.400, Data = {
      ["Balls"] = CFrame.new(-0.000000, -0.000001, 0.034546, 0.998772, -0.049534, 0.000000, 0.049534, 0.998772, 0.000000, 0.000000, 0.000000, 1.000000),
      ["Cock"] = CFrame.new(-0.002773, 0.000832, 0.038214, 0.951318, 0.299576, -0.072453, -0.298806, 0.954072, 0.021494, 0.075565, 0.001202, 0.997140),
      ["Head"] = CFrame.new(0.000000, 0.000000, 0.000000, 1.000000, -0.000000, 0.000000, 0.000000, 0.992843, 0.119428, -0.000000, -0.119428, 0.992843),
      ["LeftUpperArm"] = CFrame.new(-0.099024, -0.871043, 0.506438, 0.907085, -0.377010, 0.187243, 0.268428, 0.175411, -0.947195, 0.324258, 0.909447, 0.260313),
      ["LeftUpperLeg"] = CFrame.new(0.000155, -0.536132, -0.031088, 0.999876, 0.015747, 0.000861, -0.000848, -0.000799, 0.999999, 0.015748, -0.999876, -0.000785),
      ["LowerTorso"] = CFrame.new(0.000038, -1.000214, -1.127722, -1.000000, -0.000004, 0.000432, 0.000004, 0.999868, 0.016228, -0.000432, 0.016228, -0.999868),
      ["RightUpperArm"] = CFrame.new(0.082914, -0.687488, 0.549596, 0.928443, 0.314728, -0.197333, -0.259856, 0.170644, -0.950450, -0.265460, 0.933717, 0.240217),
      ["RightUpperLeg"] = CFrame.new(0.000521, -0.536636, -0.021537, 0.999393, -0.034786, -0.001845, 0.001817, -0.000827, 0.999998, -0.034788, -0.999394, -0.000763)
    }},
    { Time = 0.417, Data = {
      ["Balls"] = CFrame.new(-0.000000, -0.000001, 0.034546, 0.999587, -0.028742, 0.000000, 0.028742, 0.999587, 0.000000, 0.000000, 0.000000, 1.000000),
      ["Cock"] = CFrame.new(-0.002840, 0.000854, 0.038210, 0.950392, 0.302081, -0.074173, -0.301273, 0.953281, 0.022122, 0.077390, 0.001322, 0.997000),
      ["Head"] = CFrame.new(0.000000, 0.000000, 0.000000, 1.000000, -0.000000, 0.000000, 0.000000, 0.992069, 0.125694, -0.000000, -0.125694, 0.992069),
      ["LeftUpperArm"] = CFrame.new(-0.099066, -0.870959, 0.521423, 0.907098, -0.377198, 0.186800, 0.268371, 0.176389, -0.947029, 0.324268, 0.909180, 0.261231),
      ["LeftUpperLeg"] = CFrame.new(0.000162, -0.537240, -0.014704, 0.999876, 0.015746, 0.000874, -0.000835, -0.002506, 0.999996, 0.015749, -0.999873, -0.002493),
      ["LowerTorso"] = CFrame.new(0.000038, -1.000235, -1.111768, -1.000000, -0.000003, 0.000432, 0.000003, 0.999890, 0.014847, -0.000432, 0.014847, -0.999890),
      ["RightUpperArm"] = CFrame.new(0.082991, -0.687382, 0.564575, 0.928431, 0.314997, -0.196958, -0.259845, 0.171707, -0.950262, -0.265511, 0.933431, 0.241269),
      ["RightUpperLeg"] = CFrame.new(0.000528, -0.537735, -0.005153, 0.999393, -0.034785, -0.001874, 0.001787, -0.002534, 0.999995, -0.034789, -0.999392, -0.002470)
    }},
    { Time = 0.433, Data = {
      ["Balls"] = CFrame.new(-0.000000, -0.000001, 0.034546, 0.999978, -0.006560, 0.000000, 0.006560, 0.999978, 0.000000, 0.000000, 0.000000, 1.000000),
      ["Cock"] = CFrame.new(-0.002895, 0.000872, 0.038207, 0.949590, 0.304249, -0.075568, -0.303412, 0.952591, 0.022602, 0.078862, 0.001466, 0.996884),
      ["Head"] = CFrame.new(0.000000, -0.000000, 0.000000, 1.000000, -0.000000, 0.000000, 0.000000, 0.991198, 0.132385, -0.000000, -0.132385, 0.991198),
      ["LeftUpperArm"] = CFrame.new(-0.099108, -0.870912, 0.533915, 0.907083, -0.377374, 0.186520, 0.268392, 0.177122, -0.946886, 0.324294, 0.908965, 0.261948),
      ["LeftUpperLeg"] = CFrame.new(0.000168, -0.538163, -0.001048, 0.999876, 0.015746, 0.000885, -0.000824, -0.003847, 0.999992, 0.015749, -0.999869, -0.003834),
      ["LowerTorso"] = CFrame.new(0.000038, -1.000251, -1.098498, -1.000000, -0.000003, 0.000432, 0.000003, 0.999906, 0.013725, -0.000432, 0.013725, -0.999906),
      ["RightUpperArm"] = CFrame.new(0.083028, -0.687323, 0.577075, 0.928456, 0.315118, -0.196648, -0.259781, 0.172483, -0.950139, -0.265487, 0.933247, 0.242005),
      ["RightUpperLeg"] = CFrame.new(0.000533, -0.538652, 0.008504, 0.999393, -0.034783, -0.001898, 0.001764, -0.003875, 0.999991, -0.034790, -0.999388, -0.003811)
    }},
    { Time = 0.450, Data = {
      ["Balls"] = CFrame.new(-0.000000, -0.000001, 0.034546, 0.999861, 0.016660, 0.000000, -0.016660, 0.999861, -0.000000, -0.000000, 0.000000, 1.000000),
      ["Cock"] = CFrame.new(-0.002939, 0.000886, 0.038205, 0.948989, 0.305834, -0.076713, -0.304971, 0.952083, 0.023022, 0.080078, 0.001548, 0.996787),
      ["Head"] = CFrame.new(0.000000, -0.000000, 0.000000, 1.000000, -0.000000, 0.000000, 0.000000, 0.990234, 0.139414, -0.000000, -0.139414, 0.990234),
      ["LeftUpperArm"] = CFrame.new(-0.099133, -0.870825, 0.543769, 0.907104, -0.377489, 0.186186, 0.268352, 0.177890, -0.946754, 0.324268, 0.908767, 0.262665),
      ["LeftUpperLeg"] = CFrame.new(0.000173, -0.538892, 0.009732, 0.999876, 0.015745, 0.000893, -0.000816, -0.004944, 0.999988, 0.015750, -0.999864, -0.004930),
      ["LowerTorso"] = CFrame.new(0.000038, -1.000263, -1.087959, -1.000000, -0.000003, 0.000432, 0.000003, 0.999918, 0.012775, -0.000432, 0.012775, -0.999918),
      ["RightUpperArm"] = CFrame.new(0.083064, -0.687270, 0.586940, 0.928452, 0.315237, -0.196475, -0.259817, 0.173120, -0.950013, -0.265466, 0.933089, 0.242638),
      ["RightUpperLeg"] = CFrame.new(0.000537, -0.539406, 0.019254, 0.999395, -0.034721, -0.001978, 0.001806, -0.004973, 0.999986, -0.034730, -0.999385, -0.004907)
    }},
    { Time = 0.467, Data = {
      ["Balls"] = CFrame.new(-0.000000, -0.000001, 0.034546, 0.999173, 0.040649, 0.000000, -0.040649, 0.999173, -0.000000, -0.000000, 0.000000, 1.000000),
      ["Cock"] = CFrame.new(-0.002971, 0.000896, 0.038203, 0.948519, 0.307087, -0.077522, -0.306200, 0.951680, 0.023376, 0.080955, 0.001564, 0.996717),
      ["Head"] = CFrame.new(0.000000, -0.000000, 0.000000, 1.000000, -0.000000, 0.000000, 0.000000, 0.989195, 0.146609, -0.000000, -0.146609, 0.989195),
      ["LeftUpperArm"] = CFrame.new(-0.099155, -0.870797, 0.550891, 0.907096, -0.377582, 0.186035, 0.268372, 0.178308, -0.946669, 0.324274, 0.908646, 0.263075),
      ["LeftUpperLeg"] = CFrame.new(0.000176, -0.539418, 0.017518, 0.999876, 0.015745, 0.000899, -0.000810, -0.005674, 0.999984, 0.015750, -0.999860, -0.005661),
      ["LowerTorso"] = CFrame.new(0.000038, -1.000272, -1.080343, -1.000000, -0.000003, 0.000432, 0.000003, 0.999927, 0.012085, -0.000432, 0.012085, -0.999927),
      ["RightUpperArm"] = CFrame.new(0.083095, -0.687213, 0.594058, 0.928448, 0.315345, -0.196320, -0.259838, 0.173651, -0.949910, -0.265458, 0.932954, 0.243165),
      ["RightUpperLeg"] = CFrame.new(0.000540, -0.539929, 0.027040, 0.999395, -0.034720, -0.001990, 0.001793, -0.005703, 0.999982, -0.034731, -0.999381, -0.005638)
    }},
    { Time = 0.483, Data = {
      ["Balls"] = CFrame.new(-0.000000, -0.000001, 0.034546, 0.997876, 0.065139, 0.000000, -0.065139, 0.997876, -0.000000, -0.000000, 0.000000, 1.000000),
      ["Cock"] = CFrame.new(-0.002990, 0.000903, 0.038202, 0.948262, 0.307755, -0.078011, -0.306855, 0.951464, 0.023569, 0.081478, 0.001588, 0.996674),
      ["Head"] = CFrame.new(0.000000, -0.000000, -0.000000, 1.000000, -0.000000, 0.000000, 0.000000, 0.988076, 0.153969, -0.000000, -0.153969, 0.988076),
      ["LeftUpperArm"] = CFrame.new(-0.099175, -0.870765, 0.555190, 0.907088, -0.377665, 0.185905, 0.268374, 0.178622, -0.946610, 0.324294, 0.908550, 0.263381),
      ["LeftUpperLeg"] = CFrame.new(0.000178, -0.539737, 0.022223, 0.999876, 0.015745, 0.000903, -0.000806, -0.006161, 0.999981, 0.015750, -0.999857, -0.006148),
      ["LowerTorso"] = CFrame.new(0.000038, -1.000275, -1.075813, -1.000000, -0.000003, 0.000432, 0.000003, 0.999931, 0.011740, -0.000432, 0.011740, -0.999931),
      ["RightUpperArm"] = CFrame.new(0.083117, -0.687208, 0.598365, 0.928444, 0.315420, -0.196218, -0.259815, 0.173863, -0.949878, -0.265495, 0.932889, 0.243373),
      ["RightUpperLeg"] = CFrame.new(0.000542, -0.540245, 0.031746, 0.999395, -0.034720, -0.001999, 0.001785, -0.006190, 0.999979, -0.034732, -0.999378, -0.006124)
    }},
    { Time = 0.500, Data = {
      ["Balls"] = CFrame.new(-0.000000, -0.000001, 0.034546, 0.995955, 0.089857, 0.000000, -0.089857, 0.995955, -0.000000, -0.000000, 0.000000, 1.000000),
      ["Cock"] = CFrame.new(-0.002996, 0.000905, 0.038202, 0.948168, 0.308004, -0.078178, -0.307102, 0.951384, 0.023606, 0.081648, 0.001626, 0.996660),
      ["Head"] = CFrame.new(0.000000, 0.000000, 0.000000, 1.000000, -0.000000, 0.000000, 0.000000, 0.986888, 0.161408, -0.000000, -0.161408, 0.986888),
      ["LeftUpperArm"] = CFrame.new(-0.099174, -0.870782, 0.556637, 0.907088, -0.377665, 0.185905, 0.268374, 0.178622, -0.946610, 0.324294, 0.908550, 0.263381),
