return {
  ["Astros kitten dance 2"] = {
    { Time = 0.000, Data = {
      ["Cock"] = CFrame.new(-0.000003, 0.000008, 0.000029, 0.677069, 0.732665, -0.069136, -0.725731, 0.680321, 0.102361, 0.122031, -0.019132, 0.992342),
      ["Head"] = CFrame.new(0.094641, -0.017601, -0.127166, 0.996073, 0.088398, -0.005024, -0.060454, 0.637553, -0.768031, -0.064690, 0.765318, 0.640393),
      ["LeftUpperArm"] = CFrame.new(0.113550, -0.246523, -0.044030, 0.980285, 0.190248, -0.053366, -0.168182, 0.661606, -0.730748, -0.103716, 0.725316, 0.680559),
      ["LeftUpperLeg"] = CFrame.new(-0.142233, -0.141917, -0.469688, 0.988255, 0.152815, -0.000599, -0.114734, 0.744562, 0.657619, 0.100940, -0.649827, 0.753350),
      ["LowerTorso"] = CFrame.new(-2.300835, -1.364885, -0.439170, -0.015211, 0.751557, -0.659493, 0.014125, 0.659664, 0.751428, 0.999785, 0.002115, -0.020650),
      ["RightUpperArm"] = CFrame.new(0.365186, -0.464665, 0.002959, 0.973789, 0.227451, 0.000220, 0.044079, -0.187768, -0.981224, -0.223139, 0.955515, -0.192872),
      ["RightUpperLeg"] = CFrame.new(0.270022, 0.058423, -0.653316, 0.989442, -0.144929, 0.000843, 0.109034, 0.748191, 0.654463, -0.095482, -0.647461, 0.756093),
      ["­¤ī¦’ĖÅ­¤ś│­¤æ╗­¤Å│’ĖÅŌĆŹ­¤īł­¤śé­¤Æ×­¤Å┤ŌĆŹŌśĀ’ĖÅ­¤ÄĖ­¤ī¦’ĖÅ­¤ś│­¤æ╗­¤Å│’ĖÅŌĆŹ­¤īł­¤śé­¤Æ×­¤Å┤ŌĆŹŌś"] = CFrame.new(0.001636, 0.222132, 0.101547, 1.000000, 0.000000, 0.000000, 0.000000, 1.000000, 0.000000, 0.000000, 0.000000, 1.000000)
    }},
    { Time = 0.017, Data = {
      ["Head"] = CFrame.new(0.094599, -0.017582, -0.127153, 0.996073, 0.088398, -0.005024, -0.060454, 0.637553, -0.768031, -0.064690, 0.765318, 0.640393),
      ["LeftUpperArm"] = CFrame.new(0.113532, -0.246473, -0.044035, 0.980287, 0.190214, -0.053445, -0.168217, 0.661606, -0.730740, -0.103637, 0.725325, 0.680561),
      ["LeftUpperLeg"] = CFrame.new(-0.142284, -0.141896, -0.469706, 0.988255, 0.152815, -0.000599, -0.114734, 0.744562, 0.657619, 0.100940, -0.649827, 0.753350),
      ["LowerTorso"] = CFrame.new(-2.300836, -1.364885, -0.439173, -0.015211, 0.751557, -0.659493, 0.014125, 0.659664, 0.751428, 0.999785, 0.002115, -0.020650),
      ["RightUpperArm"] = CFrame.new(0.365187, -0.464686, 0.003009, 0.973789, 0.227451, 0.000220, 0.044079, -0.187768, -0.981224, -0.223139, 0.955515, -0.192872),
      ["RightUpperLeg"] = CFrame.new(0.269984, 0.058401, -0.653296, 0.989442, -0.144929, 0.000843, 0.109034, 0.748191, 0.654463, -0.095482, -0.647461, 0.756093)
    }},
    { Time = 0.033, Data = {
      ["Head"] = CFrame.new(0.094473, -0.017522, -0.127114, 0.996085, 0.088247, -0.005143, -0.060450, 0.637560, -0.768025, -0.064497, 0.765330, 0.640399),
      ["LeftUpperArm"] = CFrame.new(0.113478, -0.246320, -0.044054, 0.980306, 0.190102, -0.053489, -0.168174, 0.661623, -0.730734, -0.103524, 0.725339, 0.680563),
      ["LeftUpperLeg"] = CFrame.new(-0.142441, -0.141874, -0.469742, 0.988242, 0.152895, -0.000569, -0.114814, 0.744550, 0.657619, 0.100971, -0.649822, 0.753350),
      ["LowerTorso"] = CFrame.new(-2.300835, -1.364885, -0.439131, -0.015101, 0.751557, -0.659495, 0.014075, 0.659665, 0.751428, 0.999787, 0.002065, -0.020540),
      ["RightUpperArm"] = CFrame.new(0.365139, -0.464728, 0.003172, 0.973832, 0.227267, 0.000188, 0.043991, -0.187689, -0.981243, -0.222969, 0.955574, -0.192775),
      ["RightUpperLeg"] = CFrame.new(0.269863, 0.058374, -0.653250, 0.989453, -0.144849, 0.000874, 0.108954, 0.748203, 0.654463, -0.095452, -0.647465, 0.756094)
    }},
    { Time = 0.050, Data = {
      ["Head"] = CFrame.new(0.094262, -0.017424, -0.127049, 0.996098, 0.088096, -0.005258, -0.060448, 0.637641, -0.767959, -0.064301, 0.765280, 0.640478),
      ["LeftUpperArm"] = CFrame.new(0.113409, -0.246072, -0.044084, 0.980313, 0.189998, -0.053725, -0.168277, 0.661623, -0.730710, -0.103288, 0.725366, 0.680570),
      ["LeftUpperLeg"] = CFrame.new(-0.142702, -0.141796, -0.469773, 0.988225, 0.153006, -0.000619, -0.114864, 0.744538, 0.657625, 0.101081, -0.649810, 0.753346),
      ["LowerTorso"] = CFrame.new(-2.300837, -1.364884, -0.438983, -0.014941, 0.751559, -0.659497, 0.014136, 0.659664, 0.751428, 0.999789, 0.001904, -0.020480),
      ["RightUpperArm"] = CFrame.new(0.365095, -0.464808, 0.003436, 0.973873, 0.227094, 0.000277, 0.044023, -0.187595, -0.981259, -0.222786, 0.955634, -0.192692),
      ["RightUpperLeg"] = CFrame.new(0.269666, 0.058303, -0.653164, 0.989465, -0.144769, 0.000904, 0.108873, 0.748214, 0.654463, -0.095422, -0.647470, 0.756094)
    }},
    { Time = 0.067, Data = {
      ["Head"] = CFrame.new(0.093967, -0.017286, -0.126958, 0.996121, 0.087831, -0.005415, -0.060405, 0.637728, -0.767890, -0.063991, 0.765238, 0.640559),
      ["LeftUpperArm"] = CFrame.new(0.113303, -0.245720, -0.044127, 0.980337, 0.189818, -0.053926, -0.168303, 0.661640, -0.730689, -0.103018, 0.725398, 0.680578),
      ["LeftUpperLeg"] = CFrame.new(-0.143061, -0.141692, -0.469878, 0.988213, 0.153086, -0.000589, -0.114944, 0.744525, 0.657625, 0.101111, -0.649805, 0.753346),
      ["LowerTorso"] = CFrame.new(-2.300837, -1.364885, -0.438902, -0.014720, 0.751559, -0.659502, 0.014036, 0.659664, 0.751430, 0.999793, 0.001804, -0.020259),
      ["RightUpperArm"] = CFrame.new(0.365018, -0.464909, 0.003811, 0.973944, 0.226790, 0.000268, 0.043913, -0.187423, -0.981297, -0.222499, 0.955740, -0.192499),
      ["RightUpperLeg"] = CFrame.new(0.269390, 0.058173, -0.653078, 0.989481, -0.144659, 0.000853, 0.108823, 0.748226, 0.654458, -0.095312, -0.647481, 0.756098)
    }},
    { Time = 0.083, Data = {
      ["Head"] = CFrame.new(0.093588, -0.017109, -0.126841, 0.996150, 0.087488, -0.005540, -0.060281, 0.637749, -0.767882, -0.063647, 0.765260, 0.640568),
      ["LeftUpperArm"] = CFrame.new(0.113192, -0.245256, -0.044200, 0.980347, 0.189683, -0.054232, -0.168447, 0.661709, -0.730593, -0.102696, 0.725370, 0.680656),
      ["LeftUpperLeg"] = CFrame.new(-0.143529, -0.141571, -0.469962, 0.988183, 0.153276, -0.000608, -0.115074, 0.744500, 0.657630, 0.101252, -0.649789, 0.753341),
      ["LowerTorso"] = CFrame.new(-2.300794, -1.364933, -0.438670, -0.014449, 0.751516, -0.659556, 0.014114, 0.659713, 0.751385, 0.999796, 0.001548, -0.020139),
      ["RightUpperArm"] = CFrame.new(0.364940, -0.465052, 0.004285, 0.974014, 0.226487, 0.000259, 0.043802, -0.187251, -0.981335, -0.222211, 0.955846, -0.192306),
      ["RightUpperLeg"] = CFrame.new(0.269032, 0.058039, -0.652967, 0.989509, -0.144468, 0.000833, 0.108693, 0.748249, 0.654453, -0.095171, -0.647496, 0.756102)
    }},
    { Time = 0.100, Data = {
      ["Head"] = CFrame.new(0.093125, -0.016892, -0.126697, 0.996185, 0.087072, -0.005816, -0.060233, 0.637843, -0.767807, -0.063145, 0.765228, 0.640655),
      ["LeftUpperArm"] = CFrame.new(0.113026, -0.244706, -0.044266, 0.980377, 0.189399, -0.054669, -0.168576, 0.661726, -0.730548, -0.102189, 0.725429, 0.680669),
      ["LeftUpperLeg"] = CFrame.new(-0.144099, -0.141409, -0.470080, 0.988154, 0.153466, -0.000628, -0.115204, 0.744476, 0.657635, 0.101392, -0.649773, 0.753336),
      ["LowerTorso"] = CFrame.new(-2.300840, -1.364882, -0.438372, -0.014018, 0.751562, -0.659513, 0.014120, 0.659661, 0.751431, 0.999802, 0.001221, -0.019859),
      ["RightUpperArm"] = CFrame.new(0.364819, -0.465212, 0.004873, 0.974125, 0.226010, 0.000339, 0.043724, -0.186985, -0.981389, -0.221741, 0.956010, -0.192028),
      ["RightUpperLeg"] = CFrame.new(0.268600, 0.057875, -0.652775, 0.989532, -0.144308, 0.000894, 0.108533, 0.748273, 0.654453, -0.095111, -0.647505, 0.756102)
    }},
    { Time = 0.117, Data = {
      ["Head"] = CFrame.new(0.092577, -0.016635, -0.126528, 0.996220, 0.086656, -0.006088, -0.060189, 0.638011, -0.767672, -0.062639, 0.765136, 0.640814),
      ["LeftUpperArm"] = CFrame.new(0.112843, -0.244038, -0.044363, 0.980407, 0.189118, -0.055097, -0.168711, 0.661812, -0.730439, -0.101675, 0.725424, 0.680752),
      ["LeftUpperLeg"] = CFrame.new(-0.144775, -0.141246, -0.470218, 0.988112, 0.153737, -0.000617, -0.115413, 0.744438, 0.657641, 0.101563, -0.649751, 0.753331),
      ["LowerTorso"] = CFrame.new(-2.300841, -1.364881, -0.438096, -0.013527, 0.751563, -0.659522, 0.014032, 0.659660, 0.751433, 0.999810, 0.000910, -0.019469),
      ["RightUpperArm"] = CFrame.new(0.364680, -0.465418, 0.005564, 0.974250, 0.225468, 0.000363, 0.043581, -0.186733, -0.981443, -0.221217, 0.956188, -0.191751),
      ["RightUpperLeg"] = CFrame.new(0.268083, 0.057692, -0.652597, 0.989572, -0.144037, 0.000904, 0.108322, 0.748308, 0.654448, -0.094941, -0.647525, 0.756107)
    }},
    { Time = 0.133, Data = {
      ["Head"] = CFrame.new(0.091945, -0.016339, -0.126333, 0.996266, 0.086089, -0.006484, -0.060136, 0.638112, -0.767592, -0.061944, 0.765116, 0.640906),
      ["LeftUpperArm"] = CFrame.new(0.112635, -0.243290, -0.044456, 0.980440, 0.188799, -0.055613, -0.168875, 0.661829, -0.730386, -0.101090, 0.725491, 0.680767),
      ["LeftUpperLeg"] = CFrame.new(-0.145552, -0.141042, -0.470390, 0.988070, 0.154007, -0.000607, -0.115623, 0.744401, 0.657646, 0.101734, -0.649730, 0.753327),
      ["LowerTorso"] = CFrame.new(-2.300843, -1.364879, -0.437713, -0.012985, 0.751565, -0.659531, 0.014054, 0.659659, 0.751434, 0.999817, 0.000488, -0.019128),
      ["RightUpperArm"] = CFrame.new(0.364543, -0.465666, 0.006354, 0.974376, 0.224926, 0.000387, 0.043438, -0.186482, -0.981498, -0.220692, 0.956364, -0.191474),
      ["RightUpperLeg"] = CFrame.new(0.267490, 0.057465, -0.652380, 0.989611, -0.143766, 0.000914, 0.108112, 0.748343, 0.654443, -0.094771, -0.647545, 0.756111)
    }},
    { Time = 0.150, Data = {
      ["Head"] = CFrame.new(0.091229, -0.016004, -0.126111, 0.996312, 0.085522, -0.006876, -0.060086, 0.638286, -0.767451, -0.061245, 0.765034, 0.641071),
      ["LeftUpperArm"] = CFrame.new(0.112371, -0.242420, -0.044575, 0.980493, 0.188337, -0.056243, -0.169036, 0.661932, -0.730256, -0.100305, 0.725517, 0.680855),
      ["LeftUpperLeg"] = CFrame.new(-0.146431, -0.140796, -0.470596, 0.988027, 0.154277, -0.000596, -0.115833, 0.744364, 0.657652, 0.101904, -0.649709, 0.753322),
      ["LowerTorso"] = CFrame.new(-2.300845, -1.364877, -0.437336, -0.012442, 0.751567, -0.659539, 0.014077, 0.659657, 0.751435, 0.999824, 0.000065, -0.018787),
      ["RightUpperArm"] = CFrame.new(0.364374, -0.465930, 0.007255, 0.974528, 0.224265, 0.000435, 0.043273, -0.186136, -0.981571, -0.220051, 0.956587, -0.191100),
      ["RightUpperLeg"] = CFrame.new(0.266818, 0.057178, -0.652162, 0.989655, -0.143466, 0.000843, 0.107931, 0.748378, 0.654433, -0.094520, -0.647571, 0.756120)
    }},
    { Time = 0.167, Data = {
      ["Head"] = CFrame.new(0.090429, -0.015630, -0.125864, 0.996368, 0.084841, -0.007314, -0.059992, 0.638393, -0.767369, -0.060435, 0.765020, 0.641164),
      ["LeftUpperArm"] = CFrame.new(0.112111, -0.241455, -0.044710, 0.980528, 0.187953, -0.056908, -0.169274, 0.662018, -0.730123, -0.099555, 0.725539, 0.680942),
      ["LeftUpperLeg"] = CFrame.new(-0.147418, -0.140534, -0.470781, 0.987968, 0.154658, -0.000635, -0.116093, 0.744313, 0.657662, 0.102185, -0.649676, 0.753312),
      ["LowerTorso"] = CFrame.new(-2.300847, -1.364875, -0.436913, -0.011790, 0.751569, -0.659550, 0.014049, 0.659655, 0.751437, 0.999832, -0.000407, -0.018336),
      ["RightUpperArm"] = CFrame.new(0.364175, -0.466212, 0.008267, 0.974707, 0.223484, 0.000504, 0.043085, -0.185696, -0.981662, -0.219293, 0.956855, -0.190628),
      ["RightUpperLeg"] = CFrame.new(0.266066, 0.056905, -0.651877, 0.989706, -0.143115, 0.000877, 0.107636, 0.748364, 0.654497, -0.094324, -0.647665, 0.756064)
    }},
    { Time = 0.183, Data = {
      ["Head"] = CFrame.new(0.089544, -0.015216, -0.125590, 0.996429, 0.084082, -0.007711, -0.059823, 0.638581, -0.767226, -0.059586, 0.764948, 0.641330),
      ["LeftUpperArm"] = CFrame.new(0.111806, -0.240386, -0.044856, 0.980582, 0.187457, -0.057617, -0.169469, 0.662120, -0.729984, -0.098691, 0.725573, 0.681031),
      ["LeftUpperLeg"] = CFrame.new(-0.148504, -0.140246, -0.471041, 0.987913, 0.155008, -0.000594, -0.116383, 0.744263, 0.657668, 0.102386, -0.649650, 0.753308),
      ["LowerTorso"] = CFrame.new(-2.300848, -1.364872, -0.436385, -0.011086, 0.751571, -0.659559, 0.014133, 0.659652, 0.751438, 0.999839, -0.000991, -0.017935),
      ["RightUpperArm"] = CFrame.new(0.363977, -0.466564, 0.009372, 0.974886, 0.222704, 0.000561, 0.042910, -0.185364, -0.981733, -0.218531, 0.957102, -0.190265),
      ["RightUpperLeg"] = CFrame.new(0.265236, 0.056569, -0.651593, 0.989761, -0.142734, 0.000837, 0.107375, 0.748410, 0.654487, -0.094044, -0.647695, 0.756073)
    }},
    { Time = 0.200, Data = {
      ["Head"] = CFrame.new(0.088575, -0.014762, -0.125291, 0.996494, 0.083250, -0.008261, -0.059729, 0.638841, -0.767017, -0.058577, 0.764821, 0.641574),
      ["LeftUpperArm"] = CFrame.new(0.111474, -0.239218, -0.045014, 0.980636, 0.186926, -0.058404, -0.169698, 0.662223, -0.729838, -0.097749, 0.725617, 0.681121),
      ["LeftUpperLeg"] = CFrame.new(-0.149694, -0.139902, -0.471295, 0.987853, 0.155389, -0.000634, -0.116642, 0.744213, 0.657679, 0.102667, -0.649616, 0.753298),
      ["LowerTorso"] = CFrame.new(-2.300806, -1.364920, -0.435879, -0.010323, 0.751528, -0.659621, 0.014122, 0.659699, 0.751397, 0.999847, -0.001558, -0.017423),
      ["RightUpperArm"] = CFrame.new(0.363730, -0.466908, 0.010597, 0.975106, 0.221738, 0.000598, 0.042635, -0.184843, -0.981843, -0.217602, 0.957426, -0.189695),
      ["RightUpperLeg"] = CFrame.new(0.264331, 0.056205, -0.651229, 0.989811, -0.142383, 0.000877, 0.107085, 0.748456, 0.654482, -0.093843, -0.647719, 0.756077)
    }},
    { Time = 0.217, Data = {
      ["Head"] = CFrame.new(0.087522, -0.014269, -0.124965, 0.996559, 0.082419, -0.008815, -0.059633, 0.639028, -0.766869, -0.057572, 0.764755, 0.641744),
      ["LeftUpperArm"] = CFrame.new(0.111116, -0.237952, -0.045185, 0.980692, 0.186361, -0.059270, -0.169962, 0.662326, -0.729684, -0.096728, 0.725668, 0.681212),
      ["LeftUpperLeg"] = CFrame.new(-0.150990, -0.139559, -0.471571, 0.987781, 0.155849, -0.000650, -0.116987, 0.744211, 0.657620, 0.102973, -0.649509, 0.753349),
      ["LowerTorso"] = CFrame.new(-2.300807, -1.364917, -0.435261, -0.009398, 0.751529, -0.659633, 0.014105, 0.659696, 0.751400, 0.999856, -0.002242, -0.016800),
      ["RightUpperArm"] = CFrame.new(0.363484, -0.467294, 0.011922, 0.975325, 0.220773, 0.000634, 0.042361, -0.184321, -0.981953, -0.216671, 0.957750, -0.189125),
      ["RightUpperLeg"] = CFrame.new(0.263342, 0.055821, -0.650880, 0.989878, -0.141922, 0.000867, 0.106744, 0.748514, 0.654472, -0.093533, -0.647754, 0.756086)
    }},
    { Time = 0.233, Data = {
      ["Head"] = CFrame.new(0.086385, -0.013737, -0.124613, 0.996633, 0.081436, -0.009488, -0.059531, 0.639221, -0.766715, -0.056373, 0.764699, 0.641917),
      ["LeftUpperArm"] = CFrame.new(0.110724, -0.236586, -0.045366, 0.980750, 0.185727, -0.060294, -0.170294, 0.662428, -0.729513, -0.095550, 0.725737, 0.681305),
      ["LeftUpperLeg"] = CFrame.new(-0.152394, -0.139212, -0.471864, 0.987695, 0.156390, -0.000628, -0.117406, 0.744135, 0.657631, 0.103314, -0.649466, 0.753340),
      ["LowerTorso"] = CFrame.new(-2.300807, -1.364914, -0.434648, -0.008473, 0.751529, -0.659645, 0.014088, 0.659693, 0.751403, 0.999865, -0.002926, -0.016177),
      ["RightUpperArm"] = CFrame.new(0.363210, -0.467721, 0.013351, 0.975567, 0.219699, 0.000801, 0.042198, -0.183799, -0.982058, -0.215610, 0.958097, -0.188579),
      ["RightUpperLeg"] = CFrame.new(0.262271, 0.055433, -0.650506, 0.989955, -0.141380, 0.000887, 0.106322, 0.748582, 0.654461, -0.093192, -0.647793, 0.756095)
    }},
    { Time = 0.250, Data = {
      ["Head"] = CFrame.new(0.085163, -0.013165, -0.124236, 0.996713, 0.080376, -0.010122, -0.059353, 0.639494, -0.766502, -0.055135, 0.764583, 0.642162),
      ["LeftUpperArm"] = CFrame.new(0.110316, -0.235120, -0.045562, 0.980806, 0.185093, -0.061318, -0.170627, 0.662531, -0.729342, -0.094371, 0.725805, 0.681396),
      ["LeftUpperLeg"] = CFrame.new(-0.153892, -0.138784, -0.472205, 0.987622, 0.156850, -0.000637, -0.117746, 0.744071, 0.657643, 0.103625, -0.649427, 0.753330),
      ["LowerTorso"] = CFrame.new(-2.300852, -1.364860, -0.433924, -0.007386, 0.751574, -0.659608, 0.014065, 0.659639, 0.751451, 0.999874, -0.003727, -0.015443),
      ["RightUpperArm"] = CFrame.new(0.362917, -0.468169, 0.014888, 0.975826, 0.218548, 0.000804, 0.041838, -0.183195, -0.982186, -0.214508, 0.958476, -0.187910),
      ["RightUpperLeg"] = CFrame.new(0.261129, 0.054963, -0.650073, 0.990021, -0.140919, 0.000870, 0.105977, 0.748579, 0.654521, -0.092886, -0.647897, 0.756043)
    }},
    { Time = 0.267, Data = {
      ["Head"] = CFrame.new(0.083857, -0.012553, -0.123832, 0.996794, 0.079280, -0.010834, -0.059212, 0.639766, -0.766286, -0.053820, 0.764470, 0.642409),
      ["LeftUpperArm"] = CFrame.new(0.109861, -0.233534, -0.045786, 0.980879, 0.184350, -0.062377, -0.170920, 0.662719, -0.729102, -0.093072, 0.725823, 0.681557),
      ["LeftUpperLeg"] = CFrame.new(-0.155505, -0.138394, -0.472552, 0.987523, 0.157471, -0.000585, -0.118246, 0.743982, 0.657654, 0.103997, -0.649379, 0.753320),
      ["LowerTorso"] = CFrame.new(-2.300807, -1.364905, -0.433227, -0.006349, 0.751529, -0.659669, 0.014064, 0.659685, 0.751411, 0.999881, -0.004507, -0.014758),
      ["RightUpperArm"] = CFrame.new(0.362596, -0.468658, 0.016530, 0.976107, 0.217289, 0.000936, 0.041588, -0.182591, -0.982309, -0.213274, 0.958878, -0.187265),
      ["RightUpperLeg"] = CFrame.new(0.259897, 0.054511, -0.649673, 0.990113, -0.140267, 0.000840, 0.105506, 0.748659, 0.654506, -0.092435, -0.647947, 0.756056)
    }},
    { Time = 0.283, Data = {
      ["Head"] = CFrame.new(0.082467, -0.011903, -0.123402, 0.996879, 0.078105, -0.011510, -0.058992, 0.640044, -0.766070, -0.052467, 0.764358, 0.642654),
      ["LeftUpperArm"] = CFrame.new(0.109381, -0.231865, -0.046007, 0.980952, 0.183570, -0.063524, -0.171243, 0.662838, -0.728918, -0.091701, 0.725911, 0.681648),
      ["LeftUpperLeg"] = CFrame.new(-0.157214, -0.137908, -0.472907, 0.987432, 0.158041, -0.000644, -0.118635, 0.743906, 0.657670, 0.104418, -0.649328, 0.753306),
      ["LowerTorso"] = CFrame.new(-2.300806, -1.364900, -0.432468, -0.005261, 0.751528, -0.659680, 0.014108, 0.659680, 0.751415, 0.999887, -0.005353, -0.014073),
      ["RightUpperArm"] = CFrame.new(0.362273, -0.469193, 0.018270, 0.976389, 0.216019, 0.000947, 0.041219, -0.181999, -0.982434, -0.212052, 0.959277, -0.186606),
      ["RightUpperLeg"] = CFrame.new(0.258597, 0.053990, -0.649178, 0.990190, -0.139726, 0.000860, 0.105085, 0.748727, 0.654496, -0.092094, -0.647985, 0.756065)
    }},
    { Time = 0.300, Data = {
      ["Head"] = CFrame.new(0.080993, -0.011213, -0.122946, 0.996966, 0.076858, -0.012343, -0.058845, 0.640321, -0.765850, -0.050959, 0.764252, 0.642901),
      ["LeftUpperArm"] = CFrame.new(0.108875, -0.230080, -0.046256, 0.981024, 0.182759, -0.064741, -0.171605, 0.663026, -0.728662, -0.090244, 0.725944, 0.681807),
      ["LeftUpperLeg"] = CFrame.new(-0.159028, -0.137437, -0.473321, 0.987333, 0.158661, -0.000593, -0.119134, 0.743816, 0.657681, 0.104789, -0.649280, 0.753296),
      ["LowerTorso"] = CFrame.new(-2.300803, -1.364895, -0.431664, -0.004062, 0.751526, -0.659691, 0.014101, 0.659674, 0.751419, 0.999892, -0.006250, -0.013277),
      ["RightUpperArm"] = CFrame.new(0.361921, -0.469711, 0.020126, 0.976693, 0.214640, 0.001113, 0.040938, -0.181187, -0.982596, -0.210702, 0.959740, -0.185751),
      ["RightUpperLeg"] = CFrame.new(0.257213, 0.053450, -0.648697, 0.990282, -0.139074, 0.000830, 0.104613, 0.748806, 0.654481, -0.091642, -0.648034, 0.756078)
    }},
    { Time = 0.317, Data = {
      ["Head"] = CFrame.new(0.079434, -0.010483, -0.122464, 0.997057, 0.075534, -0.013136, -0.058622, 0.640677, -0.765569, -0.049411, 0.764086, 0.643219),
      ["LeftUpperArm"] = CFrame.new(0.108343, -0.228214, -0.046502, 0.981095, 0.181910, -0.066046, -0.171996, 0.663146, -0.728461, -0.088716, 0.726049, 0.681896),
      ["LeftUpperLeg"] = CFrame.new(-0.160946, -0.136909, -0.473730, 0.987228, 0.159312, -0.000621, -0.119603, 0.743726, 0.657698, 0.105241, -0.649224, 0.753281),
      ["LowerTorso"] = CFrame.new(-2.300800, -1.364889, -0.430815, -0.002751, 0.751522, -0.659702, 0.014043, 0.659669, 0.751425, 0.999898, -0.007197, -0.012368),
      ["RightUpperArm"] = CFrame.new(0.361536, -0.470308, 0.022082, 0.977023, 0.213130, 0.001155, 0.040539, -0.180512, -0.982737, -0.209242, 0.960204, -0.185004),
      ["RightUpperLeg"] = CFrame.new(0.255753, 0.052867, -0.648174, 0.990373, -0.138422, 0.000793, 0.104137, 0.748824, 0.654536, -0.091196, -0.648152, 0.756030)
    }},
    { Time = 0.333, Data = {
      ["Head"] = CFrame.new(0.077792, -0.009714, -0.121956, 0.997149, 0.074137, -0.014086, -0.058470, 0.641032, -0.765284, -0.047707, 0.763925, 0.643539),
      ["LeftUpperArm"] = CFrame.new(0.107786, -0.226230, -0.046777, 0.981164, 0.181030, -0.067421, -0.172426, 0.663333, -0.728188, -0.087101, 0.726097, 0.682053),
      ["LeftUpperLeg"] = CFrame.new(-0.162971, -0.136379, -0.474159, 0.987110, 0.160042, -0.000619, -0.120153, 0.743622, 0.657715, 0.105723, -0.649163, 0.753267),
      ["LowerTorso"] = CFrame.new(-2.300796, -1.364882, -0.429859, -0.001388, 0.751518, -0.659712, 0.014096, 0.659661, 0.751431, 0.999900, -0.008256, -0.011509),
      ["RightUpperArm"] = CFrame.new(0.361137, -0.470916, 0.024145, 0.977363, 0.211565, 0.001273, 0.040184, -0.179725, -0.982896, -0.207718, 0.960697, -0.184158),
      ["RightUpperLeg"] = CFrame.new(0.254210, 0.052279, -0.647627, 0.990475, -0.137690, 0.000793, 0.103586, 0.748914, 0.654521, -0.090715, -0.648205, 0.756043)
    }},
    { Time = 0.350, Data = {
      ["Head"] = CFrame.new(0.076064, -0.008906, -0.121422, 0.997244, 0.072662, -0.015000, -0.058240, 0.641393, -0.764999, -0.045966, 0.763764, 0.643857),
      ["LeftUpperArm"] = CFrame.new(0.107203, -0.224147, -0.047065, 0.981231, 0.180115, -0.068875, -0.172890, 0.663521, -0.727907, -0.085407, 0.726153, 0.682208),
      ["LeftUpperLeg"] = CFrame.new(-0.165097, -0.135808, -0.474621, 0.986991, 0.160773, -0.000617, -0.120702, 0.743518, 0.657732, 0.106204, -0.649101, 0.753252),
      ["LowerTorso"] = CFrame.new(-2.300790, -1.364875, -0.428858, 0.000086, 0.751511, -0.659720, 0.014098, 0.659654, 0.751437, 0.999901, -0.009366, -0.010538),
      ["RightUpperArm"] = CFrame.new(0.360739, -0.471538, 0.026311, 0.977700, 0.210000, 0.001401, 0.039819, -0.178826, -0.983075, -0.206195, 0.961208, -0.183201),
      ["RightUpperLeg"] = CFrame.new(0.252592, 0.051646, -0.647041, 0.990577, -0.136958, 0.000792, 0.103034, 0.749003, 0.654507, -0.090233, -0.648257, 0.756056)
    }},
    { Time = 0.367, Data = {
      ["Head"] = CFrame.new(0.074253, -0.008058, -0.120862, 0.997337, 0.071152, -0.015993, -0.058046, 0.641752, -0.764712, -0.044147, 0.763604, 0.644173),
      ["LeftUpperArm"] = CFrame.new(0.106574, -0.221961, -0.047365, 0.981313, 0.179089, -0.070373, -0.173310, 0.663726, -0.727621, -0.083600, 0.726220, 0.682360),
      ["LeftUpperLeg"] = CFrame.new(-0.167331, -0.135239, -0.475106, 0.986859, 0.161583, -0.000592, -0.121336, 0.743461, 0.657680, 0.106710, -0.648965, 0.753297),
      ["LowerTorso"] = CFrame.new(-2.300781, -1.364866, -0.427861, 0.001562, 0.751504, -0.659727, 0.014100, 0.659646, 0.751445, 0.999899, -0.010476, -0.009566),
      ["RightUpperArm"] = CFrame.new(0.360292, -0.472236, 0.028579, 0.978075, 0.208249, 0.001471, 0.039392, -0.178063, -0.983230, -0.204495, 0.961731, -0.182362),
      ["RightUpperLeg"] = CFrame.new(0.250892, 0.051010, -0.646426, 0.990689, -0.136145, 0.000816, 0.102397, 0.749042, 0.654562, -0.089727, -0.648383, 0.756008)
    }},
    { Time = 0.383, Data = {
      ["Head"] = CFrame.new(0.072358, -0.007170, -0.120276, 0.997434, 0.069563, -0.016950, -0.057773, 0.642117, -0.764427, -0.042292, 0.763444, 0.644488),
      ["LeftUpperArm"] = CFrame.new(0.105940, -0.219680, -0.047678, 0.981375, 0.178106, -0.071985, -0.173841, 0.663913, -0.727323, -0.081749, 0.726290, 0.682510),
      ["LeftUpperLeg"] = CFrame.new(-0.169662, -0.134570, -0.475597, 0.986734, 0.162343, -0.000671, -0.121854, 0.743356, 0.657703, 0.107272, -0.648896, 0.753277),
      ["LowerTorso"] = CFrame.new(-2.300772, -1.364858, -0.426820, 0.003150, 0.751494, -0.659732, 0.014051, 0.659637, 0.751453, 0.999896, -0.011637, -0.008482),
      ["RightUpperArm"] = CFrame.new(0.359846, -0.472918, 0.030956, 0.978446, 0.206498, 0.001563, 0.038943, -0.177077, -0.983426, -0.202799, 0.962290, -0.181302),
      ["RightUpperLeg"] = CFrame.new(0.249121, 0.050289, -0.645759, 0.990789, -0.135412, 0.000816, 0.101846, 0.749130, 0.654547, -0.089245, -0.648435, 0.756021)
    }},
    { Time = 0.400, Data = {
      ["Head"] = CFrame.new(0.070378, -0.006244, -0.119664, 0.997528, 0.067902, -0.018064, -0.057571, 0.642480, -0.764137, -0.040280, 0.763288, 0.644801),
      ["LeftUpperArm"] = CFrame.new(0.105268, -0.217295, -0.048006, 0.981450, 0.177045, -0.073563, -0.174295, 0.664117, -0.727028, -0.079862, 0.726363, 0.682656),
      ["LeftUpperLeg"] = CFrame.new(-0.172105, -0.133956, -0.476132, 0.986587, 0.163233, -0.000608, -0.122563, 0.743225, 0.657720, 0.107814, -0.648824, 0.753262),
      ["LowerTorso"] = CFrame.new(-2.300716, -1.364899, -0.425738, 0.004739, 0.751439, -0.659786, 0.014069, 0.659678, 0.751417, 0.999890, -0.012843, -0.007446),
      ["RightUpperArm"] = CFrame.new(0.359355, -0.473645, 0.033441, 0.978850, 0.204573, 0.001729, 0.038542, -0.176103, -0.983617, -0.200917, 0.962880, -0.180263),
      ["RightUpperLeg"] = CFrame.new(0.247261, 0.049588, -0.645121, 0.990915, -0.134489, 0.000796, 0.101163, 0.749239, 0.654528, -0.088623, -0.648501, 0.756037)
    }},
    { Time = 0.417, Data = {
      ["Head"] = CFrame.new(0.068314, -0.005277, -0.119026, 0.997625, 0.066164, -0.019140, -0.057293, 0.642920, -0.763787, -0.038230, 0.763070, 0.645184),
      ["LeftUpperArm"] = CFrame.new(0.104562, -0.214811, -0.048345, 0.981521, 0.175916, -0.075299, -0.174816, 0.664321, -0.726716, -0.077819, 0.726451, 0.682798),
      ["LeftUpperLeg"] = CFrame.new(-0.174645, -0.133244, -0.476677, 0.986448, 0.164073, -0.000656, -0.123161, 0.743105, 0.657743, 0.108406, -0.648748, 0.753242),
      ["LowerTorso"] = CFrame.new(-2.300704, -1.364888, -0.424581, 0.006408, 0.751425, -0.659787, 0.014117, 0.659667, 0.751426, 0.999880, -0.014130, -0.006381),
      ["RightUpperArm"] = CFrame.new(0.358861, -0.474416, 0.036023, 0.979253, 0.202635, 0.001772, 0.038021, -0.175139, -0.983809, -0.199044, 0.963465, -0.179210),
      ["RightUpperLeg"] = CFrame.new(0.245332, 0.048820, -0.644385, 0.991025, -0.133677, 0.000819, 0.100527, 0.749276, 0.654583, -0.088116, -0.648626, 0.755989)
    }},
    { Time = 0.433, Data = {
      ["Head"] = CFrame.new(0.066165, -0.004272, -0.118361, 0.997719, 0.064353, -0.020373, -0.057086, 0.643360, -0.763433, -0.036022, 0.762854, 0.645566),
      ["LeftUpperArm"] = CFrame.new(0.103831, -0.212228, -0.048696, 0.981588, 0.174752, -0.077113, -0.175371, 0.664525, -0.726396, -0.075696, 0.726545, 0.682936),
      ["LeftUpperLeg"] = CFrame.new(-0.177292, -0.132532, -0.477241, 0.986294, 0.164993, -0.000674, -0.123840, 0.742972, 0.657766, 0.109028, -0.648667, 0.753222),
      ["LowerTorso"] = CFrame.new(-2.300686, -1.364877, -0.423348, 0.008261, 0.751409, -0.659786, 0.014082, 0.659655, 0.751436, 0.999867, -0.015499, -0.005132),
      ["RightUpperArm"] = CFrame.new(0.358340, -0.475229, 0.038709, 0.979674, 0.200589, 0.001943, 0.037614, -0.174172, -0.983997, -0.197040, 0.964069, -0.178177),
      ["RightUpperLeg"] = CFrame.new(0.243320, 0.048031, -0.643667, 0.991149, -0.132753, 0.000799, 0.099844, 0.749384, 0.654564, -0.087494, -0.648691, 0.756006)
    }},
    { Time = 0.450, Data = {
      ["Head"] = CFrame.new(0.063933, -0.003227, -0.117671, 0.997814, 0.062465, -0.021571, -0.056800, 0.643803, -0.763080, -0.033779, 0.762637, 0.645944),
      ["LeftUpperArm"] = CFrame.new(0.103053, -0.209524, -0.049077, 0.981667, 0.173480, -0.078964, -0.175885, 0.664814, -0.726007, -0.073451, 0.726586, 0.683138),
      ["LeftUpperLeg"] = CFrame.new(-0.180048, -0.131819, -0.477824, 0.986127, 0.165993, -0.000661, -0.124598, 0.742825, 0.657789, 0.109680, -0.648581, 0.753202),
      ["LowerTorso"] = CFrame.new(-2.300669, -1.364864, -0.422170, 0.010001, 0.751391, -0.659782, 0.014098, 0.659643, 0.751447, 0.999851, -0.016817, -0.003997),
      ["RightUpperArm"] = CFrame.new(0.357815, -0.476027, 0.041503, 0.980093, 0.198530, 0.002015, 0.037065, -0.172994, -0.984225, -0.195050, 0.964707, -0.176909),
      ["RightUpperLeg"] = CFrame.new(0.241227, 0.047237, -0.642924, 0.991283, -0.131750, 0.000809, 0.099081, 0.749502, 0.654546, -0.086842, -0.648760, 0.756022)
    }},
    { Time = 0.467, Data = {
      ["Head"] = CFrame.new(0.061616, -0.002142, -0.116955, 0.997910, 0.060463, -0.022811, -0.056470, 0.644251, -0.762727, -0.031421, 0.762421, 0.646318),
      ["LeftUpperArm"] = CFrame.new(0.102270, -0.206742, -0.049455, 0.981723, 0.172248, -0.080937, -0.176508, 0.665018, -0.725670, -0.071171, 0.726693, 0.683266),
      ["LeftUpperLeg"] = CFrame.new(-0.182905, -0.131066, -0.478444, 0.985958, 0.166993, -0.000656, -0.125361, 0.742737, 0.657744, 0.110326, -0.648425, 0.753242),
      ["LowerTorso"] = CFrame.new(-2.300602, -1.364901, -0.420831, 0.012010, 0.751324, -0.659824, 0.014060, 0.659680, 0.751415, 0.999829, -0.018301, -0.002641),
      ["RightUpperArm"] = CFrame.new(0.357246, -0.476900, 0.044399, 0.980542, 0.196297, 0.002147, 0.036576, -0.171936, -0.984429, -0.192871, 0.965353, -0.175770),
      ["RightUpperLeg"] = CFrame.new(0.239057, 0.046401, -0.642138, 0.991416, -0.130746, 0.000812, 0.098314, 0.749558, 0.654596, -0.086195, -0.648897, 0.755978)
    }},
    { Time = 0.483, Data = {
      ["Head"] = CFrame.new(0.059215, -0.001018, -0.116212, 0.998000, 0.058463, -0.024050, -0.056141, 0.644769, -0.762313, -0.029060, 0.762139, 0.646761),
      ["LeftUpperArm"] = CFrame.new(0.101451, -0.203840, -0.049864, 0.981790, 0.170942, -0.082868, -0.177055, 0.665306, -0.725272, -0.068847, 0.726737, 0.683457),
      ["LeftUpperLeg"] = CFrame.new(-0.185864, -0.130270, -0.479096, 0.985788, 0.167993, -0.000643, -0.126119, 0.742588, 0.657767, 0.110977, -0.648338, 0.753221),
      ["LowerTorso"] = CFrame.new(-2.300578, -1.364885, -0.419504, 0.013906, 0.751300, -0.659814, 0.014139, 0.659664, 0.751428, 0.999803, -0.019779, -0.001449),
      ["RightUpperArm"] = CFrame.new(0.356676, -0.477783, 0.047397, 0.980987, 0.194062, 0.002289, 0.036078, -0.170763, -0.984651, -0.190693, 0.966012, -0.174518),
      ["RightUpperLeg"] = CFrame.new(0.236810, 0.045504, -0.641354, 0.991551, -0.129712, 0.000741, 0.097581, 0.749674, 0.654574, -0.085462, -0.648971, 0.755998)
    }},
    { Time = 0.500, Data = {
      ["Head"] = CFrame.new(0.056729, 0.000145, -0.115444, 0.998084, 0.056390, -0.025447, -0.055883, 0.645285, -0.761895, -0.026543, 0.761858, 0.647200),
      ["LeftUpperArm"] = CFrame.new(0.100597, -0.200838, -0.050284, 0.981850, 0.169568, -0.084957, -0.177669, 0.665594, -0.724857, -0.066366, 0.726795, 0.683641),
      ["LeftUpperLeg"] = CFrame.new(-0.188923, -0.129432, -0.479782, 0.985617, 0.168992, -0.000630, -0.126876, 0.742438, 0.657791, 0.111629, -0.648250, 0.753200),
      ["LowerTorso"] = CFrame.new(-2.300506, -1.364920, -0.418128, 0.016022, 0.751227, -0.659849, 0.014052, 0.659699, 0.751398, 0.999773, -0.021311, 0.000013),
      ["RightUpperArm"] = CFrame.new(0.356076, -0.478711, 0.050499, 0.981449, 0.191707, 0.002437, 0.035573, -0.169600, -0.984871, -0.188394, 0.966688, -0.173273),
      ["RightUpperLeg"] = CFrame.new(0.234483, 0.044620, -0.640502, 0.991693, -0.128628, 0.000775, 0.096733, 0.749740, 0.654625, -0.084784, -0.649111, 0.755954)
    }},
    { Time = 0.517, Data = {
      ["Head"] = CFrame.new(0.054160, 0.001348, -0.114649, 0.998168, 0.054240, -0.026809, -0.055545, 0.645805, -0.761480, -0.023990, 0.761574, 0.647634),
      ["LeftUpperArm"] = CFrame.new(0.099716, -0.197755, -0.050701, 0.981902, 0.168155, -0.087132, -0.178314, 0.665813, -0.724498, -0.063814, 0.726923, 0.683748),
      ["LeftUpperLeg"] = CFrame.new(-0.192101, -0.128618, -0.480432, 0.985413, 0.170181, -0.000637, -0.127763, 0.742259, 0.657821, 0.112421, -0.648143, 0.753174),
      ["LowerTorso"] = CFrame.new(-2.300474, -1.364903, -0.416714, 0.018136, 0.751196, -0.659830, 0.014033, 0.659682, 0.751414, 0.999737, -0.022887, 0.001422),
      ["RightUpperArm"] = CFrame.new(0.355459, -0.479654, 0.053705, 0.981919, 0.189286, 0.002537, 0.034995, -0.168333, -0.985109, -0.186040, 0.967386, -0.171913),
      ["RightUpperLeg"] = CFrame.new(0.232079, 0.043674, -0.639652, 0.991837, -0.127513, 0.000735, 0.095920, 0.749864, 0.654602, -0.084021, -0.649188, 0.755973)
    }},
    { Time = 0.533, Data = {
      ["Head"] = CFrame.new(0.051506, 0.002590, -0.113828, 0.998249, 0.051940, -0.028292, -0.055199, 0.646327, -0.761062, -0.021244, 0.761291, 0.648062),
      ["LeftUpperArm"] = CFrame.new(0.098819, -0.194555, -0.051150, 0.981948, 0.166746, -0.089301, -0.178961, 0.666101, -0.724073, -0.061253, 0.726983, 0.683918),
      ["LeftUpperLeg"] = CFrame.new(-0.195373, -0.127723, -0.481132, 0.985220, 0.171290, -0.000674, -0.128570, 0.742093, 0.657851, 0.113183, -0.648041, 0.753148),
      ["LowerTorso"] = CFrame.new(-2.300438, -1.364883, -0.415196, 0.020296, 0.751161, -0.659808, 0.014127, 0.659662, 0.751430, 0.999694, -0.024572, 0.002777),
      ["RightUpperArm"] = CFrame.new(0.354810, -0.480641, 0.057015, 0.982405, 0.186743, 0.002644, 0.034411, -0.167074, -0.985344, -0.183565, 0.968098, -0.170560),
      ["RightUpperLeg"] = CFrame.new(0.229600, 0.042701, -0.638720, 0.991975, -0.126429, 0.000769, 0.095072, 0.749927, 0.654653, -0.083343, -0.649327, 0.755929)
    }},
    { Time = 0.550, Data = {
      ["Head"] = CFrame.new(0.048768, 0.003872, -0.112982, 0.998323, 0.049641, -0.029777, -0.054852, 0.646847, -0.760645, -0.018498, 0.761003, 0.648485),
      ["LeftUpperArm"] = CFrame.new(0.097888, -0.191255, -0.051610, 0.981983, 0.165269, -0.091627, -0.179675, 0.666389, -0.723632, -0.058535, 0.727057, 0.684077),
      ["LeftUpperLeg"] = CFrame.new(-0.198754, -0.126829, -0.481854, 0.985013, 0.172479, -0.000688, -0.129462, 0.741972, 0.657812, 0.113969, -0.647864, 0.753182),
      ["LowerTorso"] = CFrame.new(-2.300400, -1.364864, -0.413744, 0.022516, 0.751122, -0.659779, 0.014060, 0.659644, 0.751447, 0.999648, -0.026196, 0.004292),
      ["RightUpperArm"] = CFrame.new(0.354148, -0.481639, 0.060429, 0.982895, 0.184145, 0.002824, 0.033875, -0.165699, -0.985594, -0.181024, 0.968831, -0.169102),
      ["RightUpperLeg"] = CFrame.new(0.227039, 0.041707, -0.637805, 0.992127, -0.125234, 0.000758, 0.094178, 0.750059, 0.654631, -0.082550, -0.649406, 0.755948)
    }},
    { Time = 0.567, Data = {
      ["Head"] = CFrame.new(0.045946, 0.005193, -0.112109, 0.998389, 0.047307, -0.031340, -0.054540, 0.647437, -0.760165, -0.015671, 0.760650, 0.648974),
      ["LeftUpperArm"] = CFrame.new(0.096921, -0.187834, -0.052102, 0.982027, 0.163719, -0.093912, -0.180313, 0.666761, -0.723130, -0.055774, 0.727067, 0.684298),
      ["LeftUpperLeg"] = CFrame.new(-0.202236, -0.125891, -0.482608, 0.984804, 0.173668, -0.000694, -0.130349, 0.741790, 0.657842, 0.114761, -0.647755, 0.753155),
      ["LowerTorso"] = CFrame.new(-2.300310, -1.364892, -0.412073, 0.024941, 0.751032, -0.659795, 0.014101, 0.659670, 0.751423, 0.999589, -0.028045, 0.005862),
      ["RightUpperArm"] = CFrame.new(0.353452, -0.482683, 0.063945, 0.983402, 0.181415, 0.002888, 0.033212, -0.164343, -0.985844, -0.178373, 0.969577, -0.167640),
      ["RightUpperLeg"] = CFrame.new(0.224402, 0.040671, -0.636847, 0.992277, -0.124038, 0.000742, 0.093280, 0.750130, 0.654679, -0.081762, -0.649554, 0.755907)
    }},
    { Time = 0.583, Data = {
      ["Head"] = CFrame.new(0.043039, 0.006554, -0.111211, 0.998455, 0.044782, -0.032910, -0.054105, 0.648033, -0.759688, -0.012694, 0.760294, 0.649455),
      ["LeftUpperArm"] = CFrame.new(0.095939, -0.184337, -0.052589, 0.982042, 0.162174, -0.096397, -0.181093, 0.667048, -0.722671, -0.052897, 0.727150, 0.684438),
      ["LeftUpperLeg"] = CFrame.new(-0.205826, -0.124951, -0.483380, 0.984580, 0.174936, -0.000670, -0.131315, 0.741592, 0.657873, 0.115583, -0.647640, 0.753129),
      ["LowerTorso"] = CFrame.new(-2.300261, -1.364869, -0.410474, 0.027314, 0.750983, -0.659756, 0.014098, 0.659647, 0.751443, 0.999528, -0.029826, 0.007430),
      ["RightUpperArm"] = CFrame.new(0.352773, -0.483736, 0.067561, 0.983890, 0.178749, 0.003014, 0.032608, -0.162857, -0.986111, -0.175776, 0.970323, -0.166062),
      ["RightUpperLeg"] = CFrame.new(0.221684, 0.039629, -0.635866, 0.992436, -0.122763, 0.000761, 0.092305, 0.750270, 0.654657, -0.080939, -0.649634, 0.755926)
    }},
    { Time = 0.600, Data = {
      ["Head"] = CFrame.new(0.040048, 0.007954, -0.110286, 0.998507, 0.042336, -0.034518, -0.053747, 0.648623, -0.759210, -0.009753, 0.759932, 0.649930),
      ["LeftUpperArm"] = CFrame.new(0.094910, -0.180736, -0.053090, 0.982063, 0.160517, -0.098926, -0.181828, 0.667351, -0.722206, -0.049908, 0.727240, 0.684567),
      ["LeftUpperLeg"] = CFrame.new(-0.209519, -0.123971, -0.484187, 0.984353, 0.176204, -0.000646, -0.132281, 0.741393, 0.657904, 0.116404, -0.647524, 0.753102),
      ["LowerTorso"] = CFrame.new(-2.300210, -1.364845, -0.408883, 0.029684, 0.750932, -0.659713, 0.014096, 0.659623, 0.751464, 0.999460, -0.031606, 0.008995),
      ["RightUpperArm"] = CFrame.new(0.352031, -0.484835, 0.071283, 0.984413, 0.175842, 0.003155, 0.031989, -0.161389, -0.986372, -0.172936, 0.971099, -0.164498),
      ["RightUpperLeg"] = CFrame.new(0.218889, 0.038529, -0.634883, 0.992597, -0.121457, 0.000694, 0.091356, 0.750348, 0.654700, -0.080039, -0.649790, 0.755888)
    }},
    { Time = 0.617, Data = {
      ["Head"] = CFrame.new(0.036973, 0.009393, -0.109335, 0.998552, 0.039740, -0.036248, -0.053380, 0.649213, -0.758731, -0.006619, 0.759567, 0.650395),
      ["LeftUpperArm"] = CFrame.new(0.093866, -0.177018, -0.053623, 0.982074, 0.158864, -0.101449, -0.182563, 0.667722, -0.721678, -0.046909, 0.727262, 0.684755),
      ["LeftUpperLeg"] = CFrame.new(-0.213313, -0.122951, -0.485032, 0.984126, 0.177472, -0.000630, -0.133253, 0.741253, 0.657866, 0.117220, -0.647339, 0.753135),
      ["LowerTorso"] = CFrame.new(-2.300107, -1.364868, -0.407181, 0.032210, 0.750829, -0.659711, 0.014092, 0.659647, 0.751443, 0.999382, -0.033500, 0.010666),
      ["RightUpperArm"] = CFrame.new(0.351290, -0.485974, 0.075103, 0.984928, 0.172933, 0.003292, 0.031375, -0.159913, -0.986633, -0.170095, 0.971865, -0.162929),
      ["RightUpperLeg"] = CFrame.new(0.216020, 0.037398, -0.633821, 0.992752, -0.120181, 0.000714, 0.090381, 0.750484, 0.654679, -0.079216, -0.649869, 0.755907)
    }},
    { Time = 0.633, Data = {
      ["Head"] = CFrame.new(0.033814, 0.010872, -0.108358, 0.998592, 0.037067, -0.037944, -0.052933, 0.649805, -0.758255, -0.003450, 0.759196, 0.650853),
      ["LeftUpperArm"] = CFrame.new(0.092786, -0.173219, -0.054151, 0.982071, 0.157139, -0.104138, -0.183364, 0.668024, -0.721195, -0.043761, 0.727359, 0.684860),
      ["LeftUpperLeg"] = CFrame.new(-0.217218, -0.121912, -0.485852, 0.983876, 0.178850, -0.000656, -0.134268, 0.741037, 0.657903, 0.118152, -0.647208, 0.753102),
      ["LowerTorso"] = CFrame.new(-2.299998, -1.364891, -0.405438, 0.034842, 0.750719, -0.659702, 0.014039, 0.659670, 0.751424, 0.999294, -0.035443, 0.012444),
      ["RightUpperArm"] = CFrame.new(0.350531, -0.487126, 0.079026, 0.985445, 0.169958, 0.003378, 0.030690, -0.158331, -0.986909, -0.167198, 0.972649, -0.161242),
      ["RightUpperLeg"] = CFrame.new(0.213069, 0.036250, -0.632773, 0.992919, -0.118794, 0.000677, 0.089352, 0.750569, 0.654723, -0.078286, -0.650026, 0.755869)
    }},
    { Time = 0.650, Data = {
      ["Head"] = CFrame.new(0.030570, 0.012390, -0.107355, 0.998620, 0.034361, -0.039719, -0.052519, 0.650466, -0.757717, -0.000200, 0.758758, 0.651373),
      ["LeftUpperArm"] = CFrame.new(0.091670, -0.169298, -0.054711, 0.982072, 0.155341, -0.106785, -0.184086, 0.668410, -0.720653, -0.040571, 0.727391, 0.685023),
