return {
  ["Astros pose"] = {
    { Time = 0.000, Data = {
      ["Balls"] = CFrame.new(-0.000000, 0.000000, 0.000000, 0.983365, -0.181638, 0.000000, 0.181638, 0.983365, 0.000000, 0.000000, 0.000000, 1.000000),
      ["Cock"] = CFrame.new(0.000000, 0.000000, 0.000000, 0.987915, 0.154996, 0.000000, -0.154996, 0.987915, -0.000000, -0.000000, 0.000000, 1.000000),
      ["Head"] = CFrame.new(0.000001, 0.126116, -0.086870, 1.000000, -0.000000, 0.000000, 0.000000, 0.897113, 0.441800, -0.000000, -0.441800, 0.897113),
      ["LeftUpperArm"] = CFrame.new(0.111575, -0.233267, 0.064317, 0.997238, 0.047744, 0.056897, -0.059982, 0.969462, 0.237793, -0.043806, -0.240549, 0.969648),
      ["LeftUpperLeg"] = CFrame.new(-0.089153, 0.008769, -0.099000, 0.975623, 0.091212, 0.199600, -0.155165, 0.929897, 0.333490, -0.155189, -0.356332, 0.921381),
      ["LowerTorso"] = CFrame.new(-0.000000, -0.062686, 0.943576, 1.000000, 0.000000, 0.000000, 0.000000, 0.970581, -0.240774, 0.000000, 0.240774, 0.970581),
      ["RightUpperArm"] = CFrame.new(-0.111575, -0.233267, 0.064317, 0.997238, -0.047744, -0.056897, 0.059982, 0.969462, 0.237793, 0.043806, -0.240549, 0.969648),
      ["RightUpperLeg"] = CFrame.new(0.089155, 0.008764, -0.098995, 0.975623, -0.091212, -0.199600, 0.155165, 0.929897, 0.333490, 0.155189, -0.356332, 0.921381)
    }},
    { Time = 0.017, Data = {
      ["Cock"] = CFrame.new(0.000000, 0.000000, 0.000000, 0.987915, 0.154996, 0.000000, -0.154996, 0.987915, -0.000000, -0.000000, 0.000000, 1.000000),
      ["Head"] = CFrame.new(0.000001, 0.126116, -0.086870, 1.000000, -0.000000, 0.000000, 0.000000, 0.897113, 0.441800, -0.000000, -0.441800, 0.897113),
      ["LeftUpperArm"] = CFrame.new(0.111576, -0.233261, 0.064340, 0.997238, 0.047747, 0.056895, -0.059980, 0.969483, 0.237709, -0.043809, -0.240465, 0.969669),
      ["LeftUpperLeg"] = CFrame.new(-0.089153, 0.008769, -0.099000, 0.975623, 0.091212, 0.199600, -0.155165, 0.929897, 0.333490, -0.155189, -0.356332, 0.921381),
      ["LowerTorso"] = CFrame.new(-0.000000, -0.062686, 0.943576, 1.000000, 0.000000, 0.000000, 0.000000, 0.970581, -0.240774, 0.000000, 0.240774, 0.970581),
      ["RightUpperArm"] = CFrame.new(-0.111576, -0.233261, 0.064340, 0.997238, -0.047747, -0.056895, 0.059980, 0.969483, 0.237709, 0.043809, -0.240465, 0.969669),
      ["RightUpperLeg"] = CFrame.new(0.089155, 0.008764, -0.098995, 0.975623, -0.091212, -0.199600, 0.155165, 0.929897, 0.333490, 0.155189, -0.356332, 0.921381)
    }},
    { Time = 0.033, Data = {
      ["Cock"] = CFrame.new(0.000000, -0.000000, 0.000000, 0.987875, 0.155252, 0.000000, -0.155252, 0.987875, -0.000000, -0.000000, 0.000000, 1.000000),
      ["Head"] = CFrame.new(0.000001, 0.126115, -0.086870, 1.000000, -0.000000, 0.000000, 0.000000, 0.897113, 0.441800, -0.000000, -0.441800, 0.897113),
      ["LeftUpperArm"] = CFrame.new(0.111575, -0.233261, 0.064340, 0.997238, 0.047747, 0.056895, -0.059980, 0.969483, 0.237709, -0.043809, -0.240465, 0.969669),
      ["LeftUpperLeg"] = CFrame.new(-0.089153, 0.008776, -0.099006, 0.975623, 0.091230, 0.199592, -0.155151, 0.929958, 0.333327, -0.155203, -0.356169, 0.921442),
      ["LowerTorso"] = CFrame.new(-0.000000, -0.062707, 0.943660, 1.000000, 0.000000, 0.000000, 0.000000, 0.970602, -0.240690, 0.000000, 0.240690, 0.970602),
      ["RightUpperArm"] = CFrame.new(-0.111575, -0.233261, 0.064340, 0.997238, -0.047747, -0.056895, 0.059980, 0.969483, 0.237709, 0.043809, -0.240465, 0.969669),
      ["RightUpperLeg"] = CFrame.new(0.089155, 0.008771, -0.099002, 0.975623, -0.091230, -0.199592, 0.155151, 0.929958, 0.333327, 0.155203, -0.356169, 0.921442)
    }},
    { Time = 0.050, Data = {
      ["Cock"] = CFrame.new(0.000000, -0.000000, 0.000000, 0.987808, 0.155680, 0.000000, -0.155680, 0.987808, -0.000000, -0.000000, 0.000000, 1.000000),
      ["Head"] = CFrame.new(0.000001, 0.126116, -0.086870, 1.000000, -0.000000, 0.000000, 0.000000, 0.897153, 0.441721, -0.000000, -0.441721, 0.897153),
      ["LeftUpperArm"] = CFrame.new(0.111577, -0.233250, 0.064384, 0.997238, 0.047751, 0.056891, -0.059976, 0.969524, 0.237540, -0.043814, -0.240296, 0.969710),
      ["LeftUpperLeg"] = CFrame.new(-0.089159, 0.008740, -0.099005, 0.975612, 0.091331, 0.199599, -0.155222, 0.930008, 0.333155, -0.155201, -0.356012, 0.921503),
      ["LowerTorso"] = CFrame.new(-0.000000, -0.062728, 0.943745, 1.000000, 0.000000, 0.000000, 0.000000, 0.970623, -0.240605, 0.000000, 0.240605, 0.970623),
      ["RightUpperArm"] = CFrame.new(-0.111577, -0.233250, 0.064384, 0.997238, -0.047751, -0.056891, 0.059976, 0.969524, 0.237540, 0.043814, -0.240296, 0.969710),
      ["RightUpperLeg"] = CFrame.new(0.089161, 0.008735, -0.099001, 0.975612, -0.091331, -0.199599, 0.155222, 0.930008, 0.333155, 0.155201, -0.356012, 0.921503)
    }},
    { Time = 0.067, Data = {
      ["Cock"] = CFrame.new(0.000000, 0.000000, 0.000000, 0.987727, 0.156193, 0.000000, -0.156193, 0.987727, -0.000000, -0.000000, 0.000000, 1.000000),
      ["Head"] = CFrame.new(0.000001, 0.126116, -0.086870, 1.000000, -0.000000, 0.000000, 0.000000, 0.897153, 0.441721, -0.000000, -0.441721, 0.897153),
      ["LeftUpperArm"] = CFrame.new(0.111578, -0.233245, 0.064406, 0.997238, 0.047754, 0.056889, -0.059974, 0.969545, 0.237456, -0.043817, -0.240212, 0.969731),
      ["LeftUpperLeg"] = CFrame.new(-0.089159, 0.008747, -0.099012, 0.975612, 0.091349, 0.199591, -0.155208, 0.930068, 0.332992, -0.155215, -0.355849, 0.921564),
      ["LowerTorso"] = CFrame.new(-0.000000, -0.062770, 0.943914, 1.000000, 0.000000, 0.000000, 0.000000, 0.970665, -0.240437, 0.000000, 0.240437, 0.970665),
      ["RightUpperArm"] = CFrame.new(-0.111578, -0.233245, 0.064406, 0.997238, -0.047754, -0.056889, 0.059974, 0.969545, 0.237456, 0.043817, -0.240212, 0.969731),
      ["RightUpperLeg"] = CFrame.new(0.089161, 0.008742, -0.099007, 0.975612, -0.091349, -0.199591, 0.155208, 0.930068, 0.332992, 0.155215, -0.355849, 0.921564)
    }},
    { Time = 0.083, Data = {
      ["Cock"] = CFrame.new(0.000000, -0.000000, 0.000000, 0.987618, 0.156877, 0.000000, -0.156877, 0.987618, -0.000000, -0.000000, 0.000000, 1.000000),
      ["Head"] = CFrame.new(0.000001, 0.126116, -0.086870, 1.000000, -0.000000, 0.000000, 0.000000, 0.897192, 0.441641, -0.000000, -0.441641, 0.897192),
      ["LeftUpperArm"] = CFrame.new(0.111579, -0.233228, 0.064473, 0.997238, 0.047761, 0.056883, -0.059968, 0.969607, 0.237203, -0.043825, -0.239959, 0.969793),
      ["LeftUpperLeg"] = CFrame.new(-0.089151, 0.008768, -0.098984, 0.975628, 0.091400, 0.199491, -0.155166, 0.930190, 0.332671, -0.155159, -0.355518, 0.921701),
      ["LowerTorso"] = CFrame.new(-0.000000, -0.062812, 0.944082, 1.000000, 0.000000, 0.000000, 0.000000, 0.970707, -0.240268, 0.000000, 0.240268, 0.970707),
      ["RightUpperArm"] = CFrame.new(-0.111580, -0.233228, 0.064473, 0.997238, -0.047761, -0.056883, 0.059968, 0.969607, 0.237203, 0.043825, -0.239959, 0.969793),
      ["RightUpperLeg"] = CFrame.new(0.089153, 0.008763, -0.098979, 0.975628, -0.091400, -0.199491, 0.155166, 0.930190, 0.332671, 0.155159, -0.355518, 0.921701)
    }},
    { Time = 0.100, Data = {
      ["Cock"] = CFrame.new(0.000000, 0.000000, 0.000000, 0.987496, 0.157647, 0.000000, -0.157647, 0.987496, -0.000000, -0.000000, 0.000000, 1.000000),
      ["Head"] = CFrame.new(0.000001, 0.126115, -0.086870, 1.000000, -0.000000, 0.000000, 0.000000, 0.897231, 0.441562, -0.000000, -0.441562, 0.897231),
      ["LeftUpperArm"] = CFrame.new(0.111581, -0.233217, 0.064517, 0.997238, 0.047766, 0.056879, -0.059964, 0.969649, 0.237034, -0.043830, -0.239790, 0.969835),
      ["LeftUpperLeg"] = CFrame.new(-0.089156, 0.008740, -0.098990, 0.975617, 0.091519, 0.199490, -0.155223, 0.930300, 0.332336, -0.155170, -0.355198, 0.921823),
      ["LowerTorso"] = CFrame.new(-0.000000, -0.062875, 0.944335, 1.000000, 0.000000, 0.000000, 0.000000, 0.970769, -0.240015, 0.000000, 0.240015, 0.970769),
      ["RightUpperArm"] = CFrame.new(-0.111581, -0.233218, 0.064517, 0.997238, -0.047766, -0.056879, 0.059964, 0.969649, 0.237034, 0.043830, -0.239790, 0.969835),
      ["RightUpperLeg"] = CFrame.new(0.089159, 0.008735, -0.098985, 0.975617, -0.091519, -0.199490, 0.155223, 0.930300, 0.332336, 0.155170, -0.355198, 0.921823)
    }},
    { Time = 0.117, Data = {
      ["Cock"] = CFrame.new(0.000000, 0.000000, 0.000000, 0.987331, 0.158673, 0.000000, -0.158673, 0.987331, -0.000000, -0.000000, 0.000000, 1.000000),
      ["Head"] = CFrame.new(0.000001, 0.126115, -0.086870, 1.000000, -0.000000, 0.000000, 0.000000, 0.897309, 0.441403, -0.000000, -0.441403, 0.897309),
      ["LeftUpperArm"] = CFrame.new(0.111583, -0.233201, 0.064584, 0.997238, 0.047774, 0.056872, -0.059959, 0.969711, 0.236781, -0.043838, -0.239537, 0.969897),
      ["LeftUpperLeg"] = CFrame.new(-0.089157, 0.008757, -0.099007, 0.975617, 0.091563, 0.199469, -0.155189, 0.930452, 0.331927, -0.155204, -0.354789, 0.921974),
      ["LowerTorso"] = CFrame.new(-0.000000, -0.062958, 0.944673, 1.000000, 0.000000, 0.000000, 0.000000, 0.970853, -0.239677, 0.000000, 0.239677, 0.970853),
      ["RightUpperArm"] = CFrame.new(-0.111583, -0.233201, 0.064584, 0.997238, -0.047774, -0.056872, 0.059959, 0.969711, 0.236781, 0.043838, -0.239537, 0.969897),
      ["RightUpperLeg"] = CFrame.new(0.089159, 0.008752, -0.099002, 0.975617, -0.091563, -0.199469, 0.155189, 0.930452, 0.331927, 0.155204, -0.354789, 0.921974)
    }},
    { Time = 0.133, Data = {
      ["Cock"] = CFrame.new(0.000000, 0.000000, 0.000000, 0.987152, 0.159784, 0.000000, -0.159784, 0.987152, -0.000000, -0.000000, 0.000000, 1.000000),
      ["Head"] = CFrame.new(0.000001, 0.126115, -0.086870, 1.000000, -0.000000, 0.000000, 0.000000, 0.897348, 0.441323, -0.000000, -0.441323, 0.897348),
      ["LeftUpperArm"] = CFrame.new(0.111585, -0.233179, 0.064673, 0.997238, 0.047784, 0.056864, -0.059951, 0.969794, 0.236443, -0.043848, -0.239199, 0.969980),
      ["LeftUpperLeg"] = CFrame.new(-0.089154, 0.008743, -0.098978, 0.975622, 0.091716, 0.199376, -0.155217, 0.930623, 0.331435, -0.155146, -0.354302, 0.922171),
      ["LowerTorso"] = CFrame.new(-0.000000, -0.063020, 0.944927, 1.000000, 0.000000, 0.000000, 0.000000, 0.970915, -0.239424, 0.000000, 0.239424, 0.970915),
      ["RightUpperArm"] = CFrame.new(-0.111585, -0.233179, 0.064673, 0.997238, -0.047784, -0.056864, 0.059951, 0.969794, 0.236443, 0.043848, -0.239199, 0.969980),
      ["RightUpperLeg"] = CFrame.new(0.089156, 0.008738, -0.098973, 0.975622, -0.091716, -0.199376, 0.155217, 0.930623, 0.331435, 0.155146, -0.354302, 0.922171)
    }},
    { Time = 0.150, Data = {
      ["Cock"] = CFrame.new(0.000000, 0.000000, 0.000000, 0.986944, 0.161066, 0.000000, -0.161066, 0.986944, -0.000000, -0.000000, 0.000000, 1.000000),
      ["Head"] = CFrame.new(0.000001, 0.126116, -0.086870, 1.000000, -0.000000, 0.000000, 0.000000, 0.897426, 0.441164, -0.000000, -0.441164, 0.897426),
      ["LeftUpperArm"] = CFrame.new(0.111588, -0.233158, 0.064761, 0.997238, 0.047794, 0.056856, -0.059943, 0.969877, 0.236106, -0.043859, -0.238862, 0.970063),
      ["LeftUpperLeg"] = CFrame.new(-0.089154, 0.008767, -0.099002, 0.975622, 0.091777, 0.199348, -0.155169, 0.930834, 0.330863, -0.155194, -0.353729, 0.922383),
      ["LowerTorso"] = CFrame.new(-0.000000, -0.063124, 0.945349, 1.000000, 0.000000, 0.000000, 0.000000, 0.971019, -0.239001, 0.000000, 0.239001, 0.971019),
      ["RightUpperArm"] = CFrame.new(-0.111588, -0.233158, 0.064761, 0.997238, -0.047794, -0.056856, 0.059943, 0.969877, 0.236106, 0.043859, -0.238862, 0.970063),
      ["RightUpperLeg"] = CFrame.new(0.089156, 0.008762, -0.098997, 0.975622, -0.091777, -0.199348, 0.155169, 0.930834, 0.330863, 0.155194, -0.353729, 0.922383)
    }},
    { Time = 0.167, Data = {
      ["Cock"] = CFrame.new(0.000000, 0.000000, 0.000000, 0.986705, 0.162519, 0.000000, -0.162519, 0.986705, -0.000000, -0.000000, 0.000000, 1.000000),
      ["Head"] = CFrame.new(0.000001, 0.126115, -0.086870, 1.000000, -0.000000, 0.000000, 0.000000, 0.897505, 0.441005, -0.000000, -0.441005, 0.897505),
      ["LeftUpperArm"] = CFrame.new(0.111616, -0.233132, 0.064872, 0.997238, 0.047902, 0.056770, -0.060009, 0.969975, 0.235684, -0.043776, -0.238440, 0.970170),
      ["LeftUpperLeg"] = CFrame.new(-0.089152, 0.008759, -0.098979, 0.975626, 0.091947, 0.199246, -0.155184, 0.931065, 0.330207, -0.155150, -0.353078, 0.922640),
      ["LowerTorso"] = CFrame.new(-0.000000, -0.063208, 0.945686, 1.000000, 0.000000, 0.000000, 0.000000, 0.971102, -0.238664, 0.000000, 0.238664, 0.971102),
      ["RightUpperArm"] = CFrame.new(-0.111616, -0.233132, 0.064872, 0.997238, -0.047902, -0.056770, 0.060009, 0.969975, 0.235684, 0.043776, -0.238440, 0.970170),
      ["RightUpperLeg"] = CFrame.new(0.089154, 0.008754, -0.098975, 0.975626, -0.091947, -0.199246, 0.155184, 0.931065, 0.330207, 0.155150, -0.353078, 0.922640)
    }},
    { Time = 0.183, Data = {
      ["Cock"] = CFrame.new(0.000000, 0.000000, 0.000000, 0.986451, 0.164058, 0.000000, -0.164058, 0.986451, -0.000000, -0.000000, 0.000000, 1.000000),
      ["Head"] = CFrame.new(0.000001, 0.126116, -0.086870, 1.000000, -0.000000, 0.000000, 0.000000, 0.897583, 0.440846, -0.000000, -0.440846, 0.897583),
      ["LeftUpperArm"] = CFrame.new(0.111620, -0.233104, 0.064983, 0.997238, 0.047914, 0.056760, -0.060000, 0.970078, 0.235262, -0.043789, -0.238018, 0.970273),
      ["LeftUpperLeg"] = CFrame.new(-0.089157, 0.008745, -0.098999, 0.975615, 0.092102, 0.199228, -0.155213, 0.931295, 0.329544, -0.155189, -0.352431, 0.922881),
      ["LowerTorso"] = CFrame.new(-0.000000, -0.063332, 0.946193, 1.000000, 0.000000, 0.000000, 0.000000, 0.971227, -0.238157, 0.000000, 0.238157, 0.971227),
      ["RightUpperArm"] = CFrame.new(-0.111620, -0.233104, 0.064983, 0.997238, -0.047914, -0.056760, 0.060000, 0.970078, 0.235262, 0.043789, -0.238018, 0.970273),
      ["RightUpperLeg"] = CFrame.new(0.089159, 0.008740, -0.098995, 0.975615, -0.092102, -0.199228, 0.155213, 0.931295, 0.329544, 0.155189, -0.352431, 0.922881)
    }},
    { Time = 0.200, Data = {
      ["Cock"] = CFrame.new(0.000000, 0.000000, 0.000000, 0.986165, 0.165766, 0.000000, -0.165766, 0.986165, -0.000000, -0.000000, 0.000000, 1.000000),
      ["Head"] = CFrame.new(0.000001, 0.126115, -0.086870, 1.000000, -0.000000, 0.000000, 0.000000, 0.897661, 0.440687, -0.000000, -0.440687, 0.897661),
      ["LeftUpperArm"] = CFrame.new(0.111623, -0.233077, 0.065094, 0.997238, 0.047927, 0.056749, -0.059990, 0.970181, 0.234840, -0.043802, -0.237595, 0.970376),
      ["LeftUpperLeg"] = CFrame.new(-0.089155, 0.008741, -0.098980, 0.975620, 0.092280, 0.199122, -0.155221, 0.931554, 0.328805, -0.155151, -0.351697, 0.923167),
      ["LowerTorso"] = CFrame.new(-0.000000, -0.063456, 0.946700, 1.000000, 0.000000, 0.000000, 0.000000, 0.971351, -0.237650, 0.000000, 0.237650, 0.971351),
      ["RightUpperArm"] = CFrame.new(-0.111623, -0.233077, 0.065094, 0.997238, -0.047927, -0.056749, 0.059990, 0.970181, 0.234840, 0.043802, -0.237595, 0.970376),
      ["RightUpperLeg"] = CFrame.new(0.089157, 0.008736, -0.098976, 0.975620, -0.092280, -0.199122, 0.155221, 0.931554, 0.328805, 0.155151, -0.351697, 0.923167)
    }},
    { Time = 0.217, Data = {
      ["Cock"] = CFrame.new(0.000000, -0.000000, 0.000000, 0.985847, 0.167645, 0.000000, -0.167645, 0.985847, -0.000000, -0.000000, 0.000000, 1.000000),
      ["Head"] = CFrame.new(0.000001, 0.126115, -0.086870, 1.000000, -0.000000, 0.000000, 0.000000, 0.897778, 0.440448, -0.000000, -0.440448, 0.897778),
      ["LeftUpperArm"] = CFrame.new(0.111627, -0.233045, 0.065228, 0.997238, 0.047941, 0.056737, -0.059979, 0.970304, 0.234333, -0.043818, -0.237089, 0.970499),
      ["LeftUpperLeg"] = CFrame.new(-0.089160, 0.008733, -0.099007, 0.975609, 0.092452, 0.199096, -0.155237, 0.931843, 0.327978, -0.155204, -0.350886, 0.923467),
      ["LowerTorso"] = CFrame.new(-0.000000, -0.063580, 0.947206, 1.000000, 0.000000, 0.000000, 0.000000, 0.971475, -0.237144, 0.000000, 0.237144, 0.971475),
      ["RightUpperArm"] = CFrame.new(-0.111627, -0.233045, 0.065228, 0.997238, -0.047941, -0.056737, 0.059979, 0.970304, 0.234333, 0.043818, -0.237089, 0.970499),
      ["RightUpperLeg"] = CFrame.new(0.089162, 0.008728, -0.099002, 0.975609, -0.092452, -0.199096, 0.155237, 0.931843, 0.327978, 0.155204, -0.350886, 0.923467)
    }},
    { Time = 0.233, Data = {
      ["Cock"] = CFrame.new(0.000000, 0.000000, 0.000000, 0.985497, 0.169695, 0.000000, -0.169695, 0.985497, -0.000000, -0.000000, 0.000000, 1.000000),
      ["Head"] = CFrame.new(0.000001, 0.126115, -0.086870, 1.000000, -0.000000, 0.000000, 0.000000, 0.897895, 0.440209, -0.000000, -0.440209, 0.897895),
      ["LeftUpperArm"] = CFrame.new(0.111632, -0.233007, 0.065383, 0.997238, 0.047959, 0.056722, -0.059965, 0.970448, 0.233742, -0.043836, -0.236498, 0.970643),
      ["LeftUpperLeg"] = CFrame.new(-0.089158, 0.008736, -0.098995, 0.975614, 0.092649, 0.198982, -0.155231, 0.932161, 0.327076, -0.155180, -0.349988, 0.923811),
      ["LowerTorso"] = CFrame.new(-0.000000, -0.063724, 0.947798, 1.000000, 0.000000, 0.000000, 0.000000, 0.971619, -0.236552, 0.000000, 0.236552, 0.971619),
      ["RightUpperArm"] = CFrame.new(-0.111632, -0.233007, 0.065383, 0.997238, -0.047959, -0.056722, 0.059965, 0.970448, 0.233742, 0.043836, -0.236498, 0.970643),
      ["RightUpperLeg"] = CFrame.new(0.089160, 0.008731, -0.098990, 0.975614, -0.092649, -0.198982, 0.155231, 0.932161, 0.327076, 0.155180, -0.349988, 0.923811)
    }},
    { Time = 0.250, Data = {
      ["Cock"] = CFrame.new(0.000000, -0.000000, 0.000000, 0.985112, 0.171914, 0.000000, -0.171914, 0.985112, -0.000000, -0.000000, 0.000000, 1.000000),
      ["Head"] = CFrame.new(0.000001, 0.126116, -0.086870, 1.000000, -0.000000, 0.000000, 0.000000, 0.898012, 0.439971, -0.000000, -0.439971, 0.898012),
      ["LeftUpperArm"] = CFrame.new(0.111636, -0.232970, 0.065538, 0.997238, 0.047976, 0.056707, -0.059952, 0.970591, 0.233151, -0.043854, -0.235907, 0.970786),
      ["LeftUpperLeg"] = CFrame.new(-0.089155, 0.008742, -0.098986, 0.975619, 0.092853, 0.198864, -0.155219, 0.932508, 0.326092, -0.155163, -0.349009, 0.924185),
      ["LowerTorso"] = CFrame.new(-0.000000, -0.063868, 0.948389, 1.000000, 0.000000, 0.000000, 0.000000, 0.971763, -0.235961, 0.000000, 0.235961, 0.971763),
      ["RightUpperArm"] = CFrame.new(-0.111636, -0.232970, 0.065538, 0.997238, -0.047976, -0.056707, 0.059952, 0.970591, 0.233151, 0.043854, -0.235907, 0.970786),
      ["RightUpperLeg"] = CFrame.new(0.089158, 0.008737, -0.098982, 0.975619, -0.092853, -0.198864, 0.155219, 0.932508, 0.326092, 0.155163, -0.349009, 0.924185)
    }},
    { Time = 0.267, Data = {
      ["Cock"] = CFrame.new(0.000000, 0.000000, 0.000000, 0.984707, 0.174219, 0.000000, -0.174219, 0.984707, -0.000000, -0.000000, 0.000000, 1.000000),
      ["Head"] = CFrame.new(0.000001, 0.126116, -0.086870, 1.000000, -0.000000, 0.000000, 0.000000, 0.898129, 0.439732, -0.000000, -0.439732, 0.898129),
      ["LeftUpperArm"] = CFrame.new(0.111666, -0.232928, 0.065716, 0.997237, 0.048091, 0.056615, -0.060012, 0.970749, 0.232476, -0.043779, -0.235231, 0.970953),
      ["LeftUpperLeg"] = CFrame.new(-0.089153, 0.008748, -0.098977, 0.975623, 0.093058, 0.198745, -0.155206, 0.932854, 0.325108, -0.155146, -0.348029, 0.924557),
      ["LowerTorso"] = CFrame.new(-0.000000, -0.064032, 0.949065, 1.000000, 0.000000, 0.000000, 0.000000, 0.971926, -0.235285, 0.000000, 0.235285, 0.971926),
      ["RightUpperArm"] = CFrame.new(-0.111667, -0.232928, 0.065716, 0.997237, -0.048091, -0.056615, 0.060012, 0.970749, 0.232476, 0.043779, -0.235231, 0.970953),
      ["RightUpperLeg"] = CFrame.new(0.089155, 0.008743, -0.098973, 0.975623, -0.093058, -0.198745, 0.155206, 0.932854, 0.325108, 0.155146, -0.348029, 0.924557)
    }},
    { Time = 0.283, Data = {
      ["Cock"] = CFrame.new(0.000000, 0.000000, 0.000000, 0.984266, 0.176693, 0.000000, -0.176693, 0.984266, -0.000000, -0.000000, 0.000000, 1.000000),
      ["Head"] = CFrame.new(0.000001, 0.126116, -0.086870, 1.000000, -0.000000, 0.000000, 0.000000, 0.898246, 0.439493, -0.000000, -0.439493, 0.898246),
      ["LeftUpperArm"] = CFrame.new(0.111672, -0.232885, 0.065894, 0.997237, 0.048111, 0.056598, -0.059997, 0.970911, 0.231800, -0.043800, -0.234556, 0.971115),
      ["LeftUpperLeg"] = CFrame.new(-0.089151, 0.008758, -0.098972, 0.975628, 0.093271, 0.198622, -0.155187, 0.933228, 0.324041, -0.155136, -0.346967, 0.924958),
      ["LowerTorso"] = CFrame.new(-0.000000, -0.064195, 0.949741, 1.000000, 0.000000, 0.000000, 0.000000, 0.972090, -0.234609, 0.000000, 0.234609, 0.972090),
      ["RightUpperArm"] = CFrame.new(-0.111672, -0.232885, 0.065894, 0.997237, -0.048111, -0.056598, 0.059997, 0.970911, 0.231800, 0.043800, -0.234556, 0.971115),
      ["RightUpperLeg"] = CFrame.new(0.089153, 0.008753, -0.098968, 0.975628, -0.093271, -0.198622, 0.155187, 0.933228, 0.324041, 0.155136, -0.346967, 0.924958)
    }},
    { Time = 0.300, Data = {
      ["Cock"] = CFrame.new(0.000000, 0.000000, 0.000000, 0.983788, 0.179336, 0.000000, -0.179336, 0.983788, -0.000000, -0.000000, 0.000000, 1.000000),
      ["Head"] = CFrame.new(0.000001, 0.126115, -0.086870, 1.000000, -0.000000, 0.000000, 0.000000, 0.898402, 0.439175, -0.000000, -0.439175, 0.898402),
      ["LeftUpperArm"] = CFrame.new(0.111677, -0.232843, 0.066072, 0.997237, 0.048131, 0.056582, -0.059982, 0.971073, 0.231124, -0.043821, -0.233880, 0.971278),
      ["LeftUpperLeg"] = CFrame.new(-0.089156, 0.008763, -0.099013, 0.975617, 0.093478, 0.198579, -0.155176, 0.933630, 0.322885, -0.155216, -0.345827, 0.925371),
      ["LowerTorso"] = CFrame.new(-0.000000, -0.064378, 0.950501, 1.000000, 0.000000, 0.000000, 0.000000, 0.972273, -0.233848, 0.000000, 0.233848, 0.972273),
      ["RightUpperArm"] = CFrame.new(-0.111677, -0.232843, 0.066072, 0.997237, -0.048131, -0.056582, 0.059982, 0.971073, 0.231124, 0.043821, -0.233880, 0.971278),
      ["RightUpperLeg"] = CFrame.new(0.089158, 0.008758, -0.099008, 0.975617, -0.093478, -0.198579, 0.155176, 0.933630, 0.322885, 0.155216, -0.345827, 0.925371)
    }},
    { Time = 0.317, Data = {
      ["Cock"] = CFrame.new(0.000000, 0.000000, 0.000000, 0.983287, 0.182065, 0.000000, -0.182065, 0.983287, -0.000000, -0.000000, 0.000000, 1.000000),
      ["Head"] = CFrame.new(0.000001, 0.126115, -0.086870, 1.000000, -0.000000, 0.000000, 0.000000, 0.898518, 0.438936, -0.000000, -0.438936, 0.898518),
      ["LeftUpperArm"] = CFrame.new(0.111683, -0.232795, 0.066272, 0.997237, 0.048153, 0.056563, -0.059965, 0.971255, 0.230364, -0.043844, -0.233119, 0.971459),
      ["LeftUpperLeg"] = CFrame.new(-0.089159, 0.008737, -0.099007, 0.975611, 0.093793, 0.198461, -0.155227, 0.934050, 0.321645, -0.155205, -0.344607, 0.925828),
      ["LowerTorso"] = CFrame.new(-0.000000, -0.064581, 0.951347, 1.000000, 0.000000, 0.000000, 0.000000, 0.972476, -0.233003, 0.000000, 0.233003, 0.972476),
      ["RightUpperArm"] = CFrame.new(-0.111683, -0.232795, 0.066272, 0.997237, -0.048153, -0.056563, 0.059965, 0.971255, 0.230364, 0.043844, -0.233119, 0.971459),
      ["RightUpperLeg"] = CFrame.new(0.089162, 0.008733, -0.099003, 0.975611, -0.093793, -0.198461, 0.155227, 0.934050, 0.321645, 0.155205, -0.344607, 0.925828)
    }},
    { Time = 0.333, Data = {
      ["Cock"] = CFrame.new(0.000000, -0.000000, 0.000000, 0.982730, 0.185047, 0.000000, -0.185047, 0.982730, -0.000000, -0.000000, 0.000000, 1.000000),
      ["Head"] = CFrame.new(0.000001, 0.126115, -0.086870, 1.000000, -0.000000, 0.000000, 0.000000, 0.898674, 0.438618, -0.000000, -0.438618, 0.898674),
      ["LeftUpperArm"] = CFrame.new(0.111692, -0.232742, 0.066494, 0.997241, 0.048188, 0.056456, -0.059936, 0.971456, 0.229522, -0.043785, -0.232272, 0.971665),
      ["LeftUpperLeg"] = CFrame.new(-0.089157, 0.008757, -0.099012, 0.975615, 0.094032, 0.198326, -0.155188, 0.934508, 0.320331, -0.155215, -0.343298, 0.926313),
      ["LowerTorso"] = CFrame.new(-0.000000, -0.064763, 0.952108, 1.000000, 0.000000, 0.000000, 0.000000, 0.972658, -0.232242, 0.000000, 0.232242, 0.972658),
      ["RightUpperArm"] = CFrame.new(-0.111692, -0.232742, 0.066494, 0.997241, -0.048188, -0.056456, 0.059936, 0.971456, 0.229522, 0.043785, -0.232272, 0.971665),
      ["RightUpperLeg"] = CFrame.new(0.089159, 0.008753, -0.099008, 0.975615, -0.094032, -0.198326, 0.155188, 0.934508, 0.320331, 0.155215, -0.343298, 0.926313)
    }},
    { Time = 0.350, Data = {
      ["Cock"] = CFrame.new(0.000000, 0.000000, 0.000000, 0.982147, 0.188114, 0.000000, -0.188114, 0.982147, -0.000000, -0.000000, 0.000000, 1.000000),
      ["Head"] = CFrame.new(0.000001, 0.126116, -0.086870, 1.000000, -0.000000, 0.000000, 0.000000, 0.898868, 0.438219, -0.000000, -0.438219, 0.898868),
      ["LeftUpperArm"] = CFrame.new(0.111721, -0.232691, 0.066716, 0.997237, 0.048298, 0.056445, -0.060002, 0.971652, 0.228674, -0.043801, -0.231429, 0.971865),
      ["LeftUpperLeg"] = CFrame.new(-0.089160, 0.008735, -0.099010, 0.975609, 0.094355, 0.198203, -0.155233, 0.934953, 0.319008, -0.155211, -0.341995, 0.926795),
      ["LowerTorso"] = CFrame.new(-0.000000, -0.064985, 0.953038, 1.000000, 0.000000, 0.000000, 0.000000, 0.972880, -0.231312, 0.000000, 0.231312, 0.972880),
      ["RightUpperArm"] = CFrame.new(-0.111721, -0.232691, 0.066716, 0.997237, -0.048298, -0.056445, 0.060002, 0.971652, 0.228674, 0.043801, -0.231429, 0.971865),
      ["RightUpperLeg"] = CFrame.new(0.089162, 0.008730, -0.099006, 0.975609, -0.094355, -0.198203, 0.155233, 0.934953, 0.319008, 0.155211, -0.341995, 0.926795)
    }},
    { Time = 0.367, Data = {
      ["Cock"] = CFrame.new(0.000000, 0.000000, 0.000000, 0.981539, 0.191264, 0.000000, -0.191264, 0.981539, -0.000000, -0.000000, 0.000000, 1.000000),
      ["Head"] = CFrame.new(0.000001, 0.126115, -0.086870, 1.000000, -0.000000, 0.000000, 0.000000, 0.899023, 0.437901, -0.000000, -0.437901, 0.899023),
      ["LeftUpperArm"] = CFrame.new(0.111727, -0.232638, 0.066938, 0.997237, 0.048322, 0.056424, -0.059983, 0.971852, 0.227829, -0.043827, -0.230584, 0.972065),
      ["LeftUpperLeg"] = CFrame.new(-0.089150, 0.008765, -0.098976, 0.975629, 0.094618, 0.197979, -0.155173, 0.935436, 0.317618, -0.155144, -0.340598, 0.927320),
      ["LowerTorso"] = CFrame.new(-0.000000, -0.065206, 0.953968, 1.000000, 0.000000, 0.000000, 0.000000, 0.973100, -0.230382, 0.000000, 0.230382, 0.973100),
      ["RightUpperArm"] = CFrame.new(-0.111727, -0.232638, 0.066938, 0.997237, -0.048322, -0.056424, 0.059983, 0.971852, 0.227829, 0.043827, -0.230584, 0.972065),
      ["RightUpperLeg"] = CFrame.new(0.089152, 0.008760, -0.098972, 0.975629, -0.094618, -0.197979, 0.155173, 0.935436, 0.317618, 0.155144, -0.340598, 0.927320)
    }},
    { Time = 0.383, Data = {
      ["Cock"] = CFrame.new(0.000000, 0.000000, 0.000000, 0.980869, 0.194668, 0.000000, -0.194668, 0.980869, -0.000000, -0.000000, 0.000000, 1.000000),
      ["Head"] = CFrame.new(0.000001, 0.126115, -0.086870, 1.000000, -0.000000, 0.000000, 0.000000, 0.899217, 0.437503, -0.000000, -0.437503, 0.899217),
      ["LeftUpperArm"] = CFrame.new(0.111734, -0.232581, 0.067183, 0.997237, 0.048349, 0.056401, -0.059962, 0.972071, 0.226899, -0.043855, -0.229654, 0.972284),
      ["LeftUpperLeg"] = CFrame.new(-0.089153, 0.008749, -0.098981, 0.975622, 0.094958, 0.197848, -0.155204, 0.935935, 0.316130, -0.155154, -0.339130, 0.927857),
      ["LowerTorso"] = CFrame.new(-0.000000, -0.065425, 0.954898, 1.000000, 0.000000, 0.000000, 0.000000, 0.973320, -0.229452, 0.000000, 0.229452, 0.973320),
      ["RightUpperArm"] = CFrame.new(-0.111734, -0.232581, 0.067183, 0.997237, -0.048349, -0.056401, 0.059962, 0.972071, 0.226899, 0.043855, -0.229654, 0.972284),
      ["RightUpperLeg"] = CFrame.new(0.089156, 0.008745, -0.098977, 0.975622, -0.094958, -0.197848, 0.155204, 0.935935, 0.316130, 0.155154, -0.339130, 0.927857)
    }},
    { Time = 0.400, Data = {
      ["Cock"] = CFrame.new(0.000000, 0.000000, 0.000000, 0.980171, 0.198155, 0.000000, -0.198155, 0.980171, -0.000000, -0.000000, 0.000000, 1.000000),
      ["Head"] = CFrame.new(0.000001, 0.126116, -0.086870, 1.000000, -0.000000, 0.000000, 0.000000, 0.899372, 0.437184, -0.000000, -0.437184, 0.899372),
      ["LeftUpperArm"] = CFrame.new(0.111766, -0.232524, 0.067428, 0.997236, 0.048472, 0.056302, -0.060017, 0.972284, 0.225969, -0.043789, -0.228724, 0.972506),
      ["LeftUpperLeg"] = CFrame.new(-0.089156, 0.008737, -0.098989, 0.975616, 0.095307, 0.197712, -0.155229, 0.936460, 0.314559, -0.155170, -0.337579, 0.928419),
      ["LowerTorso"] = CFrame.new(-0.000000, -0.065664, 0.955913, 1.000000, 0.000000, 0.000000, 0.000000, 0.973559, -0.228437, 0.000000, 0.228437, 0.973559),
      ["RightUpperArm"] = CFrame.new(-0.111767, -0.232524, 0.067428, 0.997236, -0.048472, -0.056302, 0.060017, 0.972284, 0.225969, 0.043789, -0.228724, 0.972506),
      ["RightUpperLeg"] = CFrame.new(0.089159, 0.008732, -0.098985, 0.975616, -0.095307, -0.197712, 0.155229, 0.936460, 0.314559, 0.155170, -0.337579, 0.928419)
    }},
    { Time = 0.417, Data = {
      ["Cock"] = CFrame.new(0.000000, -0.000000, 0.000000, 0.979425, 0.201811, 0.000000, -0.201811, 0.979425, -0.000000, -0.000000, 0.000000, 1.000000),
      ["Head"] = CFrame.new(0.000001, 0.126116, -0.086870, 1.000000, -0.000000, 0.000000, 0.000000, 0.899566, 0.436786, -0.000000, -0.436786, 0.899566),
      ["LeftUpperArm"] = CFrame.new(0.111774, -0.232462, 0.067694, 0.997236, 0.048501, 0.056277, -0.059994, 0.972521, 0.224955, -0.043820, -0.227709, 0.972743),
      ["LeftUpperLeg"] = CFrame.new(-0.089154, 0.008767, -0.099005, 0.975620, 0.095572, 0.197562, -0.155169, 0.936993, 0.312996, -0.155201, -0.336021, 0.928979),
      ["LowerTorso"] = CFrame.new(-0.000000, -0.065921, 0.957013, 1.000000, 0.000000, 0.000000, 0.000000, 0.973816, -0.227337, 0.000000, 0.227337, 0.973816),
      ["RightUpperArm"] = CFrame.new(-0.111774, -0.232462, 0.067694, 0.997236, -0.048501, -0.056277, 0.059994, 0.972521, 0.224955, 0.043820, -0.227709, 0.972743),
      ["RightUpperLeg"] = CFrame.new(0.089157, 0.008762, -0.099001, 0.975620, -0.095572, -0.197562, 0.155169, 0.936993, 0.312996, 0.155201, -0.336021, 0.928979)
    }},
    { Time = 0.433, Data = {
      ["Cock"] = CFrame.new(0.000000, -0.000000, 0.000000, 0.978629, 0.205634, 0.000000, -0.205634, 0.978629, -0.000000, -0.000000, 0.000000, 1.000000),
      ["Head"] = CFrame.new(0.000001, 0.126116, -0.086870, 1.000000, -0.000000, 0.000000, 0.000000, 0.899798, 0.436308, -0.000000, -0.436308, 0.899798),
      ["LeftUpperArm"] = CFrame.new(0.111782, -0.232395, 0.067984, 0.997236, 0.048533, 0.056250, -0.059969, 0.972776, 0.223855, -0.043854, -0.226610, 0.972998),
      ["LeftUpperLeg"] = CFrame.new(-0.089150, 0.008768, -0.098978, 0.975629, 0.095952, 0.197333, -0.155167, 0.937570, 0.311266, -0.155147, -0.334300, 0.929609),
      ["LowerTorso"] = CFrame.new(-0.000000, -0.066158, 0.958029, 1.000000, 0.000000, 0.000000, 0.000000, 0.974053, -0.226321, 0.000000, 0.226321, 0.974053),
      ["RightUpperArm"] = CFrame.new(-0.111782, -0.232395, 0.067984, 0.997236, -0.048533, -0.056250, 0.059969, 0.972776, 0.223855, 0.043854, -0.226610, 0.972998),
      ["RightUpperLeg"] = CFrame.new(0.089152, 0.008763, -0.098974, 0.975629, -0.095952, -0.197333, 0.155167, 0.937570, 0.311266, 0.155147, -0.334300, 0.929609)
    }},
    { Time = 0.450, Data = {
      ["Cock"] = CFrame.new(0.000000, -0.000000, 0.000000, 0.977782, 0.209624, 0.000000, -0.209624, 0.977782, -0.000000, -0.000000, 0.000000, 1.000000),
      ["Head"] = CFrame.new(0.000001, 0.126116, -0.086870, 1.000000, -0.000000, 0.000000, 0.000000, 0.899991, 0.435909, -0.000000, -0.435909, 0.899991),
      ["LeftUpperArm"] = CFrame.new(0.111793, -0.232328, 0.068273, 0.997241, 0.048575, 0.056136, -0.059935, 0.973030, 0.222758, -0.043802, -0.225508, 0.973256),
      ["LeftUpperLeg"] = CFrame.new(-0.089153, 0.008763, -0.098993, 0.975623, 0.096318, 0.197188, -0.155178, 0.938143, 0.309528, -0.155177, -0.332582, 0.930220),
      ["LowerTorso"] = CFrame.new(-0.000000, -0.066433, 0.959214, 1.000000, 0.000000, 0.000000, 0.000000, 0.974327, -0.225136, 0.000000, 0.225136, 0.974327),
      ["RightUpperArm"] = CFrame.new(-0.111793, -0.232328, 0.068273, 0.997241, -0.048575, -0.056136, 0.059935, 0.973030, 0.222758, 0.043802, -0.225508, 0.973256),
      ["RightUpperLeg"] = CFrame.new(0.089155, 0.008758, -0.098989, 0.975623, -0.096318, -0.197188, 0.155178, 0.938143, 0.309528, 0.155177, -0.332582, 0.930220)
    }},
    { Time = 0.467, Data = {
      ["Cock"] = CFrame.new(0.000000, -0.000000, 0.000000, 0.976900, 0.213697, 0.000000, -0.213697, 0.976900, -0.000000, -0.000000, 0.000000, 1.000000),
      ["Head"] = CFrame.new(0.000001, 0.126116, -0.086870, 1.000000, -0.000000, 0.000000, 0.000000, 0.900222, 0.435431, -0.000000, -0.435431, 0.900222),
      ["LeftUpperArm"] = CFrame.new(0.111824, -0.232263, 0.068562, 0.997236, 0.048692, 0.056119, -0.059996, 0.973278, 0.221656, -0.043826, -0.224410, 0.973509),
      ["LeftUpperLeg"] = CFrame.new(-0.089156, 0.008760, -0.099011, 0.975616, 0.096692, 0.197038, -0.155183, 0.938741, 0.307708, -0.155215, -0.330781, 0.930856),
      ["LowerTorso"] = CFrame.new(-0.000000, -0.066706, 0.960399, 1.000000, 0.000000, 0.000000, 0.000000, 0.974600, -0.223951, 0.000000, 0.223951, 0.974600),
      ["RightUpperArm"] = CFrame.new(-0.111824, -0.232263, 0.068562, 0.997236, -0.048692, -0.056119, 0.059996, 0.973278, 0.221656, 0.043826, -0.224410, 0.973509),
      ["RightUpperLeg"] = CFrame.new(0.089159, 0.008756, -0.099007, 0.975616, -0.096692, -0.197038, 0.155183, 0.938741, 0.307708, 0.155215, -0.330781, 0.930856)
    }},
    { Time = 0.483, Data = {
      ["Cock"] = CFrame.new(0.000000, -0.000000, 0.000000, 0.975963, 0.217936, 0.000000, -0.217936, 0.975963, -0.000000, -0.000000, 0.000000, 1.000000),
      ["Head"] = CFrame.new(0.000001, 0.126115, -0.086870, 1.000000, -0.000000, 0.000000, 0.000000, 0.900453, 0.434952, -0.000000, -0.434952, 0.900453),
      ["LeftUpperArm"] = CFrame.new(0.111836, -0.232192, 0.068874, 0.997240, 0.048736, 0.056003, -0.059959, 0.973548, 0.220473, -0.043777, -0.223223, 0.973784),
      ["LeftUpperLeg"] = CFrame.new(-0.089152, 0.008768, -0.098991, 0.975625, 0.097089, 0.196799, -0.155167, 0.939363, 0.305811, -0.155175, -0.328893, 0.931531),
      ["LowerTorso"] = CFrame.new(-0.000000, -0.066977, 0.961585, 1.000000, 0.000000, 0.000000, 0.000000, 0.974872, -0.222766, 0.000000, 0.222766, 0.974872),
      ["RightUpperArm"] = CFrame.new(-0.111836, -0.232192, 0.068874, 0.997240, -0.048736, -0.056003, 0.059959, 0.973548, 0.220473, 0.043777, -0.223223, 0.973784),
      ["RightUpperLeg"] = CFrame.new(0.089154, 0.008763, -0.098988, 0.975625, -0.097089, -0.196799, 0.155167, 0.939363, 0.305811, 0.155175, -0.328893, 0.931531)
    }},
    { Time = 0.500, Data = {
      ["Cock"] = CFrame.new(0.000000, -0.000000, 0.000000, 0.974969, 0.222342, 0.000000, -0.222342, 0.974969, -0.000000, -0.000000, 0.000000, 1.000000),
      ["Head"] = CFrame.new(0.000001, 0.126116, -0.086870, 1.000000, -0.000000, 0.000000, 0.000000, 0.900684, 0.434474, -0.000000, -0.434474, 0.900684),
      ["LeftUpperArm"] = CFrame.new(0.111867, -0.232122, 0.069186, 0.997236, 0.048856, 0.055983, -0.060018, 0.973813, 0.219286, -0.043804, -0.222040, 0.974053),
      ["LeftUpperLeg"] = CFrame.new(-0.089155, 0.008769, -0.099013, 0.975618, 0.097471, 0.196643, -0.155165, 0.939981, 0.303906, -0.155219, -0.327008, 0.932187),
      ["LowerTorso"] = CFrame.new(-0.000000, -0.067267, 0.962855, 1.000000, 0.000000, 0.000000, 0.000000, 0.975161, -0.221495, 0.000000, 0.221495, 0.975161),
      ["RightUpperArm"] = CFrame.new(-0.111867, -0.232122, 0.069186, 0.997236, -0.048856, -0.055983, 0.060018, 0.973813, 0.219286, 0.043804, -0.222040, 0.974053),
      ["RightUpperLeg"] = CFrame.new(0.089158, 0.008764, -0.099010, 0.975618, -0.097471, -0.196643, 0.155165, 0.939981, 0.303906, 0.155219, -0.327008, 0.932187)
    }},
    { Time = 0.517, Data = {
      ["Cock"] = CFrame.new(0.000000, -0.000000, 0.000000, 0.973935, 0.226829, 0.000000, -0.226829, 0.973935, -0.000000, -0.000000, 0.000000, 1.000000),
      ["Head"] = CFrame.new(0.000001, 0.126115, -0.086870, 1.000000, -0.000000, 0.000000, 0.000000, 0.900915, 0.433995, -0.000000, -0.433995, 0.900915),
      ["LeftUpperArm"] = CFrame.new(0.111876, -0.232052, 0.069497, 0.997236, 0.048890, 0.055953, -0.059992, 0.974081, 0.218101, -0.043840, -0.220854, 0.974321),
      ["LeftUpperLeg"] = CFrame.new(-0.089156, 0.008741, -0.098993, 0.975616, 0.097969, 0.196408, -0.155221, 0.940640, 0.301833, -0.155179, -0.324960, 0.932910),
      ["LowerTorso"] = CFrame.new(-0.000000, -0.067574, 0.964211, 1.000000, 0.000000, 0.000000, 0.000000, 0.975468, -0.220140, 0.000000, 0.220140, 0.975468),
      ["RightUpperArm"] = CFrame.new(-0.111876, -0.232052, 0.069497, 0.997236, -0.048890, -0.055953, 0.059992, 0.974081, 0.218101, 0.043840, -0.220854, 0.974321),
      ["RightUpperLeg"] = CFrame.new(0.089159, 0.008737, -0.098990, 0.975616, -0.097969, -0.196408, 0.155221, 0.940640, 0.301833, 0.155179, -0.324960, 0.932910)
    }},
    { Time = 0.533, Data = {
      ["Cock"] = CFrame.new(0.000000, -0.000000, 0.000000, 0.972819, 0.231566, 0.000000, -0.231566, 0.972819, -0.000000, -0.000000, 0.000000, 1.000000),
      ["Head"] = CFrame.new(0.000001, 0.126115, -0.086870, 1.000000, -0.000000, 0.000000, 0.000000, 0.901107, 0.433596, -0.000000, -0.433596, 0.901107),
      ["LeftUpperArm"] = CFrame.new(0.111888, -0.231982, 0.069810, 0.997240, 0.048933, 0.055838, -0.059956, 0.974347, 0.216918, -0.043791, -0.219667, 0.974592),
      ["LeftUpperLeg"] = CFrame.new(-0.089152, 0.008755, -0.098980, 0.975624, 0.098382, 0.196158, -0.155192, 0.941305, 0.299768, -0.155153, -0.322903, 0.933628),
      ["LowerTorso"] = CFrame.new(-0.000000, -0.067879, 0.965566, 1.000000, 0.000000, 0.000000, 0.000000, 0.975773, -0.218784, 0.000000, 0.218784, 0.975773),
      ["RightUpperArm"] = CFrame.new(-0.111888, -0.231982, 0.069810, 0.997240, -0.048933, -0.055838, 0.059956, 0.974347, 0.216918, 0.043791, -0.219667, 0.974592),
      ["RightUpperLeg"] = CFrame.new(0.089155, 0.008751, -0.098977, 0.975624, -0.098382, -0.196158, 0.155192, 0.941305, 0.299768, 0.155153, -0.322903, 0.933628)
    }},
    { Time = 0.550, Data = {
      ["Cock"] = CFrame.new(0.000000, -0.000000, 0.000000, 0.971660, 0.236383, 0.000000, -0.236383, 0.971660, -0.000000, -0.000000, 0.000000, 1.000000),
      ["Head"] = CFrame.new(0.000001, 0.126115, -0.086870, 1.000000, -0.000000, 0.000000, 0.000000, 0.901337, 0.433118, -0.000000, -0.433118, 0.901337),
      ["LeftUpperArm"] = CFrame.new(0.111919, -0.231914, 0.070121, 0.997235, 0.049053, 0.055818, -0.060015, 0.974607, 0.215730, -0.043818, -0.218483, 0.974856),
      ["LeftUpperLeg"] = CFrame.new(-0.089155, 0.008766, -0.099012, 0.975617, 0.098789, 0.195988, -0.155170, 0.941992, 0.297613, -0.155218, -0.320768, 0.934353),
      ["LowerTorso"] = CFrame.new(-0.000000, -0.068182, 0.966922, 1.000000, 0.000000, 0.000000, 0.000000, 0.976076, -0.217428, 0.000000, 0.217428, 0.976076),
      ["RightUpperArm"] = CFrame.new(-0.111919, -0.231914, 0.070121, 0.997235, -0.049053, -0.055818, 0.060015, 0.974607, 0.215730, 0.043818, -0.218483, 0.974856),
      ["RightUpperLeg"] = CFrame.new(0.089158, 0.008762, -0.099009, 0.975617, -0.098789, -0.195988, 0.155170, 0.941992, 0.297613, 0.155218, -0.320768, 0.934353)
    }},
    { Time = 0.567, Data = {
      ["Cock"] = CFrame.new(0.000000, -0.000000, 0.000000, 0.970455, 0.241281, 0.000000, -0.241281, 0.970455, -0.000000, -0.000000, 0.000000, 1.000000),
      ["Head"] = CFrame.new(0.000001, 0.126115, -0.086870, 1.000000, -0.000000, 0.000000, 0.000000, 0.901529, 0.432719, -0.000000, -0.432719, 0.901529),
      ["LeftUpperArm"] = CFrame.new(0.111927, -0.231849, 0.070411, 0.997235, 0.049084, 0.055790, -0.059990, 0.974852, 0.214628, -0.043852, -0.217382, 0.975101),
      ["LeftUpperLeg"] = CFrame.new(-0.089157, 0.008745, -0.098999, 0.975615, 0.099303, 0.195741, -0.155213, 0.942690, 0.295371, -0.155192, -0.318550, 0.935116),
