return {
  ["Astros hump 7"] = {
    { Time = 0.000, Data = {
      ["Balls"] = CFrame.new(-0.023467, 0.148152, 0.000003, 0.997562, -0.069792, 0.000000, 0.069792, 0.997562, 0.000000, 0.000000, 0.000000, 1.000000),
      ["Cock"] = CFrame.new(-0.023180, 0.148023, 0.000000, 0.997562, -0.069792, 0.000000, 0.069792, 0.997562, 0.000000, 0.000000, 0.000000, 1.000000),
      ["Head"] = CFrame.new(0.000000, -0.000000, 0.000000, 1.000000, -0.000000, 0.000000, 0.000000, 0.796144, 0.605108, -0.000000, -0.605108, 0.796144),
      ["LeftUpperArm"] = CFrame.new(-0.038373, -0.213662, 0.079237, 0.974727, -0.221082, 0.032098, 0.194949, 0.771597, -0.605502, 0.109099, 0.596456, 0.795196),
      ["LeftUpperLeg"] = CFrame.new(-0.005442, -0.073568, 0.000002, 0.989116, 0.146737, -0.010835, -0.147136, 0.986433, -0.072809, 0.000004, 0.073611, 0.997287),
      ["LowerTorso"] = CFrame.new(0.036180, -0.419278, -0.765859, -0.997585, -0.017786, 0.067144, -0.002969, 0.976697, 0.214603, -0.069396, 0.213886, -0.974391),
      ["RightUpperArm"] = CFrame.new(0.047618, -0.126393, 0.069181, 0.983446, 0.181056, 0.007257, -0.146208, 0.816546, -0.558458, -0.107038, 0.548153, 0.829501),
      ["RightUpperLeg"] = CFrame.new(0.005722, -0.075428, -0.000020, 0.988555, -0.150288, 0.013111, 0.150859, 0.984791, -0.086185, 0.000041, 0.087176, 0.996193),
      ["Tip"] = CFrame.new(-0.020003, 0.024565, -0.052752, 1.000000, 0.000000, 0.000000, 0.000000, 0.999845, -0.017609, 0.000000, 0.017609, 0.999845),
      ["cuumer"] = CFrame.new(-0.000625, -0.002277, 0.017385, 0.999966, -0.008202, -0.000031, 0.008194, 0.998735, 0.049620, -0.000376, -0.049619, 0.998768),
      ["rings"] = CFrame.new(-0.000773, -0.000574, 0.010464, 0.999999, 0.001300, -0.000593, -0.001290, 0.999847, 0.017437, 0.000616, -0.017436, 0.999848),
      ["x_C3"] = CFrame.new(0.000000, -0.305728, 0.167108, 1.000000, -0.000000, 0.000000, 0.000000, 0.810435, 0.585828, -0.000000, -0.585828, 0.810435)
    }},
    { Time = 0.017, Data = {
      ["Head"] = CFrame.new(0.000000, 0.000000, -0.000000, 1.000000, -0.000000, 0.000000, 0.000000, 0.796088, 0.605180, -0.000000, -0.605180, 0.796088),
      ["LeftUpperArm"] = CFrame.new(-0.038380, -0.213658, 0.079290, 0.974727, -0.221082, 0.032098, 0.194949, 0.771597, -0.605502, 0.109099, 0.596456, 0.795196),
      ["LeftUpperLeg"] = CFrame.new(-0.005441, -0.073562, -0.000007, 0.989116, 0.146737, -0.010829, -0.147136, 0.986439, -0.072723, 0.000011, 0.073525, 0.997293),
      ["LowerTorso"] = CFrame.new(0.036177, -0.419289, -0.765808, -0.997585, -0.017786, 0.067144, -0.002969, 0.976697, 0.214603, -0.069396, 0.213886, -0.974391),
      ["RightUpperArm"] = CFrame.new(0.047623, -0.126386, 0.069224, 0.983446, 0.181056, 0.007257, -0.146208, 0.816546, -0.558458, -0.107038, 0.548153, 0.829501),
      ["RightUpperLeg"] = CFrame.new(0.005722, -0.075427, -0.000030, 0.988555, -0.150288, 0.013105, 0.150859, 0.984799, -0.086099, 0.000034, 0.087091, 0.996200),
      ["x_C3"] = CFrame.new(0.000000, -0.305719, 0.167103, 1.000000, -0.000000, 0.000000, 0.000000, 0.810435, 0.585828, -0.000000, -0.585828, 0.810435)
    }},
    { Time = 0.033, Data = {
      ["Head"] = CFrame.new(0.000000, 0.000000, 0.000000, 1.000000, -0.000000, 0.000000, 0.000000, 0.796033, 0.605253, -0.000000, -0.605253, 0.796033),
      ["LeftUpperArm"] = CFrame.new(-0.038450, -0.213637, 0.079658, 0.974708, -0.221162, 0.032126, 0.195029, 0.771578, -0.605501, 0.109126, 0.596451, 0.795196),
      ["LeftUpperLeg"] = CFrame.new(-0.005434, -0.073517, -0.000090, 0.989116, 0.146738, -0.010816, -0.147136, 0.986452, -0.072552, 0.000024, 0.073353, 0.997306),
      ["LowerTorso"] = CFrame.new(0.036152, -0.419368, -0.765450, -0.997585, -0.017786, 0.067144, -0.002969, 0.976697, 0.214603, -0.069396, 0.213886, -0.974391),
      ["RightUpperArm"] = CFrame.new(0.047686, -0.126336, 0.069524, 0.983431, 0.181137, 0.007232, -0.146289, 0.816531, -0.558459, -0.107063, 0.548148, 0.829501),
      ["RightUpperLeg"] = CFrame.new(0.005722, -0.075426, -0.000114, 0.988555, -0.150290, 0.013085, 0.150859, 0.984821, -0.085842, 0.000014, 0.086833, 0.996223),
      ["x_C3"] = CFrame.new(0.000000, -0.305659, 0.167066, 1.000000, -0.000000, 0.000000, 0.000000, 0.810488, 0.585755, -0.000000, -0.585755, 0.810488)
    }},
    { Time = 0.050, Data = {
      ["Head"] = CFrame.new(0.000000, -0.000000, -0.000000, 1.000000, -0.000000, 0.000000, 0.000000, 0.795868, 0.605470, -0.000000, -0.605470, 0.795868),
      ["LeftUpperArm"] = CFrame.new(-0.038582, -0.213566, 0.080661, 0.974708, -0.221162, 0.032126, 0.195029, 0.771578, -0.605501, 0.109126, 0.596451, 0.795196),
      ["LeftUpperLeg"] = CFrame.new(-0.005416, -0.073394, -0.000352, 0.989117, 0.146745, -0.010686, -0.147133, 0.986496, -0.071957, -0.000018, 0.072746, 0.997351),
      ["LowerTorso"] = CFrame.new(0.036085, -0.419581, -0.764481, -0.997585, -0.017786, 0.067144, -0.002969, 0.976697, 0.214603, -0.069396, 0.213886, -0.974391),
      ["RightUpperArm"] = CFrame.new(0.047818, -0.126194, 0.070340, 0.983416, 0.181219, 0.007207, -0.146371, 0.816516, -0.558459, -0.107088, 0.548143, 0.829501),
      ["RightUpperLeg"] = CFrame.new(0.005721, -0.075421, -0.000343, 0.988555, -0.150295, 0.013033, 0.150859, 0.984881, -0.085155, -0.000038, 0.086146, 0.996282),
      ["x_C3"] = CFrame.new(0.000000, -0.305496, 0.166966, 1.000000, -0.000000, 0.000000, 0.000000, 0.810595, 0.585608, -0.000000, -0.585608, 0.810595)
    }},
    { Time = 0.067, Data = {
      ["Head"] = CFrame.new(0.000000, 0.000000, 0.000000, 1.000000, -0.000000, 0.000000, 0.000000, 0.795482, 0.605978, -0.000000, -0.605978, 0.795482),
      ["LeftUpperArm"] = CFrame.new(-0.038888, -0.213437, 0.082608, 0.974666, -0.221350, 0.032100, 0.195162, 0.771540, -0.605506, 0.109262, 0.596431, 0.795193),
      ["LeftUpperLeg"] = CFrame.new(-0.005380, -0.073155, -0.000820, 0.989117, 0.146754, -0.010511, -0.147130, 0.986583, -0.070760, -0.000015, 0.071536, 0.997438),
      ["LowerTorso"] = CFrame.new(0.035958, -0.419979, -0.762678, -0.997585, -0.017789, 0.067143, -0.002966, 0.976678, 0.214688, -0.069396, 0.213970, -0.974372),
      ["RightUpperArm"] = CFrame.new(0.048082, -0.125918, 0.071926, 0.983382, 0.181407, 0.007238, -0.146509, 0.816487, -0.558466, -0.107220, 0.548125, 0.829496),
      ["RightUpperLeg"] = CFrame.new(0.005719, -0.075409, -0.000873, 0.988556, -0.150311, 0.012757, 0.150851, 0.984999, -0.083795, 0.000030, 0.084760, 0.996401),
      ["x_C3"] = CFrame.new(0.000000, -0.305178, 0.166771, 1.000000, -0.000000, 0.000000, 0.000000, 0.810860, 0.585240, -0.000000, -0.585240, 0.810860)
    }},
    { Time = 0.083, Data = {
      ["Head"] = CFrame.new(0.000000, 0.000000, -0.000000, 1.000000, -0.000000, 0.000000, 0.000000, 0.794874, 0.606775, -0.000000, -0.606775, 0.794874),
      ["LeftUpperArm"] = CFrame.new(-0.039382, -0.213223, 0.085821, 0.974605, -0.221618, 0.032102, 0.195374, 0.771483, -0.605511, 0.109425, 0.596406, 0.795189),
      ["LeftUpperLeg"] = CFrame.new(-0.005329, -0.072807, -0.001568, 0.989105, 0.146853, -0.010288, -0.147213, 0.986704, -0.068876, 0.000036, 0.069640, 0.997572),
      ["LowerTorso"] = CFrame.new(0.035746, -0.420646, -0.759649, -0.997585, -0.017792, 0.067142, -0.002963, 0.976660, 0.214773, -0.069396, 0.214055, -0.974353),
      ["RightUpperArm"] = CFrame.new(0.048530, -0.125467, 0.074541, 0.983317, 0.181758, 0.007219, -0.146810, 0.816427, -0.558474, -0.107401, 0.548097, 0.829490),
      ["RightUpperLeg"] = CFrame.new(0.005723, -0.075434, -0.001691, 0.988545, -0.150418, 0.012413, 0.150930, 0.985180, -0.081489, 0.000029, 0.082429, 0.996597),
      ["x_C3"] = CFrame.new(0.000000, -0.304655, 0.166450, 1.000000, -0.000000, 0.000000, 0.000000, 0.811285, 0.584651, -0.000000, -0.584651, 0.811285)
    }},
    { Time = 0.100, Data = {
      ["Head"] = CFrame.new(0.000000, 0.000000, -0.000000, 1.000000, -0.000000, 0.000000, 0.000000, 0.793988, 0.607933, -0.000000, -0.607933, 0.793988),
      ["LeftUpperArm"] = CFrame.new(-0.040106, -0.212901, 0.090616, 0.974525, -0.221965, 0.032132, 0.195667, 0.771406, -0.605514, 0.109616, 0.596376, 0.795186),
      ["LeftUpperLeg"] = CFrame.new(-0.005241, -0.072220, -0.002747, 0.989106, 0.146876, -0.009820, -0.147204, 0.986898, -0.066059, -0.000011, 0.066785, 0.997767),
      ["LowerTorso"] = CFrame.new(0.035429, -0.421650, -0.755089, -0.997585, -0.017795, 0.067142, -0.002960, 0.976641, 0.214858, -0.069397, 0.214140, -0.974335),
      ["RightUpperArm"] = CFrame.new(0.049179, -0.124789, 0.078443, 0.983232, 0.182215, 0.007257, -0.147167, 0.816353, -0.558489, -0.107690, 0.548057, 0.829480),
      ["RightUpperLeg"] = CFrame.new(0.005719, -0.075407, -0.002912, 0.988546, -0.150449, 0.011901, 0.150919, 0.985451, -0.078160, 0.000032, 0.079061, 0.996870),
      ["x_C3"] = CFrame.new(0.000000, -0.303873, 0.165972, 1.000000, -0.000000, 0.000000, 0.000000, 0.811868, 0.583842, -0.000000, -0.583842, 0.811868)
    }},
    { Time = 0.117, Data = {
      ["Head"] = CFrame.new(0.000000, -0.000000, 0.000000, 1.000000, -0.000000, 0.000000, 0.000000, 0.792712, 0.609596, -0.000000, -0.609596, 0.792712),
      ["LeftUpperArm"] = CFrame.new(-0.041107, -0.212450, 0.097306, 0.974422, -0.222420, 0.032109, 0.196012, 0.771310, -0.605525, 0.109915, 0.596330, 0.795179),
      ["LeftUpperLeg"] = CFrame.new(-0.005120, -0.071403, -0.004342, 0.989107, 0.146903, -0.009269, -0.147195, 0.987155, -0.062124, 0.000024, 0.062812, 0.998025),
      ["LowerTorso"] = CFrame.new(0.034988, -0.423041, -0.748776, -0.997585, -0.017801, 0.067140, -0.002954, 0.976604, 0.215027, -0.069397, 0.214309, -0.974298),
      ["RightUpperArm"] = CFrame.new(0.050103, -0.123835, 0.083869, 0.983102, 0.182917, 0.007227, -0.147773, 0.816283, -0.558431, -0.108046, 0.547926, 0.829520),
      ["RightUpperLeg"] = CFrame.new(0.005713, -0.075371, -0.004608, 0.988548, -0.150490, 0.011198, 0.150906, 0.985815, -0.073463, 0.000016, 0.074311, 0.997235),
      ["x_C3"] = CFrame.new(0.000000, -0.302783, 0.165303, 1.000000, -0.000000, 0.000000, 0.000000, 0.812714, 0.582663, -0.000000, -0.582663, 0.812714)
    }},
    { Time = 0.133, Data = {
      ["Head"] = CFrame.new(0.000000, 0.000000, -0.000000, 1.000000, -0.000000, 0.000000, 0.000000, 0.791041, 0.611763, -0.000000, -0.611763, 0.791041),
      ["LeftUpperArm"] = CFrame.new(-0.042472, -0.211855, 0.106206, 0.974257, -0.223143, 0.032088, 0.196569, 0.771156, -0.605540, 0.110378, 0.596259, 0.795168),
      ["LeftUpperLeg"] = CFrame.new(-0.004958, -0.070316, -0.006505, 0.989109, 0.146940, -0.008444, -0.147183, 0.987476, -0.056826, -0.000011, 0.057450, 0.998348),
      ["LowerTorso"] = CFrame.new(0.034402, -0.424884, -0.740405, -0.997585, -0.017809, 0.067138, -0.002945, 0.976548, 0.215281, -0.069397, 0.214564, -0.974242),
      ["RightUpperArm"] = CFrame.new(0.051320, -0.122580, 0.091116, 0.982936, 0.183807, 0.007220, -0.148513, 0.816133, -0.558454, -0.108541, 0.547852, 0.829504),
      ["RightUpperLeg"] = CFrame.new(0.005706, -0.075324, -0.006847, 0.988550, -0.150540, 0.010286, 0.150891, 0.986268, -0.067138, -0.000037, 0.067921, 0.997691),
      ["x_C3"] = CFrame.new(0.000000, -0.301332, 0.164414, 1.000000, -0.000000, 0.000000, 0.000000, 0.813822, 0.581115, -0.000000, -0.581115, 0.813822)
    }},
    { Time = 0.150, Data = {
      ["Head"] = CFrame.new(0.000000, 0.000000, 0.000000, 1.000000, -0.000000, 0.000000, 0.000000, 0.788803, 0.614646, -0.000000, -0.614646, 0.788803),
      ["LeftUpperArm"] = CFrame.new(-0.044190, -0.211086, 0.117638, 0.974073, -0.223946, 0.032094, 0.197206, 0.770983, -0.605554, 0.110867, 0.596183, 0.795157),
      ["LeftUpperLeg"] = CFrame.new(-0.004750, -0.068921, -0.009266, 0.989111, 0.146981, -0.007425, -0.147169, 0.987843, -0.050071, -0.000024, 0.050618, 0.998718),
      ["LowerTorso"] = CFrame.new(0.033733, -0.427267, -0.729581, -0.997584, -0.017904, 0.067126, -0.003022, 0.976491, 0.215538, -0.069407, 0.214815, -0.974186),
      ["RightUpperArm"] = CFrame.new(0.052887, -0.120969, 0.100420, 0.982718, 0.184966, 0.007220, -0.149471, 0.815937, -0.558485, -0.109192, 0.547755, 0.829483),
      ["RightUpperLeg"] = CFrame.new(0.005697, -0.075262, -0.009791, 0.988554, -0.150602, 0.008978, 0.150869, 0.986790, -0.059026, 0.000030, 0.059704, 0.998216),
      ["x_C3"] = CFrame.new(0.000000, -0.299470, 0.163272, 1.000000, -0.000000, 0.000000, 0.000000, 0.815241, 0.579122, -0.000000, -0.579122, 0.815241)
    }},
    { Time = 0.167, Data = {
      ["Head"] = CFrame.new(0.000000, -0.000000, 0.000000, 1.000000, -0.000000, 0.000000, 0.000000, 0.786102, 0.618097, -0.000000, -0.618097, 0.786102),
      ["LeftUpperArm"] = CFrame.new(-0.046375, -0.210120, 0.131894, 0.973807, -0.225097, 0.032120, 0.198141, 0.770786, -0.605499, 0.111538, 0.596003, 0.795198),
      ["LeftUpperLeg"] = CFrame.new(-0.004492, -0.067181, -0.012695, 0.989113, 0.147024, -0.006199, -0.147155, 0.988235, -0.041686, -0.000002, 0.042144, 0.999112),
      ["LowerTorso"] = CFrame.new(0.032791, -0.430238, -0.716089, -0.997584, -0.017916, 0.067123, -0.003010, 0.976416, 0.215877, -0.069407, 0.215154, -0.974111),
      ["RightUpperArm"] = CFrame.new(0.054839, -0.118944, 0.112020, 0.982449, 0.186394, 0.007234, -0.150654, 0.815743, -0.558450, -0.109993, 0.547559, 0.829507),
      ["RightUpperLeg"] = CFrame.new(0.005692, -0.075231, -0.013428, 0.988544, -0.150751, 0.007436, 0.150934, 0.987332, -0.048939, 0.000036, 0.049500, 0.998774),
      ["x_C3"] = CFrame.new(0.000000, -0.297143, 0.161846, 1.000000, -0.000000, 0.000000, 0.000000, 0.816969, 0.576682, -0.000000, -0.576682, 0.816969)
    }},
    { Time = 0.183, Data = {
      ["Head"] = CFrame.new(0.000000, 0.000000, 0.000000, 1.000000, -0.000000, 0.000000, 0.000000, 0.782701, 0.622398, -0.000000, -0.622398, 0.782701),
      ["LeftUpperArm"] = CFrame.new(-0.049005, -0.208949, 0.149330, 0.973516, -0.226355, 0.032103, 0.199122, 0.770513, -0.605524, 0.112327, 0.595880, 0.795179),
      ["LeftUpperLeg"] = CFrame.new(-0.004175, -0.065056, -0.016898, 0.989116, 0.147067, -0.004654, -0.147141, 0.988619, -0.031332, -0.000006, 0.031676, 0.999498),
      ["LowerTorso"] = CFrame.new(0.031640, -0.433865, -0.699618, -0.997584, -0.017930, 0.067119, -0.002995, 0.976322, 0.216301, -0.069408, 0.215577, -0.974017),
      ["RightUpperArm"] = CFrame.new(0.057233, -0.116475, 0.126193, 0.982109, 0.188172, 0.007229, -0.152137, 0.815486, -0.558423, -0.110975, 0.547333, 0.829525),
      ["RightUpperLeg"] = CFrame.new(0.005679, -0.075143, -0.017870, 0.988547, -0.150812, 0.005549, 0.150914, 0.987868, -0.036625, 0.000041, 0.037043, 0.999314),
      ["x_C3"] = CFrame.new(0.000000, -0.294302, 0.160104, 1.000000, -0.000000, 0.000000, 0.000000, 0.819104, 0.573645, -0.000000, -0.573645, 0.819104)
    }},
    { Time = 0.200, Data = {
      ["Head"] = CFrame.new(0.000000, 0.000000, 0.000000, 1.000000, -0.000000, 0.000000, 0.000000, 0.778641, 0.627469, -0.000000, -0.627469, 0.778641),
      ["LeftUpperArm"] = CFrame.new(-0.052185, -0.207551, 0.170240, 0.973141, -0.227959, 0.032117, 0.200396, 0.770161, -0.605552, 0.113306, 0.595724, 0.795157),
      ["LeftUpperLeg"] = CFrame.new(-0.003803, -0.062554, -0.021953, 0.989105, 0.147188, -0.002792, -0.147214, 0.988922, -0.019008, -0.000037, 0.019212, 0.999815),
      ["LowerTorso"] = CFrame.new(0.030264, -0.438197, -0.679949, -0.997584, -0.017951, 0.067114, -0.002974, 0.976191, 0.216894, -0.069409, 0.216171, -0.973885),
      ["RightUpperArm"] = CFrame.new(0.060103, -0.113532, 0.143214, 0.981699, 0.190301, 0.007196, -0.153915, 0.815114, -0.558480, -0.112145, 0.547152, 0.829487),
      ["RightUpperLeg"] = CFrame.new(0.005663, -0.075042, -0.023188, 0.988549, -0.150861, 0.003301, 0.150898, 0.988308, -0.021824, 0.000030, 0.022072, 0.999756),
      ["x_C3"] = CFrame.new(0.000000, -0.290894, 0.158015, 1.000000, -0.000000, 0.000000, 0.000000, 0.821691, 0.569934, -0.000000, -0.569934, 0.821691)
    }},
    { Time = 0.217, Data = {
      ["Head"] = CFrame.new(0.000000, 0.000000, 0.000000, 1.000000, -0.000000, 0.000000, 0.000000, 0.773790, 0.633442, -0.000000, -0.633442, 0.773790),
      ["LeftUpperArm"] = CFrame.new(-0.055935, -0.205899, 0.194944, 0.972700, -0.229830, 0.032132, 0.201881, 0.769746, -0.605586, 0.114448, 0.595541, 0.795131),
      ["LeftUpperLeg"] = CFrame.new(-0.003356, -0.059551, -0.027878, 0.989105, 0.147207, -0.000669, -0.147208, 0.989096, -0.004365, 0.000019, 0.004416, 0.999990),
      ["LowerTorso"] = CFrame.new(0.028634, -0.443337, -0.656605, -0.997584, -0.017971, 0.067108, -0.002953, 0.976059, 0.217487, -0.069410, 0.216764, -0.973754),
      ["RightUpperArm"] = CFrame.new(0.063490, -0.110042, 0.163301, 0.981211, 0.192804, 0.007235, -0.155972, 0.814724, -0.558478, -0.113571, 0.546856, 0.829488),
      ["RightUpperLeg"] = CFrame.new(0.005646, -0.074927, -0.029457, 0.988551, -0.150888, 0.000677, 0.150889, 0.988541, -0.004364, -0.000011, 0.004416, 0.999990),
      ["x_C3"] = CFrame.new(0.000000, -0.286867, 0.155547, 1.000000, -0.000000, 0.000000, 0.000000, 0.824668, 0.565617, -0.000000, -0.565617, 0.824668)
    }},
    { Time = 0.233, Data = {
      ["Head"] = CFrame.new(0.000000, -0.000000, 0.000000, 1.000000, -0.000000, 0.000000, 0.000000, 0.768065, 0.640372, -0.000000, -0.640372, 0.768065),
      ["LeftUpperArm"] = CFrame.new(-0.060304, -0.203971, 0.223754, 0.972188, -0.231995, 0.032069, 0.203550, 0.769269, -0.605635, 0.115834, 0.595318, 0.795096),
      ["LeftUpperLeg"] = CFrame.new(-0.002836, -0.056053, -0.034833, 0.989105, 0.147199, 0.001890, -0.147211, 0.989024, 0.012670, -0.000004, -0.012811, 0.999918),
      ["LowerTorso"] = CFrame.new(0.026818, -0.449334, -0.629361, -0.997583, -0.018080, 0.067092, -0.003014, 0.975907, 0.218168, -0.069420, 0.217438, -0.973602),
      ["RightUpperArm"] = CFrame.new(0.067444, -0.105976, 0.186732, 0.980630, 0.195738, 0.007229, -0.158410, 0.814249, -0.558485, -0.115203, 0.546522, 0.829483),
      ["RightUpperLeg"] = CFrame.new(0.005627, -0.074801, -0.036790, 0.988550, -0.150874, -0.002426, 0.150894, 0.988420, 0.016004, -0.000016, -0.016187, 0.999869),
      ["x_C3"] = CFrame.new(0.000000, -0.282172, 0.152669, 1.000000, -0.000000, 0.000000, 0.000000, 0.828127, 0.560541, -0.000000, -0.560541, 0.828127)
    }},
    { Time = 0.250, Data = {
      ["Head"] = CFrame.new(0.000000, -0.000000, 0.000000, 1.000000, -0.000000, 0.000000, 0.000000, 0.761433, 0.648244, -0.000000, -0.648244, 0.761433),
      ["LeftUpperArm"] = CFrame.new(-0.065348, -0.201735, 0.256968, 0.971587, -0.234507, 0.032026, 0.205515, 0.768761, -0.605616, 0.117401, 0.594990, 0.795113),
      ["LeftUpperLeg"] = CFrame.new(-0.002230, -0.051982, -0.042842, 0.989115, 0.147063, 0.004817, -0.147142, 0.988586, 0.032358, -0.000003, -0.032715, 0.999465),
      ["LowerTorso"] = CFrame.new(0.024626, -0.456238, -0.598002, -0.997583, -0.018109, 0.067085, -0.002984, 0.975717, 0.219015, -0.069422, 0.218285, -0.973413),
      ["RightUpperArm"] = CFrame.new(0.072006, -0.101278, 0.213742, 0.979947, 0.199126, 0.007269, -0.161209, 0.813733, -0.558436, -0.117114, 0.546065, 0.829516),
      ["RightUpperLeg"] = CFrame.new(0.005606, -0.074666, -0.045257, 0.988546, -0.150798, -0.006029, 0.150919, 0.987756, 0.039530, -0.000005, -0.039987, 0.999200),
      ["x_C3"] = CFrame.new(0.000000, -0.276755, 0.149349, 1.000000, -0.000000, 0.000000, 0.000000, 0.832102, 0.554623, -0.000000, -0.554623, 0.832102)
    }},
    { Time = 0.267, Data = {
      ["Head"] = CFrame.new(0.000000, 0.000000, -0.000000, 1.000000, -0.000000, 0.000000, 0.000000, 0.754648, 0.656130, -0.000000, -0.656130, 0.754648),
      ["LeftUpperArm"] = CFrame.new(-0.070384, -0.199515, 0.290204, 0.970983, -0.236989, 0.032075, 0.207501, 0.768193, -0.605660, 0.118895, 0.594740, 0.795077),
      ["LeftUpperLeg"] = CFrame.new(-0.001632, -0.047961, -0.050854, 0.989111, 0.146970, 0.007738, -0.147173, 0.987746, 0.051950, -0.000008, -0.052523, 0.998620),
      ["LowerTorso"] = CFrame.new(0.022432, -0.463160, -0.566559, -0.997583, -0.018135, 0.067077, -0.002957, 0.975546, 0.219777, -0.069423, 0.219047, -0.973241),
      ["RightUpperArm"] = CFrame.new(0.076561, -0.096596, 0.240772, 0.979258, 0.202488, 0.007219, -0.164026, 0.813157, -0.558455, -0.118950, 0.545687, 0.829504),
      ["RightUpperLeg"] = CFrame.new(0.005580, -0.074499, -0.053725, 0.988552, -0.150572, -0.009628, 0.150880, 0.986540, 0.063039, 0.000007, -0.063770, 0.997965),
      ["x_C3"] = CFrame.new(0.000000, -0.271338, 0.146028, 1.000000, -0.000000, 0.000000, 0.000000, 0.836030, 0.548684, -0.000000, -0.548684, 0.836030)
    }},
    { Time = 0.283, Data = {
      ["Head"] = CFrame.new(0.000000, 0.000000, -0.000000, 1.000000, -0.000000, 0.000000, 0.000000, 0.748747, 0.662856, -0.000000, -0.662856, 0.748747),
      ["LeftUpperArm"] = CFrame.new(-0.074752, -0.197590, 0.319012, 0.970454, -0.239151, 0.032012, 0.209167, 0.767701, -0.605710, 0.120281, 0.594510, 0.795041),
      ["LeftUpperLeg"] = CFrame.new(-0.001114, -0.044482, -0.057809, 0.989105, 0.146852, 0.010294, -0.147213, 0.986698, 0.068962, -0.000030, -0.069726, 0.997566),
      ["LowerTorso"] = CFrame.new(0.020619, -0.469136, -0.539400, -0.997582, -0.018247, 0.067061, -0.003016, 0.975373, 0.220542, -0.069434, 0.219806, -0.973069),
      ["RightUpperArm"] = CFrame.new(0.080514, -0.092538, 0.264200, 0.978648, 0.205418, 0.007212, -0.166460, 0.812654, -0.558466, -0.120580, 0.545341, 0.829496),
      ["RightUpperLeg"] = CFrame.new(0.005559, -0.074356, -0.061059, 0.988556, -0.150314, -0.012725, 0.150851, 0.985035, 0.083365, 0.000003, -0.084331, 0.996438),
      ["x_C3"] = CFrame.new(0.000000, -0.266642, 0.143150, 1.000000, -0.000000, 0.000000, 0.000000, 0.839374, 0.543554, -0.000000, -0.543554, 0.839374)
    }},
    { Time = 0.300, Data = {
      ["Head"] = CFrame.new(0.000000, -0.000000, -0.000000, 1.000000, -0.000000, 0.000000, 0.000000, 0.743643, 0.668577, -0.000000, -0.668577, 0.743643),
      ["LeftUpperArm"] = CFrame.new(-0.078501, -0.195929, 0.343693, 0.969992, -0.241020, 0.032018, 0.210654, 0.767322, -0.605675, 0.121412, 0.594245, 0.795068),
      ["LeftUpperLeg"] = CFrame.new(-0.000665, -0.041459, -0.063735, 0.989112, 0.146643, 0.012410, -0.147167, 0.985575, 0.083573, 0.000025, -0.084490, 0.996424),
      ["LowerTorso"] = CFrame.new(0.018989, -0.474274, -0.516055, -0.997582, -0.018268, 0.067055, -0.002994, 0.975239, 0.221135, -0.069434, 0.220399, -0.972935),
      ["RightUpperArm"] = CFrame.new(0.083900, -0.089057, 0.284282, 0.978120, 0.207915, 0.007250, -0.168512, 0.812229, -0.558469, -0.122003, 0.545028, 0.829494),
      ["RightUpperLeg"] = CFrame.new(0.005546, -0.074276, -0.067326, 0.988547, -0.150129, -0.015342, 0.150911, 0.983398, 0.100769, -0.000041, -0.101930, 0.994792),
      ["x_C3"] = CFrame.new(0.000000, -0.262616, 0.140682, 1.000000, -0.000000, 0.000000, 0.000000, 0.842248, 0.539090, -0.000000, -0.539090, 0.842248)
    }},
    { Time = 0.317, Data = {
      ["Head"] = CFrame.new(0.000000, -0.000000, -0.000000, 1.000000, -0.000000, 0.000000, 0.000000, 0.739235, 0.673447, -0.000000, -0.673447, 0.739235),
      ["LeftUpperArm"] = CFrame.new(-0.081658, -0.194531, 0.364603, 0.969613, -0.242540, 0.032005, 0.211843, 0.766968, -0.605708, 0.122362, 0.594083, 0.795043),
      ["LeftUpperLeg"] = CFrame.new(-0.000290, -0.038941, -0.068788, 0.989105, 0.146516, 0.014270, -0.147209, 0.984449, 0.095861, -0.000003, -0.096918, 0.995292),
      ["LowerTorso"] = CFrame.new(0.017609, -0.478622, -0.496301, -0.997582, -0.018285, 0.067050, -0.002976, 0.975123, 0.221643, -0.069435, 0.220907, -0.972820),
      ["RightUpperArm"] = CFrame.new(0.086768, -0.086111, 0.301280, 0.977667, 0.210037, 0.007226, -0.170290, 0.811867, -0.558456, -0.123163, 0.544753, 0.829503),
      ["RightUpperLeg"] = CFrame.new(0.005531, -0.074173, -0.072688, 0.988550, -0.149854, -0.017666, 0.150891, 0.981780, 0.115502, 0.000035, -0.116845, 0.993150),
      ["x_C3"] = CFrame.new(0.000000, -0.259208, 0.138593, 1.000000, -0.000000, 0.000000, 0.000000, 0.844663, 0.535298, -0.000000, -0.535298, 0.844663)
    }},
    { Time = 0.333, Data = {
      ["Head"] = CFrame.new(0.000000, 0.000000, 0.000000, 1.000000, -0.000000, 0.000000, 0.000000, 0.735607, 0.677409, -0.000000, -0.677409, 0.735607),
      ["LeftUpperArm"] = CFrame.new(-0.084308, -0.193370, 0.382035, 0.969279, -0.243873, 0.032017, 0.212900, 0.766654, -0.605735, 0.123177, 0.593943, 0.795022),
      ["LeftUpperLeg"] = CFrame.new(0.000029, -0.036801, -0.072993, 0.989112, 0.146312, 0.015807, -0.147163, 0.983397, 0.106180, -0.000010, -0.107350, 0.994221),
      ["LowerTorso"] = CFrame.new(0.016459, -0.482247, -0.479830, -0.997582, -0.018300, 0.067046, -0.002961, 0.975027, 0.222066, -0.069436, 0.221330, -0.972724),
      ["RightUpperArm"] = CFrame.new(0.089159, -0.083653, 0.315447, 0.977285, 0.211808, 0.007220, -0.171767, 0.811571, -0.558435, -0.124141, 0.544509, 0.829517),
      ["RightUpperLeg"] = CFrame.new(0.005517, -0.074081, -0.077131, 0.988555, -0.149593, -0.019540, 0.150864, 0.980265, 0.127755, 0.000043, -0.129240, 0.991613),
      ["x_C3"] = CFrame.new(0.000000, -0.256367, 0.136851, 1.000000, -0.000000, 0.000000, 0.000000, 0.846630, 0.532183, -0.000000, -0.532183, 0.846630)
    }},
    { Time = 0.350, Data = {
      ["Head"] = CFrame.new(0.000000, 0.000000, -0.000000, 1.000000, -0.000000, 0.000000, 0.000000, 0.732585, 0.680675, -0.000000, -0.680675, 0.732585),
      ["LeftUpperArm"] = CFrame.new(-0.086471, -0.192419, 0.396307, 0.969009, -0.244939, 0.032026, 0.213746, 0.766402, -0.605757, 0.123828, 0.593829, 0.795005),
      ["LeftUpperLeg"] = CFrame.new(0.000284, -0.035084, -0.076421, 0.989107, 0.146208, 0.017030, -0.147197, 0.982454, 0.114532, 0.000014, -0.115792, 0.993274),
      ["LowerTorso"] = CFrame.new(0.015517, -0.485216, -0.466337, -0.997582, -0.018311, 0.067043, -0.002949, 0.974950, 0.222404, -0.069436, 0.221669, -0.972647),
      ["RightUpperArm"] = CFrame.new(0.091110, -0.081650, 0.327062, 0.976975, 0.213231, 0.007225, -0.172939, 0.811291, -0.558479, -0.124946, 0.544371, 0.829487),
      ["RightUpperLeg"] = CFrame.new(0.005511, -0.074041, -0.080723, 0.988548, -0.149443, -0.020993, 0.150910, 0.978897, 0.137790, -0.000042, -0.139380, 0.990239),
      ["x_C3"] = CFrame.new(0.000000, -0.254040, 0.135425, 1.000000, -0.000000, 0.000000, 0.000000, 0.848251, 0.529595, -0.000000, -0.529595, 0.848251)
    }},
    { Time = 0.367, Data = {
      ["Head"] = CFrame.new(0.000000, -0.000000, 0.000000, 1.000000, -0.000000, 0.000000, 0.000000, 0.730118, 0.683321, -0.000000, -0.683321, 0.730118),
      ["LeftUpperArm"] = CFrame.new(-0.088210, -0.191645, 0.407716, 0.968786, -0.245819, 0.032050, 0.214465, 0.766246, -0.605700, 0.124334, 0.593667, 0.795048),
      ["LeftUpperLeg"] = CFrame.new(0.000495, -0.033669, -0.079184, 0.989115, 0.146032, 0.018041, -0.147142, 0.981654, 0.121259, -0.000003, -0.122594, 0.992457),
      ["LowerTorso"] = CFrame.new(0.014765, -0.487578, -0.455600, -0.997582, -0.018323, 0.067040, -0.002937, 0.974873, 0.222743, -0.069437, 0.222007, -0.972570),
      ["RightUpperArm"] = CFrame.new(0.092676, -0.080035, 0.336343, 0.976723, 0.214384, 0.007233, -0.173898, 0.811113, -0.558440, -0.125588, 0.544184, 0.829513),
      ["RightUpperLeg"] = CFrame.new(0.005500, -0.073972, -0.083671, 0.988553, -0.149219, -0.022283, 0.150874, 0.977747, 0.145767, 0.000036, -0.147460, 0.989068),
      ["x_C3"] = CFrame.new(0.000000, -0.252177, 0.134283, 1.000000, -0.000000, 0.000000, 0.000000, 0.849532, 0.527537, -0.000000, -0.527537, 0.849532)
    }},
    { Time = 0.383, Data = {
      ["Head"] = CFrame.new(0.000000, -0.000000, 0.000000, 1.000000, -0.000000, 0.000000, 0.000000, 0.728212, 0.685352, -0.000000, -0.685352, 0.728212),
      ["LeftUpperArm"] = CFrame.new(-0.089552, -0.191050, 0.416616, 0.968625, -0.246459, 0.032002, 0.214940, 0.766098, -0.605719, 0.124768, 0.593593, 0.795035),
      ["LeftUpperLeg"] = CFrame.new(0.000653, -0.032601, -0.081349, 0.989111, 0.145956, 0.018857, -0.147169, 0.980996, 0.126448, -0.000043, -0.127846, 0.991794),
      ["LowerTorso"] = CFrame.new(0.014262, -0.489438, -0.447141, -0.997581, -0.018415, 0.067029, -0.003017, 0.974833, 0.222915, -0.069447, 0.222174, -0.972531),
      ["RightUpperArm"] = CFrame.new(0.093892, -0.078787, 0.343586, 0.976528, 0.215270, 0.007225, -0.174634, 0.810936, -0.558467, -0.126080, 0.544097, 0.829495),
      ["RightUpperLeg"] = CFrame.new(0.005496, -0.073949, -0.085913, 0.988548, -0.149115, -0.023184, 0.150906, 0.976798, 0.151963, -0.000013, -0.153722, 0.988114),
      ["x_C3"] = CFrame.new(0.000000, -0.250727, 0.133394, 1.000000, -0.000000, 0.000000, 0.000000, 0.850572, 0.525859, -0.000000, -0.525859, 0.850572)
    }},
    { Time = 0.400, Data = {
      ["Head"] = CFrame.new(0.000000, 0.000000, -0.000000, 1.000000, -0.000000, 0.000000, 0.000000, 0.726810, 0.686839, -0.000000, -0.686839, 0.726810),
      ["LeftUpperArm"] = CFrame.new(-0.090574, -0.190606, 0.423303, 0.968489, -0.246992, 0.032007, 0.215362, 0.765970, -0.605730, 0.125094, 0.593536, 0.795026),
      ["LeftUpperLeg"] = CFrame.new(0.000773, -0.031797, -0.082940, 0.989109, 0.145900, 0.019412, -0.147186, 0.980469, 0.130449, -0.000001, -0.131885, 0.991265),
      ["LowerTorso"] = CFrame.new(0.013820, -0.490827, -0.440828, -0.997581, -0.018421, 0.067027, -0.003011, 0.974795, 0.223084, -0.069447, 0.222343, -0.972492),
      ["RightUpperArm"] = CFrame.new(0.094815, -0.077838, 0.349010, 0.976374, 0.215968, 0.007196, -0.175238, 0.810844, -0.558411, -0.126434, 0.543957, 0.829533),
      ["RightUpperLeg"] = CFrame.new(0.005488, -0.073889, -0.087611, 0.988557, -0.148946, -0.023877, 0.150848, 0.976070, 0.156629, -0.000024, -0.158438, 0.987369),
      ["x_C3"] = CFrame.new(0.000000, -0.249636, 0.132726, 1.000000, -0.000000, 0.000000, 0.000000, 0.851279, 0.524713, -0.000000, -0.524713, 0.851279)
    }},
    { Time = 0.417, Data = {
      ["Head"] = CFrame.new(0.000000, -0.000000, 0.000000, 1.000000, -0.000000, 0.000000, 0.000000, 0.725788, 0.687918, -0.000000, -0.687918, 0.725788),
      ["LeftUpperArm"] = CFrame.new(-0.091298, -0.190287, 0.428097, 0.968400, -0.247338, 0.032037, 0.215653, 0.765885, -0.605734, 0.125284, 0.593501, 0.795022),
      ["LeftUpperLeg"] = CFrame.new(0.000859, -0.031220, -0.084076, 0.989107, 0.145860, 0.019793, -0.147197, 0.980089, 0.133258, 0.000038, -0.134720, 0.990884),
      ["LowerTorso"] = CFrame.new(0.013506, -0.491811, -0.436353, -0.997581, -0.018426, 0.067026, -0.003005, 0.974756, 0.223254, -0.069447, 0.222512, -0.972453),
      ["RightUpperArm"] = CFrame.new(0.095464, -0.077164, 0.352910, 0.976273, 0.216423, 0.007234, -0.175593, 0.810755, -0.558429, -0.126721, 0.543909, 0.829521),
      ["RightUpperLeg"] = CFrame.new(0.005486, -0.073879, -0.088829, 0.988554, -0.148883, -0.024393, 0.150868, 0.975517, 0.160019, -0.000028, -0.161867, 0.986813),
      ["x_C3"] = CFrame.new(0.000000, -0.248855, 0.132247, 1.000000, -0.000000, 0.000000, 0.000000, 0.851843, 0.523797, -0.000000, -0.523797, 0.851843)
    }},
    { Time = 0.433, Data = {
      ["Head"] = CFrame.new(0.000000, -0.000000, -0.000000, 1.000000, -0.000000, 0.000000, 0.000000, 0.725084, 0.688660, -0.000000, -0.688660, 0.725084),
      ["LeftUpperArm"] = CFrame.new(-0.091770, -0.190069, 0.431310, 0.968353, -0.247524, 0.032012, 0.215785, 0.765843, -0.605741, 0.125420, 0.593479, 0.795018),
      ["LeftUpperLeg"] = CFrame.new(0.000916, -0.030836, -0.084866, 0.989105, 0.145829, 0.020104, -0.147209, 0.979832, 0.135126, 0.000007, -0.136613, 0.990624),
      ["LowerTorso"] = CFrame.new(0.013294, -0.492478, -0.433324, -0.997581, -0.018429, 0.067025, -0.003002, 0.974736, 0.223338, -0.069447, 0.222597, -0.972434),
      ["RightUpperArm"] = CFrame.new(0.095910, -0.076716, 0.355524, 0.976196, 0.216772, 0.007214, -0.175892, 0.810684, -0.558438, -0.126902, 0.543876, 0.829515),
      ["RightUpperLeg"] = CFrame.new(0.005485, -0.073871, -0.089648, 0.988552, -0.148841, -0.024733, 0.150882, 0.975151, 0.162221, -0.000027, -0.164095, 0.986444),
      ["x_C3"] = CFrame.new(0.000000, -0.248332, 0.131926, 1.000000, -0.000000, 0.000000, 0.000000, 0.852219, 0.523185, -0.000000, -0.523185, 0.852219)
    }},
    { Time = 0.450, Data = {
      ["Head"] = CFrame.new(0.000000, 0.000000, -0.000000, 1.000000, -0.000000, 0.000000, 0.000000, 0.724700, 0.689064, -0.000000, -0.689064, 0.724700),
      ["LeftUpperArm"] = CFrame.new(-0.092076, -0.189941, 0.433257, 0.968306, -0.247711, 0.031986, 0.215916, 0.765800, -0.605748, 0.125555, 0.593456, 0.795013),
      ["LeftUpperLeg"] = CFrame.new(0.000951, -0.030602, -0.085337, 0.989105, 0.145812, 0.020272, -0.147215, 0.979678, 0.136231, 0.000004, -0.137731, 0.990470),
      ["LowerTorso"] = CFrame.new(0.013164, -0.492894, -0.431436, -0.997581, -0.018429, 0.067025, -0.003002, 0.974736, 0.223338, -0.069447, 0.222597, -0.972434),
      ["RightUpperArm"] = CFrame.new(0.096175, -0.076441, 0.357109, 0.976154, 0.216959, 0.007245, -0.176029, 0.810648, -0.558447, -0.127033, 0.543855, 0.829509),
      ["RightUpperLeg"] = CFrame.new(0.005485, -0.073869, -0.090177, 0.988550, -0.148810, -0.025008, 0.150896, 0.974923, 0.163571, 0.000039, -0.165471, 0.986215),
      ["x_C3"] = CFrame.new(0.000000, -0.248014, 0.131731, 1.000000, -0.000000, 0.000000, 0.000000, 0.852407, 0.522879, -0.000000, -0.522879, 0.852407)
    }},
    { Time = 0.467, Data = {
      ["Head"] = CFrame.new(0.000000, 0.000000, -0.000000, 1.000000, -0.000000, 0.000000, 0.000000, 0.724444, 0.689334, -0.000000, -0.689334, 0.724444),
      ["LeftUpperArm"] = CFrame.new(-0.092229, -0.189876, 0.434258, 0.968284, -0.247791, 0.032014, 0.215996, 0.765779, -0.605746, 0.125582, 0.593450, 0.795013),
      ["LeftUpperLeg"] = CFrame.new(0.000975, -0.030441, -0.085602, 0.989116, 0.145715, 0.020396, -0.147135, 0.979607, 0.136823, -0.000043, -0.138335, 0.990385),
      ["LowerTorso"] = CFrame.new(0.013097, -0.493107, -0.430466, -0.997581, -0.018429, 0.067025, -0.003002, 0.974736, 0.223338, -0.069447, 0.222597, -0.972434),
      ["RightUpperArm"] = CFrame.new(0.096307, -0.076301, 0.357925, 0.976136, 0.217040, 0.007220, -0.176110, 0.810631, -0.558447, -0.127058, 0.543849, 0.829509),
      ["RightUpperLeg"] = CFrame.new(0.005484, -0.073865, -0.090402, 0.988550, -0.148800, -0.025066, 0.150896, 0.974794, 0.164337, -0.000020, -0.166238, 0.986086),
      ["x_C3"] = CFrame.new(0.000000, -0.247851, 0.131631, 1.000000, -0.000000, 0.000000, 0.000000, 0.852547, 0.522650, -0.000000, -0.522650, 0.852547)
    }},
    { Time = 0.483, Data = {
      ["Head"] = CFrame.new(0.000000, -0.000000, 0.000000, 1.000000, -0.000000, 0.000000, 0.000000, 0.724380, 0.689401, -0.000000, -0.689401, 0.724380),
      ["LeftUpperArm"] = CFrame.new(-0.092278, -0.189849, 0.434628, 0.968284, -0.247791, 0.032014, 0.215996, 0.765779, -0.605746, 0.125582, 0.593450, 0.795013),
      ["LeftUpperLeg"] = CFrame.new(0.000981, -0.030396, -0.085681, 0.989116, 0.145712, 0.020415, -0.147135, 0.979572, 0.137080, -0.000024, -0.138592, 0.990350),
      ["LowerTorso"] = CFrame.new(0.013073, -0.493186, -0.430109, -0.997581, -0.018429, 0.067025, -0.003002, 0.974736, 0.223338, -0.069447, 0.222597, -0.972434),
      ["RightUpperArm"] = CFrame.new(0.096369, -0.076252, 0.358224, 0.976118, 0.217121, 0.007195, -0.176191, 0.810613, -0.558448, -0.127083, 0.543843, 0.829509),
      ["RightUpperLeg"] = CFrame.new(0.005484, -0.073864, -0.090487, 0.988550, -0.148797, -0.025085, 0.150896, 0.974751, 0.164593, -0.000039, -0.166493, 0.986043),
      ["x_C3"] = CFrame.new(0.000000, -0.247791, 0.131594, 1.000000, -0.000000, 0.000000, 0.000000, 0.852547, 0.522650, -0.000000, -0.522650, 0.852547)
    }},
    { Time = 0.500, Data = {
      ["Head"] = CFrame.new(0.000000, -0.000000, 0.000000, 1.000000, -0.000000, 0.000000, 0.000000, 0.724380, 0.689401, -0.000000, -0.689401, 0.724380),
      ["LeftUpperArm"] = CFrame.new(-0.092285, -0.189846, 0.434680, 0.968284, -0.247791, 0.032014, 0.215996, 0.765779, -0.605746, 0.125582, 0.593450, 0.795013),
      ["LeftUpperLeg"] = CFrame.new(0.000982, -0.030390, -0.085694, 0.989116, 0.145712, 0.020415, -0.147135, 0.979572, 0.137080, -0.000024, -0.138592, 0.990350),
      ["LowerTorso"] = CFrame.new(0.013069, -0.493197, -0.430057, -0.997581, -0.018429, 0.067025, -0.003002, 0.974736, 0.223338, -0.069447, 0.222597, -0.972434),
      ["RightUpperArm"] = CFrame.new(0.096375, -0.076244, 0.358267, 0.976118, 0.217121, 0.007195, -0.176191, 0.810613, -0.558448, -0.127083, 0.543843, 0.829509),
      ["RightUpperLeg"] = CFrame.new(0.005484, -0.073863, -0.090500, 0.988550, -0.148797, -0.025085, 0.150896, 0.974751, 0.164593, -0.000039, -0.166493, 0.986043),
      ["x_C3"] = CFrame.new(0.000000, -0.247782, 0.131589, 1.000000, -0.000000, 0.000000, 0.000000, 0.852594, 0.522574, -0.000000, -0.522574, 0.852594)
    }},
    { Time = 0.517, Data = {
      ["Head"] = CFrame.new(0.000000, 0.000000, -0.000000, 1.000000, -0.000000, 0.000000, 0.000000, 0.724444, 0.689334, -0.000000, -0.689334, 0.724444),
      ["LeftUpperArm"] = CFrame.new(-0.092226, -0.189877, 0.434235, 0.968284, -0.247791, 0.032014, 0.215996, 0.765779, -0.605746, 0.125582, 0.593450, 0.795013),
      ["LeftUpperLeg"] = CFrame.new(0.000974, -0.030444, -0.085596, 0.989116, 0.145715, 0.020396, -0.147135, 0.979607, 0.136823, -0.000043, -0.138335, 0.990385),
      ["LowerTorso"] = CFrame.new(0.013099, -0.493102, -0.430488, -0.997581, -0.018429, 0.067025, -0.003002, 0.974736, 0.223338, -0.069447, 0.222597, -0.972434),
      ["RightUpperArm"] = CFrame.new(0.096304, -0.076304, 0.357906, 0.976136, 0.217040, 0.007220, -0.176110, 0.810631, -0.558447, -0.127058, 0.543849, 0.829509),
      ["RightUpperLeg"] = CFrame.new(0.005484, -0.073865, -0.090397, 0.988550, -0.148800, -0.025066, 0.150896, 0.974794, 0.164337, -0.000020, -0.166238, 0.986086),
      ["x_C3"] = CFrame.new(0.000000, -0.247855, 0.131634, 1.000000, -0.000000, 0.000000, 0.000000, 0.852547, 0.522650, -0.000000, -0.522650, 0.852547)
    }},
    { Time = 0.533, Data = {
      ["Head"] = CFrame.new(0.000000, 0.000000, -0.000000, 1.000000, -0.000000, 0.000000, 0.000000, 0.724764, 0.688997, -0.000000, -0.688997, 0.724764),
      ["LeftUpperArm"] = CFrame.new(-0.092029, -0.189967, 0.432901, 0.968306, -0.247711, 0.031986, 0.215916, 0.765800, -0.605748, 0.125555, 0.593456, 0.795013),
      ["LeftUpperLeg"] = CFrame.new(0.000944, -0.030646, -0.085258, 0.989105, 0.145814, 0.020259, -0.147215, 0.979702, 0.136060, -0.000009, -0.137560, 0.990493),
      ["LowerTorso"] = CFrame.new(0.013188, -0.492818, -0.431780, -0.997581, -0.018429, 0.067025, -0.003002, 0.974736, 0.223338, -0.069447, 0.222597, -0.972434),
      ["RightUpperArm"] = CFrame.new(0.096136, -0.076493, 0.356819, 0.976154, 0.216959, 0.007245, -0.176029, 0.810648, -0.558447, -0.127033, 0.543855, 0.829509),
      ["RightUpperLeg"] = CFrame.new(0.005484, -0.073868, -0.090050, 0.988551, -0.148819, -0.024909, 0.150889, 0.974952, 0.163407, -0.000033, -0.165295, 0.986244),
      ["x_C3"] = CFrame.new(0.000000, -0.248072, 0.131767, 1.000000, -0.000000, 0.000000, 0.000000, 0.852360, 0.522956, -0.000000, -0.522956, 0.852360)
    }},
    { Time = 0.550, Data = {
      ["Head"] = CFrame.new(0.000000, -0.000000, -0.000000, 1.000000, -0.000000, 0.000000, 0.000000, 0.725212, 0.688525, -0.000000, -0.688525, 0.725212),
      ["LeftUpperArm"] = CFrame.new(-0.091688, -0.190114, 0.430680, 0.968353, -0.247524, 0.032012, 0.215785, 0.765843, -0.605741, 0.125420, 0.593479, 0.795018),
      ["LeftUpperLeg"] = CFrame.new(0.000905, -0.030913, -0.084730, 0.989105, 0.145834, 0.020072, -0.147209, 0.979891, 0.134698, -0.000025, -0.136186, 0.990683),
      ["LowerTorso"] = CFrame.new(0.013333, -0.492363, -0.433849, -0.997581, -0.018426, 0.067026, -0.003005, 0.974756, 0.223254, -0.069447, 0.222512, -0.972453),
      ["RightUpperArm"] = CFrame.new(0.095820, -0.076802, 0.355012, 0.976213, 0.216691, 0.007240, -0.175811, 0.810702, -0.558438, -0.126877, 0.543882, 0.829515),
      ["RightUpperLeg"] = CFrame.new(0.005485, -0.073874, -0.089504, 0.988552, -0.148847, -0.024700, 0.150882, 0.975222, 0.161795, 0.000006, -0.163669, 0.986515),
      ["x_C3"] = CFrame.new(0.000000, -0.248434, 0.131989, 1.000000, -0.000000, 0.000000, 0.000000, 0.852125, 0.523338, -0.000000, -0.523338, 0.852125)
    }},
