return {
  ["Astros i be popping bottles"] = {
    { Time = 0.000, Data = {
      ["Chair"] = CFrame.new(0.000000, -1000.875000, 0.000000, 1.000000, 0.000000, 0.000000, 0.000000, -0.000000, -1.000000, 0.000000, 1.000000, -0.000000),
      ["Head"] = CFrame.new(-0.000005, -0.000001, -0.000003, 0.965936, -0.011081, 0.258542, 0.000043, 0.999090, 0.042659, -0.258779, -0.041194, 0.965058),
      ["LeftUpperArm"] = CFrame.new(-0.110545, -0.431482, 0.190070, 0.356874, 0.321566, 0.877061, 0.923857, -0.260503, -0.280405, 0.138308, 0.910348, -0.390048),
      ["LeftUpperLeg"] = CFrame.new(-0.098966, 0.002381, -0.295380, 0.999224, -0.039351, -0.001691, 0.038313, 0.981042, -0.189971, 0.009134, 0.189759, 0.981788),
      ["LowerTorso"] = CFrame.new(-0.000030, -0.099659, -0.027397, 0.965924, 0.000030, -0.258825, -0.006474, 0.999690, -0.024047, 0.258744, 0.024903, 0.965625),
      ["RightUpperArm"] = CFrame.new(0.130329, -0.432303, 0.196260, 0.341913, -0.241439, -0.908187, -0.923786, -0.263634, -0.277699, -0.172381, 0.933919, -0.313177),
      ["RightUpperLeg"] = CFrame.new(0.076171, 0.037839, -0.098217, 0.994893, 0.097626, 0.025639, -0.100851, 0.950991, 0.292310, 0.004154, -0.293403, 0.955980)
    }},
    { Time = 0.017, Data = {
      ["Head"] = CFrame.new(-0.000005, -0.000001, -0.000003, 0.965936, -0.011126, 0.258540, -0.000002, 0.999075, 0.043001, -0.258779, -0.041537, 0.965043),
      ["LeftUpperArm"] = CFrame.new(-0.110315, -0.431505, 0.189982, 0.358674, 0.322439, 0.876006, 0.923308, -0.260591, -0.282124, 0.137312, 0.910014, -0.391178),
      ["LeftUpperLeg"] = CFrame.new(-0.098957, 0.002172, -0.295422, 0.999241, -0.038919, -0.001777, 0.037895, 0.981501, -0.187672, 0.009049, 0.187462, 0.982230),
      ["LowerTorso"] = CFrame.new(0.000133, -0.099630, -0.028509, 0.965608, -0.000133, -0.260002, -0.006636, 0.999662, -0.025155, 0.259917, 0.026015, 0.965280),
      ["RightUpperArm"] = CFrame.new(0.130084, -0.432574, 0.196120, 0.343709, -0.242370, -0.907260, -0.923097, -0.264665, -0.279006, -0.172497, 0.933386, -0.314699),
      ["RightUpperLeg"] = CFrame.new(0.076141, 0.037546, -0.098162, 0.994952, 0.097001, 0.025699, -0.100266, 0.950667, 0.293563, 0.004045, -0.294658, 0.955594)
    }},
    { Time = 0.033, Data = {
      ["Head"] = CFrame.new(-0.000005, -0.000001, -0.000003, 0.965936, -0.011159, 0.258539, -0.000036, 0.999064, 0.043257, -0.258779, -0.041793, 0.965032),
      ["LeftUpperArm"] = CFrame.new(-0.110072, -0.431548, 0.189884, 0.360470, 0.323364, 0.874927, 0.922748, -0.260753, -0.283801, 0.136368, 0.909639, -0.392377),
      ["LeftUpperLeg"] = CFrame.new(-0.098947, 0.001919, -0.295468, 0.999261, -0.038402, -0.001870, 0.037389, 0.981941, -0.185457, 0.008958, 0.185250, 0.982651),
      ["LowerTorso"] = CFrame.new(0.000296, -0.099601, -0.029621, 0.965290, -0.000296, -0.261179, -0.006799, 0.999632, -0.026263, 0.261090, 0.027127, 0.964933),
      ["RightUpperArm"] = CFrame.new(0.129845, -0.432806, 0.195992, 0.345431, -0.243279, -0.906362, -0.922455, -0.265546, -0.280289, -0.172493, 0.932899, -0.316142),
      ["RightUpperLeg"] = CFrame.new(0.076113, 0.037260, -0.098064, 0.995011, 0.096363, 0.025842, -0.099694, 0.950341, 0.294812, 0.003850, -0.295917, 0.955206)
    }},
    { Time = 0.050, Data = {
      ["Head"] = CFrame.new(-0.000005, -0.000001, -0.000003, 0.965936, -0.011279, 0.258535, 0.000016, 0.999052, 0.043525, -0.258781, -0.042038, 0.965021),
      ["LeftUpperArm"] = CFrame.new(-0.109848, -0.431551, 0.189803, 0.362125, 0.324217, 0.873927, 0.922249, -0.260765, -0.285407, 0.135356, 0.909332, -0.393438),
      ["LeftUpperLeg"] = CFrame.new(-0.098939, 0.001706, -0.295467, 0.999277, -0.037978, -0.002040, 0.036962, 0.982388, -0.183158, 0.008960, 0.182950, 0.983081),
      ["LowerTorso"] = CFrame.new(0.000473, -0.099568, -0.030818, 0.964971, -0.000473, -0.262355, -0.006975, 0.999599, -0.027457, 0.262263, 0.028325, 0.964581),
      ["RightUpperArm"] = CFrame.new(0.129586, -0.433076, 0.195847, 0.347290, -0.244261, -0.905387, -0.921745, -0.266576, -0.281646, -0.172559, 0.932349, -0.317725),
      ["RightUpperLeg"] = CFrame.new(0.076084, 0.036974, -0.097969, 0.995069, 0.095724, 0.025990, -0.099122, 0.949986, 0.296143, 0.003658, -0.297259, 0.954790)
    }},
    { Time = 0.067, Data = {
      ["Head"] = CFrame.new(-0.000005, -0.000001, -0.000003, 0.965936, -0.011324, 0.258533, -0.000029, 0.999037, 0.043867, -0.258781, -0.042380, 0.965006),
      ["LeftUpperArm"] = CFrame.new(-0.109605, -0.431594, 0.189704, 0.363913, 0.325139, 0.872841, 0.921685, -0.260926, -0.287081, 0.134406, 0.908957, -0.394630),
      ["LeftUpperLeg"] = CFrame.new(-0.098931, 0.001496, -0.295507, 0.999293, -0.037546, -0.002122, 0.036543, 0.982815, -0.180942, 0.008879, 0.180736, 0.983492),
      ["LowerTorso"] = CFrame.new(0.000639, -0.099535, -0.031930, 0.964651, -0.000639, -0.263531, -0.007141, 0.999566, -0.028564, 0.263435, 0.029436, 0.964228),
      ["RightUpperArm"] = CFrame.new(0.129334, -0.433328, 0.195709, 0.349006, -0.245220, -0.904468, -0.921088, -0.267532, -0.282886, -0.172604, 0.931823, -0.319239),
      ["RightUpperLeg"] = CFrame.new(0.076055, 0.036682, -0.097913, 0.995127, 0.095099, 0.026047, -0.098537, 0.949656, 0.297396, 0.003547, -0.298513, 0.954399)
    }},
    { Time = 0.083, Data = {
      ["Head"] = CFrame.new(-0.000005, -0.000001, -0.000003, 0.965935, -0.011443, 0.258530, 0.000022, 0.999026, 0.044135, -0.258783, -0.042626, 0.964994),
      ["LeftUpperArm"] = CFrame.new(-0.109353, -0.431616, 0.189607, 0.365621, 0.326097, 0.871769, 0.921155, -0.261011, -0.288699, 0.133398, 0.908589, -0.395817),
      ["LeftUpperLeg"] = CFrame.new(-0.098922, 0.001244, -0.295551, 0.999312, -0.037028, -0.002211, 0.036037, 0.983239, -0.178725, 0.008792, 0.178522, 0.983897),
      ["LowerTorso"] = CFrame.new(0.000808, -0.099502, -0.033041, 0.964306, -0.000809, -0.264791, -0.007309, 0.999533, -0.029671, 0.264691, 0.030548, 0.963849),
      ["RightUpperArm"] = CFrame.new(0.129082, -0.433579, 0.195571, 0.350720, -0.246176, -0.903545, -0.920429, -0.268487, -0.284123, -0.172646, 0.931296, -0.320751),
      ["RightUpperLeg"] = CFrame.new(0.076027, 0.036396, -0.097814, 0.995184, 0.094460, 0.026188, -0.097966, 0.949323, 0.298643, 0.003349, -0.299771, 0.954005)
    }},
    { Time = 0.100, Data = {
      ["Head"] = CFrame.new(-0.000005, -0.000001, -0.000003, 0.965935, -0.011477, 0.258529, -0.000011, 0.999014, 0.044392, -0.258783, -0.042882, 0.964983),
      ["LeftUpperArm"] = CFrame.new(-0.109140, -0.431639, 0.189524, 0.367340, 0.326908, 0.870743, 0.920610, -0.261099, -0.290352, 0.132431, 0.908272, -0.396867),
      ["LeftUpperLeg"] = CFrame.new(-0.098914, 0.001034, -0.295591, 0.999328, -0.036596, -0.002293, 0.035618, 0.983670, -0.176422, 0.008711, 0.176221, 0.984312),
      ["LowerTorso"] = CFrame.new(0.000966, -0.099470, -0.034067, 0.963982, -0.000966, -0.265966, -0.007466, 0.999501, -0.030693, 0.265863, 0.031573, 0.963494),
      ["RightUpperArm"] = CFrame.new(0.128856, -0.433829, 0.195439, 0.352503, -0.247034, -0.902616, -0.919740, -0.269439, -0.285449, -0.172684, 0.930794, -0.322185),
      ["RightUpperLeg"] = CFrame.new(0.075998, 0.036104, -0.097758, 0.995242, 0.093835, 0.026243, -0.097382, 0.948989, 0.299895, 0.003236, -0.301024, 0.953611)
    }},
    { Time = 0.117, Data = {
      ["Head"] = CFrame.new(-0.000005, -0.000001, -0.000003, 0.965935, -0.011596, 0.258525, 0.000040, 0.999002, 0.044659, -0.258785, -0.043128, 0.964972),
      ["LeftUpperArm"] = CFrame.new(-0.108898, -0.431681, 0.189425, 0.369116, 0.327825, 0.869646, 0.920037, -0.261259, -0.292019, 0.131472, 0.907896, -0.398046),
      ["LeftUpperLeg"] = CFrame.new(-0.098904, 0.000781, -0.295634, 0.999346, -0.036078, -0.002379, 0.035112, 0.984084, -0.174203, 0.008626, 0.174006, 0.984707),
      ["LowerTorso"] = CFrame.new(0.001051, -0.099434, -0.035189, 0.963657, -0.001051, -0.267142, -0.007722, 0.999465, -0.031788, 0.267032, 0.032696, 0.963133),
      ["RightUpperArm"] = CFrame.new(0.128606, -0.434080, 0.195300, 0.354211, -0.247983, -0.901687, -0.919077, -0.270393, -0.286679, -0.172718, 0.930264, -0.323692),
      ["RightUpperLeg"] = CFrame.new(0.075971, 0.035819, -0.097660, 0.995298, 0.093195, 0.026387, -0.096811, 0.948626, 0.301226, 0.003041, -0.302364, 0.953188)
    }},
    { Time = 0.133, Data = {
      ["Head"] = CFrame.new(-0.000005, -0.000001, -0.000003, 0.965935, -0.011641, 0.258523, -0.000005, 0.998987, 0.045001, -0.258785, -0.043470, 0.964956),
      ["LeftUpperArm"] = CFrame.new(-0.108672, -0.431723, 0.189331, 0.370827, 0.328686, 0.868593, 0.919479, -0.261419, -0.293628, 0.130555, 0.907538, -0.399161),
      ["LeftUpperLeg"] = CFrame.new(-0.098896, 0.000571, -0.295672, 0.999362, -0.035645, -0.002457, 0.034692, 0.984489, -0.171984, 0.008549, 0.171789, 0.985097),
      ["LowerTorso"] = CFrame.new(0.001223, -0.099397, -0.036300, 0.963330, -0.001223, -0.268316, -0.007893, 0.999428, -0.032895, 0.268203, 0.033807, 0.962769),
      ["RightUpperArm"] = CFrame.new(0.128367, -0.434350, 0.195157, 0.355989, -0.248891, -0.900736, -0.918374, -0.271418, -0.287962, -0.172805, 0.929723, -0.325197),
      ["RightUpperLeg"] = CFrame.new(0.075943, 0.035534, -0.097561, 0.995354, 0.092556, 0.026526, -0.096241, 0.948287, 0.302472, 0.002841, -0.303620, 0.952789)
    }},
    { Time = 0.150, Data = {
      ["Head"] = CFrame.new(-0.000005, -0.000001, -0.000003, 0.965935, -0.011675, 0.258522, -0.000039, 0.998975, 0.045258, -0.258785, -0.043726, 0.964945),
      ["LeftUpperArm"] = CFrame.new(-0.108435, -0.431726, 0.189244, 0.372519, 0.329586, 0.867527, 0.918948, -0.261430, -0.295279, 0.129478, 0.907209, -0.400260),
      ["LeftUpperLeg"] = CFrame.new(-0.098889, 0.000357, -0.295667, 0.999376, -0.035220, -0.002620, 0.034264, 0.984889, -0.169766, 0.008559, 0.169570, 0.985481),
      ["LowerTorso"] = CFrame.new(0.001396, -0.099358, -0.037410, 0.963002, -0.001396, -0.269490, -0.008066, 0.999389, -0.034001, 0.269373, 0.034917, 0.962403),
      ["RightUpperArm"] = CFrame.new(0.128119, -0.434600, 0.195018, 0.357692, -0.249834, -0.899800, -0.917707, -0.272371, -0.289185, -0.172831, 0.929192, -0.326699),
      ["RightUpperLeg"] = CFrame.new(0.075915, 0.035242, -0.097503, 0.995411, 0.091931, 0.026579, -0.095657, 0.947946, 0.303723, 0.002726, -0.304872, 0.952390)
    }},
    { Time = 0.167, Data = {
      ["Head"] = CFrame.new(-0.000005, -0.000001, -0.000003, 0.965934, -0.011794, 0.258518, 0.000013, 0.998963, 0.045526, -0.258787, -0.043972, 0.964933),
      ["LeftUpperArm"] = CFrame.new(-0.108210, -0.431768, 0.189150, 0.374223, 0.330444, 0.866467, 0.918385, -0.261589, -0.296884, 0.128555, 0.906851, -0.401367),
      ["LeftUpperLeg"] = CFrame.new(-0.098880, 0.000104, -0.295708, 0.999394, -0.034701, -0.002703, 0.033758, 0.985286, -0.167545, 0.008477, 0.167353, 0.985861),
      ["LowerTorso"] = CFrame.new(0.001571, -0.099318, -0.038521, 0.962673, -0.001571, -0.270664, -0.008240, 0.999350, -0.035108, 0.270543, 0.036027, 0.962034),
      ["RightUpperArm"] = CFrame.new(0.127882, -0.434869, 0.194875, 0.359464, -0.250735, -0.898842, -0.916999, -0.273395, -0.290461, -0.172910, 0.928648, -0.328199),
      ["RightUpperLeg"] = CFrame.new(0.075888, 0.034957, -0.097402, 0.995466, 0.091292, 0.026716, -0.095087, 0.947603, 0.304969, 0.002525, -0.306127, 0.951987)
    }},
    { Time = 0.183, Data = {
      ["Head"] = CFrame.new(-0.000005, -0.000001, -0.000003, 0.965934, -0.011828, 0.258517, -0.000021, 0.998951, 0.045782, -0.258787, -0.044228, 0.964921),
      ["LeftUpperArm"] = CFrame.new(-0.107970, -0.431810, 0.189050, 0.375982, 0.331355, 0.865356, 0.917802, -0.261749, -0.298543, 0.127582, 0.906472, -0.402531),
      ["LeftUpperLeg"] = CFrame.new(-0.098872, -0.000106, -0.295745, 0.999409, -0.034268, -0.002778, 0.033338, 0.985676, -0.165324, 0.008404, 0.165134, 0.986235),
      ["LowerTorso"] = CFrame.new(0.001745, -0.099278, -0.039631, 0.962366, -0.001745, -0.271753, -0.008414, 0.999309, -0.036214, 0.271628, 0.037137, 0.961685),
      ["RightUpperArm"] = CFrame.new(0.127665, -0.435099, 0.194748, 0.361096, -0.251559, -0.897958, -0.916357, -0.274271, -0.291659, -0.172914, 0.928167, -0.329556),
      ["RightUpperLeg"] = CFrame.new(0.075865, 0.034708, -0.097351, 0.995513, 0.090751, 0.026781, -0.094589, 0.947250, 0.306218, 0.002421, -0.307378, 0.951585)
    }},
    { Time = 0.200, Data = {
      ["Head"] = CFrame.new(-0.000005, -0.000001, -0.000003, 0.965934, -0.011959, 0.258512, 0.000020, 0.998935, 0.046136, -0.258789, -0.044559, 0.964906),
      ["LeftUpperArm"] = CFrame.new(-0.107735, -0.431832, 0.188958, 0.377603, 0.332248, 0.864307, 0.917273, -0.261832, -0.300092, 0.126598, 0.906121, -0.403631),
      ["LeftUpperLeg"] = CFrame.new(-0.098865, -0.000316, -0.295782, 0.999423, -0.033835, -0.002852, 0.032917, 0.986060, -0.163102, 0.008331, 0.162915, 0.986605),
      ["LowerTorso"] = CFrame.new(0.001922, -0.099235, -0.040741, 0.962033, -0.001923, -0.272926, -0.008590, 0.999266, -0.037320, 0.272797, 0.038247, 0.961311),
      ["RightUpperArm"] = CFrame.new(0.127420, -0.435350, 0.194608, 0.362791, -0.252492, -0.897012, -0.915685, -0.275221, -0.292873, -0.172929, 0.927632, -0.331051),
      ["RightUpperLeg"] = CFrame.new(0.075838, 0.034423, -0.097250, 0.995568, 0.090111, 0.026917, -0.094019, 0.946903, 0.307464, 0.002218, -0.308632, 0.951179)
    }},
    { Time = 0.217, Data = {
      ["Head"] = CFrame.new(-0.000005, -0.000001, -0.000003, 0.965934, -0.011992, 0.258511, -0.000014, 0.998923, 0.046392, -0.258789, -0.044815, 0.964894),
      ["LeftUpperArm"] = CFrame.new(-0.107510, -0.431874, 0.188864, 0.379295, 0.333102, 0.863238, 0.916703, -0.261991, -0.301691, 0.125666, 0.905762, -0.404727),
      ["LeftUpperLeg"] = CFrame.new(-0.098856, -0.000569, -0.295821, 0.999441, -0.033316, -0.002932, 0.032410, 0.986442, -0.160880, 0.008252, 0.160695, 0.986970),
      ["LowerTorso"] = CFrame.new(0.002089, -0.099195, -0.041765, 0.961699, -0.002089, -0.274098, -0.008756, 0.999226, -0.038340, 0.273966, 0.039271, 0.960937),
      ["RightUpperArm"] = CFrame.new(0.127185, -0.435618, 0.194464, 0.364555, -0.253383, -0.896045, -0.914971, -0.276243, -0.294139, -0.172996, 0.927085, -0.332544),
      ["RightUpperLeg"] = CFrame.new(0.075811, 0.034139, -0.097148, 0.995622, 0.089472, 0.027052, -0.093450, 0.946555, 0.308710, 0.002015, -0.309886, 0.950772)
    }},
    { Time = 0.233, Data = {
      ["Head"] = CFrame.new(-0.000005, -0.000001, -0.000003, 0.965933, -0.012112, 0.258507, 0.000038, 0.998911, 0.046660, -0.258791, -0.045061, 0.964882),
      ["LeftUpperArm"] = CFrame.new(-0.107290, -0.431876, 0.188781, 0.380908, 0.333941, 0.862203, 0.916176, -0.262001, -0.303277, 0.124621, 0.905450, -0.405747),
      ["LeftUpperLeg"] = CFrame.new(-0.098850, -0.000783, -0.295814, 0.999454, -0.032889, -0.003090, 0.031983, 0.986815, -0.158658, 0.008267, 0.158473, 0.987329),
      ["LowerTorso"] = CFrame.new(0.002269, -0.099151, -0.042874, 0.961364, -0.002269, -0.275270, -0.008936, 0.999182, -0.039445, 0.275134, 0.040381, 0.960557),
      ["RightUpperArm"] = CFrame.new(0.126941, -0.435868, 0.194323, 0.366245, -0.254311, -0.895092, -0.914294, -0.277192, -0.295347, -0.173003, 0.926548, -0.334035),
      ["RightUpperLeg"] = CFrame.new(0.075784, 0.033848, -0.097086, 0.995677, 0.088847, 0.027097, -0.092868, 0.946231, 0.309876, 0.001892, -0.311052, 0.950391)
    }},
    { Time = 0.250, Data = {
      ["Head"] = CFrame.new(-0.000005, -0.000001, -0.000003, 0.965933, -0.012145, 0.258506, 0.000004, 0.998899, 0.046917, -0.258791, -0.045317, 0.964870),
      ["LeftUpperArm"] = CFrame.new(-0.107066, -0.431917, 0.188687, 0.382592, 0.334791, 0.861126, 0.915601, -0.262159, -0.304872, 0.123683, 0.905090, -0.406835),
      ["LeftUpperLeg"] = CFrame.new(-0.098843, -0.000994, -0.295848, 0.999468, -0.032456, -0.003159, 0.031561, 0.987170, -0.156520, 0.008199, 0.156337, 0.987670),
      ["LowerTorso"] = CFrame.new(0.002351, -0.099108, -0.043910, 0.961051, -0.002351, -0.276359, -0.009188, 0.999139, -0.040453, 0.276217, 0.041417, 0.960203),
      ["RightUpperArm"] = CFrame.new(0.126727, -0.436098, 0.194195, 0.367867, -0.255123, -0.894196, -0.913645, -0.278066, -0.296533, -0.172993, 0.926062, -0.335383),
      ["RightUpperLeg"] = CFrame.new(0.075758, 0.033563, -0.096984, 0.995730, 0.088207, 0.027230, -0.092299, 0.945878, 0.311121, 0.001687, -0.312305, 0.949980)
    }},
    { Time = 0.267, Data = {
      ["Head"] = CFrame.new(-0.000005, -0.000001, -0.000003, 0.965933, -0.012179, 0.258504, -0.000030, 0.998887, 0.047173, -0.258791, -0.045574, 0.964858),
      ["LeftUpperArm"] = CFrame.new(-0.106842, -0.431959, 0.188592, 0.384273, 0.335641, 0.860047, 0.915024, -0.262317, -0.306465, 0.122742, 0.904729, -0.407920),
      ["LeftUpperLeg"] = CFrame.new(-0.098836, -0.001204, -0.295882, 0.999482, -0.032022, -0.003229, 0.031141, 0.987534, -0.154296, 0.008130, 0.154115, 0.988019),
      ["LowerTorso"] = CFrame.new(0.002533, -0.099061, -0.045019, 0.960713, -0.002534, -0.277531, -0.009370, 0.999092, -0.041558, 0.277384, 0.042525, 0.959818),
      ["RightUpperArm"] = CFrame.new(0.126495, -0.436366, 0.194051, 0.369623, -0.256004, -0.893219, -0.912925, -0.279086, -0.297789, -0.173049, 0.925512, -0.336869),
      ["RightUpperLeg"] = CFrame.new(0.075735, 0.033315, -0.096931, 0.995776, 0.087666, 0.027291, -0.091802, 0.945515, 0.312368, 0.001580, -0.313554, 0.949569)
    }},
    { Time = 0.283, Data = {
      ["Head"] = CFrame.new(-0.000005, -0.000001, -0.000003, 0.965933, -0.012299, 0.258500, 0.000022, 0.998874, 0.047441, -0.258793, -0.045819, 0.964846),
      ["LeftUpperArm"] = CFrame.new(-0.106609, -0.431981, 0.188499, 0.385874, 0.336528, 0.858982, 0.914483, -0.262399, -0.308005, 0.121744, 0.904376, -0.409002),
      ["LeftUpperLeg"] = CFrame.new(-0.098829, -0.001414, -0.295916, 0.999496, -0.031588, -0.003297, 0.030719, 0.987879, -0.152156, 0.008063, 0.151978, 0.988351),
      ["LowerTorso"] = CFrame.new(0.002703, -0.099017, -0.046042, 0.960398, -0.002704, -0.278618, -0.009539, 0.999048, -0.042577, 0.278467, 0.043549, 0.959458),
      ["RightUpperArm"] = CFrame.new(0.126268, -0.436615, 0.193913, 0.371240, -0.256866, -0.892301, -0.912262, -0.280033, -0.298932, -0.173088, 0.924987, -0.338288),
      ["RightUpperLeg"] = CFrame.new(0.075710, 0.033030, -0.096825, 0.995829, 0.087027, 0.027419, -0.091233, 0.945186, 0.313529, 0.001369, -0.314723, 0.949183)
    }},
    { Time = 0.300, Data = {
      ["Head"] = CFrame.new(-0.000005, -0.000001, -0.000003, 0.965933, -0.012344, 0.258498, -0.000023, 0.998858, 0.047783, -0.258793, -0.046161, 0.964829),
      ["LeftUpperArm"] = CFrame.new(-0.106401, -0.432022, 0.188409, 0.387488, 0.337320, 0.857944, 0.913920, -0.262557, -0.309540, 0.120845, 0.904035, -0.410021),
      ["LeftUpperLeg"] = CFrame.new(-0.098821, -0.001668, -0.295952, 0.999512, -0.031068, -0.003370, 0.030212, 0.988222, -0.150016, 0.007991, 0.149841, 0.988678),
      ["LowerTorso"] = CFrame.new(0.002889, -0.098967, -0.047151, 0.960057, -0.002889, -0.279788, -0.009724, 0.998998, -0.043681, 0.279634, 0.044657, 0.959068),
      ["RightUpperArm"] = CFrame.new(0.126042, -0.436844, 0.193780, 0.372919, -0.257726, -0.891352, -0.911589, -0.280905, -0.300165, -0.173025, 0.924484, -0.339695),
      ["RightUpperLeg"] = CFrame.new(0.075683, 0.032740, -0.096765, 0.995882, 0.086400, 0.027465, -0.090652, 0.944827, 0.314777, 0.001247, -0.315970, 0.948768)
    }},
    { Time = 0.317, Data = {
      ["Head"] = CFrame.new(-0.000005, -0.000001, -0.000003, 0.965932, -0.012463, 0.258495, 0.000029, 0.998845, 0.048051, -0.258795, -0.046406, 0.964817),
      ["LeftUpperArm"] = CFrame.new(-0.106178, -0.432064, 0.188315, 0.389158, 0.338165, 0.856855, 0.913335, -0.262714, -0.311127, 0.119895, 0.903674, -0.411095),
      ["LeftUpperLeg"] = CFrame.new(-0.098814, -0.001879, -0.295984, 0.999525, -0.030634, -0.003436, 0.029790, 0.988557, -0.147876, 0.007926, 0.147703, 0.989000),
      ["LowerTorso"] = CFrame.new(0.003061, -0.098920, -0.048174, 0.959740, -0.003061, -0.280874, -0.009895, 0.998951, -0.044701, 0.280717, 0.045680, 0.958703),
      ["RightUpperArm"] = CFrame.new(0.125817, -0.437092, 0.193642, 0.374531, -0.258582, -0.890428, -0.910921, -0.281851, -0.301301, -0.173056, 0.923957, -0.341110),
      ["RightUpperLeg"] = CFrame.new(0.075662, 0.032499, -0.096666, 0.995926, 0.085846, 0.027605, -0.090169, 0.944486, 0.315936, 0.001049, -0.317138, 0.948379)
    }},
    { Time = 0.333, Data = {
      ["Head"] = CFrame.new(-0.000005, -0.000001, -0.000003, 0.965932, -0.012497, 0.258493, -0.000005, 0.998833, 0.048307, -0.258795, -0.046663, 0.964805),
      ["LeftUpperArm"] = CFrame.new(-0.105960, -0.432085, 0.188226, 0.390689, 0.338994, 0.855830, 0.912807, -0.262795, -0.312607, 0.118936, 0.903340, -0.412107),
      ["LeftUpperLeg"] = CFrame.new(-0.098808, -0.002093, -0.295973, 0.999537, -0.030207, -0.003586, 0.029362, 0.988888, -0.145736, 0.007949, 0.145564, 0.989317),
      ["LowerTorso"] = CFrame.new(0.003234, -0.098873, -0.049196, 0.959421, -0.003235, -0.281960, -0.010068, 0.998904, -0.045719, 0.281799, 0.046703, 0.958336),
      ["RightUpperArm"] = CFrame.new(0.125592, -0.437341, 0.193503, 0.376141, -0.259435, -0.889501, -0.910253, -0.282796, -0.302435, -0.173085, 0.923428, -0.342522),
      ["RightUpperLeg"] = CFrame.new(0.075636, 0.032208, -0.096602, 0.995979, 0.085221, 0.027645, -0.089588, 0.944151, 0.317101, 0.000922, -0.318302, 0.947989)
    }},
    { Time = 0.350, Data = {
      ["Head"] = CFrame.new(-0.000005, -0.000001, -0.000003, 0.965932, -0.012530, 0.258491, -0.000039, 0.998820, 0.048564, -0.258795, -0.046919, 0.964792),
      ["LeftUpperArm"] = CFrame.new(-0.105739, -0.432126, 0.188131, 0.392352, 0.339836, 0.854735, 0.912217, -0.262952, -0.314190, 0.117981, 0.902977, -0.413174),
      ["LeftUpperLeg"] = CFrame.new(-0.098801, -0.002304, -0.296004, 0.999550, -0.029772, -0.003650, 0.028940, 0.989213, -0.143595, 0.007886, 0.143425, 0.989630),
      ["LowerTorso"] = CFrame.new(0.003409, -0.098824, -0.050219, 0.959100, -0.003409, -0.283046, -0.010242, 0.998855, -0.046738, 0.282881, 0.047725, 0.957967),
      ["RightUpperArm"] = CFrame.new(0.125383, -0.437570, 0.193374, 0.377748, -0.260230, -0.888587, -0.909593, -0.283666, -0.303604, -0.173055, 0.922938, -0.343858),
      ["RightUpperLeg"] = CFrame.new(0.075611, 0.031924, -0.096498, 0.996030, 0.084580, 0.027774, -0.089020, 0.943786, 0.318344, 0.000713, -0.319552, 0.947568)
    }},
    { Time = 0.367, Data = {
      ["Head"] = CFrame.new(-0.000005, -0.000001, -0.000003, 0.965932, -0.012650, 0.258488, 0.000013, 0.998807, 0.048832, -0.258797, -0.047165, 0.964780),
      ["LeftUpperArm"] = CFrame.new(-0.105521, -0.432148, 0.188043, 0.393877, 0.340662, 0.853704, 0.911684, -0.263033, -0.315666, 0.117017, 0.902642, -0.414179),
      ["LeftUpperLeg"] = CFrame.new(-0.098795, -0.002515, -0.296035, 0.999563, -0.029338, -0.003712, 0.028518, 0.989522, -0.141538, 0.007825, 0.141371, 0.989926),
      ["LowerTorso"] = CFrame.new(0.003585, -0.098774, -0.051241, 0.958779, -0.003585, -0.284131, -0.010417, 0.998805, -0.047756, 0.283962, 0.048748, 0.957595),
      ["RightUpperArm"] = CFrame.new(0.125160, -0.437818, 0.193235, 0.379353, -0.261077, -0.887654, -0.908920, -0.284610, -0.304732, -0.173077, 0.922408, -0.345266),
      ["RightUpperLeg"] = CFrame.new(0.075589, 0.031676, -0.096440, 0.996074, 0.084039, 0.027827, -0.088524, 0.943440, 0.319506, 0.000598, -0.320715, 0.947175)
    }},
    { Time = 0.383, Data = {
      ["Head"] = CFrame.new(-0.000005, -0.000001, -0.000003, 0.965932, -0.012684, 0.258486, -0.000021, 0.998794, 0.049088, -0.258797, -0.047421, 0.964767),
      ["LeftUpperArm"] = CFrame.new(-0.105315, -0.432189, 0.187953, 0.395473, 0.341448, 0.852651, 0.911110, -0.263190, -0.317192, 0.116104, 0.902299, -0.415181),
      ["LeftUpperLeg"] = CFrame.new(-0.098789, -0.002726, -0.296065, 0.999575, -0.028904, -0.003772, 0.028096, 0.989826, -0.139481, 0.007765, 0.139316, 0.990218),
      ["LowerTorso"] = CFrame.new(0.003676, -0.098722, -0.052276, 0.958456, -0.003677, -0.285218, -0.010679, 0.998753, -0.048762, 0.285041, 0.049782, 0.957222),
      ["RightUpperArm"] = CFrame.new(0.124952, -0.438047, 0.193105, 0.380955, -0.261868, -0.886735, -0.908257, -0.285478, -0.305895, -0.173040, 0.921915, -0.346598),
      ["RightUpperLeg"] = CFrame.new(0.075568, 0.031435, -0.096340, 0.996117, 0.083484, 0.027964, -0.088043, 0.943092, 0.320665, 0.000398, -0.321881, 0.946780)
    }},
    { Time = 0.400, Data = {
      ["Head"] = CFrame.new(-0.000005, -0.000001, -0.000003, 0.965931, -0.012803, 0.258482, 0.000031, 0.998781, 0.049356, -0.258799, -0.047666, 0.964754),
      ["LeftUpperArm"] = CFrame.new(-0.105112, -0.432210, 0.187870, 0.396933, 0.342218, 0.851664, 0.910591, -0.263271, -0.318609, 0.115184, 0.901984, -0.416122),
      ["LeftUpperLeg"] = CFrame.new(-0.098782, -0.002937, -0.296094, 0.999587, -0.028469, -0.003832, 0.027673, 0.990126, -0.137424, 0.007707, 0.137261, 0.990505),
      ["LowerTorso"] = CFrame.new(0.003854, -0.098670, -0.053298, 0.958132, -0.003855, -0.286302, -0.010857, 0.998701, -0.049780, 0.286122, 0.050804, 0.956845),
      ["RightUpperArm"] = CFrame.new(0.124730, -0.438294, 0.192965, 0.382555, -0.262709, -0.885797, -0.907581, -0.286421, -0.307017, -0.173055, 0.921383, -0.348001),
      ["RightUpperLeg"] = CFrame.new(0.075543, 0.031145, -0.096273, 0.996168, 0.082860, 0.027998, -0.087462, 0.942778, 0.321745, 0.000264, -0.322961, 0.946412)
    }},
    { Time = 0.417, Data = {
      ["Head"] = CFrame.new(-0.000005, -0.000001, -0.000003, 0.965931, -0.012837, 0.258480, -0.000003, 0.998769, 0.049612, -0.258799, -0.047923, 0.964742),
      ["LeftUpperArm"] = CFrame.new(-0.104893, -0.432270, 0.187769, 0.398523, 0.343052, 0.850585, 0.910005, -0.263499, -0.320091, 0.114321, 0.901600, -0.417190),
      ["LeftUpperLeg"] = CFrame.new(-0.098777, -0.003151, -0.296080, 0.999599, -0.028041, -0.003977, 0.027245, 0.990421, -0.135367, 0.007735, 0.135205, 0.990788),
      ["LowerTorso"] = CFrame.new(0.004034, -0.098617, -0.054319, 0.957806, -0.004034, -0.287386, -0.011035, 0.998648, -0.050798, 0.287203, 0.051826, 0.956467),
      ["RightUpperArm"] = CFrame.new(0.124525, -0.438542, 0.192829, 0.384088, -0.263491, -0.884900, -0.906923, -0.287363, -0.308081, -0.173111, 0.920866, -0.349339),
      ["RightUpperLeg"] = CFrame.new(0.075522, 0.030905, -0.096172, 0.996210, 0.082305, 0.028134, -0.086981, 0.942427, 0.322903, 0.000062, -0.324126, 0.946014)
    }},
    { Time = 0.433, Data = {
      ["Head"] = CFrame.new(-0.000005, -0.000001, -0.000003, 0.965931, -0.012870, 0.258479, -0.000037, 0.998756, 0.049869, -0.258799, -0.048179, 0.964729),
      ["LeftUpperArm"] = CFrame.new(-0.104691, -0.432291, 0.187686, 0.399977, 0.343820, 0.849592, 0.909483, -0.263580, -0.321505, 0.113396, 0.901284, -0.418124),
      ["LeftUpperLeg"] = CFrame.new(-0.098772, -0.003319, -0.296106, 0.999608, -0.027692, -0.004029, 0.026908, 0.990709, -0.133309, 0.007683, 0.133149, 0.991066),
      ["LowerTorso"] = CFrame.new(0.004199, -0.098567, -0.055256, 0.957505, -0.004200, -0.288387, -0.011200, 0.998598, -0.051730, 0.288200, 0.052762, 0.956116),
      ["RightUpperArm"] = CFrame.new(0.124318, -0.438770, 0.192699, 0.385684, -0.264274, -0.883973, -0.906254, -0.288230, -0.309236, -0.173064, 0.920371, -0.350665),
      ["RightUpperLeg"] = CFrame.new(0.075501, 0.030657, -0.096114, 0.996253, 0.081764, 0.028185, -0.086486, 0.942074, 0.324064, -0.000055, -0.325288, 0.945615)
    }},
    { Time = 0.450, Data = {
      ["Head"] = CFrame.new(-0.000005, -0.000001, -0.000003, 0.965931, -0.012990, 0.258475, 0.000015, 0.998742, 0.050137, -0.258801, -0.048425, 0.964716),
      ["LeftUpperArm"] = CFrame.new(-0.104475, -0.432313, 0.187597, 0.401485, 0.344641, 0.848547, 0.908940, -0.263660, -0.322973, 0.112419, 0.900947, -0.419113),
      ["LeftUpperLeg"] = CFrame.new(-0.098766, -0.003531, -0.296133, 0.999620, -0.027258, -0.004085, 0.026485, 0.990984, -0.131336, 0.007628, 0.131178, 0.991329),
      ["LowerTorso"] = CFrame.new(0.004381, -0.098512, -0.056277, 0.957177, -0.004381, -0.289470, -0.011381, 0.998543, -0.052748, 0.289279, 0.053783, 0.955733),
      ["RightUpperArm"] = CFrame.new(0.124128, -0.438998, 0.192573, 0.387213, -0.264997, -0.883087, -0.905603, -0.289096, -0.310333, -0.173060, 0.919891, -0.351924),
      ["RightUpperLeg"] = CFrame.new(0.075477, 0.030374, -0.096004, 0.996302, 0.081125, 0.028302, -0.085920, 0.941755, 0.325140, -0.000276, -0.326369, 0.945242)
    }},
    { Time = 0.467, Data = {
      ["Head"] = CFrame.new(-0.000005, -0.000001, -0.000003, 0.965931, -0.013024, 0.258473, -0.000019, 0.998729, 0.050393, -0.258801, -0.048681, 0.964703),
      ["LeftUpperArm"] = CFrame.new(-0.104284, -0.432353, 0.187512, 0.403008, 0.345366, 0.847530, 0.908374, -0.263816, -0.324435, 0.111543, 0.900624, -0.420041),
      ["LeftUpperLeg"] = CFrame.new(-0.098760, -0.003742, -0.296160, 0.999632, -0.026823, -0.004140, 0.026062, 0.991255, -0.129363, 0.007574, 0.129207, 0.991589),
      ["LowerTorso"] = CFrame.new(0.004548, -0.098460, -0.057213, 0.956873, -0.004549, -0.290469, -0.011548, 0.998491, -0.053680, 0.290275, 0.054719, 0.955377),
      ["RightUpperArm"] = CFrame.new(0.123913, -0.439226, 0.192439, 0.388669, -0.265813, -0.882202, -0.904981, -0.289965, -0.311336, -0.173051, 0.919382, -0.353256),
      ["RightUpperLeg"] = CFrame.new(0.075456, 0.030127, -0.095944, 0.996345, 0.080584, 0.028351, -0.085425, 0.941398, 0.326301, -0.000395, -0.327530, 0.944841)
    }},
    { Time = 0.483, Data = {
      ["Head"] = CFrame.new(-0.000005, -0.000001, -0.000003, 0.965930, -0.013132, 0.258470, 0.000044, 0.998720, 0.050575, -0.258803, -0.048841, 0.964694),
      ["LeftUpperArm"] = CFrame.new(-0.104070, -0.432394, 0.187418, 0.404452, 0.346181, 0.846509, 0.907839, -0.263969, -0.325804, 0.110665, 0.900266, -0.421040),
      ["LeftUpperLeg"] = CFrame.new(-0.098754, -0.003954, -0.296187, 0.999643, -0.026388, -0.004194, 0.025639, 0.991521, -0.127389, 0.007520, 0.127236, 0.991844),
      ["LowerTorso"] = CFrame.new(0.004730, -0.098403, -0.058234, 0.956569, -0.004730, -0.291469, -0.011729, 0.998434, -0.054697, 0.291271, 0.055740, 0.955015),
      ["RightUpperArm"] = CFrame.new(0.123724, -0.439454, 0.192313, 0.390193, -0.266532, -0.881311, -0.904326, -0.290830, -0.312428, -0.173040, 0.918901, -0.354512),
      ["RightUpperLeg"] = CFrame.new(0.075436, 0.029887, -0.095841, 0.996386, 0.080030, 0.028481, -0.084945, 0.941069, 0.327375, -0.000602, -0.328611, 0.944465)
    }},
    { Time = 0.500, Data = {
      ["Head"] = CFrame.new(-0.000005, -0.000001, -0.000003, 0.965930, -0.013165, 0.258468, 0.000010, 0.998707, 0.050832, -0.258803, -0.049097, 0.964682),
      ["LeftUpperArm"] = CFrame.new(-0.103883, -0.432415, 0.187340, 0.405836, 0.346891, 0.845555, 0.907329, -0.264049, -0.327159, 0.109779, 0.899969, -0.421905),
      ["LeftUpperLeg"] = CFrame.new(-0.098750, -0.004122, -0.296211, 0.999652, -0.026040, -0.004242, 0.025302, 0.991782, -0.125415, 0.007473, 0.125264, 0.992095),
      ["LowerTorso"] = CFrame.new(0.004899, -0.098350, -0.059169, 0.956263, -0.004900, -0.292468, -0.011898, 0.998381, -0.055629, 0.292267, 0.056676, 0.954656),
      ["RightUpperArm"] = CFrame.new(0.123511, -0.439682, 0.192178, 0.391645, -0.267343, -0.880421, -0.903701, -0.291698, -0.313426, -0.173025, 0.918390, -0.355840),
      ["RightUpperLeg"] = CFrame.new(0.075415, 0.029640, -0.095779, 0.996427, 0.079490, 0.028525, -0.084450, 0.940738, 0.328452, -0.000726, -0.329688, 0.944090)
    }},
    { Time = 0.517, Data = {
      ["Head"] = CFrame.new(-0.000005, -0.000001, -0.000003, 0.965930, -0.013199, 0.258466, -0.000024, 0.998694, 0.051088, -0.258803, -0.049354, 0.964668),
      ["LeftUpperArm"] = CFrame.new(-0.103682, -0.432435, 0.187257, 0.407274, 0.347654, 0.844550, 0.906797, -0.264128, -0.328566, 0.108842, 0.899652, -0.422824),
      ["LeftUpperLeg"] = CFrame.new(-0.098744, -0.004336, -0.296193, 0.999662, -0.025610, -0.004380, 0.024873, 0.992029, -0.123527, 0.007509, 0.123377, 0.992332),
      ["LowerTorso"] = CFrame.new(0.005070, -0.098295, -0.060104, 0.955956, -0.005071, -0.293466, -0.012068, 0.998326, -0.056560, 0.293262, 0.057611, 0.954295),
      ["RightUpperArm"] = CFrame.new(0.123323, -0.439909, 0.192051, 0.393165, -0.268057, -0.879526, -0.903044, -0.292562, -0.314513, -0.173009, 0.917907, -0.357093),
      ["RightUpperLeg"] = CFrame.new(0.075394, 0.029392, -0.095717, 0.996469, 0.078950, 0.028569, -0.083956, 0.940405, 0.329530, -0.000850, -0.330765, 0.943713)
    }},
    { Time = 0.533, Data = {
      ["Head"] = CFrame.new(-0.000005, -0.000001, -0.000003, 0.965930, -0.013318, 0.258462, 0.000028, 0.998680, 0.051356, -0.258805, -0.049599, 0.964655),
      ["LeftUpperArm"] = CFrame.new(-0.103493, -0.432495, 0.187166, 0.408728, 0.348371, 0.843552, 0.906237, -0.264356, -0.329926, 0.108061, 0.899307, -0.423756),
      ["LeftUpperLeg"] = CFrame.new(-0.098740, -0.004505, -0.296216, 0.999671, -0.025261, -0.004426, 0.024536, 0.992282, -0.121553, 0.007463, 0.121404, 0.992575),
      ["LowerTorso"] = CFrame.new(0.005156, -0.098240, -0.061052, 0.955648, -0.005157, -0.294467, -0.012324, 0.998271, -0.057479, 0.294254, 0.058559, 0.953932),
      ["RightUpperArm"] = CFrame.new(0.123139, -0.440117, 0.191931, 0.394550, -0.268755, -0.878693, -0.902446, -0.293355, -0.315490, -0.172979, 0.917450, -0.358280),
      ["RightUpperLeg"] = CFrame.new(0.075375, 0.029152, -0.095611, 0.996509, 0.078397, 0.028693, -0.083476, 0.940100, 0.330521, -0.001063, -0.331762, 0.943363)
    }},
    { Time = 0.550, Data = {
      ["Head"] = CFrame.new(-0.000005, -0.000001, -0.000003, 0.965930, -0.013341, 0.258461, 0.000006, 0.998672, 0.051527, -0.258805, -0.049770, 0.964646),
      ["LeftUpperArm"] = CFrame.new(-0.103308, -0.432516, 0.187087, 0.410103, 0.349078, 0.842591, 0.905721, -0.264435, -0.331276, 0.107169, 0.899010, -0.424613),
      ["LeftUpperLeg"] = CFrame.new(-0.098735, -0.004717, -0.296240, 0.999682, -0.024826, -0.004475, 0.024112, 0.992511, -0.119749, 0.007415, 0.119603, 0.992794),
      ["LowerTorso"] = CFrame.new(0.005313, -0.098189, -0.061902, 0.955365, -0.005314, -0.295382, -0.012481, 0.998220, -0.058325, 0.295166, 0.059409, 0.953597),
      ["RightUpperArm"] = CFrame.new(0.122942, -0.440326, 0.191807, 0.395995, -0.269505, -0.877812, -0.901827, -0.294147, -0.316520, -0.172902, 0.916976, -0.359528),
      ["RightUpperLeg"] = CFrame.new(0.075358, 0.028948, -0.095556, 0.996543, 0.077941, 0.028750, -0.083067, 0.939757, 0.331596, -0.001173, -0.332838, 0.942983)
    }},
    { Time = 0.567, Data = {
      ["Head"] = CFrame.new(-0.000005, -0.000001, -0.000003, 0.965930, -0.013375, 0.258460, -0.000028, 0.998658, 0.051784, -0.258805, -0.050027, 0.964633),
      ["LeftUpperArm"] = CFrame.new(-0.103123, -0.432556, 0.187004, 0.411419, 0.349781, 0.841658, 0.905217, -0.264587, -0.332530, 0.106379, 0.898692, -0.425484),
      ["LeftUpperLeg"] = CFrame.new(-0.098730, -0.004885, -0.296262, 0.999690, -0.024478, -0.004519, 0.023775, 0.992746, -0.117859, 0.007371, 0.117715, 0.993020),
      ["LowerTorso"] = CFrame.new(0.005487, -0.098132, -0.062837, 0.955055, -0.005488, -0.296379, -0.012653, 0.998163, -0.059256, 0.296160, 0.060343, 0.953230),
      ["RightUpperArm"] = CFrame.new(0.122756, -0.440572, 0.191673, 0.397446, -0.270210, -0.876940, -0.901175, -0.295084, -0.317506, -0.172977, 0.916467, -0.360786),
      ["RightUpperLeg"] = CFrame.new(0.075338, 0.028701, -0.095491, 0.996584, 0.077402, 0.028789, -0.082573, 0.939450, 0.332590, -0.001302, -0.333831, 0.942632)
    }},
    { Time = 0.583, Data = {
      ["Head"] = CFrame.new(-0.000005, -0.000001, -0.000003, 0.965929, -0.013494, 0.258456, 0.000024, 0.998644, 0.052051, -0.258808, -0.050272, 0.964620),
      ["LeftUpperArm"] = CFrame.new(-0.102937, -0.432577, 0.186925, 0.412790, 0.350486, 0.840693, 0.904698, -0.264666, -0.333877, 0.105484, 0.898394, -0.426335),
      ["LeftUpperLeg"] = CFrame.new(-0.098725, -0.005097, -0.296285, 0.999700, -0.024043, -0.004567, 0.023351, 0.992968, -0.116055, 0.007325, 0.115914, 0.993232),
      ["LowerTorso"] = CFrame.new(0.005659, -0.098074, -0.063772, 0.954769, -0.005660, -0.297293, -0.012825, 0.998105, -0.060188, 0.297071, 0.061278, 0.952887),
      ["RightUpperArm"] = CFrame.new(0.122574, -0.440780, 0.191552, 0.398825, -0.270901, -0.876100, -0.900572, -0.295875, -0.318477, -0.172940, 0.916008, -0.361968),
      ["RightUpperLeg"] = CFrame.new(0.075319, 0.028461, -0.095386, 0.996623, 0.076848, 0.028915, -0.082094, 0.939111, 0.333663, -0.001513, -0.334910, 0.942249)
    }},
    { Time = 0.600, Data = {
      ["Head"] = CFrame.new(-0.000005, -0.000001, -0.000003, 0.965929, -0.013517, 0.258454, 0.000001, 0.998635, 0.052222, -0.258808, -0.050443, 0.964611),
      ["LeftUpperArm"] = CFrame.new(-0.102753, -0.432617, 0.186842, 0.414101, 0.351186, 0.839755, 0.904191, -0.264818, -0.335128, 0.104690, 0.898075, -0.427201),
      ["LeftUpperLeg"] = CFrame.new(-0.098721, -0.005266, -0.296306, 0.999709, -0.023694, -0.004608, 0.023013, 0.993185, -0.114251, 0.007284, 0.114111, 0.993441),
      ["LowerTorso"] = CFrame.new(0.005818, -0.098020, -0.064621, 0.954483, -0.005819, -0.298207, -0.012984, 0.998051, -0.061034, 0.297982, 0.062128, 0.952548),
      ["RightUpperArm"] = CFrame.new(0.122393, -0.440988, 0.191431, 0.400201, -0.271590, -0.875259, -0.899969, -0.296665, -0.319446, -0.172900, 0.915548, -0.363149),
      ["RightUpperLeg"] = CFrame.new(0.075302, 0.028257, -0.095328, 0.996657, 0.076393, 0.028967, -0.081685, 0.938794, 0.334655, -0.001629, -0.335902, 0.941895)
    }},
    { Time = 0.617, Data = {
      ["Head"] = CFrame.new(-0.000005, -0.000001, -0.000003, 0.965929, -0.013550, 0.258453, -0.000033, 0.998622, 0.052479, -0.258808, -0.050699, 0.964597),
      ["LeftUpperArm"] = CFrame.new(-0.102569, -0.432657, 0.186758, 0.415409, 0.351886, 0.838816, 0.903682, -0.264970, -0.336377, 0.103895, 0.897757, -0.428064),
      ["LeftUpperLeg"] = CFrame.new(-0.098717, -0.005435, -0.296326, 0.999717, -0.023345, -0.004649, 0.022675, 0.993399, -0.112446, 0.007244, 0.112309, 0.993647),
      ["LowerTorso"] = CFrame.new(0.005979, -0.097966, -0.065470, 0.954196, -0.005980, -0.299121, -0.013144, 0.997997, -0.061879, 0.298892, 0.062977, 0.952207),
      ["RightUpperArm"] = CFrame.new(0.122226, -0.441196, 0.191315, 0.401513, -0.272222, -0.874461, -0.899384, -0.297455, -0.320358, -0.172904, 0.915104, -0.364265),
      ["RightUpperLeg"] = CFrame.new(0.075283, 0.028010, -0.095263, 0.996697, 0.075854, 0.029004, -0.081191, 0.938482, 0.335648, -0.001759, -0.336894, 0.941541)
    }},
    { Time = 0.633, Data = {
      ["Head"] = CFrame.new(-0.000005, -0.000001, -0.000003, 0.965928, -0.013670, 0.258448, 0.000019, 0.998608, 0.052747, -0.258810, -0.050945, 0.964584),
      ["LeftUpperArm"] = CFrame.new(-0.102399, -0.432678, 0.186685, 0.416715, 0.352535, 0.837895, 0.903178, -0.265048, -0.337667, 0.103043, 0.897479, -0.428851),
      ["LeftUpperLeg"] = CFrame.new(-0.098713, -0.005607, -0.296303, 0.999724, -0.023001, -0.004776, 0.022332, 0.993609, -0.110642, 0.007290, 0.110505, 0.993849),
      ["LowerTorso"] = CFrame.new(0.006140, -0.097911, -0.066319, 0.953909, -0.006141, -0.300034, -0.013304, 0.997942, -0.062725, 0.299802, 0.063826, 0.951864),
      ["RightUpperArm"] = CFrame.new(0.122035, -0.441385, 0.191196, 0.402816, -0.272949, -0.873635, -0.898820, -0.298175, -0.321270, -0.172805, 0.914653, -0.365442),
      ["RightUpperLeg"] = CFrame.new(0.075267, 0.027813, -0.095160, 0.996729, 0.075387, 0.029137, -0.080797, 0.938191, 0.336554, -0.001964, -0.337807, 0.941213)
    }},
    { Time = 0.650, Data = {
      ["Head"] = CFrame.new(-0.000005, -0.000001, -0.000003, 0.965928, -0.013692, 0.258447, -0.000004, 0.998599, 0.052918, -0.258810, -0.051116, 0.964575),
      ["LeftUpperArm"] = CFrame.new(-0.102229, -0.432718, 0.186606, 0.417963, 0.353179, 0.837002, 0.902687, -0.265200, -0.338860, 0.102294, 0.897181, -0.429654),
      ["LeftUpperLeg"] = CFrame.new(-0.098708, -0.005819, -0.296324, 0.999734, -0.022566, -0.004819, 0.021907, 0.993809, -0.108923, 0.007247, 0.108788, 0.994039),
