return {
  ["Astros back and foruth idle"] = {
    { Time = 0.000, Data = {
      ["Head"] = CFrame.new(0.000000, 0.055240, -0.093303, 1.000000, -0.000000, 0.000000, 0.000000, 0.893200, 0.449659, -0.000000, -0.449659, 0.893200),
      ["LeftUpperArm"] = CFrame.new(-0.000000, -0.002997, -0.039594, 1.000000, -0.000000, 0.000000, 0.000000, 0.988603, 0.150546, -0.000000, -0.150546, 0.988603),
      ["LeftUpperLeg"] = CFrame.new(-0.002724, -0.051725, 0.006435, 0.994551, 0.104249, -0.000036, -0.103452, 0.986985, 0.123117, 0.012870, -0.122442, 0.992392),
      ["LowerTorso"] = CFrame.new(0.000000, 0.004798, 0.750777, 1.000000, 0.000000, 0.000000, 0.000000, 0.995200, -0.097858, 0.000000, 0.097858, 0.995200),
      ["RightUpperArm"] = CFrame.new(0.000000, -0.002997, -0.039594, 1.000000, -0.000000, 0.000000, 0.000000, 0.988603, 0.150546, -0.000000, -0.150546, 0.988603),
      ["RightUpperLeg"] = CFrame.new(0.010512, -0.101217, 0.012533, 0.978976, -0.203977, -0.000040, 0.202431, 0.971532, 0.123075, -0.025065, -0.120495, 0.992397)
    }},
    { Time = 0.017, Data = {
      ["Head"] = CFrame.new(0.000000, 0.055240, -0.093303, 1.000000, -0.000000, 0.000000, 0.000000, 0.893200, 0.449659, -0.000000, -0.449659, 0.893200),
      ["LeftUpperArm"] = CFrame.new(-0.000000, -0.002997, -0.039594, 1.000000, -0.000000, 0.000000, 0.000000, 0.988603, 0.150546, -0.000000, -0.150546, 0.988603),
      ["LeftUpperLeg"] = CFrame.new(-0.002724, -0.051725, 0.006435, 0.994551, 0.104249, -0.000036, -0.103452, 0.986985, 0.123117, 0.012870, -0.122442, 0.992392),
      ["LowerTorso"] = CFrame.new(0.000000, 0.004798, 0.750763, 1.000000, 0.000000, 0.000000, 0.000000, 0.995200, -0.097858, 0.000000, 0.097858, 0.995200),
      ["RightUpperArm"] = CFrame.new(0.000000, -0.002997, -0.039594, 1.000000, -0.000000, 0.000000, 0.000000, 0.988603, 0.150546, -0.000000, -0.150546, 0.988603),
      ["RightUpperLeg"] = CFrame.new(0.010512, -0.101217, 0.012533, 0.978976, -0.203977, -0.000040, 0.202431, 0.971532, 0.123075, -0.025065, -0.120495, 0.992397)
    }},
    { Time = 0.033, Data = {
      ["Head"] = CFrame.new(0.000000, 0.055240, -0.093303, 1.000000, -0.000000, 0.000000, 0.000000, 0.893160, 0.449738, -0.000000, -0.449738, 0.893160),
      ["LeftUpperArm"] = CFrame.new(-0.000000, -0.003001, -0.039616, 1.000000, -0.000000, 0.000000, 0.000000, 0.988590, 0.150632, -0.000000, -0.150632, 0.988590),
      ["LeftUpperLeg"] = CFrame.new(-0.002724, -0.051725, 0.006435, 0.994551, 0.104249, -0.000036, -0.103452, 0.986985, 0.123117, 0.012870, -0.122442, 0.992392),
      ["LowerTorso"] = CFrame.new(0.000000, 0.004807, 0.750636, 1.000000, 0.000000, 0.000000, 0.000000, 0.995192, -0.097944, 0.000000, 0.097944, 0.995192),
      ["RightUpperArm"] = CFrame.new(0.000000, -0.003000, -0.039616, 1.000000, -0.000000, 0.000000, 0.000000, 0.988590, 0.150632, -0.000000, -0.150632, 0.988590),
      ["RightUpperLeg"] = CFrame.new(0.010512, -0.101216, 0.012537, 0.978976, -0.203977, -0.000049, 0.202430, 0.971521, 0.123160, -0.025074, -0.120581, 0.992387)
    }},
    { Time = 0.050, Data = {
      ["Head"] = CFrame.new(0.000000, 0.055240, -0.093303, 1.000000, -0.000000, 0.000000, 0.000000, 0.893121, 0.449818, -0.000000, -0.449818, 0.893121),
      ["LeftUpperArm"] = CFrame.new(-0.000000, -0.003004, -0.039639, 1.000000, -0.000000, 0.000000, 0.000000, 0.988577, 0.150718, -0.000000, -0.150718, 0.988577),
      ["LeftUpperLeg"] = CFrame.new(-0.002724, -0.051727, 0.006394, 0.994552, 0.104244, 0.000055, -0.103457, 0.986975, 0.123198, 0.012789, -0.122532, 0.992382),
      ["LowerTorso"] = CFrame.new(0.000000, 0.004807, 0.750567, 1.000000, 0.000000, 0.000000, 0.000000, 0.995192, -0.097944, 0.000000, 0.097944, 0.995192),
      ["RightUpperArm"] = CFrame.new(0.000000, -0.003004, -0.039639, 1.000000, -0.000000, 0.000000, 0.000000, 0.988577, 0.150718, -0.000000, -0.150718, 0.988577),
      ["RightUpperLeg"] = CFrame.new(0.010512, -0.101216, 0.012542, 0.978976, -0.203977, -0.000058, 0.202428, 0.971511, 0.123245, -0.025083, -0.120666, 0.992376)
    }},
    { Time = 0.067, Data = {
      ["Head"] = CFrame.new(0.000000, 0.055240, -0.093303, 1.000000, -0.000000, 0.000000, 0.000000, 0.893081, 0.449897, -0.000000, -0.449897, 0.893081),
      ["LeftUpperArm"] = CFrame.new(-0.000000, -0.003011, -0.039684, 1.000000, -0.000000, 0.000000, 0.000000, 0.988551, 0.150889, -0.000000, -0.150889, 0.988551),
      ["LeftUpperLeg"] = CFrame.new(-0.002724, -0.051727, 0.006399, 0.994552, 0.104244, 0.000064, -0.103455, 0.986953, 0.123369, 0.012798, -0.122704, 0.992361),
      ["LowerTorso"] = CFrame.new(0.000000, 0.004815, 0.750385, 1.000000, 0.000000, 0.000000, 0.000000, 0.995183, -0.098030, 0.000000, 0.098030, 0.995183),
      ["RightUpperArm"] = CFrame.new(0.000000, -0.003007, -0.039661, 1.000000, -0.000000, 0.000000, 0.000000, 0.988564, 0.150803, -0.000000, -0.150803, 0.988564),
      ["RightUpperLeg"] = CFrame.new(0.010512, -0.101215, 0.012546, 0.978976, -0.203976, -0.000067, 0.202427, 0.971500, 0.123331, -0.025092, -0.120751, 0.992366)
    }},
    { Time = 0.083, Data = {
      ["Head"] = CFrame.new(0.000000, 0.055240, -0.093303, 1.000000, -0.000000, 0.000000, 0.000000, 0.893001, 0.450055, -0.000000, -0.450055, 0.893001),
      ["LeftUpperArm"] = CFrame.new(-0.000000, -0.003018, -0.039729, 1.000000, -0.000000, 0.000000, 0.000000, 0.988525, 0.151060, -0.000000, -0.151060, 0.988525),
      ["LeftUpperLeg"] = CFrame.new(-0.002724, -0.051727, 0.006401, 0.994552, 0.104244, 0.000068, -0.103455, 0.986943, 0.123455, 0.012802, -0.122790, 0.992350),
      ["LowerTorso"] = CFrame.new(0.000000, 0.004815, 0.750262, 1.000000, 0.000000, 0.000000, 0.000000, 0.995183, -0.098030, 0.000000, 0.098030, 0.995183),
      ["RightUpperArm"] = CFrame.new(0.000000, -0.003014, -0.039706, 1.000000, -0.000000, 0.000000, 0.000000, 0.988538, 0.150974, -0.000000, -0.150974, 0.988538),
      ["RightUpperLeg"] = CFrame.new(0.010512, -0.101215, 0.012550, 0.978976, -0.203976, -0.000075, 0.202426, 0.971490, 0.123416, -0.025101, -0.120837, 0.992355)
    }},
    { Time = 0.100, Data = {
      ["Head"] = CFrame.new(0.000000, 0.055240, -0.093303, 1.000000, -0.000000, 0.000000, 0.000000, 0.892921, 0.450214, -0.000000, -0.450214, 0.892921),
      ["LeftUpperArm"] = CFrame.new(-0.000000, -0.003025, -0.039774, 1.000000, -0.000000, 0.000000, 0.000000, 0.988498, 0.151231, -0.000000, -0.151231, 0.988498),
      ["LeftUpperLeg"] = CFrame.new(-0.002724, -0.051726, 0.006405, 0.994552, 0.104244, 0.000077, -0.103454, 0.986921, 0.123626, 0.012811, -0.122961, 0.992329),
      ["LowerTorso"] = CFrame.new(0.000000, 0.004824, 0.750025, 1.000000, 0.000000, 0.000000, 0.000000, 0.995175, -0.098116, 0.000000, 0.098116, 0.995175),
      ["RightUpperArm"] = CFrame.new(0.000000, -0.003021, -0.039751, 1.000000, -0.000000, 0.000000, 0.000000, 0.988512, 0.151145, -0.000000, -0.151145, 0.988512),
      ["RightUpperLeg"] = CFrame.new(0.010512, -0.101214, 0.012559, 0.978976, -0.203976, -0.000093, 0.202424, 0.971468, 0.123587, -0.025118, -0.121008, 0.992334)
    }},
    { Time = 0.117, Data = {
      ["Head"] = CFrame.new(0.000000, 0.055240, -0.093303, 1.000000, -0.000000, 0.000000, 0.000000, 0.892801, 0.450451, -0.000000, -0.450451, 0.892801),
      ["LeftUpperArm"] = CFrame.new(-0.000000, -0.003035, -0.039841, 1.000000, -0.000000, 0.000000, 0.000000, 0.988459, 0.151488, -0.000000, -0.151488, 0.988459),
      ["LeftUpperLeg"] = CFrame.new(-0.002724, -0.051725, 0.006412, 0.994552, 0.104244, 0.000091, -0.103452, 0.986889, 0.123884, 0.012824, -0.123218, 0.992297),
      ["LowerTorso"] = CFrame.new(0.000000, 0.004832, 0.749761, 1.000000, 0.000000, 0.000000, 0.000000, 0.995167, -0.098202, 0.000000, 0.098202, 0.995167),
      ["RightUpperArm"] = CFrame.new(0.000000, -0.003031, -0.039819, 1.000000, -0.000000, 0.000000, 0.000000, 0.988472, 0.151402, -0.000000, -0.151402, 0.988472),
      ["RightUpperLeg"] = CFrame.new(0.010512, -0.101213, 0.012568, 0.978976, -0.203976, -0.000111, 0.202422, 0.971447, 0.123758, -0.025136, -0.121178, 0.992312)
    }},
    { Time = 0.133, Data = {
      ["Head"] = CFrame.new(0.000000, 0.055240, -0.093303, 1.000000, -0.000000, 0.000000, 0.000000, 0.892681, 0.450689, -0.000000, -0.450689, 0.892681),
      ["LeftUpperArm"] = CFrame.new(-0.000000, -0.003045, -0.039909, 1.000000, -0.000000, 0.000000, 0.000000, 0.988420, 0.151745, -0.000000, -0.151745, 0.988420),
      ["LeftUpperLeg"] = CFrame.new(-0.002724, -0.051725, 0.006417, 0.994552, 0.104244, 0.000100, -0.103451, 0.986868, 0.124055, 0.012833, -0.123389, 0.992275),
      ["LowerTorso"] = CFrame.new(0.000000, 0.004841, 0.749469, 1.000000, 0.000000, 0.000000, 0.000000, 0.995158, -0.098288, 0.000000, 0.098288, 0.995158),
      ["RightUpperArm"] = CFrame.new(0.000000, -0.003042, -0.039886, 1.000000, -0.000000, 0.000000, 0.000000, 0.988433, 0.151659, -0.000000, -0.151659, 0.988433),
      ["RightUpperLeg"] = CFrame.new(0.010511, -0.101213, 0.012538, 0.978977, -0.203971, -0.000223, 0.202424, 0.971415, 0.124005, -0.025077, -0.121443, 0.992282)
    }},
    { Time = 0.150, Data = {
      ["Head"] = CFrame.new(0.000000, 0.055240, -0.093303, 1.000000, -0.000000, 0.000000, 0.000000, 0.892521, 0.451006, -0.000000, -0.451006, 0.892521),
      ["LeftUpperArm"] = CFrame.new(-0.000000, -0.003056, -0.039976, 1.000000, -0.000000, 0.000000, 0.000000, 0.988380, 0.152001, -0.000000, -0.152001, 0.988380),
      ["LeftUpperLeg"] = CFrame.new(-0.002724, -0.051724, 0.006426, 0.994552, 0.104244, 0.000118, -0.103449, 0.986825, 0.124398, 0.012851, -0.123732, 0.992232),
      ["LowerTorso"] = CFrame.new(0.000000, 0.004849, 0.749150, 1.000000, 0.000000, 0.000000, 0.000000, 0.995149, -0.098374, 0.000000, 0.098374, 0.995149),
      ["RightUpperArm"] = CFrame.new(0.000000, -0.003052, -0.039954, 1.000000, -0.000000, 0.000000, 0.000000, 0.988393, 0.151916, -0.000000, -0.151916, 0.988393),
      ["RightUpperLeg"] = CFrame.new(0.010512, -0.101212, 0.012552, 0.978977, -0.203971, -0.000250, 0.202421, 0.971383, 0.124261, -0.025103, -0.121699, 0.992249)
    }},
    { Time = 0.167, Data = {
      ["Head"] = CFrame.new(0.000000, 0.055240, -0.093303, 1.000000, -0.000000, 0.000000, 0.000000, 0.892361, 0.451323, -0.000000, -0.451323, 0.892361),
      ["LeftUpperArm"] = CFrame.new(-0.000000, -0.003069, -0.040066, 1.000000, -0.000000, 0.000000, 0.000000, 0.988328, 0.152343, -0.000000, -0.152343, 0.988328),
      ["LeftUpperLeg"] = CFrame.new(-0.002724, -0.051723, 0.006432, 0.994552, 0.104244, 0.000131, -0.103447, 0.986793, 0.124655, 0.012865, -0.123989, 0.992200),
      ["LowerTorso"] = CFrame.new(0.000000, 0.004866, 0.748717, 1.000000, 0.000000, 0.000000, 0.000000, 0.995133, -0.098546, 0.000000, 0.098546, 0.995133),
      ["RightUpperArm"] = CFrame.new(0.000000, -0.003063, -0.040021, 1.000000, -0.000000, 0.000000, 0.000000, 0.988354, 0.152172, -0.000000, -0.152172, 0.988354),
      ["RightUpperLeg"] = CFrame.new(0.010511, -0.101210, 0.012565, 0.978977, -0.203971, -0.000276, 0.202417, 0.971351, 0.124517, -0.025129, -0.121955, 0.992217)
    }},
    { Time = 0.183, Data = {
      ["Head"] = CFrame.new(0.000000, 0.055240, -0.093303, 1.000000, -0.000000, 0.000000, 0.000000, 0.892201, 0.451639, -0.000000, -0.451639, 0.892201),
      ["LeftUpperArm"] = CFrame.new(-0.000000, -0.003087, -0.040179, 1.000000, -0.000000, 0.000000, 0.000000, 0.988262, 0.152771, -0.000000, -0.152771, 0.988262),
      ["LeftUpperLeg"] = CFrame.new(-0.002724, -0.051724, 0.006398, 0.994552, 0.104239, 0.000236, -0.103450, 0.986750, 0.124993, 0.012797, -0.124337, 0.992158),
      ["LowerTorso"] = CFrame.new(0.000000, 0.004875, 0.748344, 1.000000, 0.000000, 0.000000, 0.000000, 0.995124, -0.098632, 0.000000, 0.098632, 0.995124),
      ["RightUpperArm"] = CFrame.new(0.000000, -0.003076, -0.040111, 1.000000, -0.000000, 0.000000, 0.000000, 0.988301, 0.152515, -0.000000, -0.152515, 0.988301),
      ["RightUpperLeg"] = CFrame.new(0.010511, -0.101211, 0.012535, 0.978978, -0.203966, -0.000389, 0.202420, 0.971319, 0.124765, -0.025070, -0.122220, 0.992186)
    }},
    { Time = 0.200, Data = {
      ["Head"] = CFrame.new(0.000000, 0.055240, -0.093303, 1.000000, -0.000000, 0.000000, 0.000000, 0.892000, 0.452035, -0.000000, -0.452035, 0.892000),
      ["LeftUpperArm"] = CFrame.new(-0.000000, -0.003104, -0.040291, 1.000000, -0.000000, 0.000000, 0.000000, 0.988195, 0.153199, -0.000000, -0.153199, 0.988195),
      ["LeftUpperLeg"] = CFrame.new(-0.002724, -0.051723, 0.006407, 0.994552, 0.104239, 0.000254, -0.103448, 0.986706, 0.125336, 0.012815, -0.124679, 0.992114),
      ["LowerTorso"] = CFrame.new(0.000000, 0.004892, 0.747856, 1.000000, 0.000000, 0.000000, 0.000000, 0.995107, -0.098804, 0.000000, 0.098804, 0.995107),
      ["RightUpperArm"] = CFrame.new(0.000000, -0.003094, -0.040224, 1.000000, -0.000000, 0.000000, 0.000000, 0.988235, 0.152942, -0.000000, -0.152942, 0.988235),
      ["RightUpperLeg"] = CFrame.new(0.010511, -0.101209, 0.012553, 0.978978, -0.203966, -0.000424, 0.202415, 0.971276, 0.125106, -0.025105, -0.122562, 0.992143)
    }},
    { Time = 0.217, Data = {
      ["Head"] = CFrame.new(0.000000, 0.055240, -0.093303, 1.000000, -0.000000, 0.000000, 0.000000, 0.891799, 0.452431, -0.000000, -0.452431, 0.891799),
      ["LeftUpperArm"] = CFrame.new(-0.000000, -0.003122, -0.040404, 1.000000, -0.000000, 0.000000, 0.000000, 0.988129, 0.153627, -0.000000, -0.153627, 0.988129),
      ["LeftUpperLeg"] = CFrame.new(-0.002724, -0.051722, 0.006418, 0.994552, 0.104238, 0.000276, -0.103445, 0.986652, 0.125764, 0.012837, -0.125108, 0.992060),
      ["LowerTorso"] = CFrame.new(0.000000, 0.004909, 0.747342, 1.000000, 0.000000, 0.000000, 0.000000, 0.995090, -0.098976, 0.000000, 0.098976, 0.995090),
      ["RightUpperArm"] = CFrame.new(0.000000, -0.003111, -0.040336, 1.000000, -0.000000, 0.000000, 0.000000, 0.988169, 0.153370, -0.000000, -0.153370, 0.988169),
      ["RightUpperLeg"] = CFrame.new(0.010511, -0.101207, 0.012570, 0.978978, -0.203966, -0.000460, 0.202411, 0.971233, 0.125447, -0.025140, -0.122903, 0.992100)
    }},
    { Time = 0.233, Data = {
      ["Head"] = CFrame.new(0.000000, 0.055240, -0.093303, 1.000000, -0.000000, 0.000000, 0.000000, 0.891558, 0.452906, -0.000000, -0.452906, 0.891558),
      ["LeftUpperArm"] = CFrame.new(-0.000000, -0.003143, -0.040539, 1.000000, -0.000000, 0.000000, 0.000000, 0.988049, 0.154140, -0.000000, -0.154140, 0.988049),
      ["LeftUpperLeg"] = CFrame.new(-0.002724, -0.051721, 0.006430, 0.994552, 0.104238, 0.000299, -0.103443, 0.986598, 0.126193, 0.012859, -0.125536, 0.992006),
      ["LowerTorso"] = CFrame.new(0.000000, 0.004926, 0.746799, 1.000000, 0.000000, 0.000000, 0.000000, 0.995073, -0.099148, 0.000000, 0.099148, 0.995073),
      ["RightUpperArm"] = CFrame.new(0.000000, -0.003129, -0.040449, 1.000000, -0.000000, 0.000000, 0.000000, 0.988102, 0.153798, -0.000000, -0.153798, 0.988102),
      ["RightUpperLeg"] = CFrame.new(0.010510, -0.101207, 0.012549, 0.978979, -0.203960, -0.000590, 0.202411, 0.971179, 0.125865, -0.025099, -0.123339, 0.992047)
    }},
    { Time = 0.250, Data = {
      ["Head"] = CFrame.new(0.000000, 0.055240, -0.093303, 1.000000, -0.000000, 0.000000, 0.000000, 0.891317, 0.453381, -0.000000, -0.453381, 0.891317),
      ["LeftUpperArm"] = CFrame.new(-0.000000, -0.003164, -0.040674, 1.000000, -0.000000, 0.000000, 0.000000, 0.987969, 0.154653, -0.000000, -0.154653, 0.987969),
      ["LeftUpperLeg"] = CFrame.new(-0.002723, -0.051722, 0.006398, 0.994553, 0.104233, 0.000407, -0.103445, 0.986543, 0.126617, 0.012796, -0.125969, 0.991952),
      ["LowerTorso"] = CFrame.new(0.000000, 0.004943, 0.746230, 1.000000, 0.000000, 0.000000, 0.000000, 0.995056, -0.099320, 0.000000, 0.099320, 0.995056),
      ["RightUpperArm"] = CFrame.new(0.000000, -0.003146, -0.040561, 1.000000, -0.000000, 0.000000, 0.000000, 0.988036, 0.154226, -0.000000, -0.154226, 0.988036),
      ["RightUpperLeg"] = CFrame.new(0.010510, -0.101204, 0.012571, 0.978979, -0.203960, -0.000634, 0.202405, 0.971124, 0.126292, -0.025143, -0.123766, 0.991993)
    }},
    { Time = 0.267, Data = {
      ["Head"] = CFrame.new(0.000000, 0.055240, -0.093303, 1.000000, -0.000000, 0.000000, 0.000000, 0.891035, 0.453934, -0.000000, -0.453934, 0.891035),
      ["LeftUpperArm"] = CFrame.new(-0.000000, -0.003189, -0.040831, 1.000000, -0.000000, 0.000000, 0.000000, 0.987875, 0.155252, -0.000000, -0.155252, 0.987875),
      ["LeftUpperLeg"] = CFrame.new(-0.002724, -0.051720, 0.006411, 0.994553, 0.104233, 0.000434, -0.103442, 0.986477, 0.127131, 0.012823, -0.126483, 0.991886),
      ["LowerTorso"] = CFrame.new(0.000000, 0.004960, 0.745633, 1.000000, 0.000000, 0.000000, 0.000000, 0.995038, -0.099492, 0.000000, 0.099492, 0.995038),
      ["RightUpperArm"] = CFrame.new(0.000000, -0.003167, -0.040696, 1.000000, -0.000000, 0.000000, 0.000000, 0.987955, 0.154739, -0.000000, -0.154739, 0.987955),
      ["RightUpperLeg"] = CFrame.new(0.010510, -0.101204, 0.012551, 0.978980, -0.203954, -0.000764, 0.202405, 0.971070, 0.126710, -0.025101, -0.124201, 0.991939)
    }},
    { Time = 0.283, Data = {
      ["Head"] = CFrame.new(0.000000, 0.055240, -0.093303, 1.000000, -0.000000, 0.000000, 0.000000, 0.890753, 0.454488, -0.000000, -0.454488, 0.890753),
      ["LeftUpperArm"] = CFrame.new(-0.000000, -0.003213, -0.040989, 1.000000, -0.000000, 0.000000, 0.000000, 0.987781, 0.155851, -0.000000, -0.155851, 0.987781),
      ["LeftUpperLeg"] = CFrame.new(-0.002724, -0.051718, 0.006425, 0.994553, 0.104233, 0.000462, -0.103439, 0.986411, 0.127645, 0.012850, -0.126997, 0.991820),
      ["LowerTorso"] = CFrame.new(0.000000, 0.004986, 0.744922, 1.000000, 0.000000, 0.000000, 0.000000, 0.995013, -0.099750, 0.000000, 0.099750, 0.995013),
      ["RightUpperArm"] = CFrame.new(0.000000, -0.003192, -0.040854, 1.000000, -0.000000, 0.000000, 0.000000, 0.987861, 0.155338, -0.000000, -0.155338, 0.987861),
      ["RightUpperLeg"] = CFrame.new(0.010509, -0.101204, 0.012530, 0.978981, -0.203949, -0.000894, 0.202405, 0.971015, 0.127128, -0.025059, -0.124637, 0.991886)
    }},
    { Time = 0.300, Data = {
      ["Head"] = CFrame.new(0.000000, 0.055240, -0.093303, 1.000000, -0.000000, 0.000000, 0.000000, 0.890470, 0.455041, -0.000000, -0.455041, 0.890470),
      ["LeftUpperArm"] = CFrame.new(-0.000000, -0.003238, -0.041146, 1.000000, -0.000000, 0.000000, 0.000000, 0.987686, 0.156450, -0.000000, -0.156450, 0.987686),
      ["LeftUpperLeg"] = CFrame.new(-0.002723, -0.051719, 0.006397, 0.994553, 0.104227, 0.000579, -0.103440, 0.986334, 0.128240, 0.012795, -0.127602, 0.991743),
      ["LowerTorso"] = CFrame.new(0.000000, 0.005004, 0.744270, 1.000000, 0.000000, 0.000000, 0.000000, 0.994995, -0.099922, 0.000000, 0.099922, 0.994995),
      ["RightUpperArm"] = CFrame.new(0.000000, -0.003213, -0.040989, 1.000000, -0.000000, 0.000000, 0.000000, 0.987781, 0.155851, -0.000000, -0.155851, 0.987781),
      ["RightUpperLeg"] = CFrame.new(0.010509, -0.101201, 0.012556, 0.978981, -0.203949, -0.000947, 0.202399, 0.970949, 0.127640, -0.025112, -0.125149, 0.991820)
    }},
    { Time = 0.317, Data = {
      ["Head"] = CFrame.new(0.000000, 0.055240, -0.093303, 1.000000, -0.000000, 0.000000, 0.000000, 0.890147, 0.455674, -0.000000, -0.455674, 0.890147),
      ["LeftUpperArm"] = CFrame.new(-0.000000, -0.003267, -0.041326, 1.000000, -0.000000, 0.000000, 0.000000, 0.987577, 0.157134, -0.000000, -0.157134, 0.987577),
      ["LeftUpperLeg"] = CFrame.new(-0.002723, -0.051717, 0.006413, 0.994553, 0.104227, 0.000611, -0.103436, 0.986256, 0.128840, 0.012826, -0.128201, 0.991665),
      ["LowerTorso"] = CFrame.new(0.000000, 0.005030, 0.743505, 1.000000, 0.000000, 0.000000, 0.000000, 0.994969, -0.100180, 0.000000, 0.100180, 0.994969),
      ["RightUpperArm"] = CFrame.new(0.000000, -0.003238, -0.041146, 1.000000, -0.000000, 0.000000, 0.000000, 0.987686, 0.156450, -0.000000, -0.156450, 0.987686),
      ["RightUpperLeg"] = CFrame.new(0.010509, -0.101201, 0.012540, 0.978982, -0.203943, -0.001086, 0.202398, 0.970883, 0.128143, -0.025079, -0.125670, 0.991755)
    }},
    { Time = 0.333, Data = {
      ["Head"] = CFrame.new(0.000000, 0.055240, -0.093303, 1.000000, -0.000000, 0.000000, 0.000000, 0.889823, 0.456306, -0.000000, -0.456306, 0.889823),
      ["LeftUpperArm"] = CFrame.new(-0.000000, -0.003295, -0.041506, 1.000000, -0.000000, 0.000000, 0.000000, 0.987468, 0.157818, -0.000000, -0.157818, 0.987468),
      ["LeftUpperLeg"] = CFrame.new(-0.002723, -0.051715, 0.006429, 0.994553, 0.104227, 0.000642, -0.103432, 0.986178, 0.129440, 0.012858, -0.128801, 0.991587),
      ["LowerTorso"] = CFrame.new(0.000000, 0.005056, 0.742712, 1.000000, 0.000000, 0.000000, 0.000000, 0.994943, -0.100438, 0.000000, 0.100438, 0.994943),
      ["RightUpperArm"] = CFrame.new(0.000000, -0.003267, -0.041326, 1.000000, -0.000000, 0.000000, 0.000000, 0.987577, 0.157134, -0.000000, -0.157134, 0.987577),
      ["RightUpperLeg"] = CFrame.new(0.010509, -0.101197, 0.012571, 0.978982, -0.203943, -0.001148, 0.202390, 0.970806, 0.128741, -0.025141, -0.126267, 0.991678)
    }},
    { Time = 0.350, Data = {
      ["Head"] = CFrame.new(0.000000, 0.055240, -0.093303, 1.000000, -0.000000, 0.000000, 0.000000, 0.889458, 0.457017, -0.000000, -0.457017, 0.889458),
      ["LeftUpperArm"] = CFrame.new(-0.000000, -0.003328, -0.041709, 1.000000, -0.000000, 0.000000, 0.000000, 0.987345, 0.158587, -0.000000, -0.158587, 0.987345),
      ["LeftUpperLeg"] = CFrame.new(-0.002723, -0.051716, 0.006401, 0.994554, 0.104221, 0.000760, -0.103434, 0.986100, 0.130035, 0.012803, -0.129405, 0.991509),
      ["LowerTorso"] = CFrame.new(0.000000, 0.005082, 0.741893, 1.000000, 0.000000, 0.000000, 0.000000, 0.994917, -0.100696, 0.000000, 0.100696, 0.994917),
      ["RightUpperArm"] = CFrame.new(0.000000, -0.003295, -0.041506, 1.000000, -0.000000, 0.000000, 0.000000, 0.987468, 0.157818, -0.000000, -0.157818, 0.987468),
      ["RightUpperLeg"] = CFrame.new(0.010508, -0.101196, 0.012558, 0.978983, -0.203937, -0.001296, 0.202388, 0.970728, 0.129329, -0.025117, -0.126873, 0.991601)
    }},
    { Time = 0.367, Data = {
      ["Head"] = CFrame.new(0.000000, 0.055240, -0.093303, 1.000000, -0.000000, 0.000000, 0.000000, 0.889092, 0.457728, -0.000000, -0.457728, 0.889092),
      ["LeftUpperArm"] = CFrame.new(-0.000000, -0.003361, -0.041911, 1.000000, -0.000000, 0.000000, 0.000000, 0.987221, 0.159357, -0.000000, -0.159357, 0.987221),
      ["LeftUpperLeg"] = CFrame.new(-0.002723, -0.051714, 0.006419, 0.994554, 0.104221, 0.000796, -0.103430, 0.986009, 0.130720, 0.012839, -0.130090, 0.991419),
      ["LowerTorso"] = CFrame.new(0.000000, 0.005108, 0.741045, 1.000000, 0.000000, 0.000000, 0.000000, 0.994891, -0.100954, 0.000000, 0.100954, 0.994891),
      ["RightUpperArm"] = CFrame.new(0.000000, -0.003324, -0.041686, 1.000000, -0.000000, 0.000000, 0.000000, 0.987359, 0.158502, -0.000000, -0.158502, 0.987359),
      ["RightUpperLeg"] = CFrame.new(0.010508, -0.101195, 0.012546, 0.978984, -0.203931, -0.001444, 0.202386, 0.970650, 0.129918, -0.025093, -0.127479, 0.991524)
    }},
    { Time = 0.383, Data = {
      ["Head"] = CFrame.new(0.000000, 0.055240, -0.093303, 1.000000, -0.000000, 0.000000, 0.000000, 0.888726, 0.458439, -0.000000, -0.458439, 0.888726),
      ["LeftUpperArm"] = CFrame.new(-0.000000, -0.003397, -0.042136, 1.000000, -0.000000, 0.000000, 0.000000, 0.987083, 0.160212, -0.000000, -0.160212, 0.987083),
      ["LeftUpperLeg"] = CFrame.new(-0.002723, -0.051715, 0.006396, 0.994554, 0.104215, 0.000923, -0.103430, 0.985907, 0.131486, 0.012793, -0.130866, 0.991318),
      ["LowerTorso"] = CFrame.new(0.000000, 0.005134, 0.740170, 1.000000, 0.000000, 0.000000, 0.000000, 0.994865, -0.101212, 0.000000, 0.101212, 0.994865),
      ["RightUpperArm"] = CFrame.new(0.000000, -0.003357, -0.041888, 1.000000, -0.000000, 0.000000, 0.000000, 0.987235, 0.159271, -0.000000, -0.159271, 0.987235),
      ["RightUpperLeg"] = CFrame.new(0.010507, -0.101194, 0.012534, 0.978985, -0.203925, -0.001592, 0.202384, 0.970571, 0.130506, -0.025069, -0.128086, 0.991446)
    }},
    { Time = 0.400, Data = {
      ["Head"] = CFrame.new(0.000000, 0.055240, -0.093303, 1.000000, -0.000000, 0.000000, 0.000000, 0.888318, 0.459228, -0.000000, -0.459228, 0.888318),
      ["LeftUpperArm"] = CFrame.new(-0.000000, -0.003430, -0.042338, 1.000000, -0.000000, 0.000000, 0.000000, 0.986957, 0.160981, -0.000000, -0.160981, 0.986957),
      ["LeftUpperLeg"] = CFrame.new(-0.002723, -0.051712, 0.006414, 0.994554, 0.104214, 0.000959, -0.103426, 0.985816, 0.132171, 0.012829, -0.131551, 0.991226),
      ["LowerTorso"] = CFrame.new(0.000000, 0.005169, 0.739182, 1.000000, 0.000000, 0.000000, 0.000000, 0.994830, -0.101556, 0.000000, 0.101556, 0.994830),
      ["RightUpperArm"] = CFrame.new(0.000000, -0.003390, -0.042091, 1.000000, -0.000000, 0.000000, 0.000000, 0.987110, 0.160041, -0.000000, -0.160041, 0.987110),
      ["RightUpperLeg"] = CFrame.new(0.010507, -0.101189, 0.012570, 0.978985, -0.203924, -0.001662, 0.202376, 0.970481, 0.131188, -0.025139, -0.128768, 0.991356)
    }},
    { Time = 0.417, Data = {
      ["Head"] = CFrame.new(0.000000, 0.055240, -0.093303, 1.000000, -0.000000, 0.000000, 0.000000, 0.887869, 0.460096, -0.000000, -0.460096, 0.887869),
      ["LeftUpperArm"] = CFrame.new(-0.000000, -0.003470, -0.042585, 1.000000, -0.000000, 0.000000, 0.000000, 0.986804, 0.161921, -0.000000, -0.161921, 0.986804),
      ["LeftUpperLeg"] = CFrame.new(-0.002722, -0.051712, 0.006394, 0.994555, 0.104208, 0.001090, -0.103426, 0.985702, 0.133023, 0.012788, -0.132412, 0.991112),
      ["LowerTorso"] = CFrame.new(0.000000, 0.005196, 0.738252, 1.000000, 0.000000, 0.000000, 0.000000, 0.994803, -0.101814, 0.000000, 0.101814, 0.994803),
      ["RightUpperArm"] = CFrame.new(0.000000, -0.003422, -0.042293, 1.000000, -0.000000, 0.000000, 0.000000, 0.986985, 0.160810, -0.000000, -0.160810, 0.986985),
      ["RightUpperLeg"] = CFrame.new(0.010516, -0.101230, 0.012565, 0.978969, -0.204003, -0.001825, 0.202457, 0.970373, 0.131862, -0.025129, -0.129458, 0.991266)
    }},
    { Time = 0.433, Data = {
      ["Head"] = CFrame.new(0.000000, 0.055240, -0.093303, 1.000000, -0.000000, 0.000000, 0.000000, 0.887460, 0.460885, -0.000000, -0.460885, 0.887460),
      ["LeftUpperArm"] = CFrame.new(-0.000000, -0.003511, -0.042833, 1.000000, -0.000000, 0.000000, 0.000000, 0.986649, 0.162861, -0.000000, -0.162861, 0.986649),
      ["LeftUpperLeg"] = CFrame.new(-0.002722, -0.051710, 0.006414, 0.994555, 0.104208, 0.001131, -0.103421, 0.985598, 0.133794, 0.012828, -0.133182, 0.991009),
      ["LowerTorso"] = CFrame.new(0.000000, 0.005231, 0.737209, 1.000000, 0.000000, 0.000000, 0.000000, 0.994768, -0.102158, 0.000000, 0.102158, 0.994768),
      ["RightUpperArm"] = CFrame.new(0.000000, -0.003459, -0.042518, 1.000000, -0.000000, 0.000000, 0.000000, 0.986846, 0.161665, -0.000000, -0.161665, 0.986846),
      ["RightUpperLeg"] = CFrame.new(0.010515, -0.101228, 0.012562, 0.978970, -0.203996, -0.001990, 0.202453, 0.970270, 0.132621, -0.025123, -0.130235, 0.991165)
    }},
    { Time = 0.450, Data = {
      ["Head"] = CFrame.new(0.000000, 0.055240, -0.093303, 1.000000, -0.000000, 0.000000, 0.000000, 0.887009, 0.461752, -0.000000, -0.461752, 0.887009),
      ["LeftUpperArm"] = CFrame.new(-0.000000, -0.003552, -0.043080, 1.000000, -0.000000, 0.000000, 0.000000, 0.986493, 0.163801, -0.000000, -0.163801, 0.986493),
      ["LeftUpperLeg"] = CFrame.new(-0.002722, -0.051710, 0.006393, 0.994555, 0.104201, 0.001262, -0.103422, 0.985482, 0.134645, 0.012787, -0.134043, 0.990893),
      ["LowerTorso"] = CFrame.new(0.000000, 0.005266, 0.736138, 1.000000, 0.000000, 0.000000, 0.000000, 0.994733, -0.102502, 0.000000, 0.102502, 0.994733),
      ["RightUpperArm"] = CFrame.new(0.000000, -0.003496, -0.042743, 1.000000, -0.000000, 0.000000, 0.000000, 0.986705, 0.162519, -0.000000, -0.162519, 0.986705),
      ["RightUpperLeg"] = CFrame.new(0.010515, -0.101226, 0.012558, 0.978971, -0.203990, -0.002156, 0.202449, 0.970167, 0.133380, -0.025117, -0.131011, 0.991063)
    }},
    { Time = 0.467, Data = {
      ["Head"] = CFrame.new(0.000000, 0.055240, -0.093303, 1.000000, -0.000000, 0.000000, 0.000000, 0.886516, 0.462698, -0.000000, -0.462698, 0.886516),
      ["LeftUpperArm"] = CFrame.new(-0.000000, -0.003597, -0.043349, 1.000000, -0.000000, 0.000000, 0.000000, 0.986323, 0.164826, -0.000000, -0.164826, 0.986323),
      ["LeftUpperLeg"] = CFrame.new(-0.002722, -0.051707, 0.006416, 0.994555, 0.104201, 0.001307, -0.103416, 0.985365, 0.135502, 0.012832, -0.134899, 0.990776),
      ["LowerTorso"] = CFrame.new(0.000000, 0.005302, 0.735040, 1.000000, 0.000000, 0.000000, 0.000000, 0.994697, -0.102846, 0.000000, 0.102846, 0.994697),
      ["RightUpperArm"] = CFrame.new(0.000000, -0.003533, -0.042967, 1.000000, -0.000000, 0.000000, 0.000000, 0.986564, 0.163374, -0.000000, -0.163374, 0.986564),
      ["RightUpperLeg"] = CFrame.new(0.010514, -0.101224, 0.012555, 0.978972, -0.203983, -0.002321, 0.202445, 0.970063, 0.134139, -0.025110, -0.131788, 0.990960)
    }},
    { Time = 0.483, Data = {
      ["Head"] = CFrame.new(0.000000, 0.055240, -0.093303, 1.000000, -0.000000, 0.000000, 0.000000, 0.886022, 0.463643, -0.000000, -0.463643, 0.886022),
      ["LeftUpperArm"] = CFrame.new(-0.000000, -0.003642, -0.043619, 1.000000, -0.000000, 0.000000, 0.000000, 0.986151, 0.165852, -0.000000, -0.165852, 0.986151),
      ["LeftUpperLeg"] = CFrame.new(-0.002722, -0.051707, 0.006397, 0.994556, 0.104194, 0.001443, -0.103416, 0.985236, 0.136439, 0.012795, -0.135845, 0.990647),
      ["LowerTorso"] = CFrame.new(0.000000, 0.005338, 0.733915, 1.000000, 0.000000, 0.000000, 0.000000, 0.994662, -0.103189, 0.000000, 0.103189, 0.994662),
      ["RightUpperArm"] = CFrame.new(0.000000, -0.003574, -0.043215, 1.000000, -0.000000, 0.000000, 0.000000, 0.986408, 0.164314, -0.000000, -0.164314, 0.986408),
      ["RightUpperLeg"] = CFrame.new(0.010514, -0.101222, 0.012552, 0.978973, -0.203977, -0.002487, 0.202441, 0.969959, 0.134897, -0.025104, -0.132564, 0.990856)
    }},
    { Time = 0.500, Data = {
      ["Head"] = CFrame.new(0.000000, 0.055240, -0.093303, 1.000000, -0.000000, 0.000000, 0.000000, 0.885527, 0.464588, -0.000000, -0.464588, 0.885527),
      ["LeftUpperArm"] = CFrame.new(-0.000000, -0.003688, -0.043889, 1.000000, -0.000000, 0.000000, 0.000000, 0.985978, 0.166877, -0.000000, -0.166877, 0.985978),
      ["LeftUpperLeg"] = CFrame.new(-0.002722, -0.051704, 0.006422, 0.994556, 0.104194, 0.001492, -0.103410, 0.985106, 0.137380, 0.012844, -0.136787, 0.990517),
      ["LowerTorso"] = CFrame.new(0.000000, 0.005373, 0.732762, 1.000000, 0.000000, 0.000000, 0.000000, 0.994626, -0.103533, 0.000000, 0.103533, 0.994626),
      ["RightUpperArm"] = CFrame.new(0.000000, -0.003619, -0.043484, 1.000000, -0.000000, 0.000000, 0.000000, 0.986237, 0.165339, -0.000000, -0.165339, 0.986237),
      ["RightUpperLeg"] = CFrame.new(0.010513, -0.101220, 0.012553, 0.978974, -0.203970, -0.002661, 0.202436, 0.969842, 0.135741, -0.025106, -0.133426, 0.990741)
    }},
    { Time = 0.517, Data = {
      ["Head"] = CFrame.new(0.000000, 0.055240, -0.093303, 1.000000, -0.000000, 0.000000, 0.000000, 0.884990, 0.465611, -0.000000, -0.465611, 0.884990),
      ["LeftUpperArm"] = CFrame.new(-0.000000, -0.003737, -0.044181, 1.000000, -0.000000, 0.000000, 0.000000, 0.985789, 0.167987, -0.000000, -0.167987, 0.985789),
      ["LeftUpperLeg"] = CFrame.new(-0.002722, -0.051704, 0.006404, 0.994556, 0.104187, 0.001628, -0.103409, 0.984975, 0.138317, 0.012807, -0.137733, 0.990387),
      ["LowerTorso"] = CFrame.new(0.000000, 0.005418, 0.731496, 1.000000, 0.000000, 0.000000, 0.000000, 0.994581, -0.103963, 0.000000, 0.103963, 0.994581),
      ["RightUpperArm"] = CFrame.new(0.000000, -0.003661, -0.043731, 1.000000, -0.000000, 0.000000, 0.000000, 0.986079, 0.166279, -0.000000, -0.166279, 0.986079),
      ["RightUpperLeg"] = CFrame.new(0.010513, -0.101217, 0.012554, 0.978975, -0.203963, -0.002836, 0.202431, 0.969725, 0.136585, -0.025108, -0.134287, 0.990624)
    }},
    { Time = 0.533, Data = {
      ["Head"] = CFrame.new(0.000000, 0.055240, -0.093303, 1.000000, -0.000000, 0.000000, 0.000000, 0.884409, 0.466712, -0.000000, -0.466712, 0.884409),
      ["LeftUpperArm"] = CFrame.new(-0.000000, -0.003791, -0.044495, 1.000000, -0.000000, 0.000000, 0.000000, 0.985585, 0.169182, -0.000000, -0.169182, 0.985585),
      ["LeftUpperLeg"] = CFrame.new(-0.002722, -0.051701, 0.006431, 0.994556, 0.104186, 0.001682, -0.103403, 0.984830, 0.139344, 0.012861, -0.138759, 0.990243),
      ["LowerTorso"] = CFrame.new(0.000000, 0.005454, 0.730288, 1.000000, 0.000000, 0.000000, 0.000000, 0.994545, -0.104307, 0.000000, 0.104307, 0.994545),
      ["RightUpperArm"] = CFrame.new(0.000000, -0.003707, -0.044001, 1.000000, -0.000000, 0.000000, 0.000000, 0.985905, 0.167304, -0.000000, -0.167304, 0.985905),
      ["RightUpperLeg"] = CFrame.new(0.010512, -0.101214, 0.012560, 0.978976, -0.203955, -0.003019, 0.202425, 0.969595, 0.137514, -0.025120, -0.135234, 0.990495)
    }},
    { Time = 0.550, Data = {
      ["Head"] = CFrame.new(0.000000, 0.055240, -0.093303, 1.000000, -0.000000, 0.000000, 0.000000, 0.883869, 0.467735, -0.000000, -0.467735, 0.883869),
      ["LeftUpperArm"] = CFrame.new(-0.000000, -0.003841, -0.044787, 1.000000, -0.000000, 0.000000, 0.000000, 0.985394, 0.170292, -0.000000, -0.170292, 0.985394),
      ["LeftUpperLeg"] = CFrame.new(-0.002721, -0.051700, 0.006414, 0.994557, 0.104179, 0.001822, -0.103402, 0.984685, 0.140366, 0.012829, -0.139791, 0.990098),
      ["LowerTorso"] = CFrame.new(0.000000, 0.005499, 0.728967, 1.000000, 0.000000, 0.000000, 0.000000, 0.994500, -0.104737, 0.000000, 0.104737, 0.994500),
      ["RightUpperArm"] = CFrame.new(0.000000, -0.003756, -0.044293, 1.000000, -0.000000, 0.000000, 0.000000, 0.985716, 0.168414, -0.000000, -0.168414, 0.985716),
      ["RightUpperLeg"] = CFrame.new(0.010512, -0.101211, 0.012566, 0.978976, -0.203948, -0.003202, 0.202419, 0.969464, 0.138443, -0.025131, -0.136180, 0.990365)
    }},
    { Time = 0.567, Data = {
      ["Head"] = CFrame.new(0.000000, 0.055240, -0.093303, 1.000000, -0.000000, 0.000000, 0.000000, 0.883286, 0.468835, -0.000000, -0.468835, 0.883286),
      ["LeftUpperArm"] = CFrame.new(-0.000000, -0.003900, -0.045124, 1.000000, -0.000000, 0.000000, 0.000000, 0.985171, 0.171573, -0.000000, -0.171573, 0.985171),
      ["LeftUpperLeg"] = CFrame.new(-0.002721, -0.051700, 0.006398, 0.994557, 0.104172, 0.001962, -0.103402, 0.984539, 0.141389, 0.012797, -0.140822, 0.989952),
      ["LowerTorso"] = CFrame.new(0.000000, 0.005545, 0.727619, 1.000000, 0.000000, 0.000000, 0.000000, 0.994455, -0.105167, 0.000000, 0.105167, 0.994455),
      ["RightUpperArm"] = CFrame.new(0.000000, -0.003806, -0.044585, 1.000000, -0.000000, 0.000000, 0.000000, 0.985526, 0.169524, -0.000000, -0.169524, 0.985526),
      ["RightUpperLeg"] = CFrame.new(0.010511, -0.101208, 0.012571, 0.978977, -0.203940, -0.003385, 0.202413, 0.969332, 0.139372, -0.025142, -0.137127, 0.990234)
    }},
    { Time = 0.583, Data = {
      ["Head"] = CFrame.new(0.000000, 0.055240, -0.093303, 1.000000, -0.000000, 0.000000, 0.000000, 0.882659, 0.470013, -0.000000, -0.470013, 0.882659),
      ["LeftUpperArm"] = CFrame.new(-0.000000, -0.003954, -0.045438, 1.000000, -0.000000, 0.000000, 0.000000, 0.984963, 0.172768, -0.000000, -0.172768, 0.984963),
      ["LeftUpperLeg"] = CFrame.new(-0.002721, -0.051696, 0.006427, 0.994557, 0.104171, 0.002021, -0.103394, 0.984380, 0.142501, 0.012855, -0.141934, 0.989793),
      ["LowerTorso"] = CFrame.new(0.000000, 0.005590, 0.726243, 1.000000, 0.000000, 0.000000, 0.000000, 0.994409, -0.105597, 0.000000, 0.105597, 0.994409),
      ["RightUpperArm"] = CFrame.new(0.000000, -0.003857, -0.044877, 1.000000, -0.000000, 0.000000, 0.000000, 0.985335, 0.170634, -0.000000, -0.170634, 0.985335),
      ["RightUpperLeg"] = CFrame.new(0.010510, -0.101208, 0.012534, 0.978979, -0.203927, -0.003654, 0.202413, 0.969199, 0.140292, -0.025068, -0.138082, 0.990103)
    }},
    { Time = 0.600, Data = {
      ["Head"] = CFrame.new(0.000000, 0.055240, -0.093303, 1.000000, -0.000000, 0.000000, 0.000000, 0.882031, 0.471191, -0.000000, -0.471191, 0.882031),
      ["LeftUpperArm"] = CFrame.new(-0.000000, -0.004014, -0.045775, 1.000000, -0.000000, 0.000000, 0.000000, 0.984737, 0.174048, -0.000000, -0.174048, 0.984737),
      ["LeftUpperLeg"] = CFrame.new(-0.002725, -0.051739, 0.006417, 0.994549, 0.104249, 0.002172, -0.103479, 0.984210, 0.143608, 0.012833, -0.143050, 0.989632),
      ["LowerTorso"] = CFrame.new(0.000000, 0.005636, 0.724840, 1.000000, 0.000000, 0.000000, 0.000000, 0.994363, -0.106026, 0.000000, 0.106026, 0.994363),
      ["RightUpperArm"] = CFrame.new(0.000000, -0.003907, -0.045169, 1.000000, -0.000000, 0.000000, 0.000000, 0.985142, 0.171744, -0.000000, -0.171744, 0.985142),
      ["RightUpperLeg"] = CFrame.new(0.010510, -0.101205, 0.012544, 0.978980, -0.203919, -0.003846, 0.202406, 0.969053, 0.141305, -0.025088, -0.139114, 0.989959)
    }},
    { Time = 0.617, Data = {
      ["Head"] = CFrame.new(0.000000, 0.055240, -0.093303, 1.000000, -0.000000, 0.000000, 0.000000, 0.881401, 0.472368, -0.000000, -0.472368, 0.881401),
      ["LeftUpperArm"] = CFrame.new(-0.000000, -0.004077, -0.046134, 1.000000, -0.000000, 0.000000, 0.000000, 0.984495, 0.175413, -0.000000, -0.175413, 0.984495),
      ["LeftUpperLeg"] = CFrame.new(-0.002725, -0.051738, 0.006405, 0.994549, 0.104242, 0.002321, -0.103478, 0.984035, 0.144801, 0.012810, -0.144252, 0.989458),
      ["LowerTorso"] = CFrame.new(0.000000, 0.005691, 0.723323, 1.000000, 0.000000, 0.000000, 0.000000, 0.994308, -0.106542, 0.000000, 0.106542, 0.994308),
      ["RightUpperArm"] = CFrame.new(0.000000, -0.003962, -0.045483, 1.000000, -0.000000, 0.000000, 0.000000, 0.984933, 0.172938, -0.000000, -0.172938, 0.984933),
      ["RightUpperLeg"] = CFrame.new(0.010509, -0.101202, 0.012554, 0.978981, -0.203911, -0.004038, 0.202399, 0.968906, 0.142319, -0.025108, -0.140145, 0.989813)
    }},
    { Time = 0.633, Data = {
      ["Head"] = CFrame.new(0.000000, 0.055240, -0.093303, 1.000000, -0.000000, 0.000000, 0.000000, 0.880728, 0.473623, -0.000000, -0.473623, 0.880728),
      ["LeftUpperArm"] = CFrame.new(-0.000000, -0.004142, -0.046493, 1.000000, -0.000000, 0.000000, 0.000000, 0.984251, 0.176778, -0.000000, -0.176778, 0.984251),
      ["LeftUpperLeg"] = CFrame.new(-0.002725, -0.051734, 0.006434, 0.994549, 0.104240, 0.002380, -0.103470, 0.983872, 0.145913, 0.012869, -0.145364, 0.989295),
      ["LowerTorso"] = CFrame.new(0.000000, 0.005738, 0.721865, 1.000000, 0.000000, 0.000000, 0.000000, 0.994262, -0.106972, 0.000000, 0.106972, 0.994262),
      ["RightUpperArm"] = CFrame.new(0.000000, -0.004022, -0.045820, 1.000000, -0.000000, 0.000000, 0.000000, 0.984707, 0.174219, -0.000000, -0.174219, 0.984707),
      ["RightUpperLeg"] = CFrame.new(0.010509, -0.101198, 0.012568, 0.978982, -0.203902, -0.004239, 0.202391, 0.968746, 0.143418, -0.025136, -0.141262, 0.989653)
    }},
    { Time = 0.650, Data = {
      ["Head"] = CFrame.new(0.000000, 0.055240, -0.093303, 1.000000, -0.000000, 0.000000, 0.000000, 0.880052, 0.474877, -0.000000, -0.474877, 0.880052),
      ["LeftUpperArm"] = CFrame.new(-0.000000, -0.004206, -0.046852, 1.000000, -0.000000, 0.000000, 0.000000, 0.984005, 0.178143, -0.000000, -0.178143, 0.984005),
      ["LeftUpperLeg"] = CFrame.new(-0.002725, -0.051733, 0.006425, 0.994550, 0.104232, 0.002534, -0.103468, 0.983681, 0.147191, 0.012850, -0.146651, 0.989105),
      ["LowerTorso"] = CFrame.new(0.000000, 0.005793, 0.720294, 1.000000, 0.000000, 0.000000, 0.000000, 0.994206, -0.107488, 0.000000, 0.107488, 0.994206),
      ["RightUpperArm"] = CFrame.new(0.000000, -0.004081, -0.046156, 1.000000, -0.000000, 0.000000, 0.000000, 0.984480, 0.175498, -0.000000, -0.175498, 0.984480),
      ["RightUpperLeg"] = CFrame.new(0.010508, -0.101197, 0.012540, 0.978984, -0.203887, -0.004526, 0.202390, 0.968584, 0.144508, -0.025080, -0.142387, 0.989493)
    }},
    { Time = 0.667, Data = {
