return {
  ["Astros dap u 2"] = {
    { Time = 0.000, Data = {
      ["Balls"] = CFrame.new(0.000001, -0.000015, -0.000006, 0.996763, 0.080383, 0.001182, -0.080390, 0.996732, 0.007900, -0.000543, -0.007970, 0.999968),
      ["Cock"] = CFrame.new(0.000000, 0.000000, 0.000000, 0.964311, 0.264772, 0.000000, -0.264772, 0.964311, -0.000000, -0.000000, 0.000000, 1.000000),
      ["Head"] = CFrame.new(-0.000009, 0.000000, -0.000003, 0.905921, 0.030456, -0.422350, -0.007451, 0.998402, 0.056013, 0.423381, -0.047597, 0.904701),
      ["LeftUpperArm"] = CFrame.new(-0.091664, -0.023112, 0.103660, 0.987766, -0.102769, 0.117292, 0.112353, 0.990584, -0.078236, -0.108147, 0.090457, 0.990011),
      ["LeftUpperLeg"] = CFrame.new(-0.000388, -0.009149, -0.017434, 0.999224, 0.018297, 0.034867, -0.018297, 0.999833, -0.000319, -0.034867, -0.000319, 0.999392),
      ["LowerTorso"] = CFrame.new(2.378109, 0.000000, 0.155294, -0.305810, 0.000000, 0.952093, 0.000000, 1.000000, 0.000000, -0.952093, 0.000000, -0.305810),
      ["RightUpperArm"] = CFrame.new(0.040514, -0.519587, 0.231588, 0.950556, 0.154047, -0.269652, -0.253829, -0.114874, -0.960404, -0.178924, 0.981363, -0.070093),
      ["RightUpperLeg"] = CFrame.new(0.001198, -0.010168, -0.033045, 0.997606, -0.020383, -0.066076, 0.020337, 0.999792, -0.001364, 0.066090, 0.000017, 0.997814)
    }},
    { Time = 0.017, Data = {
      ["Balls"] = CFrame.new(0.000001, -0.000016, -0.000006, 0.996356, 0.085292, 0.000963, -0.085296, 0.996335, 0.006352, -0.000417, -0.006411, 0.999979),
      ["Cock"] = CFrame.new(0.000000, 0.000000, 0.000000, 0.964242, 0.265024, 0.000000, -0.265024, 0.964242, -0.000000, -0.000000, 0.000000, 1.000000),
      ["Head"] = CFrame.new(-0.000009, 0.000000, -0.000003, 0.905926, 0.029568, -0.422402, -0.007835, 0.998559, 0.053095, 0.423363, -0.044791, 0.904852),
      ["LeftUpperArm"] = CFrame.new(-0.091640, -0.023142, 0.104014, 0.987259, -0.102680, 0.121555, 0.112753, 0.990469, -0.079102, -0.112275, 0.091800, 0.989428),
      ["LeftUpperLeg"] = CFrame.new(-0.000388, -0.009148, -0.017434, 0.999224, 0.018298, 0.034867, -0.018295, 0.999833, -0.000405, -0.034868, -0.000233, 0.999392),
      ["LowerTorso"] = CFrame.new(2.378230, 0.000000, 0.155275, -0.305810, -0.000121, 0.952093, -0.000019, 1.000000, 0.000121, -0.952093, 0.000019, -0.305810),
      ["RightUpperArm"] = CFrame.new(0.040542, -0.519496, 0.231595, 0.950530, 0.154153, -0.269685, -0.253917, -0.114530, -0.960421, -0.178939, 0.981387, -0.069722),
      ["RightUpperLeg"] = CFrame.new(0.001199, -0.010210, -0.033045, 0.997605, -0.020472, -0.066075, 0.020420, 0.999790, -0.001453, 0.066091, 0.000100, 0.997814)
    }},
    { Time = 0.033, Data = {
      ["Balls"] = CFrame.new(0.000001, -0.000016, -0.000006, 0.995923, 0.090199, 0.000736, -0.090202, 0.995912, 0.004806, -0.000299, -0.004852, 0.999988),
      ["Cock"] = CFrame.new(0.000000, 0.000000, 0.000000, 0.964080, 0.265612, 0.000000, -0.265612, 0.964080, -0.000000, -0.000000, 0.000000, 1.000000),
      ["Head"] = CFrame.new(-0.000010, 0.000000, -0.000003, 0.905933, 0.028577, -0.422456, -0.008153, 0.998712, 0.050074, 0.423343, -0.041919, 0.904999),
      ["LeftUpperArm"] = CFrame.new(-0.091616, -0.023172, 0.104366, 0.986746, -0.102589, 0.125731, 0.113154, 0.990354, -0.079972, -0.116314, 0.093139, 0.988836),
      ["LeftUpperLeg"] = CFrame.new(-0.000386, -0.009058, -0.017436, 0.999228, 0.018133, 0.034863, -0.018115, 0.999836, -0.000834, -0.034872, 0.000202, 0.999392),
      ["LowerTorso"] = CFrame.new(2.378420, 0.000000, 0.155307, -0.305810, -0.000311, 0.952093, -0.000108, 1.000000, 0.000292, -0.952093, -0.000013, -0.305810),
      ["RightUpperArm"] = CFrame.new(0.040640, -0.519223, 0.231611, 0.950391, 0.154524, -0.269961, -0.254359, -0.113492, -0.960428, -0.179047, 0.981449, -0.068557),
      ["RightUpperLeg"] = CFrame.new(0.001203, -0.010246, -0.033091, 0.997597, -0.020572, -0.066157, 0.020492, 0.999788, -0.001888, 0.066182, 0.000528, 0.997807)
    }},
    { Time = 0.050, Data = {
      ["Balls"] = CFrame.new(0.000001, -0.000017, -0.000006, 0.995484, 0.094933, 0.000501, -0.094934, 0.995478, 0.003260, -0.000189, -0.003293, 0.999995),
      ["Cock"] = CFrame.new(0.000000, 0.000000, 0.000000, 0.963802, 0.266620, 0.000000, -0.266620, 0.963802, -0.000000, -0.000000, 0.000000, 1.000000),
      ["Head"] = CFrame.new(-0.000010, 0.000000, -0.000003, 0.905937, 0.027708, -0.422504, -0.008518, 0.998847, 0.047239, 0.423326, -0.039197, 0.905129),
      ["LeftUpperArm"] = CFrame.new(-0.091591, -0.023203, 0.104717, 0.986226, -0.102498, 0.129820, 0.113556, 0.990237, -0.080845, -0.120266, 0.094473, 0.988236),
      ["LeftUpperLeg"] = CFrame.new(-0.000384, -0.008966, -0.017439, 0.999231, 0.017971, 0.034857, -0.017932, 0.999838, -0.001435, -0.034877, 0.000809, 0.999391),
      ["LowerTorso"] = CFrame.new(2.378850, 0.000000, 0.155301, -0.305810, -0.000743, 0.952092, -0.000234, 1.000000, 0.000705, -0.952093, -0.000007, -0.305810),
      ["RightUpperArm"] = CFrame.new(0.040788, -0.518797, 0.231637, 0.950167, 0.155086, -0.270428, -0.255088, -0.111872, -0.960424, -0.179202, 0.981546, -0.066737),
      ["RightUpperLeg"] = CFrame.new(0.001204, -0.010322, -0.033094, 0.997594, -0.020765, -0.066150, 0.020645, 0.999784, -0.002498, 0.066188, 0.001126, 0.997807)
    }},
    { Time = 0.067, Data = {
      ["Balls"] = CFrame.new(0.000001, -0.000017, -0.000006, 0.995038, 0.099492, 0.000263, -0.099492, 0.995037, 0.001802, -0.000082, -0.001819, 0.999998),
      ["Cock"] = CFrame.new(0.000000, 0.000000, 0.000000, 0.963429, 0.267963, 0.000000, -0.267963, 0.963429, -0.000000, -0.000000, 0.000000, 1.000000),
      ["Head"] = CFrame.new(-0.000010, 0.000000, -0.000003, 0.905942, 0.026838, -0.422550, -0.008883, 0.998974, 0.044405, 0.423308, -0.036474, 0.905251),
      ["LeftUpperArm"] = CFrame.new(-0.091570, -0.023232, 0.105042, 0.985711, -0.102415, 0.133731, 0.113950, 0.990126, -0.081641, -0.124050, 0.095713, 0.987649),
      ["LeftUpperLeg"] = CFrame.new(-0.000381, -0.008786, -0.017442, 0.999237, 0.017641, 0.034850, -0.017572, 0.999843, -0.002292, -0.034885, 0.001678, 0.999390),
      ["LowerTorso"] = CFrame.new(2.379402, 0.000001, 0.155277, -0.305809, -0.001295, 0.952092, -0.000379, 0.999999, 0.001238, -0.952093, 0.000017, -0.305810),
      ["RightUpperArm"] = CFrame.new(0.041027, -0.518159, 0.231671, 0.949835, 0.155994, -0.271070, -0.256118, -0.109446, -0.960430, -0.179489, 0.981676, -0.064002),
      ["RightUpperLeg"] = CFrame.new(0.001207, -0.010436, -0.033099, 0.997588, -0.021055, -0.066140, 0.020872, 0.999776, -0.003455, 0.066198, 0.002066, 0.997804)
    }},
    { Time = 0.083, Data = {
      ["Balls"] = CFrame.new(0.000001, -0.000017, -0.000007, 0.994590, 0.103877, 0.000022, -0.103877, 0.994590, 0.000431, 0.000022, -0.000431, 1.000000),
      ["Cock"] = CFrame.new(0.000000, 0.000000, 0.000000, 0.962937, 0.269725, 0.000000, -0.269725, 0.962937, -0.000000, -0.000000, 0.000000, 1.000000),
      ["Head"] = CFrame.new(-0.000010, 0.000000, -0.000003, 0.905947, 0.026006, -0.422592, -0.009211, 0.999086, 0.041738, 0.423291, -0.033920, 0.905359),
      ["LeftUpperArm"] = CFrame.new(-0.091548, -0.023262, 0.105367, 0.985194, -0.102332, 0.137556, 0.114343, 0.990015, -0.082440, -0.127746, 0.096948, 0.987057),
      ["LeftUpperLeg"] = CFrame.new(-0.000378, -0.008603, -0.017447, 0.999243, 0.017315, 0.034841, -0.017207, 0.999846, -0.003408, -0.034894, 0.002806, 0.999387),
      ["LowerTorso"] = CFrame.new(2.380024, 0.000002, 0.155303, -0.305809, -0.001917, 0.952091, -0.000594, 0.999998, 0.001822, -0.952093, -0.000009, -0.305809),
      ["RightUpperArm"] = CFrame.new(0.041318, -0.517368, 0.231711, 0.949449, 0.157102, -0.271782, -0.257318, -0.106440, -0.960447, -0.179817, 0.981830, -0.060634),
      ["RightUpperLeg"] = CFrame.new(0.001211, -0.010590, -0.033105, 0.997581, -0.021437, -0.066127, 0.021180, 0.999765, -0.004588, 0.066210, 0.003176, 0.997801)
    }},
    { Time = 0.100, Data = {
      ["Balls"] = CFrame.new(0.000001, -0.000017, -0.000007, 0.994151, 0.108003, -0.000138, -0.108003, 0.994150, -0.000943, 0.000035, 0.000953, 1.000000),
      ["Cock"] = CFrame.new(0.000000, 0.000000, 0.000000, 0.962347, 0.271822, 0.000000, -0.271822, 0.962347, -0.000000, -0.000000, 0.000000, 1.000000),
      ["Head"] = CFrame.new(-0.000010, 0.000000, -0.000003, 0.905950, 0.025296, -0.422628, -0.009585, 0.999183, 0.039258, 0.423276, -0.031515, 0.905452),
      ["LeftUpperArm"] = CFrame.new(-0.091531, -0.023289, 0.105665, 0.984709, -0.102267, 0.141032, 0.114720, 0.989910, -0.083172, -0.131104, 0.098080, 0.986505),
      ["LeftUpperLeg"] = CFrame.new(-0.000374, -0.008376, -0.017452, 0.999250, 0.016908, 0.034830, -0.016751, 0.999848, -0.004781, -0.034905, 0.004194, 0.999382),
      ["LowerTorso"] = CFrame.new(2.380887, 0.000004, 0.155291, -0.305808, -0.002780, 0.952090, -0.000847, 0.999996, 0.002648, -0.952093, 0.000003, -0.305809),
      ["RightUpperArm"] = CFrame.new(0.041661, -0.516423, 0.231757, 0.948975, 0.158407, -0.272680, -0.258807, -0.102846, -0.960438, -0.180184, 0.982003, -0.056601),
      ["RightUpperLeg"] = CFrame.new(0.001215, -0.010740, -0.033113, 0.997573, -0.021828, -0.066112, 0.021479, 0.999751, -0.005980, 0.066226, 0.004545, 0.997794)
    }},
    { Time = 0.117, Data = {
      ["Balls"] = CFrame.new(0.000001, -0.000017, -0.000007, 0.993723, 0.111870, -0.000379, -0.111870, 0.993721, -0.002140, 0.000138, 0.002169, 0.999998),
      ["Cock"] = CFrame.new(0.000000, 0.000000, 0.000000, 0.961657, 0.274254, 0.000000, -0.274254, 0.961657, -0.000000, -0.000000, 0.000000, 1.000000),
      ["Head"] = CFrame.new(-0.000011, 0.000000, -0.000003, 0.905955, 0.024538, -0.422663, -0.009838, 0.999269, 0.036928, 0.423260, -0.029297, 0.905534),
      ["LeftUpperArm"] = CFrame.new(-0.091515, -0.023317, 0.105960, 0.984236, -0.102208, 0.144337, 0.115092, 0.989804, -0.083913, -0.134288, 0.099203, 0.985964),
      ["LeftUpperLeg"] = CFrame.new(-0.000370, -0.008103, -0.017458, 0.999259, 0.016417, 0.034818, -0.016206, 0.999849, -0.006326, -0.034917, 0.005757, 0.999374),
      ["LowerTorso"] = CFrame.new(2.381871, 0.000007, 0.155261, -0.305805, -0.003764, 0.952087, -0.001119, 0.999993, 0.003593, -0.952093, 0.000034, -0.305807),
      ["RightUpperArm"] = CFrame.new(0.042073, -0.515324, 0.231803, 0.948417, 0.159974, -0.273704, -0.260524, -0.098666, -0.960413, -0.180646, 0.982178, -0.051899),
      ["RightUpperLeg"] = CFrame.new(0.001220, -0.010973, -0.033122, 0.997562, -0.022397, -0.066093, 0.021945, 0.999731, -0.007550, 0.066244, 0.006081, 0.997785)
    }},
    { Time = 0.133, Data = {
      ["Balls"] = CFrame.new(0.000001, -0.000017, -0.000007, 0.993330, 0.115305, -0.000534, -0.115307, 0.993325, -0.003255, 0.000155, 0.003295, 0.999995),
      ["Cock"] = CFrame.new(0.000000, 0.000000, 0.000000, 0.960864, 0.277019, 0.000000, -0.277019, 0.960864, -0.000000, -0.000000, 0.000000, 1.000000),
      ["Head"] = CFrame.new(-0.000011, 0.000000, -0.000003, 0.905958, 0.023903, -0.422693, -0.010137, 0.999343, 0.034785, 0.423247, -0.027228, 0.905605),
      ["LeftUpperArm"] = CFrame.new(-0.091482, -0.023339, 0.106205, 0.983799, -0.102085, 0.147371, 0.115359, 0.989723, -0.084504, -0.137230, 0.100135, 0.985465),
      ["LeftUpperLeg"] = CFrame.new(-0.000364, -0.007786, -0.017464, 0.999268, 0.015843, 0.034806, -0.015572, 0.999846, -0.008041, -0.034928, 0.007494, 0.999362),
      ["LowerTorso"] = CFrame.new(2.382926, 0.000012, 0.155281, -0.305803, -0.004817, 0.952083, -0.001460, 0.999988, 0.004590, -0.952094, 0.000013, -0.305806),
      ["RightUpperArm"] = CFrame.new(0.042519, -0.514098, 0.231850, 0.947795, 0.161668, -0.274859, -0.262465, -0.094006, -0.960351, -0.181097, 0.982357, -0.046666),
      ["RightUpperLeg"] = CFrame.new(0.001225, -0.011158, -0.033133, 0.997552, -0.022888, -0.066070, 0.022317, 0.999707, -0.009376, 0.066265, 0.007878, 0.997771)
    }},
    { Time = 0.150, Data = {
      ["Balls"] = CFrame.new(0.000001, -0.000017, -0.000007, 0.992966, 0.118397, -0.000682, -0.118398, 0.992957, -0.004197, 0.000180, 0.004248, 0.999991),
      ["Cock"] = CFrame.new(0.000000, 0.000000, 0.000000, 0.959990, 0.280033, 0.000000, -0.280033, 0.959990, -0.000000, -0.000000, 0.000000, 1.000000),
      ["Head"] = CFrame.new(-0.000011, 0.000000, -0.000003, 0.905961, 0.023323, -0.422719, -0.010380, 0.999405, 0.032894, 0.423235, -0.025413, 0.905664),
      ["LeftUpperArm"] = CFrame.new(-0.091479, -0.023361, 0.106424, 0.983406, -0.102074, 0.149976, 0.115688, 0.989640, -0.085026, -0.139744, 0.100965, 0.985027),
      ["LeftUpperLeg"] = CFrame.new(-0.000360, -0.007424, -0.017513, 0.999276, 0.015186, 0.034881, -0.014848, 0.999840, -0.009929, -0.035026, 0.009404, 0.999342),
      ["LowerTorso"] = CFrame.new(2.384098, 0.000018, 0.155282, -0.305798, -0.005991, 0.952077, -0.001821, 0.999982, 0.005708, -0.952095, 0.000012, -0.305804),
      ["RightUpperArm"] = CFrame.new(0.043031, -0.512747, 0.231891, 0.947088, 0.163614, -0.276143, -0.264627, -0.088869, -0.960247, -0.181651, 0.982514, -0.040870),
      ["RightUpperLeg"] = CFrame.new(0.001235, -0.011428, -0.033188, 0.997533, -0.023555, -0.066131, 0.022857, 0.999675, -0.011294, 0.066376, 0.009755, 0.997747)
    }},
    { Time = 0.167, Data = {
      ["Balls"] = CFrame.new(0.000001, -0.000017, -0.000007, 0.992645, 0.121058, -0.000826, -0.121060, 0.992632, -0.005052, 0.000208, 0.005115, 0.999987),
      ["Cock"] = CFrame.new(0.000000, 0.000000, 0.000000, 0.959057, 0.283213, 0.000000, -0.283213, 0.959057, -0.000000, -0.000000, 0.000000, 1.000000),
      ["Head"] = CFrame.new(-0.000011, 0.000000, -0.000003, 0.905964, 0.022799, -0.422741, -0.010567, 0.999456, 0.031256, 0.423224, -0.023850, 0.905711),
      ["LeftUpperArm"] = CFrame.new(-0.091458, -0.023378, 0.106614, 0.983055, -0.101995, 0.152317, 0.115916, 0.989574, -0.085483, -0.142010, 0.101691, 0.984628),
      ["LeftUpperLeg"] = CFrame.new(-0.000355, -0.007061, -0.017518, 0.999286, 0.014532, 0.034869, -0.014121, 0.999828, -0.011988, -0.035038, 0.011487, 0.999320),
      ["LowerTorso"] = CFrame.new(2.385394, 0.000027, 0.155265, -0.305793, -0.007286, 0.952070, -0.002200, 0.999973, 0.006946, -0.952096, 0.000029, -0.305801),
      ["RightUpperArm"] = CFrame.new(0.043562, -0.511268, 0.231932, 0.946342, 0.165634, -0.277492, -0.266958, -0.083244, -0.960106, -0.182126, 0.982668, -0.034560),
      ["RightUpperLeg"] = CFrame.new(0.001242, -0.011694, -0.033202, 0.997519, -0.024230, -0.066102, 0.023389, 0.999636, -0.013471, 0.066404, 0.011891, 0.997722)
    }},
    { Time = 0.183, Data = {
      ["Balls"] = CFrame.new(0.000001, -0.000017, -0.000008, 0.992370, 0.123289, -0.000966, -0.123292, 0.992353, -0.005821, 0.000241, 0.005896, 0.999983),
      ["Cock"] = CFrame.new(0.000000, -0.000000, 0.000000, 0.958038, 0.286642, 0.000000, -0.286642, 0.958038, -0.000000, -0.000000, 0.000000, 1.000000),
      ["Head"] = CFrame.new(-0.000011, 0.000000, -0.000003, 0.905965, 0.022416, -0.422758, -0.010783, 0.999495, 0.029889, 0.423215, -0.022520, 0.905749),
      ["LeftUpperArm"] = CFrame.new(-0.091445, -0.023394, 0.106777, 0.982762, -0.101943, 0.154225, 0.116121, 0.989515, -0.085880, -0.143853, 0.102308, 0.984296),
      ["LeftUpperLeg"] = CFrame.new(-0.000349, -0.006653, -0.017523, 0.999297, 0.013794, 0.034859, -0.013305, 0.999810, -0.014218, -0.035048, 0.013744, 0.999291),
      ["LowerTorso"] = CFrame.new(2.386758, 0.000037, 0.155298, -0.305785, -0.008650, 0.952061, -0.002649, 0.999963, 0.008235, -0.952097, -0.000004, -0.305797),
      ["RightUpperArm"] = CFrame.new(0.044152, -0.509724, 0.231958, 0.945542, 0.167880, -0.278868, -0.269372, -0.077374, -0.959923, -0.182729, 0.982766, -0.027938),
      ["RightUpperLeg"] = CFrame.new(0.001249, -0.011960, -0.033217, 0.997504, -0.024905, -0.066071, 0.023921, 0.999591, -0.015647, 0.066433, 0.014028, 0.997692)
    }},
    { Time = 0.200, Data = {
      ["Balls"] = CFrame.new(0.000001, -0.000017, -0.000008, 0.992145, 0.125090, -0.001090, -0.125095, 0.992125, -0.006332, 0.000289, 0.006419, 0.999979),
      ["Cock"] = CFrame.new(0.000000, -0.000000, 0.000000, 0.956956, 0.290234, 0.000000, -0.290234, 0.956956, -0.000000, -0.000000, 0.000000, 1.000000),
      ["Head"] = CFrame.new(-0.000011, 0.000000, -0.000003, 0.905967, 0.022107, -0.422772, -0.010923, 0.999524, 0.028860, 0.423208, -0.021528, 0.905777),
      ["LeftUpperArm"] = CFrame.new(-0.091439, -0.023407, 0.106911, 0.982532, -0.101920, 0.155702, 0.116301, 0.989465, -0.086216, -0.145275, 0.102818, 0.984034),
      ["LeftUpperLeg"] = CFrame.new(-0.000344, -0.006245, -0.017528, 0.999307, 0.013057, 0.034850, -0.012489, 0.999787, -0.016449, -0.035057, 0.016002, 0.999257),
      ["LowerTorso"] = CFrame.new(2.388174, 0.000051, 0.155262, -0.305777, -0.010066, 0.952050, -0.003047, 0.999949, 0.009593, -0.952098, 0.000032, -0.305792),
      ["RightUpperArm"] = CFrame.new(0.044755, -0.508112, 0.231976, 0.944701, 0.170171, -0.280325, -0.271935, -0.071244, -0.959675, -0.183280, 0.982836, -0.021029),
      ["RightUpperLeg"] = CFrame.new(0.001258, -0.012265, -0.033234, 0.997487, -0.025675, -0.066034, 0.024531, 0.999535, -0.018086, 0.066468, 0.016420, 0.997653)
    }},
    { Time = 0.217, Data = {
      ["Balls"] = CFrame.new(0.000002, -0.000017, -0.000008, 0.991982, 0.126377, -0.001121, -0.126382, 0.991959, -0.006762, 0.000257, 0.006849, 0.999977),
      ["Cock"] = CFrame.new(0.000000, 0.000000, 0.000000, 0.955808, 0.293990, 0.000000, -0.293990, 0.955808, -0.000000, -0.000000, 0.000000, 1.000000),
      ["Head"] = CFrame.new(-0.000011, 0.000000, -0.000003, 0.905968, 0.021855, -0.422782, -0.011007, 0.999545, 0.028083, 0.423203, -0.020789, 0.905796),
      ["LeftUpperArm"] = CFrame.new(-0.091418, -0.023413, 0.106994, 0.982362, -0.101841, 0.156825, 0.116369, 0.989440, -0.086407, -0.146369, 0.103132, 0.983839),
      ["LeftUpperLeg"] = CFrame.new(-0.000340, -0.005835, -0.017575, 0.999314, 0.012323, 0.034927, -0.011669, 0.999754, -0.018852, -0.035151, 0.018431, 0.999212),
      ["LowerTorso"] = CFrame.new(2.389658, 0.000067, 0.155276, -0.305767, -0.011551, 0.952037, -0.003515, 0.999933, 0.011003, -0.952100, 0.000018, -0.305787),
      ["RightUpperArm"] = CFrame.new(0.045386, -0.506432, 0.231982, 0.943825, 0.172570, -0.281803, -0.274586, -0.064858, -0.959373, -0.183837, 0.982860, -0.013829),
      ["RightUpperLeg"] = CFrame.new(0.001269, -0.012569, -0.033295, 0.997464, -0.026446, -0.066082, 0.025139, 0.999473, -0.020525, 0.066590, 0.018811, 0.997603)
    }},
    { Time = 0.233, Data = {
      ["Balls"] = CFrame.new(0.000002, -0.000017, -0.000008, 0.991883, 0.127149, -0.001226, -0.127154, 0.991858, -0.007014, 0.000324, 0.007113, 0.999975),
      ["Cock"] = CFrame.new(-0.000000, 0.000000, 0.000000, 0.954646, 0.297743, 0.000000, -0.297743, 0.954646, -0.000000, -0.000000, 0.000000, 1.000000),
      ["Head"] = CFrame.new(-0.000011, 0.000000, -0.000003, 0.905970, 0.021658, -0.422789, -0.011035, 0.999559, 0.027559, 0.423199, -0.020302, 0.905809),
      ["LeftUpperArm"] = CFrame.new(-0.091428, -0.023420, 0.107048, 0.982260, -0.101882, 0.157435, 0.116494, 0.989414, -0.086536, -0.146952, 0.103341, 0.983731),
      ["LeftUpperLeg"] = CFrame.new(-0.000335, -0.005382, -0.017577, 0.999324, 0.011502, 0.034922, -0.010764, 0.999716, -0.021253, -0.035156, 0.020863, 0.999164),
      ["LowerTorso"] = CFrame.new(2.391141, 0.000085, 0.155291, -0.305754, -0.013035, 0.952021, -0.003983, 0.999915, 0.012412, -0.952102, 0.000003, -0.305780),
      ["RightUpperArm"] = CFrame.new(0.046025, -0.504714, 0.231976, 0.942908, 0.175002, -0.283369, -0.277377, -0.058326, -0.958989, -0.184352, 0.982839, -0.006454),
      ["RightUpperLeg"] = CFrame.new(0.001278, -0.012874, -0.033314, 0.997446, -0.027216, -0.066042, 0.025749, 0.999405, -0.022963, 0.066628, 0.021203, 0.997553)
    }},
    { Time = 0.250, Data = {
      ["Balls"] = CFrame.new(0.000002, -0.000016, -0.000008, 0.991850, 0.127406, -0.001233, -0.127412, 0.991825, -0.007100, 0.000318, 0.007200, 0.999974),
      ["Cock"] = CFrame.new(0.000000, 0.000000, 0.000000, 0.953442, 0.301576, 0.000000, -0.301576, 0.953442, -0.000000, -0.000000, 0.000000, 1.000000),
      ["Head"] = CFrame.new(-0.000011, 0.000000, -0.000003, 0.905970, 0.021640, -0.422790, -0.011054, 0.999561, 0.027475, 0.423199, -0.020218, 0.905811),
      ["LeftUpperArm"] = CFrame.new(-0.091423, -0.023422, 0.107074, 0.982220, -0.101862, 0.157695, 0.116511, 0.989406, -0.086606, -0.147203, 0.103440, 0.983683),
      ["LeftUpperLeg"] = CFrame.new(-0.000330, -0.004929, -0.017578, 0.999333, 0.010683, 0.034917, -0.009857, 0.999670, -0.023740, -0.035159, 0.023380, 0.999108),
      ["LowerTorso"] = CFrame.new(2.392747, 0.000107, 0.155286, -0.305842, -0.014641, 0.951970, -0.004471, 0.999893, 0.013942, -0.952072, 0.000008, -0.305874),
      ["RightUpperArm"] = CFrame.new(0.046690, -0.502961, 0.231956, 0.941990, 0.177528, -0.284848, -0.280127, -0.051658, -0.958572, -0.184888, 0.982759, 0.001069),
      ["RightUpperLeg"] = CFrame.new(0.001288, -0.013177, -0.033334, 0.997427, -0.027988, -0.065999, 0.026355, 0.999328, -0.025487, 0.066668, 0.023682, 0.997494)
    }},
    { Time = 0.267, Data = {
      ["Balls"] = CFrame.new(0.000002, -0.000017, -0.000008, 0.991883, 0.127149, -0.001226, -0.127154, 0.991858, -0.007014, 0.000324, 0.007113, 0.999975),
      ["Cock"] = CFrame.new(0.000000, 0.000000, 0.000000, 0.952223, 0.305405, 0.000000, -0.305405, 0.952223, -0.000000, -0.000000, 0.000000, 1.000000),
      ["Head"] = CFrame.new(-0.000011, 0.000000, -0.000003, 0.905970, 0.021658, -0.422789, -0.011035, 0.999559, 0.027559, 0.423199, -0.020302, 0.905809),
      ["LeftUpperArm"] = CFrame.new(-0.091428, -0.023420, 0.107048, 0.982260, -0.101882, 0.157435, 0.116494, 0.989414, -0.086536, -0.146952, 0.103341, 0.983731),
      ["LeftUpperLeg"] = CFrame.new(-0.000325, -0.004519, -0.017579, 0.999341, 0.009948, 0.034915, -0.009038, 0.999617, -0.026143, -0.035161, 0.025810, 0.999048),
      ["LowerTorso"] = CFrame.new(2.394233, 0.000130, 0.155300, -0.305827, -0.016126, 0.951951, -0.004938, 0.999870, 0.015351, -0.952074, -0.000006, -0.305866),
      ["RightUpperArm"] = CFrame.new(0.047354, -0.501232, 0.231920, 0.941065, 0.180054, -0.286318, -0.282874, -0.045086, -0.958097, -0.185418, 0.982623, 0.008504),
      ["RightUpperLeg"] = CFrame.new(0.001298, -0.013523, -0.033356, 0.997406, -0.028847, -0.065953, 0.027048, 0.999242, -0.028013, 0.066712, 0.026157, 0.997429)
    }},
    { Time = 0.283, Data = {
      ["Balls"] = CFrame.new(0.000002, -0.000017, -0.000008, 0.991982, 0.126377, -0.001121, -0.126382, 0.991959, -0.006762, 0.000257, 0.006849, 0.999977),
      ["Cock"] = CFrame.new(0.000000, 0.000000, 0.000000, 0.950987, 0.309230, 0.000000, -0.309230, 0.950987, -0.000000, -0.000000, 0.000000, 1.000000),
      ["Head"] = CFrame.new(-0.000011, 0.000000, -0.000003, 0.905968, 0.021855, -0.422782, -0.011007, 0.999545, 0.028083, 0.423203, -0.020789, 0.905796),
      ["LeftUpperArm"] = CFrame.new(-0.091418, -0.023413, 0.106994, 0.982362, -0.101841, 0.156825, 0.116369, 0.989440, -0.086407, -0.146369, 0.103132, 0.983839),
      ["LeftUpperLeg"] = CFrame.new(-0.000323, -0.004065, -0.017622, 0.999346, 0.009130, 0.035001, -0.008130, 0.999557, -0.028630, -0.035247, 0.028327, 0.998977),
      ["LowerTorso"] = CFrame.new(2.395716, 0.000155, 0.155314, -0.305810, -0.017611, 0.951930, -0.005406, 0.999845, 0.016761, -0.952077, -0.000021, -0.305858),
      ["RightUpperArm"] = CFrame.new(0.048018, -0.499529, 0.231870, 0.940132, 0.182578, -0.287780, -0.285619, -0.038610, -0.957565, -0.185941, 0.982433, 0.015849),
      ["RightUpperLeg"] = CFrame.new(0.001311, -0.013825, -0.033421, 0.997380, -0.029621, -0.065993, 0.027653, 0.999151, -0.030538, 0.066841, 0.028633, 0.997353)
    }},
    { Time = 0.300, Data = {
      ["Balls"] = CFrame.new(0.000001, -0.000017, -0.000008, 0.992145, 0.125090, -0.001090, -0.125095, 0.992125, -0.006332, 0.000289, 0.006419, 0.999979),
      ["Cock"] = CFrame.new(0.000000, 0.000000, 0.000000, 0.949791, 0.312885, 0.000000, -0.312885, 0.949791, -0.000000, -0.000000, 0.000000, 1.000000),
      ["Head"] = CFrame.new(-0.000011, 0.000000, -0.000003, 0.905967, 0.022107, -0.422772, -0.010923, 0.999524, 0.028860, 0.423208, -0.021528, 0.905777),
      ["LeftUpperArm"] = CFrame.new(-0.091439, -0.023407, 0.106911, 0.982532, -0.101920, 0.155702, 0.116301, 0.989465, -0.086216, -0.145275, 0.102818, 0.984034),
      ["LeftUpperLeg"] = CFrame.new(-0.000319, -0.003656, -0.017620, 0.999352, 0.008394, 0.035002, -0.007312, 0.999494, -0.030946, -0.035244, 0.030670, 0.998908),
      ["LowerTorso"] = CFrame.new(2.397202, 0.000182, 0.155329, -0.305792, -0.019096, 0.951907, -0.005874, 0.999818, 0.018170, -0.952080, -0.000035, -0.305849),
      ["RightUpperArm"] = CFrame.new(0.048666, -0.497852, 0.231809, 0.939221, 0.185040, -0.289179, -0.288301, -0.032233, -0.956997, -0.186404, 0.982202, 0.023073),
      ["RightUpperLeg"] = CFrame.new(0.001321, -0.014130, -0.033443, 0.997360, -0.030391, -0.065946, 0.028262, 0.999057, -0.032976, 0.066886, 0.031025, 0.997278)
    }},
    { Time = 0.317, Data = {
      ["Balls"] = CFrame.new(0.000001, -0.000017, -0.000008, 0.992370, 0.123289, -0.000966, -0.123292, 0.992353, -0.005821, 0.000241, 0.005896, 0.999983),
      ["Cock"] = CFrame.new(0.000000, 0.000000, 0.000000, 0.948608, 0.316454, 0.000000, -0.316454, 0.948608, -0.000000, -0.000000, 0.000000, 1.000000),
      ["Head"] = CFrame.new(-0.000011, 0.000000, -0.000003, 0.905965, 0.022416, -0.422758, -0.010783, 0.999495, 0.029889, 0.423215, -0.022520, 0.905749),
      ["LeftUpperArm"] = CFrame.new(-0.091445, -0.023394, 0.106777, 0.982762, -0.101943, 0.154225, 0.116121, 0.989515, -0.085880, -0.143853, 0.102308, 0.984296),
      ["LeftUpperLeg"] = CFrame.new(-0.000316, -0.003247, -0.017618, 0.999358, 0.007659, 0.035005, -0.006494, 0.999426, -0.033262, -0.035240, 0.033013, 0.998833),
      ["LowerTorso"] = CFrame.new(2.398617, 0.000210, 0.155293, -0.305774, -0.020511, 0.951883, -0.006272, 0.999790, 0.019528, -0.952083, 0.000001, -0.305839),
      ["RightUpperArm"] = CFrame.new(0.049276, -0.496228, 0.231742, 0.938362, 0.187362, -0.290468, -0.290852, -0.026060, -0.956413, -0.186765, 0.981945, 0.030041),
      ["RightUpperLeg"] = CFrame.new(0.001330, -0.014393, -0.033465, 0.997342, -0.031071, -0.065899, 0.028788, 0.998961, -0.035324, 0.066929, 0.033333, 0.997201)
    }},
    { Time = 0.333, Data = {
      ["Balls"] = CFrame.new(0.000001, -0.000017, -0.000007, 0.992645, 0.121058, -0.000826, -0.121060, 0.992632, -0.005052, 0.000208, 0.005115, 0.999987),
      ["Cock"] = CFrame.new(0.000000, 0.000000, 0.000000, 0.947467, 0.319854, 0.000000, -0.319854, 0.947467, -0.000000, -0.000000, 0.000000, 1.000000),
      ["Head"] = CFrame.new(-0.000011, 0.000000, -0.000003, 0.905964, 0.022799, -0.422741, -0.010567, 0.999456, 0.031256, 0.423224, -0.023850, 0.905711),
      ["LeftUpperArm"] = CFrame.new(-0.091458, -0.023378, 0.106614, 0.983055, -0.101995, 0.152317, 0.115916, 0.989574, -0.085483, -0.142010, 0.101691, 0.984628),
      ["LeftUpperLeg"] = CFrame.new(-0.000313, -0.002840, -0.017615, 0.999363, 0.006920, 0.035011, -0.005679, 0.999357, -0.035405, -0.035233, 0.035184, 0.998760),
      ["LowerTorso"] = CFrame.new(2.399984, 0.000239, 0.155327, -0.305755, -0.021875, 0.951859, -0.006721, 0.999761, 0.020817, -0.952087, -0.000033, -0.305829),
      ["RightUpperArm"] = CFrame.new(0.049878, -0.494682, 0.231662, 0.937498, 0.189650, -0.291771, -0.293379, -0.020180, -0.955783, -0.187153, 0.981644, 0.036720),
      ["RightUpperLeg"] = CFrame.new(0.001340, -0.014700, -0.033487, 0.997321, -0.031835, -0.065851, 0.029402, 0.998861, -0.037588, 0.066973, 0.035551, 0.997121)
    }},
    { Time = 0.350, Data = {
      ["Balls"] = CFrame.new(0.000001, -0.000017, -0.000007, 0.992966, 0.118397, -0.000682, -0.118398, 0.992957, -0.004197, 0.000180, 0.004248, 0.999991),
      ["Cock"] = CFrame.new(0.000000, 0.000000, 0.000000, 0.946398, 0.323002, 0.000000, -0.323002, 0.946398, -0.000000, -0.000000, 0.000000, 1.000000),
      ["Head"] = CFrame.new(-0.000011, 0.000000, -0.000003, 0.905961, 0.023323, -0.422719, -0.010380, 0.999405, 0.032894, 0.423235, -0.025413, 0.905664),
      ["LeftUpperArm"] = CFrame.new(-0.091479, -0.023361, 0.106424, 0.983406, -0.102074, 0.149976, 0.115688, 0.989640, -0.085026, -0.139744, 0.100965, 0.985027),
      ["LeftUpperLeg"] = CFrame.new(-0.000312, -0.002476, -0.017654, 0.999364, 0.006267, 0.035103, -0.004951, 0.999286, -0.037464, -0.035312, 0.037266, 0.998681),
      ["LowerTorso"] = CFrame.new(2.401275, 0.000268, 0.155309, -0.305736, -0.023170, 0.951834, -0.007100, 0.999732, 0.022055, -0.952090, -0.000015, -0.305819),
      ["RightUpperArm"] = CFrame.new(0.050449, -0.493253, 0.231577, 0.936694, 0.191820, -0.292932, -0.295690, -0.014747, -0.955170, -0.187541, 0.981319, 0.042906),
      ["RightUpperLeg"] = CFrame.new(0.001353, -0.014966, -0.033551, 0.997297, -0.032509, -0.065893, 0.029935, 0.998764, -0.039679, 0.067101, 0.037599, 0.997037)
    }},
    { Time = 0.367, Data = {
      ["Balls"] = CFrame.new(0.000001, -0.000017, -0.000007, 0.993330, 0.115305, -0.000534, -0.115307, 0.993325, -0.003255, 0.000155, 0.003295, 0.999995),
      ["Cock"] = CFrame.new(0.000000, 0.000000, 0.000000, 0.945376, 0.325982, 0.000000, -0.325982, 0.945376, -0.000000, -0.000000, 0.000000, 1.000000),
      ["Head"] = CFrame.new(-0.000011, 0.000000, -0.000003, 0.905958, 0.023903, -0.422693, -0.010137, 0.999343, 0.034785, 0.423247, -0.027228, 0.905605),
      ["LeftUpperArm"] = CFrame.new(-0.091482, -0.023339, 0.106205, 0.983799, -0.102085, 0.147371, 0.115359, 0.989723, -0.084504, -0.137230, 0.100135, 0.985465),
      ["LeftUpperLeg"] = CFrame.new(-0.000310, -0.002113, -0.017650, 0.999368, 0.005612, 0.035110, -0.004225, 0.999213, -0.039436, -0.035304, 0.039262, 0.998605),
      ["LowerTorso"] = CFrame.new(2.402449, 0.000296, 0.155310, -0.305718, -0.024343, 0.951811, -0.007460, 0.999704, 0.023172, -0.952093, -0.000017, -0.305809),
      ["RightUpperArm"] = CFrame.new(0.050977, -0.491909, 0.231490, 0.935945, 0.193827, -0.294002, -0.297855, -0.009635, -0.954563, -0.187853, 0.980988, 0.048714),
      ["RightUpperLeg"] = CFrame.new(0.001361, -0.015192, -0.033571, 0.997281, -0.033091, -0.065849, 0.030385, 0.998669, -0.041679, 0.067141, 0.039565, 0.996959)
    }},
    { Time = 0.383, Data = {
      ["Balls"] = CFrame.new(0.000001, -0.000016, -0.000007, 0.993723, 0.111870, -0.000379, -0.111870, 0.993721, -0.002140, 0.000138, 0.002169, 0.999998),
      ["Cock"] = CFrame.new(0.000000, 0.000000, 0.000000, 0.944459, 0.328629, 0.000000, -0.328629, 0.944459, -0.000000, -0.000000, 0.000000, 1.000000),
      ["Head"] = CFrame.new(-0.000011, 0.000000, -0.000003, 0.905955, 0.024538, -0.422663, -0.009838, 0.999269, 0.036928, 0.423260, -0.029297, 0.905534),
      ["LeftUpperArm"] = CFrame.new(-0.091515, -0.023317, 0.105960, 0.984236, -0.102208, 0.144337, 0.115092, 0.989804, -0.083913, -0.134288, 0.099203, 0.985964),
      ["LeftUpperLeg"] = CFrame.new(-0.000308, -0.001795, -0.017645, 0.999370, 0.005038, 0.035118, -0.003591, 0.999147, -0.041150, -0.035295, 0.040998, 0.998536),
      ["LowerTorso"] = CFrame.new(2.403553, 0.000324, 0.155261, -0.305701, -0.025448, 0.951788, -0.007751, 0.999676, 0.024238, -0.952096, 0.000033, -0.305799),
      ["RightUpperArm"] = CFrame.new(0.051442, -0.490671, 0.231407, 0.935283, 0.195596, -0.294936, -0.299804, -0.004929, -0.953988, -0.188050, 0.980672, 0.054031),
      ["RightUpperLeg"] = CFrame.new(0.001369, -0.015420, -0.033590, 0.997264, -0.033668, -0.065808, 0.030842, 0.998577, -0.043506, 0.067179, 0.041357, 0.996883)
    }},
    { Time = 0.400, Data = {
      ["Balls"] = CFrame.new(0.000001, -0.000016, -0.000007, 0.994151, 0.108003, -0.000138, -0.108003, 0.994150, -0.000943, 0.000035, 0.000953, 1.000000),
      ["Cock"] = CFrame.new(0.000000, 0.000000, 0.000000, 0.943622, 0.331026, 0.000000, -0.331026, 0.943622, -0.000000, -0.000000, 0.000000, 1.000000),
      ["Head"] = CFrame.new(-0.000010, 0.000000, -0.000003, 0.905950, 0.025296, -0.422628, -0.009585, 0.999183, 0.039258, 0.423276, -0.031515, 0.905452),
      ["LeftUpperArm"] = CFrame.new(-0.091531, -0.023289, 0.105665, 0.984709, -0.102267, 0.141032, 0.114720, 0.989910, -0.083172, -0.131104, 0.098080, 0.986505),
      ["LeftUpperLeg"] = CFrame.new(-0.000307, -0.001523, -0.017641, 0.999373, 0.004548, 0.035125, -0.003046, 0.999084, -0.042694, -0.035287, 0.042560, 0.998471),
      ["LowerTorso"] = CFrame.new(2.404486, 0.000348, 0.155300, -0.305685, -0.026380, 0.951768, -0.008073, 0.999652, 0.025115, -0.952099, -0.000007, -0.305791),
      ["RightUpperArm"] = CFrame.new(0.051885, -0.489586, 0.231321, 0.934655, 0.197280, -0.295805, -0.301581, -0.000801, -0.953440, -0.188332, 0.980347, 0.058747),
      ["RightUpperLeg"] = CFrame.new(0.001376, -0.015609, -0.033607, 0.997250, -0.034151, -0.065772, 0.031221, 0.998496, -0.045072, 0.067213, 0.042895, 0.996816)
    }},
    { Time = 0.417, Data = {
      ["Balls"] = CFrame.new(0.000001, -0.000016, -0.000007, 0.994590, 0.103877, 0.000022, -0.103877, 0.994590, 0.000431, 0.000022, -0.000431, 1.000000),
      ["Cock"] = CFrame.new(0.000000, 0.000000, 0.000000, 0.942895, 0.333091, 0.000000, -0.333091, 0.942895, -0.000000, -0.000000, 0.000000, 1.000000),
      ["Head"] = CFrame.new(-0.000010, 0.000000, -0.000003, 0.905947, 0.026006, -0.422592, -0.009211, 0.999086, 0.041738, 0.423291, -0.033920, 0.905359),
      ["LeftUpperArm"] = CFrame.new(-0.091548, -0.023262, 0.105367, 0.985194, -0.102332, 0.137556, 0.114343, 0.990015, -0.082440, -0.127746, 0.096948, 0.987057),
      ["LeftUpperLeg"] = CFrame.new(-0.000306, -0.001296, -0.017637, 0.999374, 0.004139, 0.035131, -0.002591, 0.999029, -0.043980, -0.035279, 0.043861, 0.998415),
      ["LowerTorso"] = CFrame.new(2.405348, 0.000371, 0.155289, -0.305670, -0.027243, 0.951748, -0.008326, 0.999629, 0.025940, -0.952102, 0.000005, -0.305783),
      ["RightUpperArm"] = CFrame.new(0.052240, -0.488658, 0.231249, 0.934146, 0.198630, -0.296508, -0.303061, 0.002726, -0.952967, -0.188479, 0.980071, 0.062744),
      ["RightUpperLeg"] = CFrame.new(0.001383, -0.015801, -0.033622, 0.997236, -0.034627, -0.065739, 0.031605, 0.998420, -0.046465, 0.067244, 0.044259, 0.996754)
    }},
    { Time = 0.433, Data = {
      ["Balls"] = CFrame.new(0.000001, -0.000016, -0.000006, 0.995038, 0.099492, 0.000263, -0.099492, 0.995037, 0.001802, -0.000082, -0.001819, 0.999998),
      ["Cock"] = CFrame.new(0.000000, 0.000000, 0.000000, 0.942280, 0.334825, 0.000000, -0.334825, 0.942280, -0.000000, -0.000000, 0.000000, 1.000000),
      ["Head"] = CFrame.new(-0.000010, 0.000000, -0.000003, 0.905942, 0.026838, -0.422550, -0.008883, 0.998974, 0.044405, 0.423308, -0.036474, 0.905251),
      ["LeftUpperArm"] = CFrame.new(-0.091570, -0.023232, 0.105042, 0.985711, -0.102415, 0.133731, 0.113950, 0.990126, -0.081641, -0.124050, 0.095713, 0.987649),
      ["LeftUpperLeg"] = CFrame.new(-0.000305, -0.001070, -0.017633, 0.999375, 0.003727, 0.035139, -0.002140, 0.998980, -0.045093, -0.035271, 0.044990, 0.998365),
      ["LowerTorso"] = CFrame.new(2.406020, 0.000390, 0.155244, -0.305759, -0.027916, 0.951699, -0.008491, 0.999610, 0.026593, -0.952071, 0.000050, -0.305877),
      ["RightUpperArm"] = CFrame.new(0.052557, -0.487871, 0.231181, 0.933704, 0.199837, -0.297091, -0.304312, 0.005716, -0.952555, -0.188657, 0.979813, 0.066149),
      ["RightUpperLeg"] = CFrame.new(0.001392, -0.015954, -0.033678, 0.997219, -0.035011, -0.065797, 0.031910, 0.998357, -0.047599, 0.067355, 0.045367, 0.996697)
    }},
    { Time = 0.450, Data = {
      ["Balls"] = CFrame.new(0.000001, -0.000016, -0.000006, 0.995484, 0.094933, 0.000501, -0.094934, 0.995478, 0.003260, -0.000189, -0.003293, 0.999995),
      ["Cock"] = CFrame.new(0.000000, 0.000000, 0.000000, 0.941810, 0.336145, 0.000000, -0.336145, 0.941810, -0.000000, -0.000000, 0.000000, 1.000000),
      ["Head"] = CFrame.new(-0.000010, 0.000000, -0.000003, 0.905937, 0.027708, -0.422504, -0.008518, 0.998847, 0.047239, 0.423326, -0.039197, 0.905129),
      ["LeftUpperArm"] = CFrame.new(-0.091591, -0.023203, 0.104717, 0.986226, -0.102498, 0.129820, 0.113556, 0.990237, -0.080845, -0.120266, 0.094473, 0.988236),
      ["LeftUpperLeg"] = CFrame.new(-0.000304, -0.000932, -0.017631, 0.999376, 0.003485, 0.035143, -0.001865, 0.998938, -0.046037, -0.035266, 0.045943, 0.998321),
      ["LowerTorso"] = CFrame.new(2.406522, 0.000404, 0.155289, -0.305750, -0.028417, 0.951688, -0.008687, 0.999596, 0.027056, -0.952072, 0.000005, -0.305873),
      ["RightUpperArm"] = CFrame.new(0.052801, -0.487249, 0.231127, 0.933352, 0.200764, -0.297570, -0.305323, 0.008084, -0.952214, -0.188765, 0.979606, 0.068843),
      ["RightUpperLeg"] = CFrame.new(0.001395, -0.016025, -0.033687, 0.997213, -0.035212, -0.065778, 0.032054, 0.998310, -0.048466, 0.067373, 0.046223, 0.996657)
    }},
    { Time = 0.467, Data = {
      ["Balls"] = CFrame.new(0.000001, -0.000015, -0.000006, 0.995923, 0.090199, 0.000736, -0.090202, 0.995912, 0.004806, -0.000299, -0.004852, 0.999988),
      ["Cock"] = CFrame.new(0.000000, 0.000000, 0.000000, 0.941456, 0.337135, 0.000000, -0.337135, 0.941456, -0.000000, -0.000000, 0.000000, 1.000000),
      ["Head"] = CFrame.new(-0.000010, 0.000000, -0.000003, 0.905933, 0.028577, -0.422456, -0.008153, 0.998712, 0.050074, 0.423343, -0.041919, 0.904999),
      ["LeftUpperArm"] = CFrame.new(-0.091616, -0.023172, 0.104366, 0.986746, -0.102589, 0.125731, 0.113154, 0.990354, -0.079972, -0.116314, 0.093139, 0.988836),
      ["LeftUpperLeg"] = CFrame.new(-0.000306, -0.000797, -0.017671, 0.999374, 0.003239, 0.035234, -0.001593, 0.998911, -0.046637, -0.035347, 0.046551, 0.998290),
      ["LowerTorso"] = CFrame.new(2.406954, 0.000416, 0.155283, -0.305742, -0.028848, 0.951677, -0.008814, 0.999584, 0.027469, -0.952074, 0.000010, -0.305869),
      ["RightUpperArm"] = CFrame.new(0.052967, -0.486819, 0.231089, 0.933092, 0.201393, -0.297960, -0.306082, 0.009718, -0.951956, -0.188822, 0.979462, 0.070711),
      ["RightUpperLeg"] = CFrame.new(0.001399, -0.016143, -0.033696, 0.997204, -0.035493, -0.065759, 0.032289, 0.998269, -0.049164, 0.067390, 0.046903, 0.996624)
    }},
    { Time = 0.483, Data = {
      ["Balls"] = CFrame.new(0.000001, -0.000015, -0.000006, 0.996356, 0.085292, 0.000963, -0.085296, 0.996335, 0.006352, -0.000417, -0.006411, 0.999979),
      ["Cock"] = CFrame.new(0.000000, 0.000000, 0.000000, 0.941249, 0.337713, 0.000000, -0.337713, 0.941249, -0.000000, -0.000000, 0.000000, 1.000000),
      ["Head"] = CFrame.new(-0.000009, 0.000000, -0.000003, 0.905926, 0.029568, -0.422402, -0.007835, 0.998559, 0.053095, 0.423363, -0.044791, 0.904852),
      ["LeftUpperArm"] = CFrame.new(-0.091640, -0.023142, 0.104014, 0.987259, -0.102680, 0.121555, 0.112753, 0.990469, -0.079102, -0.112275, 0.091800, 0.989428),
      ["LeftUpperLeg"] = CFrame.new(-0.000305, -0.000750, -0.017670, 0.999374, 0.003160, 0.035236, -0.001499, 0.998891, -0.047066, -0.035345, 0.046984, 0.998270),
      ["LowerTorso"] = CFrame.new(2.407196, 0.000423, 0.155245, -0.305738, -0.029089, 0.951672, -0.008852, 0.999577, 0.027710, -0.952075, 0.000048, -0.305866),
      ["RightUpperArm"] = CFrame.new(0.053089, -0.486551, 0.231060, 0.932937, 0.201862, -0.298127, -0.306483, 0.010738, -0.951815, -0.188933, 0.979355, 0.071885),
      ["RightUpperLeg"] = CFrame.new(0.001401, -0.016180, -0.033699, 0.997201, -0.035591, -0.065751, 0.032363, 0.998249, -0.049512, 0.067398, 0.047245, 0.996607)
    }},
    { Time = 0.500, Data = {
      ["Balls"] = CFrame.new(0.000001, -0.000015, -0.000006, 0.996763, 0.080383, 0.001182, -0.080390, 0.996732, 0.007900, -0.000543, -0.007970, 0.999968),
      ["Cock"] = CFrame.new(0.000000, 0.000000, 0.000000, 0.941161, 0.337960, 0.000000, -0.337960, 0.941161, -0.000000, -0.000000, 0.000000, 1.000000),
      ["Head"] = CFrame.new(-0.000009, 0.000000, -0.000003, 0.905921, 0.030456, -0.422350, -0.007451, 0.998402, 0.056013, 0.423381, -0.047597, 0.904701),
      ["LeftUpperArm"] = CFrame.new(-0.091664, -0.023112, 0.103660, 0.987766, -0.102769, 0.117292, 0.112353, 0.990584, -0.078236, -0.108147, 0.090457, 0.990011),
