return {
  ["Astros bounce on it pls"] = {
    { Time = 0.000, Data = {
      ["Balls"] = CFrame.new(0.000000, -0.000001, 0.000000, 0.995004, -0.099836, 0.000000, 0.099836, 0.995004, 0.000000, 0.000000, 0.000000, 1.000000),
      ["Head"] = CFrame.new(0.000000, 0.000000, 0.000000, 1.000000, -0.000000, 0.000000, 0.000000, 0.891156, 0.453697, -0.000000, -0.453697, 0.891156),
      ["LeftUpperArm"] = CFrame.new(-0.113420, -0.151574, 0.358996, 0.884032, -0.431256, 0.180296, 0.374416, 0.422414, -0.825457, 0.279823, 0.797236, 0.534897),
      ["LeftUpperLeg"] = CFrame.new(-0.000754, -0.027440, 0.000000, 0.998493, 0.054880, 0.000000, -0.054880, 0.998493, -0.000000, -0.000000, 0.000000, 1.000000),
      ["LowerTorso"] = CFrame.new(0.000000, -1.499076, -0.337750, 1.000000, 0.000000, 0.000000, 0.000000, -0.002196, -0.999998, 0.000000, 0.999998, -0.002196),
      ["RightUpperArm"] = CFrame.new(0.029657, -0.271322, 0.268382, 0.487592, 0.863656, -0.127877, 0.866109, -0.496949, -0.053835, -0.110044, -0.084506, -0.990328),
      ["RightUpperLeg"] = CFrame.new(0.000121, -0.011005, 0.000000, 0.999758, -0.022011, 0.000000, 0.022011, 0.999758, 0.000000, 0.000000, 0.000000, 1.000000)
    }},
    { Time = 0.017, Data = {
      ["Balls"] = CFrame.new(0.000000, -0.000003, 0.000000, 0.995426, -0.095535, 0.000000, 0.095535, 0.995426, 0.000000, 0.000000, 0.000000, 1.000000),
      ["Cock"] = CFrame.new(0.000000, 0.000000, 0.000000, 1.000000, 0.000000, 0.000000, 0.000000, 1.000000, 0.000000, 0.000000, 0.000000, 1.000000),
      ["Head"] = CFrame.new(0.000000, -0.000000, 0.000000, 1.000000, -0.000000, 0.000000, 0.000000, 0.890025, 0.455911, -0.000000, -0.455911, 0.890025),
      ["LeftUpperArm"] = CFrame.new(-0.113468, -0.151530, 0.358947, 0.884011, -0.431437, 0.179961, 0.374275, 0.422581, -0.825435, 0.280075, 0.797049, 0.535043),
      ["LeftUpperLeg"] = CFrame.new(-0.000754, -0.027440, 0.000000, 0.998493, 0.054880, 0.000000, -0.054880, 0.998493, -0.000000, -0.000000, 0.000000, 1.000000),
      ["LowerTorso"] = CFrame.new(0.000000, -1.499076, -0.337750, 1.000000, 0.000000, 0.000000, 0.000000, -0.002196, -0.999998, 0.000000, 0.999998, -0.002196),
      ["RightUpperArm"] = CFrame.new(0.029723, -0.271303, 0.268958, 0.487941, 0.863910, -0.124791, 0.866213, -0.496874, -0.052833, -0.107649, -0.082316, -0.990776),
      ["RightUpperLeg"] = CFrame.new(0.000121, -0.011005, -0.000000, 0.999758, -0.022011, 0.000000, 0.022011, 0.999758, 0.000000, 0.000000, 0.000000, 1.000000)
    }},
    { Time = 0.033, Data = {
      ["Balls"] = CFrame.new(0.000000, -0.000002, 0.000000, 0.995830, -0.091233, 0.000000, 0.091233, 0.995830, 0.000000, 0.000000, 0.000000, 1.000000),
      ["Cock"] = CFrame.new(0.000000, 0.000000, 0.000000, 1.000000, 0.000000, 0.000000, 0.000000, 1.000000, 0.000000, 0.000000, 0.000000, 1.000000),
      ["Head"] = CFrame.new(0.000000, -0.000000, 0.000000, 1.000000, -0.000000, 0.000000, 0.000000, 0.888930, 0.458044, -0.000000, -0.458044, 0.888930),
      ["LeftUpperArm"] = CFrame.new(-0.113606, -0.151366, 0.358785, 0.883985, -0.431965, 0.178820, 0.373760, 0.423203, -0.825350, 0.280845, 0.796433, 0.535557),
      ["LeftUpperLeg"] = CFrame.new(-0.000754, -0.027440, 0.000001, 0.998493, 0.054880, 0.000002, -0.054880, 0.998493, 0.000086, 0.000002, -0.000086, 1.000000),
      ["LowerTorso"] = CFrame.new(0.000000, -1.498954, -0.337749, 1.000000, 0.000000, 0.000000, 0.000000, -0.002318, -0.999997, 0.000000, 0.999997, -0.002318),
      ["RightUpperArm"] = CFrame.new(0.029787, -0.271283, 0.269514, 0.488280, 0.864153, -0.121748, 0.866322, -0.496798, -0.051757, -0.105210, -0.080201, -0.991211),
      ["RightUpperLeg"] = CFrame.new(0.000121, -0.011005, 0.000000, 0.999758, -0.022011, -0.000001, 0.022011, 0.999758, 0.000086, -0.000001, -0.000086, 1.000000)
    }},
    { Time = 0.050, Data = {
      ["Balls"] = CFrame.new(-0.000000, -0.000002, 0.000000, 0.996207, -0.087016, 0.000000, 0.087016, 0.996207, 0.000000, 0.000000, 0.000000, 1.000000),
      ["Cock"] = CFrame.new(0.000000, 0.000000, 0.000000, 1.000000, 0.000000, 0.000000, 0.000000, 1.000000, 0.000000, 0.000000, 0.000000, 1.000000),
      ["Head"] = CFrame.new(0.000000, 0.000000, 0.000000, 1.000000, -0.000000, 0.000000, 0.000000, 0.887787, 0.460254, -0.000000, -0.460254, 0.887787),
      ["LeftUpperArm"] = CFrame.new(-0.113833, -0.151104, 0.358522, 0.883951, -0.432828, 0.176893, 0.372855, 0.424199, -0.825248, 0.282153, 0.795434, 0.536353),
      ["LeftUpperLeg"] = CFrame.new(-0.000754, -0.027440, 0.000004, 0.998493, 0.054880, 0.000007, -0.054880, 0.998493, 0.000259, 0.000007, -0.000259, 1.000000),
      ["LowerTorso"] = CFrame.new(0.000000, -1.498954, -0.337750, 1.000000, 0.000000, 0.000000, 0.000000, -0.002318, -0.999997, 0.000000, 0.999997, -0.002318),
      ["RightUpperArm"] = CFrame.new(0.029849, -0.271263, 0.270067, 0.488587, 0.864389, -0.118808, 0.866419, -0.496722, -0.050841, -0.102961, -0.078097, -0.991615),
      ["RightUpperLeg"] = CFrame.new(0.000121, -0.011005, 0.000001, 0.999758, -0.022011, -0.000003, 0.022011, 0.999758, 0.000259, -0.000003, -0.000259, 1.000000)
    }},
    { Time = 0.067, Data = {
      ["Balls"] = CFrame.new(-0.000000, -0.000002, 0.000000, 0.996552, -0.082970, 0.000000, 0.082970, 0.996552, 0.000000, 0.000000, 0.000000, 1.000000),
      ["Cock"] = CFrame.new(0.000000, 0.000000, 0.000000, 1.000000, -0.000259, 0.000000, 0.000259, 1.000000, 0.000000, 0.000000, 0.000000, 1.000000),
      ["Head"] = CFrame.new(0.000000, 0.000000, -0.000000, 1.000000, -0.000000, 0.000000, 0.000000, 0.886722, 0.462304, -0.000000, -0.462304, 0.886722),
      ["LeftUpperArm"] = CFrame.new(-0.114157, -0.150734, 0.358148, 0.883868, -0.434057, 0.174272, 0.371686, 0.425608, -0.825050, 0.283948, 0.794010, 0.537514),
      ["LeftUpperLeg"] = CFrame.new(-0.000754, -0.027440, 0.000006, 0.998493, 0.054880, 0.000012, -0.054880, 0.998493, 0.000431, 0.000012, -0.000431, 1.000000),
      ["LowerTorso"] = CFrame.new(0.000000, -1.498832, -0.337749, 1.000000, 0.000000, 0.000000, 0.000000, -0.002440, -0.999997, 0.000000, 0.999997, -0.002440),
      ["RightUpperArm"] = CFrame.new(0.029896, -0.271266, 0.270602, 0.488970, 0.864565, -0.115912, 0.866472, -0.496732, -0.049845, -0.100672, -0.076062, -0.992008),
      ["RightUpperLeg"] = CFrame.new(0.000121, -0.011005, 0.000002, 0.999758, -0.022011, -0.000005, 0.022011, 0.999758, 0.000432, -0.000005, -0.000432, 1.000000)
    }},
    { Time = 0.083, Data = {
      ["Balls"] = CFrame.new(-0.000000, -0.000002, 0.000000, 0.996860, -0.079181, 0.000000, 0.079181, 0.996860, 0.000000, 0.000000, 0.000000, 1.000000),
      ["Cock"] = CFrame.new(0.000000, 0.000000, 0.000000, 1.000000, -0.000432, 0.000000, 0.000432, 1.000000, 0.000000, 0.000000, 0.000000, 1.000000),
      ["Head"] = CFrame.new(0.000000, 0.000000, 0.000000, 1.000000, -0.000000, 0.000000, 0.000000, 0.885692, 0.464273, -0.000000, -0.464273, 0.885692),
      ["LeftUpperArm"] = CFrame.new(-0.114555, -0.150266, 0.357677, 0.883773, -0.435574, 0.170937, 0.370173, 0.427386, -0.824811, 0.286210, 0.792222, 0.538951),
      ["LeftUpperLeg"] = CFrame.new(-0.000753, -0.027440, 0.000009, 0.998493, 0.054880, 0.000019, -0.054880, 0.998493, 0.000690, 0.000019, -0.000690, 1.000000),
      ["LowerTorso"] = CFrame.new(0.000000, -1.498710, -0.337749, 1.000000, 0.000000, 0.000000, 0.000000, -0.002562, -0.999997, 0.000000, 0.999997, -0.002562),
      ["RightUpperArm"] = CFrame.new(0.029952, -0.271245, 0.271113, 0.489237, 0.864778, -0.113162, 0.866568, -0.496654, -0.048942, -0.098526, -0.074118, -0.992370),
      ["RightUpperLeg"] = CFrame.new(0.000121, -0.011005, 0.000004, 0.999758, -0.022011, -0.000008, 0.022011, 0.999757, 0.000691, -0.000008, -0.000691, 1.000000)
    }},
    { Time = 0.100, Data = {
      ["Balls"] = CFrame.new(-0.000000, -0.000002, 0.000000, 0.997148, -0.075478, 0.000000, 0.075478, 0.997148, 0.000000, 0.000000, 0.000000, 1.000000),
      ["Cock"] = CFrame.new(0.000000, 0.000000, 0.000000, 1.000000, -0.000691, 0.000000, 0.000691, 1.000000, 0.000000, 0.000000, 0.000000, 1.000000),
      ["Head"] = CFrame.new(0.000000, 0.000000, -0.000000, 1.000000, -0.000000, 0.000000, 0.000000, 0.884741, 0.466083, -0.000000, -0.466083, 0.884741),
      ["LeftUpperArm"] = CFrame.new(-0.115029, -0.149702, 0.357111, 0.883659, -0.437374, 0.166886, 0.368319, 0.429533, -0.824526, 0.288943, 0.790067, 0.540654),
      ["LeftUpperLeg"] = CFrame.new(-0.000754, -0.027440, 0.000014, 0.998493, 0.054880, 0.000028, -0.054880, 0.998492, 0.001035, 0.000028, -0.001035, 0.999999),
      ["LowerTorso"] = CFrame.new(0.000000, -1.498588, -0.337749, 1.000000, 0.000000, 0.000000, 0.000000, -0.002684, -0.999996, 0.000000, 0.999996, -0.002684),
      ["RightUpperArm"] = CFrame.new(0.030003, -0.271224, 0.271583, 0.489475, 0.864975, -0.110602, 0.866663, -0.496575, -0.048051, -0.096485, -0.072335, -0.992703),
      ["RightUpperLeg"] = CFrame.new(0.000121, -0.011005, 0.000006, 0.999758, -0.022011, -0.000011, 0.022011, 0.999757, 0.001036, -0.000011, -0.001036, 0.999999)
    }},
    { Time = 0.117, Data = {
      ["Balls"] = CFrame.new(-0.000000, -0.000002, 0.000000, 0.997396, -0.072118, 0.000000, 0.072118, 0.997396, 0.000000, 0.000000, 0.000000, 1.000000),
      ["Cock"] = CFrame.new(0.000000, 0.000000, 0.000000, 1.000000, -0.000863, 0.000000, 0.000863, 1.000000, 0.000000, 0.000000, 0.000000, 1.000000),
      ["Head"] = CFrame.new(0.000000, 0.000000, 0.000000, 1.000000, -0.000000, 0.000000, 0.000000, 0.883827, 0.467813, -0.000000, -0.467813, 0.883827),
      ["LeftUpperArm"] = CFrame.new(-0.115571, -0.149051, 0.356454, 0.883489, -0.439436, 0.162305, 0.366276, 0.432005, -0.824144, 0.292042, 0.787571, 0.542627),
      ["LeftUpperLeg"] = CFrame.new(-0.000754, -0.027440, 0.000019, 0.998493, 0.054880, 0.000038, -0.054880, 0.998492, 0.001381, 0.000038, -0.001381, 0.999999),
      ["LowerTorso"] = CFrame.new(0.000000, -1.498467, -0.337748, 1.000000, 0.000000, 0.000000, 0.000000, -0.002806, -0.999996, 0.000000, 0.999996, -0.002806),
      ["RightUpperArm"] = CFrame.new(0.030039, -0.271226, 0.272019, 0.489762, 0.865108, -0.108267, 0.866701, -0.496582, -0.047284, -0.094669, -0.070677, -0.992997),
      ["RightUpperLeg"] = CFrame.new(0.000121, -0.011005, 0.000008, 0.999758, -0.022011, -0.000015, 0.022011, 0.999757, 0.001381, -0.000015, -0.001381, 0.999999)
    }},
    { Time = 0.133, Data = {
      ["Balls"] = CFrame.new(-0.000000, -0.000002, 0.000000, 0.997610, -0.069103, 0.000000, 0.069103, 0.997610, 0.000000, 0.000000, 0.000000, 1.000000),
      ["Cock"] = CFrame.new(0.000000, 0.000000, 0.000000, 0.999999, -0.001122, 0.000000, 0.001122, 0.999999, 0.000000, 0.000000, 0.000000, 1.000000),
      ["Head"] = CFrame.new(0.000000, -0.000000, 0.000000, 1.000000, -0.000000, 0.000000, 0.000000, 0.882994, 0.469385, -0.000000, -0.469385, 0.882994),
      ["LeftUpperArm"] = CFrame.new(-0.116185, -0.148306, 0.355699, 0.883284, -0.441768, 0.157005, 0.363897, 0.434840, -0.823707, 0.295615, 0.784701, 0.544845),
      ["LeftUpperLeg"] = CFrame.new(-0.000754, -0.027440, -0.000019, 0.998493, 0.054880, 0.000134, -0.054880, 0.998491, 0.001723, -0.000039, -0.001728, 0.999999),
      ["LowerTorso"] = CFrame.new(0.000000, -1.498222, -0.337748, 1.000000, 0.000000, 0.000000, 0.000000, -0.003050, -0.999995, 0.000000, 0.999995, -0.003050),
      ["RightUpperArm"] = CFrame.new(0.030084, -0.271206, 0.272431, 0.489937, 0.865280, -0.106077, 0.866783, -0.496502, -0.046610, -0.092997, -0.069110, -0.993265),
      ["RightUpperLeg"] = CFrame.new(0.000121, -0.011005, 0.000010, 0.999758, -0.022011, -0.000019, 0.022011, 0.999756, 0.001726, -0.000019, -0.001726, 0.999999)
    }},
    { Time = 0.150, Data = {
      ["Balls"] = CFrame.new(-0.000000, -0.000002, 0.000000, 0.997797, -0.066345, 0.000000, 0.066345, 0.997797, 0.000000, 0.000000, 0.000000, 1.000000),
      ["Cock"] = CFrame.new(0.000000, 0.000000, 0.000000, 0.999999, -0.001467, 0.000000, 0.001467, 0.999999, 0.000000, 0.000000, 0.000000, 1.000000),
      ["Head"] = CFrame.new(0.000000, 0.000000, 0.000000, 1.000000, -0.000000, 0.000000, 0.000000, 0.882283, 0.470720, -0.000000, -0.470720, 0.882283),
      ["LeftUpperArm"] = CFrame.new(-0.116851, -0.147498, 0.354872, 0.883014, -0.444302, 0.151267, 0.361362, 0.437913, -0.823195, 0.299505, 0.781555, 0.547237),
      ["LeftUpperLeg"] = CFrame.new(-0.000753, -0.027440, -0.000014, 0.998493, 0.054880, 0.000146, -0.054880, 0.998491, 0.002155, -0.000027, -0.002160, 0.999998),
      ["LowerTorso"] = CFrame.new(0.000000, -1.498101, -0.337747, 1.000000, 0.000000, 0.000000, 0.000000, -0.003171, -0.999995, 0.000000, 0.999995, -0.003171),
      ["RightUpperArm"] = CFrame.new(0.030111, -0.271207, 0.272782, 0.490174, 0.865383, -0.104123, 0.866820, -0.496507, -0.045867, -0.091391, -0.067773, -0.993506),
      ["RightUpperLeg"] = CFrame.new(0.000121, -0.011005, 0.000012, 0.999758, -0.022011, -0.000024, 0.022011, 0.999755, 0.002158, -0.000024, -0.002158, 0.999998)
    }},
    { Time = 0.167, Data = {
      ["Balls"] = CFrame.new(-0.000000, -0.000002, 0.000000, 0.997949, -0.064018, 0.000000, 0.064018, 0.997949, 0.000000, 0.000000, 0.000000, 1.000000),
      ["Cock"] = CFrame.new(0.000000, 0.000000, 0.000000, 0.999999, -0.001726, 0.000000, 0.001726, 0.999999, 0.000000, 0.000000, 0.000000, 1.000000),
      ["Head"] = CFrame.new(0.000000, 0.000000, 0.000000, 1.000000, -0.000000, 0.000000, 0.000000, 0.881612, 0.471976, -0.000000, -0.471976, 0.881612),
      ["LeftUpperArm"] = CFrame.new(-0.117549, -0.146638, 0.353988, 0.882713, -0.446959, 0.145071, 0.358592, 0.441180, -0.822662, 0.303693, 0.778195, 0.549711),
      ["LeftUpperLeg"] = CFrame.new(-0.000753, -0.027440, -0.000006, 0.998493, 0.054880, 0.000160, -0.054880, 0.998489, 0.002673, -0.000013, -0.002677, 0.999996),
      ["LowerTorso"] = CFrame.new(0.000000, -1.497857, -0.337746, 1.000000, 0.000000, 0.000000, 0.000000, -0.003415, -0.999994, 0.000000, 0.999994, -0.003415),
      ["RightUpperArm"] = CFrame.new(0.030149, -0.271186, 0.273107, 0.490281, 0.865525, -0.102421, 0.866893, -0.496425, -0.045378, -0.090120, -0.066540, -0.993706),
      ["RightUpperLeg"] = CFrame.new(0.000121, -0.011005, 0.000015, 0.999758, -0.022011, -0.000029, 0.022011, 0.999754, 0.002676, -0.000029, -0.002676, 0.999996)
    }},
    { Time = 0.183, Data = {
      ["Balls"] = CFrame.new(-0.000000, -0.000001, 0.000000, 0.998074, -0.062036, 0.000000, 0.062036, 0.998074, 0.000000, 0.000000, 0.000000, 1.000000),
      ["Cock"] = CFrame.new(0.000000, 0.000000, 0.000000, 0.999998, -0.002072, 0.000000, 0.002072, 0.999998, 0.000000, 0.000000, 0.000000, 1.000000),
      ["Head"] = CFrame.new(0.000000, 0.000000, 0.000000, 1.000000, -0.000000, 0.000000, 0.000000, 0.881107, 0.472917, -0.000000, -0.472917, 0.881107),
      ["LeftUpperArm"] = CFrame.new(-0.118290, -0.145696, 0.353023, 0.882341, -0.449774, 0.138485, 0.355728, 0.444763, -0.821976, 0.308110, 0.774526, 0.552429),
      ["LeftUpperLeg"] = CFrame.new(-0.000754, -0.027440, 0.000001, 0.998493, 0.054880, 0.000174, -0.054880, 0.998488, 0.003190, 0.000001, -0.003195, 0.999995),
      ["LowerTorso"] = CFrame.new(0.000000, -1.497612, -0.337746, 1.000000, 0.000000, 0.000000, 0.000000, -0.003659, -0.999993, 0.000000, 0.999993, -0.003659),
      ["RightUpperArm"] = CFrame.new(0.030167, -0.271186, 0.273359, 0.490444, 0.865597, -0.101029, 0.866918, -0.496429, -0.044865, -0.088989, -0.065580, -0.993872),
      ["RightUpperLeg"] = CFrame.new(0.000121, -0.011005, 0.000018, 0.999758, -0.022011, -0.000035, 0.022011, 0.999753, 0.003194, -0.000035, -0.003194, 0.999995)
    }},
    { Time = 0.200, Data = {
      ["Balls"] = CFrame.new(-0.000000, -0.000001, 0.000000, 0.998169, -0.060484, 0.000000, 0.060484, 0.998169, 0.000000, 0.000000, 0.000000, 1.000000),
      ["Cock"] = CFrame.new(0.000000, 0.000000, 0.000000, 0.999997, -0.002417, 0.000000, 0.002417, 0.999997, 0.000000, 0.000000, 0.000000, 1.000000),
      ["Head"] = CFrame.new(0.000000, 0.000000, 0.000000, 1.000000, -0.000000, 0.000000, 0.000000, 0.880686, 0.473701, -0.000000, -0.473701, 0.880686),
      ["LeftUpperArm"] = CFrame.new(-0.119057, -0.144725, 0.352014, 0.881923, -0.452692, 0.131461, 0.352618, 0.448454, -0.821310, 0.312846, 0.770687, 0.555129),
      ["LeftUpperLeg"] = CFrame.new(-0.000754, -0.027440, 0.000008, 0.998493, 0.054880, 0.000188, -0.054880, 0.998486, 0.003708, 0.000016, -0.003713, 0.999993),
      ["LowerTorso"] = CFrame.new(0.000000, -1.497369, -0.337745, 1.000000, 0.000000, 0.000000, 0.000000, -0.003903, -0.999992, 0.000000, 0.999992, -0.003903),
      ["RightUpperArm"] = CFrame.new(0.030182, -0.271187, 0.273566, 0.490567, 0.865654, -0.099935, 0.866933, -0.496432, -0.044525, -0.088154, -0.064794, -0.993997),
      ["RightUpperLeg"] = CFrame.new(0.000121, -0.011005, 0.000020, 0.999758, -0.022011, -0.000041, 0.022011, 0.999751, 0.003712, -0.000041, -0.003712, 0.999993)
    }},
    { Time = 0.217, Data = {
      ["Balls"] = CFrame.new(-0.000000, -0.000001, 0.000000, 0.998236, -0.059363, 0.000000, 0.059363, 0.998236, 0.000000, 0.000000, 0.000000, 1.000000),
      ["Cock"] = CFrame.new(0.000000, 0.000000, 0.000000, 0.999996, -0.002762, 0.000000, 0.002762, 0.999996, 0.000000, 0.000000, 0.000000, 1.000000),
      ["Head"] = CFrame.new(0.000000, -0.000000, 0.000000, 1.000000, -0.000000, 0.000000, 0.000000, 0.880348, 0.474328, -0.000000, -0.474328, 0.880348),
      ["LeftUpperArm"] = CFrame.new(-0.119830, -0.143716, 0.350966, 0.881448, -0.455628, 0.124310, 0.349513, 0.452292, -0.820532, 0.317632, 0.766704, 0.557920),
      ["LeftUpperLeg"] = CFrame.new(-0.000754, -0.027440, 0.000015, 0.998493, 0.054880, 0.000202, -0.054880, 0.998484, 0.004226, 0.000030, -0.004231, 0.999991),
      ["LowerTorso"] = CFrame.new(0.000000, -1.497126, -0.337744, 1.000000, 0.000000, 0.000000, 0.000000, -0.004146, -0.999991, 0.000000, 0.999991, -0.004146),
      ["RightUpperArm"] = CFrame.new(0.030206, -0.271164, 0.273706, 0.490564, 0.865743, -0.099178, 0.866994, -0.496347, -0.044289, -0.087569, -0.064260, -0.994084),
      ["RightUpperLeg"] = CFrame.new(0.000121, -0.011006, -0.000020, 0.999758, -0.022011, -0.000133, 0.022011, 0.999749, 0.004229, 0.000040, -0.004230, 0.999991)
    }},
    { Time = 0.233, Data = {
      ["Balls"] = CFrame.new(-0.000000, -0.000001, 0.000000, 0.998277, -0.058674, 0.000000, 0.058674, 0.998277, 0.000000, 0.000000, 0.000000, 1.000000),
      ["Cock"] = CFrame.new(0.000000, 0.000000, 0.000000, 0.999995, -0.003108, 0.000000, 0.003108, 0.999995, 0.000000, 0.000000, 0.000000, 1.000000),
      ["Head"] = CFrame.new(0.000000, -0.000000, 0.000000, 1.000000, -0.000000, 0.000000, 0.000000, 0.880179, 0.474642, -0.000000, -0.474642, 0.880179),
      ["LeftUpperArm"] = CFrame.new(-0.120624, -0.142689, 0.349881, 0.880894, -0.458649, 0.116909, 0.346316, 0.456197, -0.819726, 0.322632, 0.762578, 0.560698),
      ["LeftUpperLeg"] = CFrame.new(-0.000754, -0.027440, -0.000021, 0.998493, 0.054880, 0.000303, -0.054880, 0.998482, 0.004741, -0.000042, -0.004751, 0.999989),
      ["LowerTorso"] = CFrame.new(0.000000, -1.496882, -0.337743, 1.000000, 0.000000, 0.000000, 0.000000, -0.004390, -0.999990, 0.000000, 0.999990, -0.004390),
      ["RightUpperArm"] = CFrame.new(0.030212, -0.271165, 0.273794, 0.490620, 0.865767, -0.098689, 0.867003, -0.496348, -0.044103, -0.087167, -0.063926, -0.994141),
      ["RightUpperLeg"] = CFrame.new(0.000121, -0.011005, -0.000017, 0.999758, -0.022011, -0.000139, 0.022011, 0.999746, 0.004746, 0.000034, -0.004748, 0.999989)
    }},
    { Time = 0.250, Data = {
      ["Balls"] = CFrame.new(-0.000000, 0.000000, 0.000000, 0.998292, -0.058415, 0.000000, 0.058415, 0.998292, 0.000000, 0.000000, 0.000000, 1.000000),
      ["Cock"] = CFrame.new(0.000000, 0.000000, 0.000000, 0.999994, -0.003453, 0.000000, 0.003453, 0.999994, 0.000000, 0.000000, 0.000000, 1.000000),
      ["Head"] = CFrame.new(0.000000, -0.000000, 0.000000, 1.000000, -0.000000, 0.000000, 0.000000, 0.880137, 0.474720, -0.000000, -0.474720, 0.880137),
      ["LeftUpperArm"] = CFrame.new(-0.121418, -0.141666, 0.348784, 0.880277, -0.461670, 0.109427, 0.343095, 0.460085, -0.818906, 0.327718, 0.758408, 0.563399),
      ["LeftUpperLeg"] = CFrame.new(-0.000753, -0.027440, -0.000013, 0.998493, 0.054879, 0.000319, -0.054880, 0.998479, 0.005345, -0.000026, -0.005355, 0.999986),
      ["LowerTorso"] = CFrame.new(0.000000, -1.496638, -0.337742, 1.000000, 0.000000, 0.000000, 0.000000, -0.004633, -0.999989, 0.000000, 0.999989, -0.004633),
      ["RightUpperArm"] = CFrame.new(0.030214, -0.271165, 0.273817, 0.490639, 0.865773, -0.098541, 0.867007, -0.496348, -0.044016, -0.087019, -0.063839, -0.994160),
      ["RightUpperLeg"] = CFrame.new(0.000121, -0.011005, -0.000014, 0.999758, -0.022010, -0.000145, 0.022011, 0.999743, 0.005351, 0.000027, -0.005353, 0.999986)
    }},
    { Time = 0.267, Data = {
      ["Balls"] = CFrame.new(-0.000000, -0.000001, 0.000000, 0.998277, -0.058674, 0.000000, 0.058674, 0.998277, 0.000000, 0.000000, 0.000000, 1.000000),
      ["Cock"] = CFrame.new(0.000000, 0.000000, 0.000000, 0.999993, -0.003798, 0.000000, 0.003798, 0.999993, 0.000000, 0.000000, 0.000000, 1.000000),
      ["Head"] = CFrame.new(0.000000, -0.000000, 0.000000, 1.000000, -0.000000, 0.000000, 0.000000, 0.880179, 0.474642, -0.000000, -0.474642, 0.880179),
      ["LeftUpperArm"] = CFrame.new(-0.122176, -0.140616, 0.347679, 0.879659, -0.464550, 0.101946, 0.339881, 0.464079, -0.817993, 0.332688, 0.754204, 0.566123),
      ["LeftUpperLeg"] = CFrame.new(-0.000754, -0.027440, -0.000006, 0.998493, 0.054879, 0.000334, -0.054880, 0.998476, 0.005863, -0.000011, -0.005872, 0.999983),
      ["LowerTorso"] = CFrame.new(0.000000, -1.496395, -0.337740, 1.000000, 0.000000, 0.000000, 0.000000, -0.004877, -0.999988, 0.000000, 0.999988, -0.004877),
      ["RightUpperArm"] = CFrame.new(0.030212, -0.271165, 0.273794, 0.490620, 0.865767, -0.098689, 0.867003, -0.496348, -0.044103, -0.087167, -0.063926, -0.994141),
      ["RightUpperLeg"] = CFrame.new(0.000121, -0.011005, -0.000011, 0.999758, -0.022010, -0.000151, 0.022011, 0.999740, 0.005869, 0.000022, -0.005870, 0.999983)
    }},
    { Time = 0.283, Data = {
      ["Balls"] = CFrame.new(-0.000000, -0.000001, 0.000000, 0.998236, -0.059363, 0.000000, 0.059363, 0.998236, 0.000000, 0.000000, 0.000000, 1.000000),
      ["Cock"] = CFrame.new(0.000000, 0.000000, 0.000000, 0.999991, -0.004143, 0.000000, 0.004143, 0.999991, 0.000000, 0.000000, 0.000000, 1.000000),
      ["Head"] = CFrame.new(0.000000, -0.000000, 0.000000, 1.000000, -0.000000, 0.000000, 0.000000, 0.880348, 0.474328, -0.000000, -0.474328, 0.880348),
      ["LeftUpperArm"] = CFrame.new(-0.122941, -0.139581, 0.346563, 0.878949, -0.467460, 0.094499, 0.336752, 0.468015, -0.817043, 0.337708, 0.749962, 0.568780),
      ["LeftUpperLeg"] = CFrame.new(-0.000753, -0.027440, 0.000003, 0.998493, 0.054879, 0.000350, -0.054880, 0.998472, 0.006467, 0.000005, -0.006476, 0.999979),
      ["LowerTorso"] = CFrame.new(0.000000, -1.496151, -0.337739, 1.000000, 0.000000, 0.000000, 0.000000, -0.005121, -0.999987, 0.000000, 0.999987, -0.005121),
      ["RightUpperArm"] = CFrame.new(0.030206, -0.271165, 0.273706, 0.490564, 0.865743, -0.099178, 0.866994, -0.496347, -0.044289, -0.087569, -0.064260, -0.994084),
      ["RightUpperLeg"] = CFrame.new(0.000121, -0.011005, -0.000008, 0.999758, -0.022010, -0.000158, 0.022011, 0.999737, 0.006473, 0.000015, -0.006475, 0.999979)
    }},
    { Time = 0.300, Data = {
      ["Balls"] = CFrame.new(-0.000000, -0.000001, 0.000000, 0.998169, -0.060484, 0.000000, 0.060484, 0.998169, 0.000000, 0.000000, 0.000000, 1.000000),
      ["Cock"] = CFrame.new(0.000000, 0.000000, 0.000000, 0.999990, -0.004489, 0.000000, 0.004489, 0.999990, 0.000000, 0.000000, 0.000000, 1.000000),
      ["Head"] = CFrame.new(0.000000, 0.000000, 0.000000, 1.000000, -0.000000, 0.000000, 0.000000, 0.880686, 0.473701, -0.000000, -0.473701, 0.880686),
      ["LeftUpperArm"] = CFrame.new(-0.123647, -0.138560, 0.345479, 0.878266, -0.470145, 0.087247, 0.333680, 0.471898, -0.816070, 0.342499, 0.745840, 0.571330),
      ["LeftUpperLeg"] = CFrame.new(-0.000754, -0.027440, 0.000010, 0.998493, 0.054879, 0.000365, -0.054880, 0.998469, 0.006985, 0.000019, -0.006994, 0.999976),
      ["LowerTorso"] = CFrame.new(0.000000, -1.495908, -0.337738, 1.000000, 0.000000, 0.000000, 0.000000, -0.005364, -0.999986, 0.000000, 0.999986, -0.005364),
      ["RightUpperArm"] = CFrame.new(0.030182, -0.271187, 0.273566, 0.490567, 0.865654, -0.099935, 0.866933, -0.496432, -0.044525, -0.088154, -0.064794, -0.993997),
      ["RightUpperLeg"] = CFrame.new(0.000121, -0.011005, -0.000005, 0.999758, -0.022010, -0.000163, 0.022011, 0.999733, 0.006991, 0.000009, -0.006993, 0.999976)
    }},
    { Time = 0.317, Data = {
      ["Balls"] = CFrame.new(-0.000000, -0.000001, 0.000000, 0.998074, -0.062036, 0.000000, 0.062036, 0.998074, 0.000000, 0.000000, 0.000000, 1.000000),
      ["Cock"] = CFrame.new(0.000000, 0.000000, 0.000000, 0.999988, -0.004834, 0.000000, 0.004834, 0.999988, 0.000000, 0.000000, 0.000000, 1.000000),
      ["Head"] = CFrame.new(0.000000, 0.000000, 0.000000, 1.000000, -0.000000, 0.000000, 0.000000, 0.881107, 0.472917, -0.000000, -0.472917, 0.881107),
      ["LeftUpperArm"] = CFrame.new(-0.124340, -0.137595, 0.344425, 0.877522, -0.472778, 0.080224, 0.330739, 0.475567, -0.815137, 0.347226, 0.741834, 0.573686),
      ["LeftUpperLeg"] = CFrame.new(-0.000753, -0.027440, 0.000017, 0.998493, 0.054879, 0.000379, -0.054880, 0.998465, 0.007502, 0.000034, -0.007512, 0.999972),
      ["LowerTorso"] = CFrame.new(0.000000, -1.495664, -0.337737, 1.000000, 0.000000, 0.000000, 0.000000, -0.005608, -0.999984, 0.000000, 0.999984, -0.005608),
      ["RightUpperArm"] = CFrame.new(0.030167, -0.271186, 0.273359, 0.490444, 0.865597, -0.101029, 0.866918, -0.496429, -0.044865, -0.088989, -0.065580, -0.993872),
      ["RightUpperLeg"] = CFrame.new(0.000121, -0.011006, -0.000002, 0.999758, -0.022010, -0.000169, 0.022011, 0.999730, 0.007509, 0.000004, -0.007510, 0.999972)
    }},
    { Time = 0.333, Data = {
      ["Balls"] = CFrame.new(-0.000000, -0.000001, 0.000000, 0.997949, -0.064018, 0.000000, 0.064018, 0.997949, 0.000000, 0.000000, 0.000000, 1.000000),
      ["Cock"] = CFrame.new(0.000000, 0.000000, 0.000000, 0.999987, -0.005179, 0.000000, 0.005179, 0.999987, 0.000000, 0.000000, 0.000000, 1.000000),
      ["Head"] = CFrame.new(0.000000, 0.000000, 0.000000, 1.000000, -0.000000, 0.000000, 0.000000, 0.881612, 0.471976, -0.000000, -0.471976, 0.881612),
      ["LeftUpperArm"] = CFrame.new(-0.124993, -0.136654, 0.343400, 0.876775, -0.475261, 0.073440, 0.327920, 0.479143, -0.814181, 0.351760, 0.737936, 0.575948),
      ["LeftUpperLeg"] = CFrame.new(-0.000754, -0.027440, -0.000019, 0.998493, 0.054879, 0.000479, -0.054881, 0.998461, 0.008018, -0.000038, -0.008032, 0.999968),
      ["LowerTorso"] = CFrame.new(0.000000, -1.495421, -0.337735, 1.000000, 0.000000, 0.000000, 0.000000, -0.005851, -0.999983, 0.000000, 0.999983, -0.005851),
      ["RightUpperArm"] = CFrame.new(0.030149, -0.271185, 0.273107, 0.490281, 0.865525, -0.102421, 0.866893, -0.496425, -0.045378, -0.090120, -0.066540, -0.993706),
      ["RightUpperLeg"] = CFrame.new(0.000121, -0.011005, 0.000001, 0.999758, -0.022010, -0.000175, 0.022011, 0.999726, 0.008026, -0.000002, -0.008028, 0.999968)
    }},
    { Time = 0.350, Data = {
      ["Balls"] = CFrame.new(-0.000000, -0.000001, 0.000000, 0.997797, -0.066345, 0.000000, 0.066345, 0.997797, 0.000000, 0.000000, 0.000000, 1.000000),
      ["Cock"] = CFrame.new(0.000000, 0.000000, 0.000000, 0.999985, -0.005525, 0.000000, 0.005525, 0.999985, 0.000000, 0.000000, 0.000000, 1.000000),
      ["Head"] = CFrame.new(0.000000, -0.000000, 0.000000, 1.000000, -0.000000, 0.000000, 0.000000, 0.882283, 0.470720, -0.000000, -0.470720, 0.882283),
      ["LeftUpperArm"] = CFrame.new(-0.125586, -0.135779, 0.342444, 0.876057, -0.477517, 0.067090, 0.325266, 0.482472, -0.813279, 0.355985, 0.734301, 0.577994),
      ["LeftUpperLeg"] = CFrame.new(-0.000754, -0.027440, -0.000013, 0.998493, 0.054879, 0.000491, -0.054881, 0.998457, 0.008449, -0.000027, -0.008463, 0.999964),
      ["LowerTorso"] = CFrame.new(0.000000, -1.495299, -0.337734, 1.000000, 0.000000, 0.000000, 0.000000, -0.005973, -0.999982, 0.000000, 0.999982, -0.005973),
      ["RightUpperArm"] = CFrame.new(0.030111, -0.271207, 0.272782, 0.490174, 0.865383, -0.104123, 0.866820, -0.496507, -0.045867, -0.091391, -0.067773, -0.993506),
      ["RightUpperLeg"] = CFrame.new(0.000121, -0.011005, 0.000003, 0.999758, -0.022010, -0.000179, 0.022011, 0.999722, 0.008458, -0.000007, -0.008460, 0.999964)
    }},
    { Time = 0.367, Data = {
      ["Balls"] = CFrame.new(-0.000000, -0.000001, 0.000000, 0.997610, -0.069103, 0.000000, 0.069103, 0.997610, 0.000000, 0.000000, 0.000000, 1.000000),
      ["Cock"] = CFrame.new(0.000000, 0.000000, 0.000000, 0.999983, -0.005784, 0.000000, 0.005784, 0.999983, 0.000000, 0.000000, 0.000000, 1.000000),
      ["Head"] = CFrame.new(0.000000, -0.000000, 0.000000, 1.000000, -0.000000, 0.000000, 0.000000, 0.882994, 0.469385, -0.000000, -0.469385, 0.882994),
      ["LeftUpperArm"] = CFrame.new(-0.126140, -0.134958, 0.341540, 0.875338, -0.479624, 0.061192, 0.322862, 0.485594, -0.812379, 0.359922, 0.730862, 0.579911),
      ["LeftUpperLeg"] = CFrame.new(-0.000754, -0.027440, -0.000007, 0.998493, 0.054878, 0.000503, -0.054881, 0.998453, 0.008881, -0.000015, -0.008895, 0.999960),
      ["LowerTorso"] = CFrame.new(0.000000, -1.495055, -0.337733, 1.000000, 0.000000, 0.000000, 0.000000, -0.006216, -0.999981, 0.000000, 0.999981, -0.006216),
      ["RightUpperArm"] = CFrame.new(0.030084, -0.271206, 0.272431, 0.489937, 0.865280, -0.106077, 0.866783, -0.496502, -0.046610, -0.092997, -0.069110, -0.993265),
      ["RightUpperLeg"] = CFrame.new(0.000121, -0.011005, 0.000006, 0.999758, -0.022010, -0.000184, 0.022011, 0.999718, 0.008890, -0.000012, -0.008891, 0.999960)
    }},
    { Time = 0.383, Data = {
      ["Balls"] = CFrame.new(-0.000000, -0.000001, 0.000000, 0.997396, -0.072118, 0.000000, 0.072118, 0.997396, 0.000000, 0.000000, 0.000000, 1.000000),
      ["Cock"] = CFrame.new(0.000000, 0.000000, 0.000000, 0.999982, -0.006043, 0.000000, 0.006043, 0.999982, 0.000000, 0.000000, 0.000000, 1.000000),
      ["Head"] = CFrame.new(0.000000, 0.000000, 0.000000, 1.000000, -0.000000, 0.000000, 0.000000, 0.883827, 0.467813, -0.000000, -0.467813, 0.883827),
      ["LeftUpperArm"] = CFrame.new(-0.126627, -0.134221, 0.340727, 0.874680, -0.481475, 0.055826, 0.320640, 0.488396, -0.811578, 0.363489, 0.727772, 0.581571),
      ["LeftUpperLeg"] = CFrame.new(-0.000754, -0.027441, -0.000001, 0.998493, 0.054878, 0.000515, -0.054881, 0.998450, 0.009312, -0.000003, -0.009326, 0.999956),
      ["LowerTorso"] = CFrame.new(0.000000, -1.494934, -0.337732, 1.000000, 0.000000, 0.000000, 0.000000, -0.006338, -0.999980, 0.000000, 0.999980, -0.006338),
      ["RightUpperArm"] = CFrame.new(0.030038, -0.271226, 0.272019, 0.489762, 0.865108, -0.108267, 0.866701, -0.496582, -0.047284, -0.094669, -0.070677, -0.992997),
      ["RightUpperLeg"] = CFrame.new(0.000121, -0.011006, 0.000008, 0.999758, -0.022010, -0.000189, 0.022011, 0.999714, 0.009321, -0.000016, -0.009323, 0.999957)
    }},
    { Time = 0.400, Data = {
      ["Balls"] = CFrame.new(-0.000000, -0.000001, 0.000000, 0.997148, -0.075478, 0.000000, 0.075478, 0.997148, 0.000000, 0.000000, 0.000000, 1.000000),
      ["Cock"] = CFrame.new(0.000000, 0.000000, 0.000000, 0.999981, -0.006215, 0.000000, 0.006215, 0.999981, 0.000000, 0.000000, 0.000000, 1.000000),
      ["Head"] = CFrame.new(0.000000, 0.000000, -0.000000, 1.000000, -0.000000, 0.000000, 0.000000, 0.884741, 0.466083, -0.000000, -0.466083, 0.884741),
      ["LeftUpperArm"] = CFrame.new(-0.127058, -0.133558, 0.339994, 0.874067, -0.483112, 0.051085, 0.318727, 0.490917, -0.810810, 0.366633, 0.724985, 0.583075),
      ["LeftUpperLeg"] = CFrame.new(-0.000754, -0.027440, 0.000003, 0.998493, 0.054878, 0.000524, -0.054881, 0.998446, 0.009657, 0.000007, -0.009671, 0.999953),
      ["LowerTorso"] = CFrame.new(0.000000, -1.494691, -0.337731, 1.000000, 0.000000, 0.000000, 0.000000, -0.006581, -0.999978, 0.000000, 0.999978, -0.006581),
      ["RightUpperArm"] = CFrame.new(0.030004, -0.271225, 0.271582, 0.489475, 0.864975, -0.110602, 0.866663, -0.496575, -0.048051, -0.096485, -0.072335, -0.992703),
      ["RightUpperLeg"] = CFrame.new(0.000121, -0.011006, 0.000010, 0.999758, -0.022010, -0.000193, 0.022011, 0.999711, 0.009666, -0.000020, -0.009668, 0.999953)
    }},
    { Time = 0.417, Data = {
      ["Balls"] = CFrame.new(-0.000000, -0.000001, 0.000000, 0.996860, -0.079181, 0.000000, 0.079181, 0.996860, 0.000000, 0.000000, 0.000000, 1.000000),
      ["Cock"] = CFrame.new(0.000000, 0.000000, 0.000000, 0.999979, -0.006474, 0.000000, 0.006474, 0.999979, 0.000000, 0.000000, 0.000000, 1.000000),
      ["Head"] = CFrame.new(0.000000, 0.000000, 0.000000, 1.000000, -0.000000, 0.000000, 0.000000, 0.885692, 0.464273, -0.000000, -0.464273, 0.885692),
      ["LeftUpperArm"] = CFrame.new(-0.127442, -0.132988, 0.339350, 0.873491, -0.484575, 0.046920, 0.317059, 0.493084, -0.810149, 0.369442, 0.722534, 0.584343),
      ["LeftUpperLeg"] = CFrame.new(-0.000754, -0.027440, 0.000007, 0.998493, 0.054878, 0.000531, -0.054881, 0.998444, 0.009916, 0.000014, -0.009930, 0.999951),
      ["LowerTorso"] = CFrame.new(0.000000, -1.494570, -0.337730, 1.000000, 0.000000, 0.000000, 0.000000, -0.006703, -0.999978, 0.000000, 0.999978, -0.006703),
      ["RightUpperArm"] = CFrame.new(0.029952, -0.271245, 0.271113, 0.489237, 0.864778, -0.113162, 0.866568, -0.496654, -0.048942, -0.098526, -0.074118, -0.992370),
      ["RightUpperLeg"] = CFrame.new(0.000121, -0.011006, 0.000011, 0.999758, -0.022010, -0.000196, 0.022011, 0.999708, 0.009925, -0.000023, -0.009927, 0.999951)
    }},
    { Time = 0.433, Data = {
      ["Balls"] = CFrame.new(-0.000000, -0.000001, 0.000000, 0.996552, -0.082970, 0.000000, 0.082970, 0.996552, 0.000000, 0.000000, 0.000000, 1.000000),
      ["Cock"] = CFrame.new(0.000000, 0.000000, 0.000000, 0.999978, -0.006647, 0.000000, 0.006647, 0.999978, 0.000000, 0.000000, 0.000000, 1.000000),
      ["Head"] = CFrame.new(0.000000, 0.000000, -0.000000, 1.000000, -0.000000, 0.000000, 0.000000, 0.886722, 0.462304, -0.000000, -0.462304, 0.886722),
      ["LeftUpperArm"] = CFrame.new(-0.127736, -0.132521, 0.338833, 0.873047, -0.485689, 0.043535, 0.315670, 0.494860, -0.809609, 0.371674, 0.720569, 0.585354),
      ["LeftUpperLeg"] = CFrame.new(-0.000754, -0.027440, 0.000010, 0.998493, 0.054878, 0.000538, -0.054881, 0.998441, 0.010175, 0.000021, -0.010189, 0.999948),
      ["LowerTorso"] = CFrame.new(0.000000, -1.494447, -0.337729, 1.000000, 0.000000, 0.000000, 0.000000, -0.006825, -0.999977, 0.000000, 0.999977, -0.006825),
      ["RightUpperArm"] = CFrame.new(0.029896, -0.271266, 0.270602, 0.488970, 0.864565, -0.115912, 0.866472, -0.496732, -0.049845, -0.100672, -0.076062, -0.992008),
      ["RightUpperLeg"] = CFrame.new(0.000121, -0.011006, 0.000013, 0.999758, -0.022010, -0.000198, 0.022011, 0.999706, 0.010184, -0.000026, -0.010186, 0.999948)
    }},
    { Time = 0.450, Data = {
      ["Balls"] = CFrame.new(-0.000000, -0.000001, 0.000000, 0.996207, -0.087016, 0.000000, 0.087016, 0.996207, 0.000000, 0.000000, 0.000000, 1.000000),
      ["Cock"] = CFrame.new(0.000000, 0.000000, 0.000000, 0.999977, -0.006733, 0.000000, 0.006733, 0.999977, 0.000000, 0.000000, 0.000000, 1.000000),
      ["Head"] = CFrame.new(0.000000, 0.000000, 0.000000, 1.000000, -0.000000, 0.000000, 0.000000, 0.887787, 0.460254, -0.000000, -0.460254, 0.887787),
      ["LeftUpperArm"] = CFrame.new(-0.127976, -0.132145, 0.338412, 0.872670, -0.486603, 0.040800, 0.314562, 0.496287, -0.809166, 0.373494, 0.718969, 0.586161),
      ["LeftUpperLeg"] = CFrame.new(-0.000754, -0.027441, 0.000014, 0.998493, 0.054878, 0.000546, -0.054881, 0.998438, 0.010434, 0.000028, -0.010448, 0.999945),
      ["LowerTorso"] = CFrame.new(0.000000, -1.494326, -0.337728, 1.000000, 0.000000, 0.000000, 0.000000, -0.006946, -0.999976, 0.000000, 0.999976, -0.006946),
      ["RightUpperArm"] = CFrame.new(0.029850, -0.271264, 0.270067, 0.488587, 0.864389, -0.118808, 0.866419, -0.496722, -0.050841, -0.102961, -0.078097, -0.991615),
      ["RightUpperLeg"] = CFrame.new(0.000121, -0.011006, 0.000014, 0.999758, -0.022010, -0.000201, 0.022011, 0.999703, 0.010443, -0.000029, -0.010445, 0.999945)
    }},
    { Time = 0.467, Data = {
      ["Balls"] = CFrame.new(-0.000000, -0.000001, 0.000000, 0.995830, -0.091233, 0.000000, 0.091233, 0.995830, 0.000000, 0.000000, 0.000000, 1.000000),
      ["Cock"] = CFrame.new(0.000000, 0.000000, 0.000000, 0.999977, -0.006819, 0.000000, 0.006819, 0.999977, 0.000000, 0.000000, 0.000000, 1.000000),
      ["Head"] = CFrame.new(0.000000, -0.000000, 0.000000, 1.000000, -0.000000, 0.000000, 0.000000, 0.888930, 0.458044, -0.000000, -0.458044, 0.888930),
      ["LeftUpperArm"] = CFrame.new(-0.128155, -0.131862, 0.338095, 0.872381, -0.487285, 0.038790, 0.313776, 0.497364, -0.808810, 0.374829, 0.717762, 0.586789),
      ["LeftUpperLeg"] = CFrame.new(-0.000754, -0.027440, 0.000015, 0.998493, 0.054878, 0.000548, -0.054881, 0.998438, 0.010520, 0.000030, -0.010534, 0.999945),
      ["LowerTorso"] = CFrame.new(0.000000, -1.494326, -0.337728, 1.000000, 0.000000, 0.000000, 0.000000, -0.006946, -0.999976, 0.000000, 0.999976, -0.006946),
      ["RightUpperArm"] = CFrame.new(0.029788, -0.271284, 0.269514, 0.488280, 0.864153, -0.121748, 0.866322, -0.496798, -0.051757, -0.105210, -0.080201, -0.991211),
      ["RightUpperLeg"] = CFrame.new(0.000121, -0.011006, 0.000015, 0.999758, -0.022010, -0.000202, 0.022011, 0.999702, 0.010530, -0.000030, -0.010531, 0.999945)
    }},
    { Time = 0.483, Data = {
      ["Balls"] = CFrame.new(0.000000, -0.000001, 0.000000, 0.995426, -0.095535, 0.000000, 0.095535, 0.995426, 0.000000, 0.000000, 0.000000, 1.000000),
      ["Cock"] = CFrame.new(0.000000, 0.000000, 0.000000, 0.999976, -0.006906, 0.000000, 0.006906, 0.999976, 0.000000, 0.000000, 0.000000, 1.000000),
      ["Head"] = CFrame.new(0.000000, -0.000000, 0.000000, 1.000000, -0.000000, 0.000000, 0.000000, 0.890025, 0.455911, -0.000000, -0.455911, 0.890025),
      ["LeftUpperArm"] = CFrame.new(-0.128246, -0.131700, 0.337921, 0.872241, -0.487629, 0.037585, 0.313242, 0.497981, -0.808638, 0.375599, 0.717100, 0.587105),
      ["LeftUpperLeg"] = CFrame.new(-0.000754, -0.027440, 0.000016, 0.998493, 0.054878, 0.000550, -0.054881, 0.998437, 0.010606, 0.000033, -0.010621, 0.999944),
      ["LowerTorso"] = CFrame.new(0.000000, -1.494326, -0.337728, 1.000000, 0.000000, 0.000000, 0.000000, -0.006946, -0.999976, 0.000000, 0.999976, -0.006946),
      ["RightUpperArm"] = CFrame.new(0.029724, -0.271303, 0.268957, 0.487941, 0.863910, -0.124791, 0.866213, -0.496874, -0.052833, -0.107649, -0.082316, -0.990776),
      ["RightUpperLeg"] = CFrame.new(0.000121, -0.011005, 0.000015, 0.999758, -0.022010, -0.000203, 0.022011, 0.999701, 0.010616, -0.000031, -0.010618, 0.999944)
    }},
    { Time = 0.500, Data = {
      ["Balls"] = CFrame.new(0.000000, -0.000001, 0.000000, 0.995004, -0.099836, 0.000000, 0.099836, 0.995004, 0.000000, 0.000000, 0.000000, 1.000000),
      ["Cock"] = CFrame.new(0.000000, 0.000000, 0.000000, 0.999976, -0.006906, 0.000000, 0.006906, 0.999976, 0.000000, 0.000000, 0.000000, 1.000000),
      ["Head"] = CFrame.new(0.000000, 0.000000, 0.000000, 1.000000, -0.000000, 0.000000, 0.000000, 0.891156, 0.453697, -0.000000, -0.453697, 0.891156),
      ["LeftUpperArm"] = CFrame.new(-0.128285, -0.131640, 0.337852, 0.872173, -0.487779, 0.037219, 0.313136, 0.498211, -0.808537, 0.375845, 0.716839, 0.587267),
      ["LeftUpperLeg"] = CFrame.new(-0.000754, -0.027440, 0.000017, 0.998493, 0.054878, 0.000553, -0.054881, 0.998436, 0.010693, 0.000035, -0.010707, 0.999943),
      ["LowerTorso"] = CFrame.new(0.000000, -1.494204, -0.337727, 1.000000, 0.000000, 0.000000, 0.000000, -0.007068, -0.999975, 0.000000, 0.999975, -0.007068),
