return {
  ["Astros missionary 5"] = {
    { Time = 0.000, Data = {
      ["Head"] = CFrame.new(0.000000, -0.000000, 0.000000, 1.000000, -0.000000, 0.000000, 0.000000, 0.935648, 0.352935, -0.000000, -0.352935, 0.935648),
      ["LeftUpperArm"] = CFrame.new(0.024478, -0.004622, 0.042570, 0.989820, 0.093074, 0.107674, -0.073716, 0.982414, -0.171546, -0.121747, 0.161862, 0.979274),
      ["LeftUpperLeg"] = CFrame.new(-0.226907, 0.009670, 0.016706, 0.927327, 0.374252, 0.000018, 0.245869, -0.609182, -0.753954, -0.282158, 0.699166, -0.656928),
      ["LowerTorso"] = CFrame.new(0.000000, -1.463456, 0.198048, 1.000000, 0.000000, 0.000000, 0.000000, -0.021008, -0.999779, 0.000000, 0.999779, -0.021008),
      ["RightUpperArm"] = CFrame.new(-0.007668, -0.003605, 0.042733, 0.994278, -0.029158, -0.102766, 0.011905, 0.986281, -0.164648, 0.106157, 0.162482, 0.980984),
      ["RightUpperLeg"] = CFrame.new(0.196783, 0.028609, 0.036674, 0.944120, -0.329603, -0.000000, -0.216523, -0.620212, -0.753960, 0.248507, 0.711828, -0.656921),
      ["рҹҢ§пёҸрҹҳірҹ‘»рҹҸіпёҸвҖҚрҹҢҲрҹҳӮрҹ’һрҹҸҙвҖҚвҳ пёҸрҹҺёрҹҢ§пёҸрҹҳірҹ‘»рҹҸіпёҸвҖҚрҹҢҲрҹҳӮрҹ’һрҹҸҙвҖҚвҳ"] = CFrame.new(-0.000000, 0.000000, 0.000000, 0.952861, -0.303407, 0.000000, 0.303407, 0.952861, 0.000000, 0.000000, 0.000000, 1.000000)
    }},
    { Time = 0.017, Data = {
      ["Head"] = CFrame.new(0.000000, 0.000000, 0.000000, 1.000000, -0.000000, 0.000000, 0.000000, 0.934372, 0.356300, -0.000000, -0.356300, 0.934372),
      ["LeftUpperArm"] = CFrame.new(0.024437, -0.004630, 0.042640, 0.989834, 0.092916, 0.107677, -0.073529, 0.982385, -0.171792, -0.121743, 0.162128, 0.979231),
      ["LeftUpperLeg"] = CFrame.new(-0.226943, 0.009739, 0.016646, 0.927253, 0.374434, -0.000022, 0.246008, -0.609262, -0.753843, -0.282278, 0.698999, -0.657054),
      ["LowerTorso"] = CFrame.new(0.000000, -1.463337, 0.198164, 1.000000, 0.000000, 0.000000, 0.000000, -0.021129, -0.999777, 0.000000, 0.999777, -0.021129),
      ["RightUpperArm"] = CFrame.new(-0.007559, -0.003603, 0.042739, 0.994269, -0.028742, -0.102973, 0.011462, 0.986289, -0.164627, 0.106293, 0.162503, 0.980966),
      ["RightUpperLeg"] = CFrame.new(0.196802, 0.028641, 0.036628, 0.944081, -0.329712, 0.000072, -0.216586, -0.620327, -0.753847, 0.248598, 0.711677, -0.657050),
      ["рҹҢ§пёҸрҹҳірҹ‘»рҹҸіпёҸвҖҚрҹҢҲрҹҳӮрҹ’һрҹҸҙвҖҚвҳ пёҸрҹҺёрҹҢ§пёҸрҹҳірҹ‘»рҹҸіпёҸвҖҚрҹҢҲрҹҳӮрҹ’һрҹҸҙвҖҚвҳ"] = CFrame.new(-0.000000, 0.000000, 0.000000, 0.950987, -0.309230, 0.000000, 0.309230, 0.950987, 0.000000, 0.000000, 0.000000, 1.000000)
    }},
    { Time = 0.033, Data = {
      ["Head"] = CFrame.new(0.000000, -0.000000, 0.000000, 1.000000, -0.000000, 0.000000, 0.000000, 0.933115, 0.359579, -0.000000, -0.359579, 0.933115),
      ["LeftUpperArm"] = CFrame.new(0.024333, -0.004643, 0.042780, 0.989860, 0.092523, 0.107776, -0.073062, 0.982334, -0.172283, -0.121812, 0.162662, 0.979134),
      ["LeftUpperLeg"] = CFrame.new(-0.227031, 0.009863, 0.016467, 0.927079, 0.374866, -0.000309, 0.246255, -0.609633, -0.753463, -0.282636, 0.698443, -0.657490),
      ["LowerTorso"] = CFrame.new(0.000000, -1.463104, 0.198507, 1.000000, 0.000000, 0.000000, 0.000000, -0.021370, -0.999772, 0.000000, 0.999772, -0.021370),
      ["RightUpperArm"] = CFrame.new(-0.007210, -0.003600, 0.042779, 0.994241, -0.027415, -0.103600, 0.010040, 0.986302, -0.164643, 0.106695, 0.162655, 0.980897),
      ["RightUpperLeg"] = CFrame.new(0.196872, 0.028778, 0.036481, 0.943940, -0.330116, 0.000269, -0.216862, -0.620715, -0.753448, 0.248892, 0.711152, -0.657507),
      ["рҹҢ§пёҸрҹҳірҹ‘»рҹҸіпёҸвҖҚрҹҢҲрҹҳӮрҹ’һрҹҸҙвҖҚвҳ пёҸрҹҺёрҹҢ§пёҸрҹҳірҹ‘»рҹҸіпёҸвҖҚрҹҢҲрҹҳӮрҹ’һрҹҸҙвҖҚвҳ"] = CFrame.new(-0.000000, 0.000000, 0.000000, 0.949077, -0.315044, 0.000000, 0.315044, 0.949077, 0.000000, 0.000000, 0.000000, 1.000000)
    }},
    { Time = 0.050, Data = {
      ["Head"] = CFrame.new(0.000000, 0.000000, 0.000000, 1.000000, -0.000000, 0.000000, 0.000000, 0.931846, 0.362854, -0.000000, -0.362854, 0.931846),
      ["LeftUpperArm"] = CFrame.new(0.024148, -0.004668, 0.043037, 0.989905, 0.091818, 0.107970, -0.072218, 0.982238, -0.173184, -0.121954, 0.163638, 0.978953),
      ["LeftUpperLeg"] = CFrame.new(-0.227170, 0.010113, 0.016230, 0.926800, 0.375554, -0.000654, 0.246757, -0.610264, -0.752788, -0.283112, 0.697522, -0.658263),
      ["LowerTorso"] = CFrame.new(0.000000, -1.462753, 0.199074, 1.000000, 0.000000, 0.000000, 0.000000, -0.021733, -0.999764, 0.000000, 0.999764, -0.021733),
      ["RightUpperArm"] = CFrame.new(-0.006639, -0.003589, 0.042808, 0.994198, -0.025245, -0.104557, 0.007742, 0.986342, -0.164529, 0.107282, 0.162765, 0.980815),
      ["RightUpperLeg"] = CFrame.new(0.196995, 0.029023, 0.036231, 0.943696, -0.330813, 0.000592, -0.217352, -0.621375, -0.752763, 0.249392, 0.710251, -0.658292),
      ["рҹҢ§пёҸрҹҳірҹ‘»рҹҸіпёҸвҖҚрҹҢҲрҹҳӮрҹ’һрҹҸҙвҖҚвҳ пёҸрҹҺёрҹҢ§пёҸрҹҳірҹ‘»рҹҸіпёҸвҖҚрҹҢҲрҹҳӮрҹ’һрҹҸҙвҖҚвҳ"] = CFrame.new(-0.000000, 0.000000, 0.000000, 0.947187, -0.320683, 0.000000, 0.320683, 0.947187, 0.000000, 0.000000, 0.000000, 1.000000)
    }},
    { Time = 0.067, Data = {
      ["Head"] = CFrame.new(0.000000, 0.000000, -0.000000, 1.000000, -0.000000, 0.000000, 0.000000, 0.930629, 0.365963, -0.000000, -0.365963, 0.930629),
      ["LeftUpperArm"] = CFrame.new(0.023902, -0.004704, 0.043387, 0.989960, 0.090882, 0.108258, -0.071088, 0.982103, -0.174414, -0.122172, 0.164967, 0.978703),
      ["LeftUpperLeg"] = CFrame.new(-0.227353, 0.010430, 0.015905, 0.926433, 0.376457, -0.001154, 0.247390, -0.611113, -0.751891, -0.283760, 0.696291, -0.659287),
      ["LowerTorso"] = CFrame.new(0.000000, -1.462165, 0.199861, 1.000000, 0.000000, 0.000000, 0.000000, -0.022336, -0.999750, 0.000000, 0.999750, -0.022336),
      ["RightUpperArm"] = CFrame.new(-0.005853, -0.003581, 0.042870, 0.994116, -0.022256, -0.106012, 0.004545, 0.986374, -0.164454, 0.108227, 0.163004, 0.980671),
      ["RightUpperLeg"] = CFrame.new(0.197156, 0.029331, 0.035892, 0.943374, -0.331729, 0.001060, -0.217968, -0.622262, -0.751851, 0.250070, 0.709046, -0.659332),
      ["рҹҢ§пёҸрҹҳірҹ‘»рҹҸіпёҸвҖҚрҹҢҲрҹҳӮрҹ’һрҹҸҙвҖҚвҳ пёҸрҹҺёрҹҢ§пёҸрҹҳірҹ‘»рҹҸіпёҸвҖҚрҹҢҲрҹҳӮрҹ’һрҹҸҙвҖҚвҳ"] = CFrame.new(-0.000000, 0.000000, 0.000000, 0.945319, -0.326148, 0.000000, 0.326148, 0.945319, 0.000000, 0.000000, 0.000000, 1.000000)
    }},
    { Time = 0.083, Data = {
      ["Head"] = CFrame.new(0.000000, 0.000000, 0.000000, 1.000000, -0.000000, 0.000000, 0.000000, 0.929435, 0.368987, -0.000000, -0.368987, 0.929435),
      ["LeftUpperArm"] = CFrame.new(0.023573, -0.004748, 0.043831, 0.990031, 0.089630, 0.108647, -0.069586, 0.981933, -0.175969, -0.122456, 0.166655, 0.978382),
      ["LeftUpperLeg"] = CFrame.new(-0.227618, 0.010875, 0.015430, 0.925903, 0.377756, -0.001830, 0.248280, -0.612187, -0.750722, -0.284711, 0.694642, -0.660615),
      ["LowerTorso"] = CFrame.new(0.000000, -1.461462, 0.200857, 1.000000, 0.000000, 0.000000, 0.000000, -0.023060, -0.999734, 0.000000, 0.999734, -0.023060),
      ["RightUpperArm"] = CFrame.new(-0.004847, -0.003572, 0.042946, 0.994002, -0.018430, -0.107795, 0.000468, 0.986406, -0.164328, 0.109358, 0.163292, 0.980498),
      ["RightUpperLeg"] = CFrame.new(0.197363, 0.029758, 0.035484, 0.942960, -0.332903, 0.001563, -0.218823, -0.623347, -0.750703, 0.250885, 0.707541, -0.660638),
      ["рҹҢ§пёҸрҹҳірҹ‘»рҹҸіпёҸвҖҚрҹҢҲрҹҳӮрҹ’һрҹҸҙвҖҚвҳ пёҸрҹҺёрҹҢ§пёҸрҹҳірҹ‘»рҹҸіпёҸвҖҚрҹҢҲрҹҳӮрҹ’һрҹҸҙвҖҚвҳ"] = CFrame.new(-0.000000, 0.000000, 0.000000, 0.943506, -0.331356, 0.000000, 0.331356, 0.943506, 0.000000, 0.000000, 0.000000, 1.000000)
    }},
    { Time = 0.100, Data = {
      ["Head"] = CFrame.new(0.000000, 0.000000, 0.000000, 1.000000, -0.000000, 0.000000, 0.000000, 0.928328, 0.371763, -0.000000, -0.371763, 0.928328),
      ["LeftUpperArm"] = CFrame.new(0.023181, -0.004805, 0.044368, 0.990121, 0.088141, 0.109046, -0.067806, 0.981719, -0.177849, -0.122729, 0.168698, 0.977997),
      ["LeftUpperLeg"] = CFrame.new(-0.227907, 0.011361, 0.014918, 0.925327, 0.379161, -0.002604, 0.249252, -0.613435, -0.749380, -0.285734, 0.692773, -0.662135),
      ["LowerTorso"] = CFrame.new(0.000000, -1.460522, 0.202056, 1.000000, 0.000000, 0.000000, 0.000000, -0.024025, -0.999711, 0.000000, 0.999711, -0.024025),
      ["RightUpperArm"] = CFrame.new(-0.003643, -0.003567, 0.043034, 0.993846, -0.013852, -0.109899, -0.004403, 0.986425, -0.164152, 0.110681, 0.163625, 0.980294),
      ["RightUpperLeg"] = CFrame.new(0.197616, 0.030239, 0.034954, 0.942454, -0.334328, 0.002307, -0.219782, -0.624725, -0.749276, 0.251945, 0.705651, -0.662254),
      ["рҹҢ§пёҸрҹҳірҹ‘»рҹҸіпёҸвҖҚрҹҢҲрҹҳӮрҹ’һрҹҸҙвҖҚвҳ пёҸрҹҺёрҹҢ§пёҸрҹҳірҹ‘»рҹҸіпёҸвҖҚрҹҢҲрҹҳӮрҹ’һрҹҸҙвҖҚвҳ"] = CFrame.new(-0.000000, 0.000000, 0.000000, 0.941781, -0.336228, 0.000000, 0.336228, 0.941781, 0.000000, 0.000000, 0.000000, 1.000000)
    }},
    { Time = 0.117, Data = {
      ["Head"] = CFrame.new(0.000000, -0.000000, -0.000000, 1.000000, -0.000000, 0.000000, 0.000000, 0.927278, 0.374373, -0.000000, -0.374373, 0.927278),
      ["LeftUpperArm"] = CFrame.new(0.022727, -0.004870, 0.044976, 0.990218, 0.086417, 0.109546, -0.065744, 0.981472, -0.179972, -0.123069, 0.171009, 0.977553),
      ["LeftUpperLeg"] = CFrame.new(-0.228256, 0.011957, 0.014312, 0.924629, 0.380853, -0.003518, 0.250445, -0.614934, -0.747753, -0.286947, 0.690513, -0.663968),
      ["LowerTorso"] = CFrame.new(0.000000, -1.459586, 0.203439, 1.000000, 0.000000, 0.000000, 0.000000, -0.024990, -0.999688, 0.000000, 0.999688, -0.024990),
      ["RightUpperArm"] = CFrame.new(-0.002266, -0.003568, 0.043133, 0.993626, -0.008616, -0.112401, -0.009990, 0.986422, -0.163926, 0.112288, 0.164004, 0.980048),
      ["RightUpperLeg"] = CFrame.new(0.197902, 0.030794, 0.034370, 0.941880, -0.335935, 0.003107, -0.220895, -0.626252, -0.747672, 0.253115, 0.703531, -0.664061),
      ["рҹҢ§пёҸрҹҳірҹ‘»рҹҸіпёҸвҖҚрҹҢҲрҹҳӮрҹ’һрҹҸҙвҖҚвҳ пёҸрҹҺёрҹҢ§пёҸрҹҳірҹ‘»рҹҸіпёҸвҖҚрҹҢҲрҹҳӮрҹ’һрҹҸҙвҖҚвҳ"] = CFrame.new(-0.000000, 0.000000, 0.000000, 0.940149, -0.340763, 0.000000, 0.340763, 0.940149, 0.000000, 0.000000, 0.000000, 1.000000)
    }},
    { Time = 0.133, Data = {
      ["Head"] = CFrame.new(0.000000, -0.000000, -0.000000, 1.000000, -0.000000, 0.000000, 0.000000, 0.926320, 0.376737, -0.000000, -0.376737, 0.926320),
      ["LeftUpperArm"] = CFrame.new(0.022235, -0.004946, 0.045653, 0.990314, 0.084545, 0.110140, -0.063486, 0.981184, -0.182342, -0.123484, 0.173583, 0.977047),
      ["LeftUpperLeg"] = CFrame.new(-0.228651, 0.012614, 0.013615, 0.923838, 0.382756, -0.004572, 0.251759, -0.616570, -0.745962, -0.288341, 0.687997, -0.665973),
      ["LowerTorso"] = CFrame.new(0.000000, -1.458533, 0.204993, 1.000000, 0.000000, 0.000000, 0.000000, -0.026075, -0.999660, 0.000000, 0.999660, -0.026075),
      ["RightUpperArm"] = CFrame.new(-0.000714, -0.003578, 0.043246, 0.993337, -0.002715, -0.115217, -0.016285, 0.986385, -0.163645, 0.114093, 0.164431, 0.979768),
      ["RightUpperLeg"] = CFrame.new(0.198238, 0.031472, 0.033718, 0.941210, -0.337799, 0.003946, -0.222250, -0.627969, -0.745829, 0.254418, 0.701105, -0.666126),
      ["рҹҢ§пёҸрҹҳірҹ‘»рҹҸіпёҸвҖҚрҹҢҲрҹҳӮрҹ’һрҹҸҙвҖҚвҳ пёҸрҹҺёрҹҢ§пёҸрҹҳірҹ‘»рҹҸіпёҸвҖҚрҹҢҲрҹҳӮрҹ’һрҹҸҙвҖҚвҳ"] = CFrame.new(-0.000000, 0.000000, 0.000000, 0.938647, -0.344880, 0.000000, 0.344880, 0.938647, 0.000000, 0.000000, 0.000000, 1.000000)
    }},
    { Time = 0.150, Data = {
      ["Head"] = CFrame.new(0.000000, 0.000000, -0.000000, 1.000000, -0.000000, 0.000000, 0.000000, 0.925456, 0.378854, -0.000000, -0.378854, 0.925456),
      ["LeftUpperArm"] = CFrame.new(0.021680, -0.005036, 0.046423, 0.990424, 0.082436, 0.110749, -0.060948, 0.980840, -0.185035, -0.123880, 0.176513, 0.976472),
      ["LeftUpperLeg"] = CFrame.new(-0.229087, 0.013351, 0.012867, 0.922967, 0.384836, -0.005692, 0.253232, -0.618340, -0.743995, -0.289836, 0.685242, -0.668161),
      ["LowerTorso"] = CFrame.new(0.000000, -1.457243, 0.206707, 1.000000, 0.000000, 0.000000, 0.000000, -0.027399, -0.999625, 0.000000, 0.999625, -0.027399),
      ["RightUpperArm"] = CFrame.new(0.001015, -0.003600, 0.043372, 0.992975, 0.003857, -0.118259, -0.023280, 0.986301, -0.163305, 0.116009, 0.164911, 0.979462),
      ["RightUpperLeg"] = CFrame.new(0.198600, 0.032172, 0.032991, 0.940484, -0.339801, 0.004958, -0.223648, -0.629856, -0.743817, 0.255872, 0.698439, -0.668365),
      ["рҹҢ§пёҸрҹҳірҹ‘»рҹҸіпёҸвҖҚрҹҢҲрҹҳӮрҹ’һрҹҸҙвҖҚвҳ пёҸрҹҺёрҹҢ§пёҸрҹҳірҹ‘»рҹҸіпёҸвҖҚрҹҢҲрҹҳӮрҹ’һрҹҸҙвҖҚвҳ"] = CFrame.new(-0.000000, 0.000000, 0.000000, 0.937309, -0.348499, 0.000000, 0.348499, 0.937309, 0.000000, 0.000000, 0.000000, 1.000000)
    }},
    { Time = 0.167, Data = {
      ["Head"] = CFrame.new(0.000000, 0.000000, 0.000000, 1.000000, -0.000000, 0.000000, 0.000000, 0.924721, 0.380645, -0.000000, -0.380645, 0.924721),
      ["LeftUpperArm"] = CFrame.new(0.021086, -0.005135, 0.047241, 0.990530, 0.080176, 0.111458, -0.058219, 0.980463, -0.187889, -0.124345, 0.179621, 0.975846),
      ["LeftUpperLeg"] = CFrame.new(-0.229562, 0.014167, 0.012069, 0.922015, 0.387093, -0.006879, 0.254864, -0.620243, -0.741851, -0.291432, 0.682245, -0.670529),
      ["LowerTorso"] = CFrame.new(0.000000, -1.455957, 0.208555, 1.000000, 0.000000, 0.000000, 0.000000, -0.028723, -0.999587, 0.000000, 0.999587, -0.028723),
      ["RightUpperArm"] = CFrame.new(0.002850, -0.003641, 0.043532, 0.992531, 0.010837, -0.121507, -0.030722, 0.986147, -0.163003, 0.118057, 0.165518, 0.979115),
      ["RightUpperLeg"] = CFrame.new(0.198985, 0.032911, 0.032227, 0.939714, -0.341908, 0.006066, -0.225128, -0.631910, -0.741625, 0.257400, 0.695550, -0.670788),
      ["рҹҢ§пёҸрҹҳірҹ‘»рҹҸіпёҸвҖҚрҹҢҲрҹҳӮрҹ’һрҹҸҙвҖҚвҳ пёҸрҹҺёрҹҢ§пёҸрҹҳірҹ‘»рҹҸіпёҸвҖҚрҹҢҲрҹҳӮрҹ’һрҹҸҙвҖҚвҳ"] = CFrame.new(-0.000000, 0.000000, 0.000000, 0.936142, -0.351622, 0.000000, 0.351622, 0.936142, 0.000000, 0.000000, 0.000000, 1.000000)
    }},
    { Time = 0.183, Data = {
      ["Head"] = CFrame.new(0.000000, 0.000000, 0.000000, 1.000000, -0.000000, 0.000000, 0.000000, 0.924083, 0.382191, -0.000000, -0.382191, 0.924083),
      ["LeftUpperArm"] = CFrame.new(0.020450, -0.005244, 0.048105, 0.990641, 0.077756, 0.112184, -0.055306, 0.980050, -0.190900, -0.124790, 0.182909, 0.975178),
      ["LeftUpperLeg"] = CFrame.new(-0.230072, 0.015008, 0.011199, 0.920997, 0.389484, -0.008247, 0.256546, -0.622305, -0.739541, -0.293171, 0.678999, -0.673061),
      ["LowerTorso"] = CFrame.new(0.000000, -1.454555, 0.210522, 1.000000, 0.000000, 0.000000, 0.000000, -0.030167, -0.999545, 0.000000, 0.999545, -0.030167),
      ["RightUpperArm"] = CFrame.new(0.004817, -0.003695, 0.043682, 0.991981, 0.018313, -0.125052, -0.038694, 0.985940, -0.162555, 0.120317, 0.166091, 0.978743),
      ["RightUpperLeg"] = CFrame.new(0.199407, 0.033723, 0.031405, 0.938871, -0.344193, 0.007220, -0.226753, -0.634033, -0.739315, 0.259045, 0.692484, -0.673322),
      ["рҹҢ§пёҸрҹҳірҹ‘»рҹҸіпёҸвҖҚрҹҢҲрҹҳӮрҹ’һрҹҸҙвҖҚвҳ пёҸрҹҺёрҹҢ§пёҸрҹҳірҹ‘»рҹҸіпёҸвҖҚрҹҢҲрҹҳӮрҹ’һрҹҸҙвҖҚвҳ"] = CFrame.new(-0.000000, -0.000000, 0.000000, 0.935151, -0.354249, 0.000000, 0.354249, 0.935151, 0.000000, 0.000000, 0.000000, 1.000000)
    }},
    { Time = 0.200, Data = {
      ["Head"] = CFrame.new(0.000000, 0.000000, 0.000000, 1.000000, -0.000000, 0.000000, 0.000000, 0.923612, 0.383329, -0.000000, -0.383329, 0.923612),
      ["LeftUpperArm"] = CFrame.new(0.019796, -0.005364, 0.049015, 0.990739, 0.075271, 0.113006, -0.052287, 0.979592, -0.194075, -0.125308, 0.186369, 0.974456),
      ["LeftUpperLeg"] = CFrame.new(-0.230600, 0.015896, 0.010323, 0.919940, 0.391942, -0.009607, 0.258323, -0.624386, -0.737165, -0.294924, 0.675666, -0.675645),
      ["LowerTorso"] = CFrame.new(0.000000, -1.453035, 0.212586, 1.000000, 0.000000, 0.000000, 0.000000, -0.031729, -0.999497, 0.000000, 0.999497, -0.031729),
      ["RightUpperArm"] = CFrame.new(0.006869, -0.003772, 0.043866, 0.991338, 0.026116, -0.128709, -0.047018, 0.985646, -0.162143, 0.122627, 0.166790, 0.978337),
      ["RightUpperLeg"] = CFrame.new(0.199852, 0.034571, 0.030541, 0.937982, -0.346582, 0.008457, -0.228448, -0.636248, -0.736885, 0.260772, 0.689252, -0.675965),
      ["рҹҢ§пёҸрҹҳірҹ‘»рҹҸіпёҸвҖҚрҹҢҲрҹҳӮрҹ’һрҹҸҙвҖҚвҳ пёҸрҹҺёрҹҢ§пёҸрҹҳірҹ‘»рҹҸіпёҸвҖҚрҹҢҲрҹҳӮрҹ’һрҹҸҙвҖҚвҳ"] = CFrame.new(-0.000000, -0.000000, 0.000000, 0.934372, -0.356300, 0.000000, 0.356300, 0.934372, 0.000000, 0.000000, 0.000000, 1.000000)
    }},
    { Time = 0.217, Data = {
      ["Head"] = CFrame.new(0.000000, 0.000000, -0.000000, 1.000000, -0.000000, 0.000000, 0.000000, 0.923240, 0.384223, -0.000000, -0.384223, 0.923240),
      ["LeftUpperArm"] = CFrame.new(0.019097, -0.005491, 0.049952, 0.990851, 0.072613, 0.113764, -0.049098, 0.979109, -0.197319, -0.125715, 0.189928, 0.973716),
      ["LeftUpperLeg"] = CFrame.new(-0.231155, 0.016821, 0.009408, 0.918830, 0.394500, -0.011054, 0.260172, -0.626554, -0.734671, -0.296754, 0.672162, -0.678334),
      ["LowerTorso"] = CFrame.new(0.000000, -1.451518, 0.214723, 1.000000, 0.000000, 0.000000, 0.000000, -0.033290, -0.999446, 0.000000, 0.999446, -0.033290),
      ["RightUpperArm"] = CFrame.new(0.008987, -0.003866, 0.044038, 0.990598, 0.034172, -0.132469, -0.055598, 0.985289, -0.161598, 0.124998, 0.167444, 0.977925),
      ["RightUpperLeg"] = CFrame.new(0.200314, 0.035471, 0.029676, 0.937058, -0.349040, 0.009701, -0.230250, -0.638555, -0.734324, 0.262503, 0.685871, -0.678729),
      ["рҹҢ§пёҸрҹҳірҹ‘»рҹҸіпёҸвҖҚрҹҢҲрҹҳӮрҹ’һрҹҸҙвҖҚвҳ пёҸрҹҺёрҹҢ§пёҸрҹҳірҹ‘»рҹҸіпёҸвҖҚрҹҢҲрҹҳӮрҹ’һрҹҸҙвҖҚвҳ"] = CFrame.new(-0.000000, 0.000000, 0.000000, 0.933776, -0.357858, 0.000000, 0.357858, 0.933776, 0.000000, 0.000000, 0.000000, 1.000000)
    }},
    { Time = 0.233, Data = {
      ["Head"] = CFrame.new(0.000000, 0.000000, -0.000000, 1.000000, -0.000000, 0.000000, 0.000000, 0.923037, 0.384711, -0.000000, -0.384711, 0.923037),
      ["LeftUpperArm"] = CFrame.new(0.018404, -0.005633, 0.050931, 0.990943, 0.069977, 0.114611, -0.045887, 0.978571, -0.200731, -0.126202, 0.193654, 0.972919),
      ["LeftUpperLeg"] = CFrame.new(-0.231714, 0.017756, 0.008504, 0.917711, 0.397051, -0.012530, 0.262043, -0.628769, -0.732109, -0.298563, 0.668581, -0.681073),
      ["LowerTorso"] = CFrame.new(0.000000, -1.450003, 0.216909, 1.000000, 0.000000, 0.000000, 0.000000, -0.034849, -0.999393, 0.000000, 0.999393, -0.034849),
      ["RightUpperArm"] = CFrame.new(0.011169, -0.003986, 0.044243, 0.989752, 0.042466, -0.136334, -0.064444, 0.984834, -0.161089, 0.127425, 0.168224, 0.977478),
      ["RightUpperLeg"] = CFrame.new(0.200786, 0.036358, 0.028775, 0.936113, -0.351525, 0.011031, -0.232023, -0.640843, -0.731769, 0.264304, 0.682460, -0.681464),
      ["рҹҢ§пёҸрҹҳірҹ‘»рҹҸіпёҸвҖҚрҹҢҲрҹҳӮрҹ’һрҹҸҙвҖҚвҳ пёҸрҹҺёрҹҢ§пёҸрҹҳірҹ‘»рҹҸіпёҸвҖҚрҹҢҲрҹҳӮрҹ’һрҹҸҙвҖҚвҳ"] = CFrame.new(-0.000000, -0.000000, 0.000000, 0.933430, -0.358759, 0.000000, 0.358759, 0.933430, 0.000000, 0.000000, 0.000000, 1.000000)
    }},
    { Time = 0.250, Data = {
      ["Head"] = CFrame.new(0.000000, 0.000000, -0.000000, 1.000000, -0.000000, 0.000000, 0.000000, 0.922969, 0.384873, -0.000000, -0.384873, 0.922969),
      ["LeftUpperArm"] = CFrame.new(0.017687, -0.005774, 0.051890, 0.991030, 0.067254, 0.115480, -0.042595, 0.978034, -0.204049, -0.126666, 0.197300, 0.972126),
      ["LeftUpperLeg"] = CFrame.new(-0.232301, 0.018722, 0.007555, 0.916538, 0.399700, -0.014076, 0.263974, -0.630999, -0.729492, -0.300460, 0.664891, -0.683845),
      ["LowerTorso"] = CFrame.new(0.000000, -1.448371, 0.219125, 1.000000, 0.000000, 0.000000, 0.000000, -0.036528, -0.999333, 0.000000, 0.999333, -0.036528),
      ["RightUpperArm"] = CFrame.new(0.013349, -0.004126, 0.044455, 0.988822, 0.050755, -0.140196, -0.073286, 0.984304, -0.160548, 0.129847, 0.169028, 0.977021),
      ["RightUpperLeg"] = CFrame.new(0.201275, 0.037298, 0.027874, 0.935134, -0.354079, 0.012369, -0.233904, -0.643218, -0.729082, 0.266108, 0.678896, -0.684315),
      ["рҹҢ§пёҸрҹҳірҹ‘»рҹҸіпёҸвҖҚрҹҢҲрҹҳӮрҹ’һрҹҸҙвҖҚвҳ пёҸрҹҺёрҹҢ§пёҸрҹҳірҹ‘»рҹҸіпёҸвҖҚрҹҢҲрҹҳӮрҹ’һрҹҸҙвҖҚвҳ"] = CFrame.new(-0.000000, 0.000000, 0.000000, 0.933336, -0.359005, 0.000000, 0.359005, 0.933336, 0.000000, 0.000000, 0.000000, 1.000000)
    }},
    { Time = 0.267, Data = {
      ["Head"] = CFrame.new(0.000000, 0.000000, -0.000000, 1.000000, -0.000000, 0.000000, 0.000000, 0.923037, 0.384711, -0.000000, -0.384711, 0.923037),
      ["LeftUpperArm"] = CFrame.new(0.016996, -0.005927, 0.052870, 0.991104, 0.064624, 0.116346, -0.039380, 0.977452, -0.207452, -0.127129, 0.201025, 0.971302),
      ["LeftUpperLeg"] = CFrame.new(-0.232892, 0.019683, 0.006605, 0.915356, 0.402343, -0.015612, 0.265898, -0.633141, -0.726932, -0.302361, 0.661251, -0.686532),
      ["LowerTorso"] = CFrame.new(0.000000, -1.446858, 0.221340, 1.000000, 0.000000, 0.000000, 0.000000, -0.038085, -0.999275, 0.000000, 0.999275, -0.038085),
      ["RightUpperArm"] = CFrame.new(0.015552, -0.004283, 0.044651, 0.987801, 0.059130, -0.144060, -0.082202, 0.983707, -0.159885, 0.132259, 0.169776, 0.976567),
      ["RightUpperLeg"] = CFrame.new(0.201755, 0.038198, 0.026986, 0.934175, -0.356551, 0.013734, -0.235703, -0.645533, -0.726451, 0.267883, 0.675395, -0.687081),
      ["рҹҢ§пёҸрҹҳірҹ‘»рҹҸіпёҸвҖҚрҹҢҲрҹҳӮрҹ’һрҹҸҙвҖҚвҳ пёҸрҹҺёрҹҢ§пёҸрҹҳірҹ‘»рҹҸіпёҸвҖҚрҹҢҲрҹҳӮрҹ’һрҹҸҙвҖҚвҳ"] = CFrame.new(-0.000000, 0.000000, 0.000000, 0.933430, -0.358759, 0.000000, 0.358759, 0.933430, 0.000000, 0.000000, 0.000000, 1.000000)
    }},
    { Time = 0.283, Data = {
      ["Head"] = CFrame.new(0.000000, 0.000000, -0.000000, 1.000000, -0.000000, 0.000000, 0.000000, 0.923240, 0.384223, -0.000000, -0.384223, 0.923240),
      ["LeftUpperArm"] = CFrame.new(0.016281, -0.006080, 0.053829, 0.991173, 0.061906, 0.117235, -0.036084, 0.976871, -0.210762, -0.127571, 0.204671, 0.970482),
      ["LeftUpperLeg"] = CFrame.new(-0.233464, 0.020636, 0.005718, 0.914213, 0.404872, -0.017136, 0.267803, -0.635362, -0.724291, -0.304133, 0.657567, -0.689282),
      ["LowerTorso"] = CFrame.new(0.000000, -1.445347, 0.223532, 1.000000, 0.000000, 0.000000, 0.000000, -0.039641, -0.999214, 0.000000, 0.999214, -0.039641),
      ["RightUpperArm"] = CFrame.new(0.017707, -0.004456, 0.044852, 0.986707, 0.067327, -0.147906, -0.090941, 0.983048, -0.159203, 0.134680, 0.170537, 0.976104),
      ["RightUpperLeg"] = CFrame.new(0.202252, 0.039139, 0.026087, 0.933180, -0.359093, 0.015075, -0.237585, -0.647801, -0.723815, 0.269682, 0.671868, -0.689830),
      ["рҹҢ§пёҸрҹҳірҹ‘»рҹҸіпёҸвҖҚрҹҢҲрҹҳӮрҹ’һрҹҸҙвҖҚвҳ пёҸрҹҺёрҹҢ§пёҸрҹҳірҹ‘»рҹҸіпёҸвҖҚрҹҢҲрҹҳӮрҹ’һрҹҸҙвҖҚвҳ"] = CFrame.new(-0.000000, 0.000000, 0.000000, 0.933776, -0.357858, 0.000000, 0.357858, 0.933776, 0.000000, 0.000000, 0.000000, 1.000000)
    }},
    { Time = 0.300, Data = {
      ["Head"] = CFrame.new(0.000000, 0.000000, -0.000000, 1.000000, -0.000000, 0.000000, 0.000000, 0.923612, 0.383329, -0.000000, -0.383329, 0.923612),
      ["LeftUpperArm"] = CFrame.new(0.015611, -0.006235, 0.054762, 0.991224, 0.059358, 0.118117, -0.032963, 0.976279, -0.213992, -0.128017, 0.208220, 0.969668),
      ["LeftUpperLeg"] = CFrame.new(-0.234039, 0.021577, 0.004824, 0.913062, 0.407396, -0.018630, 0.269686, -0.637429, -0.721771, -0.305922, 0.653997, -0.691881),
      ["LowerTorso"] = CFrame.new(0.000000, -1.443838, 0.225682, 1.000000, 0.000000, 0.000000, 0.000000, -0.041195, -0.999151, 0.000000, 0.999151, -0.041195),
      ["RightUpperArm"] = CFrame.new(0.019839, -0.004650, 0.045078, 0.985550, 0.075432, -0.151658, -0.099588, 0.982310, -0.158586, 0.137013, 0.171398, 0.975628),
      ["RightUpperLeg"] = CFrame.new(0.202718, 0.040018, 0.025256, 0.932249, -0.361447, 0.016398, -0.239343, -0.650039, -0.721224, 0.271344, 0.668435, -0.692508),
      ["рҹҢ§пёҸрҹҳірҹ‘»рҹҸіпёҸвҖҚрҹҢҲрҹҳӮрҹ’һрҹҸҙвҖҚвҳ пёҸрҹҺёрҹҢ§пёҸрҹҳірҹ‘»рҹҸіпёҸвҖҚрҹҢҲрҹҳӮрҹ’һрҹҸҙвҖҚвҳ"] = CFrame.new(-0.000000, 0.000000, 0.000000, 0.934372, -0.356300, 0.000000, 0.356300, 0.934372, 0.000000, 0.000000, 0.000000, 1.000000)
    }},
    { Time = 0.317, Data = {
      ["Head"] = CFrame.new(0.000000, 0.000000, 0.000000, 1.000000, -0.000000, 0.000000, 0.000000, 0.924083, 0.382191, -0.000000, -0.382191, 0.924083),
      ["LeftUpperArm"] = CFrame.new(0.014938, -0.006391, 0.055674, 0.991277, 0.056799, 0.118925, -0.029856, 0.975686, -0.217132, -0.128366, 0.211687, 0.968871),
      ["LeftUpperLeg"] = CFrame.new(-0.234594, 0.022494, 0.003981, 0.911951, 0.409808, -0.020071, 0.271520, -0.639445, -0.719297, -0.307608, 0.650514, -0.694414),
      ["LowerTorso"] = CFrame.new(0.000000, -1.442325, 0.227763, 1.000000, 0.000000, 0.000000, 0.000000, -0.042749, -0.999086, 0.000000, 0.999086, -0.042749),
      ["RightUpperArm"] = CFrame.new(0.021882, -0.004851, 0.045280, 0.984359, 0.083202, -0.155292, -0.107873, 0.981547, -0.157886, 0.139290, 0.172168, 0.975170),
      ["RightUpperLeg"] = CFrame.new(0.203187, 0.040887, 0.024417, 0.931310, -0.363797, 0.017696, -0.241082, -0.652126, -0.718756, 0.273021, 0.665119, -0.695037),
      ["рҹҢ§пёҸрҹҳірҹ‘»рҹҸіпёҸвҖҚрҹҢҲрҹҳӮрҹ’һрҹҸҙвҖҚвҳ пёҸрҹҺёрҹҢ§пёҸрҹҳірҹ‘»рҹҸіпёҸвҖҚрҹҢҲрҹҳӮрҹ’һрҹҸҙвҖҚвҳ"] = CFrame.new(-0.000000, 0.000000, 0.000000, 0.935151, -0.354249, 0.000000, 0.354249, 0.935151, 0.000000, 0.000000, 0.000000, 1.000000)
    }},
    { Time = 0.333, Data = {
      ["Head"] = CFrame.new(0.000000, -0.000000, 0.000000, 1.000000, -0.000000, 0.000000, 0.000000, 0.924721, 0.380645, -0.000000, -0.380645, 0.924721),
      ["LeftUpperArm"] = CFrame.new(0.014330, -0.006545, 0.056537, 0.991312, 0.054488, 0.119717, -0.027015, 0.975100, -0.220115, -0.128730, 0.214968, 0.968100),
      ["LeftUpperLeg"] = CFrame.new(-0.235121, 0.023325, 0.003160, 0.910898, 0.412068, -0.021549, 0.273182, -0.641376, -0.716943, -0.309250, 0.647176, -0.696798),
      ["LowerTorso"] = CFrame.new(0.000000, -1.440934, 0.229749, 1.000000, 0.000000, 0.000000, 0.000000, -0.044182, -0.999024, 0.000000, 0.999024, -0.044182),
      ["RightUpperArm"] = CFrame.new(0.023816, -0.005057, 0.045478, 0.983163, 0.090553, -0.158716, -0.115710, 0.980764, -0.157203, 0.141428, 0.172921, 0.974729),
      ["RightUpperLeg"] = CFrame.new(0.203631, 0.041749, 0.023670, 0.930422, -0.366003, 0.018863, -0.242806, -0.654160, -0.716324, 0.274516, 0.661904, -0.697513),
      ["рҹҢ§пёҸрҹҳірҹ‘»рҹҸіпёҸвҖҚрҹҢҲрҹҳӮрҹ’һрҹҸҙвҖҚвҳ пёҸрҹҺёрҹҢ§пёҸрҹҳірҹ‘»рҹҸіпёҸвҖҚрҹҢҲрҹҳӮрҹ’һрҹҸҙвҖҚвҳ"] = CFrame.new(-0.000000, 0.000000, 0.000000, 0.936142, -0.351622, 0.000000, 0.351622, 0.936142, 0.000000, 0.000000, 0.000000, 1.000000)
    }},
    { Time = 0.350, Data = {
      ["Head"] = CFrame.new(0.000000, 0.000000, -0.000000, 1.000000, -0.000000, 0.000000, 0.000000, 0.925456, 0.378854, -0.000000, -0.378854, 0.925456),
      ["LeftUpperArm"] = CFrame.new(0.013721, -0.006694, 0.057355, 0.991339, 0.052170, 0.120522, -0.024184, 0.974536, -0.222925, -0.129083, 0.218079, 0.967357),
      ["LeftUpperLeg"] = CFrame.new(-0.235634, 0.024171, 0.002399, 0.909871, 0.414262, -0.022822, 0.274873, -0.643097, -0.714753, -0.310772, 0.644060, -0.699005),
      ["LowerTorso"] = CFrame.new(0.000000, -1.439659, 0.231619, 1.000000, 0.000000, 0.000000, 0.000000, -0.045494, -0.998965, 0.000000, 0.998965, -0.045494),
      ["RightUpperArm"] = CFrame.new(0.025661, -0.005268, 0.045673, 0.981965, 0.097571, -0.161940, -0.123186, 0.979960, -0.156534, 0.143421, 0.173660, 0.974306),
      ["RightUpperLeg"] = CFrame.new(0.204049, 0.042519, 0.022939, 0.929587, -0.368057, 0.020053, -0.244345, -0.656039, -0.714079, 0.275978, 0.658898, -0.699779),
      ["рҹҢ§пёҸрҹҳірҹ‘»рҹҸіпёҸвҖҚрҹҢҲрҹҳӮрҹ’һрҹҸҙвҖҚвҳ пёҸрҹҺёрҹҢ§пёҸрҹҳірҹ‘»рҹҸіпёҸвҖҚрҹҢҲрҹҳӮрҹ’һрҹҸҙвҖҚвҳ"] = CFrame.new(-0.000000, 0.000000, 0.000000, 0.937309, -0.348499, 0.000000, 0.348499, 0.937309, 0.000000, 0.000000, 0.000000, 1.000000)
    }},
    { Time = 0.367, Data = {
      ["Head"] = CFrame.new(0.000000, 0.000000, -0.000000, 1.000000, -0.000000, 0.000000, 0.000000, 0.926320, 0.376737, -0.000000, -0.376737, 0.926320),
      ["LeftUpperArm"] = CFrame.new(0.013174, -0.006839, 0.058125, 0.991361, 0.050091, 0.121224, -0.021629, 0.973985, -0.225577, -0.129369, 0.221006, 0.966654),
      ["LeftUpperLeg"] = CFrame.new(-0.236093, 0.024909, 0.001713, 0.908954, 0.416201, -0.024086, 0.276350, -0.644772, -0.712671, -0.312144, 0.641128, -0.701085),
      ["LowerTorso"] = CFrame.new(0.000000, -1.438383, 0.233358, 1.000000, 0.000000, 0.000000, 0.000000, -0.046805, -0.998904, 0.000000, 0.998904, -0.046805),
      ["RightUpperArm"] = CFrame.new(0.027352, -0.005475, 0.045857, 0.980805, 0.104000, -0.164942, -0.130046, 0.979174, -0.155905, 0.145293, 0.174362, 0.973903),
      ["RightUpperLeg"] = CFrame.new(0.204447, 0.043256, 0.022254, 0.928790, -0.370002, 0.021171, -0.245821, -0.657803, -0.711946, 0.277348, 0.656044, -0.701915),
      ["рҹҢ§пёҸрҹҳірҹ‘»рҹҸіпёҸвҖҚрҹҢҲрҹҳӮрҹ’һрҹҸҙвҖҚвҳ пёҸрҹҺёрҹҢ§пёҸрҹҳірҹ‘»рҹҸіпёҸвҖҚрҹҢҲрҹҳӮрҹ’һрҹҸҙвҖҚвҳ"] = CFrame.new(-0.000000, -0.000000, 0.000000, 0.938647, -0.344880, 0.000000, 0.344880, 0.938647, 0.000000, 0.000000, 0.000000, 1.000000)
    }},
    { Time = 0.383, Data = {
      ["Head"] = CFrame.new(0.000000, 0.000000, -0.000000, 1.000000, -0.000000, 0.000000, 0.000000, 0.927278, 0.374373, -0.000000, -0.374373, 0.927278),
      ["LeftUpperArm"] = CFrame.new(0.012689, -0.006968, 0.058801, 0.991368, 0.048249, 0.121910, -0.019353, 0.973491, -0.227905, -0.129674, 0.223578, 0.966021),
      ["LeftUpperLeg"] = CFrame.new(-0.236521, 0.025616, 0.001095, 0.908097, 0.418004, -0.025156, 0.277764, -0.646210, -0.710816, -0.313380, 0.638502, -0.702928),
      ["LowerTorso"] = CFrame.new(0.000000, -1.437224, 0.234941, 1.000000, 0.000000, 0.000000, 0.000000, -0.047997, -0.998847, 0.000000, 0.998847, -0.047997),
      ["RightUpperArm"] = CFrame.new(0.028891, -0.005674, 0.046030, 0.979709, 0.109850, -0.167639, -0.136283, 0.978418, -0.155325, 0.146959, 0.175020, 0.973535),
      ["RightUpperLeg"] = CFrame.new(0.204804, 0.043927, 0.021657, 0.928076, -0.371733, 0.022136, -0.247164, -0.659355, -0.710043, 0.278542, 0.653503, -0.703810),
      ["рҹҢ§пёҸрҹҳірҹ‘»рҹҸіпёҸвҖҚрҹҢҲрҹҳӮрҹ’һрҹҸҙвҖҚвҳ пёҸрҹҺёрҹҢ§пёҸрҹҳірҹ‘»рҹҸіпёҸвҖҚрҹҢҲрҹҳӮрҹ’һрҹҸҙвҖҚвҳ"] = CFrame.new(-0.000000, 0.000000, 0.000000, 0.940149, -0.340763, 0.000000, 0.340763, 0.940149, 0.000000, 0.000000, 0.000000, 1.000000)
    }},
    { Time = 0.400, Data = {
      ["Head"] = CFrame.new(0.000000, 0.000000, 0.000000, 1.000000, -0.000000, 0.000000, 0.000000, 0.928328, 0.371763, -0.000000, -0.371763, 0.928328),
      ["LeftUpperArm"] = CFrame.new(0.012244, -0.007087, 0.059409, 0.991376, 0.046555, 0.122502, -0.017275, 0.973040, -0.229987, -0.129906, 0.225887, 0.965453),
      ["LeftUpperLeg"] = CFrame.new(-0.236910, 0.026245, 0.000528, 0.907319, 0.419629, -0.026162, 0.279022, -0.647512, -0.709137, -0.314514, 0.636113, -0.704586),
      ["LowerTorso"] = CFrame.new(0.000000, -1.436300, 0.236346, 1.000000, 0.000000, 0.000000, 0.000000, -0.048949, -0.998801, 0.000000, 0.998801, -0.048949),
      ["RightUpperArm"] = CFrame.new(0.030255, -0.005859, 0.046189, 0.978702, 0.115036, -0.170025, -0.141813, 0.977713, -0.154808, 0.148427, 0.175622, 0.973204),
      ["RightUpperLeg"] = CFrame.new(0.205127, 0.044522, 0.021113, 0.927431, -0.373283, 0.023042, -0.248352, -0.660761, -0.708319, 0.279629, 0.651195, -0.705516),
      ["рҹҢ§пёҸрҹҳірҹ‘»рҹҸіпёҸвҖҚрҹҢҲрҹҳӮрҹ’һрҹҸҙвҖҚвҳ пёҸрҹҺёрҹҢ§пёҸрҹҳірҹ‘»рҹҸіпёҸвҖҚрҹҢҲрҹҳӮрҹ’һрҹҸҙвҖҚвҳ"] = CFrame.new(-0.000000, 0.000000, 0.000000, 0.941781, -0.336228, 0.000000, 0.336228, 0.941781, 0.000000, 0.000000, 0.000000, 1.000000)
    }},
    { Time = 0.417, Data = {
      ["Head"] = CFrame.new(0.000000, 0.000000, 0.000000, 1.000000, -0.000000, 0.000000, 0.000000, 0.929435, 0.368987, -0.000000, -0.368987, 0.929435),
      ["LeftUpperArm"] = CFrame.new(0.011859, -0.007194, 0.059946, 0.991383, 0.045092, 0.122988, -0.015479, 0.972633, -0.231829, -0.130076, 0.227928, 0.964950),
      ["LeftUpperLeg"] = CFrame.new(-0.237235, 0.026775, 0.000065, 0.906671, 0.420970, -0.027058, 0.280082, -0.648714, -0.707619, -0.315440, 0.633999, -0.706076),
      ["LowerTorso"] = CFrame.new(0.000000, -1.435372, 0.237569, 1.000000, 0.000000, 0.000000, 0.000000, -0.049902, -0.998754, 0.000000, 0.998754, -0.049902),
      ["RightUpperArm"] = CFrame.new(0.031442, -0.006028, 0.046333, 0.977783, 0.119552, -0.172185, -0.146645, 0.977073, -0.154351, 0.149784, 0.176172, 0.972897),
      ["RightUpperLeg"] = CFrame.new(0.205413, 0.045032, 0.020618, 0.926858, -0.374653, 0.023870, -0.249373, -0.661960, -0.706839, 0.280621, 0.649187, -0.706972),
      ["рҹҢ§пёҸрҹҳірҹ‘»рҹҸіпёҸвҖҚрҹҢҲрҹҳӮрҹ’һрҹҸҙвҖҚвҳ пёҸрҹҺёрҹҢ§пёҸрҹҳірҹ‘»рҹҸіпёҸвҖҚрҹҢҲрҹҳӮрҹ’һрҹҸҙвҖҚвҳ"] = CFrame.new(-0.000000, 0.000000, 0.000000, 0.943506, -0.331356, 0.000000, 0.331356, 0.943506, 0.000000, 0.000000, 0.000000, 1.000000)
    }},
    { Time = 0.433, Data = {
      ["Head"] = CFrame.new(0.000000, 0.000000, -0.000000, 1.000000, -0.000000, 0.000000, 0.000000, 0.930629, 0.365963, -0.000000, -0.365963, 0.930629),
      ["LeftUpperArm"] = CFrame.new(0.011536, -0.007284, 0.060389, 0.991380, 0.043865, 0.123454, -0.013962, 0.972293, -0.233349, -0.130269, 0.229614, 0.964525),
      ["LeftUpperLeg"] = CFrame.new(-0.237518, 0.027204, -0.000368, 0.906104, 0.422139, -0.027826, 0.280938, -0.649592, -0.706473, -0.316306, 0.632320, -0.707193),
      ["LowerTorso"] = CFrame.new(0.000000, -1.434678, 0.238586, 1.000000, 0.000000, 0.000000, 0.000000, -0.050616, -0.998718, 0.000000, 0.998718, -0.050616),
      ["RightUpperArm"] = CFrame.new(0.032417, -0.006167, 0.046433, 0.977029, 0.123259, -0.173846, -0.150584, 0.976543, -0.153908, 0.150797, 0.176551, 0.972672),
      ["RightUpperLeg"] = CFrame.new(0.205635, 0.045447, 0.020256, 0.926415, -0.375708, 0.024479, -0.250202, -0.662922, -0.705644, 0.281344, 0.647595, -0.708144),
      ["рҹҢ§пёҸрҹҳірҹ‘»рҹҸіпёҸвҖҚрҹҢҲрҹҳӮрҹ’һрҹҸҙвҖҚвҳ пёҸрҹҺёрҹҢ§пёҸрҹҳірҹ‘»рҹҸіпёҸвҖҚрҹҢҲрҹҳӮрҹ’һрҹҸҙвҖҚвҳ"] = CFrame.new(-0.000000, 0.000000, 0.000000, 0.945319, -0.326148, 0.000000, 0.326148, 0.945319, 0.000000, 0.000000, 0.000000, 1.000000)
    }},
    { Time = 0.450, Data = {
      ["Head"] = CFrame.new(0.000000, 0.000000, -0.000000, 1.000000, -0.000000, 0.000000, 0.000000, 0.931846, 0.362854, -0.000000, -0.362854, 0.931846),
      ["LeftUpperArm"] = CFrame.new(0.011292, -0.007350, 0.060716, 0.991388, 0.042934, 0.123720, -0.012836, 0.972040, -0.234466, -0.130327, 0.230859, 0.964219),
      ["LeftUpperLeg"] = CFrame.new(-0.237744, 0.027585, -0.000674, 0.905652, 0.423071, -0.028372, 0.281703, -0.650342, -0.705478, -0.316918, 0.630925, -0.708164),
      ["LowerTorso"] = CFrame.new(0.000000, -1.434100, 0.239390, 1.000000, 0.000000, 0.000000, 0.000000, -0.051210, -0.998688, 0.000000, 0.998688, -0.051210),
      ["RightUpperArm"] = CFrame.new(0.033193, -0.006285, 0.046538, 0.976395, 0.126207, -0.175281, -0.153747, 0.976095, -0.153626, 0.151703, 0.176949, 0.972458),
      ["RightUpperLeg"] = CFrame.new(0.205820, 0.045783, 0.019947, 0.926045, -0.376583, 0.025025, -0.250875, -0.663746, -0.704630, 0.281962, 0.646240, -0.709134),
      ["рҹҢ§пёҸрҹҳірҹ‘»рҹҸіпёҸвҖҚрҹҢҲрҹҳӮрҹ’һрҹҸҙвҖҚвҳ пёҸрҹҺёрҹҢ§пёҸрҹҳірҹ‘»рҹҸіпёҸвҖҚрҹҢҲрҹҳӮрҹ’һрҹҸҙвҖҚвҳ"] = CFrame.new(-0.000000, 0.000000, 0.000000, 0.947187, -0.320683, 0.000000, 0.320683, 0.947187, 0.000000, 0.000000, 0.000000, 1.000000)
    }},
    { Time = 0.467, Data = {
      ["Head"] = CFrame.new(0.000000, -0.000000, 0.000000, 1.000000, -0.000000, 0.000000, 0.000000, 0.933115, 0.359579, -0.000000, -0.359579, 0.933115),
      ["LeftUpperArm"] = CFrame.new(0.011110, -0.007403, 0.060973, 0.991387, 0.042244, 0.123962, -0.011984, 0.971838, -0.235346, -0.130413, 0.231834, 0.963974),
      ["LeftUpperLeg"] = CFrame.new(-0.237903, 0.027852, -0.000892, 0.905334, 0.423725, -0.028765, 0.282237, -0.650872, -0.704775, -0.317353, 0.629939, -0.708847),
      ["LowerTorso"] = CFrame.new(0.000000, -1.433756, 0.239967, 1.000000, 0.000000, 0.000000, 0.000000, -0.051567, -0.998670, 0.000000, 0.998670, -0.051567),
      ["RightUpperArm"] = CFrame.new(0.033756, -0.006369, 0.046596, 0.975947, 0.128349, -0.176220, -0.156019, 0.975775, -0.153366, 0.152266, 0.177171, 0.972330),
      ["RightUpperLeg"] = CFrame.new(0.205960, 0.046044, 0.019717, 0.925763, -0.377251, 0.025395, -0.251398, -0.664307, -0.703914, 0.282422, 0.645274, -0.709831),
      ["рҹҢ§пёҸрҹҳірҹ‘»рҹҸіпёҸвҖҚрҹҢҲрҹҳӮрҹ’һрҹҸҙвҖҚвҳ пёҸрҹҺёрҹҢ§пёҸрҹҳірҹ‘»рҹҸіпёҸвҖҚрҹҢҲрҹҳӮрҹ’һрҹҸҙвҖҚвҳ"] = CFrame.new(-0.000000, 0.000000, 0.000000, 0.949077, -0.315044, 0.000000, 0.315044, 0.949077, 0.000000, 0.000000, 0.000000, 1.000000)
    }},
    { Time = 0.483, Data = {
      ["Head"] = CFrame.new(0.000000, 0.000000, 0.000000, 1.000000, -0.000000, 0.000000, 0.000000, 0.934372, 0.356300, -0.000000, -0.356300, 0.934372),
      ["LeftUpperArm"] = CFrame.new(0.011013, -0.007438, 0.061135, 0.991377, 0.041875, 0.124171, -0.011496, 0.971707, -0.235911, -0.130536, 0.232449, 0.963809),
      ["LeftUpperLeg"] = CFrame.new(-0.238003, 0.027987, -0.001059, 0.905133, 0.424133, -0.029080, 0.282505, -0.651183, -0.704380, -0.317688, 0.629342, -0.709227),
      ["LowerTorso"] = CFrame.new(0.000000, -1.433525, 0.240317, 1.000000, 0.000000, 0.000000, 0.000000, -0.051805, -0.998657, 0.000000, 0.998657, -0.051805),
      ["RightUpperArm"] = CFrame.new(0.034102, -0.006422, 0.046633, 0.975662, 0.129664, -0.176836, -0.157420, 0.975576, -0.153202, 0.152652, 0.177311, 0.972244),
      ["RightUpperLeg"] = CFrame.new(0.206042, 0.046192, 0.019581, 0.925599, -0.377637, 0.025620, -0.251694, -0.664636, -0.703498, 0.282694, 0.644709, -0.710236),
      ["рҹҢ§пёҸрҹҳірҹ‘»рҹҸіпёҸвҖҚрҹҢҲрҹҳӮрҹ’һрҹҸҙвҖҚвҳ пёҸрҹҺёрҹҢ§пёҸрҹҳірҹ‘»рҹҸіпёҸвҖҚрҹҢҲрҹҳӮрҹ’һрҹҸҙвҖҚвҳ"] = CFrame.new(-0.000000, 0.000000, 0.000000, 0.950987, -0.309230, 0.000000, 0.309230, 0.950987, 0.000000, 0.000000, 0.000000, 1.000000)
    }},
    { Time = 0.500, Data = {
      ["Head"] = CFrame.new(0.000000, -0.000000, 0.000000, 1.000000, -0.000000, 0.000000, 0.000000, 0.935648, 0.352935, -0.000000, -0.352935, 0.935648),
      ["LeftUpperArm"] = CFrame.new(0.010971, -0.007447, 0.061182, 0.991382, 0.041714, 0.124188, -0.011313, 0.971671, -0.236069, -0.130517, 0.232629, 0.963768),
      ["LeftUpperLeg"] = CFrame.new(-0.238029, 0.028030, -0.001092, 0.905082, 0.424234, -0.029184, 0.282592, -0.651341, -0.704200, -0.317754, 0.629112, -0.709402),
      ["LowerTorso"] = CFrame.new(0.000000, -1.433408, 0.240436, 1.000000, 0.000000, 0.000000, 0.000000, -0.051923, -0.998651, 0.000000, 0.998651, -0.051923),
      ["RightUpperArm"] = CFrame.new(0.034209, -0.006438, 0.046645, 0.975571, 0.130073, -0.177039, -0.157858, 0.975513, -0.153150, 0.152783, 0.177356, 0.972215),
      ["RightUpperLeg"] = CFrame.new(0.206065, 0.046227, 0.019539, 0.925555, -0.377740, 0.025700, -0.251763, -0.664734, -0.703380, 0.282779, 0.644547, -0.710349),
      ["рҹҢ§пёҸрҹҳірҹ‘»рҹҸіпёҸвҖҚрҹҢҲрҹҳӮрҹ’һрҹҸҙвҖҚвҳ пёҸрҹҺёрҹҢ§пёҸрҹҳірҹ‘»рҹҸіпёҸвҖҚрҹҢҲрҹҳӮрҹ’һрҹҸҙвҖҚвҳ"] = CFrame.new(-0.000000, 0.000000, 0.000000, 0.952861, -0.303407, 0.000000, 0.303407, 0.952861, 0.000000, 0.000000, 0.000000, 1.000000)
    }},
    { Time = 0.517, Data = {
      ["Head"] = CFrame.new(0.000000, 0.000000, 0.000000, 1.000000, -0.000000, 0.000000, 0.000000, 0.936911, 0.349568, -0.000000, -0.349568, 0.936911),
      ["LeftUpperArm"] = CFrame.new(0.011013, -0.007438, 0.061135, 0.991377, 0.041875, 0.124171, -0.011496, 0.971707, -0.235911, -0.130536, 0.232449, 0.963809),
      ["LeftUpperLeg"] = CFrame.new(-0.238003, 0.027987, -0.001059, 0.905133, 0.424133, -0.029080, 0.282505, -0.651183, -0.704380, -0.317688, 0.629342, -0.709227),
      ["LowerTorso"] = CFrame.new(0.000000, -1.433525, 0.240317, 1.000000, 0.000000, 0.000000, 0.000000, -0.051805, -0.998657, 0.000000, 0.998657, -0.051805),
      ["RightUpperArm"] = CFrame.new(0.034102, -0.006422, 0.046633, 0.975662, 0.129664, -0.176836, -0.157420, 0.975576, -0.153202, 0.152652, 0.177311, 0.972244),
      ["RightUpperLeg"] = CFrame.new(0.206042, 0.046192, 0.019581, 0.925599, -0.377637, 0.025620, -0.251694, -0.664636, -0.703498, 0.282694, 0.644709, -0.710236),
      ["рҹҢ§пёҸрҹҳірҹ‘»рҹҸіпёҸвҖҚрҹҢҲрҹҳӮрҹ’һрҹҸҙвҖҚвҳ пёҸрҹҺёрҹҢ§пёҸрҹҳірҹ‘»рҹҸіпёҸвҖҚрҹҢҲрҹҳӮрҹ’һрҹҸҙвҖҚвҳ"] = CFrame.new(-0.000000, 0.000000, 0.000000, 0.954724, -0.297493, 0.000000, 0.297493, 0.954724, 0.000000, 0.000000, 0.000000, 1.000000)
    }},
    { Time = 0.533, Data = {
