return {
  ["Astros hump 3"] = {
    { Time = 0.000, Data = {
      ["Balls"] = CFrame.new(0.042821, 0.233810, 0.000008, 0.990270, -0.139157, 0.000000, 0.139157, 0.990270, 0.000000, 0.000000, 0.000000, 1.000000),
      ["Cock"] = CFrame.new(0.040788, 0.308420, -0.006035, 0.829128, 0.559042, -0.004304, -0.559045, 0.829137, 0.000684, 0.003951, 0.001839, 0.999991),
      ["Head"] = CFrame.new(-0.000000, 0.000015, -0.000011, 1.000000, -0.000000, 0.000000, 0.000000, 0.819156, 0.573571, -0.000000, -0.573571, 0.819156),
      ["LeftUpperArm"] = CFrame.new(-0.077876, 0.033435, -1.269364, 0.740833, -0.671688, -0.001369, -0.154762, -0.168709, -0.973440, 0.653617, 0.721369, -0.228937),
      ["LeftUpperLeg"] = CFrame.new(-0.001050, -0.020373, 0.026422, 0.997777, 0.019983, -0.063575, -0.040666, 0.938353, -0.343278, 0.052796, 0.345100, 0.937080),
      ["LowerTorso"] = CFrame.new(-0.000000, -0.046203, 0.387204, 1.000000, -0.000000, 0.000000, 0.000000, 0.996192, 0.087188, -0.000000, -0.087188, 0.996192),
      ["M6DOrbs"] = CFrame.new(0.000000, 0.000000, 0.000000, 1.000000, -0.000000, 0.000000, 0.000000, 0.984812, 0.173621, -0.000000, -0.173621, 0.984812),
      ["M6DRod"] = CFrame.new(0.000000, 0.000000, 0.000000, 1.000000, 0.000000, 0.000000, 0.000000, 0.999392, -0.034869, 0.000000, 0.034869, 0.999392),
      ["RightUpperArm"] = CFrame.new(-0.037562, -0.271744, -0.042957, 0.753677, 0.650603, 0.093206, -0.008527, 0.151480, -0.988424, -0.657190, 0.744157, 0.119715),
      ["RightUpperLeg"] = CFrame.new(0.001049, -0.020367, 0.026423, 0.997777, -0.019983, 0.063575, 0.040666, 0.938353, -0.343278, -0.052796, 0.345100, 0.937080),
      ["Tip"] = CFrame.new(-0.019691, -0.017591, 0.038369, 0.999999, -0.000627, 0.001284, 0.000582, 0.999389, 0.034955, -0.001305, -0.034955, 0.999388),
      ["cuumer"] = CFrame.new(-0.003006, -0.042510, 0.021653, 0.999989, 0.003992, 0.002469, -0.003949, 0.999846, -0.017096, -0.002537, 0.017086, 0.999851),
      ["rings"] = CFrame.new(-0.001022, 0.009386, 0.019069, 0.999991, -0.003940, 0.001795, 0.004000, 0.999390, -0.034693, -0.001657, 0.034700, 0.999396)
    }},
    { Time = 0.017, Data = {
      ["Head"] = CFrame.new(-0.000000, 0.000015, -0.000011, 1.000000, -0.000000, 0.000000, 0.000000, 0.819156, 0.573571, -0.000000, -0.573571, 0.819156),
      ["LeftUpperLeg"] = CFrame.new(-0.001050, -0.020365, 0.026420, 0.997777, 0.019986, -0.063575, -0.040664, 0.938383, -0.343195, 0.052798, 0.345017, 0.937110),
      ["LowerTorso"] = CFrame.new(-0.000000, -0.046224, 0.387091, 1.000000, -0.000000, 0.000000, 0.000000, 0.996199, 0.087102, -0.000000, -0.087102, 0.996199),
      ["M6DLowerL"] = CFrame.new(-0.000005, 0.000007, 0.000006, 1.000000, 0.000000, 0.000000, 0.000000, 1.000000, 0.000000, 0.000000, 0.000000, 1.000000),
      ["M6DLowerR"] = CFrame.new(0.000005, 0.000007, 0.000006, 1.000000, 0.000000, 0.000000, 0.000000, 1.000000, 0.000000, 0.000000, 0.000000, 1.000000),
      ["M6DOrbs"] = CFrame.new(0.000000, 0.000000, 0.000000, 1.000000, -0.000000, 0.000000, 0.000000, 0.984812, 0.173621, -0.000000, -0.173621, 0.984812),
      ["M6DRod"] = CFrame.new(0.000000, 0.000000, 0.000000, 1.000000, 0.000000, 0.000000, 0.000000, 0.999392, -0.034869, 0.000000, 0.034869, 0.999392),
      ["RightUpperLeg"] = CFrame.new(0.001049, -0.020359, 0.026420, 0.997777, -0.019986, 0.063575, 0.040664, 0.938383, -0.343195, -0.052798, 0.345017, 0.937110)
    }},
    { Time = 0.033, Data = {
      ["Head"] = CFrame.new(0.000000, 0.000016, -0.000011, 1.000000, -0.000000, 0.000000, 0.000000, 0.819052, 0.573719, -0.000000, -0.573719, 0.819052),
      ["LeftUpperLeg"] = CFrame.new(-0.001050, -0.020315, 0.026400, 0.997777, 0.019995, -0.063572, -0.040657, 0.938474, -0.342948, 0.052803, 0.344771, 0.937201),
      ["LowerTorso"] = CFrame.new(-0.000000, -0.046322, 0.386820, 1.000000, -0.000000, 0.000000, 0.000000, 0.996207, 0.087016, -0.000000, -0.087016, 0.996207),
      ["M6DLowerL"] = CFrame.new(-0.000038, 0.000059, 0.000049, 1.000000, -0.000086, -0.000086, 0.000086, 1.000000, 0.000259, 0.000086, -0.000259, 1.000000),
      ["M6DLowerR"] = CFrame.new(0.000038, 0.000059, 0.000049, 1.000000, 0.000086, 0.000086, -0.000086, 1.000000, 0.000259, -0.000086, -0.000259, 1.000000),
      ["M6DOrbs"] = CFrame.new(0.000000, 0.000000, 0.000000, 1.000000, -0.000000, 0.000000, 0.000000, 0.984812, 0.173621, -0.000000, -0.173621, 0.984812),
      ["M6DRod"] = CFrame.new(0.000000, 0.000000, 0.000000, 1.000000, 0.000000, 0.000000, 0.000000, 0.999389, -0.034955, 0.000000, 0.034955, 0.999389),
      ["RightUpperLeg"] = CFrame.new(0.001049, -0.020309, 0.026401, 0.997777, -0.019995, 0.063572, 0.040657, 0.938474, -0.342948, -0.052803, 0.344771, 0.937201)
    }},
    { Time = 0.050, Data = {
      ["Head"] = CFrame.new(0.000000, 0.000015, -0.000011, 1.000000, -0.000000, 0.000000, 0.000000, 0.818844, 0.574016, -0.000000, -0.574016, 0.818844),
      ["LeftUpperLeg"] = CFrame.new(-0.001050, -0.020178, 0.026348, 0.997777, 0.020017, -0.063565, -0.040638, 0.938715, -0.342290, 0.052818, 0.344112, 0.937442),
      ["LowerTorso"] = CFrame.new(-0.000000, -0.046599, 0.385973, 1.000000, -0.000000, 0.000000, 0.000000, 0.996237, 0.086672, -0.000000, -0.086672, 0.996237),
      ["M6DLowerL"] = CFrame.new(-0.000128, 0.000199, 0.000167, 1.000000, -0.000172, -0.000345, 0.000173, 1.000000, 0.000863, 0.000345, -0.000863, 1.000000),
      ["M6DLowerR"] = CFrame.new(0.000128, 0.000199, 0.000167, 1.000000, 0.000172, 0.000345, -0.000173, 1.000000, 0.000863, -0.000345, -0.000863, 1.000000),
      ["M6DOrbs"] = CFrame.new(0.000000, 0.000000, 0.000000, 1.000000, -0.000000, 0.000000, 0.000000, 0.984812, 0.173621, -0.000000, -0.173621, 0.984812),
      ["M6DRod"] = CFrame.new(0.000000, 0.000000, 0.000000, 1.000000, 0.000000, 0.000000, 0.000000, 0.999383, -0.035128, 0.000000, 0.035128, 0.999383),
      ["RightUpperLeg"] = CFrame.new(0.001049, -0.020172, 0.026349, 0.997777, -0.020017, 0.063565, 0.040638, 0.938715, -0.342290, -0.052818, 0.344112, 0.937442)
    }},
    { Time = 0.067, Data = {
      ["Head"] = CFrame.new(0.000000, 0.000015, -0.000011, 1.000000, -0.000000, 0.000000, 0.000000, 0.818428, 0.574609, -0.000000, -0.574609, 0.818428),
      ["LeftUpperLeg"] = CFrame.new(-0.001049, -0.019945, 0.026197, 0.997779, 0.020164, -0.063480, -0.040669, 0.939223, -0.340890, 0.052748, 0.342715, 0.937957),
      ["LowerTorso"] = CFrame.new(-0.000000, -0.047146, 0.384219, 1.000000, -0.000000, 0.000000, 0.000000, 0.996304, 0.085897, -0.000000, -0.085897, 0.996304),
      ["M6DLowerL"] = CFrame.new(-0.000304, 0.000472, 0.000396, 1.000000, -0.000344, -0.000777, 0.000346, 0.999998, 0.002072, 0.000777, -0.002072, 0.999998),
      ["M6DLowerR"] = CFrame.new(0.000304, 0.000472, 0.000396, 1.000000, 0.000344, 0.000777, -0.000346, 0.999998, 0.002072, -0.000777, -0.002072, 0.999998),
      ["M6DOrbs"] = CFrame.new(0.000000, 0.000000, 0.000000, 1.000000, -0.000000, 0.000000, 0.000000, 0.984812, 0.173621, -0.000000, -0.173621, 0.984812),
      ["M6DRod"] = CFrame.new(0.000000, 0.000000, 0.000000, 1.000000, 0.000000, 0.000000, 0.000000, 0.999374, -0.035386, 0.000000, 0.035386, 0.999374),
      ["M6DUpperL"] = CFrame.new(0.000000, 0.000000, 0.000000, 1.000000, 0.000086, -0.000432, -0.000086, 1.000000, 0.000432, 0.000432, -0.000432, 1.000000),
      ["M6DUpperR"] = CFrame.new(0.000000, 0.000000, 0.000000, 1.000000, -0.000086, 0.000432, 0.000086, 1.000000, 0.000432, -0.000432, -0.000432, 1.000000),
      ["RightUpperLeg"] = CFrame.new(0.001048, -0.019939, 0.026198, 0.997779, -0.020164, 0.063480, 0.040669, 0.939223, -0.340890, -0.052748, 0.342715, 0.937957)
    }},
    { Time = 0.083, Data = {
      ["Head"] = CFrame.new(0.000000, 0.000015, -0.000011, 1.000000, -0.000000, 0.000000, 0.000000, 0.817751, 0.575572, -0.000000, -0.575572, 0.817751),
      ["LeftUpperLeg"] = CFrame.new(-0.001049, -0.019582, 0.025973, 0.997779, 0.020424, -0.063401, -0.040761, 0.940024, -0.338663, 0.052681, 0.340495, 0.938769),
      ["LowerTorso"] = CFrame.new(-0.000000, -0.048033, 0.381485, 1.000000, -0.000000, 0.000000, 0.000000, 0.996400, 0.084778, -0.000000, -0.084778, 0.996400),
      ["M6DLowerL"] = CFrame.new(-0.000593, 0.000921, 0.000773, 0.999999, -0.000687, -0.001555, 0.000694, 0.999992, 0.003970, 0.001552, -0.003971, 0.999991),
      ["M6DLowerR"] = CFrame.new(0.000593, 0.000921, 0.000773, 0.999999, 0.000687, 0.001555, -0.000694, 0.999992, 0.003970, -0.001552, -0.003971, 0.999991),
      ["M6DOrbs"] = CFrame.new(0.000000, 0.000000, 0.000000, 1.000000, -0.000000, 0.000000, 0.000000, 0.984812, 0.173621, -0.000000, -0.173621, 0.984812),
      ["M6DRod"] = CFrame.new(0.000000, 0.000000, 0.000000, 1.000000, 0.000000, 0.000000, 0.000000, 0.999355, -0.035904, 0.000000, 0.035904, 0.999355),
      ["M6DUpperL"] = CFrame.new(0.000000, 0.000000, 0.000000, 1.000000, 0.000173, -0.000777, -0.000172, 1.000000, 0.000777, 0.000777, -0.000777, 0.999999),
      ["M6DUpperR"] = CFrame.new(0.000000, 0.000000, 0.000000, 1.000000, -0.000173, 0.000777, 0.000172, 1.000000, 0.000777, -0.000777, -0.000777, 0.999999),
      ["RightUpperLeg"] = CFrame.new(0.001048, -0.019576, 0.025974, 0.997779, -0.020424, 0.063401, 0.040761, 0.940024, -0.338663, -0.052681, 0.340495, 0.938769)
    }},
    { Time = 0.100, Data = {
      ["Head"] = CFrame.new(0.000000, 0.000015, -0.000011, 1.000000, -0.000000, 0.000000, 0.000000, 0.816760, 0.576978, -0.000000, -0.576978, 0.816760),
      ["LeftUpperLeg"] = CFrame.new(-0.001051, -0.019045, 0.025659, 0.997776, 0.020805, -0.063324, -0.040909, 0.941201, -0.335360, 0.052624, 0.337205, 0.939959),
      ["LowerTorso"] = CFrame.new(-0.000000, -0.049366, 0.377268, 1.000000, -0.000000, 0.000000, 0.000000, 0.996552, 0.082970, -0.000000, -0.082970, 0.996552),
      ["M6DLowerL"] = CFrame.new(-0.001025, 0.001592, 0.001336, 0.999996, -0.001200, -0.002594, 0.001217, 0.999975, 0.006904, 0.002585, -0.006907, 0.999973),
      ["M6DLowerR"] = CFrame.new(0.001025, 0.001592, 0.001336, 0.999996, 0.001200, 0.002594, -0.001217, 0.999975, 0.006904, -0.002585, -0.006907, 0.999973),
      ["M6DOrbs"] = CFrame.new(0.000000, 0.000000, 0.000000, 1.000000, -0.000000, 0.000000, 0.000000, 0.984812, 0.173621, -0.000000, -0.173621, 0.984812),
      ["M6DRod"] = CFrame.new(0.000000, 0.000000, 0.000000, 1.000000, 0.000000, 0.000000, 0.000000, 0.999330, -0.036594, 0.000000, 0.036594, 0.999330),
      ["M6DUpperL"] = CFrame.new(0.000000, 0.000000, 0.000000, 0.999999, 0.000346, -0.001381, -0.000344, 0.999999, 0.001381, 0.001381, -0.001381, 0.999998),
      ["M6DUpperR"] = CFrame.new(0.000000, 0.000000, 0.000000, 0.999999, -0.000346, 0.001381, 0.000344, 0.999999, 0.001381, -0.001381, -0.001381, 0.999998),
      ["RightUpperLeg"] = CFrame.new(0.001049, -0.019039, 0.025660, 0.997776, -0.020805, 0.063324, 0.040909, 0.941201, -0.335360, -0.052624, 0.337205, 0.939959)
    }},
    { Time = 0.117, Data = {
      ["Head"] = CFrame.new(0.000000, 0.000015, -0.000011, 1.000000, -0.000000, 0.000000, 0.000000, 0.815294, 0.579048, -0.000000, -0.579048, 0.815294),
      ["LeftUpperLeg"] = CFrame.new(-0.001050, -0.018241, 0.025205, 0.997778, 0.021245, -0.063146, -0.041006, 0.942832, -0.330735, 0.052510, 0.332590, 0.941609),
      ["LowerTorso"] = CFrame.new(-0.000000, -0.051212, 0.371495, 1.000000, -0.000000, 0.000000, 0.000000, 0.996750, 0.080559, -0.000000, -0.080559, 0.996750),
      ["M6DLowerL"] = CFrame.new(-0.001628, 0.002528, 0.002121, 0.999990, -0.001876, -0.004154, 0.001922, 0.999938, 0.010959, 0.004133, -0.010967, 0.999931),
      ["M6DLowerR"] = CFrame.new(0.001628, 0.002528, 0.002121, 0.999990, 0.001876, 0.004154, -0.001922, 0.999938, 0.010959, -0.004133, -0.010967, 0.999931),
      ["M6DOrbs"] = CFrame.new(0.000000, 0.000000, 0.000000, 1.000000, -0.000000, 0.000000, 0.000000, 0.984812, 0.173621, -0.000000, -0.173621, 0.984812),
      ["M6DRod"] = CFrame.new(0.000000, 0.000000, 0.000000, 1.000000, 0.000000, 0.000000, 0.000000, 0.999295, -0.037543, 0.000000, 0.037543, 0.999295),
      ["M6DUpperL"] = CFrame.new(0.000000, 0.000000, 0.000000, 0.999997, 0.000607, -0.002157, -0.000602, 0.999997, 0.002245, 0.002159, -0.002244, 0.999995),
      ["M6DUpperR"] = CFrame.new(0.000000, 0.000000, 0.000000, 0.999997, -0.000607, 0.002157, 0.000602, 0.999997, 0.002245, -0.002159, -0.002244, 0.999995),
      ["RightUpperLeg"] = CFrame.new(0.001048, -0.018235, 0.025206, 0.997778, -0.021245, 0.063146, 0.041006, 0.942832, -0.330735, -0.052510, 0.332590, 0.941609)
    }},
    { Time = 0.133, Data = {
      ["Head"] = CFrame.new(0.000000, 0.000015, -0.000011, 1.000000, -0.000000, 0.000000, 0.000000, 0.813400, 0.581705, -0.000000, -0.581705, 0.813400),
      ["LeftUpperLeg"] = CFrame.new(-0.001047, -0.017169, 0.024587, 0.997782, 0.021835, -0.062878, -0.041131, 0.944980, -0.324532, 0.052332, 0.326399, 0.943782),
      ["LowerTorso"] = CFrame.new(-0.000000, -0.053664, 0.363749, 1.000000, -0.000000, 0.000000, 0.000000, 0.997009, 0.077287, -0.000000, -0.077287, 0.997009),
      ["M6DLowerL"] = CFrame.new(-0.002431, 0.003774, 0.003166, 0.999977, -0.002798, -0.006238, 0.002899, 0.999861, 0.016392, 0.006192, -0.016409, 0.999846),
      ["M6DLowerR"] = CFrame.new(0.002431, 0.003774, 0.003166, 0.999977, 0.002798, 0.006238, -0.002899, 0.999861, 0.016392, -0.006192, -0.016409, 0.999846),
      ["M6DOrbs"] = CFrame.new(0.000000, 0.000000, 0.000000, 1.000000, -0.000000, 0.000000, 0.000000, 0.984812, 0.173621, -0.000000, -0.173621, 0.984812),
      ["M6DRod"] = CFrame.new(0.000000, 0.000000, 0.000000, 1.000000, 0.000000, 0.000000, 0.000000, 0.999246, -0.038838, 0.000000, 0.038838, 0.999246),
      ["M6DUpperL"] = CFrame.new(0.000000, 0.000000, 0.000000, 0.999995, 0.000868, -0.003192, -0.000858, 0.999994, 0.003282, 0.003195, -0.003279, 0.999990),
      ["M6DUpperR"] = CFrame.new(0.000000, 0.000000, 0.000000, 0.999995, -0.000868, 0.003192, 0.000858, 0.999994, 0.003282, -0.003195, -0.003279, 0.999990),
      ["RightUpperLeg"] = CFrame.new(0.001046, -0.017163, 0.024588, 0.997782, -0.021835, 0.062878, 0.041131, 0.944980, -0.324532, -0.052332, 0.326399, 0.943782)
    }},
    { Time = 0.135, Data = {
      ["LeftUpperArm"] = CFrame.new(-0.102658, 0.027846, -1.243978, 0.736894, -0.676008, 0.000003, -0.153930, -0.167799, -0.973729, 0.658250, 0.717535, -0.227708)
    }},
    { Time = 0.150, Data = {
      ["Head"] = CFrame.new(0.000000, 0.000015, -0.000011, 1.000000, -0.000000, 0.000000, 0.000000, 0.810966, 0.585093, -0.000000, -0.585093, 0.810966),
      ["LeftUpperLeg"] = CFrame.new(-0.001048, -0.015836, 0.023826, 0.997781, 0.022654, -0.062613, -0.041377, 0.947693, -0.316490, 0.052168, 0.318379, 0.946527),
      ["LowerTorso"] = CFrame.new(-0.000000, -0.056797, 0.353784, 1.000000, -0.000000, 0.000000, 0.000000, 0.997327, 0.073066, -0.000000, -0.073066, 0.997327),
      ["M6DLowerL"] = CFrame.new(-0.003461, 0.005373, 0.004508, 0.999953, -0.004041, -0.008852, 0.004246, 0.999720, 0.023287, 0.008756, -0.023323, 0.999690),
      ["M6DLowerR"] = CFrame.new(0.003461, 0.005373, 0.004508, 0.999953, 0.004041, 0.008852, -0.004246, 0.999720, 0.023287, -0.008756, -0.023323, 0.999690),
      ["M6DOrbs"] = CFrame.new(0.000000, 0.000000, 0.000000, 1.000000, -0.000000, 0.000000, 0.000000, 0.984812, 0.173621, -0.000000, -0.173621, 0.984812),
      ["M6DRod"] = CFrame.new(0.000000, 0.000000, 0.000000, 1.000000, 0.000000, 0.000000, 0.000000, 0.999177, -0.040563, 0.000000, 0.040563, 0.999177),
      ["M6DUpperL"] = CFrame.new(0.000000, 0.000000, 0.000000, 0.999989, 0.001219, -0.004572, -0.001198, 0.999988, 0.004664, 0.004578, -0.004659, 0.999979),
      ["M6DUpperR"] = CFrame.new(0.000000, 0.000000, 0.000000, 0.999989, -0.001219, 0.004572, 0.001198, 0.999988, 0.004664, -0.004578, -0.004659, 0.999979),
      ["RightUpperLeg"] = CFrame.new(0.001047, -0.015830, 0.023826, 0.997781, -0.022654, 0.062613, 0.041377, 0.947693, -0.316490, -0.052168, 0.318379, 0.946527)
    }},
    { Time = 0.167, Data = {
      ["Head"] = CFrame.new(0.000000, 0.000015, -0.000011, 1.000000, -0.000000, 0.000000, 0.000000, 0.807875, 0.589353, -0.000000, -0.589353, 0.807875),
      ["LeftUpperLeg"] = CFrame.new(-0.001045, -0.014144, 0.022825, 0.997786, 0.023646, -0.062161, -0.041632, 0.950953, -0.306521, 0.051864, 0.308430, 0.949832),
      ["LowerTorso"] = CFrame.new(0.000000, -0.060685, 0.341354, 1.000000, -0.000000, 0.000000, 0.000000, 0.997698, 0.067810, -0.000000, -0.067810, 0.997698),
      ["M6DLowerL"] = CFrame.new(-0.004747, 0.007370, 0.006184, 0.999911, -0.005417, -0.012173, 0.005803, 0.999474, 0.031900, 0.011994, -0.031968, 0.999417),
      ["M6DLowerR"] = CFrame.new(0.004747, 0.007370, 0.006184, 0.999911, 0.005417, 0.012173, -0.005803, 0.999474, 0.031900, -0.011994, -0.031968, 0.999417),
      ["M6DOrbs"] = CFrame.new(0.000000, 0.000000, 0.000000, 1.000000, -0.000000, 0.000000, 0.000000, 0.984812, 0.173621, -0.000000, -0.173621, 0.984812),
      ["M6DRod"] = CFrame.new(0.000000, 0.000000, 0.000000, 1.000000, 0.000000, 0.000000, 0.000000, 0.999091, -0.042633, 0.000000, 0.042633, 0.999091),
      ["M6DUpperL"] = CFrame.new(0.000000, 0.000000, 0.000000, 0.999979, 0.001660, -0.006210, -0.001620, 0.999978, 0.006479, 0.006220, -0.006469, 0.999960),
      ["M6DUpperR"] = CFrame.new(0.000000, 0.000000, 0.000000, 0.999979, -0.001660, 0.006210, 0.001620, 0.999978, 0.006479, -0.006220, -0.006469, 0.999960),
      ["RightUpperLeg"] = CFrame.new(0.001044, -0.014138, 0.022826, 0.997786, -0.023646, 0.062161, 0.041632, 0.950953, -0.306521, -0.051864, 0.308430, 0.949832)
    }},
    { Time = 0.183, Data = {
      ["Head"] = CFrame.new(0.000000, 0.000015, -0.000011, 1.000000, -0.000000, 0.000000, 0.000000, 0.804057, 0.594552, -0.000000, -0.594552, 0.804057),
      ["LeftUpperLeg"] = CFrame.new(-0.001046, -0.012107, 0.021651, 0.997785, 0.024877, -0.061697, -0.042002, 0.954799, -0.294271, 0.051588, 0.296211, 0.953728),
      ["LowerTorso"] = CFrame.new(0.000000, -0.065393, 0.326215, 1.000000, -0.000000, 0.000000, 0.000000, 0.998111, 0.061432, -0.000000, -0.061432, 0.998111),
      ["M6DLowerL"] = CFrame.new(-0.006318, 0.009810, 0.008231, 0.999843, -0.007166, -0.016211, 0.007850, 0.999066, 0.042485, 0.015892, -0.042606, 0.998966),
      ["M6DLowerR"] = CFrame.new(0.006318, 0.009810, 0.008231, 0.999843, 0.007166, 0.016211, -0.007850, 0.999066, 0.042485, -0.015892, -0.042606, 0.998966),
      ["M6DOrbs"] = CFrame.new(0.000000, 0.000000, 0.000000, 1.000000, -0.000000, 0.000000, 0.000000, 0.984812, 0.173621, -0.000000, -0.173621, 0.984812),
      ["M6DRod"] = CFrame.new(0.000000, 0.000000, 0.000000, 1.000000, 0.000000, 0.000000, 0.000000, 0.998977, -0.045221, 0.000000, 0.045221, 0.998977),
      ["M6DUpperL"] = CFrame.new(0.000000, 0.000000, 0.000000, 0.999963, 0.002280, -0.008277, -0.002209, 0.999961, 0.008555, 0.008296, -0.008536, 0.999929),
      ["M6DUpperR"] = CFrame.new(0.000000, 0.000000, 0.000000, 0.999963, -0.002280, 0.008277, 0.002209, 0.999961, 0.008555, -0.008296, -0.008536, 0.999929),
      ["RightUpperLeg"] = CFrame.new(0.001045, -0.012101, 0.021652, 0.997785, -0.024877, 0.061697, 0.042002, 0.954799, -0.294271, -0.051588, 0.296211, 0.953728)
    }},
    { Time = 0.200, Data = {
      ["Head"] = CFrame.new(0.000000, 0.000015, -0.000011, 1.000000, -0.000000, 0.000000, 0.000000, 0.799492, 0.600677, -0.000000, -0.600677, 0.799492),
      ["LeftUpperLeg"] = CFrame.new(-0.001045, -0.009669, 0.020204, 0.997787, 0.026378, -0.061040, -0.042456, 0.959214, -0.279474, 0.051178, 0.281447, 0.958211),
      ["LowerTorso"] = CFrame.new(0.000000, -0.070986, 0.308033, 1.000000, -0.000000, 0.000000, 0.000000, 0.998554, 0.053759, -0.000000, -0.053759, 0.998554),
      ["M6DLowerL"] = CFrame.new(-0.008203, 0.012736, 0.010686, 0.999734, -0.009173, -0.021150, 0.010327, 0.998426, 0.055119, 0.020611, -0.055323, 0.998256),
      ["M6DLowerR"] = CFrame.new(0.008203, 0.012736, 0.010686, 0.999734, 0.009173, 0.021150, -0.010327, 0.998426, 0.055119, -0.020611, -0.055323, 0.998256),
      ["M6DOrbs"] = CFrame.new(0.000000, 0.000000, 0.000000, 1.000000, -0.000000, 0.000000, 0.000000, 0.984812, 0.173621, -0.000000, -0.173621, 0.984812),
      ["M6DRod"] = CFrame.new(0.000000, 0.000000, 0.000000, 1.000000, 0.000000, 0.000000, 0.000000, 0.998832, -0.048326, 0.000000, 0.048326, 0.998832),
      ["M6DUpperL"] = CFrame.new(0.000000, 0.000000, 0.000000, 0.999937, 0.002995, -0.010774, -0.002875, 0.999934, 0.011151, 0.010806, -0.011119, 0.999880),
      ["M6DUpperR"] = CFrame.new(0.000000, 0.000000, 0.000000, 0.999937, -0.002995, 0.010774, 0.002875, 0.999934, 0.011151, -0.010806, -0.011119, 0.999880),
      ["RightUpperLeg"] = CFrame.new(0.001044, -0.009663, 0.020204, 0.997787, -0.026378, 0.061040, 0.042456, 0.959214, -0.279474, -0.051178, 0.281447, 0.958211)
    }},
    { Time = 0.217, Data = {
      ["Head"] = CFrame.new(0.000000, 0.000015, -0.000011, 1.000000, -0.000000, 0.000000, 0.000000, 0.793988, 0.607933, -0.000000, -0.607933, 0.793988),
      ["LeftUpperLeg"] = CFrame.new(-0.001043, -0.006754, 0.018517, 0.997789, 0.028051, -0.060251, -0.042922, 0.964129, -0.261940, 0.050742, 0.263947, 0.963201),
      ["LowerTorso"] = CFrame.new(0.000000, -0.077522, 0.286476, 1.000000, -0.000000, 0.000000, 0.000000, 0.999004, 0.044617, -0.000000, -0.044617, 0.999004),
      ["M6DLowerL"] = CFrame.new(-0.010429, 0.016192, 0.013587, 0.999570, -0.011401, -0.027002, 0.013269, 0.997455, 0.070051, 0.026134, -0.070379, 0.997178),
      ["M6DLowerR"] = CFrame.new(0.010429, 0.016192, 0.013587, 0.999570, 0.011401, 0.027002, -0.013269, 0.997455, 0.070051, -0.026134, -0.070379, 0.997178),
      ["M6DOrbs"] = CFrame.new(0.000000, 0.000000, 0.000000, 1.000000, -0.000000, 0.000000, 0.000000, 0.984812, 0.173621, -0.000000, -0.173621, 0.984812),
      ["M6DRod"] = CFrame.new(0.000000, 0.000000, 0.000000, 1.000000, 0.000000, 0.000000, 0.000000, 0.998650, -0.051948, 0.000000, 0.051948, 0.998650),
      ["M6DUpperL"] = CFrame.new(0.000000, 0.000000, 0.000000, 0.999899, 0.003809, -0.013698, -0.003615, 0.999893, 0.014182, 0.013751, -0.014131, 0.999806),
      ["M6DUpperR"] = CFrame.new(0.000000, 0.000000, 0.000000, 0.999899, -0.003809, 0.013698, 0.003615, 0.999893, 0.014182, -0.013751, -0.014131, 0.999806),
      ["RightUpperLeg"] = CFrame.new(0.001043, -0.006748, 0.018517, 0.997789, -0.028051, 0.060251, 0.042922, 0.964129, -0.261940, -0.050742, 0.263947, 0.963201)
    }},
    { Time = 0.233, Data = {
      ["Head"] = CFrame.new(0.000000, 0.000014, -0.000011, 1.000000, -0.000000, 0.000000, 0.000000, 0.787511, 0.616301, -0.000000, -0.616301, 0.787511),
      ["LeftUpperLeg"] = CFrame.new(-0.001043, -0.003363, 0.016572, 0.997788, 0.029984, -0.059326, -0.043484, 0.969454, -0.241387, 0.050276, 0.243433, 0.968614),
      ["LowerTorso"] = CFrame.new(0.000000, -0.085037, 0.261385, 1.000000, -0.000000, 0.000000, 0.000000, 0.999422, 0.034006, -0.000000, -0.034006, 0.999422),
      ["M6DLowerL"] = CFrame.new(-0.013026, 0.020224, 0.016970, 0.999331, -0.013981, -0.033788, 0.016888, 0.996035, 0.087348, 0.032433, -0.087860, 0.995605),
      ["M6DLowerR"] = CFrame.new(0.013026, 0.020224, 0.016970, 0.999331, 0.013981, 0.033788, -0.016888, 0.996035, 0.087348, -0.032433, -0.087860, 0.995605),
      ["M6DOrbs"] = CFrame.new(0.000000, 0.000000, 0.000000, 1.000000, -0.000000, 0.000000, 0.000000, 0.984812, 0.173621, -0.000000, -0.173621, 0.984812),
      ["M6DRod"] = CFrame.new(0.000000, 0.000000, 0.000000, 1.000000, 0.000000, 0.000000, 0.000000, 0.998421, -0.056173, 0.000000, 0.056173, 0.998421),
      ["M6DUpperL"] = CFrame.new(0.000000, 0.000000, 0.000000, 0.999842, 0.004727, -0.017136, -0.004423, 0.999833, 0.017734, 0.017217, -0.017655, 0.999696),
      ["M6DUpperR"] = CFrame.new(0.000000, 0.000000, 0.000000, 0.999842, -0.004727, 0.017136, 0.004423, 0.999833, 0.017734, -0.017217, -0.017655, 0.999696),
      ["RightUpperLeg"] = CFrame.new(0.001043, -0.003358, 0.016572, 0.997788, -0.029984, 0.059326, 0.043484, 0.969454, -0.241387, -0.050276, 0.243433, 0.968614)
    }},
    { Time = 0.250, Data = {
      ["Head"] = CFrame.new(0.000000, 0.000014, -0.000011, 1.000000, -0.000000, 0.000000, 0.000000, 0.779903, 0.625900, -0.000000, -0.625900, 0.779903),
      ["LeftUpperLeg"] = CFrame.new(-0.001045, 0.000507, 0.014311, 0.997785, 0.032273, -0.058171, -0.044216, 0.975070, -0.217447, 0.049703, 0.219537, 0.974337),
      ["LowerTorso"] = CFrame.new(0.000000, -0.093564, 0.232514, 1.000000, -0.000000, 0.000000, 0.000000, 0.999762, 0.021838, -0.000000, -0.021838, 0.999762),
      ["M6DLowerL"] = CFrame.new(-0.016021, 0.024874, 0.020872, 0.998986, -0.016756, -0.041785, 0.021161, 0.993998, 0.107330, 0.039736, -0.108106, 0.993345),
      ["M6DLowerR"] = CFrame.new(0.016021, 0.024874, 0.020872, 0.998986, 0.016756, 0.041785, -0.021161, 0.993998, 0.107330, -0.039736, -0.108106, 0.993345),
      ["M6DOrbs"] = CFrame.new(0.000000, 0.000000, 0.000000, 1.000000, -0.000000, 0.000000, 0.000000, 0.984812, 0.173621, -0.000000, -0.173621, 0.984812),
      ["M6DRod"] = CFrame.new(0.000000, 0.000000, 0.000000, 1.000000, 0.000000, 0.000000, 0.000000, 0.998132, -0.061087, 0.000000, 0.061087, 0.998132),
      ["M6DUpperL"] = CFrame.new(0.000000, 0.000000, 0.000000, 0.999762, 0.005839, -0.020999, -0.005381, 0.999748, 0.021810, 0.021121, -0.021691, 0.999542),
      ["M6DUpperR"] = CFrame.new(0.000000, 0.000000, 0.000000, 0.999762, -0.005839, 0.020999, 0.005381, 0.999748, 0.021810, -0.021121, -0.021691, 0.999542),
      ["RightUpperLeg"] = CFrame.new(0.001044, 0.000512, 0.014310, 0.997785, -0.032273, 0.058171, 0.044216, 0.975070, -0.217447, -0.049703, 0.219537, 0.974337)
    }},
    { Time = 0.267, Data = {
      ["Head"] = CFrame.new(0.000000, 0.000014, -0.000010, 1.000000, -0.000000, 0.000000, 0.000000, 0.771053, 0.636771, -0.000000, -0.636771, 0.771053),
      ["LeftUpperLeg"] = CFrame.new(-0.001049, 0.004930, 0.011766, 0.997776, 0.034815, -0.056841, -0.045049, 0.980733, -0.190088, 0.049128, 0.192225, 0.980120),
      ["LowerTorso"] = CFrame.new(0.000000, -0.103126, 0.199445, 1.000000, -0.000000, 0.000000, 0.000000, 0.999969, 0.007855, -0.000000, -0.007855, 0.999969),
      ["M6DLowerL"] = CFrame.new(-0.019444, 0.030188, 0.025331, 0.998511, -0.019754, -0.050846, 0.026226, 0.991172, 0.129965, 0.047830, -0.131105, 0.990214),
      ["M6DLowerR"] = CFrame.new(0.019444, 0.030188, 0.025331, 0.998511, 0.019754, 0.050846, -0.026226, 0.991172, 0.129965, -0.047830, -0.131105, 0.990214),
      ["M6DOrbs"] = CFrame.new(0.000000, 0.000000, 0.000000, 1.000000, -0.000000, 0.000000, 0.000000, 0.984812, 0.173621, -0.000000, -0.173621, 0.984812),
      ["M6DRod"] = CFrame.new(0.000000, 0.000000, 0.000000, 1.000000, 0.000000, 0.000000, 0.000000, 0.997779, -0.066604, 0.000000, 0.066604, 0.997779),
      ["M6DUpperL"] = CFrame.new(0.000000, 0.000000, 0.000000, 0.999648, 0.007157, -0.025543, -0.006480, 0.999628, 0.026497, 0.025723, -0.026322, 0.999322),
      ["M6DUpperR"] = CFrame.new(0.000000, 0.000000, 0.000000, 0.999648, -0.007157, 0.025543, 0.006480, 0.999628, 0.026497, -0.025723, -0.026322, 0.999322),
      ["RightUpperLeg"] = CFrame.new(0.001049, 0.004935, 0.011766, 0.997776, -0.034815, 0.056841, 0.045049, 0.980733, -0.190088, -0.049128, 0.192225, 0.980120)
    }},
    { Time = 0.283, Data = {
      ["Head"] = CFrame.new(0.000000, 0.000013, -0.000010, 1.000000, -0.000000, 0.000000, 0.000000, 0.760896, 0.648874, -0.000000, -0.648874, 0.760896),
      ["LeftUpperLeg"] = CFrame.new(-0.001054, 0.009954, 0.008889, 0.997765, 0.037617, -0.055221, -0.045970, 0.986244, -0.158773, 0.048489, 0.160957, 0.985770),
      ["LowerTorso"] = CFrame.new(0.000000, -0.113725, 0.161935, 1.000000, 0.000000, 0.000000, 0.000000, 0.999968, -0.008028, 0.000000, 0.008028, 0.999968),
      ["M6DLowerL"] = CFrame.new(-0.023322, 0.036209, 0.030383, 0.997853, -0.022949, -0.061349, 0.032269, 0.987302, 0.155542, 0.057000, -0.157188, 0.985922),
      ["M6DLowerR"] = CFrame.new(0.023322, 0.036209, 0.030383, 0.997853, 0.022949, 0.061349, -0.032269, 0.987302, 0.155542, -0.057000, -0.157188, 0.985922),
      ["M6DOrbs"] = CFrame.new(0.000000, 0.000000, 0.000000, 1.000000, -0.000000, 0.000000, 0.000000, 0.984812, 0.173621, -0.000000, -0.173621, 0.984812),
      ["M6DRod"] = CFrame.new(0.000000, 0.000000, 0.000000, 1.000000, 0.000000, 0.000000, 0.000000, 0.997333, -0.072980, 0.000000, 0.072980, 0.997333),
      ["M6DUpperL"] = CFrame.new(0.000000, 0.000000, 0.000000, 0.999494, 0.008685, -0.030593, -0.007712, 0.999465, 0.031798, 0.030853, -0.031546, 0.999026),
      ["M6DUpperR"] = CFrame.new(0.000000, 0.000000, 0.000000, 0.999494, -0.008685, 0.030593, 0.007712, 0.999465, 0.031798, -0.030853, -0.031546, 0.999026),
      ["RightUpperLeg"] = CFrame.new(0.001054, 0.009958, 0.008889, 0.997765, -0.037617, 0.055221, 0.045970, 0.986244, -0.158773, -0.048489, 0.160957, 0.985770)
    }},
    { Time = 0.300, Data = {
      ["Head"] = CFrame.new(0.000000, 0.000013, -0.000010, 1.000000, -0.000000, 0.000000, 0.000000, 0.749175, 0.662372, -0.000000, -0.662372, 0.749175),
      ["LeftUpperLeg"] = CFrame.new(-0.001063, 0.015568, 0.005665, 0.997747, 0.040749, -0.053293, -0.047078, 0.991230, -0.123478, 0.047794, 0.125709, 0.990915),
      ["LowerTorso"] = CFrame.new(0.000000, -0.125349, 0.119828, 1.000000, 0.000000, 0.000000, 0.000000, 0.999667, -0.025808, 0.000000, 0.025808, 0.999667),
      ["M6DLowerL"] = CFrame.new(-0.027685, 0.042983, 0.036067, 0.996981, -0.026077, -0.073133, 0.039193, 0.982127, 0.184091, 0.067026, -0.186402, 0.980185),
      ["M6DLowerR"] = CFrame.new(0.027685, 0.042983, 0.036067, 0.996981, 0.026077, 0.073133, -0.039193, 0.982127, 0.184091, -0.067026, -0.186402, 0.980185),
      ["M6DOrbs"] = CFrame.new(0.000000, 0.000000, 0.000000, 1.000000, -0.000000, 0.000000, 0.000000, 0.984812, 0.173621, -0.000000, -0.173621, 0.984812),
      ["M6DRod"] = CFrame.new(0.000000, 0.000000, 0.000000, 1.000000, 0.000000, 0.000000, 0.000000, 0.996791, -0.080043, 0.000000, 0.080043, 0.996791),
      ["M6DUpperL"] = CFrame.new(0.000000, 0.000000, 0.000000, 0.999289, 0.010436, -0.036231, -0.009065, 0.999244, 0.037801, 0.036599, -0.037445, 0.998628),
      ["M6DUpperR"] = CFrame.new(0.000000, 0.000000, 0.000000, 0.999289, -0.010436, 0.036231, 0.009065, 0.999244, 0.037801, -0.036599, -0.037445, 0.998628),
      ["RightUpperLeg"] = CFrame.new(0.001063, 0.015573, 0.005664, 0.997747, -0.040749, 0.053293, 0.047078, 0.991230, -0.123478, -0.047794, 0.125709, 0.990915)
    }},
    { Time = 0.317, Data = {
      ["Head"] = CFrame.new(0.000000, 0.000013, -0.000010, 1.000000, -0.000000, 0.000000, 0.000000, 0.735858, 0.677136, -0.000000, -0.677136, 0.735858),
      ["LeftUpperLeg"] = CFrame.new(-0.001074, 0.021857, 0.002092, 0.997723, 0.044112, -0.051012, -0.048289, 0.995315, -0.083766, 0.047078, 0.086038, 0.995179),
      ["LowerTorso"] = CFrame.new(0.000000, -0.137960, 0.072711, 1.000000, 0.000000, 0.000000, 0.000000, 0.998953, -0.045739, 0.000000, 0.045739, 0.998953),
      ["M6DLowerL"] = CFrame.new(-0.032560, 0.050552, 0.042418, 0.995829, -0.029256, -0.086421, 0.047371, 0.975313, 0.215686, 0.077977, -0.218880, 0.972631),
      ["M6DLowerR"] = CFrame.new(0.032560, 0.050552, 0.042418, 0.995829, 0.029256, 0.086421, -0.047371, 0.975313, 0.215686, -0.077977, -0.218880, 0.972631),
      ["M6DOrbs"] = CFrame.new(0.000000, 0.000000, 0.000000, 1.000000, -0.000000, 0.000000, 0.000000, 0.984812, 0.173621, -0.000000, -0.173621, 0.984812),
      ["M6DRod"] = CFrame.new(0.000000, 0.000000, 0.000000, 1.000000, 0.000000, 0.000000, 0.000000, 0.996124, -0.087963, 0.000000, 0.087963, 0.996124),
      ["M6DUpperL"] = CFrame.new(0.000000, 0.000000, 0.000000, 0.999014, 0.012423, -0.042627, -0.010527, 0.998957, 0.044421, 0.043135, -0.043929, 0.998103),
      ["M6DUpperR"] = CFrame.new(0.000000, 0.000000, 0.000000, 0.999014, -0.012423, 0.042627, 0.010527, 0.998957, 0.044421, -0.043135, -0.043929, 0.998103),
      ["RightUpperLeg"] = CFrame.new(0.001075, 0.021861, 0.002091, 0.997723, -0.044112, 0.051012, 0.048289, 0.995315, -0.083766, -0.047078, 0.086038, 0.995179)
    }},
    { Time = 0.333, Data = {
      ["Head"] = CFrame.new(0.000000, 0.000012, -0.000010, 1.000000, -0.000000, 0.000000, 0.000000, 0.720715, 0.693232, -0.000000, -0.693232, 0.720715),
      ["LeftUpperArm"] = CFrame.new(-0.176344, 0.044612, -1.158007, 0.736865, -0.670475, -0.086560, -0.146307, -0.033153, -0.988684, 0.660018, 0.741191, -0.122525),
      ["LeftUpperLeg"] = CFrame.new(-0.001090, 0.028812, -0.001882, 0.997692, 0.047770, -0.048261, -0.049697, 0.997981, -0.039558, 0.046274, 0.041866, 0.998051),
      ["LowerTorso"] = CFrame.new(0.000000, -0.151510, 0.020436, 1.000000, 0.000000, 0.000000, 0.000000, 0.997698, -0.067810, 0.000000, 0.067810, 0.997698),
      ["M6DLowerL"] = CFrame.new(-0.037977, 0.058961, 0.049474, 0.994340, -0.032245, -0.101233, 0.056840, 0.966455, 0.250466, 0.089761, -0.254802, 0.962818),
      ["M6DLowerR"] = CFrame.new(0.037977, 0.058961, 0.049474, 0.994340, 0.032245, 0.101233, -0.056840, 0.966455, 0.250466, -0.089761, -0.254802, 0.962818),
      ["M6DOrbs"] = CFrame.new(0.000000, 0.000000, 0.000000, 1.000000, -0.000000, 0.000000, 0.000000, 0.984812, 0.173621, -0.000000, -0.173621, 0.984812),
      ["M6DRod"] = CFrame.new(0.000000, 0.000000, 0.000000, 1.000000, 0.000000, 0.000000, 0.000000, 0.995301, -0.096826, 0.000000, 0.096826, 0.995301),
      ["M6DUpperL"] = CFrame.new(0.000000, 0.000000, 0.000000, 0.998661, 0.014659, -0.049602, -0.012083, 0.998583, 0.051834, 0.050292, -0.051166, 0.997423),
      ["M6DUpperR"] = CFrame.new(0.000000, 0.000000, 0.000000, 0.998661, -0.014659, 0.049602, 0.012083, 0.998583, 0.051834, -0.050292, -0.051166, 0.997423),
      ["RightUpperLeg"] = CFrame.new(0.001090, 0.028815, -0.001883, 0.997692, -0.047770, 0.048261, 0.049697, 0.997981, -0.039558, -0.046274, 0.041866, 0.998051)
    }},
    { Time = 0.350, Data = {
      ["Head"] = CFrame.new(0.000000, 0.000012, -0.000010, 1.000000, -0.000000, 0.000000, 0.000000, 0.703489, 0.710706, -0.000000, -0.710706, 0.703489),
      ["LeftUpperLeg"] = CFrame.new(-0.001110, 0.036510, -0.006213, 0.997650, 0.051605, -0.045079, -0.051229, 0.998642, 0.009448, 0.045505, -0.007116, 0.998939),
      ["LowerTorso"] = CFrame.new(0.000000, -0.165915, -0.037314, 1.000000, 0.000000, 0.000000, 0.000000, 0.995742, -0.092180, 0.000000, 0.092180, 0.995742),
      ["M6DLowerL"] = CFrame.new(-0.043963, 0.068255, 0.057272, 0.992431, -0.034850, -0.117759, 0.067746, 0.955148, 0.288274, 0.102431, -0.294070, 0.950279),
      ["M6DLowerR"] = CFrame.new(0.043963, 0.068255, 0.057272, 0.992431, 0.034850, 0.117759, -0.067746, 0.955148, 0.288274, -0.102431, -0.294070, 0.950279),
      ["M6DOrbs"] = CFrame.new(0.000000, 0.000000, 0.000000, 1.000000, -0.000000, 0.000000, 0.000000, 0.984812, 0.173621, -0.000000, -0.173621, 0.984812),
      ["M6DRod"] = CFrame.new(0.000000, 0.000000, 0.000000, 1.000000, 0.000000, 0.000000, 0.000000, 0.994308, -0.106542, 0.000000, 0.106542, 0.994308),
      ["M6DUpperL"] = CFrame.new(0.000000, 0.000000, 0.000000, 0.998202, 0.017254, -0.057406, -0.013794, 0.998095, 0.060131, 0.058334, -0.059231, 0.996538),
      ["M6DUpperR"] = CFrame.new(0.000000, 0.000000, 0.000000, 0.998202, -0.017254, 0.057406, 0.013794, 0.998095, 0.060131, -0.058334, -0.059231, 0.996538),
      ["RightUpperLeg"] = CFrame.new(0.001111, 0.036513, -0.006214, 0.997650, -0.051605, 0.045079, 0.051229, 0.998642, 0.009448, -0.045505, -0.007116, 0.998939)
    }},
    { Time = 0.367, Data = {
      ["Head"] = CFrame.new(0.000000, 0.000011, -0.000009, 1.000000, -0.000000, 0.000000, 0.000000, 0.684173, 0.729320, -0.000000, -0.729320, 0.684173),
      ["LeftUpperLeg"] = CFrame.new(-0.001142, 0.044901, -0.010904, 0.997585, 0.055751, -0.041421, -0.053069, 0.996585, 0.063260, 0.044807, -0.060909, 0.997137),
      ["LowerTorso"] = CFrame.new(0.000000, -0.181074, -0.100762, 1.000000, 0.000000, 0.000000, 0.000000, 0.992905, -0.118913, 0.000000, 0.118913, 0.992905),
      ["M6DLowerL"] = CFrame.new(-0.050547, 0.078477, 0.065850, 0.990022, -0.037045, -0.135957, 0.080397, 0.940877, 0.329070, 0.115728, -0.336717, 0.934467),
      ["M6DLowerR"] = CFrame.new(0.050547, 0.078477, 0.065850, 0.990022, 0.037045, 0.135957, -0.080397, 0.940877, 0.329070, -0.115728, -0.336717, 0.934467),
      ["M6DOrbs"] = CFrame.new(0.000000, 0.000000, 0.000000, 1.000000, -0.000000, 0.000000, 0.000000, 0.984812, 0.173621, -0.000000, -0.173621, 0.984812),
      ["M6DRod"] = CFrame.new(0.000000, 0.000000, 0.000000, 1.000000, 0.000000, 0.000000, 0.000000, 0.993109, -0.117196, 0.000000, 0.117196, 0.993109),
      ["M6DUpperL"] = CFrame.new(0.000000, 0.000000, 0.000000, 0.997626, 0.020131, -0.065862, -0.015564, 0.997486, 0.069139, 0.067089, -0.067950, 0.995431),
      ["M6DUpperR"] = CFrame.new(0.000000, 0.000000, 0.000000, 0.997626, -0.020131, 0.065862, 0.015564, 0.997486, 0.069139, -0.067089, -0.067950, 0.995431),
      ["RightUpperLeg"] = CFrame.new(0.001143, 0.044904, -0.010905, 0.997585, -0.055751, 0.041421, 0.053069, 0.996585, 0.063260, -0.044807, -0.060909, 0.997137)
    }},
    { Time = 0.383, Data = {
      ["Head"] = CFrame.new(0.000000, 0.000010, -0.000009, 1.000000, -0.000000, 0.000000, 0.000000, 0.662405, 0.749146, -0.000000, -0.749146, 0.662405),
      ["LeftUpperLeg"] = CFrame.new(-0.001178, 0.054102, -0.016037, 0.997511, 0.059983, -0.037066, -0.055059, 0.991004, 0.121984, 0.044049, -0.119640, 0.991840),
      ["LowerTorso"] = CFrame.new(0.000000, -0.196843, -0.170209, 1.000000, 0.000000, 0.000000, 0.000000, 0.988965, -0.148150, 0.000000, 0.148150, 0.988965),
      ["M6DLowerL"] = CFrame.new(-0.057758, 0.089672, 0.075244, 0.987014, -0.038390, -0.155977, 0.094810, 0.923070, 0.372763, 0.129668, -0.382711, 0.914723),
      ["M6DLowerR"] = CFrame.new(0.057758, 0.089672, 0.075244, 0.987014, 0.038390, 0.155977, -0.094810, 0.923070, 0.372763, -0.129668, -0.382711, 0.914723),
      ["M6DOrbs"] = CFrame.new(0.000000, 0.000000, 0.000000, 1.000000, -0.000000, 0.000000, 0.000000, 0.984812, 0.173621, -0.000000, -0.173621, 0.984812),
      ["M6DRod"] = CFrame.new(0.000000, 0.000000, 0.000000, 1.000000, 0.000000, 0.000000, 0.000000, 0.991651, -0.128954, 0.000000, 0.128954, 0.991651),
      ["M6DUpperL"] = CFrame.new(0.000000, 0.000000, 0.000000, 0.996901, 0.023321, -0.075134, -0.017360, 0.996721, 0.079034, 0.076731, -0.077485, 0.994036),
      ["M6DUpperR"] = CFrame.new(0.000000, 0.000000, 0.000000, 0.996901, -0.023321, 0.075134, 0.017360, 0.996721, 0.079034, -0.076731, -0.077485, 0.994036),
      ["RightUpperArm"] = CFrame.new(-0.057884, -0.287421, -0.066054, 0.753688, 0.634886, 0.169924, -0.008444, 0.267877, -0.963416, -0.657178, 0.724680, 0.207256),
      ["RightUpperLeg"] = CFrame.new(0.001180, 0.054104, -0.016039, 0.997511, -0.059983, 0.037066, 0.055059, 0.991004, 0.121984, -0.044049, -0.119640, 0.991840)
    }},
    { Time = 0.400, Data = {
      ["Head"] = CFrame.new(0.000000, 0.000010, -0.000009, 1.000000, -0.000000, 0.000000, 0.000000, 0.637931, 0.770093, -0.000000, -0.770093, 0.637931),
      ["LeftUpperLeg"] = CFrame.new(-0.001228, 0.064107, -0.021522, 0.997411, 0.064332, -0.032133, -0.057296, 0.980974, 0.185491, 0.043454, -0.183170, 0.982120),
      ["LowerTorso"] = CFrame.new(0.000001, -0.213072, -0.245770, 1.000000, 0.000000, 0.000000, 0.000000, 0.983694, -0.179848, 0.000000, 0.179848, 0.983694),
      ["M6DLowerL"] = CFrame.new(-0.065624, 0.101885, 0.085491, 0.983310, -0.038801, -0.177755, 0.111304, 0.901132, 0.419013, 0.143922, -0.431804, 0.890411),
      ["M6DLowerR"] = CFrame.new(0.065624, 0.101885, 0.085491, 0.983310, 0.038801, 0.177755, -0.111304, 0.901132, 0.419013, -0.143922, -0.431804, 0.890411),
      ["M6DOrbs"] = CFrame.new(0.000000, 0.000000, 0.000000, 1.000000, -0.000000, 0.000000, 0.000000, 0.984812, 0.173621, -0.000000, -0.173621, 0.984812),
      ["M6DRod"] = CFrame.new(0.000000, 0.000000, 0.000000, 1.000000, 0.000000, 0.000000, 0.000000, 0.989918, -0.141641, 0.000000, 0.141641, 0.989918),
      ["M6DUpperL"] = CFrame.new(0.000000, 0.000000, 0.000000, 0.995999, 0.026937, -0.085206, -0.019239, 0.995764, 0.089906, 0.087266, -0.087907, 0.992299),
