return {
  ["Astros Lay blow (give)"] = {
    { Time = 0.000, Data = {
      ["Head"] = CFrame.new(0.000000, -0.000000, 0.000000, 1.000000, -0.000000, 0.000000, 0.000000, 0.994536, 0.104393, -0.000000, -0.104393, 0.994536),
      ["LeftUpperArm"] = CFrame.new(-0.043625, -0.345068, 0.097256, 0.905267, -0.406374, 0.123899, -0.118990, -0.522488, -0.844303, 0.407839, 0.749577, -0.521346),
      ["LeftUpperLeg"] = CFrame.new(-0.395737, 0.282901, -0.582890, 0.936840, 0.026466, 0.348755, -0.211744, 0.836555, 0.505312, -0.278379, -0.547243, 0.789323),
      ["LowerTorso"] = CFrame.new(0.066589, -0.680661, 4.246188, 1.000000, -0.000000, 0.000000, 0.000000, 0.195123, 0.980779, -0.000000, -0.980779, 0.195123),
      ["RightUpperArm"] = CFrame.new(0.374139, -0.363729, -0.235467, 0.421172, 0.906370, 0.033271, 0.673043, -0.287739, -0.681337, -0.607970, 0.309353, -0.731213),
      ["RightUpperLeg"] = CFrame.new(0.377173, 0.305885, -0.614038, 0.960650, 0.002610, -0.277749, 0.162577, 0.805489, 0.569873, 0.225212, -0.592605, 0.773369)
    }},
    { Time = 0.017, Data = {
      ["Head"] = CFrame.new(0.000000, -0.000000, 0.000000, 1.000000, -0.000000, 0.000000, 0.000000, 0.994536, 0.104393, -0.000000, -0.104393, 0.994536),
      ["LeftUpperArm"] = CFrame.new(-0.043625, -0.345070, 0.097258, 0.905267, -0.406374, 0.123899, -0.118990, -0.522488, -0.844303, 0.407839, 0.749577, -0.521346),
      ["LeftUpperLeg"] = CFrame.new(-0.395737, 0.282903, -0.582891, 0.936840, 0.026466, 0.348755, -0.211744, 0.836555, 0.505312, -0.278379, -0.547243, 0.789323),
      ["LowerTorso"] = CFrame.new(0.066589, -0.680665, 4.246189, 1.000000, -0.000000, 0.000000, 0.000000, 0.195123, 0.980779, -0.000000, -0.980779, 0.195123),
      ["RightUpperArm"] = CFrame.new(0.374140, -0.363729, -0.235467, 0.421172, 0.906370, 0.033271, 0.673043, -0.287739, -0.681337, -0.607970, 0.309353, -0.731213),
      ["RightUpperLeg"] = CFrame.new(0.377172, 0.305887, -0.614040, 0.960650, 0.002610, -0.277749, 0.162577, 0.805489, 0.569873, 0.225212, -0.592605, 0.773369)
    }},
    { Time = 0.033, Data = {
      ["Head"] = CFrame.new(0.000000, -0.000000, 0.000000, 1.000000, -0.000000, 0.000000, 0.000000, 0.994536, 0.104393, -0.000000, -0.104393, 0.994536),
      ["LeftUpperArm"] = CFrame.new(-0.043628, -0.345107, 0.097257, 0.905267, -0.406368, 0.123920, -0.119010, -0.522568, -0.844250, 0.407833, 0.749525, -0.521426),
      ["LeftUpperLeg"] = CFrame.new(-0.395736, 0.282912, -0.582896, 0.936840, 0.026466, 0.348755, -0.211744, 0.836555, 0.505312, -0.278379, -0.547243, 0.789323),
      ["LowerTorso"] = CFrame.new(0.066589, -0.680694, 4.246187, 1.000000, -0.000000, 0.000000, 0.000000, 0.195123, 0.980779, -0.000000, -0.980779, 0.195123),
      ["RightUpperArm"] = CFrame.new(0.374147, -0.363732, -0.235467, 0.421172, 0.906370, 0.033271, 0.673043, -0.287739, -0.681337, -0.607970, 0.309353, -0.731213),
      ["RightUpperLeg"] = CFrame.new(0.377172, 0.305899, -0.614046, 0.960650, 0.002610, -0.277749, 0.162577, 0.805489, 0.569873, 0.225212, -0.592605, 0.773369)
    }},
    { Time = 0.050, Data = {
      ["Head"] = CFrame.new(0.000000, -0.000000, 0.000000, 1.000000, -0.000000, 0.000000, 0.000000, 0.994536, 0.104393, -0.000000, -0.104393, 0.994536),
      ["LeftUpperArm"] = CFrame.new(-0.043638, -0.345169, 0.097279, 0.905267, -0.406362, 0.123940, -0.119031, -0.522649, -0.844198, 0.407827, 0.749472, -0.521506),
      ["LeftUpperLeg"] = CFrame.new(-0.395735, 0.282943, -0.582913, 0.936840, 0.026482, 0.348754, -0.211731, 0.836603, 0.505238, -0.278389, -0.547169, 0.789371),
      ["LowerTorso"] = CFrame.new(0.066589, -0.680661, 4.246206, 1.000000, -0.000000, 0.000000, 0.000000, 0.195013, 0.980801, -0.000000, -0.980801, 0.195013),
      ["RightUpperArm"] = CFrame.new(0.374170, -0.363768, -0.235509, 0.421140, 0.906391, 0.033107, 0.673072, -0.287849, -0.681262, -0.607960, 0.309190, -0.731291),
      ["RightUpperLeg"] = CFrame.new(0.377172, 0.305936, -0.614068, 0.960650, 0.002597, -0.277749, 0.162567, 0.805543, 0.569801, 0.225219, -0.592532, 0.773422)
    }},
    { Time = 0.067, Data = {
      ["Head"] = CFrame.new(0.000000, -0.000000, 0.000000, 1.000000, -0.000000, 0.000000, 0.000000, 0.994527, 0.104479, -0.000000, -0.104479, 0.994527),
      ["LeftUpperArm"] = CFrame.new(-0.043683, -0.345327, 0.097284, 0.905214, -0.406446, 0.124051, -0.119142, -0.522943, -0.844000, 0.407912, 0.749221, -0.521800),
      ["LeftUpperLeg"] = CFrame.new(-0.395728, 0.283038, -0.582955, 0.936851, 0.026417, 0.348729, -0.211637, 0.836662, 0.505179, -0.278423, -0.547082, 0.789419),
      ["LowerTorso"] = CFrame.new(0.066589, -0.680590, 4.246243, 1.000000, -0.000000, 0.000000, 0.000000, 0.194794, 0.980844, -0.000000, -0.980844, 0.194794),
      ["RightUpperArm"] = CFrame.new(0.374214, -0.363826, -0.235578, 0.421077, 0.906431, 0.032829, 0.673097, -0.288013, -0.681167, -0.607975, 0.308921, -0.731392),
      ["RightUpperLeg"] = CFrame.new(0.377169, 0.306044, -0.614122, 0.960657, 0.002666, -0.277723, 0.162475, 0.805603, 0.569741, 0.225254, -0.592449, 0.773476)
    }},
    { Time = 0.083, Data = {
      ["Head"] = CFrame.new(0.000000, 0.000000, 0.000000, 1.000000, -0.000000, 0.000000, 0.000000, 0.994518, 0.104565, -0.000000, -0.104565, 0.994518),
      ["LeftUpperArm"] = CFrame.new(-0.043731, -0.345565, 0.097320, 0.905161, -0.406490, 0.124297, -0.119160, -0.523343, -0.843750, 0.408026, 0.748918, -0.522147),
      ["LeftUpperLeg"] = CFrame.new(-0.395725, 0.283131, -0.583005, 0.936851, 0.026449, 0.348727, -0.211612, 0.836758, 0.505030, -0.278443, -0.546933, 0.789515),
      ["LowerTorso"] = CFrame.new(0.066589, -0.680616, 4.246274, 1.000000, -0.000000, 0.000000, 0.000000, 0.194575, 0.980888, -0.000000, -0.980888, 0.194575),
      ["RightUpperArm"] = CFrame.new(0.374300, -0.363899, -0.235710, 0.420862, 0.906547, 0.032362, 0.673154, -0.288199, -0.681032, -0.608061, 0.308405, -0.731538),
      ["RightUpperLeg"] = CFrame.new(0.377168, 0.306161, -0.614192, 0.960657, 0.002628, -0.277724, 0.162444, 0.805763, 0.569524, 0.225276, -0.592232, 0.773636)
    }},
    { Time = 0.100, Data = {
      ["Head"] = CFrame.new(0.000000, -0.000000, 0.000000, 1.000000, -0.000000, 0.000000, 0.000000, 0.994509, 0.104651, -0.000000, -0.104651, 0.994509),
      ["LeftUpperArm"] = CFrame.new(-0.043812, -0.345924, 0.097366, 0.905081, -0.406587, 0.124561, -0.119311, -0.523956, -0.843347, 0.408159, 0.748436, -0.522733),
      ["LeftUpperLeg"] = CFrame.new(-0.395720, 0.283274, -0.583084, 0.936851, 0.026512, 0.348722, -0.211561, 0.836951, 0.504733, -0.278481, -0.546636, 0.789707),
      ["LowerTorso"] = CFrame.new(0.066589, -0.680544, 4.246342, 1.000000, -0.000000, 0.000000, 0.000000, 0.194137, 0.980974, -0.000000, -0.980974, 0.194137),
      ["RightUpperArm"] = CFrame.new(0.374410, -0.364049, -0.235890, 0.420703, 0.906647, 0.031643, 0.673235, -0.288636, -0.680767, -0.608082, 0.307704, -0.731816),
      ["RightUpperLeg"] = CFrame.new(0.377168, 0.306329, -0.614292, 0.960657, 0.002589, -0.277724, 0.162413, 0.805923, 0.569306, 0.225298, -0.592015, 0.773795)
    }},
    { Time = 0.117, Data = {
      ["Head"] = CFrame.new(0.000000, 0.000000, 0.000000, 1.000000, -0.000000, 0.000000, 0.000000, 0.994491, 0.104823, -0.000000, -0.104823, 0.994491),
      ["LeftUpperArm"] = CFrame.new(-0.043937, -0.346439, 0.097414, 0.904948, -0.406769, 0.124937, -0.119573, -0.524863, -0.842746, 0.408377, 0.747702, -0.523612),
      ["LeftUpperLeg"] = CFrame.new(-0.395708, 0.283512, -0.583205, 0.936862, 0.026511, 0.348693, -0.211416, 0.837202, 0.504377, -0.278555, -0.546251, 0.789948),
      ["LowerTorso"] = CFrame.new(0.066589, -0.680506, 4.246424, 1.000000, -0.000000, 0.000000, 0.000000, 0.193589, 0.981083, -0.000000, -0.981083, 0.193589),
      ["RightUpperArm"] = CFrame.new(0.374577, -0.364220, -0.236145, 0.420361, 0.906839, 0.030670, 0.673309, -0.289094, -0.680499, -0.608236, 0.306705, -0.732107),
      ["RightUpperLeg"] = CFrame.new(0.377164, 0.306609, -0.614448, 0.960665, 0.002607, -0.277699, 0.162280, 0.806197, 0.568957, 0.225363, -0.591642, 0.774062)
    }},
    { Time = 0.133, Data = {
      ["Head"] = CFrame.new(0.000000, 0.000000, 0.000000, 1.000000, -0.000000, 0.000000, 0.000000, 0.994473, 0.104995, -0.000000, -0.104995, 0.994473),
      ["LeftUpperArm"] = CFrame.new(-0.044102, -0.347108, 0.097489, 0.904761, -0.407006, 0.125518, -0.119813, -0.526007, -0.841998, 0.408721, 0.746768, -0.524675),
      ["LeftUpperLeg"] = CFrame.new(-0.395699, 0.283771, -0.583346, 0.936862, 0.026607, 0.348686, -0.211340, 0.837490, 0.503930, -0.278613, -0.545804, 0.790236),
      ["LowerTorso"] = CFrame.new(0.066589, -0.680417, 4.246542, 1.000000, -0.000000, 0.000000, 0.000000, 0.192821, 0.981234, -0.000000, -0.981234, 0.192821),
      ["RightUpperArm"] = CFrame.new(0.374803, -0.364442, -0.236493, 0.419867, 0.907109, 0.029407, 0.673482, -0.289683, -0.680078, -0.608386, 0.305347, -0.732551),
      ["RightUpperLeg"] = CFrame.new(0.377164, 0.306924, -0.614635, 0.960665, 0.002530, -0.277699, 0.162218, 0.806516, 0.568522, 0.225407, -0.591207, 0.774381)
    }},
    { Time = 0.150, Data = {
      ["Head"] = CFrame.new(0.000000, -0.000000, 0.000000, 1.000000, -0.000000, 0.000000, 0.000000, 0.994436, 0.105339, -0.000000, -0.105339, 0.994436),
      ["LeftUpperArm"] = CFrame.new(-0.044288, -0.347985, 0.097586, 0.904574, -0.407210, 0.126201, -0.120156, -0.527548, -0.840985, 0.409035, 0.745569, -0.526135),
      ["LeftUpperLeg"] = CFrame.new(-0.395683, 0.284151, -0.583545, 0.936873, 0.026669, 0.348652, -0.211144, 0.837933, 0.503276, -0.278725, -0.545122, 0.790667),
      ["LowerTorso"] = CFrame.new(0.066589, -0.680193, 4.246716, 1.000000, -0.000000, 0.000000, 0.000000, 0.191724, 0.981449, -0.000000, -0.981449, 0.191724),
      ["RightUpperArm"] = CFrame.new(0.375076, -0.364762, -0.236929, 0.419363, 0.907395, 0.027715, 0.673638, -0.290574, -0.679543, -0.608561, 0.303645, -0.733112),
      ["RightUpperLeg"] = CFrame.new(0.377159, 0.307374, -0.614893, 0.960672, 0.002497, -0.277674, 0.162044, 0.807002, 0.567882, 0.225502, -0.590544, 0.774859)
    }},
    { Time = 0.167, Data = {
      ["Head"] = CFrame.new(0.000000, -0.000000, 0.000000, 1.000000, -0.000000, 0.000000, 0.000000, 0.994400, 0.105683, -0.000000, -0.105683, 0.994400),
      ["LeftUpperArm"] = CFrame.new(-0.044538, -0.349056, 0.097713, 0.904306, -0.407535, 0.127068, -0.120570, -0.529378, -0.839775, 0.409504, 0.744093, -0.527856),
      ["LeftUpperLeg"] = CFrame.new(-0.395663, 0.284608, -0.583785, 0.936884, 0.026747, 0.348616, -0.210935, 0.838422, 0.502548, -0.278846, -0.544364, 0.791146),
      ["LowerTorso"] = CFrame.new(0.066589, -0.680074, 4.246896, 1.000000, -0.000000, 0.000000, 0.000000, 0.190516, 0.981684, -0.000000, -0.981684, 0.190516),
      ["RightUpperArm"] = CFrame.new(0.375424, -0.365136, -0.237471, 0.418674, 0.907774, 0.025669, 0.673856, -0.291592, -0.678890, -0.608794, 0.301531, -0.733791),
      ["RightUpperLeg"] = CFrame.new(0.377155, 0.307921, -0.615207, 0.960679, 0.002450, -0.277649, 0.161860, 0.807540, 0.567169, 0.225603, -0.589808, 0.775390)
    }},
    { Time = 0.183, Data = {
      ["Head"] = CFrame.new(0.000000, -0.000000, 0.000000, 1.000000, -0.000000, 0.000000, 0.000000, 0.994354, 0.106112, -0.000000, -0.106112, 0.994354),
      ["LeftUpperArm"] = CFrame.new(-0.044824, -0.350381, 0.097863, 0.904011, -0.407857, 0.128130, -0.121065, -0.531678, -0.838249, 0.410009, 0.742274, -0.530020),
      ["LeftUpperLeg"] = CFrame.new(-0.395635, 0.285204, -0.584091, 0.936906, 0.026792, 0.348555, -0.210607, 0.839066, 0.501611, -0.279021, -0.543370, 0.791768),
      ["LowerTorso"] = CFrame.new(0.066589, -0.679866, 4.247129, 1.000000, -0.000000, 0.000000, 0.000000, 0.188978, 0.981981, -0.000000, -0.981981, 0.188978),
      ["RightUpperArm"] = CFrame.new(0.375850, -0.365596, -0.238147, 0.417799, 0.908244, 0.023169, 0.674204, -0.292843, -0.678007, -0.609011, 0.298891, -0.734691),
      ["RightUpperLeg"] = CFrame.new(0.377158, 0.308607, -0.615640, 0.960671, 0.002487, -0.277678, 0.161599, 0.808191, 0.566316, 0.225825, -0.588916, 0.776003)
    }},
    { Time = 0.200, Data = {
      ["Head"] = CFrame.new(0.000000, 0.000000, 0.000000, 1.000000, -0.000000, 0.000000, 0.000000, 0.994299, 0.106628, -0.000000, -0.106628, 0.994299),
      ["LeftUpperArm"] = CFrame.new(-0.045178, -0.351965, 0.098037, 0.903635, -0.408284, 0.129417, -0.121674, -0.534420, -0.836416, 0.410658, 0.740068, -0.532598),
      ["LeftUpperLeg"] = CFrame.new(-0.395609, 0.285863, -0.584443, 0.936916, 0.026966, 0.348512, -0.210322, 0.839840, 0.500434, -0.279200, -0.542164, 0.792531),
      ["LowerTorso"] = CFrame.new(0.066589, -0.679591, 4.247407, 1.000000, -0.000000, 0.000000, 0.000000, 0.187108, 0.982339, -0.000000, -0.982339, 0.187108),
      ["RightUpperArm"] = CFrame.new(0.376354, -0.366151, -0.238948, 0.416791, 0.908779, 0.020163, 0.674571, -0.294356, -0.676985, -0.609295, 0.295763, -0.735720),
      ["RightUpperLeg"] = CFrame.new(0.377153, 0.309396, -0.616099, 0.960678, 0.002364, -0.277654, 0.161353, 0.809045, 0.565166, 0.225971, -0.587743, 0.776850)
    }},
    { Time = 0.217, Data = {
      ["Head"] = CFrame.new(0.000000, 0.000000, 0.000000, 1.000000, -0.000000, 0.000000, 0.000000, 0.994234, 0.107230, -0.000000, -0.107230, 0.994234),
      ["LeftUpperArm"] = CFrame.new(-0.045591, -0.353842, 0.098236, 0.903204, -0.408771, 0.130879, -0.122459, -0.537675, -0.834212, 0.411372, 0.737436, -0.535688),
      ["LeftUpperLeg"] = CFrame.new(-0.395574, 0.286670, -0.584864, 0.936938, 0.027090, 0.348444, -0.209930, 0.840718, 0.499123, -0.279422, -0.540796, 0.793387),
      ["LowerTorso"] = CFrame.new(0.066589, -0.679384, 4.247714, 1.000000, -0.000000, 0.000000, 0.000000, 0.185015, 0.982736, -0.000000, -0.982736, 0.185015),
      ["RightUpperArm"] = CFrame.new(0.376944, -0.366816, -0.239902, 0.415616, 0.909390, 0.016539, 0.674955, -0.296182, -0.675805, -0.609672, 0.292038, -0.736895),
      ["RightUpperLeg"] = CFrame.new(0.377144, 0.310351, -0.616645, 0.960693, 0.002310, -0.277604, 0.161014, 0.809956, 0.563955, 0.226150, -0.586485, 0.777747)
    }},
    { Time = 0.233, Data = {
      ["Head"] = CFrame.new(0.000000, -0.000000, 0.000000, 1.000000, -0.000000, 0.000000, 0.000000, 0.994160, 0.107917, -0.000000, -0.107917, 0.994160),
      ["LeftUpperArm"] = CFrame.new(-0.046088, -0.356001, 0.098474, 0.902664, -0.409396, 0.132640, -0.123318, -0.541360, -0.831699, 0.412300, 0.734388, -0.539152),
      ["LeftUpperLeg"] = CFrame.new(-0.395535, 0.287598, -0.585352, 0.936960, 0.027262, 0.348373, -0.209499, 0.841735, 0.497586, -0.279672, -0.539202, 0.794383),
      ["LowerTorso"] = CFrame.new(0.066589, -0.679045, 4.248078, 1.000000, -0.000000, 0.000000, 0.000000, 0.182479, 0.983210, -0.000000, -0.983210, 0.182479),
      ["RightUpperArm"] = CFrame.new(0.377630, -0.367570, -0.241005, 0.414215, 0.910095, 0.012396, 0.675434, -0.298227, -0.674425, -0.610094, 0.287730, -0.738239),
      ["RightUpperLeg"] = CFrame.new(0.377146, 0.311446, -0.617322, 0.960684, 0.002232, -0.277635, 0.160660, 0.811076, 0.562444, 0.226438, -0.584936, 0.778830)
    }},
    { Time = 0.250, Data = {
      ["Head"] = CFrame.new(0.000000, 0.000000, 0.000000, 1.000000, -0.000000, 0.000000, 0.000000, 0.994066, 0.108777, -0.000000, -0.108777, 0.994066),
      ["LeftUpperArm"] = CFrame.new(-0.046637, -0.358522, 0.098727, 0.902067, -0.410028, 0.134731, -0.124283, -0.545727, -0.828695, 0.413314, 0.730794, -0.543242),
      ["LeftUpperLeg"] = CFrame.new(-0.395487, 0.288701, -0.585925, 0.936992, 0.027416, 0.348273, -0.208936, 0.842949, 0.495765, -0.279985, -0.537295, 0.795565),
      ["LowerTorso"] = CFrame.new(0.066589, -0.678598, 4.248502, 1.000000, -0.000000, 0.000000, 0.000000, 0.179496, 0.983759, -0.000000, -0.983759, 0.179496),
      ["RightUpperArm"] = CFrame.new(0.378419, -0.368440, -0.242302, 0.412553, 0.910902, 0.007570, 0.676040, -0.300592, -0.672767, -0.610549, 0.282670, -0.739817),
      ["RightUpperLeg"] = CFrame.new(0.377134, 0.312751, -0.618064, 0.960706, 0.002171, -0.277560, 0.160167, 0.812357, 0.560733, 0.226695, -0.583156, 0.780089)
    }},
    { Time = 0.267, Data = {
      ["Head"] = CFrame.new(0.000000, -0.000000, 0.000000, 1.000000, -0.000000, 0.000000, 0.000000, 0.993962, 0.109722, -0.000000, -0.109722, 0.993962),
      ["LeftUpperArm"] = CFrame.new(-0.047256, -0.361368, 0.099035, 0.901414, -0.410711, 0.137000, -0.125430, -0.550584, -0.825303, 0.414391, 0.726756, -0.547820),
      ["LeftUpperLeg"] = CFrame.new(-0.395433, 0.289941, -0.586572, 0.937024, 0.027617, 0.348170, -0.208334, 0.844299, 0.493717, -0.280325, -0.535161, 0.796882),
      ["LowerTorso"] = CFrame.new(0.066589, -0.678175, 4.248960, 1.000000, -0.000000, 0.000000, 0.000000, 0.176175, 0.984359, -0.000000, -0.984359, 0.176175),
      ["RightUpperArm"] = CFrame.new(0.379305, -0.369437, -0.243768, 0.410713, 0.911762, 0.002076, 0.676701, -0.303301, -0.670884, -0.611057, 0.276946, -0.741560),
      ["RightUpperLeg"] = CFrame.new(0.377132, 0.314214, -0.618948, 0.960704, 0.002085, -0.277565, 0.159658, 0.813843, 0.558721, 0.227060, -0.581081, 0.781530)
    }},
    { Time = 0.283, Data = {
      ["Head"] = CFrame.new(0.000000, -0.000000, 0.000000, 1.000000, -0.000000, 0.000000, 0.000000, 0.993838, 0.110839, -0.000000, -0.110839, 0.993838),
      ["LeftUpperArm"] = CFrame.new(-0.047978, -0.364602, 0.099347, 0.900622, -0.411568, 0.139612, -0.126812, -0.556123, -0.821368, 0.415690, 0.722038, -0.553049),
      ["LeftUpperLeg"] = CFrame.new(-0.395375, 0.291325, -0.587296, 0.937057, 0.027865, 0.348064, -0.207694, 0.845783, 0.491441, -0.280692, -0.532799, 0.798334),
      ["LowerTorso"] = CFrame.new(0.066589, -0.677686, 4.249466, 1.000000, -0.000000, 0.000000, 0.000000, 0.172403, 0.985026, -0.000000, -0.985026, 0.172403),
      ["RightUpperArm"] = CFrame.new(0.380294, -0.370574, -0.245433, 0.408657, 0.912678, -0.004201, 0.677417, -0.306396, -0.668751, -0.611642, 0.270444, -0.743474),
      ["RightUpperLeg"] = CFrame.new(0.377130, 0.315854, -0.619935, 0.960703, 0.001962, -0.277572, 0.159118, 0.815478, 0.556486, 0.227445, -0.578784, 0.783120)
    }},
    { Time = 0.300, Data = {
      ["Head"] = CFrame.new(0.000000, 0.000000, 0.000000, 1.000000, -0.000000, 0.000000, 0.000000, 0.993703, 0.112042, -0.000000, -0.112042, 0.993703),
      ["LeftUpperArm"] = CFrame.new(-0.048771, -0.368208, 0.099709, 0.899743, -0.412461, 0.142611, -0.128246, -0.562231, -0.816976, 0.417151, 0.716780, -0.558760),
      ["LeftUpperLeg"] = CFrame.new(-0.395306, 0.292915, -0.588122, 0.937100, 0.028111, 0.347928, -0.206907, 0.847503, 0.488803, -0.281130, -0.530046, 0.800011),
      ["LowerTorso"] = CFrame.new(0.066589, -0.677043, 4.250034, 1.000000, -0.000000, 0.000000, 0.000000, 0.168066, 0.985776, -0.000000, -0.985776, 0.168066),
      ["RightUpperArm"] = CFrame.new(0.381397, -0.371840, -0.247324, 0.406290, 0.913675, -0.011275, 0.678262, -0.309830, -0.666308, -0.612282, 0.263067, -0.745592),
      ["RightUpperLeg"] = CFrame.new(0.377113, 0.317741, -0.621009, 0.960732, 0.001842, -0.277473, 0.158428, 0.817321, 0.553974, 0.227805, -0.576180, 0.784934)
    }},
    { Time = 0.317, Data = {
      ["Head"] = CFrame.new(0.000000, 0.000000, 0.000000, 1.000000, -0.000000, 0.000000, 0.000000, 0.993557, 0.113330, -0.000000, -0.113330, 0.993557),
      ["LeftUpperArm"] = CFrame.new(-0.049643, -0.372246, 0.100088, 0.898777, -0.413401, 0.145945, -0.129912, -0.569090, -0.811949, 0.418716, 0.710801, -0.565190),
      ["LeftUpperLeg"] = CFrame.new(-0.395231, 0.294672, -0.589038, 0.937142, 0.028420, 0.347788, -0.206069, 0.849398, 0.485859, -0.281602, -0.526987, 0.801863),
      ["LowerTorso"] = CFrame.new(0.066589, -0.676376, 4.250640, 1.000000, -0.000000, 0.000000, 0.000000, 0.163271, 0.986581, -0.000000, -0.986581, 0.163271),
      ["RightUpperArm"] = CFrame.new(0.382615, -0.373233, -0.249440, 0.403605, 0.914733, -0.019143, 0.679242, -0.313586, -0.663547, -0.612971, 0.254808, -0.747890),
      ["RightUpperLeg"] = CFrame.new(0.377107, 0.319816, -0.622242, 0.960737, 0.001699, -0.277455, 0.157721, 0.819359, 0.551157, 0.228272, -0.573278, 0.786921)
    }},
    { Time = 0.333, Data = {
      ["Head"] = CFrame.new(0.000000, -0.000000, 0.000000, 1.000000, -0.000000, 0.000000, 0.000000, 0.993380, 0.114877, -0.000000, -0.114877, 0.993380),
      ["LeftUpperArm"] = CFrame.new(-0.050603, -0.376724, 0.100484, 0.897694, -0.414414, 0.149690, -0.131773, -0.576676, -0.806276, 0.420454, 0.704063, -0.572287),
      ["LeftUpperLeg"] = CFrame.new(-0.395137, 0.296614, -0.590006, 0.937214, 0.028815, 0.347563, -0.205156, 0.851464, 0.482618, -0.282031, -0.523621, 0.803915),
      ["LowerTorso"] = CFrame.new(0.066589, -0.675704, 4.251267, 1.000000, -0.000000, 0.000000, 0.000000, 0.158015, 0.987437, -0.000000, -0.987437, 0.158015),
      ["RightUpperArm"] = CFrame.new(0.383927, -0.374798, -0.251766, 0.400769, 0.915755, -0.027880, 0.680279, -0.317824, -0.660461, -0.613681, 0.245726, -0.750343),
      ["RightUpperLeg"] = CFrame.new(0.377100, 0.322110, -0.623602, 0.960742, 0.001493, -0.277438, 0.156962, 0.821642, 0.547967, 0.228773, -0.570002, 0.789152)
    }},
    { Time = 0.350, Data = {
      ["Head"] = CFrame.new(0.000000, -0.000000, 0.000000, 1.000000, -0.000000, 0.000000, 0.000000, 0.993190, 0.116508, -0.000000, -0.116508, 0.993190),
      ["LeftUpperArm"] = CFrame.new(-0.051673, -0.381640, 0.100898, 0.896464, -0.415566, 0.153808, -0.133907, -0.584939, -0.799947, 0.422399, 0.696528, -0.580024),
      ["LeftUpperLeg"] = CFrame.new(-0.395040, 0.298823, -0.591144, 0.937278, 0.029117, 0.347366, -0.204024, 0.853810, 0.478939, -0.282639, -0.519770, 0.806198),
      ["LowerTorso"] = CFrame.new(0.066589, -0.674825, 4.251953, 1.000000, -0.000000, 0.000000, 0.000000, 0.152067, 0.988370, -0.000000, -0.988370, 0.152067),
      ["RightUpperArm"] = CFrame.new(0.385372, -0.376488, -0.254388, 0.397439, 0.916858, -0.037601, 0.681493, -0.322357, -0.657003, -0.614500, 0.235494, -0.752949),
      ["RightUpperLeg"] = CFrame.new(0.377090, 0.324667, -0.625105, 0.960755, 0.001318, -0.277396, 0.156077, 0.824120, 0.544487, 0.229325, -0.566414, 0.791571)
    }},
    { Time = 0.367, Data = {
      ["Head"] = CFrame.new(0.000000, -0.000000, 0.000000, 1.000000, -0.000000, 0.000000, 0.000000, 0.992976, 0.118312, -0.000000, -0.118312, 0.992976),
      ["LeftUpperArm"] = CFrame.new(-0.052803, -0.387034, 0.101336, 0.895169, -0.416659, 0.158328, -0.136234, -0.593975, -0.792865, 0.424397, 0.688178, -0.588471),
      ["LeftUpperLeg"] = CFrame.new(-0.394942, 0.301181, -0.592370, 0.937330, 0.029562, 0.347185, -0.202921, 0.856307, 0.474934, -0.283257, -0.515621, 0.808641),
      ["LowerTorso"] = CFrame.new(0.066589, -0.673980, 4.252646, 1.000000, -0.000000, 0.000000, 0.000000, 0.145648, 0.989336, -0.000000, -0.989336, 0.145648),
      ["RightUpperArm"] = CFrame.new(0.386906, -0.378367, -0.257257, 0.393937, 0.917868, -0.048287, 0.682842, -0.327424, -0.653086, -0.615257, 0.224302, -0.755743),
      ["RightUpperLeg"] = CFrame.new(0.377076, 0.327503, -0.626760, 0.960774, 0.001162, -0.277330, 0.155058, 0.826839, 0.540643, 0.229936, -0.562438, 0.794225)
    }},
    { Time = 0.383, Data = {
      ["Head"] = CFrame.new(0.000000, 0.000000, 0.000000, 1.000000, -0.000000, 0.000000, 0.000000, 0.992739, 0.120287, -0.000000, -0.120287, 0.992739),
      ["LeftUpperArm"] = CFrame.new(-0.054052, -0.392895, 0.101784, 0.893694, -0.417896, 0.163321, -0.138827, -0.603696, -0.785034, 0.426659, 0.678907, -0.597534),
      ["LeftUpperLeg"] = CFrame.new(-0.394832, 0.303784, -0.593716, 0.937394, 0.030004, 0.346976, -0.201671, 0.859015, 0.470555, -0.283940, -0.511070, 0.811286),
      ["LowerTorso"] = CFrame.new(0.066589, -0.672960, 4.253369, 1.000000, -0.000000, 0.000000, 0.000000, 0.138524, 0.990359, -0.000000, -0.990359, 0.138524),
      ["RightUpperArm"] = CFrame.new(0.388556, -0.380386, -0.260417, 0.390003, 0.918858, -0.059990, 0.684339, -0.332820, -0.648777, -0.616099, 0.211972, -0.758610),
      ["RightUpperLeg"] = CFrame.new(0.377061, 0.330592, -0.628562, 0.960793, 0.000931, -0.277266, 0.153974, 0.829836, 0.536343, 0.230585, -0.558006, 0.797157)
    }},
    { Time = 0.400, Data = {
      ["Head"] = CFrame.new(0.000000, -0.000000, 0.000000, 1.000000, -0.000000, 0.000000, 0.000000, 0.992477, 0.122433, -0.000000, -0.122433, 0.992477),
      ["LeftUpperArm"] = CFrame.new(-0.055368, -0.399278, 0.102230, 0.892120, -0.419067, 0.168836, -0.141629, -0.614259, -0.776291, 0.429027, 0.668632, -0.607344),
      ["LeftUpperLeg"] = CFrame.new(-0.394710, 0.306641, -0.595185, 0.937467, 0.030440, 0.346740, -0.200273, 0.861928, 0.465801, -0.284686, -0.506115, 0.814126),
      ["LowerTorso"] = CFrame.new(0.066589, -0.671897, 4.254091, 1.000000, -0.000000, 0.000000, 0.000000, 0.130802, 0.991409, -0.000000, -0.991409, 0.130802),
      ["RightUpperArm"] = CFrame.new(0.390306, -0.382572, -0.263879, 0.385709, 0.919745, -0.072792, 0.685984, -0.338647, -0.644006, -0.616972, 0.198464, -0.761550),
      ["RightUpperLeg"] = CFrame.new(0.377043, 0.333976, -0.630523, 0.960818, 0.000733, -0.277178, 0.152764, 0.833012, 0.531746, 0.231283, -0.553254, 0.800261)
    }},
    { Time = 0.417, Data = {
      ["Head"] = CFrame.new(0.000000, -0.000000, 0.000000, 1.000000, -0.000000, 0.000000, 0.000000, 0.992177, 0.124836, -0.000000, -0.124836, 0.992177),
      ["LeftUpperArm"] = CFrame.new(-0.056780, -0.406168, 0.102671, 0.890417, -0.420272, 0.174724, -0.144832, -0.625562, -0.766614, 0.431487, 0.657301, -0.617880),
      ["LeftUpperLeg"] = CFrame.new(-0.394580, 0.309732, -0.596777, 0.937540, 0.030985, 0.346494, -0.198782, 0.865116, 0.460499, -0.285489, -0.500613, 0.817241),
      ["LowerTorso"] = CFrame.new(0.066589, -0.670693, 4.254814, 1.000000, -0.000000, 0.000000, 0.000000, 0.122359, 0.992486, -0.000000, -0.992486, 0.122359),
      ["RightUpperArm"] = CFrame.new(0.392147, -0.384931, -0.267663, 0.381037, 0.920482, -0.086740, 0.687821, -0.344914, -0.638700, -0.617829, 0.183707, -0.764552),
      ["RightUpperLeg"] = CFrame.new(0.377025, 0.337634, -0.632642, 0.960843, 0.000460, -0.277092, 0.151488, 0.836452, 0.526688, 0.232016, -0.548040, 0.803629)
    }},
    { Time = 0.433, Data = {
      ["Head"] = CFrame.new(0.000000, -0.000000, 0.000000, 1.000000, -0.000000, 0.000000, 0.000000, 0.991883, 0.127152, -0.000000, -0.127152, 0.991883),
      ["LeftUpperArm"] = CFrame.new(-0.058182, -0.413003, 0.103069, 0.888670, -0.421441, 0.180702, -0.148035, -0.636652, -0.756809, 0.433995, 0.645803, -0.628161),
      ["LeftUpperLeg"] = CFrame.new(-0.394431, 0.312869, -0.598333, 0.937652, 0.031453, 0.346149, -0.197199, 0.868234, 0.455283, -0.286218, -0.495157, 0.820304),
      ["LowerTorso"] = CFrame.new(0.066589, -0.669562, 4.255454, 1.000000, -0.000000, 0.000000, 0.000000, 0.113991, 0.993482, -0.000000, -0.993482, 0.113991),
      ["RightUpperArm"] = CFrame.new(0.393924, -0.387267, -0.271441, 0.376412, 0.920969, -0.100645, 0.689689, -0.351093, -0.633295, -0.618581, 0.168966, -0.767338),
      ["RightUpperLeg"] = CFrame.new(0.377018, 0.341287, -0.634802, 0.960845, 0.000200, -0.277087, 0.150224, 0.839904, 0.521531, 0.232830, -0.542736, 0.806987)
    }},
    { Time = 0.450, Data = {
      ["Head"] = CFrame.new(0.000000, -0.000000, 0.000000, 1.000000, -0.000000, 0.000000, 0.000000, 0.991595, 0.129383, -0.000000, -0.129383, 0.991595),
      ["LeftUpperArm"] = CFrame.new(-0.059438, -0.419254, 0.103402, 0.887083, -0.422387, 0.186208, -0.150998, -0.646714, -0.747637, 0.436215, 0.635099, -0.637468),
      ["LeftUpperLeg"] = CFrame.new(-0.394309, 0.315736, -0.599796, 0.937725, 0.031899, 0.345912, -0.195781, 0.871091, 0.450411, -0.286953, -0.490085, 0.823089),
      ["LowerTorso"] = CFrame.new(0.066589, -0.668390, 4.255994, 1.000000, -0.000000, 0.000000, 0.000000, 0.106160, 0.994349, -0.000000, -0.994349, 0.106160),
      ["RightUpperArm"] = CFrame.new(0.395507, -0.389388, -0.274936, 0.372116, 0.921225, -0.113465, 0.691422, -0.356673, -0.628268, -0.619246, 0.155337, -0.769678),
      ["RightUpperLeg"] = CFrame.new(0.377000, 0.344674, -0.636753, 0.960869, 0.000005, -0.277002, 0.149007, 0.842983, 0.516891, 0.233511, -0.537939, 0.809996)
    }},
    { Time = 0.467, Data = {
      ["Head"] = CFrame.new(0.000000, -0.000000, 0.000000, 1.000000, -0.000000, 0.000000, 0.000000, 0.991335, 0.131356, -0.000000, -0.131356, 0.991335),
      ["LeftUpperArm"] = CFrame.new(-0.060581, -0.424957, 0.103661, 0.885602, -0.423221, 0.191294, -0.153772, -0.655833, -0.739079, 0.438251, 0.625114, -0.645886),
      ["LeftUpperLeg"] = CFrame.new(-0.394200, 0.318351, -0.601132, 0.937786, 0.032346, 0.345703, -0.194509, 0.873695, 0.445895, -0.287616, -0.485397, 0.825631),
      ["LowerTorso"] = CFrame.new(0.066589, -0.667441, 4.256423, 1.000000, -0.000000, 0.000000, 0.000000, 0.099106, 0.995077, -0.000000, -0.995077, 0.099106),
      ["RightUpperArm"] = CFrame.new(0.396904, -0.391331, -0.278132, 0.368255, 0.921252, -0.125235, 0.692971, -0.361779, -0.623624, -0.619822, 0.142868, -0.771627),
      ["RightUpperLeg"] = CFrame.new(0.376987, 0.347769, -0.638543, 0.960887, -0.000221, -0.276942, 0.147912, 0.845837, 0.512525, 0.234135, -0.533441, 0.812786)
    }},
    { Time = 0.483, Data = {
      ["Head"] = CFrame.new(0.000000, -0.000000, 0.000000, 1.000000, -0.000000, 0.000000, 0.000000, 0.991095, 0.133156, -0.000000, -0.133156, 0.991095),
      ["LeftUpperArm"] = CFrame.new(-0.061590, -0.430142, 0.103878, 0.884289, -0.423850, 0.195919, -0.156309, -0.664074, -0.731145, 0.440001, 0.615919, -0.653485),
      ["LeftUpperLeg"] = CFrame.new(-0.394098, 0.320755, -0.602351, 0.937848, 0.032699, 0.345503, -0.193314, 0.876022, 0.441831, -0.288221, -0.481161, 0.827897),
      ["LowerTorso"] = CFrame.new(0.066589, -0.666515, 4.256775, 1.000000, -0.000000, 0.000000, 0.000000, 0.092605, 0.995703, -0.000000, -0.995703, 0.092605),
      ["RightUpperArm"] = CFrame.new(0.398147, -0.393081, -0.281078, 0.364667, 0.921154, -0.135990, 0.694477, -0.366352, -0.619264, -0.620257, 0.131383, -0.773317),
      ["RightUpperLeg"] = CFrame.new(0.376977, 0.350570, -0.640170, 0.960897, -0.000453, -0.276906, 0.146962, 0.848375, 0.508588, 0.234690, -0.529395, 0.815268)
    }},
    { Time = 0.500, Data = {
      ["Head"] = CFrame.new(0.000000, 0.000000, 0.000000, 1.000000, -0.000000, 0.000000, 0.000000, 0.990875, 0.134785, -0.000000, -0.134785, 0.990875),
      ["LeftUpperArm"] = CFrame.new(-0.062499, -0.434824, 0.104059, 0.883088, -0.424392, 0.200119, -0.158643, -0.671446, -0.723873, 0.441575, 0.607496, -0.660273),
      ["LeftUpperLeg"] = CFrame.new(-0.393993, 0.322932, -0.603413, 0.937928, 0.033075, 0.345251, -0.192244, 0.878110, 0.438138, -0.288676, -0.477314, 0.829962),
      ["LowerTorso"] = CFrame.new(0.066589, -0.665642, 4.257061, 1.000000, -0.000000, 0.000000, 0.000000, 0.086665, 0.996238, -0.000000, -0.996238, 0.086665),
      ["RightUpperArm"] = CFrame.new(0.399243, -0.394660, -0.283743, 0.361455, 0.920933, -0.145717, 0.695861, -0.370466, -0.615250, -0.620587, 0.120986, -0.774748),
      ["RightUpperLeg"] = CFrame.new(0.376953, 0.353192, -0.641631, 0.960937, -0.000575, -0.276767, 0.145948, 0.850713, 0.504963, 0.235159, -0.525631, 0.817565)
    }},
    { Time = 0.517, Data = {
      ["Head"] = CFrame.new(0.000000, -0.000000, 0.000000, 1.000000, -0.000000, 0.000000, 0.000000, 0.990664, 0.136328, -0.000000, -0.136328, 0.990664),
      ["LeftUpperArm"] = CFrame.new(-0.063320, -0.439042, 0.104197, 0.881970, -0.424875, 0.203986, -0.160754, -0.678044, -0.717227, 0.443044, 0.599781, -0.666315),
      ["LeftUpperLeg"] = CFrame.new(-0.393914, 0.324876, -0.604405, 0.937968, 0.033449, 0.345104, -0.191328, 0.880005, 0.434723, -0.289152, -0.473784, 0.831817),
      ["LowerTorso"] = CFrame.new(0.066589, -0.664853, 4.257289, 1.000000, -0.000000, 0.000000, 0.000000, 0.081290, 0.996691, -0.000000, -0.996691, 0.081290),
      ["RightUpperArm"] = CFrame.new(0.400216, -0.396066, -0.286179, 0.358459, 0.920662, -0.154558, 0.697124, -0.374099, -0.611611, -0.620907, 0.111491, -0.775915),
      ["RightUpperLeg"] = CFrame.new(0.376948, 0.355493, -0.642974, 0.960940, -0.000775, -0.276755, 0.145173, 0.852786, 0.501677, 0.235624, -0.522259, 0.819589)
    }},
    { Time = 0.533, Data = {
      ["Head"] = CFrame.new(0.000000, -0.000000, 0.000000, 1.000000, -0.000000, 0.000000, 0.000000, 0.990486, 0.137614, -0.000000, -0.137614, 0.990486),
      ["LeftUpperArm"] = CFrame.new(-0.064040, -0.442831, 0.104303, 0.880999, -0.425241, 0.207390, -0.162728, -0.683958, -0.711141, 0.444253, 0.592766, -0.671765),
      ["LeftUpperLeg"] = CFrame.new(-0.393835, 0.326680, -0.605310, 0.938019, 0.033661, 0.344945, -0.190394, 0.881692, 0.431705, -0.289604, -0.470623, 0.833453),
      ["LowerTorso"] = CFrame.new(0.066589, -0.664176, 4.257466, 1.000000, -0.000000, 0.000000, 0.000000, 0.076486, 0.997071, -0.000000, -0.997071, 0.076486),
      ["RightUpperArm"] = CFrame.new(0.401066, -0.397330, -0.288359, 0.355818, 0.920321, -0.162488, 0.698254, -0.377363, -0.608309, -0.621156, 0.102989, -0.776891),
      ["RightUpperLeg"] = CFrame.new(0.376943, 0.357576, -0.644189, 0.960943, -0.000911, -0.276744, 0.144450, 0.854616, 0.498765, 0.236055, -0.519260, 0.821369)
    }},
    { Time = 0.550, Data = {
      ["Head"] = CFrame.new(0.000000, 0.000000, 0.000000, 1.000000, -0.000000, 0.000000, 0.000000, 0.990318, 0.138814, -0.000000, -0.138814, 0.990318),
      ["LeftUpperArm"] = CFrame.new(-0.064684, -0.446195, 0.104399, 0.880115, -0.425565, 0.210459, -0.164472, -0.689147, -0.705710, 0.445362, 0.586491, -0.676522),
      ["LeftUpperLeg"] = CFrame.new(-0.393758, 0.328246, -0.606064, 0.938078, 0.033997, 0.344752, -0.189657, 0.883185, 0.428970, -0.289896, -0.467792, 0.834944),
      ["LowerTorso"] = CFrame.new(0.066589, -0.663524, 4.257608, 1.000000, -0.000000, 0.000000, 0.000000, 0.072141, 0.997394, -0.000000, -0.997394, 0.072141),
      ["RightUpperArm"] = CFrame.new(0.401813, -0.398445, -0.290321, 0.353411, 0.919967, -0.169589, 0.699288, -0.380224, -0.605331, -0.621366, 0.095339, -0.777698),
      ["RightUpperLeg"] = CFrame.new(0.376927, 0.359474, -0.645247, 0.960970, -0.001033, -0.276652, 0.143737, 0.856296, 0.496082, 0.236384, -0.516484, 0.823023)
    }},
    { Time = 0.567, Data = {
      ["Head"] = CFrame.new(0.000000, 0.000000, 0.000000, 1.000000, -0.000000, 0.000000, 0.000000, 0.990162, 0.139928, -0.000000, -0.139928, 0.990162),
      ["LeftUpperArm"] = CFrame.new(-0.065231, -0.449192, 0.104470, 0.879347, -0.425756, 0.213264, -0.165948, -0.693783, -0.700804, 0.446330, 0.580858, -0.680730),
      ["LeftUpperLeg"] = CFrame.new(-0.393696, 0.329691, -0.606788, 0.938118, 0.034181, 0.344624, -0.188896, 0.884557, 0.426470, -0.290263, -0.465178, 0.836276),
      ["LowerTorso"] = CFrame.new(0.066589, -0.662923, 4.257721, 1.000000, -0.000000, 0.000000, 0.000000, 0.068256, 0.997668, -0.000000, -0.997668, 0.068256),
      ["RightUpperArm"] = CFrame.new(0.402459, -0.399442, -0.292054, 0.351333, 0.919579, -0.175895, 0.700184, -0.382789, -0.602672, -0.621536, 0.088580, -0.778362),
      ["RightUpperLeg"] = CFrame.new(0.376926, 0.361123, -0.646218, 0.960966, -0.001151, -0.276664, 0.143181, 0.857732, 0.493756, 0.236735, -0.514096, 0.824416)
    }},
    { Time = 0.583, Data = {
      ["Head"] = CFrame.new(0.000000, -0.000000, 0.000000, 1.000000, -0.000000, 0.000000, 0.000000, 0.990028, 0.140870, -0.000000, -0.140870, 0.990028),
      ["LeftUpperArm"] = CFrame.new(-0.065746, -0.451817, 0.104513, 0.878610, -0.426046, 0.215705, -0.167382, -0.697800, -0.696462, 0.447244, 0.575814, -0.684406),
      ["LeftUpperLeg"] = CFrame.new(-0.393644, 0.330936, -0.607415, 0.938148, 0.034369, 0.344523, -0.188283, 0.885711, 0.424342, -0.290564, -0.462963, 0.837399),
      ["LowerTorso"] = CFrame.new(0.066589, -0.662400, 4.257807, 1.000000, -0.000000, 0.000000, 0.000000, 0.064836, 0.997896, -0.000000, -0.997896, 0.064836),
      ["RightUpperArm"] = CFrame.new(0.403019, -0.400313, -0.293583, 0.349502, 0.919202, -0.181425, 0.701013, -0.385021, -0.600283, -0.621634, 0.082619, -0.778939),
      ["RightUpperLeg"] = CFrame.new(0.376913, 0.362605, -0.647045, 0.960986, -0.001255, -0.276596, 0.142634, 0.859025, 0.491662, 0.236986, -0.511932, 0.825690)
    }},
    { Time = 0.600, Data = {
      ["Head"] = CFrame.new(0.000000, -0.000000, 0.000000, 1.000000, -0.000000, 0.000000, 0.000000, 0.989918, 0.141641, -0.000000, -0.141641, 0.989918),
      ["LeftUpperArm"] = CFrame.new(-0.066166, -0.454108, 0.104564, 0.878024, -0.426185, 0.217808, -0.168578, -0.701293, -0.692654, 0.447945, 0.571450, -0.687598),
      ["LeftUpperLeg"] = CFrame.new(-0.393601, 0.332004, -0.607959, 0.938169, 0.034593, 0.344446, -0.187790, 0.886729, 0.422428, -0.290817, -0.460993, 0.838398),
      ["LowerTorso"] = CFrame.new(0.066589, -0.661982, 4.257871, 1.000000, -0.000000, 0.000000, 0.000000, 0.061882, 0.998084, -0.000000, -0.998084, 0.061882),
      ["RightUpperArm"] = CFrame.new(0.403504, -0.401074, -0.294948, 0.347835, 0.918848, -0.186355, 0.701740, -0.386967, -0.598179, -0.621749, 0.077295, -0.779393),
      ["RightUpperLeg"] = CFrame.new(0.376913, 0.363910, -0.647814, 0.960982, -0.001297, -0.276609, 0.142141, 0.860177, 0.489788, 0.237297, -0.509995, 0.826798)
    }},
    { Time = 0.617, Data = {
      ["Head"] = CFrame.new(0.000000, -0.000000, 0.000000, 1.000000, -0.000000, 0.000000, 0.000000, 0.989807, 0.142412, -0.000000, -0.142412, 0.989807),
      ["LeftUpperArm"] = CFrame.new(-0.066521, -0.456091, 0.104608, 0.877528, -0.426270, 0.219631, -0.169596, -0.704309, -0.689338, 0.448532, 0.567665, -0.690345),
      ["LeftUpperLeg"] = CFrame.new(-0.393558, 0.332978, -0.608440, 0.938199, 0.034673, 0.344356, -0.187268, 0.887595, 0.420841, -0.291057, -0.459319, 0.839233),
      ["LowerTorso"] = CFrame.new(0.066589, -0.661577, 4.257920, 1.000000, -0.000000, 0.000000, 0.000000, 0.059279, 0.998241, -0.000000, -0.998241, 0.059279),
      ["RightUpperArm"] = CFrame.new(0.403910, -0.401742, -0.296099, 0.346512, 0.918489, -0.190546, 0.702356, -0.388687, -0.596338, -0.621793, 0.072807, -0.779790),
      ["RightUpperLeg"] = CFrame.new(0.376905, 0.365022, -0.648437, 0.960995, -0.001395, -0.276563, 0.141751, 0.861137, 0.488211, 0.237478, -0.508371, 0.827746)
    }},
    { Time = 0.633, Data = {
      ["Head"] = CFrame.new(0.000000, 0.000000, -0.000000, 1.000000, -0.000000, 0.000000, 0.000000, 0.989721, 0.143012, -0.000000, -0.143012, 0.989721),
      ["LeftUpperArm"] = CFrame.new(-0.066839, -0.457790, 0.104629, 0.877063, -0.426396, 0.221238, -0.170501, -0.706887, -0.686470, 0.449098, 0.564356, -0.692685),
      ["LeftUpperLeg"] = CFrame.new(-0.393524, 0.333796, -0.608852, 0.938219, 0.034803, 0.344289, -0.186854, 0.888367, 0.419392, -0.291259, -0.457813, 0.839986),
      ["LowerTorso"] = CFrame.new(0.066589, -0.661330, 4.257952, 1.000000, -0.000000, 0.000000, 0.000000, 0.057146, 0.998366, -0.000000, -0.998366, 0.057146),
      ["RightUpperArm"] = CFrame.new(0.404266, -0.402286, -0.297094, 0.345272, 0.918210, -0.194106, 0.702906, -0.390049, -0.594797, -0.621860, 0.068928, -0.780089),
      ["RightUpperLeg"] = CFrame.new(0.376897, 0.365987, -0.648973, 0.961008, -0.001455, -0.276518, 0.141394, 0.861959, 0.486862, 0.237639, -0.506976, 0.828555)
    }},
    { Time = 0.650, Data = {
      ["Head"] = CFrame.new(0.000000, 0.000000, -0.000000, 1.000000, -0.000000, 0.000000, 0.000000, 0.989647, 0.143526, -0.000000, -0.143526, 0.989647),
      ["LeftUpperArm"] = CFrame.new(-0.067118, -0.459218, 0.104644, 0.876662, -0.426537, 0.222554, -0.171323, -0.709034, -0.684046, 0.449570, 0.561548, -0.694659),
      ["LeftUpperLeg"] = CFrame.new(-0.393484, 0.334462, -0.609147, 0.938257, 0.034974, 0.344166, -0.186555, 0.888970, 0.418247, -0.291325, -0.456629, 0.840607),
      ["LowerTorso"] = CFrame.new(0.066589, -0.661028, 4.257980, 1.000000, -0.000000, 0.000000, 0.000000, 0.055249, 0.998473, -0.000000, -0.998473, 0.055249),
      ["RightUpperArm"] = CFrame.new(0.404553, -0.402774, -0.297961, 0.344248, 0.917922, -0.197263, 0.703347, -0.391309, -0.593447, -0.621929, 0.065549, -0.780325),
