return {
  ["Astros missionary 6"] = {
    { Time = 0.000, Data = {
      ["BaseAroused"] = CFrame.new(0.000000, 0.000000, 0.000000, 1.000000, -0.000000, 0.000000, 0.000000, 0.867656, 0.497166, -0.000000, -0.497166, 0.867656),
      ["Head"] = CFrame.new(0.000000, -0.000004, 0.000001, 0.949370, -0.086776, 0.301939, -0.047991, 0.909757, 0.412357, -0.310474, -0.405970, 0.859532),
      ["LeftUpperArm"] = CFrame.new(-0.225162, 0.207515, 0.114833, 0.338734, -0.856121, -0.390277, -0.900876, -0.175444, -0.397042, 0.271444, 0.486083, -0.830687),
      ["LeftUpperLeg"] = CFrame.new(-0.368789, -0.266730, 0.026906, 0.439583, 0.898202, 0.000033, -0.893667, 0.437360, 0.100378, 0.090145, -0.044154, 0.994949),
      ["LowerTorso"] = CFrame.new(0.000000, -1.492544, -0.029193, 1.000000, 0.000000, 0.000000, 0.000000, -0.025110, -0.999685, 0.000000, 0.999685, -0.025110),
      ["RightUpperArm"] = CFrame.new(-0.107113, -0.241086, 0.382059, 0.955693, 0.293240, -0.025721, -0.204396, 0.598179, -0.774857, -0.211834, 0.745783, 0.631613),
      ["RightUpperLeg"] = CFrame.new(0.403318, -0.284813, 0.028744, 0.319969, -0.947428, -0.000000, 0.942642, 0.318353, 0.100391, -0.095113, -0.032122, 0.994948),
      ["рҹҢ§пёҸрҹҳірҹ‘»рҹҸіпёҸвҖҚрҹҢҲрҹҳӮрҹ’һрҹҸҙвҖҚвҳ пёҸрҹҺёрҹҢ§пёҸрҹҳірҹ‘»рҹҸіпёҸвҖҚрҹҢҲрҹҳӮрҹ’һрҹҸҙвҖҚвҳ"] = CFrame.new(0.000000, 0.000000, 0.000000, 0.792242, -0.326165, 0.515723, 0.306033, 0.943562, 0.126627, -0.527918, 0.057509, 0.847346)
    }},
    { Time = 0.017, Data = {
      ["Head"] = CFrame.new(0.000000, -0.000004, 0.000001, 0.949361, -0.086772, 0.301968, -0.049842, 0.907342, 0.417428, -0.310209, -0.411340, 0.857070),
      ["LeftUpperArm"] = CFrame.new(-0.225039, 0.208301, 0.115329, 0.337658, -0.855655, -0.392227, -0.900564, -0.172457, -0.399052, 0.273808, 0.487969, -0.828804),
      ["LeftUpperLeg"] = CFrame.new(-0.368711, -0.266888, 0.026922, 0.439583, 0.898202, 0.000033, -0.893667, 0.437360, 0.100378, 0.090145, -0.044154, 0.994949),
      ["LowerTorso"] = CFrame.new(0.000000, -1.492547, -0.029090, 1.000000, 0.000000, 0.000000, 0.000000, -0.025110, -0.999685, 0.000000, 0.999685, -0.025110),
      ["RightUpperArm"] = CFrame.new(-0.106962, -0.241536, 0.382359, 0.955439, 0.293815, -0.028440, -0.206512, 0.596469, -0.775614, -0.210923, 0.746925, 0.630566),
      ["RightUpperLeg"] = CFrame.new(0.403337, -0.284755, 0.028738, 0.319969, -0.947428, -0.000000, 0.942642, 0.318353, 0.100391, -0.095113, -0.032122, 0.994948),
      ["рҹҢ§пёҸрҹҳірҹ‘»рҹҸіпёҸвҖҚрҹҢҲрҹҳӮрҹ’һрҹҸҙвҖҚвҳ пёҸрҹҺёрҹҢ§пёҸрҹҳірҹ‘»рҹҸіпёҸвҖҚрҹҢҲрҹҳӮрҹ’һрҹҸҙвҖҚвҳ"] = CFrame.new(0.000000, 0.000000, 0.000000, 0.791064, -0.328989, 0.515737, 0.309378, 0.942466, 0.126660, -0.527734, 0.059361, 0.847333)
    }},
    { Time = 0.033, Data = {
      ["Head"] = CFrame.new(0.000000, -0.000004, 0.000001, 0.949351, -0.086769, 0.301999, -0.051692, 0.904894, 0.422487, -0.309936, -0.416700, 0.854576),
      ["LeftUpperArm"] = CFrame.new(-0.224913, 0.209050, 0.115812, 0.336680, -0.855175, -0.394109, -0.900232, -0.169608, -0.401019, 0.276097, 0.489804, -0.826959),
      ["LeftUpperLeg"] = CFrame.new(-0.368478, -0.267360, 0.026970, 0.439583, 0.898202, 0.000033, -0.893667, 0.437360, 0.100378, 0.090145, -0.044154, 0.994949),
      ["LowerTorso"] = CFrame.new(0.000000, -1.492555, -0.028783, 1.000000, 0.000000, 0.000000, 0.000000, -0.025110, -0.999685, 0.000000, 0.999685, -0.025110),
      ["RightUpperArm"] = CFrame.new(-0.106802, -0.241987, 0.382656, 0.955170, 0.294420, -0.031084, -0.208591, 0.594754, -0.776374, -0.210093, 0.748053, 0.629505),
      ["RightUpperLeg"] = CFrame.new(0.403246, -0.284530, 0.028718, 0.320271, -0.947326, 0.000016, 0.942540, 0.318654, 0.100391, -0.095108, -0.032138, 0.994948),
      ["рҹҢ§пёҸрҹҳірҹ‘»рҹҸіпёҸвҖҚрҹҢҲрҹҳӮрҹ’һрҹҸҙвҖҚвҳ пёҸрҹҺёрҹҢ§пёҸрҹҳірҹ‘»рҹҸіпёҸвҖҚрҹҢҲрҹҳӮрҹ’һрҹҸҙвҖҚвҳ"] = CFrame.new(-0.000000, 0.000000, 0.000000, 0.789904, -0.331731, 0.515758, 0.312640, 0.941388, 0.126671, -0.527548, 0.061189, 0.847319)
    }},
    { Time = 0.050, Data = {
      ["Head"] = CFrame.new(0.000000, -0.000004, 0.000000, 0.949368, -0.086722, 0.301960, -0.053495, 0.902488, 0.427381, -0.309578, -0.421895, 0.852154),
      ["LeftUpperArm"] = CFrame.new(-0.224785, 0.209801, 0.116293, 0.335701, -0.854690, -0.395994, -0.899891, -0.166748, -0.402977, 0.278390, 0.491631, -0.825105),
      ["LeftUpperLeg"] = CFrame.new(-0.368048, -0.268120, 0.027048, 0.439674, 0.898157, 0.000028, -0.893622, 0.437451, 0.100378, 0.090143, -0.044158, 0.994949),
      ["LowerTorso"] = CFrame.new(0.000000, -1.492567, -0.028275, 1.000000, 0.000000, 0.000000, 0.000000, -0.025110, -0.999685, 0.000000, 0.999685, -0.025110),
      ["RightUpperArm"] = CFrame.new(-0.106664, -0.242433, 0.382955, 0.954920, 0.294946, -0.033691, -0.210596, 0.593059, -0.777129, -0.209231, 0.749191, 0.628438),
      ["RightUpperLeg"] = CFrame.new(0.403140, -0.284176, 0.028651, 0.320678, -0.947188, -0.000033, 0.942409, 0.319056, 0.100341, -0.095031, -0.032208, 0.994953),
      ["рҹҢ§пёҸрҹҳірҹ‘»рҹҸіпёҸвҖҚрҹҢҲрҹҳӮрҹ’һрҹҸҙвҖҚвҳ пёҸрҹҺёрҹҢ§пёҸрҹҳірҹ‘»рҹҸіпёҸвҖҚрҹҢҲрҹҳӮрҹ’һрҹҸҙвҖҚвҳ"] = CFrame.new(0.000000, 0.000000, 0.000000, 0.788764, -0.334391, 0.515786, 0.315821, 0.940327, 0.126658, -0.527360, 0.062992, 0.847303)
    }},
    { Time = 0.067, Data = {
      ["Head"] = CFrame.new(0.000000, -0.000004, 0.000000, 0.949355, -0.086750, 0.301992, -0.055205, 0.900126, 0.432117, -0.309317, -0.426904, 0.849750),
      ["LeftUpperArm"] = CFrame.new(-0.224653, 0.210504, 0.116759, 0.334813, -0.854186, -0.397827, -0.899570, -0.164078, -0.404787, 0.280489, 0.493401, -0.823335),
      ["LeftUpperLeg"] = CFrame.new(-0.367470, -0.269179, 0.027156, 0.439766, 0.898113, 0.000022, -0.893578, 0.437542, 0.100378, 0.090141, -0.044163, 0.994949),
      ["LowerTorso"] = CFrame.new(0.000000, -1.492585, -0.027570, 1.000000, 0.000000, 0.000000, 0.000000, -0.025110, -0.999685, 0.000000, 0.999685, -0.025110),
      ["RightUpperArm"] = CFrame.new(-0.106517, -0.242860, 0.383235, 0.954655, 0.295506, -0.036208, -0.212575, 0.591433, -0.777829, -0.208438, 0.750255, 0.627432),
      ["RightUpperLeg"] = CFrame.new(0.403024, -0.283692, 0.028606, 0.321180, -0.947018, -0.000006, 0.942239, 0.319559, 0.100341, -0.095023, -0.032233, 0.994953),
      ["рҹҢ§пёҸрҹҳірҹ‘»рҹҸіпёҸвҖҚрҹҢҲрҹҳӮрҹ’һрҹҸҙвҖҚвҳ пёҸрҹҺёрҹҢ§пёҸрҹҳірҹ‘»рҹҸіпёҸвҖҚрҹҢҲрҹҳӮрҹ’һрҹҸҙвҖҚвҳ"] = CFrame.new(0.000000, 0.000000, 0.000000, 0.787660, -0.337050, 0.515740, 0.319004, 0.939255, 0.126632, -0.527093, 0.064780, 0.847335)
    }},
    { Time = 0.083, Data = {
      ["Head"] = CFrame.new(0.000000, -0.000004, 0.000000, 0.949369, -0.086720, 0.301957, -0.056854, 0.897852, 0.436610, -0.308976, -0.431672, 0.847463),
      ["LeftUpperArm"] = CFrame.new(-0.224532, 0.211195, 0.117195, 0.333932, -0.853727, -0.399548, -0.899235, -0.161449, -0.406584, 0.282605, 0.495059, -0.821615),
      ["LeftUpperLeg"] = CFrame.new(-0.366704, -0.270506, 0.027292, 0.439948, 0.898023, 0.000012, -0.893488, 0.437725, 0.100378, 0.090136, -0.044172, 0.994949),
      ["LowerTorso"] = CFrame.new(0.000000, -1.492608, -0.026678, 1.000000, 0.000000, 0.000000, 0.000000, -0.025110, -0.999685, 0.000000, 0.999685, -0.025110),
      ["RightUpperArm"] = CFrame.new(-0.106381, -0.243263, 0.383498, 0.954400, 0.296024, -0.038597, -0.214451, 0.589902, -0.778477, -0.207679, 0.751256, 0.626485),
      ["RightUpperLeg"] = CFrame.new(0.402844, -0.283067, 0.028549, 0.321883, -0.946779, 0.000031, 0.942000, 0.320262, 0.100341, -0.095011, -0.032269, 0.994953),
      ["рҹҢ§пёҸрҹҳірҹ‘»рҹҸіпёҸвҖҚрҹҢҲрҹҳӮрҹ’һрҹҸҙвҖҚвҳ пёҸрҹҺёрҹҢ§пёҸрҹҳірҹ‘»рҹҸіпёҸвҖҚрҹҢҲрҹҳӮрҹ’һрҹҸҙвҖҚвҳ"] = CFrame.new(0.000000, 0.000000, 0.000000, 0.786590, -0.339492, 0.515773, 0.321919, 0.938260, 0.126632, -0.526920, 0.066430, 0.847315)
    }},
    { Time = 0.100, Data = {
      ["Head"] = CFrame.new(0.000000, -0.000004, 0.000000, 0.949353, -0.086753, 0.301997, -0.058397, 0.895669, 0.440871, -0.308736, -0.436178, 0.845240),
      ["LeftUpperArm"] = CFrame.new(-0.224414, 0.211835, 0.117605, 0.333150, -0.853281, -0.401152, -0.898898, -0.159014, -0.408286, 0.284594, 0.496615, -0.819988),
      ["LeftUpperLeg"] = CFrame.new(-0.365804, -0.272106, 0.027455, 0.440130, 0.897934, 0.000002, -0.893399, 0.437907, 0.100378, 0.090132, -0.044181, 0.994949),
      ["LowerTorso"] = CFrame.new(0.000000, -1.492634, -0.025607, 1.000000, 0.000000, 0.000000, 0.000000, -0.025110, -0.999685, 0.000000, 0.999685, -0.025110),
      ["RightUpperArm"] = CFrame.new(-0.106255, -0.243660, 0.383760, 0.954158, 0.296500, -0.040873, -0.216215, 0.588392, -0.779132, -0.206963, 0.752252, 0.625527),
      ["RightUpperLeg"] = CFrame.new(0.402646, -0.282324, 0.028471, 0.322691, -0.946504, -0.000047, 0.941727, 0.321058, 0.100361, -0.094977, -0.032429, 0.994951),
      ["рҹҢ§пёҸрҹҳірҹ‘»рҹҸіпёҸвҖҚрҹҢҲрҹҳӮрҹ’һрҹҸҙвҖҚвҳ пёҸрҹҺёрҹҢ§пёҸрҹҳірҹ‘»рҹҸіпёҸвҖҚрҹҢҲрҹҳӮрҹ’һрҹҸҙвҖҚвҳ"] = CFrame.new(0.000000, 0.000000, 0.000000, 0.785589, -0.341878, 0.515722, 0.324734, 0.937284, 0.126676, -0.526685, 0.067958, 0.847340)
    }},
    { Time = 0.117, Data = {
      ["Head"] = CFrame.new(0.000000, -0.000004, 0.000000, 0.949363, -0.086782, 0.301958, -0.059768, 0.893659, 0.444748, -0.308444, -0.440275, 0.843220),
      ["LeftUpperArm"] = CFrame.new(-0.224306, 0.212436, 0.117981, 0.332361, -0.852870, -0.402677, -0.898627, -0.156725, -0.409764, 0.286366, 0.498046, -0.818501),
      ["LeftUpperLeg"] = CFrame.new(-0.364778, -0.273962, 0.027645, 0.440313, 0.897844, -0.000008, -0.893309, 0.438090, 0.100378, 0.090127, -0.044190, 0.994949),
      ["LowerTorso"] = CFrame.new(0.000000, -1.492666, -0.024370, 1.000000, 0.000000, 0.000000, 0.000000, -0.025110, -0.999685, 0.000000, 0.999685, -0.025110),
      ["RightUpperArm"] = CFrame.new(-0.106140, -0.244012, 0.383990, 0.953928, 0.296938, -0.043006, -0.217887, 0.587052, -0.779676, -0.206269, 0.753125, 0.624704),
      ["RightUpperLeg"] = CFrame.new(0.402432, -0.281469, 0.028393, 0.323594, -0.946196, 0.000001, 0.941419, 0.321961, 0.100361, -0.094961, -0.032475, 0.994951),
      ["рҹҢ§пёҸрҹҳірҹ‘»рҹҸіпёҸвҖҚрҹҢҲрҹҳӮрҹ’һрҹҸҙвҖҚвҳ пёҸрҹҺёрҹҢ§пёҸрҹҳірҹ‘»рҹҸіпёҸвҖҚрҹҢҲрҹҳӮрҹ’һрҹҸҙвҖҚвҳ"] = CFrame.new(0.000000, 0.000000, 0.000000, 0.784625, -0.344023, 0.515764, 0.327305, 0.936391, 0.126664, -0.526532, 0.069429, 0.847316)
    }},
    { Time = 0.133, Data = {
      ["Head"] = CFrame.new(0.000000, -0.000004, 0.000000, 0.949373, -0.086758, 0.301935, -0.061082, 0.891790, 0.448307, -0.308157, -0.444053, 0.841342),
      ["LeftUpperArm"] = CFrame.new(-0.224209, 0.212986, 0.118319, 0.331677, -0.852502, -0.404019, -0.898334, -0.154632, -0.411200, 0.288074, 0.499329, -0.817119),
      ["LeftUpperLeg"] = CFrame.new(-0.363637, -0.276053, 0.027858, 0.440495, 0.897755, -0.000018, -0.893220, 0.438272, 0.100378, 0.090123, -0.044199, 0.994949),
      ["LowerTorso"] = CFrame.new(0.000000, -1.492701, -0.022981, 1.000000, 0.000000, 0.000000, 0.000000, -0.025110, -0.999685, 0.000000, 0.999685, -0.025110),
      ["RightUpperArm"] = CFrame.new(-0.106045, -0.244332, 0.384202, 0.953728, 0.297299, -0.044896, -0.219344, 0.585834, -0.780184, -0.205646, 0.753931, 0.623937),
      ["RightUpperLeg"] = CFrame.new(0.402196, -0.280513, 0.028270, 0.324601, -0.945851, -0.000015, 0.941081, 0.322963, 0.100311, -0.094874, -0.032576, 0.994956),
      ["рҹҢ§пёҸрҹҳірҹ‘»рҹҸіпёҸвҖҚрҹҢҲрҹҳӮрҹ’һрҹҸҙвҖҚвҳ пёҸрҹҺёрҹҢ§пёҸрҹҳірҹ‘»рҹҸіпёҸвҖҚрҹҢҲрҹҳӮрҹ’һрҹҸҙвҖҚвҳ"] = CFrame.new(0.000000, 0.000000, 0.000000, 0.783794, -0.345957, 0.515734, 0.329620, 0.935580, 0.126648, -0.526325, 0.070730, 0.847336)
    }},
    { Time = 0.150, Data = {
      ["Head"] = CFrame.new(0.000000, -0.000004, 0.000000, 0.949353, -0.086769, 0.301993, -0.062264, 0.890106, 0.451481, -0.307980, -0.447418, 0.839622),
      ["LeftUpperArm"] = CFrame.new(-0.224122, 0.213498, 0.118624, 0.330986, -0.852171, -0.405282, -0.898109, -0.152690, -0.412414, 0.289565, 0.500491, -0.815881),
      ["LeftUpperLeg"] = CFrame.new(-0.362345, -0.278333, 0.028091, 0.440769, 0.897621, -0.000034, -0.893086, 0.438546, 0.100378, 0.090116, -0.044213, 0.994949),
      ["LowerTorso"] = CFrame.new(0.000000, -1.492739, -0.021454, 1.000000, 0.000000, 0.000000, 0.000000, -0.025110, -0.999685, 0.000000, 0.999685, -0.025110),
      ["RightUpperArm"] = CFrame.new(-0.105951, -0.244627, 0.384393, 0.953535, 0.297658, -0.046581, -0.220661, 0.584713, -0.780653, -0.205131, 0.754659, 0.623226),
      ["RightUpperLeg"] = CFrame.new(0.401888, -0.279439, 0.028197, 0.325803, -0.945438, -0.000002, 0.940662, 0.324158, 0.100381, -0.094903, -0.032706, 0.994949),
      ["рҹҢ§пёҸрҹҳірҹ‘»рҹҸіпёҸвҖҚрҹҢҲрҹҳӮрҹ’һрҹҸҙвҖҚвҳ пёҸрҹҺёрҹҢ§пёҸрҹҳірҹ‘»рҹҸіпёҸвҖҚрҹҢҲрҹҳӮрҹ’һрҹҸҙвҖҚвҳ"] = CFrame.new(0.000000, 0.000000, 0.000000, 0.782972, -0.347753, 0.515774, 0.331747, 0.934824, 0.126682, -0.526212, 0.071918, 0.847306)
    }},
    { Time = 0.167, Data = {
      ["Head"] = CFrame.new(0.000000, -0.000004, 0.000000, 0.949360, -0.086762, 0.301975, -0.063260, 0.888651, 0.454200, -0.307757, -0.450302, 0.838161),
      ["LeftUpperArm"] = CFrame.new(-0.224044, 0.213902, 0.118880, 0.330494, -0.851874, -0.406304, -0.897893, -0.151151, -0.413451, 0.290796, 0.501461, -0.814846),
      ["LeftUpperLeg"] = CFrame.new(-0.360960, -0.280801, 0.028307, 0.441047, 0.897484, 0.000024, -0.892956, 0.438819, 0.100332, 0.090036, -0.044273, 0.994954),
      ["LowerTorso"] = CFrame.new(0.000000, -1.492781, -0.019805, 1.000000, 0.000000, 0.000000, 0.000000, -0.025110, -0.999685, 0.000000, 0.999685, -0.025110),
      ["RightUpperArm"] = CFrame.new(-0.105856, -0.244877, 0.384549, 0.953350, 0.298019, -0.048047, -0.221848, 0.583765, -0.781026, -0.204713, 0.755251, 0.622647),
      ["RightUpperLeg"] = CFrame.new(0.401602, -0.278300, 0.028057, 0.327009, -0.945021, -0.000008, 0.940253, 0.325358, 0.100331, -0.094812, -0.032817, 0.994954),
      ["рҹҢ§пёҸрҹҳірҹ‘»рҹҸіпёҸвҖҚрҹҢҲрҹҳӮрҹ’һрҹҸҙвҖҚвҳ пёҸрҹҺёрҹҢ§пёҸрҹҳірҹ‘»рҹҸіпёҸвҖҚрҹҢҲрҹҳӮрҹ’һрҹҸҙвҖҚвҳ"] = CFrame.new(0.000000, 0.000000, 0.000000, 0.782318, -0.349260, 0.515748, 0.333540, 0.934185, 0.126689, -0.526052, 0.072912, 0.847321)
    }},
    { Time = 0.183, Data = {
      ["Head"] = CFrame.new(0.000000, -0.000004, 0.000000, 0.949365, -0.086756, 0.301960, -0.064089, 0.887431, 0.456463, -0.307570, -0.452702, 0.836936),
      ["LeftUpperArm"] = CFrame.new(-0.223983, 0.214267, 0.119091, 0.330003, -0.851646, -0.407182, -0.897724, -0.149765, -0.414321, 0.291873, 0.502264, -0.813966),
      ["LeftUpperLeg"] = CFrame.new(-0.359500, -0.283425, 0.028575, 0.441320, 0.897350, 0.000009, -0.892822, 0.439093, 0.100332, 0.090030, -0.044286, 0.994954),
      ["LowerTorso"] = CFrame.new(0.000000, -1.492825, -0.018054, 1.000000, 0.000000, 0.000000, 0.000000, -0.025110, -0.999685, 0.000000, 0.999685, -0.025110),
      ["RightUpperArm"] = CFrame.new(-0.105801, -0.245087, 0.384689, 0.953224, 0.298230, -0.049231, -0.222745, 0.582965, -0.781368, -0.204327, 0.755784, 0.622126),
      ["RightUpperLeg"] = CFrame.new(0.401289, -0.277080, 0.027971, 0.328309, -0.944570, 0.000011, 0.939797, 0.326651, 0.100401, -0.094840, -0.032952, 0.994947),
      ["рҹҢ§пёҸрҹҳірҹ‘»рҹҸіпёҸвҖҚрҹҢҲрҹҳӮрҹ’һрҹҸҙвҖҚвҳ пёҸрҹҺёрҹҢ§пёҸрҹҳірҹ‘»рҹҸіпёҸвҖҚрҹҢҲрҹҳӮрҹ’һрҹҸҙвҖҚвҳ"] = CFrame.new(0.000000, 0.000000, 0.000000, 0.781754, -0.350531, 0.515740, 0.335097, 0.933636, 0.126624, -0.525899, 0.073834, 0.847336)
    }},
    { Time = 0.200, Data = {
      ["Head"] = CFrame.new(0.000000, -0.000004, 0.000000, 0.949369, -0.086738, 0.301953, -0.064738, 0.886491, 0.458194, -0.307421, -0.454543, 0.835992),
      ["LeftUpperArm"] = CFrame.new(-0.223919, 0.214538, 0.119280, 0.329704, -0.851403, -0.407933, -0.897573, -0.148734, -0.415020, 0.292676, 0.502983, -0.813234),
      ["LeftUpperLeg"] = CFrame.new(-0.357977, -0.286178, 0.028856, 0.441594, 0.897215, -0.000007, -0.892687, 0.439366, 0.100332, 0.090023, -0.044300, 0.994954),
      ["LowerTorso"] = CFrame.new(0.000000, -1.492870, -0.016220, 1.000000, 0.000000, 0.000000, 0.000000, -0.025110, -0.999685, 0.000000, 0.999685, -0.025110),
      ["RightUpperArm"] = CFrame.new(-0.105754, -0.245251, 0.384798, 0.953114, 0.298407, -0.050273, -0.223549, 0.582340, -0.781605, -0.203961, 0.756197, 0.621745),
      ["RightUpperLeg"] = CFrame.new(0.400940, -0.275800, 0.027819, 0.329712, -0.944082, 0.000016, 0.939315, 0.328049, 0.100351, -0.094745, -0.033072, 0.994952),
      ["рҹҢ§пёҸрҹҳірҹ‘»рҹҸіпёҸвҖҚрҹҢҲрҹҳӮрҹ’һрҹҸҙвҖҚвҳ пёҸрҹҺёрҹҢ§пёҸрҹҳірҹ‘»рҹҸіпёҸвҖҚрҹҢҲрҹҳӮрҹ’һрҹҸҙвҖҚвҳ"] = CFrame.new(0.000000, -0.000000, 0.000000, 0.781346, -0.351457, 0.515729, 0.336213, 0.933237, 0.126605, -0.525794, 0.074472, 0.847346)
    }},
    { Time = 0.217, Data = {
      ["Head"] = CFrame.new(0.000000, -0.000004, 0.000000, 0.949372, -0.086721, 0.301948, -0.065222, 0.885794, 0.459472, -0.307310, -0.455904, 0.835292),
      ["LeftUpperArm"] = CFrame.new(-0.223888, 0.214754, 0.119398, 0.329411, -0.851280, -0.408424, -0.897464, -0.147911, -0.415550, 0.293339, 0.503432, -0.812717),
      ["LeftUpperLeg"] = CFrame.new(-0.356405, -0.289028, 0.029147, 0.441867, 0.897081, -0.000022, -0.892553, 0.439639, 0.100332, 0.090016, -0.044314, 0.994954),
      ["LowerTorso"] = CFrame.new(0.000000, -1.492919, -0.014321, 1.000000, 0.000000, 0.000000, 0.000000, -0.025110, -0.999685, 0.000000, 0.999685, -0.025110),
      ["RightUpperArm"] = CFrame.new(-0.105707, -0.245363, 0.384865, 0.953024, 0.298587, -0.050903, -0.224073, 0.581914, -0.781772, -0.203806, 0.756453, 0.621483),
      ["RightUpperLeg"] = CFrame.new(0.400604, -0.274480, 0.027688, 0.331114, -0.943591, -0.000030, 0.938827, 0.329439, 0.100372, -0.094700, -0.033263, 0.994950),
      ["рҹҢ§пёҸрҹҳірҹ‘»рҹҸіпёҸвҖҚрҹҢҲрҹҳӮрҹ’һрҹҸҙвҖҚвҳ пёҸрҹҺёрҹҢ§пёҸрҹҳірҹ‘»рҹҸіпёҸвҖҚрҹҢҲрҹҳӮрҹ’һрҹҸҙвҖҚвҳ"] = CFrame.new(0.000000, 0.000000, 0.000000, 0.780984, -0.352166, 0.515794, 0.337063, 0.932930, 0.126612, -0.525788, 0.074973, 0.847305)
    }},
    { Time = 0.233, Data = {
      ["Head"] = CFrame.new(0.000000, -0.000004, -0.000000, 0.949373, -0.086788, 0.301926, -0.065457, 0.885341, 0.460311, -0.307257, -0.456770, 0.834838),
      ["LeftUpperArm"] = CFrame.new(-0.223857, 0.214863, 0.119480, 0.329311, -0.851168, -0.408739, -0.897390, -0.147497, -0.415855, 0.293675, 0.503744, -0.812402),
      ["LeftUpperLeg"] = CFrame.new(-0.354756, -0.291921, 0.029443, 0.442231, 0.896901, -0.000042, -0.892373, 0.440004, 0.100332, 0.090007, -0.044332, 0.994954),
      ["LowerTorso"] = CFrame.new(0.000000, -1.492967, -0.012380, 1.000000, 0.000000, 0.000000, 0.000000, -0.025110, -0.999685, 0.000000, 0.999685, -0.025110),
      ["RightUpperArm"] = CFrame.new(-0.105688, -0.245442, 0.384919, 0.952977, 0.298656, -0.051367, -0.224419, 0.581614, -0.781896, -0.203643, 0.756657, 0.621289),
      ["RightUpperLeg"] = CFrame.new(0.400227, -0.273120, 0.027528, 0.332614, -0.943063, -0.000021, 0.938306, 0.330934, 0.100322, -0.094603, -0.033388, 0.994955),
      ["рҹҢ§пёҸрҹҳірҹ‘»рҹҸіпёҸвҖҚрҹҢҲрҹҳӮрҹ’һрҹҸҙвҖҚвҳ пёҸрҹҺёрҹҢ§пёҸрҹҳірҹ‘»рҹҸіпёҸвҖҚрҹҢҲрҹҳӮрҹ’һрҹҸҙвҖҚвҳ"] = CFrame.new(0.000000, 0.000000, 0.000000, 0.780794, -0.352613, 0.515775, 0.337557, 0.932743, 0.126672, -0.525752, 0.075199, 0.847307)
    }},
    { Time = 0.250, Data = {
      ["Head"] = CFrame.new(0.000000, -0.000004, -0.000000, 0.949374, -0.086746, 0.301935, -0.065581, 0.885218, 0.460530, -0.307228, -0.457017, 0.834714),
      ["LeftUpperArm"] = CFrame.new(-0.223853, 0.214916, 0.119505, 0.329211, -0.851148, -0.408860, -0.897384, -0.147292, -0.415941, 0.293806, 0.503837, -0.812297),
      ["LeftUpperLeg"] = CFrame.new(-0.353136, -0.294867, 0.029767, 0.442504, 0.896766, -0.000012, -0.892234, 0.440269, 0.100405, 0.090046, -0.044419, 0.994947),
      ["LowerTorso"] = CFrame.new(0.000000, -1.493017, -0.010418, 1.000000, 0.000000, 0.000000, 0.000000, -0.025110, -0.999685, 0.000000, 0.999685, -0.025110),
      ["RightUpperArm"] = CFrame.new(-0.105679, -0.245469, 0.384935, 0.952959, 0.298691, -0.051496, -0.224521, 0.581514, -0.781941, -0.203614, 0.756720, 0.621221),
      ["RightUpperLeg"] = CFrame.new(0.399908, -0.271759, 0.027429, 0.334007, -0.942570, 0.000004, 0.937808, 0.332320, 0.100392, -0.094628, -0.033528, 0.994948),
      ["рҹҢ§пёҸрҹҳірҹ‘»рҹҸіпёҸвҖҚрҹҢҲрҹҳӮрҹ’һрҹҸҙвҖҚвҳ пёҸрҹҺёрҹҢ§пёҸрҹҳірҹ‘»рҹҸіпёҸвҖҚрҹҢҲрҹҳӮрҹ’һрҹҸҙвҖҚвҳ"] = CFrame.new(0.000000, 0.000000, 0.000000, 0.780700, -0.352825, 0.515774, 0.337817, 0.932650, 0.126662, -0.525726, 0.075352, 0.847310)
    }},
    { Time = 0.267, Data = {
      ["Head"] = CFrame.new(0.000000, -0.000004, -0.000000, 0.949373, -0.086788, 0.301926, -0.065457, 0.885341, 0.460311, -0.307257, -0.456770, 0.834838),
      ["LeftUpperArm"] = CFrame.new(-0.223858, 0.214863, 0.119481, 0.329311, -0.851168, -0.408739, -0.897390, -0.147497, -0.415855, 0.293675, 0.503744, -0.812402),
      ["LeftUpperLeg"] = CFrame.new(-0.351468, -0.297796, 0.030030, 0.442873, 0.896584, 0.000041, -0.892059, 0.440633, 0.100360, 0.089963, -0.044483, 0.994951),
      ["LowerTorso"] = CFrame.new(0.000000, -1.493067, -0.008455, 1.000000, 0.000000, 0.000000, 0.000000, -0.025110, -0.999685, 0.000000, 0.999685, -0.025110),
      ["RightUpperArm"] = CFrame.new(-0.105688, -0.245442, 0.384919, 0.952977, 0.298656, -0.051367, -0.224419, 0.581614, -0.781896, -0.203643, 0.756657, 0.621289),
      ["RightUpperLeg"] = CFrame.new(0.399537, -0.270385, 0.027268, 0.335504, -0.942039, 0.000013, 0.937284, 0.333812, 0.100343, -0.094531, -0.033653, 0.994953),
      ["рҹҢ§пёҸрҹҳірҹ‘»рҹҸіпёҸвҖҚрҹҢҲрҹҳӮрҹ’һрҹҸҙвҖҚвҳ пёҸрҹҺёрҹҢ§пёҸрҹҳірҹ‘»рҹҸіпёҸвҖҚрҹҢҲрҹҳӮрҹ’һрҹҸҙвҖҚвҳ"] = CFrame.new(0.000000, 0.000000, 0.000000, 0.780794, -0.352613, 0.515775, 0.337557, 0.932743, 0.126672, -0.525752, 0.075199, 0.847307)
    }},
    { Time = 0.283, Data = {
      ["Head"] = CFrame.new(0.000000, -0.000004, 0.000000, 0.949372, -0.086721, 0.301948, -0.065222, 0.885794, 0.459472, -0.307310, -0.455904, 0.835292),
      ["LeftUpperArm"] = CFrame.new(-0.223888, 0.214753, 0.119399, 0.329411, -0.851280, -0.408424, -0.897464, -0.147911, -0.415550, 0.293339, 0.503432, -0.812717),
      ["LeftUpperLeg"] = CFrame.new(-0.349864, -0.300712, 0.030327, 0.443146, 0.896449, 0.000025, -0.891925, 0.440906, 0.100360, 0.089957, -0.044497, 0.994951),
      ["LowerTorso"] = CFrame.new(0.000000, -1.493115, -0.006514, 1.000000, 0.000000, 0.000000, 0.000000, -0.025110, -0.999685, 0.000000, 0.999685, -0.025110),
      ["RightUpperArm"] = CFrame.new(-0.105707, -0.245363, 0.384865, 0.953024, 0.298587, -0.050903, -0.224073, 0.581914, -0.781772, -0.203806, 0.756453, 0.621483),
      ["RightUpperLeg"] = CFrame.new(0.399162, -0.269020, 0.027133, 0.336999, -0.941505, -0.000028, 0.936752, 0.335295, 0.100363, -0.094483, -0.033848, 0.994951),
      ["рҹҢ§пёҸрҹҳірҹ‘»рҹҸіпёҸвҖҚрҹҢҲрҹҳӮрҹ’һрҹҸҙвҖҚвҳ пёҸрҹҺёрҹҢ§пёҸрҹҳірҹ‘»рҹҸіпёҸвҖҚрҹҢҲрҹҳӮрҹ’һрҹҸҙвҖҚвҳ"] = CFrame.new(0.000000, 0.000000, 0.000000, 0.780984, -0.352166, 0.515794, 0.337063, 0.932930, 0.126612, -0.525788, 0.074973, 0.847305)
    }},
    { Time = 0.300, Data = {
      ["Head"] = CFrame.new(0.000000, -0.000004, 0.000000, 0.949369, -0.086738, 0.301953, -0.064738, 0.886491, 0.458194, -0.307421, -0.454543, 0.835992),
      ["LeftUpperArm"] = CFrame.new(-0.223919, 0.214538, 0.119280, 0.329704, -0.851403, -0.407933, -0.897573, -0.148734, -0.415020, 0.292676, 0.502983, -0.813234),
      ["LeftUpperLeg"] = CFrame.new(-0.348293, -0.303562, 0.030618, 0.443419, 0.896315, 0.000010, -0.891790, 0.441179, 0.100360, 0.089950, -0.044510, 0.994951),
      ["LowerTorso"] = CFrame.new(0.000000, -1.493163, -0.004615, 1.000000, 0.000000, 0.000000, 0.000000, -0.025110, -0.999685, 0.000000, 0.999685, -0.025110),
      ["RightUpperArm"] = CFrame.new(-0.105754, -0.245251, 0.384798, 0.953114, 0.298407, -0.050273, -0.223549, 0.582340, -0.781605, -0.203961, 0.756197, 0.621745),
      ["RightUpperLeg"] = CFrame.new(0.398833, -0.267695, 0.027012, 0.338388, -0.941007, 0.000047, 0.936254, 0.336684, 0.100363, -0.094458, -0.033918, 0.994951),
      ["рҹҢ§пёҸрҹҳірҹ‘»рҹҸіпёҸвҖҚрҹҢҲрҹҳӮрҹ’һрҹҸҙвҖҚвҳ пёҸрҹҺёрҹҢ§пёҸрҹҳірҹ‘»рҹҸіпёҸвҖҚрҹҢҲрҹҳӮрҹ’һрҹҸҙвҖҚвҳ"] = CFrame.new(0.000000, -0.000000, 0.000000, 0.781346, -0.351457, 0.515729, 0.336213, 0.933237, 0.126605, -0.525794, 0.074472, 0.847346)
    }},
    { Time = 0.317, Data = {
      ["Head"] = CFrame.new(0.000000, -0.000004, 0.000000, 0.949365, -0.086756, 0.301960, -0.064089, 0.887431, 0.456463, -0.307570, -0.452702, 0.836936),
      ["LeftUpperArm"] = CFrame.new(-0.223984, 0.214266, 0.119091, 0.330003, -0.851646, -0.407182, -0.897724, -0.149765, -0.414321, 0.291873, 0.502264, -0.813966),
      ["LeftUpperLeg"] = CFrame.new(-0.346769, -0.306314, 0.030899, 0.443692, 0.896179, -0.000005, -0.891654, 0.441452, 0.100360, 0.089943, -0.044524, 0.994951),
      ["LowerTorso"] = CFrame.new(0.000000, -1.493209, -0.002781, 1.000000, 0.000000, 0.000000, 0.000000, -0.025110, -0.999685, 0.000000, 0.999685, -0.025110),
      ["RightUpperArm"] = CFrame.new(-0.105800, -0.245087, 0.384689, 0.953224, 0.298230, -0.049231, -0.222745, 0.582965, -0.781368, -0.204327, 0.755784, 0.622126),
      ["RightUpperLeg"] = CFrame.new(0.398489, -0.266406, 0.026884, 0.339781, -0.940505, 0.000001, 0.935754, 0.338065, 0.100384, -0.094412, -0.034108, 0.994949),
      ["рҹҢ§пёҸрҹҳірҹ‘»рҹҸіпёҸвҖҚрҹҢҲрҹҳӮрҹ’һрҹҸҙвҖҚвҳ пёҸрҹҺёрҹҢ§пёҸрҹҳірҹ‘»рҹҸіпёҸвҖҚрҹҢҲрҹҳӮрҹ’һрҹҸҙвҖҚвҳ"] = CFrame.new(0.000000, 0.000000, 0.000000, 0.781754, -0.350531, 0.515740, 0.335097, 0.933636, 0.126624, -0.525899, 0.073834, 0.847336)
    }},
    { Time = 0.333, Data = {
      ["Head"] = CFrame.new(0.000000, -0.000004, 0.000000, 0.949360, -0.086762, 0.301975, -0.063260, 0.888651, 0.454200, -0.307757, -0.450302, 0.838161),
      ["LeftUpperArm"] = CFrame.new(-0.224044, 0.213902, 0.118880, 0.330494, -0.851874, -0.406304, -0.897893, -0.151151, -0.413451, 0.290796, 0.501461, -0.814846),
      ["LeftUpperLeg"] = CFrame.new(-0.345310, -0.308937, 0.031167, 0.443964, 0.896045, -0.000021, -0.891520, 0.441725, 0.100360, 0.089936, -0.044538, 0.994951),
      ["LowerTorso"] = CFrame.new(0.000000, -1.493253, -0.001029, 1.000000, 0.000000, 0.000000, 0.000000, -0.025110, -0.999685, 0.000000, 0.999685, -0.025110),
      ["RightUpperArm"] = CFrame.new(-0.105856, -0.244877, 0.384549, 0.953350, 0.298019, -0.048047, -0.221848, 0.583765, -0.781026, -0.204713, 0.755251, 0.622647),
      ["RightUpperLeg"] = CFrame.new(0.398180, -0.265183, 0.026737, 0.341073, -0.940037, -0.000001, 0.935293, 0.339352, 0.100335, -0.094318, -0.034222, 0.994954),
      ["рҹҢ§пёҸрҹҳірҹ‘»рҹҸіпёҸвҖҚрҹҢҲрҹҳӮрҹ’һрҹҸҙвҖҚвҳ пёҸрҹҺёрҹҢ§пёҸрҹҳірҹ‘»рҹҸіпёҸвҖҚрҹҢҲрҹҳӮрҹ’һрҹҸҙвҖҚвҳ"] = CFrame.new(0.000000, -0.000000, 0.000000, 0.782318, -0.349260, 0.515748, 0.333540, 0.934185, 0.126689, -0.526052, 0.072912, 0.847321)
    }},
    { Time = 0.350, Data = {
      ["Head"] = CFrame.new(0.000000, -0.000004, 0.000000, 0.949353, -0.086769, 0.301993, -0.062264, 0.890106, 0.451481, -0.307980, -0.447418, 0.839622),
      ["LeftUpperArm"] = CFrame.new(-0.224122, 0.213497, 0.118624, 0.330986, -0.852171, -0.405282, -0.898109, -0.152690, -0.412414, 0.289565, 0.500491, -0.815881),
      ["LeftUpperLeg"] = CFrame.new(-0.343927, -0.311403, 0.031419, 0.444237, 0.895909, -0.000036, -0.891384, 0.441998, 0.100360, 0.089929, -0.044552, 0.994951),
      ["LowerTorso"] = CFrame.new(0.000000, -1.493294, 0.000619, 1.000000, 0.000000, 0.000000, 0.000000, -0.025110, -0.999685, 0.000000, 0.999685, -0.025110),
      ["RightUpperArm"] = CFrame.new(-0.105951, -0.244627, 0.384393, 0.953535, 0.297658, -0.046581, -0.220661, 0.584713, -0.780653, -0.205131, 0.754659, 0.623226),
      ["RightUpperLeg"] = CFrame.new(0.397903, -0.264031, 0.026657, 0.342260, -0.939605, 0.000013, 0.934857, 0.340532, 0.100405, -0.094346, -0.034353, 0.994947),
      ["рҹҢ§пёҸрҹҳірҹ‘»рҹҸіпёҸвҖҚрҹҢҲрҹҳӮрҹ’һрҹҸҙвҖҚвҳ пёҸрҹҺёрҹҢ§пёҸрҹҳірҹ‘»рҹҸіпёҸвҖҚрҹҢҲрҹҳӮрҹ’һрҹҸҙвҖҚвҳ"] = CFrame.new(0.000000, 0.000000, 0.000000, 0.782972, -0.347753, 0.515774, 0.331747, 0.934824, 0.126682, -0.526212, 0.071918, 0.847306)
    }},
    { Time = 0.367, Data = {
      ["Head"] = CFrame.new(0.000000, -0.000004, 0.000000, 0.949373, -0.086758, 0.301935, -0.061082, 0.891790, 0.448307, -0.308157, -0.444053, 0.841342),
      ["LeftUpperArm"] = CFrame.new(-0.224209, 0.212987, 0.118319, 0.331677, -0.852502, -0.404019, -0.898334, -0.154632, -0.411200, 0.288074, 0.499329, -0.817119),
      ["LeftUpperLeg"] = CFrame.new(-0.342634, -0.313685, 0.031616, 0.444515, 0.895772, 0.000022, -0.891254, 0.442270, 0.100315, 0.089849, -0.044611, 0.994956),
      ["LowerTorso"] = CFrame.new(0.000000, -1.493333, 0.002146, 1.000000, 0.000000, 0.000000, 0.000000, -0.025110, -0.999685, 0.000000, 0.999685, -0.025110),
      ["RightUpperArm"] = CFrame.new(-0.106045, -0.244332, 0.384202, 0.953728, 0.297299, -0.044896, -0.219344, 0.585834, -0.780184, -0.205646, 0.753931, 0.623937),
      ["RightUpperLeg"] = CFrame.new(0.397601, -0.262952, 0.026523, 0.343451, -0.939171, 0.000006, 0.934429, 0.341718, 0.100356, -0.094253, -0.034462, 0.994952),
      ["рҹҢ§пёҸрҹҳірҹ‘»рҹҸіпёҸвҖҚрҹҢҲрҹҳӮрҹ’һрҹҸҙвҖҚвҳ пёҸрҹҺёрҹҢ§пёҸрҹҳірҹ‘»рҹҸіпёҸвҖҚрҹҢҲрҹҳӮрҹ’һрҹҸҙвҖҚвҳ"] = CFrame.new(0.000000, 0.000000, 0.000000, 0.783794, -0.345957, 0.515734, 0.329620, 0.935580, 0.126648, -0.526325, 0.070730, 0.847336)
    }},
    { Time = 0.383, Data = {
      ["Head"] = CFrame.new(0.000000, -0.000004, 0.000000, 0.949363, -0.086782, 0.301958, -0.059768, 0.893659, 0.444748, -0.308444, -0.440275, 0.843220),
      ["LeftUpperArm"] = CFrame.new(-0.224306, 0.212436, 0.117981, 0.332361, -0.852870, -0.402677, -0.898627, -0.156725, -0.409764, 0.286366, 0.498046, -0.818501),
      ["LeftUpperLeg"] = CFrame.new(-0.341493, -0.315776, 0.031829, 0.444696, 0.895681, 0.000012, -0.891164, 0.442452, 0.100315, 0.089845, -0.044620, 0.994956),
      ["LowerTorso"] = CFrame.new(0.000000, -1.493368, 0.003536, 1.000000, 0.000000, 0.000000, 0.000000, -0.025110, -0.999685, 0.000000, 0.999685, -0.025110),
      ["RightUpperArm"] = CFrame.new(-0.106140, -0.244012, 0.383990, 0.953928, 0.296938, -0.043006, -0.217887, 0.587052, -0.779676, -0.206269, 0.753125, 0.624704),
      ["RightUpperLeg"] = CFrame.new(0.397372, -0.261986, 0.026400, 0.344444, -0.938807, -0.000012, 0.934072, 0.342705, 0.100307, -0.094165, -0.034561, 0.994957),
      ["рҹҢ§пёҸрҹҳірҹ‘»рҹҸіпёҸвҖҚрҹҢҲрҹҳӮрҹ’һрҹҸҙвҖҚвҳ пёҸрҹҺёрҹҢ§пёҸрҹҳірҹ‘»рҹҸіпёҸвҖҚрҹҢҲрҹҳӮрҹ’һрҹҸҙвҖҚвҳ"] = CFrame.new(0.000000, 0.000000, 0.000000, 0.784625, -0.344023, 0.515764, 0.327305, 0.936391, 0.126664, -0.526532, 0.069429, 0.847316)
    }},
    { Time = 0.400, Data = {
      ["Head"] = CFrame.new(0.000000, -0.000004, 0.000000, 0.949353, -0.086753, 0.301997, -0.058397, 0.895669, 0.440871, -0.308736, -0.436178, 0.845240),
      ["LeftUpperArm"] = CFrame.new(-0.224414, 0.211835, 0.117604, 0.333150, -0.853281, -0.401152, -0.898898, -0.159014, -0.408286, 0.284594, 0.496615, -0.819988),
      ["LeftUpperLeg"] = CFrame.new(-0.340468, -0.317631, 0.032019, 0.444878, 0.895591, 0.000001, -0.891074, 0.442634, 0.100315, 0.089840, -0.044629, 0.994956),
      ["LowerTorso"] = CFrame.new(0.000000, -1.493400, 0.004773, 1.000000, 0.000000, 0.000000, 0.000000, -0.025110, -0.999685, 0.000000, 0.999685, -0.025110),
      ["RightUpperArm"] = CFrame.new(-0.106255, -0.243660, 0.383760, 0.954158, 0.296500, -0.040873, -0.216215, 0.588392, -0.779132, -0.206963, 0.752252, 0.625527),
      ["RightUpperLeg"] = CFrame.new(0.397116, -0.261102, 0.026344, 0.345431, -0.938444, -0.000008, 0.933705, 0.343685, 0.100377, -0.094196, -0.034681, 0.994949),
      ["рҹҢ§пёҸрҹҳірҹ‘»рҹҸіпёҸвҖҚрҹҢҲрҹҳӮрҹ’һрҹҸҙвҖҚвҳ пёҸрҹҺёрҹҢ§пёҸрҹҳірҹ‘»рҹҸіпёҸвҖҚрҹҢҲрҹҳӮрҹ’һрҹҸҙвҖҚвҳ"] = CFrame.new(0.000000, 0.000000, 0.000000, 0.785589, -0.341878, 0.515722, 0.324734, 0.937284, 0.126676, -0.526685, 0.067958, 0.847340)
    }},
    { Time = 0.417, Data = {
      ["Head"] = CFrame.new(0.000000, -0.000004, 0.000000, 0.949369, -0.086720, 0.301957, -0.056854, 0.897852, 0.436610, -0.308976, -0.431672, 0.847463),
      ["LeftUpperArm"] = CFrame.new(-0.224532, 0.211194, 0.117195, 0.333932, -0.853727, -0.399548, -0.899235, -0.161449, -0.406584, 0.282605, 0.495059, -0.821615),
      ["LeftUpperLeg"] = CFrame.new(-0.339567, -0.319231, 0.032182, 0.445060, 0.895501, -0.000009, -0.890983, 0.442815, 0.100315, 0.089836, -0.044638, 0.994956),
      ["LowerTorso"] = CFrame.new(0.000000, -1.493427, 0.005843, 1.000000, 0.000000, 0.000000, 0.000000, -0.025110, -0.999685, 0.000000, 0.999685, -0.025110),
      ["RightUpperArm"] = CFrame.new(-0.106381, -0.243263, 0.383498, 0.954400, 0.296024, -0.038597, -0.214451, 0.589902, -0.778477, -0.207679, 0.751256, 0.626485),
      ["RightUpperLeg"] = CFrame.new(0.396927, -0.260350, 0.026276, 0.346219, -0.938154, 0.000034, 0.933414, 0.344474, 0.100377, -0.094181, -0.034721, 0.994949),
      ["рҹҢ§пёҸрҹҳірҹ‘»рҹҸіпёҸвҖҚрҹҢҲрҹҳӮрҹ’һрҹҸҙвҖҚвҳ пёҸрҹҺёрҹҢ§пёҸрҹҳірҹ‘»рҹҸіпёҸвҖҚрҹҢҲрҹҳӮрҹ’һрҹҸҙвҖҚвҳ"] = CFrame.new(0.000000, 0.000000, 0.000000, 0.786590, -0.339492, 0.515773, 0.321919, 0.938260, 0.126632, -0.526920, 0.066430, 0.847315)
    }},
    { Time = 0.433, Data = {
      ["Head"] = CFrame.new(0.000000, -0.000004, 0.000000, 0.949355, -0.086750, 0.301992, -0.055205, 0.900126, 0.432117, -0.309317, -0.426904, 0.849750),
      ["LeftUpperArm"] = CFrame.new(-0.224659, 0.210504, 0.116746, 0.334820, -0.854214, -0.397761, -0.899547, -0.164078, -0.404838, 0.280555, 0.493353, -0.823343),
      ["LeftUpperLeg"] = CFrame.new(-0.338802, -0.320555, 0.032341, 0.445241, 0.895411, 0.000027, -0.890889, 0.442990, 0.100388, 0.089877, -0.044721, 0.994948),
      ["LowerTorso"] = CFrame.new(0.000000, -1.493449, 0.006735, 1.000000, 0.000000, 0.000000, 0.000000, -0.025110, -0.999685, 0.000000, 0.999685, -0.025110),
      ["RightUpperArm"] = CFrame.new(-0.106517, -0.242860, 0.383235, 0.954655, 0.295506, -0.036208, -0.212575, 0.591433, -0.777829, -0.208438, 0.750255, 0.627432),
      ["RightUpperLeg"] = CFrame.new(0.396752, -0.259720, 0.026183, 0.346914, -0.937897, 0.000000, 0.933165, 0.345164, 0.100328, -0.094097, -0.034805, 0.994954),
      ["рҹҢ§пёҸрҹҳірҹ‘»рҹҸіпёҸвҖҚрҹҢҲрҹҳӮрҹ’һрҹҸҙвҖҚвҳ пёҸрҹҺёрҹҢ§пёҸрҹҳірҹ‘»рҹҸіпёҸвҖҚрҹҢҲрҹҳӮрҹ’һрҹҸҙвҖҚвҳ"] = CFrame.new(0.000000, 0.000000, 0.000000, 0.787660, -0.337050, 0.515740, 0.319004, 0.939255, 0.126632, -0.527093, 0.064780, 0.847335)
    }},
    { Time = 0.450, Data = {
      ["Head"] = CFrame.new(0.000000, -0.000004, 0.000000, 0.949368, -0.086722, 0.301960, -0.053495, 0.902488, 0.427381, -0.309578, -0.421895, 0.852154),
      ["LeftUpperArm"] = CFrame.new(-0.224785, 0.209802, 0.116293, 0.335701, -0.854690, -0.395994, -0.899891, -0.166748, -0.402977, 0.278390, 0.491631, -0.825105),
      ["LeftUpperLeg"] = CFrame.new(-0.338225, -0.321614, 0.032449, 0.445332, 0.895365, 0.000022, -0.890843, 0.443080, 0.100388, 0.089874, -0.044725, 0.994948),
      ["LowerTorso"] = CFrame.new(0.000000, -1.493466, 0.007440, 1.000000, 0.000000, 0.000000, 0.000000, -0.025110, -0.999685, 0.000000, 0.999685, -0.025110),
      ["RightUpperArm"] = CFrame.new(-0.106664, -0.242433, 0.382955, 0.954920, 0.294946, -0.033691, -0.210596, 0.593059, -0.777129, -0.209231, 0.749191, 0.628438),
      ["RightUpperLeg"] = CFrame.new(0.396640, -0.259230, 0.026138, 0.347407, -0.937714, 0.000027, 0.932982, 0.345657, 0.100328, -0.094088, -0.034830, 0.994954),
      ["рҹҢ§пёҸрҹҳірҹ‘»рҹҸіпёҸвҖҚрҹҢҲрҹҳӮрҹ’һрҹҸҙвҖҚвҳ пёҸрҹҺёрҹҢ§пёҸрҹҳірҹ‘»рҹҸіпёҸвҖҚрҹҢҲрҹҳӮрҹ’һрҹҸҙвҖҚвҳ"] = CFrame.new(0.000000, 0.000000, 0.000000, 0.788764, -0.334391, 0.515786, 0.315821, 0.940327, 0.126658, -0.527360, 0.062992, 0.847303)
    }},
    { Time = 0.467, Data = {
      ["Head"] = CFrame.new(0.000000, -0.000004, 0.000000, 0.949351, -0.086769, 0.301999, -0.051692, 0.904894, 0.422487, -0.309936, -0.416700, 0.854576),
      ["LeftUpperArm"] = CFrame.new(-0.224913, 0.209050, 0.115812, 0.336680, -0.855175, -0.394109, -0.900232, -0.169608, -0.401019, 0.276097, 0.489804, -0.826959),
      ["LeftUpperLeg"] = CFrame.new(-0.337794, -0.322374, 0.032527, 0.445423, 0.895320, 0.000016, -0.890798, 0.443171, 0.100388, 0.089872, -0.044730, 0.994948),
      ["LowerTorso"] = CFrame.new(0.000000, -1.493479, 0.007948, 1.000000, 0.000000, 0.000000, 0.000000, -0.025110, -0.999685, 0.000000, 0.999685, -0.025110),
      ["RightUpperArm"] = CFrame.new(-0.106802, -0.241987, 0.382656, 0.955170, 0.294420, -0.031084, -0.208591, 0.594754, -0.776374, -0.210093, 0.748053, 0.629505),
      ["RightUpperLeg"] = CFrame.new(0.396542, -0.258866, 0.026130, 0.347801, -0.937568, -0.000001, 0.932831, 0.346043, 0.100399, -0.094130, -0.034920, 0.994947),
      ["рҹҢ§пёҸрҹҳірҹ‘»рҹҸіпёҸвҖҚрҹҢҲрҹҳӮрҹ’һрҹҸҙвҖҚвҳ пёҸрҹҺёрҹҢ§пёҸрҹҳірҹ‘»рҹҸіпёҸвҖҚрҹҢҲрҹҳӮрҹ’һрҹҸҙвҖҚвҳ"] = CFrame.new(0.000000, 0.000000, 0.000000, 0.789904, -0.331731, 0.515758, 0.312640, 0.941388, 0.126671, -0.527548, 0.061189, 0.847319)
    }},
    { Time = 0.483, Data = {
      ["Head"] = CFrame.new(0.000000, -0.000004, 0.000001, 0.949361, -0.086772, 0.301968, -0.049842, 0.907342, 0.417428, -0.310209, -0.411340, 0.857070),
      ["LeftUpperArm"] = CFrame.new(-0.225039, 0.208301, 0.115329, 0.337658, -0.855655, -0.392227, -0.900564, -0.172457, -0.399052, 0.273808, 0.487969, -0.828804),
      ["LeftUpperLeg"] = CFrame.new(-0.337517, -0.322823, 0.032573, 0.445514, 0.895275, 0.000011, -0.890753, 0.443262, 0.100388, 0.089870, -0.044734, 0.994948),
      ["LowerTorso"] = CFrame.new(0.000000, -1.493487, 0.008256, 1.000000, 0.000000, 0.000000, 0.000000, -0.025110, -0.999685, 0.000000, 0.999685, -0.025110),
      ["RightUpperArm"] = CFrame.new(-0.106962, -0.241536, 0.382359, 0.955439, 0.293815, -0.028440, -0.206512, 0.596469, -0.775614, -0.210923, 0.746925, 0.630566),
      ["RightUpperLeg"] = CFrame.new(0.396502, -0.258655, 0.026111, 0.347998, -0.937495, 0.000009, 0.932758, 0.346240, 0.100399, -0.094126, -0.034930, 0.994947),
      ["рҹҢ§пёҸрҹҳірҹ‘»рҹҸіпёҸвҖҚрҹҢҲрҹҳӮрҹ’һрҹҸҙвҖҚвҳ пёҸрҹҺёрҹҢ§пёҸрҹҳірҹ‘»рҹҸіпёҸвҖҚрҹҢҲрҹҳӮрҹ’һрҹҸҙвҖҚвҳ"] = CFrame.new(0.000000, 0.000000, 0.000000, 0.791064, -0.328989, 0.515737, 0.309378, 0.942466, 0.126660, -0.527734, 0.059361, 0.847333)
    }},
    { Time = 0.500, Data = {
      ["Head"] = CFrame.new(0.000000, -0.000004, 0.000001, 0.949370, -0.086776, 0.301939, -0.047991, 0.909757, 0.412357, -0.310474, -0.405970, 0.859532),
      ["LeftUpperArm"] = CFrame.new(-0.225162, 0.207515, 0.114833, 0.338734, -0.856121, -0.390277, -0.900876, -0.175444, -0.397042, 0.271444, 0.486083, -0.830687),
      ["LeftUpperLeg"] = CFrame.new(-0.337439, -0.322981, 0.032589, 0.445514, 0.895275, 0.000011, -0.890753, 0.443262, 0.100388, 0.089870, -0.044734, 0.994948),
      ["LowerTorso"] = CFrame.new(0.000000, -1.493490, 0.008359, 1.000000, 0.000000, 0.000000, 0.000000, -0.025110, -0.999685, 0.000000, 0.999685, -0.025110),
      ["RightUpperArm"] = CFrame.new(-0.107113, -0.241086, 0.382059, 0.955693, 0.293240, -0.025721, -0.204396, 0.598179, -0.774857, -0.211834, 0.745783, 0.631613),
      ["RightUpperLeg"] = CFrame.new(0.396473, -0.258579, 0.026104, 0.348096, -0.937459, 0.000014, 0.932722, 0.346339, 0.100399, -0.094125, -0.034935, 0.994947),
      ["рҹҢ§пёҸрҹҳірҹ‘»рҹҸіпёҸвҖҚрҹҢҲрҹҳӮрҹ’һрҹҸҙвҖҚвҳ пёҸрҹҺёрҹҢ§пёҸрҹҳірҹ‘»рҹҸіпёҸвҖҚрҹҢҲрҹҳӮрҹ’һрҹҸҙвҖҚвҳ"] = CFrame.new(0.000000, 0.000000, 0.000000, 0.792242, -0.326165, 0.515723, 0.306033, 0.943562, 0.126627, -0.527918, 0.057509, 0.847346)
    }},
    { Time = 0.517, Data = {
      ["Head"] = CFrame.new(0.000001, -0.000004, 0.000001, 0.949350, -0.086800, 0.301994, -0.046158, 0.912139, 0.407273, -0.310812, -0.400584, 0.861933),
      ["LeftUpperArm"] = CFrame.new(-0.225290, 0.206759, 0.114330, 0.339711, -0.856609, -0.388353, -0.901208, -0.178321, -0.395000, 0.269109, 0.484173, -0.832561),
      ["LeftUpperLeg"] = CFrame.new(-0.337517, -0.322823, 0.032573, 0.445514, 0.895275, 0.000011, -0.890753, 0.443262, 0.100388, 0.089870, -0.044734, 0.994948),
      ["LowerTorso"] = CFrame.new(0.000000, -1.493487, 0.008256, 1.000000, 0.000000, 0.000000, 0.000000, -0.025110, -0.999685, 0.000000, 0.999685, -0.025110),
      ["RightUpperArm"] = CFrame.new(-0.107274, -0.240619, 0.381746, 0.955949, 0.292625, -0.023065, -0.202329, 0.599958, -0.774025, -0.212661, 0.744595, 0.632735),
      ["RightUpperLeg"] = CFrame.new(0.396502, -0.258655, 0.026111, 0.347998, -0.937495, 0.000009, 0.932758, 0.346240, 0.100399, -0.094126, -0.034930, 0.994947),
