return {
  ["Astros hump 9"] = {
    { Time = 0.000, Data = {
      ["Head"] = CFrame.new(0.000000, -0.009361, -0.001660, 1.000000, -0.000000, 0.000000, 0.000000, 0.998677, 0.051431, -0.000000, -0.051431, 0.998677),
      ["LeftUpperArm"] = CFrame.new(0.140396, -0.699815, -0.048874, 0.946979, -0.273231, 0.169045, 0.155101, -0.072018, -0.985270, 0.281381, 0.959249, -0.025821),
      ["LeftUpperLeg"] = CFrame.new(-0.787346, 0.384914, -0.339983, 0.918041, -0.160517, 0.362541, 0.250672, 0.943425, -0.217055, -0.307189, 0.290144, 0.906339),
      ["LowerTorso"] = CFrame.new(-0.000009, -0.576535, -0.241638, -1.000000, 0.000037, -0.000169, -0.000037, 0.908968, 0.416866, 0.000169, 0.416866, -0.908968),
      ["RightUpperArm"] = CFrame.new(-0.140396, -0.699817, -0.048874, 0.946979, 0.273231, -0.169045, -0.155101, -0.072018, -0.985270, -0.281381, 0.959249, -0.025821),
      ["RightUpperLeg"] = CFrame.new(0.787356, 0.384919, -0.339991, 0.918041, 0.160517, -0.362541, -0.250672, 0.943425, -0.217055, 0.307189, 0.290144, 0.906339)
    }},
    { Time = 0.017, Data = {
      ["Head"] = CFrame.new(0.000000, -0.009262, -0.001643, 1.000000, -0.000000, 0.000000, 0.000000, 0.998654, 0.051862, -0.000000, -0.051862, 0.998654),
      ["LeftUpperArm"] = CFrame.new(0.140396, -0.699779, -0.048824, 0.946979, -0.273231, 0.169045, 0.155101, -0.072018, -0.985270, 0.281381, 0.959249, -0.025821),
      ["LeftUpperLeg"] = CFrame.new(-0.787355, 0.384980, -0.340035, 0.918011, -0.160536, 0.362608, 0.250654, 0.943470, -0.216879, -0.307293, 0.289986, 0.906355),
      ["LowerTorso"] = CFrame.new(-0.000009, -0.576615, -0.241596, -1.000000, 0.000037, -0.000169, -0.000037, 0.908968, 0.416866, 0.000169, 0.416866, -0.908968),
      ["RightUpperArm"] = CFrame.new(-0.140396, -0.699780, -0.048824, 0.946979, 0.273231, -0.169045, -0.155101, -0.072018, -0.985270, -0.281381, 0.959249, -0.025821),
      ["RightUpperLeg"] = CFrame.new(0.787366, 0.384985, -0.340042, 0.918011, 0.160536, -0.362608, -0.250654, 0.943470, -0.216879, 0.307293, 0.289986, 0.906355)
    }},
    { Time = 0.033, Data = {
      ["Head"] = CFrame.new(0.000000, -0.008963, -0.001590, 1.000000, -0.000000, 0.000000, 0.000000, 0.998582, 0.053242, -0.000000, -0.053242, 0.998582),
      ["LeftUpperArm"] = CFrame.new(0.140399, -0.699367, -0.048466, 0.946986, -0.273220, 0.169022, 0.155247, -0.071438, -0.985289, 0.281276, 0.959295, -0.025234),
      ["LeftUpperLeg"] = CFrame.new(-0.787314, 0.385350, -0.340147, 0.918018, -0.160535, 0.362591, 0.250347, 0.943754, -0.215995, -0.307522, 0.289061, 0.906572),
      ["LowerTorso"] = CFrame.new(-0.000009, -0.577433, -0.240737, -1.000000, 0.000037, -0.000169, -0.000037, 0.909226, 0.416304, 0.000169, 0.416304, -0.909226),
      ["RightUpperArm"] = CFrame.new(-0.140399, -0.699369, -0.048466, 0.946986, 0.273220, -0.169022, -0.155247, -0.071438, -0.985289, -0.281276, 0.959295, -0.025234),
      ["RightUpperLeg"] = CFrame.new(0.787324, 0.385355, -0.340154, 0.918018, 0.160535, -0.362591, -0.250347, 0.943754, -0.215995, 0.307522, 0.289061, 0.906572)
    }},
    { Time = 0.050, Data = {
      ["Head"] = CFrame.new(0.000000, -0.008465, -0.001501, 1.000000, -0.000000, 0.000000, 0.000000, 0.998464, 0.055397, -0.000000, -0.055397, 0.998464),
      ["LeftUpperArm"] = CFrame.new(0.140371, -0.698329, -0.047508, 0.946946, -0.273326, 0.169077, 0.155676, -0.070160, -0.985313, 0.281174, 0.959359, -0.023888),
      ["LeftUpperLeg"] = CFrame.new(-0.787201, 0.386323, -0.340471, 0.918038, -0.160499, 0.362556, 0.249455, 0.944556, -0.213507, -0.308187, 0.286449, 0.907176),
      ["LowerTorso"] = CFrame.new(-0.000009, -0.579579, -0.238567, -1.000000, 0.000037, -0.000169, -0.000037, 0.909850, 0.414938, 0.000169, 0.414938, -0.909850),
      ["RightUpperArm"] = CFrame.new(-0.140371, -0.698330, -0.047508, 0.946946, 0.273326, -0.169077, -0.155676, -0.070160, -0.985313, -0.281174, 0.959359, -0.023888),
      ["RightUpperLeg"] = CFrame.new(0.787211, 0.386328, -0.340479, 0.918038, 0.160499, -0.362556, -0.249455, 0.944556, -0.213507, 0.308187, 0.286449, 0.907176)
    }},
    { Time = 0.067, Data = {
      ["Head"] = CFrame.new(0.000000, -0.007768, -0.001378, 1.000000, -0.000000, 0.000000, 0.000000, 0.998292, 0.058415, -0.000000, -0.058415, 0.998292),
      ["LeftUpperArm"] = CFrame.new(0.140313, -0.696258, -0.045644, 0.946865, -0.273547, 0.169169, 0.156551, -0.067484, -0.985362, 0.280959, 0.959488, -0.021075),
      ["LeftUpperLeg"] = CFrame.new(-0.787013, 0.388301, -0.341130, 0.918011, -0.160534, 0.362609, 0.247882, 0.946037, -0.208731, -0.309533, 0.281502, 0.908265),
      ["LowerTorso"] = CFrame.new(-0.000008, -0.583819, -0.234187, -1.000000, 0.000036, -0.000169, -0.000036, 0.911128, 0.412123, 0.000169, 0.412123, -0.911128),
      ["RightUpperArm"] = CFrame.new(-0.140313, -0.696259, -0.045644, 0.946865, 0.273547, -0.169169, -0.156551, -0.067484, -0.985362, -0.280959, 0.959488, -0.021075),
      ["RightUpperLeg"] = CFrame.new(0.787024, 0.388305, -0.341137, 0.918011, 0.160534, -0.362609, -0.247882, 0.946037, -0.208731, 0.309533, 0.281502, 0.908265)
    }},
    { Time = 0.083, Data = {
      ["Head"] = CFrame.new(0.000000, -0.006872, -0.001218, 1.000000, -0.000000, 0.000000, 0.000000, 0.998058, 0.062294, -0.000000, -0.062294, 0.998058),
      ["LeftUpperArm"] = CFrame.new(0.140252, -0.692903, -0.042567, 0.946758, -0.273775, 0.169401, 0.158012, -0.063300, -0.985406, 0.280502, 0.959709, -0.016670),
      ["LeftUpperLeg"] = CFrame.new(-0.786668, 0.391474, -0.342164, 0.918037, -0.160514, 0.362551, 0.245115, 0.948483, -0.200746, -0.311651, 0.273159, 0.910087),
      ["LowerTorso"] = CFrame.new(-0.000008, -0.590729, -0.227096, -1.000000, 0.000036, -0.000169, -0.000036, 0.913154, 0.407614, 0.000169, 0.407614, -0.913155),
      ["RightUpperArm"] = CFrame.new(-0.140253, -0.692904, -0.042566, 0.946758, 0.273775, -0.169401, -0.158012, -0.063300, -0.985406, -0.280502, 0.959709, -0.016670),
      ["RightUpperLeg"] = CFrame.new(0.786678, 0.391479, -0.342171, 0.918037, 0.160514, -0.362551, -0.245115, 0.948483, -0.200746, 0.311651, 0.273159, 0.910087)
    }},
    { Time = 0.100, Data = {
      ["Head"] = CFrame.new(0.000000, -0.005776, -0.001024, 1.000000, -0.000000, 0.000000, 0.000000, 0.997745, 0.067121, -0.000000, -0.067121, 0.997745),
      ["LeftUpperArm"] = CFrame.new(0.140126, -0.687849, -0.037994, 0.946582, -0.274254, 0.169609, 0.160098, -0.056871, -0.985462, 0.279913, 0.959974, -0.009926),
      ["LeftUpperLeg"] = CFrame.new(-0.786180, 0.396241, -0.343724, 0.918023, -0.160533, 0.362578, 0.241052, 0.951963, -0.188841, -0.314846, 0.260761, 0.912620),
      ["LowerTorso"] = CFrame.new(-0.000006, -0.601011, -0.216467, -1.000000, 0.000035, -0.000169, -0.000035, 0.916150, 0.400835, 0.000169, 0.400835, -0.916150),
      ["RightUpperArm"] = CFrame.new(-0.140127, -0.687850, -0.037993, 0.946582, 0.274254, -0.169609, -0.160098, -0.056871, -0.985462, -0.279913, 0.959974, -0.009926),
      ["RightUpperLeg"] = CFrame.new(0.786191, 0.396245, -0.343731, 0.918023, 0.160533, -0.362578, -0.241052, 0.951963, -0.188841, 0.314846, 0.260761, 0.912620)
    }},
    { Time = 0.117, Data = {
      ["Head"] = CFrame.new(0.000000, -0.004482, -0.000794, 1.000000, -0.000000, 0.000000, 0.000000, 0.997352, 0.072721, -0.000000, -0.072721, 0.997352),
      ["LeftUpperArm"] = CFrame.new(0.139974, -0.680811, -0.031624, 0.946357, -0.274830, 0.169934, 0.163027, -0.047958, -0.985455, 0.278982, 0.960296, -0.000581),
      ["LeftUpperLeg"] = CFrame.new(-0.785479, 0.402834, -0.345816, 0.918044, -0.160523, 0.362529, 0.235265, 0.956551, -0.172221, -0.319132, 0.243397, 0.915922),
      ["LowerTorso"] = CFrame.new(-0.000005, -0.615264, -0.201623, -1.000000, 0.000034, -0.000169, -0.000034, 0.920235, 0.391366, 0.000169, 0.391366, -0.920235),
      ["RightUpperArm"] = CFrame.new(-0.139974, -0.680812, -0.031624, 0.946357, 0.274830, -0.169934, -0.163027, -0.047958, -0.985455, -0.278982, 0.960296, -0.000581),
      ["RightUpperLeg"] = CFrame.new(0.785490, 0.402839, -0.345823, 0.918044, 0.160523, -0.362529, -0.235265, 0.956551, -0.172221, 0.319132, 0.243397, 0.915922)
    }},
    { Time = 0.133, Data = {
      ["Head"] = CFrame.new(0.000000, -0.002988, -0.000529, 1.000000, -0.000000, 0.000000, 0.000000, 0.996860, 0.079181, -0.000000, -0.079181, 0.996860),
      ["LeftUpperArm"] = CFrame.new(0.139752, -0.671432, -0.023187, 0.946024, -0.275673, 0.170418, 0.166990, -0.036045, -0.985299, 0.277763, 0.960575, 0.011936),
      ["LeftUpperLeg"] = CFrame.new(-0.784575, 0.411577, -0.348578, 0.918015, -0.160534, 0.362597, 0.227501, 0.962155, -0.150002, -0.324794, 0.220196, 0.919795),
      ["LowerTorso"] = CFrame.new(-0.000002, -0.634116, -0.181715, -1.000000, 0.000033, -0.000169, -0.000033, 0.925556, 0.378610, 0.000169, 0.378610, -0.925556),
      ["RightUpperArm"] = CFrame.new(-0.139752, -0.671433, -0.023187, 0.946024, 0.275673, -0.170418, -0.166990, -0.036045, -0.985299, -0.277763, 0.960575, 0.011936),
      ["RightUpperLeg"] = CFrame.new(0.784585, 0.411582, -0.348585, 0.918015, 0.160534, -0.362597, -0.227501, 0.962155, -0.150002, 0.324794, 0.220196, 0.919795)
    }},
    { Time = 0.150, Data = {
      ["Head"] = CFrame.new(0.000000, -0.001295, -0.000229, 1.000000, -0.000000, 0.000000, 0.000000, 0.996244, 0.086586, -0.000000, -0.086586, 0.996244),
      ["LeftUpperArm"] = CFrame.new(0.139478, -0.659393, -0.012408, 0.945636, -0.276710, 0.170890, 0.171909, -0.020763, -0.984894, 0.276078, 0.960729, 0.027934),
      ["LeftUpperLeg"] = CFrame.new(-0.783388, 0.422677, -0.351933, 0.918030, -0.160514, 0.362569, 0.217278, 0.968535, -0.121370, -0.331679, 0.190199, 0.924020),
      ["LowerTorso"] = CFrame.new(0.000001, -0.658034, -0.156121, -1.000000, 0.000032, -0.000170, -0.000032, 0.932101, 0.362199, 0.000170, 0.362199, -0.932101),
      ["RightUpperArm"] = CFrame.new(-0.139478, -0.659394, -0.012408, 0.945636, 0.276710, -0.170890, -0.171909, -0.020763, -0.984894, -0.276078, 0.960729, 0.027934),
      ["RightUpperLeg"] = CFrame.new(0.783398, 0.422680, -0.351939, 0.918030, 0.160514, -0.362569, -0.217278, 0.968535, -0.121370, 0.331679, 0.190199, 0.924020)
    }},
    { Time = 0.167, Data = {
      ["Head"] = CFrame.new(-0.000000, 0.000597, 0.000107, 1.000000, -0.000000, 0.000000, 0.000000, 0.995500, 0.094761, -0.000000, -0.094761, 0.995500),
      ["LeftUpperArm"] = CFrame.new(0.139122, -0.644347, 0.000960, 0.945117, -0.278061, 0.171567, 0.178144, -0.001638, -0.984003, 0.273894, 0.960562, 0.047987),
      ["LeftUpperLeg"] = CFrame.new(-0.781922, 0.436415, -0.355928, 0.918016, -0.160556, 0.362586, 0.204264, 0.975188, -0.085346, -0.339887, 0.152412, 0.928034),
      ["LowerTorso"] = CFrame.new(0.000004, -0.687481, -0.124040, -1.000000, 0.000030, -0.000170, -0.000030, 0.939850, 0.341586, 0.000170, 0.341586, -0.939850),
      ["RightUpperArm"] = CFrame.new(-0.139122, -0.644348, 0.000960, 0.945117, 0.278061, -0.171567, -0.178144, -0.001638, -0.984003, -0.273894, 0.960562, 0.047987),
      ["RightUpperLeg"] = CFrame.new(0.781931, 0.436418, -0.355933, 0.918016, 0.160556, -0.362586, -0.204264, 0.975188, -0.085346, 0.339887, 0.152412, 0.928034)
    }},
    { Time = 0.183, Data = {
      ["Head"] = CFrame.new(-0.000000, 0.002688, 0.000478, 1.000000, -0.000000, 0.000000, 0.000000, 0.994590, 0.103877, -0.000000, -0.103877, 0.994590),
      ["LeftUpperArm"] = CFrame.new(0.138685, -0.626001, 0.017150, 0.944487, -0.279716, 0.172345, 0.185657, 0.021604, -0.982377, 0.271064, 0.959840, 0.072335),
      ["LeftUpperLeg"] = CFrame.new(-0.780116, 0.452945, -0.360441, 0.918029, -0.160494, 0.362580, 0.187869, 0.981326, -0.041293, -0.349182, 0.106026, 0.931037),
      ["LowerTorso"] = CFrame.new(0.000009, -0.722850, -0.084569, -1.000000, 0.000028, -0.000170, -0.000028, 0.948718, 0.316122, 0.000170, 0.316122, -0.948718),
      ["RightUpperArm"] = CFrame.new(-0.138685, -0.626002, 0.017150, 0.944487, 0.279716, -0.172345, -0.185657, 0.021604, -0.982377, -0.271064, 0.959840, 0.072335),
      ["RightUpperLeg"] = CFrame.new(0.780125, 0.452946, -0.360446, 0.918029, 0.160494, -0.362580, -0.187869, 0.981326, -0.041293, 0.349182, 0.106026, 0.931037)
    }},
    { Time = 0.200, Data = {
      ["Head"] = CFrame.new(-0.000000, 0.004979, 0.000885, 1.000000, -0.000000, 0.000000, 0.000000, 0.993508, 0.113760, -0.000000, -0.113760, 0.993508),
      ["LeftUpperArm"] = CFrame.new(0.138159, -0.603967, 0.036370, 0.943742, -0.281710, 0.173178, 0.194569, 0.049594, -0.979634, 0.267385, 0.958217, 0.101616),
      ["LeftUpperLeg"] = CFrame.new(-0.777963, 0.472553, -0.365340, 0.918018, -0.160546, 0.362586, 0.167769, 0.985757, 0.011707, -0.359301, 0.050083, 0.931877),
      ["LowerTorso"] = CFrame.new(0.000014, -0.764379, -0.036866, -1.000000, 0.000025, -0.000171, -0.000025, 0.958462, 0.285220, 0.000171, 0.285220, -0.958462),
      ["RightUpperArm"] = CFrame.new(-0.138159, -0.603968, 0.036371, 0.943742, 0.281710, -0.173178, -0.194569, 0.049594, -0.979634, -0.267385, 0.958217, 0.101616),
      ["RightUpperLeg"] = CFrame.new(0.777972, 0.472553, -0.365344, 0.918018, 0.160546, -0.362586, -0.167769, 0.985757, 0.011707, 0.359301, 0.050083, 0.931877)
    }},
    { Time = 0.217, Data = {
      ["Head"] = CFrame.new(-0.000000, 0.007468, 0.001327, 1.000000, -0.000000, 0.000000, 0.000000, 0.992210, 0.124578, -0.000000, -0.124578, 0.992210),
      ["LeftUpperArm"] = CFrame.new(0.137579, -0.579036, 0.057915, 0.942921, -0.283909, 0.174057, 0.204495, 0.081116, -0.975501, 0.262835, 0.955414, 0.134544),
      ["LeftUpperLeg"] = CFrame.new(-0.775507, 0.494419, -0.370176, 0.918035, -0.160525, 0.362552, 0.144231, 0.986938, 0.071766, -0.369337, -0.013593, 0.929196),
      ["LowerTorso"] = CFrame.new(0.000020, -0.810242, 0.017526, -1.000000, 0.000022, -0.000171, -0.000022, 0.968276, 0.249882, 0.000171, 0.249882, -0.968276),
      ["RightUpperArm"] = CFrame.new(-0.137579, -0.579037, 0.057915, 0.942921, 0.283909, -0.174057, -0.204495, 0.081116, -0.975501, -0.262835, 0.955414, 0.134544),
      ["RightUpperLeg"] = CFrame.new(0.775515, 0.494419, -0.370178, 0.918035, 0.160525, -0.362552, -0.144231, 0.986938, 0.071766, 0.369337, -0.013593, 0.929196)
    }},
    { Time = 0.233, Data = {
      ["Head"] = CFrame.new(-0.000000, 0.010157, 0.001804, 1.000000, -0.000000, 0.000000, 0.000000, 0.990676, 0.136243, -0.000000, -0.136243, 0.990676),
      ["LeftUpperArm"] = CFrame.new(0.137023, -0.557055, 0.076668, 0.942149, -0.286019, 0.174782, 0.213182, 0.108906, -0.970924, 0.258667, 0.952015, 0.163580),
      ["LeftUpperLeg"] = CFrame.new(-0.773355, 0.513454, -0.373836, 0.918021, -0.160517, 0.362591, 0.122984, 0.984570, 0.124489, -0.376978, -0.069690, 0.923597),
      ["LowerTorso"] = CFrame.new(0.000026, -0.849601, 0.065763, -1.000000, 0.000019, -0.000172, -0.000019, 0.975849, 0.218445, 0.000172, 0.218445, -0.975849),
      ["RightUpperArm"] = CFrame.new(-0.137023, -0.557055, 0.076668, 0.942149, 0.286019, -0.174782, -0.213182, 0.108906, -0.970924, -0.258667, 0.952015, 0.163580),
      ["RightUpperLeg"] = CFrame.new(0.773364, 0.513452, -0.373837, 0.918021, 0.160517, -0.362591, -0.122984, 0.984570, 0.124489, 0.376978, -0.069690, 0.923597)
    }},
    { Time = 0.250, Data = {
      ["Head"] = CFrame.new(-0.000000, 0.013045, 0.002317, 1.000000, -0.000000, 0.000000, 0.000000, 0.988888, 0.148663, -0.000000, -0.148663, 0.988888),
      ["LeftUpperArm"] = CFrame.new(0.136576, -0.538774, 0.092148, 0.941524, -0.287714, 0.175368, 0.220321, 0.131902, -0.966468, 0.254935, 0.948590, 0.187578),
      ["LeftUpperLeg"] = CFrame.new(-0.771548, 0.529192, -0.376383, 0.918036, -0.160542, 0.362541, 0.105005, 0.980154, 0.168140, -0.382340, -0.116290, 0.916675),
      ["LowerTorso"] = CFrame.new(0.000030, -0.881625, 0.106100, -1.000000, 0.000017, -0.000172, -0.000017, 0.981372, 0.192115, 0.000172, 0.192115, -0.981372),
      ["RightUpperArm"] = CFrame.new(-0.136576, -0.538775, 0.092148, 0.941524, 0.287714, -0.175368, -0.220321, 0.131902, -0.966468, -0.254935, 0.948590, 0.187578),
      ["RightUpperLeg"] = CFrame.new(0.771556, 0.529189, -0.376383, 0.918036, 0.160542, -0.362541, -0.105005, 0.980154, 0.168140, 0.382340, -0.116290, 0.916675)
    }},
    { Time = 0.267, Data = {
      ["Head"] = CFrame.new(-0.000000, 0.015933, 0.002830, 1.000000, -0.000000, 0.000000, 0.000000, 0.986930, 0.161152, -0.000000, -0.161152, 0.986930),
      ["LeftUpperArm"] = CFrame.new(0.136203, -0.523812, 0.104708, 0.941023, -0.289129, 0.175729, 0.226025, 0.150710, -0.962393, 0.251772, 0.945352, 0.207171),
      ["LeftUpperLeg"] = CFrame.new(-0.770080, 0.541977, -0.378178, 0.918027, -0.160550, 0.362561, 0.090086, 0.974900, 0.203606, -0.386149, -0.154254, 0.909447),
      ["LowerTorso"] = CFrame.new(0.000034, -0.907328, 0.139306, -1.000000, 0.000015, -0.000172, -0.000015, 0.985379, 0.170378, 0.000172, 0.170378, -0.985379),
      ["RightUpperArm"] = CFrame.new(-0.136203, -0.523812, 0.104708, 0.941023, 0.289129, -0.175729, -0.226025, 0.150710, -0.962393, -0.251772, 0.945352, 0.207171),
      ["RightUpperLeg"] = CFrame.new(0.770087, 0.541973, -0.378178, 0.918027, 0.160550, -0.362561, -0.090086, 0.974900, 0.203606, 0.386149, -0.154254, 0.909447)
    }},
    { Time = 0.283, Data = {
      ["Head"] = CFrame.new(-0.000000, 0.018621, 0.003307, 1.000000, -0.000000, 0.000000, 0.000000, 0.984978, 0.172682, -0.000000, -0.172682, 0.984978),
      ["LeftUpperArm"] = CFrame.new(0.135909, -0.511838, 0.114694, 0.940608, -0.290243, 0.176114, 0.230666, 0.165743, -0.958813, 0.249099, 0.942490, 0.222849),
      ["LeftUpperLeg"] = CFrame.new(-0.768903, 0.552133, -0.379410, 0.918021, -0.160499, 0.362599, 0.077976, 0.969639, 0.231777, -0.388790, -0.184503, 0.902664),
      ["LowerTorso"] = CFrame.new(0.000037, -0.927558, 0.165924, -1.000000, 0.000013, -0.000172, -0.000013, 0.988235, 0.152942, 0.000172, 0.152942, -0.988235),
      ["RightUpperArm"] = CFrame.new(-0.135909, -0.511838, 0.114694, 0.940608, 0.290243, -0.176114, -0.230666, 0.165743, -0.958813, -0.249099, 0.942490, 0.222849),
      ["RightUpperLeg"] = CFrame.new(0.768910, 0.552129, -0.379409, 0.918021, 0.160499, -0.362599, -0.077976, 0.969639, 0.231777, 0.388790, -0.184503, 0.902664)
    }},
    { Time = 0.300, Data = {
      ["Head"] = CFrame.new(-0.000000, 0.021111, 0.003749, 1.000000, -0.000000, 0.000000, 0.000000, 0.983033, 0.183428, -0.000000, -0.183428, 0.983033),
      ["LeftUpperArm"] = CFrame.new(0.135680, -0.502538, 0.122430, 0.940305, -0.291110, 0.176299, 0.234129, 0.177357, -0.955891, 0.247001, 0.940106, 0.234927),
      ["LeftUpperLeg"] = CFrame.new(-0.767988, 0.560048, -0.380236, 0.918014, -0.160522, 0.362607, 0.068555, 0.964882, 0.253580, -0.390578, -0.207931, 0.896780),
      ["LowerTorso"] = CFrame.new(0.000039, -0.943100, 0.186690, -1.000000, 0.000012, -0.000172, -0.000012, 0.990246, 0.139328, 0.000172, 0.139328, -0.990246),
      ["RightUpperArm"] = CFrame.new(-0.135680, -0.502538, 0.122430, 0.940305, 0.291110, -0.176299, -0.234129, 0.177357, -0.955891, -0.247001, 0.940106, 0.234927),
      ["RightUpperLeg"] = CFrame.new(0.767995, 0.560043, -0.380235, 0.918014, 0.160522, -0.362607, -0.068555, 0.964882, 0.253580, 0.390578, -0.207931, 0.896780)
    }},
    { Time = 0.317, Data = {
      ["Head"] = CFrame.new(-0.000000, 0.023401, 0.004155, 1.000000, -0.000000, 0.000000, 0.000000, 0.981155, 0.193221, -0.000000, -0.193221, 0.981155),
      ["LeftUpperArm"] = CFrame.new(0.135484, -0.495551, 0.128211, 0.940038, -0.291854, 0.176491, 0.236803, 0.186075, -0.953573, 0.245463, 0.938188, 0.244029),
      ["LeftUpperLeg"] = CFrame.new(-0.767293, 0.565980, -0.380765, 0.918023, -0.160497, 0.362595, 0.061445, 0.960958, 0.269787, -0.391739, -0.225391, 0.892042),
      ["LowerTorso"] = CFrame.new(0.000041, -0.954662, 0.202353, -1.000000, 0.000011, -0.000172, -0.000011, 0.991639, 0.129040, 0.000172, 0.129040, -0.991640),
      ["RightUpperArm"] = CFrame.new(-0.135484, -0.495551, 0.128211, 0.940038, 0.291854, -0.176491, -0.236803, 0.186075, -0.953573, -0.245463, 0.938188, 0.244029),
      ["RightUpperLeg"] = CFrame.new(0.767300, 0.565975, -0.380763, 0.918023, 0.160497, -0.362595, -0.061445, 0.960958, 0.269787, 0.391739, -0.225391, 0.892042)
    }},
    { Time = 0.333, Data = {
      ["Head"] = CFrame.new(-0.000000, 0.025493, 0.004526, 1.000000, -0.000000, 0.000000, 0.000000, 0.979354, 0.202151, -0.000000, -0.202151, 0.979354),
      ["LeftUpperArm"] = CFrame.new(0.135360, -0.490545, 0.132344, 0.939873, -0.292322, 0.176598, 0.238668, 0.192324, -0.951866, 0.244288, 0.936781, 0.250528),
      ["LeftUpperLeg"] = CFrame.new(-0.766791, 0.570237, -0.381093, 0.918037, -0.160529, 0.362545, 0.056362, 0.957924, 0.281433, -0.392468, -0.237932, 0.888458),
      ["LowerTorso"] = CFrame.new(0.000042, -0.962880, 0.213584, -1.000000, 0.000011, -0.000172, -0.000011, 0.992572, 0.121660, 0.000172, 0.121660, -0.992572),
      ["RightUpperArm"] = CFrame.new(-0.135360, -0.490545, 0.132344, 0.939873, 0.292322, -0.176598, -0.238668, 0.192324, -0.951866, -0.244288, 0.936781, 0.250528),
      ["RightUpperLeg"] = CFrame.new(0.766798, 0.570232, -0.381091, 0.918037, 0.160529, -0.362545, -0.056362, 0.957924, 0.281433, 0.392468, -0.237932, 0.888458)
    }},
    { Time = 0.350, Data = {
      ["Head"] = CFrame.new(-0.000000, 0.027385, 0.004862, 1.000000, -0.000000, 0.000000, 0.000000, 0.977654, 0.210218, -0.000000, -0.210218, 0.977654),
      ["LeftUpperArm"] = CFrame.new(0.135267, -0.487192, 0.135106, 0.939751, -0.292677, 0.176660, 0.239916, 0.196499, -0.950699, 0.243535, 0.935804, 0.254878),
      ["LeftUpperLeg"] = CFrame.new(-0.766464, 0.573065, -0.381320, 0.918027, -0.160506, 0.362581, 0.052904, 0.955816, 0.289167, -0.392973, -0.246282, 0.885956),
      ["LowerTorso"] = CFrame.new(0.000043, -0.968351, 0.221059, -1.000000, 0.000010, -0.000172, -0.000010, 0.993159, 0.116766, 0.000172, 0.116766, -0.993159),
      ["RightUpperArm"] = CFrame.new(-0.135267, -0.487192, 0.135106, 0.939751, 0.292677, -0.176660, -0.239916, 0.196499, -0.950699, -0.243535, 0.935804, 0.254878),
      ["RightUpperLeg"] = CFrame.new(0.766471, 0.573060, -0.381318, 0.918027, 0.160506, -0.362581, -0.052904, 0.955816, 0.289167, 0.392973, -0.246282, 0.885956)
    }},
    { Time = 0.367, Data = {
      ["Head"] = CFrame.new(-0.000000, 0.029077, 0.005163, 1.000000, -0.000000, 0.000000, 0.000000, 0.976076, 0.217428, -0.000000, -0.217428, 0.976076),
      ["LeftUpperArm"] = CFrame.new(0.135237, -0.485148, 0.136785, 0.939710, -0.292790, 0.176691, 0.240647, 0.199070, -0.949979, 0.242970, 0.935225, 0.257527),
      ["LeftUpperLeg"] = CFrame.new(-0.766257, 0.574784, -0.381429, 0.918039, -0.160507, 0.362548, 0.050814, 0.954485, 0.293897, -0.393220, -0.251387, 0.884411),
      ["LowerTorso"] = CFrame.new(0.000043, -0.971663, 0.225631, -1.000000, 0.000010, -0.000172, -0.000010, 0.993508, 0.113760, 0.000172, 0.113760, -0.993509),
      ["RightUpperArm"] = CFrame.new(-0.135237, -0.485148, 0.136785, 0.939710, 0.292790, -0.176691, -0.240647, 0.199070, -0.949979, -0.242970, 0.935225, 0.257527),
      ["RightUpperLeg"] = CFrame.new(0.766264, 0.574778, -0.381427, 0.918039, 0.160507, -0.362548, -0.050814, 0.954485, 0.293897, 0.393220, -0.251387, 0.884411)
    }},
    { Time = 0.383, Data = {
      ["Head"] = CFrame.new(-0.000000, 0.030571, 0.005428, 1.000000, -0.000000, 0.000000, 0.000000, 0.974639, 0.223782, -0.000000, -0.223782, 0.974639),
      ["LeftUpperArm"] = CFrame.new(0.135197, -0.484103, 0.137639, 0.939658, -0.292941, 0.176719, 0.241056, 0.200377, -0.949601, 0.242766, 0.934899, 0.258901),
      ["LeftUpperLeg"] = CFrame.new(-0.766159, 0.575677, -0.381501, 0.918028, -0.160513, 0.362573, 0.049762, 0.953810, 0.296261, -0.393380, -0.253934, 0.883612),
      ["LowerTorso"] = CFrame.new(0.000044, -0.973360, 0.227981, -1.000000, 0.000010, -0.000172, -0.000010, 0.993684, 0.112214, 0.000172, 0.112214, -0.993684),
      ["RightUpperArm"] = CFrame.new(-0.135197, -0.484103, 0.137639, 0.939658, 0.292941, -0.176719, -0.241056, 0.200377, -0.949601, -0.242766, 0.934899, 0.258901),
      ["RightUpperLeg"] = CFrame.new(0.766166, 0.575672, -0.381499, 0.918028, 0.160513, -0.362573, -0.049762, 0.953810, 0.296261, 0.393380, -0.253934, 0.883612)
    }},
    { Time = 0.400, Data = {
      ["Head"] = CFrame.new(-0.000000, 0.031866, 0.005658, 1.000000, -0.000000, 0.000000, 0.000000, 0.973360, 0.229283, -0.000000, -0.229283, 0.973360),
      ["LeftUpperArm"] = CFrame.new(0.135198, -0.483706, 0.137956, 0.939661, -0.292938, 0.176704, 0.241177, 0.200902, -0.949459, 0.242632, 0.934787, 0.259429),
      ["LeftUpperLeg"] = CFrame.new(-0.766129, 0.576005, -0.381540, 0.918013, -0.160552, 0.362594, 0.049372, 0.953534, 0.297213, -0.393464, -0.254944, 0.883284),
      ["LowerTorso"] = CFrame.new(0.000044, -0.973978, 0.228793, -1.000000, 0.000010, -0.000172, -0.000010, 0.993742, 0.111698, 0.000172, 0.111698, -0.993743),
      ["RightUpperArm"] = CFrame.new(-0.135198, -0.483706, 0.137956, 0.939661, 0.292938, -0.176704, -0.241177, 0.200902, -0.949459, -0.242632, 0.934787, 0.259429),
      ["RightUpperLeg"] = CFrame.new(0.766136, 0.576000, -0.381538, 0.918013, 0.160552, -0.362594, -0.049372, 0.953534, 0.297213, 0.393464, -0.254944, 0.883284)
    }},
    { Time = 0.417, Data = {
      ["Head"] = CFrame.new(-0.000000, 0.032961, 0.005852, 1.000000, -0.000000, 0.000000, 0.000000, 0.972253, 0.233933, -0.000000, -0.233933, 0.972253),
      ["LeftUpperArm"] = CFrame.new(0.135181, -0.483677, 0.138002, 0.939631, -0.293001, 0.176757, 0.241241, 0.200872, -0.949449, 0.242684, 0.934773, 0.259429),
      ["LeftUpperLeg"] = CFrame.new(-0.766119, 0.576029, -0.381535, 0.918023, -0.160484, 0.362600, 0.049271, 0.953519, 0.297279, -0.393455, -0.255043, 0.883259),
      ["LowerTorso"] = CFrame.new(0.000044, -0.974068, 0.228921, -1.000000, 0.000010, -0.000172, -0.000010, 0.993752, 0.111612, 0.000172, 0.111612, -0.993752),
      ["RightUpperArm"] = CFrame.new(-0.135181, -0.483677, 0.138002, 0.939631, 0.293001, -0.176757, -0.241241, 0.200872, -0.949449, -0.242684, 0.934773, 0.259429),
      ["RightUpperLeg"] = CFrame.new(0.766126, 0.576024, -0.381533, 0.918023, 0.160484, -0.362600, -0.049271, 0.953519, 0.297279, 0.393455, -0.255043, 0.883259)
    }},
    { Time = 0.433, Data = {
      ["Head"] = CFrame.new(-0.000000, 0.033857, 0.006011, 1.000000, -0.000000, 0.000000, 0.000000, 0.971330, 0.237735, -0.000000, -0.237735, 0.971330),
      ["LeftUpperArm"] = CFrame.new(0.135181, -0.483690, 0.137984, 0.939631, -0.293001, 0.176757, 0.241241, 0.200872, -0.949449, 0.242684, 0.934773, 0.259429),
      ["LeftUpperLeg"] = CFrame.new(-0.766121, 0.576002, -0.381536, 0.918023, -0.160484, 0.362600, 0.049271, 0.953519, 0.297279, -0.393455, -0.255043, 0.883259),
      ["LowerTorso"] = CFrame.new(0.000044, -0.974039, 0.228906, -1.000000, 0.000010, -0.000172, -0.000010, 0.993752, 0.111612, 0.000172, 0.111612, -0.993752),
      ["RightUpperArm"] = CFrame.new(-0.135181, -0.483690, 0.137984, 0.939631, 0.293001, -0.176757, -0.241241, 0.200872, -0.949449, -0.242684, 0.934773, 0.259429),
      ["RightUpperLeg"] = CFrame.new(0.766127, 0.575996, -0.381533, 0.918023, 0.160484, -0.362600, -0.049271, 0.953519, 0.297279, 0.393455, -0.255043, 0.883259)
    }},
    { Time = 0.450, Data = {
      ["Head"] = CFrame.new(-0.000000, 0.034555, 0.006135, 1.000000, -0.000000, 0.000000, 0.000000, 0.970602, 0.240690, -0.000000, -0.240690, 0.970602),
      ["LeftUpperArm"] = CFrame.new(0.135203, -0.483832, 0.137875, 0.939661, -0.292918, 0.176736, 0.241150, 0.200692, -0.949510, 0.242659, 0.934838, 0.259219),
      ["LeftUpperLeg"] = CFrame.new(-0.766122, 0.575904, -0.381497, 0.918047, -0.160476, 0.362543, 0.049455, 0.953632, 0.296883, -0.393375, -0.254623, 0.883416),
      ["LowerTorso"] = CFrame.new(0.000044, -0.973815, 0.228626, -1.000000, 0.000010, -0.000172, -0.000010, 0.993733, 0.111784, 0.000172, 0.111784, -0.993733),
      ["RightUpperArm"] = CFrame.new(-0.135203, -0.483832, 0.137875, 0.939661, 0.292918, -0.176736, -0.241150, 0.200692, -0.949510, -0.242659, 0.934838, 0.259219),
      ["RightUpperLeg"] = CFrame.new(0.766129, 0.575898, -0.381494, 0.918047, 0.160476, -0.362543, -0.049455, 0.953632, 0.296883, 0.393375, -0.254623, 0.883416)
    }},
    { Time = 0.467, Data = {
      ["Head"] = CFrame.new(-0.000000, 0.035052, 0.006223, 1.000000, -0.000000, 0.000000, 0.000000, 0.970076, 0.242800, -0.000000, -0.242800, 0.970076),
      ["LeftUpperArm"] = CFrame.new(0.135200, -0.484198, 0.137555, 0.939658, -0.292931, 0.176735, 0.241043, 0.200272, -0.949626, 0.242780, 0.934924, 0.258796),
      ["LeftUpperLeg"] = CFrame.new(-0.766174, 0.575608, -0.381504, 0.918019, -0.160548, 0.362582, 0.049898, 0.953874, 0.296032, -0.393384, -0.253671, 0.883685),
      ["LowerTorso"] = CFrame.new(0.000044, -0.973193, 0.227732, -1.000000, 0.000010, -0.000172, -0.000010, 0.993665, 0.112386, 0.000172, 0.112386, -0.993665),
      ["RightUpperArm"] = CFrame.new(-0.135200, -0.484198, 0.137555, 0.939658, 0.292931, -0.176735, -0.241043, 0.200272, -0.949626, -0.242780, 0.934924, 0.258796),
      ["RightUpperLeg"] = CFrame.new(0.766181, 0.575602, -0.381502, 0.918019, 0.160548, -0.362582, -0.049898, 0.953874, 0.296032, 0.393384, -0.253671, 0.883685)
    }},
    { Time = 0.483, Data = {
      ["Head"] = CFrame.new(-0.000000, 0.035351, 0.006277, 1.000000, -0.000000, 0.000000, 0.000000, 0.969759, 0.244065, -0.000000, -0.244065, 0.969759),
      ["LeftUpperArm"] = CFrame.new(0.135212, -0.484937, 0.136943, 0.939680, -0.292883, 0.176695, 0.240752, 0.199356, -0.949893, 0.242982, 0.935135, 0.257843),
      ["LeftUpperLeg"] = CFrame.new(-0.766249, 0.574957, -0.381468, 0.918015, -0.160531, 0.362599, 0.050612, 0.954349, 0.294375, -0.393302, -0.251888, 0.884232),
      ["LowerTorso"] = CFrame.new(0.000043, -0.971986, 0.226045, -1.000000, 0.000010, -0.000172, -0.000010, 0.993538, 0.113502, 0.000172, 0.113502, -0.993538),
      ["RightUpperArm"] = CFrame.new(-0.135213, -0.484937, 0.136943, 0.939680, 0.292883, -0.176695, -0.240752, 0.199356, -0.949893, -0.242982, 0.935135, 0.257843),
      ["RightUpperLeg"] = CFrame.new(0.766256, 0.574952, -0.381466, 0.918015, 0.160531, -0.362599, -0.050612, 0.954349, 0.294375, 0.393302, -0.251888, 0.884232)
    }},
    { Time = 0.500, Data = {
      ["Head"] = CFrame.new(-0.000000, 0.035451, 0.006294, 1.000000, -0.000000, 0.000000, 0.000000, 0.969653, 0.244487, -0.000000, -0.244487, 0.969653),
      ["LeftUpperArm"] = CFrame.new(0.135257, -0.486158, 0.135942, 0.939732, -0.292712, 0.176701, 0.240315, 0.197838, -0.950320, 0.243212, 0.935510, 0.256258),
      ["LeftUpperLeg"] = CFrame.new(-0.766369, 0.573917, -0.381395, 0.918016, -0.160512, 0.362604, 0.051853, 0.955154, 0.291534, -0.393138, -0.248831, 0.885170),
      ["LowerTorso"] = CFrame.new(0.000043, -0.969999, 0.223300, -1.000000, 0.000010, -0.000172, -0.000010, 0.993330, 0.115306, 0.000172, 0.115306, -0.993330),
      ["RightUpperArm"] = CFrame.new(-0.135258, -0.486158, 0.135942, 0.939732, 0.292712, -0.176701, -0.240315, 0.197838, -0.950320, -0.243212, 0.935510, 0.256258),
      ["RightUpperLeg"] = CFrame.new(0.766376, 0.573912, -0.381393, 0.918016, 0.160512, -0.362604, -0.051853, 0.955154, 0.291534, 0.393138, -0.248831, 0.885170)
    }},
    { Time = 0.517, Data = {
      ["Head"] = CFrame.new(-0.000000, 0.035351, 0.006277, 1.000000, -0.000000, 0.000000, 0.000000, 0.969759, 0.244065, -0.000000, -0.244065, 0.969759),
      ["LeftUpperArm"] = CFrame.new(0.135312, -0.487997, 0.134446, 0.939806, -0.292504, 0.176651, 0.239600, 0.195505, -0.950984, 0.243631, 0.936066, 0.253821),
      ["LeftUpperLeg"] = CFrame.new(-0.766551, 0.572390, -0.381285, 0.918013, -0.160524, 0.362608, 0.053754, 0.956338, 0.287277, -0.392890, -0.244233, 0.886559),
      ["LowerTorso"] = CFrame.new(0.000043, -0.967031, 0.219234, -1.000000, 0.000010, -0.000172, -0.000010, 0.993017, 0.117968, 0.000172, 0.117968, -0.993017),
      ["RightUpperArm"] = CFrame.new(-0.135313, -0.487997, 0.134446, 0.939806, 0.292504, -0.176651, -0.239600, 0.195505, -0.950984, -0.243631, 0.936066, 0.253821),
      ["RightUpperLeg"] = CFrame.new(0.766559, 0.572385, -0.381283, 0.918013, 0.160524, -0.362608, -0.053754, 0.956338, 0.287277, 0.392890, -0.244233, 0.886559)
    }},
    { Time = 0.533, Data = {
      ["Head"] = CFrame.new(-0.000000, 0.035052, 0.006223, 1.000000, -0.000000, 0.000000, 0.000000, 0.970076, 0.242800, -0.000000, -0.242800, 0.970076),
      ["LeftUpperArm"] = CFrame.new(0.135360, -0.490545, 0.132344, 0.939873, -0.292322, 0.176598, 0.238668, 0.192324, -0.951866, 0.244288, 0.936781, 0.250528),
      ["LeftUpperLeg"] = CFrame.new(-0.766791, 0.570237, -0.381093, 0.918037, -0.160529, 0.362545, 0.056362, 0.957924, 0.281433, -0.392468, -0.237932, 0.888458),
      ["LowerTorso"] = CFrame.new(0.000042, -0.962880, 0.213584, -1.000000, 0.000011, -0.000172, -0.000011, 0.992572, 0.121660, 0.000172, 0.121660, -0.992572),
      ["RightUpperArm"] = CFrame.new(-0.135360, -0.490545, 0.132344, 0.939873, 0.292322, -0.176598, -0.238668, 0.192324, -0.951866, -0.244288, 0.936781, 0.250528),
      ["RightUpperLeg"] = CFrame.new(0.766798, 0.570232, -0.381091, 0.918037, 0.160529, -0.362545, -0.056362, 0.957924, 0.281433, 0.392468, -0.237932, 0.888458)
    }},
    { Time = 0.550, Data = {
      ["Head"] = CFrame.new(-0.000000, 0.034555, 0.006135, 1.000000, -0.000000, 0.000000, 0.000000, 0.970602, 0.240690, -0.000000, -0.240690, 0.970602),
      ["LeftUpperArm"] = CFrame.new(0.135454, -0.493922, 0.129549, 0.939995, -0.291968, 0.176536, 0.237418, 0.188136, -0.953015, 0.245037, 0.937742, 0.246165),
      ["LeftUpperLeg"] = CFrame.new(-0.767139, 0.567365, -0.380893, 0.918010, -0.160550, 0.362603, 0.059820, 0.959981, 0.273602, -0.392018, -0.229479, 0.890877),
      ["LowerTorso"] = CFrame.new(0.000041, -0.957326, 0.206000, -1.000000, 0.000011, -0.000172, -0.000011, 0.991949, 0.126638, 0.000172, 0.126638, -0.991949),
      ["RightUpperArm"] = CFrame.new(-0.135454, -0.493922, 0.129549, 0.939995, 0.291968, -0.176536, -0.237418, 0.188136, -0.953015, -0.245037, 0.937742, 0.246165),
      ["RightUpperLeg"] = CFrame.new(0.767146, 0.567360, -0.380891, 0.918010, 0.160550, -0.362603, -0.059820, 0.959981, 0.273602, 0.392018, -0.229479, 0.890877)
    }},
    { Time = 0.567, Data = {
      ["Head"] = CFrame.new(-0.000000, 0.033857, 0.006011, 1.000000, -0.000000, 0.000000, 0.000000, 0.971330, 0.237735, -0.000000, -0.237735, 0.971330),
      ["LeftUpperArm"] = CFrame.new(0.135553, -0.498278, 0.125949, 0.940134, -0.291591, 0.176419, 0.235774, 0.182689, -0.954482, 0.246088, 0.938935, 0.240501),
      ["LeftUpperLeg"] = CFrame.new(-0.767559, 0.563664, -0.380551, 0.918031, -0.160495, 0.362574, 0.064232, 0.962536, 0.263437, -0.391271, -0.218554, 0.893947),
      ["LowerTorso"] = CFrame.new(0.000040, -0.950152, 0.196220, -1.000000, 0.000012, -0.000172, -0.000012, 0.991107, 0.133071, 0.000172, 0.133071, -0.991107),
      ["RightUpperArm"] = CFrame.new(-0.135553, -0.498278, 0.125949, 0.940134, 0.291591, -0.176419, -0.235774, 0.182689, -0.954482, -0.246088, 0.938935, 0.240501),
      ["RightUpperLeg"] = CFrame.new(0.767566, 0.563659, -0.380549, 0.918031, 0.160495, -0.362574, -0.064232, 0.962536, 0.263437, 0.391271, -0.218554, 0.893947)
    }},
    { Time = 0.583, Data = {
      ["Head"] = CFrame.new(-0.000000, 0.032961, 0.005852, 1.000000, -0.000000, 0.000000, 0.000000, 0.972253, 0.233933, -0.000000, -0.233933, 0.972253),
      ["LeftUpperArm"] = CFrame.new(0.135691, -0.503715, 0.121445, 0.940323, -0.291067, 0.176276, 0.233710, 0.175892, -0.956264, 0.247331, 0.940395, 0.233421),
      ["LeftUpperLeg"] = CFrame.new(-0.768090, 0.559060, -0.380102, 0.918043, -0.160516, 0.362536, 0.069781, 0.965523, 0.250789, -0.390293, -0.204937, 0.897592),
      ["LowerTorso"] = CFrame.new(0.000039, -0.941142, 0.184070, -1.000000, 0.000012, -0.000172, -0.000012, 0.990004, 0.141042, 0.000172, 0.141042, -0.990004),
      ["RightUpperArm"] = CFrame.new(-0.135691, -0.503715, 0.121445, 0.940323, 0.291067, -0.176276, -0.233710, 0.175892, -0.956264, -0.247331, 0.940395, 0.233421),
      ["RightUpperLeg"] = CFrame.new(0.768097, 0.559055, -0.380101, 0.918043, 0.160516, -0.362536, -0.069781, 0.965523, 0.250789, 0.390293, -0.204937, 0.897592)
    }},
    { Time = 0.600, Data = {
      ["Head"] = CFrame.new(-0.000000, 0.031866, 0.005658, 1.000000, -0.000000, 0.000000, 0.000000, 0.973360, 0.229283, -0.000000, -0.229283, 0.973360),
      ["LeftUpperArm"] = CFrame.new(0.135870, -0.510349, 0.115928, 0.940561, -0.290388, 0.176124, 0.231207, 0.167619, -0.958357, 0.248773, 0.942114, 0.224795),
      ["LeftUpperLeg"] = CFrame.new(-0.768748, 0.553430, -0.379520, 0.918039, -0.160537, 0.362537, 0.076544, 0.968922, 0.235224, -0.389032, -0.188195, 0.901796),
      ["LowerTorso"] = CFrame.new(0.000037, -0.930057, 0.169289, -1.000000, 0.000013, -0.000172, -0.000013, 0.988577, 0.150718, 0.000172, 0.150718, -0.988577),
      ["RightUpperArm"] = CFrame.new(-0.135871, -0.510349, 0.115928, 0.940561, 0.290388, -0.176124, -0.231207, 0.167619, -0.958357, -0.248773, 0.942114, 0.224795),
      ["RightUpperLeg"] = CFrame.new(0.768755, 0.553426, -0.379520, 0.918039, 0.160537, -0.362537, -0.076544, 0.968922, 0.235224, 0.389032, -0.188195, 0.901796)
    }},
    { Time = 0.617, Data = {
      ["Head"] = CFrame.new(-0.000000, 0.030571, 0.005428, 1.000000, -0.000000, 0.000000, 0.000000, 0.974639, 0.223782, -0.000000, -0.223782, 0.974639),
      ["LeftUpperArm"] = CFrame.new(0.136067, -0.518324, 0.109282, 0.940839, -0.289642, 0.175866, 0.228121, 0.157627, -0.960788, 0.250564, 0.944066, 0.214375),
      ["LeftUpperLeg"] = CFrame.new(-0.769547, 0.546630, -0.378777, 0.918013, -0.160517, 0.362611, 0.084562, 0.972621, 0.216467, -0.387429, -0.168057, 0.906452),
      ["LowerTorso"] = CFrame.new(0.000035, -0.916616, 0.151450, -1.000000, 0.000014, -0.000172, -0.000014, 0.986719, 0.162434, 0.000172, 0.162434, -0.986719),
      ["RightUpperArm"] = CFrame.new(-0.136067, -0.518324, 0.109282, 0.940839, 0.289642, -0.175866, -0.228121, 0.157627, -0.960788, -0.250564, 0.944066, 0.214375),
      ["RightUpperLeg"] = CFrame.new(0.769554, 0.546627, -0.378777, 0.918013, 0.160517, -0.362611, -0.084562, 0.972621, 0.216467, 0.387429, -0.168057, 0.906452)
    }},
    { Time = 0.633, Data = {
      ["Head"] = CFrame.new(-0.000000, 0.029077, 0.005163, 1.000000, -0.000000, 0.000000, 0.000000, 0.976076, 0.217428, -0.000000, -0.217428, 0.976076),
      ["LeftUpperArm"] = CFrame.new(0.136311, -0.527759, 0.101398, 0.941164, -0.288717, 0.175651, 0.224538, 0.145772, -0.963500, 0.252574, 0.946252, 0.202024),
      ["LeftUpperLeg"] = CFrame.new(-0.770460, 0.538571, -0.377719, 0.918046, -0.160480, 0.362544, 0.093980, 0.976441, 0.194243, -0.385175, -0.144252, 0.911500),
      ["LowerTorso"] = CFrame.new(0.000033, -0.900586, 0.130556, -1.000000, 0.000015, -0.000172, -0.000015, 0.984373, 0.176096, 0.000172, 0.176096, -0.984373),
      ["RightUpperArm"] = CFrame.new(-0.136311, -0.527759, 0.101398, 0.941164, 0.288717, -0.175651, -0.224538, 0.145772, -0.963500, -0.252574, 0.946252, 0.202024),
      ["RightUpperLeg"] = CFrame.new(0.770467, 0.538568, -0.377720, 0.918046, 0.160480, -0.362544, -0.093980, 0.976441, 0.194243, 0.385175, -0.144252, 0.911500)
    }},
    { Time = 0.650, Data = {
      ["Head"] = CFrame.new(-0.000000, 0.027385, 0.004862, 1.000000, -0.000000, 0.000000, 0.000000, 0.977654, 0.210218, -0.000000, -0.210218, 0.977654),
      ["LeftUpperArm"] = CFrame.new(0.136576, -0.538774, 0.092148, 0.941524, -0.287714, 0.175368, 0.220321, 0.131902, -0.966468, 0.254935, 0.948590, 0.187578),
      ["LeftUpperLeg"] = CFrame.new(-0.771548, 0.529192, -0.376383, 0.918036, -0.160542, 0.362541, 0.105005, 0.980154, 0.168140, -0.382340, -0.116290, 0.916675),
      ["LowerTorso"] = CFrame.new(0.000030, -0.881625, 0.106100, -1.000000, 0.000017, -0.000172, -0.000017, 0.981372, 0.192115, 0.000172, 0.192115, -0.981372),
      ["RightUpperArm"] = CFrame.new(-0.136576, -0.538775, 0.092148, 0.941524, 0.287714, -0.175368, -0.220321, 0.131902, -0.966468, -0.254935, 0.948590, 0.187578),
      ["RightUpperLeg"] = CFrame.new(0.771556, 0.529189, -0.376383, 0.918036, 0.160542, -0.362541, -0.105005, 0.980154, 0.168140, 0.382340, -0.116290, 0.916675)
