return {
  ["Astros let me think"] = {
    { Time = 0.000, Data = {
      ["Head"] = CFrame.new(0.018182, -0.011559, 0.061213, 0.787093, 0.157210, 0.596464, 0.126878, 0.905036, -0.405969, -0.603644, 0.395214, 0.692401),
      ["LeftUpperArm"] = CFrame.new(-0.026096, -1.361939, -0.205207, 0.849553, -0.280407, 0.446802, -0.332577, -0.942182, 0.041064, 0.409454, -0.183482, -0.893690),
      ["LeftUpperLeg"] = CFrame.new(0.017967, -0.034215, -0.138953, 0.974547, 0.100445, 0.200420, -0.022546, 0.933389, -0.358158, -0.223045, 0.344524, 0.911896),
      ["LowerTorso"] = CFrame.new(0.000005, 0.042966, 0.150090, 1.000000, -0.000000, 0.000000, 0.000000, 0.922120, 0.386904, -0.000000, -0.386904, 0.922120),
      ["RightUpperArm"] = CFrame.new(-0.238387, -0.306668, -0.068647, 0.944777, -0.317953, -0.079385, 0.327700, 0.918781, 0.220123, 0.002949, -0.233981, 0.972237),
      ["RightUpperLeg"] = CFrame.new(-0.017960, -0.034209, -0.138956, 0.974547, -0.100445, -0.200420, 0.022546, 0.933389, -0.358158, 0.223045, 0.344524, 0.911896),
      ["рҹҢ§пёҸрҹҳірҹ‘»рҹҸіпёҸвҖҚрҹҢҲрҹҳӮрҹ’һрҹҸҙвҖҚвҳ пёҸрҹҺёрҹҢ§пёҸрҹҳірҹ‘»рҹҸіпёҸвҖҚрҹҢҲрҹҳӮрҹ’һрҹҸҙвҖҚвҳ"] = CFrame.new(0.009922, -0.034807, 0.004913, 0.993061, -0.114344, 0.027480, 0.115187, 0.992849, -0.031353, -0.023699, 0.034301, 0.999131)
    }},
    { Time = 0.017, Data = {
      ["Head"] = CFrame.new(0.018182, -0.011560, 0.061213, 0.787148, 0.157299, 0.596368, 0.126808, 0.904997, -0.406078, -0.603587, 0.395268, 0.692420),
      ["LeftUpperArm"] = CFrame.new(-0.026089, -1.361831, -0.205173, 0.849525, -0.280508, 0.446791, -0.332640, -0.942164, 0.040961, 0.409461, -0.183418, -0.893700),
      ["LeftUpperLeg"] = CFrame.new(0.017967, -0.034184, -0.138880, 0.974547, 0.100427, 0.200429, -0.022565, 0.933451, -0.357995, -0.223043, 0.344361, 0.911958),
      ["LowerTorso"] = CFrame.new(0.000005, 0.042932, 0.150009, 1.000000, -0.000000, 0.000000, 0.000000, 0.922154, 0.386823, -0.000000, -0.386823, 0.922154),
      ["RightUpperArm"] = CFrame.new(-0.238384, -0.306657, -0.068647, 0.944774, -0.317942, -0.079469, 0.327710, 0.918781, 0.220108, 0.003033, -0.233995, 0.972233),
      ["RightUpperLeg"] = CFrame.new(-0.017960, -0.034178, -0.138882, 0.974547, -0.100427, -0.200429, 0.022565, 0.933451, -0.357995, 0.223043, 0.344361, 0.911958),
      ["рҹҢ§пёҸрҹҳірҹ‘»рҹҸіпёҸвҖҚрҹҢҲрҹҳӮрҹ’һрҹҸҙвҖҚвҳ пёҸрҹҺёрҹҢ§пёҸрҹҳірҹ‘»рҹҸіпёҸвҖҚрҹҢҲрҹҳӮрҹ’һрҹҸҙвҖҚвҳ"] = CFrame.new(0.009922, -0.034810, 0.004912, 0.993073, -0.114260, 0.027393, 0.115100, 0.992859, -0.031359, -0.023614, 0.034295, 0.999133)
    }},
    { Time = 0.033, Data = {
      ["Head"] = CFrame.new(0.018182, -0.011560, 0.061213, 0.787316, 0.157351, 0.596133, 0.126700, 0.904958, -0.406199, -0.603391, 0.395337, 0.692551),
      ["LeftUpperArm"] = CFrame.new(-0.026059, -1.361521, -0.205021, 0.849508, -0.280778, 0.446654, -0.332707, -0.942159, 0.040523, 0.409441, -0.183029, -0.893789),
      ["LeftUpperLeg"] = CFrame.new(0.017967, -0.034087, -0.138661, 0.974547, 0.100383, 0.200451, -0.022615, 0.933606, -0.357588, -0.223038, 0.343953, 0.912113),
      ["LowerTorso"] = CFrame.new(0.000005, 0.042795, 0.149684, 1.000000, -0.000000, 0.000000, 0.000000, 0.922290, 0.386498, -0.000000, -0.386498, 0.922290),
      ["RightUpperArm"] = CFrame.new(-0.238404, -0.306642, -0.068678, 0.944745, -0.318018, -0.079507, 0.327792, 0.918713, 0.220271, 0.002994, -0.234162, 0.972193),
      ["RightUpperLeg"] = CFrame.new(-0.017960, -0.034082, -0.138663, 0.974547, -0.100383, -0.200451, 0.022615, 0.933606, -0.357588, 0.223038, 0.343953, 0.912113),
      ["рҹҢ§пёҸрҹҳірҹ‘»рҹҸіпёҸвҖҚрҹҢҲрҹҳӮрҹ’һрҹҸҙвҖҚвҳ пёҸрҹҺёрҹҢ§пёҸрҹҳірҹ‘»рҹҸіпёҸвҖҚрҹҢҲрҹҳӮрҹ’һрҹҸҙвҖҚвҳ"] = CFrame.new(0.009922, -0.034810, 0.004912, 0.993102, -0.114094, 0.027046, 0.114923, 0.992879, -0.031382, -0.023273, 0.034273, 0.999142)
    }},
    { Time = 0.050, Data = {
      ["Head"] = CFrame.new(0.018182, -0.011560, 0.061213, 0.787649, 0.157534, 0.595645, 0.126404, 0.904879, -0.406468, -0.603019, 0.395446, 0.692814),
      ["LeftUpperArm"] = CFrame.new(-0.026014, -1.360995, -0.204803, 0.849436, -0.281249, 0.446494, -0.332898, -0.942119, 0.039880, 0.409434, -0.182512, -0.893898),
      ["LeftUpperLeg"] = CFrame.new(0.017974, -0.033975, -0.138261, 0.974561, 0.100381, 0.200387, -0.022793, 0.933848, -0.356943, -0.222962, 0.343295, 0.912380),
      ["LowerTorso"] = CFrame.new(0.000005, 0.042557, 0.149116, 1.000000, -0.000000, 0.000000, 0.000000, 0.922528, 0.385929, -0.000000, -0.385929, 0.922528),
      ["RightUpperArm"] = CFrame.new(-0.238445, -0.306613, -0.068701, 0.944688, -0.318175, -0.079555, 0.327957, 0.918616, 0.220431, 0.002945, -0.234329, 0.972153),
      ["RightUpperLeg"] = CFrame.new(-0.017967, -0.033969, -0.138263, 0.974561, -0.100381, -0.200387, 0.022793, 0.933848, -0.356943, 0.222962, 0.343295, 0.912380),
      ["рҹҢ§пёҸрҹҳірҹ‘»рҹҸіпёҸвҖҚрҹҢҲрҹҳӮрҹ’һрҹҸҙвҖҚвҳ пёҸрҹҺёрҹҢ§пёҸрҹҳірҹ‘»рҹҸіпёҸвҖҚрҹҢҲрҹҳӮрҹ’һрҹҸҙвҖҚвҳ"] = CFrame.new(0.009922, -0.034810, 0.004912, 0.993154, -0.113759, 0.026523, 0.114571, 0.992918, -0.031416, -0.022762, 0.034240, 0.999154)
    }},
    { Time = 0.067, Data = {
      ["Head"] = CFrame.new(0.018182, -0.011560, 0.061213, 0.788038, 0.157726, 0.595079, 0.126117, 0.904761, -0.406819, -0.602570, 0.395638, 0.693094),
      ["LeftUpperArm"] = CFrame.new(-0.025915, -1.360268, -0.204504, 0.849403, -0.281768, 0.446230, -0.333051, -0.942098, 0.039086, 0.409379, -0.181818, -0.894064),
      ["LeftUpperLeg"] = CFrame.new(0.017968, -0.033830, -0.137765, 0.974550, 0.100452, 0.200405, -0.023070, 0.934177, -0.356064, -0.222981, 0.342379, 0.912719),
      ["LowerTorso"] = CFrame.new(0.000005, 0.042252, 0.148384, 1.000000, -0.000000, 0.000000, 0.000000, 0.922834, 0.385198, -0.000000, -0.385198, 0.922834),
      ["RightUpperArm"] = CFrame.new(-0.238507, -0.306576, -0.068737, 0.944603, -0.318411, -0.079626, 0.328203, 0.918470, 0.220671, 0.002870, -0.234580, 0.972093),
      ["RightUpperLeg"] = CFrame.new(-0.017962, -0.033824, -0.137767, 0.974550, -0.100452, -0.200405, 0.023070, 0.934177, -0.356064, 0.222981, 0.342379, 0.912719),
      ["рҹҢ§пёҸрҹҳірҹ‘»рҹҸіпёҸвҖҚрҹҢҲрҹҳӮрҹ’һрҹҸҙвҖҚвҳ пёҸрҹҺёрҹҢ§пёҸрҹҳірҹ‘»рҹҸіпёҸвҖҚрҹҢҲрҹҳӮрҹ’һрҹҸҙвҖҚвҳ"] = CFrame.new(0.009922, -0.034810, 0.004912, 0.993220, -0.113343, 0.025822, 0.114130, 0.992970, -0.031375, -0.022085, 0.034110, 0.999174)
    }},
    { Time = 0.083, Data = {
      ["Head"] = CFrame.new(0.018182, -0.011560, 0.061213, 0.788592, 0.158049, 0.594259, 0.125642, 0.904603, -0.407317, -0.601944, 0.395871, 0.693505),
      ["LeftUpperArm"] = CFrame.new(-0.025835, -1.359323, -0.204097, 0.849325, -0.282617, 0.445842, -0.333371, -0.942033, 0.037918, 0.409282, -0.180835, -0.894308),
      ["LeftUpperLeg"] = CFrame.new(0.017975, -0.033590, -0.137072, 0.974563, 0.100389, 0.200372, -0.023318, 0.934633, -0.354848, -0.222897, 0.341150, 0.913200),
      ["LowerTorso"] = CFrame.new(0.000005, 0.041845, 0.147409, 1.000000, -0.000000, 0.000000, 0.000000, 0.923240, 0.384223, -0.000000, -0.384223, 0.923240),
      ["RightUpperArm"] = CFrame.new(-0.238590, -0.306529, -0.068787, 0.944489, -0.318725, -0.079721, 0.328532, 0.918276, 0.220990, 0.002771, -0.234913, 0.972012),
      ["RightUpperLeg"] = CFrame.new(-0.017968, -0.033584, -0.137075, 0.974563, -0.100389, -0.200372, 0.023318, 0.934633, -0.354848, 0.222897, 0.341150, 0.913200),
      ["рҹҢ§пёҸрҹҳірҹ‘»рҹҸіпёҸвҖҚрҹҢҲрҹҳӮрҹ’һрҹҸҙвҖҚвҳ пёҸрҹҺёрҹҢ§пёҸрҹҳірҹ‘»рҹҸіпёҸвҖҚрҹҢҲрҹҳӮрҹ’һрҹҸҙвҖҚвҳ"] = CFrame.new(0.009922, -0.034810, 0.004912, 0.993309, -0.112757, 0.024947, 0.113514, 0.993042, -0.031346, -0.021238, 0.033968, 0.999197)
    }},
    { Time = 0.100, Data = {
      ["Head"] = CFrame.new(0.018182, -0.011560, 0.061213, 0.789257, 0.158335, 0.593299, 0.125128, 0.904445, -0.407827, -0.601179, 0.396118, 0.694027),
      ["LeftUpperArm"] = CFrame.new(-0.025719, -1.358170, -0.203618, 0.849218, -0.283586, 0.445430, -0.333734, -0.941958, 0.036564, 0.409207, -0.179706, -0.894570),
      ["LeftUpperLeg"] = CFrame.new(0.017969, -0.033318, -0.136283, 0.974552, 0.100398, 0.200421, -0.023664, 0.935174, -0.353397, -0.222909, 0.339661, 0.913752),
      ["LowerTorso"] = CFrame.new(0.000005, 0.041339, 0.146190, 1.000000, -0.000000, 0.000000, 0.000000, 0.923747, 0.383004, -0.000000, -0.383004, 0.923747),
      ["RightUpperArm"] = CFrame.new(-0.238673, -0.306462, -0.068828, 0.944375, -0.319039, -0.079816, 0.328861, 0.918081, 0.221309, 0.002671, -0.235247, 0.971932),
      ["RightUpperLeg"] = CFrame.new(-0.017963, -0.033312, -0.136285, 0.974552, -0.100398, -0.200421, 0.023664, 0.935174, -0.353397, 0.222909, 0.339661, 0.913752),
      ["рҹҢ§пёҸрҹҳірҹ‘»рҹҸіпёҸвҖҚрҹҢҲрҹҳӮрҹ’һрҹҸҙвҖҚвҳ пёҸрҹҺёрҹҢ§пёҸрҹҳірҹ‘»рҹҸіпёҸвҖҚрҹҢҲрҹҳӮрҹ’һрҹҸҙвҖҚвҳ"] = CFrame.new(0.009922, -0.034810, 0.004912, 0.993422, -0.112005, 0.023809, 0.112723, 0.993132, -0.031333, -0.020136, 0.033811, 0.999225)
    }},
    { Time = 0.117, Data = {
      ["Head"] = CFrame.new(0.018182, -0.011560, 0.061213, 0.790031, 0.158718, 0.592165, 0.124553, 0.904209, -0.408525, -0.600281, 0.396503, 0.694584),
      ["LeftUpperArm"] = CFrame.new(-0.025572, -1.356810, -0.203046, 0.849083, -0.284696, 0.444979, -0.334123, -0.941882, 0.034942, 0.409170, -0.178346, -0.894860),
      ["LeftUpperLeg"] = CFrame.new(0.017970, -0.033034, -0.135312, 0.974554, 0.100441, 0.200388, -0.024149, 0.935829, -0.351626, -0.222847, 0.337840, 0.914442),
      ["LowerTorso"] = CFrame.new(0.000005, 0.040767, 0.144807, 1.000000, -0.000000, 0.000000, 0.000000, 0.924319, 0.381621, -0.000000, -0.381621, 0.924319),
      ["RightUpperArm"] = CFrame.new(-0.238794, -0.306398, -0.068908, 0.944199, -0.319500, -0.080044, 0.329364, 0.917789, 0.221773, 0.002607, -0.235762, 0.971807),
      ["RightUpperLeg"] = CFrame.new(-0.017964, -0.033029, -0.135314, 0.974554, -0.100441, -0.200388, 0.024149, 0.935829, -0.351626, 0.222847, 0.337840, 0.914442),
      ["рҹҢ§пёҸрҹҳірҹ‘»рҹҸіпёҸвҖҚрҹҢҲрҹҳӮрҹ’һрҹҸҙвҖҚвҳ пёҸрҹҺёрҹҢ§пёҸрҹҳірҹ‘»рҹҸіпёҸвҖҚрҹҢҲрҹҳӮрҹ’һрҹҸҙвҖҚвҳ"] = CFrame.new(0.009922, -0.034810, 0.004912, 0.993547, -0.111168, 0.022499, 0.111843, 0.993232, -0.031329, -0.018864, 0.033644, 0.999256)
    }},
    { Time = 0.133, Data = {
      ["Head"] = CFrame.new(0.018182, -0.011560, 0.061213, 0.790913, 0.159143, 0.590872, 0.123858, 0.903971, -0.409262, -0.599262, 0.396876, 0.695251),
      ["LeftUpperArm"] = CFrame.new(-0.025418, -1.355236, -0.202382, 0.848930, -0.286033, 0.444413, -0.334616, -0.941775, 0.033048, 0.409084, -0.176763, -0.895213),
      ["LeftUpperLeg"] = CFrame.new(0.017974, -0.032643, -0.134188, 0.974562, 0.100374, 0.200385, -0.024579, 0.936576, -0.349601, -0.222766, 0.335782, 0.915219),
      ["LowerTorso"] = CFrame.new(0.000005, 0.040097, 0.143180, 1.000000, -0.000000, 0.000000, 0.000000, 0.924989, 0.379994, -0.000000, -0.379994, 0.924989),
      ["RightUpperArm"] = CFrame.new(-0.238918, -0.306312, -0.068977, 0.944028, -0.319972, -0.080187, 0.329857, 0.917496, 0.222252, 0.002457, -0.236262, 0.971686),
      ["RightUpperLeg"] = CFrame.new(-0.017968, -0.032637, -0.134190, 0.974562, -0.100374, -0.200385, 0.024579, 0.936576, -0.349601, 0.222766, 0.335782, 0.915219),
      ["рҹҢ§пёҸрҹҳірҹ‘»рҹҸіпёҸвҖҚрҹҢҲрҹҳӮрҹ’һрҹҸҙвҖҚвҳ пёҸрҹҺёрҹҢ§пёҸрҹҳірҹ‘»рҹҸіпёҸвҖҚрҹҢҲрҹҳӮрҹ’һрҹҸҙвҖҚвҳ"] = CFrame.new(0.009922, -0.034810, 0.004912, 0.993683, -0.110251, 0.020928, 0.110873, 0.993340, -0.031340, -0.017333, 0.033463, 0.999290)
    }},
    { Time = 0.150, Data = {
      ["Head"] = CFrame.new(0.018182, -0.011560, 0.061213, 0.791901, 0.159717, 0.589392, 0.122994, 0.903691, -0.410140, -0.598135, 0.397282, 0.695990),
      ["LeftUpperArm"] = CFrame.new(-0.025230, -1.353453, -0.201642, 0.848787, -0.287498, 0.443741, -0.335152, -0.941655, 0.030984, 0.408943, -0.175019, -0.895619),
      ["LeftUpperLeg"] = CFrame.new(0.017975, -0.032227, -0.132924, 0.974564, 0.100365, 0.200379, -0.025122, 0.937404, -0.347337, -0.222697, 0.333468, 0.916081),
      ["LowerTorso"] = CFrame.new(0.000005, 0.039363, 0.141388, 1.000000, -0.000000, 0.000000, 0.000000, 0.925723, 0.378203, -0.000000, -0.378203, 0.925723),
      ["RightUpperArm"] = CFrame.new(-0.239060, -0.306218, -0.069062, 0.943823, -0.320511, -0.080439, 0.330442, 0.917153, 0.222796, 0.002367, -0.236860, 0.971541),
      ["RightUpperLeg"] = CFrame.new(-0.017969, -0.032221, -0.132926, 0.974564, -0.100365, -0.200379, 0.025122, 0.937404, -0.347337, 0.222697, 0.333468, 0.916081),
      ["рҹҢ§пёҸрҹҳірҹ‘»рҹҸіпёҸвҖҚрҹҢҲрҹҳӮрҹ’һрҹҸҙвҖҚвҳ пёҸрҹҺёрҹҢ§пёҸрҹҳірҹ‘»рҹҸіпёҸвҖҚрҹҢҲрҹҳӮрҹ’һрҹҸҙвҖҚвҳ"] = CFrame.new(0.009922, -0.034810, 0.004912, 0.993839, -0.109163, 0.019182, 0.109728, 0.993467, -0.031361, -0.015633, 0.033272, 0.999324)
    }},
    { Time = 0.167, Data = {
      ["Head"] = CFrame.new(0.018182, -0.011560, 0.061213, 0.792997, 0.160280, 0.587763, 0.122118, 0.903372, -0.411103, -0.596861, 0.397780, 0.696799),
      ["LeftUpperArm"] = CFrame.new(-0.025011, -1.351461, -0.200809, 0.848614, -0.289102, 0.443029, -0.335714, -0.941528, 0.028652, 0.408841, -0.173046, -0.896049),
      ["LeftUpperLeg"] = CFrame.new(0.017973, -0.031787, -0.131521, 0.974560, 0.100414, 0.200372, -0.025780, 0.938309, -0.344835, -0.222637, 0.330897, 0.917028),
      ["LowerTorso"] = CFrame.new(0.000005, 0.038533, 0.139352, 1.000000, -0.000000, 0.000000, 0.000000, 0.926552, 0.376166, -0.000000, -0.376166, 0.926552),
      ["RightUpperArm"] = CFrame.new(-0.239203, -0.306108, -0.069157, 0.943622, -0.321057, -0.080621, 0.331018, 0.916790, 0.223437, 0.002177, -0.237527, 0.971379),
      ["RightUpperLeg"] = CFrame.new(-0.017967, -0.031782, -0.131522, 0.974560, -0.100414, -0.200372, 0.025780, 0.938309, -0.344835, 0.222637, 0.330897, 0.917028),
      ["рҹҢ§пёҸрҹҳірҹ‘»рҹҸіпёҸвҖҚрҹҢҲрҹҳӮрҹ’һрҹҸҙвҖҚвҳ пёҸрҹҺёрҹҢ§пёҸрҹҳірҹ‘»рҹҸіпёҸвҖҚрҹҢҲрҹҳӮрҹ’һрҹҸҙвҖҚвҳ"] = CFrame.new(0.009922, -0.034810, 0.004912, 0.994011, -0.107908, 0.017257, 0.108408, 0.993613, -0.031304, -0.013769, 0.032987, 0.999361)
    }},
    { Time = 0.183, Data = {
      ["Head"] = CFrame.new(0.018182, -0.011560, 0.061213, 0.794254, 0.160894, 0.585896, 0.121130, 0.903012, -0.412184, -0.595389, 0.398349, 0.697732),
      ["LeftUpperArm"] = CFrame.new(-0.024783, -1.349254, -0.199887, 0.848383, -0.290925, 0.442277, -0.336382, -0.941366, 0.026033, 0.408771, -0.170860, -0.896500),
      ["LeftUpperLeg"] = CFrame.new(0.017971, -0.031281, -0.129970, 0.974557, 0.100436, 0.200378, -0.026466, 0.939296, -0.342086, -0.222572, 0.328079, 0.918055),
      ["LowerTorso"] = CFrame.new(0.000005, 0.037610, 0.137069, 1.000000, -0.000000, 0.000000, 0.000000, 0.927476, 0.373884, -0.000000, -0.373884, 0.927476),
      ["RightUpperArm"] = CFrame.new(-0.239386, -0.305996, -0.069270, 0.943359, -0.321753, -0.080922, 0.331766, 0.916347, 0.224139, 0.002035, -0.238291, 0.971192),
      ["RightUpperLeg"] = CFrame.new(-0.017965, -0.031275, -0.129972, 0.974557, -0.100436, -0.200378, 0.026466, 0.939296, -0.342086, 0.222572, 0.328079, 0.918055),
      ["рҹҢ§пёҸрҹҳірҹ‘»рҹҸіпёҸвҖҚрҹҢҲрҹҳӮрҹ’һрҹҸҙвҖҚвҳ пёҸрҹҺёрҹҢ§пёҸрҹҳірҹ‘»рҹҸіпёҸвҖҚрҹҢҲрҹҳӮрҹ’һрҹҸҙвҖҚвҳ"] = CFrame.new(0.009922, -0.034810, 0.004912, 0.994190, -0.106568, 0.015158, 0.106999, 0.993768, -0.031255, -0.011732, 0.032695, 0.999397)
    }},
    { Time = 0.200, Data = {
      ["Head"] = CFrame.new(0.018182, -0.011560, 0.061213, 0.795614, 0.161548, 0.583867, 0.120023, 0.902649, -0.413302, -0.593795, 0.398906, 0.698771),
      ["LeftUpperArm"] = CFrame.new(-0.024527, -1.346838, -0.198864, 0.848198, -0.292901, 0.441326, -0.337073, -0.941193, 0.023177, 0.408584, -0.168418, -0.897048),
      ["LeftUpperLeg"] = CFrame.new(0.017970, -0.030714, -0.128272, 0.974553, 0.100424, 0.200403, -0.027191, 0.940391, -0.339006, -0.222502, 0.324930, 0.919192),
      ["LowerTorso"] = CFrame.new(0.000005, 0.036594, 0.134539, 1.000000, -0.000000, 0.000000, 0.000000, 0.928491, 0.371354, -0.000000, -0.371354, 0.928491),
      ["RightUpperArm"] = CFrame.new(-0.239571, -0.305869, -0.069391, 0.943100, -0.322455, -0.081153, 0.332505, 0.915883, 0.224940, 0.001794, -0.239124, 0.970987),
      ["RightUpperLeg"] = CFrame.new(-0.017964, -0.030708, -0.128274, 0.974553, -0.100424, -0.200403, 0.027191, 0.940391, -0.339006, 0.222502, 0.324930, 0.919192),
      ["рҹҢ§пёҸрҹҳірҹ‘»рҹҸіпёҸвҖҚрҹҢҲрҹҳӮрҹ’һрҹҸҙвҖҚвҳ пёҸрҹҺёрҹҢ§пёҸрҹҳірҹ‘»рҹҸіпёҸвҖҚрҹҢҲрҹҳӮрҹ’һрҹҸҙвҖҚвҳ"] = CFrame.new(0.009922, -0.034810, 0.004912, 0.994384, -0.105060, 0.012797, 0.105415, 0.993938, -0.031217, -0.009440, 0.032391, 0.999431)
    }},
    { Time = 0.217, Data = {
      ["Head"] = CFrame.new(0.018182, -0.011560, 0.061213, 0.797022, 0.162290, 0.581737, 0.118842, 0.902245, -0.414525, -0.592143, 0.399520, 0.699822),
      ["LeftUpperArm"] = CFrame.new(-0.024250, -1.344262, -0.197782, 0.847945, -0.294988, 0.440422, -0.337810, -0.940999, 0.020121, 0.408502, -0.165840, -0.897565),
      ["LeftUpperLeg"] = CFrame.new(0.017968, -0.030085, -0.126426, 0.974549, 0.100376, 0.200446, -0.027956, 0.941591, -0.335596, -0.222424, 0.321451, 0.920433),
      ["LowerTorso"] = CFrame.new(0.000005, 0.035521, 0.131844, 1.000000, -0.000000, 0.000000, 0.000000, 0.929564, 0.368660, -0.000000, -0.368660, 0.929564),
      ["RightUpperArm"] = CFrame.new(-0.239796, -0.305736, -0.069509, 0.942778, -0.323310, -0.081489, 0.333418, 0.915360, 0.225718, 0.001615, -0.239972, 0.970779),
      ["RightUpperLeg"] = CFrame.new(-0.017962, -0.030079, -0.126427, 0.974549, -0.100376, -0.200446, 0.027956, 0.941591, -0.335596, 0.222424, 0.321451, 0.920433),
      ["рҹҢ§пёҸрҹҳірҹ‘»рҹҸіпёҸвҖҚрҹҢҲрҹҳӮрҹ’һрҹҸҙвҖҚвҳ пёҸрҹҺёрҹҢ§пёҸрҹҳірҹ‘»рҹҸіпёҸвҖҚрҹҢҲрҹҳӮрҹ’һрҹҸҙвҖҚвҳ"] = CFrame.new(0.009922, -0.034810, 0.004912, 0.994580, -0.103469, 0.010263, 0.103742, 0.994115, -0.031185, -0.006976, 0.032081, 0.999461)
    }},
    { Time = 0.233, Data = {
      ["Head"] = CFrame.new(0.018182, -0.011560, 0.061213, 0.798640, 0.163089, 0.579289, 0.117556, 0.901760, -0.415944, -0.590215, 0.400289, 0.701010),
      ["LeftUpperArm"] = CFrame.new(-0.024014, -1.341833, -0.196763, 0.847727, -0.297039, 0.439461, -0.338584, -0.940778, 0.017246, 0.408313, -0.163414, -0.898096),
      ["LeftUpperLeg"] = CFrame.new(0.017972, -0.029434, -0.124399, 0.974558, 0.100382, 0.200400, -0.028839, 0.942830, -0.332025, -0.222272, 0.317798, 0.921737),
      ["LowerTorso"] = CFrame.new(0.000005, 0.034392, 0.128984, 1.000000, -0.000000, 0.000000, 0.000000, 0.930694, 0.365799, -0.000000, -0.365799, 0.930694),
      ["RightUpperArm"] = CFrame.new(-0.240022, -0.305592, -0.069657, 0.942459, -0.324169, -0.081770, 0.334320, 0.914794, 0.226676, 0.001322, -0.240971, 0.970532),
      ["RightUpperLeg"] = CFrame.new(-0.017966, -0.029428, -0.124400, 0.974558, -0.100382, -0.200400, 0.028839, 0.942830, -0.332025, 0.222272, 0.317798, 0.921737),
      ["рҹҢ§пёҸрҹҳірҹ‘»рҹҸіпёҸвҖҚрҹҢҲрҹҳӮрҹ’һрҹҸҙвҖҚвҳ пёҸрҹҺёрҹҢ§пёҸрҹҳірҹ‘»рҹҸіпёҸвҖҚрҹҢҲрҹҳӮрҹ’һрҹҸҙвҖҚвҳ"] = CFrame.new(0.009922, -0.034810, 0.004912, 0.994786, -0.101708, 0.007468, 0.101893, 0.994307, -0.031163, -0.004255, 0.031762, 0.999486)
    }},
    { Time = 0.250, Data = {
      ["Head"] = CFrame.new(0.018182, -0.011560, 0.061213, 0.800303, 0.163946, 0.576747, 0.116169, 0.901270, -0.417393, -0.588235, 0.401041, 0.702244),
      ["LeftUpperArm"] = CFrame.new(-0.023783, -1.339618, -0.195841, 0.847488, -0.298854, 0.438691, -0.339254, -0.940581, 0.014628, 0.408253, -0.161225, -0.898519),
      ["LeftUpperLeg"] = CFrame.new(0.017973, -0.028764, -0.122230, 0.974561, 0.100437, 0.200358, -0.029845, 0.944161, -0.328130, -0.222127, 0.313803, 0.923140),
      ["LowerTorso"] = CFrame.new(0.000005, 0.033144, 0.125793, 1.000000, -0.000000, 0.000000, 0.000000, 0.931942, 0.362609, -0.000000, -0.362609, 0.931942),
      ["RightUpperArm"] = CFrame.new(-0.240245, -0.305427, -0.069801, 0.942135, -0.325016, -0.082137, 0.335232, 0.914226, 0.227620, 0.001112, -0.241984, 0.970280),
      ["RightUpperLeg"] = CFrame.new(-0.017968, -0.028759, -0.122230, 0.974561, -0.100437, -0.200358, 0.029845, 0.944161, -0.328130, 0.222127, 0.313803, 0.923140),
      ["рҹҢ§пёҸрҹҳірҹ‘»рҹҸіпёҸвҖҚрҹҢҲрҹҳӮрҹ’һрҹҸҙвҖҚвҳ пёҸрҹҺёрҹҢ§пёҸрҹҳірҹ‘»рҹҸіпёҸвҖҚрҹҢҲрҹҳӮрҹ’һрҹҸҙвҖҚвҳ"] = CFrame.new(0.009922, -0.034810, 0.004912, 0.994991, -0.099864, 0.004494, 0.099955, 0.994507, -0.031059, -0.001368, 0.031352, 0.999507)
    }},
    { Time = 0.267, Data = {
      ["Head"] = CFrame.new(0.018182, -0.011560, 0.061213, 0.802063, 0.164871, 0.574031, 0.114686, 0.900737, -0.418950, -0.586124, 0.401858, 0.703540),
      ["LeftUpperArm"] = CFrame.new(-0.023563, -1.337615, -0.195003, 0.847343, -0.300455, 0.437878, -0.339818, -0.940411, 0.012314, 0.408085, -0.159233, -0.898951),
      ["LeftUpperLeg"] = CFrame.new(0.017968, -0.028044, -0.120094, 0.974551, 0.100422, 0.200415, -0.030751, 0.945481, -0.324223, -0.222048, 0.309809, 0.924507),
      ["LowerTorso"] = CFrame.new(0.000005, 0.031939, 0.122681, 1.000000, -0.000000, 0.000000, 0.000000, 0.933146, 0.359497, -0.000000, -0.359497, 0.933146),
      ["RightUpperArm"] = CFrame.new(-0.240489, -0.305271, -0.069945, 0.941781, -0.325944, -0.082515, 0.336226, 0.913626, 0.228559, 0.000890, -0.242996, 0.970027),
      ["RightUpperLeg"] = CFrame.new(-0.017963, -0.028039, -0.120094, 0.974551, -0.100422, -0.200415, 0.030751, 0.945481, -0.324223, 0.222048, 0.309809, 0.924507),
      ["рҹҢ§пёҸрҹҳірҹ‘»рҹҸіпёҸвҖҚрҹҢҲрҹҳӮрҹ’һрҹҸҙвҖҚвҳ пёҸрҹҺёрҹҢ§пёҸрҹҳірҹ‘»рҹҸіпёҸвҖҚрҹҢҲрҹҳӮрҹ’һрҹҸҙвҖҚвҳ"] = CFrame.new(0.009922, -0.034810, 0.004912, 0.995200, -0.097849, 0.001350, 0.097843, 0.994718, -0.031043, 0.001695, 0.031026, 0.999517)
    }},
    { Time = 0.283, Data = {
      ["Head"] = CFrame.new(0.018182, -0.011560, 0.061213, 0.803973, 0.165816, 0.571080, 0.113060, 0.900199, -0.420546, -0.583819, 0.402674, 0.704989),
      ["LeftUpperArm"] = CFrame.new(-0.023376, -1.335820, -0.194244, 0.847149, -0.301920, 0.437245, -0.340340, -0.940248, 0.010154, 0.408053, -0.157414, -0.899285),
      ["LeftUpperLeg"] = CFrame.new(0.017972, -0.027393, -0.118062, 0.974559, 0.100430, 0.200371, -0.031632, 0.946673, -0.320641, -0.221888, 0.306145, 0.925765),
      ["LowerTorso"] = CFrame.new(0.000005, 0.030807, 0.119730, 1.000000, -0.000000, 0.000000, 0.000000, 0.934278, 0.356546, -0.000000, -0.356546, 0.934278),
      ["RightUpperArm"] = CFrame.new(-0.240714, -0.305129, -0.070094, 0.941459, -0.326801, -0.082799, 0.337127, 0.913054, 0.229517, 0.000593, -0.243994, 0.969777),
      ["RightUpperLeg"] = CFrame.new(-0.017967, -0.027387, -0.118062, 0.974559, -0.100430, -0.200371, 0.031632, 0.946673, -0.320641, 0.221888, 0.306145, 0.925765),
      ["рҹҢ§пёҸрҹҳірҹ‘»рҹҸіпёҸвҖҚрҹҢҲрҹҳӮрҹ’һрҹҸҙвҖҚвҳ пёҸрҹҺёрҹҢ§пёҸрҹҳірҹ‘»рҹҸіпёҸвҖҚрҹҢҲрҹҳӮрҹ’һрҹҸҙвҖҚвҳ"] = CFrame.new(0.009922, -0.034810, 0.004912, 0.995404, -0.095749, -0.001972, 0.095643, 0.994935, -0.030943, 0.004925, 0.030612, 0.999519)
    }},
    { Time = 0.300, Data = {
      ["Head"] = CFrame.new(0.018182, -0.011560, 0.061213, 0.805923, 0.166847, 0.568023, 0.111358, 0.899617, -0.422243, -0.581453, 0.403549, 0.706442),
      ["LeftUpperArm"] = CFrame.new(-0.023218, -1.334231, -0.193577, 0.846983, -0.303244, 0.436650, -0.340837, -0.940086, 0.008262, 0.407983, -0.155824, -0.899594),
      ["LeftUpperLeg"] = CFrame.new(0.017970, -0.026763, -0.116210, 0.974554, 0.100384, 0.200417, -0.032394, 0.947801, -0.317212, -0.221799, 0.302648, 0.926936),
      ["LowerTorso"] = CFrame.new(0.000005, 0.029778, 0.117022, 1.000000, -0.000000, 0.000000, 0.000000, 0.935307, 0.353838, -0.000000, -0.353838, 0.935307),
      ["RightUpperArm"] = CFrame.new(-0.240917, -0.304990, -0.070210, 0.941162, -0.327572, -0.083129, 0.337955, 0.912551, 0.230296, 0.000421, -0.244840, 0.969563),
      ["RightUpperLeg"] = CFrame.new(-0.017965, -0.026757, -0.116210, 0.974554, -0.100384, -0.200417, 0.032394, 0.947801, -0.317212, 0.221799, 0.302648, 0.926936),
      ["рҹҢ§пёҸрҹҳірҹ‘»рҹҸіпёҸвҖҚрҹҢҲрҹҳӮрҹ’һрҹҸҙвҖҚвҳ пёҸрҹҺёрҹҢ§пёҸрҹҳірҹ‘»рҹҸіпёҸвҖҚрҹҢҲрҹҳӮрҹ’һрҹҸҙвҖҚвҳ"] = CFrame.new(0.009922, -0.034810, 0.004912, 0.995606, -0.093480, -0.005555, 0.093266, 0.995163, -0.030848, 0.008412, 0.030194, 0.999509)
    }},
    { Time = 0.317, Data = {
      ["Head"] = CFrame.new(0.018182, -0.011560, 0.061213, 0.807810, 0.167813, 0.565051, 0.109750, 0.899033, -0.423903, -0.579136, 0.404448, 0.707830),
      ["LeftUpperArm"] = CFrame.new(-0.023070, -1.332857, -0.193000, 0.846874, -0.304348, 0.436093, -0.341229, -0.939957, 0.006658, 0.407882, -0.154446, -0.899878),
      ["LeftUpperLeg"] = CFrame.new(0.017968, -0.026194, -0.114505, 0.974549, 0.100374, 0.200446, -0.033117, 0.948809, -0.314110, -0.221713, 0.299477, 0.927985),
      ["LowerTorso"] = CFrame.new(0.000005, 0.028819, 0.114476, 1.000000, -0.000000, 0.000000, 0.000000, 0.936266, 0.351293, -0.000000, -0.351293, 0.936266),
      ["RightUpperArm"] = CFrame.new(-0.241120, -0.304873, -0.070336, 0.940864, -0.328343, -0.083460, 0.338784, 0.912047, 0.231075, 0.000247, -0.245685, 0.969350),
      ["RightUpperLeg"] = CFrame.new(-0.017963, -0.026188, -0.114505, 0.974549, -0.100374, -0.200446, 0.033117, 0.948809, -0.314110, 0.221713, 0.299477, 0.927985),
      ["рҹҢ§пёҸрҹҳірҹ‘»рҹҸіпёҸвҖҚрҹҢҲрҹҳӮрҹ’һрҹҸҙвҖҚвҳ пёҸрҹҺёрҹҢ§пёҸрҹҳірҹ‘»рҹҸіпёҸвҖҚрҹҢҲрҹҳӮрҹ’һрҹҸҙвҖҚвҳ"] = CFrame.new(0.009922, -0.034810, 0.004912, 0.995777, -0.091377, -0.008877, 0.091066, 0.995371, -0.030733, 0.011644, 0.029794, 0.999488)
    }},
    { Time = 0.333, Data = {
      ["Head"] = CFrame.new(0.018182, -0.011560, 0.061213, 0.809528, 0.168728, 0.562313, 0.108251, 0.898488, -0.425442, -0.577015, 0.405278, 0.709086),
      ["LeftUpperArm"] = CFrame.new(-0.022930, -1.331699, -0.192515, 0.846784, -0.305225, 0.435653, -0.341515, -0.939861, 0.005326, 0.407828, -0.153293, -0.900099),
      ["LeftUpperLeg"] = CFrame.new(0.017974, -0.025694, -0.112904, 0.974563, 0.100387, 0.200373, -0.033814, 0.949699, -0.311334, -0.221548, 0.296639, 0.928936),
      ["LowerTorso"] = CFrame.new(0.000005, 0.027959, 0.112176, 1.000000, -0.000000, 0.000000, 0.000000, 0.937126, 0.348992, -0.000000, -0.348992, 0.937126),
      ["RightUpperArm"] = CFrame.new(-0.241283, -0.304758, -0.070443, 0.940628, -0.328964, -0.083672, 0.339438, 0.911621, 0.231793, 0.000026, -0.246433, 0.969160),
      ["RightUpperLeg"] = CFrame.new(-0.017970, -0.025688, -0.112904, 0.974563, -0.100387, -0.200373, 0.033814, 0.949699, -0.311334, 0.221548, 0.296639, 0.928936),
      ["рҹҢ§пёҸрҹҳірҹ‘»рҹҸіпёҸвҖҚрҹҢҲрҹҳӮрҹ’һрҹҸҙвҖҚвҳ пёҸрҹҺёрҹҢ§пёҸрҹҳірҹ‘»рҹҸіпёҸвҖҚрҹҢҲрҹҳӮрҹ’һрҹҸҙвҖҚвҳ"] = CFrame.new(0.009922, -0.034810, 0.004912, 0.995927, -0.089357, -0.012020, 0.088954, 0.995563, -0.030689, 0.014709, 0.029495, 0.999457)
    }},
    { Time = 0.350, Data = {
      ["Head"] = CFrame.new(0.018182, -0.011559, 0.061213, 0.811186, 0.169553, 0.559668, 0.106820, 0.897982, -0.426870, -0.574949, 0.406055, 0.710319),
      ["LeftUpperArm"] = CFrame.new(-0.022840, -1.330740, -0.192132, 0.846656, -0.306036, 0.435333, -0.341857, -0.939742, 0.004227, 0.407807, -0.152401, -0.900260),
      ["LeftUpperLeg"] = CFrame.new(0.017972, -0.025257, -0.111491, 0.974558, 0.100431, 0.200376, -0.034478, 0.950527, -0.308723, -0.221468, 0.293960, 0.929806),
      ["LowerTorso"] = CFrame.new(0.000005, 0.027196, 0.110120, 1.000000, -0.000000, 0.000000, 0.000000, 0.937889, 0.346937, -0.000000, -0.346937, 0.937889),
      ["RightUpperArm"] = CFrame.new(-0.241444, -0.304659, -0.070542, 0.940388, -0.329578, -0.083955, 0.340103, 0.911216, 0.232413, -0.000097, -0.247112, 0.968987),
      ["RightUpperLeg"] = CFrame.new(-0.017967, -0.025251, -0.111490, 0.974558, -0.100431, -0.200376, 0.034478, 0.950527, -0.308723, 0.221468, 0.293960, 0.929806),
      ["рҹҢ§пёҸрҹҳірҹ‘»рҹҸіпёҸвҖҚрҹҢҲрҹҳӮрҹ’һрҹҸҙвҖҚвҳ пёҸрҹҺёрҹҢ§пёҸрҹҳірҹ‘»рҹҸіпёҸвҖҚрҹҢҲрҹҳӮрҹ’һрҹҸҙвҖҚвҳ"] = CFrame.new(0.009922, -0.034810, 0.004912, 0.996051, -0.087505, -0.014992, 0.087018, 0.995738, -0.030547, 0.017602, 0.029122, 0.999421)
    }},
    { Time = 0.367, Data = {
      ["Head"] = CFrame.new(0.018182, -0.011560, 0.061213, 0.812680, 0.170327, 0.557261, 0.105498, 0.897515, -0.428179, -0.573080, 0.406763, 0.711424),
      ["LeftUpperArm"] = CFrame.new(-0.022764, -1.329999, -0.191815, 0.846586, -0.306647, 0.435039, -0.342075, -0.939667, 0.003333, 0.407770, -0.151638, -0.900405),
      ["LeftUpperLeg"] = CFrame.new(0.017972, -0.024840, -0.110218, 0.974559, 0.100425, 0.200376, -0.035018, 0.951248, -0.306433, -0.221380, 0.291620, 0.930564),
      ["LowerTorso"] = CFrame.new(0.000005, 0.026529, 0.108310, 1.000000, -0.000000, 0.000000, 0.000000, 0.938556, 0.345127, -0.000000, -0.345127, 0.938556),
      ["RightUpperArm"] = CFrame.new(-0.241588, -0.304568, -0.070623, 0.940181, -0.330124, -0.084129, 0.340675, 0.910860, 0.232968, -0.000279, -0.247693, 0.968839),
      ["RightUpperLeg"] = CFrame.new(-0.017968, -0.024834, -0.110218, 0.974559, -0.100425, -0.200376, 0.035018, 0.951248, -0.306433, 0.221380, 0.291620, 0.930564),
      ["рҹҢ§пёҸрҹҳірҹ‘»рҹҸіпёҸвҖҚрҹҢҲрҹҳӮрҹ’һрҹҸҙвҖҚвҳ пёҸрҹҺёрҹҢ§пёҸрҹҳірҹ‘»рҹҸіпёҸвҖҚрҹҢҲрҹҳӮрҹ’һрҹҸҙвҖҚвҳ"] = CFrame.new(0.009922, -0.034810, 0.004912, 0.996159, -0.085737, -0.017787, 0.085170, 0.995900, -0.030479, 0.020327, 0.028847, 0.999377)
    }},
    { Time = 0.383, Data = {
      ["Head"] = CFrame.new(0.018182, -0.011560, 0.061213, 0.814065, 0.171031, 0.555019, 0.104267, 0.897088, -0.429373, -0.571337, 0.407408, 0.712455),
      ["LeftUpperArm"] = CFrame.new(-0.022699, -1.329473, -0.191587, 0.846575, -0.307039, 0.434786, -0.342187, -0.939628, 0.002726, 0.407700, -0.151086, -0.900530),
      ["LeftUpperLeg"] = CFrame.new(0.017972, -0.024488, -0.109092, 0.974559, 0.100446, 0.200362, -0.035529, 0.951885, -0.304389, -0.221296, 0.289527, 0.931237),
      ["LowerTorso"] = CFrame.new(0.000005, 0.025925, 0.106663, 1.000000, -0.000000, 0.000000, 0.000000, 0.939160, 0.343481, -0.000000, -0.343481, 0.939160),
      ["RightUpperArm"] = CFrame.new(-0.241711, -0.304486, -0.070690, 0.940003, -0.330592, -0.084278, 0.341166, 0.910555, 0.233444, -0.000435, -0.248191, 0.968711),
      ["RightUpperLeg"] = CFrame.new(-0.017968, -0.024482, -0.109091, 0.974559, -0.100446, -0.200362, 0.035529, 0.951885, -0.304389, 0.221296, 0.289527, 0.931237),
      ["рҹҢ§пёҸрҹҳірҹ‘»рҹҸіпёҸвҖҚрҹҢҲрҹҳӮрҹ’һрҹҸҙвҖҚвҳ пёҸрҹҺёрҹҢ§пёҸрҹҳірҹ‘»рҹҸіпёҸвҖҚрҹҢҲрҹҳӮрҹ’һрҹҸҙвҖҚвҳ"] = CFrame.new(0.009922, -0.034810, 0.004912, 0.996247, -0.084136, -0.020319, 0.083499, 0.996044, -0.030397, 0.022796, 0.028586, 0.999331)
    }},
    { Time = 0.400, Data = {
      ["Head"] = CFrame.new(0.018182, -0.011560, 0.061213, 0.815339, 0.171746, 0.552925, 0.103048, 0.896698, -0.430480, -0.569740, 0.407965, 0.713415),
      ["LeftUpperArm"] = CFrame.new(-0.022660, -1.329156, -0.191461, 0.846516, -0.307277, 0.434731, -0.342275, -0.939597, 0.002356, 0.407748, -0.150792, -0.900558),
      ["LeftUpperLeg"] = CFrame.new(0.017966, -0.024149, -0.108148, 0.974547, 0.100430, 0.200428, -0.035903, 0.952419, -0.302668, -0.221289, 0.287769, 0.931783),
      ["LowerTorso"] = CFrame.new(0.000005, 0.025384, 0.105181, 1.000000, -0.000000, 0.000000, 0.000000, 0.939701, 0.341998, -0.000000, -0.341998, 0.939701),
      ["RightUpperArm"] = CFrame.new(-0.241810, -0.304417, -0.070770, 0.939851, -0.330968, -0.084502, 0.341585, 0.910278, 0.233908, -0.000496, -0.248703, 0.968580),
      ["RightUpperLeg"] = CFrame.new(-0.017962, -0.024143, -0.108147, 0.974547, -0.100430, -0.200428, 0.035903, 0.952419, -0.302668, 0.221289, 0.287769, 0.931783),
      ["рҹҢ§пёҸрҹҳірҹ‘»рҹҸіпёҸвҖҚрҹҢҲрҹҳӮрҹ’һрҹҸҙвҖҚвҳ пёҸрҹҺёрҹҢ§пёҸрҹҳірҹ‘»рҹҸіпёҸвҖҚрҹҢҲрҹҳӮрҹ’һрҹҸҙвҖҚвҳ"] = CFrame.new(0.009922, -0.034810, 0.004912, 0.996323, -0.082617, -0.022678, 0.081916, 0.996178, -0.030304, 0.025095, 0.028335, 0.999283)
    }},
    { Time = 0.417, Data = {
      ["Head"] = CFrame.new(0.018182, -0.011560, 0.061213, 0.816456, 0.172358, 0.551083, 0.102046, 0.896314, -0.431518, -0.568318, 0.408552, 0.714213),
      ["LeftUpperArm"] = CFrame.new(-0.022654, -1.329047, -0.191423, 0.846525, -0.307384, 0.434639, -0.342337, -0.939575, 0.002269, 0.407678, -0.150714, -0.900602),
      ["LeftUpperLeg"] = CFrame.new(0.017969, -0.023883, -0.107310, 0.974554, 0.100429, 0.200397, -0.036260, 0.952873, -0.301194, -0.221202, 0.286263, 0.932268),
      ["LowerTorso"] = CFrame.new(0.000005, 0.024965, 0.104028, 1.000000, -0.000000, 0.000000, 0.000000, 0.940120, 0.340845, -0.000000, -0.340845, 0.940120),
      ["RightUpperArm"] = CFrame.new(-0.241913, -0.304360, -0.070811, 0.939702, -0.331362, -0.084612, 0.341993, 0.910045, 0.234221, -0.000611, -0.249035, 0.968494),
      ["RightUpperLeg"] = CFrame.new(-0.017965, -0.023877, -0.107309, 0.974554, -0.100429, -0.200397, 0.036260, 0.952873, -0.301194, 0.221202, 0.286263, 0.932268),
      ["рҹҢ§пёҸрҹҳірҹ‘»рҹҸіпёҸвҖҚрҹҢҲрҹҳӮрҹ’һрҹҸҙвҖҚвҳ пёҸрҹҺёрҹҢ§пёҸрҹҳірҹ‘»рҹҸіпёҸвҖҚрҹҢҲрҹҳӮрҹ’һрҹҸҙвҖҚвҳ"] = CFrame.new(0.009922, -0.034810, 0.004912, 0.996384, -0.081267, -0.024775, 0.080509, 0.996296, -0.030199, 0.027138, 0.028095, 0.999237)
    }},
    { Time = 0.433, Data = {
      ["Head"] = CFrame.new(0.018182, -0.011560, 0.061213, 0.817521, 0.172882, 0.549337, 0.101115, 0.895970, -0.432450, -0.566953, 0.409083, 0.714994),
      ["LeftUpperArm"] = CFrame.new(-0.022672, -1.329100, -0.191432, 0.846525, -0.307384, 0.434639, -0.342337, -0.939575, 0.002269, 0.407678, -0.150714, -0.900602),
      ["LeftUpperLeg"] = CFrame.new(0.017966, -0.023634, -0.106653, 0.974548, 0.100381, 0.200450, -0.036491, 0.953254, -0.299960, -0.221190, 0.285011, 0.932654),
      ["LowerTorso"] = CFrame.new(0.000005, 0.024607, 0.103039, 1.000000, -0.000000, 0.000000, 0.000000, 0.940477, 0.339856, -0.000000, -0.339856, 0.940477),
      ["RightUpperArm"] = CFrame.new(-0.241996, -0.304316, -0.070860, 0.939583, -0.331673, -0.084712, 0.342320, 0.909840, 0.234539, -0.000716, -0.249367, 0.968409),
      ["RightUpperLeg"] = CFrame.new(-0.017962, -0.023629, -0.106652, 0.974548, -0.100381, -0.200450, 0.036491, 0.953254, -0.299960, 0.221190, 0.285011, 0.932654),
      ["рҹҢ§пёҸрҹҳірҹ‘»рҹҸіпёҸвҖҚрҹҢҲрҹҳӮрҹ’һрҹҸҙвҖҚвҳ пёҸрҹҺёрҹҢ§пёҸрҹҳірҹ‘»рҹҸіпёҸвҖҚрҹҢҲрҹҳӮрҹ’һрҹҸҙвҖҚвҳ"] = CFrame.new(0.009922, -0.034810, 0.004912, 0.996437, -0.080001, -0.026695, 0.079190, 0.996403, -0.030172, 0.029013, 0.027951, 0.999188)
    }},
    { Time = 0.450, Data = {
      ["Head"] = CFrame.new(0.018182, -0.011560, 0.061213, 0.818430, 0.173356, 0.547833, 0.100298, 0.895669, -0.433264, -0.565786, 0.409543, 0.715654),
      ["LeftUpperArm"] = CFrame.new(-0.022690, -1.329262, -0.191500, 0.846516, -0.307258, 0.434745, -0.342293, -0.939590, 0.002439, 0.407732, -0.150874, -0.900551),
      ["LeftUpperLeg"] = CFrame.new(0.017970, -0.023501, -0.106108, 0.974554, 0.100433, 0.200393, -0.036790, 0.953549, -0.298981, -0.221112, 0.284001, 0.932981),
      ["LowerTorso"] = CFrame.new(0.000005, 0.024340, 0.102297, 1.000000, -0.000000, 0.000000, 0.000000, 0.940745, 0.339114, -0.000000, -0.339114, 0.940745),
      ["RightUpperArm"] = CFrame.new(-0.242036, -0.304273, -0.070896, 0.939524, -0.331826, -0.084777, 0.342483, 0.909716, 0.234780, -0.000783, -0.249616, 0.968345),
      ["RightUpperLeg"] = CFrame.new(-0.017966, -0.023495, -0.106107, 0.974554, -0.100433, -0.200393, 0.036790, 0.953549, -0.298981, 0.221112, 0.284001, 0.932981),
      ["рҹҢ§пёҸрҹҳірҹ‘»рҹҸіпёҸвҖҚрҹҢҲрҹҳӮрҹ’һрҹҸҙвҖҚвҳ пёҸрҹҺёрҹҢ§пёҸрҹҳірҹ‘»рҹҸіпёҸвҖҚрҹҢҲрҹҳӮрҹ’һрҹҸҙвҖҚвҳ"] = CFrame.new(0.009922, -0.034810, 0.004912, 0.996476, -0.078904, -0.028443, 0.078047, 0.996497, -0.030052, 0.030715, 0.027726, 0.999144)
    }},
    { Time = 0.467, Data = {
      ["Head"] = CFrame.new(0.018182, -0.011560, 0.061213, 0.819287, 0.173744, 0.546427, 0.099553, 0.895409, -0.433973, -0.564675, 0.409947, 0.716300),
      ["LeftUpperArm"] = CFrame.new(-0.022711, -1.329533, -0.191623, 0.846537, -0.307012, 0.434878, -0.342206, -0.939621, 0.002793, 0.407763, -0.151183, -0.900485),
      ["LeftUpperLeg"] = CFrame.new(0.017967, -0.023380, -0.105747, 0.974548, 0.100447, 0.200415, -0.036952, 0.953748, -0.298327, -0.221111, 0.283329, 0.933185),
      ["LowerTorso"] = CFrame.new(0.000005, 0.024132, 0.101719, 1.000000, -0.000000, 0.000000, 0.000000, 0.940953, 0.338537, -0.000000, -0.338537, 0.940953),
      ["RightUpperArm"] = CFrame.new(-0.242073, -0.304245, -0.070922, 0.939460, -0.331970, -0.084911, 0.342657, 0.909614, 0.234923, -0.000751, -0.249796, 0.968298),
      ["RightUpperLeg"] = CFrame.new(-0.017963, -0.023374, -0.105745, 0.974548, -0.100447, -0.200415, 0.036952, 0.953748, -0.298327, 0.221111, 0.283329, 0.933185),
      ["рҹҢ§пёҸрҹҳірҹ‘»рҹҸіпёҸвҖҚрҹҢҲрҹҳӮрҹ’һрҹҸҙвҖҚвҳ пёҸрҹҺёрҹҢ§пёҸрҹҳірҹ‘»рҹҸіпёҸвҖҚрҹҢҲрҹҳӮрҹ’һрҹҸҙвҖҚвҳ"] = CFrame.new(0.009922, -0.034810, 0.004912, 0.996503, -0.077977, -0.030013, 0.077078, 0.996573, -0.030012, 0.032250, 0.027594, 0.999099)
    }},
    { Time = 0.483, Data = {
      ["Head"] = CFrame.new(0.018182, -0.011560, 0.061213, 0.819987, 0.174163, 0.545242, 0.098842, 0.895188, -0.434591, -0.563784, 0.410252, 0.716827),
      ["LeftUpperArm"] = CFrame.new(-0.022741, -1.329914, -0.191780, 0.846586, -0.306667, 0.435025, -0.342057, -0.939674, 0.003250, 0.407785, -0.151555, -0.900413),
      ["LeftUpperLeg"] = CFrame.new(0.017967, -0.023283, -0.105526, 0.974548, 0.100403, 0.200437, -0.037001, 0.953876, -0.297913, -0.221103, 0.282914, 0.933313),
      ["LowerTorso"] = CFrame.new(0.000005, 0.024013, 0.101390, 1.000000, -0.000000, 0.000000, 0.000000, 0.941072, 0.338207, -0.000000, -0.338207, 0.941072),
      ["RightUpperArm"] = CFrame.new(-0.242116, -0.304234, -0.070932, 0.939401, -0.332130, -0.084946, 0.342820, 0.909533, 0.234999, -0.000789, -0.249879, 0.968277),
      ["RightUpperLeg"] = CFrame.new(-0.017963, -0.023277, -0.105524, 0.974548, -0.100403, -0.200437, 0.037001, 0.953876, -0.297913, 0.221103, 0.282914, 0.933313),
      ["рҹҢ§пёҸрҹҳірҹ‘»рҹҸіпёҸвҖҚрҹҢҲрҹҳӮрҹ’һрҹҸҙвҖҚвҳ пёҸрҹҺёрҹҢ§пёҸрҹҳірҹ‘»рҹҸіпёҸвҖҚрҹҢҲрҹҳӮрҹ’һрҹҸҙвҖҚвҳ"] = CFrame.new(0.009922, -0.034810, 0.004912, 0.996529, -0.077132, -0.031323, 0.076199, 0.996642, -0.029963, 0.033528, 0.027472, 0.999060)
    }},
    { Time = 0.500, Data = {
      ["Head"] = CFrame.new(0.018182, -0.011560, 0.061213, 0.820589, 0.174460, 0.544241, 0.098330, 0.894973, -0.435149, -0.562997, 0.410593, 0.717250),
      ["LeftUpperArm"] = CFrame.new(-0.022800, -1.330399, -0.191975, 0.846636, -0.306302, 0.435186, -0.341926, -0.939719, 0.003790, 0.407792, -0.152010, -0.900333),
      ["LeftUpperLeg"] = CFrame.new(0.017967, -0.023252, -0.105452, 0.974548, 0.100385, 0.200446, -0.037020, 0.953927, -0.297747, -0.221100, 0.282748, 0.933364),
      ["LowerTorso"] = CFrame.new(0.000005, 0.023984, 0.101307, 1.000000, -0.000000, 0.000000, 0.000000, 0.941101, 0.338125, -0.000000, -0.338125, 0.941101),
      ["RightUpperArm"] = CFrame.new(-0.242115, -0.304229, -0.070949, 0.939401, -0.332126, -0.084961, 0.342820, 0.909511, 0.235082, -0.000804, -0.249962, 0.968255),
      ["RightUpperLeg"] = CFrame.new(-0.017963, -0.023246, -0.105451, 0.974548, -0.100385, -0.200446, 0.037020, 0.953927, -0.297747, 0.221100, 0.282748, 0.933364),
      ["рҹҢ§пёҸрҹҳірҹ‘»рҹҸіпёҸвҖҚрҹҢҲрҹҳӮрҹ’һрҹҸҙвҖҚвҳ пёҸрҹҺёрҹҢ§пёҸрҹҳірҹ‘»рҹҸіпёҸвҖҚрҹҢҲрҹҳӮрҹ’һрҹҸҙвҖҚвҳ"] = CFrame.new(0.009922, -0.034810, 0.004912, 0.996551, -0.076371, -0.032458, 0.075409, 0.996704, -0.029907, 0.034635, 0.027356, 0.999026)
    }},
    { Time = 0.517, Data = {
      ["Head"] = CFrame.new(0.018182, -0.011560, 0.061213, 0.821090, 0.174664, 0.543419, 0.097886, 0.894841, -0.435521, -0.562343, 0.410795, 0.717647),
      ["LeftUpperArm"] = CFrame.new(-0.022862, -1.330994, -0.192226, 0.846715, -0.305817, 0.435374, -0.341752, -0.939780, 0.004515, 0.407775, -0.152612, -0.900238),
      ["LeftUpperLeg"] = CFrame.new(0.017967, -0.023283, -0.105526, 0.974548, 0.100403, 0.200437, -0.037001, 0.953876, -0.297913, -0.221103, 0.282914, 0.933313),
      ["LowerTorso"] = CFrame.new(0.000005, 0.024013, 0.101390, 1.000000, -0.000000, 0.000000, 0.000000, 0.941072, 0.338207, -0.000000, -0.338207, 0.941072),
      ["RightUpperArm"] = CFrame.new(-0.242116, -0.304234, -0.070932, 0.939401, -0.332130, -0.084946, 0.342820, 0.909533, 0.234999, -0.000789, -0.249879, 0.968277),
      ["RightUpperLeg"] = CFrame.new(-0.017963, -0.023277, -0.105524, 0.974548, -0.100403, -0.200437, 0.037001, 0.953876, -0.297913, 0.221103, 0.282914, 0.933313),
