return {
  ["Astros Lay jerk 3"] = {
    { Time = 0.000, Data = {
      ["Cock"] = CFrame.new(-0.000099, 0.000062, -0.000011, 0.573843, 0.818924, 0.008247, -0.817394, 0.573337, -0.056132, -0.050696, 0.025470, 0.998389),
      ["Head"] = CFrame.new(0.000000, 0.000000, 0.000000, 1.000000, -0.000000, 0.000000, 0.000000, 0.936235, 0.351375, -0.000000, -0.351375, 0.936235),
      ["LeftUpperArm"] = CFrame.new(0.134008, -0.197509, -0.115477, 0.619814, -0.710427, 0.333353, 0.103335, -0.347203, -0.932079, 0.777915, 0.612163, -0.141790),
      ["LeftUpperLeg"] = CFrame.new(-0.030531, -0.412279, -0.070456, 0.938936, 0.325569, -0.111375, -0.168028, 0.151360, -0.974093, -0.300276, 0.933325, 0.196822),
      ["LowerTorso"] = CFrame.new(0.000000, -1.398075, 0.072961, 1.000000, 0.000000, 0.000000, 0.000000, 0.974756, -0.223274, 0.000000, 0.223274, 0.974756),
      ["RightUpperArm"] = CFrame.new(0.000000, -0.591949, 0.116669, 1.000000, -0.000000, 0.000000, 0.000000, 0.958686, 0.284468, -0.000000, -0.284468, 0.958686),
      ["RightUpperLeg"] = CFrame.new(0.133829, -0.395241, -0.122497, 0.989688, -0.135510, 0.046418, 0.069998, 0.174805, -0.982112, 0.124971, 0.975233, 0.182488)
    }},
    { Time = 0.017, Data = {
      ["Head"] = CFrame.new(0.000000, 0.000000, -0.000000, 1.000000, -0.000000, 0.000000, 0.000000, 0.936173, 0.351539, -0.000000, -0.351539, 0.936173),
      ["LeftUpperArm"] = CFrame.new(0.134345, -0.197825, -0.115509, 0.619766, -0.710839, 0.332562, 0.103399, -0.346104, -0.932481, 0.777945, 0.612306, -0.141003),
      ["LeftUpperLeg"] = CFrame.new(-0.030536, -0.411356, -0.070141, 0.938925, 0.325679, -0.111143, -0.168127, 0.152339, -0.973923, -0.300255, 0.933127, 0.197791),
      ["LowerTorso"] = CFrame.new(0.000000, -1.397939, 0.072368, 1.000000, 0.000000, 0.000000, 0.000000, 0.974620, -0.223866, 0.000000, 0.223866, 0.974620),
      ["RightUpperArm"] = CFrame.new(0.000000, -0.591994, 0.116515, 1.000000, -0.000000, 0.000000, 0.000000, 0.958512, 0.285053, -0.000000, -0.285053, 0.958512),
      ["RightUpperLeg"] = CFrame.new(0.133825, -0.394361, -0.122148, 0.989695, -0.135522, 0.046228, 0.069940, 0.175809, -0.981937, 0.124947, 0.975051, 0.183476)
    }},
    { Time = 0.033, Data = {
      ["Head"] = CFrame.new(0.000000, 0.000000, 0.000000, 1.000000, -0.000000, 0.000000, 0.000000, 0.935895, 0.352279, -0.000000, -0.352279, 0.935895),
      ["LeftUpperArm"] = CFrame.new(0.135403, -0.198846, -0.115592, 0.619787, -0.711884, 0.330281, 0.103402, -0.343115, -0.933585, 0.777928, 0.612776, -0.139049),
      ["LeftUpperLeg"] = CFrame.new(-0.030540, -0.408437, -0.069253, 0.938917, 0.326031, -0.110178, -0.168097, 0.155114, -0.973490, -0.300298, 0.932547, 0.200444),
      ["LowerTorso"] = CFrame.new(0.000000, -1.397509, 0.070505, 1.000000, 0.000000, 0.000000, 0.000000, 0.974190, -0.225729, 0.000000, 0.225729, 0.974190),
      ["RightUpperArm"] = CFrame.new(0.000000, -0.592152, 0.115987, 1.000000, -0.000000, 0.000000, 0.000000, 0.957913, 0.287059, -0.000000, -0.287059, 0.957913),
      ["RightUpperLeg"] = CFrame.new(0.133818, -0.391783, -0.121099, 0.989709, -0.135568, 0.045787, 0.069881, 0.178695, -0.981420, 0.124867, 0.974520, 0.186330)
    }},
    { Time = 0.050, Data = {
      ["Head"] = CFrame.new(0.000000, 0.000000, -0.000000, 1.000000, -0.000000, 0.000000, 0.000000, 0.935493, 0.353346, -0.000000, -0.353346, 0.935493),
      ["LeftUpperArm"] = CFrame.new(0.137128, -0.200482, -0.115735, 0.619802, -0.713703, 0.326302, 0.103324, -0.337964, -0.935470, 0.777926, 0.613522, -0.135728),
      ["LeftUpperLeg"] = CFrame.new(-0.030533, -0.403618, -0.067734, 0.938931, 0.326521, -0.108592, -0.168067, 0.159782, -0.972740, -0.300269, 0.931587, 0.204902),
      ["LowerTorso"] = CFrame.new(0.000000, -1.396818, 0.067544, 1.000000, 0.000000, 0.000000, 0.000000, 0.973499, -0.228690, 0.000000, 0.228690, 0.973499),
      ["RightUpperArm"] = CFrame.new(0.000000, -0.592410, 0.115130, 1.000000, -0.000000, 0.000000, 0.000000, 0.956930, 0.290317, -0.000000, -0.290317, 0.956930),
      ["RightUpperLeg"] = CFrame.new(0.133805, -0.387560, -0.119331, 0.989735, -0.135588, 0.045169, 0.069868, 0.183345, -0.980563, 0.124671, 0.973653, 0.190936)
    }},
    { Time = 0.067, Data = {
      ["Head"] = CFrame.new(0.000000, 0.000000, -0.000000, 1.000000, -0.000000, 0.000000, 0.000000, 0.934871, 0.354987, -0.000000, -0.354987, 0.934871),
      ["LeftUpperArm"] = CFrame.new(0.139532, -0.202746, -0.115937, 0.619781, -0.716161, 0.320911, 0.103410, -0.330828, -0.938008, 0.777932, 0.614545, -0.130983),
      ["LeftUpperLeg"] = CFrame.new(-0.030533, -0.396952, -0.065660, 0.938930, 0.327255, -0.106373, -0.168043, 0.166299, -0.971651, -0.300288, 0.930187, 0.211136),
      ["LowerTorso"] = CFrame.new(0.000000, -1.395815, 0.063315, 1.000000, 0.000000, 0.000000, 0.000000, 0.972496, -0.232919, 0.000000, 0.232919, 0.972496),
      ["RightUpperArm"] = CFrame.new(0.000000, -0.592773, 0.113945, 1.000000, -0.000000, 0.000000, 0.000000, 0.955551, 0.294824, -0.000000, -0.294824, 0.955551),
      ["RightUpperLeg"] = CFrame.new(0.133786, -0.381654, -0.116901, 0.989775, -0.135624, 0.044181, 0.069730, 0.189863, -0.979331, 0.124432, 0.972398, 0.197378)
    }},
    { Time = 0.083, Data = {
      ["Head"] = CFrame.new(0.000000, 0.000000, 0.000000, 1.000000, -0.000000, 0.000000, 0.000000, 0.934121, 0.356956, -0.000000, -0.356956, 0.934121),
      ["LeftUpperArm"] = CFrame.new(0.142589, -0.205616, -0.116216, 0.619774, -0.719237, 0.313973, 0.103350, -0.321790, -0.941154, 0.777946, 0.615751, -0.125104),
      ["LeftUpperLeg"] = CFrame.new(-0.030532, -0.388553, -0.063001, 0.938932, 0.328108, -0.103690, -0.168099, 0.174430, -0.970215, -0.300248, 0.928396, 0.218932),
      ["LowerTorso"] = CFrame.new(0.000000, -1.394525, 0.057993, 1.000000, 0.000000, 0.000000, 0.000000, 0.971206, -0.238241, 0.000000, 0.238241, 0.971206),
      ["RightUpperArm"] = CFrame.new(0.000000, -0.593245, 0.112433, 1.000000, -0.000000, 0.000000, 0.000000, 0.953758, 0.300576, -0.000000, -0.300576, 0.953758),
      ["RightUpperLeg"] = CFrame.new(0.133763, -0.374189, -0.113831, 0.989821, -0.135683, 0.042943, 0.069588, 0.198215, -0.977685, 0.124144, 0.970722, 0.205639)
    }},
    { Time = 0.100, Data = {
      ["Cock"] = CFrame.new(-0.000085, 0.000069, -0.000041, 0.576468, 0.817077, 0.008377, -0.815551, 0.575965, -0.056042, -0.050615, 0.025475, 0.998393),
      ["Head"] = CFrame.new(0.000000, 0.000000, 0.000000, 1.000000, -0.000000, 0.000000, 0.000000, 0.933178, 0.359415, -0.000000, -0.359415, 0.933178),
      ["LeftUpperArm"] = CFrame.new(0.146298, -0.209051, -0.116551, 0.619814, -0.722768, 0.305676, 0.103381, -0.310922, -0.944796, 0.777910, 0.617199, -0.117993),
      ["LeftUpperLeg"] = CFrame.new(-0.030526, -0.378432, -0.059822, 0.938944, 0.329115, -0.100339, -0.168080, 0.184282, -0.968395, -0.300223, 0.926134, 0.228348),
      ["LowerTorso"] = CFrame.new(0.000000, -1.392951, 0.051663, 1.000000, 0.000000, 0.000000, 0.000000, 0.969631, -0.244571, 0.000000, 0.244571, 0.969631),
      ["RightUpperArm"] = CFrame.new(0.000000, -0.593817, 0.110637, 1.000000, -0.000000, 0.000000, 0.000000, 0.951580, 0.307401, -0.000000, -0.307401, 0.951580),
      ["RightUpperLeg"] = CFrame.new(0.133734, -0.365259, -0.110123, 0.989878, -0.135700, 0.041548, 0.069472, 0.208049, -0.975648, 0.123751, 0.968660, 0.215370)
    }},
    { Time = 0.117, Data = {
      ["Head"] = CFrame.new(0.000000, -0.000000, 0.000000, 1.000000, -0.000000, 0.000000, 0.000000, 0.932037, 0.362363, -0.000000, -0.362363, 0.932037),
      ["LeftUpperArm"] = CFrame.new(0.150592, -0.212978, -0.116978, 0.619814, -0.726814, 0.295926, 0.103358, -0.298203, -0.948890, 0.777912, 0.618722, -0.109708),
      ["LeftUpperLeg"] = CFrame.new(-0.030539, -0.366774, -0.056189, 0.938918, 0.330325, -0.096529, -0.168131, 0.195557, -0.966173, -0.300274, 0.923387, 0.239150),
      ["LowerTorso"] = CFrame.new(0.000000, -1.391050, 0.044246, 1.000000, 0.000000, 0.000000, 0.000000, 0.967730, -0.251988, 0.000000, 0.251988, 0.967730),
      ["RightUpperArm"] = CFrame.new(0.000000, -0.594497, 0.108562, 1.000000, -0.000000, 0.000000, 0.000000, 0.948995, 0.315292, -0.000000, -0.315292, 0.948995),
      ["RightUpperLeg"] = CFrame.new(0.133705, -0.354913, -0.105884, 0.989937, -0.135779, 0.039856, 0.069279, 0.219442, -0.973163, 0.123388, 0.966131, 0.226641)
    }},
    { Time = 0.133, Data = {
      ["Head"] = CFrame.new(0.000000, 0.000000, 0.000000, 1.000000, -0.000000, 0.000000, 0.000000, 0.930758, 0.365636, -0.000000, -0.365636, 0.930758),
      ["LeftUpperArm"] = CFrame.new(0.155470, -0.217410, -0.117494, 0.619810, -0.731154, 0.285041, 0.103379, -0.283986, -0.953239, 0.777913, 0.620294, -0.100432),
      ["LeftUpperLeg"] = CFrame.new(-0.030529, -0.353605, -0.052074, 0.938937, 0.331528, -0.092118, -0.168045, 0.208199, -0.963542, -0.300263, 0.920186, 0.251198),
      ["LowerTorso"] = CFrame.new(0.000000, -1.388887, 0.036084, 1.000000, 0.000000, 0.000000, 0.000000, 0.965568, -0.260150, 0.000000, 0.260150, 0.965568),
      ["RightUpperArm"] = CFrame.new(0.000000, -0.595277, 0.106251, 1.000000, -0.000000, 0.000000, 0.000000, 0.946030, 0.324079, -0.000000, -0.324079, 0.946030),
      ["RightUpperLeg"] = CFrame.new(0.133671, -0.343310, -0.101094, 0.990006, -0.135803, 0.038010, 0.069109, 0.232255, -0.970197, 0.122928, 0.963128, 0.239319)
    }},
    { Time = 0.150, Data = {
      ["Head"] = CFrame.new(0.000000, -0.000000, 0.000000, 1.000000, -0.000000, 0.000000, 0.000000, 0.929305, 0.369313, -0.000000, -0.369313, 0.929305),
      ["LeftUpperArm"] = CFrame.new(0.160874, -0.222236, -0.118103, 0.619815, -0.735771, 0.272894, 0.103343, -0.268190, -0.957807, 0.777914, 0.621865, -0.090191),
      ["LeftUpperLeg"] = CFrame.new(-0.030534, -0.339187, -0.047565, 0.938927, 0.332849, -0.087334, -0.168066, 0.222092, -0.960432, -0.300283, 0.916453, 0.264469),
      ["LowerTorso"] = CFrame.new(0.000000, -1.386397, 0.027012, 1.000000, 0.000000, 0.000000, 0.000000, 0.963078, -0.269222, 0.000000, 0.269222, 0.963078),
      ["RightUpperArm"] = CFrame.new(0.000000, -0.596163, 0.103707, 1.000000, -0.000000, 0.000000, 0.000000, 0.942661, 0.333752, -0.000000, -0.333752, 0.942661),
      ["RightUpperLeg"] = CFrame.new(0.133631, -0.330570, -0.095809, 0.990086, -0.135764, 0.036028, 0.068944, 0.246238, -0.966754, 0.122379, 0.959654, 0.253157)
    }},
    { Time = 0.167, Data = {
      ["Head"] = CFrame.new(0.000000, 0.000000, -0.000000, 1.000000, -0.000000, 0.000000, 0.000000, 0.927640, 0.373476, -0.000000, -0.373476, 0.927640),
      ["LeftUpperArm"] = CFrame.new(0.166760, -0.227443, -0.118822, 0.619763, -0.740540, 0.259797, 0.103352, -0.251141, -0.962417, 0.777954, 0.623321, -0.079112),
      ["LeftUpperLeg"] = CFrame.new(-0.030540, -0.323632, -0.042701, 0.938914, 0.334200, -0.082159, -0.168094, 0.237019, -0.956852, -0.300307, 0.912213, 0.278717),
      ["LowerTorso"] = CFrame.new(0.000000, -1.383626, 0.017289, 1.000000, 0.000000, 0.000000, 0.000000, 0.960307, -0.278945, 0.000000, 0.278945, 0.960307),
      ["RightUpperArm"] = CFrame.new(0.000000, -0.597148, 0.100975, 1.000000, -0.000000, 0.000000, 0.000000, 0.938919, 0.344139, -0.000000, -0.344139, 0.938919),
      ["RightUpperLeg"] = CFrame.new(0.133586, -0.316742, -0.090127, 0.990177, -0.135692, 0.033724, 0.068609, 0.261367, -0.962798, 0.121830, 0.955654, 0.268109)
    }},
    { Time = 0.183, Data = {
      ["Head"] = CFrame.new(0.000000, 0.000000, 0.000000, 1.000000, -0.000000, 0.000000, 0.000000, 0.925822, 0.377959, -0.000000, -0.377959, 0.925822),
      ["LeftUpperArm"] = CFrame.new(0.173095, -0.232926, -0.119616, 0.619810, -0.745296, 0.245701, 0.103353, -0.232841, -0.967007, 0.777916, 0.624755, -0.067289),
      ["LeftUpperLeg"] = CFrame.new(-0.030528, -0.307086, -0.037489, 0.938937, 0.335443, -0.076648, -0.168084, 0.252769, -0.952815, -0.300241, 0.907516, 0.293717),
      ["LowerTorso"] = CFrame.new(0.000000, -1.380578, 0.007002, 1.000000, 0.000000, 0.000000, 0.000000, 0.957259, -0.289232, 0.000000, 0.289232, 0.957259),
      ["RightUpperArm"] = CFrame.new(0.000000, -0.598228, 0.098079, 1.000000, -0.000000, 0.000000, 0.000000, 0.934809, 0.355151, -0.000000, -0.355151, 0.934809),
      ["RightUpperLeg"] = CFrame.new(0.133542, -0.302086, -0.084099, 0.990266, -0.135606, 0.031364, 0.068322, 0.277272, -0.958359, 0.121263, 0.951174, 0.283838)
    }},
    { Time = 0.200, Data = {
      ["Head"] = CFrame.new(0.000000, 0.000000, 0.000000, 1.000000, -0.000000, 0.000000, 0.000000, 0.923848, 0.382760, -0.000000, -0.382760, 0.923848),
      ["LeftUpperArm"] = CFrame.new(0.179805, -0.238679, -0.120527, 0.619794, -0.750009, 0.230960, 0.103398, -0.213694, -0.971413, 0.777923, 0.625957, -0.054897),
      ["LeftUpperLeg"] = CFrame.new(-0.030533, -0.289768, -0.032070, 0.938927, 0.336747, -0.070838, -0.168113, 0.269256, -0.948282, -0.300258, 0.902276, 0.309423),
      ["LowerTorso"] = CFrame.new(0.000000, -1.377260, -0.003759, 1.000000, 0.000000, 0.000000, 0.000000, 0.953941, -0.299993, 0.000000, 0.299993, 0.953941),
      ["RightUpperArm"] = CFrame.new(0.000000, -0.599395, 0.095064, 1.000000, -0.000000, 0.000000, 0.000000, 0.930372, 0.366617, -0.000000, -0.366617, 0.930372),
      ["RightUpperLeg"] = CFrame.new(0.133498, -0.286756, -0.077789, 0.990354, -0.135501, 0.028956, 0.068077, 0.293819, -0.953434, 0.120683, 0.946208, 0.300210)
    }},
    { Time = 0.217, Data = {
      ["Head"] = CFrame.new(0.000000, -0.000000, -0.000000, 1.000000, -0.000000, 0.000000, 0.000000, 0.921642, 0.388040, -0.000000, -0.388040, 0.921642),
      ["LeftUpperArm"] = CFrame.new(0.186833, -0.244603, -0.121531, 0.619832, -0.754558, 0.215524, 0.103327, -0.193779, -0.975589, 0.777902, 0.626970, -0.042144),
      ["LeftUpperLeg"] = CFrame.new(-0.030535, -0.271839, -0.026461, 0.938922, 0.337974, -0.064802, -0.168117, 0.286177, -0.943313, -0.300270, 0.896592, 0.325517),
      ["LowerTorso"] = CFrame.new(0.000000, -1.373710, -0.014824, 1.000000, 0.000000, 0.000000, 0.000000, 0.950391, -0.311058, 0.000000, 0.311058, 0.950391),
      ["RightUpperArm"] = CFrame.new(0.000000, -0.600635, 0.091974, 1.000000, -0.000000, 0.000000, 0.000000, 0.925656, 0.378366, -0.000000, -0.378366, 0.925656),
      ["RightUpperLeg"] = CFrame.new(0.133447, -0.270823, -0.071253, 0.990457, -0.135284, 0.026338, 0.067675, 0.310902, -0.948030, 0.120065, 0.940765, 0.317090)
    }},
    { Time = 0.233, Data = {
      ["Head"] = CFrame.new(0.000000, 0.000000, 0.000000, 1.000000, -0.000000, 0.000000, 0.000000, 0.919301, 0.393554, -0.000000, -0.393554, 0.919301),
      ["LeftUpperArm"] = CFrame.new(0.194094, -0.250620, -0.122634, 0.619810, -0.758922, 0.199680, 0.103388, -0.173262, -0.979434, 0.777911, 0.627708, -0.028926),
      ["LeftUpperLeg"] = CFrame.new(-0.030535, -0.253485, -0.020729, 0.938922, 0.339112, -0.058560, -0.168081, 0.303412, -0.937918, -0.300291, 0.890474, 0.341879),
      ["LowerTorso"] = CFrame.new(0.000000, -1.369943, -0.026105, 1.000000, 0.000000, 0.000000, 0.000000, 0.946624, -0.322339, 0.000000, 0.322339, 0.946624),
      ["RightUpperArm"] = CFrame.new(0.000000, -0.601952, 0.088811, 1.000000, -0.000000, 0.000000, 0.000000, 0.920648, 0.390393, -0.000000, -0.390393, 0.920648),
      ["RightUpperLeg"] = CFrame.new(0.133400, -0.254603, -0.064566, 0.990552, -0.135057, 0.023818, 0.067412, 0.328263, -0.942178, 0.119429, 0.934881, 0.334266)
    }},
    { Time = 0.250, Data = {
      ["Head"] = CFrame.new(0.000000, -0.000000, 0.000000, 1.000000, -0.000000, 0.000000, 0.000000, 0.916785, 0.399381, -0.000000, -0.399381, 0.916785),
      ["LeftUpperArm"] = CFrame.new(0.201522, -0.256685, -0.123829, 0.619787, -0.763008, 0.183526, 0.103377, -0.152442, -0.982891, 0.777931, 0.628156, -0.015604),
      ["LeftUpperLeg"] = CFrame.new(-0.030540, -0.234950, -0.014939, 0.938911, 0.340168, -0.052268, -0.168089, 0.320721, -0.932140, -0.300321, 0.883982, 0.358307),
      ["LowerTorso"] = CFrame.new(0.000000, -1.366009, -0.037435, 1.000000, 0.000000, 0.000000, 0.000000, 0.942690, -0.333669, 0.000000, 0.333669, 0.942690),
      ["RightUpperArm"] = CFrame.new(0.000000, -0.603322, 0.085639, 1.000000, -0.000000, 0.000000, 0.000000, 0.915442, 0.402451, -0.000000, -0.402451, 0.915442),
      ["RightUpperLeg"] = CFrame.new(0.133351, -0.238149, -0.057824, 0.990650, -0.134775, 0.021172, 0.067036, 0.345707, -0.935945, 0.118823, 0.928613, 0.351509)
    }},
    { Time = 0.267, Data = {
      ["Head"] = CFrame.new(0.000000, -0.000000, 0.000000, 1.000000, -0.000000, 0.000000, 0.000000, 0.914051, 0.405598, -0.000000, -0.405598, 0.914051),
      ["LeftUpperArm"] = CFrame.new(0.209048, -0.262746, -0.125095, 0.619783, -0.766726, 0.167331, 0.103359, -0.131613, -0.985898, 0.777937, 0.628338, -0.002324),
      ["LeftUpperLeg"] = CFrame.new(-0.030530, -0.216411, -0.009103, 0.938930, 0.341022, -0.045985, -0.168090, 0.337927, -0.926040, -0.300260, 0.877217, 0.374612),
      ["LowerTorso"] = CFrame.new(0.000000, -1.361936, -0.048728, 1.000000, 0.000000, 0.000000, 0.000000, 0.938617, -0.344962, 0.000000, 0.344962, 0.938617),
      ["RightUpperArm"] = CFrame.new(0.000000, -0.604735, 0.082482, 1.000000, -0.000000, 0.000000, 0.000000, 0.910070, 0.414456, -0.000000, -0.414456, 0.910070),
      ["RightUpperLeg"] = CFrame.new(0.133304, -0.221692, -0.051092, 0.990746, -0.134456, 0.018535, 0.066653, 0.363018, -0.929395, 0.118234, 0.922030, 0.368620)
    }},
    { Time = 0.283, Data = {
      ["Head"] = CFrame.new(0.000000, 0.000000, 0.000000, 1.000000, -0.000000, 0.000000, 0.000000, 0.911201, 0.411962, -0.000000, -0.411962, 0.911201),
      ["LeftUpperArm"] = CFrame.new(0.216581, -0.268721, -0.126415, 0.619782, -0.770060, 0.151257, 0.103393, -0.110936, -0.988435, 0.777933, 0.628253, 0.010863),
      ["LeftUpperLeg"] = CFrame.new(-0.030526, -0.198073, -0.003348, 0.938939, 0.341785, -0.039712, -0.168087, 0.354906, -0.919668, -0.300234, 0.870187, 0.390684),
      ["LowerTorso"] = CFrame.new(0.000000, -1.357753, -0.059902, 1.000000, 0.000000, 0.000000, 0.000000, 0.934434, -0.356136, 0.000000, 0.356136, 0.934434),
      ["RightUpperArm"] = CFrame.new(0.000000, -0.606171, 0.079381, 1.000000, -0.000000, 0.000000, 0.000000, 0.904608, 0.426246, -0.000000, -0.426246, 0.904608),
      ["RightUpperLeg"] = CFrame.new(0.133255, -0.205431, -0.044404, 0.990846, -0.134051, 0.015984, 0.066306, 0.380097, -0.922567, 0.117595, 0.915181, 0.385505)
    }},
    { Time = 0.300, Data = {
      ["Head"] = CFrame.new(0.000000, 0.000000, 0.000000, 1.000000, -0.000000, 0.000000, 0.000000, 0.908119, 0.418713, -0.000000, -0.418713, 0.908119),
      ["LeftUpperArm"] = CFrame.new(0.224032, -0.274545, -0.127778, 0.619787, -0.772998, 0.135419, 0.103372, -0.090640, -0.990504, 0.777933, 0.627900, 0.023729),
      ["LeftUpperLeg"] = CFrame.new(-0.030539, -0.180140, 0.002223, 0.938911, 0.342520, -0.033568, -0.168085, 0.371258, -0.913189, -0.300323, 0.863046, 0.406150),
      ["LowerTorso"] = CFrame.new(0.000000, -1.353562, -0.070710, 1.000000, 0.000000, 0.000000, 0.000000, 0.930243, -0.366944, 0.000000, 0.366944, 0.930243),
      ["RightUpperArm"] = CFrame.new(0.000000, -0.607620, 0.076358, 1.000000, -0.000000, 0.000000, 0.000000, 0.899101, 0.437742, -0.000000, -0.437742, 0.899101),
      ["RightUpperLeg"] = CFrame.new(0.133209, -0.189482, -0.037909, 0.990937, -0.133654, 0.013406, 0.065874, 0.396566, -0.915640, 0.117062, 0.908225, 0.401777)
    }},
    { Time = 0.317, Data = {
      ["Head"] = CFrame.new(0.000000, 0.000000, 0.000000, 1.000000, -0.000000, 0.000000, 0.000000, 0.904909, 0.425605, -0.000000, -0.425605, 0.904909),
      ["LeftUpperArm"] = CFrame.new(0.231326, -0.280182, -0.129150, 0.619831, -0.775490, 0.120106, 0.103345, -0.071053, -0.992105, 0.777901, 0.627349, 0.036102),
      ["LeftUpperLeg"] = CFrame.new(-0.030531, -0.162789, 0.007665, 0.938928, 0.343006, -0.027598, -0.168045, 0.387052, -0.906615, -0.300293, 0.855884, 0.421054),
      ["LowerTorso"] = CFrame.new(0.000000, -1.349374, -0.081154, 1.000000, 0.000000, 0.000000, 0.000000, 0.926055, -0.377388, 0.000000, 0.377388, 0.926055),
      ["RightUpperArm"] = CFrame.new(0.000000, -0.609056, 0.073453, 1.000000, -0.000000, 0.000000, 0.000000, 0.893639, 0.448787, -0.000000, -0.448787, 0.893639),
      ["RightUpperLeg"] = CFrame.new(0.133159, -0.174090, -0.031567, 0.991038, -0.133125, 0.011015, 0.065502, 0.412442, -0.908626, 0.116418, 0.901204, 0.417466)
    }},
    { Time = 0.333, Data = {
      ["Head"] = CFrame.new(0.000000, 0.000000, -0.000000, 1.000000, -0.000000, 0.000000, 0.000000, 0.901491, 0.432799, -0.000000, -0.432799, 0.901491),
      ["LeftUpperArm"] = CFrame.new(0.238345, -0.285522, -0.130536, 0.619804, -0.777644, 0.105417, 0.103433, -0.052207, -0.993265, 0.777910, 0.626534, 0.048076),
      ["LeftUpperLeg"] = CFrame.new(-0.030525, -0.146253, 0.012864, 0.938937, 0.343387, -0.021954, -0.168056, 0.401978, -0.900095, -0.300256, 0.848822, 0.435140),
      ["LowerTorso"] = CFrame.new(0.000000, -1.345268, -0.091076, 1.000000, 0.000000, 0.000000, 0.000000, 0.921950, -0.387310, 0.000000, 0.387310, 0.921950),
      ["RightUpperArm"] = CFrame.new(0.000000, -0.610455, 0.070707, 1.000000, -0.000000, 0.000000, 0.000000, 0.888318, 0.459228, -0.000000, -0.459228, 0.888318),
      ["RightUpperLeg"] = CFrame.new(0.133118, -0.159378, -0.025581, 0.991121, -0.132681, 0.008662, 0.065103, 0.427453, -0.901691, 0.115934, 0.894248, 0.432296)
    }},
    { Time = 0.350, Data = {
      ["Head"] = CFrame.new(0.000000, -0.000000, 0.000000, 1.000000, -0.000000, 0.000000, 0.000000, 0.897934, 0.440130, -0.000000, -0.440130, 0.897934),
      ["LeftUpperArm"] = CFrame.new(0.245017, -0.290560, -0.131897, 0.619776, -0.779424, 0.091516, 0.103374, -0.034516, -0.994044, 0.777940, 0.625545, 0.059180),
      ["LeftUpperLeg"] = CFrame.new(-0.030530, -0.130684, 0.017724, 0.938927, 0.343716, -0.016579, -0.168057, 0.415972, -0.893714, -0.300287, 0.841919, 0.448331),
      ["LowerTorso"] = CFrame.new(0.000000, -1.341297, -0.100397, 1.000000, 0.000000, 0.000000, 0.000000, 0.917978, -0.396631, 0.000000, 0.396631, 0.917978),
      ["RightUpperArm"] = CFrame.new(0.000000, -0.611801, 0.068139, 1.000000, -0.000000, 0.000000, 0.000000, 0.883202, 0.468992, -0.000000, -0.468992, 0.883202),
      ["RightUpperLeg"] = CFrame.new(0.133080, -0.145546, -0.019942, 0.991198, -0.132230, 0.006502, 0.064761, 0.441444, -0.894949, 0.115469, 0.887492, 0.446122)
    }},
    { Time = 0.367, Data = {
      ["Head"] = CFrame.new(0.000000, 0.000000, 0.000000, 1.000000, -0.000000, 0.000000, 0.000000, 0.894235, 0.447598, -0.000000, -0.447598, 0.894235),
      ["LeftUpperArm"] = CFrame.new(0.251279, -0.295247, -0.133181, 0.619837, -0.780775, 0.078688, 0.103335, -0.018190, -0.994480, 0.777897, 0.624547, 0.069406),
      ["LeftUpperLeg"] = CFrame.new(-0.030529, -0.116275, 0.022253, 0.938928, 0.343916, -0.011670, -0.168093, 0.428795, -0.887626, -0.300264, 0.835378, 0.460418),
      ["LowerTorso"] = CFrame.new(0.000000, -1.337549, -0.108961, 1.000000, 0.000000, 0.000000, 0.000000, 0.914230, -0.405195, 0.000000, 0.405195, 0.914230),
      ["RightUpperArm"] = CFrame.new(0.000000, -0.613075, 0.065768, 1.000000, -0.000000, 0.000000, 0.000000, 0.878355, 0.478009, -0.000000, -0.478009, 0.878355),
      ["RightUpperLeg"] = CFrame.new(0.133045, -0.132743, -0.014707, 0.991269, -0.131781, 0.004539, 0.064471, 0.454356, -0.888484, 0.115023, 0.881019, 0.458885)
    }},
    { Time = 0.383, Data = {
      ["Head"] = CFrame.new(0.000000, 0.000000, 0.000000, 1.000000, -0.000000, 0.000000, 0.000000, 0.890389, 0.455200, -0.000000, -0.455200, 0.890389),
      ["LeftUpperArm"] = CFrame.new(0.257012, -0.299490, -0.134403, 0.619836, -0.781868, 0.066979, 0.103374, -0.003255, -0.994637, 0.777893, 0.623436, 0.078808),
      ["LeftUpperLeg"] = CFrame.new(-0.030530, -0.103154, 0.026364, 0.938926, 0.344043, -0.007170, -0.168105, 0.440396, -0.881925, -0.300263, 0.829268, 0.471335),
      ["LowerTorso"] = CFrame.new(0.000000, -1.334046, -0.116774, 1.000000, 0.000000, 0.000000, 0.000000, 0.910727, -0.413008, 0.000000, 0.413008, 0.910727),
      ["RightUpperArm"] = CFrame.new(0.000000, -0.614262, 0.063611, 1.000000, -0.000000, 0.000000, 0.000000, 0.873843, 0.486207, -0.000000, -0.486207, 0.873843),
      ["RightUpperLeg"] = CFrame.new(0.133010, -0.121040, -0.009952, 0.991338, -0.131308, 0.002674, 0.064100, 0.465965, -0.882478, 0.114630, 0.875006, 0.470345)
    }},
    { Time = 0.400, Data = {
      ["Head"] = CFrame.new(0.000000, 0.000000, 0.000000, 1.000000, -0.000000, 0.000000, 0.000000, 0.886352, 0.463013, -0.000000, -0.463013, 0.886352),
      ["LeftUpperArm"] = CFrame.new(0.262144, -0.303276, -0.135535, 0.619786, -0.782732, 0.056535, 0.103353, 0.010000, -0.994594, 0.777935, 0.622279, 0.087096),
      ["LeftUpperLeg"] = CFrame.new(-0.030531, -0.091449, 0.030007, 0.938924, 0.344111, -0.003112, -0.168062, 0.450635, -0.876746, -0.300296, 0.823721, 0.480944),
      ["LowerTorso"] = CFrame.new(0.000000, -1.330919, -0.123602, 1.000000, 0.000000, 0.000000, 0.000000, 0.907600, -0.419836, 0.000000, 0.419836, 0.907600),
      ["RightUpperArm"] = CFrame.new(0.000000, -0.615331, 0.061709, 1.000000, -0.000000, 0.000000, 0.000000, 0.869779, 0.493442, -0.000000, -0.493442, 0.869779),
      ["RightUpperLeg"] = CFrame.new(0.132983, -0.110659, -0.005731, 0.991392, -0.130919, 0.001066, 0.063840, 0.476288, -0.876969, 0.114305, 0.869488, 0.480546)
    }},
    { Time = 0.417, Data = {
      ["Head"] = CFrame.new(0.000000, -0.000000, 0.000000, 1.000000, -0.000000, 0.000000, 0.000000, 0.882199, 0.470877, -0.000000, -0.470877, 0.882199),
      ["LeftUpperArm"] = CFrame.new(0.266624, -0.306546, -0.136524, 0.619795, -0.783326, 0.047490, 0.103366, 0.021500, -0.994411, 0.777927, 0.621239, 0.094294),
      ["LeftUpperLeg"] = CFrame.new(-0.030530, -0.081369, 0.033193, 0.938926, 0.344119, 0.000315, -0.168124, 0.459522, -0.872109, -0.300254, 0.818793, 0.489312),
      ["LowerTorso"] = CFrame.new(0.000000, -1.328115, -0.129611, 1.000000, 0.000000, 0.000000, 0.000000, 0.904796, -0.425845, 0.000000, 0.425845, 0.904796),
      ["RightUpperArm"] = CFrame.new(0.000000, -0.616264, 0.060077, 1.000000, -0.000000, 0.000000, 0.000000, 0.866231, 0.499644, -0.000000, -0.499644, 0.866231),
      ["RightUpperLeg"] = CFrame.new(0.132959, -0.101670, -0.002071, 0.991442, -0.130548, -0.000312, 0.063602, 0.485109, -0.872138, 0.114007, 0.864654, 0.489260)
    }},
    { Time = 0.433, Data = {
      ["Head"] = CFrame.new(0.000000, 0.000000, -0.000000, 1.000000, -0.000000, 0.000000, 0.000000, 0.877929, 0.478791, -0.000000, -0.478791, 0.877929),
      ["LeftUpperArm"] = CFrame.new(0.270384, -0.309264, -0.137362, 0.619816, -0.783729, 0.039949, 0.103415, 0.031111, -0.994152, 0.777903, 0.620323, 0.100332),
      ["LeftUpperLeg"] = CFrame.new(-0.030528, -0.072922, 0.035828, 0.938930, 0.344093, 0.003251, -0.168086, 0.466859, -0.868211, -0.300263, 0.814642, 0.496185),
      ["LowerTorso"] = CFrame.new(0.000000, -1.325803, -0.134489, 1.000000, 0.000000, 0.000000, 0.000000, 0.902484, -0.430723, 0.000000, 0.430723, 0.902484),
      ["RightUpperArm"] = CFrame.new(0.000000, -0.617056, 0.058715, 1.000000, -0.000000, 0.000000, 0.000000, 0.863222, 0.504824, -0.000000, -0.504824, 0.863222),
      ["RightUpperLeg"] = CFrame.new(0.132937, -0.094168, 0.000992, 0.991487, -0.130198, -0.001463, 0.063388, 0.492463, -0.868022, 0.113735, 0.860540, 0.496524)
    }},
    { Time = 0.450, Data = {
      ["Head"] = CFrame.new(0.000000, 0.000000, -0.000000, 1.000000, -0.000000, 0.000000, 0.000000, 0.873540, 0.486753, -0.000000, -0.486753, 0.873540),
      ["LeftUpperArm"] = CFrame.new(0.273360, -0.311422, -0.138040, 0.619813, -0.784014, 0.033959, 0.103345, 0.038651, -0.993894, 0.777915, 0.619538, 0.104980),
      ["LeftUpperLeg"] = CFrame.new(-0.030529, -0.066250, 0.037896, 0.938926, 0.344073, 0.005563, -0.168048, 0.472568, -0.865124, -0.300295, 0.811353, 0.501527),
      ["LowerTorso"] = CFrame.new(0.000000, -1.323927, -0.138399, 1.000000, 0.000000, 0.000000, 0.000000, 0.900607, -0.434634, 0.000000, 0.434634, 0.900607),
      ["RightUpperArm"] = CFrame.new(0.000000, -0.617676, 0.057661, 1.000000, -0.000000, 0.000000, 0.000000, 0.860865, 0.508834, -0.000000, -0.508834, 0.860865),
      ["RightUpperLeg"] = CFrame.new(0.132916, -0.088233, 0.003426, 0.991528, -0.129875, -0.002381, 0.063193, 0.498295, -0.864701, 0.113489, 0.857225, 0.502281)
    }},
    { Time = 0.467, Data = {
      ["Cock"] = CFrame.new(-0.000113, 0.000049, 0.000007, 0.701322, 0.712188, 0.030610, -0.708450, 0.701116, -0.080843, -0.079037, 0.035011, 0.996257),
      ["Head"] = CFrame.new(0.000000, -0.000000, 0.000000, 1.000000, -0.000000, 0.000000, 0.000000, 0.869029, 0.494762, -0.000000, -0.494762, 0.869029),
      ["LeftUpperArm"] = CFrame.new(0.275522, -0.312956, -0.138531, 0.619833, -0.784175, 0.029618, 0.103389, 0.044191, -0.993659, 0.777893, 0.618965, 0.108466),
      ["LeftUpperLeg"] = CFrame.new(-0.030527, -0.061456, 0.039415, 0.938932, 0.344028, 0.007200, -0.168070, 0.476759, -0.862817, -0.300266, 0.808916, 0.505465),
      ["LowerTorso"] = CFrame.new(0.000000, -1.322575, -0.141189, 1.000000, 0.000000, 0.000000, 0.000000, 0.899256, -0.437423, 0.000000, 0.437423, 0.899256),
      ["RightUpperArm"] = CFrame.new(0.000000, -0.618144, 0.056871, 1.000000, -0.000000, 0.000000, 0.000000, 0.859083, 0.511836, -0.000000, -0.511836, 0.859083),
      ["RightUpperLeg"] = CFrame.new(0.132908, -0.083998, 0.005160, 0.991545, -0.129730, -0.002970, 0.063155, 0.502440, -0.862302, 0.113359, 0.854824, 0.506385)
    }},
    { Time = 0.483, Data = {
      ["Head"] = CFrame.new(0.000000, -0.000000, 0.000000, 1.000000, -0.000000, 0.000000, 0.000000, 0.864394, 0.502816, -0.000000, -0.502816, 0.864394),
      ["LeftUpperArm"] = CFrame.new(0.276818, -0.313925, -0.138844, 0.619777, -0.784311, 0.027090, 0.103381, 0.047378, -0.993513, 0.777939, 0.618557, 0.110446),
      ["LeftUpperLeg"] = CFrame.new(-0.030527, -0.058556, 0.040326, 0.938932, 0.344006, 0.008199, -0.168078, 0.479282, -0.861417, -0.300262, 0.807433, 0.507832),
      ["LowerTorso"] = CFrame.new(0.000000, -1.321720, -0.142941, 1.000000, 0.000000, 0.000000, 0.000000, 0.898402, -0.439175, 0.000000, 0.439175, 0.898402),
      ["RightUpperArm"] = CFrame.new(0.000000, -0.618422, 0.056406, 1.000000, -0.000000, 0.000000, 0.000000, 0.858027, 0.513605, -0.000000, -0.513605, 0.858027),
      ["RightUpperLeg"] = CFrame.new(0.132899, -0.081378, 0.006203, 0.991562, -0.129587, -0.003435, 0.063009, 0.504948, -0.860847, 0.113290, 0.853367, 0.508852)
    }},
    { Time = 0.500, Data = {
      ["Head"] = CFrame.new(0.000000, 0.000000, -0.000000, 1.000000, -0.000000, 0.000000, 0.000000, 0.859724, 0.510759, -0.000000, -0.510759, 0.859724),
      ["LeftUpperArm"] = CFrame.new(0.277262, -0.314223, -0.138937, 0.619812, -0.784313, 0.026187, 0.103404, 0.048546, -0.993454, 0.777908, 0.618463, 0.111191),
      ["LeftUpperLeg"] = CFrame.new(-0.030529, -0.057573, 0.040616, 0.938926, 0.344012, 0.008544, -0.168055, 0.480065, -0.860985, -0.300291, 0.806965, 0.508559),
      ["LowerTorso"] = CFrame.new(0.000000, -1.321448, -0.143498, 1.000000, 0.000000, 0.000000, 0.000000, 0.898129, -0.439732, 0.000000, 0.439732, 0.898129),
      ["RightUpperArm"] = CFrame.new(0.000000, -0.618507, 0.056265, 1.000000, -0.000000, 0.000000, 0.000000, 0.857705, 0.514142, -0.000000, -0.514142, 0.857705),
      ["RightUpperLeg"] = CFrame.new(0.132894, -0.080516, 0.006578, 0.991572, -0.129511, -0.003543, 0.062991, 0.505810, -0.860342, 0.113216, 0.852867, 0.509705)
    }},
    { Time = 0.517, Data = {
      ["Head"] = CFrame.new(0.000000, 0.000000, -0.000000, 1.000000, -0.000000, 0.000000, 0.000000, 0.859815, 0.510605, -0.000000, -0.510605, 0.859815),
      ["LeftUpperArm"] = CFrame.new(0.276818, -0.313925, -0.138844, 0.619777, -0.784311, 0.027090, 0.103381, 0.047378, -0.993513, 0.777939, 0.618557, 0.110446),
      ["LeftUpperLeg"] = CFrame.new(-0.030527, -0.058556, 0.040326, 0.938932, 0.344006, 0.008199, -0.168078, 0.479282, -0.861417, -0.300262, 0.807433, 0.507832),
      ["LowerTorso"] = CFrame.new(0.000000, -1.321720, -0.142941, 1.000000, 0.000000, 0.000000, 0.000000, 0.898402, -0.439175, 0.000000, 0.439175, 0.898402),
      ["RightUpperArm"] = CFrame.new(0.000000, -0.618422, 0.056406, 1.000000, -0.000000, 0.000000, 0.000000, 0.858027, 0.513605, -0.000000, -0.513605, 0.858027),
      ["RightUpperLeg"] = CFrame.new(0.132899, -0.081377, 0.006203, 0.991562, -0.129587, -0.003435, 0.063009, 0.504948, -0.860847, 0.113290, 0.853367, 0.508852)
    }},
    { Time = 0.533, Data = {
      ["Head"] = CFrame.new(0.000000, 0.000000, 0.000000, 1.000000, -0.000000, 0.000000, 0.000000, 0.860181, 0.509989, -0.000000, -0.509989, 0.860181),
      ["LeftUpperArm"] = CFrame.new(0.275522, -0.312956, -0.138531, 0.619833, -0.784175, 0.029618, 0.103389, 0.044191, -0.993659, 0.777893, 0.618965, 0.108466),
      ["LeftUpperLeg"] = CFrame.new(-0.030527, -0.061456, 0.039415, 0.938932, 0.344028, 0.007200, -0.168070, 0.476759, -0.862817, -0.300266, 0.808916, 0.505465),
      ["LowerTorso"] = CFrame.new(0.000000, -1.322575, -0.141189, 1.000000, 0.000000, 0.000000, 0.000000, 0.899256, -0.437423, 0.000000, 0.437423, 0.899256),
      ["RightUpperArm"] = CFrame.new(0.000000, -0.618144, 0.056871, 1.000000, -0.000000, 0.000000, 0.000000, 0.859083, 0.511836, -0.000000, -0.511836, 0.859083),
      ["RightUpperLeg"] = CFrame.new(0.132908, -0.083998, 0.005160, 0.991545, -0.129730, -0.002970, 0.063155, 0.502440, -0.862302, 0.113359, 0.854824, 0.506385)
    }},
    { Time = 0.550, Data = {
      ["Head"] = CFrame.new(0.000000, -0.000000, 0.000000, 1.000000, -0.000000, 0.000000, 0.000000, 0.860819, 0.508911, -0.000000, -0.508911, 0.860819),
      ["LeftUpperArm"] = CFrame.new(0.273360, -0.311422, -0.138040, 0.619813, -0.784014, 0.033959, 0.103345, 0.038651, -0.993894, 0.777915, 0.619538, 0.104980),
      ["LeftUpperLeg"] = CFrame.new(-0.030530, -0.066250, 0.037896, 0.938926, 0.344073, 0.005563, -0.168048, 0.472568, -0.865124, -0.300295, 0.811353, 0.501527),
      ["LowerTorso"] = CFrame.new(0.000000, -1.323926, -0.138399, 1.000000, 0.000000, 0.000000, 0.000000, 0.900607, -0.434634, 0.000000, 0.434634, 0.900607),
      ["RightUpperArm"] = CFrame.new(0.000000, -0.617676, 0.057661, 1.000000, -0.000000, 0.000000, 0.000000, 0.860865, 0.508834, -0.000000, -0.508834, 0.860865),
      ["RightUpperLeg"] = CFrame.new(0.132916, -0.088233, 0.003426, 0.991528, -0.129875, -0.002381, 0.063193, 0.498295, -0.864701, 0.113489, 0.857225, 0.502281)
    }},
    { Time = 0.567, Data = {
      ["Head"] = CFrame.new(0.000000, 0.000000, 0.000000, 1.000000, -0.000000, 0.000000, 0.000000, 0.861683, 0.507447, -0.000000, -0.507447, 0.861683),
      ["LeftUpperArm"] = CFrame.new(0.270384, -0.309264, -0.137362, 0.619816, -0.783729, 0.039949, 0.103415, 0.031111, -0.994152, 0.777903, 0.620323, 0.100332),
      ["LeftUpperLeg"] = CFrame.new(-0.030528, -0.072922, 0.035828, 0.938930, 0.344093, 0.003251, -0.168086, 0.466859, -0.868211, -0.300263, 0.814642, 0.496185),
      ["LowerTorso"] = CFrame.new(0.000000, -1.325803, -0.134489, 1.000000, 0.000000, 0.000000, 0.000000, 0.902484, -0.430723, 0.000000, 0.430723, 0.902484),
      ["RightUpperArm"] = CFrame.new(0.000000, -0.617056, 0.058715, 1.000000, -0.000000, 0.000000, 0.000000, 0.863222, 0.504824, -0.000000, -0.504824, 0.863222),
      ["RightUpperLeg"] = CFrame.new(0.132937, -0.094168, 0.000992, 0.991487, -0.130198, -0.001463, 0.063388, 0.492463, -0.868022, 0.113735, 0.860540, 0.496524)
    }},
    { Time = 0.583, Data = {
      ["Cock"] = CFrame.new(-0.000113, 0.000049, 0.000007, 0.701322, 0.712188, 0.030610, -0.708450, 0.701116, -0.080843, -0.079037, 0.035011, 0.996257),
      ["Head"] = CFrame.new(0.000000, 0.000000, -0.000000, 1.000000, -0.000000, 0.000000, 0.000000, 0.862771, 0.505596, -0.000000, -0.505596, 0.862771),
      ["LeftUpperArm"] = CFrame.new(0.266624, -0.306546, -0.136524, 0.619795, -0.783326, 0.047490, 0.103366, 0.021500, -0.994411, 0.777927, 0.621239, 0.094294),
      ["LeftUpperLeg"] = CFrame.new(-0.030530, -0.081369, 0.033194, 0.938926, 0.344119, 0.000315, -0.168124, 0.459522, -0.872109, -0.300254, 0.818793, 0.489312),
      ["LowerTorso"] = CFrame.new(0.000000, -1.328115, -0.129611, 1.000000, 0.000000, 0.000000, 0.000000, 0.904796, -0.425845, 0.000000, 0.425845, 0.904796),
      ["RightUpperArm"] = CFrame.new(0.000000, -0.616264, 0.060077, 1.000000, -0.000000, 0.000000, 0.000000, 0.866231, 0.499644, -0.000000, -0.499644, 0.866231),
      ["RightUpperLeg"] = CFrame.new(0.132959, -0.101670, -0.002071, 0.991442, -0.130548, -0.000312, 0.063602, 0.485109, -0.872138, 0.114007, 0.864654, 0.489260)
    }},
    { Time = 0.600, Data = {
      ["Head"] = CFrame.new(0.000000, 0.000000, 0.000000, 1.000000, -0.000000, 0.000000, 0.000000, 0.864079, 0.503356, -0.000000, -0.503356, 0.864079),
      ["LeftUpperArm"] = CFrame.new(0.262144, -0.303276, -0.135535, 0.619786, -0.782732, 0.056535, 0.103353, 0.010000, -0.994594, 0.777935, 0.622279, 0.087096),
      ["LeftUpperLeg"] = CFrame.new(-0.030531, -0.091449, 0.030007, 0.938924, 0.344111, -0.003112, -0.168062, 0.450635, -0.876746, -0.300296, 0.823721, 0.480944),
      ["LowerTorso"] = CFrame.new(0.000000, -1.330919, -0.123602, 1.000000, 0.000000, 0.000000, 0.000000, 0.907600, -0.419836, 0.000000, 0.419836, 0.907600),
      ["RightUpperArm"] = CFrame.new(0.000000, -0.615331, 0.061709, 1.000000, -0.000000, 0.000000, 0.000000, 0.869779, 0.493442, -0.000000, -0.493442, 0.869779),
      ["RightUpperLeg"] = CFrame.new(0.132983, -0.110659, -0.005731, 0.991392, -0.130919, 0.001066, 0.063840, 0.476288, -0.876969, 0.114305, 0.869488, 0.480546)
    }},
    { Time = 0.617, Data = {
      ["Head"] = CFrame.new(0.000000, -0.000000, 0.000000, 1.000000, -0.000000, 0.000000, 0.000000, 0.865650, 0.500650, -0.000000, -0.500650, 0.865650),
      ["LeftUpperArm"] = CFrame.new(0.257012, -0.299490, -0.134403, 0.619836, -0.781868, 0.066979, 0.103374, -0.003255, -0.994637, 0.777893, 0.623436, 0.078808),
      ["LeftUpperLeg"] = CFrame.new(-0.030530, -0.103154, 0.026364, 0.938926, 0.344043, -0.007170, -0.168105, 0.440396, -0.881925, -0.300263, 0.829268, 0.471335),
      ["LowerTorso"] = CFrame.new(0.000000, -1.334046, -0.116774, 1.000000, 0.000000, 0.000000, 0.000000, 0.910727, -0.413008, 0.000000, 0.413008, 0.910727),
      ["RightUpperArm"] = CFrame.new(0.000000, -0.614262, 0.063611, 1.000000, -0.000000, 0.000000, 0.000000, 0.873843, 0.486207, -0.000000, -0.486207, 0.873843),
      ["RightUpperLeg"] = CFrame.new(0.133010, -0.121040, -0.009952, 0.991338, -0.131308, 0.002674, 0.064100, 0.465965, -0.882478, 0.114630, 0.875006, 0.470345)
    }},
    { Time = 0.633, Data = {
      ["Head"] = CFrame.new(0.000000, -0.000000, 0.000000, 1.000000, -0.000000, 0.000000, 0.000000, 0.867433, 0.497553, -0.000000, -0.497553, 0.867433),
      ["LeftUpperArm"] = CFrame.new(0.251279, -0.295247, -0.133181, 0.619837, -0.780775, 0.078688, 0.103335, -0.018190, -0.994480, 0.777897, 0.624547, 0.069406),
      ["LeftUpperLeg"] = CFrame.new(-0.030529, -0.116275, 0.022253, 0.938928, 0.343916, -0.011670, -0.168093, 0.428795, -0.887626, -0.300264, 0.835378, 0.460418),
      ["LowerTorso"] = CFrame.new(0.000000, -1.337549, -0.108961, 1.000000, 0.000000, 0.000000, 0.000000, 0.914230, -0.405195, 0.000000, 0.405195, 0.914230),
      ["RightUpperArm"] = CFrame.new(0.000000, -0.613075, 0.065768, 1.000000, -0.000000, 0.000000, 0.000000, 0.878355, 0.478009, -0.000000, -0.478009, 0.878355),
      ["RightUpperLeg"] = CFrame.new(0.133045, -0.132743, -0.014707, 0.991269, -0.131781, 0.004539, 0.064471, 0.454356, -0.888484, 0.115023, 0.881019, 0.458885)
    }},
    { Time = 0.650, Data = {
      ["Head"] = CFrame.new(0.000000, -0.000000, 0.000000, 1.000000, -0.000000, 0.000000, 0.000000, 0.869426, 0.494063, -0.000000, -0.494063, 0.869426),
      ["LeftUpperArm"] = CFrame.new(0.245017, -0.290560, -0.131897, 0.619776, -0.779424, 0.091516, 0.103374, -0.034516, -0.994044, 0.777940, 0.625545, 0.059180),
      ["LeftUpperLeg"] = CFrame.new(-0.030530, -0.130684, 0.017724, 0.938927, 0.343716, -0.016579, -0.168057, 0.415972, -0.893714, -0.300287, 0.841919, 0.448331),
