return {
  ["Astros taking it 2"] = {
    { Time = 0.000, Data = {
      ["Head"] = CFrame.new(0.000000, -0.000000, -0.000001, 1.000000, 0.000000, 0.000000, 0.000000, 0.353970, -0.935257, 0.000000, 0.935257, 0.353970),
      ["LeftUpperArm"] = CFrame.new(-0.223658, -0.148051, -0.077028, 0.526126, -0.850407, 0.000001, 0.706455, 0.437067, 0.556681, -0.473406, -0.292883, 0.830726),
      ["LeftUpperLeg"] = CFrame.new(-0.231866, -0.153064, -0.275329, 0.965917, 0.148494, 0.212021, 0.109360, 0.508295, -0.854211, -0.234615, 0.848284, 0.474732),
      ["LowerTorso"] = CFrame.new(0.000000, 0.300048, -0.434102, 1.000000, -0.000000, 0.000000, 0.000000, 0.499959, 0.866049, -0.000000, -0.866049, 0.499959),
      ["M6DLowerL"] = CFrame.new(0.000000, 0.000000, 0.000000, 0.965930, -0.258805, 0.000000, 0.258805, 0.965930, 0.000000, 0.000000, 0.000000, 1.000000),
      ["M6DLowerR"] = CFrame.new(0.000000, 0.000000, 0.000000, 0.965930, 0.258805, 0.000000, -0.258805, 0.965930, -0.000000, -0.000000, 0.000000, 1.000000),
      ["M6DOrbs"] = CFrame.new(0.000000, 0.000000, 0.000000, 1.000000, 0.000000, 0.000000, 0.000000, 0.573599, -0.819137, 0.000000, 0.819137, 0.573599),
      ["M6DRod"] = CFrame.new(0.000000, 0.000000, 0.000000, 1.000000, 0.000000, 0.000000, 0.000000, 0.939701, -0.341998, 0.000000, 0.341998, 0.939701),
      ["M6DUpperL"] = CFrame.new(0.000000, 0.000000, 0.000000, 0.984799, -0.000016, 0.173696, 0.111660, 0.766050, -0.633008, -0.133050, 0.642781, 0.754408),
      ["M6DUpperR"] = CFrame.new(0.000000, 0.000000, 0.000000, 0.984799, 0.000016, -0.173696, -0.111660, 0.766050, -0.633008, 0.133050, 0.642781, 0.754408),
      ["RightUpperArm"] = CFrame.new(0.249575, -0.191962, -0.042860, 0.315446, 0.948944, 0.000045, -0.812586, 0.270094, 0.516482, 0.490101, -0.162959, 0.856298),
      ["RightUpperLeg"] = CFrame.new(0.231857, -0.153046, -0.275320, 0.965917, -0.148494, -0.212021, -0.109360, 0.508295, -0.854211, 0.234615, 0.848284, 0.474732)
    }},
    { Time = 0.017, Data = {
      ["LeftUpperLeg"] = CFrame.new(-0.231869, -0.152995, -0.275312, 0.965897, 0.148441, 0.212152, 0.109453, 0.508468, -0.854096, -0.234655, 0.848189, 0.474881),
      ["LowerTorso"] = CFrame.new(0.000000, 0.300050, -0.434330, 1.000000, -0.000000, 0.000000, 0.000000, 0.500046, 0.865999, -0.000000, -0.865999, 0.500046),
      ["M6DLowerL"] = CFrame.new(0.000000, 0.000000, 0.000000, 0.966535, -0.256534, 0.000000, 0.256534, 0.966535, 0.000000, 0.000000, 0.000000, 1.000000),
      ["M6DLowerR"] = CFrame.new(0.000000, 0.000000, 0.000000, 0.966535, 0.256534, 0.000000, -0.256534, 0.966535, -0.000000, -0.000000, 0.000000, 1.000000),
      ["M6DOrbs"] = CFrame.new(0.000000, 0.000000, 0.000000, 1.000000, 0.000000, 0.000000, 0.000000, 0.573918, -0.818913, 0.000000, 0.818913, 0.573918),
      ["M6DRod"] = CFrame.new(0.000000, 0.000000, 0.000000, 1.000000, 0.000000, 0.000000, 0.000000, 0.947271, -0.320434, 0.000000, 0.320434, 0.947271),
      ["M6DUpperL"] = CFrame.new(0.000000, 0.000000, 0.000000, 0.985605, -0.000770, 0.169064, 0.108885, 0.767878, -0.631275, -0.129334, 0.640596, 0.756908),
      ["M6DUpperR"] = CFrame.new(0.000000, 0.000000, 0.000000, 0.985605, 0.000770, -0.169064, -0.108885, 0.767878, -0.631275, 0.129334, 0.640596, 0.756908),
      ["RightUpperLeg"] = CFrame.new(0.231873, -0.152992, -0.275361, 0.965872, -0.148558, -0.212181, -0.109422, 0.508466, -0.854101, 0.234771, 0.848170, 0.474858)
    }},
    { Time = 0.033, Data = {
      ["LeftUpperLeg"] = CFrame.new(-0.231917, -0.152828, -0.275430, 0.965762, 0.148644, 0.212624, 0.109652, 0.508896, -0.853816, -0.235118, 0.847897, 0.475173),
      ["LowerTorso"] = CFrame.new(0.000000, 0.300058, -0.435013, 1.000000, -0.000000, 0.000000, 0.000000, 0.500305, 0.865849, -0.000000, -0.865849, 0.500305),
      ["M6DLowerL"] = CFrame.new(0.000000, 0.000000, 0.000000, 0.968298, -0.249798, 0.000000, 0.249798, 0.968298, 0.000000, 0.000000, 0.000000, 1.000000),
      ["M6DLowerR"] = CFrame.new(0.000000, 0.000000, 0.000000, 0.968298, 0.249798, 0.000000, -0.249798, 0.968298, -0.000000, -0.000000, 0.000000, 1.000000),
      ["M6DOrbs"] = CFrame.new(0.000000, 0.000000, 0.000000, 1.000000, 0.000000, 0.000000, 0.000000, 0.574873, -0.818242, 0.000000, 0.818242, 0.574873),
      ["M6DRod"] = CFrame.new(0.000000, 0.000000, 0.000000, 1.000000, 0.000000, 0.000000, 0.000000, 0.954125, -0.299410, 0.000000, 0.299410, 0.954125),
      ["M6DUpperL"] = CFrame.new(0.000000, 0.000000, 0.000000, 0.987845, -0.002959, 0.155411, 0.100774, 0.773424, -0.625827, -0.118347, 0.633882, 0.764322),
      ["M6DUpperR"] = CFrame.new(0.000000, 0.000000, 0.000000, 0.987845, 0.002959, -0.155411, -0.100774, 0.773424, -0.625827, 0.118347, 0.633882, 0.764322),
      ["RightUpperLeg"] = CFrame.new(0.231919, -0.152800, -0.275462, 0.965739, -0.148665, -0.212711, -0.109671, 0.509067, -0.853711, 0.235201, 0.847791, 0.475322)
    }},
    { Time = 0.050, Data = {
      ["LeftUpperLeg"] = CFrame.new(-0.231974, -0.152603, -0.275558, 0.965582, 0.148877, 0.213278, 0.109876, 0.509751, -0.853277, -0.235752, 0.847343, 0.475848),
      ["LowerTorso"] = CFrame.new(0.000000, 0.300243, -0.436052, 1.000000, -0.000000, 0.000000, 0.000000, 0.500564, 0.865700, -0.000000, -0.865700, 0.500564),
      ["M6DLowerL"] = CFrame.new(0.000000, 0.000000, 0.000000, 0.971144, -0.238495, 0.000000, 0.238495, 0.971144, 0.000000, 0.000000, 0.000000, 1.000000),
      ["M6DLowerR"] = CFrame.new(0.000000, 0.000000, 0.000000, 0.971144, 0.238495, 0.000000, -0.238495, 0.971144, -0.000000, -0.000000, 0.000000, 1.000000),
      ["M6DOrbs"] = CFrame.new(0.000000, 0.000000, 0.000000, 1.000000, 0.000000, 0.000000, 0.000000, 0.576464, -0.817123, 0.000000, 0.817123, 0.576464),
      ["M6DRod"] = CFrame.new(0.000000, 0.000000, 0.000000, 1.000000, 0.000000, 0.000000, 0.000000, 0.960283, -0.279029, 0.000000, 0.279029, 0.960283),
      ["M6DUpperL"] = CFrame.new(0.000000, 0.000000, 0.000000, 0.991151, -0.006363, 0.132583, 0.087481, 0.782540, -0.616424, -0.099829, 0.622568, 0.776172),
      ["M6DUpperR"] = CFrame.new(0.000000, 0.000000, 0.000000, 0.991151, 0.006363, -0.132583, -0.087481, 0.782540, -0.616424, 0.099829, 0.622568, 0.776172),
      ["RightUpperLeg"] = CFrame.new(0.232010, -0.152516, -0.275703, 0.965491, -0.149015, -0.213590, -0.110012, 0.510007, -0.853106, 0.236058, 0.847164, 0.476014)
    }},
    { Time = 0.067, Data = {
      ["LeftUpperLeg"] = CFrame.new(-0.232062, -0.152227, -0.275744, 0.965312, 0.149174, 0.214287, 0.110311, 0.510863, -0.852555, -0.236651, 0.846621, 0.476687),
      ["LowerTorso"] = CFrame.new(0.000000, 0.300348, -0.437597, 1.000000, -0.000000, 0.000000, 0.000000, 0.501081, 0.865400, -0.000000, -0.865400, 0.501081),
      ["M6DLowerL"] = CFrame.new(0.000000, 0.000000, 0.000000, 0.974891, -0.222681, 0.000000, 0.222681, 0.974891, 0.000000, 0.000000, 0.000000, 1.000000),
      ["M6DLowerR"] = CFrame.new(0.000000, 0.000000, 0.000000, 0.974891, 0.222681, 0.000000, -0.222681, 0.974891, -0.000000, -0.000000, 0.000000, 1.000000),
      ["M6DOrbs"] = CFrame.new(0.000000, 0.000000, 0.000000, 1.000000, 0.000000, 0.000000, 0.000000, 0.578685, -0.815551, 0.000000, 0.815551, 0.578685),
      ["M6DRod"] = CFrame.new(0.000000, 0.000000, 0.000000, 1.000000, 0.000000, 0.000000, 0.000000, 0.965817, -0.259225, 0.000000, 0.259225, 0.965817),
      ["M6DUpperL"] = CFrame.new(0.000000, 0.000000, 0.000000, 0.994899, -0.010632, 0.100313, 0.069255, 0.795032, -0.602601, -0.073345, 0.606474, 0.791713),
      ["M6DUpperR"] = CFrame.new(0.000000, 0.000000, 0.000000, 0.994899, 0.010632, -0.100313, -0.069255, 0.795032, -0.602601, 0.073345, 0.606474, 0.791713),
      ["RightUpperLeg"] = CFrame.new(0.232134, -0.152132, -0.276026, 0.965152, -0.149481, -0.214796, -0.110465, 0.511373, -0.852229, 0.237234, 0.846258, 0.477040)
    }},
    { Time = 0.083, Data = {
      ["LeftUpperLeg"] = CFrame.new(-0.232184, -0.151746, -0.276010, 0.964951, 0.149596, 0.215617, 0.110867, 0.512315, -0.851611, -0.237862, 0.845668, 0.477774),
      ["LowerTorso"] = CFrame.new(0.000000, 0.300545, -0.439547, 1.000000, -0.000000, 0.000000, 0.000000, 0.501684, 0.865051, -0.000000, -0.865051, 0.501684),
      ["M6DLowerL"] = CFrame.new(0.000000, 0.000000, 0.000000, 0.979337, -0.202235, 0.000000, 0.202235, 0.979337, 0.000000, 0.000000, 0.000000, 1.000000),
      ["M6DLowerR"] = CFrame.new(0.000000, 0.000000, 0.000000, 0.979337, 0.202235, 0.000000, -0.202235, 0.979337, -0.000000, -0.000000, 0.000000, 1.000000),
      ["M6DOrbs"] = CFrame.new(0.000000, 0.000000, 0.000000, 1.000000, 0.000000, 0.000000, 0.000000, 0.581454, -0.813579, 0.000000, 0.813579, 0.581454),
      ["M6DRod"] = CFrame.new(0.000000, 0.000000, 0.000000, 1.000000, 0.000000, 0.000000, 0.000000, 0.970769, -0.240015, 0.000000, 0.240015, 0.970769),
      ["M6DUpperL"] = CFrame.new(0.000000, 0.000000, 0.000000, 0.998166, -0.015066, 0.058633, 0.046514, 0.810761, -0.583527, -0.038746, 0.585184, 0.809975),
      ["M6DUpperR"] = CFrame.new(0.000000, 0.000000, 0.000000, 0.998166, 0.015066, -0.058633, -0.046514, 0.810761, -0.583527, 0.038746, 0.585184, 0.809975),
      ["RightUpperLeg"] = CFrame.new(0.232301, -0.151584, -0.276446, 0.964698, -0.150040, -0.216439, -0.111155, 0.513080, -0.851113, 0.238751, 0.845125, 0.478289)
    }},
    { Time = 0.100, Data = {
      ["LeftUpperLeg"] = CFrame.new(-0.232327, -0.151179, -0.276321, 0.964519, 0.150100, 0.217194, 0.111501, 0.514105, -0.850449, -0.239313, 0.844491, 0.479128),
      ["LowerTorso"] = CFrame.new(0.000000, 0.300833, -0.441904, 1.000000, -0.000000, 0.000000, 0.000000, 0.502374, 0.864651, -0.000000, -0.864651, 0.502374),
      ["M6DLowerL"] = CFrame.new(0.000000, 0.000000, 0.000000, 0.984189, -0.177119, 0.000000, 0.177119, 0.984189, 0.000000, 0.000000, 0.000000, 1.000000),
      ["M6DLowerR"] = CFrame.new(0.000000, 0.000000, 0.000000, 0.984189, 0.177119, 0.000000, -0.177119, 0.984189, -0.000000, -0.000000, 0.000000, 1.000000),
      ["M6DOrbs"] = CFrame.new(0.000000, 0.000000, 0.000000, 1.000000, 0.000000, 0.000000, 0.000000, 0.584922, -0.811090, 0.000000, 0.811090, 0.584922),
      ["M6DRod"] = CFrame.new(0.000000, 0.000000, 0.000000, 1.000000, 0.000000, 0.000000, 0.000000, 0.975142, -0.221580, 0.000000, 0.221580, 0.975142),
      ["M6DUpperL"] = CFrame.new(0.000000, 0.000000, 0.000000, 0.999791, -0.019055, 0.007351, 0.019912, 0.829333, -0.558399, 0.004544, 0.558429, 0.829540),
      ["M6DUpperR"] = CFrame.new(0.000000, 0.000000, 0.000000, 0.999791, 0.019055, -0.007351, -0.019912, 0.829333, -0.558399, -0.004544, 0.558429, 0.829540),
      ["RightUpperLeg"] = CFrame.new(0.232504, -0.150967, -0.276968, 0.964147, -0.150795, -0.218359, -0.111891, 0.515122, -0.849782, 0.240625, 0.843748, 0.479781)
    }},
    { Time = 0.117, Data = {
      ["LeftUpperLeg"] = CFrame.new(-0.232493, -0.150524, -0.276674, 0.964015, 0.150695, 0.219012, 0.112224, 0.516147, -0.849116, -0.241000, 0.843139, 0.480661),
      ["LowerTorso"] = CFrame.new(0.000000, 0.301042, -0.444766, 1.000000, -0.000000, 0.000000, 0.000000, 0.503320, 0.864100, -0.000000, -0.864100, 0.503320),
      ["M6DLowerL"] = CFrame.new(0.000000, 0.000000, 0.000000, 0.989106, -0.147208, 0.000000, 0.147208, 0.989106, 0.000000, 0.000000, 0.000000, 1.000000),
      ["M6DLowerR"] = CFrame.new(0.000000, 0.000000, 0.000000, 0.989106, 0.147208, 0.000000, -0.147208, 0.989106, -0.000000, -0.000000, 0.000000, 1.000000),
      ["M6DOrbs"] = CFrame.new(0.000000, 0.000000, 0.000000, 1.000000, 0.000000, 0.000000, 0.000000, 0.589002, -0.808132, 0.000000, 0.808132, 0.589002),
      ["M6DRod"] = CFrame.new(0.000000, 0.000000, 0.000000, 1.000000, 0.000000, 0.000000, 0.000000, 0.979020, -0.203765, 0.000000, 0.203765, 0.979020),
      ["M6DUpperL"] = CFrame.new(0.000000, 0.000000, 0.000000, 0.998343, -0.021551, -0.053346, -0.009766, 0.850270, -0.526256, 0.056700, 0.525906, 0.848651),
      ["M6DUpperR"] = CFrame.new(0.000000, 0.000000, 0.000000, 0.998343, 0.021551, 0.053346, 0.009766, 0.850270, -0.526256, -0.056700, 0.525906, 0.848651),
      ["RightUpperLeg"] = CFrame.new(0.232741, -0.150216, -0.277553, 0.963502, -0.151586, -0.220650, -0.112806, 0.517585, -0.848163, 0.242775, 0.842097, 0.481594)
    }},
    { Time = 0.133, Data = {
      ["LeftUpperLeg"] = CFrame.new(-0.232693, -0.149727, -0.277088, 0.963416, 0.151336, 0.221194, 0.113139, 0.518525, -0.847545, -0.242958, 0.841564, 0.482433),
      ["LowerTorso"] = CFrame.new(0.000000, 0.301430, -0.447986, 1.000000, -0.000000, 0.000000, 0.000000, 0.504266, 0.863548, -0.000000, -0.863548, 0.504266),
      ["M6DLowerL"] = CFrame.new(0.000000, 0.000000, 0.000000, 0.993508, -0.113760, 0.000000, 0.113760, 0.993508, 0.000000, 0.000000, 0.000000, 1.000000),
      ["M6DLowerR"] = CFrame.new(0.000000, 0.000000, 0.000000, 0.993508, 0.113760, 0.000000, -0.113760, 0.993508, -0.000000, -0.000000, 0.000000, 1.000000),
      ["M6DOrbs"] = CFrame.new(0.000000, 0.000000, 0.000000, 1.000000, 0.000000, 0.000000, 0.000000, 0.593762, -0.804641, 0.000000, 0.804641, 0.593762),
      ["M6DRod"] = CFrame.new(0.000000, 0.000000, 0.000000, 1.000000, 0.000000, 0.000000, 0.000000, 0.982440, -0.186581, 0.000000, 0.186581, 0.982440),
      ["M6DUpperL"] = CFrame.new(0.000000, 0.000000, 0.000000, 0.992439, -0.021480, -0.120845, -0.040483, 0.872186, -0.487497, 0.115870, 0.488703, 0.864721),
      ["M6DUpperR"] = CFrame.new(0.000000, 0.000000, 0.000000, 0.992439, 0.021480, 0.120845, 0.040483, 0.872186, -0.487497, -0.115870, 0.488703, 0.864721),
      ["RightUpperLeg"] = CFrame.new(0.233028, -0.149384, -0.278280, 0.962731, -0.152599, -0.223301, -0.113792, 0.520463, -0.846268, 0.245360, 0.840138, 0.483701)
    }},
    { Time = 0.150, Data = {
      ["LeftUpperLeg"] = CFrame.new(-0.232918, -0.148855, -0.277550, 0.962742, 0.152041, 0.223632, 0.114115, 0.521319, -0.845697, -0.245164, 0.839708, 0.484546),
      ["LowerTorso"] = CFrame.new(0.000000, 0.301738, -0.451713, 1.000000, -0.000000, 0.000000, 0.000000, 0.505469, 0.862845, -0.000000, -0.862845, 0.505469),
      ["M6DLowerL"] = CFrame.new(0.000000, 0.000000, 0.000000, 0.996494, -0.083659, 0.000000, 0.083659, 0.996494, 0.000000, 0.000000, 0.000000, 1.000000),
      ["M6DLowerR"] = CFrame.new(0.000000, 0.000000, 0.000000, 0.996494, 0.083659, 0.000000, -0.083659, 0.996494, -0.000000, -0.000000, 0.000000, 1.000000),
      ["M6DOrbs"] = CFrame.new(0.000000, 0.000000, 0.000000, 1.000000, 0.000000, 0.000000, 0.000000, 0.599036, -0.800722, 0.000000, 0.800722, 0.599036),
      ["M6DRod"] = CFrame.new(0.000000, 0.000000, 0.000000, 1.000000, 0.000000, 0.000000, 0.000000, 0.985408, -0.170207, 0.000000, 0.170207, 0.985408),
      ["M6DUpperL"] = CFrame.new(0.000000, 0.000000, 0.000000, 0.983326, -0.018985, -0.180856, -0.065613, 0.890503, -0.450221, 0.169600, 0.454581, 0.874410),
      ["M6DUpperR"] = CFrame.new(0.000000, 0.000000, 0.000000, 0.983326, 0.018985, 0.180856, 0.065613, 0.890503, -0.450221, -0.169600, 0.454581, 0.874410),
      ["RightUpperLeg"] = CFrame.new(0.233340, -0.148436, -0.279031, 0.961882, -0.153610, -0.226245, -0.114921, 0.523671, -0.844134, 0.248145, 0.837958, 0.486057)
    }},
    { Time = 0.167, Data = {
      ["LeftUpperLeg"] = CFrame.new(-0.233170, -0.147934, -0.278076, 0.961989, 0.152905, 0.226270, 0.115099, 0.524356, -0.843684, -0.247650, 0.837658, 0.486825),
      ["LowerTorso"] = CFrame.new(0.000000, 0.302226, -0.455797, 1.000000, -0.000000, 0.000000, 0.000000, 0.506670, 0.862140, -0.000000, -0.862140, 0.506670),
      ["M6DLowerL"] = CFrame.new(0.000000, 0.000000, 0.000000, 0.998307, -0.058156, 0.000000, 0.058156, 0.998307, 0.000000, 0.000000, 0.000000, 1.000000),
      ["M6DLowerR"] = CFrame.new(0.000000, 0.000000, 0.000000, 0.998307, 0.058156, 0.000000, -0.058156, 0.998307, -0.000000, -0.000000, 0.000000, 1.000000),
      ["M6DOrbs"] = CFrame.new(0.000000, 0.000000, 0.000000, 1.000000, 0.000000, 0.000000, 0.000000, 0.604889, -0.796310, 0.000000, 0.796310, 0.604889),
      ["M6DRod"] = CFrame.new(0.000000, 0.000000, 0.000000, 1.000000, 0.000000, 0.000000, 0.000000, 0.987996, -0.154482, 0.000000, 0.154482, 0.987996),
      ["M6DUpperL"] = CFrame.new(0.000000, 0.000000, 0.000000, 0.972828, -0.015091, -0.231035, -0.085027, 0.904859, -0.417133, 0.215350, 0.425443, 0.878990),
      ["M6DUpperR"] = CFrame.new(0.000000, 0.000000, 0.000000, 0.972828, 0.015091, 0.231035, 0.085027, 0.904859, -0.417133, -0.215350, 0.425443, 0.878990),
      ["RightUpperLeg"] = CFrame.new(0.233715, -0.147353, -0.279941, 0.960880, -0.154804, -0.229665, -0.116229, 0.527288, -0.841700, 0.251398, 0.835466, 0.488667)
    }},
    { Time = 0.183, Data = {
      ["LeftUpperLeg"] = CFrame.new(-0.233458, -0.146831, -0.278640, 0.961135, 0.153744, 0.229307, 0.116354, 0.527639, -0.841463, -0.250361, 0.835440, 0.489243),
      ["LowerTorso"] = CFrame.new(0.000000, 0.302636, -0.460390, 1.000000, -0.000000, 0.000000, 0.000000, 0.508127, 0.861282, -0.000000, -0.861282, 0.508127),
      ["M6DLowerL"] = CFrame.new(0.000000, 0.000000, 0.000000, 0.999308, -0.037198, 0.000000, 0.037198, 0.999308, 0.000000, 0.000000, 0.000000, 1.000000),
      ["M6DLowerR"] = CFrame.new(0.000000, 0.000000, 0.000000, 0.999308, 0.037198, 0.000000, -0.037198, 0.999308, -0.000000, -0.000000, 0.000000, 1.000000),
      ["M6DOrbs"] = CFrame.new(0.000000, 0.000000, 0.000000, 1.000000, 0.000000, 0.000000, 0.000000, 0.611385, -0.791333, 0.000000, 0.791333, 0.611385),
      ["M6DRod"] = CFrame.new(0.000000, 0.000000, 0.000000, 1.000000, 0.000000, 0.000000, 0.000000, 0.990210, -0.139585, 0.000000, 0.139585, 0.990210),
      ["M6DUpperL"] = CFrame.new(0.000000, 0.000000, 0.000000, 0.962351, -0.010621, -0.271601, -0.099652, 0.915872, -0.388907, 0.252882, 0.401331, 0.880332),
      ["M6DUpperR"] = CFrame.new(0.000000, 0.000000, 0.000000, 0.962351, 0.010621, 0.271601, 0.099652, 0.915872, -0.388907, -0.252882, 0.401331, 0.880332),
      ["RightUpperLeg"] = CFrame.new(0.234121, -0.146200, -0.280901, 0.959791, -0.156051, -0.233344, -0.117587, 0.531309, -0.838978, 0.254901, 0.832682, 0.491596)
    }},
    { Time = 0.200, Data = {
      ["LeftUpperLeg"] = CFrame.new(-0.233787, -0.145673, -0.279311, 0.960173, 0.154755, 0.232633, 0.117629, 0.531326, -0.838961, -0.253438, 0.832913, 0.491961),
      ["LowerTorso"] = CFrame.new(0.000000, 0.303141, -0.465391, 1.000000, -0.000000, 0.000000, 0.000000, 0.509667, 0.860372, -0.000000, -0.860372, 0.509667),
      ["M6DLowerL"] = CFrame.new(0.000000, 0.000000, 0.000000, 0.999780, -0.020975, 0.000000, 0.020975, 0.999780, 0.000000, 0.000000, 0.000000, 1.000000),
      ["M6DLowerR"] = CFrame.new(0.000000, 0.000000, 0.000000, 0.999780, 0.020975, 0.000000, -0.020975, 0.999780, -0.000000, -0.000000, 0.000000, 1.000000),
      ["M6DOrbs"] = CFrame.new(0.000000, 0.000000, 0.000000, 1.000000, 0.000000, 0.000000, 0.000000, 0.618430, -0.785840, 0.000000, 0.785840, 0.618430),
      ["M6DRod"] = CFrame.new(0.000000, 0.000000, 0.000000, 1.000000, 0.000000, 0.000000, 0.000000, 0.992113, -0.125351, 0.000000, 0.125351, 0.992113),
      ["M6DUpperL"] = CFrame.new(0.000000, 0.000000, 0.000000, 0.953084, -0.006400, -0.302639, -0.110135, 0.923924, -0.366380, 0.281960, 0.382522, 0.879872),
      ["M6DUpperR"] = CFrame.new(0.000000, 0.000000, 0.000000, 0.953084, 0.006400, 0.302639, 0.110135, 0.923924, -0.366380, -0.281960, 0.382522, 0.879872),
      ["RightUpperLeg"] = CFrame.new(0.234583, -0.144931, -0.281981, 0.958564, -0.157441, -0.237421, -0.119087, 0.535646, -0.836004, 0.258794, 0.829636, 0.494701)
    }},
    { Time = 0.217, Data = {
      ["LeftUpperLeg"] = CFrame.new(-0.234145, -0.144440, -0.280029, 0.959126, 0.155830, 0.236210, 0.118966, 0.535332, -0.836222, -0.256759, 0.830143, 0.494912),
      ["LowerTorso"] = CFrame.new(0.000000, 0.303740, -0.470801, 1.000000, -0.000000, 0.000000, 0.000000, 0.511289, 0.859409, -0.000000, -0.859409, 0.511289),
      ["M6DLowerL"] = CFrame.new(0.000000, 0.000000, 0.000000, 0.999957, -0.009323, 0.000000, 0.009323, 0.999957, 0.000000, 0.000000, 0.000000, 1.000000),
      ["M6DLowerR"] = CFrame.new(0.000000, 0.000000, 0.000000, 0.999957, 0.009323, 0.000000, -0.009323, 0.999957, -0.000000, -0.000000, 0.000000, 1.000000),
      ["M6DOrbs"] = CFrame.new(0.000000, 0.000000, 0.000000, 1.000000, 0.000000, 0.000000, 0.000000, 0.626008, -0.779816, 0.000000, 0.779816, 0.626008),
      ["M6DRod"] = CFrame.new(0.000000, 0.000000, 0.000000, 1.000000, 0.000000, 0.000000, 0.000000, 0.993723, -0.111870, 0.000000, 0.111870, 0.993723),
      ["M6DUpperL"] = CFrame.new(0.000000, 0.000000, 0.000000, 0.945841, -0.002978, -0.324617, -0.117209, 0.929373, -0.350040, 0.302733, 0.369130, 0.878690),
      ["M6DUpperR"] = CFrame.new(0.000000, 0.000000, 0.000000, 0.945841, 0.002978, 0.324617, 0.117209, 0.929373, -0.350040, -0.302733, 0.369130, 0.878690),
      ["RightUpperLeg"] = CFrame.new(0.235091, -0.143569, -0.283145, 0.957217, -0.158928, -0.241823, -0.120681, 0.540293, -0.832778, 0.263007, 0.826333, 0.497998)
    }},
    { Time = 0.233, Data = {
      ["LeftUpperLeg"] = CFrame.new(-0.234534, -0.143088, -0.280772, 0.957991, 0.156902, 0.240073, 0.120448, 0.539570, -0.833280, -0.260280, 0.827191, 0.498005),
      ["LowerTorso"] = CFrame.new(0.000000, 0.304350, -0.476671, 1.000000, -0.000000, 0.000000, 0.000000, 0.513080, 0.858341, -0.000000, -0.858341, 0.513080),
      ["M6DLowerL"] = CFrame.new(0.000000, 0.000000, 0.000000, 0.999997, -0.002331, 0.000000, 0.002331, 0.999997, 0.000000, 0.000000, 0.000000, 1.000000),
      ["M6DLowerR"] = CFrame.new(0.000000, 0.000000, 0.000000, 0.999997, 0.002331, 0.000000, -0.002331, 0.999997, -0.000000, -0.000000, 0.000000, 1.000000),
      ["M6DOrbs"] = CFrame.new(0.000000, 0.000000, 0.000000, 1.000000, 0.000000, 0.000000, 0.000000, 0.634102, -0.773250, 0.000000, 0.773250, 0.634102),
      ["M6DRod"] = CFrame.new(0.000000, 0.000000, 0.000000, 1.000000, 0.000000, 0.000000, 0.000000, 0.995073, -0.099148, 0.000000, 0.099148, 0.995073),
      ["M6DUpperL"] = CFrame.new(0.000000, 0.000000, 0.000000, 0.941249, -0.000745, -0.337712, -0.121292, 0.932529, -0.340115, 0.315180, 0.361095, 0.877652),
      ["M6DUpperR"] = CFrame.new(0.000000, 0.000000, 0.000000, 0.941249, 0.000745, 0.337712, 0.121292, 0.932529, -0.340115, -0.315180, 0.361095, 0.877652),
      ["RightUpperLeg"] = CFrame.new(0.235647, -0.142093, -0.284379, 0.955748, -0.160407, -0.246610, -0.122413, 0.545413, -0.829180, 0.267510, 0.822675, 0.501641)
    }},
    { Time = 0.250, Data = {
      ["LeftUpperLeg"] = CFrame.new(-0.234956, -0.141670, -0.281565, 0.956765, 0.158019, 0.244196, 0.121972, 0.544202, -0.830040, -0.264054, 0.823938, 0.501399),
      ["LowerTorso"] = CFrame.new(0.000000, 0.304970, -0.483002, 1.000000, -0.000000, 0.000000, 0.000000, 0.515037, 0.857168, -0.000000, -0.857168, 0.515037),
      ["M6DOrbs"] = CFrame.new(0.000000, 0.000000, 0.000000, 1.000000, 0.000000, 0.000000, 0.000000, 0.642763, -0.766065, 0.000000, 0.766065, 0.642763),
      ["M6DRod"] = CFrame.new(0.000000, 0.000000, 0.000000, 1.000000, 0.000000, 0.000000, 0.000000, 0.996192, -0.087188, 0.000000, 0.087188, 0.996192),
      ["M6DUpperL"] = CFrame.new(0.000000, 0.000000, 0.000000, 0.939691, -0.000016, -0.342026, -0.122554, 0.933584, -0.336751, 0.319315, 0.358359, 0.877278),
      ["M6DUpperR"] = CFrame.new(0.000000, 0.000000, 0.000000, 0.939691, 0.000016, 0.342026, 0.122554, 0.933584, -0.336751, -0.319315, 0.358359, 0.877278),
      ["RightUpperLeg"] = CFrame.new(0.236269, -0.140547, -0.285754, 0.954121, -0.162087, -0.251755, -0.124195, 0.550830, -0.825326, 0.272449, 0.818727, 0.505428)
    }},
    { Time = 0.267, Data = {
      ["LeftUpperLeg"] = CFrame.new(-0.235399, -0.140236, -0.282395, 0.955495, 0.159167, 0.248386, 0.123530, 0.548728, -0.826824, -0.267900, 0.820709, 0.504645),
      ["LowerTorso"] = CFrame.new(0.000000, 0.305594, -0.489337, 1.000000, -0.000000, 0.000000, 0.000000, 0.516991, 0.855991, -0.000000, -0.855991, 0.516991),
      ["M6DOrbs"] = CFrame.new(0.000000, 0.000000, 0.000000, 1.000000, 0.000000, 0.000000, 0.000000, 0.651393, -0.758740, 0.000000, 0.758740, 0.651393),
      ["M6DRod"] = CFrame.new(0.000000, 0.000000, 0.000000, 1.000000, 0.000000, 0.000000, 0.000000, 0.997115, -0.075909, 0.000000, 0.075909, 0.997115),
      ["M6DUpperL"] = CFrame.new(0.000000, 0.000000, 0.000000, 0.939961, 0.000045, -0.341282, -0.122336, 0.933589, -0.336816, 0.318602, 0.358345, 0.877543),
      ["M6DUpperR"] = CFrame.new(0.000000, 0.000000, 0.000000, 0.939961, -0.000045, 0.341282, 0.122336, 0.933589, -0.336816, -0.318602, 0.358345, 0.877543),
      ["RightUpperLeg"] = CFrame.new(0.236905, -0.138979, -0.287114, 0.952467, -0.163661, -0.256946, -0.126022, 0.556216, -0.821427, 0.277353, 0.814763, 0.509152)
    }},
    { Time = 0.283, Data = {
      ["LeftUpperLeg"] = CFrame.new(-0.235813, -0.138917, -0.283148, 0.954310, 0.160169, 0.252265, 0.124946, 0.552987, -0.823768, -0.271442, 0.817650, 0.507708),
      ["LowerTorso"] = CFrame.new(0.000000, 0.306214, -0.495217, 1.000000, -0.000000, 0.000000, 0.000000, 0.518771, 0.854913, -0.000000, -0.854913, 0.518771),
      ["M6DOrbs"] = CFrame.new(0.000000, 0.000000, 0.000000, 1.000000, 0.000000, 0.000000, 0.000000, 0.659277, -0.751900, 0.000000, 0.751900, 0.659277),
      ["M6DRod"] = CFrame.new(0.000000, 0.000000, 0.000000, 1.000000, 0.000000, 0.000000, 0.000000, 0.997854, -0.065483, 0.000000, 0.065483, 0.997854),
      ["M6DUpperL"] = CFrame.new(0.000000, 0.000000, 0.000000, 0.940750, 0.000027, -0.339100, -0.121542, 0.933586, -0.337114, 0.316570, 0.358355, 0.878274),
      ["M6DUpperR"] = CFrame.new(0.000000, 0.000000, 0.000000, 0.940750, -0.000027, 0.339100, 0.121542, 0.933586, -0.337114, -0.316570, 0.358355, 0.878274),
      ["RightUpperLeg"] = CFrame.new(0.237502, -0.137582, -0.288377, 0.950917, -0.165129, -0.261706, -0.127597, 0.561244, -0.817756, 0.281916, 0.811010, 0.512626)
    }},
    { Time = 0.300, Data = {
      ["LeftUpperLeg"] = CFrame.new(-0.236210, -0.137724, -0.283877, 0.953187, 0.161157, 0.255856, 0.126201, 0.556898, -0.820937, -0.274786, 0.814796, 0.510490),
      ["LowerTorso"] = CFrame.new(0.000000, 0.306829, -0.500641, 1.000000, -0.000000, 0.000000, 0.000000, 0.520378, 0.853936, -0.000000, -0.853936, 0.520378),
      ["M6DOrbs"] = CFrame.new(0.000000, 0.000000, 0.000000, 1.000000, 0.000000, 0.000000, 0.000000, 0.666507, -0.745499, 0.000000, 0.745499, 0.666507),
      ["M6DRod"] = CFrame.new(0.000000, 0.000000, 0.000000, 1.000000, 0.000000, 0.000000, 0.000000, 0.998440, -0.055829, 0.000000, 0.055829, 0.998440),
      ["M6DUpperL"] = CFrame.new(0.000000, 0.000000, 0.000000, 0.942043, 0.000015, -0.335492, -0.120255, 0.933567, -0.337627, 0.313199, 0.358404, 0.879462),
      ["M6DUpperR"] = CFrame.new(0.000000, 0.000000, 0.000000, 0.942043, -0.000015, 0.335492, 0.120255, 0.933567, -0.337627, -0.313199, 0.358404, 0.879462),
      ["RightUpperLeg"] = CFrame.new(0.238069, -0.136288, -0.289558, 0.949450, -0.166476, -0.266138, -0.129055, 0.565842, -0.814351, 0.286162, 0.807533, 0.515754)
    }},
    { Time = 0.317, Data = {
      ["LeftUpperLeg"] = CFrame.new(-0.236573, -0.136644, -0.284529, 0.952157, 0.162007, 0.259134, 0.127321, 0.560550, -0.818274, -0.277824, 0.812119, 0.513105),
      ["LowerTorso"] = CFrame.new(0.000000, 0.307353, -0.505660, 1.000000, -0.000000, 0.000000, 0.000000, 0.521899, 0.853007, -0.000000, -0.853007, 0.521899),
      ["M6DOrbs"] = CFrame.new(0.000000, 0.000000, 0.000000, 1.000000, 0.000000, 0.000000, 0.000000, 0.673170, -0.739487, 0.000000, 0.739487, 0.673170),
      ["M6DRod"] = CFrame.new(0.000000, 0.000000, 0.000000, 1.000000, 0.000000, 0.000000, 0.000000, 0.998897, -0.046946, 0.000000, 0.046946, 0.998897),
      ["M6DUpperL"] = CFrame.new(0.000000, 0.000000, 0.000000, 0.943856, -0.000044, -0.330359, -0.118362, 0.933568, -0.338290, 0.308427, 0.358399, 0.881149),
      ["M6DUpperR"] = CFrame.new(0.000000, 0.000000, 0.000000, 0.943856, 0.000044, 0.330359, 0.118362, 0.933568, -0.338290, -0.308427, 0.358399, 0.881149),
      ["RightUpperLeg"] = CFrame.new(0.238592, -0.135122, -0.290621, 0.948102, -0.167653, -0.270177, -0.130347, 0.570095, -0.811173, 0.290023, 0.804291, 0.518655)
    }},
    { Time = 0.333, Data = {
      ["LeftUpperLeg"] = CFrame.new(-0.236914, -0.135604, -0.285113, 0.951198, 0.162713, 0.262196, 0.128451, 0.563786, -0.815871, -0.280575, 0.809735, 0.515371),
      ["LowerTorso"] = CFrame.new(0.000000, 0.307786, -0.510274, 1.000000, -0.000000, 0.000000, 0.000000, 0.523333, 0.852128, -0.000000, -0.852128, 0.523333),
      ["M6DOrbs"] = CFrame.new(0.000000, 0.000000, 0.000000, 1.000000, 0.000000, 0.000000, 0.000000, 0.679145, -0.734004, 0.000000, 0.734004, 0.679145),
      ["M6DRod"] = CFrame.new(0.000000, 0.000000, 0.000000, 1.000000, 0.000000, 0.000000, 0.000000, 0.999249, -0.038751, 0.000000, 0.038751, 0.999249),
      ["M6DUpperL"] = CFrame.new(0.000000, 0.000000, 0.000000, 0.946152, 0.000017, -0.323722, -0.116028, 0.933579, -0.339068, 0.302215, 0.358371, 0.883310),
      ["M6DUpperR"] = CFrame.new(0.000000, 0.000000, 0.000000, 0.946152, -0.000017, 0.323722, 0.116028, 0.933579, -0.339068, -0.302215, 0.358371, 0.883310),
      ["RightUpperLeg"] = CFrame.new(0.239081, -0.134063, -0.291603, 0.946847, -0.168707, -0.273895, -0.131518, 0.574009, -0.808218, 0.293570, 0.801281, 0.521311)
    }},
    { Time = 0.350, Data = {
      ["LeftUpperLeg"] = CFrame.new(-0.237219, -0.134711, -0.285638, 0.950337, 0.163362, 0.264903, 0.129377, 0.566767, -0.813657, -0.283058, 0.807520, 0.517484),
      ["LowerTorso"] = CFrame.new(0.000000, 0.308211, -0.514431, 1.000000, -0.000000, 0.000000, 0.000000, 0.524596, 0.851351, -0.000000, -0.851351, 0.524596),
      ["M6DOrbs"] = CFrame.new(0.000000, 0.000000, 0.000000, 1.000000, 0.000000, 0.000000, 0.000000, 0.684516, -0.728998, 0.000000, 0.728998, 0.684516),
      ["M6DRod"] = CFrame.new(0.000000, 0.000000, 0.000000, 1.000000, 0.000000, 0.000000, 0.000000, 0.999506, -0.031417, 0.000000, 0.031417, 0.999506),
      ["M6DUpperL"] = CFrame.new(0.000000, 0.000000, 0.000000, 0.948884, -0.000002, -0.315626, -0.113111, 0.933578, -0.340056, 0.294662, 0.358374, 0.885857),
      ["M6DUpperR"] = CFrame.new(0.000000, 0.000000, 0.000000, 0.948884, 0.000002, 0.315626, 0.113111, 0.933578, -0.340056, -0.294662, 0.358374, 0.885857),
      ["RightUpperLeg"] = CFrame.new(0.239533, -0.133099, -0.292500, 0.945691, -0.169654, -0.277282, -0.132588, 0.577509, -0.805546, 0.296797, 0.798562, 0.523651)
    }},
    { Time = 0.367, Data = {
      ["LeftUpperLeg"] = CFrame.new(-0.237501, -0.133938, -0.286138, 0.949548, 0.164010, 0.267320, 0.130155, 0.569415, -0.811681, -0.285340, 0.805523, 0.519340),
      ["LowerTorso"] = CFrame.new(0.000000, 0.308629, -0.518130, 1.000000, -0.000000, 0.000000, 0.000000, 0.525690, 0.850676, -0.000000, -0.850676, 0.525690),
      ["M6DOrbs"] = CFrame.new(0.000000, 0.000000, 0.000000, 1.000000, 0.000000, 0.000000, 0.000000, 0.689365, -0.724414, 0.000000, 0.724414, 0.689365),
      ["M6DRod"] = CFrame.new(0.000000, 0.000000, 0.000000, 1.000000, 0.000000, 0.000000, 0.000000, 0.999691, -0.024859, 0.000000, 0.024859, 0.999691),
      ["M6DUpperL"] = CFrame.new(0.000000, 0.000000, 0.000000, 0.952007, -0.000002, -0.306077, -0.109680, 0.933589, -0.341148, 0.285751, 0.358346, 0.888783),
      ["M6DUpperR"] = CFrame.new(0.000000, 0.000000, 0.000000, 0.952007, 0.000002, 0.306077, 0.109680, 0.933589, -0.341148, -0.285751, 0.358346, 0.888783),
      ["RightUpperLeg"] = CFrame.new(0.239948, -0.132229, -0.293312, 0.944638, -0.170500, -0.280339, -0.133559, 0.580599, -0.803161, 0.299703, 0.796138, 0.525683)
    }},
    { Time = 0.383, Data = {
      ["LeftUpperLeg"] = CFrame.new(-0.237744, -0.133227, -0.286536, 0.948864, 0.164470, 0.269455, 0.130898, 0.571738, -0.809927, -0.287266, 0.803782, 0.520973),
      ["LowerTorso"] = CFrame.new(0.000000, 0.308954, -0.521421, 1.000000, -0.000000, 0.000000, 0.000000, 0.526698, 0.850052, -0.000000, -0.850052, 0.526698),
      ["M6DOrbs"] = CFrame.new(0.000000, 0.000000, 0.000000, 1.000000, 0.000000, 0.000000, 0.000000, 0.693570, -0.720390, 0.000000, 0.720390, 0.693570),
      ["M6DRod"] = CFrame.new(0.000000, 0.000000, 0.000000, 1.000000, 0.000000, 0.000000, 0.000000, 0.999820, -0.018990, 0.000000, 0.018990, 0.999820),
      ["M6DUpperL"] = CFrame.new(0.000000, 0.000000, 0.000000, 0.955396, 0.000038, -0.295327, -0.105875, 0.933574, -0.342388, 0.275697, 0.358384, 0.891938),
      ["M6DUpperR"] = CFrame.new(0.000000, 0.000000, 0.000000, 0.955396, -0.000038, 0.295327, 0.105875, 0.933574, -0.342388, -0.275697, 0.358384, 0.891938),
      ["RightUpperLeg"] = CFrame.new(0.240308, -0.131479, -0.294006, 0.943718, -0.171194, -0.282999, -0.134382, 0.583362, -0.801018, 0.302221, 0.793965, 0.527524)
    }},
    { Time = 0.400, Data = {
      ["LeftUpperLeg"] = CFrame.new(-0.237961, -0.132633, -0.286907, 0.948258, 0.164935, 0.271299, 0.131498, 0.573734, -0.808417, -0.288990, 0.802263, 0.522359),
      ["LowerTorso"] = CFrame.new(0.000000, 0.309270, -0.524254, 1.000000, -0.000000, 0.000000, 0.000000, 0.527538, 0.849532, -0.000000, -0.849532, 0.527538),
      ["M6DOrbs"] = CFrame.new(0.000000, 0.000000, 0.000000, 1.000000, 0.000000, 0.000000, 0.000000, 0.697141, -0.716935, 0.000000, 0.716935, 0.697141),
      ["M6DRod"] = CFrame.new(0.000000, 0.000000, 0.000000, 1.000000, 0.000000, 0.000000, 0.000000, 0.999902, -0.013984, 0.000000, 0.013984, 0.999902),
      ["M6DUpperL"] = CFrame.new(0.000000, 0.000000, 0.000000, 0.958310, 0.000035, -0.285729, -0.102429, 0.933578, -0.343424, 0.266739, 0.358374, 0.894661),
      ["M6DUpperR"] = CFrame.new(0.000000, 0.000000, 0.000000, 0.958310, -0.000035, 0.285729, 0.102429, 0.933578, -0.343424, -0.266739, 0.358374, 0.894661),
      ["RightUpperLeg"] = CFrame.new(0.240628, -0.130857, -0.294632, 0.942906, -0.171870, -0.285288, -0.135039, 0.585722, -0.799183, 0.304455, 0.792080, 0.529072)
    }},
    { Time = 0.417, Data = {
      ["LeftUpperLeg"] = CFrame.new(-0.238152, -0.132118, -0.287233, 0.947732, 0.165330, 0.272893, 0.132032, 0.575408, -0.807139, -0.290469, 0.800982, 0.523503),
      ["LowerTorso"] = CFrame.new(0.000000, 0.309492, -0.526680, 1.000000, -0.000000, 0.000000, 0.000000, 0.528293, 0.849062, -0.000000, -0.849062, 0.528293),
      ["M6DOrbs"] = CFrame.new(0.000000, 0.000000, 0.000000, 1.000000, 0.000000, 0.000000, 0.000000, 0.700223, -0.713924, 0.000000, 0.713924, 0.700223),
      ["M6DRod"] = CFrame.new(0.000000, 0.000000, 0.000000, 1.000000, 0.000000, 0.000000, 0.000000, 0.999953, -0.009668, 0.000000, 0.009668, 0.999953),
      ["M6DUpperL"] = CFrame.new(0.000000, 0.000000, 0.000000, 0.960733, 0.000028, -0.277474, -0.099474, 0.933565, -0.344326, 0.259030, 0.358407, 0.896910),
      ["M6DUpperR"] = CFrame.new(0.000000, 0.000000, 0.000000, 0.960733, -0.000028, 0.277474, 0.099474, 0.933565, -0.344326, -0.259030, 0.358407, 0.896910),
      ["RightUpperLeg"] = CFrame.new(0.240891, -0.130313, -0.295121, 0.942236, -0.172325, -0.287219, -0.135629, 0.587764, -0.797583, 0.306261, 0.790467, 0.530440)
    }},
    { Time = 0.433, Data = {
      ["LeftUpperLeg"] = CFrame.new(-0.238301, -0.131707, -0.287478, 0.947315, 0.165605, 0.274172, 0.132446, 0.576839, -0.806049, -0.291639, 0.799894, 0.524515),
      ["LowerTorso"] = CFrame.new(0.000000, 0.309706, -0.528646, 1.000000, -0.000000, 0.000000, 0.000000, 0.528879, 0.848697, -0.000000, -0.848697, 0.528879),
      ["M6DOrbs"] = CFrame.new(0.000000, 0.000000, 0.000000, 1.000000, 0.000000, 0.000000, 0.000000, 0.702691, -0.711495, 0.000000, 0.711495, 0.702691),
      ["M6DRod"] = CFrame.new(0.000000, 0.000000, 0.000000, 1.000000, 0.000000, 0.000000, 0.000000, 0.999981, -0.006215, 0.000000, 0.006215, 0.999981),
      ["M6DUpperL"] = CFrame.new(0.000000, 0.000000, 0.000000, 0.962631, -0.000017, -0.270816, -0.097045, 0.933568, -0.345011, 0.252831, 0.358399, 0.898680),
      ["M6DUpperR"] = CFrame.new(0.000000, 0.000000, 0.000000, 0.962631, 0.000017, 0.270816, 0.097045, 0.933568, -0.345011, -0.252831, 0.358399, 0.898680),
      ["RightUpperLeg"] = CFrame.new(0.241125, -0.129876, -0.295578, 0.941649, -0.172806, -0.288851, -0.136097, 0.589408, -0.796289, 0.307855, 0.789137, 0.531497)
    }},
    { Time = 0.450, Data = {
      ["LeftUpperLeg"] = CFrame.new(-0.238422, -0.131373, -0.287677, 0.946980, 0.165814, 0.275199, 0.132797, 0.577952, -0.805194, -0.292564, 0.799048, 0.525289),
      ["LowerTorso"] = CFrame.new(0.000000, 0.309909, -0.530152, 1.000000, -0.000000, 0.000000, 0.000000, 0.529298, 0.848436, -0.000000, -0.848436, 0.529298),
      ["M6DOrbs"] = CFrame.new(0.000000, 0.000000, 0.000000, 1.000000, 0.000000, 0.000000, 0.000000, 0.704618, -0.709586, 0.000000, 0.709586, 0.704618),
      ["M6DRod"] = CFrame.new(0.000000, 0.000000, 0.000000, 1.000000, 0.000000, 0.000000, 0.000000, 0.999994, -0.003453, 0.000000, 0.003453, 0.999994),
      ["M6DUpperL"] = CFrame.new(0.000000, 0.000000, 0.000000, 0.964102, 0.000031, -0.265531, -0.095183, 0.933584, -0.345487, 0.247885, 0.358358, 0.900073),
      ["M6DUpperR"] = CFrame.new(0.000000, 0.000000, 0.000000, 0.964102, -0.000031, 0.265531, 0.095183, 0.933584, -0.345487, -0.247885, 0.358358, 0.900073),
      ["RightUpperLeg"] = CFrame.new(0.241299, -0.129508, -0.295894, 0.941209, -0.173086, -0.290117, -0.136518, 0.590660, -0.795289, 0.309013, 0.788139, 0.532305)
    }},
    { Time = 0.467, Data = {
      ["LeftUpperLeg"] = CFrame.new(-0.238515, -0.131146, -0.287845, 0.946727, 0.166047, 0.275928, 0.133025, 0.578665, -0.804644, -0.293278, 0.798483, 0.525750),
      ["LowerTorso"] = CFrame.new(0.000000, 0.310019, -0.531251, 1.000000, -0.000000, 0.000000, 0.000000, 0.529633, 0.848227, -0.000000, -0.848227, 0.529633),
      ["M6DOrbs"] = CFrame.new(0.000000, 0.000000, 0.000000, 1.000000, 0.000000, 0.000000, 0.000000, 0.706010, -0.708202, 0.000000, 0.708202, 0.706010),
      ["M6DRod"] = CFrame.new(0.000000, 0.000000, 0.000000, 1.000000, 0.000000, 0.000000, 0.000000, 0.999999, -0.001554, 0.000000, 0.001554, 0.999999),
      ["M6DUpperL"] = CFrame.new(0.000000, 0.000000, 0.000000, 0.965107, 0.000029, -0.261857, -0.093863, 0.933586, -0.345841, 0.244456, 0.358352, 0.901013),
      ["M6DUpperR"] = CFrame.new(0.000000, 0.000000, 0.000000, 0.965107, -0.000029, 0.261857, 0.093863, 0.933586, -0.345841, -0.244456, 0.358352, 0.901013),
      ["RightUpperLeg"] = CFrame.new(0.241414, -0.129290, -0.296109, 0.940913, -0.173302, -0.290946, -0.136727, 0.591596, -0.794556, 0.309821, 0.787388, 0.532945)
    }},
    { Time = 0.483, Data = {
      ["LeftUpperLeg"] = CFrame.new(-0.238565, -0.130985, -0.287914, 0.946588, 0.166086, 0.276381, 0.133212, 0.579142, -0.804269, -0.293642, 0.798129, 0.526084),
      ["LowerTorso"] = CFrame.new(0.000000, 0.310034, -0.531941, 1.000000, -0.000000, 0.000000, 0.000000, 0.529884, 0.848070, -0.000000, -0.848070, 0.529884),
      ["M6DOrbs"] = CFrame.new(0.000000, 0.000000, 0.000000, 1.000000, 0.000000, 0.000000, 0.000000, 0.706804, -0.707410, 0.000000, 0.707410, 0.706804),
      ["M6DRod"] = CFrame.new(0.000000, 0.000000, 0.000000, 1.000000, 0.000000, 0.000000, 0.000000, 1.000000, -0.000345, 0.000000, 0.000345, 1.000000),
      ["M6DUpperL"] = CFrame.new(0.000000, 0.000000, 0.000000, 0.965730, 0.000026, -0.259548, -0.093040, 0.933576, -0.346092, 0.242299, 0.358380, 0.901585),
      ["M6DUpperR"] = CFrame.new(0.000000, 0.000000, 0.000000, 0.965730, -0.000026, 0.259548, 0.093040, 0.933576, -0.346092, -0.242299, 0.358380, 0.901585),
      ["RightUpperLeg"] = CFrame.new(0.241498, -0.129139, -0.296274, 0.940705, -0.173473, -0.291515, -0.136894, 0.592142, -0.794121, 0.310377, 0.786940, 0.533284)
    }},
    { Time = 0.500, Data = {
      ["LeftUpperLeg"] = CFrame.new(-0.238587, -0.130937, -0.287956, 0.946532, 0.166138, 0.276543, 0.133263, 0.579300, -0.804147, -0.293801, 0.798003, 0.526186),
      ["LowerTorso"] = CFrame.new(0.000000, 0.310123, -0.532119, 1.000000, -0.000000, 0.000000, 0.000000, 0.529884, 0.848070, -0.000000, -0.848070, 0.529884),
      ["M6DOrbs"] = CFrame.new(0.000000, 0.000000, 0.000000, 1.000000, 0.000000, 0.000000, 0.000000, 0.707134, -0.707079, 0.000000, 0.707079, 0.707134),
