return {
  ["Astros grabbing"] = {
    { Time = 0.000, Data = {
      ["Balls"] = CFrame.new(0.000000, 0.000000, 0.000000, 0.981306, 0.192456, 0.000000, -0.192456, 0.981306, -0.000000, -0.000000, 0.000000, 1.000000),
      ["Cock"] = CFrame.new(0.000000, -0.000000, -0.000000, 0.898178, 0.438281, -0.034453, -0.437631, 0.898808, 0.024955, 0.041904, -0.007337, 0.999095),
      ["Head"] = CFrame.new(0.000000, 0.000000, 0.000000, 1.000000, -0.000000, 0.000000, 0.000000, 0.945831, 0.324658, -0.000000, -0.324658, 0.945831),
      ["LeftUpperArm"] = CFrame.new(-0.038604, -0.404353, 0.180349, 0.941718, -0.146783, -0.302692, -0.151814, 0.617521, -0.771765, 0.300201, 0.772738, 0.559246),
      ["LeftUpperLeg"] = CFrame.new(-0.000378, -0.011898, -0.015371, 0.999244, 0.025549, 0.029301, -0.023796, 0.997993, -0.058689, -0.030742, 0.057947, 0.997846),
      ["LowerTorso"] = CFrame.new(0.000000, 0.002827, 0.432116, 1.000000, -0.000000, 0.000000, 0.000000, 0.997173, 0.075133, -0.000000, -0.075133, 0.997173),
      ["RightUpperArm"] = CFrame.new(0.034223, -0.479287, 0.204143, 0.932370, 0.130128, 0.337273, 0.241786, 0.469112, -0.849396, -0.268749, 0.873499, 0.405923),
      ["RightUpperLeg"] = CFrame.new(0.000574, -0.010247, -0.021623, 0.998854, -0.022978, -0.041980, 0.020497, 0.998071, -0.058604, 0.043246, 0.057676, 0.997398)
    }},
    { Time = 0.017, Data = {
      ["Cock"] = CFrame.new(0.000000, 0.000000, -0.000000, 0.898174, 0.438281, -0.034537, -0.437630, 0.898808, 0.024974, 0.041988, -0.007317, 0.999091),
      ["Head"] = CFrame.new(0.000000, 0.000000, -0.000000, 1.000000, -0.000000, 0.000000, 0.000000, 0.945945, 0.324327, -0.000000, -0.324327, 0.945945),
      ["LeftUpperArm"] = CFrame.new(-0.038613, -0.404405, 0.180364, 0.941718, -0.146798, -0.302685, -0.151828, 0.617445, -0.771822, 0.300193, 0.772795, 0.559171),
      ["LeftUpperLeg"] = CFrame.new(-0.000378, -0.011898, -0.015371, 0.999244, 0.025549, 0.029301, -0.023796, 0.997993, -0.058689, -0.030742, 0.057947, 0.997846),
      ["LowerTorso"] = CFrame.new(0.000000, 0.002827, 0.432116, 1.000000, -0.000000, 0.000000, 0.000000, 0.997173, 0.075133, -0.000000, -0.075133, 0.997173),
      ["RightUpperArm"] = CFrame.new(0.034241, -0.479326, 0.204186, 0.932370, 0.130145, 0.337266, 0.241800, 0.469023, -0.849441, -0.268736, 0.873544, 0.405834),
      ["RightUpperLeg"] = CFrame.new(0.000574, -0.010247, -0.021623, 0.998854, -0.022978, -0.041980, 0.020497, 0.998071, -0.058604, 0.043246, 0.057676, 0.997398)
    }},
    { Time = 0.033, Data = {
      ["Cock"] = CFrame.new(0.000000, -0.000000, -0.000000, 0.898174, 0.438281, -0.034537, -0.437630, 0.898808, 0.024974, 0.041988, -0.007317, 0.999091),
      ["Head"] = CFrame.new(0.000000, 0.000000, 0.000000, 1.000000, -0.000000, 0.000000, 0.000000, 0.946059, 0.323996, -0.000000, -0.323996, 0.946059),
      ["LeftUpperArm"] = CFrame.new(-0.038632, -0.404521, 0.180377, 0.941718, -0.146813, -0.302678, -0.151843, 0.617370, -0.771880, 0.300186, 0.772852, 0.559095),
      ["LeftUpperLeg"] = CFrame.new(-0.000378, -0.011898, -0.015371, 0.999244, 0.025549, 0.029301, -0.023796, 0.997993, -0.058689, -0.030742, 0.057947, 0.997846),
      ["LowerTorso"] = CFrame.new(0.000000, 0.002827, 0.432116, 1.000000, -0.000000, 0.000000, 0.000000, 0.997173, 0.075133, -0.000000, -0.075133, 0.997173),
      ["RightUpperArm"] = CFrame.new(0.034280, -0.479374, 0.204279, 0.932370, 0.130145, 0.337266, 0.241800, 0.469023, -0.849441, -0.268736, 0.873544, 0.405834),
      ["RightUpperLeg"] = CFrame.new(0.000574, -0.010247, -0.021623, 0.998854, -0.022980, -0.041979, 0.020495, 0.998066, -0.058690, 0.043247, 0.057762, 0.997393)
    }},
    { Time = 0.050, Data = {
      ["Cock"] = CFrame.new(0.000000, 0.000000, -0.000000, 0.898213, 0.438201, -0.034538, -0.437550, 0.898847, 0.024973, 0.041987, -0.007319, 0.999091),
      ["Head"] = CFrame.new(0.000000, 0.000000, 0.000000, 1.000000, -0.000000, 0.000000, 0.000000, 0.946200, 0.323582, -0.000000, -0.323582, 0.946200),
      ["LeftUpperArm"] = CFrame.new(-0.038660, -0.404702, 0.180389, 0.941718, -0.146827, -0.302671, -0.151858, 0.617294, -0.771938, 0.300178, 0.772910, 0.559020),
      ["LeftUpperLeg"] = CFrame.new(-0.000378, -0.011898, -0.015371, 0.999244, 0.025549, 0.029301, -0.023796, 0.997993, -0.058689, -0.030742, 0.057947, 0.997846),
      ["LowerTorso"] = CFrame.new(0.000000, 0.002827, 0.432117, 1.000000, -0.000000, 0.000000, 0.000000, 0.997173, 0.075133, -0.000000, -0.075133, 0.997173),
      ["RightUpperArm"] = CFrame.new(0.034354, -0.479500, 0.204458, 0.932370, 0.130180, 0.337253, 0.241827, 0.468846, -0.849531, -0.268711, 0.873634, 0.405657),
      ["RightUpperLeg"] = CFrame.new(0.000574, -0.010247, -0.021623, 0.998854, -0.022980, -0.041979, 0.020495, 0.998066, -0.058690, 0.043247, 0.057762, 0.997393)
    }},
    { Time = 0.067, Data = {
      ["Cock"] = CFrame.new(0.000000, -0.000000, 0.000000, 0.898213, 0.438203, -0.034518, -0.437548, 0.898846, 0.025057, 0.042007, -0.007403, 0.999090),
      ["Head"] = CFrame.new(0.000000, 0.000000, 0.000000, 1.000000, -0.000000, 0.000000, 0.000000, 0.946313, 0.323250, -0.000000, -0.323250, 0.946313),
      ["LeftUpperArm"] = CFrame.new(-0.038727, -0.404986, 0.180425, 0.941718, -0.146948, -0.302611, -0.151825, 0.617068, -0.772125, 0.300194, 0.773068, 0.558793),
      ["LeftUpperLeg"] = CFrame.new(-0.000378, -0.011898, -0.015371, 0.999244, 0.025551, 0.029300, -0.023795, 0.997988, -0.058775, -0.030743, 0.058033, 0.997841),
      ["LowerTorso"] = CFrame.new(0.000000, 0.002827, 0.432116, 1.000000, -0.000000, 0.000000, 0.000000, 0.997173, 0.075133, -0.000000, -0.075133, 0.997173),
      ["RightUpperArm"] = CFrame.new(0.034474, -0.479656, 0.204694, 0.932376, 0.130287, 0.337196, 0.241783, 0.468674, -0.849639, -0.268731, 0.873711, 0.405479),
      ["RightUpperLeg"] = CFrame.new(0.000574, -0.010247, -0.021623, 0.998854, -0.022980, -0.041979, 0.020495, 0.998066, -0.058690, 0.043247, 0.057762, 0.997393)
    }},
    { Time = 0.083, Data = {
      ["Cock"] = CFrame.new(0.000000, 0.000000, 0.000000, 0.898248, 0.438124, -0.034604, -0.437468, 0.898884, 0.025075, 0.042091, -0.007386, 0.999086),
      ["Head"] = CFrame.new(0.000000, 0.000000, 0.000000, 1.000000, -0.000000, 0.000000, 0.000000, 0.946427, 0.322919, -0.000000, -0.322919, 0.946427),
      ["LeftUpperArm"] = CFrame.new(-0.038783, -0.405335, 0.180465, 0.941718, -0.146992, -0.302590, -0.151869, 0.616841, -0.772297, 0.300171, 0.773240, 0.558567),
      ["LeftUpperLeg"] = CFrame.new(-0.000378, -0.011897, -0.015371, 0.999244, 0.025551, 0.029300, -0.023795, 0.997988, -0.058775, -0.030743, 0.058033, 0.997841),
      ["LowerTorso"] = CFrame.new(0.000000, 0.002833, 0.432203, 1.000000, -0.000000, 0.000000, 0.000000, 0.997167, 0.075219, -0.000000, -0.075219, 0.997167),
      ["RightUpperArm"] = CFrame.new(0.034612, -0.479845, 0.204994, 0.932344, 0.130366, 0.337251, 0.241854, 0.468496, -0.849716, -0.268775, 0.873794, 0.405270),
      ["RightUpperLeg"] = CFrame.new(0.000574, -0.010245, -0.021624, 0.998854, -0.022982, -0.041978, 0.020493, 0.998061, -0.058776, 0.043247, 0.057848, 0.997388)
    }},
    { Time = 0.100, Data = {
      ["Cock"] = CFrame.new(0.000000, -0.000000, -0.000000, 0.898287, 0.438044, -0.034605, -0.437388, 0.898923, 0.025073, 0.042090, -0.007387, 0.999086),
      ["Head"] = CFrame.new(0.000000, 0.000000, -0.000000, 1.000000, -0.000000, 0.000000, 0.000000, 0.946540, 0.322588, -0.000000, -0.322588, 0.946540),
      ["LeftUpperArm"] = CFrame.new(-0.038869, -0.405747, 0.180499, 0.941718, -0.147113, -0.302530, -0.151837, 0.616614, -0.772484, 0.300187, 0.773398, 0.558340),
      ["LeftUpperLeg"] = CFrame.new(-0.000378, -0.011897, -0.015372, 0.999244, 0.025552, 0.029299, -0.023794, 0.997983, -0.058861, -0.030744, 0.058119, 0.997836),
      ["LowerTorso"] = CFrame.new(0.000000, 0.002833, 0.432203, 1.000000, -0.000000, 0.000000, 0.000000, 0.997167, 0.075219, -0.000000, -0.075219, 0.997167),
      ["RightUpperArm"] = CFrame.new(0.034788, -0.480088, 0.205366, 0.932350, 0.130491, 0.337187, 0.241824, 0.468236, -0.849869, -0.268783, 0.873915, 0.405004),
      ["RightUpperLeg"] = CFrame.new(0.000574, -0.010245, -0.021624, 0.998854, -0.022984, -0.041977, 0.020492, 0.998056, -0.058862, 0.043248, 0.057934, 0.997383)
    }},
    { Time = 0.117, Data = {
      ["Cock"] = CFrame.new(0.000000, 0.000000, -0.000000, 0.898323, 0.437965, -0.034690, -0.437307, 0.898962, 0.025091, 0.042174, -0.007370, 0.999083),
      ["Head"] = CFrame.new(0.000000, 0.000000, 0.000000, 1.000000, -0.000000, 0.000000, 0.000000, 0.946652, 0.322257, -0.000000, -0.322257, 0.946652),
      ["LeftUpperArm"] = CFrame.new(-0.038969, -0.406242, 0.180546, 0.941718, -0.147248, -0.302464, -0.151820, 0.616312, -0.772729, 0.300195, 0.773613, 0.558038),
      ["LeftUpperLeg"] = CFrame.new(-0.000378, -0.011896, -0.015372, 0.999244, 0.025553, 0.029298, -0.023792, 0.997978, -0.058947, -0.030745, 0.058206, 0.997831),
      ["LowerTorso"] = CFrame.new(0.000000, 0.002839, 0.432289, 1.000000, -0.000000, 0.000000, 0.000000, 0.997160, 0.075306, -0.000000, -0.075306, 0.997160),
      ["RightUpperArm"] = CFrame.new(0.034994, -0.480385, 0.205810, 0.932356, 0.130632, 0.337117, 0.241807, 0.467886, -0.850066, -0.268778, 0.874081, 0.404649),
      ["RightUpperLeg"] = CFrame.new(0.000574, -0.010245, -0.021624, 0.998854, -0.022984, -0.041977, 0.020492, 0.998056, -0.058862, 0.043248, 0.057934, 0.997383)
    }},
    { Time = 0.133, Data = {
      ["Cock"] = CFrame.new(0.000000, 0.000000, -0.000000, 0.898358, 0.437885, -0.034775, -0.437227, 0.899001, 0.025109, 0.042258, -0.007352, 0.999080),
      ["Head"] = CFrame.new(0.000000, 0.000000, 0.000000, 1.000000, -0.000000, 0.000000, 0.000000, 0.946765, 0.321925, -0.000000, -0.321925, 0.946765),
      ["LeftUpperArm"] = CFrame.new(-0.039083, -0.406821, 0.180608, 0.941719, -0.147398, -0.302390, -0.151817, 0.615934, -0.773031, 0.300196, 0.773885, 0.557659),
      ["LeftUpperLeg"] = CFrame.new(-0.000378, -0.011896, -0.015373, 0.999244, 0.025554, 0.029297, -0.023791, 0.997972, -0.059033, -0.030746, 0.058292, 0.997826),
      ["LowerTorso"] = CFrame.new(0.000000, 0.002839, 0.432289, 1.000000, -0.000000, 0.000000, 0.000000, 0.997160, 0.075306, -0.000000, -0.075306, 0.997160),
      ["RightUpperArm"] = CFrame.new(0.035226, -0.480714, 0.206316, 0.932362, 0.130774, 0.337046, 0.241790, 0.467536, -0.850263, -0.268773, 0.874247, 0.404293),
      ["RightUpperLeg"] = CFrame.new(0.000574, -0.010244, -0.021625, 0.998854, -0.022985, -0.041976, 0.020490, 0.998051, -0.058948, 0.043249, 0.058021, 0.997378)
    }},
    { Time = 0.150, Data = {
      ["Cock"] = CFrame.new(0.000000, 0.000000, -0.000000, 0.898393, 0.437806, -0.034860, -0.437146, 0.899040, 0.025127, 0.042341, -0.007335, 0.999076),
      ["Head"] = CFrame.new(0.000000, 0.000000, 0.000000, 1.000000, -0.000000, 0.000000, 0.000000, 0.946878, 0.321594, -0.000000, -0.321594, 0.946878),
      ["LeftUpperArm"] = CFrame.new(-0.039210, -0.407482, 0.180683, 0.941719, -0.147563, -0.302309, -0.151829, 0.615481, -0.773390, 0.300189, 0.774215, 0.557205),
      ["LeftUpperLeg"] = CFrame.new(-0.000378, -0.011895, -0.015374, 0.999244, 0.025556, 0.029296, -0.023790, 0.997967, -0.059120, -0.030747, 0.058378, 0.997821),
      ["LowerTorso"] = CFrame.new(0.000000, 0.002846, 0.432375, 1.000000, -0.000000, 0.000000, 0.000000, 0.997154, 0.075392, -0.000000, -0.075392, 0.997154),
      ["RightUpperArm"] = CFrame.new(0.035483, -0.481074, 0.206882, 0.932367, 0.130916, 0.336975, 0.241774, 0.467186, -0.850460, -0.268769, 0.874413, 0.403937),
      ["RightUpperLeg"] = CFrame.new(0.000574, -0.010243, -0.021625, 0.998854, -0.022987, -0.041975, 0.020488, 0.998046, -0.059034, 0.043250, 0.058107, 0.997373)
    }},
    { Time = 0.167, Data = {
      ["Cock"] = CFrame.new(0.000000, 0.000000, -0.000000, 0.898467, 0.437649, -0.034927, -0.436984, 0.899116, 0.025227, 0.042444, -0.007403, 0.999071),
      ["Head"] = CFrame.new(0.000000, 0.000000, -0.000000, 1.000000, -0.000000, 0.000000, 0.000000, 0.946990, 0.321263, -0.000000, -0.321263, 0.946990),
      ["LeftUpperArm"] = CFrame.new(-0.039346, -0.408206, 0.180757, 0.941719, -0.147728, -0.302228, -0.151841, 0.615026, -0.773749, 0.300183, 0.774544, 0.556751),
      ["LeftUpperLeg"] = CFrame.new(-0.000378, -0.011894, -0.015374, 0.999244, 0.025557, 0.029295, -0.023788, 0.997962, -0.059206, -0.030748, 0.058464, 0.997816),
      ["LowerTorso"] = CFrame.new(0.000000, 0.002846, 0.432375, 1.000000, -0.000000, 0.000000, 0.000000, 0.997154, 0.075392, -0.000000, -0.075392, 0.997154),
      ["RightUpperArm"] = CFrame.new(0.035770, -0.481488, 0.207520, 0.932373, 0.131075, 0.336897, 0.241771, 0.466747, -0.850702, -0.268751, 0.874624, 0.403493),
      ["RightUpperLeg"] = CFrame.new(0.000574, -0.010242, -0.021625, 0.998854, -0.022989, -0.041974, 0.020486, 0.998041, -0.059121, 0.043251, 0.058193, 0.997368)
    }},
    { Time = 0.183, Data = {
      ["Cock"] = CFrame.new(0.000000, -0.000000, -0.000000, 0.898542, 0.437490, -0.035013, -0.436823, 0.899193, 0.025243, 0.042528, -0.007388, 0.999068),
      ["Head"] = CFrame.new(0.000000, 0.000000, 0.000000, 1.000000, -0.000000, 0.000000, 0.000000, 0.947103, 0.320931, -0.000000, -0.320931, 0.947103),
      ["LeftUpperArm"] = CFrame.new(-0.039517, -0.409012, 0.180841, 0.941719, -0.147984, -0.302101, -0.151791, 0.614496, -0.774179, 0.300206, 0.774916, 0.556220),
      ["LeftUpperLeg"] = CFrame.new(-0.000378, -0.011894, -0.015375, 0.999244, 0.025558, 0.029294, -0.023787, 0.997957, -0.059292, -0.030749, 0.058550, 0.997811),
      ["LowerTorso"] = CFrame.new(0.000000, 0.002852, 0.432461, 1.000000, -0.000000, 0.000000, 0.000000, 0.997148, 0.075478, -0.000000, -0.075478, 0.997148),
      ["RightUpperArm"] = CFrame.new(0.036099, -0.481956, 0.208228, 0.932348, 0.131296, 0.336882, 0.241826, 0.466219, -0.850976, -0.268791, 0.874872, 0.402927),
      ["RightUpperLeg"] = CFrame.new(0.000574, -0.010240, -0.021626, 0.998854, -0.022993, -0.041972, 0.020482, 0.998030, -0.059293, 0.043253, 0.058365, 0.997358)
    }},
    { Time = 0.200, Data = {
      ["Cock"] = CFrame.new(0.000000, 0.000000, -0.000000, 0.898577, 0.437410, -0.035099, -0.436742, 0.899232, 0.025261, 0.042611, -0.007370, 0.999065),
      ["Head"] = CFrame.new(0.000000, -0.000000, 0.000000, 1.000000, -0.000000, 0.000000, 0.000000, 0.947215, 0.320600, -0.000000, -0.320600, 0.947215),
      ["LeftUpperArm"] = CFrame.new(-0.039677, -0.409880, 0.180927, 0.941720, -0.148164, -0.302013, -0.151818, 0.613966, -0.774595, 0.300192, 0.775302, 0.555690),
      ["LeftUpperLeg"] = CFrame.new(-0.000378, -0.011893, -0.015375, 0.999244, 0.025560, 0.029292, -0.023786, 0.997952, -0.059378, -0.030750, 0.058637, 0.997806),
      ["LowerTorso"] = CFrame.new(0.000000, 0.002859, 0.432547, 1.000000, -0.000000, 0.000000, 0.000000, 0.997141, 0.075564, -0.000000, -0.075564, 0.997141),
      ["RightUpperArm"] = CFrame.new(0.036441, -0.482454, 0.208996, 0.932353, 0.131473, 0.336797, 0.241837, 0.465691, -0.851262, -0.268761, 0.875127, 0.402393),
      ["RightUpperLeg"] = CFrame.new(0.000574, -0.010239, -0.021627, 0.998854, -0.022995, -0.041971, 0.020480, 0.998025, -0.059379, 0.043254, 0.058452, 0.997353)
    }},
    { Time = 0.217, Data = {
      ["Cock"] = CFrame.new(0.000000, 0.000000, 0.000000, 0.898651, 0.437253, -0.035166, -0.436580, 0.899308, 0.025362, 0.042714, -0.007439, 0.999060),
      ["Head"] = CFrame.new(0.000000, 0.000000, 0.000000, 1.000000, -0.000000, 0.000000, 0.000000, 0.947327, 0.320268, -0.000000, -0.320268, 0.947327),
      ["LeftUpperArm"] = CFrame.new(-0.039850, -0.410830, 0.181027, 0.941720, -0.148358, -0.301917, -0.151859, 0.613359, -0.775067, 0.300171, 0.775745, 0.555083),
      ["LeftUpperLeg"] = CFrame.new(-0.000378, -0.011892, -0.015376, 0.999244, 0.025562, 0.029290, -0.023783, 0.997942, -0.059551, -0.030752, 0.058809, 0.997795),
      ["LowerTorso"] = CFrame.new(0.000000, 0.002866, 0.432633, 1.000000, -0.000000, 0.000000, 0.000000, 0.997134, 0.075650, -0.000000, -0.075650, 0.997134),
      ["RightUpperArm"] = CFrame.new(0.036831, -0.483005, 0.209832, 0.932365, 0.131738, 0.336662, 0.241790, 0.465078, -0.851610, -0.268764, 0.875413, 0.401770),
      ["RightUpperLeg"] = CFrame.new(0.000574, -0.010237, -0.021628, 0.998854, -0.022998, -0.041969, 0.020477, 0.998015, -0.059552, 0.043255, 0.058624, 0.997343)
    }},
    { Time = 0.233, Data = {
      ["Cock"] = CFrame.new(0.000000, -0.000000, 0.000000, 0.898763, 0.437014, -0.035253, -0.436340, 0.899424, 0.025376, 0.042797, -0.007425, 0.999056),
      ["Head"] = CFrame.new(0.000000, 0.000000, 0.000000, 1.000000, -0.000000, 0.000000, 0.000000, 0.947439, 0.319937, -0.000000, -0.319937, 0.947439),
      ["LeftUpperArm"] = CFrame.new(-0.040056, -0.411859, 0.181137, 0.941720, -0.148643, -0.301775, -0.151839, 0.612676, -0.775611, 0.300180, 0.776230, 0.554399),
      ["LeftUpperLeg"] = CFrame.new(-0.000378, -0.011890, -0.015377, 0.999244, 0.025565, 0.029288, -0.023781, 0.997932, -0.059723, -0.030754, 0.058981, 0.997785),
      ["LowerTorso"] = CFrame.new(0.000000, 0.002872, 0.432719, 1.000000, -0.000000, 0.000000, 0.000000, 0.997128, 0.075736, -0.000000, -0.075736, 0.997128),
      ["RightUpperArm"] = CFrame.new(0.037227, -0.483588, 0.210730, 0.932370, 0.131932, 0.336570, 0.241814, 0.464460, -0.851941, -0.268722, 0.875712, 0.401146),
      ["RightUpperLeg"] = CFrame.new(0.000574, -0.010236, -0.021628, 0.998854, -0.023000, -0.041968, 0.020475, 0.998010, -0.059638, 0.043256, 0.058710, 0.997337)
    }},
    { Time = 0.250, Data = {
      ["Cock"] = CFrame.new(0.000000, -0.000000, -0.000000, 0.898834, 0.436857, -0.035404, -0.436177, 0.899500, 0.025496, 0.042984, -0.007474, 0.999048),
      ["Head"] = CFrame.new(0.000000, 0.000000, 0.000000, 1.000000, -0.000000, 0.000000, 0.000000, 0.947551, 0.319605, -0.000000, -0.319605, 0.947551),
      ["LeftUpperArm"] = CFrame.new(-0.040272, -0.412949, 0.181245, 0.941720, -0.148928, -0.301634, -0.151820, 0.611992, -0.776155, 0.300189, 0.776715, 0.553715),
      ["LeftUpperLeg"] = CFrame.new(-0.000378, -0.011890, -0.015378, 0.999244, 0.025566, 0.029287, -0.023779, 0.997927, -0.059809, -0.030755, 0.059068, 0.997780),
      ["LowerTorso"] = CFrame.new(0.000000, 0.002879, 0.432806, 1.000000, -0.000000, 0.000000, 0.000000, 0.997121, 0.075822, -0.000000, -0.075822, 0.997121),
      ["RightUpperArm"] = CFrame.new(0.037683, -0.484222, 0.211692, 0.932350, 0.132260, 0.336497, 0.241825, 0.463758, -0.852320, -0.268781, 0.876034, 0.400401),
      ["RightUpperLeg"] = CFrame.new(0.000574, -0.010234, -0.021629, 0.998854, -0.023004, -0.041966, 0.020471, 0.998000, -0.059810, 0.043258, 0.058883, 0.997327)
    }},
    { Time = 0.267, Data = {
      ["Cock"] = CFrame.new(0.000000, -0.000000, -0.000000, 0.898908, 0.436698, -0.035490, -0.436016, 0.899577, 0.025512, 0.043067, -0.007459, 0.999044),
      ["Head"] = CFrame.new(0.000000, -0.000000, 0.000000, 1.000000, -0.000000, 0.000000, 0.000000, 0.947635, 0.319356, -0.000000, -0.319356, 0.947635),
      ["LeftUpperArm"] = CFrame.new(-0.040500, -0.414119, 0.181367, 0.941721, -0.149228, -0.301485, -0.151814, 0.611232, -0.776755, 0.300191, 0.777256, 0.552954),
      ["LeftUpperLeg"] = CFrame.new(-0.000378, -0.011888, -0.015379, 0.999244, 0.025568, 0.029285, -0.023777, 0.997916, -0.059982, -0.030757, 0.059240, 0.997770),
      ["LowerTorso"] = CFrame.new(0.000000, 0.002885, 0.432892, 1.000000, -0.000000, 0.000000, 0.000000, 0.997115, 0.075909, -0.000000, -0.075909, 0.997115),
      ["RightUpperArm"] = CFrame.new(0.038151, -0.484886, 0.212713, 0.932362, 0.132543, 0.336354, 0.241792, 0.463055, -0.852711, -0.268772, 0.876363, 0.399687),
      ["RightUpperLeg"] = CFrame.new(0.000574, -0.010232, -0.021630, 0.998854, -0.023007, -0.041964, 0.020467, 0.997990, -0.059983, 0.043260, 0.059055, 0.997317)
    }},
    { Time = 0.283, Data = {
      ["Cock"] = CFrame.new(0.000000, -0.000000, 0.000000, 0.899017, 0.436460, -0.035662, -0.435775, 0.899693, 0.025546, 0.043235, -0.007426, 0.999037),
      ["Head"] = CFrame.new(0.000000, 0.000000, 0.000000, 1.000000, -0.000000, 0.000000, 0.000000, 0.947746, 0.319025, -0.000000, -0.319025, 0.947746),
      ["LeftUpperArm"] = CFrame.new(-0.040738, -0.415348, 0.181488, 0.941721, -0.149528, -0.301335, -0.151809, 0.610470, -0.777354, 0.300193, 0.777797, 0.552193),
      ["LeftUpperLeg"] = CFrame.new(-0.000378, -0.011887, -0.015380, 0.999244, 0.025571, 0.029283, -0.023774, 0.997906, -0.060154, -0.030759, 0.059412, 0.997760),
      ["LowerTorso"] = CFrame.new(0.000000, 0.002898, 0.433064, 1.000000, -0.000000, 0.000000, 0.000000, 0.997102, 0.076081, -0.000000, -0.076081, 0.997102),
      ["RightUpperArm"] = CFrame.new(0.038647, -0.485602, 0.213802, 0.932373, 0.132844, 0.336204, 0.241773, 0.462263, -0.853147, -0.268750, 0.876736, 0.398883),
      ["RightUpperLeg"] = CFrame.new(0.000574, -0.010231, -0.021631, 0.998854, -0.023011, -0.041962, 0.020464, 0.997979, -0.060155, 0.043262, 0.059227, 0.997307)
    }},
    { Time = 0.300, Data = {
      ["Cock"] = CFrame.new(0.000000, -0.000000, -0.000000, 0.899087, 0.436303, -0.035813, -0.435611, 0.899769, 0.025666, 0.043421, -0.007475, 0.999029),
      ["Head"] = CFrame.new(0.000000, 0.000000, -0.000000, 1.000000, -0.000000, 0.000000, 0.000000, 0.947858, 0.318693, -0.000000, -0.318693, 0.947858),
      ["LeftUpperArm"] = CFrame.new(-0.040989, -0.416654, 0.181622, 0.941721, -0.149842, -0.301179, -0.151819, 0.609632, -0.778010, 0.300187, 0.778393, 0.551354),
      ["LeftUpperLeg"] = CFrame.new(-0.000378, -0.011886, -0.015381, 0.999244, 0.025573, 0.029280, -0.023771, 0.997896, -0.060326, -0.030761, 0.059585, 0.997749),
      ["LowerTorso"] = CFrame.new(0.000000, 0.002905, 0.433150, 1.000000, -0.000000, 0.000000, 0.000000, 0.997095, 0.076167, -0.000000, -0.076167, 0.997095),
      ["RightUpperArm"] = CFrame.new(0.039179, -0.486347, 0.214944, 0.932353, 0.133189, 0.336123, 0.241798, 0.461470, -0.853569, -0.268797, 0.877101, 0.398048),
      ["RightUpperLeg"] = CFrame.new(0.000575, -0.010272, -0.021633, 0.998852, -0.023101, -0.041958, 0.020546, 0.997967, -0.060329, 0.043266, 0.059398, 0.997296)
    }},
    { Time = 0.317, Data = {
      ["Cock"] = CFrame.new(0.000000, 0.000000, -0.000000, 0.899196, 0.436064, -0.035985, -0.435370, 0.899885, 0.025699, 0.043589, -0.007442, 0.999022),
      ["Head"] = CFrame.new(0.000000, -0.000000, 0.000000, 1.000000, -0.000000, 0.000000, 0.000000, 0.947941, 0.318445, -0.000000, -0.318445, 0.947941),
      ["LeftUpperArm"] = CFrame.new(-0.041252, -0.418039, 0.181770, 0.941721, -0.150172, -0.301014, -0.151844, 0.608716, -0.778722, 0.300174, 0.779046, 0.550438),
      ["LeftUpperLeg"] = CFrame.new(-0.000378, -0.011884, -0.015382, 0.999244, 0.025576, 0.029278, -0.023769, 0.997885, -0.060499, -0.030763, 0.059757, 0.997739),
      ["LowerTorso"] = CFrame.new(0.000000, 0.002911, 0.433236, 1.000000, -0.000000, 0.000000, 0.000000, 0.997088, 0.076253, -0.000000, -0.076253, 0.997088),
      ["RightUpperArm"] = CFrame.new(0.039726, -0.487144, 0.216156, 0.932364, 0.133507, 0.335966, 0.241793, 0.460586, -0.854047, -0.268762, 0.877517, 0.397153),
      ["RightUpperLeg"] = CFrame.new(0.000575, -0.010270, -0.021634, 0.998852, -0.023104, -0.041956, 0.020542, 0.997957, -0.060501, 0.043268, 0.059570, 0.997286)
    }},
    { Time = 0.333, Data = {
      ["Cock"] = CFrame.new(0.000000, -0.000000, 0.000000, 0.899308, 0.435827, -0.036053, -0.435128, 0.899999, 0.025798, 0.043691, -0.007513, 0.999017),
      ["Head"] = CFrame.new(0.000000, 0.000000, 0.000000, 1.000000, -0.000000, 0.000000, 0.000000, 0.948053, 0.318113, -0.000000, -0.318113, 0.948053),
      ["LeftUpperArm"] = CFrame.new(-0.041544, -0.419480, 0.181912, 0.941722, -0.150577, -0.300811, -0.151792, 0.607800, -0.779448, 0.300199, 0.779684, 0.549522),
      ["LeftUpperLeg"] = CFrame.new(-0.000378, -0.011882, -0.015383, 0.999244, 0.025580, 0.029275, -0.023765, 0.997870, -0.060757, -0.030767, 0.060016, 0.997723),
      ["LowerTorso"] = CFrame.new(0.000000, 0.002925, 0.433409, 1.000000, -0.000000, 0.000000, 0.000000, 0.997075, 0.076425, -0.000000, -0.076425, 0.997075),
      ["RightUpperArm"] = CFrame.new(0.040297, -0.487969, 0.217421, 0.932375, 0.133825, 0.335808, 0.241788, 0.459702, -0.854525, -0.268728, 0.877932, 0.396258),
      ["RightUpperLeg"] = CFrame.new(0.000575, -0.010268, -0.021635, 0.998852, -0.023108, -0.041954, 0.020539, 0.997946, -0.060674, 0.043269, 0.059742, 0.997276)
    }},
    { Time = 0.350, Data = {
      ["Cock"] = CFrame.new(0.000000, 0.000000, -0.000000, 0.899417, 0.435590, -0.036205, -0.434885, 0.900113, 0.025916, 0.043877, -0.007564, 0.999008),
      ["Head"] = CFrame.new(0.000000, 0.000000, 0.000000, 1.000000, -0.000000, 0.000000, 0.000000, 0.948164, 0.317781, -0.000000, -0.317781, 0.948164),
      ["LeftUpperArm"] = CFrame.new(-0.041829, -0.420998, 0.182072, 0.941722, -0.150920, -0.300638, -0.151832, 0.606805, -0.780214, 0.300179, 0.780391, 0.548527),
      ["LeftUpperLeg"] = CFrame.new(-0.000378, -0.011881, -0.015384, 0.999244, 0.025582, 0.029273, -0.023762, 0.997859, -0.060930, -0.030769, 0.060188, 0.997713),
      ["LowerTorso"] = CFrame.new(0.000000, 0.002931, 0.433495, 1.000000, -0.000000, 0.000000, 0.000000, 0.997069, 0.076512, -0.000000, -0.076512, 0.997069),
      ["RightUpperArm"] = CFrame.new(0.040907, -0.488845, 0.218750, 0.932355, 0.134205, 0.335712, 0.241841, 0.458728, -0.855033, -0.268750, 0.878384, 0.395241),
      ["RightUpperLeg"] = CFrame.new(0.000575, -0.010265, -0.021636, 0.998852, -0.023113, -0.041951, 0.020533, 0.997931, -0.060932, 0.043272, 0.060001, 0.997260)
    }},
    { Time = 0.367, Data = {
      ["Cock"] = CFrame.new(0.000000, -0.000000, -0.000000, 0.899560, 0.435273, -0.036462, -0.434562, 0.900267, 0.025967, 0.044128, -0.007514, 0.998998),
      ["Head"] = CFrame.new(0.000000, 0.000000, 0.000000, 1.000000, -0.000000, 0.000000, 0.000000, 0.948247, 0.317532, -0.000000, -0.317532, 0.948247),
      ["LeftUpperArm"] = CFrame.new(-0.042141, -0.422570, 0.182226, 0.941722, -0.151340, -0.300427, -0.151795, 0.605809, -0.780995, 0.300197, 0.781083, 0.547531),
      ["LeftUpperLeg"] = CFrame.new(-0.000378, -0.011879, -0.015386, 0.999244, 0.025586, 0.029269, -0.023758, 0.997843, -0.061188, -0.030772, 0.060447, 0.997697),
      ["LowerTorso"] = CFrame.new(0.000000, 0.002945, 0.433667, 1.000000, -0.000000, 0.000000, 0.000000, 0.997055, 0.076684, -0.000000, -0.076684, 0.997055),
      ["RightUpperArm"] = CFrame.new(0.041545, -0.489747, 0.220130, 0.932372, 0.134612, 0.335503, 0.241778, 0.457758, -0.855571, -0.268749, 0.878827, 0.394255),
      ["RightUpperLeg"] = CFrame.new(0.000575, -0.010264, -0.021637, 0.998852, -0.023117, -0.041949, 0.020529, 0.997920, -0.061105, 0.043274, 0.060173, 0.997249)
    }},
    { Time = 0.383, Data = {
      ["Cock"] = CFrame.new(0.000000, 0.000000, -0.000000, 0.899668, 0.435036, -0.036614, -0.434319, 0.900381, 0.026085, 0.044315, -0.007565, 0.998989),
      ["Head"] = CFrame.new(0.000000, 0.000000, -0.000000, 1.000000, -0.000000, 0.000000, 0.000000, 0.948331, 0.317284, -0.000000, -0.317284, 0.948331),
      ["LeftUpperArm"] = CFrame.new(-0.042447, -0.424217, 0.182398, 0.941722, -0.151698, -0.300246, -0.151850, 0.604736, -0.781816, 0.300169, 0.781846, 0.546458),
      ["LeftUpperLeg"] = CFrame.new(-0.000379, -0.011921, -0.015388, 0.999242, 0.025675, 0.029264, -0.023842, 0.997831, -0.061362, -0.030776, 0.060618, 0.997687),
      ["LowerTorso"] = CFrame.new(0.000000, 0.002951, 0.433753, 1.000000, -0.000000, 0.000000, 0.000000, 0.997049, 0.076770, -0.000000, -0.076770, 0.997049),
      ["RightUpperArm"] = CFrame.new(0.042199, -0.490678, 0.221563, 0.932352, 0.134992, 0.335406, 0.241831, 0.456782, -0.856077, -0.268771, 0.879277, 0.393236),
      ["RightUpperLeg"] = CFrame.new(0.000575, -0.010261, -0.021638, 0.998852, -0.023122, -0.041946, 0.020524, 0.997904, -0.061363, 0.043277, 0.060432, 0.997234)
    }},
    { Time = 0.400, Data = {
      ["Cock"] = CFrame.new(0.000000, -0.000000, -0.000000, 0.899815, 0.434717, -0.036787, -0.433998, 0.900535, 0.026117, 0.044481, -0.007535, 0.998982),
      ["Head"] = CFrame.new(0.000000, 0.000000, -0.000000, 1.000000, -0.000000, 0.000000, 0.000000, 0.948442, 0.316952, -0.000000, -0.316952, 0.948442),
      ["LeftUpperArm"] = CFrame.new(-0.042780, -0.425918, 0.182565, 0.941722, -0.152132, -0.300027, -0.151828, 0.603660, -0.782651, 0.300180, 0.782592, 0.545382),
      ["LeftUpperLeg"] = CFrame.new(-0.000379, -0.011919, -0.015390, 0.999242, 0.025679, 0.029261, -0.023838, 0.997815, -0.061620, -0.030779, 0.060876, 0.997671),
      ["LowerTorso"] = CFrame.new(0.000000, 0.002964, 0.433925, 1.000000, -0.000000, 0.000000, 0.000000, 0.997036, 0.076942, -0.000000, -0.076942, 0.997036),
      ["RightUpperArm"] = CFrame.new(0.042886, -0.491657, 0.223057, 0.932368, 0.135416, 0.335190, 0.241783, 0.455720, -0.856657, -0.268757, 0.879763, 0.392158),
      ["RightUpperLeg"] = CFrame.new(0.000575, -0.010259, -0.021639, 0.998852, -0.023126, -0.041944, 0.020520, 0.997894, -0.061536, 0.043278, 0.060604, 0.997223)
    }},
    { Time = 0.417, Data = {
      ["Cock"] = CFrame.new(0.000000, 0.000000, -0.000000, 0.899923, 0.434480, -0.036939, -0.433754, 0.900649, 0.026234, 0.044668, -0.007586, 0.998973),
      ["Head"] = CFrame.new(0.000000, -0.000000, 0.000000, 1.000000, -0.000000, 0.000000, 0.000000, 0.948525, 0.316703, -0.000000, -0.316703, 0.948525),
      ["LeftUpperArm"] = CFrame.new(-0.043125, -0.427691, 0.182745, 0.941722, -0.152580, -0.299799, -0.151822, 0.602507, -0.783541, 0.300184, 0.783393, 0.544229),
      ["LeftUpperLeg"] = CFrame.new(-0.000379, -0.011917, -0.015391, 0.999242, 0.025682, 0.029258, -0.023834, 0.997799, -0.061879, -0.030783, 0.061135, 0.997655),
      ["LowerTorso"] = CFrame.new(0.000000, 0.002978, 0.434098, 1.000000, -0.000000, 0.000000, 0.000000, 0.997022, 0.077114, -0.000000, -0.077114, 0.997022),
      ["RightUpperArm"] = CFrame.new(0.043592, -0.492688, 0.224614, 0.932348, 0.135831, 0.335078, 0.241864, 0.454562, -0.857249, -0.268754, 0.880298, 0.390957),
      ["RightUpperLeg"] = CFrame.new(0.000575, -0.010256, -0.021640, 0.998852, -0.023132, -0.041941, 0.020514, 0.997878, -0.061794, 0.043281, 0.060863, 0.997207)
    }},
    { Time = 0.433, Data = {
      ["Cock"] = CFrame.new(0.000000, -0.000000, -0.000000, 0.900066, 0.434164, -0.037177, -0.433430, 0.900801, 0.026370, 0.044938, -0.007621, 0.998961),
      ["Head"] = CFrame.new(0.000000, 0.000000, 0.000000, 1.000000, -0.000000, 0.000000, 0.000000, 0.948608, 0.316454, -0.000000, -0.316454, 0.948608),
      ["LeftUpperArm"] = CFrame.new(-0.043478, -0.429515, 0.182923, 0.941722, -0.153029, -0.299571, -0.151816, 0.601351, -0.784429, 0.300187, 0.784193, 0.543073),
      ["LeftUpperLeg"] = CFrame.new(-0.000378, -0.011916, -0.015350, 0.999245, 0.025684, 0.029168, -0.023832, 0.997783, -0.062136, -0.030699, 0.061394, 0.997641),
      ["LowerTorso"] = CFrame.new(0.000000, 0.002991, 0.434270, 1.000000, -0.000000, 0.000000, 0.000000, 0.997009, 0.077287, -0.000000, -0.077287, 0.997009),
      ["RightUpperArm"] = CFrame.new(0.044320, -0.493718, 0.226206, 0.932364, 0.136254, 0.334860, 0.241816, 0.453498, -0.857826, -0.268741, 0.880781, 0.389877),
      ["RightUpperLeg"] = CFrame.new(0.000575, -0.010253, -0.021642, 0.998852, -0.023137, -0.041938, 0.020509, 0.997862, -0.062053, 0.043284, 0.061121, 0.997191)
    }},
    { Time = 0.450, Data = {
      ["Cock"] = CFrame.new(0.000000, -0.000000, -0.000000, 0.900213, 0.433847, -0.037331, -0.433106, 0.900954, 0.026486, 0.045124, -0.007674, 0.998952),
      ["Head"] = CFrame.new(0.000000, -0.000000, -0.000000, 1.000000, -0.000000, 0.000000, 0.000000, 0.948718, 0.316122, -0.000000, -0.316122, 0.948718),
      ["LeftUpperArm"] = CFrame.new(-0.043842, -0.431411, 0.183115, 0.941721, -0.153492, -0.299335, -0.151824, 0.600117, -0.785372, 0.300184, 0.785048, 0.541839),
      ["LeftUpperLeg"] = CFrame.new(-0.000378, -0.011914, -0.015351, 0.999245, 0.025687, 0.029165, -0.023828, 0.997767, -0.062395, -0.030702, 0.061653, 0.997625),
      ["LowerTorso"] = CFrame.new(0.000000, 0.003004, 0.434442, 1.000000, -0.000000, 0.000000, 0.000000, 0.996996, 0.077459, -0.000000, -0.077459, 0.996996),
      ["RightUpperArm"] = CFrame.new(0.045090, -0.494822, 0.227867, 0.932350, 0.136758, 0.334696, 0.241840, 0.452252, -0.858476, -0.268771, 0.881343, 0.388584),
      ["RightUpperLeg"] = CFrame.new(0.000575, -0.010250, -0.021643, 0.998852, -0.023142, -0.041935, 0.020503, 0.997846, -0.062311, 0.043286, 0.061380, 0.997175)
    }},
    { Time = 0.467, Data = {
      ["Cock"] = CFrame.new(0.000000, -0.000000, -0.000000, 0.900355, 0.433529, -0.037588, -0.432784, 0.901107, 0.026536, 0.045375, -0.007625, 0.998941),
      ["Head"] = CFrame.new(0.000000, -0.000000, 0.000000, 1.000000, -0.000000, 0.000000, 0.000000, 0.948801, 0.315873, -0.000000, -0.315873, 0.948801),
      ["LeftUpperArm"] = CFrame.new(-0.044218, -0.433376, 0.183320, 0.941721, -0.153969, -0.299090, -0.151848, 0.598803, -0.786370, 0.300173, 0.785957, 0.540526),
      ["LeftUpperLeg"] = CFrame.new(-0.000378, -0.011912, -0.015353, 0.999245, 0.025691, 0.029162, -0.023824, 0.997751, -0.062653, -0.030706, 0.061911, 0.997609),
      ["LowerTorso"] = CFrame.new(0.000000, 0.003018, 0.434614, 1.000000, -0.000000, 0.000000, 0.000000, 0.996982, 0.077631, -0.000000, -0.077631, 0.996982),
      ["RightUpperArm"] = CFrame.new(0.045863, -0.495925, 0.229565, 0.932366, 0.137199, 0.334470, 0.241806, 0.451096, -0.859094, -0.268745, 0.881867, 0.387411),
      ["RightUpperLeg"] = CFrame.new(0.000575, -0.010248, -0.021644, 0.998852, -0.023148, -0.041932, 0.020497, 0.997830, -0.062570, 0.043289, 0.061638, 0.997159)
    }},
    { Time = 0.483, Data = {
      ["Cock"] = CFrame.new(0.000000, -0.000000, -0.000000, 0.900501, 0.433213, -0.037742, -0.432460, 0.901259, 0.026652, 0.045561, -0.007679, 0.998932),
      ["Head"] = CFrame.new(0.000000, 0.000000, 0.000000, 1.000000, -0.000000, 0.000000, 0.000000, 0.948884, 0.315624, -0.000000, -0.315624, 0.948884),
      ["LeftUpperArm"] = CFrame.new(-0.044621, -0.435389, 0.183520, 0.941721, -0.154522, -0.298806, -0.151796, 0.597487, -0.787380, 0.300200, 0.786850, 0.539210),
      ["LeftUpperLeg"] = CFrame.new(-0.000378, -0.011910, -0.015354, 0.999245, 0.025695, 0.029158, -0.023820, 0.997735, -0.062912, -0.030709, 0.062170, 0.997593),
      ["LowerTorso"] = CFrame.new(0.000000, 0.003031, 0.434787, 1.000000, -0.000000, 0.000000, 0.000000, 0.996969, 0.077803, -0.000000, -0.077803, 0.996969),
      ["RightUpperArm"] = CFrame.new(0.046672, -0.497077, 0.231319, 0.932351, 0.137703, 0.334305, 0.241831, 0.449847, -0.859742, -0.268775, 0.882426, 0.386115),
      ["RightUpperLeg"] = CFrame.new(0.000575, -0.010245, -0.021646, 0.998852, -0.023153, -0.041929, 0.020492, 0.997814, -0.062828, 0.043292, 0.061897, 0.997143)
    }},
    { Time = 0.500, Data = {
      ["Cock"] = CFrame.new(0.000000, 0.000000, -0.000000, 0.900682, 0.432817, -0.037981, -0.432056, 0.901449, 0.026785, 0.045831, -0.007715, 0.998919),
      ["Head"] = CFrame.new(0.000000, 0.000000, 0.000000, 1.000000, -0.000000, 0.000000, 0.000000, 0.948967, 0.315375, -0.000000, -0.315375, 0.948967),
      ["LeftUpperArm"] = CFrame.new(-0.045012, -0.437450, 0.183722, 0.941720, -0.154999, -0.298561, -0.151820, 0.596169, -0.788374, 0.300190, 0.787755, 0.537892),
      ["LeftUpperLeg"] = CFrame.new(-0.000378, -0.011908, -0.015356, 0.999245, 0.025699, 0.029155, -0.023816, 0.997719, -0.063171, -0.030712, 0.062428, 0.997577),
      ["LowerTorso"] = CFrame.new(0.000000, 0.003045, 0.434959, 1.000000, -0.000000, 0.000000, 0.000000, 0.996955, 0.077976, -0.000000, -0.077976, 0.996955),
      ["RightUpperArm"] = CFrame.new(0.047493, -0.498276, 0.233130, 0.932367, 0.138178, 0.334064, 0.241825, 0.448507, -0.860443, -0.268724, 0.883034, 0.384758),
      ["RightUpperLeg"] = CFrame.new(0.000575, -0.010241, -0.021648, 0.998852, -0.023161, -0.041925, 0.020484, 0.997792, -0.063173, 0.043295, 0.062242, 0.997122)
    }},
    { Time = 0.517, Data = {
      ["Cock"] = CFrame.new(0.000000, -0.000000, -0.000000, 0.900824, 0.432500, -0.038219, -0.431731, 0.901601, 0.026920, 0.046101, -0.007750, 0.998907),
      ["Head"] = CFrame.new(0.000000, 0.000000, 0.000000, 1.000000, -0.000000, 0.000000, 0.000000, 0.949050, 0.315127, -0.000000, -0.315127, 0.949050),
      ["LeftUpperArm"] = CFrame.new(-0.045413, -0.439577, 0.183937, 0.941720, -0.155491, -0.298307, -0.151859, 0.594771, -0.789422, 0.300172, 0.788714, 0.536495),
      ["LeftUpperLeg"] = CFrame.new(-0.000378, -0.011906, -0.015357, 0.999245, 0.025702, 0.029152, -0.023812, 0.997702, -0.063429, -0.030715, 0.062687, 0.997561),
      ["LowerTorso"] = CFrame.new(0.000000, 0.003058, 0.435131, 1.000000, -0.000000, 0.000000, 0.000000, 0.996942, 0.078148, -0.000000, -0.078148, 0.996942),
      ["RightUpperArm"] = CFrame.new(0.048344, -0.499498, 0.234983, 0.932352, 0.138699, 0.333890, 0.241864, 0.447164, -0.861131, -0.268742, 0.883633, 0.383368),
      ["RightUpperLeg"] = CFrame.new(0.000575, -0.010238, -0.021649, 0.998852, -0.023166, -0.041922, 0.020479, 0.997776, -0.063431, 0.043298, 0.062500, 0.997105)
    }},
    { Time = 0.533, Data = {
      ["Cock"] = CFrame.new(0.000000, -0.000000, -0.000000, 0.900965, 0.432182, -0.038476, -0.431408, 0.901754, 0.026971, 0.046352, -0.007701, 0.998895),
      ["Head"] = CFrame.new(0.000000, -0.000000, 0.000000, 1.000000, -0.000000, 0.000000, 0.000000, 0.949105, 0.314961, -0.000000, -0.314961, 0.949105),
      ["LeftUpperArm"] = CFrame.new(-0.045841, -0.441750, 0.184147, 0.941719, -0.156057, -0.298013, -0.151822, 0.593370, -0.790482, 0.300192, 0.789657, 0.535095),
      ["LeftUpperLeg"] = CFrame.new(-0.000378, -0.011904, -0.015359, 0.999245, 0.025707, 0.029147, -0.023807, 0.997680, -0.063774, -0.030719, 0.063032, 0.997539),
      ["LowerTorso"] = CFrame.new(0.000000, 0.003072, 0.435303, 1.000000, -0.000000, 0.000000, 0.000000, 0.996928, 0.078320, -0.000000, -0.078320, 0.996928),
      ["RightUpperArm"] = CFrame.new(0.049219, -0.500740, 0.236876, 0.932373, 0.139245, 0.333603, 0.241787, 0.445826, -0.861846, -0.268737, 0.884223, 0.382008),
      ["RightUpperLeg"] = CFrame.new(0.000575, -0.010235, -0.021650, 0.998852, -0.023171, -0.041919, 0.020473, 0.997760, -0.063690, 0.043300, 0.062759, 0.997089)
    }},
    { Time = 0.550, Data = {
      ["Cock"] = CFrame.new(0.000000, -0.000000, -0.000000, 0.901145, 0.431785, -0.038715, -0.431003, 0.901943, 0.027103, 0.046621, -0.007738, 0.998883),
      ["Head"] = CFrame.new(0.000000, -0.000000, 0.000000, 1.000000, -0.000000, 0.000000, 0.000000, 0.949187, 0.314712, -0.000000, -0.314712, 0.949187),
      ["LeftUpperArm"] = CFrame.new(-0.046275, -0.443965, 0.184356, 0.941718, -0.156624, -0.297718, -0.151786, 0.591967, -0.791541, 0.300214, 0.790597, 0.533692),
      ["LeftUpperLeg"] = CFrame.new(-0.000378, -0.011902, -0.015361, 0.999245, 0.025711, 0.029144, -0.023803, 0.997664, -0.064032, -0.030722, 0.063290, 0.997522),
      ["LowerTorso"] = CFrame.new(0.000000, 0.003085, 0.435476, 1.000000, -0.000000, 0.000000, 0.000000, 0.996915, 0.078492, -0.000000, -0.078492, 0.996915),
      ["RightUpperArm"] = CFrame.new(0.050106, -0.502006, 0.238812, 0.932358, 0.139766, 0.333428, 0.241826, 0.444480, -0.862530, -0.268755, 0.884818, 0.380615),
      ["RightUpperLeg"] = CFrame.new(0.000575, -0.010232, -0.021652, 0.998852, -0.023179, -0.041915, 0.020466, 0.997738, -0.064035, 0.043304, 0.063103, 0.997067)
    }},
    { Time = 0.567, Data = {
      ["Cock"] = CFrame.new(0.000000, -0.000000, -0.000000, 0.901325, 0.431389, -0.038954, -0.430599, 0.902132, 0.027236, 0.046891, -0.007775, 0.998870),
      ["Head"] = CFrame.new(0.000000, -0.000000, 0.000000, 1.000000, -0.000000, 0.000000, 0.000000, 0.949270, 0.314463, -0.000000, -0.314463, 0.949270),
      ["LeftUpperArm"] = CFrame.new(-0.046700, -0.446244, 0.184581, 0.941717, -0.157130, -0.297454, -0.151841, 0.590483, -0.792638, 0.300188, 0.791606, 0.532209),
      ["LeftUpperLeg"] = CFrame.new(-0.000378, -0.011899, -0.015363, 0.999245, 0.025716, 0.029139, -0.023798, 0.997642, -0.064377, -0.030726, 0.063635, 0.997500),
