return {
  ["Astros lay 5"] = {
    { Time = 0.000, Data = {
      ["Balls"] = CFrame.new(0.000000, 0.000000, 0.000000, 0.982553, -0.185984, 0.000000, 0.185984, 0.982553, 0.000000, 0.000000, 0.000000, 1.000000),
      ["Cock"] = CFrame.new(0.000000, 0.000000, 0.000000, 0.995061, 0.046130, -0.087892, -0.045948, 0.998935, 0.004099, 0.087987, -0.000040, 0.996122),
      ["Head"] = CFrame.new(0.000000, 0.203430, -0.084030, 0.940524, 0.217786, 0.260737, -0.326446, 0.791862, 0.516128, -0.094062, -0.570547, 0.815860),
      ["LeftUpperArm"] = CFrame.new(-0.055522, -0.299067, 0.231499, 0.538397, -0.833753, 0.122412, -0.836809, -0.546102, -0.039030, 0.099391, -0.081422, -0.991712),
      ["LeftUpperLeg"] = CFrame.new(-0.065376, 0.003385, -0.032791, 0.996671, 0.039273, 0.071439, -0.036788, 0.998682, -0.035782, -0.072750, 0.033035, 0.996803),
      ["LowerTorso"] = CFrame.new(-0.000006, -1.743231, -0.515565, 1.000000, 0.000000, 0.000000, 0.000000, 0.164165, -0.986433, 0.000000, 0.986433, 0.164165),
      ["RightUpperArm"] = CFrame.new(0.101943, -0.382539, 0.225362, 0.689752, 0.717843, -0.094571, 0.721780, -0.692029, 0.011426, -0.057244, -0.076141, -0.995453),
      ["RightUpperLeg"] = CFrame.new(0.172940, 0.221333, -0.521908, 0.986651, -0.113138, -0.117127, 0.139384, 0.958642, 0.248149, 0.084208, -0.261162, 0.961615)
    }},
    { Time = 1.000, Data = {
      ["Balls"] = CFrame.new(0.000000, 0.000000, 0.000000, 0.982553, -0.185984, 0.000000, 0.185984, 0.982553, 0.000000, 0.000000, 0.000000, 1.000000),
      ["Cock"] = CFrame.new(0.000000, 0.000000, 0.000000, 0.995061, 0.046130, -0.087892, -0.045948, 0.998935, 0.004099, 0.087987, -0.000040, 0.996122),
      ["Head"] = CFrame.new(0.000000, 0.203430, -0.084030, 0.940524, 0.217786, 0.260737, -0.326446, 0.791862, 0.516128, -0.094062, -0.570547, 0.815860),
      ["LeftUpperArm"] = CFrame.new(-0.055522, -0.299067, 0.231499, 0.538397, -0.833753, 0.122412, -0.836809, -0.546102, -0.039030, 0.099391, -0.081422, -0.991712),
      ["LeftUpperLeg"] = CFrame.new(-0.065376, 0.003385, -0.032791, 0.996671, 0.039273, 0.071439, -0.036788, 0.998682, -0.035782, -0.072750, 0.033035, 0.996803),
      ["LowerTorso"] = CFrame.new(-0.000006, -1.743231, -0.515565, 1.000000, 0.000000, 0.000000, 0.000000, 0.164165, -0.986433, 0.000000, 0.986433, 0.164165),
      ["RightUpperArm"] = CFrame.new(0.101943, -0.382539, 0.225362, 0.689752, 0.717843, -0.094571, 0.721780, -0.692029, 0.011426, -0.057244, -0.076141, -0.995453),
      ["RightUpperLeg"] = CFrame.new(0.172940, 0.221333, -0.521908, 0.986651, -0.113138, -0.117127, 0.139384, 0.958642, 0.248149, 0.084208, -0.261162, 0.961615)
    }}
  }
}