return {
  ["Astros legs up 4"] = {
    { Time = 0.000, Data = {
      ["BaseOpened"] = CFrame.new(0.000000, 0.024828, 0.013308, 0.999950, 0.010013, 0.000000, -0.010013, 0.999950, -0.000000, -0.000000, 0.000000, 1.000000),
      ["Head"] = CFrame.new(0.000000, 0.098147, 0.027447, 0.929821, 0.176900, -0.322707, -0.087591, 0.958072, 0.272812, 0.357437, -0.225400, 0.906330),
      ["LeftUpperArm"] = CFrame.new(0.211736, -0.143163, 0.094878, 0.913773, 0.405480, 0.024584, -0.385459, 0.846371, 0.367528, 0.128218, -0.345313, 0.929688),
      ["LeftUpperLeg"] = CFrame.new(-0.094630, -0.130802, -0.085147, 0.829444, 0.478067, 0.288920, -0.550394, 0.787737, 0.276653, -0.095334, -0.388488, 0.916509),
      ["LowerTorso"] = CFrame.new(-0.134845, 0.258115, -0.340141, -0.677343, 0.034758, -0.734845, 0.470587, 0.788260, -0.396478, 0.565468, -0.614360, -0.550279),
      ["RightUpperArm"] = CFrame.new(-0.097418, -0.507911, -0.292105, 0.707557, -0.692964, -0.138435, 0.304435, 0.475706, -0.825241, 0.637717, 0.541761, 0.547552),
      ["RightUpperLeg"] = CFrame.new(0.090385, -0.104257, 0.095355, -0.643224, -0.728574, 0.235462, 0.765348, -0.620821, 0.169777, 0.022485, 0.289415, 0.956940),
      ["рҹҢ§пёҸрҹҳірҹ‘»рҹҸіпёҸвҖҚрҹҢҲрҹҳӮрҹ’һрҹҸҙвҖҚвҳ пёҸрҹҺёрҹҢ§пёҸрҹҳірҹ‘»рҹҸіпёҸвҖҚрҹҢҲрҹҳӮрҹ’һрҹҸҙвҖҚвҳ"] = CFrame.new(0.013765, -0.047159, 0.009944, 0.990645, -0.116006, 0.071873, 0.112849, 0.992521, 0.046548, -0.076736, -0.038002, 0.996327)
    }},
    { Time = 0.017, Data = {
      ["Head"] = CFrame.new(-0.000000, 0.098146, 0.027447, 0.929839, 0.176988, -0.322606, -0.087671, 0.958038, 0.272905, 0.357370, -0.225475, 0.906338),
      ["LeftUpperArm"] = CFrame.new(0.211740, -0.143163, 0.094883, 0.913768, 0.405496, 0.024501, -0.385443, 0.846372, 0.367545, 0.128301, -0.345295, 0.929683),
      ["LeftUpperLeg"] = CFrame.new(-0.094606, -0.130764, -0.085156, 0.829491, 0.477993, 0.288907, -0.550320, 0.787784, 0.276666, -0.095352, -0.388483, 0.916509),
      ["LowerTorso"] = CFrame.new(-0.134881, 0.258065, -0.340164, -0.677343, 0.034794, -0.734844, 0.470558, 0.788310, -0.396412, 0.565492, -0.614294, -0.550329),
      ["RightUpperArm"] = CFrame.new(-0.097473, -0.507810, -0.292037, 0.707557, -0.692971, -0.138398, 0.304402, 0.475634, -0.825295, 0.637733, 0.541814, 0.547480),
      ["RightUpperLeg"] = CFrame.new(0.090385, -0.104257, 0.095355, -0.643224, -0.728574, 0.235462, 0.765348, -0.620821, 0.169777, 0.022485, 0.289415, 0.956940),
      ["рҹҢ§пёҸрҹҳірҹ‘»рҹҸіпёҸвҖҚрҹҢҲрҹҳӮрҹ’һрҹҸҙвҖҚвҳ пёҸрҹҺёрҹҢ§пёҸрҹҳірҹ‘»рҹҸіпёҸвҖҚрҹҢҲрҹҳӮрҹ’һрҹҸҙвҖҚвҳ"] = CFrame.new(0.013765, -0.047162, 0.009943, 0.990638, -0.116008, 0.071959, 0.112847, 0.992521, 0.046553, -0.076822, -0.037997, 0.996321)
    }},
    { Time = 0.033, Data = {
      ["Head"] = CFrame.new(0.000000, 0.098147, 0.027447, 0.929827, 0.177086, -0.322586, -0.087739, 0.958004, 0.273002, 0.357384, -0.225542, 0.906316),
      ["LeftUpperArm"] = CFrame.new(0.211785, -0.143190, 0.094870, 0.913693, 0.405669, 0.024469, -0.385579, 0.846268, 0.367640, 0.128432, -0.345345, 0.929646),
      ["LeftUpperLeg"] = CFrame.new(-0.094559, -0.130685, -0.085199, 0.829586, 0.477871, 0.288837, -0.550163, 0.787939, 0.276536, -0.095438, -0.388318, 0.916570),
      ["LowerTorso"] = CFrame.new(-0.134851, 0.257939, -0.340190, -0.677304, 0.034764, -0.734882, 0.470449, 0.788435, -0.396292, 0.565630, -0.614135, -0.550366),
      ["RightUpperArm"] = CFrame.new(-0.097665, -0.507515, -0.291866, 0.707453, -0.693110, -0.138240, 0.304459, 0.475387, -0.825416, 0.637821, 0.541855, 0.547337),
      ["RightUpperLeg"] = CFrame.new(0.090457, -0.104195, 0.095305, -0.643368, -0.728476, 0.235376, 0.765224, -0.621009, 0.169648, 0.022586, 0.289261, 0.956984),
      ["рҹҢ§пёҸрҹҳірҹ‘»рҹҸіпёҸвҖҚрҹҢҲрҹҳӮрҹ’һрҹҸҙвҖҚвҳ пёҸрҹҺёрҹҢ§пёҸрҹҳірҹ‘»рҹҸіпёҸвҖҚрҹҢҲрҹҳӮрҹ’һрҹҸҙвҖҚвҳ"] = CFrame.new(0.013765, -0.047162, 0.009943, 0.990632, -0.116019, 0.072030, 0.112835, 0.992510, 0.046816, -0.076923, -0.038250, 0.996303)
    }},
    { Time = 0.050, Data = {
      ["Head"] = CFrame.new(-0.000000, 0.098146, 0.027447, 0.929815, 0.177213, -0.322551, -0.087775, 0.957926, 0.273264, 0.357406, -0.225774, 0.906249),
      ["LeftUpperArm"] = CFrame.new(0.211856, -0.143226, 0.094863, 0.913577, 0.405936, 0.024371, -0.385777, 0.846130, 0.367751, 0.128662, -0.345371, 0.929605),
      ["LeftUpperLeg"] = CFrame.new(-0.094441, -0.130492, -0.085282, 0.829822, 0.477539, 0.288708, -0.549778, 0.788267, 0.276368, -0.095603, -0.388062, 0.916662),
      ["LowerTorso"] = CFrame.new(-0.134851, 0.257688, -0.340290, -0.677354, 0.034765, -0.734835, 0.470191, 0.788687, -0.396099, 0.565785, -0.613812, -0.550566),
      ["RightUpperArm"] = CFrame.new(-0.097956, -0.506998, -0.291564, 0.707389, -0.693226, -0.137979, 0.304526, 0.475069, -0.825575, 0.637860, 0.541984, 0.547164),
      ["RightUpperLeg"] = CFrame.new(0.090558, -0.104107, 0.095208, -0.643571, -0.728302, 0.235358, 0.765048, -0.621269, 0.169493, 0.022778, 0.289141, 0.957016),
      ["рҹҢ§пёҸрҹҳірҹ‘»рҹҸіпёҸвҖҚрҹҢҲрҹҳӮрҹ’һрҹҸҙвҖҚвҳ пёҸрҹҺёрҹҢ§пёҸрҹҳірҹ‘»рҹҸіпёҸвҖҚрҹҢҲрҹҳӮрҹ’һрҹҸҙвҖҚвҳ"] = CFrame.new(0.013765, -0.047162, 0.009943, 0.990602, -0.116122, 0.072266, 0.112901, 0.992486, 0.047178, -0.077202, -0.038576, 0.996269)
    }},
    { Time = 0.067, Data = {
      ["Head"] = CFrame.new(-0.000000, 0.098146, 0.027447, 0.929780, 0.177506, -0.322491, -0.087979, 0.957824, 0.273555, 0.357447, -0.225974, 0.906183),
      ["LeftUpperArm"] = CFrame.new(0.211975, -0.143290, 0.094848, 0.913380, 0.406391, 0.024159, -0.386095, 0.845887, 0.367975, 0.129106, -0.345428, 0.929522),
      ["LeftUpperLeg"] = CFrame.new(-0.094299, -0.130257, -0.085399, 0.830105, 0.477160, 0.288522, -0.549310, 0.788702, 0.276056, -0.095836, -0.387644, 0.916814),
      ["LowerTorso"] = CFrame.new(-0.134895, 0.257337, -0.340433, -0.677340, 0.034807, -0.734847, 0.469896, 0.789038, -0.395749, 0.566047, -0.613358, -0.550803),
      ["RightUpperArm"] = CFrame.new(-0.098379, -0.506292, -0.291144, 0.707232, -0.693448, -0.137669, 0.304544, 0.474555, -0.825863, 0.638024, 0.542151, 0.546806),
      ["RightUpperLeg"] = CFrame.new(0.090731, -0.103957, 0.095062, -0.643917, -0.728029, 0.235254, 0.764747, -0.621716, 0.169209, 0.023072, 0.288867, 0.957091),
      ["рҹҢ§пёҸрҹҳірҹ‘»рҹҸіпёҸвҖҚрҹҢҲрҹҳӮрҹ’һрҹҸҙвҖҚвҳ пёҸрҹҺёрҹҢ§пёҸрҹҳірҹ‘»рҹҸіпёҸвҖҚрҹҢҲрҹҳӮрҹ’һрҹҸҙвҖҚвҳ"] = CFrame.new(0.013765, -0.047162, 0.009943, 0.990577, -0.116145, 0.072585, 0.112876, 0.992467, 0.047628, -0.077570, -0.038986, 0.996224)
    }},
    { Time = 0.083, Data = {
      ["Head"] = CFrame.new(-0.000000, 0.098147, 0.027447, 0.929775, 0.177804, -0.322341, -0.088179, 0.957700, 0.273925, 0.357412, -0.226265, 0.906124),
      ["LeftUpperArm"] = CFrame.new(0.212116, -0.143363, 0.094834, 0.913147, 0.406925, 0.023964, -0.386491, 0.845610, 0.368197, 0.129565, -0.345480, 0.929439),
      ["LeftUpperLeg"] = CFrame.new(-0.094133, -0.129983, -0.085537, 0.830434, 0.476719, 0.288303, -0.548764, 0.789215, 0.275679, -0.096111, -0.387143, 0.916997),
      ["LowerTorso"] = CFrame.new(-0.134901, 0.256911, -0.340582, -0.677350, 0.034814, -0.734837, 0.469500, 0.789464, -0.395369, 0.566363, -0.612809, -0.551088),
      ["RightUpperArm"] = CFrame.new(-0.098900, -0.505366, -0.290594, 0.707116, -0.693648, -0.137256, 0.304573, 0.473970, -0.826189, 0.638139, 0.542408, 0.546418),
      ["RightUpperLeg"] = CFrame.new(0.090904, -0.103806, 0.094897, -0.644264, -0.727767, 0.235116, 0.764445, -0.622184, 0.168849, 0.023402, 0.288517, 0.957189),
      ["рҹҢ§пёҸрҹҳірҹ‘»рҹҸіпёҸвҖҚрҹҢҲрҹҳӮрҹ’һрҹҸҙвҖҚвҳ пёҸрҹҺёрҹҢ§пёҸрҹҳірҹ‘»рҹҸіпёҸвҖҚрҹҢҲрҹҳӮрҹ’һрҹҸҙвҖҚвҳ"] = CFrame.new(0.013765, -0.047162, 0.009943, 0.990534, -0.116264, 0.072973, 0.112925, 0.992427, 0.048344, -0.078041, -0.039646, 0.996162)
    }},
    { Time = 0.100, Data = {
      ["Head"] = CFrame.new(-0.000000, 0.098146, 0.027447, 0.929728, 0.178225, -0.322245, -0.088418, 0.957520, 0.274477, 0.357475, -0.226697, 0.905991),
      ["LeftUpperArm"] = CFrame.new(0.212282, -0.143453, 0.094806, 0.912873, 0.407553, 0.023720, -0.386944, 0.845263, 0.368516, 0.130140, -0.345587, 0.929319),
      ["LeftUpperLeg"] = CFrame.new(-0.093906, -0.129600, -0.085755, 0.830887, 0.476050, 0.288103, -0.548002, 0.789898, 0.275238, -0.096545, -0.386572, 0.917192),
      ["LowerTorso"] = CFrame.new(-0.134840, 0.256410, -0.340734, -0.677321, 0.034754, -0.734866, 0.469023, 0.789964, -0.394935, 0.566793, -0.612167, -0.551360),
      ["RightUpperArm"] = CFrame.new(-0.099559, -0.504245, -0.289940, 0.706896, -0.693978, -0.136721, 0.304691, 0.473208, -0.826582, 0.638327, 0.542650, 0.545957),
      ["RightUpperLeg"] = CFrame.new(0.091143, -0.103599, 0.094679, -0.644741, -0.727370, 0.235038, 0.764030, -0.622796, 0.168475, 0.023837, 0.288199, 0.957274),
      ["рҹҢ§пёҸрҹҳірҹ‘»рҹҸіпёҸвҖҚрҹҢҲрҹҳӮрҹ’һрҹҸҙвҖҚвҳ пёҸрҹҺёрҹҢ§пёҸрҹҳірҹ‘»рҹҸіпёҸвҖҚрҹҢҲрҹҳӮрҹ’һрҹҸҙвҖҚвҳ"] = CFrame.new(0.013765, -0.047162, 0.009943, 0.990468, -0.116473, 0.073530, 0.113054, 0.992376, 0.049073, -0.078685, -0.040293, 0.996085)
    }},
    { Time = 0.117, Data = {
      ["Head"] = CFrame.new(-0.000000, 0.098146, 0.027447, 0.929699, 0.178719, -0.322056, -0.088753, 0.957327, 0.275040, 0.357468, -0.227121, 0.905888),
      ["LeftUpperArm"] = CFrame.new(0.212472, -0.143553, 0.094784, 0.912559, 0.408275, 0.023411, -0.387459, 0.844881, 0.368851, 0.130813, -0.345669, 0.929194),
      ["LeftUpperLeg"] = CFrame.new(-0.093647, -0.129171, -0.085954, 0.831403, 0.475337, 0.287790, -0.547148, 0.790657, 0.274756, -0.096941, -0.385897, 0.917435),
      ["LowerTorso"] = CFrame.new(-0.134847, 0.255735, -0.341030, -0.677382, 0.034760, -0.734810, 0.468368, 0.790639, -0.394361, 0.567262, -0.611295, -0.551845),
      ["RightUpperArm"] = CFrame.new(-0.100332, -0.502903, -0.289175, 0.706635, -0.694344, -0.136214, 0.304732, 0.472373, -0.827044, 0.638597, 0.542909, 0.545384),
      ["RightUpperLeg"] = CFrame.new(0.091453, -0.103328, 0.094411, -0.645361, -0.726873, 0.234875, 0.763489, -0.623595, 0.167972, 0.024373, 0.287727, 0.957402),
      ["рҹҢ§пёҸрҹҳірҹ‘»рҹҸіпёҸвҖҚрҹҢҲрҹҳӮрҹ’һрҹҸҙвҖҚвҳ пёҸрҹҺёрҹҢ§пёҸрҹҳірҹ‘»рҹҸіпёҸвҖҚрҹҢҲрҹҳӮрҹ’һрҹҸҙвҖҚвҳ"] = CFrame.new(0.013765, -0.047162, 0.009943, 0.990412, -0.116606, 0.074074, 0.113088, 0.992323, 0.050057, -0.079342, -0.041200, 0.995996)
    }},
    { Time = 0.133, Data = {
      ["Head"] = CFrame.new(-0.000000, 0.098146, 0.027447, 0.929658, 0.179324, -0.321838, -0.089141, 0.957078, 0.275783, 0.357478, -0.227695, 0.905740),
      ["LeftUpperArm"] = CFrame.new(0.212707, -0.143681, 0.094749, 0.912167, 0.409170, 0.023071, -0.388110, 0.844394, 0.369282, 0.131618, -0.345801, 0.929031),
      ["LeftUpperLeg"] = CFrame.new(-0.093365, -0.128700, -0.086186, 0.831966, 0.474576, 0.287421, -0.546210, 0.791522, 0.274130, -0.097404, -0.385059, 0.917737),
      ["LowerTorso"] = CFrame.new(-0.134823, 0.255061, -0.341234, -0.677377, 0.034736, -0.734816, 0.467732, 0.791313, -0.393764, 0.567792, -0.610423, -0.552265),
      ["RightUpperArm"] = CFrame.new(-0.101221, -0.501373, -0.288274, 0.706362, -0.694756, -0.135526, 0.304811, 0.471343, -0.827603, 0.638861, 0.543277, 0.544708),
      ["RightUpperLeg"] = CFrame.new(0.091762, -0.103057, 0.094126, -0.645980, -0.726386, 0.234677, 0.762947, -0.624414, 0.167392, 0.024944, 0.287178, 0.957552),
      ["рҹҢ§пёҸрҹҳірҹ‘»рҹҸіпёҸвҖҚрҹҢҲрҹҳӮрҹ’һрҹҸҙвҖҚвҳ пёҸрҹҺёрҹҢ§пёҸрҹҳірҹ‘»рҹҸіпёҸвҖҚрҹҢҲрҹҳӮрҹ’һрҹҸҙвҖҚвҳ"] = CFrame.new(0.013765, -0.047162, 0.009943, 0.990332, -0.116833, 0.074783, 0.113198, 0.992255, 0.051140, -0.080178, -0.042181, 0.995888)
    }},
    { Time = 0.150, Data = {
      ["Head"] = CFrame.new(-0.000001, 0.098146, 0.027447, 0.929616, 0.179930, -0.321619, -0.089528, 0.956827, 0.276525, 0.357489, -0.228268, 0.905591),
      ["LeftUpperArm"] = CFrame.new(0.212947, -0.143809, 0.094719, 0.911768, 0.410080, 0.022649, -0.388743, 0.843907, 0.369730, 0.132505, -0.345913, 0.928863),
      ["LeftUpperLeg"] = CFrame.new(-0.093022, -0.128121, -0.086497, 0.832650, 0.473585, 0.287074, -0.545056, 0.792556, 0.273440, -0.098024, -0.384151, 0.918052),
      ["LowerTorso"] = CFrame.new(-0.134878, 0.254239, -0.341549, -0.677307, 0.034792, -0.734877, 0.467031, 0.792136, -0.392942, 0.568451, -0.609353, -0.552768),
      ["RightUpperArm"] = CFrame.new(-0.102248, -0.499649, -0.287269, 0.705984, -0.695298, -0.134714, 0.304979, 0.470135, -0.828227, 0.639198, 0.543630, 0.543959),
      ["RightUpperLeg"] = CFrame.new(0.092143, -0.102724, 0.093826, -0.646742, -0.725777, 0.234464, 0.762281, -0.625375, 0.166834, 0.025543, 0.286626, 0.957702),
      ["рҹҢ§пёҸрҹҳірҹ‘»рҹҸіпёҸвҖҚрҹҢҲрҹҳӮрҹ’һрҹҸҙвҖҚвҳ пёҸрҹҺёрҹҢ§пёҸрҹҳірҹ‘»рҹҸіпёҸвҖҚрҹҢҲрҹҳӮрҹ’һрҹҸҙвҖҚвҳ"] = CFrame.new(0.013765, -0.047162, 0.009943, 0.990245, -0.117065, 0.075572, 0.113302, 0.992182, 0.052314, -0.081105, -0.043242, 0.995767)
    }},
    { Time = 0.167, Data = {
      ["Head"] = CFrame.new(-0.000001, 0.098146, 0.027447, 0.929562, 0.180634, -0.321380, -0.089983, 0.956542, 0.277363, 0.357515, -0.228908, 0.905419),
      ["LeftUpperArm"] = CFrame.new(0.213253, -0.143974, 0.094678, 0.911256, 0.411241, 0.022213, -0.389589, 0.843278, 0.370273, 0.133540, -0.346067, 0.928657),
      ["LeftUpperLeg"] = CFrame.new(-0.092647, -0.127495, -0.086789, 0.833396, 0.472550, 0.286613, -0.543809, 0.793664, 0.272709, -0.098605, -0.383137, 0.918413),
      ["LowerTorso"] = CFrame.new(-0.134817, 0.253368, -0.341833, -0.677352, 0.034731, -0.734839, 0.466164, 0.793006, -0.392216, 0.569109, -0.608223, -0.553335),
      ["RightUpperArm"] = CFrame.new(-0.103358, -0.497691, -0.286125, 0.705698, -0.695756, -0.133842, 0.305095, 0.468906, -0.828881, 0.639459, 0.544105, 0.543178),
      ["RightUpperLeg"] = CFrame.new(0.092552, -0.102363, 0.093445, -0.647562, -0.725115, 0.234251, 0.761559, -0.626450, 0.166099, 0.026305, 0.285955, 0.957882),
      ["рҹҢ§пёҸрҹҳірҹ‘»рҹҸіпёҸвҖҚрҹҢҲрҹҳӮрҹ’һрҹҸҙвҖҚвҳ пёҸрҹҺёрҹҢ§пёҸрҹҳірҹ‘»рҹҸіпёҸвҖҚрҹҢҲрҹҳӮрҹ’һрҹҸҙвҖҚвҳ"] = CFrame.new(0.013765, -0.047162, 0.009943, 0.990157, -0.117305, 0.076351, 0.113398, 0.992100, 0.053661, -0.082042, -0.044474, 0.995636)
    }},
    { Time = 0.183, Data = {
      ["Head"] = CFrame.new(-0.000001, 0.098146, 0.027447, 0.929496, 0.181435, -0.321120, -0.090506, 0.956221, 0.278299, 0.357555, -0.229615, 0.905225),
      ["LeftUpperArm"] = CFrame.new(0.213562, -0.144139, 0.094642, 0.910737, 0.412417, 0.021694, -0.390418, 0.842648, 0.370834, 0.134658, -0.346202, 0.928446),
      ["LeftUpperLeg"] = CFrame.new(-0.092236, -0.126797, -0.087150, 0.834216, 0.471360, 0.286187, -0.542419, 0.794891, 0.271900, -0.099325, -0.382057, 0.918786),
      ["LowerTorso"] = CFrame.new(-0.134836, 0.252351, -0.342230, -0.677332, 0.034750, -0.734857, 0.465231, 0.794023, -0.391265, 0.569897, -0.606894, -0.553984),
      ["RightUpperArm"] = CFrame.new(-0.104615, -0.495558, -0.284874, 0.705267, -0.696379, -0.132876, 0.305223, 0.467427, -0.829669, 0.639874, 0.544581, 0.542211),
      ["RightUpperLeg"] = CFrame.new(0.092997, -0.101971, 0.093040, -0.648451, -0.724401, 0.233996, 0.760773, -0.627615, 0.165299, 0.027117, 0.285206, 0.958083),
      ["рҹҢ§пёҸрҹҳірҹ‘»рҹҸіпёҸвҖҚрҹҢҲрҹҳӮрҹ’һрҹҸҙвҖҚвҳ пёҸрҹҺёрҹҢ§пёҸрҹҳірҹ‘»рҹҸіпёҸвҖҚрҹҢҲрҹҳӮрҹ’һрҹҸҙвҖҚвҳ"] = CFrame.new(0.013765, -0.047162, 0.009943, 0.990054, -0.117557, 0.077291, 0.113480, 0.992006, 0.055189, -0.083161, -0.045869, 0.995480)
    }},
    { Time = 0.200, Data = {
      ["Head"] = CFrame.new(-0.000001, 0.098146, 0.027448, 0.929430, 0.182264, -0.320843, -0.090996, 0.955854, 0.279399, 0.357603, -0.230486, 0.904984),
      ["LeftUpperArm"] = CFrame.new(0.213917, -0.144332, 0.094594, 0.910138, 0.413766, 0.021146, -0.391381, 0.841912, 0.371491, 0.135907, -0.346384, 0.928196),
      ["LeftUpperLeg"] = CFrame.new(-0.091793, -0.126049, -0.087504, 0.835097, 0.470137, 0.285627, -0.540931, 0.796221, 0.270970, -0.100029, -0.380791, 0.919234),
      ["LowerTorso"] = CFrame.new(-0.134818, 0.251262, -0.342633, -0.677336, 0.034731, -0.734854, 0.464195, 0.795112, -0.390283, 0.570736, -0.605468, -0.554680),
      ["RightUpperArm"] = CFrame.new(-0.105994, -0.493218, -0.283511, 0.704782, -0.697068, -0.131828, 0.305377, 0.465821, -0.830515, 0.640334, 0.545075, 0.541171),
      ["RightUpperLeg"] = CFrame.new(0.093512, -0.101516, 0.092603, -0.649482, -0.723575, 0.233691, 0.759861, -0.628943, 0.164444, 0.027991, 0.284377, 0.958304),
      ["рҹҢ§пёҸрҹҳірҹ‘»рҹҸіпёҸвҖҚрҹҢҲрҹҳӮрҹ’һрҹҸҙвҖҚвҳ пёҸрҹҺёрҹҢ§пёҸрҹҳірҹ‘»рҹҸіпёҸвҖҚрҹҢҲрҹҳӮрҹ’һрҹҸҙвҖҚвҳ"] = CFrame.new(0.013765, -0.047162, 0.009943, 0.989936, -0.117817, 0.078398, 0.113553, 0.991906, 0.056812, -0.084456, -0.047338, 0.995302)
    }},
    { Time = 0.217, Data = {
      ["Head"] = CFrame.new(-0.000001, 0.098145, 0.027448, 0.929350, 0.183177, -0.320553, -0.091571, 0.955472, 0.280513, 0.357662, -0.231341, 0.904742),
      ["LeftUpperArm"] = CFrame.new(0.214297, -0.144535, 0.094553, 0.909495, 0.415208, 0.020533, -0.392404, 0.841137, 0.372166, 0.137255, -0.346540, 0.927939),
      ["LeftUpperLeg"] = CFrame.new(-0.091315, -0.125230, -0.087926, 0.836051, 0.468759, 0.285104, -0.539300, 0.797669, 0.269962, -0.100871, -0.379458, 0.919694),
      ["LowerTorso"] = CFrame.new(-0.134836, 0.250127, -0.343017, -0.677339, 0.034749, -0.734850, 0.463130, 0.796247, -0.389232, 0.571596, -0.603973, -0.555423),
      ["RightUpperArm"] = CFrame.new(-0.107470, -0.490658, -0.282017, 0.704337, -0.697734, -0.130676, 0.305540, 0.464141, -0.831396, 0.640745, 0.545656, 0.540097),
      ["RightUpperLeg"] = CFrame.new(0.094055, -0.101033, 0.092121, -0.650570, -0.722673, 0.233458, 0.758894, -0.630338, 0.163563, 0.028955, 0.283579, 0.958512),
      ["рҹҢ§пёҸрҹҳірҹ‘»рҹҸіпёҸвҖҚрҹҢҲрҹҳӮрҹ’һрҹҸҙвҖҚвҳ пёҸрҹҺёрҹҢ§пёҸрҹҳірҹ‘»рҹҸіпёҸвҖҚрҹҢҲрҹҳӮрҹ’һрҹҸҙвҖҚвҳ"] = CFrame.new(0.013765, -0.047162, 0.009943, 0.989806, -0.118172, 0.079491, 0.113701, 0.991785, 0.058612, -0.085764, -0.048976, 0.995111)
    }},
    { Time = 0.233, Data = {
      ["Head"] = CFrame.new(-0.000001, 0.098145, 0.027448, 0.929258, 0.184187, -0.320241, -0.092213, 0.955054, 0.281723, 0.357737, -0.232263, 0.904477),
      ["LeftUpperArm"] = CFrame.new(0.214698, -0.144748, 0.094514, 0.908812, 0.416729, 0.019939, -0.393505, 0.840324, 0.372840, 0.138618, -0.346687, 0.927681),
      ["LeftUpperLeg"] = CFrame.new(-0.090792, -0.124330, -0.088389, 0.837093, 0.467255, 0.284515, -0.537507, 0.799263, 0.268821, -0.101794, -0.377957, 0.920210),
      ["LowerTorso"] = CFrame.new(-0.134853, 0.248872, -0.343475, -0.677367, 0.034767, -0.734823, 0.461934, 0.797502, -0.388083, 0.572530, -0.602314, -0.556261),
      ["RightUpperArm"] = CFrame.new(-0.109068, -0.487891, -0.280412, 0.703839, -0.698467, -0.129443, 0.305729, 0.462332, -0.832333, 0.641203, 0.546254, 0.538949),
      ["RightUpperLeg"] = CFrame.new(0.094639, -0.100512, 0.091635, -0.651739, -0.721744, 0.233072, 0.757853, -0.631845, 0.162577, 0.029926, 0.282592, 0.958773),
      ["рҹҢ§пёҸрҹҳірҹ‘»рҹҸіпёҸвҖҚрҹҢҲрҹҳӮрҹ’һрҹҸҙвҖҚвҳ пёҸрҹҺёрҹҢ§пёҸрҹҳірҹ‘»рҹҸіпёҸвҖҚрҹҢҲрҹҳӮрҹ’һрҹҸҙвҖҚвҳ"] = CFrame.new(0.013765, -0.047162, 0.009943, 0.989668, -0.118538, 0.080659, 0.113837, 0.991650, 0.060588, -0.087168, -0.050780, 0.994899)
    }},
    { Time = 0.250, Data = {
      ["Head"] = CFrame.new(-0.000001, 0.098145, 0.027448, 0.929183, 0.185284, -0.319826, -0.092935, 0.954599, 0.283025, 0.357745, -0.233259, 0.904217),
      ["LeftUpperArm"] = CFrame.new(0.215147, -0.144998, 0.094446, 0.908042, 0.418436, 0.019251, -0.394714, 0.839370, 0.373708, 0.140214, -0.346941, 0.927347),
      ["LeftUpperLeg"] = CFrame.new(-0.090216, -0.123347, -0.088828, 0.838240, 0.465615, 0.283824, -0.535549, 0.800942, 0.267729, -0.102668, -0.376423, 0.920742),
      ["LowerTorso"] = CFrame.new(-0.134840, 0.247499, -0.344008, -0.677353, 0.034754, -0.734836, 0.460626, 0.798875, -0.386810, 0.573599, -0.600492, -0.557129),
      ["RightUpperArm"] = CFrame.new(-0.110790, -0.484937, -0.278681, 0.703286, -0.699272, -0.128091, 0.305911, 0.460323, -0.833379, 0.641722, 0.546920, 0.537654),
      ["RightUpperLeg"] = CFrame.new(0.095251, -0.099963, 0.091087, -0.652964, -0.720749, 0.232722, 0.756753, -0.633440, 0.161489, 0.031023, 0.281560, 0.959042),
      ["рҹҢ§пёҸрҹҳірҹ‘»рҹҸіпёҸвҖҚрҹҢҲрҹҳӮрҹ’һрҹҸҙвҖҚвҳ пёҸрҹҺёрҹҢ§пёҸрҹҳірҹ‘»рҹҸіпёҸвҖҚрҹҢҲрҹҳӮрҹ’һрҹҸҙвҖҚвҳ"] = CFrame.new(0.013765, -0.047162, 0.009943, 0.989513, -0.118914, 0.081993, 0.113962, 0.991507, 0.062660, -0.088748, -0.052659, 0.994661)
    }},
    { Time = 0.267, Data = {
      ["Head"] = CFrame.new(-0.000002, 0.098145, 0.027448, 0.929107, 0.186395, -0.319401, -0.093641, 0.954119, 0.284409, 0.357759, -0.234338, 0.903933),
      ["LeftUpperArm"] = CFrame.new(0.215601, -0.145240, 0.094406, 0.907262, 0.420159, 0.018464, -0.395912, 0.838446, 0.374516, 0.141875, -0.347094, 0.927037),
      ["LeftUpperLeg"] = CFrame.new(-0.089651, -0.122366, -0.089317, 0.839365, 0.463968, 0.283195, -0.533596, 0.802644, 0.266532, -0.103642, -0.374829, 0.921283),
      ["LowerTorso"] = CFrame.new(-0.134827, 0.246130, -0.344543, -0.677339, 0.034741, -0.734850, 0.459317, 0.800243, -0.385537, 0.574665, -0.598668, -0.557994),
      ["RightUpperArm"] = CFrame.new(-0.112518, -0.481984, -0.276961, 0.702693, -0.700103, -0.126801, 0.306047, 0.458310, -0.834438, 0.642307, 0.547547, 0.536316),
      ["RightUpperLeg"] = CFrame.new(0.095891, -0.099385, 0.090495, -0.654245, -0.719676, 0.232445, 0.755597, -0.635101, 0.160374, 0.032208, 0.280558, 0.959296),
      ["рҹҢ§пёҸрҹҳірҹ‘»рҹҸіпёҸвҖҚрҹҢҲрҹҳӮрҹ’һрҹҸҙвҖҚвҳ пёҸрҹҺёрҹҢ§пёҸрҹҳірҹ‘»рҹҸіпёҸвҖҚрҹҢҲрҹҳӮрҹ’һрҹҸҙвҖҚвҳ"] = CFrame.new(0.013765, -0.047162, 0.009943, 0.989339, -0.119389, 0.083399, 0.114158, 0.991340, 0.064913, -0.090427, -0.054700, 0.994400)
    }},
    { Time = 0.283, Data = {
      ["Head"] = CFrame.new(-0.000002, 0.098145, 0.027448, 0.928988, 0.187628, -0.319027, -0.094386, 0.953577, 0.285976, 0.357873, -0.235556, 0.903571),
      ["LeftUpperArm"] = CFrame.new(0.216117, -0.145521, 0.094350, 0.906368, 0.422117, 0.017748, -0.397336, 0.837375, 0.375402, 0.143602, -0.347304, 0.926692),
      ["LeftUpperLeg"] = CFrame.new(-0.089135, -0.121464, -0.089763, 0.840395, 0.462443, 0.282636, -0.531799, 0.804188, 0.265464, -0.104530, -0.373400, 0.921762),
      ["LowerTorso"] = CFrame.new(-0.134843, 0.244887, -0.345009, -0.677365, 0.034758, -0.734826, 0.458116, 0.801486, -0.384382, 0.575593, -0.597003, -0.558821),
      ["RightUpperArm"] = CFrame.new(-0.114114, -0.479220, -0.275358, 0.702191, -0.700829, -0.125562, 0.306231, 0.456492, -0.835367, 0.642767, 0.548136, 0.535160),
      ["RightUpperLeg"] = CFrame.new(0.096471, -0.098861, 0.090012, -0.655406, -0.718741, 0.232064, 0.754547, -0.636596, 0.159385, 0.033174, 0.279566, 0.959553),
      ["рҹҢ§пёҸрҹҳірҹ‘»рҹҸіпёҸвҖҚрҹҢҲрҹҳӮрҹ’һрҹҸҙвҖҚвҳ пёҸрҹҺёрҹҢ§пёҸрҹҳірҹ‘»рҹҸіпёҸвҖҚрҹҢҲрҹҳӮрҹ’һрҹҸҙвҖҚвҳ"] = CFrame.new(0.013765, -0.047162, 0.009943, 0.989164, -0.119787, 0.084888, 0.114258, 0.991172, 0.067253, -0.092195, -0.056825, 0.994118)
    }},
    { Time = 0.300, Data = {
      ["Head"] = CFrame.new(-0.000002, 0.098145, 0.027448, 0.928884, 0.188933, -0.318557, -0.095227, 0.953019, 0.287552, 0.357919, -0.236767, 0.903236),
      ["LeftUpperArm"] = CFrame.new(0.216640, -0.145811, 0.094284, 0.905456, 0.424104, 0.016889, -0.398717, 0.836268, 0.376405, 0.145511, -0.347552, 0.926301),
      ["LeftUpperLeg"] = CFrame.new(-0.088657, -0.120632, -0.090137, 0.841348, 0.461070, 0.282044, -0.530142, 0.805607, 0.264472, -0.105276, -0.372037, 0.922229),
      ["LowerTorso"] = CFrame.new(-0.134896, 0.243721, -0.345468, -0.677365, 0.034811, -0.734824, 0.457017, 0.802652, -0.383257, 0.576466, -0.595432, -0.559597),
      ["RightUpperArm"] = CFrame.new(-0.115588, -0.476663, -0.273868, 0.701742, -0.701486, -0.124402, 0.306387, 0.454797, -0.836234, 0.643184, 0.548706, 0.534076),
      ["RightUpperLeg"] = CFrame.new(0.097009, -0.098370, 0.089516, -0.656484, -0.717842, 0.231805, 0.753567, -0.637996, 0.158425, 0.034167, 0.278684, 0.959775),
      ["рҹҢ§пёҸрҹҳірҹ‘»рҹҸіпёҸвҖҚрҹҢҲрҹҳӮрҹ’һрҹҸҙвҖҚвҳ пёҸрҹҺёрҹҢ§пёҸрҹҳірҹ‘»рҹҸіпёҸвҖҚрҹҢҲрҹҳӮрҹ’һрҹҸҙвҖҚвҳ"] = CFrame.new(0.013765, -0.047162, 0.009943, 0.988976, -0.120274, 0.086372, 0.114440, 0.990989, 0.069597, -0.093965, -0.058945, 0.993829)
    }},
    { Time = 0.317, Data = {
      ["Head"] = CFrame.new(-0.000002, 0.098144, 0.027448, 0.928792, 0.190140, -0.318106, -0.096001, 0.952494, 0.289030, 0.357950, -0.237911, 0.902923),
      ["LeftUpperArm"] = CFrame.new(0.217184, -0.146112, 0.094221, 0.904502, 0.426168, 0.016049, -0.400174, 0.835119, 0.377409, 0.147437, -0.347789, 0.925908),
      ["LeftUpperLeg"] = CFrame.new(-0.088234, -0.119884, -0.090522, 0.842189, 0.459816, 0.281580, -0.528652, 0.806902, 0.263508, -0.106042, -0.370781, 0.922646),
      ["LowerTorso"] = CFrame.new(-0.134876, 0.242656, -0.345884, -0.677364, 0.034791, -0.734824, 0.455973, 0.803717, -0.382266, 0.577292, -0.593993, -0.560273),
      ["RightUpperArm"] = CFrame.new(-0.116963, -0.474329, -0.272508, 0.701252, -0.702163, -0.123343, 0.306531, 0.453172, -0.837062, 0.643649, 0.549183, 0.533023),
      ["RightUpperLeg"] = CFrame.new(0.097482, -0.097939, 0.089109, -0.657430, -0.717056, 0.231554, 0.752703, -0.639211, 0.157631, 0.034981, 0.277922, 0.959966),
      ["рҹҢ§пёҸрҹҳірҹ‘»рҹҸіпёҸвҖҚрҹҢҲрҹҳӮрҹ’һрҹҸҙвҖҚвҳ пёҸрҹҺёрҹҢ§пёҸрҹҳірҹ‘»рҹҸіпёҸвҖҚрҹҢҲрҹҳӮрҹ’һрҹҸҙвҖҚвҳ"] = CFrame.new(0.013765, -0.047162, 0.009943, 0.988812, -0.120669, 0.087692, 0.114543, 0.990817, 0.071841, -0.095556, -0.060993, 0.993554)
    }},
    { Time = 0.333, Data = {
      ["Head"] = CFrame.new(-0.000002, 0.098144, 0.027448, 0.928682, 0.191259, -0.317756, -0.096693, 0.952003, 0.290416, 0.358050, -0.238979, 0.902601),
      ["LeftUpperArm"] = CFrame.new(0.217723, -0.146415, 0.094154, 0.903547, 0.428216, 0.015294, -0.401644, 0.833965, 0.378396, 0.149281, -0.348041, 0.925517),
      ["LeftUpperLeg"] = CFrame.new(-0.087827, -0.119168, -0.090844, 0.843001, 0.458639, 0.281070, -0.527227, 0.808118, 0.262633, -0.106684, -0.369588, 0.923051),
      ["LowerTorso"] = CFrame.new(-0.134857, 0.241713, -0.346226, -0.677339, 0.034771, -0.734848, 0.455059, 0.804659, -0.381372, 0.578042, -0.592718, -0.560850),
      ["RightUpperArm"] = CFrame.new(-0.118209, -0.472202, -0.271252, 0.700854, -0.702742, -0.122298, 0.306691, 0.451671, -0.837815, 0.644006, 0.549679, 0.532081),
      ["RightUpperLeg"] = CFrame.new(0.097954, -0.097507, 0.088702, -0.658375, -0.716269, 0.231303, 0.751838, -0.640423, 0.156836, 0.035795, 0.277160, 0.960157),
      ["рҹҢ§пёҸрҹҳірҹ‘»рҹҸіпёҸвҖҚрҹҢҲрҹҳӮрҹ’һрҹҸҙвҖҚвҳ пёҸрҹҺёрҹҢ§пёҸрҹҳірҹ‘»рҹҸіпёҸвҖҚрҹҢҲрҹҳӮрҹ’һрҹҸҙвҖҚвҳ"] = CFrame.new(0.013765, -0.047162, 0.009943, 0.988635, -0.121146, 0.089019, 0.114736, 0.990642, 0.073917, -0.097140, -0.062863, 0.993283)
    }},
    { Time = 0.350, Data = {
      ["Head"] = CFrame.new(-0.000003, 0.098144, 0.027448, 0.928601, 0.192353, -0.317333, -0.097415, 0.951532, 0.291715, 0.358064, -0.239974, 0.902332),
      ["LeftUpperArm"] = CFrame.new(0.218221, -0.146690, 0.094106, 0.902662, 0.430107, 0.014488, -0.402962, 0.832915, 0.379307, 0.151075, -0.348224, 0.925157),
      ["LeftUpperLeg"] = CFrame.new(-0.087475, -0.118539, -0.091164, 0.843702, 0.457569, 0.280708, -0.525974, 0.809183, 0.261866, -0.107322, -0.368582, 0.923379),
      ["LowerTorso"] = CFrame.new(-0.134830, 0.240822, -0.346592, -0.677379, 0.034745, -0.734813, 0.454154, 0.805551, -0.380567, 0.578707, -0.591507, -0.561443),
      ["RightUpperArm"] = CFrame.new(-0.119322, -0.470249, -0.270122, 0.700522, -0.703215, -0.121479, 0.306753, 0.450421, -0.838465, 0.644338, 0.550099, 0.531243),
      ["RightUpperLeg"] = CFrame.new(0.098355, -0.097137, 0.088327, -0.659179, -0.715594, 0.231104, 0.751098, -0.641472, 0.156096, 0.036545, 0.276476, 0.960326),
      ["рҹҢ§пёҸрҹҳірҹ‘»рҹҸіпёҸвҖҚрҹҢҲрҹҳӮрҹ’һрҹҸҙвҖҚвҳ пёҸрҹҺёрҹҢ§пёҸрҹҳірҹ‘»рҹҸіпёҸвҖҚрҹҢҲрҹҳӮрҹ’һрҹҸҙвҖҚвҳ"] = CFrame.new(0.013765, -0.047162, 0.009943, 0.988474, -0.121532, 0.090267, 0.114848, 0.990479, 0.075898, -0.098631, -0.064657, 0.993021)
    }},
    { Time = 0.367, Data = {
      ["Head"] = CFrame.new(-0.000003, 0.098144, 0.027448, 0.928502, 0.193360, -0.317010, -0.098055, 0.951096, 0.292921, 0.358146, -0.240893, 0.902054),
      ["LeftUpperArm"] = CFrame.new(0.218673, -0.146946, 0.094049, 0.901853, 0.431825, 0.013732, -0.404137, 0.831937, 0.380203, 0.152757, -0.348437, 0.924801),
      ["LeftUpperLeg"] = CFrame.new(-0.087137, -0.117944, -0.091423, 0.844375, 0.456578, 0.280299, -0.524788, 0.810172, 0.261188, -0.107838, -0.367638, 0.923696),
      ["LowerTorso"] = CFrame.new(-0.134848, 0.240076, -0.346854, -0.677305, 0.034763, -0.734881, 0.453471, 0.806296, -0.379802, 0.579329, -0.590489, -0.561872),
      ["RightUpperArm"] = CFrame.new(-0.120330, -0.468517, -0.269114, 0.700190, -0.703681, -0.120697, 0.306848, 0.449243, -0.839062, 0.644654, 0.550467, 0.530478),
      ["RightUpperLeg"] = CFrame.new(0.098728, -0.096795, 0.088015, -0.659924, -0.714983, 0.230869, 0.750413, -0.642429, 0.155456, 0.037168, 0.275836, 0.960486),
      ["рҹҢ§пёҸрҹҳірҹ‘»рҹҸіпёҸвҖҚрҹҢҲрҹҳӮрҹ’һрҹҸҙвҖҚвҳ пёҸрҹҺёрҹҢ§пёҸрҹҳірҹ‘»рҹҸіпёҸвҖҚрҹҢҲрҹҳӮрҹ’һрҹҸҙвҖҚвҳ"] = CFrame.new(0.013765, -0.047162, 0.009943, 0.988339, -0.121822, 0.091356, 0.114887, 0.990336, 0.077694, -0.099938, -0.066292, 0.992783)
    }},
    { Time = 0.383, Data = {
      ["Head"] = CFrame.new(-0.000003, 0.098144, 0.027448, 0.928445, 0.194258, -0.316627, -0.098642, 0.950694, 0.294025, 0.358132, -0.241754, 0.901829),
      ["LeftUpperArm"] = CFrame.new(0.219117, -0.147195, 0.094004, 0.901053, 0.433511, 0.013124, -0.405351, 0.830989, 0.380983, 0.154255, -0.348606, 0.924489),
      ["LeftUpperLeg"] = CFrame.new(-0.086845, -0.117426, -0.091653, 0.844956, 0.455724, 0.279936, -0.523757, 0.811040, 0.260562, -0.108295, -0.366782, 0.923982),
      ["LowerTorso"] = CFrame.new(-0.134888, 0.239380, -0.347141, -0.677361, 0.034803, -0.734828, 0.452779, 0.806992, -0.379149, 0.579805, -0.589535, -0.562383),
      ["RightUpperArm"] = CFrame.new(-0.121229, -0.466988, -0.268240, 0.699857, -0.704133, -0.119988, 0.307010, 0.448210, -0.839555, 0.644938, 0.550731, 0.529859),
      ["RightUpperLeg"] = CFrame.new(0.099030, -0.096516, 0.087753, -0.660528, -0.714473, 0.230718, 0.749855, -0.643203, 0.154947, 0.037693, 0.275352, 0.960604),
      ["рҹҢ§пёҸрҹҳірҹ‘»рҹҸіпёҸвҖҚрҹҢҲрҹҳӮрҹ’һрҹҸҙвҖҚвҳ пёҸрҹҺёрҹҢ§пёҸрҹҳірҹ‘»рҹҸіпёҸвҖҚрҹҢҲрҹҳӮрҹ’һрҹҸҙвҖҚвҳ"] = CFrame.new(0.013765, -0.047162, 0.009943, 0.988200, -0.122189, 0.092366, 0.115021, 0.990191, 0.079317, -0.101152, -0.067757, 0.992561)
    }},
    { Time = 0.400, Data = {
      ["Head"] = CFrame.new(-0.000003, 0.098144, 0.027448, 0.928358, 0.195166, -0.316325, -0.099215, 0.950291, 0.295134, 0.358201, -0.242606, 0.901573),
      ["LeftUpperArm"] = CFrame.new(0.219520, -0.147416, 0.093977, 0.900324, 0.435041, 0.012463, -0.406414, 0.830146, 0.381687, 0.155704, -0.348707, 0.924208),
      ["LeftUpperLeg"] = CFrame.new(-0.086608, -0.116995, -0.091881, 0.845430, 0.454978, 0.279720, -0.522898, 0.811760, 0.260045, -0.108751, -0.366115, 0.924193),
      ["LowerTorso"] = CFrame.new(-0.134826, 0.238781, -0.347381, -0.677351, 0.034741, -0.734839, 0.452163, 0.807592, -0.378609, 0.580297, -0.588718, -0.562732),
      ["RightUpperArm"] = CFrame.new(-0.121993, -0.465670, -0.267455, 0.699631, -0.704463, -0.119367, 0.307051, 0.447283, -0.840034, 0.645164, 0.551062, 0.529239),
      ["RightUpperLeg"] = CFrame.new(0.099331, -0.096237, 0.087491, -0.661132, -0.713963, 0.230568, 0.749296, -0.643976, 0.154438, 0.038217, 0.274867, 0.960722),
      ["рҹҢ§пёҸрҹҳірҹ‘»рҹҸіпёҸвҖҚрҹҢҲрҹҳӮрҹ’һрҹҸҙвҖҚвҳ пёҸрҹҺёрҹҢ§пёҸрҹҳірҹ‘»рҹҸіпёҸвҖҚрҹҢҲрҹҳӮрҹ’һрҹҸҙвҖҚвҳ"] = CFrame.new(0.013765, -0.047162, 0.009943, 0.988078, -0.122464, 0.093299, 0.115076, 0.990061, 0.080845, -0.102272, -0.069144, 0.992350)
    }},
    { Time = 0.417, Data = {
      ["Head"] = CFrame.new(-0.000003, 0.098144, 0.027448, 0.928296, 0.195880, -0.316065, -0.099652, 0.949960, 0.296050, 0.358239, -0.243326, 0.901364),
      ["LeftUpperArm"] = CFrame.new(0.219898, -0.147627, 0.093944, 0.899637, 0.436477, 0.011869, -0.407415, 0.829339, 0.382374, 0.157054, -0.348833, 0.923931),
      ["LeftUpperLeg"] = CFrame.new(-0.086406, -0.116635, -0.092041, 0.845831, 0.454387, 0.279469, -0.522182, 0.812361, 0.259606, -0.109068, -0.365516, 0.924393),
      ["LowerTorso"] = CFrame.new(-0.134830, 0.238255, -0.347615, -0.677382, 0.034745, -0.734810, 0.451629, 0.808118, -0.378122, 0.580676, -0.587995, -0.563097),
      ["RightUpperArm"] = CFrame.new(-0.122633, -0.464541, -0.266797, 0.699457, -0.704720, -0.118864, 0.307099, 0.446555, -0.840404, 0.645329, 0.551324, 0.528765),
      ["RightUpperLeg"] = CFrame.new(0.099569, -0.096017, 0.087300, -0.661608, -0.713579, 0.230389, 0.748856, -0.644588, 0.154020, 0.038601, 0.274429, 0.960832),
      ["рҹҢ§пёҸрҹҳірҹ‘»рҹҸіпёҸвҖҚрҹҢҲрҹҳӮрҹ’һрҹҸҙвҖҚвҳ пёҸрҹҺёрҹҢ§пёҸрҹҳірҹ‘»рҹҸіпёҸвҖҚрҹҢҲрҹҳӮрҹ’һрҹҸҙвҖҚвҳ"] = CFrame.new(0.013765, -0.047162, 0.009943, 0.987964, -0.122730, 0.094156, 0.115142, 0.989942, 0.082196, -0.103297, -0.070365, 0.992159)
    }},
    { Time = 0.433, Data = {
      ["Head"] = CFrame.new(-0.000003, 0.098143, 0.027449, 0.928234, 0.196579, -0.315813, -0.100106, 0.949652, 0.296884, 0.358273, -0.243963, 0.901178),
      ["LeftUpperArm"] = CFrame.new(0.220252, -0.147829, 0.093904, 0.898992, 0.437818, 0.011341, -0.408353, 0.828568, 0.383044, 0.158307, -0.348984, 0.923661),
      ["LeftUpperLeg"] = CFrame.new(-0.086228, -0.116317, -0.092179, 0.846187, 0.453858, 0.279250, -0.521547, 0.812888, 0.259232, -0.109344, -0.365001, 0.924564),
      ["LowerTorso"] = CFrame.new(-0.134806, 0.237848, -0.347773, -0.677324, 0.034721, -0.734865, 0.451245, 0.808524, -0.377711, 0.581042, -0.587438, -0.563301),
      ["RightUpperArm"] = CFrame.new(-0.123175, -0.463632, -0.266269, 0.699244, -0.705000, -0.118464, 0.307136, 0.445901, -0.840738, 0.645543, 0.551496, 0.528324),
      ["RightUpperLeg"] = CFrame.new(0.099731, -0.095864, 0.087118, -0.661932, -0.713285, 0.230371, 0.748551, -0.645018, 0.153696, 0.038964, 0.274181, 0.960888),
      ["рҹҢ§пёҸрҹҳірҹ‘»рҹҸіпёҸвҖҚрҹҢҲрҹҳӮрҹ’һрҹҸҙвҖҚвҳ пёҸрҹҺёрҹҢ§пёҸрҹҳірҹ‘»рҹҸіпёҸвҖҚрҹҢҲрҹҳӮрҹ’һрҹҸҙвҖҚвҳ"] = CFrame.new(0.013765, -0.047162, 0.009943, 0.987857, -0.122985, 0.094937, 0.115219, 0.989835, 0.083370, -0.104225, -0.071419, 0.991986)
    }},
    { Time = 0.450, Data = {
      ["Head"] = CFrame.new(-0.000003, 0.098143, 0.027449, 0.928185, 0.197181, -0.315583, -0.100492, 0.949380, 0.297621, 0.358293, -0.244534, 0.901016),
      ["LeftUpperArm"] = CFrame.new(0.220555, -0.148003, 0.093871, 0.898435, 0.438972, 0.010924, -0.409175, 0.827905, 0.383599, 0.159345, -0.349109, 0.923435),
      ["LeftUpperLeg"] = CFrame.new(-0.086094, -0.116076, -0.092289, 0.846454, 0.453468, 0.279075, -0.521068, 0.813297, 0.258913, -0.109563, -0.364575, 0.924706),
      ["LowerTorso"] = CFrame.new(-0.134840, 0.237562, -0.347858, -0.677372, 0.034755, -0.734819, 0.450955, 0.808811, -0.377445, 0.581211, -0.587041, -0.563539),
      ["RightUpperArm"] = CFrame.new(-0.123586, -0.462911, -0.265857, 0.699124, -0.705177, -0.118117, 0.307226, 0.445446, -0.840946, 0.645630, 0.551637, 0.528070),
      ["RightUpperLeg"] = CFrame.new(0.099899, -0.095708, 0.086975, -0.662268, -0.713004, 0.230276, 0.748239, -0.645449, 0.153409, 0.039250, 0.273899, 0.960957),
      ["рҹҢ§пёҸрҹҳірҹ‘»рҹҸіпёҸвҖҚрҹҢҲрҹҳӮрҹ’һрҹҸҙвҖҚвҳ пёҸрҹҺёрҹҢ§пёҸрҹҳірҹ‘»рҹҸіпёҸвҖҚрҹҢҲрҹҳӮрҹ’һрҹҸҙвҖҚвҳ"] = CFrame.new(0.013765, -0.047162, 0.009943, 0.987767, -0.123231, 0.095552, 0.115307, 0.989734, 0.084449, -0.104978, -0.072398, 0.991836)
    }},
    { Time = 0.467, Data = {
      ["Head"] = CFrame.new(-0.000004, 0.098143, 0.027449, 0.928106, 0.197793, -0.315433, -0.100865, 0.949108, 0.298362, 0.358394, -0.245095, 0.900823),
      ["LeftUpperArm"] = CFrame.new(0.220839, -0.148167, 0.093836, 0.897913, 0.440047, 0.010490, -0.409919, 0.827279, 0.384156, 0.160368, -0.349239, 0.923209),
      ["LeftUpperLeg"] = CFrame.new(-0.086005, -0.115916, -0.092358, 0.846631, 0.453203, 0.278966, -0.520751, 0.813560, 0.258726, -0.109700, -0.364317, 0.924791),
      ["LowerTorso"] = CFrame.new(-0.134810, 0.237323, -0.347962, -0.677355, 0.034725, -0.734836, 0.450712, 0.809049, -0.377224, 0.581420, -0.586714, -0.563665),
      ["RightUpperArm"] = CFrame.new(-0.123883, -0.462397, -0.265566, 0.699017, -0.705316, -0.117916, 0.307244, 0.445119, -0.841113, 0.645737, 0.551723, 0.527850),
      ["RightUpperLeg"] = CFrame.new(0.100003, -0.095612, 0.086902, -0.662477, -0.712850, 0.230151, 0.748046, -0.645720, 0.153212, 0.039396, 0.273663, 0.961018),
      ["рҹҢ§пёҸрҹҳірҹ‘»рҹҸіпёҸвҖҚрҹҢҲрҹҳӮрҹ’һрҹҸҙвҖҚвҳ пёҸрҹҺёрҹҢ§пёҸрҹҳірҹ‘»рҹҸіпёҸвҖҚрҹҢҲрҹҳӮрҹ’һрҹҸҙвҖҚвҳ"] = CFrame.new(0.013765, -0.047162, 0.009943, 0.987687, -0.123387, 0.096176, 0.115313, 0.989648, 0.085437, -0.105722, -0.073295, 0.991691)
    }},
    { Time = 0.483, Data = {
      ["Head"] = CFrame.new(-0.000004, 0.098143, 0.027449, 0.928069, 0.198283, -0.315233, -0.101200, 0.948897, 0.298921, 0.358394, -0.245517, 0.900708),
      ["LeftUpperArm"] = CFrame.new(0.221097, -0.148313, 0.093816, 0.897436, 0.441029, 0.010103, -0.410608, 0.826724, 0.384615, 0.161274, -0.349316, 0.923022),
      ["LeftUpperLeg"] = CFrame.new(-0.085938, -0.115797, -0.092407, 0.846765, 0.453002, 0.278889, -0.520514, 0.813750, 0.258605, -0.109798, -0.364144, 0.924848),
      ["LowerTorso"] = CFrame.new(-0.134845, 0.237156, -0.348062, -0.677379, 0.034760, -0.734812, 0.450552, 0.809216, -0.377057, 0.581516, -0.586482, -0.563808),
      ["RightUpperArm"] = CFrame.new(-0.124059, -0.462089, -0.265387, 0.698963, -0.705389, -0.117797, 0.307236, 0.444918, -0.841222, 0.645799, 0.551791, 0.527703),
      ["RightUpperLeg"] = CFrame.new(0.100066, -0.095553, 0.086832, -0.662603, -0.712723, 0.230180, 0.747926, -0.645879, 0.153121, 0.039536, 0.273617, 0.961026),
      ["рҹҢ§пёҸрҹҳірҹ‘»рҹҸіпёҸвҖҚрҹҢҲрҹҳӮрҹ’һрҹҸҙвҖҚвҳ пёҸрҹҺёрҹҢ§пёҸрҹҳірҹ‘»рҹҸіпёҸвҖҚрҹҢҲрҹҳӮрҹ’һрҹҸҙвҖҚвҳ"] = CFrame.new(0.013765, -0.047162, 0.009943, 0.987624, -0.123526, 0.096644, 0.115340, 0.989583, 0.086158, -0.106280, -0.073945, 0.991583)
    }},
    { Time = 0.500, Data = {
      ["Head"] = CFrame.new(-0.000004, 0.098143, 0.027449, 0.928046, 0.198675, -0.315054, -0.101467, 0.948722, 0.299383, 0.358379, -0.245873, 0.900617),
      ["LeftUpperArm"] = CFrame.new(0.221331, -0.148449, 0.093788, 0.897003, 0.441917, 0.009781, -0.411236, 0.826205, 0.385057, 0.162082, -0.349419, 0.922841),
      ["LeftUpperLeg"] = CFrame.new(-0.085938, -0.115797, -0.092407, 0.846765, 0.453002, 0.278889, -0.520514, 0.813750, 0.258605, -0.109798, -0.364144, 0.924848),
      ["LowerTorso"] = CFrame.new(-0.134816, 0.237156, -0.348015, -0.677314, 0.034731, -0.734874, 0.450571, 0.809216, -0.377034, 0.581577, -0.586483, -0.563743),
      ["RightUpperArm"] = CFrame.new(-0.124128, -0.462002, -0.265329, 0.698910, -0.705456, -0.117716, 0.307263, 0.444791, -0.841279, 0.645844, 0.551809, 0.527629),
      ["RightUpperLeg"] = CFrame.new(0.100101, -0.095520, 0.086808, -0.662673, -0.712671, 0.230139, 0.747862, -0.645970, 0.153056, 0.039584, 0.273538, 0.961046),
      ["рҹҢ§пёҸрҹҳірҹ‘»рҹҸіпёҸвҖҚрҹҢҲрҹҳӮрҹ’һрҹҸҙвҖҚвҳ пёҸрҹҺёрҹҢ§пёҸрҹҳірҹ‘»рҹҸіпёҸвҖҚрҹҢҲрҹҳӮрҹ’һрҹҸҙвҖҚвҳ"] = CFrame.new(0.013765, -0.047162, 0.009943, 0.987570, -0.123661, 0.097026, 0.115370, 0.989516, 0.086874, -0.106752, -0.074600, 0.991483)
    }},
    { Time = 0.517, Data = {
      ["Head"] = CFrame.new(-0.000004, 0.098143, 0.027449, 0.928006, 0.198995, -0.314970, -0.101638, 0.948561, 0.299835, 0.358434, -0.246236, 0.900496),
      ["LeftUpperArm"] = CFrame.new(0.221524, -0.148556, 0.093778, 0.896646, 0.442649, 0.009404, -0.411716, 0.825797, 0.385421, 0.162840, -0.349458, 0.922693),
      ["LeftUpperLeg"] = CFrame.new(-0.085938, -0.115797, -0.092407, 0.846765, 0.453002, 0.278889, -0.520514, 0.813750, 0.258605, -0.109798, -0.364144, 0.924848),
      ["LowerTorso"] = CFrame.new(-0.134845, 0.237156, -0.348062, -0.677379, 0.034760, -0.734812, 0.450552, 0.809216, -0.377057, 0.581516, -0.586482, -0.563808),
      ["RightUpperArm"] = CFrame.new(-0.124059, -0.462089, -0.265387, 0.698963, -0.705389, -0.117797, 0.307236, 0.444918, -0.841222, 0.645799, 0.551791, 0.527703),
      ["RightUpperLeg"] = CFrame.new(0.100066, -0.095553, 0.086832, -0.662603, -0.712723, 0.230180, 0.747926, -0.645879, 0.153121, 0.039536, 0.273617, 0.961026),
