return {
  ["Astros dj spin table"] = {
    { Time = 0.000, Data = {
      ["Head"] = CFrame.new(0.000001, 0.000000, -0.000003, 0.893891, 0.074288, 0.442087, -0.000384, 0.986300, -0.164962, -0.448285, 0.147288, 0.881673),
      ["LeftUpperArm"] = CFrame.new(0.025368, -0.788117, -0.286026, 0.900863, -0.412930, 0.133921, 0.093366, -0.116974, -0.988736, 0.423944, 0.903220, -0.066824),
      ["LeftUpperLeg"] = CFrame.new(-0.143034, -0.574994, -0.603513, 0.989900, -0.036561, 0.136971, -0.133353, 0.087760, 0.987175, -0.048113, -0.995471, 0.081998),
      ["LowerTorso"] = CFrame.new(1.031602, -1.074047, -1.664246, -0.485789, 0.000000, 0.874076, 0.000000, 1.000000, 0.000000, -0.874076, 0.000000, -0.485789),
      ["RightUpperArm"] = CFrame.new(-0.099111, -1.095484, -0.197440, 0.248340, 0.965832, 0.074138, -0.308171, 0.151334, -0.939217, -0.918345, 0.210398, 0.335224),
      ["RightUpperLeg"] = CFrame.new(0.132162, -0.581313, -0.608714, 0.987520, 0.045748, -0.150705, 0.146200, 0.089570, 0.985192, 0.058570, -0.994929, 0.081764),
      ["рҹҢ§пёҸрҹҳірҹ‘»рҹҸіпёҸвҖҚрҹҢҲрҹҳӮрҹ’һрҹҸҙвҖҚвҳ пёҸрҹҺёрҹҢ§пёҸрҹҳірҹ‘»рҹҸіпёҸвҖҚрҹҢҲрҹҳӮрҹ’һрҹҸҙвҖҚвҳ"] = CFrame.new(0.000000, 0.000000, 0.000000, 0.997954, 0.063932, 0.000000, -0.063932, 0.997954, -0.000000, -0.000000, 0.000000, 1.000000)
    }},
    { Time = 0.017, Data = {
      ["Head"] = CFrame.new(0.000001, 0.000000, -0.000003, 0.893895, 0.072697, 0.442342, 0.002385, 0.985978, -0.166860, -0.448270, 0.150211, 0.881187),
      ["LeftUpperArm"] = CFrame.new(0.023545, -0.788595, -0.286930, 0.897491, -0.419860, 0.135011, 0.093135, -0.118792, -0.988541, 0.431087, 0.899781, -0.067511),
      ["LeftUpperLeg"] = CFrame.new(-0.143035, -0.574990, -0.603544, 0.989900, -0.036561, 0.136971, -0.133353, 0.087760, 0.987175, -0.048113, -0.995471, 0.081998),
      ["LowerTorso"] = CFrame.new(1.031575, -1.074049, -1.664231, -0.485789, 0.000000, 0.874076, 0.000000, 1.000000, 0.000000, -0.874076, 0.000000, -0.485789),
      ["RightUpperArm"] = CFrame.new(-0.099219, -1.095277, -0.197094, 0.249974, 0.965421, 0.073997, -0.309657, 0.152119, -0.938601, -0.917402, 0.211712, 0.336975),
      ["RightUpperLeg"] = CFrame.new(0.132163, -0.581308, -0.608749, 0.987520, 0.045740, -0.150708, 0.146197, 0.089687, 0.985182, 0.058578, -0.994919, 0.081880),
      ["рҹҢ§пёҸрҹҳірҹ‘»рҹҸіпёҸвҖҚрҹҢҲрҹҳӮрҹ’һрҹҸҙвҖҚвҳ пёҸрҹҺёрҹҢ§пёҸрҹҳірҹ‘»рҹҸіпёҸвҖҚрҹҢҲрҹҳӮрҹ’һрҹҸҙвҖҚвҳ"] = CFrame.new(0.000000, 0.000000, 0.000000, 0.998122, 0.061260, 0.000000, -0.061260, 0.998122, -0.000000, -0.000000, 0.000000, 1.000000)
    }},
    { Time = 0.033, Data = {
      ["Head"] = CFrame.new(0.000001, 0.000000, -0.000002, 0.893934, 0.071099, 0.442522, 0.005147, 0.985644, -0.168758, -0.448168, 0.153136, 0.880735),
      ["LeftUpperArm"] = CFrame.new(0.021728, -0.789065, -0.287849, 0.894060, -0.426770, 0.136102, 0.092898, -0.120580, -0.988347, 0.438208, 0.896286, -0.068159),
      ["LeftUpperLeg"] = CFrame.new(-0.143038, -0.574977, -0.603641, 0.989900, -0.036553, 0.136973, -0.133350, 0.087876, 0.987165, -0.048121, -0.995461, 0.082114),
      ["LowerTorso"] = CFrame.new(1.031658, -1.074054, -1.664292, -0.485789, -0.000162, 0.874076, 0.000013, 1.000000, 0.000193, -0.874076, 0.000105, -0.485789),
      ["RightUpperArm"] = CFrame.new(-0.099334, -1.095049, -0.196734, 0.251687, 0.964982, 0.073912, -0.311112, 0.152988, -0.937979, -0.916440, 0.213082, 0.338723),
      ["RightUpperLeg"] = CFrame.new(0.132167, -0.581296, -0.608842, 0.987520, 0.045740, -0.150708, 0.146197, 0.089687, 0.985182, 0.058578, -0.994919, 0.081880),
      ["рҹҢ§пёҸрҹҳірҹ‘»рҹҸіпёҸвҖҚрҹҢҲрҹҳӮрҹ’һрҹҸҙвҖҚвҳ пёҸрҹҺёрҹҢ§пёҸрҹҳірҹ‘»рҹҸіпёҸвҖҚрҹҢҲрҹҳӮрҹ’һрҹҸҙвҖҚвҳ"] = CFrame.new(0.000000, 0.000000, 0.000000, 0.998282, 0.058587, 0.000000, -0.058587, 0.998282, -0.000000, -0.000000, 0.000000, 1.000000)
    }},
    { Time = 0.050, Data = {
      ["Head"] = CFrame.new(0.000001, 0.000000, -0.000002, 0.893932, 0.069406, 0.442797, 0.007979, 0.985317, -0.170551, -0.448132, 0.155994, 0.880252),
      ["LeftUpperArm"] = CFrame.new(0.019916, -0.789528, -0.288784, 0.890571, -0.433660, 0.137193, 0.092654, -0.122337, -0.988154, 0.445307, 0.892733, -0.068770),
      ["LeftUpperLeg"] = CFrame.new(-0.143043, -0.574956, -0.603800, 0.989900, -0.036545, 0.136976, -0.133347, 0.087992, 0.987155, -0.048129, -0.995450, 0.082231),
      ["LowerTorso"] = CFrame.new(1.031688, -1.074063, -1.664324, -0.485790, -0.000324, 0.874076, 0.000026, 1.000000, 0.000385, -0.874076, 0.000210, -0.485789),
      ["RightUpperArm"] = CFrame.new(-0.099441, -1.094862, -0.196382, 0.253314, 0.964573, 0.073699, -0.312531, 0.153698, -0.937391, -0.915509, 0.214421, 0.340393),
      ["RightUpperLeg"] = CFrame.new(0.132173, -0.581274, -0.609001, 0.987520, 0.045731, -0.150711, 0.146194, 0.089803, 0.985171, 0.058587, -0.994909, 0.081997),
      ["рҹҢ§пёҸрҹҳірҹ‘»рҹҸіпёҸвҖҚрҹҢҲрҹҳӮрҹ’һрҹҸҙвҖҚвҳ пёҸрҹҺёрҹҢ§пёҸрҹҳірҹ‘»рҹҸіпёҸвҖҚрҹҢҲрҹҳӮрҹ’һрҹҸҙвҖҚвҳ"] = CFrame.new(0.000000, 0.000000, 0.000000, 0.998436, 0.055915, 0.000000, -0.055915, 0.998436, -0.000000, -0.000000, 0.000000, 1.000000)
    }},
    { Time = 0.067, Data = {
      ["Head"] = CFrame.new(0.000001, 0.000000, -0.000002, 0.893961, 0.067809, 0.442986, 0.010741, 0.984960, -0.172446, -0.448017, 0.158918, 0.879787),
      ["LeftUpperArm"] = CFrame.new(0.018153, -0.789988, -0.289712, 0.887115, -0.440363, 0.138229, 0.092347, -0.124086, -0.987965, 0.452215, 0.889204, -0.069412),
      ["LeftUpperLeg"] = CFrame.new(-0.143050, -0.574927, -0.604020, 0.989900, -0.036537, 0.136978, -0.133345, 0.088109, 0.987145, -0.048136, -0.995441, 0.082347),
      ["LowerTorso"] = CFrame.new(1.031783, -1.074076, -1.664357, -0.485789, -0.000604, 0.874076, 0.000009, 1.000000, 0.000696, -0.874076, 0.000346, -0.485789),
      ["RightUpperArm"] = CFrame.new(-0.099558, -1.094634, -0.196023, 0.255022, 0.964130, 0.073605, -0.313979, 0.154566, -0.936764, -0.914539, 0.215785, 0.342134),
      ["RightUpperLeg"] = CFrame.new(0.132182, -0.581243, -0.609225, 0.987520, 0.045713, -0.150716, 0.146187, 0.090035, 0.985151, 0.058604, -0.994889, 0.082229),
      ["рҹҢ§пёҸрҹҳірҹ‘»рҹҸіпёҸвҖҚрҹҢҲрҹҳӮрҹ’һрҹҸҙвҖҚвҳ пёҸрҹҺёрҹҢ§пёҸрҹҳірҹ‘»рҹҸіпёҸвҖҚрҹҢҲрҹҳӮрҹ’һрҹҸҙвҖҚвҳ"] = CFrame.new(0.000000, 0.000000, 0.000000, 0.998582, 0.053242, 0.000000, -0.053242, 0.998582, -0.000000, -0.000000, 0.000000, 1.000000)
    }},
    { Time = 0.083, Data = {
      ["Head"] = CFrame.new(0.000002, 0.000000, -0.000002, 0.893945, 0.066201, 0.443261, 0.013490, 0.984608, -0.174257, -0.447974, 0.161755, 0.879292),
      ["LeftUpperArm"] = CFrame.new(0.016397, -0.790445, -0.290655, 0.883589, -0.447039, 0.139381, 0.092154, -0.125826, -0.987763, 0.459106, 0.885621, -0.069982),
      ["LeftUpperLeg"] = CFrame.new(-0.143056, -0.574892, -0.604244, 0.989905, -0.036399, 0.136977, -0.133344, 0.088336, 0.987125, -0.048031, -0.995426, 0.082591),
      ["LowerTorso"] = CFrame.new(1.031827, -1.074092, -1.664362, -0.485790, -0.000884, 0.874076, -0.000009, 0.999999, 0.001007, -0.874076, 0.000481, -0.485789),
      ["RightUpperArm"] = CFrame.new(-0.099664, -1.094428, -0.195697, 0.256578, 0.963726, 0.073485, -0.315389, 0.155351, -0.936160, -0.913618, 0.217022, 0.343808),
      ["RightUpperLeg"] = CFrame.new(0.132196, -0.581236, -0.609481, 0.987514, 0.045632, -0.150779, 0.146243, 0.090262, 0.985122, 0.058563, -0.994872, 0.082462),
      ["рҹҢ§пёҸрҹҳірҹ‘»рҹҸіпёҸвҖҚрҹҢҲрҹҳӮрҹ’һрҹҸҙвҖҚвҳ пёҸрҹҺёрҹҢ§пёҸрҹҳірҹ‘»рҹҸіпёҸвҖҚрҹҢҲрҹҳӮрҹ’һрҹҸҙвҖҚвҳ"] = CFrame.new(0.000000, 0.000000, 0.000000, 0.998716, 0.050655, 0.000000, -0.050655, 0.998716, -0.000000, -0.000000, 0.000000, 1.000000)
    }},
    { Time = 0.100, Data = {
      ["Head"] = CFrame.new(0.000002, 0.000000, -0.000002, 0.893961, 0.064670, 0.443453, 0.016147, 0.984242, -0.176086, -0.447853, 0.164575, 0.878830),
      ["LeftUpperArm"] = CFrame.new(0.014690, -0.790901, -0.291590, 0.880101, -0.453529, 0.140478, 0.091898, -0.127560, -0.987565, 0.465808, 0.882066, -0.070587),
      ["LeftUpperLeg"] = CFrame.new(-0.143066, -0.574845, -0.604592, 0.989905, -0.036375, 0.136983, -0.133336, 0.088685, 0.987095, -0.048054, -0.995395, 0.082940),
      ["LowerTorso"] = CFrame.new(1.031982, -1.074111, -1.664443, -0.485789, -0.001326, 0.874075, -0.000013, 0.999999, 0.001510, -0.874076, 0.000722, -0.485789),
      ["RightUpperArm"] = CFrame.new(-0.099769, -1.094242, -0.195364, 0.258132, 0.963325, 0.073297, -0.316737, 0.156059, -0.935587, -0.912713, 0.218289, 0.345404),
      ["RightUpperLeg"] = CFrame.new(0.132209, -0.581189, -0.609826, 0.987514, 0.045614, -0.150785, 0.146236, 0.090495, 0.985102, 0.058580, -0.994852, 0.082694),
      ["рҹҢ§пёҸрҹҳірҹ‘»рҹҸіпёҸвҖҚрҹҢҲрҹҳӮрҹ’һрҹҸҙвҖҚвҳ пёҸрҹҺёрҹҢ§пёҸрҹҳірҹ‘»рҹҸіпёҸвҖҚрҹҢҲрҹҳӮрҹ’һрҹҸҙвҖҚвҳ"] = CFrame.new(0.000000, 0.000000, 0.000000, 0.998844, 0.048067, 0.000000, -0.048067, 0.998844, -0.000000, -0.000000, 0.000000, 1.000000)
    }},
    { Time = 0.117, Data = {
      ["Head"] = CFrame.new(0.000002, 0.000000, -0.000002, 0.893934, 0.063127, 0.443731, 0.018793, 0.983882, -0.177830, -0.447805, 0.167307, 0.878339),
      ["LeftUpperArm"] = CFrame.new(0.013000, -0.791321, -0.292528, 0.876597, -0.459955, 0.141490, 0.091605, -0.129154, -0.987384, 0.472426, 0.878499, -0.071082),
      ["LeftUpperLeg"] = CFrame.new(-0.143079, -0.574791, -0.604999, 0.989905, -0.036351, 0.136990, -0.133327, 0.089034, 0.987065, -0.048078, -0.995365, 0.083289),
      ["LowerTorso"] = CFrame.new(1.032086, -1.074134, -1.664496, -0.485789, -0.001768, 0.874074, -0.000017, 0.999998, 0.002013, -0.874076, 0.000963, -0.485788),
      ["RightUpperArm"] = CFrame.new(-0.099876, -1.094036, -0.195040, 0.259683, 0.962918, 0.073169, -0.318140, 0.156843, -0.934980, -0.911785, 0.219520, 0.347073),
      ["RightUpperLeg"] = CFrame.new(0.132225, -0.581133, -0.610234, 0.987514, 0.045588, -0.150793, 0.146226, 0.090843, 0.985071, 0.058606, -0.994821, 0.083043),
      ["рҹҢ§пёҸрҹҳірҹ‘»рҹҸіпёҸвҖҚрҹҢҲрҹҳӮрҹ’һрҹҸҙвҖҚвҳ пёҸрҹҺёрҹҢ§пёҸрҹҳірҹ‘»рҹҸіпёҸвҖҚрҹҢҲрҹҳӮрҹ’һрҹҸҙвҖҚвҳ"] = CFrame.new(0.000000, 0.000000, 0.000000, 0.998965, 0.045480, 0.000000, -0.045480, 0.998965, -0.000000, -0.000000, 0.000000, 1.000000)
    }},
    { Time = 0.133, Data = {
      ["Head"] = CFrame.new(0.000002, 0.000000, -0.000002, 0.893939, 0.061661, 0.443926, 0.021346, 0.983509, -0.179594, -0.447679, 0.170022, 0.877881),
      ["LeftUpperArm"] = CFrame.new(0.011377, -0.791774, -0.293452, 0.873160, -0.466128, 0.142535, 0.091281, -0.130877, -0.987187, 0.478810, 0.874983, -0.071728),
      ["LeftUpperLeg"] = CFrame.new(-0.143093, -0.574729, -0.605464, 0.989905, -0.036327, 0.136996, -0.133319, 0.089383, 0.987034, -0.048101, -0.995335, 0.083638),
      ["LowerTorso"] = CFrame.new(1.032183, -1.074160, -1.664595, -0.485789, -0.002254, 0.874074, 0.000022, 0.999997, 0.002591, -0.874076, 0.001278, -0.485787),
      ["RightUpperArm"] = CFrame.new(-0.099989, -1.093828, -0.194693, 0.261314, 0.962487, 0.073034, -0.319454, 0.157634, -0.934398, -0.910859, 0.220841, 0.348663),
      ["RightUpperLeg"] = CFrame.new(0.132244, -0.581068, -0.610705, 0.987514, 0.045552, -0.150803, 0.146212, 0.091308, 0.985030, 0.058640, -0.994780, 0.083508),
      ["рҹҢ§пёҸрҹҳірҹ‘»рҹҸіпёҸвҖҚрҹҢҲрҹҳӮрҹ’һрҹҸҙвҖҚвҳ пёҸрҹҺёрҹҢ§пёҸрҹҳірҹ‘»рҹҸіпёҸвҖҚрҹҢҲрҹҳӮрҹ’һрҹҸҙвҖҚвҳ"] = CFrame.new(0.000000, 0.000000, 0.000000, 0.999076, 0.042978, 0.000000, -0.042978, 0.999076, -0.000000, -0.000000, 0.000000, 1.000000)
    }},
    { Time = 0.150, Data = {
      ["Head"] = CFrame.new(0.000002, 0.000000, -0.000002, 0.893901, 0.060184, 0.444206, 0.023888, 0.983143, -0.181273, -0.447628, 0.172651, 0.877394),
      ["LeftUpperArm"] = CFrame.new(0.009785, -0.792197, -0.294371, 0.869735, -0.472179, 0.143554, 0.090983, -0.132486, -0.987000, 0.485060, 0.871490, -0.072268),
      ["LeftUpperLeg"] = CFrame.new(-0.143112, -0.574690, -0.605961, 0.989900, -0.036231, 0.137063, -0.133371, 0.089843, 0.986986, -0.048074, -0.995297, 0.084104),
      ["LowerTorso"] = CFrame.new(1.032350, -1.074188, -1.664697, -0.485788, -0.002858, 0.874072, 0.000031, 0.999995, 0.003287, -0.874077, 0.001624, -0.485785),
      ["RightUpperArm"] = CFrame.new(-0.100093, -1.093622, -0.194387, 0.262796, 0.962091, 0.072937, -0.320791, 0.158417, -0.933808, -0.909962, 0.222003, 0.350261),
      ["RightUpperLeg"] = CFrame.new(0.132267, -0.581029, -0.611199, 0.987508, 0.045462, -0.150869, 0.146265, 0.091651, 0.984991, 0.058607, -0.994753, 0.083857),
      ["рҹҢ§пёҸрҹҳірҹ‘»рҹҸіпёҸвҖҚрҹҢҲрҹҳӮрҹ’һрҹҸҙвҖҚвҳ пёҸрҹҺёрҹҢ§пёҸрҹҳірҹ‘»рҹҸіпёҸвҖҚрҹҢҲрҹҳӮрҹ’һрҹҸҙвҖҚвҳ"] = CFrame.new(0.000000, 0.000000, 0.000000, 0.999177, 0.040563, 0.000000, -0.040563, 0.999177, -0.000000, -0.000000, 0.000000, 1.000000)
    }},
    { Time = 0.167, Data = {
      ["Head"] = CFrame.new(0.000002, 0.000000, -0.000002, 0.893898, 0.058679, 0.444414, 0.026401, 0.982783, -0.182868, -0.447493, 0.175199, 0.876958),
      ["LeftUpperArm"] = CFrame.new(0.008226, -0.792591, -0.295284, 0.866324, -0.478109, 0.144547, 0.090710, -0.133982, -0.986823, 0.491176, 0.868021, -0.072703),
      ["LeftUpperLeg"] = CFrame.new(-0.143130, -0.574613, -0.606542, 0.989900, -0.036199, 0.137071, -0.133360, 0.090309, 0.986945, -0.048105, -0.995256, 0.084569),
      ["LowerTorso"] = CFrame.new(1.032589, -1.074219, -1.664805, -0.485787, -0.003580, 0.874070, 0.000009, 0.999992, 0.004101, -0.874077, 0.002000, -0.485783),
      ["RightUpperArm"] = CFrame.new(-0.100193, -1.093436, -0.194089, 0.264211, 0.961712, 0.072814, -0.322005, 0.159124, -0.933270, -0.909123, 0.223134, 0.351719),
      ["RightUpperLeg"] = CFrame.new(0.132284, -0.580921, -0.611749, 0.987520, 0.045369, -0.150817, 0.146194, 0.092116, 0.984958, 0.058579, -0.994714, 0.084334),
      ["рҹҢ§пёҸрҹҳірҹ‘»рҹҸіпёҸвҖҚрҹҢҲрҹҳӮрҹ’һрҹҸҙвҖҚвҳ пёҸрҹҺёрҹҢ§пёҸрҹҳірҹ‘»рҹҸіпёҸвҖҚрҹҢҲрҹҳӮрҹ’һрҹҸҙвҖҚвҳ"] = CFrame.new(0.000000, 0.000000, 0.000000, 0.999269, 0.038234, 0.000000, -0.038234, 0.999269, -0.000000, -0.000000, 0.000000, 1.000000)
    }},
    { Time = 0.183, Data = {
      ["Head"] = CFrame.new(0.000002, 0.000000, -0.000002, 0.893888, 0.057343, 0.444608, 0.028747, 0.982412, -0.184503, -0.447368, 0.177706, 0.876517),
      ["LeftUpperArm"] = CFrame.new(0.006729, -0.792990, -0.296176, 0.862993, -0.483798, 0.145544, 0.090435, -0.135502, -0.986641, 0.497057, 0.864626, -0.073185),
      ["LeftUpperLeg"] = CFrame.new(-0.143144, -0.574500, -0.607145, 0.989910, -0.036109, 0.137017, -0.133290, 0.090774, 0.986911, -0.048073, -0.995217, 0.085045),
      ["LowerTorso"] = CFrame.new(1.032782, -1.074252, -1.664888, -0.485786, -0.004302, 0.874067, -0.000013, 0.999988, 0.004915, -0.874078, 0.002376, -0.485781),
      ["RightUpperArm"] = CFrame.new(-0.100289, -1.093272, -0.193792, 0.265605, 0.961346, 0.072587, -0.323304, 0.159749, -0.932714, -0.908256, 0.224266, 0.353237),
      ["RightUpperLeg"] = CFrame.new(0.132312, -0.580864, -0.612360, 0.987514, 0.045261, -0.150888, 0.146240, 0.092691, 0.984897, 0.058563, -0.994666, 0.084914),
      ["рҹҢ§пёҸрҹҳірҹ‘»рҹҸіпёҸвҖҚрҹҢҲрҹҳӮрҹ’һрҹҸҙвҖҚвҳ пёҸрҹҺёрҹҢ§пёҸрҹҳірҹ‘»рҹҸіпёҸвҖҚрҹҢҲрҹҳӮрҹ’һрҹҸҙвҖҚвҳ"] = CFrame.new(0.000000, 0.000000, 0.000000, 0.999355, 0.035904, 0.000000, -0.035904, 0.999355, -0.000000, -0.000000, 0.000000, 1.000000)
    }},
    { Time = 0.200, Data = {
      ["Head"] = CFrame.new(0.000002, 0.000000, -0.000002, 0.893835, 0.055995, 0.444887, 0.031082, 0.982048, -0.186052, -0.447319, 0.180127, 0.876048),
      ["LeftUpperArm"] = CFrame.new(0.005292, -0.793361, -0.297045, 0.859760, -0.489264, 0.146403, 0.090068, -0.136913, -0.986480, 0.502694, 0.861322, -0.073645),
      ["LeftUpperLeg"] = CFrame.new(-0.143168, -0.574440, -0.607807, 0.989905, -0.036005, 0.137085, -0.133340, 0.091349, 0.986852, -0.048054, -0.995168, 0.085626),
      ["LowerTorso"] = CFrame.new(1.032975, -1.074287, -1.665021, -0.485785, -0.005068, 0.874064, 0.000009, 0.999983, 0.005803, -0.874078, 0.002827, -0.485777),
      ["RightUpperArm"] = CFrame.new(-0.100385, -1.093086, -0.193512, 0.266952, 0.960979, 0.072497, -0.324453, 0.160455, -0.932193, -0.907451, 0.225329, 0.354626),
      ["RightUpperLeg"] = CFrame.new(0.132339, -0.580769, -0.613053, 0.987514, 0.045217, -0.150901, 0.146223, 0.093271, 0.984845, 0.058606, -0.994613, 0.085495),
      ["рҹҢ§пёҸрҹҳірҹ‘»рҹҸіпёҸвҖҚрҹҢҲрҹҳӮрҹ’һрҹҸҙвҖҚвҳ пёҸрҹҺёрҹҢ§пёҸрҹҳірҹ‘»рҹҸіпёҸвҖҚрҹҢҲрҹҳӮрҹ’һрҹҸҙвҖҚвҳ"] = CFrame.new(0.000000, 0.000000, 0.000000, 0.999433, 0.033661, 0.000000, -0.033661, 0.999433, -0.000000, -0.000000, 0.000000, 1.000000)
    }},
    { Time = 0.217, Data = {
      ["Head"] = CFrame.new(0.000002, 0.000000, -0.000002, 0.893816, 0.054704, 0.445084, 0.033304, 0.981693, -0.187538, -0.447195, 0.182448, 0.875631),
      ["LeftUpperArm"] = CFrame.new(0.003919, -0.793746, -0.297893, 0.856600, -0.494484, 0.147383, 0.089819, -0.138375, -0.986299, 0.508103, 0.858101, -0.074118),
      ["LeftUpperLeg"] = CFrame.new(-0.143191, -0.574341, -0.608548, 0.989905, -0.035965, 0.137096, -0.133326, 0.091930, 0.986799, -0.048093, -0.995116, 0.086207),
      ["LowerTorso"] = CFrame.new(1.033198, -1.074324, -1.665084, -0.485784, -0.005909, 0.874059, -0.000043, 0.999977, 0.006736, -0.874079, 0.003234, -0.485773),
      ["RightUpperArm"] = CFrame.new(-0.100482, -1.092900, -0.193233, 0.268297, 0.960611, 0.072404, -0.325599, 0.161162, -0.931672, -0.906643, 0.226390, 0.356013),
      ["RightUpperLeg"] = CFrame.new(0.132371, -0.580699, -0.613766, 0.987508, 0.045109, -0.150972, 0.146269, 0.093846, 0.984783, 0.058591, -0.994564, 0.086076),
      ["рҹҢ§пёҸрҹҳірҹ‘»рҹҸіпёҸвҖҚрҹҢҲрҹҳӮрҹ’һрҹҸҙвҖҚвҳ пёҸрҹҺёрҹҢ§пёҸрҹҳірҹ‘»рҹҸіпёҸвҖҚрҹҢҲрҹҳӮрҹ’һрҹҸҙвҖҚвҳ"] = CFrame.new(0.000000, 0.000000, 0.000000, 0.999501, 0.031590, 0.000000, -0.031590, 0.999501, -0.000000, -0.000000, 0.000000, 1.000000)
    }},
    { Time = 0.233, Data = {
      ["Head"] = CFrame.new(0.000003, -0.000000, -0.000002, 0.893794, 0.053477, 0.445277, 0.035423, 0.981346, -0.188960, -0.447076, 0.184665, 0.875227),
      ["LeftUpperArm"] = CFrame.new(0.002604, -0.794103, -0.298714, 0.853548, -0.499485, 0.148224, 0.089479, -0.139733, -0.986138, 0.513273, 0.854979, -0.074575),
      ["LeftUpperLeg"] = CFrame.new(-0.143218, -0.574267, -0.609312, 0.989899, -0.035853, 0.137166, -0.133372, 0.092621, 0.986729, -0.048082, -0.995056, 0.086904),
      ["LowerTorso"] = CFrame.new(1.033468, -1.074362, -1.665274, -0.485782, -0.006837, 0.874054, -0.000008, 0.999969, 0.007817, -0.874080, 0.003790, -0.485767),
      ["RightUpperArm"] = CFrame.new(-0.100566, -1.092756, -0.192977, 0.269495, 0.960290, 0.072226, -0.326652, 0.161710, -0.931208, -0.905909, 0.227362, 0.357260),
      ["RightUpperLeg"] = CFrame.new(0.132395, -0.580563, -0.614525, 0.987521, 0.045007, -0.150922, 0.146194, 0.094426, 0.984739, 0.058571, -0.994514, 0.086668),
      ["рҹҢ§пёҸрҹҳірҹ‘»рҹҸіпёҸвҖҚрҹҢҲрҹҳӮрҹ’һрҹҸҙвҖҚвҳ пёҸрҹҺёрҹҢ§пёҸрҹҳірҹ‘»рҹҸіпёҸвҖҚрҹҢҲрҹҳӮрҹ’һрҹҸҙвҖҚвҳ"] = CFrame.new(0.000000, 0.000000, 0.000000, 0.999564, 0.029519, 0.000000, -0.029519, 0.999564, -0.000000, -0.000000, 0.000000, 1.000000)
    }},
    { Time = 0.250, Data = {
      ["Head"] = CFrame.new(0.000003, 0.000000, -0.000002, 0.893768, 0.052314, 0.445467, 0.037437, 0.981008, -0.190319, -0.446964, 0.186778, 0.874836),
      ["LeftUpperArm"] = CFrame.new(0.001348, -0.794439, -0.299508, 0.850593, -0.504260, 0.149041, 0.089168, -0.141012, -0.985984, 0.518209, 0.851961, -0.074980),
      ["LeftUpperLeg"] = CFrame.new(-0.143243, -0.574155, -0.610151, 0.989899, -0.035805, 0.137179, -0.133355, 0.093318, 0.986665, -0.048129, -0.994992, 0.087601),
      ["LowerTorso"] = CFrame.new(1.033698, -1.074401, -1.665442, -0.485780, -0.007764, 0.874047, 0.000027, 0.999960, 0.008898, -0.874081, 0.004346, -0.485760),
      ["RightUpperArm"] = CFrame.new(-0.100660, -1.092570, -0.192715, 0.270773, 0.959934, 0.072169, -0.327733, 0.162416, -0.930705, -0.905137, 0.228358, 0.358580),
      ["RightUpperLeg"] = CFrame.new(0.132431, -0.580480, -0.615337, 0.987515, 0.044890, -0.150996, 0.146237, 0.095116, 0.984666, 0.058564, -0.994454, 0.087364),
      ["рҹҢ§пёҸрҹҳірҹ‘»рҹҸіпёҸвҖҚрҹҢҲрҹҳӮрҹ’һрҹҸҙвҖҚвҳ пёҸрҹҺёрҹҢ§пёҸрҹҳірҹ‘»рҹҸіпёҸвҖҚрҹҢҲрҹҳӮрҹ’һрҹҸҙвҖҚвҳ"] = CFrame.new(0.000000, 0.000000, 0.000000, 0.999621, 0.027534, 0.000000, -0.027534, 0.999621, -0.000000, -0.000000, 0.000000, 1.000000)
    }},
    { Time = 0.267, Data = {
      ["Head"] = CFrame.new(0.000003, 0.000000, -0.000002, 0.893740, 0.051132, 0.445662, 0.039432, 0.980682, -0.191594, -0.446849, 0.188809, 0.874458),
      ["LeftUpperArm"] = CFrame.new(0.000167, -0.794762, -0.300264, 0.847765, -0.508750, 0.149894, 0.088945, -0.142240, -0.985828, 0.522861, 0.849082, -0.075335),
      ["LeftUpperLeg"] = CFrame.new(-0.143268, -0.574041, -0.610973, 0.989904, -0.035635, 0.137186, -0.133344, 0.094009, 0.986601, -0.048054, -0.994933, 0.088308),
      ["LowerTorso"] = CFrame.new(1.033965, -1.074441, -1.665545, -0.485777, -0.008767, 0.874039, -0.000013, 0.999950, 0.010023, -0.874083, 0.004858, -0.485752),
      ["RightUpperArm"] = CFrame.new(-0.100741, -1.092426, -0.192476, 0.271904, 0.959625, 0.072027, -0.328722, 0.162964, -0.930260, -0.904439, 0.229264, 0.359761),
      ["RightUpperLeg"] = CFrame.new(0.132466, -0.580357, -0.616226, 0.987515, 0.044828, -0.151014, 0.146213, 0.095928, 0.984591, 0.058624, -0.994378, 0.088176),
      ["рҹҢ§пёҸрҹҳірҹ‘»рҹҸіпёҸвҖҚрҹҢҲрҹҳӮрҹ’һрҹҸҙвҖҚвҳ пёҸрҹҺёрҹҢ§пёҸрҹҳірҹ‘»рҹҸіпёҸвҖҚрҹҢҲрҹҳӮрҹ’һрҹҸҙвҖҚвҳ"] = CFrame.new(0.000000, 0.000000, 0.000000, 0.999669, 0.025722, 0.000000, -0.025722, 0.999669, -0.000000, -0.000000, 0.000000, 1.000000)
    }},
    { Time = 0.283, Data = {
      ["Head"] = CFrame.new(0.000003, 0.000000, -0.000002, 0.893708, 0.050078, 0.445846, 0.041220, 0.980383, -0.192743, -0.446752, 0.190634, 0.874112),
      ["LeftUpperArm"] = CFrame.new(-0.000960, -0.795030, -0.300989, 0.845057, -0.513036, 0.150577, 0.088666, -0.143259, -0.985705, 0.527274, 0.846328, -0.075573),
      ["LeftUpperLeg"] = CFrame.new(-0.143296, -0.573918, -0.611897, 0.989904, -0.035587, 0.137198, -0.133327, 0.094705, 0.986537, -0.048101, -0.994869, 0.089004),
      ["LowerTorso"] = CFrame.new(1.034240, -1.074482, -1.665703, -0.485773, -0.009813, 0.874030, -0.000008, 0.999937, 0.011222, -0.874085, 0.005444, -0.485743),
      ["RightUpperArm"] = CFrame.new(-0.100818, -1.092282, -0.192255, 0.272970, 0.959330, 0.071924, -0.329650, 0.163512, -0.929836, -0.903780, 0.230107, 0.360877),
      ["RightUpperLeg"] = CFrame.new(0.132505, -0.580263, -0.617123, 0.987509, 0.044712, -0.151088, 0.146256, 0.096617, 0.984517, 0.058617, -0.994317, 0.088871),
      ["рҹҢ§пёҸрҹҳірҹ‘»рҹҸіпёҸвҖҚрҹҢҲрҹҳӮрҹ’һрҹҸҙвҖҚвҳ пёҸрҹҺёрҹҢ§пёҸрҹҳірҹ‘»рҹҸіпёҸвҖҚрҹҢҲрҹҳӮрҹ’һрҹҸҙвҖҚвҳ"] = CFrame.new(0.000000, 0.000000, 0.000000, 0.999714, 0.023909, 0.000000, -0.023909, 0.999714, -0.000000, -0.000000, 0.000000, 1.000000)
    }},
    { Time = 0.300, Data = {
      ["Head"] = CFrame.new(0.000003, 0.000000, -0.000002, 0.893673, 0.049107, 0.446023, 0.042924, 0.980080, -0.193912, -0.446660, 0.192439, 0.873763),
      ["LeftUpperArm"] = CFrame.new(-0.001998, -0.795315, -0.301670, 0.842524, -0.516981, 0.151272, 0.088385, -0.144342, -0.985573, 0.531357, 0.843739, -0.075918),
      ["LeftUpperLeg"] = CFrame.new(-0.143329, -0.573821, -0.612836, 0.989898, -0.035467, 0.137271, -0.133371, 0.095511, 0.986453, -0.048097, -0.994796, 0.089816),
      ["LowerTorso"] = CFrame.new(1.034527, -1.074523, -1.665918, -0.485770, -0.010902, 0.874019, 0.000040, 0.999922, 0.012495, -0.874087, 0.006105, -0.485732),
      ["RightUpperArm"] = CFrame.new(-0.100891, -1.092158, -0.192041, 0.273972, 0.959054, 0.071799, -0.330458, 0.163985, -0.929466, -0.903181, 0.230921, 0.361855),
      ["RightUpperLeg"] = CFrame.new(0.132540, -0.580133, -0.618032, 0.987515, 0.044528, -0.151101, 0.146237, 0.097422, 0.984441, 0.058556, -0.994246, 0.089694),
      ["рҹҢ§пёҸрҹҳірҹ‘»рҹҸіпёҸвҖҚрҹҢҲрҹҳӮрҹ’һрҹҸҙвҖҚвҳ пёҸрҹҺёрҹҢ§пёҸрҹҳірҹ‘»рҹҸіпёҸвҖҚрҹҢҲрҹҳӮрҹ’һрҹҸҙвҖҚвҳ"] = CFrame.new(0.000000, 0.000000, 0.000000, 0.999752, 0.022270, 0.000000, -0.022270, 0.999752, -0.000000, -0.000000, 0.000000, 1.000000)
    }},
    { Time = 0.317, Data = {
      ["Head"] = CFrame.new(0.000003, 0.000000, -0.000002, 0.893677, 0.048172, 0.446118, 0.044496, 0.979806, -0.194936, -0.446500, 0.194060, 0.873487),
      ["LeftUpperArm"] = CFrame.new(-0.002949, -0.795589, -0.302303, 0.840173, -0.520597, 0.151947, 0.088135, -0.145382, -0.985442, 0.535109, 0.841334, -0.076263),
      ["LeftUpperLeg"] = CFrame.new(-0.143354, -0.573658, -0.613808, 0.989909, -0.035353, 0.137222, -0.133293, 0.096323, 0.986385, -0.048089, -0.994722, 0.090639),
      ["LowerTorso"] = CFrame.new(1.034855, -1.074564, -1.666070, -0.485765, -0.012067, 0.874006, 0.000014, 0.999905, 0.013813, -0.874089, 0.006722, -0.485718),
      ["RightUpperArm"] = CFrame.new(-0.100954, -1.092036, -0.191867, 0.274828, 0.958815, 0.071714, -0.331292, 0.164450, -0.929087, -0.902616, 0.231581, 0.362843),
      ["RightUpperLeg"] = CFrame.new(0.132579, -0.579995, -0.619038, 0.987515, 0.044466, -0.151119, 0.146213, 0.098233, 0.984364, 0.058616, -0.994170, 0.090505),
      ["рҹҢ§пёҸрҹҳірҹ‘»рҹҸіпёҸвҖҚрҹҢҲрҹҳӮрҹ’һрҹҸҙвҖҚвҳ пёҸрҹҺёрҹҢ§пёҸрҹҳірҹ‘»рҹҸіпёҸвҖҚрҹҢҲрҹҳӮрҹ’һрҹҸҙвҖҚвҳ"] = CFrame.new(0.000000, 0.000000, 0.000000, 0.999784, 0.020802, 0.000000, -0.020802, 0.999784, -0.000000, -0.000000, 0.000000, 1.000000)
    }},
    { Time = 0.333, Data = {
      ["Head"] = CFrame.new(0.000003, 0.000000, -0.000002, 0.893638, 0.047330, 0.446285, 0.045993, 0.979529, -0.195977, -0.446425, 0.195659, 0.873168),
      ["LeftUpperArm"] = CFrame.new(-0.003845, -0.795816, -0.302899, 0.837940, -0.524004, 0.152567, 0.087948, -0.146245, -0.985331, 0.538630, 0.839066, -0.076459),
      ["LeftUpperLeg"] = CFrame.new(-0.143389, -0.573551, -0.614821, 0.989904, -0.035225, 0.137296, -0.133335, 0.097244, 0.986289, -0.048093, -0.994637, 0.091566),
      ["LowerTorso"] = CFrame.new(1.035156, -1.074605, -1.666207, -0.485760, -0.013231, 0.873992, -0.000012, 0.999886, 0.015130, -0.874092, 0.007339, -0.485704),
      ["RightUpperArm"] = CFrame.new(-0.101023, -1.091912, -0.191670, 0.275765, 0.958553, 0.071627, -0.332038, 0.164922, -0.928737, -0.902056, 0.232331, 0.363755),
      ["RightUpperLeg"] = CFrame.new(0.132623, -0.579885, -0.620049, 0.987509, 0.044341, -0.151195, 0.146253, 0.099037, 0.984277, 0.058617, -0.994095, 0.091315),
      ["рҹҢ§пёҸрҹҳірҹ‘»рҹҸіпёҸвҖҚрҹҢҲрҹҳӮрҹ’һрҹҸҙвҖҚвҳ пёҸрҹҺёрҹҢ§пёҸрҹҳірҹ‘»рҹҸіпёҸвҖҚрҹҢҲрҹҳӮрҹ’һрҹҸҙвҖҚвҳ"] = CFrame.new(0.000000, 0.000000, 0.000000, 0.999813, 0.019335, 0.000000, -0.019335, 0.999813, -0.000000, -0.000000, 0.000000, 1.000000)
    }},
    { Time = 0.350, Data = {
      ["Head"] = CFrame.new(0.000003, 0.000000, -0.000002, 0.893599, 0.046595, 0.446442, 0.047263, 0.979302, -0.196810, -0.446371, 0.196970, 0.872901),
      ["LeftUpperArm"] = CFrame.new(-0.004642, -0.796033, -0.303437, 0.835937, -0.527035, 0.153112, 0.087733, -0.147070, -0.985228, 0.541768, 0.837021, -0.076703),
      ["LeftUpperLeg"] = CFrame.new(-0.143425, -0.573441, -0.615860, 0.989898, -0.035105, 0.137368, -0.133378, 0.098049, 0.986203, -0.048089, -0.994562, 0.092376),
      ["LowerTorso"] = CFrame.new(1.035472, -1.074644, -1.666402, -0.485754, -0.014439, 0.873976, 0.000005, 0.999864, 0.016521, -0.874095, 0.008030, -0.485688),
      ["RightUpperArm"] = CFrame.new(-0.101080, -1.091809, -0.191504, 0.276557, 0.958333, 0.071519, -0.332751, 0.165312, -0.928412, -0.901550, 0.232960, 0.364604),
      ["RightUpperLeg"] = CFrame.new(0.132662, -0.579741, -0.621063, 0.987515, 0.044148, -0.151210, 0.146232, 0.099957, 0.984187, 0.058564, -0.994012, 0.092253),
      ["рҹҢ§пёҸрҹҳірҹ‘»рҹҸіпёҸвҖҚрҹҢҲрҹҳӮрҹ’һрҹҸҙвҖҚвҳ пёҸрҹҺёрҹҢ§пёҸрҹҳірҹ‘»рҹҸіпёҸвҖҚрҹҢҲрҹҳӮрҹ’һрҹҸҙвҖҚвҳ"] = CFrame.new(0.000000, 0.000000, 0.000000, 0.999837, 0.018041, 0.000000, -0.018041, 0.999837, -0.000000, -0.000000, 0.000000, 1.000000)
    }},
    { Time = 0.367, Data = {
      ["Head"] = CFrame.new(0.000003, -0.000000, -0.000002, 0.893598, 0.045851, 0.446520, 0.048524, 0.979072, -0.197645, -0.446238, 0.198282, 0.872672),
      ["LeftUpperArm"] = CFrame.new(-0.005383, -0.796233, -0.303940, 0.834059, -0.529851, 0.153635, 0.087550, -0.147831, -0.985130, 0.544684, 0.835107, -0.076912),
      ["LeftUpperLeg"] = CFrame.new(-0.143453, -0.573265, -0.616929, 0.989909, -0.034983, 0.137321, -0.133298, 0.098975, 0.986121, -0.048089, -0.994475, 0.093313),
      ["LowerTorso"] = CFrame.new(1.035884, -1.074682, -1.666617, -0.485748, -0.015765, 0.873957, -0.000008, 0.999837, 0.018031, -0.874099, 0.008752, -0.485669),
      ["RightUpperArm"] = CFrame.new(-0.101129, -1.091726, -0.191362, 0.277222, 0.958147, 0.071432, -0.333287, 0.165627, -0.928164, -0.901148, 0.233500, 0.365253),
      ["RightUpperLeg"] = CFrame.new(0.132705, -0.579589, -0.622166, 0.987515, 0.044077, -0.151230, 0.146204, 0.100881, 0.984097, 0.058633, -0.993922, 0.093178),
      ["рҹҢ§пёҸрҹҳірҹ‘»рҹҸіпёҸвҖҚрҹҢҲрҹҳӮрҹ’һрҹҸҙвҖҚвҳ пёҸрҹҺёрҹҢ§пёҸрҹҳірҹ‘»рҹҸіпёҸвҖҚрҹҢҲрҹҳӮрҹ’һрҹҸҙвҖҚвҳ"] = CFrame.new(0.000000, 0.000000, 0.000000, 0.999857, 0.016919, 0.000000, -0.016919, 0.999857, -0.000000, -0.000000, 0.000000, 1.000000)
    }},
    { Time = 0.383, Data = {
      ["Head"] = CFrame.new(0.000003, 0.000000, -0.000002, 0.893557, 0.045244, 0.446665, 0.049587, 0.978876, -0.198352, -0.446204, 0.199388, 0.872437),
      ["LeftUpperArm"] = CFrame.new(-0.006025, -0.796424, -0.304383, 0.832419, -0.532294, 0.154083, 0.087338, -0.148557, -0.985039, 0.547221, 0.833423, -0.077172),
      ["LeftUpperLeg"] = CFrame.new(-0.143490, -0.573147, -0.618026, 0.989903, -0.034855, 0.137395, -0.133339, 0.099895, 0.986023, -0.048093, -0.994387, 0.094239),
      ["LowerTorso"] = CFrame.new(1.036155, -1.074721, -1.666788, -0.485829, -0.016972, 0.873889, 0.000009, 0.999811, 0.019423, -0.874054, 0.009444, -0.485737),
      ["RightUpperArm"] = CFrame.new(-0.101179, -1.091624, -0.191229, 0.277887, 0.957956, 0.071405, -0.333880, 0.166017, -0.927881, -0.900723, 0.234005, 0.365976),
      ["RightUpperLeg"] = CFrame.new(0.132752, -0.579467, -0.623266, 0.987509, 0.043943, -0.151308, 0.146240, 0.101800, 0.983997, 0.058643, -0.993834, 0.094103),
      ["рҹҢ§пёҸрҹҳірҹ‘»рҹҸіпёҸвҖҚрҹҢҲрҹҳӮрҹ’һрҹҸҙвҖҚвҳ пёҸрҹҺёрҹҢ§пёҸрҹҳірҹ‘»рҹҸіпёҸвҖҚрҹҢҲрҹҳӮрҹ’һрҹҸҙвҖҚвҳ"] = CFrame.new(0.000000, 0.000000, 0.000000, 0.999874, 0.015883, 0.000000, -0.015883, 0.999874, -0.000000, -0.000000, 0.000000, 1.000000)
    }},
    { Time = 0.400, Data = {
      ["Head"] = CFrame.new(0.000003, 0.000000, -0.000002, 0.893555, 0.044672, 0.446727, 0.050518, 0.978714, -0.198916, -0.446103, 0.200310, 0.872277),
      ["LeftUpperArm"] = CFrame.new(-0.006586, -0.796577, -0.304769, 0.830979, -0.534425, 0.154481, 0.087191, -0.149141, -0.984964, 0.549429, 0.831954, -0.077336),
      ["LeftUpperLeg"] = CFrame.new(-0.143528, -0.573026, -0.619145, 0.989897, -0.034727, 0.137469, -0.133381, 0.100815, 0.985924, -0.048097, -0.994299, 0.095164),
      ["LowerTorso"] = CFrame.new(1.036527, -1.074757, -1.666980, -0.485821, -0.018298, 0.873867, -0.000004, 0.999781, 0.020933, -0.874059, 0.010166, -0.485715),
      ["RightUpperArm"] = CFrame.new(-0.101217, -1.091563, -0.191119, 0.278407, 0.957813, 0.071298, -0.334384, 0.166249, -0.927658, -0.900376, 0.234425, 0.366562),
      ["RightUpperLeg"] = CFrame.new(0.132794, -0.579313, -0.624356, 0.987516, 0.043751, -0.151323, 0.146219, 0.102718, 0.983905, 0.058590, -0.993748, 0.095039),
      ["рҹҢ§пёҸрҹҳірҹ‘»рҹҸіпёҸвҖҚрҹҢҲрҹҳӮрҹ’һрҹҸҙвҖҚвҳ пёҸрҹҺёрҹҢ§пёҸрҹҳірҹ‘»рҹҸіпёҸвҖҚрҹҢҲрҹҳӮрҹ’һрҹҸҙвҖҚвҳ"] = CFrame.new(0.000000, 0.000000, 0.000000, 0.999887, 0.015020, 0.000000, -0.015020, 0.999887, -0.000000, -0.000000, 0.000000, 1.000000)
    }},
    { Time = 0.417, Data = {
      ["Head"] = CFrame.new(0.000003, 0.000000, -0.000002, 0.893513, 0.044275, 0.446850, 0.051291, 0.978551, -0.199517, -0.446099, 0.201191, 0.872077),
      ["LeftUpperArm"] = CFrame.new(-0.007051, -0.796694, -0.305090, 0.829783, -0.536194, 0.154774, 0.087050, -0.149584, -0.984910, 0.551255, 0.830735, -0.077447),
      ["LeftUpperLeg"] = CFrame.new(-0.143559, -0.572842, -0.620281, 0.989908, -0.034605, 0.137422, -0.133301, 0.101739, 0.985840, -0.048096, -0.994209, 0.096100),
      ["LowerTorso"] = CFrame.new(1.036880, -1.074792, -1.667161, -0.485812, -0.019624, 0.873843, -0.000017, 0.999748, 0.022442, -0.874063, 0.010888, -0.485690),
      ["RightUpperArm"] = CFrame.new(-0.101253, -1.091500, -0.191017, 0.278884, 0.957676, 0.071272, -0.334682, 0.166489, -0.927507, -0.900118, 0.234813, 0.366948),
      ["RightUpperLeg"] = CFrame.new(0.132842, -0.579185, -0.625497, 0.987510, 0.043616, -0.151401, 0.146255, 0.103636, 0.983803, 0.058601, -0.993658, 0.095963),
      ["рҹҢ§пёҸрҹҳірҹ‘»рҹҸіпёҸвҖҚрҹҢҲрҹҳӮрҹ’һрҹҸҙвҖҚвҳ пёҸрҹҺёрҹҢ§пёҸрҹҳірҹ‘»рҹҸіпёҸвҖҚрҹҢҲрҹҳӮрҹ’һрҹҸҙвҖҚвҳ"] = CFrame.new(0.000000, 0.000000, 0.000000, 0.999899, 0.014243, 0.000000, -0.014243, 0.999899, -0.000000, -0.000000, 0.000000, 1.000000)
    }},
    { Time = 0.433, Data = {
      ["Head"] = CFrame.new(0.000003, 0.000000, -0.000002, 0.893510, 0.043810, 0.446900, 0.051995, 0.978441, -0.199873, -0.446022, 0.201825, 0.871969),
      ["LeftUpperArm"] = CFrame.new(-0.007461, -0.796795, -0.305374, 0.828723, -0.537754, 0.155044, 0.086941, -0.149970, -0.984861, 0.552864, 0.829657, -0.077531),
      ["LeftUpperLeg"] = CFrame.new(-0.143598, -0.572715, -0.621439, 0.989902, -0.034469, 0.137498, -0.133339, 0.102773, 0.985727, -0.048108, -0.994107, 0.097139),
      ["LowerTorso"] = CFrame.new(1.037265, -1.074823, -1.667410, -0.485803, -0.020994, 0.873816, 0.000014, 0.999711, 0.024026, -0.874068, 0.011684, -0.485662),
      ["RightUpperArm"] = CFrame.new(-0.101282, -1.091439, -0.190939, 0.279278, 0.957563, 0.071247, -0.335066, 0.166721, -0.927327, -0.899853, 0.235110, 0.367408),
      ["RightUpperLeg"] = CFrame.new(0.132886, -0.579026, -0.626622, 0.987516, 0.043424, -0.151416, 0.146234, 0.104553, 0.983709, 0.058548, -0.993571, 0.096898),
      ["рҹҢ§пёҸрҹҳірҹ‘»рҹҸіпёҸвҖҚрҹҢҲрҹҳӮрҹ’һрҹҸҙвҖҚвҳ пёҸрҹҺёрҹҢ§пёҸрҹҳірҹ‘»рҹҸіпёҸвҖҚрҹҢҲрҹҳӮрҹ’һрҹҸҙвҖҚвҳ"] = CFrame.new(0.000000, 0.000000, 0.000000, 0.999908, 0.013552, 0.000000, -0.013552, 0.999908, -0.000000, -0.000000, 0.000000, 1.000000)
    }},
    { Time = 0.450, Data = {
      ["Head"] = CFrame.new(0.000003, 0.000000, -0.000002, 0.893509, 0.043596, 0.446924, 0.052448, 0.978332, -0.200289, -0.445972, 0.202400, 0.871862),
      ["LeftUpperArm"] = CFrame.new(-0.007759, -0.796896, -0.305585, 0.827940, -0.538886, 0.155300, 0.086863, -0.150353, -0.984809, 0.554049, 0.828852, -0.077674),
      ["LeftUpperLeg"] = CFrame.new(-0.143632, -0.572560, -0.622575, 0.989907, -0.034283, 0.137508, -0.133323, 0.103691, 0.985633, -0.048049, -0.994019, 0.098074),
      ["LowerTorso"] = CFrame.new(1.037596, -1.074855, -1.667580, -0.485793, -0.022320, 0.873789, 0.000001, 0.999674, 0.025536, -0.874074, 0.012406, -0.485635),
      ["RightUpperArm"] = CFrame.new(-0.101299, -1.091419, -0.190883, 0.279527, 0.957499, 0.071142, -0.335361, 0.166795, -0.927207, -0.899665, 0.235321, 0.367732),
      ["RightUpperLeg"] = CFrame.new(0.132933, -0.578861, -0.627824, 0.987516, 0.043344, -0.151438, 0.146204, 0.105591, 0.983603, 0.058624, -0.993465, 0.097936),
      ["рҹҢ§пёҸрҹҳірҹ‘»рҹҸіпёҸвҖҚрҹҢҲрҹҳӮрҹ’һрҹҸҙвҖҚвҳ пёҸрҹҺёрҹҢ§пёҸрҹҳірҹ‘»рҹҸіпёҸвҖҚрҹҢҲрҹҳӮрҹ’һрҹҸҙвҖҚвҳ"] = CFrame.new(0.000000, 0.000000, 0.000000, 0.999914, 0.013121, 0.000000, -0.013121, 0.999914, -0.000000, -0.000000, 0.000000, 1.000000)
    }},
    { Time = 0.467, Data = {
      ["Head"] = CFrame.new(0.000003, 0.000000, -0.000002, 0.893507, 0.043322, 0.446954, 0.052842, 0.978276, -0.200457, -0.445929, 0.202727, 0.871808),
      ["LeftUpperArm"] = CFrame.new(-0.007978, -0.796953, -0.305738, 0.827380, -0.539719, 0.155391, 0.086733, -0.150572, -0.984787, 0.554906, 0.828271, -0.077769),
      ["LeftUpperLeg"] = CFrame.new(-0.143672, -0.572430, -0.623756, 0.989901, -0.034147, 0.137583, -0.133362, 0.104724, 0.985519, -0.048061, -0.993915, 0.099112),
      ["LowerTorso"] = CFrame.new(1.038033, -1.074882, -1.667772, -0.485782, -0.023764, 0.873757, -0.000043, 0.999631, 0.027164, -0.874080, 0.013158, -0.485603),
      ["RightUpperArm"] = CFrame.new(-0.101316, -1.091378, -0.190845, 0.279734, 0.957435, 0.071180, -0.335509, 0.166953, -0.927125, -0.899546, 0.235467, 0.367931),
      ["RightUpperLeg"] = CFrame.new(0.132983, -0.578727, -0.629008, 0.987510, 0.043201, -0.151518, 0.146237, 0.106622, 0.983487, 0.058643, -0.993361, 0.098973),
      ["рҹҢ§пёҸрҹҳірҹ‘»рҹҸіпёҸвҖҚрҹҢҲрҹҳӮрҹ’һрҹҸҙвҖҚвҳ пёҸрҹҺёрҹҢ§пёҸрҹҳірҹ‘»рҹҸіпёҸвҖҚрҹҢҲрҹҳӮрҹ’һрҹҸҙвҖҚвҳ"] = CFrame.new(0.000000, 0.000000, 0.000000, 0.999918, 0.012775, 0.000000, -0.012775, 0.999918, -0.000000, -0.000000, 0.000000, 1.000000)
    }},
    { Time = 0.483, Data = {
      ["Head"] = CFrame.new(0.000003, 0.000000, -0.000002, 0.893466, 0.043223, 0.447045, 0.053077, 0.978222, -0.200662, -0.445983, 0.203013, 0.871714),
      ["LeftUpperArm"] = CFrame.new(-0.008114, -0.796982, -0.305831, 0.827014, -0.540235, 0.155546, 0.086786, -0.150681, -0.984766, 0.555442, 0.827914, -0.077730),
      ["LeftUpperLeg"] = CFrame.new(-0.143709, -0.572268, -0.624972, 0.989901, -0.034075, 0.137601, -0.133336, 0.105762, 0.985412, -0.048131, -0.993808, 0.100151),
      ["LowerTorso"] = CFrame.new(1.038393, -1.074908, -1.668007, -0.485771, -0.025134, 0.873725, -0.000012, 0.999587, 0.028748, -0.874087, 0.013955, -0.485571),
      ["RightUpperArm"] = CFrame.new(-0.101324, -1.091378, -0.190812, 0.279859, 0.957405, 0.071097, -0.335628, 0.166953, -0.927082, -0.899463, 0.235590, 0.368055),
      ["RightUpperLeg"] = CFrame.new(0.133027, -0.578564, -0.630162, 0.987516, 0.043009, -0.151532, 0.146216, 0.107538, 0.983390, 0.058590, -0.993270, 0.099907),
      ["рҹҢ§пёҸрҹҳірҹ‘»рҹҸіпёҸвҖҚрҹҢҲрҹҳӮрҹ’һрҹҸҙвҖҚвҳ пёҸрҹҺёрҹҢ§пёҸрҹҳірҹ‘»рҹҸіпёҸвҖҚрҹҢҲрҹҳӮрҹ’һрҹҸҙвҖҚвҳ"] = CFrame.new(0.000000, 0.000000, 0.000000, 0.999922, 0.012516, 0.000000, -0.012516, 0.999922, -0.000000, -0.000000, 0.000000, 1.000000)
    }},
    { Time = 0.500, Data = {
      ["Head"] = CFrame.new(0.000003, -0.000000, -0.000002, 0.893466, 0.043140, 0.447054, 0.053161, 0.978221, -0.200642, -0.445974, 0.203033, 0.871714),
      ["LeftUpperArm"] = CFrame.new(-0.008155, -0.796997, -0.305861, 0.826917, -0.540393, 0.155514, 0.086694, -0.150735, -0.984765, 0.555602, 0.827801, -0.077797),
      ["LeftUpperLeg"] = CFrame.new(-0.143744, -0.572110, -0.626127, 0.989906, -0.033889, 0.137611, -0.133320, 0.106678, 0.985315, -0.048071, -0.993716, 0.101083),
      ["LowerTorso"] = CFrame.new(1.038751, -1.074932, -1.668241, -0.485759, -0.026503, 0.873691, 0.000019, 0.999540, 0.030331, -0.874093, 0.014751, -0.485535),
      ["RightUpperArm"] = CFrame.new(-0.101336, -1.091356, -0.190781, 0.280004, 0.957361, 0.071115, -0.335659, 0.167035, -0.927056, -0.899406, 0.235709, 0.368117),
      ["RightUpperLeg"] = CFrame.new(0.133078, -0.578429, -0.631356, 0.987510, 0.042866, -0.151612, 0.146249, 0.108568, 0.983272, 0.058609, -0.993164, 0.100943),
      ["рҹҢ§пёҸрҹҳірҹ‘»рҹҸіпёҸвҖҚрҹҢҲрҹҳӮрҹ’һрҹҸҙвҖҚвҳ пёҸрҹҺёрҹҢ§пёҸрҹҳірҹ‘»рҹҸіпёҸвҖҚрҹҢҲрҹҳӮрҹ’һрҹҸҙвҖҚвҳ"] = CFrame.new(0.000000, 0.000000, 0.000000, 0.999923, 0.012430, 0.000000, -0.012430, 0.999923, -0.000000, -0.000000, 0.000000, 1.000000)
    }},
    { Time = 0.517, Data = {
      ["Head"] = CFrame.new(0.000003, 0.000000, -0.000002, 0.893466, 0.043223, 0.447045, 0.053077, 0.978222, -0.200662, -0.445983, 0.203013, 0.871714),
      ["LeftUpperArm"] = CFrame.new(-0.008114, -0.796982, -0.305831, 0.827014, -0.540235, 0.155546, 0.086786, -0.150681, -0.984766, 0.555442, 0.827914, -0.077730),
      ["LeftUpperLeg"] = CFrame.new(-0.143784, -0.571979, -0.627317, 0.989901, -0.033753, 0.137686, -0.133359, 0.107709, 0.985197, -0.048083, -0.993609, 0.102120),
      ["LowerTorso"] = CFrame.new(1.039107, -1.074953, -1.668473, -0.485747, -0.027873, 0.873655, 0.000050, 0.999491, 0.031915, -0.874100, 0.015547, -0.485498),
      ["RightUpperArm"] = CFrame.new(-0.101324, -1.091378, -0.190813, 0.279859, 0.957405, 0.071097, -0.335628, 0.166953, -0.927082, -0.899463, 0.235590, 0.368055),
      ["RightUpperLeg"] = CFrame.new(0.133123, -0.578266, -0.632513, 0.987516, 0.042673, -0.151626, 0.146228, 0.109483, 0.983174, 0.058556, -0.993072, 0.101876),
