return {
  ["Astros cowgirl 2"] = {
    { Time = 0.000, Data = {
      ["BaseOpened"] = CFrame.new(-0.000002, -0.068412, 0.001191, 1.000000, 0.000000, 0.000000, 0.000000, 0.985614, -0.169012, 0.000000, 0.169012, 0.985614),
      ["Head"] = CFrame.new(0.000000, 0.117470, -0.050903, 1.000000, -0.000000, 0.000000, 0.000000, 0.917558, 0.397602, -0.000000, -0.397602, 0.917558),
      ["LeftUpperArm"] = CFrame.new(0.106107, -0.233415, 0.006344, 0.927739, -0.335865, -0.162773, 0.313879, 0.466135, 0.827163, -0.201941, -0.818482, 0.537873),
      ["LeftUpperLeg"] = CFrame.new(-0.285952, -0.009328, -0.011707, 0.884316, 0.208218, 0.417888, 0.274729, -0.955755, -0.105153, 0.377504, 0.207794, -0.902393),
      ["LowerTorso"] = CFrame.new(-0.002704, -0.729549, -1.492514, -0.999998, -0.001602, -0.000700, 0.000018, 0.391194, -0.920308, 0.001748, -0.920307, -0.391193),
      ["RightUpperArm"] = CFrame.new(-0.106107, -0.233415, 0.006344, 0.927739, 0.335865, 0.162773, -0.313879, 0.466135, 0.827163, 0.201941, -0.818482, 0.537873),
      ["RightUpperLeg"] = CFrame.new(0.285960, -0.009326, -0.011670, 0.884316, -0.208218, -0.417888, -0.274729, -0.955755, -0.105153, -0.377504, 0.207794, -0.902393),
      ["рҹҢ§пёҸрҹҳірҹ‘»рҹҸіпёҸвҖҚрҹҢҲрҹҳӮрҹ’һрҹҸҙвҖҚвҳ пёҸрҹҺёрҹҢ§пёҸрҹҳірҹ‘»рҹҸіпёҸвҖҚрҹҢҲрҹҳӮрҹ’һрҹҸҙвҖҚвҳ"] = CFrame.new(0.067541, -0.105457, 0.124020, -0.168404, 0.296712, 0.940001, 0.590403, 0.794004, -0.144855, -0.789345, 0.530585, -0.308893)
    }},
    { Time = 0.017, Data = {
      ["BaseOpened"] = CFrame.new(-0.000002, -0.068412, 0.001191, 1.000000, 0.000000, 0.000000, 0.000000, 0.985614, -0.169012, 0.000000, 0.169012, 0.985614),
      ["Head"] = CFrame.new(0.000000, 0.117470, -0.050903, 1.000000, -0.000000, 0.000000, 0.000000, 0.917523, 0.397683, -0.000000, -0.397683, 0.917523),
      ["LeftUpperArm"] = CFrame.new(0.106107, -0.233415, 0.006344, 0.927739, -0.335865, -0.162773, 0.313879, 0.466135, 0.827163, -0.201941, -0.818482, 0.537873),
      ["LeftUpperLeg"] = CFrame.new(-0.285952, -0.009328, -0.011707, 0.884316, 0.208218, 0.417888, 0.274729, -0.955755, -0.105153, 0.377504, 0.207794, -0.902393),
      ["LowerTorso"] = CFrame.new(-0.002704, -0.729549, -1.492522, -0.999998, -0.001602, -0.000700, 0.000018, 0.391194, -0.920308, 0.001748, -0.920307, -0.391193),
      ["RightUpperArm"] = CFrame.new(-0.106107, -0.233415, 0.006344, 0.927739, 0.335865, 0.162773, -0.313879, 0.466135, 0.827163, 0.201941, -0.818482, 0.537873),
      ["RightUpperLeg"] = CFrame.new(0.285960, -0.009326, -0.011670, 0.884316, -0.208218, -0.417888, -0.274729, -0.955755, -0.105153, -0.377504, 0.207794, -0.902393),
      ["рҹҢ§пёҸрҹҳірҹ‘»рҹҸіпёҸвҖҚрҹҢҲрҹҳӮрҹ’һрҹҸҙвҖҚвҳ пёҸрҹҺёрҹҢ§пёҸрҹҳірҹ‘»рҹҸіпёҸвҖҚрҹҢҲрҹҳӮрҹ’һрҹҸҙвҖҚвҳ"] = CFrame.new(0.067541, -0.105457, 0.124020, -0.168404, 0.296712, 0.940001, 0.590403, 0.794004, -0.144855, -0.789345, 0.530585, -0.308893)
    }},
    { Time = 0.033, Data = {
      ["BaseOpened"] = CFrame.new(-0.000002, -0.068412, 0.001191, 1.000000, 0.000000, 0.000000, 0.000000, 0.985614, -0.169012, 0.000000, 0.169012, 0.985614),
      ["Head"] = CFrame.new(0.000000, 0.117470, -0.050903, 1.000000, -0.000000, 0.000000, 0.000000, 0.917383, 0.398006, -0.000000, -0.398006, 0.917383),
      ["LeftUpperArm"] = CFrame.new(0.106111, -0.233459, 0.006317, 0.927739, -0.335849, -0.162807, 0.313859, 0.465969, 0.827264, -0.201972, -0.818583, 0.537707),
      ["LeftUpperLeg"] = CFrame.new(-0.285952, -0.009328, -0.011707, 0.884316, 0.208218, 0.417888, 0.274729, -0.955755, -0.105153, 0.377504, 0.207794, -0.902393),
      ["LowerTorso"] = CFrame.new(-0.002704, -0.729450, -1.492538, -0.999999, -0.001602, -0.000700, 0.000018, 0.391098, -0.920349, 0.001748, -0.920348, -0.391098),
      ["RightUpperArm"] = CFrame.new(-0.106111, -0.233459, 0.006317, 0.927739, 0.335849, 0.162807, -0.313859, 0.465969, 0.827264, 0.201972, -0.818583, 0.537707),
      ["RightUpperLeg"] = CFrame.new(0.285960, -0.009326, -0.011670, 0.884316, -0.208218, -0.417888, -0.274729, -0.955755, -0.105153, -0.377504, 0.207794, -0.902393),
      ["рҹҢ§пёҸрҹҳірҹ‘»рҹҸіпёҸвҖҚрҹҢҲрҹҳӮрҹ’һрҹҸҙвҖҚвҳ пёҸрҹҺёрҹҢ§пёҸрҹҳірҹ‘»рҹҸіпёҸвҖҚрҹҢҲрҹҳӮрҹ’һрҹҸҙвҖҚвҳ"] = CFrame.new(0.067541, -0.105457, 0.124020, -0.168404, 0.296712, 0.940001, 0.590403, 0.794004, -0.144855, -0.789345, 0.530585, -0.308893)
    }},
    { Time = 0.050, Data = {
      ["BaseOpened"] = CFrame.new(-0.000002, -0.068412, 0.001191, 1.000000, 0.000000, 0.000000, 0.000000, 0.985614, -0.169012, 0.000000, 0.169012, 0.985614),
      ["Head"] = CFrame.new(0.000000, 0.117470, -0.050903, 1.000000, -0.000000, 0.000000, 0.000000, 0.917207, 0.398410, -0.000000, -0.398410, 0.917207),
      ["LeftUpperArm"] = CFrame.new(0.106104, -0.233503, 0.006295, 0.927737, -0.335873, -0.162767, 0.313797, 0.465803, 0.827381, -0.202078, -0.818667, 0.537539),
      ["LeftUpperLeg"] = CFrame.new(-0.285952, -0.009328, -0.011707, 0.884316, 0.208218, 0.417888, 0.274729, -0.955755, -0.105153, 0.377504, 0.207794, -0.902393),
      ["LowerTorso"] = CFrame.new(-0.002704, -0.729151, -1.492564, -0.999998, -0.001602, -0.000700, 0.000018, 0.390813, -0.920470, 0.001748, -0.920469, -0.390812),
      ["RightUpperArm"] = CFrame.new(-0.106105, -0.233503, 0.006295, 0.927737, 0.335873, 0.162767, -0.313797, 0.465803, 0.827381, 0.202078, -0.818667, 0.537539),
      ["RightUpperLeg"] = CFrame.new(0.285960, -0.009326, -0.011670, 0.884316, -0.208218, -0.417888, -0.274729, -0.955755, -0.105153, -0.377504, 0.207794, -0.902393),
      ["рҹҢ§пёҸрҹҳірҹ‘»рҹҸіпёҸвҖҚрҹҢҲрҹҳӮрҹ’һрҹҸҙвҖҚвҳ пёҸрҹҺёрҹҢ§пёҸрҹҳірҹ‘»рҹҸіпёҸвҖҚрҹҢҲрҹҳӮрҹ’һрҹҸҙвҖҚвҳ"] = CFrame.new(0.067541, -0.105457, 0.124020, -0.168404, 0.296712, 0.940001, 0.590403, 0.794004, -0.144855, -0.789345, 0.530585, -0.308893)
    }},
    { Time = 0.067, Data = {
      ["BaseOpened"] = CFrame.new(-0.000002, -0.068412, 0.001191, 1.000000, 0.000000, 0.000000, 0.000000, 0.985614, -0.169012, 0.000000, 0.169012, 0.985614),
      ["Head"] = CFrame.new(0.000000, 0.117470, -0.050903, 1.000000, -0.000000, 0.000000, 0.000000, 0.916926, 0.399057, -0.000000, -0.399057, 0.916926),
      ["LeftUpperArm"] = CFrame.new(0.106107, -0.233634, 0.006220, 0.927735, -0.335866, -0.162795, 0.313694, 0.465305, 0.827700, -0.202247, -0.818954, 0.537039),
      ["LeftUpperLeg"] = CFrame.new(-0.285952, -0.009328, -0.011707, 0.884316, 0.208218, 0.417888, 0.274729, -0.955755, -0.105153, 0.377504, 0.207794, -0.902393),
      ["LowerTorso"] = CFrame.new(-0.002704, -0.728554, -1.492610, -0.999998, -0.001602, -0.000699, 0.000019, 0.390241, -0.920713, 0.001748, -0.920711, -0.390240),
      ["RightUpperArm"] = CFrame.new(-0.106107, -0.233634, 0.006220, 0.927735, 0.335866, 0.162795, -0.313694, 0.465305, 0.827700, 0.202247, -0.818954, 0.537039),
      ["RightUpperLeg"] = CFrame.new(0.285960, -0.009326, -0.011670, 0.884316, -0.208218, -0.417888, -0.274729, -0.955755, -0.105153, -0.377504, 0.207794, -0.902393),
      ["рҹҢ§пёҸрҹҳірҹ‘»рҹҸіпёҸвҖҚрҹҢҲрҹҳӮрҹ’һрҹҸҙвҖҚвҳ пёҸрҹҺёрҹҢ§пёҸрҹҳірҹ‘»рҹҸіпёҸвҖҚрҹҢҲрҹҳӮрҹ’һрҹҸҙвҖҚвҳ"] = CFrame.new(0.067541, -0.105457, 0.124020, -0.168404, 0.296712, 0.940001, 0.590403, 0.794004, -0.144855, -0.789345, 0.530585, -0.308893)
    }},
    { Time = 0.083, Data = {
      ["BaseOpened"] = CFrame.new(-0.000002, -0.068412, 0.001191, 1.000000, 0.000000, 0.000000, 0.000000, 0.985614, -0.169012, 0.000000, 0.169012, 0.985614),
      ["Head"] = CFrame.new(0.000000, 0.117470, -0.050903, 1.000000, -0.000000, 0.000000, 0.000000, 0.916574, 0.399866, -0.000000, -0.399866, 0.916574),
      ["LeftUpperArm"] = CFrame.new(0.106122, -0.233821, 0.006106, 0.927764, -0.335804, -0.162757, 0.313448, 0.464590, 0.828194, -0.202496, -0.819385, 0.536287),
      ["LeftUpperLeg"] = CFrame.new(-0.285952, -0.009328, -0.011707, 0.884316, 0.208218, 0.417888, 0.274729, -0.955755, -0.105153, 0.377504, 0.207794, -0.902393),
      ["LowerTorso"] = CFrame.new(-0.002704, -0.727562, -1.492686, -0.999999, -0.001602, -0.000698, 0.000020, 0.389287, -0.921117, 0.001748, -0.921115, -0.389287),
      ["RightUpperArm"] = CFrame.new(-0.106123, -0.233822, 0.006106, 0.927764, 0.335804, 0.162757, -0.313448, 0.464590, 0.828194, 0.202496, -0.819385, 0.536287),
      ["RightUpperLeg"] = CFrame.new(0.285960, -0.009326, -0.011670, 0.884316, -0.208218, -0.417888, -0.274729, -0.955755, -0.105153, -0.377504, 0.207794, -0.902393),
      ["рҹҢ§пёҸрҹҳірҹ‘»рҹҸіпёҸвҖҚрҹҢҲрҹҳӮрҹ’һрҹҸҙвҖҚвҳ пёҸрҹҺёрҹҢ§пёҸрҹҳірҹ‘»рҹҸіпёҸвҖҚрҹҢҲрҹҳӮрҹ’һрҹҸҙвҖҚвҳ"] = CFrame.new(0.067541, -0.105457, 0.124020, -0.168404, 0.296712, 0.940001, 0.590403, 0.794004, -0.144855, -0.789345, 0.530585, -0.308893)
    }},
    { Time = 0.100, Data = {
      ["BaseOpened"] = CFrame.new(-0.000002, -0.068412, 0.001191, 1.000000, 0.000000, 0.000000, 0.000000, 0.985614, -0.169012, 0.000000, 0.169012, 0.985614),
      ["Head"] = CFrame.new(0.000000, 0.117470, -0.050903, 1.000000, -0.000000, 0.000000, 0.000000, 0.916115, 0.400916, -0.000000, -0.400916, 0.916115),
      ["LeftUpperArm"] = CFrame.new(0.106120, -0.234128, 0.005934, 0.927758, -0.335813, -0.162773, 0.313180, 0.463426, 0.828948, -0.202938, -0.820040, 0.535117),
      ["LeftUpperLeg"] = CFrame.new(-0.285952, -0.009328, -0.011707, 0.884316, 0.208218, 0.417888, 0.274729, -0.955755, -0.105153, 0.377504, 0.207794, -0.902393),
      ["LowerTorso"] = CFrame.new(-0.002704, -0.726068, -1.492791, -0.999998, -0.001603, -0.000697, 0.000021, 0.387855, -0.921720, 0.001748, -0.921719, -0.387855),
      ["RightUpperArm"] = CFrame.new(-0.106120, -0.234128, 0.005934, 0.927758, 0.335813, 0.162773, -0.313180, 0.463426, 0.828948, 0.202938, -0.820040, 0.535117),
      ["RightUpperLeg"] = CFrame.new(0.285960, -0.009326, -0.011670, 0.884316, -0.208218, -0.417888, -0.274729, -0.955755, -0.105153, -0.377504, 0.207794, -0.902393),
      ["рҹҢ§пёҸрҹҳірҹ‘»рҹҸіпёҸвҖҚрҹҢҲрҹҳӮрҹ’һрҹҸҙвҖҚвҳ пёҸрҹҺёрҹҢ§пёҸрҹҳірҹ‘»рҹҸіпёҸвҖҚрҹҢҲрҹҳӮрҹ’һрҹҸҙвҖҚвҳ"] = CFrame.new(0.067541, -0.105457, 0.124020, -0.168404, 0.296712, 0.940001, 0.590403, 0.794004, -0.144855, -0.789345, 0.530585, -0.308893)
    }},
    { Time = 0.117, Data = {
      ["BaseOpened"] = CFrame.new(-0.000002, -0.068412, 0.001191, 1.000000, 0.000000, 0.000000, 0.000000, 0.985614, -0.169012, 0.000000, 0.169012, 0.985614),
      ["Head"] = CFrame.new(0.000000, 0.117470, -0.050903, 1.000000, -0.000000, 0.000000, 0.000000, 0.915584, 0.402128, -0.000000, -0.402128, 0.915584),
      ["LeftUpperArm"] = CFrame.new(0.106109, -0.234566, 0.005692, 0.927748, -0.335856, -0.162743, 0.312765, 0.461760, 0.830033, -0.203623, -0.820962, 0.533441),
      ["LeftUpperLeg"] = CFrame.new(-0.285952, -0.009328, -0.011707, 0.884316, 0.208218, 0.417888, 0.274729, -0.955755, -0.105153, 0.377504, 0.207794, -0.902393),
      ["LowerTorso"] = CFrame.new(-0.002704, -0.723978, -1.492943, -0.999999, -0.001604, -0.000695, 0.000023, 0.385848, -0.922563, 0.001748, -0.922561, -0.385848),
      ["RightUpperArm"] = CFrame.new(-0.106109, -0.234566, 0.005692, 0.927748, 0.335856, 0.162743, -0.312765, 0.461760, 0.830033, 0.203623, -0.820962, 0.533441),
      ["RightUpperLeg"] = CFrame.new(0.285960, -0.009326, -0.011670, 0.884316, -0.208218, -0.417888, -0.274729, -0.955755, -0.105153, -0.377504, 0.207794, -0.902393),
      ["рҹҢ§пёҸрҹҳірҹ‘»рҹҸіпёҸвҖҚрҹҢҲрҹҳӮрҹ’һрҹҸҙвҖҚвҳ пёҸрҹҺёрҹҢ§пёҸрҹҳірҹ‘»рҹҸіпёҸвҖҚрҹҢҲрҹҳӮрҹ’һрҹҸҙвҖҚвҳ"] = CFrame.new(0.067541, -0.105457, 0.124020, -0.168404, 0.296712, 0.940001, 0.590403, 0.794004, -0.144855, -0.789345, 0.530585, -0.308893)
    }},
    { Time = 0.133, Data = {
      ["BaseOpened"] = CFrame.new(-0.000002, -0.068412, 0.001191, 1.000000, 0.000000, 0.000000, 0.000000, 0.985614, -0.169012, 0.000000, 0.169012, 0.985614),
      ["Head"] = CFrame.new(0.000000, 0.117470, -0.050903, 1.000000, -0.000000, 0.000000, 0.000000, 0.914979, 0.403500, -0.000000, -0.403500, 0.914979),
      ["LeftUpperArm"] = CFrame.new(0.106110, -0.235137, 0.005371, 0.927737, -0.335850, -0.162815, 0.312287, 0.459590, 0.831416, -0.204402, -0.822181, 0.531261),
      ["LeftUpperLeg"] = CFrame.new(-0.285952, -0.009328, -0.011707, 0.884316, 0.208218, 0.417888, 0.274729, -0.955755, -0.105153, 0.377504, 0.207794, -0.902393),
      ["LowerTorso"] = CFrame.new(-0.002704, -0.721182, -1.493145, -0.999999, -0.001605, -0.000693, 0.000025, 0.383166, -0.923679, 0.001748, -0.923678, -0.383166),
      ["RightUpperArm"] = CFrame.new(-0.106110, -0.235137, 0.005371, 0.927737, 0.335850, 0.162815, -0.312287, 0.459590, 0.831416, 0.204402, -0.822181, 0.531261),
      ["RightUpperLeg"] = CFrame.new(0.285960, -0.009326, -0.011670, 0.884316, -0.208218, -0.417888, -0.274729, -0.955755, -0.105153, -0.377504, 0.207794, -0.902393),
      ["рҹҢ§пёҸрҹҳірҹ‘»рҹҸіпёҸвҖҚрҹҢҲрҹҳӮрҹ’һрҹҸҙвҖҚвҳ пёҸрҹҺёрҹҢ§пёҸрҹҳірҹ‘»рҹҸіпёҸвҖҚрҹҢҲрҹҳӮрҹ’һрҹҸҙвҖҚвҳ"] = CFrame.new(0.067541, -0.105457, 0.124020, -0.168404, 0.296712, 0.940001, 0.590403, 0.794004, -0.144855, -0.789345, 0.530585, -0.308893)
    }},
    { Time = 0.150, Data = {
      ["BaseOpened"] = CFrame.new(-0.000002, -0.068412, 0.001191, 1.000000, 0.000000, 0.000000, 0.000000, 0.985614, -0.169012, 0.000000, 0.169012, 0.985614),
      ["Head"] = CFrame.new(0.000000, 0.117470, -0.050903, 1.000000, -0.000000, 0.000000, 0.000000, 0.914302, 0.405034, -0.000000, -0.405034, 0.914302),
      ["LeftUpperArm"] = CFrame.new(0.106112, -0.235854, 0.004971, 0.927753, -0.335841, -0.162744, 0.311539, 0.456862, 0.833199, -0.205471, -0.823704, 0.528482),
      ["LeftUpperLeg"] = CFrame.new(-0.285952, -0.009328, -0.011707, 0.884316, 0.208218, 0.417888, 0.274729, -0.955755, -0.105153, 0.377504, 0.207794, -0.902393),
      ["LowerTorso"] = CFrame.new(-0.002704, -0.717679, -1.493455, -0.999999, -0.001606, -0.000690, 0.000028, 0.379806, -0.925066, 0.001748, -0.925065, -0.379806),
      ["RightUpperArm"] = CFrame.new(-0.106112, -0.235854, 0.004971, 0.927753, 0.335841, 0.162744, -0.311539, 0.456862, 0.833199, 0.205471, -0.823704, 0.528482),
      ["RightUpperLeg"] = CFrame.new(0.285960, -0.009326, -0.011670, 0.884316, -0.208218, -0.417888, -0.274729, -0.955755, -0.105153, -0.377504, 0.207794, -0.902393),
      ["рҹҢ§пёҸрҹҳірҹ‘»рҹҸіпёҸвҖҚрҹҢҲрҹҳӮрҹ’һрҹҸҙвҖҚвҳ пёҸрҹҺёрҹҢ§пёҸрҹҳірҹ‘»рҹҸіпёҸвҖҚрҹҢҲрҹҳӮрҹ’һрҹҸҙвҖҚвҳ"] = CFrame.new(0.067541, -0.105457, 0.124020, -0.168404, 0.296712, 0.940001, 0.590403, 0.794004, -0.144855, -0.789345, 0.530585, -0.308893)
    }},
    { Time = 0.167, Data = {
      ["BaseOpened"] = CFrame.new(-0.000002, -0.068412, 0.001191, 1.000000, 0.000000, 0.000000, 0.000000, 0.985614, -0.169012, 0.000000, 0.169012, 0.985614),
      ["Head"] = CFrame.new(0.000000, 0.117470, -0.050903, 1.000000, -0.000000, 0.000000, 0.000000, 0.913514, 0.406808, -0.000000, -0.406808, 0.913514),
      ["LeftUpperArm"] = CFrame.new(0.106120, -0.236751, 0.004472, 0.927766, -0.335809, -0.162736, 0.310661, 0.453453, 0.835386, -0.206737, -0.825599, 0.525021),
      ["LeftUpperLeg"] = CFrame.new(-0.285952, -0.009328, -0.011707, 0.884316, 0.208218, 0.417888, 0.274729, -0.955755, -0.105153, 0.377504, 0.207794, -0.902393),
      ["LowerTorso"] = CFrame.new(-0.002704, -0.713261, -1.493843, -0.999998, -0.001607, -0.000686, 0.000032, 0.375569, -0.926795, 0.001748, -0.926793, -0.375568),
      ["RightUpperArm"] = CFrame.new(-0.106120, -0.236751, 0.004472, 0.927766, 0.335809, 0.162736, -0.310661, 0.453453, 0.835386, 0.206737, -0.825599, 0.525021),
      ["RightUpperLeg"] = CFrame.new(0.285960, -0.009326, -0.011670, 0.884316, -0.208218, -0.417888, -0.274729, -0.955755, -0.105153, -0.377504, 0.207794, -0.902393),
      ["рҹҢ§пёҸрҹҳірҹ‘»рҹҸіпёҸвҖҚрҹҢҲрҹҳӮрҹ’һрҹҸҙвҖҚвҳ пёҸрҹҺёрҹҢ§пёҸрҹҳірҹ‘»рҹҸіпёҸвҖҚрҹҢҲрҹҳӮрҹ’һрҹҸҙвҖҚвҳ"] = CFrame.new(0.067541, -0.105457, 0.124020, -0.168404, 0.296712, 0.940001, 0.590403, 0.794004, -0.144855, -0.789345, 0.530585, -0.308893)
    }},
    { Time = 0.183, Data = {
      ["BaseOpened"] = CFrame.new(-0.000002, -0.068412, 0.001191, 1.000000, 0.000000, 0.000000, 0.000000, 0.985614, -0.169012, 0.000000, 0.169012, 0.985614),
      ["Head"] = CFrame.new(0.000000, 0.117470, -0.050903, 1.000000, -0.000000, 0.000000, 0.000000, 0.912650, 0.408742, -0.000000, -0.408742, 0.912650),
      ["LeftUpperArm"] = CFrame.new(0.106109, -0.237882, 0.003860, 0.927741, -0.335849, -0.162796, 0.309659, 0.449153, 0.838077, -0.208347, -0.827929, 0.520697),
      ["LeftUpperLeg"] = CFrame.new(-0.285952, -0.009328, -0.011707, 0.884316, 0.208218, 0.417888, 0.274729, -0.955755, -0.105153, 0.377504, 0.207794, -0.902393),
      ["LowerTorso"] = CFrame.new(-0.002704, -0.707821, -1.494332, -0.999999, -0.001609, -0.000682, 0.000037, 0.370348, -0.928893, 0.001747, -0.928892, -0.370348),
      ["RightUpperArm"] = CFrame.new(-0.106109, -0.237882, 0.003860, 0.927741, 0.335849, 0.162796, -0.309659, 0.449153, 0.838077, 0.208347, -0.827929, 0.520697),
      ["RightUpperLeg"] = CFrame.new(0.285960, -0.009326, -0.011670, 0.884316, -0.208218, -0.417888, -0.274729, -0.955755, -0.105153, -0.377504, 0.207794, -0.902393),
      ["рҹҢ§пёҸрҹҳірҹ‘»рҹҸіпёҸвҖҚрҹҢҲрҹҳӮрҹ’һрҹҸҙвҖҚвҳ пёҸрҹҺёрҹҢ§пёҸрҹҳірҹ‘»рҹҸіпёҸвҖҚрҹҢҲрҹҳӮрҹ’һрҹҸҙвҖҚвҳ"] = CFrame.new(0.067541, -0.105457, 0.124020, -0.168404, 0.296712, 0.940001, 0.590403, 0.794004, -0.144855, -0.789345, 0.530585, -0.308893)
    }},
    { Time = 0.200, Data = {
      ["BaseOpened"] = CFrame.new(-0.000002, -0.068412, 0.001191, 1.000000, 0.000000, 0.000000, 0.000000, 0.985614, -0.169012, 0.000000, 0.169012, 0.985614),
      ["Head"] = CFrame.new(0.000000, 0.117470, -0.050903, 1.000000, -0.000000, 0.000000, 0.000000, 0.911709, 0.410836, -0.000000, -0.410836, 0.911709),
      ["LeftUpperArm"] = CFrame.new(0.106102, -0.239210, 0.003147, 0.927741, -0.335873, -0.162748, 0.308355, 0.444104, 0.841243, -0.210273, -0.830639, 0.515581),
      ["LeftUpperLeg"] = CFrame.new(-0.285952, -0.009328, -0.011707, 0.884316, 0.208218, 0.417888, 0.274729, -0.955755, -0.105153, 0.377504, 0.207794, -0.902393),
      ["LowerTorso"] = CFrame.new(-0.002704, -0.701341, -1.494978, -0.999999, -0.001612, -0.000677, 0.000043, 0.364134, -0.931347, 0.001747, -0.931345, -0.364133),
      ["RightUpperArm"] = CFrame.new(-0.106102, -0.239210, 0.003147, 0.927741, 0.335873, 0.162748, -0.308355, 0.444104, 0.841243, 0.210273, -0.830639, 0.515581),
      ["RightUpperLeg"] = CFrame.new(0.285960, -0.009326, -0.011670, 0.884316, -0.208218, -0.417888, -0.274729, -0.955755, -0.105153, -0.377504, 0.207794, -0.902393),
      ["рҹҢ§пёҸрҹҳірҹ‘»рҹҸіпёҸвҖҚрҹҢҲрҹҳӮрҹ’һрҹҸҙвҖҚвҳ пёҸрҹҺёрҹҢ§пёҸрҹҳірҹ‘»рҹҸіпёҸвҖҚрҹҢҲрҹҳӮрҹ’һрҹҸҙвҖҚвҳ"] = CFrame.new(0.067541, -0.105457, 0.124020, -0.168404, 0.296712, 0.940001, 0.590403, 0.794004, -0.144855, -0.789345, 0.530585, -0.308893)
    }},
    { Time = 0.217, Data = {
      ["BaseOpened"] = CFrame.new(-0.000002, -0.068412, 0.001191, 1.000000, 0.000000, 0.000000, 0.000000, 0.985614, -0.169012, 0.000000, 0.169012, 0.985614),
      ["Head"] = CFrame.new(0.000000, 0.117470, -0.050903, 1.000000, -0.000000, 0.000000, 0.000000, 0.910691, 0.413089, -0.000000, -0.413089, 0.910691),
      ["LeftUpperArm"] = CFrame.new(0.106096, -0.240792, 0.002311, 0.927734, -0.335893, -0.162746, 0.306836, 0.438087, 0.844944, -0.212514, -0.833820, 0.509492),
      ["LeftUpperLeg"] = CFrame.new(-0.285952, -0.009328, -0.011707, 0.884316, 0.208218, 0.417888, 0.274729, -0.955755, -0.105153, 0.377504, 0.207794, -0.902393),
      ["LowerTorso"] = CFrame.new(-0.002704, -0.693610, -1.495777, -0.999998, -0.001614, -0.000670, 0.000050, 0.356714, -0.934214, 0.001747, -0.934212, -0.356713),
      ["RightUpperArm"] = CFrame.new(-0.106096, -0.240792, 0.002311, 0.927734, 0.335893, 0.162746, -0.306836, 0.438087, 0.844944, 0.212514, -0.833820, 0.509492),
      ["RightUpperLeg"] = CFrame.new(0.285960, -0.009326, -0.011670, 0.884316, -0.208218, -0.417888, -0.274729, -0.955755, -0.105153, -0.377504, 0.207794, -0.902393),
      ["рҹҢ§пёҸрҹҳірҹ‘»рҹҸіпёҸвҖҚрҹҢҲрҹҳӮрҹ’һрҹҸҙвҖҚвҳ пёҸрҹҺёрҹҢ§пёҸрҹҳірҹ‘»рҹҸіпёҸвҖҚрҹҢҲрҹҳӮрҹ’һрҹҸҙвҖҚвҳ"] = CFrame.new(0.067541, -0.105457, 0.124020, -0.168404, 0.296712, 0.940001, 0.590403, 0.794004, -0.144855, -0.789345, 0.530585, -0.308893)
    }},
    { Time = 0.233, Data = {
      ["BaseOpened"] = CFrame.new(-0.000002, -0.068412, 0.001191, 1.000000, 0.000000, 0.000000, 0.000000, 0.985614, -0.169012, 0.000000, 0.169012, 0.985614),
      ["Head"] = CFrame.new(0.000000, 0.117470, -0.050903, 1.000000, -0.000000, 0.000000, 0.000000, 0.909556, 0.415581, -0.000000, -0.415581, 0.909556),
      ["LeftUpperArm"] = CFrame.new(0.106111, -0.242648, 0.001340, 0.927752, -0.335832, -0.162766, 0.305015, 0.431034, 0.849220, -0.215038, -0.837512, 0.502327),
      ["LeftUpperLeg"] = CFrame.new(-0.285952, -0.009328, -0.011707, 0.884316, 0.208218, 0.417888, 0.274729, -0.955755, -0.105153, 0.377504, 0.207794, -0.902393),
      ["LowerTorso"] = CFrame.new(-0.002704, -0.684505, -1.496761, -0.999999, -0.001617, -0.000663, 0.000058, 0.347970, -0.937506, 0.001747, -0.937504, -0.347970),
      ["RightUpperArm"] = CFrame.new(-0.106111, -0.242648, 0.001340, 0.927752, 0.335832, 0.162766, -0.305015, 0.431034, 0.849220, 0.215038, -0.837512, 0.502327),
      ["RightUpperLeg"] = CFrame.new(0.285960, -0.009326, -0.011670, 0.884316, -0.208218, -0.417888, -0.274729, -0.955755, -0.105153, -0.377504, 0.207794, -0.902393),
      ["рҹҢ§пёҸрҹҳірҹ‘»рҹҸіпёҸвҖҚрҹҢҲрҹҳӮрҹ’һрҹҸҙвҖҚвҳ пёҸрҹҺёрҹҢ§пёҸрҹҳірҹ‘»рҹҸіпёҸвҖҚрҹҢҲрҹҳӮрҹ’һрҹҸҙвҖҚвҳ"] = CFrame.new(0.067541, -0.105457, 0.124020, -0.168404, 0.296712, 0.940001, 0.590403, 0.794004, -0.144855, -0.789345, 0.530585, -0.308893)
    }},
    { Time = 0.250, Data = {
      ["BaseOpened"] = CFrame.new(-0.000002, -0.068412, 0.001191, 1.000000, 0.000000, 0.000000, 0.000000, 0.985614, -0.169012, 0.000000, 0.169012, 0.985614),
      ["Head"] = CFrame.new(0.000000, 0.117470, -0.050903, 1.000000, -0.000000, 0.000000, 0.000000, 0.908341, 0.418231, -0.000000, -0.418231, 0.908341),
      ["LeftUpperArm"] = CFrame.new(0.106108, -0.244813, 0.000240, 0.927757, -0.335839, -0.162723, 0.302857, 0.422801, 0.854118, -0.218047, -0.841695, 0.493968),
      ["LeftUpperLeg"] = CFrame.new(-0.285952, -0.009328, -0.011707, 0.884316, 0.208218, 0.417888, 0.274729, -0.955755, -0.105153, 0.377504, 0.207794, -0.902393),
      ["LowerTorso"] = CFrame.new(-0.002704, -0.674091, -1.498043, -0.999999, -0.001621, -0.000654, 0.000068, 0.337976, -0.941155, 0.001747, -0.941154, -0.337976),
      ["RightUpperArm"] = CFrame.new(-0.106108, -0.244813, 0.000240, 0.927757, 0.335839, 0.162723, -0.302857, 0.422801, 0.854118, 0.218047, -0.841695, 0.493968),
      ["RightUpperLeg"] = CFrame.new(0.285960, -0.009326, -0.011670, 0.884316, -0.208218, -0.417888, -0.274729, -0.955755, -0.105153, -0.377504, 0.207794, -0.902393),
      ["рҹҢ§пёҸрҹҳірҹ‘»рҹҸіпёҸвҖҚрҹҢҲрҹҳӮрҹ’һрҹҸҙвҖҚвҳ пёҸрҹҺёрҹҢ§пёҸрҹҳірҹ‘»рҹҸіпёҸвҖҚрҹҢҲрҹҳӮрҹ’һрҹҸҙвҖҚвҳ"] = CFrame.new(0.067541, -0.105457, 0.124020, -0.168404, 0.296712, 0.940001, 0.590403, 0.794004, -0.144855, -0.789345, 0.530585, -0.308893)
    }},
    { Time = 0.267, Data = {
      ["BaseOpened"] = CFrame.new(-0.000002, -0.068412, 0.001191, 1.000000, 0.000000, 0.000000, 0.000000, 0.985614, -0.169012, 0.000000, 0.169012, 0.985614),
      ["Head"] = CFrame.new(0.000000, 0.117470, -0.050903, 1.000000, -0.000000, 0.000000, 0.000000, 0.907043, 0.421039, -0.000000, -0.421039, 0.907043),
      ["LeftUpperArm"] = CFrame.new(0.106107, -0.247273, -0.000978, 0.927752, -0.335838, -0.162751, 0.300448, 0.413449, 0.859529, -0.221374, -0.846329, 0.484481),
      ["LeftUpperLeg"] = CFrame.new(-0.285952, -0.009328, -0.011707, 0.884316, 0.208218, 0.417888, 0.274729, -0.955755, -0.105153, 0.377504, 0.207794, -0.902393),
      ["LowerTorso"] = CFrame.new(-0.002634, -0.662039, -1.499600, -0.999999, -0.001695, -0.000594, 0.000008, 0.326404, -0.945230, 0.001796, -0.945229, -0.326403),
      ["RightUpperArm"] = CFrame.new(-0.106107, -0.247273, -0.000978, 0.927752, 0.335838, 0.162751, -0.300448, 0.413449, 0.859529, 0.221374, -0.846329, 0.484481),
      ["RightUpperLeg"] = CFrame.new(0.285960, -0.009326, -0.011670, 0.884316, -0.208218, -0.417888, -0.274729, -0.955755, -0.105153, -0.377504, 0.207794, -0.902393),
      ["рҹҢ§пёҸрҹҳірҹ‘»рҹҸіпёҸвҖҚрҹҢҲрҹҳӮрҹ’һрҹҸҙвҖҚвҳ пёҸрҹҺёрҹҢ§пёҸрҹҳірҹ‘»рҹҸіпёҸвҖҚрҹҢҲрҹҳӮрҹ’һрҹҸҙвҖҚвҳ"] = CFrame.new(0.067541, -0.105457, 0.124020, -0.168404, 0.296712, 0.940001, 0.590403, 0.794004, -0.144855, -0.789345, 0.530585, -0.308893)
    }},
    { Time = 0.283, Data = {
      ["BaseOpened"] = CFrame.new(-0.000002, -0.068412, 0.001191, 1.000000, 0.000000, 0.000000, 0.000000, 0.985614, -0.169012, 0.000000, 0.169012, 0.985614),
      ["Head"] = CFrame.new(0.000000, 0.117470, -0.050903, 1.000000, -0.000000, 0.000000, 0.000000, 0.905623, 0.424084, -0.000000, -0.424084, 0.905623),
      ["LeftUpperArm"] = CFrame.new(0.106107, -0.249779, -0.002184, 0.927743, -0.335836, -0.162808, 0.297996, 0.403922, 0.864896, -0.224702, -0.850918, 0.474814),
      ["LeftUpperLeg"] = CFrame.new(-0.285952, -0.009328, -0.011707, 0.884316, 0.208218, 0.417888, 0.274729, -0.955755, -0.105153, 0.377504, 0.207794, -0.902393),
      ["LowerTorso"] = CFrame.new(-0.002634, -0.649989, -1.501317, -0.999998, -0.001699, -0.000584, 0.000019, 0.314832, -0.949147, 0.001796, -0.949146, -0.314832),
      ["RightUpperArm"] = CFrame.new(-0.106107, -0.249779, -0.002184, 0.927743, 0.335836, 0.162808, -0.297996, 0.403922, 0.864896, 0.224702, -0.850918, 0.474814),
      ["RightUpperLeg"] = CFrame.new(0.285960, -0.009326, -0.011670, 0.884316, -0.208218, -0.417888, -0.274729, -0.955755, -0.105153, -0.377504, 0.207794, -0.902393),
      ["рҹҢ§пёҸрҹҳірҹ‘»рҹҸіпёҸвҖҚрҹҢҲрҹҳӮрҹ’һрҹҸҙвҖҚвҳ пёҸрҹҺёрҹҢ§пёҸрҹҳірҹ‘»рҹҸіпёҸвҖҚрҹҢҲрҹҳӮрҹ’һрҹҸҙвҖҚвҳ"] = CFrame.new(0.067541, -0.105457, 0.124020, -0.168404, 0.296712, 0.940001, 0.590403, 0.794004, -0.144855, -0.789345, 0.530585, -0.308893)
    }},
    { Time = 0.300, Data = {
      ["BaseOpened"] = CFrame.new(-0.000002, -0.068412, 0.001191, 1.000000, 0.000000, 0.000000, 0.000000, 0.985614, -0.169012, 0.000000, 0.169012, 0.985614),
      ["Head"] = CFrame.new(0.000000, 0.117470, -0.050903, 1.000000, -0.000000, 0.000000, 0.000000, 0.904117, 0.427286, -0.000000, -0.427286, 0.904117),
      ["LeftUpperArm"] = CFrame.new(0.106095, -0.251956, -0.003201, 0.927737, -0.335878, -0.162760, 0.295777, 0.395644, 0.869472, -0.227641, -0.854782, 0.466398),
      ["LeftUpperLeg"] = CFrame.new(-0.285952, -0.009328, -0.011707, 0.884316, 0.208218, 0.417888, 0.274729, -0.955755, -0.105153, 0.377504, 0.207794, -0.902393),
      ["LowerTorso"] = CFrame.new(-0.002685, -0.639428, -1.502944, -0.999999, -0.001651, -0.000505, -0.000022, 0.304690, -0.952452, 0.001726, -0.952450, -0.304690),
      ["RightUpperArm"] = CFrame.new(-0.106095, -0.251956, -0.003201, 0.927737, 0.335878, 0.162760, -0.295777, 0.395644, 0.869472, 0.227641, -0.854782, 0.466398),
      ["RightUpperLeg"] = CFrame.new(0.285960, -0.009326, -0.011670, 0.884316, -0.208218, -0.417888, -0.274729, -0.955755, -0.105153, -0.377504, 0.207794, -0.902393),
      ["рҹҢ§пёҸрҹҳірҹ‘»рҹҸіпёҸвҖҚрҹҢҲрҹҳӮрҹ’һрҹҸҙвҖҚвҳ пёҸрҹҺёрҹҢ§пёҸрҹҳірҹ‘»рҹҸіпёҸвҖҚрҹҢҲрҹҳӮрҹ’һрҹҸҙвҖҚвҳ"] = CFrame.new(0.067541, -0.105457, 0.124020, -0.168404, 0.296712, 0.940001, 0.590403, 0.794004, -0.144855, -0.789345, 0.530585, -0.308893)
    }},
    { Time = 0.317, Data = {
      ["BaseOpened"] = CFrame.new(-0.000002, -0.068412, 0.001191, 1.000000, 0.000000, 0.000000, 0.000000, 0.985614, -0.169012, 0.000000, 0.169012, 0.985614),
      ["Head"] = CFrame.new(0.000000, 0.117470, -0.050903, 1.000000, -0.000000, 0.000000, 0.000000, 0.902599, 0.430483, -0.000000, -0.430483, 0.902599),
      ["LeftUpperArm"] = CFrame.new(0.106102, -0.253868, -0.004078, 0.927740, -0.335848, -0.162800, 0.293857, 0.388377, 0.873391, -0.230099, -0.858120, 0.459004),
      ["LeftUpperLeg"] = CFrame.new(-0.285952, -0.009328, -0.011707, 0.884316, 0.208218, 0.417888, 0.274729, -0.955755, -0.105153, 0.377504, 0.207794, -0.902393),
      ["LowerTorso"] = CFrame.new(-0.002686, -0.630180, -1.504421, -0.999999, -0.001653, -0.000497, -0.000014, 0.295806, -0.955248, 0.001726, -0.955247, -0.295805),
      ["RightUpperArm"] = CFrame.new(-0.106102, -0.253868, -0.004078, 0.927740, 0.335848, 0.162800, -0.293857, 0.388377, 0.873391, 0.230099, -0.858120, 0.459004),
      ["RightUpperLeg"] = CFrame.new(0.285960, -0.009326, -0.011670, 0.884316, -0.208218, -0.417888, -0.274729, -0.955755, -0.105153, -0.377504, 0.207794, -0.902393),
      ["рҹҢ§пёҸрҹҳірҹ‘»рҹҸіпёҸвҖҚрҹҢҲрҹҳӮрҹ’һрҹҸҙвҖҚвҳ пёҸрҹҺёрҹҢ§пёҸрҹҳірҹ‘»рҹҸіпёҸвҖҚрҹҢҲрҹҳӮрҹ’һрҹҸҙвҖҚвҳ"] = CFrame.new(0.067541, -0.105457, 0.124020, -0.168404, 0.296712, 0.940001, 0.590403, 0.794004, -0.144855, -0.789345, 0.530585, -0.308893)
    }},
    { Time = 0.333, Data = {
      ["BaseOpened"] = CFrame.new(-0.000002, -0.068412, 0.001191, 1.000000, 0.000000, 0.000000, 0.000000, 0.985614, -0.169012, 0.000000, 0.169012, 0.985614),
      ["Head"] = CFrame.new(0.000000, 0.117470, -0.050903, 1.000000, -0.000000, 0.000000, 0.000000, 0.901184, 0.433437, -0.000000, -0.433437, 0.901184),
      ["LeftUpperArm"] = CFrame.new(0.106105, -0.255507, -0.004814, 0.927749, -0.335834, -0.162780, 0.292156, 0.382143, 0.876705, -0.232222, -0.860919, 0.452649),
      ["LeftUpperLeg"] = CFrame.new(-0.285952, -0.009328, -0.011707, 0.884316, 0.208218, 0.417888, 0.274729, -0.955755, -0.105153, 0.377504, 0.207794, -0.902393),
      ["LowerTorso"] = CFrame.new(-0.002687, -0.622268, -1.505766, -0.999998, -0.001655, -0.000490, -0.000007, 0.288204, -0.957569, 0.001726, -0.957567, -0.288204),
      ["RightUpperArm"] = CFrame.new(-0.106105, -0.255507, -0.004814, 0.927749, 0.335834, 0.162780, -0.292156, 0.382143, 0.876705, 0.232222, -0.860919, 0.452649),
      ["RightUpperLeg"] = CFrame.new(0.285960, -0.009326, -0.011670, 0.884316, -0.208218, -0.417888, -0.274729, -0.955755, -0.105153, -0.377504, 0.207794, -0.902393),
      ["рҹҢ§пёҸрҹҳірҹ‘»рҹҸіпёҸвҖҚрҹҢҲрҹҳӮрҹ’һрҹҸҙвҖҚвҳ пёҸрҹҺёрҹҢ§пёҸрҹҳірҹ‘»рҹҸіпёҸвҖҚрҹҢҲрҹҳӮрҹ’һрҹҸҙвҖҚвҳ"] = CFrame.new(0.067541, -0.105457, 0.124020, -0.168404, 0.296712, 0.940001, 0.590403, 0.794004, -0.144855, -0.789345, 0.530585, -0.308893)
    }},
    { Time = 0.350, Data = {
      ["BaseOpened"] = CFrame.new(-0.000002, -0.068412, 0.001191, 1.000000, 0.000000, 0.000000, 0.000000, 0.985614, -0.169012, 0.000000, 0.169012, 0.985614),
      ["Head"] = CFrame.new(0.000000, 0.117470, -0.050903, 1.000000, -0.000000, 0.000000, 0.000000, 0.899836, 0.436228, -0.000000, -0.436228, 0.899836),
      ["LeftUpperArm"] = CFrame.new(0.106106, -0.256894, -0.005425, 0.927763, -0.335826, -0.162716, 0.290665, 0.376871, 0.879478, -0.234029, -0.863243, 0.447260),
      ["LeftUpperLeg"] = CFrame.new(-0.285952, -0.009328, -0.011707, 0.884316, 0.208218, 0.417888, 0.274729, -0.955755, -0.105153, 0.377504, 0.207794, -0.902393),
      ["LowerTorso"] = CFrame.new(-0.002687, -0.615604, -1.506965, -0.999999, -0.001657, -0.000485, -0.000002, 0.281805, -0.959472, 0.001726, -0.959470, -0.281804),
      ["RightUpperArm"] = CFrame.new(-0.106106, -0.256894, -0.005425, 0.927763, 0.335826, 0.162716, -0.290665, 0.376871, 0.879478, 0.234029, -0.863243, 0.447260),
      ["RightUpperLeg"] = CFrame.new(0.285960, -0.009326, -0.011670, 0.884316, -0.208218, -0.417888, -0.274729, -0.955755, -0.105153, -0.377504, 0.207794, -0.902393),
      ["рҹҢ§пёҸрҹҳірҹ‘»рҹҸіпёҸвҖҚрҹҢҲрҹҳӮрҹ’һрҹҸҙвҖҚвҳ пёҸрҹҺёрҹҢ§пёҸрҹҳірҹ‘»рҹҸіпёҸвҖҚрҹҢҲрҹҳӮрҹ’һрҹҸҙвҖҚвҳ"] = CFrame.new(0.067541, -0.105457, 0.124020, -0.168404, 0.296712, 0.940001, 0.590403, 0.794004, -0.144855, -0.789345, 0.530585, -0.308893)
    }},
    { Time = 0.367, Data = {
      ["BaseOpened"] = CFrame.new(-0.000002, -0.068412, 0.001191, 1.000000, 0.000000, 0.000000, 0.000000, 0.985614, -0.169012, 0.000000, 0.169012, 0.985614),
      ["Head"] = CFrame.new(0.000000, 0.117470, -0.050903, 1.000000, -0.000000, 0.000000, 0.000000, 0.898557, 0.438857, -0.000000, -0.438857, 0.898557),
      ["LeftUpperArm"] = CFrame.new(0.106102, -0.258056, -0.005928, 0.927754, -0.335838, -0.162741, 0.289494, 0.372451, 0.881745, -0.235511, -0.865155, 0.442766),
      ["LeftUpperLeg"] = CFrame.new(-0.285952, -0.009328, -0.011707, 0.884316, 0.208218, 0.417888, 0.274729, -0.955755, -0.105153, 0.377504, 0.207794, -0.902393),
      ["LowerTorso"] = CFrame.new(-0.002688, -0.609994, -1.507984, -0.999998, -0.001658, -0.000480, 0.000003, 0.276415, -0.961038, 0.001726, -0.961037, -0.276414),
      ["RightUpperArm"] = CFrame.new(-0.106103, -0.258057, -0.005928, 0.927754, 0.335838, 0.162741, -0.289494, 0.372451, 0.881745, 0.235511, -0.865155, 0.442766),
      ["RightUpperLeg"] = CFrame.new(0.285960, -0.009326, -0.011670, 0.884316, -0.208218, -0.417888, -0.274729, -0.955755, -0.105153, -0.377504, 0.207794, -0.902393),
      ["рҹҢ§пёҸрҹҳірҹ‘»рҹҸіпёҸвҖҚрҹҢҲрҹҳӮрҹ’һрҹҸҙвҖҚвҳ пёҸрҹҺёрҹҢ§пёҸрҹҳірҹ‘»рҹҸіпёҸвҖҚрҹҢҲрҹҳӮрҹ’һрҹҸҙвҖҚвҳ"] = CFrame.new(0.067541, -0.105457, 0.124020, -0.168404, 0.296712, 0.940001, 0.590403, 0.794004, -0.144855, -0.789345, 0.530585, -0.308893)
    }},
    { Time = 0.383, Data = {
      ["BaseOpened"] = CFrame.new(-0.000002, -0.068412, 0.001191, 1.000000, 0.000000, 0.000000, 0.000000, 0.985614, -0.169012, 0.000000, 0.169012, 0.985614),
      ["Head"] = CFrame.new(0.000000, 0.117470, -0.050903, 1.000000, -0.000000, 0.000000, 0.000000, 0.897348, 0.441323, -0.000000, -0.441323, 0.897348),
      ["LeftUpperArm"] = CFrame.new(0.106102, -0.259007, -0.006335, 0.927752, -0.335838, -0.162753, 0.288519, 0.368836, 0.883582, -0.236711, -0.866703, 0.439084),
      ["LeftUpperLeg"] = CFrame.new(-0.285952, -0.009328, -0.011707, 0.884316, 0.208218, 0.417888, 0.274729, -0.955755, -0.105153, 0.377504, 0.207794, -0.902393),
      ["LowerTorso"] = CFrame.new(-0.002688, -0.605341, -1.508826, -0.999999, -0.001659, -0.000476, 0.000007, 0.271942, -0.962314, 0.001726, -0.962312, -0.271942),
      ["RightUpperArm"] = CFrame.new(-0.106102, -0.259007, -0.006335, 0.927752, 0.335838, 0.162753, -0.288519, 0.368836, 0.883582, 0.236711, -0.866703, 0.439084),
      ["RightUpperLeg"] = CFrame.new(0.285960, -0.009326, -0.011670, 0.884316, -0.208218, -0.417888, -0.274729, -0.955755, -0.105153, -0.377504, 0.207794, -0.902393),
      ["рҹҢ§пёҸрҹҳірҹ‘»рҹҸіпёҸвҖҚрҹҢҲрҹҳӮрҹ’һрҹҸҙвҖҚвҳ пёҸрҹҺёрҹҢ§пёҸрҹҳірҹ‘»рҹҸіпёҸвҖҚрҹҢҲрҹҳӮрҹ’һрҹҸҙвҖҚвҳ"] = CFrame.new(0.067541, -0.105457, 0.124020, -0.168404, 0.296712, 0.940001, 0.590403, 0.794004, -0.144855, -0.789345, 0.530585, -0.308893)
    }},
    { Time = 0.400, Data = {
      ["BaseOpened"] = CFrame.new(-0.000002, -0.068412, 0.001191, 1.000000, 0.000000, 0.000000, 0.000000, 0.985614, -0.169012, 0.000000, 0.169012, 0.985614),
      ["Head"] = CFrame.new(0.000000, 0.117470, -0.050903, 1.000000, -0.000000, 0.000000, 0.000000, 0.896250, 0.443549, -0.000000, -0.443549, 0.896250),
      ["LeftUpperArm"] = CFrame.new(0.106108, -0.259769, -0.006659, 0.927758, -0.335815, -0.162769, 0.287732, 0.365941, 0.885041, -0.237646, -0.867937, 0.436130),
      ["LeftUpperLeg"] = CFrame.new(-0.285952, -0.009328, -0.011707, 0.884316, 0.208218, 0.417888, 0.274729, -0.955755, -0.105153, 0.377504, 0.207794, -0.902393),
      ["LowerTorso"] = CFrame.new(-0.002688, -0.601651, -1.509527, -0.999998, -0.001660, -0.000473, 0.000010, 0.268397, -0.963308, 0.001726, -0.963307, -0.268396),
      ["RightUpperArm"] = CFrame.new(-0.106108, -0.259769, -0.006659, 0.927758, 0.335815, 0.162769, -0.287732, 0.365941, 0.885041, 0.237646, -0.867937, 0.436130),
      ["RightUpperLeg"] = CFrame.new(0.285960, -0.009326, -0.011670, 0.884316, -0.208218, -0.417888, -0.274729, -0.955755, -0.105153, -0.377504, 0.207794, -0.902393),
      ["рҹҢ§пёҸрҹҳірҹ‘»рҹҸіпёҸвҖҚрҹҢҲрҹҳӮрҹ’һрҹҸҙвҖҚвҳ пёҸрҹҺёрҹҢ§пёҸрҹҳірҹ‘»рҹҸіпёҸвҖҚрҹҢҲрҹҳӮрҹ’һрҹҸҙвҖҚвҳ"] = CFrame.new(0.067541, -0.105457, 0.124020, -0.168404, 0.296712, 0.940001, 0.590403, 0.794004, -0.144855, -0.789345, 0.530585, -0.308893)
    }},
    { Time = 0.417, Data = {
      ["BaseOpened"] = CFrame.new(-0.000002, -0.068412, 0.001191, 1.000000, 0.000000, 0.000000, 0.000000, 0.985614, -0.169012, 0.000000, 0.169012, 0.985614),
      ["Head"] = CFrame.new(0.000000, 0.117470, -0.050903, 1.000000, -0.000000, 0.000000, 0.000000, 0.895225, 0.445614, -0.000000, -0.445614, 0.895225),
      ["LeftUpperArm"] = CFrame.new(0.106092, -0.260371, -0.006906, 0.927734, -0.335875, -0.162781, 0.287143, 0.363649, 0.886176, -0.238449, -0.868877, 0.433814),
      ["LeftUpperLeg"] = CFrame.new(-0.285952, -0.009328, -0.011707, 0.884316, 0.208218, 0.417888, 0.274729, -0.955755, -0.105153, 0.377504, 0.207794, -0.902393),
      ["LowerTorso"] = CFrame.new(-0.002689, -0.598822, -1.510096, -0.999999, -0.001661, -0.000471, 0.000013, 0.265679, -0.964061, 0.001726, -0.964060, -0.265679),
      ["RightUpperArm"] = CFrame.new(-0.106092, -0.260372, -0.006906, 0.927734, 0.335875, 0.162781, -0.287143, 0.363649, 0.886176, 0.238449, -0.868877, 0.433814),
      ["RightUpperLeg"] = CFrame.new(0.285960, -0.009326, -0.011670, 0.884316, -0.208218, -0.417888, -0.274729, -0.955755, -0.105153, -0.377504, 0.207794, -0.902393),
      ["рҹҢ§пёҸрҹҳірҹ‘»рҹҸіпёҸвҖҚрҹҢҲрҹҳӮрҹ’һрҹҸҙвҖҚвҳ пёҸрҹҺёрҹҢ§пёҸрҹҳірҹ‘»рҹҸіпёҸвҖҚрҹҢҲрҹҳӮрҹ’һрҹҸҙвҖҚвҳ"] = CFrame.new(0.067541, -0.105457, 0.124020, -0.168404, 0.296712, 0.940001, 0.590403, 0.794004, -0.144855, -0.789345, 0.530585, -0.308893)
    }},
    { Time = 0.433, Data = {
      ["BaseOpened"] = CFrame.new(-0.000002, -0.068412, 0.001191, 1.000000, 0.000000, 0.000000, 0.000000, 0.985614, -0.169012, 0.000000, 0.169012, 0.985614),
      ["Head"] = CFrame.new(0.000000, 0.117470, -0.050903, 1.000000, -0.000000, 0.000000, 0.000000, 0.894275, 0.447518, -0.000000, -0.447518, 0.894275),
      ["LeftUpperArm"] = CFrame.new(0.106104, -0.260822, -0.007099, 0.927751, -0.335827, -0.162783, 0.286653, 0.361937, 0.887035, -0.238973, -0.869610, 0.432053),
      ["LeftUpperLeg"] = CFrame.new(-0.285952, -0.009328, -0.011707, 0.884316, 0.208218, 0.417888, 0.274729, -0.955755, -0.105153, 0.377504, 0.207794, -0.902393),
      ["LowerTorso"] = CFrame.new(-0.002689, -0.596644, -1.510513, -0.999999, -0.001661, -0.000469, 0.000015, 0.263586, -0.964636, 0.001726, -0.964635, -0.263585),
      ["RightUpperArm"] = CFrame.new(-0.106104, -0.260822, -0.007099, 0.927751, 0.335827, 0.162783, -0.286653, 0.361937, 0.887035, 0.238973, -0.869610, 0.432053),
      ["RightUpperLeg"] = CFrame.new(0.285960, -0.009326, -0.011670, 0.884316, -0.208218, -0.417888, -0.274729, -0.955755, -0.105153, -0.377504, 0.207794, -0.902393),
      ["рҹҢ§пёҸрҹҳірҹ‘»рҹҸіпёҸвҖҚрҹҢҲрҹҳӮрҹ’һрҹҸҙвҖҚвҳ пёҸрҹҺёрҹҢ§пёҸрҹҳірҹ‘»рҹҸіпёҸвҖҚрҹҢҲрҹҳӮрҹ’һрҹҸҙвҖҚвҳ"] = CFrame.new(0.067541, -0.105457, 0.124020, -0.168404, 0.296712, 0.940001, 0.590403, 0.794004, -0.144855, -0.789345, 0.530585, -0.308893)
    }},
    { Time = 0.450, Data = {
      ["BaseOpened"] = CFrame.new(-0.000002, -0.068412, 0.001191, 1.000000, 0.000000, 0.000000, 0.000000, 0.985614, -0.169012, 0.000000, 0.169012, 0.985614),
      ["Head"] = CFrame.new(0.000000, 0.117470, -0.050903, 1.000000, -0.000000, 0.000000, 0.000000, 0.893440, 0.449183, -0.000000, -0.449183, 0.893440),
      ["LeftUpperArm"] = CFrame.new(0.106097, -0.261136, -0.007227, 0.927739, -0.335853, -0.162798, 0.286351, 0.360741, 0.887620, -0.239382, -0.870097, 0.430846),
      ["LeftUpperLeg"] = CFrame.new(-0.285952, -0.009328, -0.011707, 0.884316, 0.208218, 0.417888, 0.274729, -0.955755, -0.105153, 0.377504, 0.207794, -0.902393),
      ["LowerTorso"] = CFrame.new(-0.002689, -0.595115, -1.510823, -0.999998, -0.001662, -0.000468, 0.000016, 0.262118, -0.965036, 0.001726, -0.965034, -0.262118),
      ["RightUpperArm"] = CFrame.new(-0.106097, -0.261136, -0.007227, 0.927739, 0.335853, 0.162798, -0.286351, 0.360741, 0.887620, 0.239382, -0.870097, 0.430846),
      ["RightUpperLeg"] = CFrame.new(0.285960, -0.009326, -0.011670, 0.884316, -0.208218, -0.417888, -0.274729, -0.955755, -0.105153, -0.377504, 0.207794, -0.902393),
      ["рҹҢ§пёҸрҹҳірҹ‘»рҹҸіпёҸвҖҚрҹҢҲрҹҳӮрҹ’һрҹҸҙвҖҚвҳ пёҸрҹҺёрҹҢ§пёҸрҹҳірҹ‘»рҹҸіпёҸвҖҚрҹҢҲрҹҳӮрҹ’һрҹҸҙвҖҚвҳ"] = CFrame.new(0.067541, -0.105457, 0.124020, -0.168404, 0.296712, 0.940001, 0.590403, 0.794004, -0.144855, -0.789345, 0.530585, -0.308893)
    }},
    { Time = 0.467, Data = {
      ["BaseOpened"] = CFrame.new(-0.000002, -0.068412, 0.001191, 1.000000, 0.000000, 0.000000, 0.000000, 0.985614, -0.169012, 0.000000, 0.169012, 0.985614),
