return {
  ["Astros on the knees blowjob"] = {
    { Time = 0.000, Data = {
      ["Head"] = CFrame.new(0.000000, -0.000000, 0.000000, 1.000000, -0.000000, 0.000000, 0.000000, 0.989118, 0.147122, -0.000000, -0.147122, 0.989118),
      ["LeftUpperArm"] = CFrame.new(-0.258919, -0.537004, -0.888746, 0.175221, -0.984478, -0.010054, -0.961400, -0.168896, -0.217219, 0.212150, 0.047727, -0.976071),
      ["LeftUpperLeg"] = CFrame.new(-0.258949, 0.266565, -0.645245, 0.966916, 0.254788, -0.012496, -0.255094, 0.965755, -0.047371, -0.000001, 0.048991, 0.998799),
      ["LowerTorso"] = CFrame.new(0.000000, -0.517440, 2.357996, 1.000000, -0.000000, 0.000000, 0.000000, 0.246835, 0.969058, -0.000000, -0.969058, 0.246835),
      ["RightUpperArm"] = CFrame.new(-0.000003, -0.297000, -0.104306, 0.993714, -0.000012, -0.111947, -0.109296, 0.216251, -0.970201, 0.024220, 0.976338, 0.214890),
      ["RightUpperLeg"] = CFrame.new(0.226203, 0.241071, -0.613468, 0.966873, -0.253947, 0.025825, 0.255257, 0.961910, -0.097840, 0.000005, 0.101191, 0.994867),
      ["рҹҢ§пёҸрҹҳірҹ‘»рҹҸіпёҸвҖҚрҹҢҲрҹҳӮрҹ’һрҹҸҙвҖҚвҳ пёҸрҹҺёрҹҢ§пёҸрҹҳірҹ‘»рҹҸіпёҸвҖҚрҹҢҲрҹҳӮрҹ’һрҹҸҙвҖҚвҳ"] = CFrame.new(-0.000000, -0.000000, -0.000000, 0.974814, -0.223020, 0.000000, 0.223020, 0.974814, 0.000000, 0.000000, 0.000000, 1.000000)
    }},
    { Time = 0.017, Data = {
      ["Head"] = CFrame.new(0.000000, -0.000000, 0.000000, 1.000000, -0.000000, 0.000000, 0.000000, 0.987152, 0.159784, -0.000000, -0.159784, 0.987152),
      ["LeftUpperArm"] = CFrame.new(-0.258916, -0.537334, -0.888378, 0.175267, -0.984464, -0.010650, -0.961377, -0.168806, -0.217391, 0.212215, 0.048340, -0.976027),
      ["LeftUpperLeg"] = CFrame.new(-0.259061, 0.266144, -0.645225, 0.966917, 0.254793, -0.012355, -0.255092, 0.965776, -0.046954, -0.000031, 0.048553, 0.998821),
      ["LowerTorso"] = CFrame.new(0.000000, -0.517384, 2.357913, 1.000000, -0.000000, 0.000000, 0.000000, 0.247259, 0.968950, -0.000000, -0.968950, 0.247259),
      ["RightUpperArm"] = CFrame.new(0.000008, -0.296972, -0.105120, 0.993714, 0.000031, -0.111947, -0.109286, 0.217006, -0.970033, 0.024263, 0.976170, 0.215646),
      ["RightUpperLeg"] = CFrame.new(0.226315, 0.240650, -0.613470, 0.966874, -0.253957, 0.025684, 0.255252, 0.961954, -0.097425, 0.000035, 0.100753, 0.994911),
      ["рҹҢ§пёҸрҹҳірҹ‘»рҹҸіпёҸвҖҚрҹҢҲрҹҳӮрҹ’һрҹҸҙвҖҚвҳ пёҸрҹҺёрҹҢ§пёҸрҹҳірҹ‘»рҹҸіпёҸвҖҚрҹҢҲрҹҳӮрҹ’һрҹҸҙвҖҚвҳ"] = CFrame.new(-0.000000, -0.000000, 0.000000, 0.974911, -0.222596, 0.000000, 0.222596, 0.974911, 0.000000, 0.000000, 0.000000, 1.000000)
    }},
    { Time = 0.033, Data = {
      ["Head"] = CFrame.new(0.000000, 0.000000, 0.000000, 1.000000, -0.000000, 0.000000, 0.000000, 0.985037, 0.172341, -0.000000, -0.172341, 0.985037),
      ["LeftUpperArm"] = CFrame.new(-0.258909, -0.538291, -0.887281, 0.175293, -0.984438, -0.012449, -0.961328, -0.168423, -0.217904, 0.212416, 0.050165, -0.975891),
      ["LeftUpperLeg"] = CFrame.new(-0.259393, 0.264883, -0.645085, 0.966917, 0.254802, -0.012114, -0.255090, 0.965834, -0.045768, 0.000038, 0.047344, 0.998879),
      ["LowerTorso"] = CFrame.new(0.000000, -0.517325, 2.357632, 1.000000, -0.000000, 0.000000, 0.000000, 0.248635, 0.968597, -0.000000, -0.968597, 0.248635),
      ["RightUpperArm"] = CFrame.new(0.000070, -0.296973, -0.107532, 0.993716, 0.000264, -0.111934, -0.109276, 0.218940, -0.969600, 0.024251, 0.975738, 0.217593),
      ["RightUpperLeg"] = CFrame.new(0.226648, 0.239388, -0.613435, 0.966877, -0.253982, 0.025347, 0.255244, 0.962082, -0.096168, 0.000039, 0.099452, 0.995042),
      ["рҹҢ§пёҸрҹҳірҹ‘»рҹҸіпёҸвҖҚрҹҢҲрҹҳӮрҹ’һрҹҸҙвҖҚвҳ пёҸрҹҺёрҹҢ§пёҸрҹҳірҹ‘»рҹҸіпёҸвҖҚрҹҢҲрҹҳӮрҹ’һрҹҸҙвҖҚвҳ"] = CFrame.new(-0.000000, -0.000000, 0.000000, 0.975200, -0.221326, 0.000000, 0.221326, 0.975200, 0.000000, 0.000000, 0.000000, 1.000000)
    }},
    { Time = 0.050, Data = {
      ["Head"] = CFrame.new(0.000000, 0.000000, 0.000000, 1.000000, -0.000000, 0.000000, 0.000000, 0.982826, 0.184536, -0.000000, -0.184536, 0.982826),
      ["LeftUpperArm"] = CFrame.new(-0.258898, -0.539865, -0.885478, 0.175298, -0.984395, -0.015397, -0.961265, -0.167759, -0.218693, 0.212697, 0.053137, -0.975673),
      ["LeftUpperLeg"] = CFrame.new(-0.259943, 0.262798, -0.644948, 0.966919, 0.254823, -0.011506, -0.255082, 0.965929, -0.043760, -0.000037, 0.045247, 0.998976),
      ["LowerTorso"] = CFrame.new(0.000000, -0.517276, 2.357151, 1.000000, -0.000000, 0.000000, 0.000000, 0.250961, 0.967997, -0.000000, -0.967997, 0.250961),
      ["RightUpperArm"] = CFrame.new(0.000166, -0.296998, -0.111521, 0.993711, 0.000632, -0.111973, -0.109317, 0.222049, -0.968888, 0.024251, 0.975035, 0.220721),
      ["RightUpperLeg"] = CFrame.new(0.227210, 0.237258, -0.613371, 0.966858, -0.254106, 0.024829, 0.255316, 0.962263, -0.094153, 0.000033, 0.097372, 0.995248),
      ["рҹҢ§пёҸрҹҳірҹ‘»рҹҸіпёҸвҖҚрҹҢҲрҹҳӮрҹ’һрҹҸҙвҖҚвҳ пёҸрҹҺёрҹҢ§пёҸрҹҳірҹ‘»рҹҸіпёҸвҖҚрҹҢҲрҹҳӮрҹ’һрҹҸҙвҖҚвҳ"] = CFrame.new(-0.000000, -0.000000, 0.000000, 0.975678, -0.219208, 0.000000, 0.219208, 0.975678, 0.000000, 0.000000, 0.000000, 1.000000)
    }},
    { Time = 0.067, Data = {
      ["Head"] = CFrame.new(0.000000, 0.000000, 0.000000, 1.000000, -0.000000, 0.000000, 0.000000, 0.980547, 0.196284, -0.000000, -0.196284, 0.980547),
      ["LeftUpperArm"] = CFrame.new(-0.258875, -0.542062, -0.882960, 0.175388, -0.984306, -0.019537, -0.961157, -0.166900, -0.219821, 0.213111, 0.057332, -0.975345),
      ["LeftUpperLeg"] = CFrame.new(-0.260705, 0.259909, -0.644689, 0.966921, 0.254847, -0.010786, -0.255075, 0.966056, -0.040896, -0.000002, 0.042294, 0.999105),
      ["LowerTorso"] = CFrame.new(0.000000, -0.517154, 2.356488, 1.000000, -0.000000, 0.000000, 0.000000, 0.254128, 0.967171, -0.000000, -0.967171, 0.254128),
      ["RightUpperArm"] = CFrame.new(0.000298, -0.296982, -0.117061, 0.993714, 0.001134, -0.111944, -0.109289, 0.226545, -0.967850, 0.024263, 0.974000, 0.225245),
      ["RightUpperLeg"] = CFrame.new(0.227974, 0.234366, -0.613273, 0.966862, -0.254157, 0.024121, 0.255299, 0.962534, -0.091382, 0.000008, 0.094512, 0.995524),
      ["рҹҢ§пёҸрҹҳірҹ‘»рҹҸіпёҸвҖҚрҹҢҲрҹҳӮрҹ’һрҹҸҙвҖҚвҳ пёҸрҹҺёрҹҢ§пёҸрҹҳірҹ‘»рҹҸіпёҸвҖҚрҹҢҲрҹҳӮрҹ’һрҹҸҙвҖҚвҳ"] = CFrame.new(-0.000000, -0.000000, 0.000000, 0.976340, -0.216241, 0.000000, 0.216241, 0.976340, 0.000000, 0.000000, 0.000000, 1.000000)
    }},
    { Time = 0.083, Data = {
      ["Head"] = CFrame.new(0.000000, 0.000000, -0.000000, 1.000000, -0.000000, 0.000000, 0.000000, 0.978235, 0.207502, -0.000000, -0.207502, 0.978235),
      ["LeftUpperArm"] = CFrame.new(-0.258842, -0.544826, -0.879778, 0.175436, -0.984180, -0.024761, -0.961024, -0.165742, -0.221276, 0.213672, 0.062616, -0.974897),
      ["LeftUpperLeg"] = CFrame.new(-0.261671, 0.256250, -0.644363, 0.966924, 0.254874, -0.009892, -0.255066, 0.966202, -0.037358, 0.000036, 0.038645, 0.999253),
      ["LowerTorso"] = CFrame.new(0.000000, -0.516989, 2.355637, 1.000000, -0.000000, 0.000000, 0.000000, 0.258128, 0.966111, -0.000000, -0.966111, 0.258128),
      ["RightUpperArm"] = CFrame.new(0.000480, -0.296974, -0.124084, 0.993718, 0.001825, -0.111897, -0.109260, 0.232197, -0.966513, 0.024219, 0.972667, 0.230938),
      ["RightUpperLeg"] = CFrame.new(0.228942, 0.230702, -0.613140, 0.966867, -0.254222, 0.023217, 0.255280, 0.962875, -0.087769, -0.000043, 0.090788, 0.995870),
      ["рҹҢ§пёҸрҹҳірҹ‘»рҹҸіпёҸвҖҚрҹҢҲрҹҳӮрҹ’һрҹҸҙвҖҚвҳ пёҸрҹҺёрҹҢ§пёҸрҹҳірҹ‘»рҹҸіпёҸвҖҚрҹҢҲрҹҳӮрҹ’һрҹҸҙвҖҚвҳ"] = CFrame.new(-0.000000, 0.000000, 0.000000, 0.977141, -0.212594, 0.000000, 0.212594, 0.977141, 0.000000, 0.000000, 0.000000, 1.000000)
    }},
    { Time = 0.100, Data = {
      ["Head"] = CFrame.new(0.000000, -0.000000, 0.000000, 1.000000, -0.000000, 0.000000, 0.000000, 0.975944, 0.218021, -0.000000, -0.218021, 0.975944),
      ["LeftUpperArm"] = CFrame.new(-0.258790, -0.548150, -0.875948, 0.175549, -0.983981, -0.031056, -0.960846, -0.164381, -0.223055, 0.214377, 0.068997, -0.974311),
      ["LeftUpperLeg"] = CFrame.new(-0.262829, 0.251861, -0.644012, 0.966926, 0.254906, -0.008727, -0.255056, 0.966361, -0.033072, 0.000003, 0.034204, 0.999415),
      ["LowerTorso"] = CFrame.new(0.000000, -0.516819, 2.354584, 1.000000, -0.000000, 0.000000, 0.000000, 0.262957, 0.964808, -0.000000, -0.964808, 0.262957),
      ["RightUpperArm"] = CFrame.new(0.000695, -0.296988, -0.132516, 0.993716, 0.002643, -0.111899, -0.109287, 0.238886, -0.964878, 0.024181, 0.971044, 0.237674),
      ["RightUpperLeg"] = CFrame.new(0.230102, 0.226307, -0.613026, 0.966874, -0.254299, 0.022054, 0.255254, 0.963262, -0.083494, -0.000011, 0.086357, 0.996264),
      ["рҹҢ§пёҸрҹҳірҹ‘»рҹҸіпёҸвҖҚрҹҢҲрҹҳӮрҹ’һрҹҸҙвҖҚвҳ пёҸрҹҺёрҹҢ§пёҸрҹҳірҹ‘»рҹҸіпёҸвҖҚрҹҢҲрҹҳӮрҹ’һрҹҸҙвҖҚвҳ"] = CFrame.new(-0.000000, -0.000000, 0.000000, 0.978090, -0.208181, 0.000000, 0.208181, 0.978090, 0.000000, 0.000000, 0.000000, 1.000000)
    }},
    { Time = 0.117, Data = {
      ["Head"] = CFrame.new(0.000000, 0.000000, -0.000000, 1.000000, -0.000000, 0.000000, 0.000000, 0.973717, 0.227760, -0.000000, -0.227760, 0.973717),
      ["LeftUpperArm"] = CFrame.new(-0.258721, -0.551969, -0.871534, 0.175608, -0.983714, -0.038325, -0.960669, -0.162728, -0.225024, 0.215123, 0.076333, -0.973600),
      ["LeftUpperLeg"] = CFrame.new(-0.264167, 0.246787, -0.643603, 0.966929, 0.254938, -0.007388, -0.255045, 0.966520, -0.028112, -0.000026, 0.029066, 0.999577),
      ["LowerTorso"] = CFrame.new(0.000000, -0.516485, 2.353373, 1.000000, -0.000000, 0.000000, 0.000000, 0.268397, 0.963308, -0.000000, -0.963308, 0.268397),
      ["RightUpperArm"] = CFrame.new(0.000926, -0.297008, -0.142274, 0.993714, 0.003522, -0.111895, -0.109303, 0.246603, -0.962933, 0.024202, 0.969110, 0.245438),
      ["RightUpperLeg"] = CFrame.new(0.231454, 0.221186, -0.612899, 0.966859, -0.254467, 0.020731, 0.255310, 0.963657, -0.078630, 0.000032, 0.081317, 0.996688),
      ["рҹҢ§пёҸрҹҳірҹ‘»рҹҸіпёҸвҖҚрҹҢҲрҹҳӮрҹ’һрҹҸҙвҖҚвҳ пёҸрҹҺёрҹҢ§пёҸрҹҳірҹ‘»рҹҸіпёҸвҖҚрҹҢҲрҹҳӮрҹ’һрҹҸҙвҖҚвҳ"] = CFrame.new(-0.000000, 0.000000, 0.000000, 0.979179, -0.203000, 0.000000, 0.203000, 0.979179, 0.000000, 0.000000, 0.000000, 1.000000)
    }},
    { Time = 0.133, Data = {
      ["Head"] = CFrame.new(0.000000, 0.000000, 0.000000, 1.000000, -0.000000, 0.000000, 0.000000, 0.971619, 0.236552, -0.000000, -0.236552, 0.971619),
      ["LeftUpperArm"] = CFrame.new(-0.258625, -0.556266, -0.866592, 0.175707, -0.983347, -0.046432, -0.960472, -0.160893, -0.227170, 0.215916, 0.084513, -0.972748),
      ["LeftUpperLeg"] = CFrame.new(-0.265671, 0.241086, -0.643102, 0.966932, 0.254966, -0.005971, -0.255036, 0.966668, -0.022552, 0.000021, 0.023329, 0.999728),
      ["LowerTorso"] = CFrame.new(0.000000, -0.516247, 2.351933, 1.000000, -0.000000, 0.000000, 0.000000, 0.274649, 0.961545, -0.000000, -0.961545, 0.274649),
      ["RightUpperArm"] = CFrame.new(0.001187, -0.297015, -0.153264, 0.993719, 0.004513, -0.111815, -0.109255, 0.255333, -0.960660, 0.024215, 0.966843, 0.254222),
      ["RightUpperLeg"] = CFrame.new(0.232961, 0.215477, -0.612706, 0.966866, -0.254552, 0.019315, 0.255283, 0.964100, -0.073082, -0.000018, 0.075591, 0.997139),
      ["рҹҢ§пёҸрҹҳірҹ‘»рҹҸіпёҸвҖҚрҹҢҲрҹҳӮрҹ’һрҹҸҙвҖҚвҳ пёҸрҹҺёрҹҢ§пёҸрҹҳірҹ‘»рҹҸіпёҸвҖҚрҹҢҲрҹҳӮрҹ’һрҹҸҙвҖҚвҳ"] = CFrame.new(-0.000000, 0.000000, 0.000000, 0.980359, -0.197220, 0.000000, 0.197220, 0.980359, 0.000000, 0.000000, 0.000000, 1.000000)
    }},
    { Time = 0.150, Data = {
      ["Head"] = CFrame.new(0.000000, -0.000000, 0.000000, 1.000000, -0.000000, 0.000000, 0.000000, 0.969674, 0.244402, -0.000000, -0.244402, 0.969674),
      ["LeftUpperArm"] = CFrame.new(-0.258497, -0.560981, -0.861150, 0.175830, -0.982862, -0.055370, -0.960233, -0.158847, -0.229610, 0.216879, 0.093540, -0.971707),
      ["LeftUpperLeg"] = CFrame.new(-0.267324, 0.234819, -0.642600, 0.966934, 0.254991, -0.004304, -0.255028, 0.966794, -0.016415, -0.000024, 0.016970, 0.999856),
      ["LowerTorso"] = CFrame.new(0.000000, -0.515858, 2.350339, 1.000000, -0.000000, 0.000000, 0.000000, 0.281391, 0.959593, -0.000000, -0.959593, 0.281391),
      ["RightUpperArm"] = CFrame.new(0.001478, -0.297045, -0.165361, 0.993717, 0.005619, -0.111779, -0.109268, 0.264841, -0.958082, 0.024220, 0.964276, 0.263791),
      ["RightUpperLeg"] = CFrame.new(0.234618, 0.209203, -0.612544, 0.966874, -0.254642, 0.017650, 0.255253, 0.964553, -0.066956, 0.000026, 0.069244, 0.997600),
      ["рҹҢ§пёҸрҹҳірҹ‘»рҹҸіпёҸвҖҚрҹҢҲрҹҳӮрҹ’һрҹҸҙвҖҚвҳ пёҸрҹҺёрҹҢ§пёҸрҹҳірҹ‘»рҹҸіпёҸвҖҚрҹҢҲрҹҳӮрҹ’һрҹҸҙвҖҚвҳ"] = CFrame.new(-0.000000, 0.000000, 0.000000, 0.981605, -0.190923, 0.000000, 0.190923, 0.981605, 0.000000, 0.000000, 0.000000, 1.000000)
    }},
    { Time = 0.167, Data = {
      ["Head"] = CFrame.new(0.000000, 0.000000, 0.000000, 1.000000, -0.000000, 0.000000, 0.000000, 0.967949, 0.251146, -0.000000, -0.251146, 0.967949),
      ["LeftUpperArm"] = CFrame.new(-0.258336, -0.566061, -0.855275, 0.175969, -0.982246, -0.065025, -0.959976, -0.156607, -0.232209, 0.217903, 0.103284, -0.970490),
      ["LeftUpperLeg"] = CFrame.new(-0.269120, 0.228011, -0.642030, 0.966913, 0.255093, -0.002583, -0.255106, 0.966863, -0.009849, -0.000015, 0.010182, 0.999948),
      ["LowerTorso"] = CFrame.new(0.000000, -0.515491, 2.348543, 1.000000, -0.000000, 0.000000, 0.000000, 0.288720, 0.957414, -0.000000, -0.957414, 0.288720),
      ["RightUpperArm"] = CFrame.new(0.001799, -0.297075, -0.178447, 0.993709, 0.006839, -0.111783, -0.109341, 0.275111, -0.955175, 0.024220, 0.961388, 0.274128),
      ["RightUpperLeg"] = CFrame.new(0.236417, 0.202388, -0.612340, 0.966859, -0.254812, 0.015932, 0.255309, 0.964971, -0.060401, 0.000017, 0.062466, 0.998047),
      ["рҹҢ§пёҸрҹҳірҹ‘»рҹҸіпёҸвҖҚрҹҢҲрҹҳӮрҹ’һрҹҸҙвҖҚвҳ пёҸрҹҺёрҹҢ§пёҸрҹҳірҹ‘»рҹҸіпёҸвҖҚрҹҢҲрҹҳӮрҹ’һрҹҸҙвҖҚвҳ"] = CFrame.new(-0.000000, 0.000000, 0.000000, 0.982922, -0.184025, 0.000000, 0.184025, 0.982922, 0.000000, 0.000000, 0.000000, 1.000000)
    }},
    { Time = 0.183, Data = {
      ["Head"] = CFrame.new(0.000000, -0.000000, 0.000000, 1.000000, -0.000000, 0.000000, 0.000000, 0.966468, 0.256786, -0.000000, -0.256786, 0.966468),
      ["LeftUpperArm"] = CFrame.new(-0.258139, -0.571451, -0.849056, 0.176109, -0.981493, -0.075220, -0.959713, -0.154200, -0.234892, 0.218946, 0.113557, -0.969107),
      ["LeftUpperLeg"] = CFrame.new(-0.271017, 0.220823, -0.641439, 0.966914, 0.255102, -0.000720, -0.255103, 0.966910, -0.002866, -0.000035, 0.002955, 0.999996),
      ["LowerTorso"] = CFrame.new(0.000000, -0.515117, 2.346564, 1.000000, -0.000000, 0.000000, 0.000000, 0.296523, 0.955026, -0.000000, -0.955026, 0.296523),
      ["RightUpperArm"] = CFrame.new(0.002126, -0.297103, -0.192386, 0.993714, 0.008082, -0.111653, -0.109289, 0.286034, -0.951966, 0.024243, 0.958185, 0.285120),
      ["RightUpperLeg"] = CFrame.new(0.238317, 0.195191, -0.612138, 0.966867, -0.254894, 0.014069, 0.255282, 0.965389, -0.053427, 0.000036, 0.055248, 0.998473),
      ["рҹҢ§пёҸрҹҳірҹ‘»рҹҸіпёҸвҖҚрҹҢҲрҹҳӮрҹ’һрҹҸҙвҖҚвҳ пёҸрҹҺёрҹҢ§пёҸрҹҳірҹ‘»рҹҸіпёҸвҖҚрҹҢҲрҹҳӮрҹ’һрҹҸҙвҖҚвҳ"] = CFrame.new(-0.000000, 0.000000, 0.000000, 0.984266, -0.176693, 0.000000, 0.176693, 0.984266, 0.000000, 0.000000, 0.000000, 1.000000)
    }},
    { Time = 0.200, Data = {
      ["Head"] = CFrame.new(0.000000, 0.000000, -0.000000, 1.000000, -0.000000, 0.000000, 0.000000, 0.965273, 0.261243, -0.000000, -0.261243, 0.965273),
      ["LeftUpperArm"] = CFrame.new(-0.257895, -0.577105, -0.842510, 0.176355, -0.980563, -0.085997, -0.959414, -0.151703, -0.237721, 0.220055, 0.124430, -0.967519),
      ["LeftUpperLeg"] = CFrame.new(-0.273004, 0.213288, -0.640797, 0.966914, 0.255101, 0.001188, -0.255104, 0.966903, 0.004459, -0.000011, -0.004615, 0.999989),
      ["LowerTorso"] = CFrame.new(0.000000, -0.514616, 2.344450, 1.000000, -0.000000, 0.000000, 0.000000, 0.304589, 0.952484, -0.000000, -0.952484, 0.304589),
      ["RightUpperArm"] = CFrame.new(0.002478, -0.297159, -0.207021, 0.993713, 0.009420, -0.111562, -0.109304, 0.297379, -0.948482, 0.024241, 0.954713, 0.296539),
      ["RightUpperLeg"] = CFrame.new(0.240309, 0.187648, -0.611898, 0.966873, -0.254969, 0.012151, 0.255258, 0.965777, -0.046024, -0.000001, 0.047601, 0.998866),
      ["рҹҢ§пёҸрҹҳірҹ‘»рҹҸіпёҸвҖҚрҹҢҲрҹҳӮрҹ’һрҹҸҙвҖҚвҳ пёҸрҹҺёрҹҢ§пёҸрҹҳірҹ‘»рҹҸіпёҸвҖҚрҹҢҲрҹҳӮрҹ’һрҹҸҙвҖҚвҳ"] = CFrame.new(-0.000000, 0.000000, 0.000000, 0.985599, -0.169097, 0.000000, 0.169097, 0.985599, 0.000000, 0.000000, 0.000000, 1.000000)
    }},
    { Time = 0.217, Data = {
      ["Head"] = CFrame.new(0.000000, 0.000000, 0.000000, 1.000000, -0.000000, 0.000000, 0.000000, 0.964403, 0.264436, -0.000000, -0.264436, 0.964403),
      ["LeftUpperArm"] = CFrame.new(-0.257614, -0.582938, -0.835763, 0.176575, -0.979489, -0.097070, -0.959109, -0.149057, -0.240609, 0.221205, 0.135586, -0.965756),
      ["LeftUpperLeg"] = CFrame.new(-0.275061, 0.205491, -0.640154, 0.966913, 0.255088, 0.003225, -0.255108, 0.966837, 0.012116, -0.000028, -0.012538, 0.999921),
      ["LowerTorso"] = CFrame.new(0.000000, -0.514176, 2.342158, 1.000000, -0.000000, 0.000000, 0.000000, 0.313013, 0.949749, -0.000000, -0.949749, 0.313013),
      ["RightUpperArm"] = CFrame.new(0.002848, -0.297239, -0.222197, 0.993718, 0.010830, -0.111388, -0.109267, 0.309036, -0.944753, 0.024192, 0.950989, 0.308278),
      ["RightUpperLeg"] = CFrame.new(0.242370, 0.179842, -0.611683, 0.966879, -0.255035, 0.010125, 0.255236, 0.966114, -0.038458, 0.000026, 0.039769, 0.999209),
      ["рҹҢ§пёҸрҹҳірҹ‘»рҹҸіпёҸвҖҚрҹҢҲрҹҳӮрҹ’һрҹҸҙвҖҚвҳ пёҸрҹҺёрҹҢ§пёҸрҹҳірҹ‘»рҹҸіпёҸвҖҚрҹҢҲрҹҳӮрҹ’һрҹҸҙвҖҚвҳ"] = CFrame.new(-0.000000, 0.000000, 0.000000, 0.986930, -0.161152, 0.000000, 0.161152, 0.986930, 0.000000, 0.000000, 0.000000, 1.000000)
    }},
    { Time = 0.233, Data = {
      ["Head"] = CFrame.new(0.000000, -0.000000, 0.000000, 1.000000, -0.000000, 0.000000, 0.000000, 0.963871, 0.266368, -0.000000, -0.266368, 0.963871),
      ["LeftUpperArm"] = CFrame.new(-0.257293, -0.588883, -0.828873, 0.176767, -0.978268, -0.108381, -0.958811, -0.146276, -0.243487, 0.222342, 0.146957, -0.963830),
      ["LeftUpperLeg"] = CFrame.new(-0.277154, 0.197559, -0.639491, 0.966933, 0.254978, 0.005273, -0.255032, 0.966729, 0.019858, -0.000034, -0.020546, 0.999789),
      ["LowerTorso"] = CFrame.new(0.000000, -0.513586, 2.339776, 1.000000, -0.000000, 0.000000, 0.000000, 0.321486, 0.946914, -0.000000, -0.946914, 0.321486),
      ["RightUpperArm"] = CFrame.new(0.003211, -0.297310, -0.237763, 0.993716, 0.012207, -0.111268, -0.109281, 0.320996, -0.940755, 0.024233, 0.947002, 0.320313),
      ["RightUpperLeg"] = CFrame.new(0.244489, 0.171816, -0.611451, 0.966861, -0.255175, 0.008078, 0.255302, 0.966373, -0.030719, 0.000032, 0.031764, 0.999495),
      ["рҹҢ§пёҸрҹҳірҹ‘»рҹҸіпёҸвҖҚрҹҢҲрҹҳӮрҹ’һрҹҸҙвҖҚвҳ пёҸрҹҺёрҹҢ§пёҸрҹҳірҹ‘»рҹҸіпёҸвҖҚрҹҢҲрҹҳӮрҹ’һрҹҸҙвҖҚвҳ"] = CFrame.new(-0.000000, 0.000000, 0.000000, 0.988222, -0.153028, 0.000000, 0.153028, 0.988222, 0.000000, 0.000000, 0.000000, 1.000000)
    }},
    { Time = 0.250, Data = {
      ["Head"] = CFrame.new(0.000000, 0.000000, -0.000000, 1.000000, -0.000000, 0.000000, 0.000000, 0.963686, 0.267039, -0.000000, -0.267039, 0.963686),
      ["LeftUpperArm"] = CFrame.new(-0.256929, -0.594894, -0.821895, 0.177030, -0.976881, -0.119851, -0.958487, -0.143465, -0.246415, 0.223524, 0.158498, -0.961726),
      ["LeftUpperLeg"] = CFrame.new(-0.279281, 0.189494, -0.638815, 0.966929, 0.254939, 0.007332, -0.255045, 0.966533, 0.027684, -0.000029, -0.028639, 0.999590),
      ["LowerTorso"] = CFrame.new(0.000000, -0.513042, 2.337263, 1.000000, -0.000000, 0.000000, 0.000000, 0.330106, 0.943944, -0.000000, -0.943944, 0.330106),
      ["RightUpperArm"] = CFrame.new(0.003586, -0.297418, -0.253533, 0.993720, 0.013636, -0.111064, -0.109248, 0.332950, -0.936594, 0.024207, 0.942846, 0.332349),
      ["RightUpperLeg"] = CFrame.new(0.246621, 0.163742, -0.611211, 0.966865, -0.255218, 0.006018, 0.255289, 0.966594, -0.022894, 0.000026, 0.023672, 0.999720),
      ["рҹҢ§пёҸрҹҳірҹ‘»рҹҸіпёҸвҖҚрҹҢҲрҹҳӮрҹ’һрҹҸҙвҖҚвҳ пёҸрҹҺёрҹҢ§пёҸрҹҳірҹ‘»рҹҸіпёҸвҖҚрҹҢҲрҹҳӮрҹ’һрҹҸҙвҖҚвҳ"] = CFrame.new(-0.000000, 0.000000, 0.000000, 0.989459, -0.144811, 0.000000, 0.144811, 0.989459, 0.000000, 0.000000, 0.000000, 1.000000)
    }},
    { Time = 0.267, Data = {
      ["Head"] = CFrame.new(0.000000, -0.000000, 0.000000, 1.000000, -0.000000, 0.000000, 0.000000, 0.963871, 0.266368, -0.000000, -0.266368, 0.963871),
      ["LeftUpperArm"] = CFrame.new(-0.256532, -0.600916, -0.814951, 0.177354, -0.975365, -0.131179, -0.958149, -0.140692, -0.249313, 0.224715, 0.169906, -0.959497),
      ["LeftUpperLeg"] = CFrame.new(-0.281410, 0.181427, -0.638138, 0.966925, 0.254889, 0.009391, -0.255062, 0.966273, 0.035509, -0.000024, -0.036730, 0.999325),
      ["LowerTorso"] = CFrame.new(0.000000, -0.512444, 2.334683, 1.000000, -0.000000, 0.000000, 0.000000, 0.338672, 0.940905, -0.000000, -0.940905, 0.338672),
      ["RightUpperArm"] = CFrame.new(0.003968, -0.297530, -0.269348, 0.993710, 0.015087, -0.110966, -0.109339, 0.344888, -0.932254, 0.024206, 0.938522, 0.344368),
      ["RightUpperLeg"] = CFrame.new(0.248754, 0.155665, -0.610971, 0.966868, -0.255248, 0.003958, 0.255279, 0.966750, -0.015067, 0.000020, 0.015578, 0.999879),
      ["рҹҢ§пёҸрҹҳірҹ‘»рҹҸіпёҸвҖҚрҹҢҲрҹҳӮрҹ’һрҹҸҙвҖҚвҳ пёҸрҹҺёрҹҢ§пёҸрҹҳірҹ‘»рҹҸіпёҸвҖҚрҹҢҲрҹҳӮрҹ’һрҹҸҙвҖҚвҳ"] = CFrame.new(-0.000000, 0.000000, 0.000000, 0.990640, -0.136500, 0.000000, 0.136500, 0.990640, 0.000000, 0.000000, 0.000000, 1.000000)
    }},
    { Time = 0.283, Data = {
      ["Head"] = CFrame.new(0.000000, 0.000000, 0.000000, 1.000000, -0.000000, 0.000000, 0.000000, 0.964403, 0.264436, -0.000000, -0.264436, 0.964403),
      ["LeftUpperArm"] = CFrame.new(-0.256104, -0.606845, -0.808075, 0.177633, -0.973733, -0.142446, -0.957828, -0.137849, -0.252119, 0.225861, 0.181223, -0.957155),
      ["LeftUpperLeg"] = CFrame.new(-0.283515, 0.173446, -0.637469, 0.966919, 0.254825, 0.011450, -0.255082, 0.965948, 0.043332, -0.000018, -0.044819, 0.998995),
      ["LowerTorso"] = CFrame.new(0.000000, -0.511890, 2.332028, 1.000000, -0.000000, 0.000000, 0.000000, 0.347182, 0.937798, -0.000000, -0.937798, 0.347182),
      ["RightUpperArm"] = CFrame.new(0.004341, -0.297659, -0.285028, 0.993713, 0.016506, -0.110736, -0.109318, 0.356626, -0.927830, 0.024177, 0.934101, 0.356188),
      ["RightUpperLeg"] = CFrame.new(0.250863, 0.147675, -0.610734, 0.966869, -0.255266, 0.001897, 0.255273, 0.966842, -0.007240, 0.000014, 0.007484, 0.999972),
      ["рҹҢ§пёҸрҹҳірҹ‘»рҹҸіпёҸвҖҚрҹҢҲрҹҳӮрҹ’һрҹҸҙвҖҚвҳ пёҸрҹҺёрҹҢ§пёҸрҹҳірҹ‘»рҹҸіпёҸвҖҚрҹҢҲрҹҳӮрҹ’һрҹҸҙвҖҚвҳ"] = CFrame.new(-0.000000, 0.000000, 0.000000, 0.991728, -0.128354, 0.000000, 0.128354, 0.991728, 0.000000, 0.000000, 0.000000, 1.000000)
    }},
    { Time = 0.300, Data = {
      ["Head"] = CFrame.new(0.000000, 0.000000, -0.000000, 1.000000, -0.000000, 0.000000, 0.000000, 0.965273, 0.261243, -0.000000, -0.261243, 0.965273),
      ["LeftUpperArm"] = CFrame.new(-0.255653, -0.612615, -0.801355, 0.177860, -0.972016, -0.153463, -0.957508, -0.134964, -0.254880, 0.227035, 0.192275, -0.954718),
      ["LeftUpperLeg"] = CFrame.new(-0.285574, 0.165640, -0.636789, 0.966913, 0.254753, 0.013390, -0.255105, 0.965572, 0.050907, 0.000040, -0.052639, 0.998614),
      ["LowerTorso"] = CFrame.new(0.000000, -0.511187, 2.329410, 1.000000, -0.000000, 0.000000, 0.000000, 0.355343, 0.934736, -0.000000, -0.934736, 0.355343),
      ["RightUpperArm"] = CFrame.new(0.004678, -0.297795, -0.300402, 0.993715, 0.017788, -0.110517, -0.109281, 0.368069, -0.923354, 0.024253, 0.929628, 0.367700),
      ["RightUpperLeg"] = CFrame.new(0.252927, 0.139859, -0.610518, 0.966869, -0.255271, -0.000130, 0.255271, 0.966869, 0.000331, 0.000041, -0.000354, 1.000000),
      ["рҹҢ§пёҸрҹҳірҹ‘»рҹҸіпёҸвҖҚрҹҢҲрҹҳӮрҹ’һрҹҸҙвҖҚвҳ пёҸрҹҺёрҹҢ§пёҸрҹҳірҹ‘»рҹҸіпёҸвҖҚрҹҢҲрҹҳӮрҹ’һрҹҸҙвҖҚвҳ"] = CFrame.new(-0.000000, 0.000000, 0.000000, 0.992729, -0.120372, 0.000000, 0.120372, 0.992729, 0.000000, 0.000000, 0.000000, 1.000000)
    }},
    { Time = 0.317, Data = {
      ["Head"] = CFrame.new(0.000000, -0.000000, 0.000000, 1.000000, -0.000000, 0.000000, 0.000000, 0.966468, 0.256786, -0.000000, -0.256786, 0.966468),
      ["LeftUpperArm"] = CFrame.new(-0.255184, -0.618207, -0.794878, 0.178148, -0.970233, -0.164049, -0.957210, -0.132232, -0.257418, 0.228063, 0.202888, -0.952273),
      ["LeftUpperLeg"] = CFrame.new(-0.287554, 0.158134, -0.636190, 0.966928, 0.254585, 0.015379, -0.255049, 0.965174, 0.058213, -0.000023, -0.060211, 0.998186),
      ["LowerTorso"] = CFrame.new(0.000000, -0.510633, 2.326753, 1.000000, -0.000000, 0.000000, 0.000000, 0.363355, 0.931651, -0.000000, -0.931651, 0.363355),
      ["RightUpperArm"] = CFrame.new(0.005041, -0.297930, -0.315301, 0.993717, 0.019168, -0.110267, -0.109275, 0.379114, -0.918875, 0.024190, 0.925151, 0.378827),
      ["RightUpperLeg"] = CFrame.new(0.254922, 0.132303, -0.610284, 0.966869, -0.255265, -0.002038, 0.255273, 0.966839, 0.007657, 0.000016, -0.007923, 0.999969),
      ["рҹҢ§пёҸрҹҳірҹ‘»рҹҸіпёҸвҖҚрҹҢҲрҹҳӮрҹ’һрҹҸҙвҖҚвҳ пёҸрҹҺёрҹҢ§пёҸрҹҳірҹ‘»рҹҸіпёҸвҖҚрҹҢҲрҹҳӮрҹ’һрҹҸҙвҖҚвҳ"] = CFrame.new(-0.000000, 0.000000, 0.000000, 0.993635, -0.112643, 0.000000, 0.112643, 0.993635, 0.000000, 0.000000, 0.000000, 1.000000)
    }},
    { Time = 0.333, Data = {
      ["Head"] = CFrame.new(0.000000, 0.000000, 0.000000, 1.000000, -0.000000, 0.000000, 0.000000, 0.967949, 0.251146, -0.000000, -0.251146, 0.967949),
      ["LeftUpperArm"] = CFrame.new(-0.254708, -0.623518, -0.788686, 0.178387, -0.968416, -0.174209, -0.956924, -0.129526, -0.259846, 0.229074, 0.213058, -0.949806),
      ["LeftUpperLeg"] = CFrame.new(-0.289455, 0.150929, -0.635599, 0.966920, 0.254495, 0.017240, -0.255079, 0.964720, 0.065186, -0.000042, -0.067427, 0.997724),
      ["LowerTorso"] = CFrame.new(0.000000, -0.509934, 2.324210, 1.000000, -0.000000, 0.000000, 0.000000, 0.370833, 0.928699, -0.000000, -0.928699, 0.370833),
      ["RightUpperArm"] = CFrame.new(0.005363, -0.298101, -0.329540, 0.993719, 0.020389, -0.110035, -0.109258, 0.389496, -0.914525, 0.024212, 0.920803, 0.389277),
      ["RightUpperLeg"] = CFrame.new(0.256826, 0.125090, -0.610082, 0.966868, -0.255249, -0.003902, 0.255279, 0.966757, 0.014639, 0.000036, -0.015150, 0.999885),
      ["рҹҢ§пёҸрҹҳірҹ‘»рҹҸіпёҸвҖҚрҹҢҲрҹҳӮрҹ’һрҹҸҙвҖҚвҳ пёҸрҹҺёрҹҢ§пёҸрҹҳірҹ‘»рҹҸіпёҸвҖҚрҹҢҲрҹҳӮрҹ’һрҹҸҙвҖҚвҳ"] = CFrame.new(-0.000000, 0.000000, 0.000000, 0.994436, -0.105339, 0.000000, 0.105339, 0.994436, 0.000000, 0.000000, 0.000000, 1.000000)
    }},
    { Time = 0.350, Data = {
      ["Head"] = CFrame.new(0.000000, -0.000000, 0.000000, 1.000000, -0.000000, 0.000000, 0.000000, 0.969674, 0.244402, -0.000000, -0.244402, 0.969674),
      ["LeftUpperArm"] = CFrame.new(-0.254233, -0.628529, -0.782873, 0.178686, -0.966607, -0.183689, -0.956628, -0.127022, -0.262162, 0.230075, 0.222566, -0.947381),
      ["LeftUpperLeg"] = CFrame.new(-0.291244, 0.144146, -0.635028, 0.966912, 0.254403, 0.018960, -0.255109, 0.964247, 0.071739, -0.000031, -0.074202, 0.997243),
      ["LowerTorso"] = CFrame.new(0.000000, -0.509383, 2.321709, 1.000000, -0.000000, 0.000000, 0.000000, 0.377978, 0.925814, -0.000000, -0.925814, 0.377978),
      ["RightUpperArm"] = CFrame.new(0.005675, -0.298248, -0.342983, 0.993720, 0.021578, -0.109799, -0.109251, 0.399317, -0.910280, 0.024203, 0.916559, 0.399167),
      ["RightUpperLeg"] = CFrame.new(0.258619, 0.118299, -0.609872, 0.966865, -0.255224, -0.005636, 0.255287, 0.966631, 0.021290, 0.000014, -0.022023, 0.999757),
      ["рҹҢ§пёҸрҹҳірҹ‘»рҹҸіпёҸвҖҚрҹҢҲрҹҳӮрҹ’һрҹҸҙвҖҚвҳ пёҸрҹҺёрҹҢ§пёҸрҹҳірҹ‘»рҹҸіпёҸвҖҚрҹҢҲрҹҳӮрҹ’һрҹҸҙвҖҚвҳ"] = CFrame.new(-0.000000, 0.000000, 0.000000, 0.995149, -0.098374, 0.000000, 0.098374, 0.995149, 0.000000, 0.000000, 0.000000, 1.000000)
    }},
    { Time = 0.367, Data = {
      ["Head"] = CFrame.new(0.000000, 0.000000, 0.000000, 1.000000, -0.000000, 0.000000, 0.000000, 0.971619, 0.236552, -0.000000, -0.236552, 0.971619),
      ["LeftUpperArm"] = CFrame.new(-0.253769, -0.633158, -0.777482, 0.178946, -0.964841, -0.192512, -0.956367, -0.124650, -0.264244, 0.230957, 0.231397, -0.945047),
      ["LeftUpperLeg"] = CFrame.new(-0.292892, 0.137902, -0.634485, 0.966927, 0.254226, 0.020535, -0.255054, 0.963786, 0.077875, 0.000006, -0.080537, 0.996752),
      ["LowerTorso"] = CFrame.new(0.000000, -0.508782, 2.319373, 1.000000, -0.000000, 0.000000, 0.000000, 0.384508, 0.923122, -0.000000, -0.923122, 0.384508),
      ["RightUpperArm"] = CFrame.new(0.005962, -0.298414, -0.355457, 0.993713, 0.022670, -0.109636, -0.109304, 0.408309, -0.906276, 0.024220, 0.912562, 0.408220),
      ["RightUpperLeg"] = CFrame.new(0.260281, 0.112005, -0.609673, 0.966863, -0.255194, -0.007206, 0.255296, 0.966476, 0.027352, -0.000016, -0.028285, 0.999600),
      ["рҹҢ§пёҸрҹҳірҹ‘»рҹҸіпёҸвҖҚрҹҢҲрҹҳӮрҹ’һрҹҸҙвҖҚвҳ пёҸрҹҺёрҹҢ§пёҸрҹҳірҹ‘»рҹҸіпёҸвҖҚрҹҢҲрҹҳӮрҹ’һрҹҸҙвҖҚвҳ"] = CFrame.new(-0.000000, 0.000000, 0.000000, 0.995766, -0.091922, 0.000000, 0.091922, 0.995766, 0.000000, 0.000000, 0.000000, 1.000000)
    }},
    { Time = 0.383, Data = {
      ["Head"] = CFrame.new(0.000000, 0.000000, -0.000000, 1.000000, -0.000000, 0.000000, 0.000000, 0.973717, 0.227760, -0.000000, -0.227760, 0.973717),
      ["LeftUpperArm"] = CFrame.new(-0.253329, -0.637398, -0.772602, 0.179277, -0.963167, -0.200424, -0.956120, -0.122594, -0.266095, 0.231723, 0.239334, -0.942881),
      ["LeftUpperLeg"] = CFrame.new(-0.294401, 0.132180, -0.634026, 0.966918, 0.254132, 0.022036, -0.255086, 0.963314, 0.083410, -0.000030, -0.086272, 0.996272),
      ["LowerTorso"] = CFrame.new(0.000000, -0.508217, 2.317207, 1.000000, -0.000000, 0.000000, 0.000000, 0.390432, 0.920632, -0.000000, -0.920632, 0.390432),
      ["RightUpperArm"] = CFrame.new(0.006218, -0.298564, -0.366831, 0.993714, 0.023642, -0.109428, -0.109297, 0.416495, -0.902544, 0.024238, 0.908831, 0.416460),
      ["RightUpperLeg"] = CFrame.new(0.261794, 0.106277, -0.609524, 0.966860, -0.255159, -0.008709, 0.255308, 0.966300, 0.032900, 0.000021, -0.034033, 0.999421),
      ["рҹҢ§пёҸрҹҳірҹ‘»рҹҸіпёҸвҖҚрҹҢҲрҹҳӮрҹ’һрҹҸҙвҖҚвҳ пёҸрҹҺёрҹҢ§пёҸрҹҳірҹ‘»рҹҸіпёҸвҖҚрҹҢҲрҹҳӮрҹ’һрҹҸҙвҖҚвҳ"] = CFrame.new(-0.000000, 0.000000, 0.000000, 0.996289, -0.086069, 0.000000, 0.086069, 0.996289, 0.000000, 0.000000, 0.000000, 1.000000)
    }},
    { Time = 0.400, Data = {
      ["Head"] = CFrame.new(0.000000, -0.000000, 0.000000, 1.000000, -0.000000, 0.000000, 0.000000, 0.975944, 0.218021, -0.000000, -0.218021, 0.975944),
      ["LeftUpperArm"] = CFrame.new(-0.252925, -0.641132, -0.768254, 0.179467, -0.961628, -0.207514, -0.955906, -0.120619, -0.267759, 0.232454, 0.246418, -0.940874),
      ["LeftUpperLeg"] = CFrame.new(-0.295733, 0.127130, -0.633575, 0.966934, 0.253963, 0.023283, -0.255028, 0.962887, 0.088369, 0.000023, -0.091385, 0.995816),
      ["LowerTorso"] = CFrame.new(0.000000, -0.507672, 2.315260, 1.000000, -0.000000, 0.000000, 0.000000, 0.395663, 0.918396, -0.000000, -0.918396, 0.395663),
      ["RightUpperArm"] = CFrame.new(0.006460, -0.298694, -0.376976, 0.993714, 0.024561, -0.109225, -0.109304, 0.423791, -0.899140, 0.024204, 0.905427, 0.423812),
      ["RightUpperLeg"] = CFrame.new(0.263129, 0.101221, -0.609347, 0.966879, -0.255040, -0.009962, 0.255235, 0.966137, 0.037870, -0.000034, -0.039159, 0.999233),
      ["рҹҢ§пёҸрҹҳірҹ‘»рҹҸіпёҸвҖҚрҹҢҲрҹҳӮрҹ’һрҹҸҙвҖҚвҳ пёҸрҹҺёрҹҢ§пёҸрҹҳірҹ‘»рҹҸіпёҸвҖҚрҹҢҲрҹҳӮрҹ’һрҹҸҙвҖҚвҳ"] = CFrame.new(-0.000000, 0.000000, 0.000000, 0.996729, -0.080818, 0.000000, 0.080818, 0.996729, 0.000000, 0.000000, 0.000000, 1.000000)
    }},
    { Time = 0.417, Data = {
      ["Head"] = CFrame.new(0.000000, 0.000000, -0.000000, 1.000000, -0.000000, 0.000000, 0.000000, 0.978235, 0.207502, -0.000000, -0.207502, 0.978235),
      ["LeftUpperArm"] = CFrame.new(-0.252564, -0.644355, -0.764492, 0.179632, -0.960254, -0.213648, -0.955707, -0.118877, -0.269245, 0.233146, 0.252550, -0.939075),
      ["LeftUpperLeg"] = CFrame.new(-0.296896, 0.122721, -0.633229, 0.966926, 0.253882, 0.024435, -0.255055, 0.962486, 0.092558, -0.000020, -0.095729, 0.995407),
      ["LowerTorso"] = CFrame.new(0.000000, -0.507316, 2.313496, 1.000000, -0.000000, 0.000000, 0.000000, 0.400304, 0.916382, -0.000000, -0.916382, 0.400304),
      ["RightUpperArm"] = CFrame.new(0.006653, -0.298825, -0.385762, 0.993713, 0.025298, -0.109058, -0.109300, 0.430037, -0.896170, 0.024228, 0.902457, 0.430099),
      ["RightUpperLeg"] = CFrame.new(0.264294, 0.096808, -0.609234, 0.966876, -0.255004, -0.011127, 0.255247, 0.965957, 0.042156, -0.000001, -0.043599, 0.999049),
      ["рҹҢ§пёҸрҹҳірҹ‘»рҹҸіпёҸвҖҚрҹҢҲрҹҳӮрҹ’һрҹҸҙвҖҚвҳ пёҸрҹҺёрҹҢ§пёҸрҹҳірҹ‘»рҹҸіпёҸвҖҚрҹҢҲрҹҳӮрҹ’һрҹҸҙвҖҚвҳ"] = CFrame.new(-0.000000, -0.000000, 0.000000, 0.997088, -0.076253, 0.000000, 0.076253, 0.997088, 0.000000, 0.000000, 0.000000, 1.000000)
    }},
    { Time = 0.433, Data = {
      ["Head"] = CFrame.new(0.000000, 0.000000, 0.000000, 1.000000, -0.000000, 0.000000, 0.000000, 0.980547, 0.196284, -0.000000, -0.196284, 0.980547),
      ["LeftUpperArm"] = CFrame.new(-0.252253, -0.647047, -0.761354, 0.179778, -0.959070, -0.218781, -0.955563, -0.117442, -0.270382, 0.233621, 0.257668, -0.937565),
      ["LeftUpperLeg"] = CFrame.new(-0.297866, 0.119048, -0.632897, 0.966921, 0.253814, 0.025338, -0.255076, 0.962127, 0.096170, 0.000031, -0.099452, 0.995042),
      ["LowerTorso"] = CFrame.new(0.000000, -0.506925, 2.312046, 1.000000, -0.000000, 0.000000, 0.000000, 0.404080, 0.914724, -0.000000, -0.914724, 0.404080),
      ["RightUpperArm"] = CFrame.new(0.006831, -0.298934, -0.393097, 0.993713, 0.025971, -0.108902, -0.109311, 0.435243, -0.893652, 0.024189, 0.899938, 0.435346),
      ["RightUpperLeg"] = CFrame.new(0.265266, 0.093127, -0.609150, 0.966873, -0.254971, -0.012107, 0.255258, 0.965793, 0.045682, 0.000045, -0.047259, 0.998883),
      ["рҹҢ§пёҸрҹҳірҹ‘»рҹҸіпёҸвҖҚрҹҢҲрҹҳӮрҹ’һрҹҸҙвҖҚвҳ пёҸрҹҺёрҹҢ§пёҸрҹҳірҹ‘»рҹҸіпёҸвҖҚрҹҢҲрҹҳӮрҹ’һрҹҸҙвҖҚвҳ"] = CFrame.new(-0.000000, 0.000000, 0.000000, 0.997365, -0.072549, 0.000000, 0.072549, 0.997365, 0.000000, 0.000000, 0.000000, 1.000000)
    }},
    { Time = 0.450, Data = {
      ["Head"] = CFrame.new(0.000000, 0.000000, 0.000000, 1.000000, -0.000000, 0.000000, 0.000000, 0.982826, 0.184536, -0.000000, -0.184536, 0.982826),
      ["LeftUpperArm"] = CFrame.new(-0.252008, -0.649176, -0.758902, 0.179909, -0.958138, -0.222722, -0.955428, -0.116327, -0.271339, 0.234072, 0.261611, -0.936360),
      ["LeftUpperLeg"] = CFrame.new(-0.298631, 0.116145, -0.632686, 0.966915, 0.253755, 0.026131, -0.255097, 0.961841, 0.098928, -0.000030, -0.102321, 0.994751),
      ["LowerTorso"] = CFrame.new(0.000000, -0.506554, 2.310915, 1.000000, -0.000000, 0.000000, 0.000000, 0.406997, 0.913429, -0.000000, -0.913429, 0.406997),
      ["RightUpperArm"] = CFrame.new(0.006959, -0.299024, -0.398892, 0.993713, 0.026458, -0.108787, -0.109311, 0.439339, -0.891646, 0.024203, 0.897932, 0.439469),
      ["RightUpperLeg"] = CFrame.new(0.266033, 0.090223, -0.609047, 0.966871, -0.254944, -0.012827, 0.255267, 0.965651, 0.048545, 0.000010, -0.050211, 0.998739),
      ["рҹҢ§пёҸрҹҳірҹ‘»рҹҸіпёҸвҖҚрҹҢҲрҹҳӮрҹ’һрҹҸҙвҖҚвҳ пёҸрҹҺёрҹҢ§пёҸрҹҳірҹ‘»рҹҸіпёҸвҖҚрҹҢҲрҹҳӮрҹ’һрҹҸҙвҖҚвҳ"] = CFrame.new(-0.000000, 0.000000, 0.000000, 0.997580, -0.069533, 0.000000, 0.069533, 0.997580, 0.000000, 0.000000, 0.000000, 1.000000)
    }},
    { Time = 0.467, Data = {
      ["Head"] = CFrame.new(0.000000, 0.000000, 0.000000, 1.000000, -0.000000, 0.000000, 0.000000, 0.985037, 0.172341, -0.000000, -0.172341, 0.985037),
      ["LeftUpperArm"] = CFrame.new(-0.251821, -0.650719, -0.757107, 0.180031, -0.957426, -0.225665, -0.955348, -0.115541, -0.271956, 0.234304, 0.264549, -0.935476),
      ["LeftUpperLeg"] = CFrame.new(-0.299184, 0.114050, -0.632506, 0.966912, 0.253714, 0.026653, -0.255110, 0.961629, 0.100941, -0.000020, -0.104401, 0.994535),
      ["LowerTorso"] = CFrame.new(0.000000, -0.506340, 2.310069, 1.000000, -0.000000, 0.000000, 0.000000, 0.409158, 0.912464, -0.000000, -0.912464, 0.409158),
      ["RightUpperArm"] = CFrame.new(0.007036, -0.299103, -0.403074, 0.993713, 0.026754, -0.108716, -0.109299, 0.442245, -0.890210, 0.024262, 0.896495, 0.442388),
      ["RightUpperLeg"] = CFrame.new(0.266586, 0.088126, -0.608980, 0.966869, -0.254924, -0.013350, 0.255273, 0.965546, 0.050564, -0.000000, -0.052297, 0.998632),
      ["рҹҢ§пёҸрҹҳірҹ‘»рҹҸіпёҸвҖҚрҹҢҲрҹҳӮрҹ’һрҹҸҙвҖҚвҳ пёҸрҹҺёрҹҢ§пёҸрҹҳірҹ‘»рҹҸіпёҸвҖҚрҹҢҲрҹҳӮрҹ’һрҹҸҙвҖҚвҳ"] = CFrame.new(-0.000000, 0.000000, 0.000000, 0.997727, -0.067379, 0.000000, 0.067379, 0.997727, 0.000000, 0.000000, 0.000000, 1.000000)
    }},
    { Time = 0.483, Data = {
      ["Head"] = CFrame.new(0.000000, -0.000000, 0.000000, 1.000000, -0.000000, 0.000000, 0.000000, 0.987152, 0.159784, -0.000000, -0.159784, 0.987152),
      ["LeftUpperArm"] = CFrame.new(-0.251706, -0.651658, -0.756024, 0.180148, -0.956989, -0.227419, -0.955276, -0.115093, -0.272399, 0.234509, 0.266320, -0.934922),
      ["LeftUpperLeg"] = CFrame.new(-0.299507, 0.112825, -0.632405, 0.966932, 0.253603, 0.026985, -0.255035, 0.961516, 0.102199, -0.000028, -0.105702, 0.994398),
      ["LowerTorso"] = CFrame.new(0.000000, -0.506217, 2.309551, 1.000000, -0.000000, 0.000000, 0.000000, 0.410471, 0.911874, -0.000000, -0.911874, 0.410471),
      ["RightUpperArm"] = CFrame.new(0.007097, -0.299136, -0.405611, 0.993713, 0.026984, -0.108661, -0.109302, 0.444054, -0.889308, 0.024255, 0.895593, 0.444212),
      ["RightUpperLeg"] = CFrame.new(0.266921, 0.086858, -0.608945, 0.966868, -0.254910, -0.013687, 0.255277, 0.965478, 0.051825, 0.000004, -0.053602, 0.998562),
      ["рҹҢ§пёҸрҹҳірҹ‘»рҹҸіпёҸвҖҚрҹҢҲрҹҳӮрҹ’һрҹҸҙвҖҚвҳ пёҸрҹҺёрҹҢ§пёҸрҹҳірҹ‘»рҹҸіпёҸвҖҚрҹҢҲрҹҳӮрҹ’һрҹҸҙвҖҚвҳ"] = CFrame.new(-0.000000, 0.000000, 0.000000, 0.997814, -0.066087, 0.000000, 0.066087, 0.997814, 0.000000, 0.000000, 0.000000, 1.000000)
    }},
    { Time = 0.500, Data = {
      ["Head"] = CFrame.new(0.000000, -0.000000, 0.000000, 1.000000, -0.000000, 0.000000, 0.000000, 0.989118, 0.147122, -0.000000, -0.147122, 0.989118),
      ["LeftUpperArm"] = CFrame.new(-0.251669, -0.651963, -0.755663, 0.180149, -0.956848, -0.228008, -0.955258, -0.114905, -0.272542, 0.234582, 0.266905, -0.934737),
      ["LeftUpperLeg"] = CFrame.new(-0.299619, 0.112402, -0.632342, 0.966932, 0.253598, 0.027040, -0.255035, 0.961470, 0.102625, 0.000027, -0.106128, 0.994353),
      ["LowerTorso"] = CFrame.new(0.000000, -0.506205, 2.309363, 1.000000, -0.000000, 0.000000, 0.000000, 0.410939, 0.911663, -0.000000, -0.911663, 0.410939),
      ["RightUpperArm"] = CFrame.new(0.007137, -0.299165, -0.406451, 0.993712, 0.027135, -0.108624, -0.109323, 0.444592, -0.889037, 0.024169, 0.895322, 0.444763),
      ["RightUpperLeg"] = CFrame.new(0.267033, 0.086433, -0.608954, 0.966867, -0.254906, -0.013817, 0.255280, 0.965460, 0.052156, 0.000045, -0.053955, 0.998543),
      ["рҹҢ§пёҸрҹҳірҹ‘»рҹҸіпёҸвҖҚрҹҢҲрҹҳӮрҹ’һрҹҸҙвҖҚвҳ пёҸрҹҺёрҹҢ§пёҸрҹҳірҹ‘»рҹҸіпёҸвҖҚрҹҢҲрҹҳӮрҹ’һрҹҸҙвҖҚвҳ"] = CFrame.new(-0.000000, 0.000000, 0.000000, 0.997842, -0.065656, 0.000000, 0.065656, 0.997842, 0.000000, 0.000000, 0.000000, 1.000000)
    }},
    { Time = 0.517, Data = {
      ["Head"] = CFrame.new(0.000000, 0.000000, 0.000000, 1.000000, -0.000000, 0.000000, 0.000000, 0.990921, 0.134442, -0.000000, -0.134442, 0.990921),
      ["LeftUpperArm"] = CFrame.new(-0.251707, -0.651658, -0.756024, 0.180148, -0.956989, -0.227419, -0.955276, -0.115093, -0.272399, 0.234509, 0.266320, -0.934922),
      ["LeftUpperLeg"] = CFrame.new(-0.299507, 0.112825, -0.632405, 0.966932, 0.253603, 0.026985, -0.255035, 0.961516, 0.102199, -0.000028, -0.105702, 0.994398),
      ["LowerTorso"] = CFrame.new(0.000000, -0.506217, 2.309551, 1.000000, -0.000000, 0.000000, 0.000000, 0.410471, 0.911874, -0.000000, -0.911874, 0.410471),
      ["RightUpperArm"] = CFrame.new(0.007097, -0.299136, -0.405610, 0.993713, 0.026984, -0.108661, -0.109302, 0.444054, -0.889308, 0.024255, 0.895593, 0.444212),
      ["RightUpperLeg"] = CFrame.new(0.266921, 0.086858, -0.608946, 0.966868, -0.254910, -0.013687, 0.255277, 0.965478, 0.051825, 0.000004, -0.053602, 0.998562),
      ["рҹҢ§пёҸрҹҳірҹ‘»рҹҸіпёҸвҖҚрҹҢҲрҹҳӮрҹ’һрҹҸҙвҖҚвҳ пёҸрҹҺёрҹҢ§пёҸрҹҳірҹ‘»рҹҸіпёҸвҖҚрҹҢҲрҹҳӮрҹ’һрҹҸҙвҖҚвҳ"] = CFrame.new(-0.000000, 0.000000, 0.000000, 0.997814, -0.066087, 0.000000, 0.066087, 0.997814, 0.000000, 0.000000, 0.000000, 1.000000)
    }},
