return {
  ["Astro on the knees 4"] = {
    { Time = 0.000, Data = {
      ["Cock"] = CFrame.new(0.000000, -0.000000, 0.000000, 0.982665, -0.185388, 0.000000, 0.185388, 0.982665, 0.000000, 0.000000, 0.000000, 1.000000),
      ["Head"] = CFrame.new(0.000000, -0.000000, 0.000000, 1.000000, -0.000000, 0.000000, 0.000000, 0.971947, 0.235201, -0.000000, -0.235201, 0.971947),
      ["LeftUpperArm"] = CFrame.new(0.072530, -0.837641, -0.429953, 0.276304, -0.959827, 0.048860, 0.125077, -0.014494, -0.992041, 0.952897, 0.280216, 0.116048),
      ["LeftUpperLeg"] = CFrame.new(-0.002451, -0.513593, -0.431050, 0.994324, 0.106149, 0.007163, -0.006247, -0.008962, 0.999940, 0.106207, -0.994310, -0.008248),
      ["LowerTorso"] = CFrame.new(0.000000, -1.195983, -1.979433, -1.000000, 0.000000, 0.000000, 0.000000, 1.000000, 0.000000, 0.000000, 0.000000, -1.000000),
      ["RightUpperArm"] = CFrame.new(0.426867, -0.875362, -0.155668, 0.593710, 0.794692, -0.126386, -0.129704, -0.060500, -0.989705, -0.794157, 0.603990, 0.067155),
      ["RightUpperLeg"] = CFrame.new(0.006115, -0.527628, -0.410634, 0.988546, -0.146751, -0.035229, 0.034277, -0.009010, 0.999372, -0.146976, -0.989132, -0.003877)
    }},
    { Time = 0.017, Data = {
      ["Cock"] = CFrame.new(0.000000, -0.000000, 0.000000, 0.982569, -0.185899, 0.000000, 0.185899, 0.982569, 0.000000, 0.000000, 0.000000, 1.000000),
      ["Head"] = CFrame.new(0.000000, -0.000000, 0.000000, 1.000000, -0.000000, 0.000000, 0.000000, 0.973420, 0.229029, -0.000000, -0.229029, 0.973420),
      ["LeftUpperArm"] = CFrame.new(0.072500, -0.837783, -0.429434, 0.276145, -0.959873, 0.048865, 0.125256, -0.014467, -0.992019, 0.952919, 0.280061, 0.116235),
      ["LeftUpperLeg"] = CFrame.new(-0.002451, -0.513469, -0.430048, 0.994324, 0.106148, 0.007176, -0.006234, -0.009204, 0.999938, 0.106207, -0.994308, -0.008491),
      ["LowerTorso"] = CFrame.new(0.000000, -1.195983, -1.978531, -1.000000, -0.000000, -0.000777, 0.000000, 1.000000, -0.000345, 0.000777, -0.000345, -1.000000),
      ["RightUpperArm"] = CFrame.new(0.426841, -0.875352, -0.155041, 0.593520, 0.794827, -0.126426, -0.129976, -0.060363, -0.989678, -0.794254, 0.603826, 0.067481),
      ["RightUpperLeg"] = CFrame.new(0.006111, -0.527531, -0.409662, 0.988553, -0.146686, -0.035308, 0.034320, -0.009260, 0.999368, -0.146920, -0.989140, -0.004120)
    }},
    { Time = 0.033, Data = {
      ["Cock"] = CFrame.new(0.000000, -0.000000, 0.000000, 0.982245, -0.187603, 0.000000, 0.187603, 0.982245, 0.000000, 0.000000, 0.000000, 1.000000),
      ["Head"] = CFrame.new(0.000000, 0.000000, 0.000000, 1.000000, -0.000000, 0.000000, 0.000000, 0.974833, 0.222935, -0.000000, -0.222935, 0.974833),
      ["LeftUpperArm"] = CFrame.new(0.072420, -0.838139, -0.427847, 0.275825, -0.959975, 0.048663, 0.125823, -0.014131, -0.991952, 0.952937, 0.279728, 0.116889),
      ["LeftUpperLeg"] = CFrame.new(-0.002457, -0.513124, -0.427025, 0.994318, 0.106205, 0.007282, -0.006249, -0.010054, 0.999930, 0.106271, -0.994293, -0.009333),
      ["LowerTorso"] = CFrame.new(0.000001, -1.195983, -1.975923, -1.000000, -0.000001, -0.000777, 0.000001, 0.999999, -0.001295, 0.000777, -0.001295, -0.999999),
      ["RightUpperArm"] = CFrame.new(0.426772, -0.875337, -0.153183, 0.592889, 0.795268, -0.126613, -0.130827, -0.060016, -0.989587, -0.794586, 0.603280, 0.068460),
      ["RightUpperLeg"] = CFrame.new(0.006109, -0.527151, -0.406664, 0.988553, -0.146673, -0.035362, 0.034266, -0.009988, 0.999363, -0.146933, -0.989135, -0.004847)
    }},
    { Time = 0.050, Data = {
      ["Cock"] = CFrame.new(0.000000, -0.000000, 0.000000, 0.981704, -0.190413, 0.000000, 0.190413, 0.981704, 0.000000, 0.000000, 0.000000, 1.000000),
      ["Head"] = CFrame.new(0.000000, -0.000000, 0.000000, 1.000000, -0.000000, 0.000000, 0.000000, 0.976171, 0.217004, -0.000000, -0.217004, 0.976171),
      ["LeftUpperArm"] = CFrame.new(0.072286, -0.838727, -0.425230, 0.275266, -0.960153, 0.048326, 0.126798, -0.013569, -0.991836, 0.952969, 0.279147, 0.118011),
      ["LeftUpperLeg"] = CFrame.new(-0.002458, -0.512538, -0.422103, 0.994324, 0.106140, 0.007407, -0.006246, -0.011273, 0.999917, 0.106214, -0.994287, -0.010546),
      ["LowerTorso"] = CFrame.new(0.000001, -1.195979, -1.971626, -1.000000, -0.000001, -0.000777, 0.000001, 0.999996, -0.002849, 0.000777, -0.002849, -0.999996),
      ["RightUpperArm"] = CFrame.new(0.426651, -0.875317, -0.150101, 0.591859, 0.795975, -0.126992, -0.132325, -0.059462, -0.989421, -0.795105, 0.602403, 0.070134),
      ["RightUpperLeg"] = CFrame.new(0.006107, -0.526584, -0.401703, 0.988549, -0.146651, -0.035572, 0.034299, -0.011207, 0.999349, -0.146954, -0.989125, -0.006048)
    }},
    { Time = 0.067, Data = {
      ["Cock"] = CFrame.new(0.000000, -0.000000, 0.000000, 0.980937, -0.194328, 0.000000, 0.194328, 0.980937, 0.000000, 0.000000, 0.000000, 1.000000),
      ["Head"] = CFrame.new(0.000000, 0.000000, 0.000000, 1.000000, -0.000000, 0.000000, 0.000000, 0.977435, 0.211237, -0.000000, -0.211237, 0.977435),
      ["LeftUpperArm"] = CFrame.new(0.072100, -0.839563, -0.421611, 0.274467, -0.960402, 0.047926, 0.128111, -0.012874, -0.991676, 0.953024, 0.278322, 0.119504),
      ["LeftUpperLeg"] = CFrame.new(-0.002464, -0.511746, -0.415247, 0.994323, 0.106133, 0.007620, -0.006277, -0.012975, 0.999896, 0.106221, -0.994267, -0.012235),
      ["LowerTorso"] = CFrame.new(0.000002, -1.195970, -1.965579, -1.000000, -0.000002, -0.000777, 0.000002, 0.999987, -0.005093, 0.000777, -0.005093, -0.999987),
      ["RightUpperArm"] = CFrame.new(0.426480, -0.875304, -0.145833, 0.590447, 0.796941, -0.127502, -0.134311, -0.058751, -0.989196, -0.795822, 0.601193, 0.072349),
      ["RightUpperLeg"] = CFrame.new(0.006098, -0.525743, -0.394865, 0.988555, -0.146559, -0.035758, 0.034234, -0.012910, 0.999330, -0.146923, -0.989118, -0.007745)
    }},
    { Time = 0.083, Data = {
      ["Cock"] = CFrame.new(0.000000, -0.000000, 0.000000, 0.979947, -0.199261, 0.000000, 0.199261, 0.979947, 0.000000, 0.000000, 0.000000, 1.000000),
      ["Head"] = CFrame.new(0.000000, 0.000000, -0.000000, 1.000000, -0.000000, 0.000000, 0.000000, 0.978611, 0.205719, -0.000000, -0.205719, 0.978611),
      ["LeftUpperArm"] = CFrame.new(0.071873, -0.840615, -0.416995, 0.273574, -0.960682, 0.047418, 0.129814, -0.011970, -0.991466, 0.953051, 0.277394, 0.121435),
      ["LeftUpperLeg"] = CFrame.new(-0.002472, -0.510725, -0.406560, 0.994322, 0.106123, 0.007857, -0.006283, -0.015161, 0.999866, 0.106228, -0.994238, -0.014408),
      ["LowerTorso"] = CFrame.new(0.000003, -1.195952, -1.958000, -1.000000, -0.000003, -0.000777, 0.000003, 0.999969, -0.007855, 0.000777, -0.007855, -0.999969),
      ["RightUpperArm"] = CFrame.new(0.426266, -0.875286, -0.140429, 0.588631, 0.798172, -0.128201, -0.136943, -0.057842, -0.988889, -0.796719, 0.599647, 0.075256),
      ["RightUpperLeg"] = CFrame.new(0.006090, -0.524730, -0.386194, 0.988558, -0.146458, -0.036101, 0.034256, -0.015102, 0.999299, -0.146901, -0.989102, -0.009912)
    }},
    { Time = 0.100, Data = {
      ["Cock"] = CFrame.new(0.000000, -0.000000, 0.000000, 0.978736, -0.205124, 0.000000, 0.205124, 0.978736, 0.000000, 0.000000, 0.000000, 1.000000),
      ["Head"] = CFrame.new(0.000000, -0.000000, -0.000000, 1.000000, -0.000000, 0.000000, 0.000000, 0.979686, 0.200536, -0.000000, -0.200536, 0.979686),
      ["LeftUpperArm"] = CFrame.new(0.071591, -0.841891, -0.411493, 0.272372, -0.961052, 0.046817, 0.131780, -0.010939, -0.991219, 0.953125, 0.276150, 0.123668),
      ["LeftUpperLeg"] = CFrame.new(-0.002480, -0.509490, -0.396140, 0.994321, 0.106112, 0.008114, -0.006270, -0.017706, 0.999824, 0.106237, -0.994197, -0.016940),
      ["LowerTorso"] = CFrame.new(0.000004, -1.195920, -1.948859, -1.000000, -0.000004, -0.000777, 0.000004, 0.999937, -0.011222, 0.000777, -0.011222, -0.999937),
      ["RightUpperArm"] = CFrame.new(0.426006, -0.875229, -0.133941, 0.586488, 0.799634, -0.128907, -0.140078, -0.056617, -0.988520, -0.797753, 0.597812, 0.078806),
      ["RightUpperLeg"] = CFrame.new(0.006086, -0.523530, -0.375755, 0.988549, -0.146410, -0.036531, 0.034312, -0.017654, 0.999255, -0.146946, -0.989067, -0.012428)
    }},
    { Time = 0.117, Data = {
      ["Cock"] = CFrame.new(0.000000, 0.000000, 0.000000, 0.977270, -0.212000, 0.000000, 0.212000, 0.977270, 0.000000, 0.000000, 0.000000, 1.000000),
      ["Head"] = CFrame.new(0.000000, 0.000000, -0.000000, 1.000000, -0.000000, 0.000000, 0.000000, 0.980666, 0.195689, -0.000000, -0.195689, 0.980666),
      ["LeftUpperArm"] = CFrame.new(0.071273, -0.843331, -0.405116, 0.271075, -0.961457, 0.046037, 0.134205, -0.009610, -0.990907, 0.953157, 0.274788, 0.126427),
      ["LeftUpperLeg"] = CFrame.new(-0.002491, -0.508051, -0.384099, 0.994320, 0.106099, 0.008397, -0.006231, -0.020730, 0.999766, 0.106248, -0.994139, -0.019952),
      ["LowerTorso"] = CFrame.new(0.000006, -1.195869, -1.938298, -1.000000, -0.000006, -0.000777, 0.000006, 0.999886, -0.015106, 0.000777, -0.015106, -0.999886),
      ["RightUpperArm"] = CFrame.new(0.425701, -0.875188, -0.126445, 0.584015, 0.801310, -0.129727, -0.143608, -0.055300, -0.988088, -0.798939, 0.595688, 0.082779),
      ["RightUpperLeg"] = CFrame.new(0.006075, -0.522091, -0.363723, 0.988552, -0.146292, -0.036936, 0.034272, -0.020685, 0.999198, -0.146939, -0.989025, -0.015435)
    }},
    { Time = 0.133, Data = {
      ["Cock"] = CFrame.new(-0.000000, -0.000000, 0.000000, 0.975583, -0.219631, 0.000000, 0.219631, 0.975583, 0.000000, 0.000000, 0.000000, 1.000000),
      ["Head"] = CFrame.new(0.000000, 0.000000, 0.000000, 1.000000, -0.000000, 0.000000, 0.000000, 0.981539, 0.191264, -0.000000, -0.191264, 0.981539),
      ["LeftUpperArm"] = CFrame.new(0.070911, -0.844986, -0.397967, 0.269548, -0.961924, 0.045233, 0.136733, -0.008265, -0.990574, 0.953230, 0.273192, 0.129298),
      ["LeftUpperLeg"] = CFrame.new(-0.002503, -0.506488, -0.370569, 0.994318, 0.106081, 0.008820, -0.006295, -0.024118, 0.999689, 0.106261, -0.994065, -0.023313),
      ["LowerTorso"] = CFrame.new(0.000008, -1.195795, -1.926484, -1.000000, -0.000008, -0.000777, 0.000008, 0.999811, -0.019422, 0.000777, -0.019422, -0.999811),
      ["RightUpperArm"] = CFrame.new(0.425361, -0.875152, -0.118032, 0.581188, 0.803203, -0.130716, -0.147689, -0.053854, -0.987567, -0.800256, 0.593267, 0.087324),
      ["RightUpperLeg"] = CFrame.new(0.006065, -0.520524, -0.350200, 0.988550, -0.146165, -0.037487, 0.034328, -0.024080, 0.999121, -0.146939, -0.988967, -0.018787)
    }},
    { Time = 0.150, Data = {
      ["Cock"] = CFrame.new(0.000000, 0.000000, 0.000000, 0.973658, -0.228014, 0.000000, 0.228014, 0.973658, 0.000000, 0.000000, 0.000000, 1.000000),
      ["Head"] = CFrame.new(0.000000, -0.000000, 0.000000, 1.000000, -0.000000, 0.000000, 0.000000, 0.982294, 0.187347, -0.000000, -0.187347, 0.982294),
      ["LeftUpperArm"] = CFrame.new(0.070512, -0.846810, -0.390117, 0.267843, -0.962439, 0.044392, 0.139666, -0.006803, -0.990175, 0.953285, 0.271412, 0.132598),
      ["LeftUpperLeg"] = CFrame.new(-0.002512, -0.504730, -0.355730, 0.994323, 0.106002, 0.009194, -0.006286, -0.027740, 0.999596, 0.106214, -0.993979, -0.026917),
      ["LowerTorso"] = CFrame.new(0.000009, -1.195691, -1.913494, -1.000000, -0.000009, -0.000777, 0.000009, 0.999708, -0.024168, 0.000777, -0.024168, -0.999708),
      ["RightUpperArm"] = CFrame.new(0.424985, -0.875113, -0.108787, 0.578085, 0.805271, -0.131747, -0.152125, -0.052268, -0.986978, -0.801671, 0.590599, 0.092286),
      ["RightUpperLeg"] = CFrame.new(0.006048, -0.518760, -0.335366, 0.988559, -0.145972, -0.037995, 0.034306, -0.027709, 0.999027, -0.146883, -0.988901, -0.022385)
    }},
    { Time = 0.167, Data = {
      ["Cock"] = CFrame.new(0.000000, 0.000000, 0.000000, 0.971495, -0.237059, 0.000000, 0.237059, 0.971495, 0.000000, 0.000000, 0.000000, 1.000000),
      ["Head"] = CFrame.new(0.000000, -0.000000, 0.000000, 1.000000, -0.000000, 0.000000, 0.000000, 0.982922, 0.184025, -0.000000, -0.184025, 0.982922),
      ["LeftUpperArm"] = CFrame.new(0.070092, -0.848740, -0.381620, 0.266135, -0.962961, 0.043340, 0.142806, -0.005078, -0.989738, 0.953299, 0.269593, 0.136165),
      ["LeftUpperLeg"] = CFrame.new(-0.002526, -0.502852, -0.339683, 0.994322, 0.105979, 0.009655, -0.006312, -0.031835, 0.999473, 0.106230, -0.993859, -0.030986),
      ["LowerTorso"] = CFrame.new(0.000011, -1.195553, -1.899418, -1.000000, -0.000011, -0.000777, 0.000011, 0.999569, -0.029346, 0.000777, -0.029346, -0.999569),
      ["RightUpperArm"] = CFrame.new(0.424581, -0.875069, -0.098821, 0.574702, 0.807513, -0.132817, -0.156915, -0.050551, -0.986318, -0.803178, 0.587680, 0.097659),
      ["RightUpperLeg"] = CFrame.new(0.006036, -0.516874, -0.319321, 0.988557, -0.145830, -0.038589, 0.034318, -0.031691, 0.998908, -0.146894, -0.988802, -0.026324)
    }},
    { Time = 0.183, Data = {
      ["Cock"] = CFrame.new(0.000000, -0.000000, 0.000000, 0.969119, -0.246595, 0.000000, 0.246595, 0.969119, 0.000000, 0.000000, 0.000000, 1.000000),
      ["Head"] = CFrame.new(0.000000, 0.000000, -0.000000, 1.000000, -0.000000, 0.000000, 0.000000, 0.983460, 0.181127, -0.000000, -0.181127, 0.983460),
      ["LeftUpperArm"] = CFrame.new(0.069643, -0.850817, -0.372606, 0.264261, -0.963523, 0.042291, 0.146118, -0.003345, -0.989262, 0.953318, 0.267603, 0.139904),
      ["LeftUpperLeg"] = CFrame.new(-0.002537, -0.500822, -0.322665, 0.994327, 0.105894, 0.010060, -0.006272, -0.036042, 0.999331, 0.106186, -0.993724, -0.035173),
      ["LowerTorso"] = CFrame.new(0.000014, -1.195378, -1.884533, -1.000000, -0.000014, -0.000777, 0.000014, 0.999395, -0.034783, 0.000777, -0.034783, -0.999395),
      ["RightUpperArm"] = CFrame.new(0.424139, -0.875029, -0.088223, 0.571145, 0.809845, -0.133958, -0.162034, -0.048751, -0.985580, -0.804697, 0.584615, 0.103379),
      ["RightUpperLeg"] = CFrame.new(0.006024, -0.514858, -0.302271, 0.988554, -0.145680, -0.039209, 0.034305, -0.036025, 0.998762, -0.146913, -0.988676, -0.030615)
    }},
    { Time = 0.200, Data = {
      ["Cock"] = CFrame.new(0.000000, 0.000000, 0.000000, 0.966513, -0.256618, 0.000000, 0.256618, 0.966513, 0.000000, 0.000000, 0.000000, 1.000000),
      ["Head"] = CFrame.new(0.000000, -0.000000, -0.000000, 1.000000, -0.000000, 0.000000, 0.000000, 0.983865, 0.178910, -0.000000, -0.178910, 0.983865),
      ["LeftUpperArm"] = CFrame.new(0.069169, -0.853013, -0.363182, 0.262221, -0.964126, 0.041244, 0.149602, -0.001608, -0.988745, 0.953341, 0.265440, 0.143814),
      ["LeftUpperLeg"] = CFrame.new(-0.002553, -0.498721, -0.304801, 0.994325, 0.105867, 0.010539, -0.006280, -0.040478, 0.999161, 0.106204, -0.993556, -0.039583),
      ["LowerTorso"] = CFrame.new(0.000016, -1.195160, -1.868850, -1.000000, -0.000016, -0.000777, 0.000016, 0.999177, -0.040563, 0.000777, -0.040563, -0.999177),
      ["RightUpperArm"] = CFrame.new(0.423670, -0.874973, -0.077120, 0.567432, 0.812269, -0.135055, -0.167380, -0.046811, -0.984781, -0.806229, 0.581401, 0.109396),
      ["RightUpperLeg"] = CFrame.new(0.006010, -0.512741, -0.284407, 0.988552, -0.145526, -0.039836, 0.034283, -0.040467, 0.998592, -0.146933, -0.988526, -0.035015)
    }},
    { Time = 0.217, Data = {
      ["Cock"] = CFrame.new(0.000000, 0.000000, 0.000000, 0.963732, -0.266872, 0.000000, 0.266872, 0.963732, 0.000000, 0.000000, 0.000000, 1.000000),
      ["Head"] = CFrame.new(0.000000, 0.000000, 0.000000, 1.000000, -0.000000, 0.000000, 0.000000, 0.984159, 0.177290, -0.000000, -0.177290, 0.984159),
      ["LeftUpperArm"] = CFrame.new(0.068690, -0.855237, -0.353405, 0.260257, -0.964711, 0.039983, 0.153202, 0.000374, -0.988195, 0.953308, 0.263310, 0.147893),
      ["LeftUpperLeg"] = CFrame.new(-0.002569, -0.496540, -0.286318, 0.994322, 0.105836, 0.011030, -0.006276, -0.045142, 0.998961, 0.106224, -0.993358, -0.044221),
      ["LowerTorso"] = CFrame.new(0.000018, -1.194901, -1.852653, -1.000000, -0.000018, -0.000777, 0.000018, 0.998918, -0.046515, 0.000777, -0.046515, -0.998917),
      ["RightUpperArm"] = CFrame.new(0.423195, -0.874943, -0.065657, 0.563492, 0.814812, -0.136229, -0.172931, -0.044908, -0.983910, -0.807819, 0.577984, 0.115601),
      ["RightUpperLeg"] = CFrame.new(0.005993, -0.510579, -0.265952, 0.988556, -0.145306, -0.040530, 0.034316, -0.045026, 0.998396, -0.146897, -0.988362, -0.039524)
    }},
    { Time = 0.233, Data = {
      ["Cock"] = CFrame.new(0.000000, 0.000000, 0.000000, 0.960744, -0.277438, 0.000000, 0.277438, 0.960744, 0.000000, 0.000000, 0.000000, 1.000000),
      ["Head"] = CFrame.new(0.000000, -0.000000, 0.000000, 1.000000, -0.000000, 0.000000, 0.000000, 0.984327, 0.176351, -0.000000, -0.176351, 0.984327),
      ["LeftUpperArm"] = CFrame.new(0.068193, -0.857546, -0.343436, 0.258126, -0.965332, 0.038796, 0.156903, 0.002264, -0.987611, 0.953285, 0.261015, 0.152048),
      ["LeftUpperLeg"] = CFrame.new(-0.002585, -0.494310, -0.267419, 0.994320, 0.105804, 0.011520, -0.006273, -0.049795, 0.998740, 0.106244, -0.993139, -0.048848),
      ["LowerTorso"] = CFrame.new(0.000021, -1.194602, -1.836139, -1.000000, -0.000020, -0.000777, 0.000020, 0.998618, -0.052552, 0.000777, -0.052552, -0.998618),
      ["RightUpperArm"] = CFrame.new(0.422703, -0.874927, -0.053939, 0.559457, 0.817392, -0.137399, -0.178562, -0.043020, -0.982988, -0.809397, 0.574474, 0.121887),
      ["RightUpperLeg"] = CFrame.new(0.005979, -0.508333, -0.247049, 0.988554, -0.145142, -0.041172, 0.034278, -0.049685, 0.998177, -0.146923, -0.988163, -0.044141)
    }},
    { Time = 0.250, Data = {
      ["Cock"] = CFrame.new(0.000000, 0.000000, 0.000000, 0.957612, -0.288062, 0.000000, 0.288062, 0.957612, 0.000000, 0.000000, 0.000000, 1.000000),
      ["Head"] = CFrame.new(0.000000, 0.000000, 0.000000, 1.000000, -0.000000, 0.000000, 0.000000, 0.984388, 0.176010, -0.000000, -0.176010, 0.984388),
      ["LeftUpperArm"] = CFrame.new(0.067693, -0.859892, -0.333356, 0.255988, -0.965948, 0.037606, 0.160598, 0.004134, -0.987011, 0.953246, 0.258703, 0.156188),
      ["LeftUpperLeg"] = CFrame.new(-0.002602, -0.492053, -0.248310, 0.994318, 0.105770, 0.012016, -0.006263, -0.054555, 0.998491, 0.106266, -0.992893, -0.053582),
      ["LowerTorso"] = CFrame.new(0.000023, -1.194260, -1.819426, -1.000000, -0.000023, -0.000777, 0.000023, 0.998277, -0.058674, 0.000777, -0.058674, -0.998277),
      ["RightUpperArm"] = CFrame.new(0.422200, -0.874903, -0.042091, 0.555392, 0.819974, -0.138500, -0.184236, -0.041082, -0.982023, -0.810923, 0.570924, 0.128252),
      ["RightUpperLeg"] = CFrame.new(0.005962, -0.506089, -0.227966, 0.988558, -0.144912, -0.041881, 0.034295, -0.054459, 0.997927, -0.146893, -0.987945, -0.048866)
    }},
    { Time = 0.267, Data = {
      ["Cock"] = CFrame.new(0.000000, 0.000000, 0.000000, 0.954386, -0.298577, 0.000000, 0.298577, 0.954386, 0.000000, 0.000000, 0.000000, 1.000000),
      ["Head"] = CFrame.new(0.000000, -0.000000, 0.000000, 1.000000, -0.000000, 0.000000, 0.000000, 0.984327, 0.176351, -0.000000, -0.176351, 0.984327),
      ["LeftUpperArm"] = CFrame.new(0.067199, -0.862199, -0.323264, 0.253928, -0.966543, 0.036274, 0.164338, 0.006156, -0.986385, 0.953160, 0.256432, 0.160403),
      ["LeftUpperLeg"] = CFrame.new(-0.002618, -0.489796, -0.229200, 0.994316, 0.105734, 0.012511, -0.006254, -0.059302, 0.998220, 0.106287, -0.992625, -0.058304),
      ["LowerTorso"] = CFrame.new(0.000025, -1.193882, -1.802713, -1.000000, -0.000025, -0.000776, 0.000025, 0.997899, -0.064794, 0.000776, -0.064794, -0.997898),
      ["RightUpperArm"] = CFrame.new(0.421695, -0.874884, -0.030254, 0.551274, 0.822555, -0.139641, -0.190055, -0.039164, -0.980992, -0.812389, 0.567335, 0.134741),
      ["RightUpperLeg"] = CFrame.new(0.005948, -0.503814, -0.208854, 0.988555, -0.144743, -0.042529, 0.034251, -0.059214, 0.997658, -0.146922, -0.987696, -0.053578)
    }},
    { Time = 0.283, Data = {
      ["Cock"] = CFrame.new(0.000000, 0.000000, 0.000000, 0.951068, -0.308980, 0.000000, 0.308980, 0.951068, 0.000000, 0.000000, 0.000000, 1.000000),
      ["Head"] = CFrame.new(0.000000, 0.000000, 0.000000, 1.000000, -0.000000, 0.000000, 0.000000, 0.984159, 0.177290, -0.000000, -0.177290, 0.984159),
      ["LeftUpperArm"] = CFrame.new(0.066707, -0.864525, -0.313310, 0.251780, -0.967148, 0.035082, 0.168022, 0.007985, -0.985751, 0.953087, 0.254087, 0.164512),
      ["LeftUpperLeg"] = CFrame.new(-0.002628, -0.487565, -0.210360, 0.994326, 0.105574, 0.013002, -0.006249, -0.064045, 0.997927, 0.106188, -0.992347, -0.063022),
      ["LowerTorso"] = CFrame.new(0.000028, -1.193472, -1.786205, -1.000000, -0.000028, -0.000776, 0.000028, 0.997489, -0.070826, 0.000776, -0.070826, -0.997488),
      ["RightUpperArm"] = CFrame.new(0.421192, -0.874866, -0.018550, 0.547218, 0.825089, -0.140645, -0.195674, -0.037269, -0.979961, -0.813796, 0.563772, 0.141054),
      ["RightUpperLeg"] = CFrame.new(0.005931, -0.501596, -0.189979, 0.988559, -0.144508, -0.043235, 0.034270, -0.063963, 0.997364, -0.146893, -0.987434, -0.058279)
    }},
    { Time = 0.300, Data = {
      ["Cock"] = CFrame.new(0.000000, 0.000000, 0.000000, 0.947690, -0.319191, 0.000000, 0.319191, 0.947690, 0.000000, 0.000000, 0.000000, 1.000000),
      ["Head"] = CFrame.new(0.000000, -0.000000, -0.000000, 1.000000, -0.000000, 0.000000, 0.000000, 0.983865, 0.178910, -0.000000, -0.178910, 0.983865),
      ["LeftUpperArm"] = CFrame.new(0.066238, -0.866775, -0.303534, 0.249858, -0.967691, 0.033846, 0.171664, 0.009868, -0.985106, 0.952944, 0.251947, 0.168584),
      ["LeftUpperLeg"] = CFrame.new(-0.002644, -0.485386, -0.191876, 0.994324, 0.105536, 0.013489, -0.006248, -0.068651, 0.997621, 0.106211, -0.992043, -0.067602),
      ["LowerTorso"] = CFrame.new(0.000030, -1.193032, -1.770015, -1.000000, -0.000030, -0.000776, 0.000030, 0.997049, -0.076770, 0.000776, -0.076770, -0.997048),
      ["RightUpperArm"] = CFrame.new(0.420698, -0.874888, -0.007115, 0.543202, 0.827562, -0.141679, -0.201138, -0.035567, -0.978917, -0.815154, 0.560246, 0.147134),
      ["RightUpperLeg"] = CFrame.new(0.005917, -0.499400, -0.171492, 0.988556, -0.144337, -0.043871, 0.034236, -0.068576, 0.997058, -0.146921, -0.987150, -0.062850)
    }},
    { Time = 0.317, Data = {
      ["Cock"] = CFrame.new(0.000000, 0.000000, 0.000000, 0.944344, -0.328960, 0.000000, 0.328960, 0.944344, 0.000000, 0.000000, 0.000000, 1.000000),
      ["Head"] = CFrame.new(0.000000, 0.000000, -0.000000, 1.000000, -0.000000, 0.000000, 0.000000, 0.983444, 0.181212, -0.000000, -0.181212, 0.983444),
      ["LeftUpperArm"] = CFrame.new(0.065778, -0.868984, -0.294120, 0.247864, -0.968242, 0.032719, 0.175093, 0.011555, -0.984484, 0.952841, 0.249747, 0.172396),
      ["LeftUpperLeg"] = CFrame.new(-0.002660, -0.483286, -0.174011, 0.994322, 0.105497, 0.013964, -0.006259, -0.073011, 0.997312, 0.106233, -0.991736, -0.071936),
      ["LowerTorso"] = CFrame.new(0.000032, -1.192578, -1.754431, -1.000000, -0.000032, -0.000776, 0.000032, 0.996595, -0.082454, 0.000776, -0.082454, -0.996595),
      ["RightUpperArm"] = CFrame.new(0.420211, -0.874899, 0.003944, 0.539342, 0.829913, -0.142670, -0.206534, -0.033881, -0.977853, -0.816366, 0.556863, 0.153132),
      ["RightUpperLeg"] = CFrame.new(0.005901, -0.497318, -0.153655, 0.988559, -0.144106, -0.044548, 0.034283, -0.072950, 0.996746, -0.146887, -0.986870, -0.067175)
    }},
    { Time = 0.333, Data = {
      ["Cock"] = CFrame.new(0.000000, 0.000000, 0.000000, 0.941072, -0.338207, 0.000000, 0.338207, 0.941072, 0.000000, 0.000000, 0.000000, 1.000000),
      ["Head"] = CFrame.new(0.000000, -0.000000, 0.000000, 1.000000, -0.000000, 0.000000, 0.000000, 0.982922, 0.184025, -0.000000, -0.184025, 0.982922),
      ["LeftUpperArm"] = CFrame.new(0.065339, -0.871079, -0.285144, 0.245949, -0.968768, 0.031590, 0.178429, 0.013217, -0.983864, 0.952718, 0.247617, 0.176107),
      ["LeftUpperLeg"] = CFrame.new(-0.002675, -0.481282, -0.156959, 0.994319, 0.105457, 0.014437, -0.006271, -0.077361, 0.996983, 0.106255, -0.991410, -0.076260),
      ["LowerTorso"] = CFrame.new(0.000034, -1.192107, -1.739469, -1.000000, -0.000034, -0.000776, 0.000034, 0.996124, -0.087963, 0.000776, -0.087963, -0.996124),
      ["RightUpperArm"] = CFrame.new(0.419750, -0.874901, 0.014483, 0.535620, 0.832174, -0.143516, -0.211644, -0.032239, -0.976815, -0.817507, 0.553576, 0.158857),
      ["RightUpperLeg"] = CFrame.new(0.005889, -0.495305, -0.136603, 0.988556, -0.143938, -0.045156, 0.034277, -0.077189, 0.996427, -0.146910, -0.986572, -0.071372)
    }},
    { Time = 0.350, Data = {
      ["Cock"] = CFrame.new(0.000000, 0.000000, 0.000000, 0.937889, -0.346937, 0.000000, 0.346937, 0.937889, 0.000000, 0.000000, 0.000000, 1.000000),
      ["Head"] = CFrame.new(0.000000, -0.000000, 0.000000, 1.000000, -0.000000, 0.000000, 0.000000, 0.982294, 0.187347, -0.000000, -0.187347, 0.982294),
      ["LeftUpperArm"] = CFrame.new(0.064930, -0.873056, -0.276684, 0.244195, -0.969245, 0.030527, 0.181517, 0.014763, -0.983277, 0.952586, 0.245653, 0.179540),
      ["LeftUpperLeg"] = CFrame.new(-0.002686, -0.479377, -0.140940, 0.994324, 0.105359, 0.014829, -0.006244, -0.081351, 0.996666, 0.106214, -0.991101, -0.080231),
      ["LowerTorso"] = CFrame.new(0.000036, -1.191646, -1.725495, -1.000000, -0.000036, -0.000776, 0.000036, 0.995662, -0.093040, 0.000776, -0.093040, -0.995662),
      ["RightUpperArm"] = CFrame.new(0.419315, -0.874914, 0.024395, 0.532086, 0.834299, -0.144321, -0.216479, -0.030737, -0.975803, -0.818548, 0.550454, 0.164253),
      ["RightUpperLeg"] = CFrame.new(0.005878, -0.493420, -0.120554, 0.988553, -0.143775, -0.045746, 0.034288, -0.081185, 0.996109, -0.146929, -0.986275, -0.075326)
    }},
    { Time = 0.367, Data = {
      ["Cock"] = CFrame.new(0.000000, 0.000000, 0.000000, 0.934871, -0.354987, 0.000000, 0.354987, 0.934871, 0.000000, 0.000000, 0.000000, 1.000000),
      ["Head"] = CFrame.new(0.000000, 0.000000, 0.000000, 1.000000, -0.000000, 0.000000, 0.000000, 0.981539, 0.191264, -0.000000, -0.191264, 0.981539),
      ["LeftUpperArm"] = CFrame.new(0.064558, -0.874864, -0.268824, 0.242670, -0.969661, 0.029491, 0.184497, 0.016285, -0.982698, 0.952403, 0.243912, 0.182852),
      ["LeftUpperLeg"] = CFrame.new(-0.002699, -0.477649, -0.126067, 0.994321, 0.105322, 0.015264, -0.006294, -0.084981, 0.996363, 0.106236, -0.990800, -0.083836),
      ["LowerTorso"] = CFrame.new(0.000038, -1.191184, -1.712435, -1.000000, -0.000038, -0.000776, 0.000038, 0.995200, -0.097858, 0.000776, -0.097858, -0.995200),
      ["RightUpperArm"] = CFrame.new(0.418898, -0.874921, 0.033596, 0.528884, 0.836213, -0.145013, -0.220919, -0.029330, -0.974851, -0.819437, 0.547620, 0.169223),
      ["RightUpperLeg"] = CFrame.new(0.005868, -0.491682, -0.105684, 0.988549, -0.143615, -0.046319, 0.034318, -0.084939, 0.995795, -0.146945, -0.985982, -0.079038)
    }},
    { Time = 0.383, Data = {
      ["Cock"] = CFrame.new(0.000000, 0.000000, 0.000000, 0.932069, -0.362281, 0.000000, 0.362281, 0.932069, 0.000000, 0.000000, 0.000000, 1.000000),
      ["Head"] = CFrame.new(0.000000, -0.000000, 0.000000, 1.000000, -0.000000, 0.000000, 0.000000, 0.980666, 0.195689, -0.000000, -0.195689, 0.980666),
      ["LeftUpperArm"] = CFrame.new(0.064213, -0.876524, -0.261704, 0.241158, -0.970065, 0.028564, 0.187180, 0.017613, -0.982168, 0.952264, 0.242205, 0.185824),
      ["LeftUpperLeg"] = CFrame.new(-0.002711, -0.476025, -0.112535, 0.994320, 0.105290, 0.015565, -0.006235, -0.088366, 0.996068, 0.106252, -0.990508, -0.087208),
      ["LowerTorso"] = CFrame.new(0.000040, -1.190752, -1.700636, -1.000000, -0.000040, -0.000776, 0.000040, 0.994768, -0.102158, 0.000776, -0.102158, -0.994768),
      ["RightUpperArm"] = CFrame.new(0.418527, -0.874936, 0.041949, 0.525904, 0.837987, -0.145613, -0.224934, -0.028077, -0.973969, -0.820262, 0.544968, 0.173726),
      ["RightUpperLeg"] = CFrame.new(0.005856, -0.490058, -0.092159, 0.988551, -0.143470, -0.046735, 0.034261, -0.088215, 0.995512, -0.146949, -0.985715, -0.082289)
    }},
    { Time = 0.400, Data = {
      ["Cock"] = CFrame.new(0.000000, 0.000000, 0.000000, 0.929532, -0.368741, 0.000000, 0.368741, 0.929532, 0.000000, 0.000000, 0.000000, 1.000000),
      ["Head"] = CFrame.new(0.000000, -0.000000, -0.000000, 1.000000, -0.000000, 0.000000, 0.000000, 0.979686, 0.200536, -0.000000, -0.200536, 0.979686),
      ["LeftUpperArm"] = CFrame.new(0.063907, -0.878038, -0.255365, 0.239811, -0.970420, 0.027842, 0.189480, 0.018658, -0.981707, 0.952149, 0.240700, 0.188350),
      ["LeftUpperLeg"] = CFrame.new(-0.002718, -0.474620, -0.100522, 0.994324, 0.105198, 0.015899, -0.006265, -0.091286, 0.995805, 0.106208, -0.990253, -0.090109),
      ["LowerTorso"] = CFrame.new(0.000041, -1.190347, -1.690092, -1.000000, -0.000041, -0.000776, 0.000041, 0.994363, -0.106026, 0.000776, -0.106026, -0.994363),
      ["RightUpperArm"] = CFrame.new(0.418189, -0.874978, 0.049387, 0.523240, 0.839539, -0.146271, -0.228602, -0.027073, -0.973143, -0.820951, 0.542625, 0.177755),
      ["RightUpperLeg"] = CFrame.new(0.005842, -0.488651, -0.080152, 0.988558, -0.143266, -0.047192, 0.034285, -0.091257, 0.995237, -0.146890, -0.985468, -0.085301)
    }},
    { Time = 0.417, Data = {
      ["Cock"] = CFrame.new(0.000000, 0.000000, 0.000000, 0.927278, -0.374373, 0.000000, 0.374373, 0.927278, 0.000000, 0.000000, 0.000000, 1.000000),
      ["Head"] = CFrame.new(0.000000, 0.000000, -0.000000, 1.000000, -0.000000, 0.000000, 0.000000, 0.978611, 0.205719, -0.000000, -0.205719, 0.978611),
      ["LeftUpperArm"] = CFrame.new(0.063646, -0.879293, -0.249870, 0.238711, -0.970714, 0.027048, 0.191586, 0.019771, -0.981277, 0.952004, 0.239424, 0.190694),
      ["LeftUpperLeg"] = CFrame.new(-0.002727, -0.473381, -0.090099, 0.994323, 0.105171, 0.016162, -0.006244, -0.093963, 0.995556, 0.106222, -0.990005, -0.092773),
      ["LowerTorso"] = CFrame.new(0.000129, -1.189993, -1.681050, -1.000000, -0.000129, -0.000771, -0.000044, 0.994010, -0.109292, 0.000780, -0.109292, -0.994009),
      ["RightUpperArm"] = CFrame.new(0.417905, -0.875005, 0.055809, 0.520902, 0.840912, -0.146722, -0.231664, -0.026167, -0.972444, -0.821579, 0.540538, 0.181178),
      ["RightUpperLeg"] = CFrame.new(0.005833, -0.487420, -0.069741, 0.988560, -0.143136, -0.047556, 0.034281, -0.093825, 0.994998, -0.146882, -0.985246, -0.087844)
    }},
    { Time = 0.433, Data = {
      ["Cock"] = CFrame.new(0.000000, 0.000000, 0.000000, 0.925390, -0.379017, 0.000000, 0.379017, 0.925390, 0.000000, 0.000000, 0.000000, 1.000000),
      ["Head"] = CFrame.new(0.000000, 0.000000, 0.000000, 1.000000, -0.000000, 0.000000, 0.000000, 0.977435, 0.211237, -0.000000, -0.211237, 0.977435),
      ["LeftUpperArm"] = CFrame.new(0.063424, -0.880387, -0.245307, 0.237710, -0.970975, 0.026501, 0.193173, 0.020519, -0.980950, 0.951934, 0.238301, 0.192444),
      ["LeftUpperLeg"] = CFrame.new(-0.002735, -0.472362, -0.081410, 0.994321, 0.105148, 0.016394, -0.006254, -0.096057, 0.995356, 0.106235, -0.989807, -0.094854),
      ["LowerTorso"] = CFrame.new(0.000130, -1.189677, -1.673398, -1.000000, -0.000130, -0.000771, -0.000043, 0.993694, -0.112128, 0.000781, -0.112128, -0.993694),
      ["RightUpperArm"] = CFrame.new(0.417654, -0.875011, 0.061183, 0.519032, 0.842001, -0.147106, -0.234314, -0.025351, -0.971830, -0.822011, 0.538880, 0.184135),
      ["RightUpperLeg"] = CFrame.new(0.005829, -0.486375, -0.061036, 0.988555, -0.143077, -0.047837, 0.034239, -0.096034, 0.994789, -0.146925, -0.985041, -0.090036)
    }},
    { Time = 0.450, Data = {
      ["Cock"] = CFrame.new(0.000000, 0.000000, 0.000000, 0.923882, -0.382679, 0.000000, 0.382679, 0.923882, 0.000000, 0.000000, 0.000000, 1.000000),
      ["Head"] = CFrame.new(0.000000, -0.000000, 0.000000, 1.000000, -0.000000, 0.000000, 0.000000, 0.976171, 0.217004, -0.000000, -0.217004, 0.976171),
      ["LeftUpperArm"] = CFrame.new(0.063256, -0.881212, -0.241683, 0.237025, -0.971156, 0.025981, 0.194569, 0.021252, -0.980659, 0.951820, 0.237496, 0.193994),
      ["LeftUpperLeg"] = CFrame.new(-0.002741, -0.471568, -0.074551, 0.994320, 0.105128, 0.016608, -0.006282, -0.097800, 0.995186, 0.106246, -0.989638, -0.096584),
      ["LowerTorso"] = CFrame.new(0.000131, -1.189433, -1.667450, -1.000000, -0.000131, -0.000771, -0.000042, 0.993449, -0.114275, 0.000781, -0.114275, -0.993449),
      ["RightUpperArm"] = CFrame.new(0.417467, -0.875019, 0.065406, 0.517497, 0.842904, -0.147342, -0.236307, -0.024718, -0.971364, -0.822409, 0.537496, 0.186393),
      ["RightUpperLeg"] = CFrame.new(0.005823, -0.485599, -0.054195, 0.988556, -0.142968, -0.048134, 0.034304, -0.097669, 0.994628, -0.146901, -0.984896, -0.091647)
    }},
    { Time = 0.467, Data = {
      ["Cock"] = CFrame.new(0.000000, 0.000000, 0.000000, 0.922766, -0.385361, 0.000000, 0.385361, 0.922766, 0.000000, 0.000000, 0.000000, 1.000000),
      ["Head"] = CFrame.new(0.000000, 0.000000, 0.000000, 1.000000, -0.000000, 0.000000, 0.000000, 0.974833, 0.222935, -0.000000, -0.222935, 0.974833),
      ["LeftUpperArm"] = CFrame.new(0.063128, -0.881827, -0.239087, 0.236441, -0.971308, 0.025638, 0.195517, 0.021714, -0.980460, 0.951771, 0.236833, 0.195041),
      ["LeftUpperLeg"] = CFrame.new(-0.002745, -0.470954, -0.069599, 0.994320, 0.105118, 0.016670, -0.006220, -0.098958, 0.995072, 0.106250, -0.989524, -0.097742),
      ["LowerTorso"] = CFrame.new(0.000131, -1.189253, -1.663159, -1.000000, -0.000131, -0.000771, -0.000041, 0.993270, -0.115821, 0.000781, -0.115821, -0.993270),
      ["RightUpperArm"] = CFrame.new(0.417321, -0.875025, 0.068472, 0.516436, 0.843514, -0.147572, -0.237838, -0.024262, -0.971002, -0.822634, 0.536558, 0.188090),
      ["RightUpperLeg"] = CFrame.new(0.005821, -0.485029, -0.049231, 0.988551, -0.142931, -0.048347, 0.034331, -0.098948, 0.994500, -0.146929, -0.984774, -0.092909)
    }},
    { Time = 0.483, Data = {
      ["Cock"] = CFrame.new(0.000000, 0.000000, 0.000000, 0.922120, -0.386904, 0.000000, 0.386904, 0.922120, 0.000000, 0.000000, 0.000000, 1.000000),
      ["Head"] = CFrame.new(0.000000, -0.000000, 0.000000, 1.000000, -0.000000, 0.000000, 0.000000, 0.973420, 0.229029, -0.000000, -0.229029, 0.973420),
      ["LeftUpperArm"] = CFrame.new(0.063057, -0.882198, -0.237495, 0.236173, -0.971377, 0.025463, 0.196138, 0.021990, -0.980330, 0.951710, 0.236521, 0.195717),
      ["LeftUpperLeg"] = CFrame.new(-0.002748, -0.470640, -0.066603, 0.994319, 0.105105, 0.016834, -0.006299, -0.099774, 0.994990, 0.106258, -0.989443, -0.098545),
      ["LowerTorso"] = CFrame.new(0.000132, -1.189143, -1.660554, -1.000000, -0.000132, -0.000771, -0.000041, 0.993159, -0.116766, 0.000781, -0.116766, -0.993159),
      ["RightUpperArm"] = CFrame.new(0.417236, -0.875053, 0.070318, 0.515760, 0.843895, -0.147760, -0.238723, -0.024079, -0.970789, -0.822802, 0.535968, 0.189038),
      ["RightUpperLeg"] = CFrame.new(0.005819, -0.484651, -0.046233, 0.988551, -0.142914, -0.048397, 0.034280, -0.099643, 0.994433, -0.146941, -0.984706, -0.093603)
    }},
    { Time = 0.500, Data = {
      ["Cock"] = CFrame.new(0.000000, 0.000000, 0.000000, 0.921881, -0.387472, 0.000000, 0.387472, 0.921881, 0.000000, 0.000000, 0.000000, 1.000000),
      ["Head"] = CFrame.new(0.000000, -0.000000, 0.000000, 1.000000, -0.000000, 0.000000, 0.000000, 0.971947, 0.235201, -0.000000, -0.235201, 0.971947),
      ["LeftUpperArm"] = CFrame.new(0.063033, -0.882323, -0.236960, 0.236089, -0.971400, 0.025394, 0.196292, 0.022080, -0.980297, 0.951699, 0.236422, 0.195891),
      ["LeftUpperLeg"] = CFrame.new(-0.002749, -0.470516, -0.065602, 0.994319, 0.105103, 0.016846, -0.006287, -0.100005, 0.994967, 0.106259, -0.989420, -0.098776),
      ["LowerTorso"] = CFrame.new(0.000132, -1.189102, -1.659656, -1.000000, -0.000132, -0.000770, -0.000041, 0.993119, -0.117110, 0.000781, -0.117110, -0.993119),
      ["RightUpperArm"] = CFrame.new(0.417210, -0.875029, 0.070934, 0.515544, 0.844032, -0.147729, -0.239041, -0.023894, -0.970716, -0.822845, 0.535760, 0.189440),
      ["RightUpperLeg"] = CFrame.new(0.005818, -0.484524, -0.045231, 0.988551, -0.142909, -0.048414, 0.034263, -0.099874, 0.994410, -0.146945, -0.984684, -0.093834)
    }},
    { Time = 0.517, Data = {
      ["Cock"] = CFrame.new(0.000000, 0.000000, 0.000000, 0.922120, -0.386904, 0.000000, 0.386904, 0.922120, 0.000000, 0.000000, 0.000000, 1.000000),
      ["Head"] = CFrame.new(0.000000, -0.000000, 0.000000, 1.000000, -0.000000, 0.000000, 0.000000, 0.970434, 0.241365, -0.000000, -0.241365, 0.970434),
      ["LeftUpperArm"] = CFrame.new(0.063057, -0.882198, -0.237495, 0.236173, -0.971377, 0.025463, 0.196138, 0.021990, -0.980330, 0.951710, 0.236521, 0.195717),
      ["LeftUpperLeg"] = CFrame.new(-0.002748, -0.470640, -0.066603, 0.994319, 0.105105, 0.016834, -0.006299, -0.099774, 0.994990, 0.106258, -0.989443, -0.098545),
      ["LowerTorso"] = CFrame.new(0.000132, -1.189143, -1.660554, -1.000000, -0.000132, -0.000771, -0.000041, 0.993159, -0.116766, 0.000781, -0.116766, -0.993159),
      ["RightUpperArm"] = CFrame.new(0.417236, -0.875053, 0.070318, 0.515760, 0.843895, -0.147760, -0.238723, -0.024079, -0.970789, -0.822802, 0.535968, 0.189038),
      ["RightUpperLeg"] = CFrame.new(0.005819, -0.484651, -0.046233, 0.988551, -0.142914, -0.048397, 0.034280, -0.099643, 0.994433, -0.146941, -0.984706, -0.093603)
    }},
    { Time = 0.533, Data = {
      ["Cock"] = CFrame.new(0.000000, 0.000000, 0.000000, 0.922766, -0.385361, 0.000000, 0.385361, 0.922766, 0.000000, 0.000000, 0.000000, 1.000000),
      ["Head"] = CFrame.new(0.000000, -0.000000, 0.000000, 1.000000, -0.000000, 0.000000, 0.000000, 0.968904, 0.247438, -0.000000, -0.247438, 0.968904),
      ["LeftUpperArm"] = CFrame.new(0.063128, -0.881827, -0.239087, 0.236441, -0.971308, 0.025638, 0.195517, 0.021714, -0.980460, 0.951771, 0.236833, 0.195041),
      ["LeftUpperLeg"] = CFrame.new(-0.002745, -0.470954, -0.069599, 0.994320, 0.105118, 0.016670, -0.006220, -0.098958, 0.995072, 0.106250, -0.989524, -0.097742),
      ["LowerTorso"] = CFrame.new(0.000131, -1.189254, -1.663159, -1.000000, -0.000131, -0.000771, -0.000041, 0.993270, -0.115821, 0.000781, -0.115821, -0.993270),
      ["RightUpperArm"] = CFrame.new(0.417321, -0.875024, 0.068472, 0.516436, 0.843514, -0.147572, -0.237838, -0.024262, -0.971002, -0.822634, 0.536558, 0.188090),
      ["RightUpperLeg"] = CFrame.new(0.005821, -0.485029, -0.049231, 0.988551, -0.142931, -0.048347, 0.034331, -0.098948, 0.994500, -0.146929, -0.984774, -0.092909)
    }},
    { Time = 0.550, Data = {
      ["Cock"] = CFrame.new(0.000000, 0.000000, 0.000000, 0.923882, -0.382679, 0.000000, 0.382679, 0.923882, 0.000000, 0.000000, 0.000000, 1.000000),
      ["Head"] = CFrame.new(0.000000, 0.000000, 0.000000, 1.000000, -0.000000, 0.000000, 0.000000, 0.967379, 0.253335, -0.000000, -0.253335, 0.967379),
      ["LeftUpperArm"] = CFrame.new(0.063255, -0.881212, -0.241683, 0.237025, -0.971156, 0.025981, 0.194569, 0.021252, -0.980659, 0.951820, 0.237496, 0.193994),
      ["LeftUpperLeg"] = CFrame.new(-0.002741, -0.471568, -0.074551, 0.994320, 0.105128, 0.016608, -0.006282, -0.097800, 0.995186, 0.106246, -0.989638, -0.096584),
      ["LowerTorso"] = CFrame.new(0.000131, -1.189433, -1.667450, -1.000000, -0.000131, -0.000771, -0.000042, 0.993449, -0.114275, 0.000781, -0.114275, -0.993449),
      ["RightUpperArm"] = CFrame.new(0.417467, -0.875018, 0.065406, 0.517497, 0.842904, -0.147342, -0.236307, -0.024718, -0.971364, -0.822409, 0.537496, 0.186393),
      ["RightUpperLeg"] = CFrame.new(0.005823, -0.485599, -0.054195, 0.988556, -0.142968, -0.048134, 0.034304, -0.097669, 0.994628, -0.146901, -0.984896, -0.091647)
    }},
    { Time = 0.567, Data = {
      ["Cock"] = CFrame.new(0.000000, 0.000000, 0.000000, 0.925390, -0.379017, 0.000000, 0.379017, 0.925390, 0.000000, 0.000000, 0.000000, 1.000000),
      ["Head"] = CFrame.new(0.000000, 0.000000, 0.000000, 1.000000, -0.000000, 0.000000, 0.000000, 0.965862, 0.259057, -0.000000, -0.259057, 0.965862),
      ["LeftUpperArm"] = CFrame.new(0.063424, -0.880387, -0.245307, 0.237710, -0.970975, 0.026501, 0.193173, 0.020519, -0.980950, 0.951934, 0.238301, 0.192444),
