return {
  ["Astros grinding on floor and digging in his ass"] = {
    { Time = 0.000, Data = {
      ["BaseOpened"] = CFrame.new(-0.016418, -0.103408, -0.036187, 1.000000, 0.000000, 0.000000, 0.000000, 0.494853, -0.868977, 0.000000, 0.868977, 0.494853),
      ["Head"] = CFrame.new(-0.000002, -0.000000, 0.000001, 0.552906, 0.009882, -0.833185, -0.316171, 0.927637, -0.198810, 0.770929, 0.373352, 0.516020),
      ["LeftUpperArm"] = CFrame.new(-0.022732, -0.649114, -0.394774, 0.952201, 0.272421, 0.138201, -0.055121, 0.598222, -0.799433, -0.300458, 0.753603, 0.584643),
      ["LeftUpperLeg"] = CFrame.new(-0.257830, -0.345593, 0.049043, 0.937590, 0.247652, 0.244120, -0.316159, 0.899405, 0.301853, -0.144808, -0.360194, 0.921570),
      ["LowerTorso"] = CFrame.new(-0.034265, -0.735734, 0.280105, -0.982795, 0.034268, 0.181498, 0.156037, 0.679842, 0.716567, -0.098835, 0.732558, -0.673492),
      ["RightUpperArm"] = CFrame.new(-0.091404, -0.140412, 0.024114, 0.884493, 0.264849, 0.384093, -0.388741, 0.873575, 0.292828, -0.257978, -0.408316, 0.875628),
      ["RightUpperLeg"] = CFrame.new(0.126371, -0.382322, -0.179335, 0.880204, -0.427569, 0.205974, 0.317181, 0.852810, 0.414863, -0.353039, -0.299833, 0.886264),
      ["рҹҢ§пёҸрҹҳірҹ‘»рҹҸіпёҸвҖҚрҹҢҲрҹҳӮрҹ’һрҹҸҙвҖҚвҳ пёҸрҹҺёрҹҢ§пёҸрҹҳірҹ‘»рҹҸіпёҸвҖҚрҹҢҲрҹҳӮрҹ’һрҹҸҙвҖҚвҳ"] = CFrame.new(-0.000000, -0.000000, 0.000000, 0.976999, -0.173261, -0.124312, 0.171573, 0.984873, -0.024246, 0.126632, 0.002359, 0.991947)
    }},
    { Time = 0.017, Data = {
      ["Head"] = CFrame.new(-0.000002, -0.000000, 0.000001, 0.552190, 0.011182, -0.833643, -0.323223, 0.924579, -0.201695, 0.768514, 0.380826, 0.514158),
      ["LeftUpperArm"] = CFrame.new(-0.022763, -0.649004, -0.394856, 0.952196, 0.272376, 0.138328, -0.055021, 0.598313, -0.799371, -0.300493, 0.753547, 0.584698),
      ["LeftUpperLeg"] = CFrame.new(-0.257818, -0.345678, 0.049108, 0.937590, 0.247674, 0.244098, -0.316146, 0.899463, 0.301690, -0.144836, -0.360032, 0.921629),
      ["LowerTorso"] = CFrame.new(-0.034222, -0.735665, 0.280315, -0.982781, 0.034225, 0.181578, 0.156076, 0.679773, 0.716623, -0.098906, 0.732624, -0.673410),
      ["RightUpperArm"] = CFrame.new(-0.091739, -0.141543, 0.024694, 0.885944, 0.264884, 0.380709, -0.387615, 0.873621, 0.294180, -0.254671, -0.408195, 0.876652),
      ["RightUpperLeg"] = CFrame.new(0.126366, -0.382391, -0.179277, 0.880238, -0.427471, 0.206032, 0.317134, 0.852909, 0.414696, -0.352997, -0.299691, 0.886329),
      ["рҹҢ§пёҸрҹҳірҹ‘»рҹҸіпёҸвҖҚрҹҢҲрҹҳӮрҹ’һрҹҸҙвҖҚвҳ пёҸрҹҺёрҹҢ§пёҸрҹҳірҹ‘»рҹҸіпёҸвҖҚрҹҢҲрҹҳӮрҹ’һрҹҸҙвҖҚвҳ"] = CFrame.new(-0.000000, -0.000000, 0.000000, 0.974194, -0.188346, -0.124382, 0.186775, 0.982103, -0.024279, 0.126728, 0.000421, 0.991937)
    }},
    { Time = 0.033, Data = {
      ["Head"] = CFrame.new(-0.000002, -0.000000, 0.000001, 0.551529, 0.012491, -0.834062, -0.330251, 0.921456, -0.204581, 0.765996, 0.388282, 0.512335),
      ["LeftUpperArm"] = CFrame.new(-0.022820, -0.648663, -0.395125, 0.952147, 0.272383, 0.138645, -0.054887, 0.598632, -0.799141, -0.300670, 0.753291, 0.584936),
      ["LeftUpperLeg"] = CFrame.new(-0.257786, -0.345968, 0.049351, 0.937582, 0.247837, 0.243962, -0.316176, 0.899615, 0.301207, -0.144822, -0.359541, 0.921823),
      ["LowerTorso"] = CFrame.new(-0.034196, -0.735460, 0.280947, -0.982781, 0.034199, 0.181583, 0.156090, 0.679568, 0.716815, -0.098884, 0.732815, -0.673205),
      ["RightUpperArm"] = CFrame.new(-0.092078, -0.142663, 0.025261, 0.887325, 0.264883, 0.377481, -0.386513, 0.873666, 0.295493, -0.251521, -0.408100, 0.877606),
      ["RightUpperLeg"] = CFrame.new(0.126411, -0.382648, -0.179004, 0.880221, -0.427373, 0.206308, 0.317098, 0.853105, 0.414321, -0.353072, -0.299274, 0.886440),
      ["рҹҢ§пёҸрҹҳірҹ‘»рҹҸіпёҸвҖҚрҹҢҲрҹҳӮрҹ’һрҹҸҙвҖҚвҳ пёҸрҹҺёрҹҢ§пёҸрҹҳірҹ‘»рҹҸіпёҸвҖҚрҹҢҲрҹҳӮрҹ’һрҹҸҙвҖҚвҳ"] = CFrame.new(-0.000000, 0.000000, 0.000000, 0.971200, -0.203228, -0.124375, 0.201776, 0.979130, -0.024295, 0.126717, -0.001500, 0.991938)
    }},
    { Time = 0.050, Data = {
      ["Head"] = CFrame.new(-0.000002, -0.000000, 0.000001, 0.550798, 0.013748, -0.834525, -0.337014, 0.918394, -0.207304, 0.763573, 0.395429, 0.510483),
      ["LeftUpperArm"] = CFrame.new(-0.022937, -0.648126, -0.395540, 0.952088, 0.272306, 0.139203, -0.054539, 0.599058, -0.798846, -0.300922, 0.752980, 0.585207),
      ["LeftUpperLeg"] = CFrame.new(-0.257730, -0.346429, 0.049726, 0.937574, 0.248032, 0.243793, -0.316186, 0.899854, 0.300480, -0.144850, -0.358807, 0.922104),
      ["LowerTorso"] = CFrame.new(-0.034075, -0.735126, 0.281992, -0.982790, 0.034077, 0.181557, 0.156034, 0.679234, 0.717143, -0.098881, 0.733130, -0.672862),
      ["RightUpperArm"] = CFrame.new(-0.092390, -0.143765, 0.025813, 0.888664, 0.264961, 0.374263, -0.385486, 0.873681, 0.296786, -0.248349, -0.408016, 0.878547),
      ["RightUpperLeg"] = CFrame.new(0.126466, -0.383127, -0.178646, 0.880230, -0.427223, 0.206581, 0.317144, 0.853429, 0.413615, -0.353009, -0.298560, 0.886706),
      ["рҹҢ§пёҸрҹҳірҹ‘»рҹҸіпёҸвҖҚрҹҢҲрҹҳӮрҹ’һрҹҸҙвҖҚвҳ пёҸрҹҺёрҹҢ§пёҸрҹҳірҹ‘»рҹҸіпёҸвҖҚрҹҢҲрҹҳӮрҹ’һрҹҸҙвҖҚвҳ"] = CFrame.new(-0.000000, -0.000000, 0.000000, 0.968069, -0.217650, -0.124380, 0.216317, 0.976021, -0.024287, 0.126684, -0.003394, 0.991937)
    }},
    { Time = 0.067, Data = {
      ["Head"] = CFrame.new(-0.000002, -0.000000, 0.000001, 0.550160, 0.014911, -0.834926, -0.343568, 0.915338, -0.210041, 0.761108, 0.402410, 0.508705),
      ["LeftUpperArm"] = CFrame.new(-0.023108, -0.647363, -0.396129, 0.952023, 0.272170, 0.139915, -0.054120, 0.599727, -0.798373, -0.301203, 0.752497, 0.585683),
      ["LeftUpperLeg"] = CFrame.new(-0.257643, -0.347045, 0.050266, 0.937583, 0.248287, 0.243497, -0.316157, 0.900210, 0.299443, -0.144851, -0.357736, 0.922520),
      ["LowerTorso"] = CFrame.new(-0.034014, -0.734646, 0.283429, -0.982790, 0.034017, 0.181569, 0.156067, 0.678754, 0.717590, -0.098830, 0.733577, -0.672382),
      ["RightUpperArm"] = CFrame.new(-0.092716, -0.144823, 0.026347, 0.889992, 0.264942, 0.371107, -0.384391, 0.873724, 0.298076, -0.245273, -0.407935, 0.879449),
      ["RightUpperLeg"] = CFrame.new(0.126553, -0.383755, -0.178093, 0.880221, -0.426985, 0.207111, 0.317139, 0.853916, 0.412613, -0.353035, -0.297508, 0.887049),
      ["рҹҢ§пёҸрҹҳірҹ‘»рҹҸіпёҸвҖҚрҹҢҲрҹҳӮрҹ’һрҹҸҙвҖҚвҳ пёҸрҹҺёрҹҢ§пёҸрҹҳірҹ‘»рҹҸіпёҸвҖҚрҹҢҲрҹҳӮрҹ’һрҹҸҙвҖҚвҳ"] = CFrame.new(-0.000000, -0.000000, 0.000000, 0.964832, -0.231615, -0.124312, 0.230402, 0.972793, -0.024244, 0.126546, -0.005250, 0.991947)
    }},
    { Time = 0.083, Data = {
      ["Head"] = CFrame.new(-0.000002, -0.000000, 0.000001, 0.549555, 0.016012, -0.835304, -0.349737, 0.912405, -0.212605, 0.758732, 0.408975, 0.507016),
      ["LeftUpperArm"] = CFrame.new(-0.023298, -0.646403, -0.396879, 0.951914, 0.272092, 0.140802, -0.053653, 0.600546, -0.797788, -0.301630, 0.751871, 0.586267),
      ["LeftUpperLeg"] = CFrame.new(-0.257537, -0.347854, 0.050977, 0.937585, 0.248672, 0.243099, -0.316178, 0.900627, 0.298165, -0.144796, -0.356418, 0.923039),
      ["LowerTorso"] = CFrame.new(-0.033824, -0.734038, 0.285246, -0.982786, 0.033827, 0.181627, 0.156065, 0.678145, 0.718166, -0.098876, 0.734149, -0.671751),
      ["RightUpperArm"] = CFrame.new(-0.093012, -0.145831, 0.026868, 0.891223, 0.264982, 0.368111, -0.383388, 0.873770, 0.299232, -0.242353, -0.407811, 0.880315),
      ["RightUpperLeg"] = CFrame.new(0.126662, -0.384575, -0.177417, 0.880212, -0.426717, 0.207699, 0.317182, 0.854498, 0.411374, -0.353018, -0.296218, 0.887487),
      ["рҹҢ§пёҸрҹҳірҹ‘»рҹҸіпёҸвҖҚрҹҢҲрҹҳӮрҹ’һрҹҸҙвҖҚвҳ пёҸрҹҺёрҹҢ§пёҸрҹҳірҹ‘»рҹҸіпёҸвҖҚрҹҢҲрҹҳӮрҹ’һрҹҸҙвҖҚвҳ"] = CFrame.new(-0.000000, -0.000000, -0.000000, 0.961549, -0.244875, -0.124335, 0.243771, 0.969530, -0.024255, 0.126485, -0.006987, 0.991944)
    }},
    { Time = 0.100, Data = {
      ["Head"] = CFrame.new(-0.000002, -0.000001, 0.000001, 0.548887, 0.017064, -0.835722, -0.355645, 0.909553, -0.215010, 0.756465, 0.415237, 0.505311),
      ["LeftUpperArm"] = CFrame.new(-0.023547, -0.645247, -0.397775, 0.951793, 0.271921, 0.141944, -0.052987, 0.601546, -0.797079, -0.302129, 0.751133, 0.586956),
      ["LeftUpperLeg"] = CFrame.new(-0.257411, -0.348813, 0.051804, 0.937586, 0.249088, 0.242666, -0.316180, 0.901129, 0.296643, -0.144783, -0.354855, 0.923643),
      ["LowerTorso"] = CFrame.new(-0.033616, -0.733290, 0.287411, -0.982781, 0.033619, 0.181689, 0.156072, 0.677398, 0.718869, -0.098908, 0.734848, -0.670981),
      ["RightUpperArm"] = CFrame.new(-0.093299, -0.146780, 0.027355, 0.892390, 0.264986, 0.365271, -0.382409, 0.873815, 0.300350, -0.239591, -0.407713, 0.881117),
      ["RightUpperLeg"] = CFrame.new(0.126788, -0.385530, -0.176594, 0.880212, -0.426355, 0.208443, 0.317176, 0.855208, 0.409901, -0.353026, -0.294687, 0.887994),
      ["рҹҢ§пёҸрҹҳірҹ‘»рҹҸіпёҸвҖҚрҹҢҲрҹҳӮрҹ’һрҹҸҙвҖҚвҳ пёҸрҹҺёрҹҢ§пёҸрҹҳірҹ‘»рҹҸіпёҸвҖҚрҹҢҲрҹҳӮрҹ’һрҹҸҙвҖҚвҳ"] = CFrame.new(-0.000000, 0.000000, -0.000000, 0.958305, -0.257266, -0.124361, 0.256260, 0.966303, -0.024299, 0.126422, -0.008583, 0.991939)
    }},
    { Time = 0.117, Data = {
      ["Head"] = CFrame.new(-0.000002, -0.000000, 0.000001, 0.548358, 0.018088, -0.836048, -0.361012, 0.906923, -0.217164, 0.754304, 0.420907, 0.503849),
      ["LeftUpperArm"] = CFrame.new(-0.023841, -0.643908, -0.398810, 0.951666, 0.271697, 0.143225, -0.052237, 0.602712, -0.796247, -0.302661, 0.750279, 0.587773),
      ["LeftUpperLeg"] = CFrame.new(-0.257266, -0.349908, 0.052730, 0.937588, 0.249547, 0.242189, -0.316156, 0.901744, 0.294795, -0.144827, -0.352966, 0.924359),
      ["LowerTorso"] = CFrame.new(-0.033435, -0.732474, 0.289961, -0.982790, 0.033437, 0.181674, 0.156049, 0.676582, 0.719643, -0.098854, 0.735608, -0.670156),
      ["RightUpperArm"] = CFrame.new(-0.093559, -0.147666, 0.027795, 0.893436, 0.265014, 0.362683, -0.381549, 0.873830, 0.301398, -0.237049, -0.407661, 0.881828),
      ["RightUpperLeg"] = CFrame.new(0.126929, -0.386610, -0.175630, 0.880219, -0.425899, 0.209343, 0.317120, 0.856044, 0.408196, -0.353057, -0.292915, 0.888567),
      ["рҹҢ§пёҸрҹҳірҹ‘»рҹҸіпёҸвҖҚрҹҢҲрҹҳӮрҹ’һрҹҸҙвҖҚвҳ пёҸрҹҺёрҹҢ§пёҸрҹҳірҹ‘»рҹҸіпёҸвҖҚрҹҢҲрҹҳӮрҹ’һрҹҸҙвҖҚвҳ"] = CFrame.new(-0.000000, 0.000000, -0.000000, 0.955143, -0.268788, -0.124319, 0.267880, 0.963146, -0.024280, 0.126263, -0.010112, 0.991945)
    }},
    { Time = 0.133, Data = {
      ["Head"] = CFrame.new(-0.000002, -0.000000, 0.000001, 0.547811, 0.018961, -0.836387, -0.365938, 0.904462, -0.219175, 0.752325, 0.426132, 0.502413),
      ["LeftUpperArm"] = CFrame.new(-0.024158, -0.642423, -0.399965, 0.951515, 0.271500, 0.144595, -0.051463, 0.603951, -0.795358, -0.303268, 0.749354, 0.588641),
      ["LeftUpperLeg"] = CFrame.new(-0.257107, -0.351169, 0.053808, 0.937581, 0.250124, 0.241619, -0.316188, 0.902386, 0.292787, -0.144800, -0.350909, 0.925146),
      ["LowerTorso"] = CFrame.new(-0.033201, -0.731519, 0.292792, -0.982786, 0.033204, 0.181740, 0.156070, 0.675626, 0.720536, -0.098864, 0.736496, -0.669178),
      ["RightUpperArm"] = CFrame.new(-0.093784, -0.148471, 0.028205, 0.894365, 0.265084, 0.360336, -0.380797, 0.873848, 0.302296, -0.234745, -0.407578, 0.882482),
      ["RightUpperLeg"] = CFrame.new(0.127088, -0.387842, -0.174564, 0.880226, -0.425422, 0.210281, 0.317097, 0.856939, 0.406330, -0.353060, -0.290983, 0.889200),
      ["рҹҢ§пёҸрҹҳірҹ‘»рҹҸіпёҸвҖҚрҹҢҲрҹҳӮрҹ’һрҹҸҙвҖҚвҳ пёҸрҹҺёрҹҢ§пёҸрҹҳірҹ‘»рҹҸіпёҸвҖҚрҹҢҲрҹҳӮрҹ’һрҹҸҙвҖҚвҳ"] = CFrame.new(-0.000000, 0.000000, -0.000000, 0.952145, -0.279199, -0.124367, 0.278378, 0.960164, -0.024288, 0.126194, -0.011495, 0.991939)
    }},
    { Time = 0.150, Data = {
      ["Head"] = CFrame.new(-0.000002, -0.000000, 0.000001, 0.547350, 0.019717, -0.836672, -0.370265, 0.902263, -0.220965, 0.750541, 0.430735, 0.501154),
      ["LeftUpperArm"] = CFrame.new(-0.024505, -0.640779, -0.401243, 0.951334, 0.271284, 0.146179, -0.050567, 0.605354, -0.794348, -0.303984, 0.748299, 0.589612),
      ["LeftUpperLeg"] = CFrame.new(-0.256919, -0.352502, 0.054963, 0.937599, 0.250651, 0.241001, -0.316119, 0.903135, 0.290545, -0.144831, -0.348600, 0.926014),
      ["LowerTorso"] = CFrame.new(-0.032880, -0.730502, 0.295934, -0.982791, 0.032883, 0.181774, 0.156018, 0.674609, 0.721499, -0.098901, 0.737443, -0.668130),
      ["RightUpperArm"] = CFrame.new(-0.093996, -0.149188, 0.028562, 0.895207, 0.265098, 0.358228, -0.380084, 0.873866, 0.303142, -0.232680, -0.407531, 0.883050),
      ["RightUpperLeg"] = CFrame.new(0.127264, -0.389231, -0.173420, 0.880233, -0.424905, 0.211295, 0.317138, 0.857956, 0.404147, -0.353006, -0.288734, 0.889955),
      ["рҹҢ§пёҸрҹҳірҹ‘»рҹҸіпёҸвҖҚрҹҢҲрҹҳӮрҹ’һрҹҸҙвҖҚвҳ пёҸрҹҺёрҹҢ§пёҸрҹҳірҹ‘»рҹҸіпёҸвҖҚрҹҢҲрҹҳӮрҹ’һрҹҸҙвҖҚвҳ"] = CFrame.new(-0.000000, -0.000000, -0.000000, 0.949396, -0.288424, -0.124336, 0.287680, 0.957418, -0.024294, 0.126048, -0.012704, 0.991943)
    }},
    { Time = 0.167, Data = {
      ["Head"] = CFrame.new(-0.000002, -0.000000, 0.000001, 0.546958, 0.020429, -0.836911, -0.374069, 0.900316, -0.222494, 0.748939, 0.434757, 0.500077),
      ["LeftUpperArm"] = CFrame.new(-0.024891, -0.638991, -0.402632, 0.951146, 0.271012, 0.147902, -0.049587, 0.606920, -0.793215, -0.304735, 0.747129, 0.590708),
      ["LeftUpperLeg"] = CFrame.new(-0.256729, -0.353978, 0.056205, 0.937592, 0.251279, 0.240373, -0.316120, 0.903908, 0.288128, -0.144875, -0.346133, 0.926932),
      ["LowerTorso"] = CFrame.new(-0.032620, -0.729336, 0.299267, -0.982786, 0.032623, 0.181844, 0.156053, 0.673443, 0.722580, -0.098889, 0.738519, -0.666941),
      ["RightUpperArm"] = CFrame.new(-0.094190, -0.149798, 0.028885, 0.895965, 0.265073, 0.356347, -0.379400, 0.873915, 0.303855, -0.230873, -0.407442, 0.883566),
      ["RightUpperLeg"] = CFrame.new(0.127466, -0.390726, -0.172151, 0.880214, -0.424390, 0.212408, 0.317177, 0.858998, 0.401897, -0.353019, -0.286384, 0.890709),
      ["рҹҢ§пёҸрҹҳірҹ‘»рҹҸіпёҸвҖҚрҹҢҲрҹҳӮрҹ’һрҹҸҙвҖҚвҳ пёҸрҹҺёрҹҢ§пёҸрҹҳірҹ‘»рҹҸіпёҸвҖҚрҹҢҲрҹҳӮрҹ’һрҹҸҙвҖҚвҳ"] = CFrame.new(-0.000000, -0.000000, -0.000000, 0.946943, -0.296381, -0.124323, 0.295714, 0.954970, -0.024220, 0.125903, -0.013829, 0.991946)
    }},
    { Time = 0.183, Data = {
      ["Head"] = CFrame.new(-0.000002, -0.000000, 0.000001, 0.546599, 0.020975, -0.837132, -0.377180, 0.898703, -0.223759, 0.747639, 0.438056, 0.499142),
      ["LeftUpperArm"] = CFrame.new(-0.025288, -0.637119, -0.404092, 0.950932, 0.270773, 0.149699, -0.048570, 0.608482, -0.792080, -0.305563, 0.745943, 0.591777),
      ["LeftUpperLeg"] = CFrame.new(-0.256532, -0.355578, 0.057567, 0.937577, 0.252014, 0.239663, -0.316184, 0.904678, 0.285631, -0.144835, -0.343578, 0.927888),
      ["LowerTorso"] = CFrame.new(-0.032361, -0.728168, 0.302879, -0.982782, 0.032363, 0.181914, 0.156088, 0.672275, 0.723660, -0.098876, 0.739594, -0.665751),
      ["RightUpperArm"] = CFrame.new(-0.094330, -0.150321, 0.029139, 0.896555, 0.265135, 0.354814, -0.378931, 0.873906, 0.304467, -0.229350, -0.407421, 0.883972),
      ["RightUpperLeg"] = CFrame.new(0.127677, -0.392281, -0.170783, 0.880202, -0.423787, 0.213656, 0.317152, 0.860129, 0.399490, -0.353070, -0.283871, 0.891492),
      ["рҹҢ§пёҸрҹҳірҹ‘»рҹҸіпёҸвҖҚрҹҢҲрҹҳӮрҹ’һрҹҸҙвҖҚвҳ пёҸрҹҺёрҹҢ§пёҸрҹҳірҹ‘»рҹҸіпёҸвҖҚрҹҢҲрҹҳӮрҹ’һрҹҸҙвҖҚвҳ"] = CFrame.new(-0.000000, -0.000000, -0.000000, 0.944847, -0.303005, -0.124304, 0.302392, 0.952876, -0.024229, 0.125788, -0.014696, 0.991948)
    }},
    { Time = 0.200, Data = {
      ["Head"] = CFrame.new(-0.000002, -0.000001, 0.000001, 0.546336, 0.021451, -0.837291, -0.379661, 0.897413, -0.224740, 0.746575, 0.440670, 0.498433),
      ["LeftUpperArm"] = CFrame.new(-0.025725, -0.635135, -0.405634, 0.950732, 0.270440, 0.151561, -0.047508, 0.610206, -0.790817, -0.306352, 0.744655, 0.592991),
      ["LeftUpperLeg"] = CFrame.new(-0.256312, -0.357203, 0.058964, 0.937586, 0.252698, 0.238905, -0.316148, 0.905549, 0.282898, -0.144852, -0.340770, 0.928921),
      ["LowerTorso"] = CFrame.new(-0.032005, -0.726868, 0.306594, -0.982786, 0.032008, 0.181952, 0.156055, 0.670974, 0.724873, -0.098884, 0.740790, -0.664419),
      ["RightUpperArm"] = CFrame.new(-0.094457, -0.150725, 0.029347, 0.897010, 0.265121, 0.353671, -0.378519, 0.873929, 0.304913, -0.228245, -0.407381, 0.884276),
      ["RightUpperLeg"] = CFrame.new(0.127885, -0.393936, -0.169405, 0.880216, -0.423149, 0.214860, 0.317177, 0.861314, 0.396909, -0.353014, -0.281217, 0.892356),
      ["рҹҢ§пёҸрҹҳірҹ‘»рҹҸіпёҸвҖҚрҹҢҲрҹҳӮрҹ’һрҹҸҙвҖҚвҳ пёҸрҹҺёрҹҢ§пёҸрҹҳірҹ‘»рҹҸіпёҸвҖҚрҹҢҲрҹҳӮрҹ’һрҹҸҙвҖҚвҳ"] = CFrame.new(-0.000000, 0.000000, 0.000000, 0.943125, -0.308295, -0.124374, 0.307725, 0.951166, -0.024251, 0.125777, -0.015402, 0.991939)
    }},
    { Time = 0.217, Data = {
      ["Head"] = CFrame.new(-0.000002, -0.000001, 0.000001, 0.546113, 0.021762, -0.837429, -0.381453, 0.896471, -0.225461, 0.745825, 0.442567, 0.497875),
      ["LeftUpperArm"] = CFrame.new(-0.026165, -0.633098, -0.407221, 0.950507, 0.270140, 0.153496, -0.046409, 0.611926, -0.789552, -0.307218, 0.743351, 0.594177),
      ["LeftUpperLeg"] = CFrame.new(-0.256089, -0.358919, 0.060459, 0.937587, 0.253476, 0.238075, -0.316182, 0.906386, 0.280166, -0.144772, -0.337955, 0.929961),
      ["LowerTorso"] = CFrame.new(-0.031649, -0.725565, 0.310480, -0.982791, 0.031652, 0.181990, 0.156022, 0.669671, 0.726084, -0.098892, 0.741983, -0.663085),
      ["RightUpperArm"] = CFrame.new(-0.094543, -0.151023, 0.029487, 0.897357, 0.265131, 0.352783, -0.378228, 0.873923, 0.305292, -0.227363, -0.407388, 0.884501),
      ["RightUpperLeg"] = CFrame.new(0.128097, -0.395609, -0.167951, 0.880237, -0.422433, 0.216181, 0.317122, 0.862555, 0.394249, -0.353012, -0.278477, 0.893215),
      ["рҹҢ§пёҸрҹҳірҹ‘»рҹҸіпёҸвҖҚрҹҢҲрҹҳӮрҹ’һрҹҸҙвҖҚвҳ пёҸрҹҺёрҹҢ§пёҸрҹҳірҹ‘»рҹҸіпёҸвҖҚрҹҢҲрҹҳӮрҹ’һрҹҸҙвҖҚвҳ"] = CFrame.new(-0.000000, -0.000000, -0.000000, 0.941904, -0.312009, -0.124367, 0.311472, 0.949946, -0.024241, 0.125706, -0.015905, 0.991940)
    }},
    { Time = 0.233, Data = {
      ["Head"] = CFrame.new(-0.000002, -0.000001, 0.000001, 0.546009, 0.021974, -0.837491, -0.382508, 0.895918, -0.225873, 0.745360, 0.443676, 0.497585),
      ["LeftUpperArm"] = CFrame.new(-0.026607, -0.631008, -0.408856, 0.950256, 0.269865, 0.155519, -0.045289, 0.613716, -0.788227, -0.308160, 0.741974, 0.595409),
      ["LeftUpperLeg"] = CFrame.new(-0.255858, -0.360633, 0.061924, 0.937596, 0.254177, 0.237291, -0.316134, 0.907294, 0.277266, -0.144818, -0.334980, 0.931030),
      ["LowerTorso"] = CFrame.new(-0.031372, -0.724250, 0.314479, -0.982786, 0.031374, 0.182062, 0.156067, 0.668356, 0.727285, -0.098864, 0.743180, -0.661748),
      ["RightUpperArm"] = CFrame.new(-0.094609, -0.151196, 0.029579, 0.897598, 0.265084, 0.352204, -0.377982, 0.873948, 0.305522, -0.226819, -0.407363, 0.884652),
      ["RightUpperLeg"] = CFrame.new(0.128331, -0.397359, -0.166458, 0.880223, -0.421792, 0.217481, 0.317146, 0.863753, 0.391597, -0.353023, -0.275720, 0.894066),
      ["рҹҢ§пёҸрҹҳірҹ‘»рҹҸіпёҸвҖҚрҹҢҲрҹҳӮрҹ’һрҹҸҙвҖҚвҳ пёҸрҹҺёрҹҢ§пёҸрҹҳірҹ‘»рҹҸіпёҸвҖҚрҹҢҲрҹҳӮрҹ’һрҹҸҙвҖҚвҳ"] = CFrame.new(-0.000000, -0.000000, -0.000000, 0.941136, -0.314323, -0.124351, 0.313797, 0.949179, -0.024308, 0.125672, -0.016144, 0.991940)
    }},
    { Time = 0.250, Data = {
      ["Head"] = CFrame.new(-0.000002, -0.000000, 0.000001, 0.545948, 0.022023, -0.837530, -0.382876, 0.895722, -0.226027, 0.745216, 0.444069, 0.497450),
      ["LeftUpperArm"] = CFrame.new(-0.027075, -0.628896, -0.410502, 0.950017, 0.269510, 0.157579, -0.044095, 0.615517, -0.786889, -0.309067, 0.740610, 0.596636),
      ["LeftUpperLeg"] = CFrame.new(-0.255636, -0.362411, 0.063420, 0.937580, 0.254947, 0.236529, -0.316176, 0.908140, 0.274435, -0.144835, -0.332089, 0.932062),
      ["LowerTorso"] = CFrame.new(-0.031007, -0.722872, 0.318478, -0.982791, 0.031010, 0.182101, 0.156039, 0.666978, 0.728555, -0.098865, 0.744432, -0.660338),
      ["RightUpperArm"] = CFrame.new(-0.094617, -0.151256, 0.029614, 0.897651, 0.265121, 0.352043, -0.377954, 0.873948, 0.305556, -0.226658, -0.407339, 0.884704),
      ["RightUpperLeg"] = CFrame.new(0.128551, -0.399105, -0.164968, 0.880243, -0.421050, 0.218836, 0.317124, 0.865036, 0.388773, -0.352994, -0.272817, 0.894967),
      ["рҹҢ§пёҸрҹҳірҹ‘»рҹҸіпёҸвҖҚрҹҢҲрҹҳӮрҹ’һрҹҸҙвҖҚвҳ пёҸрҹҺёрҹҢ§пёҸрҹҳірҹ‘»рҹҸіпёҸвҖҚрҹҢҲрҹҳӮрҹ’һрҹҸҙвҖҚвҳ"] = CFrame.new(-0.000000, -0.000000, -0.000000, 0.940888, -0.315063, -0.124356, 0.314548, 0.948931, -0.024272, 0.125652, -0.016279, 0.991941)
    }},
    { Time = 0.267, Data = {
      ["Head"] = CFrame.new(-0.000002, -0.000000, 0.000001, 0.546009, 0.021932, -0.837492, -0.382545, 0.895884, -0.225943, 0.745341, 0.443746, 0.497551),
      ["LeftUpperArm"] = CFrame.new(-0.027532, -0.626790, -0.412148, 0.949783, 0.269191, 0.159525, -0.043016, 0.617298, -0.785552, -0.309938, 0.739242, 0.597879),
      ["LeftUpperLeg"] = CFrame.new(-0.255394, -0.364139, 0.064943, 0.937605, 0.255659, 0.235659, -0.316117, 0.909029, 0.271544, -0.144798, -0.329097, 0.933128),
      ["LowerTorso"] = CFrame.new(-0.030651, -0.721561, 0.322545, -0.982795, 0.030654, 0.182137, 0.156006, 0.665666, 0.729761, -0.098873, 0.745620, -0.658996),
      ["RightUpperArm"] = CFrame.new(-0.094611, -0.151202, 0.029583, 0.897598, 0.265084, 0.352204, -0.377982, 0.873948, 0.305522, -0.226819, -0.407363, 0.884652),
      ["RightUpperLeg"] = CFrame.new(0.128801, -0.400874, -0.163424, 0.880203, -0.420406, 0.220232, 0.317148, 0.866246, 0.386050, -0.353073, -0.269956, 0.895803),
      ["рҹҢ§пёҸрҹҳірҹ‘»рҹҸіпёҸвҖҚрҹҢҲрҹҳӮрҹ’һрҹҸҙвҖҚвҳ пёҸрҹҺёрҹҢ§пёҸрҹҳірҹ‘»рҹҸіпёҸвҖҚрҹҢҲрҹҳӮрҹ’һрҹҸҙвҖҚвҳ"] = CFrame.new(-0.000000, 0.000000, -0.000000, 0.941109, -0.314400, -0.124364, 0.313886, 0.949152, -0.024228, 0.125658, -0.016235, 0.991941)
    }},
    { Time = 0.283, Data = {
      ["Head"] = CFrame.new(-0.000002, -0.000000, 0.000001, 0.546092, 0.021750, -0.837443, -0.381601, 0.896384, -0.225559, 0.745764, 0.442745, 0.497808),
      ["LeftUpperArm"] = CFrame.new(-0.027996, -0.624718, -0.413765, 0.949538, 0.268836, 0.161570, -0.041811, 0.619017, -0.784264, -0.310852, 0.737933, 0.599020),
      ["LeftUpperLeg"] = CFrame.new(-0.255175, -0.365898, 0.066421, 0.937588, 0.256425, 0.234894, -0.316160, 0.909856, 0.268709, -0.144816, -0.326202, 0.934142),
      ["LowerTorso"] = CFrame.new(-0.030365, -0.720168, 0.326486, -0.982791, 0.030367, 0.182209, 0.156056, 0.664273, 0.731019, -0.098838, 0.746873, -0.657580),
      ["RightUpperArm"] = CFrame.new(-0.094546, -0.151050, 0.029503, 0.897383, 0.265149, 0.352702, -0.378214, 0.873923, 0.305309, -0.227282, -0.407376, 0.884527),
      ["RightUpperLeg"] = CFrame.new(0.129036, -0.402625, -0.161930, 0.880188, -0.419756, 0.221527, 0.317174, 0.867418, 0.383389, -0.353087, -0.267192, 0.896626),
      ["рҹҢ§пёҸрҹҳірҹ‘»рҹҸіпёҸвҖҚрҹҢҲрҹҳӮрҹ’һрҹҸҙвҖҚвҳ пёҸрҹҺёрҹҢ§пёҸрҹҳірҹ‘»рҹҸіпёҸвҖҚрҹҢҲрҹҳӮрҹ’һрҹҸҙвҖҚвҳ"] = CFrame.new(-0.000000, 0.000000, -0.000000, 0.941795, -0.312340, -0.124363, 0.311804, 0.949837, -0.024262, 0.125703, -0.015927, 0.991940)
    }},
    { Time = 0.300, Data = {
      ["Head"] = CFrame.new(-0.000002, -0.000000, 0.000001, 0.546276, 0.021500, -0.837329, -0.380029, 0.897218, -0.224894, 0.746432, 0.441064, 0.498299),
      ["LeftUpperArm"] = CFrame.new(-0.028443, -0.622668, -0.415370, 0.949298, 0.268509, 0.163513, -0.040736, 0.620789, -0.782918, -0.311728, 0.736562, 0.600252),
      ["LeftUpperLeg"] = CFrame.new(-0.254949, -0.367579, 0.067860, 0.937596, 0.257108, 0.234115, -0.316122, 0.910700, 0.265882, -0.144848, -0.323299, 0.935145),
      ["LowerTorso"] = CFrame.new(-0.030008, -0.718851, 0.330382, -0.982796, 0.030011, 0.182245, 0.156024, 0.662956, 0.732220, -0.098846, 0.748057, -0.656233),
      ["RightUpperArm"] = CFrame.new(-0.094485, -0.150786, 0.029366, 0.897118, 0.265080, 0.353428, -0.378408, 0.873926, 0.305060, -0.228005, -0.407415, 0.884323),
      ["RightUpperLeg"] = CFrame.new(0.129236, -0.404307, -0.160514, 0.880231, -0.419013, 0.222758, 0.317139, 0.868613, 0.380702, -0.353009, -0.264461, 0.897466),
      ["рҹҢ§пёҸрҹҳірҹ‘»рҹҸіпёҸвҖҚрҹҢҲрҹҳӮрҹ’һрҹҸҙвҖҚвҳ пёҸрҹҺёрҹҢ§пёҸрҹҳірҹ‘»рҹҸіпёҸвҖҚрҹҢҲрҹҳӮрҹ’һрҹҸҙвҖҚвҳ"] = CFrame.new(-0.000000, -0.000000, -0.000000, 0.942882, -0.309041, -0.124365, 0.308471, 0.950923, -0.024300, 0.125771, -0.015451, 0.991939)
    }},
    { Time = 0.317, Data = {
      ["Head"] = CFrame.new(-0.000002, -0.000000, 0.000001, 0.546499, 0.021044, -0.837195, -0.377807, 0.898370, -0.224041, 0.747396, 0.438736, 0.498909),
      ["LeftUpperArm"] = CFrame.new(-0.028885, -0.620710, -0.416900, 0.949078, 0.268159, 0.165354, -0.039670, 0.622411, -0.781685, -0.312534, 0.735320, 0.601354),
      ["LeftUpperLeg"] = CFrame.new(-0.254743, -0.369250, 0.069271, 0.937578, 0.257849, 0.233369, -0.316179, 0.911457, 0.263206, -0.144838, -0.320563, 0.936088),
      ["LowerTorso"] = CFrame.new(-0.029739, -0.717593, 0.334168, -0.982791, 0.029741, 0.182314, 0.156065, 0.661698, 0.733349, -0.098826, 0.749181, -0.654952),
      ["RightUpperArm"] = CFrame.new(-0.094372, -0.150426, 0.029181, 0.896663, 0.265094, 0.354571, -0.378820, 0.873903, 0.304614, -0.229110, -0.407454, 0.884019),
      ["RightUpperLeg"] = CFrame.new(0.129459, -0.405955, -0.159093, 0.880215, -0.418367, 0.224031, 0.317150, 0.869738, 0.378116, -0.353040, -0.261772, 0.898242),
      ["рҹҢ§пёҸрҹҳірҹ‘»рҹҸіпёҸвҖҚрҹҢҲрҹҳӮрҹ’һрҹҸҙвҖҚвҳ пёҸрҹҺёрҹҢ§пёҸрҹҳірҹ‘»рҹҸіпёҸвҖҚрҹҢҲрҹҳӮрҹ’һрҹҸҙвҖҚвҳ"] = CFrame.new(-0.000000, -0.000000, -0.000000, 0.944412, -0.304327, -0.124385, 0.303725, 0.952451, -0.024245, 0.125849, -0.014882, 0.991938)
    }},
    { Time = 0.333, Data = {
      ["Head"] = CFrame.new(-0.000002, -0.000000, 0.000001, 0.546799, 0.020591, -0.837011, -0.375028, 0.899826, -0.222861, 0.748575, 0.435762, 0.499746),
      ["LeftUpperArm"] = CFrame.new(-0.029291, -0.618827, -0.418379, 0.948840, 0.267882, 0.167157, -0.038682, 0.624014, -0.780455, -0.313378, 0.734061, 0.602452),
      ["LeftUpperLeg"] = CFrame.new(-0.254534, -0.370809, 0.070618, 0.937585, 0.258497, 0.232622, -0.316162, 0.912205, 0.260621, -0.144829, -0.317901, 0.936997),
      ["LowerTorso"] = CFrame.new(-0.029399, -0.716412, 0.337800, -0.982795, 0.029402, 0.182346, 0.156023, 0.660517, 0.734421, -0.098849, 0.750236, -0.653740),
      ["RightUpperArm"] = CFrame.new(-0.094235, -0.149961, 0.028963, 0.896153, 0.265088, 0.355863, -0.379248, 0.873912, 0.304053, -0.230392, -0.407439, 0.883693),
      ["RightUpperLeg"] = CFrame.new(0.129660, -0.407521, -0.157761, 0.880225, -0.417728, 0.225184, 0.317147, 0.870797, 0.375673, -0.353019, -0.259261, 0.898978),
      ["рҹҢ§пёҸрҹҳірҹ‘»рҹҸіпёҸвҖҚрҹҢҲрҹҳӮрҹ’һрҹҸҙвҖҚвҳ пёҸрҹҺёрҹҢ§пёҸрҹҳірҹ‘»рҹҸіпёҸвҖҚрҹҢҲрҹҳӮрҹ’һрҹҸҙвҖҚвҳ"] = CFrame.new(-0.000000, -0.000000, -0.000000, 0.946294, -0.298455, -0.124310, 0.297799, 0.954320, -0.024271, 0.125875, -0.014052, 0.991947)
    }},
    { Time = 0.350, Data = {
      ["Head"] = CFrame.new(-0.000002, -0.000000, 0.000001, 0.547194, 0.019982, -0.836767, -0.371694, 0.901535, -0.221536, 0.749949, 0.432245, 0.500741),
      ["LeftUpperArm"] = CFrame.new(-0.029686, -0.617051, -0.419772, 0.948624, 0.267574, 0.168871, -0.037719, 0.625540, -0.779280, -0.314151, 0.732874, 0.603494),
      ["LeftUpperLeg"] = CFrame.new(-0.254338, -0.372283, 0.071900, 0.937593, 0.259123, 0.231896, -0.316158, 0.912895, 0.258199, -0.144792, -0.315401, 0.937847),
      ["LowerTorso"] = CFrame.new(-0.029138, -0.715220, 0.341153, -0.982790, 0.029141, 0.182412, 0.156060, 0.659324, 0.735484, -0.098836, 0.751294, -0.652525),
      ["RightUpperArm"] = CFrame.new(-0.094068, -0.149410, 0.028685, 0.895505, 0.265088, 0.357489, -0.379811, 0.873892, 0.303408, -0.231977, -0.407482, 0.883258),
      ["RightUpperLeg"] = CFrame.new(0.129848, -0.408988, -0.156501, 0.880234, -0.417096, 0.226317, 0.317128, 0.871820, 0.373309, -0.353013, -0.256828, 0.899679),
      ["рҹҢ§пёҸрҹҳірҹ‘»рҹҸіпёҸвҖҚрҹҢҲрҹҳӮрҹ’һрҹҸҙвҖҚвҳ пёҸрҹҺёрҹҢ§пёҸрҹҳірҹ‘»рҹҸіпёҸвҖҚрҹҢҲрҹҳӮрҹ’һрҹҸҙвҖҚвҳ"] = CFrame.new(-0.000000, 0.000000, -0.000000, 0.948510, -0.291325, -0.124337, 0.290613, 0.956534, -0.024229, 0.125991, -0.013152, 0.991944)
    }},
    { Time = 0.367, Data = {
      ["Head"] = CFrame.new(-0.000002, -0.000000, 0.000001, 0.547600, 0.019236, -0.836519, -0.367776, 0.903522, -0.219976, 0.751581, 0.428110, 0.501843),
      ["LeftUpperArm"] = CFrame.new(-0.030044, -0.615418, -0.421055, 0.948413, 0.267321, 0.170445, -0.036840, 0.626901, -0.778227, -0.314889, 0.731802, 0.604410),
      ["LeftUpperLeg"] = CFrame.new(-0.254164, -0.373661, 0.073062, 0.937583, 0.259712, 0.231275, -0.316179, 0.913528, 0.255925, -0.144810, -0.313075, 0.938623),
      ["LowerTorso"] = CFrame.new(-0.028816, -0.714177, 0.344314, -0.982795, 0.028819, 0.182441, 0.156010, 0.658281, 0.736429, -0.098874, 0.752221, -0.651451),
      ["RightUpperArm"] = CFrame.new(-0.093894, -0.148772, 0.028353, 0.894748, 0.265014, 0.359436, -0.380428, 0.873872, 0.302693, -0.233883, -0.407573, 0.882713),
      ["RightUpperLeg"] = CFrame.new(0.130039, -0.410362, -0.155306, 0.880209, -0.416572, 0.227375, 0.317141, 0.872719, 0.371192, -0.353062, -0.254617, 0.900287),
      ["рҹҢ§пёҸрҹҳірҹ‘»рҹҸіпёҸвҖҚрҹҢҲрҹҳӮрҹ’һрҹҸҙвҖҚвҳ пёҸрҹҺёрҹҢ§пёҸрҹҳірҹ‘»рҹҸіпёҸвҖҚрҹҢҲрҹҳӮрҹ’һрҹҸҙвҖҚвҳ"] = CFrame.new(-0.000000, -0.000000, -0.000000, 0.950992, -0.283108, -0.124354, 0.282320, 0.959013, -0.024287, 0.126133, -0.012010, 0.991941)
    }},
    { Time = 0.383, Data = {
      ["Head"] = CFrame.new(-0.000002, -0.000000, 0.000001, 0.548056, 0.018520, -0.836237, -0.363407, 0.905739, -0.218112, 0.753372, 0.423432, 0.503126),
      ["LeftUpperArm"] = CFrame.new(-0.030370, -0.613943, -0.422214, 0.948234, 0.267088, 0.171804, -0.036083, 0.628100, -0.777296, -0.315517, 0.730859, 0.605223),
      ["LeftUpperLeg"] = CFrame.new(-0.253993, -0.374884, 0.074132, 0.937598, 0.260188, 0.230677, -0.316137, 0.914105, 0.253907, -0.144800, -0.310988, 0.939318),
      ["LowerTorso"] = CFrame.new(-0.028581, -0.713194, 0.347164, -0.982790, 0.028583, 0.182502, 0.156032, 0.657297, 0.737302, -0.098884, 0.753089, -0.650445),
      ["RightUpperArm"] = CFrame.new(-0.093659, -0.148059, 0.027990, 0.893873, 0.265080, 0.361557, -0.381220, 0.873825, 0.301831, -0.235928, -0.407631, 0.882142),
      ["RightUpperLeg"] = CFrame.new(0.130201, -0.411605, -0.154241, 0.880211, -0.416055, 0.228314, 0.317139, 0.873555, 0.369220, -0.353061, -0.252584, 0.900860),
      ["рҹҢ§пёҸрҹҳірҹ‘»рҹҸіпёҸвҖҚрҹҢҲрҹҳӮрҹ’һрҹҸҙвҖҚвҳ пёҸрҹҺёрҹҢ§пёҸрҹҳірҹ‘»рҹҸіпёҸвҖҚрҹҢҲрҹҳӮрҹ’һрҹҸҙвҖҚвҳ"] = CFrame.new(-0.000000, -0.000000, -0.000000, 0.953724, -0.273788, -0.124302, 0.272924, 0.961730, -0.024264, 0.126188, -0.010784, 0.991948)
    }},
    { Time = 0.400, Data = {
      ["Head"] = CFrame.new(-0.000002, -0.000000, 0.000001, 0.548596, 0.017603, -0.835902, -0.358515, 0.908151, -0.216167, 0.755320, 0.418272, 0.504519),
      ["LeftUpperArm"] = CFrame.new(-0.030674, -0.612616, -0.423254, 0.948076, 0.266826, 0.173075, -0.035349, 0.629224, -0.776420, -0.316072, 0.729988, 0.605984),
      ["LeftUpperLeg"] = CFrame.new(-0.253849, -0.375983, 0.075057, 0.937597, 0.260628, 0.230184, -0.316120, 0.914628, 0.252038, -0.144845, -0.309076, 0.939942),
      ["LowerTorso"] = CFrame.new(-0.028363, -0.712351, 0.349732, -0.982786, 0.028365, 0.182561, 0.156046, 0.656454, 0.738050, -0.098908, 0.753833, -0.649580),
      ["RightUpperArm"] = CFrame.new(-0.093438, -0.147266, 0.027586, 0.892941, 0.265010, 0.363903, -0.381971, 0.873807, 0.300931, -0.238231, -0.407714, 0.881484),
      ["RightUpperLeg"] = CFrame.new(0.130349, -0.412736, -0.153307, 0.880205, -0.415636, 0.229098, 0.317186, 0.874271, 0.367483, -0.353033, -0.250794, 0.901371),
      ["рҹҢ§пёҸрҹҳірҹ‘»рҹҸіпёҸвҖҚрҹҢҲрҹҳӮрҹ’һрҹҸҙвҖҚвҳ пёҸрҹҺёрҹҢ§пёҸрҹҳірҹ‘»рҹҸіпёҸвҖҚрҹҢҲрҹҳӮрҹ’һрҹҸҙвҖҚвҳ"] = CFrame.new(-0.000000, -0.000000, -0.000000, 0.956604, -0.263531, -0.124339, 0.262579, 0.964605, -0.024279, 0.126336, -0.009423, 0.991943)
    }},
    { Time = 0.417, Data = {
      ["Head"] = CFrame.new(-0.000002, -0.000000, 0.000001, 0.549161, 0.016701, -0.835550, -0.353317, 0.910695, -0.214014, 0.757356, 0.412742, 0.506019),
      ["LeftUpperArm"] = CFrame.new(-0.030933, -0.611470, -0.424155, 0.947927, 0.266620, 0.174207, -0.034699, 0.630185, -0.775669, -0.316592, 0.729233, 0.606621),
      ["LeftUpperLeg"] = CFrame.new(-0.253724, -0.376946, 0.075883, 0.937596, 0.261027, 0.229737, -0.316129, 0.915048, 0.250498, -0.144834, -0.307492, 0.940464),
      ["LowerTorso"] = CFrame.new(-0.028189, -0.711578, 0.351917, -0.982794, 0.028191, 0.182541, 0.156020, 0.655681, 0.738742, -0.098862, 0.754511, -0.648798),
      ["RightUpperArm"] = CFrame.new(-0.093181, -0.146407, 0.027162, 0.891918, 0.265001, 0.366410, -0.382817, 0.873791, 0.299900, -0.240692, -0.407754, 0.880797),
      ["RightUpperLeg"] = CFrame.new(0.130461, -0.413654, -0.152485, 0.880232, -0.415168, 0.229842, 0.317106, 0.874932, 0.365976, -0.353038, -0.249259, 0.901795),
      ["рҹҢ§пёҸрҹҳірҹ‘»рҹҸіпёҸвҖҚрҹҢҲрҹҳӮрҹ’һрҹҸҙвҖҚвҳ пёҸрҹҺёрҹҢ§пёҸрҹҳірҹ‘»рҹҸіпёҸвҖҚрҹҢҲрҹҳӮрҹ’һрҹҸҙвҖҚвҳ"] = CFrame.new(-0.000000, 0.000000, -0.000000, 0.959603, -0.252411, -0.124304, 0.251373, 0.967587, -0.024230, 0.126391, -0.007996, 0.991948)
    }},
    { Time = 0.433, Data = {
      ["Head"] = CFrame.new(-0.000002, -0.000000, 0.000001, 0.549785, 0.015625, -0.835160, -0.347704, 0.913368, -0.211805, 0.759499, 0.406836, 0.507589),
      ["LeftUpperArm"] = CFrame.new(-0.031133, -0.610499, -0.424924, 0.947795, 0.266504, 0.175101, -0.034263, 0.631044, -0.774990, -0.317034, 0.728533, 0.607231),
      ["LeftUpperLeg"] = CFrame.new(-0.253621, -0.377755, 0.076586, 0.937594, 0.261405, 0.229313, -0.316151, 0.915417, 0.249121, -0.144795, -0.306072, 0.940933),
      ["LowerTorso"] = CFrame.new(-0.028084, -0.711010, 0.353807, -0.982781, 0.028086, 0.182629, 0.156093, 0.655113, 0.739231, -0.098881, 0.755009, -0.648216),
      ["RightUpperArm"] = CFrame.new(-0.092918, -0.145492, 0.026705, 0.890833, 0.264954, 0.369075, -0.383688, 0.873775, 0.298832, -0.243312, -0.407819, 0.880047),
      ["RightUpperLeg"] = CFrame.new(0.130572, -0.414476, -0.151806, 0.880219, -0.414877, 0.230417, 0.317153, 0.875441, 0.364714, -0.353028, -0.247951, 0.902159),
      ["рҹҢ§пёҸрҹҳірҹ‘»рҹҸіпёҸвҖҚрҹҢҲрҹҳӮрҹ’һрҹҸҙвҖҚвҳ пёҸрҹҺёрҹҢ§пёҸрҹҳірҹ‘»рҹҸіпёҸвҖҚрҹҢҲрҹҳӮрҹ’һрҹҸҙвҖҚвҳ"] = CFrame.new(-0.000000, -0.000000, 0.000000, 0.962668, -0.240429, -0.124359, 0.239292, 0.970645, -0.024224, 0.126533, -0.006438, 0.991942)
    }},
    { Time = 0.450, Data = {
      ["Head"] = CFrame.new(-0.000002, -0.000000, 0.000001, 0.550348, 0.014542, -0.834809, -0.341792, 0.916157, -0.209367, 0.761771, 0.400555, 0.509176),
      ["LeftUpperArm"] = CFrame.new(-0.031308, -0.609762, -0.425500, 0.947710, 0.266350, 0.175792, -0.033840, 0.631611, -0.774547, -0.317333, 0.728097, 0.607597),
      ["LeftUpperLeg"] = CFrame.new(-0.253534, -0.378377, 0.077132, 0.937602, 0.261636, 0.229018, -0.316134, 0.915686, 0.248152, -0.144783, -0.305068, 0.941261),
      ["LowerTorso"] = CFrame.new(-0.027945, -0.710520, 0.355262, -0.982790, 0.027947, 0.182603, 0.156048, 0.654623, 0.739674, -0.098865, 0.755439, -0.647718),
      ["RightUpperArm"] = CFrame.new(-0.092628, -0.144538, 0.026215, 0.889654, 0.264951, 0.371911, -0.384663, 0.873730, 0.297710, -0.246071, -0.407919, 0.879233),
      ["RightUpperLeg"] = CFrame.new(0.130661, -0.415107, -0.151250, 0.880206, -0.414616, 0.230934, 0.317152, 0.875866, 0.363693, -0.353061, -0.246884, 0.902439),
      ["рҹҢ§пёҸрҹҳірҹ‘»рҹҸіпёҸвҖҚрҹҢҲрҹҳӮрҹ’һрҹҸҙвҖҚвҳ пёҸрҹҺёрҹҢ§пёҸрҹҳірҹ‘»рҹҸіпёҸвҖҚрҹҢҲрҹҳӮрҹ’һрҹҸҙвҖҚвҳ"] = CFrame.new(-0.000000, 0.000000, -0.000000, 0.965710, -0.227917, -0.124329, 0.226672, 0.973669, -0.024263, 0.126585, -0.004751, 0.991944)
    }},
    { Time = 0.467, Data = {
      ["Head"] = CFrame.new(-0.000002, -0.000000, 0.000001, 0.550991, 0.013524, -0.834402, -0.335671, 0.919007, -0.206762, 0.764025, 0.394008, 0.510904),
      ["LeftUpperArm"] = CFrame.new(-0.031432, -0.609212, -0.425933, 0.947634, 0.266246, 0.176358, -0.033516, 0.632090, -0.774170, -0.317593, 0.727719, 0.607914),
      ["LeftUpperLeg"] = CFrame.new(-0.253479, -0.378836, 0.077500, 0.937593, 0.261833, 0.228830, -0.316141, 0.915905, 0.247333, -0.144827, -0.304240, 0.941522),
      ["LowerTorso"] = CFrame.new(-0.027815, -0.710102, 0.356256, -0.982798, 0.027817, 0.182576, 0.155998, 0.654204, 0.740055, -0.098856, 0.755806, -0.647290),
      ["RightUpperArm"] = CFrame.new(-0.092333, -0.143547, 0.025705, 0.888437, 0.264929, 0.374824, -0.385649, 0.873683, 0.296568, -0.248908, -0.408032, 0.878382),
      ["RightUpperLeg"] = CFrame.new(0.130714, -0.415538, -0.150855, 0.880219, -0.414386, 0.231296, 0.317104, 0.876180, 0.362979, -0.353070, -0.246156, 0.902634),
      ["рҹҢ§пёҸрҹҳірҹ‘»рҹҸіпёҸвҖҚрҹҢҲрҹҳӮрҹ’һрҹҸҙвҖҚвҳ пёҸрҹҺёрҹҢ§пёҸрҹҳірҹ‘»рҹҸіпёҸвҖҚрҹҢҲрҹҳӮрҹ’һрҹҸҙвҖҚвҳ"] = CFrame.new(-0.000000, -0.000000, 0.000000, 0.968718, -0.214784, -0.124312, 0.213431, 0.976657, -0.024265, 0.126622, -0.003026, 0.991946)
    }},
    { Time = 0.483, Data = {
      ["Head"] = CFrame.new(-0.000002, -0.000000, 0.000001, 0.551586, 0.012299, -0.834027, -0.329289, 0.921889, -0.204181, 0.766369, 0.387260, 0.512551),
      ["LeftUpperArm"] = CFrame.new(-0.031521, -0.608871, -0.426196, 0.947616, 0.266129, 0.176634, -0.033349, 0.632409, -0.773916, -0.317667, 0.727484, 0.608156),
      ["LeftUpperLeg"] = CFrame.new(-0.253448, -0.379131, 0.077749, 0.937584, 0.261979, 0.228700, -0.316180, 0.916001, 0.246925, -0.144800, -0.303823, 0.941661),
      ["LowerTorso"] = CFrame.new(-0.027752, -0.709888, 0.356892, -0.982785, 0.027755, 0.182658, 0.156047, 0.653991, 0.740234, -0.098911, 0.755994, -0.647063),
      ["RightUpperArm"] = CFrame.new(-0.092039, -0.142529, 0.025174, 0.887153, 0.264870, 0.377894, -0.386659, 0.873636, 0.295389, -0.251902, -0.408171, 0.877463),
      ["RightUpperLeg"] = CFrame.new(0.130763, -0.415845, -0.150615, 0.880193, -0.414345, 0.231470, 0.317167, 0.876317, 0.362592, -0.353079, -0.245736, 0.902745),
      ["рҹҢ§пёҸрҹҳірҹ‘»рҹҸіпёҸвҖҚрҹҢҲрҹҳӮрҹ’һрҹҸҙвҖҚвҳ пёҸрҹҺёрҹҢ§пёҸрҹҳірҹ‘»рҹҸіпёҸвҖҚрҹҢҲрҹҳӮрҹ’һрҹҸҙвҖҚвҳ"] = CFrame.new(-0.000000, -0.000000, -0.000000, 0.971596, -0.201367, -0.124304, 0.199905, 0.979515, -0.024253, 0.126641, -0.001284, 0.991948)
    }},
    { Time = 0.500, Data = {
      ["Head"] = CFrame.new(-0.000002, -0.000000, 0.000001, 0.552240, 0.011127, -0.833611, -0.322848, 0.924745, -0.201532, 0.768635, 0.380424, 0.514274),
      ["LeftUpperArm"] = CFrame.new(-0.031534, -0.608766, -0.426283, 0.947592, 0.266156, 0.176723, -0.033327, 0.632482, -0.773858, -0.317741, 0.727412, 0.608205),
      ["LeftUpperLeg"] = CFrame.new(-0.253436, -0.379217, 0.077814, 0.937584, 0.262000, 0.228676, -0.316167, 0.916050, 0.246760, -0.144828, -0.303658, 0.941709),
      ["LowerTorso"] = CFrame.new(-0.027744, -0.709817, 0.357105, -0.982785, 0.027746, 0.182659, 0.156052, 0.653919, 0.740296, -0.098904, 0.756056, -0.646992),
      ["RightUpperArm"] = CFrame.new(-0.091731, -0.141487, 0.024660, 0.885887, 0.264847, 0.380868, -0.387642, 0.873621, 0.294145, -0.254831, -0.408219, 0.876595),
      ["RightUpperLeg"] = CFrame.new(0.130759, -0.415913, -0.150556, 0.880226, -0.414245, 0.231524, 0.317120, 0.876405, 0.362421, -0.353040, -0.245591, 0.902800),
      ["рҹҢ§пёҸрҹҳірҹ‘»рҹҸіпёҸвҖҚрҹҢҲрҹҳӮрҹ’һрҹҸҙвҖҚвҳ пёҸрҹҺёрҹҢ§пёҸрҹҳірҹ‘»рҹҸіпёҸвҖҚрҹҢҲрҹҳӮрҹ’һрҹҸҙвҖҚвҳ"] = CFrame.new(-0.000000, 0.000000, 0.000000, 0.974352, -0.187581, -0.124306, 0.186011, 0.982249, -0.024222, 0.126643, 0.000478, 0.991948)
    }},
    { Time = 0.517, Data = {
      ["Head"] = CFrame.new(-0.000002, -0.000000, 0.000001, 0.552873, 0.009947, -0.833206, -0.316395, 0.927548, -0.198871, 0.770860, 0.373573, 0.515963),
      ["LeftUpperArm"] = CFrame.new(-0.031521, -0.608871, -0.426196, 0.947616, 0.266129, 0.176634, -0.033349, 0.632409, -0.773916, -0.317667, 0.727484, 0.608156),
      ["LeftUpperLeg"] = CFrame.new(-0.253448, -0.379131, 0.077749, 0.937584, 0.261979, 0.228700, -0.316180, 0.916001, 0.246925, -0.144800, -0.303823, 0.941661),
      ["LowerTorso"] = CFrame.new(-0.027752, -0.709888, 0.356892, -0.982785, 0.027755, 0.182658, 0.156047, 0.653991, 0.740234, -0.098911, 0.755994, -0.647063),
      ["RightUpperArm"] = CFrame.new(-0.091406, -0.140448, 0.024137, 0.884551, 0.264886, 0.383933, -0.388714, 0.873575, 0.292863, -0.257819, -0.408293, 0.875686),
