return {
  ["Astros cowgirl ride"] = {
    { Time = 0.000, Data = {
      ["Head"] = CFrame.new(0.000000, -0.000000, -0.000000, 0.999197, -0.028029, -0.028635, 0.038719, 0.859353, 0.509915, 0.010315, -0.510614, 0.859748),
      ["LeftUpperArm"] = CFrame.new(-0.175209, -0.296934, 0.035839, 0.905878, -0.362207, -0.219524, -0.068905, 0.385370, -0.920186, 0.417896, 0.848703, 0.324140),
      ["LeftUpperLeg"] = CFrame.new(-0.417443, -0.077215, -0.794867, 0.960802, 0.265558, -0.079613, -0.032747, 0.393868, 0.918584, 0.275295, -0.879970, 0.387125),
      ["LowerTorso"] = CFrame.new(-3.646865, -1.173132, -0.006454, -0.014512, 0.061432, -0.998006, 0.000019, 0.998111, 0.061439, 0.999895, 0.000873, -0.014486),
      ["RightUpperArm"] = CFrame.new(0.160894, -0.289565, 0.023425, 0.912886, 0.352961, 0.205078, 0.073178, 0.352744, -0.932854, -0.401601, 0.866597, 0.296186),
      ["RightUpperLeg"] = CFrame.new(0.423380, -0.023850, -0.817242, 0.920199, -0.374805, 0.112937, 0.068727, 0.438717, 0.895993, -0.385370, -0.816730, 0.429466)
    }},
    { Time = 0.017, Data = {
      ["Head"] = CFrame.new(0.000000, -0.000000, -0.000000, 0.999197, -0.028029, -0.028635, 0.038719, 0.859353, 0.509915, 0.010315, -0.510614, 0.859748),
      ["LeftUpperArm"] = CFrame.new(-0.175216, -0.296931, 0.035855, 0.905878, -0.362207, -0.219524, -0.068905, 0.385370, -0.920186, 0.417896, 0.848703, 0.324140),
      ["LeftUpperLeg"] = CFrame.new(-0.417431, -0.077235, -0.794912, 0.960820, 0.265513, -0.079543, -0.032795, 0.393868, 0.918582, 0.275225, -0.879984, 0.387144),
      ["LowerTorso"] = CFrame.new(-3.646867, -1.173162, -0.006454, -0.014512, 0.061432, -0.998006, 0.000019, 0.998111, 0.061439, 0.999895, 0.000873, -0.014486),
      ["RightUpperArm"] = CFrame.new(0.160918, -0.289565, 0.023433, 0.912871, 0.353029, 0.205028, 0.073110, 0.352729, -0.932865, -0.401648, 0.866575, 0.296186),
      ["RightUpperLeg"] = CFrame.new(0.423374, -0.023844, -0.817255, 0.920199, -0.374805, 0.112937, 0.068727, 0.438717, 0.895993, -0.385370, -0.816730, 0.429466)
    }},
    { Time = 0.033, Data = {
      ["Head"] = CFrame.new(0.000000, -0.000000, -0.000000, 0.999197, -0.028030, -0.028634, 0.038719, 0.859399, 0.509838, 0.010317, -0.510537, 0.859794),
      ["LeftUpperArm"] = CFrame.new(-0.175291, -0.296961, 0.035984, 0.905862, -0.362300, -0.219436, -0.068880, 0.385165, -0.920274, 0.417934, 0.848756, 0.323951),
      ["LeftUpperLeg"] = CFrame.new(-0.417410, -0.077200, -0.794981, 0.960820, 0.265517, -0.079529, -0.032781, 0.393774, 0.918622, 0.275226, -0.880024, 0.387050),
      ["LowerTorso"] = CFrame.new(-3.646881, -1.173375, -0.006454, -0.014512, 0.061432, -0.998006, 0.000019, 0.998111, 0.061439, 0.999895, 0.000873, -0.014486),
      ["RightUpperArm"] = CFrame.new(0.160960, -0.289561, 0.023537, 0.912871, 0.353040, 0.205009, 0.073131, 0.352632, -0.932900, -0.401644, 0.866610, 0.296089),
      ["RightUpperLeg"] = CFrame.new(0.423336, -0.023789, -0.817337, 0.920199, -0.374811, 0.112918, 0.068707, 0.438629, 0.896038, -0.385374, -0.816775, 0.429378)
    }},
    { Time = 0.050, Data = {
      ["Head"] = CFrame.new(0.000000, -0.000000, -0.000000, 0.999197, -0.028031, -0.028632, 0.038718, 0.859445, 0.509761, 0.010319, -0.510460, 0.859840),
      ["LeftUpperArm"] = CFrame.new(-0.175460, -0.296999, 0.036328, 0.905847, -0.362415, -0.219310, -0.068901, 0.384772, -0.920437, 0.417964, 0.848885, 0.323574),
      ["LeftUpperLeg"] = CFrame.new(-0.417353, -0.077101, -0.795170, 0.960820, 0.265529, -0.079488, -0.032738, 0.393493, 0.918745, 0.275231, -0.880146, 0.386769),
      ["LowerTorso"] = CFrame.new(-3.646915, -1.173952, -0.006454, -0.014512, 0.061432, -0.998006, 0.000019, 0.998111, 0.061439, 0.999895, 0.000873, -0.014486),
      ["RightUpperArm"] = CFrame.new(0.161087, -0.289613, 0.023841, 0.912889, 0.353117, 0.204798, 0.073121, 0.352132, -0.933090, -0.401605, 0.866782, 0.295637),
      ["RightUpperLeg"] = CFrame.new(0.423230, -0.023705, -0.817574, 0.920202, -0.374851, 0.112763, 0.068784, 0.438429, 0.896130, -0.385353, -0.816864, 0.429227)
    }},
    { Time = 0.067, Data = {
      ["Head"] = CFrame.new(0.000000, 0.000000, 0.000000, 0.999197, -0.028035, -0.028629, 0.038717, 0.859582, 0.509530, 0.010324, -0.510229, 0.859977),
      ["LeftUpperArm"] = CFrame.new(-0.175778, -0.297079, 0.037005, 0.905849, -0.362601, -0.218991, -0.068892, 0.383984, -0.920766, 0.417960, 0.849162, 0.322852),
      ["LeftUpperLeg"] = CFrame.new(-0.417249, -0.076951, -0.795515, 0.960805, 0.265621, -0.079370, -0.032737, 0.393008, 0.918952, 0.275286, -0.880335, 0.386300),
      ["LowerTorso"] = CFrame.new(-3.646985, -1.175076, -0.006456, -0.014512, 0.061432, -0.998006, 0.000019, 0.998111, 0.061439, 0.999895, 0.000873, -0.014486),
      ["RightUpperArm"] = CFrame.new(0.161355, -0.289669, 0.024405, 0.912859, 0.353342, 0.204545, 0.073158, 0.351324, -0.933391, -0.401667, 0.867019, 0.294860),
      ["RightUpperLeg"] = CFrame.new(0.423038, -0.023462, -0.817988, 0.920179, -0.374944, 0.112639, 0.068775, 0.438051, 0.896316, -0.385410, -0.817024, 0.428872)
    }},
    { Time = 0.083, Data = {
      ["Head"] = CFrame.new(0.000000, 0.000000, -0.000000, 0.999197, -0.028040, -0.028624, 0.038715, 0.859764, 0.509222, 0.010331, -0.509921, 0.860159),
      ["LeftUpperArm"] = CFrame.new(-0.176295, -0.297230, 0.038132, 0.905870, -0.362881, -0.218441, -0.068900, 0.382613, -0.921336, 0.417913, 0.849661, 0.321596),
      ["LeftUpperLeg"] = CFrame.new(-0.417071, -0.076734, -0.796110, 0.960792, 0.265753, -0.079080, -0.032796, 0.392132, 0.919324, 0.275323, -0.880686, 0.385473),
      ["LowerTorso"] = CFrame.new(-3.647099, -1.176929, -0.006457, -0.014512, 0.061432, -0.998006, 0.000019, 0.998111, 0.061439, 0.999895, 0.000873, -0.014486),
      ["RightUpperArm"] = CFrame.new(0.161766, -0.289756, 0.025345, 0.912879, 0.353596, 0.204015, 0.073135, 0.350015, -0.933885, -0.401626, 0.867444, 0.293662),
      ["RightUpperLeg"] = CFrame.new(0.422726, -0.023071, -0.818663, 0.920133, -0.375125, 0.112410, 0.068775, 0.437385, 0.896641, -0.385519, -0.817298, 0.428252)
    }},
    { Time = 0.100, Data = {
      ["Head"] = CFrame.new(0.000000, 0.000000, -0.000000, 0.999197, -0.028049, -0.028615, 0.038712, 0.860083, 0.508683, 0.010343, -0.509382, 0.860478),
      ["LeftUpperArm"] = CFrame.new(-0.177088, -0.297462, 0.039806, 0.905860, -0.363379, -0.217656, -0.068926, 0.380546, -0.922190, 0.417932, 0.850377, 0.319675),
      ["LeftUpperLeg"] = CFrame.new(-0.416802, -0.076374, -0.797005, 0.960780, 0.265898, -0.078747, -0.032813, 0.390974, 0.919817, 0.275365, -0.881157, 0.384365),
      ["LowerTorso"] = CFrame.new(-3.647268, -1.179694, -0.006460, -0.014512, 0.061432, -0.998006, 0.000019, 0.998111, 0.061439, 0.999895, 0.000873, -0.014486),
      ["RightUpperArm"] = CFrame.new(0.162404, -0.289930, 0.026754, 0.912868, 0.354074, 0.203232, 0.073148, 0.347896, -0.934675, -0.401647, 0.868102, 0.291683),
      ["RightUpperLeg"] = CFrame.new(0.422248, -0.022505, -0.819704, 0.920090, -0.375358, 0.111988, 0.068813, 0.436341, 0.897146, -0.385615, -0.817749, 0.427302)
    }},
    { Time = 0.117, Data = {
      ["Head"] = CFrame.new(0.000000, 0.000000, 0.000000, 0.999197, -0.028061, -0.028604, 0.038708, 0.860493, 0.507990, 0.010359, -0.508689, 0.860888),
      ["LeftUpperArm"] = CFrame.new(-0.178191, -0.297778, 0.042139, 0.905851, -0.364060, -0.216549, -0.068945, 0.377684, -0.923364, 0.417947, 0.851361, 0.317025),
      ["LeftUpperLeg"] = CFrame.new(-0.416433, -0.075860, -0.798233, 0.960751, 0.266137, -0.078283, -0.032814, 0.389234, 0.920554, 0.275464, -0.881855, 0.382690),
      ["LowerTorso"] = CFrame.new(-3.647506, -1.183552, -0.006463, -0.014512, 0.061432, -0.998006, 0.000019, 0.998111, 0.061439, 0.999895, 0.000873, -0.014486),
      ["RightUpperArm"] = CFrame.new(0.163290, -0.290141, 0.028708, 0.912860, 0.354716, 0.202146, 0.073128, 0.345059, -0.935728, -0.401670, 0.868971, 0.289051),
      ["RightUpperLeg"] = CFrame.new(0.421583, -0.021761, -0.821160, 0.920026, -0.375710, 0.111325, 0.068957, 0.434894, 0.897838, -0.385741, -0.818358, 0.426022)
    }},
    { Time = 0.133, Data = {
      ["Head"] = CFrame.new(0.000000, 0.000000, 0.000000, 0.999196, -0.028182, -0.028528, 0.038763, 0.861036, 0.507065, 0.010273, -0.507763, 0.861435),
      ["LeftUpperArm"] = CFrame.new(-0.179638, -0.298187, 0.045241, 0.905879, -0.364889, -0.215035, -0.068931, 0.373926, -0.924894, 0.417891, 0.852664, 0.313579),
      ["LeftUpperLeg"] = CFrame.new(-0.415935, -0.075192, -0.799891, 0.960726, 0.266424, -0.077616, -0.032847, 0.386911, 0.921532, 0.275549, -0.882790, 0.380466),
      ["LowerTorso"] = CFrame.new(-3.647822, -1.188686, -0.006468, -0.014512, 0.061432, -0.998006, 0.000019, 0.998111, 0.061439, 0.999895, 0.000873, -0.014486),
      ["RightUpperArm"] = CFrame.new(0.164442, -0.290412, 0.031310, 0.912868, 0.355475, 0.200770, 0.073186, 0.341320, -0.937094, -0.401640, 0.870137, 0.285565),
      ["RightUpperLeg"] = CFrame.new(0.420700, -0.020673, -0.823075, 0.919937, -0.376133, 0.110633, 0.068955, 0.433001, 0.898752, -0.385955, -0.819167, 0.424269)
    }},
    { Time = 0.150, Data = {
      ["Head"] = CFrame.new(0.000000, -0.000000, 0.000000, 0.999196, -0.028201, -0.028509, 0.038756, 0.861716, 0.505909, 0.010299, -0.506607, 0.862116),
      ["LeftUpperArm"] = CFrame.new(-0.181520, -0.298722, 0.049212, 0.905857, -0.366045, -0.213151, -0.068959, 0.369057, -0.926845, 0.417932, 0.854288, 0.309071),
      ["LeftUpperLeg"] = CFrame.new(-0.415291, -0.074339, -0.802038, 0.960703, 0.266763, -0.076733, -0.032896, 0.383906, 0.922786, 0.275623, -0.883999, 0.377595),
      ["LowerTorso"] = CFrame.new(-3.648228, -1.195278, -0.006474, -0.014512, 0.061432, -0.998006, 0.000019, 0.998111, 0.061439, 0.999895, 0.000873, -0.014486),
      ["RightUpperArm"] = CFrame.new(0.165942, -0.290784, 0.034645, 0.912880, 0.356526, 0.198844, 0.073112, 0.336429, -0.938867, -0.401628, 0.871610, 0.281053),
      ["RightUpperLeg"] = CFrame.new(0.419563, -0.019379, -0.825561, 0.919829, -0.376709, 0.109564, 0.069155, 0.430589, 0.899895, -0.386175, -0.820173, 0.422119)
    }},
    { Time = 0.167, Data = {
      ["Head"] = CFrame.new(0.000000, 0.000000, 0.000000, 0.999196, -0.028227, -0.028484, 0.038746, 0.862620, 0.504366, 0.010334, -0.505064, 0.863020),
      ["LeftUpperArm"] = CFrame.new(-0.183859, -0.299393, 0.054165, 0.905854, -0.367444, -0.210744, -0.068954, 0.362969, -0.929246, 0.417940, 0.856293, 0.303460),
      ["LeftUpperLeg"] = CFrame.new(-0.414492, -0.073251, -0.804698, 0.960664, 0.267197, -0.075702, -0.032915, 0.380214, 0.924313, 0.275757, -0.885462, 0.374052),
      ["LowerTorso"] = CFrame.new(-3.648736, -1.203510, -0.006481, -0.014512, 0.061432, -0.998006, 0.000019, 0.998111, 0.061439, 0.999895, 0.000873, -0.014486),
      ["RightUpperArm"] = CFrame.new(0.167801, -0.291252, 0.038805, 0.912892, 0.357787, 0.196512, 0.073115, 0.330304, -0.941038, -0.401600, 0.873434, 0.275372),
      ["RightUpperLeg"] = CFrame.new(0.418153, -0.017688, -0.828625, 0.919672, -0.377429, 0.108398, 0.069257, 0.427613, 0.901305, -0.386531, -0.821398, 0.419403)
    }},
    { Time = 0.183, Data = {
      ["Head"] = CFrame.new(0.000000, 0.000000, -0.000000, 0.999197, -0.028279, -0.028371, 0.038713, 0.863657, 0.502592, 0.010291, -0.503287, 0.864058),
      ["LeftUpperArm"] = CFrame.new(-0.186720, -0.300239, 0.060206, 0.905852, -0.369170, -0.207717, -0.068897, 0.355433, -0.932159, 0.417954, 0.858709, 0.296535),
      ["LeftUpperLeg"] = CFrame.new(-0.413518, -0.071949, -0.807941, 0.960611, 0.267758, -0.074375, -0.032991, 0.375623, 0.926185, 0.275930, -0.887250, 0.369662),
      ["LowerTorso"] = CFrame.new(-3.649354, -1.213565, -0.006490, -0.014512, 0.061432, -0.998006, 0.000019, 0.998111, 0.061439, 0.999895, 0.000873, -0.014486),
      ["RightUpperArm"] = CFrame.new(0.170073, -0.291827, 0.043870, 0.912888, 0.359329, 0.193697, 0.073154, 0.322816, -0.943631, -0.401603, 0.875598, 0.268408),
      ["RightUpperLeg"] = CFrame.new(0.416413, -0.015648, -0.832418, 0.919520, -0.378244, 0.106840, 0.069429, 0.423865, 0.903060, -0.386863, -0.822964, 0.416013)
    }},
    { Time = 0.200, Data = {
      ["Head"] = CFrame.new(0.000000, -0.000000, 0.000000, 0.999197, -0.028315, -0.028335, 0.038700, 0.864958, 0.500350, 0.010341, -0.501045, 0.865359),
      ["LeftUpperArm"] = CFrame.new(-0.190109, -0.301237, 0.067436, 0.905881, -0.371076, -0.204163, -0.068925, 0.346459, -0.935529, 0.417887, 0.861550, 0.288274),
      ["LeftUpperLeg"] = CFrame.new(-0.412354, -0.070349, -0.811817, 0.960543, 0.268418, -0.072869, -0.033004, 0.370140, 0.928389, 0.276168, -0.889353, 0.364394),
      ["LowerTorso"] = CFrame.new(-3.650096, -1.225626, -0.006501, -0.014512, 0.061432, -0.998006, 0.000019, 0.998111, 0.061439, 0.999895, 0.000873, -0.014486),
      ["RightUpperArm"] = CFrame.new(0.172797, -0.292518, 0.049921, 0.912883, 0.361176, 0.190257, 0.073134, 0.313824, -0.946660, -0.401618, 0.878104, 0.260070),
      ["RightUpperLeg"] = CFrame.new(0.414333, -0.013181, -0.836945, 0.919319, -0.379233, 0.105045, 0.069598, 0.419428, 0.905117, -0.387309, -0.824780, 0.411982)
    }},
    { Time = 0.217, Data = {
      ["Head"] = CFrame.new(0.000000, 0.000000, -0.000000, 0.999196, -0.028463, -0.028232, 0.038746, 0.866428, 0.497796, 0.010292, -0.498490, 0.866834),
      ["LeftUpperArm"] = CFrame.new(-0.194137, -0.302438, 0.075939, 0.905856, -0.373425, -0.199945, -0.068937, 0.335771, -0.939418, 0.417937, 0.864761, 0.278418),
      ["LeftUpperLeg"] = CFrame.new(-0.410977, -0.068537, -0.816406, 0.960462, 0.269225, -0.070930, -0.033176, 0.363625, 0.930954, 0.276428, -0.891793, 0.358180),
      ["LowerTorso"] = CFrame.new(-3.650973, -1.239873, -0.006514, -0.014512, 0.061432, -0.998006, 0.000019, 0.998111, 0.061439, 0.999895, 0.000873, -0.014486),
      ["RightUpperArm"] = CFrame.new(0.175989, -0.293331, 0.057045, 0.912890, 0.363258, 0.186213, 0.073149, 0.303216, -0.950110, -0.401598, 0.880968, 0.250231),
      ["RightUpperLeg"] = CFrame.new(0.411882, -0.010296, -0.842286, 0.919073, -0.380424, 0.102875, 0.069857, 0.414180, 0.907510, -0.387848, -0.826881, 0.407237)
    }},
    { Time = 0.233, Data = {
      ["Head"] = CFrame.new(0.000000, -0.000000, 0.000000, 0.999196, -0.028513, -0.028181, 0.038727, 0.868203, 0.494696, 0.010361, -0.495390, 0.868609),
      ["LeftUpperArm"] = CFrame.new(-0.198806, -0.303854, 0.085825, 0.905860, -0.376049, -0.194950, -0.068926, 0.323247, -0.943801, 0.417933, 0.868389, 0.266896),
      ["LeftUpperLeg"] = CFrame.new(-0.409366, -0.066326, -0.821768, 0.960380, 0.270062, -0.068827, -0.033183, 0.356014, 0.933891, 0.276712, -0.894606, 0.350870),
      ["LowerTorso"] = CFrame.new(-3.651995, -1.256490, -0.006529, -0.014512, 0.061432, -0.998006, 0.000019, 0.998111, 0.061439, 0.999895, 0.000873, -0.014486),
      ["RightUpperArm"] = CFrame.new(0.179719, -0.294312, 0.065313, 0.912876, 0.365716, 0.181408, 0.073114, 0.290721, -0.954010, -0.401636, 0.884157, 0.238653),
      ["RightUpperLeg"] = CFrame.new(0.409027, -0.006876, -0.848496, 0.918777, -0.381797, 0.100402, 0.070047, 0.407953, 0.910312, -0.388514, -0.829340, 0.401562)
    }},
    { Time = 0.250, Data = {
      ["Head"] = CFrame.new(0.000000, -0.000000, 0.000000, 0.999195, -0.028675, -0.028062, 0.038768, 0.870182, 0.491203, 0.010334, -0.491896, 0.870593),
      ["LeftUpperArm"] = CFrame.new(-0.204155, -0.305505, 0.097185, 0.905886, -0.378940, -0.189141, -0.068922, 0.308737, -0.948647, 0.417875, 0.872402, 0.253563),
      ["LeftUpperLeg"] = CFrame.new(-0.407508, -0.063846, -0.827960, 0.960284, 0.271039, -0.066270, -0.033332, 0.347239, 0.937184, 0.277025, -0.897754, 0.342482),
      ["LowerTorso"] = CFrame.new(-3.653174, -1.275658, -0.006546, -0.014512, 0.061432, -0.998006, 0.000019, 0.998111, 0.061439, 0.999895, 0.000873, -0.014486),
      ["RightUpperArm"] = CFrame.new(0.183984, -0.295466, 0.074810, 0.912870, 0.368407, 0.175913, 0.073194, 0.276220, -0.958303, -0.401636, 0.887682, 0.225187),
      ["RightUpperLeg"] = CFrame.new(0.405723, -0.002972, -0.855696, 0.918458, -0.383325, 0.097456, 0.070350, 0.400799, 0.913461, -0.389213, -0.832119, 0.395084)
    }},
    { Time = 0.267, Data = {
      ["Head"] = CFrame.new(0.000000, -0.000000, -0.000000, 0.999197, -0.028762, -0.027912, 0.038722, 0.872454, 0.487160, 0.010340, -0.487850, 0.872866),
      ["LeftUpperArm"] = CFrame.new(-0.210273, -0.307419, 0.110086, 0.905865, -0.382264, -0.182438, -0.068876, 0.292046, -0.953921, 0.417930, 0.876689, 0.238225),
      ["LeftUpperLeg"] = CFrame.new(-0.405396, -0.060979, -0.834996, 0.960154, 0.272178, -0.063428, -0.033434, 0.337196, 0.940841, 0.277464, -0.901231, 0.332860),
      ["LowerTorso"] = CFrame.new(-3.654523, -1.297561, -0.006565, -0.014512, 0.061432, -0.998006, 0.000019, 0.998111, 0.061439, 0.999895, 0.000873, -0.014486),
      ["RightUpperArm"] = CFrame.new(0.188839, -0.296797, 0.085591, 0.912881, 0.371408, 0.169422, 0.073092, 0.259606, -0.962945, -0.401628, 0.891438, 0.209842),
      ["RightUpperLeg"] = CFrame.new(0.401949, 0.001489, -0.863917, 0.918089, -0.385048, 0.094081, 0.070693, 0.392610, 0.916984, -0.390020, -0.835222, 0.387671)
    }},
    { Time = 0.283, Data = {
      ["Head"] = CFrame.new(0.000000, 0.000000, 0.000000, 0.999195, -0.028939, -0.027775, 0.038757, 0.874961, 0.482640, 0.010335, -0.483328, 0.875378),
      ["LeftUpperArm"] = CFrame.new(-0.217147, -0.309588, 0.124619, 0.905856, -0.385810, -0.174856, -0.068882, 0.273136, -0.959506, 0.417947, 0.881219, 0.220847),
      ["LeftUpperLeg"] = CFrame.new(-0.402992, -0.057741, -0.843001, 0.960025, 0.273378, -0.060141, -0.033572, 0.325758, 0.944857, 0.277894, -0.905067, 0.321914),
      ["LowerTorso"] = CFrame.new(-3.656051, -1.322380, -0.006588, -0.014512, 0.061432, -0.998006, 0.000019, 0.998111, 0.061439, 0.999895, 0.000873, -0.014486),
      ["RightUpperArm"] = CFrame.new(0.194287, -0.298338, 0.097731, 0.912892, 0.374611, 0.162159, 0.073168, 0.240652, -0.967850, -0.401591, 0.895407, 0.192280),
      ["RightUpperLeg"] = CFrame.new(0.397687, 0.006574, -0.873197, 0.917643, -0.387003, 0.090337, 0.071024, 0.383365, 0.920862, -0.391008, -0.838606, 0.379278)
    }},
    { Time = 0.300, Data = {
      ["Head"] = CFrame.new(0.000000, -0.000000, 0.000000, 0.999194, -0.029126, -0.027628, 0.038789, 0.877784, 0.477484, 0.010344, -0.478171, 0.878206),
      ["LeftUpperArm"] = CFrame.new(-0.224615, -0.312019, 0.140404, 0.905856, -0.389516, -0.166438, -0.068880, 0.252242, -0.965210, 0.417947, 0.885806, 0.201665),
      ["LeftUpperLeg"] = CFrame.new(-0.400362, -0.054168, -0.851762, 0.959894, 0.274602, -0.056554, -0.033654, 0.313109, 0.949121, 0.278338, -0.909151, 0.309793),
      ["LowerTorso"] = CFrame.new(-3.657718, -1.349500, -0.006612, -0.014512, 0.061432, -0.998006, 0.000019, 0.998111, 0.061439, 0.999895, 0.000873, -0.014486),
      ["RightUpperArm"] = CFrame.new(0.200228, -0.300038, 0.110878, 0.912863, 0.378060, 0.154118, 0.073170, 0.219882, -0.972778, -0.401656, 0.899290, 0.173059),
      ["RightUpperLeg"] = CFrame.new(0.393023, 0.012096, -0.883360, 0.917168, -0.389087, 0.086101, 0.071456, 0.373135, 0.925021, -0.392041, -0.842248, 0.370030)
    }},
    { Time = 0.317, Data = {
      ["Head"] = CFrame.new(0.000000, -0.000000, 0.000000, 0.999197, -0.029258, -0.027364, 0.038713, 0.880913, 0.471691, 0.010305, -0.472372, 0.881339),
      ["LeftUpperArm"] = CFrame.new(-0.231398, -0.314266, 0.154755, 0.905861, -0.392714, -0.158719, -0.068933, 0.233038, -0.970021, 0.417929, 0.889646, 0.184029),
      ["LeftUpperLeg"] = CFrame.new(-0.397962, -0.050925, -0.859756, 0.959757, 0.275738, -0.053242, -0.033782, 0.301568, 0.952846, 0.278792, -0.912702, 0.298747),
      ["LowerTorso"] = CFrame.new(-3.659245, -1.374319, -0.006634, -0.014512, 0.061432, -0.998006, 0.000019, 0.998111, 0.061439, 0.999895, 0.000873, -0.014486),
      ["RightUpperArm"] = CFrame.new(0.205600, -0.301597, 0.122821, 0.912871, 0.380974, 0.146719, 0.073182, 0.200858, -0.976883, -0.401636, 0.902505, 0.155477),
      ["RightUpperLeg"] = CFrame.new(0.388755, 0.017173, -0.892659, 0.916735, -0.390940, 0.082239, 0.071803, 0.363744, 0.928727, -0.392990, -0.845492, 0.361527)
    }},
    { Time = 0.333, Data = {
      ["Head"] = CFrame.new(0.000000, 0.000000, -0.000000, 0.999196, -0.029463, -0.027194, 0.038738, 0.884331, 0.465251, 0.010341, -0.465930, 0.884761),
      ["LeftUpperArm"] = CFrame.new(-0.237348, -0.316265, 0.167344, 0.905875, -0.395400, -0.151818, -0.068934, 0.216027, -0.973951, 0.417897, 0.892744, 0.168437),
      ["LeftUpperLeg"] = CFrame.new(-0.395847, -0.048069, -0.866805, 0.959633, 0.276725, -0.050276, -0.033908, 0.291282, 0.956036, 0.279204, -0.915739, 0.288907),
      ["LowerTorso"] = CFrame.new(-3.660594, -1.396222, -0.006654, -0.014512, 0.061432, -0.998006, 0.000019, 0.998111, 0.061439, 0.999895, 0.000873, -0.014486),
      ["RightUpperArm"] = CFrame.new(0.210324, -0.303031, 0.133286, 0.912871, 0.383479, 0.140036, 0.073136, 0.183853, -0.980229, -0.401643, 0.905065, 0.139788),
      ["RightUpperLeg"] = CFrame.new(0.384980, 0.021686, -0.900880, 0.916369, -0.392492, 0.078851, 0.072044, 0.355425, 0.931924, -0.393798, -0.848306, 0.353978)
    }},
    { Time = 0.350, Data = {
      ["Head"] = CFrame.new(0.000000, 0.000000, 0.000000, 0.999196, -0.029697, -0.026927, 0.038739, 0.888065, 0.458083, 0.010310, -0.458757, 0.888502),
      ["LeftUpperArm"] = CFrame.new(-0.242551, -0.318037, 0.178294, 0.905854, -0.397737, -0.145719, -0.068910, 0.201055, -0.977153, 0.417947, 0.895200, 0.154718),
      ["LeftUpperLeg"] = CFrame.new(-0.393987, -0.045544, -0.872997, 0.959539, 0.277502, -0.047716, -0.033967, 0.282299, 0.958725, 0.279518, -0.918314, 0.280303),
      ["LowerTorso"] = CFrame.new(-3.661773, -1.415391, -0.006671, -0.014512, 0.061432, -0.998006, 0.000019, 0.998111, 0.061439, 0.999895, 0.000873, -0.014486),
      ["RightUpperArm"] = CFrame.new(0.214419, -0.304255, 0.142385, 0.912874, 0.385523, 0.134290, 0.073181, 0.169084, -0.982881, -0.401629, 0.907074, 0.126140),
      ["RightUpperLeg"] = CFrame.new(0.381689, 0.025613, -0.908051, 0.916024, -0.393892, 0.075822, 0.072299, 0.348056, 0.934682, -0.394554, -0.850709, 0.347306)
    }},
    { Time = 0.367, Data = {
      ["Head"] = CFrame.new(0.000000, 0.000000, 0.000000, 0.999196, -0.029940, -0.026647, 0.038737, 0.892098, 0.450179, 0.010294, -0.450849, 0.892541),
      ["LeftUpperArm"] = CFrame.new(-0.247031, -0.319567, 0.187743, 0.905852, -0.399644, -0.140414, -0.068882, 0.188096, -0.979732, 0.417955, 0.897165, 0.142859),
      ["LeftUpperLeg"] = CFrame.new(-0.392383, -0.043388, -0.878342, 0.959443, 0.278216, -0.045446, -0.034082, 0.274508, 0.960981, 0.279835, -0.920457, 0.272857),
      ["LowerTorso"] = CFrame.new(-3.662796, -1.432008, -0.006686, -0.014512, 0.061432, -0.998006, 0.000019, 0.998111, 0.061439, 0.999895, 0.000873, -0.014486),
      ["RightUpperArm"] = CFrame.new(0.217970, -0.305360, 0.150227, 0.912860, 0.387298, 0.129178, 0.073154, 0.156120, -0.985026, -0.401666, 0.908640, 0.114183),
      ["RightUpperLeg"] = CFrame.new(0.378835, 0.029026, -0.914267, 0.915725, -0.395079, 0.073208, 0.072503, 0.341680, 0.937016, -0.395209, -0.852741, 0.341529)
    }},
    { Time = 0.383, Data = {
      ["Head"] = CFrame.new(0.000000, 0.000000, 0.000000, 0.999197, -0.030190, -0.026357, 0.038732, 0.896330, 0.441692, 0.010290, -0.442358, 0.896780),
      ["LeftUpperArm"] = CFrame.new(-0.250843, -0.320909, 0.195823, 0.905875, -0.401167, -0.135853, -0.068914, 0.176874, -0.981818, 0.417902, 0.898766, 0.132580),
      ["LeftUpperLeg"] = CFrame.new(-0.390999, -0.041501, -0.882952, 0.959379, 0.278739, -0.043561, -0.034106, 0.267860, 0.962854, 0.280053, -0.922256, 0.266486),
      ["LowerTorso"] = CFrame.new(-3.663673, -1.446255, -0.006699, -0.014512, 0.061432, -0.998006, 0.000019, 0.998111, 0.061439, 0.999895, 0.000873, -0.014486),
      ["RightUpperArm"] = CFrame.new(0.220983, -0.306296, 0.156922, 0.912869, 0.388699, 0.124831, 0.073171, 0.145041, -0.986716, -0.401641, 0.909877, 0.103962),
      ["RightUpperLeg"] = CFrame.new(0.376386, 0.031961, -0.919601, 0.915474, -0.396060, 0.071016, 0.072661, 0.336310, 0.938944, -0.395762, -0.854419, 0.336661)
    }},
    { Time = 0.400, Data = {
      ["Head"] = CFrame.new(0.000000, 0.000000, 0.000000, 0.999195, -0.030410, -0.026156, 0.038751, 0.900247, 0.433651, 0.010360, -0.434316, 0.900701),
      ["LeftUpperArm"] = CFrame.new(-0.254081, -0.322041, 0.202626, 0.905853, -0.402501, -0.131995, -0.068929, 0.167390, -0.983478, 0.417946, 0.899985, 0.123887),
      ["LeftUpperLeg"] = CFrame.new(-0.389833, -0.039914, -0.886836, 0.959313, 0.279215, -0.041927, -0.034145, 0.262131, 0.964428, 0.280274, -0.923757, 0.260999),
      ["LowerTorso"] = CFrame.new(-3.664416, -1.458315, -0.006709, -0.014512, 0.061432, -0.998006, 0.000019, 0.998111, 0.061439, 0.999895, 0.000873, -0.014486),
      ["RightUpperArm"] = CFrame.new(0.223532, -0.307100, 0.162563, 0.912868, 0.389881, 0.121099, 0.073149, 0.135625, -0.988056, -0.401649, 0.910823, 0.095288),
      ["RightUpperLeg"] = CFrame.new(0.374308, 0.034429, -0.924132, 0.915272, -0.396872, 0.069066, 0.072829, 0.331645, 0.940589, -0.396199, -0.855865, 0.332449)
    }},
    { Time = 0.417, Data = {
      ["Head"] = CFrame.new(0.000000, 0.000000, 0.000000, 0.999195, -0.030638, -0.025884, 0.038755, 0.903711, 0.426385, 0.010328, -0.427046, 0.904171),
      ["LeftUpperArm"] = CFrame.new(-0.256753, -0.322987, 0.208291, 0.905874, -0.403509, -0.128738, -0.068919, 0.159472, -0.984794, 0.417903, 0.900971, 0.116652),
      ["LeftUpperLeg"] = CFrame.new(-0.388867, -0.038601, -0.890056, 0.959246, 0.279649, -0.040547, -0.034199, 0.257330, 0.965718, 0.280496, -0.924974, 0.256407),
      ["LowerTorso"] = CFrame.new(-3.665034, -1.468370, -0.006718, -0.014512, 0.061432, -0.998006, 0.000019, 0.998111, 0.061439, 0.999895, 0.000873, -0.014486),
      ["RightUpperArm"] = CFrame.new(0.225641, -0.307760, 0.167252, 0.912876, 0.390803, 0.118027, 0.073167, 0.127808, -0.989096, -0.401627, 0.911558, 0.088079),
      ["RightUpperLeg"] = CFrame.new(0.372580, 0.036481, -0.927900, 0.915094, -0.397560, 0.067450, 0.072979, 0.327789, 0.941928, -0.396583, -0.857030, 0.328971)
    }},
    { Time = 0.433, Data = {
      ["Head"] = CFrame.new(0.000000, -0.000000, 0.000000, 0.999195, -0.030854, -0.025621, 0.038764, 0.906816, 0.419740, 0.010283, -0.420396, 0.907283),
      ["LeftUpperArm"] = CFrame.new(-0.258952, -0.323755, 0.212909, 0.905855, -0.404375, -0.126130, -0.068957, 0.153015, -0.985815, 0.417938, 0.901703, 0.110725),
      ["LeftUpperLeg"] = CFrame.new(-0.388073, -0.037507, -0.892696, 0.959195, 0.279976, -0.039475, -0.034204, 0.253486, 0.966734, 0.280669, -0.925936, 0.252719),
      ["LowerTorso"] = CFrame.new(-3.665540, -1.476603, -0.006726, -0.014512, 0.061432, -0.998006, 0.000019, 0.998111, 0.061439, 0.999895, 0.000873, -0.014486),
      ["RightUpperArm"] = CFrame.new(0.227381, -0.308317, 0.171074, 0.912858, 0.391612, 0.115458, 0.073146, 0.121348, -0.989911, -0.401672, 0.912094, 0.082128),
      ["RightUpperLeg"] = CFrame.new(0.371169, 0.038176, -0.930973, 0.914940, -0.398135, 0.066128, 0.073071, 0.324555, 0.943040, -0.396919, -0.857993, 0.326041)
    }},
    { Time = 0.450, Data = {
      ["Head"] = CFrame.new(0.000000, 0.000000, 0.000000, 0.999197, -0.030956, -0.025436, 0.038712, 0.909544, 0.413801, 0.010326, -0.414454, 0.910012),
      ["LeftUpperArm"] = CFrame.new(-0.260715, -0.324384, 0.216598, 0.905841, -0.405078, -0.123950, -0.068912, 0.147793, -0.986615, 0.417975, 0.902258, 0.105962),
      ["LeftUpperLeg"] = CFrame.new(-0.387435, -0.036651, -0.894825, 0.959161, 0.280219, -0.038562, -0.034249, 0.250379, 0.967542, 0.280779, -0.926708, 0.249751),
      ["LowerTorso"] = CFrame.new(-3.665945, -1.483195, -0.006732, -0.014512, 0.061432, -0.998006, 0.000019, 0.998111, 0.061439, 0.999895, 0.000873, -0.014486),
      ["RightUpperArm"] = CFrame.new(0.228745, -0.308760, 0.174138, 0.912883, 0.392145, 0.113433, 0.073172, 0.116185, -0.990529, -0.401610, 0.912537, 0.077370),
      ["RightUpperLeg"] = CFrame.new(0.370042, 0.039543, -0.933426, 0.914812, -0.398595, 0.065123, 0.073126, 0.322046, 0.943896, -0.397204, -0.858725, 0.323759)
    }},
    { Time = 0.467, Data = {
      ["Head"] = CFrame.new(0.000000, -0.000000, 0.000000, 0.999196, -0.031133, -0.025278, 0.038748, 0.911975, 0.408411, 0.010338, -0.409062, 0.912448),
      ["LeftUpperArm"] = CFrame.new(-0.262057, -0.324867, 0.219479, 0.905874, -0.405508, -0.122296, -0.068929, 0.143747, -0.987211, 0.417901, 0.902718, 0.102265),
      ["LeftUpperLeg"] = CFrame.new(-0.386933, -0.035942, -0.896494, 0.959144, 0.280365, -0.037914, -0.034199, 0.247927, 0.968175, 0.280842, -0.927323, 0.247386),
      ["LowerTorso"] = CFrame.new(-3.666262, -1.488329, -0.006736, -0.014512, 0.061432, -0.998006, 0.000019, 0.998111, 0.061439, 0.999895, 0.000873, -0.014486),
      ["RightUpperArm"] = CFrame.new(0.229831, -0.309106, 0.176508, 0.912865, 0.392651, 0.111814, 0.073139, 0.112162, -0.990995, -0.401657, 0.912822, 0.073670),
      ["RightUpperLeg"] = CFrame.new(0.369153, 0.040615, -0.935361, 0.914735, -0.398902, 0.064326, 0.073154, 0.320070, 0.944565, -0.397377, -0.859321, 0.321960)
    }},
    { Time = 0.483, Data = {
      ["Head"] = CFrame.new(0.000000, 0.000000, -0.000000, 0.999197, -0.031217, -0.025112, 0.038703, 0.914092, 0.403657, 0.010354, -0.404304, 0.914566),
      ["LeftUpperArm"] = CFrame.new(-0.263088, -0.325229, 0.221630, 0.905862, -0.405913, -0.121030, -0.068904, 0.140714, -0.987650, 0.417931, 0.903014, 0.099498),
      ["LeftUpperLeg"] = CFrame.new(-0.386558, -0.035449, -0.897745, 0.959128, 0.280497, -0.037359, -0.034242, 0.246098, 0.968640, 0.280895, -0.927770, 0.245644),
      ["LowerTorso"] = CFrame.new(-3.666499, -1.492187, -0.006740, -0.014512, 0.061432, -0.998006, 0.000019, 0.998111, 0.061439, 0.999895, 0.000873, -0.014486),
      ["RightUpperArm"] = CFrame.new(0.230629, -0.309347, 0.178292, 0.912873, 0.392966, 0.110639, 0.073135, 0.109209, -0.991325, -0.401639, 0.913045, 0.070954),
      ["RightUpperLeg"] = CFrame.new(0.368494, 0.041423, -0.936794, 0.914658, -0.399170, 0.063753, 0.073171, 0.318604, 0.945060, -0.397552, -0.859741, 0.320621)
    }},
    { Time = 0.500, Data = {
      ["Head"] = CFrame.new(0.000000, -0.000000, 0.000000, 0.999196, -0.031376, -0.024974, 0.038746, 0.915932, 0.399459, 0.010341, -0.400105, 0.916411),
      ["LeftUpperArm"] = CFrame.new(-0.263824, -0.325500, 0.223173, 0.905858, -0.406197, -0.120107, -0.068890, 0.138497, -0.987964, 0.417942, 0.903229, 0.097475),
      ["LeftUpperLeg"] = CFrame.new(-0.386291, -0.035081, -0.898632, 0.959110, 0.280603, -0.037000, -0.034243, 0.244808, 0.968967, 0.280953, -0.928079, 0.244406),
      ["LowerTorso"] = CFrame.new(-3.666669, -1.494951, -0.006742, -0.014512, 0.061432, -0.998006, 0.000019, 0.998111, 0.061439, 0.999895, 0.000873, -0.014486),
      ["RightUpperArm"] = CFrame.new(0.231195, -0.309522, 0.179571, 0.912888, 0.393164, 0.109803, 0.073146, 0.107086, -0.991556, -0.401603, 0.913211, 0.068999),
      ["RightUpperLeg"] = CFrame.new(0.368008, 0.041964, -0.937860, 0.914631, -0.399311, 0.063251, 0.073258, 0.317552, 0.945407, -0.397597, -0.860065, 0.319695)
    }},
    { Time = 0.517, Data = {
      ["Head"] = CFrame.new(0.000000, 0.000000, 0.000000, 0.999197, -0.031445, -0.024826, 0.038707, 0.917546, 0.395741, 0.010335, -0.396384, 0.918027),
      ["LeftUpperArm"] = CFrame.new(-0.264310, -0.325659, 0.224206, 0.905862, -0.406360, -0.119526, -0.068884, 0.137098, -0.988159, 0.417935, 0.903369, 0.096200),
      ["LeftUpperLeg"] = CFrame.new(-0.386116, -0.034858, -0.899219, 0.959093, 0.280703, -0.036687, -0.034289, 0.243831, 0.969211, 0.281006, -0.928306, 0.243482),
      ["LowerTorso"] = CFrame.new(-3.666783, -1.496804, -0.006744, -0.014512, 0.061432, -0.998006, 0.000019, 0.998111, 0.061439, 0.999895, 0.000873, -0.014486),
      ["RightUpperArm"] = CFrame.new(0.231580, -0.309669, 0.180429, 0.912892, 0.393323, 0.109203, 0.073156, 0.105549, -0.991719, -0.401592, 0.913322, 0.067581),
      ["RightUpperLeg"] = CFrame.new(0.367699, 0.042365, -0.938529, 0.914580, -0.399468, 0.062998, 0.073241, 0.316817, 0.945655, -0.397718, -0.860263, 0.319012)
    }},
    { Time = 0.533, Data = {
      ["Head"] = CFrame.new(0.000000, 0.000000, -0.000000, 0.999196, -0.031590, -0.024703, 0.038756, 0.918934, 0.392503, 0.010301, -0.393145, 0.919419),
      ["LeftUpperArm"] = CFrame.new(-0.264612, -0.325777, 0.224833, 0.905854, -0.406486, -0.119158, -0.068900, 0.136165, -0.988287, 0.417950, 0.903454, 0.095338),
      ["LeftUpperLeg"] = CFrame.new(-0.386004, -0.034677, -0.899587, 0.959093, 0.280711, -0.036625, -0.034227, 0.243412, 0.969319, 0.281014, -0.928414, 0.243063),
      ["LowerTorso"] = CFrame.new(-3.666852, -1.497928, -0.006745, -0.014512, 0.061432, -0.998006, 0.000019, 0.998111, 0.061439, 0.999895, 0.000873, -0.014486),
      ["RightUpperArm"] = CFrame.new(0.231819, -0.309733, 0.180944, 0.912884, 0.393436, 0.108861, 0.073143, 0.104714, -0.991809, -0.401612, 0.913369, 0.066814),
      ["RightUpperLeg"] = CFrame.new(0.367509, 0.042553, -0.938950, 0.914554, -0.399569, 0.062742, 0.073339, 0.316376, 0.945795, -0.397760, -0.860379, 0.318647)
    }},
    { Time = 0.550, Data = {
      ["Head"] = CFrame.new(0.000000, 0.000000, 0.000000, 0.999196, -0.031627, -0.024656, 0.038741, 0.920107, 0.389747, 0.010359, -0.390389, 0.920592),
      ["LeftUpperArm"] = CFrame.new(-0.264760, -0.325835, 0.225157, 0.905865, -0.406522, -0.118945, -0.068879, 0.135698, -0.988353, 0.417928, 0.903508, 0.094923),
      ["LeftUpperLeg"] = CFrame.new(-0.385955, -0.034610, -0.899750, 0.959076, 0.280784, -0.036525, -0.034247, 0.243080, 0.969401, 0.281071, -0.928479, 0.242749),
      ["LowerTorso"] = CFrame.new(-3.666888, -1.498506, -0.006746, -0.014512, 0.061432, -0.998006, 0.000019, 0.998111, 0.061439, 0.999895, 0.000873, -0.014486),
      ["RightUpperArm"] = CFrame.new(0.231948, -0.309778, 0.181206, 0.912865, 0.393523, 0.108708, 0.073179, 0.104239, -0.991856, -0.401649, 0.913386, 0.066359),
      ["RightUpperLeg"] = CFrame.new(0.367404, 0.042697, -0.939174, 0.914554, -0.399575, 0.062699, 0.073296, 0.316180, 0.945863, -0.397768, -0.860447, 0.318451)
    }},
    { Time = 0.567, Data = {
      ["Head"] = CFrame.new(0.000000, 0.000000, 0.000000, 0.999197, -0.031676, -0.024531, 0.038711, 0.921100, 0.387397, 0.010324, -0.388035, 0.921587),
      ["LeftUpperArm"] = CFrame.new(-0.264813, -0.325840, 0.225275, 0.905865, -0.406529, -0.118921, -0.068904, 0.135586, -0.988367, 0.417924, 0.903521, 0.094811),
      ["LeftUpperLeg"] = CFrame.new(-0.385925, -0.034601, -0.899853, 0.959093, 0.280735, -0.036443, -0.034285, 0.242976, 0.969426, 0.281006, -0.928521, 0.242661),
      ["LowerTorso"] = CFrame.new(-3.666901, -1.498718, -0.006746, -0.014512, 0.061432, -0.998006, 0.000019, 0.998111, 0.061439, 0.999895, 0.000873, -0.014486),
      ["RightUpperArm"] = CFrame.new(0.231975, -0.309778, 0.181310, 0.912896, 0.393474, 0.108626, 0.073143, 0.104125, -0.991871, -0.401587, 0.913420, 0.066275),
      ["RightUpperLeg"] = CFrame.new(0.367366, 0.042753, -0.939256, 0.914554, -0.399579, 0.062678, 0.073274, 0.316083, 0.945898, -0.397772, -0.860482, 0.318354)
    }},
    { Time = 0.583, Data = {
      ["Head"] = CFrame.new(0.000000, 0.000000, -0.000000, 0.999194, -0.031786, -0.024514, 0.038784, 0.921914, 0.385447, 0.010348, -0.386087, 0.922404),
      ["LeftUpperArm"] = CFrame.new(-0.264820, -0.325836, 0.225291, 0.905865, -0.406529, -0.118921, -0.068904, 0.135586, -0.988367, 0.417924, 0.903521, 0.094811),
      ["LeftUpperLeg"] = CFrame.new(-0.385922, -0.034596, -0.899863, 0.959093, 0.280735, -0.036443, -0.034285, 0.242976, 0.969426, 0.281006, -0.928521, 0.242661),
      ["LowerTorso"] = CFrame.new(-3.666903, -1.498749, -0.006746, -0.014512, 0.061432, -0.998006, 0.000019, 0.998111, 0.061439, 0.999895, 0.000873, -0.014486),
      ["RightUpperArm"] = CFrame.new(0.231981, -0.309774, 0.181324, 0.912896, 0.393474, 0.108626, 0.073143, 0.104125, -0.991871, -0.401587, 0.913420, 0.066275),
      ["RightUpperLeg"] = CFrame.new(0.367360, 0.042760, -0.939268, 0.914554, -0.399579, 0.062678, 0.073274, 0.316083, 0.945898, -0.397772, -0.860482, 0.318354)
    }},
    { Time = 0.600, Data = {
      ["Head"] = CFrame.new(0.000000, -0.000000, 0.000000, 0.999196, -0.031824, -0.024403, 0.038759, 0.922559, 0.383906, 0.010296, -0.384543, 0.923050),
      ["LeftUpperArm"] = CFrame.new(-0.264685, -0.325803, 0.224995, 0.905854, -0.406500, -0.119110, -0.068950, 0.135941, -0.988315, 0.417942, 0.903481, 0.095115),
      ["LeftUpperLeg"] = CFrame.new(-0.385984, -0.034656, -0.899655, 0.959076, 0.280782, -0.036540, -0.034263, 0.243185, 0.969375, 0.281069, -0.928452, 0.242853),
      ["LowerTorso"] = CFrame.new(-3.666870, -1.498217, -0.006745, -0.014512, 0.061432, -0.998006, 0.000019, 0.998111, 0.061439, 0.999895, 0.000873, -0.014486),
      ["RightUpperArm"] = CFrame.new(0.231892, -0.309758, 0.181072, 0.912865, 0.393510, 0.108755, 0.073131, 0.104467, -0.991836, -0.401658, 0.913366, 0.066586),
      ["RightUpperLeg"] = CFrame.new(0.367457, 0.042625, -0.939062, 0.914554, -0.399572, 0.062721, 0.073317, 0.316278, 0.945829, -0.397764, -0.860413, 0.318549)
    }},
    { Time = 0.617, Data = {
      ["Head"] = CFrame.new(0.000000, 0.000000, 0.000000, 0.999196, -0.031841, -0.024380, 0.038751, 0.923099, 0.382605, 0.010323, -0.383242, 0.923590),
      ["LeftUpperArm"] = CFrame.new(-0.264249, -0.325645, 0.224111, 0.905882, -0.406291, -0.119608, -0.068921, 0.137230, -0.988139, 0.417886, 0.903380, 0.096312),
      ["LeftUpperLeg"] = CFrame.new(-0.386125, -0.034856, -0.899185, 0.959111, 0.280635, -0.036756, -0.034239, 0.243953, 0.969182, 0.280953, -0.928295, 0.243587),
      ["LowerTorso"] = CFrame.new(-3.666773, -1.496622, -0.006744, -0.014512, 0.061432, -0.998006, 0.000019, 0.998111, 0.061439, 0.999895, 0.000873, -0.014486),
      ["RightUpperArm"] = CFrame.new(0.231543, -0.309635, 0.180342, 0.912892, 0.393310, 0.109250, 0.073108, 0.105777, -0.991699, -0.401601, 0.913301, 0.067809),
      ["RightUpperLeg"] = CFrame.new(0.367731, 0.042316, -0.938459, 0.914580, -0.399465, 0.063019, 0.073262, 0.316915, 0.945620, -0.397714, -0.860228, 0.319110)
    }},
    { Time = 0.633, Data = {
      ["Head"] = CFrame.new(0.000000, 0.000000, -0.000000, 0.999196, -0.031855, -0.024362, 0.038745, 0.923536, 0.381548, 0.010345, -0.382185, 0.924028),
      ["LeftUpperArm"] = CFrame.new(-0.263556, -0.325396, 0.222623, 0.905866, -0.406077, -0.120450, -0.068899, 0.139317, -0.987848, 0.417923, 0.903157, 0.098224),
      ["LeftUpperLeg"] = CFrame.new(-0.386389, -0.035244, -0.898308, 0.959110, 0.280595, -0.037061, -0.034305, 0.245226, 0.968859, 0.280946, -0.927971, 0.244825),
      ["LowerTorso"] = CFrame.new(-3.666608, -1.493964, -0.006741, -0.014512, 0.061432, -0.998006, 0.000019, 0.998111, 0.061439, 0.999895, 0.000873, -0.014486),
      ["RightUpperArm"] = CFrame.new(0.230999, -0.309475, 0.179113, 0.912877, 0.393119, 0.110062, 0.073122, 0.107787, -0.991481, -0.401633, 0.913148, 0.069651),
      ["RightUpperLeg"] = CFrame.new(0.368186, 0.041782, -0.937467, 0.914632, -0.399281, 0.063434, 0.073205, 0.317870, 0.945304, -0.397606, -0.859961, 0.319963)
    }},
    { Time = 0.650, Data = {
      ["Head"] = CFrame.new(0.000000, 0.000000, -0.000000, 0.999196, -0.031864, -0.024350, 0.038741, 0.923839, 0.380816, 0.010361, -0.381453, 0.924330),
      ["LeftUpperArm"] = CFrame.new(-0.262577, -0.325053, 0.220543, 0.905858, -0.405742, -0.121634, -0.068886, 0.142221, -0.987435, 0.417942, 0.902855, 0.100882),
      ["LeftUpperLeg"] = CFrame.new(-0.386751, -0.035710, -0.897101, 0.959127, 0.280465, -0.037602, -0.034246, 0.246952, 0.968422, 0.280895, -0.927553, 0.246463),
      ["LowerTorso"] = CFrame.new(-3.666379, -1.490243, -0.006738, -0.014512, 0.061432, -0.998006, 0.000019, 0.998111, 0.061439, 0.999895, 0.000873, -0.014486),
      ["RightUpperArm"] = CFrame.new(0.230226, -0.309214, 0.177392, 0.912869, 0.392806, 0.111238, 0.073125, 0.110743, -0.991155, -0.401650, 0.912929, 0.072370),
      ["RightUpperLeg"] = CFrame.new(0.368820, 0.041003, -0.936089, 0.914709, -0.399013, 0.064006, 0.073188, 0.319337, 0.944811, -0.397431, -0.859542, 0.321303)
