return {
  ["Astros missionary 3"] = {
    { Time = 0.000, Data = {
      ["Head"] = CFrame.new(0.000000, -0.000004, 0.000000, 0.999999, 0.001155, 0.000365, -0.001195, 0.891598, 0.452827, 0.000197, -0.452827, 0.891599),
      ["LeftUpperArm"] = CFrame.new(0.120162, -0.029397, -0.012713, 0.888181, 0.456876, 0.048975, -0.458501, 0.888216, 0.029144, -0.030185, -0.048340, 0.998375),
      ["LeftUpperLeg"] = CFrame.new(-0.176574, -0.118612, -0.230889, 0.887711, 0.460208, -0.013340, 0.189360, -0.391367, -0.900541, -0.419657, 0.796894, -0.434566),
      ["LowerTorso"] = CFrame.new(-0.010352, -1.431914, 0.373747, -0.999991, 0.000035, -0.004152, 0.004147, -0.042147, -0.999103, -0.000210, -0.999111, 0.042147),
      ["RightUpperArm"] = CFrame.new(-0.117845, -0.028195, -0.012348, 0.892921, -0.448065, -0.043941, 0.449487, 0.892767, 0.030462, 0.025580, -0.046951, 0.998570),
      ["RightUpperLeg"] = CFrame.new(0.206677, -0.126701, -0.222088, 0.882725, -0.469251, 0.024491, -0.182756, -0.390870, -0.902120, 0.432894, 0.791848, -0.430789),
      ["рҹҢ§пёҸрҹҳірҹ‘»рҹҸіпёҸвҖҚрҹҢҲрҹҳӮрҹ’һрҹҸҙвҖҚвҳ пёҸрҹҺёрҹҢ§пёҸрҹҳірҹ‘»рҹҸіпёҸвҖҚрҹҢҲрҹҳӮрҹ’һрҹҸҙвҖҚвҳ"] = CFrame.new(-0.000000, -0.000000, 0.000000, 0.966736, -0.255776, 0.000000, 0.255776, 0.966736, 0.000000, 0.000000, 0.000000, 1.000000)
    }},
    { Time = 0.017, Data = {
      ["Head"] = CFrame.new(0.000000, -0.000004, 0.000000, 0.999999, 0.001155, 0.000367, -0.001195, 0.890631, 0.454725, 0.000199, -0.454725, 0.890632),
      ["LeftUpperArm"] = CFrame.new(0.120153, -0.029415, -0.012712, 0.888181, 0.456876, 0.048975, -0.458501, 0.888216, 0.029144, -0.030185, -0.048340, 0.998375),
      ["LeftUpperLeg"] = CFrame.new(-0.176574, -0.118612, -0.230889, 0.887711, 0.460208, -0.013340, 0.189360, -0.391367, -0.900541, -0.419657, 0.796894, -0.434566),
      ["LowerTorso"] = CFrame.new(-0.010352, -1.431915, 0.373724, -0.999991, 0.000035, -0.004152, 0.004147, -0.042147, -0.999103, -0.000210, -0.999111, 0.042147),
      ["RightUpperArm"] = CFrame.new(-0.117837, -0.028211, -0.012347, 0.892921, -0.448065, -0.043941, 0.449487, 0.892767, 0.030462, 0.025580, -0.046951, 0.998570),
      ["RightUpperLeg"] = CFrame.new(0.206677, -0.126701, -0.222088, 0.882725, -0.469251, 0.024491, -0.182756, -0.390870, -0.902120, 0.432894, 0.791848, -0.430789),
      ["рҹҢ§пёҸрҹҳірҹ‘»рҹҸіпёҸвҖҚрҹҢҲрҹҳӮрҹ’һрҹҸҙвҖҚвҳ пёҸрҹҺёрҹҢ§пёҸрҹҳірҹ‘»рҹҸіпёҸвҖҚрҹҢҲрҹҳӮрҹ’һрҹҸҙвҖҚвҳ"] = CFrame.new(-0.000000, -0.000000, 0.000000, 0.966200, -0.257796, 0.000000, 0.257796, 0.966200, 0.000000, 0.000000, 0.000000, 1.000000)
    }},
    { Time = 0.033, Data = {
      ["Head"] = CFrame.new(0.000000, -0.000004, 0.000000, 0.999999, 0.001154, 0.000368, -0.001195, 0.889619, 0.456701, 0.000200, -0.456701, 0.889620),
      ["LeftUpperArm"] = CFrame.new(0.120124, -0.029470, -0.012709, 0.888181, 0.456876, 0.048975, -0.458501, 0.888216, 0.029144, -0.030185, -0.048340, 0.998375),
      ["LeftUpperLeg"] = CFrame.new(-0.176585, -0.118614, -0.230914, 0.887688, 0.460248, -0.013458, 0.189356, -0.391546, -0.900464, -0.419706, 0.796784, -0.434721),
      ["LowerTorso"] = CFrame.new(-0.010352, -1.431915, 0.373656, -0.999991, 0.000035, -0.004152, 0.004147, -0.042147, -0.999103, -0.000210, -0.999111, 0.042147),
      ["RightUpperArm"] = CFrame.new(-0.117793, -0.028246, -0.012345, 0.892960, -0.447986, -0.043939, 0.449408, 0.892807, 0.030464, 0.025582, -0.046950, 0.998570),
      ["RightUpperLeg"] = CFrame.new(0.206677, -0.126679, -0.222079, 0.882725, -0.469249, 0.024540, -0.182801, -0.391048, -0.902034, 0.432875, 0.791762, -0.430967),
      ["рҹҢ§пёҸрҹҳірҹ‘»рҹҸіпёҸвҖҚрҹҢҲрҹҳӮрҹ’һрҹҸҙвҖҚвҳ пёҸрҹҺёрҹҢ§пёҸрҹҳірҹ‘»рҹҸіпёҸвҖҚрҹҢҲрҹҳӮрҹ’һрҹҸҙвҖҚвҳ"] = CFrame.new(0.000000, -0.000000, 0.000000, 0.965659, -0.259814, 0.000000, 0.259814, 0.965659, 0.000000, 0.000000, 0.000000, 1.000000)
    }},
    { Time = 0.050, Data = {
      ["Head"] = CFrame.new(0.000000, -0.000004, 0.000000, 0.999999, 0.001154, 0.000369, -0.001195, 0.888603, 0.458675, 0.000201, -0.458675, 0.888604),
      ["LeftUpperArm"] = CFrame.new(0.120077, -0.029561, -0.012704, 0.888181, 0.456876, 0.048975, -0.458501, 0.888216, 0.029144, -0.030185, -0.048340, 0.998375),
      ["LeftUpperLeg"] = CFrame.new(-0.176568, -0.118614, -0.230878, 0.887722, 0.460179, -0.013578, 0.189355, -0.391846, -0.900334, -0.419635, 0.796676, -0.434988),
      ["LowerTorso"] = CFrame.new(-0.010352, -1.431915, 0.373544, -0.999991, 0.000035, -0.004152, 0.004147, -0.042147, -0.999103, -0.000210, -0.999111, 0.042147),
      ["RightUpperArm"] = CFrame.new(-0.117755, -0.028322, -0.012341, 0.892960, -0.447986, -0.043939, 0.449408, 0.892807, 0.030464, 0.025582, -0.046950, 0.998570),
      ["RightUpperLeg"] = CFrame.new(0.206672, -0.126701, -0.222078, 0.882735, -0.469220, 0.024730, -0.182755, -0.391349, -0.901913, 0.432873, 0.791631, -0.431210),
      ["рҹҢ§пёҸрҹҳірҹ‘»рҹҸіпёҸвҖҚрҹҢҲрҹҳӮрҹ’һрҹҸҙвҖҚвҳ пёҸрҹҺёрҹҢ§пёҸрҹҳірҹ‘»рҹҸіпёҸвҖҚрҹҢҲрҹҳӮрҹ’һрҹҸҙвҖҚвҳ"] = CFrame.new(-0.000000, -0.000000, 0.000000, 0.965114, -0.261831, 0.000000, 0.261831, 0.965114, 0.000000, 0.000000, 0.000000, 1.000000)
    }},
    { Time = 0.067, Data = {
      ["Head"] = CFrame.new(0.000000, -0.000004, 0.000000, 0.999999, 0.001154, 0.000370, -0.001195, 0.887623, 0.460569, 0.000203, -0.460569, 0.887624),
      ["LeftUpperArm"] = CFrame.new(0.119991, -0.029677, -0.012697, 0.888222, 0.456798, 0.048974, -0.458422, 0.888256, 0.029146, -0.030188, -0.048339, 0.998375),
      ["LeftUpperLeg"] = CFrame.new(-0.176562, -0.118628, -0.230872, 0.887734, 0.460151, -0.013790, 0.189329, -0.392236, -0.900170, -0.419623, 0.796500, -0.435321),
      ["LowerTorso"] = CFrame.new(-0.010352, -1.431914, 0.373387, -0.999991, 0.000035, -0.004152, 0.004147, -0.042147, -0.999103, -0.000210, -0.999111, 0.042147),
      ["RightUpperArm"] = CFrame.new(-0.117680, -0.028417, -0.012335, 0.893000, -0.447907, -0.043938, 0.449329, 0.892847, 0.030466, 0.025584, -0.046949, 0.998570),
      ["RightUpperLeg"] = CFrame.new(0.206684, -0.126680, -0.222093, 0.882711, -0.469256, 0.024897, -0.182798, -0.391704, -0.901750, 0.432904, 0.791433, -0.431541),
      ["рҹҢ§пёҸрҹҳірҹ‘»рҹҸіпёҸвҖҚрҹҢҲрҹҳӮрҹ’һрҹҸҙвҖҚвҳ пёҸрҹҺёрҹҢ§пёҸрҹҳірҹ‘»рҹҸіпёҸвҖҚрҹҢҲрҹҳӮрҹ’һрҹҸҙвҖҚвҳ"] = CFrame.new(-0.000000, -0.000000, 0.000000, 0.964564, -0.263848, 0.000000, 0.263848, 0.964564, 0.000000, 0.000000, 0.000000, 1.000000)
    }},
    { Time = 0.083, Data = {
      ["Head"] = CFrame.new(0.000000, -0.000004, 0.000000, 0.999999, 0.001153, 0.000372, -0.001194, 0.886639, 0.462461, 0.000204, -0.462461, 0.886640),
      ["LeftUpperArm"] = CFrame.new(0.119886, -0.029830, -0.012688, 0.888262, 0.456719, 0.048973, -0.458344, 0.888297, 0.029148, -0.030190, -0.048337, 0.998375),
      ["LeftUpperLeg"] = CFrame.new(-0.176585, -0.118620, -0.230917, 0.887688, 0.460230, -0.014050, 0.189345, -0.392680, -0.899973, -0.419712, 0.796235, -0.435720),
      ["LowerTorso"] = CFrame.new(-0.010352, -1.431915, 0.373185, -0.999991, 0.000035, -0.004152, 0.004147, -0.042147, -0.999103, -0.000210, -0.999111, 0.042147),
      ["RightUpperArm"] = CFrame.new(-0.117590, -0.028543, -0.012327, 0.893040, -0.447827, -0.043937, 0.449249, 0.892887, 0.030468, 0.025586, -0.046947, 0.998570),
      ["RightUpperLeg"] = CFrame.new(0.206679, -0.126680, -0.222083, 0.882721, -0.469224, 0.025137, -0.182798, -0.392183, -0.901542, 0.432883, 0.791216, -0.431961),
      ["рҹҢ§пёҸрҹҳірҹ‘»рҹҸіпёҸвҖҚрҹҢҲрҹҳӮрҹ’һрҹҸҙвҖҚвҳ пёҸрҹҺёрҹҢ§пёҸрҹҳірҹ‘»рҹҸіпёҸвҖҚрҹҢҲрҹҳӮрҹ’һрҹҸҙвҖҚвҳ"] = CFrame.new(-0.000000, -0.000000, 0.000000, 0.964011, -0.265864, 0.000000, 0.265864, 0.964011, 0.000000, 0.000000, 0.000000, 1.000000)
    }},
    { Time = 0.100, Data = {
      ["Head"] = CFrame.new(0.000000, -0.000004, 0.000000, 0.999999, 0.001153, 0.000373, -0.001194, 0.885650, 0.464352, 0.000205, -0.464352, 0.885651),
      ["LeftUpperArm"] = CFrame.new(0.119763, -0.030017, -0.012677, 0.888303, 0.456640, 0.048971, -0.458265, 0.888338, 0.029150, -0.030192, -0.048336, 0.998375),
      ["LeftUpperLeg"] = CFrame.new(-0.176579, -0.118600, -0.230896, 0.887700, 0.460200, -0.014335, 0.189384, -0.393336, -0.899678, -0.419670, 0.795929, -0.436319),
      ["LowerTorso"] = CFrame.new(-0.010352, -1.431914, 0.372940, -0.999991, 0.000035, -0.004152, 0.004147, -0.042147, -0.999103, -0.000210, -0.999111, 0.042147),
      ["RightUpperArm"] = CFrame.new(-0.117486, -0.028698, -0.012318, 0.893080, -0.447748, -0.043935, 0.449170, 0.892927, 0.030470, 0.025588, -0.046946, 0.998570),
      ["RightUpperLeg"] = CFrame.new(0.206686, -0.126681, -0.222098, 0.882707, -0.469231, 0.025494, -0.182795, -0.392838, -0.901257, 0.432913, 0.790886, -0.432535),
      ["рҹҢ§пёҸрҹҳірҹ‘»рҹҸіпёҸвҖҚрҹҢҲрҹҳӮрҹ’һрҹҸҙвҖҚвҳ пёҸрҹҺёрҹҢ§пёҸрҹҳірҹ‘»рҹҸіпёҸвҖҚрҹҢҲрҹҳӮрҹ’һрҹҸҙвҖҚвҳ"] = CFrame.new(-0.000000, -0.000000, 0.000000, 0.963476, -0.267795, 0.000000, 0.267795, 0.963476, 0.000000, 0.000000, 0.000000, 1.000000)
    }},
    { Time = 0.117, Data = {
      ["Head"] = CFrame.new(0.000000, -0.000004, 0.000000, 0.999999, 0.001152, 0.000374, -0.001194, 0.884699, 0.466162, 0.000206, -0.466162, 0.884699),
      ["LeftUpperArm"] = CFrame.new(0.119623, -0.030240, -0.012664, 0.888344, 0.456561, 0.048970, -0.458186, 0.888378, 0.029152, -0.030194, -0.048335, 0.998375),
      ["LeftUpperLeg"] = CFrame.new(-0.176568, -0.118637, -0.230888, 0.887722, 0.460144, -0.014736, 0.189310, -0.394025, -0.899392, -0.419656, 0.795620, -0.436895),
      ["LowerTorso"] = CFrame.new(-0.010352, -1.431915, 0.372651, -0.999991, 0.000035, -0.004152, 0.004147, -0.042147, -0.999103, -0.000210, -0.999111, 0.042147),
      ["RightUpperArm"] = CFrame.new(-0.117367, -0.028881, -0.012308, 0.893120, -0.447669, -0.043934, 0.449091, 0.892966, 0.030472, 0.025590, -0.046945, 0.998570),
      ["RightUpperLeg"] = CFrame.new(0.206676, -0.126716, -0.222091, 0.882728, -0.469171, 0.025899, -0.182726, -0.393528, -0.900970, 0.432901, 0.790579, -0.433108),
      ["рҹҢ§пёҸрҹҳірҹ‘»рҹҸіпёҸвҖҚрҹҢҲрҹҳӮрҹ’һрҹҸҙвҖҚвҳ пёҸрҹҺёрҹҢ§пёҸрҹҳірҹ‘»рҹҸіпёҸвҖҚрҹҢҲрҹҳӮрҹ’һрҹҸҙвҖҚвҳ"] = CFrame.new(-0.000000, -0.000000, 0.000000, 0.962937, -0.269725, 0.000000, 0.269725, 0.962937, 0.000000, 0.000000, 0.000000, 1.000000)
    }},
    { Time = 0.133, Data = {
      ["Head"] = CFrame.new(0.000000, -0.000004, 0.000000, 0.999999, 0.001152, 0.000375, -0.001194, 0.883743, 0.467970, 0.000208, -0.467970, 0.883744),
      ["LeftUpperArm"] = CFrame.new(0.119443, -0.030485, -0.012648, 0.888425, 0.456403, 0.048967, -0.458028, 0.888460, 0.029157, -0.030198, -0.048332, 0.998375),
      ["LeftUpperLeg"] = CFrame.new(-0.176574, -0.118619, -0.230893, 0.887711, 0.460153, -0.015139, 0.189346, -0.394858, -0.899019, -0.419664, 0.795202, -0.437648),
      ["LowerTorso"] = CFrame.new(-0.010352, -1.431914, 0.372322, -0.999991, 0.000035, -0.004152, 0.004147, -0.042147, -0.999103, -0.000210, -0.999111, 0.042147),
      ["RightUpperArm"] = CFrame.new(-0.117212, -0.029083, -0.012295, 0.893199, -0.447510, -0.043931, 0.448932, 0.893046, 0.030476, 0.025594, -0.046943, 0.998570),
      ["RightUpperLeg"] = CFrame.new(0.206683, -0.126695, -0.222097, 0.882714, -0.469174, 0.026306, -0.182769, -0.394360, -0.900597, 0.432911, 0.790162, -0.433857),
      ["рҹҢ§пёҸрҹҳірҹ‘»рҹҸіпёҸвҖҚрҹҢҲрҹҳӮрҹ’һрҹҸҙвҖҚвҳ пёҸрҹҺёрҹҢ§пёҸрҹҳірҹ‘»рҹҸіпёҸвҖҚрҹҢҲрҹҳӮрҹ’һрҹҸҙвҖҚвҳ"] = CFrame.new(-0.000000, -0.000000, 0.000000, 0.962418, -0.271571, 0.000000, 0.271571, 0.962418, 0.000000, 0.000000, 0.000000, 1.000000)
    }},
    { Time = 0.150, Data = {
      ["Head"] = CFrame.new(0.000000, -0.000004, 0.000000, 0.999999, 0.001152, 0.000376, -0.001193, 0.882784, 0.469777, 0.000209, -0.469778, 0.882785),
      ["LeftUpperArm"] = CFrame.new(0.119268, -0.030775, -0.012632, 0.888465, 0.456324, 0.048966, -0.457949, 0.888500, 0.029159, -0.030200, -0.048331, 0.998375),
      ["LeftUpperLeg"] = CFrame.new(-0.176562, -0.118623, -0.230871, 0.887733, 0.460094, -0.015612, 0.189338, -0.395812, -0.898601, -0.419620, 0.794762, -0.438488),
      ["LowerTorso"] = CFrame.new(-0.010352, -1.431915, 0.371950, -0.999991, 0.000035, -0.004152, 0.004147, -0.042147, -0.999103, -0.000210, -0.999111, 0.042147),
      ["RightUpperArm"] = CFrame.new(-0.117064, -0.029323, -0.012282, 0.893239, -0.447431, -0.043930, 0.448853, 0.893086, 0.030478, 0.025596, -0.046942, 0.998570),
      ["RightUpperLeg"] = CFrame.new(0.206673, -0.126695, -0.222077, 0.882734, -0.469109, 0.026784, -0.182767, -0.395315, -0.900179, 0.432870, 0.789724, -0.434695),
      ["рҹҢ§пёҸрҹҳірҹ‘»рҹҸіпёҸвҖҚрҹҢҲрҹҳӮрҹ’һрҹҸҙвҖҚвҳ пёҸрҹҺёрҹҢ§пёҸрҹҳірҹ‘»рҹҸіпёҸвҖҚрҹҢҲрҹҳӮрҹ’һрҹҸҙвҖҚвҳ"] = CFrame.new(-0.000000, -0.000000, 0.000000, 0.961896, -0.273415, 0.000000, 0.273415, 0.961896, 0.000000, 0.000000, 0.000000, 1.000000)
    }},
    { Time = 0.167, Data = {
      ["Head"] = CFrame.new(0.000000, -0.000004, 0.000000, 0.999999, 0.001151, 0.000377, -0.001193, 0.881905, 0.471426, 0.000210, -0.471426, 0.881905),
      ["LeftUpperArm"] = CFrame.new(0.119055, -0.031087, -0.012613, 0.888547, 0.456166, 0.048963, -0.457791, 0.888581, 0.029163, -0.030205, -0.048328, 0.998375),
      ["LeftUpperLeg"] = CFrame.new(-0.176580, -0.118607, -0.230899, 0.887699, 0.460142, -0.016132, 0.189371, -0.396820, -0.898149, -0.419678, 0.794231, -0.439394),
      ["LowerTorso"] = CFrame.new(-0.010352, -1.431914, 0.371538, -0.999991, 0.000035, -0.004152, 0.004147, -0.042147, -0.999103, -0.000210, -0.999111, 0.042147),
      ["RightUpperArm"] = CFrame.new(-0.116882, -0.029580, -0.012267, 0.893318, -0.447272, -0.043927, 0.448695, 0.893165, 0.030481, 0.025601, -0.046939, 0.998570),
      ["RightUpperLeg"] = CFrame.new(0.206675, -0.126720, -0.222091, 0.882730, -0.469085, 0.027332, -0.182719, -0.396268, -0.899770, 0.432899, 0.789260, -0.435508),
      ["рҹҢ§пёҸрҹҳірҹ‘»рҹҸіпёҸвҖҚрҹҢҲрҹҳӮрҹ’һрҹҸҙвҖҚвҳ пёҸрҹҺёрҹҢ§пёҸрҹҳірҹ‘»рҹҸіпёҸвҖҚрҹҢҲрҹҳӮрҹ’һрҹҸҙвҖҚвҳ"] = CFrame.new(0.000000, -0.000000, 0.000000, 0.961394, -0.275176, 0.000000, 0.275176, 0.961394, 0.000000, 0.000000, 0.000000, 1.000000)
    }},
    { Time = 0.183, Data = {
      ["Head"] = CFrame.new(0.000000, -0.000004, 0.000000, 0.999999, 0.001151, 0.000378, -0.001193, 0.881022, 0.473074, 0.000211, -0.473074, 0.881023),
      ["LeftUpperArm"] = CFrame.new(0.118825, -0.031430, -0.012592, 0.888628, 0.456008, 0.048961, -0.457633, 0.888663, 0.029167, -0.030209, -0.048325, 0.998375),
      ["LeftUpperLeg"] = CFrame.new(-0.176580, -0.118624, -0.230908, 0.887698, 0.460123, -0.016699, 0.189337, -0.397861, -0.897696, -0.419694, 0.793721, -0.440299),
      ["LowerTorso"] = CFrame.new(-0.010352, -1.431914, 0.371087, -0.999991, 0.000035, -0.004152, 0.004147, -0.042147, -0.999103, -0.000210, -0.999111, 0.042147),
      ["RightUpperArm"] = CFrame.new(-0.116687, -0.029863, -0.012250, 0.893398, -0.447114, -0.043924, 0.448536, 0.893245, 0.030485, 0.025605, -0.046937, 0.998570),
      ["RightUpperLeg"] = CFrame.new(0.206665, -0.126698, -0.222061, 0.882750, -0.469016, 0.027859, -0.182763, -0.397398, -0.899262, 0.432840, 0.788732, -0.436522),
      ["рҹҢ§пёҸрҹҳірҹ‘»рҹҸіпёҸвҖҚрҹҢҲрҹҳӮрҹ’һрҹҸҙвҖҚвҳ пёҸрҹҺёрҹҢ§пёҸрҹҳірҹ‘»рҹҸіпёҸвҖҚрҹҢҲрҹҳӮрҹ’һрҹҸҙвҖҚвҳ"] = CFrame.new(0.000000, -0.000000, 0.000000, 0.960889, -0.276935, 0.000000, 0.276935, 0.960889, 0.000000, 0.000000, 0.000000, 1.000000)
    }},
    { Time = 0.200, Data = {
      ["Head"] = CFrame.new(0.000000, -0.000004, 0.000000, 0.999999, 0.001151, 0.000380, -0.001193, 0.880136, 0.474720, 0.000212, -0.474720, 0.880137),
      ["LeftUpperArm"] = CFrame.new(0.118580, -0.031804, -0.012570, 0.888709, 0.455850, 0.048958, -0.457475, 0.888744, 0.029172, -0.030213, -0.048322, 0.998375),
      ["LeftUpperLeg"] = CFrame.new(-0.176580, -0.118619, -0.230906, 0.887698, 0.460101, -0.017314, 0.189347, -0.399078, -0.897153, -0.419691, 0.793123, -0.441379),
      ["LowerTorso"] = CFrame.new(-0.010352, -1.431915, 0.370598, -0.999991, 0.000035, -0.004152, 0.004147, -0.042147, -0.999103, -0.000210, -0.999111, 0.042147),
      ["RightUpperArm"] = CFrame.new(-0.116457, -0.030161, -0.012232, 0.893517, -0.446876, -0.043920, 0.448298, 0.893364, 0.030491, 0.025611, -0.046934, 0.998570),
      ["RightUpperLeg"] = CFrame.new(0.206667, -0.126688, -0.222061, 0.882746, -0.468987, 0.028480, -0.182782, -0.398615, -0.898720, 0.432840, 0.788136, -0.437598),
      ["рҹҢ§пёҸрҹҳірҹ‘»рҹҸіпёҸвҖҚрҹҢҲрҹҳӮрҹ’һрҹҸҙвҖҚвҳ пёҸрҹҺёрҹҢ§пёҸрҹҳірҹ‘»рҹҸіпёҸвҖҚрҹҢҲрҹҳӮрҹ’һрҹҸҙвҖҚвҳ"] = CFrame.new(-0.000000, -0.000000, 0.000000, 0.960404, -0.278610, 0.000000, 0.278610, 0.960404, 0.000000, 0.000000, 0.000000, 1.000000)
    }},
    { Time = 0.217, Data = {
      ["Head"] = CFrame.new(0.000000, -0.000004, 0.000000, 0.999999, 0.001150, 0.000381, -0.001193, 0.879289, 0.476286, 0.000213, -0.476287, 0.879290),
      ["LeftUpperArm"] = CFrame.new(0.118320, -0.032208, -0.012546, 0.888790, 0.455692, 0.048956, -0.457317, 0.888825, 0.029176, -0.030218, -0.048320, 0.998375),
      ["LeftUpperLeg"] = CFrame.new(-0.176581, -0.118603, -0.230900, 0.887697, 0.460078, -0.017953, 0.189379, -0.400382, -0.896566, -0.419678, 0.792479, -0.442547),
      ["LowerTorso"] = CFrame.new(-0.010352, -1.431915, 0.370073, -0.999991, 0.000035, -0.004152, 0.004147, -0.042147, -0.999103, -0.000210, -0.999111, 0.042147),
      ["RightUpperArm"] = CFrame.new(-0.116236, -0.030495, -0.012212, 0.893597, -0.446717, -0.043918, 0.448140, 0.893443, 0.030495, 0.025615, -0.046932, 0.998570),
      ["RightUpperLeg"] = CFrame.new(0.206681, -0.126691, -0.222091, 0.882717, -0.468996, 0.029194, -0.182777, -0.399918, -0.898141, 0.432900, 0.787469, -0.438737),
      ["рҹҢ§пёҸрҹҳірҹ‘»рҹҸіпёҸвҖҚрҹҢҲрҹҳӮрҹ’һрҹҸҙвҖҚвҳ пёҸрҹҺёрҹҢ§пёҸрҹҳірҹ‘»рҹҸіпёҸвҖҚрҹҢҲрҹҳӮрҹ’һрҹҸҙвҖҚвҳ"] = CFrame.new(0.000000, -0.000000, 0.000000, 0.959941, -0.280201, 0.000000, 0.280201, 0.959941, 0.000000, 0.000000, 0.000000, 1.000000)
    }},
    { Time = 0.233, Data = {
      ["Head"] = CFrame.new(0.000000, -0.000004, 0.000000, 0.999999, 0.001150, 0.000381, -0.001193, 0.878525, 0.477695, 0.000214, -0.477696, 0.878525),
      ["LeftUpperArm"] = CFrame.new(0.118024, -0.032629, -0.012520, 0.888912, 0.455455, 0.048952, -0.457080, 0.888947, 0.029183, -0.030224, -0.048316, 0.998375),
      ["LeftUpperLeg"] = CFrame.new(-0.176564, -0.118610, -0.230868, 0.887730, 0.459986, -0.018662, 0.189365, -0.401806, -0.895931, -0.419614, 0.791811, -0.443801),
      ["LowerTorso"] = CFrame.new(-0.010352, -1.431915, 0.369512, -0.999991, 0.000035, -0.004152, 0.004147, -0.042147, -0.999103, -0.000210, -0.999111, 0.042147),
      ["RightUpperArm"] = CFrame.new(-0.115982, -0.030842, -0.012191, 0.893716, -0.446480, -0.043914, 0.447902, 0.893562, 0.030501, 0.025621, -0.046928, 0.998570),
      ["RightUpperLeg"] = CFrame.new(0.206666, -0.126703, -0.222066, 0.882747, -0.468897, 0.029886, -0.182751, -0.401255, -0.897550, 0.432850, 0.786848, -0.439898),
      ["рҹҢ§пёҸрҹҳірҹ‘»рҹҸіпёҸвҖҚрҹҢҲрҹҳӮрҹ’һрҹҸҙвҖҚвҳ пёҸрҹҺёрҹҢ§пёҸрҹҳірҹ‘»рҹҸіпёҸвҖҚрҹҢҲрҹҳӮрҹ’һрҹҸҙвҖҚвҳ"] = CFrame.new(0.000000, -0.000000, 0.000000, 0.959500, -0.281707, 0.000000, 0.281707, 0.959500, 0.000000, 0.000000, 0.000000, 1.000000)
    }},
    { Time = 0.250, Data = {
      ["Head"] = CFrame.new(0.000000, -0.000004, 0.000000, 0.999999, 0.001150, 0.000382, -0.001192, 0.877758, 0.479103, 0.000215, -0.479104, 0.877758),
      ["LeftUpperArm"] = CFrame.new(0.117734, -0.033088, -0.012499, 0.888989, 0.455295, 0.049033, -0.456924, 0.889028, 0.029167, -0.030312, -0.048333, 0.998371),
      ["LeftUpperLeg"] = CFrame.new(-0.176576, -0.118606, -0.230891, 0.887706, 0.460002, -0.019394, 0.189372, -0.403195, -0.895305, -0.419661, 0.791096, -0.445030),
      ["LowerTorso"] = CFrame.new(-0.010352, -1.431916, 0.368918, -0.999991, 0.000035, -0.004152, 0.004147, -0.042147, -0.999103, -0.000210, -0.999111, 0.042147),
      ["RightUpperArm"] = CFrame.new(-0.115717, -0.031211, -0.012169, 0.893835, -0.446242, -0.043910, 0.447664, 0.893681, 0.030507, 0.025628, -0.046925, 0.998570),
      ["RightUpperLeg"] = CFrame.new(0.206681, -0.126683, -0.222087, 0.882718, -0.468902, 0.030648, -0.182792, -0.402732, -0.896880, 0.432892, 0.786091, -0.441210),
      ["рҹҢ§пёҸрҹҳірҹ‘»рҹҸіпёҸвҖҚрҹҢҲрҹҳӮрҹ’һрҹҸҙвҖҚвҳ пёҸрҹҺёрҹҢ§пёҸрҹҳірҹ‘»рҹҸіпёҸвҖҚрҹҢҲрҹҳӮрҹ’һрҹҸҙвҖҚвҳ"] = CFrame.new(0.000000, -0.000000, 0.000000, 0.959057, -0.283213, 0.000000, 0.283213, 0.959057, 0.000000, 0.000000, 0.000000, 1.000000)
    }},
    { Time = 0.267, Data = {
      ["Head"] = CFrame.new(0.000000, -0.000004, 0.000000, 0.999999, 0.001149, 0.000383, -0.001192, 0.877031, 0.480432, 0.000216, -0.480432, 0.877032),
      ["LeftUpperArm"] = CFrame.new(0.117411, -0.033563, -0.012470, 0.889111, 0.455058, 0.049029, -0.456687, 0.889149, 0.029173, -0.030319, -0.048329, 0.998371),
      ["LeftUpperLeg"] = CFrame.new(-0.176571, -0.118614, -0.230884, 0.887716, 0.459947, -0.020220, 0.189355, -0.404792, -0.894588, -0.419648, 0.790312, -0.446434),
      ["LowerTorso"] = CFrame.new(-0.010351, -1.431914, 0.368292, -0.999991, 0.000035, -0.004152, 0.004147, -0.042147, -0.999103, -0.000210, -0.999111, 0.042147),
      ["RightUpperArm"] = CFrame.new(-0.115461, -0.031612, -0.012146, 0.893914, -0.446083, -0.043907, 0.447505, 0.893761, 0.030511, 0.025632, -0.046922, 0.998570),
      ["RightUpperLeg"] = CFrame.new(0.206678, -0.126697, -0.222088, 0.882724, -0.468838, 0.031458, -0.182765, -0.404240, -0.896207, 0.432893, 0.785354, -0.442520),
      ["рҹҢ§пёҸрҹҳірҹ‘»рҹҸіпёҸвҖҚрҹҢҲрҹҳӮрҹ’һрҹҸҙвҖҚвҳ пёҸрҹҺёрҹҢ§пёҸрҹҳірҹ‘»рҹҸіпёҸвҖҚрҹҢҲрҹҳӮрҹ’һрҹҸҙвҖҚвҳ"] = CFrame.new(0.000000, -0.000000, 0.000000, 0.958636, -0.284635, 0.000000, 0.284635, 0.958636, 0.000000, 0.000000, 0.000000, 1.000000)
    }},
    { Time = 0.283, Data = {
      ["Head"] = CFrame.new(0.000000, -0.000004, 0.000000, 0.999999, 0.001149, 0.000384, -0.001192, 0.876345, 0.481682, 0.000217, -0.481682, 0.876346),
      ["LeftUpperArm"] = CFrame.new(0.117075, -0.034062, -0.012440, 0.889232, 0.454821, 0.049025, -0.456450, 0.889271, 0.029180, -0.030325, -0.048325, 0.998371),
      ["LeftUpperLeg"] = CFrame.new(-0.176566, -0.118623, -0.230878, 0.887726, 0.459891, -0.021046, 0.189339, -0.406386, -0.893869, -0.419635, 0.789525, -0.447835),
      ["LowerTorso"] = CFrame.new(-0.010351, -1.431915, 0.367635, -0.999991, 0.000035, -0.004152, 0.004147, -0.042147, -0.999103, -0.000210, -0.999111, 0.042147),
      ["RightUpperArm"] = CFrame.new(-0.115175, -0.032023, -0.012122, 0.894033, -0.445845, -0.043903, 0.447267, 0.893880, 0.030517, 0.025638, -0.046919, 0.998570),
      ["RightUpperLeg"] = CFrame.new(0.206675, -0.126688, -0.222079, 0.882729, -0.468771, 0.032316, -0.182783, -0.405923, -0.895442, 0.432875, 0.784526, -0.444003),
      ["рҹҢ§пёҸрҹҳірҹ‘»рҹҸіпёҸвҖҚрҹҢҲрҹҳӮрҹ’һрҹҸҙвҖҚвҳ пёҸрҹҺёрҹҢ§пёҸрҹҳірҹ‘»рҹҸіпёҸвҖҚрҹҢҲрҹҳӮрҹ’һрҹҸҙвҖҚвҳ"] = CFrame.new(-0.000000, -0.000000, 0.000000, 0.958263, -0.285889, 0.000000, 0.285889, 0.958263, 0.000000, 0.000000, 0.000000, 1.000000)
    }},
    { Time = 0.300, Data = {
      ["Head"] = CFrame.new(0.000000, -0.000004, 0.000000, 0.999999, 0.001127, 0.000468, -0.001213, 0.875700, 0.482853, 0.000134, -0.482854, 0.875701),
      ["LeftUpperArm"] = CFrame.new(0.116749, -0.034593, -0.012387, 0.889313, 0.454666, 0.049002, -0.456290, 0.889355, 0.029100, -0.030350, -0.048239, 0.998375),
      ["LeftUpperLeg"] = CFrame.new(-0.176561, -0.118621, -0.230867, 0.887735, 0.459833, -0.021896, 0.189344, -0.408067, -0.893102, -0.419613, 0.788693, -0.449322),
      ["LowerTorso"] = CFrame.new(-0.010351, -1.431914, 0.366951, -0.999991, 0.000035, -0.004152, 0.004147, -0.042147, -0.999103, -0.000210, -0.999111, 0.042147),
      ["RightUpperArm"] = CFrame.new(-0.114857, -0.032443, -0.012097, 0.894191, -0.445528, -0.043897, 0.446950, 0.894038, 0.030524, 0.025646, -0.046914, 0.998570),
      ["RightUpperLeg"] = CFrame.new(0.206673, -0.126690, -0.222075, 0.882733, -0.468703, 0.033150, -0.182778, -0.407515, -0.894720, 0.432867, 0.783740, -0.445396),
      ["рҹҢ§пёҸрҹҳірҹ‘»рҹҸіпёҸвҖҚрҹҢҲрҹҳӮрҹ’һрҹҸҙвҖҚвҳ пёҸрҹҺёрҹҢ§пёҸрҹҳірҹ‘»рҹҸіпёҸвҖҚрҹҢҲрҹҳӮрҹ’һрҹҸҙвҖҚвҳ"] = CFrame.new(0.000000, -0.000000, 0.000000, 0.957888, -0.287143, 0.000000, 0.287143, 0.957888, 0.000000, 0.000000, 0.000000, 1.000000)
    }},
    { Time = 0.317, Data = {
      ["Head"] = CFrame.new(0.000000, -0.000004, 0.000000, 0.999999, 0.001127, 0.000469, -0.001213, 0.875097, 0.483946, 0.000135, -0.483946, 0.875098),
      ["LeftUpperArm"] = CFrame.new(0.116390, -0.035137, -0.012355, 0.889435, 0.454428, 0.048999, -0.456053, 0.889476, 0.029107, -0.030356, -0.048235, 0.998375),
      ["LeftUpperLeg"] = CFrame.new(-0.176568, -0.118641, -0.230891, 0.887722, 0.459815, -0.022815, 0.189302, -0.409744, -0.892343, -0.419660, 0.787833, -0.450783),
      ["LowerTorso"] = CFrame.new(-0.010351, -1.431915, 0.366239, -0.999991, 0.000035, -0.004152, 0.004147, -0.042147, -0.999103, -0.000210, -0.999111, 0.042147),
      ["RightUpperArm"] = CFrame.new(-0.114552, -0.032892, -0.012070, 0.894310, -0.445290, -0.043893, 0.446712, 0.894157, 0.030530, 0.025653, -0.046911, 0.998570),
      ["RightUpperLeg"] = CFrame.new(0.206683, -0.126693, -0.222096, 0.882714, -0.468672, 0.034101, -0.182772, -0.409280, -0.893915, 0.432910, 0.782838, -0.446937),
      ["рҹҢ§пёҸрҹҳірҹ‘»рҹҸіпёҸвҖҚрҹҢҲрҹҳӮрҹ’һрҹҸҙвҖҚвҳ пёҸрҹҺёрҹҢ§пёҸрҹҳірҹ‘»рҹҸіпёҸвҖҚрҹҢҲрҹҳӮрҹ’һрҹҸҙвҖҚвҳ"] = CFrame.new(0.000000, -0.000000, 0.000000, 0.957536, -0.288313, 0.000000, 0.288313, 0.957536, 0.000000, 0.000000, 0.000000, 1.000000)
    }},
    { Time = 0.333, Data = {
      ["Head"] = CFrame.new(0.000000, -0.000004, 0.000000, 0.999999, 0.001127, 0.000470, -0.001213, 0.874536, 0.484960, 0.000136, -0.484960, 0.874536),
      ["LeftUpperArm"] = CFrame.new(0.116001, -0.035689, -0.012321, 0.889596, 0.454112, 0.048993, -0.455737, 0.889638, 0.029116, -0.030365, -0.048229, 0.998375),
      ["LeftUpperLeg"] = CFrame.new(-0.176564, -0.118617, -0.230871, 0.887731, 0.459752, -0.023712, 0.189350, -0.411594, -0.891481, -0.419619, 0.786905, -0.452438),
      ["LowerTorso"] = CFrame.new(-0.010351, -1.431914, 0.365504, -0.999991, 0.000035, -0.004152, 0.004147, -0.042147, -0.999103, -0.000210, -0.999111, 0.042147),
      ["RightUpperArm"] = CFrame.new(-0.114238, -0.033357, -0.012043, 0.894429, -0.445052, -0.043889, 0.446474, 0.894275, 0.030536, 0.025659, -0.046908, 0.998570),
      ["RightUpperLeg"] = CFrame.new(0.206681, -0.126673, -0.222083, 0.882718, -0.468599, 0.034982, -0.182812, -0.411042, -0.893098, 0.432884, 0.781958, -0.448500),
      ["рҹҢ§пёҸрҹҳірҹ‘»рҹҸіпёҸвҖҚрҹҢҲрҹҳӮрҹ’һрҹҸҙвҖҚвҳ пёҸрҹҺёрҹҢ§пёҸрҹҳірҹ‘»рҹҸіпёҸвҖҚрҹҢҲрҹҳӮрҹ’һрҹҸҙвҖҚвҳ"] = CFrame.new(0.000000, -0.000000, 0.000000, 0.957234, -0.289315, 0.000000, 0.289315, 0.957234, 0.000000, 0.000000, 0.000000, 1.000000)
    }},
    { Time = 0.350, Data = {
      ["Head"] = CFrame.new(0.000000, -0.000004, 0.000000, 0.999999, 0.001126, 0.000470, -0.001213, 0.874016, 0.485895, 0.000136, -0.485896, 0.874017),
      ["LeftUpperArm"] = CFrame.new(0.115622, -0.036271, -0.012286, 0.889717, 0.453875, 0.048990, -0.455500, 0.889759, 0.029122, -0.030371, -0.048225, 0.998375),
      ["LeftUpperLeg"] = CFrame.new(-0.176571, -0.118616, -0.230885, 0.887717, 0.459728, -0.024678, 0.189352, -0.413440, -0.890625, -0.419648, 0.785950, -0.454068),
      ["LowerTorso"] = CFrame.new(-0.010352, -1.432034, 0.364750, -0.999991, 0.000035, -0.004152, 0.004147, -0.042028, -0.999108, -0.000209, -0.999116, 0.042027),
      ["RightUpperArm"] = CFrame.new(-0.113895, -0.033827, -0.012020, 0.894584, -0.444732, -0.043968, 0.446158, 0.894433, 0.030524, 0.025751, -0.046923, 0.998567),
      ["RightUpperLeg"] = CFrame.new(0.206674, -0.126699, -0.222080, 0.882732, -0.468496, 0.036004, -0.182761, -0.412923, -0.892241, 0.432878, 0.781029, -0.450123),
      ["рҹҢ§пёҸрҹҳірҹ‘»рҹҸіпёҸвҖҚрҹҢҲрҹҳӮрҹ’һрҹҸҙвҖҚвҳ пёҸрҹҺёрҹҢ§пёҸрҹҳірҹ‘»рҹҸіпёҸвҖҚрҹҢҲрҹҳӮрҹ’һрҹҸҙвҖҚвҳ"] = CFrame.new(0.000000, -0.000000, 0.000000, 0.956930, -0.290317, 0.000000, 0.290317, 0.956930, 0.000000, 0.000000, 0.000000, 1.000000)
    }},
    { Time = 0.367, Data = {
      ["Head"] = CFrame.new(0.000000, -0.000004, 0.000000, 0.999999, 0.001126, 0.000471, -0.001213, 0.873539, 0.486753, 0.000137, -0.486753, 0.873540),
      ["LeftUpperArm"] = CFrame.new(0.115235, -0.036869, -0.012251, 0.889839, 0.453638, 0.048986, -0.455263, 0.889880, 0.029129, -0.030378, -0.048221, 0.998375),
      ["LeftUpperLeg"] = CFrame.new(-0.176578, -0.118615, -0.230900, 0.887702, 0.459703, -0.025644, 0.189354, -0.415284, -0.889767, -0.419678, 0.784992, -0.455695),
      ["LowerTorso"] = CFrame.new(-0.010352, -1.432035, 0.363970, -0.999991, 0.000035, -0.004152, 0.004147, -0.042028, -0.999108, -0.000209, -0.999116, 0.042027),
      ["RightUpperArm"] = CFrame.new(-0.113567, -0.034321, -0.011992, 0.894702, -0.444494, -0.043964, 0.445920, 0.894552, 0.030530, 0.025757, -0.046919, 0.998567),
      ["RightUpperLeg"] = CFrame.new(0.206684, -0.126679, -0.222093, 0.882711, -0.468456, 0.037003, -0.182799, -0.414854, -0.891337, 0.432903, 0.780029, -0.451830),
      ["рҹҢ§пёҸрҹҳірҹ‘»рҹҸіпёҸвҖҚрҹҢҲрҹҳӮрҹ’һрҹҸҙвҖҚвҳ пёҸрҹҺёрҹҢ§пёҸрҹҳірҹ‘»рҹҸіпёҸвҖҚрҹҢҲрҹҳӮрҹ’һрҹҸҙвҖҚвҳ"] = CFrame.new(0.000000, -0.000000, 0.000000, 0.956677, -0.291152, 0.000000, 0.291152, 0.956677, 0.000000, 0.000000, 0.000000, 1.000000)
    }},
    { Time = 0.383, Data = {
      ["Head"] = CFrame.new(0.000000, -0.000004, 0.000000, 0.999999, 0.001126, 0.000471, -0.001213, 0.873148, 0.487454, 0.000137, -0.487454, 0.873149),
      ["LeftUpperArm"] = CFrame.new(0.114841, -0.037482, -0.012215, 0.889960, 0.453401, 0.048982, -0.455026, 0.890001, 0.029135, -0.030384, -0.048217, 0.998375),
      ["LeftUpperLeg"] = CFrame.new(-0.176569, -0.118637, -0.230890, 0.887722, 0.459607, -0.026679, 0.189310, -0.417245, -0.888858, -0.419657, 0.784008, -0.457405),
      ["LowerTorso"] = CFrame.new(-0.010352, -1.432035, 0.363173, -0.999991, 0.000035, -0.004152, 0.004147, -0.042028, -0.999108, -0.000209, -0.999116, 0.042027),
      ["RightUpperArm"] = CFrame.new(-0.113211, -0.034817, -0.011962, 0.894860, -0.444177, -0.043958, 0.445602, 0.894710, 0.030538, 0.025766, -0.046915, 0.998567),
      ["RightUpperLeg"] = CFrame.new(0.206677, -0.126694, -0.222086, 0.882725, -0.468348, 0.038048, -0.182770, -0.416815, -0.890427, 0.432889, 0.779048, -0.453533),
      ["рҹҢ§пёҸрҹҳірҹ‘»рҹҸіпёҸвҖҚрҹҢҲрҹҳӮрҹ’һрҹҸҙвҖҚвҳ пёҸрҹҺёрҹҢ§пёҸрҹҳірҹ‘»рҹҸіпёҸвҖҚрҹҢҲрҹҳӮрҹ’һрҹҸҙвҖҚвҳ"] = CFrame.new(0.000000, -0.000000, 0.000000, 0.956422, -0.291987, 0.000000, 0.291987, 0.956422, 0.000000, 0.000000, 0.000000, 1.000000)
    }},
    { Time = 0.400, Data = {
      ["Head"] = CFrame.new(0.000000, -0.000004, 0.000000, 0.999999, 0.001126, 0.000472, -0.001213, 0.872756, 0.488155, 0.000138, -0.488155, 0.872757),
      ["LeftUpperArm"] = CFrame.new(0.114419, -0.038098, -0.012178, 0.890121, 0.453085, 0.048977, -0.454710, 0.890163, 0.029144, -0.030393, -0.048212, 0.998375),
      ["LeftUpperLeg"] = CFrame.new(-0.176576, -0.118614, -0.230895, 0.887707, 0.459576, -0.027692, 0.189355, -0.419255, -0.887902, -0.419668, 0.782953, -0.459199),
      ["LowerTorso"] = CFrame.new(-0.010352, -1.432035, 0.362360, -0.999991, 0.000035, -0.004152, 0.004147, -0.042028, -0.999108, -0.000209, -0.999116, 0.042027),
      ["RightUpperArm"] = CFrame.new(-0.112850, -0.035323, -0.011910, 0.895018, -0.443861, -0.043933, 0.445284, 0.894871, 0.030461, 0.025794, -0.046826, 0.998570),
      ["RightUpperLeg"] = CFrame.new(0.206671, -0.126708, -0.222079, 0.882737, -0.468238, 0.039092, -0.182741, -0.418773, -0.889514, 0.432875, 0.778064, -0.455233),
      ["рҹҢ§пёҸрҹҳірҹ‘»рҹҸіпёҸвҖҚрҹҢҲрҹҳӮрҹ’һрҹҸҙвҖҚвҳ пёҸрҹҺёрҹҢ§пёҸрҹҳірҹ‘»рҹҸіпёҸвҖҚрҹҢҲрҹҳӮрҹ’һрҹҸҙвҖҚвҳ"] = CFrame.new(0.000000, -0.000000, 0.000000, 0.956218, -0.292655, 0.000000, 0.292655, 0.956218, 0.000000, 0.000000, 0.000000, 1.000000)
    }},
    { Time = 0.417, Data = {
      ["Head"] = CFrame.new(0.000000, -0.000004, 0.000000, 0.999999, 0.001126, 0.000472, -0.001213, 0.872451, 0.488699, 0.000138, -0.488700, 0.872452),
      ["LeftUpperArm"] = CFrame.new(0.114011, -0.038735, -0.012140, 0.890242, 0.452848, 0.048973, -0.454473, 0.890284, 0.029150, -0.030399, -0.048208, 0.998375),
      ["LeftUpperLeg"] = CFrame.new(-0.176567, -0.118626, -0.230880, 0.887725, 0.459476, -0.028750, 0.189333, -0.421296, -0.886940, -0.419640, 0.781916, -0.460989),
      ["LowerTorso"] = CFrame.new(-0.010352, -1.432034, 0.361533, -0.999991, 0.000035, -0.004152, 0.004147, -0.042028, -0.999108, -0.000209, -0.999116, 0.042027),
      ["RightUpperArm"] = CFrame.new(-0.112484, -0.035840, -0.011879, 0.895176, -0.443544, -0.043928, 0.444966, 0.895029, 0.030469, 0.025802, -0.046822, 0.998570),
      ["RightUpperLeg"] = CFrame.new(0.206681, -0.126678, -0.222087, 0.882716, -0.468191, 0.040114, -0.182802, -0.420780, -0.888554, 0.432892, 0.777008, -0.457015),
      ["рҹҢ§пёҸрҹҳірҹ‘»рҹҸіпёҸвҖҚрҹҢҲрҹҳӮрҹ’һрҹҸҙвҖҚвҳ пёҸрҹҺёрҹҢ§пёҸрҹҳірҹ‘»рҹҸіпёҸвҖҚрҹҢҲрҹҳӮрҹ’һрҹҸҙвҖҚвҳ"] = CFrame.new(0.000000, -0.000000, 0.000000, 0.956039, -0.293239, 0.000000, 0.293239, 0.956039, 0.000000, 0.000000, 0.000000, 1.000000)
    }},
    { Time = 0.433, Data = {
      ["Head"] = CFrame.new(0.000000, -0.000004, 0.000000, 0.999999, 0.001126, 0.000472, -0.001213, 0.872233, 0.489089, 0.000138, -0.489089, 0.872234),
      ["LeftUpperArm"] = CFrame.new(0.113579, -0.039372, -0.012102, 0.890403, 0.452531, 0.048968, -0.454156, 0.890445, 0.029159, -0.030407, -0.048202, 0.998375),
      ["LeftUpperLeg"] = CFrame.new(-0.176575, -0.118603, -0.230887, 0.887710, 0.459441, -0.029762, 0.189378, -0.423299, -0.885976, -0.419652, 0.780853, -0.462775),
      ["LowerTorso"] = CFrame.new(-0.010352, -1.432034, 0.360693, -0.999991, 0.000035, -0.004152, 0.004147, -0.042028, -0.999108, -0.000209, -0.999116, 0.042027),
      ["RightUpperArm"] = CFrame.new(-0.112114, -0.036364, -0.011848, 0.895333, -0.443226, -0.043922, 0.444649, 0.895186, 0.030477, 0.025810, -0.046817, 0.998570),
      ["RightUpperLeg"] = CFrame.new(0.206675, -0.126682, -0.222076, 0.882728, -0.468076, 0.041181, -0.182795, -0.422817, -0.887588, 0.432870, 0.775971, -0.458794),
      ["рҹҢ§пёҸрҹҳірҹ‘»рҹҸіпёҸвҖҚрҹҢҲрҹҳӮрҹ’һрҹҸҙвҖҚвҳ пёҸрҹҺёрҹҢ§пёҸрҹҳірҹ‘»рҹҸіпёҸвҖҚрҹҢҲрҹҳӮрҹ’һрҹҸҙвҖҚвҳ"] = CFrame.new(-0.000000, -0.000000, 0.000000, 0.955911, -0.293656, 0.000000, 0.293656, 0.955911, 0.000000, 0.000000, 0.000000, 1.000000)
    }},
    { Time = 0.450, Data = {
      ["Head"] = CFrame.new(0.000000, -0.000004, 0.000000, 0.999999, 0.001126, 0.000473, -0.001213, 0.872015, 0.489478, 0.000139, -0.489478, 0.872016),
      ["LeftUpperArm"] = CFrame.new(0.113142, -0.040016, -0.012063, 0.890564, 0.452215, 0.048962, -0.453840, 0.890606, 0.029168, -0.030416, -0.048197, 0.998375),
      ["LeftUpperLeg"] = CFrame.new(-0.176565, -0.118615, -0.230873, 0.887727, 0.459337, -0.030820, 0.189355, -0.425333, -0.885007, -0.419624, 0.779809, -0.464557),
      ["LowerTorso"] = CFrame.new(-0.010352, -1.432034, 0.359844, -0.999991, 0.000035, -0.004152, 0.004147, -0.042028, -0.999108, -0.000209, -0.999116, 0.042027),
      ["RightUpperArm"] = CFrame.new(-0.111741, -0.036895, -0.011817, 0.895491, -0.442909, -0.043917, 0.444331, 0.895344, 0.030485, 0.025819, -0.046813, 0.998570),
      ["RightUpperLeg"] = CFrame.new(0.206682, -0.126697, -0.222096, 0.882716, -0.467996, 0.042342, -0.182764, -0.424937, -0.886581, 0.432909, 0.774860, -0.460631),
      ["рҹҢ§пёҸрҹҳірҹ‘»рҹҸіпёҸвҖҚрҹҢҲрҹҳӮрҹ’һрҹҸҙвҖҚвҳ пёҸрҹҺёрҹҢ§пёҸрҹҳірҹ‘»рҹҸіпёҸвҖҚрҹҢҲрҹҳӮрҹ’һрҹҸҙвҖҚвҳ"] = CFrame.new(-0.000000, -0.000000, 0.000000, 0.955783, -0.294074, 0.000000, 0.294074, 0.955783, 0.000000, 0.000000, 0.000000, 1.000000)
    }},
    { Time = 0.467, Data = {
      ["Head"] = CFrame.new(0.000000, -0.000004, 0.000000, 0.999999, 0.001125, 0.000473, -0.001213, 0.871884, 0.489711, 0.000139, -0.489711, 0.871885),
      ["LeftUpperArm"] = CFrame.new(0.112723, -0.040676, -0.012024, 0.890685, 0.451978, 0.048958, -0.453603, 0.890726, 0.029174, -0.030422, -0.048193, 0.998375),
      ["LeftUpperLeg"] = CFrame.new(-0.176568, -0.118638, -0.230889, 0.887722, 0.459269, -0.031970, 0.189307, -0.427448, -0.883997, -0.419658, 0.778691, -0.466398),
      ["LowerTorso"] = CFrame.new(-0.010352, -1.432034, 0.358989, -0.999991, 0.000035, -0.004152, 0.004147, -0.042028, -0.999108, -0.000209, -0.999116, 0.042027),
      ["RightUpperArm"] = CFrame.new(-0.111365, -0.037431, -0.011785, 0.895648, -0.442591, -0.043912, 0.444013, 0.895501, 0.030493, 0.025827, -0.046808, 0.998570),
      ["RightUpperLeg"] = CFrame.new(0.206676, -0.126701, -0.222085, 0.882727, -0.467876, 0.043409, -0.182757, -0.426966, -0.885607, 0.432889, 0.773816, -0.462402),
      ["рҹҢ§пёҸрҹҳірҹ‘»рҹҸіпёҸвҖҚрҹҢҲрҹҳӮрҹ’һрҹҸҙвҖҚвҳ пёҸрҹҺёрҹҢ§пёҸрҹҳірҹ‘»рҹҸіпёҸвҖҚрҹҢҲрҹҳӮрҹ’һрҹҸҙвҖҚвҳ"] = CFrame.new(0.000000, -0.000000, 0.000000, 0.955706, -0.294324, 0.000000, 0.294324, 0.955706, 0.000000, 0.000000, 0.000000, 1.000000)
    }},
    { Time = 0.483, Data = {
      ["Head"] = CFrame.new(0.000000, -0.000004, 0.000000, 0.999999, 0.001125, 0.000473, -0.001213, 0.871796, 0.489867, 0.000139, -0.489867, 0.871797),
      ["LeftUpperArm"] = CFrame.new(0.112281, -0.041330, -0.011985, 0.890845, 0.451662, 0.048953, -0.453286, 0.890887, 0.029183, -0.030431, -0.048187, 0.998375),
      ["LeftUpperLeg"] = CFrame.new(-0.176576, -0.118605, -0.230892, 0.887705, 0.459227, -0.033004, 0.189374, -0.429526, -0.882975, -0.419662, 0.777571, -0.468259),
      ["LowerTorso"] = CFrame.new(-0.010352, -1.432034, 0.358128, -0.999991, 0.000035, -0.004152, 0.004147, -0.042028, -0.999108, -0.000209, -0.999116, 0.042027),
      ["RightUpperArm"] = CFrame.new(-0.110988, -0.037970, -0.011753, 0.895805, -0.442273, -0.043906, 0.443696, 0.895658, 0.030500, 0.025835, -0.046803, 0.998570),
      ["RightUpperLeg"] = CFrame.new(0.206670, -0.126693, -0.222071, 0.882739, -0.467753, 0.044499, -0.182772, -0.429078, -0.884583, 0.432859, 0.772722, -0.464256),
      ["рҹҢ§пёҸрҹҳірҹ‘»рҹҸіпёҸвҖҚрҹҢҲрҹҳӮрҹ’һрҹҸҙвҖҚвҳ пёҸрҹҺёрҹҢ§пёҸрҹҳірҹ‘»рҹҸіпёҸвҖҚрҹҢҲрҹҳӮрҹ’һрҹҸҙвҖҚвҳ"] = CFrame.new(0.000000, -0.000000, 0.000000, 0.955654, -0.294491, 0.000000, 0.294491, 0.955654, 0.000000, 0.000000, 0.000000, 1.000000)
    }},
    { Time = 0.500, Data = {
      ["Head"] = CFrame.new(0.000000, -0.000004, 0.000000, 0.999999, 0.001125, 0.000473, -0.001213, 0.871753, 0.489945, 0.000139, -0.489945, 0.871754),
      ["LeftUpperArm"] = CFrame.new(0.111838, -0.041985, -0.011951, 0.891002, 0.451343, 0.049032, -0.452971, 0.891048, 0.029172, -0.030523, -0.048202, 0.998371),
      ["LeftUpperLeg"] = CFrame.new(-0.176568, -0.118617, -0.230879, 0.887722, 0.459117, -0.034060, 0.189351, -0.431548, -0.881994, -0.419637, 0.776516, -0.470029),
      ["LowerTorso"] = CFrame.new(-0.010352, -1.432035, 0.357265, -0.999991, 0.000035, -0.004152, 0.004147, -0.042028, -0.999108, -0.000209, -0.999116, 0.042027),
      ["RightUpperArm"] = CFrame.new(-0.110610, -0.038510, -0.011721, 0.895962, -0.441955, -0.043901, 0.443378, 0.895815, 0.030508, 0.025844, -0.046799, 0.998570),
      ["RightUpperLeg"] = CFrame.new(0.206665, -0.126686, -0.222057, 0.882750, -0.467627, 0.045588, -0.182786, -0.431185, -0.883554, 0.432831, 0.771624, -0.466105),
      ["рҹҢ§пёҸрҹҳірҹ‘»рҹҸіпёҸвҖҚрҹҢҲрҹҳӮрҹ’һрҹҸҙвҖҚвҳ пёҸрҹҺёрҹҢ§пёҸрҹҳірҹ‘»рҹҸіпёҸвҖҚрҹҢҲрҹҳӮрҹ’һрҹҸҙвҖҚвҳ"] = CFrame.new(0.000000, -0.000000, 0.000000, 0.955654, -0.294491, 0.000000, 0.294491, 0.955654, 0.000000, 0.000000, 0.000000, 1.000000)
    }},
    { Time = 0.517, Data = {
      ["Head"] = CFrame.new(0.000000, -0.000004, 0.000000, 0.999999, 0.001125, 0.000473, -0.001213, 0.871796, 0.489867, 0.000139, -0.489867, 0.871797),
      ["LeftUpperArm"] = CFrame.new(0.111416, -0.042651, -0.011912, 0.891123, 0.451105, 0.049028, -0.452734, 0.891168, 0.029178, -0.030530, -0.048198, 0.998371),
      ["LeftUpperLeg"] = CFrame.new(-0.176571, -0.118641, -0.230897, 0.887716, 0.459044, -0.035209, 0.189303, -0.433652, -0.880971, -0.419673, 0.775387, -0.471858),
      ["LowerTorso"] = CFrame.new(-0.010352, -1.432034, 0.356402, -0.999991, 0.000035, -0.004152, 0.004147, -0.042028, -0.999108, -0.000209, -0.999116, 0.042027),
      ["RightUpperArm"] = CFrame.new(-0.110232, -0.039051, -0.011689, 0.896119, -0.441638, -0.043895, 0.443060, 0.895972, 0.030516, 0.025852, -0.046794, 0.998570),
      ["RightUpperLeg"] = CFrame.new(0.206672, -0.126712, -0.222082, 0.882735, -0.467542, 0.046722, -0.182733, -0.433204, -0.882578, 0.432882, 0.770545, -0.467840),
