return {
  ["Astros Lay hump"] = {
    { Time = 0.000, Data = {
      ["Head"] = CFrame.new(-0.000028, -0.000005, -0.000012, 0.979855, -0.026022, -0.198006, 0.089497, 0.943557, 0.318888, 0.178532, -0.330185, 0.926879),
      ["LeftUpperArm"] = CFrame.new(-0.181308, -0.701418, 0.431943, 0.872551, -0.473792, 0.119063, 0.108429, -0.049817, -0.992855, 0.476338, 0.879227, 0.007905),
      ["LeftUpperLeg"] = CFrame.new(0.027328, 0.177318, -0.594947, 1.000000, -0.000000, 0.000000, 0.000000, 0.871841, 0.489789, -0.000000, -0.489789, 0.871841),
      ["LowerTorso"] = CFrame.new(-2.112067, -1.004032, -0.785307, 0.058502, 0.846393, -0.529335, 0.000021, 0.530243, 0.847846, 0.998287, -0.049612, 0.031002),
      ["RightUpperArm"] = CFrame.new(0.000000, -0.866372, 0.161392, 1.000000, 0.000000, 0.000000, 0.000000, -0.767241, -0.641359, 0.000000, 0.641359, -0.767241),
      ["RightUpperLeg"] = CFrame.new(0.027328, 0.177301, -0.594940, 1.000000, -0.000000, 0.000000, 0.000000, 0.871841, 0.489789, -0.000000, -0.489789, 0.871841)
    }},
    { Time = 0.017, Data = {
      ["LeftUpperArm"] = CFrame.new(-0.181230, -0.701755, 0.431924, 0.872579, -0.473768, 0.118950, 0.108071, -0.050238, -0.992873, 0.476367, 0.879216, 0.007364),
      ["LeftUpperLeg"] = CFrame.new(0.027328, 0.177729, -0.595321, 1.000000, -0.000000, 0.000000, 0.000000, 0.872147, 0.489244, -0.000000, -0.489244, 0.872147),
      ["LowerTorso"] = CFrame.new(-2.112359, -1.003559, -0.785253, 0.058583, 0.846686, -0.528857, -0.000040, 0.529769, 0.848142, 0.998283, -0.049665, 0.031070),
      ["RightUpperArm"] = CFrame.new(0.000000, -0.866372, 0.161392, 1.000000, 0.000000, 0.000000, 0.000000, -0.767241, -0.641359, 0.000000, 0.641359, -0.767241),
      ["RightUpperLeg"] = CFrame.new(0.027328, 0.177711, -0.595313, 1.000000, -0.000000, 0.000000, 0.000000, 0.872147, 0.489244, -0.000000, -0.489244, 0.872147)
    }},
    { Time = 0.033, Data = {
      ["LeftUpperArm"] = CFrame.new(-0.181023, -0.702782, 0.431852, 0.872619, -0.473803, 0.118515, 0.106853, -0.051573, -0.992937, 0.476569, 0.879119, 0.005624),
      ["LeftUpperLeg"] = CFrame.new(0.027328, 0.178955, -0.596439, 1.000000, -0.000000, 0.000000, 0.000000, 0.872975, 0.487765, -0.000000, -0.487765, 0.872975),
      ["LowerTorso"] = CFrame.new(-2.113208, -1.002195, -0.785197, 0.058572, 0.847535, -0.527498, -0.000012, 0.528406, 0.848992, 0.998283, -0.049721, 0.030960),
      ["RightUpperArm"] = CFrame.new(0.000000, -0.866372, 0.161392, 1.000000, 0.000000, 0.000000, 0.000000, -0.767241, -0.641359, 0.000000, 0.641359, -0.767241),
      ["RightUpperLeg"] = CFrame.new(0.027328, 0.178937, -0.596431, 1.000000, -0.000000, 0.000000, 0.000000, 0.872975, 0.487765, -0.000000, -0.487765, 0.872975)
    }},
    { Time = 0.050, Data = {
      ["LeftUpperArm"] = CFrame.new(-0.180679, -0.704472, 0.431733, 0.872678, -0.473848, 0.117906, 0.104982, -0.053746, -0.993021, 0.476877, 0.878965, 0.002842),
      ["LeftUpperLeg"] = CFrame.new(0.027328, 0.180984, -0.598288, 1.000000, -0.000000, 0.000000, 0.000000, 0.874407, 0.485194, -0.000000, -0.485194, 0.874407),
      ["LowerTorso"] = CFrame.new(-2.114677, -0.999819, -0.785055, 0.058616, 0.849004, -0.525126, 0.000022, 0.526029, 0.850467, 0.998281, -0.049863, 0.030816),
      ["RightUpperArm"] = CFrame.new(0.000000, -0.866372, 0.161392, 1.000000, 0.000000, 0.000000, 0.000000, -0.767241, -0.641359, 0.000000, 0.641359, -0.767241),
      ["RightUpperLeg"] = CFrame.new(0.027328, 0.180967, -0.598281, 1.000000, -0.000000, 0.000000, 0.000000, 0.874407, 0.485194, -0.000000, -0.485194, 0.874407)
    }},
    { Time = 0.067, Data = {
      ["LeftUpperArm"] = CFrame.new(-0.180200, -0.706829, 0.431566, 0.872781, -0.473902, 0.116919, 0.102188, -0.056824, -0.993141, 0.477295, 0.878742, -0.001168),
      ["LeftUpperLeg"] = CFrame.new(0.027328, 0.183793, -0.600849, 1.000000, -0.000000, 0.000000, 0.000000, 0.876346, 0.481682, -0.000000, -0.481682, 0.876346),
      ["LowerTorso"] = CFrame.new(-2.116691, -0.996544, -0.784965, 0.058608, 0.851018, -0.521855, -0.000017, 0.522754, 0.852483, 0.998281, -0.049954, 0.030652),
      ["RightUpperArm"] = CFrame.new(0.000000, -0.866372, 0.161392, 1.000000, 0.000000, 0.000000, 0.000000, -0.767241, -0.641359, 0.000000, 0.641359, -0.767241),
      ["RightUpperLeg"] = CFrame.new(0.027328, 0.183776, -0.600842, 1.000000, -0.000000, 0.000000, 0.000000, 0.876346, 0.481682, -0.000000, -0.481682, 0.876346)
    }},
    { Time = 0.083, Data = {
      ["LeftUpperArm"] = CFrame.new(-0.179579, -0.709816, 0.431358, 0.872934, -0.473918, 0.115702, 0.098681, -0.060727, -0.993264, 0.477752, 0.878472, -0.006244),
      ["LeftUpperLeg"] = CFrame.new(0.027328, 0.187353, -0.604094, 1.000000, -0.000000, 0.000000, 0.000000, 0.878823, 0.477148, -0.000000, -0.477148, 0.878823),
      ["LowerTorso"] = CFrame.new(-2.119240, -0.992358, -0.784822, 0.058599, 0.853567, -0.517677, -0.000015, 0.518569, 0.855036, 0.998282, -0.050096, 0.030401),
      ["RightUpperArm"] = CFrame.new(0.000000, -0.866372, 0.161392, 1.000000, 0.000000, 0.000000, 0.000000, -0.767241, -0.641359, 0.000000, 0.641359, -0.767241),
      ["RightUpperLeg"] = CFrame.new(0.027328, 0.187335, -0.604086, 1.000000, -0.000000, 0.000000, 0.000000, 0.878823, 0.477148, -0.000000, -0.477148, 0.878823)
    }},
    { Time = 0.100, Data = {
      ["LeftUpperArm"] = CFrame.new(-0.178855, -0.713379, 0.431093, 0.873061, -0.474017, 0.114331, 0.094614, -0.065333, -0.993368, 0.478343, 0.878088, -0.012191),
      ["LeftUpperLeg"] = CFrame.new(0.027328, 0.191622, -0.607985, 1.000000, -0.000000, 0.000000, 0.000000, 0.881696, 0.471819, -0.000000, -0.471819, 0.881696),
      ["LowerTorso"] = CFrame.new(-2.122240, -0.987371, -0.784660, 0.058537, 0.856567, -0.512704, 0.000059, 0.513582, 0.858040, 0.998285, -0.050258, 0.030013),
      ["RightUpperArm"] = CFrame.new(0.000000, -0.866372, 0.161392, 1.000000, 0.000000, 0.000000, 0.000000, -0.767241, -0.641359, 0.000000, 0.641359, -0.767241),
      ["RightUpperLeg"] = CFrame.new(0.027328, 0.191605, -0.607978, 1.000000, -0.000000, 0.000000, 0.000000, 0.881696, 0.471819, -0.000000, -0.471819, 0.881696)
    }},
    { Time = 0.117, Data = {
      ["LeftUpperArm"] = CFrame.new(-0.177993, -0.717521, 0.430791, 0.873268, -0.474034, 0.112671, 0.089774, -0.070746, -0.993446, 0.478898, 0.877660, -0.019225),
      ["LeftUpperLeg"] = CFrame.new(0.027328, 0.196556, -0.612482, 1.000000, -0.000000, 0.000000, 0.000000, 0.885031, 0.465532, -0.000000, -0.465532, 0.885031),
      ["LowerTorso"] = CFrame.new(-2.125679, -0.981573, -0.784473, 0.058563, 0.860006, -0.506912, -0.000012, 0.507784, 0.861484, 0.998284, -0.050445, 0.029748),
      ["RightUpperArm"] = CFrame.new(0.000000, -0.866372, 0.161392, 1.000000, 0.000000, 0.000000, 0.000000, -0.767241, -0.641359, 0.000000, 0.641359, -0.767241),
      ["RightUpperLeg"] = CFrame.new(0.027328, 0.196539, -0.612475, 1.000000, -0.000000, 0.000000, 0.000000, 0.885031, 0.465532, -0.000000, -0.465532, 0.885031)
    }},
    { Time = 0.133, Data = {
      ["LeftUpperArm"] = CFrame.new(-0.177051, -0.722147, 0.430429, 0.873440, -0.474152, 0.110825, 0.084405, -0.076725, -0.993473, 0.479560, 0.877094, -0.026994),
      ["LeftUpperLeg"] = CFrame.new(0.027328, 0.202099, -0.617536, 1.000000, -0.000000, 0.000000, 0.000000, 0.888685, 0.458518, -0.000000, -0.458518, 0.888685),
      ["LowerTorso"] = CFrame.new(-2.129473, -0.975070, -0.784246, 0.058579, 0.863800, -0.500418, -0.000031, 0.501280, 0.865285, 0.998283, -0.050672, 0.029392),
      ["RightUpperArm"] = CFrame.new(0.000000, -0.866372, 0.161392, 1.000000, 0.000000, 0.000000, 0.000000, -0.767241, -0.641359, 0.000000, 0.641359, -0.767241),
      ["RightUpperLeg"] = CFrame.new(0.027328, 0.202082, -0.617529, 1.000000, -0.000000, 0.000000, 0.000000, 0.888685, 0.458518, -0.000000, -0.458518, 0.888685)
    }},
    { Time = 0.150, Data = {
      ["LeftUpperArm"] = CFrame.new(-0.176009, -0.727259, 0.430019, 0.873634, -0.474258, 0.108828, 0.078477, -0.083398, -0.993421, 0.480214, 0.876427, -0.035641),
      ["LeftUpperLeg"] = CFrame.new(0.027328, 0.208192, -0.623089, 1.000000, -0.000000, 0.000000, 0.000000, 0.892681, 0.450689, -0.000000, -0.450689, 0.892681),
      ["LowerTorso"] = CFrame.new(-2.133609, -0.967846, -0.783985, 0.058578, 0.867936, -0.493209, 0.000008, 0.494057, 0.869430, 0.998283, -0.050933, 0.028934),
      ["RightUpperArm"] = CFrame.new(0.000000, -0.866372, 0.161392, 1.000000, 0.000000, 0.000000, 0.000000, -0.767241, -0.641359, 0.000000, 0.641359, -0.767241),
      ["RightUpperLeg"] = CFrame.new(0.027328, 0.208175, -0.623082, 1.000000, -0.000000, 0.000000, 0.000000, 0.892681, 0.450689, -0.000000, -0.450689, 0.892681)
    }},
    { Time = 0.167, Data = {
      ["LeftUpperArm"] = CFrame.new(-0.174884, -0.732756, 0.429564, 0.873844, -0.474372, 0.106617, 0.072049, -0.090523, -0.993285, 0.480838, 0.875658, -0.044925),
      ["LeftUpperLeg"] = CFrame.new(0.027328, 0.214767, -0.629082, 1.000000, -0.000000, 0.000000, 0.000000, 0.896878, 0.442277, -0.000000, -0.442277, 0.896878),
      ["LowerTorso"] = CFrame.new(-2.138007, -0.960016, -0.783768, 0.058551, 0.872334, -0.485391, -0.000028, 0.486227, 0.873833, 0.998284, -0.051150, 0.028493),
      ["RightUpperArm"] = CFrame.new(0.000000, -0.866372, 0.161392, 1.000000, 0.000000, 0.000000, 0.000000, -0.767241, -0.641359, 0.000000, 0.641359, -0.767241),
      ["RightUpperLeg"] = CFrame.new(0.027328, 0.214750, -0.629075, 1.000000, -0.000000, 0.000000, 0.000000, 0.896878, 0.442277, -0.000000, -0.442277, 0.896878)
    }},
    { Time = 0.183, Data = {
      ["LeftUpperArm"] = CFrame.new(-0.173705, -0.738594, 0.429055, 0.874031, -0.474554, 0.104249, 0.065185, -0.098091, -0.993040, 0.481477, 0.874744, -0.054801),
      ["LeftUpperLeg"] = CFrame.new(0.027328, 0.221751, -0.635449, 1.000000, -0.000000, 0.000000, 0.000000, 0.901261, 0.433277, -0.000000, -0.433277, 0.901261),
      ["LowerTorso"] = CFrame.new(-2.142613, -0.951624, -0.783427, 0.058609, 0.876940, -0.477014, 0.000012, 0.477834, 0.878450, 0.998281, -0.051491, 0.027995),
      ["RightUpperArm"] = CFrame.new(0.000000, -0.866372, 0.161392, 1.000000, 0.000000, 0.000000, 0.000000, -0.767241, -0.641359, 0.000000, 0.641359, -0.767241),
      ["RightUpperLeg"] = CFrame.new(0.027328, 0.221735, -0.635443, 1.000000, -0.000000, 0.000000, 0.000000, 0.901261, 0.433277, -0.000000, -0.433277, 0.901261)
    }},
    { Time = 0.200, Data = {
      ["LeftUpperArm"] = CFrame.new(-0.172472, -0.744713, 0.428502, 0.874206, -0.474750, 0.101869, 0.058093, -0.106028, -0.992665, 0.482068, 0.873711, -0.065111),
      ["LeftUpperLeg"] = CFrame.new(0.027327, 0.229070, -0.642121, 1.000000, -0.000000, 0.000000, 0.000000, 0.905773, 0.423764, -0.000000, -0.423764, 0.905773),
      ["LowerTorso"] = CFrame.new(-2.147323, -0.942851, -0.783194, 0.058543, 0.881650, -0.468259, 0.000044, 0.469061, 0.883165, 0.998285, -0.051724, 0.027422),
      ["RightUpperArm"] = CFrame.new(0.000000, -0.866372, 0.161392, 1.000000, 0.000000, 0.000000, 0.000000, -0.767241, -0.641359, 0.000000, 0.641359, -0.767241),
      ["RightUpperLeg"] = CFrame.new(0.027328, 0.229054, -0.642114, 1.000000, -0.000000, 0.000000, 0.000000, 0.905773, 0.423764, -0.000000, -0.423764, 0.905773)
    }},
    { Time = 0.217, Data = {
      ["LeftUpperArm"] = CFrame.new(-0.171201, -0.751031, 0.427908, 0.874375, -0.474976, 0.099331, 0.050684, -0.114188, -0.992166, 0.482597, 0.872559, -0.075769),
      ["LeftUpperLeg"] = CFrame.new(0.027327, 0.236643, -0.649023, 1.000000, -0.000000, 0.000000, 0.000000, 0.910326, 0.413893, -0.000000, -0.413893, 0.910326),
      ["LowerTorso"] = CFrame.new(-2.152122, -0.933690, -0.782950, 0.058550, 0.886449, -0.459109, -0.000049, 0.459900, 0.887970, 0.998284, -0.051968, 0.026971),
      ["RightUpperArm"] = CFrame.new(0.000000, -0.866372, 0.161392, 1.000000, 0.000000, 0.000000, 0.000000, -0.767241, -0.641359, 0.000000, 0.641359, -0.767241),
      ["RightUpperLeg"] = CFrame.new(0.027328, 0.236627, -0.649017, 1.000000, -0.000000, 0.000000, 0.000000, 0.910326, 0.413893, -0.000000, -0.413893, 0.910326)
    }},
    { Time = 0.233, Data = {
      ["LeftUpperArm"] = CFrame.new(-0.169908, -0.757507, 0.427273, 0.874526, -0.475229, 0.096752, 0.043080, -0.122589, -0.991522, 0.483061, 0.871281, -0.086734),
      ["LeftUpperLeg"] = CFrame.new(0.027327, 0.244386, -0.656081, 1.000000, -0.000000, 0.000000, 0.000000, 0.914873, 0.403742, -0.000000, -0.403742, 0.914873),
      ["LowerTorso"] = CFrame.new(-2.156932, -0.924253, -0.782578, 0.058606, 0.891259, -0.449691, 0.000035, 0.450463, 0.892795, 0.998281, -0.052339, 0.026369),
      ["RightUpperArm"] = CFrame.new(0.000000, -0.866372, 0.161392, 1.000000, 0.000000, 0.000000, 0.000000, -0.767241, -0.641359, 0.000000, 0.641359, -0.767241),
      ["RightUpperLeg"] = CFrame.new(0.027328, 0.244370, -0.656075, 1.000000, -0.000000, 0.000000, 0.000000, 0.914873, 0.403742, -0.000000, -0.403742, 0.914873)
    }},
    { Time = 0.250, Data = {
      ["LeftUpperArm"] = CFrame.new(-0.168595, -0.764039, 0.426615, 0.874685, -0.475464, 0.094133, 0.035398, -0.131029, -0.990746, 0.483398, 0.869923, -0.097778),
      ["LeftUpperLeg"] = CFrame.new(0.027327, 0.252214, -0.663217, 1.000000, -0.000000, 0.000000, 0.000000, 0.919336, 0.393473, -0.000000, -0.393473, 0.919336),
      ["LowerTorso"] = CFrame.new(-2.161695, -0.914675, -0.782356, 0.058586, 0.896023, -0.440126, -0.000050, 0.440886, 0.897563, 0.998282, -0.052562, 0.025875),
      ["RightUpperArm"] = CFrame.new(0.000000, -0.866372, 0.161392, 1.000000, 0.000000, 0.000000, 0.000000, -0.767241, -0.641359, 0.000000, 0.641359, -0.767241),
      ["RightUpperLeg"] = CFrame.new(0.027328, 0.252199, -0.663211, 1.000000, -0.000000, 0.000000, 0.000000, 0.919336, 0.393473, -0.000000, -0.393473, 0.919336)
    }},
    { Time = 0.267, Data = {
      ["LeftUpperArm"] = CFrame.new(-0.167306, -0.770552, 0.425925, 0.874780, -0.475790, 0.091561, 0.027788, -0.139396, -0.989847, 0.483722, 0.868443, -0.108720),
      ["LeftUpperLeg"] = CFrame.new(0.027327, 0.260043, -0.670354, 1.000000, -0.000000, 0.000000, 0.000000, 0.923713, 0.383085, -0.000000, -0.383085, 0.923713),
      ["LowerTorso"] = CFrame.new(-2.166370, -0.905011, -0.782069, 0.058574, 0.900697, -0.430481, 0.000003, 0.431222, 0.902246, 0.998283, -0.052849, 0.025256),
      ["RightUpperArm"] = CFrame.new(0.000000, -0.866372, 0.161392, 1.000000, 0.000000, 0.000000, 0.000000, -0.767241, -0.641359, 0.000000, 0.641359, -0.767241),
      ["RightUpperLeg"] = CFrame.new(0.027329, 0.260028, -0.670348, 1.000000, -0.000000, 0.000000, 0.000000, 0.923713, 0.383085, -0.000000, -0.383085, 0.923713)
    }},
    { Time = 0.283, Data = {
      ["LeftUpperArm"] = CFrame.new(-0.166013, -0.777007, 0.425228, 0.874909, -0.476043, 0.088980, 0.020192, -0.147717, -0.988824, 0.483867, 0.866927, -0.119627),
      ["LeftUpperLeg"] = CFrame.new(0.027327, 0.267786, -0.677412, 1.000000, -0.000000, 0.000000, 0.000000, 0.927902, 0.372823, -0.000000, -0.372823, 0.927902),
      ["LowerTorso"] = CFrame.new(-2.170864, -0.895463, -0.781815, 0.058572, 0.905191, -0.420949, -0.000016, 0.421673, 0.906748, 0.998283, -0.053103, 0.024713),
      ["RightUpperArm"] = CFrame.new(0.000000, -0.866372, 0.161392, 1.000000, 0.000000, 0.000000, 0.000000, -0.767241, -0.641359, 0.000000, 0.641359, -0.767241),
      ["RightUpperLeg"] = CFrame.new(0.027329, 0.267771, -0.677406, 1.000000, -0.000000, 0.000000, 0.000000, 0.927902, 0.372823, -0.000000, -0.372823, 0.927902)
    }},
    { Time = 0.300, Data = {
      ["LeftUpperArm"] = CFrame.new(-0.164775, -0.783319, 0.424512, 0.874976, -0.476391, 0.086420, 0.012695, -0.155857, -0.987698, 0.484000, 0.865309, -0.130324),
      ["LeftUpperLeg"] = CFrame.new(0.027327, 0.275359, -0.684314, 1.000000, -0.000000, 0.000000, 0.000000, 0.931910, 0.362690, -0.000000, -0.362690, 0.931910),
      ["LowerTorso"] = CFrame.new(-2.175153, -0.886100, -0.781585, 0.058546, 0.909481, -0.411603, -0.000011, 0.412310, 0.911043, 0.998285, -0.053333, 0.024149),
      ["RightUpperArm"] = CFrame.new(0.000000, -0.866372, 0.161392, 1.000000, 0.000000, 0.000000, 0.000000, -0.767241, -0.641359, 0.000000, 0.641359, -0.767241),
      ["RightUpperLeg"] = CFrame.new(0.027329, 0.275344, -0.684308, 1.000000, -0.000000, 0.000000, 0.000000, 0.931910, 0.362690, -0.000000, -0.362690, 0.931910)
    }},
    { Time = 0.317, Data = {
      ["LeftUpperArm"] = CFrame.new(-0.163574, -0.789410, 0.423804, 0.875033, -0.476709, 0.084060, 0.005594, -0.163685, -0.986497, 0.484032, 0.863687, -0.140563),
      ["LeftUpperLeg"] = CFrame.new(0.027327, 0.282678, -0.690986, 1.000000, -0.000000, 0.000000, 0.000000, 0.935648, 0.352935, -0.000000, -0.352935, 0.935648),
      ["LowerTorso"] = CFrame.new(-2.179244, -0.876929, -0.781376, 0.058500, 0.913571, -0.402449, 0.000015, 0.403139, 0.915139, 0.998287, -0.053542, 0.023570),
      ["RightUpperArm"] = CFrame.new(0.000000, -0.866372, 0.161392, 1.000000, 0.000000, 0.000000, 0.000000, -0.767241, -0.641359, 0.000000, 0.641359, -0.767241),
      ["RightUpperLeg"] = CFrame.new(0.027329, 0.282663, -0.690980, 1.000000, -0.000000, 0.000000, 0.000000, 0.935648, 0.352935, -0.000000, -0.352935, 0.935648)
    }},
    { Time = 0.333, Data = {
      ["LeftUpperArm"] = CFrame.new(-0.162442, -0.795194, 0.423107, 0.875060, -0.477069, 0.081698, -0.001264, -0.171045, -0.985262, 0.484013, 0.862060, -0.150278),
      ["LeftUpperLeg"] = CFrame.new(0.027327, 0.289663, -0.697353, 1.000000, -0.000000, 0.000000, 0.000000, 0.939130, 0.343563, -0.000000, -0.343563, 0.939130),
      ["LowerTorso"] = CFrame.new(-2.183020, -0.868222, -0.781103, 0.058569, 0.917347, -0.393756, -0.000016, 0.394434, 0.918924, 0.998283, -0.053814, 0.023116),
      ["RightUpperArm"] = CFrame.new(0.000000, -0.866372, 0.161392, 1.000000, 0.000000, 0.000000, 0.000000, -0.767241, -0.641359, 0.000000, 0.641359, -0.767241),
      ["RightUpperLeg"] = CFrame.new(0.027329, 0.289648, -0.697347, 1.000000, -0.000000, 0.000000, 0.000000, 0.939130, 0.343563, -0.000000, -0.343563, 0.939130)
    }},
    { Time = 0.350, Data = {
      ["LeftUpperArm"] = CFrame.new(-0.161372, -0.800674, 0.422431, 0.875084, -0.477391, 0.079538, -0.007729, -0.178109, -0.983980, 0.483910, 0.860451, -0.159550),
      ["LeftUpperLeg"] = CFrame.new(0.027327, 0.296237, -0.703346, 1.000000, -0.000000, 0.000000, 0.000000, 0.942339, 0.334660, -0.000000, -0.334660, 0.942339),
      ["LowerTorso"] = CFrame.new(-2.186534, -0.859930, -0.780963, 0.058497, 0.920861, -0.385479, -0.000012, 0.386141, 0.922440, 0.998288, -0.053955, 0.022599),
      ["RightUpperArm"] = CFrame.new(0.000000, -0.866372, 0.161392, 1.000000, 0.000000, 0.000000, 0.000000, -0.767241, -0.641359, 0.000000, 0.641359, -0.767241),
      ["RightUpperLeg"] = CFrame.new(0.027329, 0.296223, -0.703340, 1.000000, -0.000000, 0.000000, 0.000000, 0.942339, 0.334660, -0.000000, -0.334660, 0.942339)
    }},
    { Time = 0.367, Data = {
      ["LeftUpperArm"] = CFrame.new(-0.160378, -0.805728, 0.421796, 0.875108, -0.477682, 0.077498, -0.013717, -0.184565, -0.982725, 0.483733, 0.858927, -0.168067),
      ["LeftUpperLeg"] = CFrame.new(0.027327, 0.302330, -0.708899, 1.000000, -0.000000, 0.000000, 0.000000, 0.945233, 0.326396, -0.000000, -0.326396, 0.945233),
      ["LowerTorso"] = CFrame.new(-2.189728, -0.852191, -0.780742, 0.058520, 0.924055, -0.377754, 0.000021, 0.378402, 0.925641, 0.998286, -0.054176, 0.022125),
      ["RightUpperArm"] = CFrame.new(0.000000, -0.866372, 0.161392, 1.000000, 0.000000, 0.000000, 0.000000, -0.767241, -0.641359, 0.000000, 0.641359, -0.767241),
      ["RightUpperLeg"] = CFrame.new(0.027329, 0.302315, -0.708894, 1.000000, -0.000000, 0.000000, 0.000000, 0.945233, 0.326396, -0.000000, -0.326396, 0.945233)
    }},
    { Time = 0.383, Data = {
      ["LeftUpperArm"] = CFrame.new(-0.159498, -0.810324, 0.421194, 0.875072, -0.478036, 0.075699, -0.019118, -0.190424, -0.981516, 0.483615, 0.857450, -0.175774),
      ["LeftUpperLeg"] = CFrame.new(0.027327, 0.307873, -0.713953, 1.000000, -0.000000, 0.000000, 0.000000, 0.947802, 0.318859, -0.000000, -0.318859, 0.947802),
      ["LowerTorso"] = CFrame.new(-2.192534, -0.845224, -0.780486, 0.058614, 0.926862, -0.370799, 0.000032, 0.371435, 0.928459, 0.998281, -0.054433, 0.021742),
      ["RightUpperArm"] = CFrame.new(0.000000, -0.866372, 0.161392, 1.000000, 0.000000, 0.000000, 0.000000, -0.767241, -0.641359, 0.000000, 0.641359, -0.767241),
      ["RightUpperLeg"] = CFrame.new(0.027329, 0.307859, -0.713947, 1.000000, -0.000000, 0.000000, 0.000000, 0.947802, 0.318859, -0.000000, -0.318859, 0.947802)
    }},
    { Time = 0.400, Data = {
      ["LeftUpperArm"] = CFrame.new(-0.158699, -0.814409, 0.420659, 0.875074, -0.478291, 0.074052, -0.023957, -0.195622, -0.980387, 0.483397, 0.856137, -0.182642),
      ["LeftUpperLeg"] = CFrame.new(0.027327, 0.312807, -0.718450, 1.000000, -0.000000, 0.000000, 0.000000, 0.950037, 0.312138, -0.000000, -0.312138, 0.950037),
      ["LowerTorso"] = CFrame.new(-2.195035, -0.838912, -0.780396, 0.058558, 0.929362, -0.364496, 0.000019, 0.365122, 0.930960, 0.998284, -0.054522, 0.021363),
      ["RightUpperArm"] = CFrame.new(0.000000, -0.866372, 0.161392, 1.000000, 0.000000, 0.000000, 0.000000, -0.767241, -0.641359, 0.000000, 0.641359, -0.767241),
      ["RightUpperLeg"] = CFrame.new(0.027329, 0.312793, -0.718444, 1.000000, -0.000000, 0.000000, 0.000000, 0.950037, 0.312138, -0.000000, -0.312138, 0.950037)
    }},
    { Time = 0.417, Data = {
      ["LeftUpperArm"] = CFrame.new(-0.158014, -0.817956, 0.420182, 0.875053, -0.478540, 0.072679, -0.028124, -0.200168, -0.979358, 0.483210, 0.854946, -0.188616),
      ["LeftUpperLeg"] = CFrame.new(0.027327, 0.317077, -0.722342, 1.000000, -0.000000, 0.000000, 0.000000, 0.951929, 0.306320, -0.000000, -0.306320, 0.951929),
      ["LowerTorso"] = CFrame.new(-2.197124, -0.833534, -0.780281, 0.058558, 0.931450, -0.359127, -0.000003, 0.359744, 0.933051, 0.998284, -0.054637, 0.021069),
      ["RightUpperArm"] = CFrame.new(0.000000, -0.866372, 0.161392, 1.000000, 0.000000, 0.000000, 0.000000, -0.767241, -0.641359, 0.000000, 0.641359, -0.767241),
      ["RightUpperLeg"] = CFrame.new(0.027329, 0.317062, -0.722336, 1.000000, -0.000000, 0.000000, 0.000000, 0.951929, 0.306320, -0.000000, -0.306320, 0.951929)
    }},
    { Time = 0.433, Data = {
      ["LeftUpperArm"] = CFrame.new(-0.157441, -0.820889, 0.419786, 0.875045, -0.478737, 0.071464, -0.031622, -0.203865, -0.978488, 0.483007, 0.853962, -0.193530),
      ["LeftUpperLeg"] = CFrame.new(0.027327, 0.320636, -0.725586, 1.000000, -0.000000, 0.000000, 0.000000, 0.953469, 0.301492, -0.000000, -0.301492, 0.953469),
      ["LowerTorso"] = CFrame.new(-2.198869, -0.828965, -0.780178, 0.058557, 0.933196, -0.354566, 0.000003, 0.355175, 0.934800, 0.998284, -0.054740, 0.020795),
      ["RightUpperArm"] = CFrame.new(0.000000, -0.866372, 0.161392, 1.000000, 0.000000, 0.000000, 0.000000, -0.767241, -0.641359, 0.000000, 0.641359, -0.767241),
      ["RightUpperLeg"] = CFrame.new(0.027329, 0.320622, -0.725580, 1.000000, -0.000000, 0.000000, 0.000000, 0.953469, 0.301492, -0.000000, -0.301492, 0.953469)
    }},
    { Time = 0.450, Data = {
      ["LeftUpperArm"] = CFrame.new(-0.156996, -0.823216, 0.419463, 0.875023, -0.478921, 0.070498, -0.034424, -0.206826, -0.977772, 0.482856, 0.853146, -0.197464),
      ["LeftUpperLeg"] = CFrame.new(0.027327, 0.323445, -0.728147, 1.000000, -0.000000, 0.000000, 0.000000, 0.954672, 0.297660, -0.000000, -0.297660, 0.954672),
      ["LowerTorso"] = CFrame.new(-2.200206, -0.825424, -0.780132, 0.058529, 0.934533, -0.351031, -0.000015, 0.351635, 0.936137, 0.998286, -0.054787, 0.020595),
      ["RightUpperArm"] = CFrame.new(0.000000, -0.866372, 0.161392, 1.000000, 0.000000, 0.000000, 0.000000, -0.767241, -0.641359, 0.000000, 0.641359, -0.767241),
      ["RightUpperLeg"] = CFrame.new(0.027329, 0.323431, -0.728141, 1.000000, -0.000000, 0.000000, 0.000000, 0.954672, 0.297660, -0.000000, -0.297660, 0.954672)
    }},
    { Time = 0.467, Data = {
      ["Head"] = CFrame.new(0.066231, -0.029697, -0.090090, 0.979855, -0.026022, -0.198006, 0.089497, 0.943557, 0.318888, 0.178532, -0.330185, 0.926879),
      ["LeftUpperArm"] = CFrame.new(-0.156666, -0.824909, 0.419231, 0.875015, -0.479018, 0.069927, -0.036326, -0.209013, -0.977238, 0.482730, 0.852558, -0.200290),
      ["LeftUpperLeg"] = CFrame.new(0.027327, 0.325474, -0.729996, 1.000000, -0.000000, 0.000000, 0.000000, 0.955551, 0.294824, -0.000000, -0.294824, 0.955551),
      ["LowerTorso"] = CFrame.new(-2.201191, -0.822778, -0.780016, 0.058580, 0.935518, -0.348389, 0.000016, 0.348988, 0.937127, 0.998283, -0.054902, 0.020428),
      ["RightUpperArm"] = CFrame.new(0.000000, -0.866372, 0.161392, 1.000000, 0.000000, 0.000000, 0.000000, -0.767241, -0.641359, 0.000000, 0.641359, -0.767241),
      ["RightUpperLeg"] = CFrame.new(0.027329, 0.325460, -0.729991, 1.000000, -0.000000, 0.000000, 0.000000, 0.955551, 0.294824, -0.000000, -0.294824, 0.955551)
    }},
    { Time = 0.483, Data = {
      ["LeftUpperArm"] = CFrame.new(-0.156476, -0.825907, 0.419090, 0.875000, -0.479117, 0.069433, -0.037597, -0.210239, -0.976927, 0.482660, 0.852201, -0.201973),
      ["LeftUpperLeg"] = CFrame.new(0.027327, 0.326701, -0.731114, 1.000000, -0.000000, 0.000000, 0.000000, 0.956065, 0.293156, -0.000000, -0.293156, 0.956065),
      ["LowerTorso"] = CFrame.new(-2.201762, -0.821244, -0.780044, 0.058517, 0.936090, -0.346861, 0.000012, 0.347455, 0.937697, 0.998286, -0.054875, 0.020320),
      ["RightUpperArm"] = CFrame.new(0.000000, -0.866372, 0.161392, 1.000000, 0.000000, 0.000000, 0.000000, -0.767241, -0.641359, 0.000000, 0.641359, -0.767241),
      ["RightUpperLeg"] = CFrame.new(0.027329, 0.326687, -0.731109, 1.000000, -0.000000, 0.000000, 0.000000, 0.956065, 0.293156, -0.000000, -0.293156, 0.956065)
    }},
    { Time = 0.500, Data = {
      ["LeftUpperArm"] = CFrame.new(-0.156406, -0.826255, 0.419043, 0.875005, -0.479124, 0.069336, -0.037971, -0.210702, -0.976813, 0.482623, 0.852083, -0.202558),
      ["LeftUpperLeg"] = CFrame.new(0.027327, 0.327111, -0.731488, 1.000000, -0.000000, 0.000000, 0.000000, 0.956244, 0.292572, -0.000000, -0.292572, 0.956244),
      ["LowerTorso"] = CFrame.new(-2.201968, -0.820687, -0.780022, 0.058537, 0.936295, -0.346302, -0.000020, 0.346897, 0.937903, 0.998285, -0.054896, 0.020325),
      ["RightUpperArm"] = CFrame.new(0.000000, -0.866372, 0.161392, 1.000000, 0.000000, 0.000000, 0.000000, -0.767241, -0.641359, 0.000000, 0.641359, -0.767241),
      ["RightUpperLeg"] = CFrame.new(0.027329, 0.327097, -0.731483, 1.000000, -0.000000, 0.000000, 0.000000, 0.956244, 0.292572, -0.000000, -0.292572, 0.956244)
    }},
    { Time = 0.517, Data = {
      ["LeftUpperArm"] = CFrame.new(-0.156476, -0.825907, 0.419090, 0.875000, -0.479117, 0.069433, -0.037597, -0.210239, -0.976927, 0.482660, 0.852201, -0.201973),
      ["LeftUpperLeg"] = CFrame.new(0.027327, 0.326701, -0.731114, 1.000000, -0.000000, 0.000000, 0.000000, 0.956065, 0.293156, -0.000000, -0.293156, 0.956065),
      ["LowerTorso"] = CFrame.new(-2.201762, -0.821244, -0.780044, 0.058517, 0.936090, -0.346861, 0.000012, 0.347455, 0.937697, 0.998286, -0.054875, 0.020320),
      ["RightUpperArm"] = CFrame.new(0.000000, -0.866372, 0.161392, 1.000000, 0.000000, 0.000000, 0.000000, -0.767241, -0.641359, 0.000000, 0.641359, -0.767241),
      ["RightUpperLeg"] = CFrame.new(0.027329, 0.326687, -0.731109, 1.000000, -0.000000, 0.000000, 0.000000, 0.956065, 0.293156, -0.000000, -0.293156, 0.956065)
    }},
    { Time = 0.533, Data = {
      ["LeftUpperArm"] = CFrame.new(-0.156666, -0.824909, 0.419231, 0.875015, -0.479018, 0.069927, -0.036326, -0.209013, -0.977238, 0.482730, 0.852558, -0.200290),
      ["LeftUpperLeg"] = CFrame.new(0.027327, 0.325474, -0.729996, 1.000000, -0.000000, 0.000000, 0.000000, 0.955551, 0.294824, -0.000000, -0.294824, 0.955551),
      ["LowerTorso"] = CFrame.new(-2.201191, -0.822777, -0.780016, 0.058580, 0.935518, -0.348389, 0.000016, 0.348988, 0.937127, 0.998283, -0.054902, 0.020428),
      ["RightUpperArm"] = CFrame.new(0.000000, -0.866372, 0.161392, 1.000000, 0.000000, 0.000000, 0.000000, -0.767241, -0.641359, 0.000000, 0.641359, -0.767241),
      ["RightUpperLeg"] = CFrame.new(0.027329, 0.325460, -0.729991, 1.000000, -0.000000, 0.000000, 0.000000, 0.955551, 0.294824, -0.000000, -0.294824, 0.955551)
    }},
    { Time = 0.550, Data = {
      ["LeftUpperArm"] = CFrame.new(-0.156996, -0.823217, 0.419463, 0.875023, -0.478921, 0.070498, -0.034424, -0.206826, -0.977772, 0.482856, 0.853146, -0.197464),
      ["LeftUpperLeg"] = CFrame.new(0.027327, 0.323445, -0.728147, 1.000000, -0.000000, 0.000000, 0.000000, 0.954672, 0.297660, -0.000000, -0.297660, 0.954672),
      ["LowerTorso"] = CFrame.new(-2.200206, -0.825424, -0.780132, 0.058529, 0.934533, -0.351031, -0.000015, 0.351635, 0.936137, 0.998286, -0.054787, 0.020595),
      ["RightUpperArm"] = CFrame.new(0.000000, -0.866372, 0.161392, 1.000000, 0.000000, 0.000000, 0.000000, -0.767241, -0.641359, 0.000000, 0.641359, -0.767241),
      ["RightUpperLeg"] = CFrame.new(0.027329, 0.323431, -0.728141, 1.000000, -0.000000, 0.000000, 0.000000, 0.954672, 0.297660, -0.000000, -0.297660, 0.954672)
    }},
    { Time = 0.567, Data = {
      ["Head"] = CFrame.new(0.066231, -0.029697, -0.090090, 0.979855, -0.026022, -0.198006, 0.089497, 0.943557, 0.318888, 0.178532, -0.330185, 0.926879),
      ["LeftUpperArm"] = CFrame.new(-0.157441, -0.820889, 0.419786, 0.875045, -0.478737, 0.071464, -0.031622, -0.203865, -0.978488, 0.483007, 0.853962, -0.193530),
      ["LeftUpperLeg"] = CFrame.new(0.027327, 0.320636, -0.725586, 1.000000, -0.000000, 0.000000, 0.000000, 0.953469, 0.301492, -0.000000, -0.301492, 0.953469),
      ["LowerTorso"] = CFrame.new(-2.198869, -0.828965, -0.780178, 0.058557, 0.933196, -0.354566, 0.000003, 0.355175, 0.934800, 0.998284, -0.054740, 0.020795),
      ["RightUpperArm"] = CFrame.new(0.000000, -0.866372, 0.161392, 1.000000, 0.000000, 0.000000, 0.000000, -0.767241, -0.641359, 0.000000, 0.641359, -0.767241),
      ["RightUpperLeg"] = CFrame.new(0.027329, 0.320622, -0.725580, 1.000000, -0.000000, 0.000000, 0.000000, 0.953469, 0.301492, -0.000000, -0.301492, 0.953469)
    }},
    { Time = 0.583, Data = {
      ["LeftUpperArm"] = CFrame.new(-0.158014, -0.817956, 0.420182, 0.875053, -0.478540, 0.072679, -0.028124, -0.200168, -0.979358, 0.483210, 0.854946, -0.188616),
      ["LeftUpperLeg"] = CFrame.new(0.027327, 0.317077, -0.722342, 1.000000, -0.000000, 0.000000, 0.000000, 0.951929, 0.306320, -0.000000, -0.306320, 0.951929),
      ["LowerTorso"] = CFrame.new(-2.197124, -0.833534, -0.780281, 0.058558, 0.931450, -0.359127, -0.000003, 0.359744, 0.933051, 0.998284, -0.054637, 0.021069),
      ["RightUpperArm"] = CFrame.new(0.000000, -0.866372, 0.161392, 1.000000, 0.000000, 0.000000, 0.000000, -0.767241, -0.641359, 0.000000, 0.641359, -0.767241),
      ["RightUpperLeg"] = CFrame.new(0.027329, 0.317062, -0.722336, 1.000000, -0.000000, 0.000000, 0.000000, 0.951929, 0.306320, -0.000000, -0.306320, 0.951929)
    }},
    { Time = 0.600, Data = {
      ["LeftUpperArm"] = CFrame.new(-0.158699, -0.814409, 0.420659, 0.875074, -0.478291, 0.074052, -0.023957, -0.195622, -0.980387, 0.483397, 0.856137, -0.182642),
      ["LeftUpperLeg"] = CFrame.new(0.027327, 0.312807, -0.718450, 1.000000, -0.000000, 0.000000, 0.000000, 0.950037, 0.312138, -0.000000, -0.312138, 0.950037),
      ["LowerTorso"] = CFrame.new(-2.195035, -0.838912, -0.780396, 0.058558, 0.929362, -0.364496, 0.000019, 0.365122, 0.930960, 0.998284, -0.054522, 0.021363),
      ["RightUpperArm"] = CFrame.new(0.000000, -0.866372, 0.161392, 1.000000, 0.000000, 0.000000, 0.000000, -0.767241, -0.641359, 0.000000, 0.641359, -0.767241),
      ["RightUpperLeg"] = CFrame.new(0.027329, 0.312793, -0.718444, 1.000000, -0.000000, 0.000000, 0.000000, 0.950037, 0.312138, -0.000000, -0.312138, 0.950037)
    }},
    { Time = 0.617, Data = {
      ["LeftUpperArm"] = CFrame.new(-0.159498, -0.810324, 0.421194, 0.875072, -0.478036, 0.075699, -0.019118, -0.190424, -0.981516, 0.483615, 0.857450, -0.175774),
      ["LeftUpperLeg"] = CFrame.new(0.027327, 0.307873, -0.713953, 1.000000, -0.000000, 0.000000, 0.000000, 0.947802, 0.318859, -0.000000, -0.318859, 0.947802),
      ["LowerTorso"] = CFrame.new(-2.192534, -0.845225, -0.780486, 0.058614, 0.926862, -0.370799, 0.000032, 0.371435, 0.928459, 0.998281, -0.054433, 0.021742),
      ["RightUpperArm"] = CFrame.new(0.000000, -0.866372, 0.161392, 1.000000, 0.000000, 0.000000, 0.000000, -0.767241, -0.641359, 0.000000, 0.641359, -0.767241),
      ["RightUpperLeg"] = CFrame.new(0.027329, 0.307859, -0.713947, 1.000000, -0.000000, 0.000000, 0.000000, 0.947802, 0.318859, -0.000000, -0.318859, 0.947802)
    }},
    { Time = 0.633, Data = {
      ["LeftUpperArm"] = CFrame.new(-0.160378, -0.805728, 0.421796, 0.875108, -0.477682, 0.077498, -0.013717, -0.184565, -0.982725, 0.483733, 0.858927, -0.168067),
      ["LeftUpperLeg"] = CFrame.new(0.027327, 0.302330, -0.708899, 1.000000, -0.000000, 0.000000, 0.000000, 0.945233, 0.326396, -0.000000, -0.326396, 0.945233),
      ["LowerTorso"] = CFrame.new(-2.189728, -0.852191, -0.780742, 0.058520, 0.924055, -0.377754, 0.000021, 0.378402, 0.925641, 0.998286, -0.054176, 0.022125),
      ["RightUpperArm"] = CFrame.new(0.000000, -0.866372, 0.161392, 1.000000, 0.000000, 0.000000, 0.000000, -0.767241, -0.641359, 0.000000, 0.641359, -0.767241),
      ["RightUpperLeg"] = CFrame.new(0.027329, 0.302315, -0.708894, 1.000000, -0.000000, 0.000000, 0.000000, 0.945233, 0.326396, -0.000000, -0.326396, 0.945233)
    }},
    { Time = 0.650, Data = {
      ["LeftUpperArm"] = CFrame.new(-0.161372, -0.800674, 0.422431, 0.875084, -0.477391, 0.079538, -0.007729, -0.178109, -0.983980, 0.483910, 0.860451, -0.159550),
      ["LeftUpperLeg"] = CFrame.new(0.027327, 0.296237, -0.703346, 1.000000, -0.000000, 0.000000, 0.000000, 0.942339, 0.334660, -0.000000, -0.334660, 0.942339),
      ["LowerTorso"] = CFrame.new(-2.186534, -0.859930, -0.780963, 0.058497, 0.920861, -0.385479, -0.000012, 0.386141, 0.922440, 0.998288, -0.053955, 0.022599),
      ["RightUpperArm"] = CFrame.new(0.000000, -0.866372, 0.161392, 1.000000, 0.000000, 0.000000, 0.000000, -0.767241, -0.641359, 0.000000, 0.641359, -0.767241),
      ["RightUpperLeg"] = CFrame.new(0.027329, 0.296223, -0.703340, 1.000000, -0.000000, 0.000000, 0.000000, 0.942339, 0.334660, -0.000000, -0.334660, 0.942339)
    }},
    { Time = 0.667, Data = {
      ["LeftUpperArm"] = CFrame.new(-0.162442, -0.795194, 0.423107, 0.875060, -0.477069, 0.081698, -0.001264, -0.171045, -0.985262, 0.484013, 0.862060, -0.150278),
      ["LeftUpperLeg"] = CFrame.new(0.027327, 0.289663, -0.697353, 1.000000, -0.000000, 0.000000, 0.000000, 0.939130, 0.343563, -0.000000, -0.343563, 0.939130),
      ["LowerTorso"] = CFrame.new(-2.183020, -0.868222, -0.781103, 0.058569, 0.917347, -0.393756, -0.000016, 0.394434, 0.918924, 0.998283, -0.053814, 0.023116),
      ["RightUpperArm"] = CFrame.new(0.000000, -0.866372, 0.161392, 1.000000, 0.000000, 0.000000, 0.000000, -0.767241, -0.641359, 0.000000, 0.641359, -0.767241),
      ["RightUpperLeg"] = CFrame.new(0.027329, 0.289648, -0.697347, 1.000000, -0.000000, 0.000000, 0.000000, 0.939130, 0.343563, -0.000000, -0.343563, 0.939130)
    }},
    { Time = 0.683, Data = {
      ["LeftUpperArm"] = CFrame.new(-0.163574, -0.789410, 0.423804, 0.875033, -0.476709, 0.084060, 0.005594, -0.163685, -0.986497, 0.484032, 0.863687, -0.140563),
      ["LeftUpperLeg"] = CFrame.new(0.027327, 0.282678, -0.690986, 1.000000, -0.000000, 0.000000, 0.000000, 0.935648, 0.352935, -0.000000, -0.352935, 0.935648),
      ["LowerTorso"] = CFrame.new(-2.179244, -0.876929, -0.781376, 0.058500, 0.913571, -0.402449, 0.000015, 0.403139, 0.915139, 0.998287, -0.053542, 0.023570),
      ["RightUpperArm"] = CFrame.new(0.000000, -0.866372, 0.161392, 1.000000, 0.000000, 0.000000, 0.000000, -0.767241, -0.641359, 0.000000, 0.641359, -0.767241),
      ["RightUpperLeg"] = CFrame.new(0.027329, 0.282663, -0.690980, 1.000000, -0.000000, 0.000000, 0.000000, 0.935648, 0.352935, -0.000000, -0.352935, 0.935648)
    }},
    { Time = 0.700, Data = {
      ["LeftUpperArm"] = CFrame.new(-0.164775, -0.783319, 0.424512, 0.874976, -0.476391, 0.086420, 0.012695, -0.155857, -0.987698, 0.484000, 0.865309, -0.130324),
      ["LeftUpperLeg"] = CFrame.new(0.027327, 0.275359, -0.684314, 1.000000, -0.000000, 0.000000, 0.000000, 0.931910, 0.362690, -0.000000, -0.362690, 0.931910),
      ["LowerTorso"] = CFrame.new(-2.175154, -0.886100, -0.781585, 0.058546, 0.909481, -0.411603, -0.000011, 0.412310, 0.911043, 0.998285, -0.053333, 0.024149),
      ["RightUpperArm"] = CFrame.new(0.000000, -0.866372, 0.161392, 1.000000, 0.000000, 0.000000, 0.000000, -0.767241, -0.641359, 0.000000, 0.641359, -0.767241),
      ["RightUpperLeg"] = CFrame.new(0.027329, 0.275344, -0.684308, 1.000000, -0.000000, 0.000000, 0.000000, 0.931910, 0.362690, -0.000000, -0.362690, 0.931910)
    }},
    { Time = 0.717, Data = {
      ["LeftUpperArm"] = CFrame.new(-0.166014, -0.777007, 0.425229, 0.874909, -0.476043, 0.088980, 0.020192, -0.147717, -0.988824, 0.483867, 0.866927, -0.119627),
      ["LeftUpperLeg"] = CFrame.new(0.027327, 0.267786, -0.677412, 1.000000, -0.000000, 0.000000, 0.000000, 0.927902, 0.372823, -0.000000, -0.372823, 0.927902),
      ["LowerTorso"] = CFrame.new(-2.170864, -0.895463, -0.781815, 0.058572, 0.905191, -0.420949, -0.000016, 0.421673, 0.906748, 0.998283, -0.053103, 0.024713),
      ["RightUpperArm"] = CFrame.new(0.000000, -0.866372, 0.161392, 1.000000, 0.000000, 0.000000, 0.000000, -0.767241, -0.641359, 0.000000, 0.641359, -0.767241),
      ["RightUpperLeg"] = CFrame.new(0.027329, 0.267771, -0.677406, 1.000000, -0.000000, 0.000000, 0.000000, 0.927902, 0.372823, -0.000000, -0.372823, 0.927902)
    }},
    { Time = 0.733, Data = {
      ["LeftUpperArm"] = CFrame.new(-0.167306, -0.770552, 0.425925, 0.874780, -0.475790, 0.091561, 0.027788, -0.139396, -0.989847, 0.483722, 0.868443, -0.108720),
      ["LeftUpperLeg"] = CFrame.new(0.027327, 0.260043, -0.670354, 1.000000, -0.000000, 0.000000, 0.000000, 0.923713, 0.383085, -0.000000, -0.383085, 0.923713),
      ["LowerTorso"] = CFrame.new(-2.166370, -0.905011, -0.782069, 0.058574, 0.900697, -0.430481, 0.000003, 0.431222, 0.902246, 0.998283, -0.052849, 0.025256),
      ["RightUpperArm"] = CFrame.new(0.000000, -0.866372, 0.161392, 1.000000, 0.000000, 0.000000, 0.000000, -0.767241, -0.641359, 0.000000, 0.641359, -0.767241),
      ["RightUpperLeg"] = CFrame.new(0.027329, 0.260028, -0.670348, 1.000000, -0.000000, 0.000000, 0.000000, 0.923713, 0.383085, -0.000000, -0.383085, 0.923713)
    }},
    { Time = 0.750, Data = {
      ["LeftUpperArm"] = CFrame.new(-0.168595, -0.764039, 0.426615, 0.874685, -0.475464, 0.094133, 0.035398, -0.131029, -0.990746, 0.483398, 0.869923, -0.097778),
      ["LeftUpperLeg"] = CFrame.new(0.027327, 0.252214, -0.663217, 1.000000, -0.000000, 0.000000, 0.000000, 0.919336, 0.393473, -0.000000, -0.393473, 0.919336),
      ["LowerTorso"] = CFrame.new(-2.161695, -0.914675, -0.782356, 0.058586, 0.896023, -0.440126, -0.000050, 0.440886, 0.897563, 0.998282, -0.052562, 0.025875),
      ["RightUpperArm"] = CFrame.new(0.000000, -0.866372, 0.161392, 1.000000, 0.000000, 0.000000, 0.000000, -0.767241, -0.641359, 0.000000, 0.641359, -0.767241),
      ["RightUpperLeg"] = CFrame.new(0.027328, 0.252199, -0.663211, 1.000000, -0.000000, 0.000000, 0.000000, 0.919336, 0.393473, -0.000000, -0.393473, 0.919336)
    }},
    { Time = 0.767, Data = {
      ["LeftUpperArm"] = CFrame.new(-0.169909, -0.757507, 0.427273, 0.874526, -0.475229, 0.096752, 0.043080, -0.122589, -0.991522, 0.483061, 0.871281, -0.086734),
      ["LeftUpperLeg"] = CFrame.new(0.027327, 0.244386, -0.656081, 1.000000, -0.000000, 0.000000, 0.000000, 0.914873, 0.403742, -0.000000, -0.403742, 0.914873),
      ["LowerTorso"] = CFrame.new(-2.156933, -0.924253, -0.782579, 0.058606, 0.891259, -0.449691, 0.000035, 0.450463, 0.892795, 0.998281, -0.052339, 0.026369),
