return {
  ["Astros Lay Jerk"] = {
    { Time = 0.000, Data = {
      ["Balls"] = CFrame.new(0.000001, -0.000002, 0.000000, 0.809371, -0.587298, 0.000000, 0.587298, 0.809371, 0.000000, 0.000000, 0.000000, 1.000000),
      ["Cock"] = CFrame.new(0.000000, 0.000000, 0.000000, 0.931463, -0.363836, 0.000000, 0.363836, 0.931463, 0.000000, 0.000000, 0.000000, 1.000000),
      ["Head"] = CFrame.new(0.000000, 0.000000, -0.000000, 1.000000, -0.000000, 0.000000, 0.000000, 0.913118, 0.407694, -0.000000, -0.407694, 0.913118),
      ["LeftUpperArm"] = CFrame.new(0.027925, -0.528425, -0.259405, 0.961096, -0.144216, 0.235576, 0.261813, 0.747437, -0.610567, -0.088025, 0.648491, 0.756116),
      ["LeftUpperLeg"] = CFrame.new(-0.053788, -0.092902, -0.004819, 0.977109, 0.203998, 0.060364, -0.197783, 0.975587, -0.095461, -0.078364, 0.081336, 0.993601),
      ["LowerTorso"] = CFrame.new(0.000000, -1.576309, -0.518272, 1.000000, 0.000000, 0.000000, 0.000000, 0.058331, -0.998297, 0.000000, 0.998297, 0.058331),
      ["RightUpperArm"] = CFrame.new(0.286423, -0.498428, -0.046432, 0.590581, 0.689291, 0.419632, 0.770955, -0.328302, -0.545753, -0.238417, 0.645829, -0.725302),
      ["RightUpperLeg"] = CFrame.new(0.070866, -0.118490, -0.013278, 0.962572, -0.267606, -0.042915, 0.262715, 0.960196, -0.094889, 0.066600, 0.080063, 0.994562)
    }},
    { Time = 0.017, Data = {
      ["Balls"] = CFrame.new(0.000001, -0.000002, 0.000000, 0.814821, -0.579712, 0.000000, 0.579712, 0.814821, 0.000000, 0.000000, 0.000000, 1.000000),
      ["Cock"] = CFrame.new(0.000000, 0.000000, 0.000000, 0.931527, -0.363672, 0.000000, 0.363672, 0.931527, 0.000000, 0.000000, 0.000000, 1.000000),
      ["Head"] = CFrame.new(0.000000, 0.000000, -0.000000, 1.000000, -0.000000, 0.000000, 0.000000, 0.915442, 0.402451, -0.000000, -0.402451, 0.915442),
      ["LeftUpperArm"] = CFrame.new(0.027951, -0.528553, -0.259252, 0.961032, -0.144117, 0.235897, 0.262010, 0.746951, -0.611077, -0.088137, 0.649072, 0.755604),
      ["LeftUpperLeg"] = CFrame.new(-0.053788, -0.092899, -0.004828, 0.977109, 0.204003, 0.060346, -0.197776, 0.975571, -0.095632, -0.078381, 0.081508, 0.993586),
      ["LowerTorso"] = CFrame.new(0.000000, -1.576309, -0.518273, 1.000000, 0.000000, 0.000000, 0.000000, 0.058331, -0.998297, 0.000000, 0.998297, 0.058331),
      ["RightUpperArm"] = CFrame.new(0.286875, -0.498409, -0.046908, 0.589290, 0.691013, 0.418615, 0.771780, -0.328232, -0.544628, -0.238942, 0.644023, -0.726734),
      ["RightUpperLeg"] = CFrame.new(0.070866, -0.118487, -0.013289, 0.962572, -0.267610, -0.042892, 0.262709, 0.960181, -0.095059, 0.066623, 0.080233, 0.994547)
    }},
    { Time = 0.033, Data = {
      ["Balls"] = CFrame.new(0.000001, -0.000002, 0.000000, 0.820089, -0.572236, 0.000000, 0.572236, 0.820089, 0.000000, 0.000000, 0.000000, 1.000000),
      ["Cock"] = CFrame.new(0.000000, 0.000000, 0.000000, 0.931687, -0.363263, 0.000000, 0.363263, 0.931687, 0.000000, 0.000000, 0.000000, 1.000000),
      ["Head"] = CFrame.new(0.000000, 0.000000, 0.000000, 1.000000, -0.000000, 0.000000, 0.000000, 0.917698, 0.397278, -0.000000, -0.397278, 0.917698),
      ["LeftUpperArm"] = CFrame.new(0.028055, -0.528917, -0.258811, 0.960844, -0.143722, 0.236903, 0.262546, 0.745567, -0.612535, -0.088593, 0.650749, 0.754107),
      ["LeftUpperLeg"] = CFrame.new(-0.053794, -0.092938, -0.004800, 0.977097, 0.204092, 0.060230, -0.197855, 0.975531, -0.095882, -0.078325, 0.081770, 0.993569),
      ["LowerTorso"] = CFrame.new(0.000000, -1.576546, -0.518262, 1.000000, 0.000000, 0.000000, 0.000000, 0.058568, -0.998283, 0.000000, 0.998283, 0.058568),
      ["RightUpperArm"] = CFrame.new(0.287336, -0.498389, -0.047393, 0.588005, 0.692765, 0.417525, 0.772576, -0.328157, -0.543544, -0.239534, 0.642176, -0.728171),
      ["RightUpperLeg"] = CFrame.new(0.070866, -0.118483, -0.013307, 0.962572, -0.267615, -0.042857, 0.262700, 0.960158, -0.095315, 0.066657, 0.080489, 0.994524)
    }},
    { Time = 0.050, Data = {
      ["Balls"] = CFrame.new(0.000001, -0.000002, 0.000000, 0.825230, -0.564797, 0.000000, 0.564797, 0.825230, 0.000000, 0.000000, 0.000000, 1.000000),
      ["Cock"] = CFrame.new(0.000000, 0.000000, 0.000000, 0.931942, -0.362609, 0.000085, 0.362609, 0.931942, 0.000016, -0.000085, 0.000016, 1.000000),
      ["Head"] = CFrame.new(0.000000, 0.000000, 0.000000, 1.000000, -0.000000, 0.000000, 0.000000, 0.919890, 0.392177, -0.000000, -0.392177, 0.919890),
      ["LeftUpperArm"] = CFrame.new(0.028220, -0.529540, -0.258065, 0.960510, -0.143093, 0.238629, 0.263508, 0.743199, -0.614994, -0.089348, 0.653589, 0.751557),
      ["LeftUpperLeg"] = CFrame.new(-0.053794, -0.092928, -0.004825, 0.977097, 0.204108, 0.060177, -0.197834, 0.975484, -0.096396, -0.078377, 0.082283, 0.993522),
      ["LowerTorso"] = CFrame.new(0.000000, -1.576783, -0.518252, 1.000000, 0.000000, 0.000000, 0.000000, 0.058805, -0.998269, 0.000000, 0.998269, 0.058805),
      ["RightUpperArm"] = CFrame.new(0.287787, -0.498368, -0.047869, 0.586707, 0.694479, 0.416502, 0.773401, -0.328076, -0.542418, -0.240054, 0.640364, -0.729595),
      ["RightUpperLeg"] = CFrame.new(0.070863, -0.118476, -0.013298, 0.962577, -0.267623, -0.042702, 0.262687, 0.960112, -0.095815, 0.066641, 0.081012, 0.994483)
    }},
    { Time = 0.067, Data = {
      ["Balls"] = CFrame.new(0.000001, -0.000002, 0.000000, 0.830095, -0.557622, 0.000000, 0.557622, 0.830095, 0.000000, 0.000000, 0.000000, 1.000000),
      ["Cock"] = CFrame.new(0.000000, 0.000000, -0.000000, 0.932291, -0.361708, 0.000170, 0.361708, 0.932291, 0.000032, -0.000170, 0.000032, 1.000000),
      ["Head"] = CFrame.new(0.000000, -0.000000, 0.000000, 1.000000, -0.000000, 0.000000, 0.000000, 0.921984, 0.387229, -0.000000, -0.387229, 0.921984),
      ["LeftUpperArm"] = CFrame.new(0.028443, -0.530393, -0.257050, 0.960029, -0.142246, 0.241059, 0.264892, 0.739953, -0.618306, -0.090421, 0.657446, 0.748057),
      ["LeftUpperLeg"] = CFrame.new(-0.053791, -0.092915, -0.004821, 0.977103, 0.204128, 0.060011, -0.197808, 0.975414, -0.097157, -0.078368, 0.083062, 0.993458),
      ["LowerTorso"] = CFrame.new(0.000000, -1.577257, -0.518230, 1.000000, 0.000000, 0.000000, 0.000000, 0.059279, -0.998241, 0.000000, 0.998241, 0.059279),
      ["RightUpperArm"] = CFrame.new(0.288225, -0.498312, -0.048317, 0.585406, 0.696145, 0.415550, 0.774200, -0.327863, -0.541405, -0.240653, 0.638661, -0.730889),
      ["RightUpperLeg"] = CFrame.new(0.070872, -0.118507, -0.013309, 0.962559, -0.267720, -0.042507, 0.262749, 0.960019, -0.096572, 0.066662, 0.081788, 0.994418)
    }},
    { Time = 0.083, Data = {
      ["Balls"] = CFrame.new(0.000001, -0.000002, 0.000000, 0.834742, -0.550641, 0.000000, 0.550641, 0.834742, 0.000000, 0.000000, 0.000000, 1.000000),
      ["Cock"] = CFrame.new(0.000000, 0.000000, -0.000000, 0.932767, -0.360480, 0.000255, 0.360480, 0.932767, 0.000047, -0.000255, 0.000047, 1.000000),
      ["Head"] = CFrame.new(0.000000, -0.000000, 0.000000, 1.000000, -0.000000, 0.000000, 0.000000, 0.923949, 0.382516, -0.000000, -0.382516, 0.923949),
      ["LeftUpperArm"] = CFrame.new(0.028734, -0.531494, -0.255758, 0.959447, -0.141141, 0.244011, 0.266570, 0.735770, -0.622561, -0.091667, 0.662360, 0.743556),
      ["LeftUpperLeg"] = CFrame.new(-0.053788, -0.092900, -0.004821, 0.977109, 0.204150, 0.059837, -0.197778, 0.975335, -0.098004, -0.078369, 0.083926, 0.993385),
      ["LowerTorso"] = CFrame.new(0.000000, -1.577730, -0.518210, 1.000000, 0.000000, 0.000000, 0.000000, 0.059752, -0.998213, 0.000000, 0.998213, 0.059752),
      ["RightUpperArm"] = CFrame.new(0.288628, -0.498296, -0.048749, 0.584249, 0.697677, 0.414608, 0.774931, -0.327803, -0.540395, -0.241112, 0.637018, -0.732170),
      ["RightUpperLeg"] = CFrame.new(0.070868, -0.118497, -0.013281, 0.962568, -0.267731, -0.042220, 0.262728, 0.959941, -0.097402, 0.066606, 0.082664, 0.994349)
    }},
    { Time = 0.100, Data = {
      ["Balls"] = CFrame.new(0.000001, -0.000002, 0.000000, 0.838983, -0.544158, 0.000000, 0.544158, 0.838983, 0.000000, 0.000000, 0.000000, 1.000000),
      ["Cock"] = CFrame.new(0.000000, 0.000000, 0.000000, 0.933304, -0.359087, 0.000339, 0.359087, 0.933304, 0.000063, -0.000339, 0.000063, 1.000000),
      ["Head"] = CFrame.new(0.000000, -0.000000, 0.000000, 1.000000, -0.000000, 0.000000, 0.000000, 0.925789, 0.378040, -0.000000, -0.378040, 0.925789),
      ["LeftUpperArm"] = CFrame.new(0.029081, -0.532803, -0.254240, 0.958708, -0.139819, 0.247647, 0.268672, 0.730790, -0.627504, -0.093241, 0.668129, 0.738180),
      ["LeftUpperLeg"] = CFrame.new(-0.053791, -0.092924, -0.004793, 0.977104, 0.204261, 0.059546, -0.197827, 0.975214, -0.099102, -0.078313, 0.085053, 0.993294),
      ["LowerTorso"] = CFrame.new(0.000000, -1.578440, -0.518176, 1.000000, 0.000000, 0.000000, 0.000000, 0.060462, -0.998170, 0.000000, 0.998170, 0.060462),
      ["RightUpperArm"] = CFrame.new(0.289025, -0.498263, -0.049167, 0.583089, 0.699185, 0.413700, 0.775649, -0.327675, -0.539442, -0.241610, 0.635429, -0.733386),
      ["RightUpperLeg"] = CFrame.new(0.070865, -0.118480, -0.013313, 0.962573, -0.267751, -0.041982, 0.262695, 0.959838, -0.098499, 0.066669, 0.083784, 0.994251)
    }},
    { Time = 0.117, Data = {
      ["Balls"] = CFrame.new(0.000001, -0.000002, 0.000000, 0.842926, -0.538029, 0.000000, 0.538029, 0.842926, 0.000000, 0.000000, 0.000000, 1.000000),
      ["Cock"] = CFrame.new(0.000000, -0.000000, 0.000000, 0.933964, -0.357366, 0.000409, 0.357366, 0.933964, 0.000163, -0.000440, -0.000006, 1.000000),
      ["Head"] = CFrame.new(0.000000, 0.000000, 0.000000, 1.000000, -0.000000, 0.000000, 0.000000, 0.927476, 0.373884, -0.000000, -0.373884, 0.927476),
      ["LeftUpperArm"] = CFrame.new(0.029500, -0.534356, -0.252471, 0.957859, -0.138226, 0.251791, 0.271078, 0.724888, -0.633288, -0.094984, 0.674856, 0.731811),
      ["LeftUpperLeg"] = CFrame.new(-0.053788, -0.092901, -0.004815, 0.977110, 0.204296, 0.059327, -0.197780, 0.975094, -0.100376, -0.078356, 0.086345, 0.993179),
      ["LowerTorso"] = CFrame.new(0.000000, -1.579150, -0.518143, 1.000000, 0.000000, 0.000000, 0.000000, 0.061172, -0.998127, 0.000000, 0.998127, 0.061172),
      ["RightUpperArm"] = CFrame.new(0.289374, -0.498236, -0.049540, 0.582074, 0.700516, 0.412877, 0.776274, -0.327575, -0.538604, -0.242052, 0.634013, -0.734465),
      ["RightUpperLeg"] = CFrame.new(0.070872, -0.118504, -0.013315, 0.962559, -0.267855, -0.041632, 0.262744, 0.959695, -0.099756, 0.066674, 0.085082, 0.994141)
    }},
    { Time = 0.133, Data = {
      ["Balls"] = CFrame.new(0.000001, -0.000002, 0.000000, 0.846438, -0.532487, 0.000000, 0.532487, 0.846438, 0.000000, 0.000000, 0.000000, 1.000000),
      ["Cock"] = CFrame.new(0.000000, 0.000000, 0.000000, 0.934653, -0.355562, 0.000579, 0.355562, 0.934653, 0.000194, -0.000610, 0.000024, 1.000000),
      ["Head"] = CFrame.new(0.000000, -0.000000, 0.000000, 1.000000, -0.000000, 0.000000, 0.000000, 0.928980, 0.370130, -0.000000, -0.370130, 0.928980),
      ["LeftUpperArm"] = CFrame.new(0.029982, -0.536093, -0.250526, 0.956896, -0.136394, 0.256413, 0.273778, 0.718282, -0.639623, -0.096936, 0.682252, 0.724662),
      ["LeftUpperLeg"] = CFrame.new(-0.053790, -0.092919, -0.004804, 0.977104, 0.204417, 0.059001, -0.197816, 0.974937, -0.101816, -0.078335, 0.087813, 0.993052),
      ["LowerTorso"] = CFrame.new(0.000000, -1.579978, -0.518104, 1.000000, 0.000000, 0.000000, 0.000000, 0.062000, -0.998076, 0.000000, 0.998076, 0.062000),
      ["RightUpperArm"] = CFrame.new(0.289697, -0.498213, -0.049885, 0.581126, 0.701741, 0.412131, 0.776865, -0.327488, -0.537803, -0.242430, 0.632702, -0.735470),
      ["RightUpperLeg"] = CFrame.new(0.070865, -0.118488, -0.013279, 0.962573, -0.267873, -0.041189, 0.262710, 0.959565, -0.101085, 0.066602, 0.086481, 0.994025)
    }},
    { Time = 0.150, Data = {
      ["Balls"] = CFrame.new(0.000001, -0.000001, 0.000000, 0.849579, -0.527461, 0.000000, 0.527461, 0.849579, 0.000000, 0.000000, 0.000000, 1.000000),
      ["Cock"] = CFrame.new(0.000000, 0.000000, -0.000000, 0.935430, -0.353510, 0.000664, 0.353510, 0.935431, 0.000209, -0.000695, 0.000039, 1.000000),
      ["Head"] = CFrame.new(0.000000, 0.000000, -0.000000, 1.000000, -0.000000, 0.000000, 0.000000, 0.930308, 0.366780, -0.000000, -0.366780, 0.930308),
      ["LeftUpperArm"] = CFrame.new(0.030525, -0.538039, -0.248394, 0.955828, -0.134329, 0.261435, 0.276753, 0.710885, -0.646569, -0.098997, 0.690361, 0.716660),
      ["LeftUpperLeg"] = CFrame.new(-0.053793, -0.092935, -0.004798, 0.977099, 0.204541, 0.058665, -0.197849, 0.974770, -0.103341, -0.078322, 0.089367, 0.992914),
      ["LowerTorso"] = CFrame.new(0.000000, -1.580923, -0.518058, 1.000000, 0.000000, 0.000000, 0.000000, 0.062946, -0.998017, 0.000000, 0.998017, 0.062946),
      ["RightUpperArm"] = CFrame.new(0.289973, -0.498199, -0.050184, 0.580325, 0.702790, 0.411471, 0.777363, -0.327431, -0.537117, -0.242752, 0.631565, -0.736340),
      ["RightUpperLeg"] = CFrame.new(0.070872, -0.118508, -0.013299, 0.962560, -0.267981, -0.040804, 0.262751, 0.959393, -0.102598, 0.066641, 0.088035, 0.993886)
    }},
    { Time = 0.167, Data = {
      ["Balls"] = CFrame.new(0.000001, -0.000001, 0.000000, 0.852219, -0.523185, 0.000000, 0.523185, 0.852219, 0.000000, 0.000000, 0.000000, 1.000000),
      ["Cock"] = CFrame.new(0.000000, 0.000000, 0.000000, 0.936265, -0.351293, 0.000834, 0.351293, 0.936266, 0.000239, -0.000865, 0.000069, 1.000000),
      ["Head"] = CFrame.new(0.000000, -0.000000, 0.000000, 1.000000, -0.000000, 0.000000, 0.000000, 0.931463, 0.363836, -0.000000, -0.363836, 0.931463),
      ["LeftUpperArm"] = CFrame.new(0.031132, -0.540149, -0.246130, 0.954635, -0.132022, 0.266911, 0.280027, 0.702860, -0.653891, -0.101273, 0.698969, 0.707945),
      ["LeftUpperLeg"] = CFrame.new(-0.053787, -0.092906, -0.004799, 0.977110, 0.204584, 0.058316, -0.197790, 0.974601, -0.105034, -0.078323, 0.091095, 0.992757),
      ["LowerTorso"] = CFrame.new(0.000000, -1.581869, -0.518012, 1.000000, 0.000000, 0.000000, 0.000000, 0.063891, -0.997957, 0.000000, 0.997957, 0.063891),
      ["RightUpperArm"] = CFrame.new(0.290234, -0.498167, -0.050458, 0.579514, 0.703783, 0.410917, 0.777877, -0.327310, -0.536447, -0.243045, 0.630522, -0.737138),
      ["RightUpperLeg"] = CFrame.new(0.070865, -0.118486, -0.013285, 0.962574, -0.268005, -0.040314, 0.262706, 0.959226, -0.104267, 0.066614, 0.089774, 0.993732)
    }},
    { Time = 0.183, Data = {
      ["Balls"] = CFrame.new(0.000001, -0.000001, 0.000000, 0.854463, -0.519512, 0.000000, 0.519512, 0.854463, 0.000000, 0.000000, 0.000000, 1.000000),
      ["Cock"] = CFrame.new(0.000000, 0.000000, 0.000000, 0.937156, -0.348910, 0.001004, 0.348910, 0.937156, 0.000269, -0.001035, 0.000099, 0.999999),
      ["Head"] = CFrame.new(0.000000, -0.000000, 0.000000, 1.000000, -0.000000, 0.000000, 0.000000, 0.932418, 0.361381, -0.000000, -0.361381, 0.932418),
      ["LeftUpperArm"] = CFrame.new(0.031780, -0.542431, -0.243744, 0.953363, -0.129558, 0.272604, 0.283516, 0.694184, -0.661609, -0.103521, 0.708042, 0.698542),
      ["LeftUpperLeg"] = CFrame.new(-0.053790, -0.092918, -0.004801, 0.977105, 0.204711, 0.057962, -0.197815, 0.974412, -0.106729, -0.078328, 0.092820, 0.992597),
      ["LowerTorso"] = CFrame.new(0.000000, -1.582931, -0.517958, 1.000000, 0.000000, 0.000000, 0.000000, 0.064954, -0.997888, 0.000000, 0.997888, 0.064954),
      ["RightUpperArm"] = CFrame.new(0.290445, -0.498164, -0.050693, 0.578938, 0.704587, 0.410352, 0.778220, -0.327300, -0.535955, -0.243319, 0.629629, -0.737810),
      ["RightUpperLeg"] = CFrame.new(0.070870, -0.118504, -0.013279, 0.962564, -0.268114, -0.039808, 0.262743, 0.959023, -0.106024, 0.066603, 0.091596, 0.993566)
    }},
    { Time = 0.200, Data = {
      ["Balls"] = CFrame.new(0.000001, -0.000001, 0.000000, 0.856181, -0.516676, 0.000000, 0.516676, 0.856181, 0.000000, 0.000000, 0.000000, 1.000000),
      ["Cock"] = CFrame.new(0.000000, 0.000000, -0.000000, 0.938070, -0.346443, 0.001174, 0.346443, 0.938071, 0.000298, -0.001205, 0.000128, 0.999999),
      ["Head"] = CFrame.new(0.000000, 0.000000, 0.000000, 1.000000, -0.000000, 0.000000, 0.000000, 0.933146, 0.359497, -0.000000, -0.359497, 0.933146),
      ["LeftUpperArm"] = CFrame.new(0.032501, -0.544833, -0.241290, 0.951993, -0.126818, 0.278615, 0.287195, 0.685052, -0.669495, -0.105961, 0.717371, 0.688586),
      ["LeftUpperLeg"] = CFrame.new(-0.053793, -0.092928, -0.004812, 0.977099, 0.204843, 0.057590, -0.197835, 0.974201, -0.108595, -0.078350, 0.094715, 0.992416),
      ["LowerTorso"] = CFrame.new(0.000000, -1.584111, -0.517896, 1.000000, 0.000000, 0.000000, 0.000000, 0.066134, -0.997811, 0.000000, 0.997811, 0.066134),
      ["RightUpperArm"] = CFrame.new(0.290596, -0.498154, -0.050857, 0.578501, 0.705161, 0.409981, 0.778486, -0.327260, -0.535594, -0.243509, 0.629006, -0.738279),
      ["RightUpperLeg"] = CFrame.new(0.070863, -0.118479, -0.013278, 0.962578, -0.268140, -0.039294, 0.262693, 0.958832, -0.107863, 0.066599, 0.093505, 0.993389)
    }},
    { Time = 0.217, Data = {
      ["Balls"] = CFrame.new(0.000001, -0.000001, 0.000000, 0.857428, -0.514603, 0.000000, 0.514603, 0.857428, 0.000000, 0.000000, 0.000000, 1.000000),
      ["Cock"] = CFrame.new(0.000000, 0.000000, 0.000000, 0.939008, -0.343892, 0.001330, 0.343892, 0.939009, 0.000411, -0.001390, 0.000071, 0.999999),
      ["Head"] = CFrame.new(0.000000, 0.000000, 0.000000, 1.000000, -0.000000, 0.000000, 0.000000, 0.933682, 0.358104, -0.000000, -0.358104, 0.933682),
      ["LeftUpperArm"] = CFrame.new(0.033249, -0.547364, -0.238776, 0.950555, -0.123973, 0.284737, 0.291052, 0.675426, -0.677560, -0.108320, 0.726932, 0.678113),
      ["LeftUpperLeg"] = CFrame.new(-0.053796, -0.092936, -0.004827, 0.977093, 0.204977, 0.057210, -0.197851, 0.973979, -0.110547, -0.078380, 0.096695, 0.992223),
      ["LowerTorso"] = CFrame.new(0.000000, -1.585290, -0.517834, 1.000000, 0.000000, 0.000000, 0.000000, 0.067313, -0.997732, 0.000000, 0.997732, 0.067313),
      ["RightUpperArm"] = CFrame.new(0.290720, -0.498148, -0.050992, 0.578133, 0.705632, 0.409689, 0.778718, -0.327237, -0.535269, -0.243638, 0.628489, -0.738676),
      ["RightUpperLeg"] = CFrame.new(0.070867, -0.118496, -0.013278, 0.962569, -0.268248, -0.038776, 0.262727, 0.958613, -0.109704, 0.066599, 0.095410, 0.993208)
    }},
    { Time = 0.233, Data = {
      ["Balls"] = CFrame.new(0.000001, -0.000001, 0.000000, 0.858165, -0.513374, 0.000000, 0.513374, 0.858165, 0.000000, 0.000000, 0.000000, 1.000000),
      ["Cock"] = CFrame.new(0.000000, 0.000000, -0.000000, 0.939939, -0.341339, 0.001500, 0.341339, 0.939940, 0.000439, -0.001560, 0.000099, 0.999999),
      ["Head"] = CFrame.new(0.000000, -0.000000, 0.000000, 1.000000, -0.000000, 0.000000, 0.000000, 0.934027, 0.357202, -0.000000, -0.357202, 0.934027),
      ["LeftUpperArm"] = CFrame.new(0.034037, -0.549971, -0.236256, 0.949068, -0.120978, 0.290919, 0.294995, 0.665516, -0.685614, -0.110667, 0.736514, 0.667308),
      ["LeftUpperLeg"] = CFrame.new(-0.053787, -0.092904, -0.004798, 0.977111, 0.205021, 0.056748, -0.197787, 0.973770, -0.112486, -0.078321, 0.098688, 0.992032),
      ["LowerTorso"] = CFrame.new(0.000000, -1.586469, -0.517770, 1.000000, 0.000000, 0.000000, 0.000000, 0.068492, -0.997652, 0.000000, 0.997652, 0.068492),
      ["RightUpperArm"] = CFrame.new(0.290793, -0.498134, -0.051067, 0.577915, 0.705908, 0.409522, 0.778845, -0.327186, -0.535117, -0.243754, 0.628206, -0.738879),
      ["RightUpperLeg"] = CFrame.new(0.070872, -0.118511, -0.013284, 0.962560, -0.268358, -0.038246, 0.262758, 0.958382, -0.111630, 0.066611, 0.097401, 0.993014)
    }},
    { Time = 0.250, Data = {
      ["Balls"] = CFrame.new(0.000000, 0.000000, 0.000000, 0.858395, -0.512990, 0.000000, 0.512990, 0.858395, 0.000000, 0.000000, 0.000000, 1.000000),
      ["Cock"] = CFrame.new(0.000000, 0.000000, 0.000000, 0.940892, -0.338702, 0.001671, 0.338702, 0.940894, 0.000467, -0.001730, 0.000127, 0.999999),
      ["Head"] = CFrame.new(0.000000, 0.000000, 0.000000, 1.000000, -0.000000, 0.000000, 0.000000, 0.934121, 0.356956, -0.000000, -0.356956, 0.934121),
      ["LeftUpperArm"] = CFrame.new(0.034870, -0.552636, -0.233747, 0.947511, -0.117808, 0.297229, 0.299056, 0.655383, -0.693570, -0.113090, 0.746053, 0.656213),
      ["LeftUpperLeg"] = CFrame.new(-0.053790, -0.092911, -0.004818, 0.977105, 0.205156, 0.056358, -0.197800, 0.973530, -0.114523, -0.078361, 0.100753, 0.991821),
      ["LowerTorso"] = CFrame.new(0.000000, -1.587647, -0.517705, 1.000000, 0.000000, 0.000000, 0.000000, 0.069669, -0.997570, 0.000000, 0.997570, 0.069669),
      ["RightUpperArm"] = CFrame.new(0.290811, -0.498130, -0.051085, 0.577836, 0.705978, 0.409513, 0.778905, -0.327169, -0.535039, -0.243746, 0.628136, -0.738940),
      ["RightUpperLeg"] = CFrame.new(0.070865, -0.118484, -0.013293, 0.962573, -0.268385, -0.037709, 0.262703, 0.958161, -0.113639, 0.066630, 0.099480, 0.992806)
    }},
    { Time = 0.267, Data = {
      ["Balls"] = CFrame.new(0.000001, -0.000001, 0.000000, 0.858165, -0.513374, 0.000000, 0.513374, 0.858165, 0.000000, 0.000000, 0.000000, 1.000000),
      ["Cock"] = CFrame.new(0.000000, 0.000000, -0.000000, 0.941838, -0.336063, 0.001842, 0.336062, 0.941840, 0.000494, -0.001901, 0.000154, 0.999998),
      ["Head"] = CFrame.new(0.000000, -0.000000, 0.000000, 1.000000, -0.000000, 0.000000, 0.000000, 0.934027, 0.357202, -0.000000, -0.357202, 0.934027),
      ["LeftUpperArm"] = CFrame.new(0.035739, -0.555337, -0.231273, 0.945960, -0.114506, 0.303395, 0.303053, 0.645113, -0.701419, -0.115407, 0.755459, 0.644952),
      ["LeftUpperLeg"] = CFrame.new(-0.053790, -0.092922, -0.004790, 0.977105, 0.205284, 0.055891, -0.197821, 0.973295, -0.116464, -0.078306, 0.102741, 0.991621),
      ["LowerTorso"] = CFrame.new(0.000000, -1.588824, -0.517639, 1.000000, 0.000000, 0.000000, 0.000000, 0.070847, -0.997487, 0.000000, 0.997487, 0.070847),
      ["RightUpperArm"] = CFrame.new(0.290793, -0.498134, -0.051067, 0.577915, 0.705908, 0.409522, 0.778845, -0.327186, -0.535117, -0.243754, 0.628206, -0.738879),
      ["RightUpperLeg"] = CFrame.new(0.070870, -0.118500, -0.013299, 0.962564, -0.268493, -0.037179, 0.262735, 0.957922, -0.115564, 0.066642, 0.101470, 0.992604)
    }},
    { Time = 0.283, Data = {
      ["Balls"] = CFrame.new(0.000001, -0.000001, 0.000000, 0.857428, -0.514603, 0.000000, 0.514603, 0.857428, 0.000000, 0.000000, 0.000000, 1.000000),
      ["Cock"] = CFrame.new(0.000000, 0.000000, -0.000000, 0.942776, -0.333421, 0.002013, 0.333421, 0.942778, 0.000521, -0.002071, 0.000180, 0.999998),
      ["Head"] = CFrame.new(0.000000, 0.000000, 0.000000, 1.000000, -0.000000, 0.000000, 0.000000, 0.933682, 0.358104, -0.000000, -0.358104, 0.933682),
      ["LeftUpperArm"] = CFrame.new(0.036594, -0.558047, -0.228865, 0.944378, -0.111256, 0.309473, 0.307127, 0.634809, -0.709007, -0.117575, 0.764617, 0.633669),
      ["LeftUpperLeg"] = CFrame.new(-0.053793, -0.092930, -0.004806, 0.977099, 0.205415, 0.055509, -0.197838, 0.973056, -0.118414, -0.078337, 0.104721, 0.991412),
      ["LowerTorso"] = CFrame.new(0.000000, -1.590000, -0.517571, 1.000000, 0.000000, 0.000000, 0.000000, 0.072023, -0.997403, 0.000000, 0.997403, 0.072023),
      ["RightUpperArm"] = CFrame.new(0.290720, -0.498148, -0.050992, 0.578133, 0.705632, 0.409689, 0.778718, -0.327237, -0.535269, -0.243638, 0.628489, -0.738676),
      ["RightUpperLeg"] = CFrame.new(0.070875, -0.118516, -0.013305, 0.962554, -0.268601, -0.036648, 0.262767, 0.957679, -0.117489, 0.066655, 0.103459, 0.992398)
    }},
    { Time = 0.300, Data = {
      ["Balls"] = CFrame.new(0.000001, -0.000001, 0.000000, 0.856181, -0.516676, 0.000000, 0.516676, 0.856181, 0.000000, 0.000000, 0.000000, 1.000000),
      ["Cock"] = CFrame.new(0.000000, 0.000000, 0.000000, 0.943677, -0.330861, 0.002169, 0.330860, 0.943680, 0.000632, -0.002256, 0.000121, 0.999997),
      ["Head"] = CFrame.new(0.000000, -0.000000, 0.000000, 1.000000, -0.000000, 0.000000, 0.000000, 0.933146, 0.359497, -0.000000, -0.359497, 0.933146),
      ["LeftUpperArm"] = CFrame.new(0.037456, -0.560716, -0.226556, 0.942826, -0.107975, 0.315309, 0.311077, 0.624662, -0.716260, -0.119623, 0.773394, 0.622536),
      ["LeftUpperLeg"] = CFrame.new(-0.053796, -0.092938, -0.004821, 0.977094, 0.205546, 0.055127, -0.197855, 0.972813, -0.120364, -0.078369, 0.106699, 0.991198),
      ["LowerTorso"] = CFrame.new(0.000000, -1.591058, -0.517511, 1.000000, 0.000000, 0.000000, 0.000000, 0.073081, -0.997326, 0.000000, 0.997326, 0.073081),
      ["RightUpperArm"] = CFrame.new(0.290596, -0.498154, -0.050857, 0.578501, 0.705161, 0.409981, 0.778486, -0.327260, -0.535594, -0.243509, 0.629006, -0.738279),
      ["RightUpperLeg"] = CFrame.new(0.070868, -0.118490, -0.013309, 0.962568, -0.268624, -0.036122, 0.262716, 0.957456, -0.119412, 0.066662, 0.105452, 0.992188)
    }},
    { Time = 0.317, Data = {
      ["Balls"] = CFrame.new(0.000001, -0.000001, 0.000000, 0.854416, -0.519589, 0.000000, 0.519589, 0.854416, 0.000000, 0.000000, 0.000000, 1.000000),
      ["Cock"] = CFrame.new(0.000000, 0.000000, -0.000000, 0.944542, -0.328381, 0.002340, 0.328380, 0.944545, 0.000658, -0.002426, 0.000147, 0.999997),
      ["Head"] = CFrame.new(0.000000, -0.000000, 0.000000, 1.000000, -0.000000, 0.000000, 0.000000, 0.932418, 0.361381, -0.000000, -0.361381, 0.932418),
      ["LeftUpperArm"] = CFrame.new(0.038331, -0.563321, -0.224361, 0.941288, -0.104651, 0.320976, 0.314927, 0.614757, -0.723115, -0.121648, 0.781743, 0.611620),
      ["LeftUpperLeg"] = CFrame.new(-0.053790, -0.092906, -0.004830, 0.977105, 0.205589, 0.054759, -0.197790, 0.972594, -0.122225, -0.078387, 0.108596, 0.990991),
      ["LowerTorso"] = CFrame.new(0.000000, -1.592233, -0.517439, 1.000000, 0.000000, 0.000000, 0.000000, 0.074256, -0.997239, 0.000000, 0.997239, 0.074256),
      ["RightUpperArm"] = CFrame.new(0.290445, -0.498164, -0.050693, 0.578938, 0.704587, 0.410352, 0.778220, -0.327300, -0.535955, -0.243319, 0.629629, -0.737810),
      ["RightUpperLeg"] = CFrame.new(0.070873, -0.118508, -0.013310, 0.962558, -0.268728, -0.035603, 0.262752, 0.957215, -0.121250, 0.066663, 0.107356, 0.991983)
    }},
    { Time = 0.333, Data = {
      ["Balls"] = CFrame.new(0.000001, -0.000001, 0.000000, 0.852219, -0.523185, 0.000000, 0.523185, 0.852219, 0.000000, 0.000000, 0.000000, 1.000000),
      ["Cock"] = CFrame.new(0.000000, 0.000000, 0.000000, 0.945373, -0.325982, 0.002511, 0.325981, 0.945376, 0.000683, -0.002597, 0.000173, 0.999997),
      ["Head"] = CFrame.new(0.000000, -0.000000, 0.000000, 1.000000, -0.000000, 0.000000, 0.000000, 0.931463, 0.363836, -0.000000, -0.363836, 0.931463),
      ["LeftUpperArm"] = CFrame.new(0.039180, -0.565839, -0.222295, 0.939829, -0.101420, 0.326244, 0.318564, 0.605182, -0.729570, -0.123444, 0.789600, 0.601077),
      ["LeftUpperLeg"] = CFrame.new(-0.053790, -0.092921, -0.004795, 0.977105, 0.205710, 0.054309, -0.197820, 0.972364, -0.123995, -0.078316, 0.110412, 0.990796),
      ["LowerTorso"] = CFrame.new(0.000000, -1.593290, -0.517375, 1.000000, 0.000000, 0.000000, 0.000000, 0.075313, -0.997160, 0.000000, 0.997160, 0.075313),
      ["RightUpperArm"] = CFrame.new(0.290234, -0.498167, -0.050458, 0.579514, 0.703783, 0.410917, 0.777877, -0.327310, -0.536447, -0.243045, 0.630522, -0.737138),
      ["RightUpperLeg"] = CFrame.new(0.070866, -0.118487, -0.013296, 0.962571, -0.268745, -0.035113, 0.262709, 0.957014, -0.122917, 0.066637, 0.109092, 0.991796)
    }},
    { Time = 0.350, Data = {
      ["Balls"] = CFrame.new(0.000001, -0.000001, 0.000000, 0.849579, -0.527461, 0.000000, 0.527461, 0.849579, 0.000000, 0.000000, 0.000000, 1.000000),
      ["Cock"] = CFrame.new(0.000000, 0.000000, 0.000000, 0.946140, -0.323747, 0.002682, 0.323747, 0.946144, 0.000709, -0.002767, 0.000198, 0.999996),
      ["Head"] = CFrame.new(0.000000, -0.000000, 0.000000, 1.000000, -0.000000, 0.000000, 0.000000, 0.930308, 0.366780, -0.000000, -0.366780, 0.930308),
      ["LeftUpperArm"] = CFrame.new(0.039984, -0.568232, -0.220382, 0.938413, -0.098365, 0.331218, 0.322078, 0.596086, -0.735492, -0.125088, 0.796873, 0.591056),
      ["LeftUpperLeg"] = CFrame.new(-0.053793, -0.092936, -0.004793, 0.977099, 0.205830, 0.053963, -0.197851, 0.972152, -0.125602, -0.078313, 0.112049, 0.990612),
      ["LowerTorso"] = CFrame.new(0.000000, -1.594229, -0.517318, 1.000000, 0.000000, 0.000000, 0.000000, 0.076252, -0.997089, 0.000000, 0.997089, 0.076252),
      ["RightUpperArm"] = CFrame.new(0.289973, -0.498199, -0.050183, 0.580325, 0.702790, 0.411471, 0.777363, -0.327431, -0.537117, -0.242752, 0.631565, -0.736340),
      ["RightUpperLeg"] = CFrame.new(0.070871, -0.118508, -0.013285, 0.962561, -0.268845, -0.034617, 0.262751, 0.956786, -0.124586, 0.066615, 0.110826, 0.991605)
    }},
    { Time = 0.367, Data = {
      ["Balls"] = CFrame.new(0.000001, -0.000001, 0.000000, 0.846438, -0.532487, 0.000000, 0.532487, 0.846438, 0.000000, 0.000000, 0.000000, 1.000000),
      ["Cock"] = CFrame.new(0.000000, 0.000000, -0.000000, 0.946845, -0.321677, 0.002768, 0.321676, 0.946850, 0.000720, -0.002853, 0.000209, 0.999996),
      ["Head"] = CFrame.new(0.000000, -0.000000, 0.000000, 1.000000, -0.000000, 0.000000, 0.000000, 0.928980, 0.370130, -0.000000, -0.370130, 0.928980),
      ["LeftUpperArm"] = CFrame.new(0.040739, -0.570448, -0.218651, 0.937086, -0.095493, 0.335784, 0.325340, 0.587660, -0.740817, -0.126584, 0.803454, 0.581755),
      ["LeftUpperLeg"] = CFrame.new(-0.053790, -0.092907, -0.004832, 0.977105, 0.205869, 0.053707, -0.197791, 0.971954, -0.127215, -0.078391, 0.113679, 0.990420),
      ["LowerTorso"] = CFrame.new(0.000000, -1.595167, -0.517259, 1.000000, 0.000000, 0.000000, 0.000000, 0.077190, -0.997016, 0.000000, 0.997016, 0.077190),
      ["RightUpperArm"] = CFrame.new(0.289697, -0.498214, -0.049884, 0.581126, 0.701741, 0.412131, 0.776865, -0.327488, -0.537803, -0.242430, 0.632702, -0.735470),
      ["RightUpperLeg"] = CFrame.new(0.070867, -0.118487, -0.013303, 0.962570, -0.268862, -0.034235, 0.262710, 0.956600, -0.126093, 0.066651, 0.112380, 0.991427)
    }},
    { Time = 0.383, Data = {
      ["Balls"] = CFrame.new(0.000001, -0.000001, 0.000000, 0.842926, -0.538029, 0.000000, 0.538029, 0.842926, 0.000000, 0.000000, 0.000000, 1.000000),
      ["Cock"] = CFrame.new(0.000000, 0.000000, 0.000000, 0.947490, -0.319771, 0.002939, 0.319770, 0.947495, 0.000745, -0.003023, 0.000234, 0.999995),
      ["Head"] = CFrame.new(0.000000, 0.000000, 0.000000, 1.000000, -0.000000, 0.000000, 0.000000, 0.927476, 0.373884, -0.000000, -0.373884, 0.927476),
      ["LeftUpperArm"] = CFrame.new(0.041447, -0.572501, -0.217082, 0.935853, -0.092801, 0.339952, 0.328350, 0.579853, -0.745625, -0.127927, 0.809419, 0.573128),
      ["LeftUpperLeg"] = CFrame.new(-0.053793, -0.092927, -0.004818, 0.977099, 0.205981, 0.053387, -0.197833, 0.971768, -0.128565, -0.078362, 0.115059, 0.990263),
      ["LowerTorso"] = CFrame.new(0.000000, -1.595988, -0.517207, 1.000000, 0.000000, 0.000000, 0.000000, 0.078011, -0.996953, 0.000000, 0.996953, 0.078011),
      ["RightUpperArm"] = CFrame.new(0.289375, -0.498236, -0.049540, 0.582074, 0.700516, 0.412877, 0.776274, -0.327575, -0.538604, -0.242052, 0.634013, -0.734465),
      ["RightUpperLeg"] = CFrame.new(0.070874, -0.118510, -0.013318, 0.962556, -0.268961, -0.033859, 0.262755, 0.956399, -0.127517, 0.066680, 0.113846, 0.991258)
    }},
    { Time = 0.400, Data = {
      ["Balls"] = CFrame.new(0.000001, -0.000001, 0.000000, 0.838983, -0.544158, 0.000000, 0.544158, 0.838983, 0.000000, 0.000000, 0.000000, 1.000000),
      ["Cock"] = CFrame.new(0.000000, 0.000000, -0.000000, 0.948048, -0.318113, 0.003011, 0.318112, 0.948053, 0.000842, -0.003123, 0.000160, 0.999995),
      ["Head"] = CFrame.new(0.000000, -0.000000, 0.000000, 1.000000, -0.000000, 0.000000, 0.000000, 0.925789, 0.378040, -0.000000, -0.378040, 0.925789),
      ["LeftUpperArm"] = CFrame.new(0.042089, -0.574320, -0.215719, 0.934785, -0.090360, 0.343528, 0.330935, 0.572937, -0.749817, -0.129067, 0.814603, 0.565476),
      ["LeftUpperLeg"] = CFrame.new(-0.053787, -0.092907, -0.004797, 0.977110, 0.206006, 0.053082, -0.197793, 0.971608, -0.129828, -0.078320, 0.116357, 0.990115),
      ["LowerTorso"] = CFrame.new(0.000000, -1.596808, -0.517153, 1.000000, 0.000000, 0.000000, 0.000000, 0.078831, -0.996888, 0.000000, 0.996888, 0.078831),
      ["RightUpperArm"] = CFrame.new(0.289025, -0.498263, -0.049168, 0.583089, 0.699185, 0.413700, 0.775649, -0.327675, -0.539442, -0.241610, 0.635429, -0.733386),
      ["RightUpperLeg"] = CFrame.new(0.070869, -0.118495, -0.013313, 0.962564, -0.268972, -0.033524, 0.262726, 0.956251, -0.128685, 0.066670, 0.115060, 0.991119)
    }},
    { Time = 0.417, Data = {
      ["Balls"] = CFrame.new(0.000001, -0.000001, 0.000000, 0.834742, -0.550641, 0.000000, 0.550641, 0.834742, 0.000000, 0.000000, 0.000000, 1.000000),
      ["Cock"] = CFrame.new(0.000000, 0.000000, 0.000000, 0.948520, -0.316703, 0.003097, 0.316702, 0.948525, 0.000853, -0.003208, 0.000172, 0.999995),
      ["Head"] = CFrame.new(0.000000, 0.000000, -0.000000, 1.000000, -0.000000, 0.000000, 0.000000, 0.923949, 0.382516, -0.000000, -0.382516, 0.923949),
      ["LeftUpperArm"] = CFrame.new(0.042663, -0.575903, -0.214551, 0.933821, -0.088176, 0.346704, 0.333237, 0.566915, -0.753366, -0.130123, 0.819043, 0.558781),
      ["LeftUpperLeg"] = CFrame.new(-0.053793, -0.092931, -0.004813, 0.977098, 0.206115, 0.052874, -0.197839, 0.971451, -0.130931, -0.078351, 0.117472, 0.989981),
      ["LowerTorso"] = CFrame.new(0.000000, -1.597394, -0.517115, 1.000000, 0.000000, 0.000000, 0.000000, 0.079417, -0.996842, 0.000000, 0.996842, 0.079417),
      ["RightUpperArm"] = CFrame.new(0.288628, -0.498296, -0.048750, 0.584249, 0.697677, 0.414608, 0.774931, -0.327803, -0.540395, -0.241112, 0.637018, -0.732170),
      ["RightUpperLeg"] = CFrame.new(0.070865, -0.118482, -0.013302, 0.962573, -0.268980, -0.033201, 0.262699, 0.956112, -0.129767, 0.066649, 0.116188, 0.990988)
    }},
    { Time = 0.433, Data = {
      ["Balls"] = CFrame.new(0.000001, -0.000001, 0.000000, 0.830095, -0.557622, 0.000000, 0.557622, 0.830095, 0.000000, 0.000000, 0.000000, 1.000000),
      ["Cock"] = CFrame.new(0.000000, 0.000000, 0.000000, 0.948934, -0.315459, 0.003183, 0.315457, 0.948939, 0.000865, -0.003293, 0.000183, 0.999995),
      ["Head"] = CFrame.new(0.000000, 0.000000, 0.000000, 1.000000, -0.000000, 0.000000, 0.000000, 0.921984, 0.387229, -0.000000, -0.387229, 0.921984),
      ["LeftUpperArm"] = CFrame.new(0.043111, -0.577231, -0.213591, 0.933013, -0.086476, 0.349296, 0.335205, 0.561866, -0.756270, -0.130859, 0.822696, 0.553216),
      ["LeftUpperLeg"] = CFrame.new(-0.053791, -0.092916, -0.004813, 0.977104, 0.206133, 0.052699, -0.197811, 0.971342, -0.131775, -0.078352, 0.118334, 0.989878),
      ["LowerTorso"] = CFrame.new(0.000000, -1.597979, -0.517076, 1.000000, 0.000000, 0.000000, 0.000000, 0.080002, -0.996795, 0.000000, 0.996795, 0.080002),
      ["RightUpperArm"] = CFrame.new(0.288225, -0.498312, -0.048317, 0.585406, 0.696145, 0.415550, 0.774200, -0.327863, -0.541405, -0.240653, 0.638661, -0.730889),
      ["RightUpperLeg"] = CFrame.new(0.070872, -0.118513, -0.013283, 0.962559, -0.269070, -0.032896, 0.262762, 0.955970, -0.130680, 0.066609, 0.117144, 0.990879)
    }},
    { Time = 0.450, Data = {
      ["Balls"] = CFrame.new(0.000001, -0.000001, 0.000000, 0.825230, -0.564797, 0.000000, 0.564797, 0.825230, 0.000000, 0.000000, 0.000000, 1.000000),
      ["Cock"] = CFrame.new(0.000000, 0.000000, 0.000000, 0.949237, -0.314546, 0.003269, 0.314544, 0.949242, 0.000877, -0.003379, 0.000195, 0.999994),
      ["Head"] = CFrame.new(0.000000, 0.000000, 0.000000, 1.000000, -0.000000, 0.000000, 0.000000, 0.919890, 0.392177, -0.000000, -0.392177, 0.919890),
      ["LeftUpperArm"] = CFrame.new(0.043497, -0.578282, -0.212837, 0.932406, -0.085008, 0.351274, 0.336649, 0.557870, -0.758583, -0.131480, 0.825563, 0.548779),
      ["LeftUpperLeg"] = CFrame.new(-0.053788, -0.092904, -0.004809, 0.977110, 0.206149, 0.052532, -0.197786, 0.971244, -0.132535, -0.078344, 0.119111, 0.989785),
      ["LowerTorso"] = CFrame.new(0.000000, -1.598330, -0.517054, 1.000000, 0.000000, 0.000000, 0.000000, 0.080354, -0.996766, 0.000000, 0.996766, 0.080354),
      ["RightUpperArm"] = CFrame.new(0.287787, -0.498368, -0.047870, 0.586707, 0.694479, 0.416502, 0.773401, -0.328076, -0.542418, -0.240054, 0.640364, -0.729595),
      ["RightUpperLeg"] = CFrame.new(0.070870, -0.118504, -0.013286, 0.962563, -0.269076, -0.032716, 0.262745, 0.955883, -0.131349, 0.066616, 0.117835, 0.990796)
    }},
    { Time = 0.467, Data = {
      ["Balls"] = CFrame.new(0.000001, -0.000001, 0.000000, 0.820089, -0.572236, 0.000000, 0.572236, 0.820089, 0.000000, 0.000000, 0.000000, 1.000000),
      ["Cock"] = CFrame.new(0.000000, 0.000000, -0.000000, 0.949484, -0.313799, 0.003269, 0.313797, 0.949490, 0.000876, -0.003379, 0.000194, 0.999994),
      ["Head"] = CFrame.new(0.000000, 0.000000, 0.000000, 1.000000, -0.000000, 0.000000, 0.000000, 0.917698, 0.397278, -0.000000, -0.397278, 0.917698),
      ["LeftUpperArm"] = CFrame.new(0.043768, -0.579048, -0.212293, 0.931915, -0.083979, 0.352821, 0.337819, 0.554958, -0.760198, -0.131960, 0.827629, 0.545543),
      ["LeftUpperLeg"] = CFrame.new(-0.053794, -0.092939, -0.004795, 0.977098, 0.206242, 0.052387, -0.197856, 0.971161, -0.133040, -0.078315, 0.119628, 0.989725),
      ["LowerTorso"] = CFrame.new(0.000000, -1.598682, -0.517030, 1.000000, 0.000000, 0.000000, 0.000000, 0.080705, -0.996738, 0.000000, 0.996738, 0.080705),
      ["RightUpperArm"] = CFrame.new(0.287336, -0.498389, -0.047393, 0.588005, 0.692765, 0.417525, 0.772576, -0.328157, -0.543544, -0.239534, 0.642176, -0.728171),
      ["RightUpperLeg"] = CFrame.new(0.070868, -0.118498, -0.013278, 0.962567, -0.269080, -0.032561, 0.262733, 0.955818, -0.131847, 0.066600, 0.118357, 0.990735)
    }},
    { Time = 0.483, Data = {
      ["Balls"] = CFrame.new(0.000001, -0.000001, 0.000000, 0.814821, -0.579712, 0.000000, 0.579712, 0.814821, 0.000000, 0.000000, 0.000000, 1.000000),
      ["Cock"] = CFrame.new(0.000000, 0.000000, 0.000000, 0.949621, -0.313384, 0.003354, 0.313382, 0.949627, 0.000889, -0.003464, 0.000207, 0.999994),
      ["Head"] = CFrame.new(0.000000, -0.000000, 0.000000, 1.000000, -0.000000, 0.000000, 0.000000, 0.915442, 0.402451, -0.000000, -0.402451, 0.915442),
      ["LeftUpperArm"] = CFrame.new(0.043928, -0.579516, -0.211965, 0.931656, -0.083371, 0.353646, 0.338450, 0.553182, -0.761211, -0.132168, 0.828878, 0.543592),
      ["LeftUpperLeg"] = CFrame.new(-0.053794, -0.092932, -0.004812, 0.977098, 0.206251, 0.052351, -0.197842, 0.971117, -0.133381, -0.078349, 0.119969, 0.989681),
      ["LowerTorso"] = CFrame.new(0.000000, -1.598916, -0.517013, 1.000000, 0.000000, 0.000000, 0.000000, 0.080939, -0.996719, 0.000000, 0.996719, 0.080939),
      ["RightUpperArm"] = CFrame.new(0.286875, -0.498409, -0.046908, 0.589290, 0.691013, 0.418615, 0.771780, -0.328232, -0.544628, -0.238942, 0.644023, -0.726734),
      ["RightUpperLeg"] = CFrame.new(0.070868, -0.118493, -0.013301, 0.962567, -0.269085, -0.032514, 0.262721, 0.955774, -0.132187, 0.066645, 0.118697, 0.990691)
    }},
    { Time = 0.500, Data = {
      ["Balls"] = CFrame.new(0.000001, -0.000001, 0.000000, 0.809371, -0.587298, 0.000000, 0.587298, 0.809371, 0.000000, 0.000000, 0.000000, 1.000000),
      ["Cock"] = CFrame.new(0.000000, 0.000000, 0.000000, 0.949648, -0.313300, 0.003354, 0.313299, 0.949654, 0.000889, -0.003464, 0.000207, 0.999994),
      ["Head"] = CFrame.new(0.000000, 0.000000, -0.000000, 1.000000, -0.000000, 0.000000, 0.000000, 0.913118, 0.407694, -0.000000, -0.407694, 0.913118),
      ["LeftUpperArm"] = CFrame.new(0.043984, -0.579666, -0.211859, 0.931539, -0.083157, 0.354006, 0.338720, 0.552609, -0.761506, -0.132302, 0.829282, 0.542944),
      ["LeftUpperLeg"] = CFrame.new(-0.053793, -0.092930, -0.004816, 0.977098, 0.206253, 0.052342, -0.197839, 0.971106, -0.133467, -0.078358, 0.120055, 0.989670),
