return {
  ["Astros 69 m"] = {
    { Time = 0.000, Data = {
      ["Balls"] = CFrame.new(-0.000001, 0.000001, 0.000000, 0.990270, 0.139157, 0.000000, -0.139157, 0.990270, -0.000000, -0.000000, 0.000000, 1.000000),
      ["Cock"] = CFrame.new(-0.000538, 0.000320, 0.000000, 0.990270, 0.139157, 0.000000, -0.139157, 0.990270, -0.000000, -0.000000, 0.000000, 1.000000),
      ["Head"] = CFrame.new(0.000000, -0.000000, 0.000000, 0.997831, 0.000021, -0.065821, 0.035613, 0.840813, 0.540154, 0.055355, -0.541326, 0.838989),
      ["LeftUpperArm"] = CFrame.new(-0.015027, -0.361231, 0.092233, 0.916326, -0.356840, 0.181691, -0.047216, -0.546854, -0.835896, 0.397639, 0.757374, -0.517945),
      ["LeftUpperLeg"] = CFrame.new(-0.132843, 0.443031, -0.206008, 0.945494, 0.205551, 0.252566, -0.212435, 0.977175, -0.000011, -0.246804, -0.053643, 0.967580),
      ["LowerTorso"] = CFrame.new(0.000000, -1.933496, 2.008155, 1.000000, 0.000000, 0.000000, 0.000000, 0.260755, -0.965405, 0.000000, 0.965405, 0.260755),
      ["RightUpperArm"] = CFrame.new(0.074813, -0.372061, 0.148233, 0.938627, 0.337454, -0.071440, 0.142469, -0.567898, -0.810675, -0.314137, 0.750744, -0.581121),
      ["RightUpperLeg"] = CFrame.new(0.303781, 0.432482, -0.203341, 0.935018, -0.130868, -0.329568, 0.138611, 0.990347, -0.000002, 0.326387, -0.045680, 0.944132),
      ["Tip"] = CFrame.new(-0.010003, -0.017015, 0.026999, 1.000000, -0.000000, 0.000000, 0.000000, 0.999392, 0.034869, -0.000000, -0.034869, 0.999392),
      ["cuumer"] = CFrame.new(0.000084, -0.020018, 0.020529, 1.000000, 0.000000, 0.000000, 0.000000, 1.000000, 0.000000, 0.000000, 0.000000, 1.000000),
      ["rings"] = CFrame.new(0.000068, 0.000254, -0.000993, 0.999996, -0.002570, 0.001167, 0.002609, 0.999392, -0.034781, -0.001077, 0.034784, 0.999394),
      ["x_C3"] = CFrame.new(0.051427, -0.143886, 0.050405, 0.997354, 0.022802, -0.069029, -0.000024, 0.949642, 0.313337, 0.072697, -0.312506, 0.947130)
    }},
    { Time = 0.017, Data = {
      ["Head"] = CFrame.new(-0.000000, -0.000000, 0.000000, 0.997831, 0.000021, -0.065821, 0.035613, 0.840813, 0.540154, 0.055355, -0.541326, 0.838989),
      ["LeftUpperArm"] = CFrame.new(-0.015027, -0.361231, 0.092233, 0.916326, -0.356840, 0.181691, -0.047216, -0.546854, -0.835896, 0.397639, 0.757374, -0.517945),
      ["LeftUpperLeg"] = CFrame.new(-0.132843, 0.443031, -0.206008, 0.945494, 0.205551, 0.252566, -0.212435, 0.977175, -0.000011, -0.246804, -0.053643, 0.967580),
      ["LowerTorso"] = CFrame.new(0.000000, -1.933496, 2.008156, 1.000000, 0.000000, 0.000000, 0.000000, 0.260755, -0.965405, 0.000000, 0.965405, 0.260755),
      ["RightUpperArm"] = CFrame.new(0.074813, -0.372061, 0.148233, 0.938627, 0.337454, -0.071440, 0.142469, -0.567898, -0.810675, -0.314137, 0.750744, -0.581121),
      ["RightUpperLeg"] = CFrame.new(0.303781, 0.432482, -0.203341, 0.935018, -0.130868, -0.329568, 0.138611, 0.990347, -0.000002, 0.326387, -0.045680, 0.944132),
      ["x_C3"] = CFrame.new(0.051427, -0.143885, 0.050404, 0.997354, 0.022802, -0.069029, -0.000024, 0.949642, 0.313337, 0.072697, -0.312506, 0.947130)
    }},
    { Time = 0.033, Data = {
      ["Head"] = CFrame.new(0.000000, 0.000000, -0.000000, 0.997831, 0.000018, -0.065821, 0.035610, 0.840861, 0.540078, 0.055356, -0.541251, 0.839037),
      ["LeftUpperArm"] = CFrame.new(-0.015027, -0.361231, 0.092233, 0.916326, -0.356840, 0.181691, -0.047216, -0.546854, -0.835896, 0.397639, 0.757374, -0.517945),
      ["LeftUpperLeg"] = CFrame.new(-0.132843, 0.443031, -0.206008, 0.945494, 0.205551, 0.252566, -0.212435, 0.977175, -0.000011, -0.246804, -0.053643, 0.967580),
      ["LowerTorso"] = CFrame.new(0.000000, -1.933496, 2.008155, 1.000000, 0.000000, 0.000000, 0.000000, 0.260755, -0.965405, 0.000000, 0.965405, 0.260755),
      ["RightUpperArm"] = CFrame.new(0.074813, -0.372061, 0.148233, 0.938627, 0.337454, -0.071440, 0.142469, -0.567898, -0.810675, -0.314137, 0.750744, -0.581121),
      ["RightUpperLeg"] = CFrame.new(0.303781, 0.432482, -0.203341, 0.935018, -0.130868, -0.329568, 0.138611, 0.990347, -0.000002, 0.326387, -0.045680, 0.944132),
      ["x_C3"] = CFrame.new(0.051427, -0.143874, 0.050401, 0.997354, 0.022802, -0.069029, -0.000024, 0.949642, 0.313337, 0.072697, -0.312506, 0.947130)
    }},
    { Time = 0.050, Data = {
      ["Head"] = CFrame.new(-0.000000, 0.000000, -0.000000, 0.997831, 0.000018, -0.065821, 0.035610, 0.840861, 0.540078, 0.055356, -0.541251, 0.839037),
      ["LeftUpperArm"] = CFrame.new(-0.015027, -0.361231, 0.092232, 0.916326, -0.356840, 0.181691, -0.047216, -0.546854, -0.835896, 0.397639, 0.757374, -0.517945),
      ["LeftUpperLeg"] = CFrame.new(-0.132843, 0.443026, -0.206003, 0.945494, 0.205540, 0.252575, -0.212446, 0.977173, 0.000074, -0.246794, -0.053728, 0.967577),
      ["LowerTorso"] = CFrame.new(0.000000, -1.933497, 2.008155, 1.000000, 0.000000, 0.000000, 0.000000, 0.260755, -0.965405, 0.000000, 0.965405, 0.260755),
      ["RightUpperArm"] = CFrame.new(0.074813, -0.372061, 0.148233, 0.938627, 0.337454, -0.071440, 0.142469, -0.567898, -0.810675, -0.314137, 0.750744, -0.581121),
      ["RightUpperLeg"] = CFrame.new(0.303781, 0.432482, -0.203341, 0.935018, -0.130868, -0.329568, 0.138611, 0.990347, -0.000002, 0.326387, -0.045680, 0.944132),
      ["x_C3"] = CFrame.new(0.051428, -0.143844, 0.050392, 0.997354, 0.022802, -0.069029, -0.000024, 0.949642, 0.313337, 0.072697, -0.312506, 0.947130)
    }},
    { Time = 0.067, Data = {
      ["Head"] = CFrame.new(-0.000000, -0.000000, -0.000000, 0.997831, 0.000013, -0.065821, 0.035605, 0.840959, 0.539927, 0.055360, -0.541099, 0.839135),
      ["LeftUpperArm"] = CFrame.new(-0.015027, -0.361231, 0.092233, 0.916326, -0.356840, 0.181691, -0.047216, -0.546854, -0.835896, 0.397639, 0.757374, -0.517945),
      ["LeftUpperLeg"] = CFrame.new(-0.132843, 0.443026, -0.206003, 0.945494, 0.205540, 0.252575, -0.212446, 0.977173, 0.000074, -0.246794, -0.053728, 0.967577),
      ["LowerTorso"] = CFrame.new(0.000000, -1.933394, 2.008126, 1.000000, 0.000000, 0.000000, 0.000000, 0.260650, -0.965433, 0.000000, 0.965433, 0.260650),
      ["RightUpperArm"] = CFrame.new(0.074815, -0.372041, 0.148248, 0.938627, 0.337458, -0.071424, 0.142453, -0.567821, -0.810732, -0.314144, 0.750800, -0.581045),
      ["RightUpperLeg"] = CFrame.new(0.303781, 0.432475, -0.203338, 0.935018, -0.130854, -0.329573, 0.138626, 0.990345, 0.000083, 0.326380, -0.045765, 0.944130),
      ["x_C3"] = CFrame.new(0.051429, -0.143787, 0.050376, 0.997354, 0.022799, -0.069030, -0.000027, 0.949669, 0.313254, 0.072697, -0.312423, 0.947157)
    }},
    { Time = 0.083, Data = {
      ["Head"] = CFrame.new(0.000000, 0.000000, 0.000000, 0.997831, 0.000004, -0.065821, 0.035598, 0.841105, 0.539700, 0.055364, -0.540872, 0.839280),
      ["LeftUpperArm"] = CFrame.new(-0.015029, -0.361210, 0.092246, 0.916326, -0.356849, 0.181673, -0.047196, -0.546774, -0.835949, 0.397642, 0.757428, -0.517865),
      ["LeftUpperLeg"] = CFrame.new(-0.132843, 0.443021, -0.205998, 0.945494, 0.205529, 0.252584, -0.212457, 0.977170, 0.000159, -0.246785, -0.053813, 0.967575),
      ["LowerTorso"] = CFrame.new(0.000000, -1.933398, 2.008126, 1.000000, 0.000000, 0.000000, 0.000000, 0.260650, -0.965433, 0.000000, 0.965433, 0.260650),
      ["RightUpperArm"] = CFrame.new(0.074815, -0.372020, 0.148262, 0.938627, 0.337462, -0.071407, 0.142438, -0.567744, -0.810788, -0.314151, 0.750857, -0.580968),
      ["RightUpperLeg"] = CFrame.new(0.303786, 0.432426, -0.203333, 0.935006, -0.130924, -0.329579, 0.138724, 0.990331, 0.000153, 0.326372, -0.045864, 0.944128),
      ["x_C3"] = CFrame.new(0.051431, -0.143692, 0.050348, 0.997354, 0.022796, -0.069031, -0.000031, 0.949697, 0.313171, 0.072697, -0.312340, 0.947185)
    }},
    { Time = 0.100, Data = {
      ["Head"] = CFrame.new(0.000000, -0.000000, 0.000000, 0.997831, -0.000008, -0.065821, 0.035588, 0.841299, 0.539397, 0.055371, -0.540570, 0.839475),
      ["LeftUpperArm"] = CFrame.new(-0.015044, -0.361163, 0.092274, 0.916335, -0.356903, 0.181524, -0.047271, -0.546595, -0.836062, 0.397613, 0.757532, -0.517735),
      ["LeftUpperLeg"] = CFrame.new(-0.132854, 0.443015, -0.206036, 0.945472, 0.205515, 0.252677, -0.212468, 0.977168, 0.000235, -0.246860, -0.053907, 0.967551),
      ["LowerTorso"] = CFrame.new(0.000000, -1.933298, 2.008097, 1.000000, 0.000000, 0.000000, 0.000000, 0.260545, -0.965462, 0.000000, 0.965462, 0.260545),
      ["RightUpperArm"] = CFrame.new(0.074816, -0.372001, 0.148278, 0.938627, 0.337465, -0.071390, 0.142422, -0.567668, -0.810845, -0.314158, 0.750913, -0.580891),
      ["RightUpperLeg"] = CFrame.new(0.303787, 0.432418, -0.203330, 0.935006, -0.130909, -0.329585, 0.138739, 0.990329, 0.000238, 0.326366, -0.045949, 0.944126),
      ["x_C3"] = CFrame.new(0.051434, -0.143550, 0.050307, 0.997354, 0.022793, -0.069032, -0.000034, 0.949724, 0.313088, 0.072697, -0.312257, 0.947212)
    }},
    { Time = 0.117, Data = {
      ["Head"] = CFrame.new(0.000000, -0.000000, -0.000000, 0.997830, -0.000106, -0.065845, 0.035658, 0.841540, 0.539016, 0.055355, -0.540194, 0.839718),
      ["LeftUpperArm"] = CFrame.new(-0.015049, -0.361121, 0.092302, 0.916335, -0.356921, 0.181488, -0.047231, -0.546435, -0.836168, 0.397617, 0.757638, -0.517576),
      ["LeftUpperLeg"] = CFrame.new(-0.132863, 0.442962, -0.206025, 0.945454, 0.205577, 0.252695, -0.212573, 0.977145, 0.000394, -0.246839, -0.054088, 0.967546),
      ["LowerTorso"] = CFrame.new(0.000000, -1.933201, 2.008068, 1.000000, 0.000000, 0.000000, 0.000000, 0.260440, -0.965490, 0.000000, 0.965490, 0.260440),
      ["RightUpperArm"] = CFrame.new(0.074808, -0.371960, 0.148312, 0.938646, 0.337435, -0.071283, 0.142431, -0.567514, -0.810951, -0.314097, 0.751043, -0.580757),
      ["RightUpperLeg"] = CFrame.new(0.303801, 0.432404, -0.203366, 0.934977, -0.130878, -0.329679, 0.138767, 0.990325, 0.000402, 0.326437, -0.046124, 0.944093),
      ["x_C3"] = CFrame.new(0.051438, -0.143352, 0.050249, 0.997354, 0.022790, -0.069033, -0.000037, 0.949751, 0.313005, 0.072697, -0.312174, 0.947239)
    }},
    { Time = 0.133, Data = {
      ["Head"] = CFrame.new(-0.000000, 0.000000, 0.000000, 0.997835, -0.000151, -0.065763, 0.035616, 0.841880, 0.538488, 0.055283, -0.539664, 0.840063),
      ["LeftUpperArm"] = CFrame.new(-0.015072, -0.361073, 0.092325, 0.916315, -0.357012, 0.181411, -0.047264, -0.546256, -0.836284, 0.397660, 0.757725, -0.517416),
      ["LeftUpperLeg"] = CFrame.new(-0.132863, 0.442951, -0.206016, 0.945454, 0.205555, 0.252713, -0.212595, 0.977140, 0.000564, -0.246820, -0.054259, 0.967541),
      ["LowerTorso"] = CFrame.new(0.000000, -1.933104, 2.008037, 1.000000, 0.000000, 0.000000, 0.000000, 0.260335, -0.965518, 0.000000, 0.965518, 0.260335),
      ["RightUpperArm"] = CFrame.new(0.074830, -0.371893, 0.148352, 0.938622, 0.337520, -0.071193, 0.142459, -0.567261, -0.811123, -0.314155, 0.751196, -0.580526),
      ["RightUpperLeg"] = CFrame.new(0.303801, 0.432390, -0.203359, 0.934977, -0.130849, -0.329690, 0.138796, 0.990321, 0.000571, 0.326424, -0.046294, 0.944089),
      ["x_C3"] = CFrame.new(0.051444, -0.143089, 0.050172, 0.997355, 0.022695, -0.069049, 0.000039, 0.949834, 0.312753, 0.072684, -0.311929, 0.947321)
    }},
    { Time = 0.150, Data = {
      ["Head"] = CFrame.new(0.000000, 0.000000, 0.000000, 0.997835, -0.000180, -0.065763, 0.035592, 0.842365, 0.537731, 0.055299, -0.538907, 0.840548),
      ["LeftUpperArm"] = CFrame.new(-0.015070, -0.361010, 0.092371, 0.916344, -0.357001, 0.181285, -0.047247, -0.546017, -0.836441, 0.397595, 0.757903, -0.517206),
      ["LeftUpperLeg"] = CFrame.new(-0.132863, 0.442935, -0.206002, 0.945454, 0.205522, 0.252740, -0.212627, 0.977133, 0.000819, -0.246792, -0.054514, 0.967534),
      ["LowerTorso"] = CFrame.new(0.000000, -1.932905, 2.007979, 1.000000, 0.000000, 0.000000, 0.000000, 0.260125, -0.965575, 0.000000, 0.965575, 0.260125),
      ["RightUpperArm"] = CFrame.new(0.074825, -0.371813, 0.148416, 0.938641, 0.337497, -0.071052, 0.142437, -0.566954, -0.811342, -0.314108, 0.751439, -0.580239),
      ["RightUpperLeg"] = CFrame.new(0.303807, 0.432326, -0.203349, 0.934966, -0.130890, -0.329708, 0.138924, 0.990303, 0.000812, 0.326404, -0.046563, 0.944083),
      ["x_C3"] = CFrame.new(0.051451, -0.142751, 0.050074, 0.997355, 0.022686, -0.069052, 0.000029, 0.949916, 0.312504, 0.072684, -0.311680, 0.947403)
    }},
    { Time = 0.167, Data = {
      ["Head"] = CFrame.new(0.000000, -0.000000, -0.000000, 0.997834, -0.000299, -0.065787, 0.035645, 0.842944, 0.536819, 0.055294, -0.538001, 0.841129),
      ["LeftUpperArm"] = CFrame.new(-0.015098, -0.360921, 0.092422, 0.916323, -0.357111, 0.181172, -0.047240, -0.545678, -0.836663, 0.397643, 0.758095, -0.516887),
      ["LeftUpperLeg"] = CFrame.new(-0.132874, 0.442914, -0.206025, 0.945432, 0.205475, 0.252860, -0.212671, 0.977123, 0.001150, -0.246839, -0.054863, 0.967502),
      ["LowerTorso"] = CFrame.new(0.000000, -1.932710, 2.007920, 1.000000, 0.000000, 0.000000, 0.000000, 0.259915, -0.965632, 0.000000, 0.965632, 0.259915),
      ["RightUpperArm"] = CFrame.new(0.074848, -0.371726, 0.148471, 0.938618, 0.337585, -0.070946, 0.142450, -0.566623, -0.811571, -0.314173, 0.751649, -0.579931),
      ["RightUpperLeg"] = CFrame.new(0.303813, 0.432263, -0.203339, 0.934954, -0.130932, -0.329725, 0.139051, 0.990285, 0.001052, 0.326384, -0.046832, 0.944076),
      ["x_C3"] = CFrame.new(0.051460, -0.142328, 0.049951, 0.997355, 0.022677, -0.069055, 0.000020, 0.949998, 0.312255, 0.072684, -0.311431, 0.947485)
    }},
    { Time = 0.183, Data = {
      ["Head"] = CFrame.new(0.000000, -0.000000, 0.000000, 0.997834, -0.000340, -0.065786, 0.035610, 0.843620, 0.535758, 0.055317, -0.536940, 0.841805),
      ["LeftUpperArm"] = CFrame.new(-0.015120, -0.360811, 0.092492, 0.916332, -0.357191, 0.180969, -0.047256, -0.545258, -0.836935, 0.397621, 0.758359, -0.516517),
      ["LeftUpperLeg"] = CFrame.new(-0.132874, 0.442892, -0.206007, 0.945432, 0.205431, 0.252896, -0.212714, 0.977113, 0.001491, -0.246801, -0.055204, 0.967492),
      ["LowerTorso"] = CFrame.new(0.000000, -1.932413, 2.007832, 1.000000, 0.000000, 0.000000, 0.000000, 0.259600, -0.965716, 0.000000, 0.965716, 0.259600),
      ["RightUpperArm"] = CFrame.new(0.074843, -0.371604, 0.148564, 0.938637, 0.337569, -0.070772, 0.142397, -0.566162, -0.811902, -0.314141, 0.752003, -0.579489),
      ["RightUpperLeg"] = CFrame.new(0.303813, 0.432234, -0.203327, 0.934954, -0.130874, -0.329748, 0.139108, 0.990276, 0.001391, 0.326359, -0.047171, 0.944068),
      ["x_C3"] = CFrame.new(0.051471, -0.141813, 0.049801, 0.997355, 0.022662, -0.069060, 0.000004, 0.950135, 0.311840, 0.072684, -0.311016, 0.947621)
    }},
    { Time = 0.200, Data = {
      ["Head"] = CFrame.new(0.000000, -0.000000, 0.000000, 0.997832, -0.000473, -0.065810, 0.035650, 0.844438, 0.534466, 0.055320, -0.535653, 0.842624),
      ["LeftUpperArm"] = CFrame.new(-0.015143, -0.360680, 0.092575, 0.916341, -0.357281, 0.180748, -0.047251, -0.544759, -0.837261, 0.397601, 0.758675, -0.516067),
      ["LeftUpperLeg"] = CFrame.new(-0.132894, 0.442818, -0.206019, 0.945392, 0.205446, 0.253033, -0.212863, 0.977080, 0.001981, -0.246827, -0.055734, 0.967456),
      ["LowerTorso"] = CFrame.new(0.000000, -1.932119, 2.007743, 1.000000, 0.000000, 0.000000, 0.000000, 0.259285, -0.965801, 0.000000, 0.965801, 0.259285),
      ["RightUpperArm"] = CFrame.new(0.074859, -0.371477, 0.148653, 0.938632, 0.337626, -0.070557, 0.142418, -0.565677, -0.812236, -0.314145, 0.752342, -0.579046),
      ["RightUpperLeg"] = CFrame.new(0.303833, 0.432148, -0.203349, 0.934913, -0.130869, -0.329865, 0.139279, 0.990251, 0.001880, 0.326403, -0.047701, 0.944026),
      ["x_C3"] = CFrame.new(0.051484, -0.141194, 0.049621, 0.997355, 0.022647, -0.069065, -0.000012, 0.950271, 0.311425, 0.072684, -0.310601, 0.947757)
    }},
    { Time = 0.217, Data = {
      ["Head"] = CFrame.new(0.000000, -0.000000, 0.000000, 0.997832, -0.000535, -0.065810, 0.035598, 0.845447, 0.532872, 0.055353, -0.534059, 0.843633),
      ["LeftUpperArm"] = CFrame.new(-0.015169, -0.360527, 0.092672, 0.916350, -0.357379, 0.180510, -0.047227, -0.544180, -0.837638, 0.397584, 0.759045, -0.515537),
      ["LeftUpperLeg"] = CFrame.new(-0.132894, 0.442785, -0.205991, 0.945392, 0.205380, 0.253087, -0.212928, 0.977065, 0.002492, -0.246771, -0.056245, 0.967440),
      ["LowerTorso"] = CFrame.new(0.000000, -1.931830, 2.007655, 1.000000, 0.000000, 0.000000, 0.000000, 0.258969, -0.965886, 0.000000, 0.965886, 0.258969),
      ["RightUpperArm"] = CFrame.new(0.074876, -0.371309, 0.148772, 0.938627, 0.337691, -0.070310, 0.142408, -0.565038, -0.812683, -0.314163, 0.752793, -0.578450),
      ["RightUpperLeg"] = CFrame.new(0.303839, 0.432063, -0.203329, 0.934901, -0.130867, -0.329899, 0.139449, 0.990226, 0.002375, 0.326364, -0.048224, 0.944013),
      ["x_C3"] = CFrame.new(0.051499, -0.140463, 0.049408, 0.997355, 0.022629, -0.069071, -0.000031, 0.950434, 0.310927, 0.072684, -0.310103, 0.947921)
    }},
    { Time = 0.233, Data = {
      ["Head"] = CFrame.new(-0.000000, 0.000000, 0.000000, 0.997830, -0.000686, -0.065833, 0.035624, 0.846546, 0.531122, 0.055366, -0.532314, 0.844734),
      ["LeftUpperArm"] = CFrame.new(-0.015217, -0.360349, 0.092778, 0.916338, -0.357559, 0.180211, -0.047256, -0.543500, -0.838078, 0.397607, 0.759447, -0.514926),
      ["LeftUpperLeg"] = CFrame.new(-0.132914, 0.442700, -0.205995, 0.945352, 0.205373, 0.253243, -0.213098, 0.977026, 0.003152, -0.246777, -0.056946, 0.967398),
      ["LowerTorso"] = CFrame.new(0.000000, -1.931333, 2.007508, 1.000000, 0.000000, 0.000000, 0.000000, 0.258444, -0.966026, 0.000000, 0.966026, 0.258444),
      ["RightUpperArm"] = CFrame.new(0.074884, -0.371120, 0.148910, 0.938641, 0.337722, -0.069972, 0.142423, -0.564321, -0.813178, -0.314114, 0.753317, -0.577794),
      ["RightUpperLeg"] = CFrame.new(0.303851, 0.431929, -0.203306, 0.934877, -0.130934, -0.329940, 0.139718, 0.990187, 0.002940, 0.326317, -0.048847, 0.943997),
      ["x_C3"] = CFrame.new(0.051518, -0.139611, 0.049160, 0.997356, 0.022523, -0.069092, 0.000032, 0.950625, 0.310343, 0.072670, -0.309525, 0.948111)
    }},
    { Time = 0.250, Data = {
      ["Head"] = CFrame.new(0.000000, 0.000000, -0.000000, 0.997834, -0.000876, -0.065773, 0.035613, 0.847880, 0.528991, 0.055304, -0.530187, 0.846075),
      ["LeftUpperArm"] = CFrame.new(-0.015268, -0.360128, 0.092911, 0.916326, -0.357758, 0.179877, -0.047245, -0.542660, -0.838623, 0.397636, 0.759954, -0.514156),
      ["LeftUpperLeg"] = CFrame.new(-0.132925, 0.442651, -0.205995, 0.945330, 0.205271, 0.253408, -0.213196, 0.977002, 0.003909, -0.246777, -0.057721, 0.967352),
      ["LowerTorso"] = CFrame.new(0.000000, -1.930947, 2.007390, 1.000000, 0.000000, 0.000000, 0.000000, 0.258023, -0.966139, 0.000000, 0.966139, 0.258023),
      ["RightUpperArm"] = CFrame.new(0.074922, -0.370905, 0.149053, 0.938613, 0.337867, -0.069651, 0.142456, -0.563503, -0.813739, -0.314184, 0.753864, -0.577043),
      ["RightUpperLeg"] = CFrame.new(0.303871, 0.431829, -0.203321, 0.934837, -0.130901, -0.330068, 0.139918, 0.990157, 0.003599, 0.326348, -0.049546, 0.943950),
      ["x_C3"] = CFrame.new(0.051538, -0.138628, 0.048874, 0.997356, 0.022499, -0.069100, 0.000006, 0.950841, 0.309679, 0.072670, -0.308860, 0.948327)
    }},
    { Time = 0.267, Data = {
      ["Head"] = CFrame.new(0.000000, -0.000000, 0.000000, 0.997833, -0.001050, -0.065795, 0.035619, 0.849350, 0.526627, 0.055330, -0.527829, 0.847547),
      ["LeftUpperArm"] = CFrame.new(-0.015323, -0.359885, 0.093058, 0.916315, -0.357965, 0.179524, -0.047214, -0.541738, -0.839220, 0.397666, 0.760514, -0.513304),
      ["LeftUpperLeg"] = CFrame.new(-0.132945, 0.442561, -0.205993, 0.945290, 0.205252, 0.253572, -0.213377, 0.976959, 0.004654, -0.246774, -0.058506, 0.967305),
      ["LowerTorso"] = CFrame.new(0.000000, -1.930355, 2.007214, 1.000000, 0.000000, 0.000000, 0.000000, 0.257392, -0.966307, 0.000000, 0.966307, 0.257392),
      ["RightUpperArm"] = CFrame.new(0.074933, -0.370655, 0.149235, 0.938627, 0.337908, -0.069262, 0.142425, -0.562553, -0.814401, -0.314156, 0.754554, -0.576154),
      ["RightUpperLeg"] = CFrame.new(0.303883, 0.431673, -0.203289, 0.934813, -0.130925, -0.330126, 0.140230, 0.990109, 0.004418, 0.326282, -0.050424, 0.943926),
      ["x_C3"] = CFrame.new(0.051562, -0.137505, 0.048546, 0.997356, 0.022468, -0.069109, -0.000026, 0.951111, 0.308848, 0.072670, -0.308030, 0.948597)
    }},
    { Time = 0.283, Data = {
      ["Head"] = CFrame.new(0.000000, -0.000000, 0.000000, 0.997831, -0.001237, -0.065817, 0.035615, 0.851001, 0.523955, 0.055362, -0.525162, 0.849199),
      ["LeftUpperArm"] = CFrame.new(-0.015370, -0.359622, 0.093224, 0.916332, -0.358142, 0.179081, -0.047205, -0.540736, -0.839867, 0.397627, 0.761143, -0.512399),
      ["LeftUpperLeg"] = CFrame.new(-0.132965, 0.442454, -0.205978, 0.945249, 0.205201, 0.253764, -0.213591, 0.976907, 0.005655, -0.246743, -0.059547, 0.967250),
      ["LowerTorso"] = CFrame.new(0.000000, -1.929767, 2.007038, 1.000000, 0.000000, 0.000000, 0.000000, 0.256761, -0.966475, 0.000000, 0.966475, 0.256761),
      ["RightUpperArm"] = CFrame.new(0.074964, -0.370359, 0.149442, 0.938618, 0.338029, -0.068800, 0.142436, -0.561424, -0.815178, -0.314179, 0.755341, -0.575110),
      ["RightUpperLeg"] = CFrame.new(0.303909, 0.431517, -0.203297, 0.934760, -0.130947, -0.330267, 0.140542, 0.990061, 0.005232, 0.326299, -0.051307, 0.943873),
      ["x_C3"] = CFrame.new(0.051589, -0.136232, 0.048176, 0.997357, 0.022350, -0.069134, 0.000025, 0.951409, 0.307931, 0.072657, -0.307119, 0.948894)
    }},
    { Time = 0.300, Data = {
      ["Head"] = CFrame.new(0.000000, 0.000000, 0.000000, 0.997835, -0.001461, -0.065755, 0.035575, 0.852877, 0.520898, 0.055320, -0.522109, 0.851083),
      ["LeftUpperArm"] = CFrame.new(-0.015438, -0.359331, 0.093398, 0.916329, -0.358401, 0.178579, -0.047249, -0.539631, -0.840575, 0.397630, 0.761805, -0.511414),
      ["LeftUpperLeg"] = CFrame.new(-0.132976, 0.442389, -0.205963, 0.945228, 0.205065, 0.253956, -0.213721, 0.976872, 0.006667, -0.246715, -0.060577, 0.967193),
      ["LowerTorso"] = CFrame.new(0.000000, -1.928975, 2.006806, 1.000000, 0.000000, 0.000000, 0.000000, 0.255919, -0.966698, 0.000000, 0.966698, 0.255919),
      ["RightUpperArm"] = CFrame.new(0.074987, -0.370041, 0.149667, 0.938627, 0.338115, -0.068247, 0.142473, -0.560217, -0.816002, -0.314136, 0.756198, -0.574007),
      ["RightUpperLeg"] = CFrame.new(0.303936, 0.431346, -0.203299, 0.934708, -0.130940, -0.330418, 0.140883, 0.990007, 0.006215, 0.326303, -0.052360, 0.943814),
      ["x_C3"] = CFrame.new(0.051620, -0.134800, 0.047759, 0.997357, 0.022314, -0.069145, -0.000013, 0.951731, 0.306934, 0.072657, -0.306122, 0.949216)
    }},
    { Time = 0.317, Data = {
      ["Head"] = CFrame.new(0.000000, -0.000000, -0.000000, 0.997831, -0.001760, -0.065799, 0.035630, 0.854972, 0.517449, 0.055345, -0.518671, 0.853181),
      ["LeftUpperArm"] = CFrame.new(-0.015513, -0.358977, 0.093613, 0.916325, -0.358687, 0.178022, -0.047234, -0.538285, -0.841439, 0.397639, 0.762623, -0.510186),
      ["LeftUpperLeg"] = CFrame.new(-0.133007, 0.442271, -0.205980, 0.945165, 0.204988, 0.254249, -0.213957, 0.976812, 0.007828, -0.246749, -0.061797, 0.967107),
      ["LowerTorso"] = CFrame.new(0.000000, -1.928187, 2.006574, 1.000000, 0.000000, 0.000000, 0.000000, 0.255076, -0.966921, 0.000000, 0.966921, 0.255076),
      ["RightUpperArm"] = CFrame.new(0.075021, -0.369682, 0.149918, 0.938617, 0.338245, -0.067734, 0.142437, -0.558852, -0.816943, -0.314180, 0.757149, -0.572727),
      ["RightUpperLeg"] = CFrame.new(0.303948, 0.431162, -0.203253, 0.934684, -0.130905, -0.330499, 0.141253, 0.989946, 0.007374, 0.326211, -0.053577, 0.943777),
      ["x_C3"] = CFrame.new(0.051654, -0.133200, 0.047293, 0.997352, 0.022202, -0.069257, 0.000044, 0.952080, 0.305850, 0.072728, -0.305043, 0.949557)
    }},
    { Time = 0.333, Data = {
      ["Head"] = CFrame.new(-0.000000, 0.000000, 0.000000, 0.997833, -0.002097, -0.065757, 0.035649, 0.857283, 0.513611, 0.055296, -0.514842, 0.855500),
      ["LeftUpperArm"] = CFrame.new(-0.015590, -0.358601, 0.093842, 0.916322, -0.358980, 0.177446, -0.047198, -0.536855, -0.842353, 0.397651, 0.763492, -0.508876),
      ["LeftUpperLeg"] = CFrame.new(-0.133028, 0.442142, -0.205946, 0.945125, 0.204891, 0.254477, -0.214214, 0.976744, 0.009169, -0.246680, -0.063178, 0.967035),
      ["LowerTorso"] = CFrame.new(0.000000, -1.927407, 2.006341, 1.000000, 0.000000, 0.000000, 0.000000, 0.254233, -0.967143, 0.000000, 0.967143, 0.254233),
      ["RightUpperArm"] = CFrame.new(0.075047, -0.369282, 0.150201, 0.938626, 0.338344, -0.067113, 0.142412, -0.557330, -0.817987, -0.314165, 0.758226, -0.571308),
      ["RightUpperLeg"] = CFrame.new(0.303980, 0.430927, -0.203244, 0.934619, -0.130939, -0.330669, 0.141721, 0.989869, 0.008598, 0.326193, -0.054898, 0.943708),
      ["x_C3"] = CFrame.new(0.051691, -0.131422, 0.046775, 0.997352, 0.022154, -0.069272, -0.000007, 0.952506, 0.304520, 0.072728, -0.303713, 0.949984)
    }},
    { Time = 0.350, Data = {
      ["Head"] = CFrame.new(0.000000, -0.000000, 0.000000, 0.997832, -0.002342, -0.065775, 0.035596, 0.859804, 0.509381, 0.055360, -0.510618, 0.858023),
      ["LeftUpperArm"] = CFrame.new(-0.015679, -0.358198, 0.094083, 0.916327, -0.359317, 0.176738, -0.047257, -0.535323, -0.843324, 0.397633, 0.764409, -0.507511),
      ["LeftUpperLeg"] = CFrame.new(-0.133059, 0.442008, -0.205948, 0.945063, 0.204780, 0.254797, -0.214483, 0.976670, 0.010586, -0.246685, -0.064654, 0.966937),
      ["LowerTorso"] = CFrame.new(0.000000, -1.926420, 2.006052, 1.000000, 0.000000, 0.000000, 0.000000, 0.253178, -0.967420, 0.000000, 0.967420, 0.253178),
      ["RightUpperArm"] = CFrame.new(0.075083, -0.368854, 0.150498, 0.938630, 0.338481, -0.066361, 0.142484, -0.555703, -0.819080, -0.314120, 0.759358, -0.569828),
      ["RightUpperLeg"] = CFrame.new(0.304006, 0.430728, -0.203233, 0.934566, -0.130873, -0.330844, 0.142120, 0.989800, 0.009920, 0.326171, -0.056291, 0.943633),
      ["x_C3"] = CFrame.new(0.051733, -0.129457, 0.046203, 0.997353, 0.022020, -0.069301, 0.000027, 0.952931, 0.303186, 0.072715, -0.302385, 0.950408)
    }},
    { Time = 0.367, Data = {
      ["Head"] = CFrame.new(-0.000000, 0.000000, -0.000000, 0.997834, -0.002708, -0.065730, 0.035591, 0.862528, 0.504756, 0.055327, -0.506002, 0.860756),
      ["LeftUpperArm"] = CFrame.new(-0.015774, -0.357731, 0.094365, 0.916332, -0.359679, 0.175976, -0.047256, -0.533545, -0.844450, 0.397622, 0.765481, -0.505902),
      ["LeftUpperLeg"] = CFrame.new(-0.133099, 0.441821, -0.205940, 0.944982, 0.204731, 0.255135, -0.214857, 0.976570, 0.012161, -0.246668, -0.066310, 0.966829),
      ["LowerTorso"] = CFrame.new(0.000000, -1.925335, 2.005737, 1.000000, 0.000000, 0.000000, 0.000000, 0.252017, -0.967723, 0.000000, 0.967723, 0.252017),
      ["RightUpperArm"] = CFrame.new(0.075112, -0.368370, 0.150839, 0.938639, 0.338591, -0.065673, 0.142397, -0.553864, -0.820340, -0.314134, 0.760652, -0.568092),
      ["RightUpperLeg"] = CFrame.new(0.304045, 0.430430, -0.203213, 0.934490, -0.130947, -0.331032, 0.142716, 0.989698, 0.011383, 0.326131, -0.057881, 0.943551),
      ["x_C3"] = CFrame.new(0.051779, -0.127296, 0.045574, 0.997353, 0.021963, -0.069319, -0.000033, 0.953433, 0.301605, 0.072715, -0.300804, 0.950910)
    }},
    { Time = 0.383, Data = {
      ["Head"] = CFrame.new(0.000000, 0.000000, -0.000000, 0.997836, -0.003091, -0.065684, 0.035572, 0.865494, 0.499655, 0.055304, -0.500910, 0.863731),
      ["LeftUpperArm"] = CFrame.new(-0.015874, -0.357220, 0.094673, 0.916336, -0.360057, 0.175176, -0.047215, -0.531603, -0.845677, 0.397616, 0.766653, -0.504127),
      ["LeftUpperLeg"] = CFrame.new(-0.133130, 0.441665, -0.205923, 0.944920, 0.204574, 0.255491, -0.215169, 0.976478, 0.013917, -0.246635, -0.068125, 0.966711),
      ["LowerTorso"] = CFrame.new(0.000000, -1.924150, 2.005394, 1.000000, 0.000000, 0.000000, 0.000000, 0.250750, -0.968052, 0.000000, 0.968052, 0.250750),
      ["RightUpperArm"] = CFrame.new(0.075171, -0.367832, 0.151203, 0.938619, 0.338816, -0.064796, 0.142466, -0.551816, -0.821707, -0.314162, 0.762039, -0.566215),
      ["RightUpperLeg"] = CFrame.new(0.304077, 0.430160, -0.203187, 0.934425, -0.130907, -0.331231, 0.143256, 0.989600, 0.013031, 0.326080, -0.059627, 0.943460),
      ["x_C3"] = CFrame.new(0.051829, -0.124929, 0.044885, 0.997354, 0.021817, -0.069351, -0.000011, 0.953959, 0.299937, 0.072702, -0.299143, 0.951435)
    }},
    { Time = 0.400, Data = {
      ["Head"] = CFrame.new(0.000000, 0.000000, -0.000000, 0.997831, -0.003556, -0.065739, 0.035641, 0.868735, 0.493994, 0.055354, -0.495265, 0.866977),
      ["LeftUpperArm"] = CFrame.new(-0.015994, -0.356681, 0.094989, 0.916320, -0.360516, 0.174315, -0.047227, -0.529554, -0.846961, 0.397652, 0.767855, -0.502267),
      ["LeftUpperLeg"] = CFrame.new(-0.133170, 0.441456, -0.205895, 0.944839, 0.204479, 0.255866, -0.215587, 0.976356, 0.015833, -0.246579, -0.070121, 0.966583),
      ["LowerTorso"] = CFrame.new(0.000000, -1.922865, 2.005022, 1.000000, 0.000000, 0.000000, 0.000000, 0.249376, -0.968407, 0.000000, 0.968407, 0.249376),
      ["RightUpperArm"] = CFrame.new(0.075212, -0.367257, 0.151600, 0.938622, 0.338971, -0.063925, 0.142430, -0.549631, -0.823177, -0.314168, 0.763547, -0.564175),
      ["RightUpperLeg"] = CFrame.new(0.304116, 0.429833, -0.203154, 0.934348, -0.130922, -0.331442, 0.143909, 0.989480, 0.014833, 0.326014, -0.061556, 0.943359),
      ["x_C3"] = CFrame.new(0.051884, -0.122348, 0.044133, 0.997355, 0.021668, -0.069384, 0.000007, 0.954508, 0.298186, 0.072689, -0.297397, 0.951983)
    }},
    { Time = 0.417, Data = {
      ["Head"] = CFrame.new(0.000000, -0.000000, 0.000000, 0.997832, -0.003973, -0.065687, 0.035593, 0.872156, 0.487932, 0.055350, -0.489212, 0.870407),
      ["LeftUpperArm"] = CFrame.new(-0.016111, -0.356077, 0.095350, 0.916333, -0.360961, 0.173326, -0.047221, -0.527257, -0.848393, 0.397624, 0.769226, -0.500187),
      ["LeftUpperLeg"] = CFrame.new(-0.133202, 0.441279, -0.205860, 0.944777, 0.204276, 0.256258, -0.215943, 0.976241, 0.017929, -0.246507, -0.072276, 0.966442),
      ["LowerTorso"] = CFrame.new(0.000000, -1.921587, 2.004652, 1.000000, 0.000000, 0.000000, 0.000000, 0.248000, -0.968760, 0.000000, 0.968760, 0.248000),
      ["RightUpperArm"] = CFrame.new(0.075265, -0.366612, 0.152039, 0.938621, 0.339171, -0.062888, 0.142462, -0.547181, -0.824802, -0.314160, 0.765217, -0.561914),
      ["RightUpperLeg"] = CFrame.new(0.304169, 0.429499, -0.203158, 0.934242, -0.130920, -0.331742, 0.144577, 0.989352, 0.016713, 0.326022, -0.063576, 0.943222),
      ["x_C3"] = CFrame.new(0.051943, -0.119542, 0.043316, 0.997356, 0.021510, -0.069420, 0.000016, 0.955131, 0.296183, 0.072676, -0.295401, 0.952605)
    }},
    { Time = 0.433, Data = {
      ["Head"] = CFrame.new(0.000000, 0.000000, 0.000000, 0.997832, -0.004477, -0.065653, 0.035627, 0.875573, 0.481771, 0.055327, -0.483066, 0.873834),
      ["LeftUpperArm"] = CFrame.new(-0.016227, -0.355471, 0.095708, 0.916345, -0.361403, 0.172337, -0.047214, -0.524954, -0.849820, 0.397597, 0.770591, -0.498102),
      ["LeftUpperLeg"] = CFrame.new(-0.133253, 0.441064, -0.205868, 0.944674, 0.204165, 0.256725, -0.216372, 0.976108, 0.019919, -0.246525, -0.074366, 0.966279),
      ["LowerTorso"] = CFrame.new(0.000000, -1.920201, 2.004256, 1.000000, 0.000000, 0.000000, 0.000000, 0.246517, -0.969138, 0.000000, 0.969138, 0.246517),
      ["RightUpperArm"] = CFrame.new(0.075297, -0.365972, 0.152481, 0.938642, 0.339294, -0.061891, 0.142420, -0.544747, -0.826418, -0.314114, 0.766897, -0.559645),
      ["RightUpperLeg"] = CFrame.new(0.304208, 0.429158, -0.203117, 0.934164, -0.130905, -0.331966, 0.145259, 0.989217, 0.018684, 0.325940, -0.065675, 0.943106),
      ["x_C3"] = CFrame.new(0.052003, -0.116735, 0.042499, 0.997357, 0.021352, -0.069455, 0.000025, 0.955750, 0.294179, 0.072663, -0.293404, 0.953223)
    }},
    { Time = 0.450, Data = {
      ["Head"] = CFrame.new(0.000000, -0.000000, 0.000000, 0.997834, -0.004876, -0.065597, 0.035595, 0.878647, 0.476143, 0.055315, -0.477446, 0.876918),
      ["LeftUpperArm"] = CFrame.new(-0.016347, -0.354928, 0.096022, 0.916328, -0.361857, 0.171472, -0.047225, -0.522890, -0.851091, 0.397635, 0.771780, -0.496228),
      ["LeftUpperLeg"] = CFrame.new(-0.133284, 0.440897, -0.205841, 0.944611, 0.203984, 0.257099, -0.216706, 0.975992, 0.021845, -0.246471, -0.076350, 0.966138),
      ["LowerTorso"] = CFrame.new(0.000000, -1.918913, 2.003892, 1.000000, 0.000000, 0.000000, 0.000000, 0.245139, -0.969488, 0.000000, 0.969488, 0.245139),
      ["RightUpperArm"] = CFrame.new(0.075356, -0.365387, 0.152870, 0.938621, 0.339518, -0.060977, 0.142457, -0.542520, -0.827876, -0.314160, 0.768375, -0.557588),
      ["RightUpperLeg"] = CFrame.new(0.304246, 0.428839, -0.203086, 0.934087, -0.130934, -0.332172, 0.145898, 0.989089, 0.020401, 0.325877, -0.067520, 0.942998),
      ["x_C3"] = CFrame.new(0.052058, -0.114154, 0.041748, 0.997357, 0.021285, -0.069476, -0.000044, 0.956313, 0.292345, 0.072663, -0.291569, 0.953786)
    }},
    { Time = 0.467, Data = {
      ["Head"] = CFrame.new(0.000000, 0.000000, 0.000000, 0.997836, -0.005260, -0.065541, 0.035576, 0.881474, 0.470891, 0.055296, -0.472204, 0.879753),
      ["LeftUpperArm"] = CFrame.new(-0.016445, -0.354412, 0.096325, 0.916331, -0.362229, 0.170667, -0.047183, -0.520926, -0.852297, 0.397632, 0.772934, -0.494431),
      ["LeftUpperLeg"] = CFrame.new(-0.133316, 0.440740, -0.205823, 0.944549, 0.203825, 0.257455, -0.217019, 0.975882, 0.023601, -0.246435, -0.078164, 0.966002),
      ["LowerTorso"] = CFrame.new(0.000000, -1.917722, 2.003555, 1.000000, 0.000000, 0.000000, 0.000000, 0.243866, -0.969809, 0.000000, 0.969809, 0.243866),
      ["RightUpperArm"] = CFrame.new(0.075394, -0.364848, 0.153233, 0.938624, 0.339660, -0.060137, 0.142452, -0.540470, -0.829216, -0.314154, 0.769756, -0.555683),
      ["RightUpperLeg"] = CFrame.new(0.304279, 0.428569, -0.203058, 0.934021, -0.130892, -0.332372, 0.146439, 0.988974, 0.022047, 0.325822, -0.069265, 0.942891),
      ["x_C3"] = CFrame.new(0.052108, -0.111787, 0.041059, 0.997351, 0.021152, -0.069592, -0.000010, 0.956822, 0.290673, 0.072736, -0.289903, 0.954288)
    }},
    { Time = 0.483, Data = {
      ["Head"] = CFrame.new(0.000000, -0.000000, -0.000000, 0.997832, -0.005606, -0.065568, 0.035594, 0.884018, 0.466097, 0.055350, -0.467420, 0.882301),
      ["LeftUpperArm"] = CFrame.new(-0.016535, -0.353958, 0.096587, 0.916335, -0.362574, 0.169916, -0.047201, -0.519203, -0.853347, 0.397622, 0.773931, -0.492877),
      ["LeftUpperLeg"] = CFrame.new(-0.133356, 0.440553, -0.205813, 0.944468, 0.203772, 0.257794, -0.217395, 0.975759, 0.025174, -0.246415, -0.079819, 0.965872),
      ["LowerTorso"] = CFrame.new(0.000000, -1.916628, 2.003248, 1.000000, 0.000000, 0.000000, 0.000000, 0.242697, -0.970102, 0.000000, 0.970102, 0.242697),
      ["RightUpperArm"] = CFrame.new(0.075409, -0.364376, 0.153556, 0.938650, 0.339719, -0.059389, 0.142421, -0.538677, -0.830387, -0.314090, 0.770985, -0.554013),
      ["RightUpperLeg"] = CFrame.new(0.304318, 0.428270, -0.203035, 0.933944, -0.130964, -0.332562, 0.147035, 0.988852, 0.023509, 0.325776, -0.070854, 0.942788),
      ["x_C3"] = CFrame.new(0.052154, -0.109626, 0.040429, 0.997352, 0.021012, -0.069622, 0.000018, 0.957278, 0.289168, 0.072723, -0.288403, 0.954743)
    }},
    { Time = 0.500, Data = {
      ["Head"] = CFrame.new(-0.000000, -0.000000, 0.000000, 0.997834, -0.005954, -0.065511, 0.035605, 0.886287, 0.461766, 0.055312, -0.463098, 0.884579),
      ["LeftUpperArm"] = CFrame.new(-0.016623, -0.353526, 0.096835, 0.916338, -0.362908, 0.169183, -0.047238, -0.517559, -0.854343, 0.397610, 0.774874, -0.491402),
      ["LeftUpperLeg"] = CFrame.new(-0.133387, 0.440418, -0.205814, 0.944405, 0.203657, 0.258114, -0.217664, 0.975661, 0.026589, -0.246417, -0.081293, 0.965749),
      ["LowerTorso"] = CFrame.new(0.000000, -1.915740, 2.002999, 1.000000, 0.000000, 0.000000, 0.000000, 0.241741, -0.970341, 0.000000, 0.970341, 0.241741),
      ["RightUpperArm"] = CFrame.new(0.075453, -0.363918, 0.153856, 0.938634, 0.339885, -0.058689, 0.142437, -0.536937, -0.831511, -0.314131, 0.772125, -0.552399),
      ["RightUpperLeg"] = CFrame.new(0.304351, 0.428022, -0.203017, 0.933878, -0.130966, -0.332746, 0.147532, 0.988744, 0.024901, 0.325739, -0.072345, 0.942688),
      ["x_C3"] = CFrame.new(0.052196, -0.107661, 0.039857, 0.997352, 0.020960, -0.069637, -0.000036, 0.957706, 0.287748, 0.072723, -0.286984, 0.955171)
    }},
    { Time = 0.517, Data = {
      ["Head"] = CFrame.new(-0.000000, 0.000000, 0.000000, 0.997830, -0.006267, -0.065539, 0.035650, 0.888330, 0.457819, 0.055351, -0.459162, 0.886626),
      ["LeftUpperArm"] = CFrame.new(-0.016698, -0.353142, 0.097056, 0.916333, -0.363192, 0.168600, -0.047200, -0.516098, -0.855228, 0.397626, 0.775716, -0.490060),
      ["LeftUpperLeg"] = CFrame.new(-0.133408, 0.440289, -0.205778, 0.944365, 0.203556, 0.258341, -0.217922, 0.975566, 0.027929, -0.246344, -0.082673, 0.965650),
      ["LowerTorso"] = CFrame.new(0.000000, -1.914845, 2.002748, 1.000000, 0.000000, 0.000000, 0.000000, 0.240784, -0.970579, 0.000000, 0.970579, 0.240784),
      ["RightUpperArm"] = CFrame.new(0.075475, -0.363508, 0.154131, 0.938641, 0.339972, -0.058064, 0.142411, -0.535376, -0.832521, -0.314120, 0.773170, -0.550942),
      ["RightUpperLeg"] = CFrame.new(0.304377, 0.427830, -0.203006, 0.933825, -0.130912, -0.332916, 0.147917, 0.988654, 0.026137, 0.325718, -0.073651, 0.942594),
      ["x_C3"] = CFrame.new(0.052233, -0.105883, 0.039340, 0.997353, 0.020829, -0.069663, 0.000002, 0.958082, 0.286493, 0.072711, -0.285734, 0.955546)
    }},
    { Time = 0.533, Data = {
      ["Head"] = CFrame.new(0.000000, -0.000000, 0.000000, 0.997834, -0.006503, -0.065462, 0.035603, 0.890155, 0.454266, 0.055318, -0.455612, 0.888458),
      ["LeftUpperArm"] = CFrame.new(-0.016768, -0.352801, 0.097251, 0.916328, -0.363458, 0.168053, -0.047202, -0.514799, -0.856010, 0.397637, 0.776453, -0.488881),
      ["LeftUpperLeg"] = CFrame.new(-0.133428, 0.440172, -0.205751, 0.944324, 0.203478, 0.258551, -0.218159, 0.975479, 0.029098, -0.246290, -0.083883, 0.965559),
      ["LowerTorso"] = CFrame.new(0.000000, -1.914049, 2.002528, 1.000000, 0.000000, 0.000000, 0.000000, 0.239933, -0.970789, 0.000000, 0.970789, 0.239933),
      ["RightUpperArm"] = CFrame.new(0.075496, -0.363139, 0.154377, 0.938649, 0.340052, -0.057473, 0.142416, -0.533972, -0.833422, -0.314095, 0.774105, -0.549641),
      ["RightUpperLeg"] = CFrame.new(0.304389, 0.427652, -0.202961, 0.933800, -0.130891, -0.332993, 0.148272, 0.988572, 0.027210, 0.325626, -0.074782, 0.942536),
      ["x_C3"] = CFrame.new(0.052267, -0.104283, 0.038874, 0.997354, 0.020701, -0.069689, 0.000043, 0.958432, 0.285320, 0.072698, -0.284568, 0.955895)
    }},
    { Time = 0.550, Data = {
      ["Head"] = CFrame.new(0.000000, -0.000000, 0.000000, 0.997832, -0.006706, -0.065470, 0.035586, 0.891804, 0.451021, 0.055362, -0.452373, 0.890109),
      ["LeftUpperArm"] = CFrame.new(-0.016833, -0.352502, 0.097417, 0.916323, -0.363707, 0.167543, -0.047245, -0.513664, -0.856689, 0.397644, 0.777088, -0.487865),
      ["LeftUpperLeg"] = CFrame.new(-0.133459, 0.440058, -0.205771, 0.944261, 0.203408, 0.258835, -0.218385, 0.975396, 0.030173, -0.246330, -0.085017, 0.965450),
      ["LowerTorso"] = CFrame.new(0.000000, -1.913353, 2.002335, 1.000000, 0.000000, 0.000000, 0.000000, 0.239188, -0.970973, 0.000000, 0.970973, 0.239188),
      ["RightUpperArm"] = CFrame.new(0.075526, -0.362811, 0.154590, 0.938638, 0.340164, -0.056989, 0.142412, -0.532726, -0.834220, -0.314131, 0.774914, -0.548480),
      ["RightUpperLeg"] = CFrame.new(0.304422, 0.427439, -0.202958, 0.933735, -0.130965, -0.333148, 0.148697, 0.988481, 0.028177, 0.325621, -0.075848, 0.942453),
      ["x_C3"] = CFrame.new(0.052298, -0.102851, 0.038457, 0.997354, 0.020665, -0.069699, 0.000005, 0.958730, 0.284317, 0.072698, -0.283565, 0.956193)
    }},
    { Time = 0.567, Data = {
