return {
  ["Astros hump 6"] = {
    { Time = 0.000, Data = {
      ["Balls"] = CFrame.new(-0.000004, -0.000000, -0.000001, 0.996192, 0.087188, 0.000000, -0.087188, 0.996192, -0.000000, -0.000000, 0.000000, 1.000000),
      ["Cock"] = CFrame.new(-0.000342, 0.000189, -0.000001, 0.996192, 0.087188, 0.000000, -0.087188, 0.996192, -0.000000, -0.000000, 0.000000, 1.000000),
      ["Head"] = CFrame.new(0.000000, 0.000000, 0.000000, 1.000000, -0.000000, 0.000000, 0.000000, 0.766002, 0.642838, -0.000000, -0.642838, 0.766002),
      ["LeftUpperArm"] = CFrame.new(-0.275612, -0.217798, 0.151358, 0.855196, -0.495846, -0.150919, 0.185723, 0.565005, -0.803913, 0.483887, 0.659474, 0.575280),
      ["LeftUpperLeg"] = CFrame.new(-0.084439, -0.524747, -0.160391, 0.954349, 0.298553, 0.009139, -0.012703, 0.009996, 0.999869, 0.298423, -0.954341, 0.013332),
      ["LowerTorso"] = CFrame.new(0.045485, -1.319170, -3.281750, -0.999702, 0.000000, 0.024427, 0.000000, 1.000000, 0.000000, -0.024427, 0.000000, -0.999702),
      ["RightUpperArm"] = CFrame.new(0.060193, -0.179518, -0.018446, 0.935803, 0.346587, 0.064414, -0.338637, 0.833031, 0.437475, 0.097964, -0.431203, 0.896921),
      ["RightUpperLeg"] = CFrame.new(0.160151, -0.454249, -0.165575, 0.977939, -0.208890, 0.000016, 0.011424, 0.053557, 0.998499, -0.208578, -0.976471, 0.054762),
      ["Tip"] = CFrame.new(-0.020003, 0.005464, -0.036957, 1.000000, -0.000000, 0.000000, 0.000000, 0.999833, 0.018300, -0.000000, -0.018300, 0.999833),
      ["cuumer"] = CFrame.new(-0.000058, -0.000328, -0.000360, 1.000000, -0.000086, -0.000000, 0.000086, 1.000000, 0.000691, -0.000000, -0.000691, 1.000000),
      ["rings"] = CFrame.new(0.000034, 0.000125, -0.000497, 0.999999, -0.001290, 0.000615, 0.001300, 0.999849, -0.017350, -0.000593, 0.017350, 0.999849),
      ["x_C3"] = CFrame.new(0.000000, -0.034118, 0.029723, 1.000000, -0.000000, 0.000000, 0.000000, 0.993230, 0.116165, -0.000000, -0.116165, 0.993230)
    }},
    { Time = 0.017, Data = {
      ["Head"] = CFrame.new(0.000000, 0.000000, 0.000000, 1.000000, -0.000000, 0.000000, 0.000000, 0.766002, 0.642838, -0.000000, -0.642838, 0.766002),
      ["LeftUpperArm"] = CFrame.new(-0.275655, -0.217785, 0.151407, 0.855164, -0.495879, -0.150991, 0.185683, 0.565005, -0.803922, 0.483959, 0.659449, 0.575248),
      ["LeftUpperLeg"] = CFrame.new(-0.084443, -0.524740, -0.160289, 0.954349, 0.298553, 0.009158, -0.012684, 0.009876, 0.999871, 0.298424, -0.954342, 0.013212),
      ["LowerTorso"] = CFrame.new(0.045484, -1.319177, -3.281674, -0.999702, 0.000000, 0.024427, 0.000000, 1.000000, 0.000000, -0.024427, 0.000000, -0.999702),
      ["RightUpperArm"] = CFrame.new(0.060191, -0.179517, -0.018419, 0.935803, 0.346587, 0.064414, -0.338637, 0.833031, 0.437475, 0.097964, -0.431203, 0.896921),
      ["RightUpperLeg"] = CFrame.new(0.160150, -0.454263, -0.165468, 0.977939, -0.208890, 0.000016, 0.011424, 0.053557, 0.998499, -0.208578, -0.976471, 0.054762)
    }},
    { Time = 0.033, Data = {
      ["Head"] = CFrame.new(0.000000, 0.000000, 0.000000, 1.000000, -0.000000, 0.000000, 0.000000, 0.766061, 0.642768, -0.000000, -0.642768, 0.766061),
      ["LeftUpperArm"] = CFrame.new(-0.275935, -0.217667, 0.151749, 0.855064, -0.496039, -0.151031, 0.185833, 0.565083, -0.803833, 0.484078, 0.659263, 0.575362),
      ["LeftUpperLeg"] = CFrame.new(-0.084462, -0.524716, -0.159609, 0.954368, 0.298493, 0.009115, -0.012607, 0.009775, 0.999873, 0.298366, -0.954362, 0.013092),
      ["LowerTorso"] = CFrame.new(0.045468, -1.319229, -3.280964, -0.999702, 0.000002, 0.024427, -0.000002, 1.000000, -0.000173, -0.024427, -0.000173, -0.999702),
      ["RightUpperArm"] = CFrame.new(0.060165, -0.179553, -0.018315, 0.935805, 0.346556, 0.064559, -0.338639, 0.832875, 0.437771, 0.097943, -0.431531, 0.896766),
      ["RightUpperLeg"] = CFrame.new(0.160144, -0.454353, -0.164720, 0.977939, -0.208890, -0.000009, 0.011399, 0.053321, 0.998512, -0.208579, -0.976484, 0.054526)
    }},
    { Time = 0.050, Data = {
      ["Head"] = CFrame.new(0.000000, 0.000000, -0.000000, 1.000000, -0.000000, 0.000000, 0.000000, 0.766120, 0.642697, -0.000000, -0.642697, 0.766120),
      ["LeftUpperArm"] = CFrame.new(-0.276671, -0.217346, 0.152692, 0.854833, -0.496383, -0.151209, 0.186117, 0.565311, -0.803607, 0.484377, 0.658807, 0.575632),
      ["LeftUpperLeg"] = CFrame.new(-0.084531, -0.524627, -0.157711, 0.954389, 0.298431, 0.009006, -0.012354, 0.009334, 0.999880, 0.298311, -0.954386, 0.012595),
      ["LowerTorso"] = CFrame.new(0.045428, -1.319371, -3.279155, -0.999702, 0.000006, 0.024427, -0.000006, 1.000000, -0.000518, -0.024427, -0.000518, -0.999701),
      ["RightUpperArm"] = CFrame.new(0.060097, -0.179652, -0.018032, 0.935808, 0.346485, 0.064896, -0.338630, 0.832443, 0.438598, 0.097946, -0.432420, 0.896337),
      ["RightUpperLeg"] = CFrame.new(0.160127, -0.454538, -0.162689, 0.977940, -0.208887, 0.000050, 0.011215, 0.052744, 0.998545, -0.208586, -0.976516, 0.053923)
    }},
    { Time = 0.067, Data = {
      ["Head"] = CFrame.new(0.000000, 0.000000, 0.000000, 1.000000, -0.000000, 0.000000, 0.000000, 0.766238, 0.642556, -0.000000, -0.642556, 0.766238),
      ["LeftUpperArm"] = CFrame.new(-0.278126, -0.216706, 0.154499, 0.854336, -0.497134, -0.151549, 0.186780, 0.565807, -0.803104, 0.484998, 0.657815, 0.576244),
      ["LeftUpperLeg"] = CFrame.new(-0.084665, -0.524519, -0.154017, 0.954428, 0.298308, 0.008891, -0.011987, 0.008551, 0.999892, 0.298200, -0.954431, 0.011737),
      ["LowerTorso"] = CFrame.new(0.045351, -1.319645, -3.275624, -0.999702, 0.000015, 0.024427, -0.000015, 0.999999, -0.001208, -0.024427, -0.001208, -0.999701),
      ["RightUpperArm"] = CFrame.new(0.059965, -0.179841, -0.017472, 0.935814, 0.346345, 0.065555, -0.338616, 0.831617, 0.440174, 0.097936, -0.434119, 0.895516),
      ["RightUpperLeg"] = CFrame.new(0.160095, -0.454954, -0.158736, 0.977940, -0.208884, 0.000046, 0.010969, 0.051576, 0.998609, -0.208596, -0.976579, 0.052729)
    }},
    { Time = 0.083, Data = {
      ["Head"] = CFrame.new(0.000000, 0.000000, -0.000000, 1.000000, -0.000000, 0.000000, 0.000000, 0.766533, 0.642204, -0.000000, -0.642204, 0.766533),
      ["LeftUpperArm"] = CFrame.new(-0.280511, -0.215666, 0.157500, 0.853540, -0.498325, -0.152124, 0.187782, 0.566566, -0.802335, 0.486011, 0.656259, 0.577163),
      ["LeftUpperLeg"] = CFrame.new(-0.084889, -0.524254, -0.147919, 0.954489, 0.298122, 0.008582, -0.011209, 0.007104, 0.999912, 0.298035, -0.954501, 0.010122),
      ["LowerTorso"] = CFrame.new(0.045221, -1.320098, -3.269722, -0.999702, 0.000030, 0.024427, -0.000030, 0.999997, -0.002417, -0.024427, -0.002417, -0.999699),
      ["RightUpperArm"] = CFrame.new(0.059770, -0.180167, -0.016554, 0.935792, 0.346203, 0.066617, -0.338661, 0.830201, 0.442804, 0.097995, -0.436933, 0.894140),
      ["RightUpperLeg"] = CFrame.new(0.160042, -0.455682, -0.152219, 0.977941, -0.208881, -0.000032, 0.010648, 0.049697, 0.998708, -0.208609, -0.976677, 0.050825)
    }},
    { Time = 0.100, Data = {
      ["Head"] = CFrame.new(0.000000, 0.000000, 0.000000, 1.000000, -0.000000, 0.000000, 0.000000, 0.766887, 0.641782, -0.000000, -0.641782, 0.766887),
      ["LeftUpperArm"] = CFrame.new(-0.284088, -0.214115, 0.161958, 0.852308, -0.500174, -0.152961, 0.189371, 0.567700, -0.801159, 0.487555, 0.653867, 0.578574),
      ["LeftUpperLeg"] = CFrame.new(-0.085218, -0.523945, -0.138837, 0.954588, 0.297816, 0.008242, -0.010222, 0.005092, 0.999935, 0.297755, -0.954610, 0.007905),
      ["LowerTorso"] = CFrame.new(0.044942, -1.320769, -3.260918, -0.999702, 0.000138, 0.024427, 0.000035, 0.999991, -0.004231, -0.024427, -0.004228, -0.999693),
      ["RightUpperArm"] = CFrame.new(0.059444, -0.180632, -0.015163, 0.935805, 0.345849, 0.068239, -0.338636, 0.828167, 0.446615, 0.097949, -0.441053, 0.892120),
      ["RightUpperLeg"] = CFrame.new(0.159970, -0.456707, -0.142467, 0.977930, -0.208933, -0.000028, 0.010045, 0.046883, 0.998850, -0.208692, -0.976805, 0.047947)
    }},
    { Time = 0.117, Data = {
      ["Head"] = CFrame.new(0.000000, 0.000000, 0.000000, 1.000000, -0.000000, 0.000000, 0.000000, 0.767417, 0.641148, -0.000000, -0.641148, 0.767417),
      ["LeftUpperArm"] = CFrame.new(-0.289060, -0.211953, 0.168192, 0.850633, -0.502672, -0.154091, 0.191573, 0.569272, -0.799518, 0.489615, 0.650577, 0.580540),
      ["LeftUpperLeg"] = CFrame.new(-0.085677, -0.523456, -0.126166, 0.954725, 0.297389, 0.007684, -0.008730, 0.002189, 0.999959, 0.297361, -0.954754, 0.004686),
      ["LowerTorso"] = CFrame.new(0.044675, -1.321702, -3.248741, -0.999702, 0.000168, 0.024427, 0.000005, 0.999978, -0.006647, -0.024427, -0.006645, -0.999680),
      ["RightUpperArm"] = CFrame.new(0.059010, -0.181307, -0.013230, 0.935791, 0.345443, 0.070455, -0.338661, 0.825231, 0.451998, 0.097998, -0.446836, 0.889232),
      ["RightUpperLeg"] = CFrame.new(0.159860, -0.458108, -0.128898, 0.977932, -0.208922, 0.000044, 0.009147, 0.043022, 0.999032, -0.208722, -0.976985, 0.043984)
    }},
    { Time = 0.133, Data = {
      ["Head"] = CFrame.new(0.000000, 0.000000, -0.000000, 1.000000, -0.000000, 0.000000, 0.000000, 0.768065, 0.640372, -0.000000, -0.640372, 0.768065),
      ["LeftUpperArm"] = CFrame.new(-0.295675, -0.209062, 0.176464, 0.848374, -0.505996, -0.155657, 0.194528, 0.571414, -0.797274, 0.492361, 0.646107, 0.583203),
      ["LeftUpperLeg"] = CFrame.new(-0.086301, -0.522835, -0.109268, 0.954882, 0.296903, 0.006956, -0.006803, -0.001546, 0.999976, 0.296906, -0.954907, 0.000543),
      ["LowerTorso"] = CFrame.new(0.044318, -1.322933, -3.232472, -0.999702, 0.000208, 0.024427, -0.000035, 0.999951, -0.009927, -0.024427, -0.009925, -0.999652),
      ["RightUpperArm"] = CFrame.new(0.058397, -0.182212, -0.010660, 0.935812, 0.344764, 0.073436, -0.338606, 0.821298, 0.459146, 0.097984, -0.454540, 0.885320),
      ["RightUpperLeg"] = CFrame.new(0.159713, -0.460052, -0.110846, 0.977934, -0.208913, -0.000024, 0.008109, 0.037844, 0.999251, -0.208755, -0.977202, 0.038703)
    }},
    { Time = 0.150, Data = {
      ["Head"] = CFrame.new(0.000000, 0.000000, 0.000000, 1.000000, -0.000000, 0.000000, 0.000000, 0.768946, 0.639314, -0.000000, -0.639314, 0.768946),
      ["LeftUpperArm"] = CFrame.new(-0.304171, -0.205375, 0.187085, 0.845418, -0.510271, -0.157771, 0.198232, 0.574068, -0.794450, 0.495956, 0.640367, 0.586480),
      ["LeftUpperLeg"] = CFrame.new(-0.087097, -0.522008, -0.087597, 0.955095, 0.296241, 0.005989, -0.004271, -0.006446, 0.999970, 0.296271, -0.955091, -0.004892),
      ["LowerTorso"] = CFrame.new(0.043773, -1.324498, -3.211564, -0.999702, 0.000346, 0.024425, -0.000000, 0.999900, -0.014158, -0.024428, -0.014153, -0.999601),
      ["RightUpperArm"] = CFrame.new(0.057625, -0.183395, -0.007324, 0.935805, 0.343949, 0.077252, -0.338627, 0.816170, 0.468186, 0.097981, -0.464290, 0.880247),
      ["RightUpperLeg"] = CFrame.new(0.159532, -0.462461, -0.087638, 0.977924, -0.208959, 0.000047, 0.006602, 0.031126, 0.999494, -0.208854, -0.977429, 0.031818)
    }},
    { Time = 0.167, Data = {
      ["Head"] = CFrame.new(0.000000, 0.000000, 0.000000, 1.000000, -0.000000, 0.000000, 0.000000, 0.770059, 0.637972, -0.000000, -0.637972, 0.770059),
      ["LeftUpperArm"] = CFrame.new(-0.314762, -0.200782, 0.200340, 0.841739, -0.515538, -0.160302, 0.202991, 0.577344, -0.790865, 0.500270, 0.633162, 0.590623),
      ["LeftUpperLeg"] = CFrame.new(-0.088083, -0.521011, -0.060579, 0.955377, 0.295349, 0.004857, -0.001178, -0.012634, 0.999920, 0.295386, -0.955306, -0.011723),
      ["LowerTorso"] = CFrame.new(0.043114, -1.326428, -3.185469, -0.999702, 0.000496, 0.024424, 0.000022, 0.999811, -0.019423, -0.024429, -0.019417, -0.999513),
      ["RightUpperArm"] = CFrame.new(0.056640, -0.184919, -0.003154, 0.935798, 0.342857, 0.082039, -0.338650, 0.809590, 0.479458, 0.097968, -0.476459, 0.873722),
      ["RightUpperLeg"] = CFrame.new(0.159297, -0.465542, -0.058700, 0.977927, -0.208947, 0.000012, 0.004867, 0.022837, 0.999727, -0.208891, -0.977660, 0.023350)
    }},
    { Time = 0.183, Data = {
      ["Head"] = CFrame.new(0.000000, 0.000000, 0.000000, 1.000000, -0.000000, 0.000000, 0.000000, 0.771345, 0.636417, -0.000000, -0.636417, 0.771345),
      ["LeftUpperArm"] = CFrame.new(-0.327689, -0.195201, 0.216514, 0.837175, -0.521935, -0.163470, 0.208792, 0.581231, -0.786497, 0.505514, 0.624304, 0.595568),
      ["LeftUpperLeg"] = CFrame.new(-0.089302, -0.519738, -0.027552, 0.955691, 0.294352, 0.003312, 0.002708, -0.020043, 0.999795, 0.294358, -0.955487, -0.019952),
      ["LowerTorso"] = CFrame.new(0.042328, -1.328746, -3.153558, -0.999702, 0.000662, 0.024421, 0.000029, 0.999665, -0.025897, -0.024430, -0.025888, -0.999366),
      ["RightUpperArm"] = CFrame.new(0.055418, -0.186842, 0.001962, 0.935788, 0.341446, 0.087838, -0.338670, 0.801318, 0.493146, 0.097996, -0.491228, 0.865501),
      ["RightUpperLeg"] = CFrame.new(0.159025, -0.469272, -0.023300, 0.977903, -0.209058, 0.000011, 0.002682, 0.012595, 0.999917, -0.209040, -0.977822, 0.012877)
    }},
    { Time = 0.200, Data = {
      ["Head"] = CFrame.new(0.000000, 0.000000, -0.000000, 1.000000, -0.000000, 0.000000, 0.000000, 0.772977, 0.634434, -0.000000, -0.634434, 0.772977),
      ["LeftUpperArm"] = CFrame.new(-0.343169, -0.188522, 0.235872, 0.831620, -0.529512, -0.167410, 0.215760, 0.585837, -0.781180, 0.511719, 0.613524, 0.601442),
      ["LeftUpperLeg"] = CFrame.new(-0.090765, -0.518299, 0.012025, 0.956068, 0.293140, 0.001642, 0.007195, -0.029066, 0.999552, 0.293056, -0.955628, -0.029898),
      ["LowerTorso"] = CFrame.new(0.041405, -1.331474, -3.115367, -0.999704, 0.000840, 0.024330, 0.000023, 0.999436, -0.033577, -0.024345, -0.033567, -0.999140),
      ["RightUpperArm"] = CFrame.new(0.053903, -0.189201, 0.008182, 0.935801, 0.339566, 0.094717, -0.338638, 0.791195, 0.509248, 0.097984, -0.508630, 0.855392),
      ["RightUpperLeg"] = CFrame.new(0.158689, -0.473773, 0.019103, 0.977891, -0.209113, -0.000007, 0.000115, 0.000503, 1.000000, -0.209113, -0.977891, 0.000516)
    }},
    { Time = 0.217, Data = {
      ["Head"] = CFrame.new(0.000000, 0.000000, 0.000000, 1.000000, -0.000000, 0.000000, 0.000000, 0.774834, 0.632164, -0.000000, -0.632164, 0.774834),
      ["LeftUpperArm"] = CFrame.new(-0.360706, -0.180995, 0.257785, 0.825204, -0.538038, -0.171911, 0.223787, 0.590884, -0.775097, 0.518611, 0.601142, 0.608006),
      ["LeftUpperLeg"] = CFrame.new(-0.092429, -0.516609, 0.056881, 0.956484, 0.291784, -0.000397, 0.012399, -0.039288, 0.999151, 0.291520, -0.955677, -0.041197),
      ["LowerTorso"] = CFrame.new(0.040369, -1.334496, -3.072048, -0.999704, 0.001033, 0.024325, 0.000003, 0.999105, -0.042292, -0.024347, -0.042279, -0.998810),
      ["RightUpperArm"] = CFrame.new(0.052146, -0.192009, 0.015262, 0.935799, 0.337290, 0.102543, -0.338642, 0.779212, 0.527399, 0.097984, -0.528266, 0.843407),
      ["RightUpperLeg"] = CFrame.new(0.158303, -0.478861, 0.067146, 0.977890, -0.209118, -0.000039, -0.002831, -0.013426, 0.999906, -0.209099, -0.977798, -0.013721)
    }},
    { Time = 0.233, Data = {
      ["Head"] = CFrame.new(0.000000, 0.000000, 0.000000, 1.000000, -0.000000, 0.000000, 0.000000, 0.777030, 0.629463, -0.000000, -0.629463, 0.777030),
      ["LeftUpperArm"] = CFrame.new(-0.376121, -0.174398, 0.277100, 0.819519, -0.545369, -0.175956, 0.230811, 0.595180, -0.769732, 0.524513, 0.590198, 0.613639),
      ["LeftUpperLeg"] = CFrame.new(-0.093904, -0.515131, 0.096417, 0.956835, 0.290622, -0.002229, 0.016964, -0.048192, 0.998694, 0.290135, -0.955624, -0.051042),
      ["LowerTorso"] = CFrame.new(0.039444, -1.337094, -3.033775, -0.999704, 0.001213, 0.024318, -0.000005, 0.998746, -0.050055, -0.024348, -0.050040, -0.998450),
      ["RightUpperArm"] = CFrame.new(0.050571, -0.194561, 0.021594, 0.935784, 0.335183, 0.109363, -0.338680, 0.768354, 0.543073, 0.097999, -0.545238, 0.832533),
      ["RightUpperLeg"] = CFrame.new(0.157963, -0.483330, 0.109494, 0.977888, -0.209131, 0.000000, -0.005463, -0.025542, 0.999659, -0.209060, -0.977554, -0.026120)
    }},
    { Time = 0.250, Data = {
      ["Head"] = CFrame.new(0.000000, 0.000000, 0.000000, 1.000000, -0.000000, 0.000000, 0.000000, 0.779502, 0.626400, -0.000000, -0.626400, 0.779502),
      ["LeftUpperArm"] = CFrame.new(-0.388965, -0.168913, 0.293161, 0.814681, -0.551453, -0.179430, 0.236728, 0.598702, -0.765190, 0.529391, 0.580909, 0.618295),
      ["LeftUpperLeg"] = CFrame.new(-0.095133, -0.513964, 0.129352, 0.957129, 0.289639, -0.003623, 0.020640, -0.055718, 0.998233, 0.288925, -0.955513, -0.059308),
      ["LowerTorso"] = CFrame.new(0.038659, -1.339218, -3.001953, -0.999704, 0.001377, 0.024312, 0.000003, 0.998406, -0.056436, -0.024351, -0.056420, -0.998110),
      ["RightUpperArm"] = CFrame.new(0.049216, -0.196751, 0.026912, 0.935792, 0.333268, 0.115001, -0.338657, 0.759067, 0.555993, 0.098001, -0.559240, 0.823193),
      ["RightUpperLeg"] = CFrame.new(0.157687, -0.487027, 0.144822, 0.977871, -0.209209, 0.000053, -0.007715, -0.035807, 0.999329, -0.209067, -0.977215, -0.036628)
    }},
    { Time = 0.267, Data = {
      ["Head"] = CFrame.new(0.000000, 0.000000, -0.000000, 1.000000, -0.000000, 0.000000, 0.000000, 0.781960, 0.623328, -0.000000, -0.623328, 0.781960),
      ["LeftUpperArm"] = CFrame.new(-0.399467, -0.164435, 0.306291, 0.810686, -0.556377, -0.182297, 0.241620, 0.601540, -0.761426, 0.533299, 0.573231, 0.622092),
      ["LeftUpperLeg"] = CFrame.new(-0.096150, -0.512965, 0.156328, 0.957350, 0.288891, -0.004872, 0.023735, -0.061829, 0.997805, 0.287956, -0.955363, -0.066049),
      ["LowerTorso"] = CFrame.new(0.038001, -1.340925, -2.975869, -0.999704, 0.001528, 0.024305, 0.000025, 0.998095, -0.061696, -0.024353, -0.061677, -0.997799),
      ["RightUpperArm"] = CFrame.new(0.048085, -0.198597, 0.031283, 0.935797, 0.331619, 0.119633, -0.338647, 0.751263, 0.566500, 0.097986, -0.570643, 0.815332),
      ["RightUpperLeg"] = CFrame.new(0.157456, -0.490111, 0.173715, 0.977867, -0.209226, 0.000022, -0.009445, -0.044038, 0.998985, -0.209013, -0.976875, -0.045039)
    }},
    { Time = 0.283, Data = {
      ["Head"] = CFrame.new(0.000000, 0.000000, -0.000000, 1.000000, -0.000000, 0.000000, 0.000000, 0.784121, 0.620608, -0.000000, -0.620608, 0.784121),
      ["LeftUpperArm"] = CFrame.new(-0.407876, -0.160870, 0.316796, 0.807450, -0.560323, -0.184561, 0.245603, 0.603732, -0.758411, 0.536381, 0.567050, 0.625100),
      ["LeftUpperLeg"] = CFrame.new(-0.096950, -0.512157, 0.177869, 0.957554, 0.288196, -0.005877, 0.026229, -0.066809, 0.997421, 0.287060, -0.955238, -0.071533),
      ["LowerTorso"] = CFrame.new(0.037542, -1.342272, -2.954967, -0.999704, 0.001579, 0.024302, -0.000026, 0.997825, -0.065919, -0.024353, -0.065900, -0.997529),
      ["RightUpperArm"] = CFrame.new(0.047169, -0.200092, 0.034817, 0.935803, 0.330258, 0.123297, -0.338633, 0.744946, 0.574790, 0.097979, -0.579642, 0.808959),
      ["RightUpperLeg"] = CFrame.new(0.157271, -0.492552, 0.196847, 0.977863, -0.209244, 0.000035, -0.010887, -0.050709, 0.998654, -0.208961, -0.976548, -0.051864)
    }},
    { Time = 0.300, Data = {
      ["Head"] = CFrame.new(0.000000, 0.000000, -0.000000, 1.000000, -0.000000, 0.000000, 0.000000, 0.785989, 0.618241, -0.000000, -0.618241, 0.785989),
      ["LeftUpperArm"] = CFrame.new(-0.414405, -0.158093, 0.324978, 0.804956, -0.563317, -0.186334, 0.248684, 0.605443, -0.756039, 0.538704, 0.562240, 0.627442),
      ["LeftUpperLeg"] = CFrame.new(-0.097594, -0.511550, 0.194705, 0.957673, 0.287783, -0.006631, 0.028129, -0.070632, 0.997106, 0.286482, -0.955087, -0.075738),
      ["LowerTorso"] = CFrame.new(0.037099, -1.343308, -2.938701, -0.999704, 0.001705, 0.024297, 0.000020, 0.997603, -0.069194, -0.024356, -0.069173, -0.997307),
      ["RightUpperArm"] = CFrame.new(0.046445, -0.201268, 0.037588, 0.935812, 0.329158, 0.126138, -0.338615, 0.739983, 0.581175, 0.097958, -0.586583, 0.803943),
      ["RightUpperLeg"] = CFrame.new(0.157128, -0.494491, 0.214861, 0.977861, -0.209257, -0.000042, -0.011934, -0.055968, 0.998361, -0.208917, -0.976258, -0.057226)
    }},
    { Time = 0.317, Data = {
      ["Head"] = CFrame.new(0.000000, 0.000000, -0.000000, 1.000000, -0.000000, 0.000000, 0.000000, 0.787511, 0.616301, -0.000000, -0.616301, 0.787511),
      ["LeftUpperArm"] = CFrame.new(-0.419307, -0.156017, 0.331132, 0.803067, -0.565554, -0.187703, 0.250950, 0.606684, -0.754293, 0.540470, 0.558644, 0.629134),
      ["LeftUpperLeg"] = CFrame.new(-0.098069, -0.511085, 0.207325, 0.957778, 0.287418, -0.007238, 0.029572, -0.073440, 0.996861, 0.285984, -0.954986, -0.078839),
      ["LowerTorso"] = CFrame.new(0.036831, -1.344077, -2.926442, -0.999703, 0.001736, 0.024294, -0.000010, 0.997427, -0.071693, -0.024356, -0.071672, -0.997131),
      ["RightUpperArm"] = CFrame.new(0.045908, -0.202185, 0.039654, 0.935793, 0.328358, 0.128345, -0.338671, 0.736128, 0.586018, 0.097945, -0.591859, 0.800069),
      ["RightUpperLeg"] = CFrame.new(0.157020, -0.495893, 0.228395, 0.977858, -0.209271, 0.000032, -0.012831, -0.059801, 0.998128, -0.208878, -0.976027, -0.061162)
    }},
    { Time = 0.333, Data = {
      ["Head"] = CFrame.new(0.000000, 0.000000, 0.000000, 1.000000, -0.000000, 0.000000, 0.000000, 0.788803, 0.614646, -0.000000, -0.614646, 0.788803),
      ["LeftUpperArm"] = CFrame.new(-0.422827, -0.154527, 0.335526, 0.801674, -0.567182, -0.188740, 0.252579, 0.607586, -0.753023, 0.541777, 0.556007, 0.630345),
      ["LeftUpperLeg"] = CFrame.new(-0.098401, -0.510750, 0.216337, 0.957870, 0.287100, -0.007647, 0.030612, -0.075586, 0.996669, 0.285565, -0.954914, -0.081190),
      ["LowerTorso"] = CFrame.new(0.036639, -1.344630, -2.917726, -0.999704, 0.001757, 0.024293, -0.000032, 0.997301, -0.073416, -0.024356, -0.073395, -0.997006),
      ["RightUpperArm"] = CFrame.new(0.045510, -0.202828, 0.041157, 0.935811, 0.327734, 0.129802, -0.338612, 0.733421, 0.589436, 0.097979, -0.595553, 0.797318),
      ["RightUpperLeg"] = CFrame.new(0.156943, -0.496948, 0.238093, 0.977856, -0.209279, -0.000024, -0.013372, -0.062595, 0.997949, -0.208851, -0.975851, -0.064008)
    }},
    { Time = 0.350, Data = {
      ["Head"] = CFrame.new(0.000000, 0.000000, -0.000000, 1.000000, -0.000000, 0.000000, 0.000000, 0.789812, 0.613349, -0.000000, -0.613349, 0.789812),
      ["LeftUpperArm"] = CFrame.new(-0.425195, -0.153541, 0.338473, 0.800739, -0.568307, -0.189325, 0.253774, 0.608142, -0.752172, 0.542601, 0.554248, 0.631184),
      ["LeftUpperLeg"] = CFrame.new(-0.098642, -0.510532, 0.222438, 0.957896, 0.287006, -0.007928, 0.031295, -0.076919, 0.996546, 0.285405, -0.954836, -0.082662),
      ["LowerTorso"] = CFrame.new(0.036424, -1.344995, -2.911830, -0.999703, 0.001858, 0.024289, 0.000040, 0.997212, -0.074622, -0.024359, -0.074599, -0.996916),
      ["RightUpperArm"] = CFrame.new(0.045250, -0.203259, 0.042172, 0.935800, 0.327341, 0.130865, -0.338654, 0.731604, 0.591666, 0.097935, -0.597999, 0.795491),
      ["RightUpperLeg"] = CFrame.new(0.156891, -0.497617, 0.244592, 0.977854, -0.209287, 0.000019, -0.013813, -0.064447, 0.997826, -0.208830, -0.975728, -0.065911)
    }},
    { Time = 0.367, Data = {
      ["Head"] = CFrame.new(0.000000, -0.000000, 0.000000, 1.000000, -0.000000, 0.000000, 0.000000, 0.790650, 0.612268, -0.000000, -0.612268, 0.790650),
      ["LeftUpperArm"] = CFrame.new(-0.426615, -0.152930, 0.340263, 0.800196, -0.568927, -0.189762, 0.254404, 0.608527, -0.751647, 0.543108, 0.553189, 0.631678),
      ["LeftUpperLeg"] = CFrame.new(-0.098773, -0.510399, 0.226085, 0.957943, 0.286844, -0.008115, 0.031711, -0.077711, 0.996472, 0.285201, -0.954820, -0.083538),
      ["LowerTorso"] = CFrame.new(0.036346, -1.345218, -2.908299, -0.999704, 0.001866, 0.024288, 0.000032, 0.997160, -0.075312, -0.024359, -0.075288, -0.996865),
      ["RightUpperArm"] = CFrame.new(0.045092, -0.203536, 0.042771, 0.935794, 0.327102, 0.131505, -0.338668, 0.730444, 0.593090, 0.097944, -0.599547, 0.794324),
      ["RightUpperLeg"] = CFrame.new(0.156860, -0.498033, 0.248535, 0.977853, -0.209291, 0.000016, -0.014058, -0.065607, 0.997747, -0.208818, -0.975650, -0.067096)
    }},
    { Time = 0.383, Data = {
      ["Head"] = CFrame.new(0.000000, -0.000000, 0.000000, 1.000000, -0.000000, 0.000000, 0.000000, 0.791320, 0.611402, -0.000000, -0.611402, 0.791320),
      ["LeftUpperArm"] = CFrame.new(-0.427343, -0.152626, 0.341194, 0.799924, -0.569241, -0.189967, 0.254706, 0.608687, -0.751416, 0.543367, 0.552690, 0.631891),
      ["LeftUpperLeg"] = CFrame.new(-0.098853, -0.510344, 0.228004, 0.957940, 0.286851, -0.008168, 0.031899, -0.078154, 0.996431, 0.285189, -0.954782, -0.084018),
      ["LowerTorso"] = CFrame.new(0.036306, -1.345334, -2.906495, -0.999704, 0.001870, 0.024288, 0.000027, 0.997134, -0.075656, -0.024360, -0.075633, -0.996839),
      ["RightUpperArm"] = CFrame.new(0.045012, -0.203667, 0.043094, 0.935791, 0.326985, 0.131817, -0.338678, 0.729890, 0.593766, 0.097940, -0.600285, 0.793767),
      ["RightUpperLeg"] = CFrame.new(0.156850, -0.498248, 0.250590, 0.977840, -0.209353, 0.000013, -0.014182, -0.066180, 0.997707, -0.208872, -0.975598, -0.067682)
    }},
    { Time = 0.400, Data = {
      ["Head"] = CFrame.new(0.000000, 0.000000, -0.000000, 1.000000, -0.000000, 0.000000, 0.000000, 0.791822, 0.610752, -0.000000, -0.610752, 0.791822),
      ["LeftUpperArm"] = CFrame.new(-0.427617, -0.152500, 0.341515, 0.799806, -0.569379, -0.190048, 0.254889, 0.608799, -0.751263, 0.543454, 0.552423, 0.632049),
      ["LeftUpperLeg"] = CFrame.new(-0.098874, -0.510311, 0.228680, 0.957957, 0.286795, -0.008196, 0.031992, -0.078386, 0.996410, 0.285123, -0.954780, -0.084265),
      ["LowerTorso"] = CFrame.new(0.036291, -1.345372, -2.905781, -0.999703, 0.001872, 0.024287, 0.000025, 0.997121, -0.075828, -0.024359, -0.075805, -0.996825),
      ["RightUpperArm"] = CFrame.new(0.044988, -0.203720, 0.043210, 0.935791, 0.326961, 0.131878, -0.338660, 0.729668, 0.594049, 0.098003, -0.600568, 0.793545),
      ["RightUpperLeg"] = CFrame.new(0.156844, -0.498337, 0.251335, 0.977840, -0.209353, -0.000012, -0.014207, -0.066414, 0.997691, -0.208870, -0.975582, -0.067917)
    }},
    { Time = 0.417, Data = {
      ["Head"] = CFrame.new(0.000000, 0.000000, 0.000000, 1.000000, -0.000000, 0.000000, 0.000000, 0.792156, 0.610319, -0.000000, -0.610319, 0.792156),
      ["LeftUpperArm"] = CFrame.new(-0.427651, -0.152486, 0.341571, 0.799806, -0.569379, -0.190048, 0.254889, 0.608799, -0.751263, 0.543454, 0.552423, 0.632049),
      ["LeftUpperLeg"] = CFrame.new(-0.098878, -0.510313, 0.228782, 0.957957, 0.286795, -0.008196, 0.031992, -0.078386, 0.996410, 0.285123, -0.954780, -0.084265),
      ["LowerTorso"] = CFrame.new(0.036289, -1.345380, -2.905704, -0.999703, 0.001872, 0.024287, 0.000025, 0.997121, -0.075828, -0.024359, -0.075805, -0.996825),
      ["RightUpperArm"] = CFrame.new(0.044984, -0.203734, 0.043219, 0.935791, 0.326954, 0.131893, -0.338655, 0.729613, 0.594120, 0.098019, -0.600638, 0.793490),
      ["RightUpperLeg"] = CFrame.new(0.156843, -0.498352, 0.251442, 0.977840, -0.209353, -0.000012, -0.014207, -0.066414, 0.997691, -0.208870, -0.975582, -0.067917),
      ["x_C3"] = CFrame.new(0.000000, -0.034118, 0.029723, 1.000000, -0.000000, 0.000000, 0.000000, 0.993230, 0.116165, -0.000000, -0.116165, 0.993230)
    }},
    { Time = 0.433, Data = {
      ["Head"] = CFrame.new(0.000000, 0.000000, 0.000000, 1.000000, -0.000000, 0.000000, 0.000000, 0.792378, 0.610030, -0.000000, -0.610030, 0.792378),
      ["LeftUpperArm"] = CFrame.new(-0.427414, -0.152597, 0.341261, 0.799883, -0.569301, -0.189958, 0.254802, 0.608710, -0.751364, 0.543381, 0.552601, 0.631956),
      ["LeftUpperLeg"] = CFrame.new(-0.098851, -0.510309, 0.228137, 0.957957, 0.286795, -0.008213, 0.031975, -0.078270, 0.996419, 0.285125, -0.954789, -0.084150),
      ["LowerTorso"] = CFrame.new(0.036302, -1.345339, -2.906282, -0.999703, 0.001871, 0.024288, 0.000026, 0.997127, -0.075742, -0.024359, -0.075719, -0.996832),
      ["RightUpperArm"] = CFrame.new(0.045007, -0.203680, 0.043119, 0.935791, 0.326979, 0.131833, -0.338673, 0.729834, 0.593837, 0.097956, -0.600355, 0.793712),
      ["RightUpperLeg"] = CFrame.new(0.156849, -0.498265, 0.250762, 0.977840, -0.209353, 0.000001, -0.014195, -0.066297, 0.997699, -0.208871, -0.975590, -0.067799)
    }},
    { Time = 0.450, Data = {
      ["Head"] = CFrame.new(0.000000, 0.000000, -0.000000, 1.000000, -0.000000, 0.000000, 0.000000, 0.792545, 0.609813, -0.000000, -0.609813, 0.792545),
      ["LeftUpperArm"] = CFrame.new(-0.426665, -0.152909, 0.340346, 0.800196, -0.568927, -0.189762, 0.254404, 0.608527, -0.751647, 0.543108, 0.553189, 0.631678),
      ["LeftUpperLeg"] = CFrame.new(-0.098779, -0.510394, 0.226236, 0.957943, 0.286845, -0.008098, 0.031728, -0.077826, 0.996462, 0.285200, -0.954811, -0.083654),
      ["LowerTorso"] = CFrame.new(0.036343, -1.345229, -2.908184, -0.999704, 0.001866, 0.024288, 0.000032, 0.997160, -0.075312, -0.024359, -0.075288, -0.996865),
      ["RightUpperArm"] = CFrame.new(0.045087, -0.203549, 0.042793, 0.935794, 0.327096, 0.131520, -0.338664, 0.730388, 0.593161, 0.097959, -0.599618, 0.794269),
      ["RightUpperLeg"] = CFrame.new(0.156858, -0.498055, 0.248693, 0.977853, -0.209291, 0.000016, -0.014058, -0.065607, 0.997747, -0.208818, -0.975650, -0.067096)
    }},
    { Time = 0.467, Data = {
      ["Head"] = CFrame.new(0.000000, 0.000000, -0.000000, 1.000000, -0.000000, 0.000000, 0.000000, 0.792601, 0.609741, -0.000000, -0.609741, 0.792601),
      ["LeftUpperArm"] = CFrame.new(-0.425440, -0.153426, 0.338795, 0.800662, -0.568386, -0.189415, 0.253860, 0.608230, -0.752071, 0.542674, 0.554070, 0.631277),
      ["LeftUpperLeg"] = CFrame.new(-0.098661, -0.510508, 0.223074, 0.957912, 0.286950, -0.007973, 0.031371, -0.077035, 0.996535, 0.285341, -0.954843, -0.082795),
      ["LowerTorso"] = CFrame.new(0.036410, -1.345037, -2.911237, -0.999703, 0.001859, 0.024288, 0.000039, 0.997205, -0.074709, -0.024359, -0.074686, -0.996910),
      ["RightUpperArm"] = CFrame.new(0.045227, -0.203312, 0.042277, 0.935800, 0.327316, 0.130926, -0.338636, 0.731383, 0.591950, 0.097998, -0.598283, 0.795270),
      ["RightUpperLeg"] = CFrame.new(0.156885, -0.497700, 0.245296, 0.977854, -0.209287, -0.000006, -0.013838, -0.064682, 0.997810, -0.208829, -0.975713, -0.066146)
    }},
    { Time = 0.483, Data = {
      ["Head"] = CFrame.new(0.000000, 0.000000, -0.000000, 1.000000, -0.000000, 0.000000, 0.000000, 0.792656, 0.609669, -0.000000, -0.609669, 0.792656),
      ["LeftUpperArm"] = CFrame.new(-0.423722, -0.154155, 0.336632, 0.801322, -0.567618, -0.188926, 0.253074, 0.607796, -0.752687, 0.542067, 0.555333, 0.630689),
      ["LeftUpperLeg"] = CFrame.new(-0.098490, -0.510673, 0.218626, 0.957884, 0.287050, -0.007761, 0.030859, -0.076031, 0.996628, 0.285492, -0.954894, -0.081687),
      ["LowerTorso"] = CFrame.new(0.036591, -1.344769, -2.915528, -0.999704, 0.001762, 0.024292, -0.000037, 0.997270, -0.073846, -0.024356, -0.073825, -0.996974),
      ["RightUpperArm"] = CFrame.new(0.045409, -0.202998, 0.041526, 0.935806, 0.327573, 0.130240, -0.338635, 0.732706, 0.590312, 0.097942, -0.596521, 0.796599),
      ["RightUpperLeg"] = CFrame.new(0.156923, -0.497185, 0.240539, 0.977855, -0.209283, 0.000022, -0.013567, -0.063287, 0.997903, -0.208842, -0.975805, -0.064725)
    }},
    { Time = 0.500, Data = {
      ["Head"] = CFrame.new(0.000000, 0.000000, -0.000000, 1.000000, -0.000000, 0.000000, 0.000000, 0.792656, 0.609669, -0.000000, -0.609669, 0.792656),
      ["LeftUpperArm"] = CFrame.new(-0.421491, -0.155086, 0.333862, 0.802216, -0.566552, -0.188332, 0.251977, 0.607262, -0.753486, 0.541256, 0.557003, 0.629913),
      ["LeftUpperLeg"] = CFrame.new(-0.098282, -0.510889, 0.212948, 0.957823, 0.287262, -0.007460, 0.030195, -0.074794, 0.996742, 0.285768, -0.954927, -0.080313),
      ["LowerTorso"] = CFrame.new(0.036712, -1.344424, -2.921060, -0.999704, 0.001748, 0.024293, -0.000023, 0.997352, -0.072726, -0.024356, -0.072705, -0.997056),
      ["RightUpperArm"] = CFrame.new(0.045671, -0.202588, 0.040588, 0.935784, 0.328008, 0.129299, -0.338694, 0.734433, 0.588128, 0.097949, -0.594154, 0.798365),
      ["RightUpperLeg"] = CFrame.new(0.156972, -0.496563, 0.234423, 0.977857, -0.209275, -0.000034, -0.013138, -0.061551, 0.998017, -0.208862, -0.975918, -0.062938)
    }},
    { Time = 0.517, Data = {
      ["Head"] = CFrame.new(0.000000, 0.000000, -0.000000, 1.000000, -0.000000, 0.000000, 0.000000, 0.792601, 0.609741, -0.000000, -0.609741, 0.792601),
      ["LeftUpperArm"] = CFrame.new(-0.418786, -0.156241, 0.330473, 0.803260, -0.565326, -0.187561, 0.250708, 0.606545, -0.754486, 0.540295, 0.559025, 0.628946),
      ["LeftUpperLeg"] = CFrame.new(-0.098011, -0.511135, 0.205952, 0.957780, 0.287412, -0.007152, 0.029418, -0.073227, 0.996881, 0.285992, -0.955004, -0.078590),
      ["LowerTorso"] = CFrame.new(0.036860, -1.344001, -2.927830, -0.999704, 0.001732, 0.024295, -0.000006, 0.997451, -0.071348, -0.024356, -0.071327, -0.997156),
      ["RightUpperArm"] = CFrame.new(0.045970, -0.202081, 0.039442, 0.935796, 0.328460, 0.128063, -0.338653, 0.736564, 0.585480, 0.097981, -0.591259, 0.800508),
      ["RightUpperLeg"] = CFrame.new(0.157038, -0.495743, 0.226976, 0.977845, -0.209329, 0.000007, -0.012734, -0.059448, 0.998150, -0.208942, -0.976036, -0.060797)
    }},
    { Time = 0.533, Data = {
      ["Head"] = CFrame.new(0.000000, 0.000000, 0.000000, 1.000000, -0.000000, 0.000000, 0.000000, 0.792434, 0.609958, -0.000000, -0.609958, 0.792434),
      ["LeftUpperArm"] = CFrame.new(-0.415584, -0.157592, 0.326453, 0.804495, -0.563861, -0.186678, 0.249226, 0.605748, -0.755616, 0.539143, 0.561364, 0.627850),
      ["LeftUpperLeg"] = CFrame.new(-0.097705, -0.511441, 0.197727, 0.957704, 0.287676, -0.006772, 0.028471, -0.071310, 0.997048, 0.286344, -0.955069, -0.076485),
      ["LowerTorso"] = CFrame.new(0.037035, -1.343493, -2.935754, -0.999704, 0.001713, 0.024296, 0.000013, 0.997561, -0.069797, -0.024356, -0.069776, -0.997266),
      ["RightUpperArm"] = CFrame.new(0.046319, -0.201487, 0.038086, 0.935808, 0.328977, 0.126638, -0.338619, 0.739064, 0.582342, 0.097983, -0.587842, 0.803020),
      ["RightUpperLeg"] = CFrame.new(0.157102, -0.494824, 0.218111, 0.977860, -0.209261, -0.000020, -0.012155, -0.056898, 0.998306, -0.208907, -0.976203, -0.058182)
    }},
    { Time = 0.550, Data = {
      ["Head"] = CFrame.new(0.000000, 0.000000, 0.000000, 1.000000, -0.000000, 0.000000, 0.000000, 0.792100, 0.610391, -0.000000, -0.610391, 0.792100),
      ["LeftUpperArm"] = CFrame.new(-0.411890, -0.159175, 0.321835, 0.805917, -0.562174, -0.185629, 0.247478, 0.604738, -0.756999, 0.537822, 0.564139, 0.626494),
      ["LeftUpperLeg"] = CFrame.new(-0.097344, -0.511799, 0.188212, 0.957629, 0.287935, -0.006307, 0.027368, -0.069178, 0.997229, 0.286701, -0.955148, -0.074127),
      ["LowerTorso"] = CFrame.new(0.037237, -1.342912, -2.945005, -0.999704, 0.001690, 0.024298, 0.000036, 0.997692, -0.067902, -0.024356, -0.067881, -0.997396),
      ["RightUpperArm"] = CFrame.new(0.046738, -0.200816, 0.036522, 0.935790, 0.329634, 0.125052, -0.338668, 0.741893, 0.578704, 0.097985, -0.583897, 0.805893),
      ["RightUpperLeg"] = CFrame.new(0.157190, -0.493738, 0.207945, 0.977849, -0.209312, -0.000012, -0.011541, -0.053976, 0.998476, -0.208994, -0.976358, -0.055196)
    }},
    { Time = 0.567, Data = {
      ["Head"] = CFrame.new(0.000000, 0.000000, -0.000000, 1.000000, -0.000000, 0.000000, 0.000000, 0.791710, 0.610897, -0.000000, -0.610897, 0.791710),
      ["LeftUpperArm"] = CFrame.new(-0.407700, -0.160957, 0.316586, 0.807525, -0.560244, -0.184472, 0.245517, 0.603640, -0.758511, 0.536306, 0.567226, 0.625004),
      ["LeftUpperLeg"] = CFrame.new(-0.096940, -0.512186, 0.177436, 0.957537, 0.288252, -0.005833, 0.026153, -0.066693, 0.997431, 0.287123, -0.955229, -0.071400),
      ["LowerTorso"] = CFrame.new(0.037552, -1.342243, -2.955404, -0.999704, 0.001578, 0.024302, -0.000025, 0.997831, -0.065833, -0.024353, -0.065814, -0.997535),
      ["RightUpperArm"] = CFrame.new(0.047186, -0.200054, 0.034749, 0.935803, 0.330275, 0.123251, -0.338646, 0.745106, 0.574574, 0.097932, -0.579427, 0.809119),
      ["RightUpperLeg"] = CFrame.new(0.157275, -0.492491, 0.196359, 0.977863, -0.209244, 0.000048, -0.010874, -0.050591, 0.998660, -0.208961, -0.976554, -0.051746)
    }},
    { Time = 0.583, Data = {
      ["Head"] = CFrame.new(0.000000, 0.000000, -0.000000, 1.000000, -0.000000, 0.000000, 0.000000, 0.791209, 0.611546, -0.000000, -0.611546, 0.791209),
      ["LeftUpperArm"] = CFrame.new(-0.403011, -0.162938, 0.310706, 0.809317, -0.558069, -0.183207, 0.243346, 0.602452, -0.760154, 0.534592, 0.570624, 0.623378),
      ["LeftUpperLeg"] = CFrame.new(-0.096491, -0.512596, 0.165399, 0.957427, 0.288627, -0.005333, 0.024842, -0.063971, 0.997643, 0.287606, -0.955302, -0.068418),
      ["LowerTorso"] = CFrame.new(0.037807, -1.341491, -2.967044, -0.999703, 0.001550, 0.024304, 0.000003, 0.997981, -0.063506, -0.024353, -0.063487, -0.997686),
      ["RightUpperArm"] = CFrame.new(0.047708, -0.199219, 0.032775, 0.935787, 0.331077, 0.121205, -0.338684, 0.748631, 0.569952, 0.097960, -0.574404, 0.812689),
      ["RightUpperLeg"] = CFrame.new(0.157378, -0.491169, 0.183444, 0.977866, -0.209232, -0.000037, -0.009988, -0.046857, 0.998852, -0.208993, -0.976743, -0.047909)
    }},
    { Time = 0.600, Data = {
      ["Head"] = CFrame.new(0.000000, 0.000000, 0.000000, 1.000000, -0.000000, 0.000000, 0.000000, 0.790594, 0.612340, -0.000000, -0.612340, 0.790594),
      ["LeftUpperArm"] = CFrame.new(-0.397830, -0.165155, 0.304225, 0.811290, -0.555666, -0.181782, 0.240911, 0.601035, -0.762049, 0.532702, 0.574449, 0.621480),
      ["LeftUpperLeg"] = CFrame.new(-0.095988, -0.513128, 0.152074, 0.957319, 0.288996, -0.004646, 0.023237, -0.060932, 0.997871, 0.288097, -0.955389, -0.065047),
      ["LowerTorso"] = CFrame.new(0.038090, -1.340655, -2.979922, -0.999704, 0.001518, 0.024306, 0.000035, 0.998143, -0.060920, -0.024353, -0.060901, -0.997847),
      ["RightUpperArm"] = CFrame.new(0.048258, -0.198299, 0.030595, 0.935801, 0.331856, 0.118943, -0.338651, 0.752519, 0.564827, 0.097934, -0.568846, 0.816592),
      ["RightUpperLeg"] = CFrame.new(0.157492, -0.489619, 0.169165, 0.977868, -0.209224, 0.000039, -0.009185, -0.042745, 0.999044, -0.209022, -0.976933, -0.043721)
    }},
    { Time = 0.617, Data = {
      ["Head"] = CFrame.new(0.000000, 0.000000, -0.000000, 1.000000, -0.000000, 0.000000, 0.000000, 0.789812, 0.613349, -0.000000, -0.613349, 0.789812),
      ["LeftUpperArm"] = CFrame.new(-0.392131, -0.167564, 0.297118, 0.813479, -0.552944, -0.180290, 0.238197, 0.599558, -0.764064, 0.530579, 0.578605, 0.619437),
      ["LeftUpperLeg"] = CFrame.new(-0.095442, -0.513621, 0.137484, 0.957191, 0.289427, -0.004055, 0.021656, -0.057634, 0.998103, 0.288645, -0.955463, -0.061435),
      ["LowerTorso"] = CFrame.new(0.038486, -1.339732, -2.994041, -0.999704, 0.001397, 0.024311, -0.000017, 0.998312, -0.058074, -0.024351, -0.058058, -0.998017),
      ["RightUpperArm"] = CFrame.new(0.048880, -0.197312, 0.028216, 0.935785, 0.332790, 0.116435, -0.338681, 0.756698, 0.559199, 0.097990, -0.562724, 0.820816),
      ["RightUpperLeg"] = CFrame.new(0.157617, -0.487963, 0.153526, 0.977870, -0.209214, 0.000031, -0.008222, -0.038281, 0.999233, -0.209052, -0.977120, -0.039154)
    }},
    { Time = 0.633, Data = {
      ["Head"] = CFrame.new(0.000000, -0.000000, -0.000000, 1.000000, -0.000000, 0.000000, 0.000000, 0.788971, 0.614430, -0.000000, -0.614430, 0.788971),
      ["LeftUpperArm"] = CFrame.new(-0.385943, -0.170186, 0.289378, 0.815839, -0.550011, -0.178589, 0.235383, 0.597934, -0.766205, 0.528206, 0.583063, 0.617281),
      ["LeftUpperLeg"] = CFrame.new(-0.094842, -0.514237, 0.121605, 0.957065, 0.289855, -0.003278, 0.019778, -0.054016, 0.998344, 0.289198, -0.955545, -0.057430),
      ["LowerTorso"] = CFrame.new(0.038823, -1.338720, -3.009397, -0.999704, 0.001360, 0.024313, 0.000021, 0.998488, -0.054971, -0.024351, -0.054954, -0.998192),
