return {
  ["Astros 69 (m) 2"] = {
    { Time = 0.000, Data = {
      ["Head"] = CFrame.new(0.000000, 0.000000, -0.000000, 1.000000, -0.000000, 0.000000, 0.000000, 0.929629, 0.368496, -0.000000, -0.368496, 0.929629),
      ["LeftUpperArm"] = CFrame.new(-0.099275, -1.103972, 0.516096, 0.913245, -0.377473, -0.153292, -0.304788, -0.383323, -0.871876, 0.270349, 0.842957, -0.465117),
      ["LeftUpperLeg"] = CFrame.new(0.031821, 0.103970, -0.218832, 0.980116, 0.177626, 0.088436, -0.197334, 0.919225, 0.340714, -0.020773, -0.351390, 0.935999),
      ["LowerTorso"] = CFrame.new(0.000000, -1.419494, -0.640999, 1.000000, 0.000000, 0.000000, 0.000000, -0.060462, -0.998170, 0.000000, 0.998170, -0.060462),
      ["RightUpperArm"] = CFrame.new(0.092207, -1.106620, 0.517921, 0.925777, 0.350598, 0.141481, 0.282676, -0.393393, -0.874835, -0.251058, 0.849896, -0.463301),
      ["RightUpperLeg"] = CFrame.new(-0.025651, 0.134378, -0.210165, 0.989963, -0.130409, -0.054460, 0.141194, 0.929206, 0.341527, 0.006066, -0.345789, 0.938293),
      ["рҹҢ§пёҸрҹҳірҹ‘»рҹҸіпёҸвҖҚрҹҢҲрҹҳӮрҹ’һрҹҸҙвҖҚвҳ пёҸрҹҺёрҹҢ§пёҸрҹҳірҹ‘»рҹҸіпёҸвҖҚрҹҢҲрҹҳӮрҹ’һрҹҸҙвҖҚвҳ"] = CFrame.new(0.000000, 0.000000, 0.000000, 0.969119, -0.000000, -0.246595, 0.000000, 1.000000, -0.000000, 0.246595, 0.000000, 0.969119)
    }},
    { Time = 0.017, Data = {
      ["Head"] = CFrame.new(0.000000, 0.000000, 0.000000, 1.000000, -0.000000, 0.000000, 0.000000, 0.928850, 0.370456, -0.000000, -0.370456, 0.928850),
      ["LeftUpperArm"] = CFrame.new(-0.099267, -1.103956, 0.516105, 0.913274, -0.377450, -0.153175, -0.304675, -0.383359, -0.871900, 0.270377, 0.842952, -0.465111),
      ["LeftUpperLeg"] = CFrame.new(0.031818, 0.103954, -0.218826, 0.980116, 0.177626, 0.088436, -0.197334, 0.919225, 0.340714, -0.020773, -0.351390, 0.935999),
      ["LowerTorso"] = CFrame.new(0.000000, -1.419496, -0.640979, 1.000000, 0.000000, 0.000000, 0.000000, -0.060462, -0.998170, 0.000000, 0.998170, -0.060462),
      ["RightUpperArm"] = CFrame.new(0.092199, -1.106534, 0.517959, 0.925805, 0.350567, 0.141382, 0.282550, -0.393337, -0.874901, -0.251101, 0.849935, -0.463205),
      ["RightUpperLeg"] = CFrame.new(-0.025648, 0.134361, -0.210158, 0.989963, -0.130409, -0.054460, 0.141194, 0.929206, 0.341527, 0.006066, -0.345789, 0.938293),
      ["рҹҢ§пёҸрҹҳірҹ‘»рҹҸіпёҸвҖҚрҹҢҲрҹҳӮрҹ’һрҹҸҙвҖҚвҳ пёҸрҹҺёрҹҢ§пёҸрҹҳірҹ‘»рҹҸіпёҸвҖҚрҹҢҲрҹҳӮрҹ’һрҹҸҙвҖҚвҳ"] = CFrame.new(0.000000, 0.000000, 0.000000, 0.969119, -0.000000, -0.246595, 0.000000, 1.000000, -0.000000, 0.246595, 0.000000, 0.969119)
    }},
    { Time = 0.033, Data = {
      ["Head"] = CFrame.new(0.000000, 0.000000, 0.000000, 1.000000, -0.000000, 0.000000, 0.000000, 0.928033, 0.372497, -0.000000, -0.372497, 0.928033),
      ["LeftUpperArm"] = CFrame.new(-0.099266, -1.103833, 0.516156, 0.913268, -0.377478, -0.153143, -0.304602, -0.383181, -0.872004, 0.270480, 0.843021, -0.464927),
      ["LeftUpperLeg"] = CFrame.new(0.031808, 0.103904, -0.218806, 0.980116, 0.177626, 0.088436, -0.197334, 0.919225, 0.340714, -0.020773, -0.351390, 0.935999),
      ["LowerTorso"] = CFrame.new(0.000000, -1.419499, -0.640918, 1.000000, 0.000000, 0.000000, 0.000000, -0.060462, -0.998170, 0.000000, 0.998170, -0.060462),
      ["RightUpperArm"] = CFrame.new(0.092211, -1.106281, 0.518055, 0.925820, 0.350616, 0.141157, 0.282320, -0.393191, -0.875041, -0.251302, 0.849982, -0.463010),
      ["RightUpperLeg"] = CFrame.new(-0.025641, 0.134310, -0.210139, 0.989963, -0.130409, -0.054460, 0.141194, 0.929206, 0.341527, 0.006066, -0.345789, 0.938293),
      ["рҹҢ§пёҸрҹҳірҹ‘»рҹҸіпёҸвҖҚрҹҢҲрҹҳӮрҹ’һрҹҸҙвҖҚвҳ пёҸрҹҺёрҹҢ§пёҸрҹҳірҹ‘»рҹҸіпёҸвҖҚрҹҢҲрҹҳӮрҹ’һрҹҸҙвҖҚвҳ"] = CFrame.new(-0.000000, 0.000000, -0.000000, 0.969076, -0.000000, -0.246764, 0.000000, 1.000000, -0.000000, 0.246764, 0.000000, 0.969076)
    }},
    { Time = 0.050, Data = {
      ["Head"] = CFrame.new(0.000000, 0.000000, 0.000000, 1.000000, -0.000000, 0.000000, 0.000000, 0.927212, 0.374536, -0.000000, -0.374536, 0.927212),
      ["LeftUpperArm"] = CFrame.new(-0.099266, -1.103667, 0.516222, 0.913285, -0.377526, -0.152922, -0.304370, -0.383038, -0.872147, 0.270683, 0.843064, -0.464731),
      ["LeftUpperLeg"] = CFrame.new(0.031792, 0.103820, -0.218774, 0.980116, 0.177626, 0.088436, -0.197334, 0.919225, 0.340714, -0.020773, -0.351390, 0.935999),
      ["LowerTorso"] = CFrame.new(0.000000, -1.419506, -0.640817, 1.000000, 0.000000, 0.000000, 0.000000, -0.060462, -0.998170, 0.000000, 0.998170, -0.060462),
      ["RightUpperArm"] = CFrame.new(0.092220, -1.105880, 0.518210, 0.925884, 0.350653, 0.140644, 0.281804, -0.393022, -0.875283, -0.251645, 0.850045, -0.462708),
      ["RightUpperLeg"] = CFrame.new(-0.025629, 0.134226, -0.210108, 0.989963, -0.130409, -0.054460, 0.141194, 0.929206, 0.341527, 0.006066, -0.345789, 0.938293),
      ["рҹҢ§пёҸрҹҳірҹ‘»рҹҸіпёҸвҖҚрҹҢҲрҹҳӮрҹ’һрҹҸҙвҖҚвҳ пёҸрҹҺёрҹҢ§пёҸрҹҳірҹ‘»рҹҸіпёҸвҖҚрҹҢҲрҹҳӮрҹ’һрҹҸҙвҖҚвҳ"] = CFrame.new(-0.000000, 0.000000, -0.000000, 0.969033, -0.000000, -0.246932, 0.000000, 1.000000, -0.000000, 0.246932, 0.000000, 0.969033)
    }},
    { Time = 0.067, Data = {
      ["Head"] = CFrame.new(0.000000, 0.000000, 0.000000, 1.000000, -0.000000, 0.000000, 0.000000, 0.926420, 0.376492, -0.000000, -0.376492, 0.926420),
      ["LeftUpperArm"] = CFrame.new(-0.099279, -1.103405, 0.516322, 0.913290, -0.377645, -0.152597, -0.304020, -0.382717, -0.872410, 0.271060, 0.843156, -0.464343),
      ["LeftUpperLeg"] = CFrame.new(0.031770, 0.103704, -0.218730, 0.980116, 0.177626, 0.088436, -0.197334, 0.919225, 0.340714, -0.020773, -0.351390, 0.935999),
      ["LowerTorso"] = CFrame.new(0.000000, -1.419395, -0.640669, 1.000000, 0.000000, 0.000000, 0.000000, -0.060581, -0.998163, 0.000000, 0.998163, -0.060581),
      ["RightUpperArm"] = CFrame.new(0.092249, -1.105314, 0.518423, 0.925936, 0.350771, 0.140006, 0.281185, -0.392762, -0.875599, -0.252146, 0.850116, -0.462304),
      ["RightUpperLeg"] = CFrame.new(-0.025613, 0.134108, -0.210064, 0.989963, -0.130409, -0.054460, 0.141194, 0.929206, 0.341527, 0.006066, -0.345789, 0.938293),
      ["рҹҢ§пёҸрҹҳірҹ‘»рҹҸіпёҸвҖҚрҹҢҲрҹҳӮрҹ’һрҹҸҙвҖҚвҳ пёҸрҹҺёрҹҢ§пёҸрҹҳірҹ‘»рҹҸіпёҸвҖҚрҹҢҲрҹҳӮрҹ’һрҹҸҙвҖҚвҳ"] = CFrame.new(0.000000, 0.000000, -0.000000, 0.968968, -0.000000, -0.247185, 0.000000, 1.000000, -0.000000, 0.247185, 0.000000, 0.968968)
    }},
    { Time = 0.083, Data = {
      ["Head"] = CFrame.new(0.000000, 0.000000, 0.000000, 1.000000, -0.000000, 0.000000, 0.000000, 0.925590, 0.378529, -0.000000, -0.378529, 0.925590),
      ["LeftUpperArm"] = CFrame.new(-0.099268, -1.103078, 0.516458, 0.913330, -0.377690, -0.152247, -0.303588, -0.382342, -0.872725, 0.271409, 0.843306, -0.463867),
      ["LeftUpperLeg"] = CFrame.new(0.031741, 0.103555, -0.218672, 0.980116, 0.177626, 0.088436, -0.197334, 0.919225, 0.340714, -0.020773, -0.351390, 0.935999),
      ["LowerTorso"] = CFrame.new(0.000000, -1.419406, -0.640489, 1.000000, 0.000000, 0.000000, 0.000000, -0.060581, -0.998163, 0.000000, 0.998163, -0.060581),
      ["RightUpperArm"] = CFrame.new(0.092273, -1.104579, 0.518706, 0.926035, 0.350871, 0.139098, 0.280266, -0.392390, -0.876060, -0.252803, 0.850247, -0.461704),
      ["RightUpperLeg"] = CFrame.new(-0.025592, 0.133958, -0.210008, 0.989963, -0.130409, -0.054460, 0.141194, 0.929206, 0.341527, 0.006066, -0.345789, 0.938293),
      ["рҹҢ§пёҸрҹҳірҹ‘»рҹҸіпёҸвҖҚрҹҢҲрҹҳӮрҹ’һрҹҸҙвҖҚвҳ пёҸрҹҺёрҹҢ§пёҸрҹҳірҹ‘»рҹҸіпёҸвҖҚрҹҢҲрҹҳӮрҹ’һрҹҸҙвҖҚвҳ"] = CFrame.new(0.000000, 0.000000, -0.000000, 0.968882, -0.000000, -0.247522, 0.000000, 1.000000, -0.000000, 0.247522, 0.000000, 0.968882)
    }},
    { Time = 0.100, Data = {
      ["Head"] = CFrame.new(0.000000, 0.000000, 0.000000, 1.000000, -0.000000, 0.000000, 0.000000, 0.924822, 0.380401, -0.000000, -0.380401, 0.924822),
      ["LeftUpperArm"] = CFrame.new(-0.099292, -1.102693, 0.516601, 0.913321, -0.377890, -0.151799, -0.303133, -0.381931, -0.873063, 0.271945, 0.843402, -0.463377),
      ["LeftUpperLeg"] = CFrame.new(0.031706, 0.103373, -0.218603, 0.980116, 0.177626, 0.088436, -0.197334, 0.919225, 0.340714, -0.020773, -0.351390, 0.935999),
      ["LowerTorso"] = CFrame.new(0.000000, -1.419302, -0.640262, 1.000000, 0.000000, 0.000000, 0.000000, -0.060699, -0.998156, 0.000000, 0.998156, -0.060699),
      ["RightUpperArm"] = CFrame.new(0.092305, -1.103682, 0.519050, 0.926127, 0.351008, 0.138136, 0.279289, -0.391927, -0.876579, -0.253547, 0.850404, -0.461007),
      ["RightUpperLeg"] = CFrame.new(-0.025566, 0.133774, -0.209939, 0.989963, -0.130409, -0.054460, 0.141194, 0.929206, 0.341527, 0.006066, -0.345789, 0.938293),
      ["рҹҢ§пёҸрҹҳірҹ‘»рҹҸіпёҸвҖҚрҹҢҲрҹҳӮрҹ’һрҹҸҙвҖҚвҳ пёҸрҹҺёрҹҢ§пёҸрҹҳірҹ‘»рҹҸіпёҸвҖҚрҹҢҲрҹҳӮрҹ’һрҹҸҙвҖҚвҳ"] = CFrame.new(0.000000, 0.000000, -0.000000, 0.968774, -0.000000, -0.247944, 0.000000, 1.000000, -0.000000, 0.247944, 0.000000, 0.968774)
    }},
    { Time = 0.117, Data = {
      ["Head"] = CFrame.new(0.000000, 0.000000, 0.000000, 1.000000, -0.000000, 0.000000, 0.000000, 0.924016, 0.382353, -0.000000, -0.382353, 0.924016),
      ["LeftUpperArm"] = CFrame.new(-0.099301, -1.102221, 0.516787, 0.913342, -0.378051, -0.151273, -0.302536, -0.381377, -0.873512, 0.272540, 0.843581, -0.462702),
      ["LeftUpperLeg"] = CFrame.new(0.031664, 0.103160, -0.218521, 0.980116, 0.177626, 0.088436, -0.197334, 0.919225, 0.340714, -0.020773, -0.351390, 0.935999),
      ["LowerTorso"] = CFrame.new(0.000000, -1.419199, -0.639997, 1.000000, 0.000000, 0.000000, 0.000000, -0.060818, -0.998149, 0.000000, 0.998149, -0.060818),
      ["RightUpperArm"] = CFrame.new(0.092353, -1.102633, 0.519446, 0.926233, 0.351202, 0.136932, 0.278093, -0.391407, -0.877192, -0.254475, 0.850563, -0.460201),
      ["RightUpperLeg"] = CFrame.new(-0.025535, 0.133559, -0.209859, 0.989963, -0.130409, -0.054460, 0.141194, 0.929206, 0.341527, 0.006066, -0.345789, 0.938293),
      ["рҹҢ§пёҸрҹҳірҹ‘»рҹҸіпёҸвҖҚрҹҢҲрҹҳӮрҹ’һрҹҸҙвҖҚвҳ пёҸрҹҺёрҹҢ§пёҸрҹҳірҹ‘»рҹҸіпёҸвҖҚрҹҢҲрҹҳӮрҹ’һрҹҸҙвҖҚвҳ"] = CFrame.new(0.000000, 0.000000, 0.000000, 0.968645, -0.000000, -0.248449, 0.000000, 1.000000, -0.000000, 0.248449, 0.000000, 0.968645)
    }},
    { Time = 0.133, Data = {
      ["Head"] = CFrame.new(0.000000, 0.000000, -0.000000, 1.000000, -0.000000, 0.000000, 0.000000, 0.923240, 0.384223, -0.000000, -0.384223, 0.923240),
      ["LeftUpperArm"] = CFrame.new(-0.099299, -1.101711, 0.516991, 0.913391, -0.378189, -0.150631, -0.301826, -0.380859, -0.873984, 0.273162, 0.843753, -0.462020),
      ["LeftUpperLeg"] = CFrame.new(0.031617, 0.102915, -0.218427, 0.980116, 0.177626, 0.088436, -0.197334, 0.919225, 0.340714, -0.020773, -0.351390, 0.935999),
      ["LowerTorso"] = CFrame.new(0.000000, -1.419098, -0.639694, 1.000000, 0.000000, 0.000000, 0.000000, -0.060936, -0.998142, 0.000000, 0.998142, -0.060936),
      ["RightUpperArm"] = CFrame.new(0.092386, -1.101444, 0.519905, 0.926389, 0.351342, 0.135512, 0.276655, -0.390862, -0.877889, -0.255472, 0.850756, -0.459291),
      ["RightUpperLeg"] = CFrame.new(-0.025501, 0.133311, -0.209763, 0.989963, -0.130407, -0.054466, 0.141194, 0.929176, 0.341609, 0.006060, -0.345871, 0.938263),
      ["рҹҢ§пёҸрҹҳірҹ‘»рҹҸіпёҸвҖҚрҹҢҲрҹҳӮрҹ’һрҹҸҙвҖҚвҳ пёҸрҹҺёрҹҢ§пёҸрҹҳірҹ‘»рҹҸіпёҸвҖҚрҹҢҲрҹҳӮрҹ’һрҹҸҙвҖҚвҳ"] = CFrame.new(-0.000000, 0.000000, -0.000000, 0.968493, -0.000000, -0.249039, 0.000000, 1.000000, -0.000000, 0.249039, 0.000000, 0.968493)
    }},
    { Time = 0.150, Data = {
      ["Head"] = CFrame.new(0.000000, 0.000000, -0.000000, 1.000000, -0.000000, 0.000000, 0.000000, 0.922494, 0.386011, -0.000000, -0.386011, 0.922494),
      ["LeftUpperArm"] = CFrame.new(-0.099318, -1.101097, 0.517230, 0.913398, -0.378423, -0.150002, -0.301109, -0.380125, -0.874550, 0.273931, 0.843979, -0.461152),
      ["LeftUpperLeg"] = CFrame.new(0.031564, 0.102640, -0.218317, 0.980116, 0.177623, 0.088444, -0.197335, 0.919194, 0.340795, -0.020764, -0.351472, 0.935968),
      ["LowerTorso"] = CFrame.new(0.000000, -1.418999, -0.639354, 1.000000, 0.000000, 0.000000, 0.000000, -0.061054, -0.998134, 0.000000, 0.998134, -0.061054),
      ["RightUpperArm"] = CFrame.new(0.092440, -1.100101, 0.520415, 0.926529, 0.351563, 0.133966, 0.275112, -0.390226, -0.878656, -0.256626, 0.850956, -0.458275),
      ["RightUpperLeg"] = CFrame.new(-0.025462, 0.133033, -0.209660, 0.989963, -0.130407, -0.054466, 0.141194, 0.929176, 0.341609, 0.006060, -0.345871, 0.938263),
      ["рҹҢ§пёҸрҹҳірҹ‘»рҹҸіпёҸвҖҚрҹҢҲрҹҳӮрҹ’һрҹҸҙвҖҚвҳ пёҸрҹҺёрҹҢ§пёҸрҹҳірҹ‘»рҹҸіпёҸвҖҚрҹҢҲрҹҳӮрҹ’һрҹҸҙвҖҚвҳ"] = CFrame.new(-0.000000, 0.000000, -0.000000, 0.968342, -0.000000, -0.249629, 0.000000, 1.000000, -0.000000, 0.249629, 0.000000, 0.968342)
    }},
    { Time = 0.167, Data = {
      ["Head"] = CFrame.new(0.000000, 0.000000, 0.000000, 1.000000, -0.000000, 0.000000, 0.000000, 0.921745, 0.387797, -0.000000, -0.387797, 0.921745),
      ["LeftUpperArm"] = CFrame.new(-0.099325, -1.100448, 0.517486, 0.913432, -0.378634, -0.149256, -0.300278, -0.379426, -0.875139, 0.274726, 0.844199, -0.460276),
      ["LeftUpperLeg"] = CFrame.new(0.031505, 0.102335, -0.218200, 0.980116, 0.177623, 0.088444, -0.197335, 0.919194, 0.340795, -0.020764, -0.351472, 0.935968),
      ["LowerTorso"] = CFrame.new(0.000000, -1.418905, -0.638977, 1.000000, 0.000000, 0.000000, 0.000000, -0.061172, -0.998127, 0.000000, 0.998127, -0.061172),
      ["RightUpperArm"] = CFrame.new(0.092509, -1.098616, 0.520977, 0.926679, 0.351844, 0.132178, 0.273349, -0.389532, -0.879514, -0.257964, 0.851159, -0.457147),
      ["RightUpperLeg"] = CFrame.new(-0.025418, 0.132725, -0.209544, 0.989963, -0.130407, -0.054466, 0.141194, 0.929176, 0.341609, 0.006060, -0.345871, 0.938263),
      ["рҹҢ§пёҸрҹҳірҹ‘»рҹҸіпёҸвҖҚрҹҢҲрҹҳӮрҹ’һрҹҸҙвҖҚвҳ пёҸрҹҺёрҹҢ§пёҸрҹҳірҹ‘»рҹҸіпёҸвҖҚрҹҢҲрҹҳӮрҹ’һрҹҸҙвҖҚвҳ"] = CFrame.new(-0.000000, 0.000000, 0.000000, 0.968146, -0.000000, -0.250387, 0.000000, 1.000000, -0.000000, 0.250387, 0.000000, 0.968146)
    }},
    { Time = 0.183, Data = {
      ["Head"] = CFrame.new(0.000000, 0.000000, -0.000000, 1.000000, -0.000000, 0.000000, 0.000000, 0.921026, 0.389501, -0.000000, -0.389501, 0.921026),
      ["LeftUpperArm"] = CFrame.new(-0.099321, -1.099739, 0.517771, 0.913495, -0.378815, -0.148413, -0.299319, -0.378673, -0.875794, 0.275564, 0.844456, -0.459302),
      ["LeftUpperLeg"] = CFrame.new(0.031440, 0.102001, -0.218072, 0.980116, 0.177623, 0.088444, -0.197335, 0.919194, 0.340795, -0.020764, -0.351472, 0.935968),
      ["LowerTorso"] = CFrame.new(0.000000, -1.418810, -0.638566, 1.000000, 0.000000, 0.000000, 0.000000, -0.061291, -0.998120, 0.000000, 0.998120, -0.061291),
      ["RightUpperArm"] = CFrame.new(0.092568, -1.096967, 0.521608, 0.926851, 0.352088, 0.130310, 0.271443, -0.388689, -0.880477, -0.259356, 0.851443, -0.455829),
      ["RightUpperLeg"] = CFrame.new(-0.025371, 0.132387, -0.209418, 0.989963, -0.130407, -0.054466, 0.141194, 0.929176, 0.341609, 0.006060, -0.345871, 0.938263),
      ["рҹҢ§пёҸрҹҳірҹ‘»рҹҸіпёҸвҖҚрҹҢҲрҹҳӮрҹ’һрҹҸҙвҖҚвҳ пёҸрҹҺёрҹҢ§пёҸрҹҳірҹ‘»рҹҸіпёҸвҖҚрҹҢҲрҹҳӮрҹ’һрҹҸҙвҖҚвҳ"] = CFrame.new(0.000000, 0.000000, 0.000000, 0.967949, -0.000000, -0.251146, 0.000000, 1.000000, -0.000000, 0.251146, 0.000000, 0.967949)
    }},
    { Time = 0.200, Data = {
      ["Head"] = CFrame.new(0.000000, 0.000000, 0.000000, 1.000000, -0.000000, 0.000000, 0.000000, 0.920304, 0.391204, -0.000000, -0.391204, 0.920304),
      ["LeftUpperArm"] = CFrame.new(-0.099339, -1.098954, 0.518076, 0.913514, -0.379100, -0.147565, -0.298367, -0.377793, -0.876498, 0.276531, 0.844722, -0.458230),
      ["LeftUpperLeg"] = CFrame.new(0.031371, 0.101639, -0.217934, 0.980116, 0.177623, 0.088444, -0.197335, 0.919194, 0.340795, -0.020764, -0.351472, 0.935968),
      ["LowerTorso"] = CFrame.new(0.000000, -1.418601, -0.638114, 1.000000, 0.000000, 0.000000, 0.000000, -0.061527, -0.998105, 0.000000, 0.998105, -0.061527),
      ["RightUpperArm"] = CFrame.new(0.092650, -1.095198, 0.522275, 0.927005, 0.352423, 0.128298, 0.269443, -0.387843, -0.881463, -0.260888, 0.851690, -0.454491),
      ["RightUpperLeg"] = CFrame.new(-0.025320, 0.132021, -0.209282, 0.989963, -0.130407, -0.054466, 0.141194, 0.929176, 0.341609, 0.006060, -0.345871, 0.938263),
      ["рҹҢ§пёҸрҹҳірҹ‘»рҹҸіпёҸвҖҚрҹҢҲрҹҳӮрҹ’һрҹҸҙвҖҚвҳ пёҸрҹҺёрҹҢ§пёҸрҹҳірҹ‘»рҹҸіпёҸвҖҚрҹҢҲрҹҳӮрҹ’һрҹҸҙвҖҚвҳ"] = CFrame.new(0.000000, 0.000000, -0.000000, 0.967730, -0.000000, -0.251988, 0.000000, 1.000000, -0.000000, 0.251988, 0.000000, 0.967730)
    }},
    { Time = 0.217, Data = {
      ["Head"] = CFrame.new(0.000000, 0.000000, -0.000000, 1.000000, -0.000000, 0.000000, 0.000000, 0.919648, 0.392744, -0.000000, -0.392744, 0.919648),
      ["LeftUpperArm"] = CFrame.new(-0.099357, -1.098114, 0.518404, 0.913553, -0.379399, -0.146549, -0.297240, -0.376859, -0.877283, 0.277612, 0.845005, -0.457053),
      ["LeftUpperLeg"] = CFrame.new(0.031295, 0.101250, -0.217784, 0.980116, 0.177623, 0.088444, -0.197335, 0.919194, 0.340795, -0.020764, -0.351472, 0.935968),
      ["LowerTorso"] = CFrame.new(0.000000, -1.418511, -0.637636, 1.000000, 0.000000, 0.000000, 0.000000, -0.061646, -0.998098, 0.000000, 0.998098, -0.061646),
      ["RightUpperArm"] = CFrame.new(0.092717, -1.093282, 0.523009, 0.927203, 0.352699, 0.126089, 0.267186, -0.386881, -0.882573, -0.262501, 0.852013, -0.452953),
      ["RightUpperLeg"] = CFrame.new(-0.025265, 0.131628, -0.209135, 0.989963, -0.130407, -0.054466, 0.141194, 0.929176, 0.341609, 0.006060, -0.345871, 0.938263),
      ["рҹҢ§пёҸрҹҳірҹ‘»рҹҸіпёҸвҖҚрҹҢҲрҹҳӮрҹ’һрҹҸҙвҖҚвҳ пёҸрҹҺёрҹҢ§пёҸрҹҳірҹ‘»рҹҸіпёҸвҖҚрҹҢҲрҹҳӮрҹ’һрҹҸҙвҖҚвҳ"] = CFrame.new(0.000000, 0.000000, 0.000000, 0.967489, -0.000000, -0.252914, 0.000000, 1.000000, -0.000000, 0.252914, 0.000000, 0.967489)
    }},
    { Time = 0.233, Data = {
      ["Head"] = CFrame.new(0.000000, 0.000000, 0.000000, 1.000000, -0.000000, 0.000000, 0.000000, 0.918989, 0.394283, -0.000000, -0.394283, 0.918989),
      ["LeftUpperArm"] = CFrame.new(-0.099372, -1.097233, 0.518748, 0.913591, -0.379699, -0.145532, -0.296111, -0.375923, -0.878066, 0.278692, 0.845287, -0.455873),
      ["LeftUpperLeg"] = CFrame.new(0.031215, 0.100835, -0.217625, 0.980116, 0.177623, 0.088444, -0.197335, 0.919194, 0.340795, -0.020764, -0.351472, 0.935968),
      ["LowerTorso"] = CFrame.new(0.000000, -1.418305, -0.637119, 1.000000, 0.000000, 0.000000, 0.000000, -0.061882, -0.998084, 0.000000, 0.998084, -0.061882),
      ["RightUpperArm"] = CFrame.new(0.092807, -1.091254, 0.523775, 0.927380, 0.353066, 0.123737, 0.264833, -0.385915, -0.883704, -0.264254, 0.852299, -0.451394),
      ["RightUpperLeg"] = CFrame.new(-0.025206, 0.131208, -0.208975, 0.989963, -0.130405, -0.054471, 0.141194, 0.929146, 0.341691, 0.006054, -0.345953, 0.938232),
      ["рҹҢ§пёҸрҹҳірҹ‘»рҹҸіпёҸвҖҚрҹҢҲрҹҳӮрҹ’һрҹҸҙвҖҚвҳ пёҸрҹҺёрҹҢ§пёҸрҹҳірҹ‘»рҹҸіпёҸвҖҚрҹҢҲрҹҳӮрҹ’һрҹҸҙвҖҚвҳ"] = CFrame.new(0.000000, 0.000000, -0.000000, 0.967246, -0.000000, -0.253840, 0.000000, 1.000000, -0.000000, 0.253840, 0.000000, 0.967246)
    }},
    { Time = 0.250, Data = {
      ["Head"] = CFrame.new(0.000000, 0.000000, 0.000000, 1.000000, -0.000000, 0.000000, 0.000000, 0.918362, 0.395741, -0.000000, -0.395741, 0.918362),
      ["LeftUpperArm"] = CFrame.new(-0.099390, -1.096267, 0.519126, 0.913620, -0.380030, -0.144485, -0.294907, -0.374806, -0.878949, 0.279873, 0.845635, -0.454503),
      ["LeftUpperLeg"] = CFrame.new(0.031130, 0.100395, -0.217452, 0.980116, 0.177619, 0.088451, -0.197335, 0.919163, 0.340877, -0.020755, -0.351554, 0.935938),
      ["LowerTorso"] = CFrame.new(0.000000, -1.418100, -0.636572, 1.000000, 0.000000, 0.000000, 0.000000, -0.062119, -0.998069, 0.000000, 0.998069, -0.062119),
      ["RightUpperArm"] = CFrame.new(0.092901, -1.089104, 0.524588, 0.927566, 0.353451, 0.121216, 0.262303, -0.384888, -0.884906, -0.266116, 0.852604, -0.449721),
      ["RightUpperLeg"] = CFrame.new(-0.025143, 0.130764, -0.208809, 0.989963, -0.130405, -0.054471, 0.141194, 0.929146, 0.341691, 0.006054, -0.345953, 0.938232),
      ["рҹҢ§пёҸрҹҳірҹ‘»рҹҸіпёҸвҖҚрҹҢҲрҹҳӮрҹ’һрҹҸҙвҖҚвҳ пёҸрҹҺёрҹҢ§пёҸрҹҳірҹ‘»рҹҸіпёҸвҖҚрҹҢҲрҹҳӮрҹ’һрҹҸҙвҖҚвҳ"] = CFrame.new(-0.000000, 0.000000, -0.000000, 0.966980, -0.000000, -0.254850, 0.000000, 1.000000, -0.000000, 0.254850, 0.000000, 0.966980)
    }},
    { Time = 0.267, Data = {
      ["Head"] = CFrame.new(0.000000, 0.000000, 0.000000, 1.000000, -0.000000, 0.000000, 0.000000, 0.917768, 0.397116, -0.000000, -0.397116, 0.917768),
      ["LeftUpperArm"] = CFrame.new(-0.099399, -1.095274, 0.519516, 0.913675, -0.380339, -0.143322, -0.293587, -0.373722, -0.879851, 0.281079, 0.845975, -0.453123),
      ["LeftUpperLeg"] = CFrame.new(0.031041, 0.099931, -0.217274, 0.980116, 0.177619, 0.088451, -0.197335, 0.919163, 0.340877, -0.020755, -0.351554, 0.935938),
      ["LowerTorso"] = CFrame.new(0.000000, -1.418015, -0.636004, 1.000000, 0.000000, 0.000000, 0.000000, -0.062237, -0.998061, 0.000000, 0.998061, -0.062237),
      ["RightUpperArm"] = CFrame.new(0.092987, -1.086836, 0.525450, 0.927769, 0.353808, 0.118596, 0.259641, -0.383800, -0.886163, -0.268014, 0.852946, -0.447941),
      ["RightUpperLeg"] = CFrame.new(-0.025077, 0.130296, -0.208634, 0.989963, -0.130405, -0.054471, 0.141194, 0.929146, 0.341691, 0.006054, -0.345953, 0.938232),
      ["рҹҢ§пёҸрҹҳірҹ‘»рҹҸіпёҸвҖҚрҹҢҲрҹҳӮрҹ’һрҹҸҙвҖҚвҳ пёҸрҹҺёрҹҢ§пёҸрҹҳірҹ‘»рҹҸіпёҸвҖҚрҹҢҲрҹҳӮрҹ’һрҹҸҙвҖҚвҳ"] = CFrame.new(-0.000000, 0.000000, 0.000000, 0.966691, -0.000000, -0.255945, 0.000000, 1.000000, -0.000000, 0.255945, 0.000000, 0.966691)
    }},
    { Time = 0.283, Data = {
      ["Head"] = CFrame.new(0.000000, 0.000000, 0.000000, 1.000000, -0.000000, 0.000000, 0.000000, 0.917207, 0.398410, -0.000000, -0.398410, 0.917207),
      ["LeftUpperArm"] = CFrame.new(-0.099414, -1.094222, 0.519928, 0.913720, -0.380686, -0.142107, -0.292204, -0.372547, -0.880809, 0.282370, 0.846337, -0.451642),
      ["LeftUpperLeg"] = CFrame.new(0.030947, 0.099445, -0.217088, 0.980116, 0.177619, 0.088451, -0.197335, 0.919163, 0.340877, -0.020755, -0.351554, 0.935938),
      ["LowerTorso"] = CFrame.new(0.000000, -1.417814, -0.635401, 1.000000, 0.000000, 0.000000, 0.000000, -0.062473, -0.998047, 0.000000, 0.998047, -0.062473),
      ["RightUpperArm"] = CFrame.new(0.093096, -1.084449, 0.526350, 0.927946, 0.354252, 0.115852, 0.256868, -0.382618, -0.887481, -0.270065, 0.853293, -0.446045),
      ["RightUpperLeg"] = CFrame.new(-0.025008, 0.129804, -0.208451, 0.989963, -0.130405, -0.054471, 0.141194, 0.929146, 0.341691, 0.006054, -0.345953, 0.938232),
      ["рҹҢ§пёҸрҹҳірҹ‘»рҹҸіпёҸвҖҚрҹҢҲрҹҳӮрҹ’һрҹҸҙвҖҚвҳ пёҸрҹҺёрҹҢ§пёҸрҹҳірҹ‘»рҹҸіпёҸвҖҚрҹҢҲрҹҳӮрҹ’һрҹҸҙвҖҚвҳ"] = CFrame.new(0.000000, 0.000000, 0.000000, 0.966401, -0.000000, -0.257038, 0.000000, 1.000000, -0.000000, 0.257038, 0.000000, 0.966401)
    }},
    { Time = 0.300, Data = {
      ["Head"] = CFrame.new(0.000000, 0.000000, 0.000000, 1.000000, -0.000000, 0.000000, 0.000000, 0.916644, 0.399704, -0.000000, -0.399704, 0.916644),
      ["LeftUpperArm"] = CFrame.new(-0.099427, -1.093138, 0.520352, 0.913762, -0.381035, -0.140894, -0.290820, -0.371370, -0.881764, 0.283659, 0.846697, -0.450156),
      ["LeftUpperLeg"] = CFrame.new(0.030849, 0.098938, -0.216894, 0.980116, 0.177619, 0.088451, -0.197335, 0.919163, 0.340877, -0.020755, -0.351554, 0.935938),
      ["LowerTorso"] = CFrame.new(0.000000, -1.417616, -0.634773, 1.000000, 0.000000, 0.000000, 0.000000, -0.062709, -0.998032, 0.000000, 0.998032, -0.062709),
      ["RightUpperArm"] = CFrame.new(0.093199, -1.081954, 0.527296, 0.928137, 0.354671, 0.113010, 0.253961, -0.381373, -0.888852, -0.272151, 0.853677, -0.444039),
      ["RightUpperLeg"] = CFrame.new(-0.024937, 0.129291, -0.208256, 0.989963, -0.130402, -0.054477, 0.141195, 0.929115, 0.341773, 0.006047, -0.346035, 0.938202),
      ["рҹҢ§пёҸрҹҳірҹ‘»рҹҸіпёҸвҖҚрҹҢҲрҹҳӮрҹ’һрҹҸҙвҖҚвҳ пёҸрҹҺёрҹҢ§пёҸрҹҳірҹ‘»рҹҸіпёҸвҖҚрҹҢҲрҹҳӮрҹ’һрҹҸҙвҖҚвҳ"] = CFrame.new(-0.000000, 0.000000, -0.000000, 0.966087, -0.000000, -0.258216, 0.000000, 1.000000, -0.000000, 0.258216, 0.000000, 0.966087)
    }},
    { Time = 0.317, Data = {
      ["Head"] = CFrame.new(0.000000, -0.000000, 0.000000, 1.000000, -0.000000, 0.000000, 0.000000, 0.916150, 0.400835, -0.000000, -0.400835, 0.916150),
      ["LeftUpperArm"] = CFrame.new(-0.099458, -1.091998, 0.520790, 0.913787, -0.381467, -0.139558, -0.289326, -0.370101, -0.882789, 0.285104, 0.847059, -0.448562),
      ["LeftUpperLeg"] = CFrame.new(0.030747, 0.098411, -0.216687, 0.980116, 0.177615, 0.088459, -0.197336, 0.919133, 0.340959, -0.020747, -0.351636, 0.935907),
      ["LowerTorso"] = CFrame.new(0.000000, -1.417418, -0.634121, 1.000000, 0.000000, 0.000000, 0.000000, -0.062946, -0.998017, 0.000000, 0.998017, -0.062946),
      ["RightUpperArm"] = CFrame.new(0.093307, -1.079384, 0.528268, 0.928331, 0.355114, 0.109980, 0.250889, -0.380155, -0.890246, -0.274330, 0.854035, -0.442003),
      ["RightUpperLeg"] = CFrame.new(-0.024862, 0.128759, -0.208057, 0.989963, -0.130402, -0.054477, 0.141195, 0.929115, 0.341773, 0.006047, -0.346035, 0.938202),
      ["рҹҢ§пёҸрҹҳірҹ‘»рҹҸіпёҸвҖҚрҹҢҲрҹҳӮрҹ’һрҹҸҙвҖҚвҳ пёҸрҹҺёрҹҢ§пёҸрҹҳірҹ‘»рҹҸіпёҸвҖҚрҹҢҲрҹҳӮрҹ’һрҹҸҙвҖҚвҳ"] = CFrame.new(-0.000000, 0.000000, -0.000000, 0.965772, -0.000000, -0.259394, 0.000000, 1.000000, -0.000000, 0.259394, 0.000000, 0.965772)
    }},
    { Time = 0.333, Data = {
      ["Head"] = CFrame.new(0.000000, 0.000000, 0.000000, 1.000000, -0.000000, 0.000000, 0.000000, 0.915690, 0.401886, -0.000000, -0.401886, 0.915690),
      ["LeftUpperArm"] = CFrame.new(-0.099487, -1.090831, 0.521239, 0.913809, -0.381900, -0.138224, -0.287829, -0.368830, -0.883809, 0.286546, 0.847418, -0.446962),
      ["LeftUpperLeg"] = CFrame.new(0.030642, 0.097866, -0.216478, 0.980116, 0.177615, 0.088459, -0.197336, 0.919133, 0.340959, -0.020747, -0.351636, 0.935907),
      ["LowerTorso"] = CFrame.new(0.000000, -1.417222, -0.633447, 1.000000, 0.000000, 0.000000, 0.000000, -0.063182, -0.998002, 0.000000, 0.998002, -0.063182),
      ["RightUpperArm"] = CFrame.new(0.093415, -1.076709, 0.529280, 0.928513, 0.355557, 0.106970, 0.247796, -0.378841, -0.891671, -0.276516, 0.854434, -0.439865),
      ["RightUpperLeg"] = CFrame.new(-0.024784, 0.128208, -0.207852, 0.989963, -0.130402, -0.054477, 0.141195, 0.929115, 0.341773, 0.006047, -0.346035, 0.938202),
      ["рҹҢ§пёҸрҹҳірҹ‘»рҹҸіпёҸвҖҚрҹҢҲрҹҳӮрҹ’һрҹҸҙвҖҚвҳ пёҸрҹҺёрҹҢ§пёҸрҹҳірҹ‘»рҹҸіпёҸвҖҚрҹҢҲрҹҳӮрҹ’һрҹҸҙвҖҚвҳ"] = CFrame.new(-0.000000, 0.000000, 0.000000, 0.965432, -0.000000, -0.260655, 0.000000, 1.000000, -0.000000, 0.260655, 0.000000, 0.965432)
    }},
    { Time = 0.350, Data = {
      ["Head"] = CFrame.new(0.000000, 0.000000, 0.000000, 1.000000, -0.000000, 0.000000, 0.000000, 0.915300, 0.402774, -0.000000, -0.402774, 0.915300),
      ["LeftUpperArm"] = CFrame.new(-0.099495, -1.089624, 0.521713, 0.913862, -0.382262, -0.136865, -0.286247, -0.367501, -0.884876, 0.287957, 0.847832, -0.445267),
      ["LeftUpperLeg"] = CFrame.new(0.030533, 0.097305, -0.216263, 0.980116, 0.177615, 0.088459, -0.197336, 0.919133, 0.340959, -0.020747, -0.351636, 0.935907),
      ["LowerTorso"] = CFrame.new(0.000000, -1.417026, -0.632753, 1.000000, 0.000000, 0.000000, 0.000000, -0.063418, -0.997987, 0.000000, 0.997987, -0.063418),
      ["RightUpperArm"] = CFrame.new(0.093541, -1.073971, 0.530309, 0.928687, 0.356071, 0.103701, 0.244490, -0.377554, -0.893128, -0.278865, 0.854790, -0.437685),
      ["RightUpperLeg"] = CFrame.new(-0.024705, 0.127640, -0.207640, 0.989963, -0.130402, -0.054477, 0.141195, 0.929115, 0.341773, 0.006047, -0.346035, 0.938202),
      ["рҹҢ§пёҸрҹҳірҹ‘»рҹҸіпёҸвҖҚрҹҢҲрҹҳӮрҹ’һрҹҸҙвҖҚвҳ пёҸрҹҺёрҹҢ§пёҸрҹҳірҹ‘»рҹҸіпёҸвҖҚрҹҢҲрҹҳӮрҹ’һрҹҸҙвҖҚвҳ"] = CFrame.new(0.000000, 0.000000, 0.000000, 0.965068, -0.000000, -0.262000, 0.000000, 1.000000, -0.000000, 0.262000, 0.000000, 0.965068)
    }},
    { Time = 0.367, Data = {
      ["Head"] = CFrame.new(0.000000, 0.000000, 0.000000, 1.000000, -0.000000, 0.000000, 0.000000, 0.914908, 0.403662, -0.000000, -0.403662, 0.914908),
      ["LeftUpperArm"] = CFrame.new(-0.099528, -1.088359, 0.522198, 0.913869, -0.382730, -0.135502, -0.284668, -0.366044, -0.885989, 0.289495, 0.848251, -0.443467),
      ["LeftUpperLeg"] = CFrame.new(0.030422, 0.096728, -0.216042, 0.980116, 0.177615, 0.088459, -0.197336, 0.919133, 0.340959, -0.020747, -0.351636, 0.935907),
      ["LowerTorso"] = CFrame.new(0.000000, -1.416714, -0.632032, 1.000000, 0.000000, 0.000000, 0.000000, -0.063773, -0.997964, 0.000000, 0.997964, -0.063773),
      ["RightUpperArm"] = CFrame.new(0.093667, -1.071141, 0.531374, 0.928847, 0.356585, 0.100452, 0.241162, -0.376171, -0.894615, -0.281220, 0.855186, -0.435400),
      ["RightUpperLeg"] = CFrame.new(-0.024623, 0.127057, -0.207419, 0.989963, -0.130400, -0.054483, 0.141195, 0.929085, 0.341855, 0.006041, -0.346117, 0.938172),
      ["рҹҢ§пёҸрҹҳірҹ‘»рҹҸіпёҸвҖҚрҹҢҲрҹҳӮрҹ’һрҹҸҙвҖҚвҳ пёҸрҹҺёрҹҢ§пёҸрҹҳірҹ‘»рҹҸіпёҸвҖҚрҹҢҲрҹҳӮрҹ’һрҹҸҙвҖҚвҳ"] = CFrame.new(-0.000000, 0.000000, 0.000000, 0.964725, -0.000000, -0.263260, 0.000000, 1.000000, -0.000000, 0.263260, 0.000000, 0.964725)
    }},
    { Time = 0.383, Data = {
      ["Head"] = CFrame.new(0.000000, 0.000000, -0.000000, 1.000000, -0.000000, 0.000000, 0.000000, 0.914552, 0.404469, -0.000000, -0.404469, 0.914552),
      ["LeftUpperArm"] = CFrame.new(-0.099556, -1.087105, 0.522679, 0.913899, -0.383186, -0.134003, -0.282988, -0.364710, -0.887076, 0.291043, 0.848620, -0.441745),
      ["LeftUpperLeg"] = CFrame.new(0.030308, 0.096137, -0.215811, 0.980116, 0.177611, 0.088467, -0.197337, 0.919102, 0.341041, -0.020738, -0.351717, 0.935876),
      ["LowerTorso"] = CFrame.new(0.000000, -1.416522, -0.631303, 1.000000, 0.000000, 0.000000, 0.000000, -0.064009, -0.997949, 0.000000, 0.997949, -0.064009),
      ["RightUpperArm"] = CFrame.new(0.093787, -1.068237, 0.532471, 0.929014, 0.357077, 0.097106, 0.237698, -0.374721, -0.896149, -0.283606, 0.855617, -0.432998),
      ["RightUpperLeg"] = CFrame.new(-0.024539, 0.126461, -0.207196, 0.989963, -0.130400, -0.054483, 0.141195, 0.929085, 0.341855, 0.006041, -0.346117, 0.938172),
      ["рҹҢ§пёҸрҹҳірҹ‘»рҹҸіпёҸвҖҚрҹҢҲрҹҳӮрҹ’һрҹҸҙвҖҚвҳ пёҸрҹҺёрҹҢ§пёҸрҹҳірҹ‘»рҹҸіпёҸвҖҚрҹҢҲрҹҳӮрҹ’һрҹҸҙвҖҚвҳ"] = CFrame.new(0.000000, 0.000000, 0.000000, 0.964357, -0.000000, -0.264604, 0.000000, 1.000000, -0.000000, 0.264604, 0.000000, 0.964357)
    }},
    { Time = 0.400, Data = {
      ["Head"] = CFrame.new(0.000000, -0.000000, 0.000000, 1.000000, -0.000000, 0.000000, 0.000000, 0.914266, 0.405114, -0.000000, -0.405114, 0.914266),
      ["LeftUpperArm"] = CFrame.new(-0.099578, -1.085785, 0.523190, 0.913926, -0.383629, -0.132545, -0.281274, -0.363192, -0.888244, 0.292617, 0.849070, -0.439835),
      ["LeftUpperLeg"] = CFrame.new(0.030191, 0.095534, -0.215580, 0.980116, 0.177611, 0.088467, -0.197337, 0.919102, 0.341041, -0.020738, -0.351717, 0.935876),
      ["LowerTorso"] = CFrame.new(0.000000, -1.416329, -0.630559, 1.000000, 0.000000, 0.000000, 0.000000, -0.064245, -0.997934, 0.000000, 0.997934, -0.064245),
      ["RightUpperArm"] = CFrame.new(0.093921, -1.065304, 0.533570, 0.929156, 0.357624, 0.093671, 0.234196, -0.373357, -0.897639, -0.286044, 0.855984, -0.430661),
      ["RightUpperLeg"] = CFrame.new(-0.024454, 0.125852, -0.206969, 0.989963, -0.130400, -0.054483, 0.141195, 0.929085, 0.341855, 0.006041, -0.346117, 0.938172),
      ["рҹҢ§пёҸрҹҳірҹ‘»рҹҸіпёҸвҖҚрҹҢҲрҹҳӮрҹ’һрҹҸҙвҖҚвҳ пёҸрҹҺёрҹҢ§пёҸрҹҳірҹ‘»рҹҸіпёҸвҖҚрҹҢҲрҹҳӮрҹ’һрҹҸҙвҖҚвҳ"] = CFrame.new(0.000000, 0.000000, -0.000000, 0.963964, -0.000000, -0.266032, 0.000000, 1.000000, -0.000000, 0.266032, 0.000000, 0.963964)
    }},
    { Time = 0.417, Data = {
      ["Head"] = CFrame.new(0.000000, -0.000000, 0.000000, 1.000000, -0.000000, 0.000000, 0.000000, 0.914016, 0.405679, -0.000000, -0.405679, 0.914016),
      ["LeftUpperArm"] = CFrame.new(-0.099614, -1.084473, 0.523690, 0.913940, -0.384127, -0.130998, -0.279525, -0.361762, -0.889379, 0.294244, 0.849456, -0.438002),
      ["LeftUpperLeg"] = CFrame.new(0.030073, 0.094921, -0.215345, 0.980116, 0.177611, 0.088467, -0.197337, 0.919102, 0.341041, -0.020738, -0.351717, 0.935876),
      ["LowerTorso"] = CFrame.new(0.000000, -1.416020, -0.629795, 1.000000, 0.000000, 0.000000, 0.000000, -0.064600, -0.997911, 0.000000, 0.997911, -0.064600),
      ["RightUpperArm"] = CFrame.new(0.094056, -1.062301, 0.534698, 0.929283, 0.358173, 0.090257, 0.230671, -0.371897, -0.899158, -0.288487, 0.856391, -0.428217),
      ["RightUpperLeg"] = CFrame.new(-0.024367, 0.125232, -0.206734, 0.989963, -0.130397, -0.054488, 0.141195, 0.929055, 0.341937, 0.006035, -0.346199, 0.938142),
      ["рҹҢ§пёҸрҹҳірҹ‘»рҹҸіпёҸвҖҚрҹҢҲрҹҳӮрҹ’һрҹҸҙвҖҚвҳ пёҸрҹҺёрҹҢ§пёҸрҹҳірҹ‘»рҹҸіпёҸвҖҚрҹҢҲрҹҳӮрҹ’һрҹҸҙвҖҚвҳ"] = CFrame.new(-0.000000, 0.000000, -0.000000, 0.963569, -0.000000, -0.267459, 0.000000, 1.000000, -0.000000, 0.267459, 0.000000, 0.963569)
    }},
    { Time = 0.433, Data = {
      ["Head"] = CFrame.new(0.000000, 0.000000, -0.000000, 1.000000, -0.000000, 0.000000, 0.000000, 0.913801, 0.406163, -0.000000, -0.406163, 0.913801),
      ["LeftUpperArm"] = CFrame.new(-0.099635, -1.083122, 0.524211, 0.913958, -0.384576, -0.129543, -0.277804, -0.360238, -0.890536, 0.295813, 0.849900, -0.436079),
      ["LeftUpperLeg"] = CFrame.new(0.029953, 0.094300, -0.215102, 0.980116, 0.177607, 0.088475, -0.197338, 0.919072, 0.341122, -0.020729, -0.351799, 0.935846),
      ["LowerTorso"] = CFrame.new(0.000000, -1.415829, -0.629028, 1.000000, 0.000000, 0.000000, 0.000000, -0.064836, -0.997896, 0.000000, 0.997896, -0.064836),
      ["RightUpperArm"] = CFrame.new(0.094185, -1.059243, 0.535849, 0.929414, 0.358700, 0.086746, 0.227008, -0.370368, -0.900719, -0.290960, 0.856833, -0.425653),
      ["RightUpperLeg"] = CFrame.new(-0.024278, 0.124604, -0.206500, 0.989963, -0.130397, -0.054488, 0.141195, 0.929055, 0.341937, 0.006035, -0.346199, 0.938142),
      ["рҹҢ§пёҸрҹҳірҹ‘»рҹҸіпёҸвҖҚрҹҢҲрҹҳӮрҹ’һрҹҸҙвҖҚвҳ пёҸрҹҺёрҹҢ§пёҸрҹҳірҹ‘»рҹҸіпёҸвҖҚрҹҢҲрҹҳӮрҹ’һрҹҸҙвҖҚвҳ"] = CFrame.new(0.000000, 0.000000, 0.000000, 0.963172, -0.000000, -0.268886, 0.000000, 1.000000, -0.000000, 0.268886, 0.000000, 0.963172)
    }},
    { Time = 0.450, Data = {
      ["Head"] = CFrame.new(0.000000, -0.000000, 0.000000, 1.000000, -0.000000, 0.000000, 0.000000, 0.913657, 0.406485, -0.000000, -0.406485, 0.913657),
      ["LeftUpperArm"] = CFrame.new(-0.099651, -1.081793, 0.524723, 0.913999, -0.385013, -0.127951, -0.275981, -0.358837, -0.891667, 0.297390, 0.850295, -0.434233),
      ["LeftUpperLeg"] = CFrame.new(0.029832, 0.093672, -0.214861, 0.980116, 0.177607, 0.088475, -0.197338, 0.919072, 0.341122, -0.020729, -0.351799, 0.935846),
      ["LowerTorso"] = CFrame.new(0.000000, -1.415521, -0.628245, 1.000000, 0.000000, 0.000000, 0.000000, -0.065190, -0.997873, 0.000000, 0.997873, -0.065190),
      ["RightUpperArm"] = CFrame.new(0.094328, -1.056178, 0.536995, 0.929517, 0.359283, 0.083147, 0.223306, -0.368925, -0.902236, -0.293483, 0.857211, -0.423152),
      ["RightUpperLeg"] = CFrame.new(-0.024189, 0.123969, -0.206263, 0.989963, -0.130397, -0.054488, 0.141195, 0.929055, 0.341937, 0.006035, -0.346199, 0.938142),
      ["рҹҢ§пёҸрҹҳірҹ‘»рҹҸіпёҸвҖҚрҹҢҲрҹҳӮрҹ’һрҹҸҙвҖҚвҳ пёҸрҹҺёрҹҢ§пёҸрҹҳірҹ‘»рҹҸіпёҸвҖҚрҹҢҲрҹҳӮрҹ’һрҹҸҙвҖҚвҳ"] = CFrame.new(0.000000, 0.000000, -0.000000, 0.962773, -0.000000, -0.270312, 0.000000, 1.000000, -0.000000, 0.270312, 0.000000, 0.962773)
    }},
    { Time = 0.467, Data = {
      ["Head"] = CFrame.new(0.000000, 0.000000, 0.000000, 1.000000, -0.000000, 0.000000, 0.000000, 0.913550, 0.406727, -0.000000, -0.406727, 0.913550),
      ["LeftUpperArm"] = CFrame.new(-0.099696, -1.080423, 0.525240, 0.913991, -0.385557, -0.126358, -0.274160, -0.357307, -0.892843, 0.299093, 0.850693, -0.432280),
      ["LeftUpperLeg"] = CFrame.new(0.029709, 0.093038, -0.214618, 0.980116, 0.177607, 0.088475, -0.197338, 0.919072, 0.341122, -0.020729, -0.351799, 0.935846),
      ["LowerTorso"] = CFrame.new(0.000000, -1.415332, -0.627463, 1.000000, 0.000000, 0.000000, 0.000000, -0.065426, -0.997857, 0.000000, 0.997857, -0.065426),
      ["RightUpperArm"] = CFrame.new(0.094472, -1.053065, 0.538160, 0.929603, 0.359870, 0.079569, 0.219581, -0.367383, -0.903778, -0.296010, 0.857627, -0.420541),
      ["RightUpperLeg"] = CFrame.new(-0.024099, 0.123329, -0.206020, 0.989963, -0.130395, -0.054494, 0.141195, 0.929025, 0.342019, 0.006029, -0.346281, 0.938111),
      ["рҹҢ§пёҸрҹҳірҹ‘»рҹҸіпёҸвҖҚрҹҢҲрҹҳӮрҹ’һрҹҸҙвҖҚвҳ пёҸрҹҺёрҹҢ§пёҸрҹҳірҹ‘»рҹҸіпёҸвҖҚрҹҢҲрҹҳӮрҹ’һрҹҸҙвҖҚвҳ"] = CFrame.new(-0.000000, 0.000000, 0.000000, 0.962371, -0.000000, -0.271738, 0.000000, 1.000000, -0.000000, 0.271738, 0.000000, 0.962371)
    }},
    { Time = 0.483, Data = {
      ["Head"] = CFrame.new(0.000000, 0.000000, 0.000000, 1.000000, -0.000000, 0.000000, 0.000000, 0.913478, 0.406888, -0.000000, -0.406888, 0.913478),
      ["LeftUpperArm"] = CFrame.new(-0.099727, -1.079022, 0.525775, 0.913988, -0.386052, -0.124856, -0.272365, -0.355683, -0.894040, 0.300737, 0.851149, -0.430237),
      ["LeftUpperLeg"] = CFrame.new(0.029586, 0.092400, -0.214369, 0.980116, 0.177603, 0.088483, -0.197339, 0.919041, 0.341204, -0.020720, -0.351881, 0.935815),
      ["LowerTorso"] = CFrame.new(0.000000, -1.415143, -0.626677, 1.000000, 0.000000, 0.000000, 0.000000, -0.065662, -0.997842, 0.000000, 0.997842, -0.065662),
      ["RightUpperArm"] = CFrame.new(0.094619, -1.049959, 0.539319, 0.929673, 0.360467, 0.075975, 0.215863, -0.365927, -0.905262, -0.298516, 0.857998, -0.418004),
      ["RightUpperLeg"] = CFrame.new(-0.024009, 0.122684, -0.205780, 0.989963, -0.130395, -0.054494, 0.141195, 0.929025, 0.342019, 0.006029, -0.346281, 0.938111),
      ["рҹҢ§пёҸрҹҳірҹ‘»рҹҸіпёҸвҖҚрҹҢҲрҹҳӮрҹ’һрҹҸҙвҖҚвҳ пёҸрҹҺёрҹҢ§пёҸрҹҳірҹ‘»рҹҸіпёҸвҖҚрҹҢҲрҹҳӮрҹ’һрҹҸҙвҖҚвҳ"] = CFrame.new(0.000000, 0.000000, 0.000000, 0.961944, -0.000000, -0.273248, 0.000000, 1.000000, -0.000000, 0.273248, 0.000000, 0.961944)
    }},
    { Time = 0.500, Data = {
      ["Head"] = CFrame.new(0.000000, 0.000000, 0.000000, 1.000000, -0.000000, 0.000000, 0.000000, 0.913442, 0.406969, -0.000000, -0.406969, 0.913442),
      ["LeftUpperArm"] = CFrame.new(-0.099742, -1.077650, 0.526302, 0.914016, -0.386490, -0.123289, -0.270516, -0.354181, -0.895197, 0.302318, 0.851576, -0.428279),
      ["LeftUpperLeg"] = CFrame.new(0.029462, 0.091762, -0.214124, 0.980116, 0.177603, 0.088483, -0.197339, 0.919041, 0.341204, -0.020720, -0.351881, 0.935815),
      ["LowerTorso"] = CFrame.new(0.000000, -1.414835, -0.625880, 1.000000, 0.000000, 0.000000, 0.000000, -0.066016, -0.997819, 0.000000, 0.997819, -0.066016),
      ["RightUpperArm"] = CFrame.new(0.094779, -1.046820, 0.540485, 0.929713, 0.361112, 0.072332, 0.212075, -0.364373, -0.906784, -0.301095, 0.858388, -0.415345),
      ["RightUpperLeg"] = CFrame.new(-0.023918, 0.122039, -0.205539, 0.989963, -0.130395, -0.054494, 0.141195, 0.929025, 0.342019, 0.006029, -0.346281, 0.938111),
      ["рҹҢ§пёҸрҹҳірҹ‘»рҹҸіпёҸвҖҚрҹҢҲрҹҳӮрҹ’һрҹҸҙвҖҚвҳ пёҸрҹҺёрҹҢ§пёҸрҹҳірҹ‘»рҹҸіпёҸвҖҚрҹҢҲрҹҳӮрҹ’һрҹҸҙвҖҚвҳ"] = CFrame.new(-0.000000, 0.000000, -0.000000, 0.961538, -0.000000, -0.274673, 0.000000, 1.000000, -0.000000, 0.274673, 0.000000, 0.961538)
    }},
    { Time = 0.517, Data = {
      ["Head"] = CFrame.new(0.000000, 0.000000, 0.000000, 1.000000, -0.000000, 0.000000, 0.000000, 0.913478, 0.406888, -0.000000, -0.406888, 0.913478),
      ["LeftUpperArm"] = CFrame.new(-0.099788, -1.076269, 0.526820, 0.913995, -0.387043, -0.121700, -0.268683, -0.352642, -0.896356, 0.304012, 0.851963, -0.426305),
      ["LeftUpperLeg"] = CFrame.new(0.029339, 0.091123, -0.213879, 0.980116, 0.177603, 0.088483, -0.197339, 0.919041, 0.341204, -0.020720, -0.351881, 0.935815),
      ["LowerTorso"] = CFrame.new(0.000000, -1.414646, -0.625092, 1.000000, 0.000000, 0.000000, 0.000000, -0.066252, -0.997803, 0.000000, 0.997803, -0.066252),
      ["RightUpperArm"] = CFrame.new(0.094911, -1.043687, 0.541660, 0.929778, 0.361652, 0.068714, 0.208258, -0.362841, -0.908281, -0.303550, 0.858810, -0.412679),
      ["RightUpperLeg"] = CFrame.new(-0.023828, 0.121393, -0.205294, 0.989963, -0.130393, -0.054500, 0.141196, 0.928994, 0.342101, 0.006023, -0.346363, 0.938081),
