return {
  ["Astros getting all of it"] = {
    { Time = 0.000, Data = {
      ["Head"] = CFrame.new(0.000002, 0.125735, 0.079355, 0.992572, 0.031574, 0.117486, 0.046424, 0.794345, -0.605690, -0.112448, 0.606646, 0.786979),
      ["LeftUpperArm"] = CFrame.new(-0.172440, -0.120974, 0.261589, 0.266263, -0.958475, -0.102121, 0.954426, 0.276980, -0.111141, 0.134811, -0.067875, 0.988544),
      ["LeftUpperLeg"] = CFrame.new(-0.105170, 0.017127, -0.070811, 0.989327, -0.039769, 0.140180, 0.034255, 0.998550, 0.041528, -0.141629, -0.036283, 0.989255),
      ["LowerTorso"] = CFrame.new(0.000000, -1.579003, 0.577177, 1.000000, -0.000000, 0.000000, 0.000000, 0.088064, 0.996115, -0.000000, -0.996115, 0.088064),
      ["RightUpperArm"] = CFrame.new(0.140853, -0.100670, 0.082893, 0.336393, 0.937176, 0.092419, -0.892312, 0.285834, 0.349397, 0.301030, -0.200001, 0.932406),
      ["RightUpperLeg"] = CFrame.new(0.105173, 0.017127, -0.070811, 0.989327, 0.039769, -0.140180, -0.034255, 0.998550, 0.041528, 0.141629, -0.036283, 0.989255)
    }},
    { Time = 0.017, Data = {
      ["Head"] = CFrame.new(0.000002, 0.125735, 0.079355, 0.992572, 0.031579, 0.117484, 0.046429, 0.794290, -0.605762, -0.112446, 0.606718, 0.786924),
      ["LeftUpperLeg"] = CFrame.new(-0.105170, 0.017127, -0.070811, 0.989327, -0.039769, 0.140180, 0.034255, 0.998550, 0.041528, -0.141629, -0.036283, 0.989255),
      ["LowerTorso"] = CFrame.new(0.000000, -1.579009, 0.577173, 1.000000, -0.000000, 0.000000, 0.000000, 0.088064, 0.996115, -0.000000, -0.996115, 0.088064),
      ["RightUpperLeg"] = CFrame.new(0.105173, 0.017126, -0.070811, 0.989327, 0.039769, -0.140180, -0.034255, 0.998550, 0.041528, 0.141629, -0.036283, 0.989255)
    }},
    { Time = 0.033, Data = {
      ["Head"] = CFrame.new(0.000002, 0.125735, 0.079354, 0.992572, 0.031601, 0.117479, 0.046450, 0.794068, -0.606051, -0.112438, 0.607007, 0.786702),
      ["LeftUpperLeg"] = CFrame.new(-0.105170, 0.017116, -0.070812, 0.989327, -0.039781, 0.140177, 0.034243, 0.998543, 0.041701, -0.141632, -0.036455, 0.989248),
      ["LowerTorso"] = CFrame.new(0.000000, -1.579164, 0.577130, 1.000000, -0.000000, 0.000000, 0.000000, 0.088181, 0.996104, -0.000000, -0.996104, 0.088181),
      ["RightUpperLeg"] = CFrame.new(0.105172, 0.017116, -0.070812, 0.989327, 0.039781, -0.140177, -0.034243, 0.998543, 0.041701, 0.141632, -0.036455, 0.989248)
    }},
    { Time = 0.050, Data = {
      ["Head"] = CFrame.new(0.000002, 0.125735, 0.079355, 0.992572, 0.031638, 0.117469, 0.046486, 0.793680, -0.606556, -0.112423, 0.607512, 0.786315),
      ["LeftUpperLeg"] = CFrame.new(-0.105168, 0.017053, -0.070811, 0.989330, -0.039713, 0.140174, 0.034139, 0.998536, 0.041953, -0.141635, -0.036720, 0.989238),
      ["LowerTorso"] = CFrame.new(0.000000, -1.579388, 0.577031, 1.000000, -0.000000, 0.000000, 0.000000, 0.088297, 0.996094, -0.000000, -0.996094, 0.088297),
      ["RightUpperLeg"] = CFrame.new(0.105171, 0.017052, -0.070811, 0.989330, 0.039713, -0.140174, -0.034139, 0.998536, 0.041953, 0.141635, -0.036720, 0.989238)
    }},
    { Time = 0.067, Data = {
      ["Head"] = CFrame.new(0.000002, 0.125735, 0.079355, 0.992573, 0.031768, 0.117428, 0.046450, 0.793182, -0.607211, -0.112432, 0.608156, 0.785815),
      ["LeftUpperLeg"] = CFrame.new(-0.105168, 0.017009, -0.070812, 0.989330, -0.039756, 0.140162, 0.034096, 0.998512, 0.042555, -0.141645, -0.037322, 0.989214),
      ["LowerTorso"] = CFrame.new(0.000000, -1.579827, 0.576838, 1.000000, -0.000000, 0.000000, 0.000000, 0.088530, 0.996073, -0.000000, -0.996073, 0.088530),
      ["RightUpperLeg"] = CFrame.new(0.105171, 0.017008, -0.070812, 0.989330, 0.039756, -0.140162, -0.034096, 0.998512, 0.042555, 0.141645, -0.037322, 0.989214)
    }},
    { Time = 0.083, Data = {
      ["Head"] = CFrame.new(0.000002, 0.125735, 0.079355, 0.992574, 0.031909, 0.117384, 0.046425, 0.792571, -0.608010, -0.112436, 0.608944, 0.785204),
      ["LeftUpperLeg"] = CFrame.new(-0.105173, 0.016892, -0.070857, 0.989321, -0.039744, 0.140228, 0.033934, 0.998473, 0.043583, -0.141747, -0.038359, 0.989160),
      ["LowerTorso"] = CFrame.new(0.000000, -1.580751, 0.576501, 1.000000, -0.000000, 0.000000, 0.000000, 0.089113, 0.996022, -0.000000, -0.996022, 0.089113),
      ["RightUpperLeg"] = CFrame.new(0.105176, 0.016891, -0.070857, 0.989321, 0.039744, -0.140228, -0.033934, 0.998473, 0.043583, 0.141747, -0.038359, 0.989160)
    }},
    { Time = 0.100, Data = {
      ["Head"] = CFrame.new(0.000002, 0.125735, 0.079355, 0.992575, 0.032065, 0.117336, 0.046416, 0.791793, -0.609024, -0.112434, 0.609948, 0.784425),
      ["LeftUpperLeg"] = CFrame.new(-0.105171, 0.016742, -0.070859, 0.989324, -0.039761, 0.140201, 0.033744, 0.998415, 0.045039, -0.141770, -0.039827, 0.989098),
      ["LowerTorso"] = CFrame.new(0.000000, -1.581960, 0.576014, 1.000000, -0.000000, 0.000000, 0.000000, 0.089812, 0.995959, -0.000000, -0.995959, 0.089812),
      ["RightUpperLeg"] = CFrame.new(0.105174, 0.016741, -0.070858, 0.989324, 0.039761, -0.140201, -0.033744, 0.998415, 0.045039, 0.141770, -0.039827, 0.989098)
    }},
    { Time = 0.117, Data = {
      ["Head"] = CFrame.new(0.000002, 0.125735, 0.079355, 0.992575, 0.032238, 0.117283, 0.046422, 0.790846, -0.610253, -0.112426, 0.611166, 0.783477),
      ["LeftUpperLeg"] = CFrame.new(-0.105168, 0.016506, -0.070861, 0.989331, -0.039735, 0.140164, 0.033425, 0.998331, 0.047092, -0.141801, -0.041904, 0.989008),
      ["LowerTorso"] = CFrame.new(0.000000, -1.583718, 0.575326, 1.000000, -0.000000, 0.000000, 0.000000, 0.090860, 0.995864, -0.000000, -0.995864, 0.090860),
      ["RightUpperLeg"] = CFrame.new(0.105171, 0.016505, -0.070860, 0.989331, 0.039735, -0.140164, -0.033425, 0.998331, 0.047092, 0.141801, -0.041904, 0.989008)
    }},
    { Time = 0.133, Data = {
      ["Head"] = CFrame.new(0.000002, 0.125735, 0.079354, 0.992576, 0.032421, 0.117227, 0.046438, 0.789784, -0.611625, -0.112414, 0.612527, 0.782415),
      ["LeftUpperLeg"] = CFrame.new(-0.105171, 0.016222, -0.070906, 0.989325, -0.039753, 0.140200, 0.033060, 0.998214, 0.049748, -0.141928, -0.044582, 0.988873),
      ["LowerTorso"] = CFrame.new(0.000000, -1.586060, 0.574409, 1.000000, -0.000000, 0.000000, 0.000000, 0.092256, 0.995735, -0.000000, -0.995735, 0.092256),
      ["RightUpperLeg"] = CFrame.new(0.105174, 0.016222, -0.070905, 0.989325, 0.039753, -0.140200, -0.033060, 0.998214, 0.049748, 0.141928, -0.044582, 0.988873)
    }},
    { Time = 0.150, Data = {
      ["Head"] = CFrame.new(0.000002, 0.125735, 0.079355, 0.992576, 0.032615, 0.117168, 0.046464, 0.788608, -0.613139, -0.112397, 0.614031, 0.781238),
      ["LeftUpperLeg"] = CFrame.new(-0.105172, 0.015835, -0.070951, 0.989322, -0.039746, 0.140222, 0.032548, 0.998050, 0.053258, -0.142065, -0.048125, 0.988687),
      ["LowerTorso"] = CFrame.new(0.000000, -1.589017, 0.573234, 1.000000, -0.000000, 0.000000, 0.000000, 0.094000, 0.995572, -0.000000, -0.995572, 0.094000),
      ["RightUpperLeg"] = CFrame.new(0.105175, 0.015835, -0.070951, 0.989322, 0.039746, -0.140222, -0.032548, 0.998050, 0.053258, 0.142065, -0.048125, 0.988687)
    }},
    { Time = 0.167, Data = {
      ["Head"] = CFrame.new(0.000002, 0.125735, 0.079355, 0.992578, 0.032912, 0.117074, 0.046430, 0.787204, -0.614943, -0.112400, 0.615814, 0.779833),
      ["LeftUpperLeg"] = CFrame.new(-0.105172, 0.015343, -0.070996, 0.989322, -0.039713, 0.140230, 0.031887, 0.997829, 0.057621, -0.142214, -0.052534, 0.988441),
      ["LowerTorso"] = CFrame.new(0.000000, -1.592740, 0.571759, 1.000000, -0.000000, 0.000000, 0.000000, 0.096207, 0.995361, -0.000000, -0.995361, 0.096207),
      ["RightUpperLeg"] = CFrame.new(0.105175, 0.015342, -0.070996, 0.989322, 0.039713, -0.140230, -0.031887, 0.997829, 0.057621, 0.142214, -0.052534, 0.988441)
    }},
    { Time = 0.183, Data = {
      ["Head"] = CFrame.new(0.000002, 0.125735, 0.079355, 0.992579, 0.033214, 0.116978, 0.046401, 0.785738, -0.616816, -0.112401, 0.617667, 0.778366),
      ["LeftUpperLeg"] = CFrame.new(-0.105172, 0.014780, -0.071041, 0.989322, -0.039748, 0.140219, 0.031159, 0.997532, 0.062929, -0.142374, -0.057888, 0.988119),
      ["LowerTorso"] = CFrame.new(0.000000, -1.597259, 0.569954, 1.000000, -0.000000, 0.000000, 0.000000, 0.098874, 0.995100, -0.000000, -0.995100, 0.098874),
      ["RightUpperLeg"] = CFrame.new(0.105175, 0.014779, -0.071040, 0.989322, 0.039748, -0.140219, -0.031159, 0.997532, 0.062929, 0.142374, -0.057888, 0.988119)
    }},
    { Time = 0.200, Data = {
      ["Head"] = CFrame.new(0.000002, 0.125735, 0.079355, 0.992580, 0.033456, 0.116904, 0.046474, 0.784040, -0.618968, -0.112366, 0.619808, 0.776667),
      ["LeftUpperLeg"] = CFrame.new(-0.105171, 0.014094, -0.071084, 0.989325, -0.039776, 0.140190, 0.030263, 0.997133, 0.069347, -0.142546, -0.064364, 0.987693),
      ["LowerTorso"] = CFrame.new(0.000000, -1.602721, 0.567774, 1.000000, -0.000000, 0.000000, 0.000000, 0.102116, 0.994773, -0.000000, -0.994773, 0.102116),
      ["RightUpperLeg"] = CFrame.new(0.105173, 0.014093, -0.071084, 0.989325, 0.039776, -0.140190, -0.030263, 0.997133, 0.069347, 0.142546, -0.064364, 0.987693)
    }},
    { Time = 0.217, Data = {
      ["Head"] = CFrame.new(0.000002, 0.125735, 0.079355, 0.992581, 0.033790, 0.116798, 0.046476, 0.782222, -0.621264, -0.112355, 0.622082, 0.774848),
      ["LeftUpperLeg"] = CFrame.new(-0.105173, 0.013236, -0.071165, 0.989322, -0.039714, 0.140232, 0.029111, 0.996616, 0.076868, -0.142810, -0.071965, 0.987130),
      ["LowerTorso"] = CFrame.new(0.000000, -1.609043, 0.565200, 1.000000, -0.000000, 0.000000, 0.000000, 0.105814, 0.994386, -0.000000, -0.994386, 0.105814),
      ["RightUpperLeg"] = CFrame.new(0.105175, 0.013235, -0.071165, 0.989322, 0.039714, -0.140232, -0.029111, 0.996616, 0.076868, 0.142810, -0.071965, 0.987130)
    }},
    { Time = 0.233, Data = {
      ["Head"] = CFrame.new(0.000002, 0.125735, 0.079355, 0.992572, 0.034245, 0.116741, 0.046436, 0.780283, -0.623700, -0.112449, 0.624488, 0.772897),
      ["LeftUpperLeg"] = CFrame.new(-0.105168, 0.012289, -0.071200, 0.989330, -0.039734, 0.140166, 0.027874, 0.995941, 0.085588, -0.142998, -0.080767, 0.986422),
      ["LowerTorso"] = CFrame.new(0.000000, -1.616599, 0.562159, 1.000000, -0.000000, 0.000000, 0.000000, 0.110310, 0.993897, -0.000000, -0.993897, 0.110310),
      ["RightUpperLeg"] = CFrame.new(0.105171, 0.012289, -0.071200, 0.989330, 0.039734, -0.140166, -0.027874, 0.995941, 0.085588, 0.142998, -0.080767, 0.986422)
    }},
    { Time = 0.250, Data = {
      ["Head"] = CFrame.new(0.000002, 0.125735, 0.079355, 0.992573, 0.034605, 0.116625, 0.046464, 0.778162, -0.626343, -0.112428, 0.627110, 0.770774),
      ["LeftUpperLeg"] = CFrame.new(-0.105169, 0.011193, -0.071273, 0.989329, -0.039777, 0.140164, 0.026440, 0.995054, 0.095756, -0.143280, -0.091028, 0.985487),
      ["LowerTorso"] = CFrame.new(0.000000, -1.625188, 0.558641, 1.000000, -0.000000, 0.000000, 0.000000, 0.115369, 0.993323, -0.000000, -0.993323, 0.115369),
      ["RightUpperLeg"] = CFrame.new(0.105172, 0.011193, -0.071273, 0.989329, 0.039777, -0.140164, -0.026440, 0.995054, 0.095756, 0.143280, -0.091028, 0.985487)
    }},
    { Time = 0.267, Data = {
      ["Head"] = CFrame.new(0.000002, 0.125735, 0.079355, 0.992574, 0.034965, 0.116508, 0.046492, 0.776030, -0.628980, -0.112406, 0.629726, 0.768642),
      ["LeftUpperLeg"] = CFrame.new(-0.105173, 0.009904, -0.071378, 0.989320, -0.039750, 0.140232, 0.024728, 0.993922, 0.107277, -0.143644, -0.102664, 0.984290),
      ["LowerTorso"] = CFrame.new(0.000000, -1.635068, 0.554581, 1.000000, -0.000000, 0.000000, 0.000000, 0.121215, 0.992626, -0.000000, -0.992626, 0.121215),
      ["RightUpperLeg"] = CFrame.new(0.105176, 0.009904, -0.071377, 0.989320, 0.039750, -0.140232, -0.024728, 0.993922, 0.107277, 0.143644, -0.102664, 0.984290)
    }},
    { Time = 0.283, Data = {
      ["Head"] = CFrame.new(0.000002, 0.125735, 0.079355, 0.992576, 0.035391, 0.116366, 0.046424, 0.774063, -0.631404, -0.112421, 0.632118, 0.766674),
      ["LeftUpperLeg"] = CFrame.new(-0.105171, 0.008460, -0.071428, 0.989326, -0.039744, 0.140194, 0.022820, 0.992473, 0.120322, -0.143921, -0.115838, 0.982786),
      ["LowerTorso"] = CFrame.new(0.000000, -1.646263, 0.549939, 1.000000, -0.000000, 0.000000, 0.000000, 0.127840, 0.991795, -0.000000, -0.991795, 0.127840),
      ["RightUpperLeg"] = CFrame.new(0.105173, 0.008459, -0.071428, 0.989326, 0.039744, -0.140194, -0.022820, 0.992473, 0.120322, 0.143921, -0.115838, 0.982786)
    }},
    { Time = 0.300, Data = {
      ["Head"] = CFrame.new(0.000002, 0.125735, 0.079355, 0.992577, 0.035724, 0.116256, 0.046427, 0.772204, -0.633677, -0.112411, 0.634370, 0.764813),
      ["LeftUpperLeg"] = CFrame.new(-0.105173, 0.006878, -0.071507, 0.989321, -0.039744, 0.140229, 0.020729, 0.990691, 0.134543, -0.144271, -0.130199, 0.980935),
      ["LowerTorso"] = CFrame.new(0.000001, -1.658425, 0.544824, 1.000000, -0.000000, 0.000000, 0.000000, 0.135008, 0.990845, -0.000000, -0.990845, 0.135008),
      ["RightUpperLeg"] = CFrame.new(0.105175, 0.006878, -0.071506, 0.989321, 0.039744, -0.140229, -0.020729, 0.990691, 0.134543, 0.144271, -0.130199, 0.980935)
    }},
    { Time = 0.317, Data = {
      ["Head"] = CFrame.new(0.000002, 0.125735, 0.079355, 0.992578, 0.036041, 0.116150, 0.046415, 0.770512, -0.635733, -0.112407, 0.636406, 0.763120),
      ["LeftUpperLeg"] = CFrame.new(-0.105171, 0.005427, -0.071538, 0.989325, -0.039749, 0.140201, 0.018808, 0.988863, 0.147638, -0.144508, -0.143425, 0.979054),
      ["LowerTorso"] = CFrame.new(0.000001, -1.669568, 0.540095, 1.000000, -0.000000, 0.000000, 0.000000, 0.141581, 0.989927, -0.000000, -0.989927, 0.141581),
      ["RightUpperLeg"] = CFrame.new(0.105174, 0.005426, -0.071537, 0.989325, 0.039749, -0.140201, -0.018808, 0.988863, 0.147638, 0.144508, -0.143425, 0.979054)
    }},
    { Time = 0.333, Data = {
      ["Head"] = CFrame.new(0.000002, 0.125735, 0.079355, 0.992578, 0.036261, 0.116077, 0.046468, 0.768990, -0.637570, -0.112381, 0.638232, 0.761597),
      ["LeftUpperLeg"] = CFrame.new(-0.105171, 0.004134, -0.071566, 0.989325, -0.039725, 0.140206, 0.017089, 0.987115, 0.159099, -0.144720, -0.155005, 0.977256),
      ["LowerTorso"] = CFrame.new(0.000001, -1.679472, 0.535874, 1.000000, -0.000000, 0.000000, 0.000000, 0.147452, 0.989069, -0.000000, -0.989069, 0.147452),
      ["RightUpperLeg"] = CFrame.new(0.105173, 0.004134, -0.071565, 0.989325, 0.039725, -0.140206, -0.017089, 0.987115, 0.159099, 0.144720, -0.155005, 0.977256)
    }},
    { Time = 0.350, Data = {
      ["Head"] = CFrame.new(0.000002, 0.125735, 0.079355, 0.992579, 0.036551, 0.115978, 0.046430, 0.767580, -0.639269, -0.112389, 0.639910, 0.760187),
      ["LeftUpperLeg"] = CFrame.new(-0.105174, 0.003034, -0.071597, 0.989320, -0.039771, 0.140230, 0.015646, 0.985473, 0.169109, -0.144919, -0.165109, 0.975570),
      ["LowerTorso"] = CFrame.new(0.000001, -1.688067, 0.532162, 1.000000, -0.000000, 0.000000, 0.000000, 0.152517, 0.988301, -0.000000, -0.988301, 0.152517),
      ["RightUpperLeg"] = CFrame.new(0.105176, 0.003034, -0.071597, 0.989320, 0.039771, -0.140230, -0.015646, 0.985473, 0.169109, 0.144919, -0.165109, 0.975570)
    }},
    { Time = 0.367, Data = {
      ["Head"] = CFrame.new(0.000002, 0.125735, 0.079355, 0.992579, 0.036749, 0.115912, 0.046463, 0.766284, -0.640820, -0.112371, 0.641450, 0.758890),
      ["LeftUpperLeg"] = CFrame.new(-0.105171, 0.002038, -0.071584, 0.989327, -0.039713, 0.140200, 0.014310, 0.983973, 0.177743, -0.145011, -0.173840, 0.974039),
      ["LowerTorso"] = CFrame.new(0.000001, -1.695506, 0.528925, 1.000000, -0.000000, 0.000000, 0.000000, 0.156894, 0.987616, -0.000000, -0.987616, 0.156894),
      ["RightUpperLeg"] = CFrame.new(0.105173, 0.002037, -0.071584, 0.989327, 0.039713, -0.140200, -0.014310, 0.983973, 0.177743, 0.145011, -0.173840, 0.974039)
    }},
    { Time = 0.383, Data = {
      ["Head"] = CFrame.new(0.000002, 0.125735, 0.079355, 0.992580, 0.037012, 0.115821, 0.046400, 0.765162, -0.642163, -0.112390, 0.642773, 0.757768),
      ["LeftUpperLeg"] = CFrame.new(-0.105170, 0.001218, -0.071580, 0.989328, -0.039743, 0.140180, 0.013233, 0.982614, 0.185190, -0.145103, -0.181358, 0.972653),
      ["LowerTorso"] = CFrame.new(0.000001, -1.701935, 0.526125, 1.000000, -0.000000, 0.000000, 0.000000, 0.160701, 0.987003, -0.000000, -0.987003, 0.160701),
      ["RightUpperLeg"] = CFrame.new(0.105172, 0.001217, -0.071579, 0.989328, 0.039743, -0.140180, -0.013233, 0.982614, 0.185190, 0.145103, -0.181358, 0.972653)
    }},
    { Time = 0.400, Data = {
      ["Head"] = CFrame.new(0.000002, 0.125735, 0.079355, 0.992581, 0.037178, 0.115764, 0.046402, 0.764215, -0.643290, -0.112385, 0.643889, 0.756820),
      ["LeftUpperLeg"] = CFrame.new(-0.105170, 0.000528, -0.071580, 0.989327, -0.039773, 0.140178, 0.012330, 0.981426, 0.191445, -0.145189, -0.187674, 0.971442),
      ["LowerTorso"] = CFrame.new(0.000001, -1.707285, 0.523758, 1.000000, -0.000000, 0.000000, 0.000000, 0.163830, 0.986489, -0.000000, -0.986489, 0.163830),
      ["RightUpperLeg"] = CFrame.new(0.105172, 0.000527, -0.071580, 0.989327, 0.039773, -0.140178, -0.012330, 0.981426, 0.191445, 0.145189, -0.187674, 0.971442)
    }},
    { Time = 0.417, Data = {
      ["Head"] = CFrame.new(0.000002, 0.125735, 0.079355, 0.992581, 0.037334, 0.115710, 0.046393, 0.763385, -0.644276, -0.112385, 0.644864, 0.755990),
      ["LeftUpperLeg"] = CFrame.new(-0.105171, -0.000085, -0.071582, 0.989326, -0.039731, 0.140199, 0.011501, 0.980401, 0.196677, -0.145265, -0.192966, 0.970393),
      ["LowerTorso"] = CFrame.new(0.000001, -1.711813, 0.521766, 1.000000, -0.000000, 0.000000, 0.000000, 0.166507, 0.986040, -0.000000, -0.986040, 0.166507),
      ["RightUpperLeg"] = CFrame.new(0.105173, -0.000085, -0.071582, 0.989326, 0.039731, -0.140199, -0.011501, 0.980401, 0.196677, 0.145265, -0.192966, 0.970393)
    }},
    { Time = 0.433, Data = {
      ["Head"] = CFrame.new(0.000002, 0.125735, 0.079355, 0.992581, 0.037398, 0.115689, 0.046455, 0.762672, -0.645115, -0.112359, 0.645704, 0.755276),
      ["LeftUpperLeg"] = CFrame.new(-0.105173, -0.000582, -0.071591, 0.989322, -0.039702, 0.140232, 0.010834, 0.979553, 0.200894, -0.145341, -0.197229, 0.969524),
      ["LowerTorso"] = CFrame.new(0.000001, -1.715556, 0.520123, 1.000000, -0.000000, 0.000000, 0.000000, 0.168734, 0.985662, -0.000000, -0.985662, 0.168734),
      ["RightUpperLeg"] = CFrame.new(0.105175, -0.000582, -0.071590, 0.989322, 0.039702, -0.140232, -0.010834, 0.979553, 0.200894, 0.145341, -0.197229, 0.969524)
    }},
    { Time = 0.450, Data = {
      ["Head"] = CFrame.new(0.000002, 0.125735, 0.079355, 0.992571, 0.037557, 0.115725, 0.046451, 0.762137, -0.645748, -0.112450, 0.646326, 0.754730),
      ["LeftUpperLeg"] = CFrame.new(-0.105171, -0.000927, -0.071569, 0.989327, -0.039781, 0.140179, 0.010404, 0.978841, 0.204357, -0.145342, -0.200717, 0.968808),
      ["LowerTorso"] = CFrame.new(0.000001, -1.718438, 0.518824, 1.000000, -0.000000, 0.000000, 0.000000, 0.170403, 0.985375, -0.000000, -0.985375, 0.170403),
      ["RightUpperLeg"] = CFrame.new(0.105173, -0.000927, -0.071568, 0.989327, 0.039781, -0.140179, -0.010404, 0.978841, 0.204357, 0.145342, -0.200717, 0.968808)
    }},
    { Time = 0.467, Data = {
      ["Head"] = CFrame.new(0.000002, 0.125735, 0.079355, 0.992571, 0.037589, 0.115714, 0.046482, 0.761779, -0.646167, -0.112437, 0.646745, 0.754373),
      ["LeftUpperLeg"] = CFrame.new(-0.105174, -0.001263, -0.071587, 0.989321, -0.039728, 0.140236, 0.009936, 0.978280, 0.207050, -0.145415, -0.203445, 0.968227),
      ["LowerTorso"] = CFrame.new(0.000001, -1.720829, 0.517784, 1.000000, -0.000000, 0.000000, 0.000000, 0.171848, 0.985124, -0.000000, -0.985124, 0.171848),
      ["RightUpperLeg"] = CFrame.new(0.105175, -0.001263, -0.071586, 0.989321, 0.039728, -0.140236, -0.009936, 0.978280, 0.207050, 0.145415, -0.203445, 0.968227)
    }},
    { Time = 0.483, Data = {
      ["Head"] = CFrame.new(0.000002, 0.125735, 0.079355, 0.992571, 0.037610, 0.115707, 0.046503, 0.761541, -0.646446, -0.112429, 0.647025, 0.754135),
      ["LeftUpperLeg"] = CFrame.new(-0.105173, -0.001455, -0.071574, 0.989323, -0.039783, 0.140205, 0.009704, 0.977869, 0.208991, -0.145416, -0.205399, 0.967815),
      ["LowerTorso"] = CFrame.new(0.000001, -1.722539, 0.517017, 1.000000, -0.000000, 0.000000, 0.000000, 0.172847, 0.984949, -0.000000, -0.984949, 0.172847),
      ["RightUpperLeg"] = CFrame.new(0.105174, -0.001455, -0.071573, 0.989323, 0.039783, -0.140205, -0.009704, 0.977869, 0.208991, 0.145416, -0.205399, 0.967815)
    }},
    { Time = 0.500, Data = {
      ["Head"] = CFrame.new(0.000002, 0.125735, 0.079355, 0.992571, 0.037696, 0.115676, 0.046427, 0.761482, -0.646522, -0.112456, 0.647089, 0.754075),
      ["LeftUpperLeg"] = CFrame.new(-0.105170, -0.001649, -0.071558, 0.989327, -0.039715, 0.140194, 0.009426, 0.977566, 0.210418, -0.145405, -0.206851, 0.967507),
      ["LowerTorso"] = CFrame.new(0.000001, -1.723715, 0.516475, 1.000000, -0.000000, 0.000000, 0.000000, 0.173513, 0.984832, -0.000000, -0.984832, 0.173513),
      ["RightUpperLeg"] = CFrame.new(0.105172, -0.001649, -0.071558, 0.989327, 0.039715, -0.140194, -0.009426, 0.977566, 0.210418, 0.145405, -0.206851, 0.967507)
    }},
    { Time = 0.517, Data = {
      ["Head"] = CFrame.new(0.000002, 0.125735, 0.079355, 0.992571, 0.037610, 0.115707, 0.046503, 0.761541, -0.646446, -0.112429, 0.647025, 0.754135),
      ["LeftUpperLeg"] = CFrame.new(-0.105169, -0.001766, -0.071550, 0.989329, -0.039703, 0.140182, 0.009264, 0.977350, 0.211428, -0.145401, -0.207873, 0.967289),
      ["LowerTorso"] = CFrame.new(0.000001, -1.724610, 0.516093, 1.000000, -0.000000, 0.000000, 0.000000, 0.174068, 0.984734, -0.000000, -0.984734, 0.174068),
      ["RightUpperLeg"] = CFrame.new(0.105171, -0.001766, -0.071549, 0.989329, 0.039703, -0.140182, -0.009264, 0.977350, 0.211428, 0.145401, -0.207873, 0.967289)
    }},
    { Time = 0.533, Data = {
      ["Head"] = CFrame.new(0.000002, 0.125735, 0.079355, 0.992571, 0.037589, 0.115714, 0.046482, 0.761779, -0.646167, -0.112437, 0.646745, 0.754373),
      ["LeftUpperLeg"] = CFrame.new(-0.105169, -0.001810, -0.071547, 0.989329, -0.039746, 0.140170, 0.009220, 0.977222, 0.212020, -0.145404, -0.208465, 0.967161),
      ["LowerTorso"] = CFrame.new(0.000001, -1.725039, 0.515881, 1.000000, -0.000000, 0.000000, 0.000000, 0.174290, 0.984694, -0.000000, -0.984694, 0.174290),
      ["RightUpperLeg"] = CFrame.new(0.105171, -0.001811, -0.071546, 0.989329, 0.039746, -0.140170, -0.009220, 0.977222, 0.212020, 0.145404, -0.208465, 0.967161)
    }},
    { Time = 0.550, Data = {
      ["Head"] = CFrame.new(0.000002, 0.125735, 0.079355, 0.992571, 0.037557, 0.115725, 0.046451, 0.762137, -0.645748, -0.112450, 0.646326, 0.754730),
      ["LeftUpperLeg"] = CFrame.new(-0.105169, -0.001831, -0.071546, 0.989329, -0.039764, 0.140165, 0.009201, 0.977167, 0.212274, -0.145405, -0.208719, 0.967106),
      ["LowerTorso"] = CFrame.new(0.000001, -1.725367, 0.515753, 1.000000, -0.000000, 0.000000, 0.000000, 0.174512, 0.984655, -0.000000, -0.984655, 0.174512),
      ["RightUpperLeg"] = CFrame.new(0.105171, -0.001831, -0.071545, 0.989329, 0.039764, -0.140165, -0.009201, 0.977167, 0.212274, 0.145405, -0.208719, 0.967106)
    }},
    { Time = 0.567, Data = {
      ["Head"] = CFrame.new(0.000002, 0.125735, 0.079355, 0.992581, 0.037398, 0.115689, 0.046455, 0.762672, -0.645115, -0.112359, 0.645704, 0.755276),
      ["LeftUpperLeg"] = CFrame.new(-0.105169, -0.001839, -0.071545, 0.989329, -0.039770, 0.140163, 0.009194, 0.977149, 0.212359, -0.145406, -0.208804, 0.967087),
      ["LowerTorso"] = CFrame.new(0.000001, -1.725407, 0.515720, 1.000000, -0.000000, 0.000000, 0.000000, 0.174512, 0.984655, -0.000000, -0.984655, 0.174512),
      ["RightUpperLeg"] = CFrame.new(0.105171, -0.001839, -0.071544, 0.989329, 0.039770, -0.140163, -0.009194, 0.977149, 0.212359, 0.145406, -0.208804, 0.967087)
    }},
    { Time = 0.583, Data = {
      ["Head"] = CFrame.new(0.000002, 0.125735, 0.079355, 0.992581, 0.037334, 0.115710, 0.046393, 0.763385, -0.644276, -0.112385, 0.644864, 0.755990),
      ["LeftUpperLeg"] = CFrame.new(-0.105169, -0.001842, -0.071545, 0.989329, -0.039776, 0.140161, 0.009188, 0.977130, 0.212443, -0.145406, -0.208889, 0.967069),
      ["LowerTorso"] = CFrame.new(0.000001, -1.725412, 0.515716, 1.000000, -0.000000, 0.000000, 0.000000, 0.174512, 0.984655, -0.000000, -0.984655, 0.174512),
      ["RightUpperLeg"] = CFrame.new(0.105171, -0.001843, -0.071544, 0.989329, 0.039776, -0.140161, -0.009188, 0.977130, 0.212443, 0.145406, -0.208889, 0.967069)
    }},
    { Time = 0.600, Data = {
      ["Head"] = CFrame.new(0.000002, 0.125735, 0.079355, 0.992581, 0.037178, 0.115764, 0.046402, 0.764215, -0.643290, -0.112385, 0.643889, 0.756820),
      ["LeftUpperLeg"] = CFrame.new(-0.105169, -0.001800, -0.071548, 0.989329, -0.039733, 0.140174, 0.009232, 0.977258, 0.211851, -0.145403, -0.208296, 0.967197),
      ["LowerTorso"] = CFrame.new(0.000001, -1.724998, 0.515915, 1.000000, -0.000000, 0.000000, 0.000000, 0.174290, 0.984694, -0.000000, -0.984694, 0.174290),
      ["RightUpperLeg"] = CFrame.new(0.105171, -0.001800, -0.071547, 0.989329, 0.039733, -0.140174, -0.009232, 0.977258, 0.211851, 0.145403, -0.208296, 0.967197)
    }},
    { Time = 0.617, Data = {
      ["Head"] = CFrame.new(0.000002, 0.125735, 0.079355, 0.992580, 0.037012, 0.115821, 0.046400, 0.765162, -0.642163, -0.112390, 0.642773, 0.757768),
      ["LeftUpperLeg"] = CFrame.new(-0.105170, -0.001635, -0.071559, 0.989327, -0.039703, 0.140197, 0.009438, 0.977602, 0.210249, -0.145405, -0.206682, 0.967543),
      ["LowerTorso"] = CFrame.new(0.000001, -1.723535, 0.516552, 1.000000, -0.000000, 0.000000, 0.000000, 0.173402, 0.984851, -0.000000, -0.984851, 0.173402),
      ["RightUpperLeg"] = CFrame.new(0.105172, -0.001635, -0.071559, 0.989327, 0.039703, -0.140197, -0.009438, 0.977602, 0.210249, 0.145405, -0.206682, 0.967543)
    }},
    { Time = 0.633, Data = {
      ["Head"] = CFrame.new(0.000002, 0.125735, 0.079355, 0.992579, 0.036749, 0.115912, 0.046463, 0.766284, -0.640820, -0.112371, 0.641450, 0.758890),
      ["LeftUpperLeg"] = CFrame.new(-0.105174, -0.001302, -0.071584, 0.989321, -0.039765, 0.140225, 0.009898, 0.978173, 0.207558, -0.145418, -0.203953, 0.968120),
      ["LowerTorso"] = CFrame.new(0.000001, -1.721242, 0.517586, 1.000000, -0.000000, 0.000000, 0.000000, 0.172070, 0.985085, -0.000000, -0.985085, 0.172070),
      ["RightUpperLeg"] = CFrame.new(0.105175, -0.001302, -0.071584, 0.989321, 0.039765, -0.140225, -0.009898, 0.978173, 0.207558, 0.145418, -0.203953, 0.968120)
    }},
    { Time = 0.650, Data = {
      ["Head"] = CFrame.new(0.000002, 0.125735, 0.079355, 0.992579, 0.036551, 0.115978, 0.046430, 0.767580, -0.639269, -0.112389, 0.639910, 0.760187),
      ["LeftUpperLeg"] = CFrame.new(-0.105171, -0.000883, -0.071571, 0.989327, -0.039738, 0.140191, 0.010448, 0.978964, 0.203764, -0.145339, -0.200124, 0.968931),
      ["LowerTorso"] = CFrame.new(0.000001, -1.718011, 0.519034, 1.000000, -0.000000, 0.000000, 0.000000, 0.170180, 0.985413, -0.000000, -0.985413, 0.170180),
      ["RightUpperLeg"] = CFrame.new(0.105173, -0.000883, -0.071570, 0.989327, 0.039738, -0.140191, -0.010448, 0.978964, 0.203764, 0.145339, -0.200124, 0.968931)
    }},
    { Time = 0.667, Data = {
      ["Head"] = CFrame.new(0.000002, 0.125735, 0.079355, 0.992578, 0.036261, 0.116077, 0.046468, 0.768990, -0.637570, -0.112381, 0.638232, 0.761597),
      ["LeftUpperLeg"] = CFrame.new(-0.105169, -0.000339, -0.071565, 0.989330, -0.039719, 0.140171, 0.011166, 0.979962, 0.198871, -0.145261, -0.195184, 0.969950),
      ["LowerTorso"] = CFrame.new(0.000001, -1.713724, 0.520912, 1.000000, -0.000000, 0.000000, 0.000000, 0.167621, 0.985852, -0.000000, -0.985852, 0.167621),
      ["RightUpperLeg"] = CFrame.new(0.105171, -0.000339, -0.071565, 0.989330, 0.039719, -0.140171, -0.011166, 0.979962, 0.198871, 0.145261, -0.195184, 0.969950)
    }},
    { Time = 0.683, Data = {
      ["Head"] = CFrame.new(0.000002, 0.125735, 0.079355, 0.992578, 0.036041, 0.116150, 0.046415, 0.770512, -0.635733, -0.112407, 0.636406, 0.763120),
      ["LeftUpperLeg"] = CFrame.new(-0.105174, 0.000323, -0.071609, 0.989319, -0.039720, 0.140249, 0.012036, 0.981132, 0.192962, -0.145268, -0.189213, 0.971131),
      ["LowerTorso"] = CFrame.new(0.000001, -1.708604, 0.523179, 1.000000, -0.000000, 0.000000, 0.000000, 0.164611, 0.986359, -0.000000, -0.986359, 0.164611),
      ["RightUpperLeg"] = CFrame.new(0.105170, 0.000327, -0.071566, 0.989332, 0.039712, -0.140164, -0.012045, 0.981132, 0.192961, 0.145182, -0.189215, 0.971144)
    }},
    { Time = 0.700, Data = {
      ["Head"] = CFrame.new(0.000002, 0.125735, 0.079355, 0.992577, 0.035724, 0.116256, 0.046427, 0.772204, -0.633677, -0.112411, 0.634370, 0.764813),
      ["LeftUpperLeg"] = CFrame.new(-0.105169, 0.001118, -0.071573, 0.989330, -0.039712, 0.140173, 0.013091, 0.982472, 0.185948, -0.145100, -0.182129, 0.972510),
      ["LowerTorso"] = CFrame.new(0.000001, -1.702536, 0.525849, 1.000000, -0.000000, 0.000000, 0.000000, 0.161037, 0.986948, -0.000000, -0.986948, 0.161037),
      ["RightUpperLeg"] = CFrame.new(0.105171, 0.001118, -0.071573, 0.989330, 0.039712, -0.140173, -0.013091, 0.982472, 0.185948, 0.145100, -0.182129, 0.972510)
    }},
    { Time = 0.717, Data = {
      ["Head"] = CFrame.new(0.000002, 0.125735, 0.079355, 0.992576, 0.035391, 0.116366, 0.046424, 0.774063, -0.631404, -0.112421, 0.632118, 0.766674),
      ["LeftUpperLeg"] = CFrame.new(-0.105171, 0.002037, -0.071584, 0.989327, -0.039713, 0.140200, 0.014310, 0.983973, 0.177743, -0.145011, -0.173840, 0.974039),
      ["LowerTorso"] = CFrame.new(0.000001, -1.695514, 0.528916, 1.000000, -0.000000, 0.000000, 0.000000, 0.156894, 0.987616, -0.000000, -0.987616, 0.156894),
      ["RightUpperLeg"] = CFrame.new(0.105173, 0.002036, -0.071584, 0.989327, 0.039713, -0.140200, -0.014310, 0.983973, 0.177743, 0.145011, -0.173840, 0.974039)
    }},
    { Time = 0.733, Data = {
      ["Head"] = CFrame.new(0.000002, 0.125735, 0.079355, 0.992574, 0.034965, 0.116508, 0.046492, 0.776030, -0.628980, -0.112406, 0.629726, 0.768642),
      ["LeftUpperLeg"] = CFrame.new(-0.105174, 0.003077, -0.071598, 0.989320, -0.039728, 0.140242, 0.015690, 0.985575, 0.168513, -0.144914, -0.164512, 0.975672),
      ["LowerTorso"] = CFrame.new(0.000001, -1.687650, 0.532357, 1.000000, -0.000000, 0.000000, 0.000000, 0.152292, 0.988336, -0.000000, -0.988336, 0.152292),
      ["RightUpperLeg"] = CFrame.new(0.105176, 0.003077, -0.071598, 0.989320, 0.039728, -0.140242, -0.015690, 0.985575, 0.168513, 0.144914, -0.164512, 0.975672)
    }},
    { Time = 0.750, Data = {
      ["Head"] = CFrame.new(0.000002, 0.125735, 0.079355, 0.992573, 0.034605, 0.116625, 0.046464, 0.778162, -0.626343, -0.112428, 0.627110, 0.770774),
      ["LeftUpperLeg"] = CFrame.new(-0.105173, 0.004245, -0.071571, 0.989323, -0.039744, 0.140218, 0.017244, 0.987262, 0.158167, -0.144718, -0.154061, 0.977406),
      ["LowerTorso"] = CFrame.new(0.000001, -1.678714, 0.536198, 1.000000, -0.000000, 0.000000, 0.000000, 0.147001, 0.989136, -0.000000, -0.989136, 0.147001),
      ["RightUpperLeg"] = CFrame.new(0.105175, 0.004244, -0.071570, 0.989323, 0.039744, -0.140218, -0.017244, 0.987262, 0.158167, 0.144718, -0.154061, 0.977406)
    }},
    { Time = 0.767, Data = {
      ["Head"] = CFrame.new(0.000002, 0.125735, 0.079355, 0.992572, 0.034245, 0.116741, 0.046436, 0.780283, -0.623700, -0.112449, 0.624488, 0.772897),
      ["LeftUpperLeg"] = CFrame.new(-0.105173, 0.005537, -0.071542, 0.989322, -0.039767, 0.140214, 0.018962, 0.988999, 0.146705, -0.144506, -0.142480, 0.979192),
      ["LowerTorso"] = CFrame.new(0.000001, -1.668924, 0.540397, 1.000000, -0.000000, 0.000000, 0.000000, 0.141241, 0.989975, -0.000000, -0.989975, 0.141241),
      ["RightUpperLeg"] = CFrame.new(0.105175, 0.005537, -0.071542, 0.989322, 0.039767, -0.140214, -0.018962, 0.988999, 0.146705, 0.144506, -0.142480, 0.979192)
    }},
    { Time = 0.783, Data = {
      ["Head"] = CFrame.new(0.000002, 0.125735, 0.079355, 0.992581, 0.033790, 0.116798, 0.046476, 0.782222, -0.621264, -0.112355, 0.622082, 0.774848),
      ["LeftUpperLeg"] = CFrame.new(-0.105173, 0.006906, -0.071508, 0.989321, -0.039720, 0.140236, 0.020754, 0.990737, 0.134201, -0.144267, -0.129857, 0.980981),
      ["LowerTorso"] = CFrame.new(0.000001, -1.658051, 0.544977, 1.000000, -0.000000, 0.000000, 0.000000, 0.134781, 0.990875, -0.000000, -0.990875, 0.134781),
      ["RightUpperLeg"] = CFrame.new(0.105175, 0.006906, -0.071507, 0.989321, 0.039720, -0.140236, -0.020754, 0.990737, 0.134201, 0.144267, -0.129857, 0.980981)
    }},
    { Time = 0.800, Data = {
      ["Head"] = CFrame.new(0.000002, 0.125735, 0.079355, 0.992580, 0.033456, 0.116904, 0.046474, 0.784040, -0.618968, -0.112366, 0.619808, 0.776667),
      ["LeftUpperLeg"] = CFrame.new(-0.105171, 0.008428, -0.071428, 0.989326, -0.039774, 0.140185, 0.022789, 0.992421, 0.120750, -0.143926, -0.116267, 0.982735),
      ["LowerTorso"] = CFrame.new(0.000000, -1.646637, 0.549787, 1.000000, -0.000000, 0.000000, 0.000000, 0.128068, 0.991765, -0.000000, -0.991765, 0.128068),
      ["RightUpperLeg"] = CFrame.new(0.105173, 0.008428, -0.071427, 0.989326, 0.039774, -0.140185, -0.022789, 0.992421, 0.120750, 0.143926, -0.116267, 0.982735)
    }},
    { Time = 0.817, Data = {
      ["Head"] = CFrame.new(0.000002, 0.125735, 0.079355, 0.992579, 0.033214, 0.116978, 0.046401, 0.785738, -0.616816, -0.112401, 0.617667, 0.778366),
      ["LeftUpperLeg"] = CFrame.new(-0.105172, 0.009798, -0.071375, 0.989323, -0.039725, 0.140220, 0.024580, 0.993833, 0.108128, -0.143650, -0.103527, 0.984199),
      ["LowerTorso"] = CFrame.new(0.000000, -1.635829, 0.554272, 1.000000, -0.000000, 0.000000, 0.000000, 0.121673, 0.992570, -0.000000, -0.992570, 0.121673),
      ["RightUpperLeg"] = CFrame.new(0.105174, 0.009797, -0.071375, 0.989323, 0.039725, -0.140220, -0.024580, 0.993833, 0.108128, 0.143650, -0.103527, 0.984199)
    }},
    { Time = 0.833, Data = {
      ["Head"] = CFrame.new(0.000002, 0.125735, 0.079355, 0.992578, 0.032912, 0.117074, 0.046430, 0.787204, -0.614943, -0.112400, 0.615814, 0.779833),
      ["LeftUpperLeg"] = CFrame.new(-0.105174, 0.011084, -0.071314, 0.989320, -0.039755, 0.140237, 0.026288, 0.994975, 0.096609, -0.143373, -0.091891, 0.985394),
      ["LowerTorso"] = CFrame.new(0.000000, -1.625955, 0.558331, 1.000000, -0.000000, 0.000000, 0.000000, 0.115828, 0.993269, -0.000000, -0.993269, 0.115828),
      ["RightUpperLeg"] = CFrame.new(0.105176, 0.011084, -0.071313, 0.989320, 0.039755, -0.140237, -0.026288, 0.994975, 0.096609, 0.143373, -0.091891, 0.985394)
    }},
    { Time = 0.850, Data = {
      ["Head"] = CFrame.new(0.000002, 0.125735, 0.079355, 0.992576, 0.032615, 0.117168, 0.046464, 0.788608, -0.613139, -0.112397, 0.614031, 0.781238),
      ["LeftUpperLeg"] = CFrame.new(-0.105175, 0.012245, -0.071244, 0.989318, -0.039781, 0.140240, 0.027827, 0.995890, 0.086190, -0.143092, -0.081367, 0.986359),
      ["LowerTorso"] = CFrame.new(0.000000, -1.617022, 0.561974, 1.000000, -0.000000, 0.000000, 0.000000, 0.110540, 0.993872, -0.000000, -0.993872, 0.110540),
      ["RightUpperLeg"] = CFrame.new(0.105177, 0.012244, -0.071243, 0.989318, 0.039781, -0.140240, -0.027827, 0.995890, 0.086190, 0.143092, -0.081367, 0.986359)
    }},
    { Time = 0.867, Data = {
      ["Head"] = CFrame.new(0.000002, 0.125735, 0.079354, 0.992576, 0.032421, 0.117227, 0.046438, 0.789784, -0.611625, -0.112414, 0.612527, 0.782415),
      ["LeftUpperLeg"] = CFrame.new(-0.105173, 0.013240, -0.071165, 0.989322, -0.039708, 0.140233, 0.029117, 0.996623, 0.076782, -0.142809, -0.071879, 0.987137),
      ["LowerTorso"] = CFrame.new(0.000000, -1.609033, 0.565208, 1.000000, -0.000000, 0.000000, 0.000000, 0.105814, 0.994386, -0.000000, -0.994386, 0.105814),
      ["RightUpperLeg"] = CFrame.new(0.105175, 0.013239, -0.071165, 0.989322, 0.039708, -0.140233, -0.029117, 0.996623, 0.076782, 0.142809, -0.071879, 0.987137)
    }},
    { Time = 0.883, Data = {
      ["Head"] = CFrame.new(0.000002, 0.125735, 0.079355, 0.992575, 0.032238, 0.117283, 0.046422, 0.790846, -0.610253, -0.112426, 0.611166, 0.783477),
      ["LeftUpperLeg"] = CFrame.new(-0.105171, 0.014150, -0.071083, 0.989325, -0.039721, 0.140205, 0.030319, 0.997185, 0.068573, -0.142535, -0.063590, 0.987745),
      ["LowerTorso"] = CFrame.new(0.000000, -1.601994, 0.568042, 1.000000, -0.000000, 0.000000, 0.000000, 0.101653, 0.994820, -0.000000, -0.994820, 0.101653),
      ["RightUpperLeg"] = CFrame.new(0.105173, 0.014150, -0.071083, 0.989325, 0.039721, -0.140205, -0.030319, 0.997185, 0.068573, 0.142535, -0.063590, 0.987745)
    }},
    { Time = 0.900, Data = {
      ["Head"] = CFrame.new(0.000002, 0.125735, 0.079355, 0.992575, 0.032065, 0.117336, 0.046416, 0.791793, -0.609024, -0.112434, 0.609948, 0.784425),
      ["LeftUpperLeg"] = CFrame.new(-0.105168, 0.014938, -0.070997, 0.989332, -0.039722, 0.140162, 0.031358, 0.997621, 0.061386, -0.142267, -0.056336, 0.988224),
      ["LowerTorso"] = CFrame.new(0.000000, -1.595909, 0.570483, 1.000000, -0.000000, 0.000000, 0.000000, 0.098062, 0.995180, -0.000000, -0.995180, 0.098062),
      ["RightUpperLeg"] = CFrame.new(0.105170, 0.014937, -0.070997, 0.989332, 0.039722, -0.140162, -0.031358, 0.997621, 0.061386, 0.142267, -0.056336, 0.988224)
    }},
    { Time = 0.917, Data = {
      ["Head"] = CFrame.new(0.000002, 0.125735, 0.079355, 0.992574, 0.031909, 0.117384, 0.046425, 0.792571, -0.608010, -0.112436, 0.608944, 0.785204),
      ["LeftUpperLeg"] = CFrame.new(-0.105169, 0.015599, -0.070952, 0.989328, -0.039719, 0.140186, 0.032228, 0.997949, 0.055310, -0.142095, -0.050201, 0.988579),
      ["LowerTorso"] = CFrame.new(0.000000, -1.590781, 0.572535, 1.000000, -0.000000, 0.000000, 0.000000, 0.095046, 0.995473, -0.000000, -0.995473, 0.095046),
      ["RightUpperLeg"] = CFrame.new(0.105172, 0.015598, -0.070952, 0.989328, 0.039719, -0.140186, -0.032228, 0.997949, 0.055310, 0.142095, -0.050201, 0.988579)
    }},
    { Time = 0.933, Data = {
      ["Head"] = CFrame.new(0.000002, 0.125735, 0.079355, 0.992573, 0.031768, 0.117428, 0.046450, 0.793182, -0.607211, -0.112432, 0.608156, 0.785815),
      ["LeftUpperLeg"] = CFrame.new(-0.105170, 0.016136, -0.070906, 0.989328, -0.039709, 0.140190, 0.032931, 0.998189, 0.050344, -0.141936, -0.045190, 0.988844),
      ["LowerTorso"] = CFrame.new(0.000000, -1.586498, 0.574216, 1.000000, -0.000000, 0.000000, 0.000000, 0.092489, 0.995714, -0.000000, -0.995714, 0.092489),
      ["RightUpperLeg"] = CFrame.new(0.105172, 0.016135, -0.070905, 0.989328, 0.039709, -0.140190, -0.032931, 0.998189, 0.050344, 0.141936, -0.045190, 0.988844)
    }},
    { Time = 0.950, Data = {
      ["Head"] = CFrame.new(0.000002, 0.125735, 0.079355, 0.992572, 0.031638, 0.117469, 0.046486, 0.793680, -0.606556, -0.112423, 0.607512, 0.786315),
      ["LeftUpperLeg"] = CFrame.new(-0.105170, 0.016591, -0.070860, 0.989328, -0.039778, 0.140174, 0.033554, 0.998355, 0.046496, -0.141793, -0.041296, 0.989035),
      ["LowerTorso"] = CFrame.new(0.000000, -1.583293, 0.575507, 1.000000, -0.000000, 0.000000, 0.000000, 0.090627, 0.995885, -0.000000, -0.995885, 0.090627),
      ["RightUpperLeg"] = CFrame.new(0.105172, 0.016591, -0.070860, 0.989328, 0.039778, -0.140174, -0.033554, 0.998355, 0.046496, 0.141793, -0.041296, 0.989035)
    }},
    { Time = 0.967, Data = {
      ["Head"] = CFrame.new(0.000002, 0.125735, 0.079354, 0.992572, 0.031601, 0.117479, 0.046450, 0.794068, -0.606051, -0.112438, 0.607007, 0.786702),
      ["LeftUpperLeg"] = CFrame.new(-0.105173, 0.016878, -0.070857, 0.989321, -0.039756, 0.140225, 0.033922, 0.998466, 0.043755, -0.141750, -0.038531, 0.989152),
      ["LowerTorso"] = CFrame.new(0.000000, -1.580936, 0.576434, 1.000000, -0.000000, 0.000000, 0.000000, 0.089229, 0.996011, -0.000000, -0.996011, 0.089229),
      ["RightUpperLeg"] = CFrame.new(0.105176, 0.016878, -0.070857, 0.989321, 0.039756, -0.140225, -0.033922, 0.998466, 0.043755, 0.141750, -0.038531, 0.989152)
    }},
    { Time = 0.983, Data = {
