return {
  ["Astros hump 8"] = {
    { Time = 0.000, Data = {
      ["Balls"] = CFrame.new(-0.000000, -0.000001, 0.000000, 0.999476, 0.032367, 0.000000, -0.032367, 0.999476, -0.000000, -0.000000, 0.000000, 1.000000),
      ["Cock"] = CFrame.new(0.000000, 0.000000, 0.000000, 0.835832, -0.548985, 0.000000, 0.548985, 0.835832, 0.000000, 0.000000, 0.000000, 1.000000),
      ["Head"] = CFrame.new(0.000000, -0.000000, 0.000000, 1.000000, -0.000000, 0.000000, 0.000000, 0.947187, 0.320683, -0.000000, -0.320683, 0.947187),
      ["LeftUpperArm"] = CFrame.new(-0.100966, -0.651584, -0.034364, 0.922902, -0.383902, 0.029525, 0.241654, 0.517823, -0.820648, 0.299760, 0.764512, 0.570671),
      ["LeftUpperLeg"] = CFrame.new(-0.001085, -0.013976, -0.046620, 0.999440, 0.024830, 0.022428, -0.025568, 0.999121, 0.033206, -0.021584, -0.033761, 0.999197),
      ["LowerTorso"] = CFrame.new(0.000000, 0.000000, -0.154324, 1.000000, 0.000000, 0.000000, 0.000000, 1.000000, 0.000000, 0.000000, 0.000000, 1.000000),
      ["RightUpperArm"] = CFrame.new(0.114754, -0.655511, -0.039197, 0.899275, 0.436329, -0.030350, -0.271696, 0.502890, -0.820539, -0.342762, 0.746136, 0.570785),
      ["RightUpperLeg"] = CFrame.new(0.000832, -0.011232, -0.044596, 0.999645, -0.019462, -0.018197, 0.020064, 0.999238, 0.033481, 0.017532, -0.033834, 0.999274)
    }},
    { Time = 0.017, Data = {
      ["Balls"] = CFrame.new(-0.000000, -0.000003, 0.000000, 0.999843, 0.017695, 0.000000, -0.017695, 0.999843, -0.000000, -0.000000, 0.000000, 1.000000),
      ["Cock"] = CFrame.new(0.000000, 0.000000, 0.000000, 0.835238, -0.549888, 0.000000, 0.549888, 0.835238, 0.000000, 0.000000, 0.000000, 1.000000),
      ["Head"] = CFrame.new(0.000000, -0.000000, 0.000000, 1.000000, -0.000000, 0.000000, 0.000000, 0.944229, 0.329290, -0.000000, -0.329290, 0.944229),
      ["LeftUpperArm"] = CFrame.new(-0.101005, -0.651484, -0.034452, 0.922835, -0.384050, 0.029681, 0.242040, 0.518202, -0.820295, 0.299653, 0.764181, 0.571171),
      ["LeftUpperLeg"] = CFrame.new(-0.001087, -0.014122, -0.046574, 0.999440, 0.024821, 0.022439, -0.025577, 0.999092, 0.034069, -0.021573, -0.034624, 0.999168),
      ["LowerTorso"] = CFrame.new(0.000000, -0.000153, -0.155125, 1.000000, 0.000000, 0.000000, 0.000000, 1.000000, -0.000432, 0.000000, 0.000432, 1.000000),
      ["RightUpperArm"] = CFrame.new(0.114785, -0.655365, -0.039314, 0.899220, 0.436445, -0.030331, -0.272014, 0.503446, -0.820092, -0.342654, 0.745693, 0.571428),
      ["RightUpperLeg"] = CFrame.new(0.000835, -0.011378, -0.044596, 0.999643, -0.019454, -0.018291, 0.020072, 0.999211, 0.034257, 0.017610, -0.034612, 0.999246)
    }},
    { Time = 0.033, Data = {
      ["Balls"] = CFrame.new(-0.000000, -0.000002, 0.000000, 0.999995, 0.003280, 0.000000, -0.003280, 0.999995, -0.000000, -0.000000, 0.000000, 1.000000),
      ["Cock"] = CFrame.new(0.000000, 0.000000, 0.000000, 0.833450, -0.552596, 0.000000, 0.552596, 0.833450, 0.000000, 0.000000, 0.000000, 1.000000),
      ["Head"] = CFrame.new(0.000000, -0.000000, 0.000000, 1.000000, -0.000000, 0.000000, 0.000000, 0.941220, 0.337795, -0.000000, -0.337795, 0.941220),
      ["LeftUpperArm"] = CFrame.new(-0.101152, -0.651164, -0.034743, 0.922595, -0.384609, 0.029908, 0.243090, 0.519418, -0.819215, 0.299543, 0.763073, 0.572707),
      ["LeftUpperLeg"] = CFrame.new(-0.001097, -0.014561, -0.046482, 0.999438, 0.024790, 0.022557, -0.025606, 0.999000, 0.036656, -0.021626, -0.037213, 0.999073),
      ["LowerTorso"] = CFrame.new(0.000000, -0.000609, -0.157610, 1.000000, 0.000000, 0.000000, 0.000000, 0.999998, -0.001813, 0.000000, 0.001813, 0.999998),
      ["RightUpperArm"] = CFrame.new(0.114837, -0.654979, -0.039605, 0.899120, 0.436641, -0.030446, -0.272930, 0.504913, -0.818885, -0.342186, 0.744585, 0.573150),
      ["RightUpperLeg"] = CFrame.new(0.000841, -0.011814, -0.044464, 0.999643, -0.019430, -0.018316, 0.020095, 0.999119, 0.036845, 0.017584, -0.037200, 0.999153)
    }},
    { Time = 0.050, Data = {
      ["Balls"] = CFrame.new(-0.000000, -0.000002, 0.000000, 0.999941, -0.010876, 0.000000, 0.010876, 0.999941, 0.000000, 0.000000, 0.000000, 1.000000),
      ["Cock"] = CFrame.new(0.000000, 0.000000, 0.000000, 0.830497, -0.557023, 0.000000, 0.557023, 0.830497, 0.000000, 0.000000, 0.000000, 1.000000),
      ["Head"] = CFrame.new(0.000000, 0.000000, 0.000000, 1.000000, -0.000000, 0.000000, 0.000000, 0.938223, 0.346032, -0.000000, -0.346032, 0.938223),
      ["LeftUpperArm"] = CFrame.new(-0.101369, -0.650639, -0.035211, 0.922238, -0.385432, 0.030330, 0.244799, 0.521415, -0.817435, 0.299251, 0.761294, 0.575222),
      ["LeftUpperLeg"] = CFrame.new(-0.001109, -0.015242, -0.046259, 0.999440, 0.024657, 0.022607, -0.025565, 0.998840, 0.040797, -0.021575, -0.041352, 0.998912),
      ["LowerTorso"] = CFrame.new(0.000000, -0.001360, -0.161594, 1.000000, 0.000000, 0.000000, 0.000000, 0.999992, -0.003971, 0.000000, 0.003971, 0.999992),
      ["RightUpperArm"] = CFrame.new(0.114920, -0.654314, -0.040107, 0.898961, 0.436961, -0.030576, -0.274435, 0.507440, -0.816817, -0.341402, 0.742678, 0.576086),
      ["RightUpperLeg"] = CFrame.new(0.000852, -0.012534, -0.044246, 0.999643, -0.019392, -0.018357, 0.020131, 0.998957, 0.040986, 0.017543, -0.041341, 0.998991)
    }},
    { Time = 0.067, Data = {
      ["Balls"] = CFrame.new(-0.000000, -0.000002, 0.000000, 0.999699, -0.024514, 0.000000, 0.024514, 0.999699, 0.000000, 0.000000, 0.000000, 1.000000),
      ["Cock"] = CFrame.new(0.000000, 0.000000, 0.000000, 0.826402, -0.563081, 0.000000, 0.563081, 0.826402, 0.000000, 0.000000, 0.000000, 1.000000),
      ["Head"] = CFrame.new(0.000000, -0.000000, 0.000000, 1.000000, -0.000000, 0.000000, 0.000000, 0.935213, 0.354085, -0.000000, -0.354085, 0.935213),
      ["LeftUpperArm"] = CFrame.new(-0.101655, -0.649910, -0.035857, 0.921761, -0.386521, 0.030946, 0.247166, 0.524185, -0.814948, 0.298773, 0.758836, 0.578708),
      ["LeftUpperLeg"] = CFrame.new(-0.001128, -0.016203, -0.045993, 0.999441, 0.024503, 0.022762, -0.025543, 0.998588, 0.046576, -0.021589, -0.047131, 0.998655),
      ["LowerTorso"] = CFrame.new(0.000000, -0.002392, -0.167145, 1.000000, 0.000000, 0.000000, 0.000000, 0.999976, -0.006992, 0.000000, 0.006992, 0.999976),
      ["RightUpperArm"] = CFrame.new(0.115056, -0.653404, -0.040812, 0.898704, 0.437474, -0.030784, -0.276578, 0.510901, -0.813932, -0.340346, 0.739998, 0.580144),
      ["RightUpperLeg"] = CFrame.new(0.000866, -0.013489, -0.043988, 0.999644, -0.019251, -0.018497, 0.020098, 0.998704, 0.046765, 0.017573, -0.047120, 0.998735)
    }},
    { Time = 0.083, Data = {
      ["Balls"] = CFrame.new(-0.000000, -0.000002, 0.000000, 0.999295, -0.037543, 0.000000, 0.037543, 0.999295, 0.000000, 0.000000, 0.000000, 1.000000),
      ["Cock"] = CFrame.new(0.000000, 0.000000, 0.000000, 0.821123, -0.570751, 0.000000, 0.570751, 0.821123, 0.000000, 0.000000, 0.000000, 1.000000),
      ["Head"] = CFrame.new(0.000000, -0.000000, 0.000000, 1.000000, -0.000000, 0.000000, 0.000000, 0.932323, 0.361626, -0.000000, -0.361626, 0.932323),
      ["LeftUpperArm"] = CFrame.new(-0.102051, -0.648991, -0.036698, 0.921105, -0.388026, 0.031643, 0.250179, 0.527681, -0.811766, 0.298288, 0.755638, 0.583125),
      ["LeftUpperLeg"] = CFrame.new(-0.001153, -0.017475, -0.045644, 0.999439, 0.024417, 0.022938, -0.025624, 0.998217, 0.053904, -0.021581, -0.054461, 0.998283),
      ["LowerTorso"] = CFrame.new(0.000000, -0.003686, -0.174233, 1.000000, 0.000000, 0.000000, 0.000000, 0.999941, -0.010876, 0.000000, 0.010876, 0.999941),
      ["RightUpperArm"] = CFrame.new(0.115196, -0.652234, -0.041708, 0.898435, 0.438006, -0.031062, -0.279256, 0.515351, -0.810204, -0.338866, 0.736590, 0.585325),
      ["RightUpperLeg"] = CFrame.new(0.000885, -0.014711, -0.043650, 0.999644, -0.019093, -0.018652, 0.020079, 0.998329, 0.054180, 0.017586, -0.054536, 0.998357)
    }},
    { Time = 0.100, Data = {
      ["Balls"] = CFrame.new(-0.000000, -0.000002, 0.000000, 0.998760, -0.049792, 0.000000, 0.049792, 0.998760, 0.000000, 0.000000, 0.000000, 1.000000),
      ["Cock"] = CFrame.new(0.000000, 0.000000, 0.000000, 0.814716, -0.579860, 0.000000, 0.579860, 0.814716, 0.000000, 0.000000, 0.000000, 1.000000),
      ["Head"] = CFrame.new(0.000000, -0.000000, 0.000000, 1.000000, -0.000000, 0.000000, 0.000000, 0.929500, 0.368823, -0.000000, -0.368823, 0.929500),
      ["LeftUpperArm"] = CFrame.new(-0.102499, -0.647888, -0.037704, 0.920356, -0.389729, 0.032506, 0.253758, 0.531873, -0.807910, 0.297577, 0.751813, 0.588409),
      ["LeftUpperLeg"] = CFrame.new(-0.001181, -0.018915, -0.045218, 0.999441, 0.024139, 0.023128, -0.025550, 0.997700, 0.062783, -0.021559, -0.063339, 0.997759),
      ["LowerTorso"] = CFrame.new(0.000000, -0.005218, -0.182738, 1.000000, 0.000000, 0.000000, 0.000000, 0.999879, -0.015537, 0.000000, 0.015537, 0.999879),
      ["RightUpperArm"] = CFrame.new(0.115379, -0.650858, -0.042787, 0.898086, 0.438702, -0.031346, -0.282419, 0.520580, -0.805752, -0.337167, 0.732487, 0.591423),
      ["RightUpperLeg"] = CFrame.new(0.000907, -0.016185, -0.043235, 0.999644, -0.018922, -0.018820, 0.020073, 0.997813, 0.062973, 0.017587, -0.063328, 0.997838)
    }},
    { Time = 0.117, Data = {
      ["Balls"] = CFrame.new(-0.000000, -0.000002, 0.000000, 0.998127, -0.061174, 0.000000, 0.061174, 0.998127, 0.000000, 0.000000, 0.000000, 1.000000),
      ["Cock"] = CFrame.new(0.000000, 0.000000, 0.000000, 0.807179, -0.590307, 0.000000, 0.590307, 0.807179, 0.000000, 0.000000, 0.000000, 1.000000),
      ["Head"] = CFrame.new(0.000000, 0.000000, 0.000000, 1.000000, -0.000000, 0.000000, 0.000000, 0.926883, 0.375351, -0.000000, -0.375351, 0.926883),
      ["LeftUpperArm"] = CFrame.new(-0.103038, -0.646637, -0.038877, 0.919451, -0.391780, 0.033438, 0.257879, 0.536632, -0.803446, 0.296830, 0.747352, 0.594438),
      ["LeftUpperLeg"] = CFrame.new(-0.001215, -0.020636, -0.044763, 0.999439, 0.023930, 0.023419, -0.025579, 0.997014, 0.072863, -0.021605, -0.073421, 0.997067),
      ["LowerTorso"] = CFrame.new(0.000000, -0.006962, -0.192531, 1.000000, 0.000000, 0.000000, 0.000000, 0.999782, -0.020889, 0.000000, 0.020889, 0.999782),
      ["RightUpperArm"] = CFrame.new(0.115605, -0.649264, -0.044067, 0.897655, 0.439564, -0.031611, -0.286077, 0.526643, -0.800504, -0.335225, 0.727620, 0.598493),
      ["RightUpperLeg"] = CFrame.new(0.000933, -0.017895, -0.042750, 0.999644, -0.018736, -0.018999, 0.020079, 0.997120, 0.073140, 0.017574, -0.073495, 0.997141)
    }},
    { Time = 0.133, Data = {
      ["Balls"] = CFrame.new(-0.000000, -0.000002, 0.000000, 0.997446, -0.071429, 0.000000, 0.071429, 0.997446, 0.000000, 0.000000, 0.000000, 1.000000),
      ["Cock"] = CFrame.new(0.000000, 0.000000, 0.000000, 0.798562, -0.601913, 0.000000, 0.601913, 0.798562, 0.000000, 0.000000, 0.000000, 1.000000),
      ["Head"] = CFrame.new(0.000000, -0.000000, 0.000000, 1.000000, -0.000000, 0.000000, 0.000000, 0.924419, 0.381377, -0.000000, -0.381377, 0.924419),
      ["LeftUpperArm"] = CFrame.new(-0.103650, -0.645261, -0.040196, 0.918414, -0.394105, 0.034605, 0.262603, 0.541862, -0.798389, 0.295899, 0.742339, 0.601147),
      ["LeftUpperLeg"] = CFrame.new(-0.001253, -0.022576, -0.044239, 0.999438, 0.023701, 0.023724, -0.025624, 0.996110, 0.084314, -0.021634, -0.084874, 0.996157),
      ["LowerTorso"] = CFrame.new(0.000000, -0.008886, -0.203563, 1.000000, 0.000000, 0.000000, 0.000000, 0.999637, -0.026930, 0.000000, 0.026930, 0.999637),
      ["RightUpperArm"] = CFrame.new(0.115848, -0.647507, -0.045499, 0.897190, 0.440487, -0.031958, -0.290145, 0.533323, -0.794596, -0.332965, 0.722176, 0.606297),
      ["RightUpperLeg"] = CFrame.new(0.000962, -0.019822, -0.042199, 0.999644, -0.018538, -0.019188, 0.020096, 0.996220, 0.084507, 0.017549, -0.084862, 0.996238)
    }},
    { Time = 0.150, Data = {
      ["Balls"] = CFrame.new(-0.000000, -0.000002, 0.000000, 0.996743, -0.080645, 0.000000, 0.080645, 0.996743, 0.000000, 0.000000, 0.000000, 1.000000),
      ["Cock"] = CFrame.new(0.000000, 0.000000, 0.000000, 0.788859, -0.614574, 0.000000, 0.614574, 0.788859, 0.000000, 0.000000, 0.000000, 1.000000),
      ["Head"] = CFrame.new(0.000000, 0.000000, 0.000000, 1.000000, -0.000000, 0.000000, 0.000000, 0.922222, 0.386660, -0.000000, -0.386660, 0.922222),
      ["LeftUpperArm"] = CFrame.new(-0.104298, -0.643742, -0.041661, 0.917310, -0.396568, 0.035732, 0.267633, 0.547639, -0.792757, 0.294814, 0.736767, 0.608490),
      ["LeftUpperLeg"] = CFrame.new(-0.001293, -0.024667, -0.043614, 0.999440, 0.023374, 0.023951, -0.025592, 0.994967, 0.096877, -0.021566, -0.097435, 0.995008),
      ["LowerTorso"] = CFrame.new(0.000000, -0.010962, -0.215606, 1.000000, 0.000000, 0.000000, 0.000000, 0.999439, -0.033488, 0.000000, 0.033488, 0.999439),
      ["RightUpperArm"] = CFrame.new(0.116108, -0.645574, -0.047101, 0.896690, 0.441475, -0.032362, -0.294631, 0.540672, -0.787951, -0.330363, 0.716082, 0.614887),
      ["RightUpperLeg"] = CFrame.new(0.000995, -0.021946, -0.041632, 0.999642, -0.018322, -0.019473, 0.020129, 0.995074, 0.097068, 0.017598, -0.097426, 0.995087)
    }},
    { Time = 0.167, Data = {
      ["Balls"] = CFrame.new(-0.000000, -0.000002, 0.000000, 0.996070, -0.088566, 0.000000, 0.088566, 0.996070, 0.000000, 0.000000, 0.000000, 1.000000),
      ["Cock"] = CFrame.new(0.000000, 0.000000, 0.000000, 0.778182, -0.628039, 0.000000, 0.628039, 0.778182, 0.000000, 0.000000, 0.000000, 1.000000),
      ["Head"] = CFrame.new(0.000000, 0.000000, 0.000000, 1.000000, -0.000000, 0.000000, 0.000000, 0.920270, 0.391285, -0.000000, -0.391285, 0.920270),
      ["LeftUpperArm"] = CFrame.new(-0.105019, -0.642120, -0.043270, 0.916072, -0.399312, 0.036912, 0.273095, 0.553803, -0.786588, 0.293652, 0.730651, 0.616374),
      ["LeftUpperLeg"] = CFrame.new(-0.001338, -0.026933, -0.042979, 0.999440, 0.023029, 0.024272, -0.025574, 0.993561, 0.110372, -0.021574, -0.110931, 0.993594),
      ["LowerTorso"] = CFrame.new(0.000000, -0.013150, -0.228686, 1.000000, 0.000000, 0.000000, 0.000000, 0.999173, -0.040649, 0.000000, 0.040649, 0.999173),
      ["RightUpperArm"] = CFrame.new(0.116404, -0.643512, -0.048861, 0.896122, 0.442600, -0.032717, -0.299418, 0.548514, -0.780693, -0.327589, 0.709392, 0.624058),
      ["RightUpperLeg"] = CFrame.new(0.001028, -0.024196, -0.040973, 0.999644, -0.018012, -0.019673, 0.020080, 0.993666, 0.110565, 0.017557, -0.110921, 0.993674)
    }},
    { Time = 0.183, Data = {
      ["Balls"] = CFrame.new(-0.000000, -0.000002, 0.000000, 0.995459, -0.095191, 0.000000, 0.095191, 0.995459, 0.000000, 0.000000, 0.000000, 1.000000),
      ["Cock"] = CFrame.new(0.000000, 0.000000, 0.000000, 0.766592, -0.642134, 0.000000, 0.642134, 0.766592, 0.000000, 0.000000, 0.000000, 1.000000),
      ["Head"] = CFrame.new(0.000000, 0.000000, -0.000000, 1.000000, -0.000000, 0.000000, 0.000000, 0.918641, 0.395093, -0.000000, -0.395093, 0.918641),
      ["LeftUpperArm"] = CFrame.new(-0.105787, -0.640414, -0.044999, 0.914740, -0.402233, 0.038196, 0.278939, 0.560291, -0.779915, 0.292306, 0.724074, 0.624719),
      ["LeftUpperLeg"] = CFrame.new(-0.001385, -0.029346, -0.042300, 0.999440, 0.022671, 0.024599, -0.025568, 0.991864, 0.124710, -0.021572, -0.125269, 0.991888),
      ["LowerTorso"] = CFrame.new(0.000000, -0.015419, -0.242565, 1.000000, 0.000000, 0.000000, 0.000000, 0.998836, -0.048240, 0.000000, 0.048240, 0.998836),
      ["RightUpperArm"] = CFrame.new(0.116708, -0.641354, -0.050741, 0.895536, 0.443756, -0.033102, -0.304434, 0.556717, -0.772908, -0.324554, 0.702244, 0.633655),
      ["RightUpperLeg"] = CFrame.new(0.001066, -0.026638, -0.040311, 0.999643, -0.017772, -0.019970, 0.020131, 0.991965, 0.124903, 0.017589, -0.125261, 0.991968)
    }},
    { Time = 0.200, Data = {
      ["Balls"] = CFrame.new(-0.000000, -0.000001, 0.000000, 0.994943, -0.100438, 0.000000, 0.100438, 0.994943, 0.000000, 0.000000, 0.000000, 1.000000),
      ["Cock"] = CFrame.new(0.000000, 0.000000, 0.000000, 0.754164, -0.656686, 0.000000, 0.656686, 0.754164, 0.000000, 0.000000, 0.000000, 1.000000),
      ["Head"] = CFrame.new(0.000000, 0.000000, 0.000000, 1.000000, -0.000000, 0.000000, 0.000000, 0.917348, 0.398087, -0.000000, -0.398087, 0.917348),
      ["LeftUpperArm"] = CFrame.new(-0.106592, -0.638658, -0.046824, 0.913333, -0.405292, 0.039506, 0.285022, 0.566970, -0.772857, 0.290834, 0.717136, 0.633349),
      ["LeftUpperLeg"] = CFrame.new(-0.001434, -0.031878, -0.041585, 0.999440, 0.022300, 0.024929, -0.025570, 0.989874, 0.139629, -0.021563, -0.140188, 0.989890),
      ["LowerTorso"] = CFrame.new(0.000000, -0.017736, -0.257087, 1.000000, 0.000000, 0.000000, 0.000000, 0.998421, -0.056173, 0.000000, 0.056173, 0.998421),
      ["RightUpperArm"] = CFrame.new(0.117021, -0.639107, -0.052744, 0.894930, 0.444946, -0.033517, -0.309674, 0.565260, -0.764581, -0.321252, 0.694625, 0.643656),
      ["RightUpperLeg"] = CFrame.new(0.001103, -0.029154, -0.039573, 0.999644, -0.017443, -0.020178, 0.020098, 0.989960, 0.139909, 0.017535, -0.140265, 0.989959)
    }},
    { Time = 0.217, Data = {
      ["Balls"] = CFrame.new(0.000000, -0.000001, 0.000000, 0.994563, -0.104135, 0.000000, 0.104135, 0.994563, 0.000000, 0.000000, 0.000000, 1.000000),
      ["Cock"] = CFrame.new(0.000000, 0.000000, 0.000000, 0.741040, -0.671461, 0.000000, 0.671461, 0.741040, 0.000000, 0.000000, 0.000000, 1.000000),
      ["Head"] = CFrame.new(0.000000, 0.000000, -0.000000, 1.000000, -0.000000, 0.000000, 0.000000, 0.916397, 0.400270, -0.000000, -0.400270, 0.916397),
      ["LeftUpperArm"] = CFrame.new(-0.107414, -0.636846, -0.048741, 0.911882, -0.408419, 0.040799, 0.291269, 0.573859, -0.765408, 0.289194, 0.709845, 0.642251),
      ["LeftUpperLeg"] = CFrame.new(-0.001486, -0.034506, -0.040886, 0.999439, 0.021912, 0.025348, -0.025586, 0.987564, 0.155121, -0.021634, -0.155682, 0.987570),
      ["LowerTorso"] = CFrame.new(0.000000, -0.020068, -0.272093, 1.000000, 0.000000, 0.000000, 0.000000, 0.997927, -0.064363, 0.000000, 0.064363, 0.997927),
      ["RightUpperArm"] = CFrame.new(0.117361, -0.636814, -0.054855, 0.894274, 0.446238, -0.033852, -0.315025, 0.573980, -0.755848, -0.317857, 0.686600, 0.653871),
      ["RightUpperLeg"] = CFrame.new(0.001143, -0.031762, -0.038852, 0.999644, -0.017099, -0.020472, 0.020075, 0.987661, 0.155317, 0.017563, -0.155673, 0.987653)
    }},
    { Time = 0.233, Data = {
      ["Balls"] = CFrame.new(0.000000, -0.000001, 0.000000, 0.994317, -0.106456, 0.000000, 0.106456, 0.994317, 0.000000, 0.000000, 0.000000, 1.000000),
      ["Cock"] = CFrame.new(0.000000, 0.000000, 0.000000, 0.727320, -0.686299, 0.000000, 0.686299, 0.727320, 0.000000, 0.000000, 0.000000, 1.000000),
      ["Head"] = CFrame.new(0.000000, 0.000000, -0.000000, 1.000000, -0.000000, 0.000000, 0.000000, 0.915832, 0.401562, -0.000000, -0.401562, 0.915832),
      ["LeftUpperArm"] = CFrame.new(-0.108282, -0.635048, -0.050716, 0.910339, -0.411718, 0.042095, 0.297670, 0.580696, -0.757750, 0.287534, 0.702339, 0.651186),
      ["LeftUpperLeg"] = CFrame.new(-0.001539, -0.037192, -0.040124, 0.999439, 0.021521, 0.025680, -0.025601, 0.984951, 0.170926, -0.021615, -0.171488, 0.984949),
      ["LowerTorso"] = CFrame.new(0.000000, -0.022377, -0.287509, 1.000000, 0.000000, 0.000000, 0.000000, 0.997346, -0.072807, 0.000000, 0.072807, 0.997346),
      ["RightUpperArm"] = CFrame.new(0.117717, -0.634515, -0.057038, 0.893582, 0.447594, -0.034226, -0.320490, 0.582723, -0.746807, -0.314322, 0.678302, 0.664160),
      ["RightUpperLeg"] = CFrame.new(0.001184, -0.034433, -0.038113, 0.999644, -0.016748, -0.020765, 0.020058, 0.985045, 0.171124, 0.017589, -0.171479, 0.985031)
    }},
    { Time = 0.250, Data = {
      ["Balls"] = CFrame.new(-0.000000, -0.000000, 0.000000, 0.994234, -0.107230, 0.000000, 0.107230, 0.994234, 0.000000, 0.000000, 0.000000, 1.000000),
      ["Cock"] = CFrame.new(0.000000, 0.000000, 0.000000, 0.713115, -0.701047, 0.000000, 0.701047, 0.713115, 0.000000, 0.000000, 0.000000, 1.000000),
      ["Head"] = CFrame.new(0.000000, -0.000000, 0.000000, 1.000000, -0.000000, 0.000000, 0.000000, 0.915654, 0.401966, -0.000000, -0.401966, 0.915654),
      ["LeftUpperArm"] = CFrame.new(-0.109128, -0.633237, -0.052730, 0.908817, -0.414936, 0.043356, 0.304043, 0.587579, -0.749873, 0.285674, 0.694679, 0.660160),
      ["LeftUpperLeg"] = CFrame.new(-0.001592, -0.039909, -0.039355, 0.999438, 0.021126, 0.026008, -0.025619, 0.982067, 0.186784, -0.021596, -0.187346, 0.982057),
      ["LowerTorso"] = CFrame.new(0.000000, -0.024647, -0.302997, 1.000000, 0.000000, 0.000000, 0.000000, 0.996694, -0.081248, 0.000000, 0.081248, 0.996694),
      ["RightUpperArm"] = CFrame.new(0.118054, -0.632192, -0.059285, 0.892926, 0.448874, -0.034566, -0.325921, 0.591554, -0.737455, -0.310577, 0.669758, 0.674512),
      ["RightUpperLeg"] = CFrame.new(0.001226, -0.037177, -0.037362, 0.999642, -0.016478, -0.021063, 0.020129, 0.982157, 0.186981, 0.017606, -0.187338, 0.982138)
    }},
    { Time = 0.267, Data = {
      ["Balls"] = CFrame.new(0.000000, -0.000001, 0.000000, 0.994317, -0.106456, 0.000000, 0.106456, 0.994317, 0.000000, 0.000000, 0.000000, 1.000000),
      ["Cock"] = CFrame.new(0.000000, 0.000000, 0.000000, 0.698684, -0.715430, 0.000000, 0.715430, 0.698684, 0.000000, 0.000000, 0.000000, 1.000000),
      ["Head"] = CFrame.new(0.000000, 0.000000, -0.000000, 1.000000, -0.000000, 0.000000, 0.000000, 0.915832, 0.401562, -0.000000, -0.401562, 0.915832),
      ["LeftUpperArm"] = CFrame.new(-0.110000, -0.631453, -0.054782, 0.907236, -0.418252, 0.044599, 0.310481, 0.594363, -0.741845, 0.283770, 0.686876, 0.669086),
      ["LeftUpperLeg"] = CFrame.new(-0.001644, -0.042584, -0.038590, 0.999440, 0.020639, 0.026324, -0.025554, 0.978909, 0.202692, -0.021586, -0.203251, 0.978889),
      ["LowerTorso"] = CFrame.new(0.000000, -0.026845, -0.318482, 1.000000, 0.000000, 0.000000, 0.000000, 0.995970, -0.089684, 0.000000, 0.089684, 0.995970),
      ["RightUpperArm"] = CFrame.new(0.118416, -0.629922, -0.061562, 0.892219, 0.450250, -0.034932, -0.331380, 0.600186, -0.727986, -0.306810, 0.661099, 0.684701),
      ["RightUpperLeg"] = CFrame.new(0.001266, -0.039875, -0.036572, 0.999644, -0.016126, -0.021264, 0.020109, 0.978995, 0.202889, 0.017546, -0.203245, 0.978971)
    }},
    { Time = 0.283, Data = {
      ["Balls"] = CFrame.new(0.000000, -0.000001, 0.000000, 0.994563, -0.104135, 0.000000, 0.104135, 0.994563, 0.000000, 0.000000, 0.000000, 1.000000),
      ["Cock"] = CFrame.new(0.000000, 0.000000, 0.000000, 0.684036, -0.729449, 0.000000, 0.729449, 0.684036, 0.000000, 0.000000, 0.000000, 1.000000),
      ["Head"] = CFrame.new(0.000000, 0.000000, -0.000000, 1.000000, -0.000000, 0.000000, 0.000000, 0.916397, 0.400270, -0.000000, -0.400270, 0.916397),
      ["LeftUpperArm"] = CFrame.new(-0.110867, -0.629713, -0.056838, 0.905653, -0.421548, 0.045716, 0.316775, 0.600979, -0.733811, 0.281862, 0.679060, 0.677814),
      ["LeftUpperLeg"] = CFrame.new(-0.001696, -0.045272, -0.037831, 0.999440, 0.020237, 0.026641, -0.025573, 0.975546, 0.218304, -0.021571, -0.218863, 0.975517),
      ["LowerTorso"] = CFrame.new(0.000000, -0.028940, -0.333884, 1.000000, 0.000000, 0.000000, 0.000000, 0.995175, -0.098116, 0.000000, 0.098116, 0.995175),
      ["RightUpperArm"] = CFrame.new(0.118745, -0.627709, -0.063824, 0.891574, 0.451501, -0.035263, -0.336619, 0.608601, -0.718535, -0.302958, 0.652497, 0.694596),
      ["RightUpperLeg"] = CFrame.new(0.001307, -0.042547, -0.035835, 0.999644, -0.015765, -0.021545, 0.020095, 0.975630, 0.218502, 0.017575, -0.218857, 0.975599)
    }},
    { Time = 0.300, Data = {
      ["Balls"] = CFrame.new(0.000000, -0.000001, 0.000000, 0.994943, -0.100438, 0.000000, 0.100438, 0.994943, 0.000000, 0.000000, 0.000000, 1.000000),
      ["Cock"] = CFrame.new(0.000000, 0.000001, 0.000000, 0.669461, -0.742847, 0.000000, 0.742847, 0.669461, 0.000000, 0.000000, 0.000000, 1.000000),
      ["Head"] = CFrame.new(0.000000, 0.000000, 0.000000, 1.000000, -0.000000, 0.000000, 0.000000, 0.917348, 0.398087, -0.000000, -0.398087, 0.917348),
      ["LeftUpperArm"] = CFrame.new(-0.111699, -0.628042, -0.058854, 0.904119, -0.424711, 0.046789, 0.322861, 0.607331, -0.725886, 0.279875, 0.671393, 0.686222),
      ["LeftUpperLeg"] = CFrame.new(-0.001747, -0.047900, -0.037091, 0.999440, 0.019837, 0.026949, -0.025589, 0.972011, 0.233536, -0.021562, -0.234095, 0.971975),
      ["LowerTorso"] = CFrame.new(0.000000, -0.030927, -0.348869, 1.000000, 0.000000, 0.000000, 0.000000, 0.994336, -0.106284, 0.000000, 0.106284, 0.994336),
      ["RightUpperArm"] = CFrame.new(0.119087, -0.625554, -0.066100, 0.890902, 0.452803, -0.035530, -0.341765, 0.616794, -0.709057, -0.299148, 0.643844, 0.704255),
      ["RightUpperLeg"] = CFrame.new(0.001347, -0.045160, -0.035117, 0.999643, -0.015404, -0.021819, 0.020081, 0.972093, 0.233734, 0.017609, -0.234089, 0.972056)
    }},
    { Time = 0.317, Data = {
      ["Balls"] = CFrame.new(-0.000000, -0.000001, 0.000000, 0.995459, -0.095191, 0.000000, 0.095191, 0.995459, 0.000000, 0.000000, 0.000000, 1.000000),
      ["Cock"] = CFrame.new(0.000000, 0.000001, 0.000000, 0.655131, -0.755515, 0.000000, 0.755515, 0.655131, 0.000000, 0.000000, 0.000000, 1.000000),
      ["Head"] = CFrame.new(0.000000, 0.000000, -0.000000, 1.000000, -0.000000, 0.000000, 0.000000, 0.918641, 0.395093, -0.000000, -0.395093, 0.918641),
      ["LeftUpperArm"] = CFrame.new(-0.112523, -0.626465, -0.060822, 0.902587, -0.427845, 0.047802, 0.328764, 0.613328, -0.718152, 0.277939, 0.663911, 0.694242),
      ["LeftUpperLeg"] = CFrame.new(-0.001797, -0.050438, -0.036380, 0.999440, 0.019439, 0.027248, -0.025602, 0.968366, 0.248219, -0.021561, -0.248778, 0.968321),
      ["LowerTorso"] = CFrame.new(0.000000, -0.032781, -0.363363, 1.000000, 0.000000, 0.000000, 0.000000, 0.993459, -0.114189, 0.000000, 0.114189, 0.993459),
      ["RightUpperArm"] = CFrame.new(0.119422, -0.623531, -0.068300, 0.890244, 0.454074, -0.035809, -0.346675, 0.624487, -0.699880, -0.295436, 0.635478, 0.713362),
      ["RightUpperLeg"] = CFrame.new(0.001385, -0.047678, -0.034383, 0.999645, -0.015057, -0.021999, 0.020053, 0.968445, 0.248419, 0.017564, -0.248772, 0.968403)
    }},
    { Time = 0.333, Data = {
      ["Balls"] = CFrame.new(-0.000000, -0.000001, 0.000000, 0.996070, -0.088566, 0.000000, 0.088566, 0.996070, 0.000000, 0.000000, 0.000000, 1.000000),
      ["Cock"] = CFrame.new(0.000000, 0.000001, 0.000000, 0.641230, -0.767349, 0.000000, 0.767349, 0.641230, 0.000000, 0.000000, 0.000000, 1.000000),
      ["Head"] = CFrame.new(0.000000, 0.000000, 0.000000, 1.000000, -0.000000, 0.000000, 0.000000, 0.920270, 0.391285, -0.000000, -0.391285, 0.920270),
      ["LeftUpperArm"] = CFrame.new(-0.113292, -0.624959, -0.062727, 0.901145, -0.430767, 0.048763, 0.334375, 0.619054, -0.710609, 0.275920, 0.656667, 0.701895),
      ["LeftUpperLeg"] = CFrame.new(-0.001844, -0.052857, -0.035707, 0.999439, 0.019049, 0.027535, -0.025608, 0.964700, 0.262103, -0.021570, -0.262661, 0.964647),
      ["LowerTorso"] = CFrame.new(0.000000, -0.034491, -0.377208, 1.000000, 0.000000, 0.000000, 0.000000, 0.992561, -0.121746, 0.000000, 0.121746, 0.992561),
      ["RightUpperArm"] = CFrame.new(0.119728, -0.621607, -0.070435, 0.889638, 0.455241, -0.036044, -0.351296, 0.631800, -0.690955, -0.291779, 0.627362, 0.721998),
      ["RightUpperLeg"] = CFrame.new(0.001422, -0.050127, -0.033724, 0.999643, -0.014789, -0.022267, 0.020117, 0.964753, 0.262387, 0.017601, -0.262741, 0.964706)
    }},
    { Time = 0.350, Data = {
      ["Balls"] = CFrame.new(-0.000000, -0.000001, 0.000000, 0.996743, -0.080645, 0.000000, 0.080645, 0.996743, 0.000000, 0.000000, 0.000000, 1.000000),
      ["Cock"] = CFrame.new(0.000000, 0.000001, 0.000000, 0.628021, -0.778196, 0.000000, 0.778196, 0.628021, 0.000000, 0.000000, 0.000000, 1.000000),
      ["Head"] = CFrame.new(0.000000, 0.000000, 0.000000, 1.000000, -0.000000, 0.000000, 0.000000, 0.922222, 0.386660, -0.000000, -0.386660, 0.922222),
      ["LeftUpperArm"] = CFrame.new(-0.114038, -0.623582, -0.064532, 0.899736, -0.433605, 0.049621, 0.339660, 0.624291, -0.703486, 0.274057, 0.649806, 0.708975),
      ["LeftUpperLeg"] = CFrame.new(-0.001889, -0.055131, -0.035079, 0.999439, 0.018667, 0.027811, -0.025607, 0.961048, 0.275193, -0.021591, -0.275750, 0.960987),
      ["LowerTorso"] = CFrame.new(0.000000, -0.036056, -0.390163, 1.000000, 0.000000, 0.000000, 0.000000, 0.991673, -0.128782, 0.000000, 0.128782, 0.991673),
      ["RightUpperArm"] = CFrame.new(0.120033, -0.619823, -0.072476, 0.889037, 0.456400, -0.036237, -0.355644, 0.638586, -0.682441, -0.288325, 0.619602, 0.730042),
      ["RightUpperLeg"] = CFrame.new(0.001456, -0.052381, -0.033072, 0.999644, -0.014455, -0.022427, 0.020077, 0.961122, 0.275394, 0.017575, -0.275746, 0.961070)
    }},
    { Time = 0.367, Data = {
      ["Balls"] = CFrame.new(-0.000000, -0.000001, 0.000000, 0.997446, -0.071429, 0.000000, 0.071429, 0.997446, 0.000000, 0.000000, 0.000000, 1.000000),
      ["Cock"] = CFrame.new(0.000000, 0.000001, 0.000000, 0.615559, -0.788091, 0.000000, 0.788091, 0.615559, 0.000000, 0.000000, 0.000000, 1.000000),
      ["Head"] = CFrame.new(0.000000, 0.000000, 0.000000, 1.000000, -0.000000, 0.000000, 0.000000, 0.924419, 0.381377, -0.000000, -0.381377, 0.924419),
      ["LeftUpperArm"] = CFrame.new(-0.114723, -0.622309, -0.066226, 0.898437, -0.436210, 0.050311, 0.344476, 0.629131, -0.696800, 0.272298, 0.643362, 0.715499),
      ["LeftUpperLeg"] = CFrame.new(-0.001930, -0.057233, -0.034505, 0.999438, 0.018296, 0.028073, -0.025597, 0.957516, 0.287241, -0.021626, -0.287798, 0.957447),
      ["LowerTorso"] = CFrame.new(0.000000, -0.037450, -0.402251, 1.000000, 0.000000, 0.000000, 0.000000, 0.990793, -0.135386, 0.000000, 0.135386, 0.990793),
      ["RightUpperArm"] = CFrame.new(0.120315, -0.618194, -0.074381, 0.888479, 0.457471, -0.036399, -0.359624, 0.644781, -0.674484, -0.285087, 0.612355, 0.737392),
      ["RightUpperLeg"] = CFrame.new(0.001488, -0.054508, -0.032466, 0.999644, -0.014215, -0.022591, 0.020114, 0.957562, 0.287526, 0.017545, -0.287878, 0.957506)
    }},
    { Time = 0.383, Data = {
      ["Balls"] = CFrame.new(-0.000000, -0.000001, 0.000000, 0.998127, -0.061174, 0.000000, 0.061174, 0.998127, 0.000000, 0.000000, 0.000000, 1.000000),
      ["Cock"] = CFrame.new(0.000000, 0.000001, 0.000000, 0.604045, -0.796950, 0.000000, 0.796950, 0.604045, 0.000000, 0.000000, 0.000000, 1.000000),
      ["Head"] = CFrame.new(0.000000, 0.000000, 0.000000, 1.000000, -0.000000, 0.000000, 0.000000, 0.926883, 0.375351, -0.000000, -0.375351, 0.926883),
      ["LeftUpperArm"] = CFrame.new(-0.115336, -0.621168, -0.067769, 0.897265, -0.438541, 0.050959, 0.348835, 0.633467, -0.690676, 0.270609, 0.637496, 0.721367),
      ["LeftUpperLeg"] = CFrame.new(-0.001967, -0.059134, -0.033948, 0.999440, 0.017950, 0.028238, -0.025563, 0.954143, 0.298256, -0.021589, -0.298811, 0.954068),
      ["LowerTorso"] = CFrame.new(0.000000, -0.038693, -0.413155, 1.000000, 0.000000, 0.000000, 0.000000, 0.989967, -0.141299, 0.000000, 0.141299, 0.989967),
      ["RightUpperArm"] = CFrame.new(0.120571, -0.616745, -0.076114, 0.887969, 0.458446, -0.036576, -0.363218, 0.650286, -0.667234, -0.282106, 0.605768, 0.743950),
      ["RightUpperLeg"] = CFrame.new(0.001516, -0.056397, -0.031926, 0.999645, -0.013902, -0.022731, 0.020057, 0.954212, 0.298458, 0.017541, -0.298808, 0.954152)
    }},
    { Time = 0.400, Data = {
      ["Balls"] = CFrame.new(-0.000000, -0.000001, 0.000000, 0.998760, -0.049792, 0.000000, 0.049792, 0.998760, 0.000000, 0.000000, 0.000000, 1.000000),
      ["Cock"] = CFrame.new(0.000000, 0.000001, 0.000000, 0.593762, -0.804641, 0.000000, 0.804641, 0.593762, 0.000000, 0.000000, 0.000000, 1.000000),
      ["Head"] = CFrame.new(0.000000, -0.000000, 0.000000, 1.000000, -0.000000, 0.000000, 0.000000, 0.929500, 0.368823, -0.000000, -0.368823, 0.929500),
      ["LeftUpperArm"] = CFrame.new(-0.115896, -0.620182, -0.069144, 0.896185, -0.440668, 0.051624, 0.352800, 0.637219, -0.685189, 0.269045, 0.632269, 0.726533),
      ["LeftUpperLeg"] = CFrame.new(-0.002000, -0.060859, -0.033454, 0.999440, 0.017708, 0.028400, -0.025600, 0.951071, 0.307911, -0.021558, -0.308465, 0.950991),
      ["LowerTorso"] = CFrame.new(0.000000, -0.039762, -0.422906, 1.000000, 0.000000, 0.000000, 0.000000, 0.989195, -0.146609, 0.000000, 0.146609, 0.989195),
      ["RightUpperArm"] = CFrame.new(0.120791, -0.615446, -0.077689, 0.887535, 0.459282, -0.036638, -0.366340, 0.655228, -0.660659, -0.279422, 0.599780, 0.749791),
      ["RightUpperLeg"] = CFrame.new(0.001542, -0.058113, -0.031445, 0.999645, -0.013687, -0.022874, 0.020074, 0.951111, 0.308196, 0.017537, -0.308545, 0.951048)
    }},
    { Time = 0.417, Data = {
      ["Balls"] = CFrame.new(-0.000000, -0.000001, 0.000000, 0.999295, -0.037543, 0.000000, 0.037543, 0.999295, 0.000000, 0.000000, 0.000000, 1.000000),
      ["Cock"] = CFrame.new(0.000000, 0.000001, 0.000000, 0.584686, -0.811260, 0.000000, 0.811260, 0.584686, 0.000000, 0.000000, 0.000000, 1.000000),
      ["Head"] = CFrame.new(0.000000, -0.000000, 0.000000, 1.000000, -0.000000, 0.000000, 0.000000, 0.932323, 0.361626, -0.000000, -0.361626, 0.932323),
      ["LeftUpperArm"] = CFrame.new(-0.116378, -0.619323, -0.070352, 0.895254, -0.442501, 0.052091, 0.356162, 0.640482, -0.680391, 0.267710, 0.627675, 0.730996),
      ["LeftUpperLeg"] = CFrame.new(-0.002028, -0.062306, -0.033039, 0.999441, 0.017398, 0.028535, -0.025539, 0.948316, 0.316299, -0.021558, -0.316851, 0.948230),
      ["LowerTorso"] = CFrame.new(0.000000, -0.040659, -0.431373, 1.000000, 0.000000, 0.000000, 0.000000, 0.988498, -0.151231, 0.000000, 0.151231, 0.988498),
      ["RightUpperArm"] = CFrame.new(0.120983, -0.614345, -0.079047, 0.887152, 0.460012, -0.036762, -0.369063, 0.659411, -0.654957, -0.277046, 0.594614, 0.754771),
      ["RightUpperLeg"] = CFrame.new(0.001565, -0.059593, -0.031036, 0.999644, -0.013488, -0.023005, 0.020080, 0.948380, 0.316499, 0.017549, -0.316849, 0.948314)
    }},
    { Time = 0.433, Data = {
      ["Balls"] = CFrame.new(-0.000000, -0.000001, 0.000000, 0.999699, -0.024514, 0.000000, 0.024514, 0.999699, 0.000000, 0.000000, 0.000000, 1.000000),
      ["Cock"] = CFrame.new(0.000000, 0.000001, 0.000000, 0.577179, -0.816618, 0.000000, 0.816618, 0.577179, 0.000000, 0.000000, 0.000000, 1.000000),
      ["Head"] = CFrame.new(0.000000, 0.000000, -0.000000, 1.000000, -0.000000, 0.000000, 0.000000, 0.935213, 0.354085, -0.000000, -0.354085, 0.935213),
      ["LeftUpperArm"] = CFrame.new(-0.116773, -0.618621, -0.071352, 0.894488, -0.444001, 0.052485, 0.358933, 0.643152, -0.676405, 0.266569, 0.623874, 0.734658),
      ["LeftUpperLeg"] = CFrame.new(-0.002053, -0.063541, -0.032696, 0.999441, 0.017194, 0.028670, -0.025547, 0.945966, 0.323259, -0.021563, -0.323811, 0.945876),
      ["LowerTorso"] = CFrame.new(0.000000, -0.041404, -0.438341, 1.000000, 0.000000, 0.000000, 0.000000, 0.987915, -0.154996, 0.000000, 0.154996, 0.987915),
      ["RightUpperArm"] = CFrame.new(0.121135, -0.613428, -0.080189, 0.886849, 0.460589, -0.036841, -0.371288, 0.662899, -0.650162, -0.275036, 0.590273, 0.758902),
      ["RightUpperLeg"] = CFrame.new(0.001584, -0.060821, -0.030703, 0.999644, -0.013304, -0.023125, 0.020073, 0.946029, 0.323460, 0.017574, -0.323809, 0.945959)
    }},
    { Time = 0.450, Data = {
      ["Balls"] = CFrame.new(-0.000000, -0.000001, 0.000000, 0.999941, -0.010876, 0.000000, 0.010876, 0.999941, 0.000000, 0.000000, 0.000000, 1.000000),
      ["Cock"] = CFrame.new(0.000000, 0.000001, 0.000000, 0.571124, -0.820864, 0.000000, 0.820864, 0.571124, 0.000000, 0.000000, 0.000000, 1.000000),
      ["Head"] = CFrame.new(0.000000, 0.000000, 0.000000, 1.000000, -0.000000, 0.000000, 0.000000, 0.938223, 0.346032, -0.000000, -0.346032, 0.938223),
      ["LeftUpperArm"] = CFrame.new(-0.117088, -0.618054, -0.072164, 0.893878, -0.445200, 0.052711, 0.361095, 0.645307, -0.673193, 0.265691, 0.620786, 0.737586),
      ["LeftUpperLeg"] = CFrame.new(-0.002072, -0.064508, -0.032436, 0.999441, 0.017011, 0.028790, -0.025538, 0.944082, 0.328719, -0.021589, -0.329271, 0.943989),
      ["LowerTorso"] = CFrame.new(0.000000, -0.041979, -0.443864, 1.000000, 0.000000, 0.000000, 0.000000, 0.987441, -0.157989, 0.000000, 0.157989, 0.987441),
      ["RightUpperArm"] = CFrame.new(0.121272, -0.612715, -0.081102, 0.886577, 0.461110, -0.036849, -0.373051, 0.665613, -0.646368, -0.273520, 0.586802, 0.762136),
      ["RightUpperLeg"] = CFrame.new(0.001599, -0.061826, -0.030443, 0.999642, -0.013221, -0.023249, 0.020139, 0.944114, 0.329002, 0.017600, -0.329353, 0.944043)
    }},
    { Time = 0.467, Data = {
      ["Balls"] = CFrame.new(-0.000000, -0.000001, 0.000000, 0.999995, 0.003280, 0.000000, -0.003280, 0.999995, -0.000000, -0.000000, 0.000000, 1.000000),
      ["Cock"] = CFrame.new(0.000000, 0.000001, 0.000000, 0.566796, -0.823858, 0.000000, 0.823858, 0.566796, 0.000000, 0.000000, 0.000000, 1.000000),
      ["Head"] = CFrame.new(0.000000, -0.000000, 0.000000, 1.000000, -0.000000, 0.000000, 0.000000, 0.941220, 0.337795, -0.000000, -0.337795, 0.941220),
      ["LeftUpperArm"] = CFrame.new(-0.117306, -0.617668, -0.072723, 0.893449, -0.446028, 0.052992, 0.362679, 0.646777, -0.670927, 0.264979, 0.618658, 0.739627),
      ["LeftUpperLeg"] = CFrame.new(-0.002087, -0.065240, -0.032255, 0.999439, 0.016936, 0.028911, -0.025598, 0.942691, 0.332684, -0.021620, -0.333237, 0.942595),
      ["LowerTorso"] = CFrame.new(0.000000, -0.042378, -0.447913, 1.000000, 0.000000, 0.000000, 0.000000, 0.987083, -0.160212, 0.000000, 0.160212, 0.987083),
      ["RightUpperArm"] = CFrame.new(0.121359, -0.612204, -0.081751, 0.886401, 0.461442, -0.036936, -0.374334, 0.667553, -0.643621, -0.272337, 0.584333, 0.764453),
      ["RightUpperLeg"] = CFrame.new(0.001609, -0.062504, -0.030232, 0.999644, -0.013087, -0.023262, 0.020091, 0.942724, 0.332969, 0.017572, -0.333317, 0.942651)
    }},
    { Time = 0.483, Data = {
      ["Balls"] = CFrame.new(-0.000000, -0.000001, 0.000000, 0.999843, 0.017695, 0.000000, -0.017695, 0.999843, -0.000000, -0.000000, 0.000000, 1.000000),
      ["Cock"] = CFrame.new(0.000000, 0.000001, 0.000000, 0.564141, -0.825679, 0.000000, 0.825679, 0.564141, 0.000000, 0.000000, 0.000000, 1.000000),
      ["Head"] = CFrame.new(0.000000, 0.000000, 0.000000, 1.000000, -0.000000, 0.000000, 0.000000, 0.944229, 0.329290, -0.000000, -0.329290, 0.944229),
      ["LeftUpperArm"] = CFrame.new(-0.117443, -0.617426, -0.073075, 0.893180, -0.446549, 0.053134, 0.363646, 0.647696, -0.669515, 0.264557, 0.617320, 0.740896),
      ["LeftUpperLeg"] = CFrame.new(-0.002095, -0.065678, -0.032120, 0.999439, 0.016900, 0.028933, -0.025626, 0.941842, 0.335077, -0.021587, -0.335631, 0.941746),
      ["LowerTorso"] = CFrame.new(0.000000, -0.042626, -0.450299, 1.000000, 0.000000, 0.000000, 0.000000, 0.986874, -0.161494, 0.000000, 0.161494, 0.986874),
      ["RightUpperArm"] = CFrame.new(0.121411, -0.611895, -0.082147, 0.886298, 0.461639, -0.036946, -0.375077, 0.668731, -0.641963, -0.271648, 0.582828, 0.765845),
      ["RightUpperLeg"] = CFrame.new(0.001616, -0.062939, -0.030101, 0.999644, -0.013059, -0.023278, 0.020112, 0.941904, 0.335280, 0.017548, -0.335629, 0.941831)
    }},
    { Time = 0.500, Data = {
      ["Balls"] = CFrame.new(-0.000000, -0.000001, 0.000000, 0.999476, 0.032367, 0.000000, -0.032367, 0.999476, -0.000000, -0.000000, 0.000000, 1.000000),
      ["Cock"] = CFrame.new(0.000000, 0.000001, 0.000000, 0.563254, -0.826284, 0.000000, 0.826284, 0.563254, 0.000000, 0.000000, 0.000000, 1.000000),
      ["Head"] = CFrame.new(0.000000, -0.000000, 0.000000, 1.000000, -0.000000, 0.000000, 0.000000, 0.947187, 0.320683, -0.000000, -0.320683, 0.947187),
      ["LeftUpperArm"] = CFrame.new(-0.117497, -0.617344, -0.073202, 0.893075, -0.446757, 0.053158, 0.363987, 0.648010, -0.669027, 0.264446, 0.616840, 0.741335),
      ["LeftUpperLeg"] = CFrame.new(-0.002097, -0.065782, -0.032082, 0.999440, 0.016802, 0.028925, -0.025550, 0.941550, 0.335904, -0.021591, -0.336455, 0.941452),
