return {
  ["Astros playing with it"] = {
    { Time = 0.000, Data = {
      ["Head"] = CFrame.new(-0.000000, 0.000000, -0.000000, 0.979149, -0.188595, -0.075493, 0.200875, 0.954259, 0.221448, 0.030276, -0.231996, 0.972246),
      ["LeftUpperArm"] = CFrame.new(-0.049999, -1.039086, -0.228321, 0.915687, -0.400690, 0.031070, -0.158008, -0.430017, -0.888886, 0.369529, 0.809032, -0.457073),
      ["LeftUpperLeg"] = CFrame.new(-0.552362, -0.000645, -0.288570, 0.972626, -0.071087, 0.221237, -0.182703, 0.354371, 0.917083, -0.143592, -0.932399, 0.331683),
      ["LowerTorso"] = CFrame.new(1.871603, -1.445817, -0.055550, -0.250435, -0.120655, 0.960586, 0.143239, 0.976666, 0.160019, -0.957478, 0.177668, -0.227309),
      ["RightUpperArm"] = CFrame.new(-1.009951, -1.493732, -1.000838, 0.990026, 0.140642, -0.008264, 0.118011, -0.859899, -0.496636, -0.076955, 0.490707, -0.867920),
      ["RightUpperLeg"] = CFrame.new(0.509025, -0.073434, -0.797405, 0.976694, 0.211107, -0.038765, -0.041269, 0.361944, 0.931286, 0.210632, -0.907982, 0.362220)
    }},
    { Time = 0.017, Data = {
      ["Head"] = CFrame.new(0.000000, 0.000000, 0.000000, 0.978782, -0.190440, -0.075619, 0.202726, 0.953684, 0.222235, 0.029794, -0.232849, 0.972056),
      ["LeftUpperArm"] = CFrame.new(-0.049686, -1.039116, -0.228181, 0.916205, -0.399501, 0.031108, -0.157370, -0.430128, -0.888946, 0.368515, 0.809561, -0.456955),
      ["LeftUpperLeg"] = CFrame.new(-0.552318, -0.000763, -0.288120, 0.972713, -0.070202, 0.221135, -0.182940, 0.354128, 0.917129, -0.142695, -0.932558, 0.331622),
      ["LowerTorso"] = CFrame.new(1.871225, -1.445850, -0.058027, -0.250430, -0.120278, 0.960634, 0.143404, 0.976698, 0.159674, -0.957455, 0.177746, -0.227346),
      ["RightUpperArm"] = CFrame.new(-1.010199, -1.491246, -1.000206, 0.990870, 0.134634, -0.007079, 0.113449, -0.861022, -0.495752, -0.072841, 0.490423, -0.868436),
      ["RightUpperLeg"] = CFrame.new(0.509131, -0.073181, -0.797845, 0.976482, 0.212123, -0.038556, -0.041776, 0.361604, 0.931395, 0.211512, -0.907880, 0.361961)
    }},
    { Time = 0.033, Data = {
      ["Head"] = CFrame.new(-0.000000, -0.000000, -0.000001, 0.977721, -0.195620, -0.076119, 0.207955, 0.952046, 0.224420, 0.028568, -0.235249, 0.971515),
      ["LeftUpperArm"] = CFrame.new(-0.048840, -1.039217, -0.227821, 0.917595, -0.396288, 0.031223, -0.155678, -0.430515, -0.889056, 0.365764, 0.810933, -0.456732),
      ["LeftUpperLeg"] = CFrame.new(-0.552215, -0.001160, -0.286897, 0.972920, -0.067780, 0.220983, -0.183734, 0.353303, 0.917289, -0.140248, -0.933050, 0.331282),
      ["LowerTorso"] = CFrame.new(1.870356, -1.445951, -0.064571, -0.250525, -0.119410, 0.960718, 0.143620, 0.976799, 0.158861, -0.957398, 0.177777, -0.227563),
      ["RightUpperArm"] = CFrame.new(-1.010733, -1.484363, -0.998415, 0.993007, 0.117994, -0.003716, 0.100804, -0.863884, -0.493501, -0.061440, 0.489676, -0.869737),
      ["RightUpperLeg"] = CFrame.new(0.509392, -0.072554, -0.798917, 0.975961, 0.214603, -0.038022, -0.043030, 0.360758, 0.931666, 0.213655, -0.907634, 0.361320)
    }},
    { Time = 0.050, Data = {
      ["Head"] = CFrame.new(-0.000000, -0.000000, -0.000000, 0.976081, -0.203389, -0.076808, 0.215774, 0.949523, 0.227703, 0.026619, -0.238829, 0.970697),
      ["LeftUpperArm"] = CFrame.new(-0.047569, -1.039312, -0.227254, 0.919663, -0.391452, 0.031404, -0.153031, -0.430873, -0.889342, 0.361665, 0.813089, -0.456162),
      ["LeftUpperLeg"] = CFrame.new(-0.552067, -0.001685, -0.285164, 0.973214, -0.064353, 0.220710, -0.184784, 0.352221, 0.917494, -0.136782, -0.933702, 0.330895),
      ["LowerTorso"] = CFrame.new(1.869204, -1.446103, -0.074109, -0.250511, -0.118258, 0.960864, 0.143821, 0.976952, 0.157734, -0.957371, 0.177707, -0.227730),
      ["RightUpperArm"] = CFrame.new(-1.011256, -1.473982, -0.995770, 0.995689, 0.092744, 0.001200, 0.081429, -0.867868, -0.490077, -0.044410, 0.488062, -0.871679),
      ["RightUpperLeg"] = CFrame.new(0.509771, -0.071641, -0.800452, 0.975201, 0.218166, -0.037227, -0.044856, 0.359548, 0.932048, 0.216726, -0.907265, 0.360417)
    }},
    { Time = 0.067, Data = {
      ["Head"] = CFrame.new(-0.000000, -0.000000, -0.000000, 0.973911, -0.213256, -0.077589, 0.225654, 0.946299, 0.231513, 0.024051, -0.242981, 0.969733),
      ["LeftUpperArm"] = CFrame.new(-0.045984, -1.039432, -0.226562, 0.922190, -0.385427, 0.031813, -0.149581, -0.431332, -0.889707, 0.356639, 0.815720, -0.455422),
      ["LeftUpperLeg"] = CFrame.new(-0.551899, -0.002304, -0.283099, 0.973550, -0.060281, 0.220380, -0.186022, 0.350894, 0.917752, -0.132653, -0.934473, 0.330399),
      ["LowerTorso"] = CFrame.new(1.867762, -1.446328, -0.085512, -0.250601, -0.116816, 0.961017, 0.143871, 0.977176, 0.156297, -0.957340, 0.177431, -0.228075),
      ["RightUpperArm"] = CFrame.new(-1.011506, -1.460955, -0.992516, 0.998125, 0.060771, 0.007297, 0.056654, -0.872176, -0.485901, -0.023165, 0.485404, -0.873983),
      ["RightUpperLeg"] = CFrame.new(0.510221, -0.070545, -0.802227, 0.974302, 0.222316, -0.036200, -0.047048, 0.358033, 0.932523, 0.220276, -0.906856, 0.359291)
    }},
    { Time = 0.083, Data = {
      ["Head"] = CFrame.new(-0.000000, 0.000000, 0.000000, 0.971318, -0.224438, -0.078542, 0.236844, 0.942526, 0.235691, 0.021130, -0.247533, 0.968649),
      ["LeftUpperArm"] = CFrame.new(-0.044218, -1.039508, -0.225776, 0.924951, -0.378711, 0.032301, -0.145633, -0.431619, -0.890222, 0.351079, 0.818708, -0.454379),
      ["LeftUpperLeg"] = CFrame.new(-0.551735, -0.002936, -0.280969, 0.973879, -0.056100, 0.220029, -0.187285, 0.349450, 0.918046, -0.128391, -0.935274, 0.329816),
      ["LowerTorso"] = CFrame.new(1.866249, -1.446605, -0.097702, -0.250480, -0.115302, 0.961231, 0.143712, 0.977454, 0.154697, -0.957396, 0.176889, -0.228262),
      ["RightUpperArm"] = CFrame.new(-1.011139, -1.446161, -0.988906, 0.999606, 0.024281, 0.014072, 0.028056, -0.876110, -0.481295, 0.000643, 0.481500, -0.876446),
      ["RightUpperLeg"] = CFrame.new(0.510694, -0.069389, -0.804051, 0.973356, 0.226604, -0.035058, -0.049361, 0.356376, 0.933038, 0.223925, -0.906447, 0.358066)
    }},
    { Time = 0.100, Data = {
      ["Head"] = CFrame.new(0.000000, -0.000000, -0.000000, 0.968383, -0.236447, -0.079548, 0.248821, 0.938428, 0.239670, 0.017981, -0.251885, 0.967590),
      ["LeftUpperArm"] = CFrame.new(-0.042376, -1.039506, -0.224933, 0.927766, -0.371708, 0.032902, -0.141330, -0.431615, -0.890918, 0.345363, 0.821913, -0.452971),
      ["LeftUpperLeg"] = CFrame.new(-0.551587, -0.003504, -0.278985, 0.974174, -0.052216, 0.219676, -0.188422, 0.348114, 0.918321, -0.124424, -0.935997, 0.329285),
      ["LowerTorso"] = CFrame.new(1.864882, -1.446961, -0.109381, -0.250155, -0.113934, 0.961479, 0.143021, 0.977809, 0.153080, -0.957584, 0.175805, -0.228309),
      ["RightUpperArm"] = CFrame.new(-1.009826, -1.430518, -0.985132, 0.999672, -0.014600, 0.021053, -0.002803, -0.879122, -0.476588, 0.025466, 0.476372, -0.878875),
      ["RightUpperLeg"] = CFrame.new(0.511141, -0.068351, -0.805745, 0.972462, 0.230561, -0.034036, -0.051436, 0.354760, 0.933541, 0.227313, -0.906083, 0.356850)
    }},
    { Time = 0.117, Data = {
      ["Head"] = CFrame.new(0.000000, -0.000000, 0.000000, 0.965224, -0.248688, -0.080599, 0.261004, 0.934175, 0.243296, 0.014788, -0.255872, 0.966597),
      ["LeftUpperArm"] = CFrame.new(-0.040559, -1.039430, -0.224079, 0.930474, -0.364796, 0.033786, -0.136720, -0.431320, -0.891779, 0.339890, 0.825159, -0.451207),
      ["LeftUpperLeg"] = CFrame.new(-0.551463, -0.003912, -0.277371, 0.974423, -0.049141, 0.219283, -0.189239, 0.346828, 0.918640, -0.121196, -0.936641, 0.328658),
      ["LowerTorso"] = CFrame.new(1.863716, -1.447395, -0.119479, -0.249734, -0.112769, 0.961726, 0.141721, 0.978244, 0.151507, -0.957887, 0.174133, -0.228319),
      ["RightUpperArm"] = CFrame.new(-1.007232, -1.414999, -0.981321, 0.998177, -0.053693, 0.027550, -0.034353, -0.880875, -0.472101, 0.049616, 0.470295, -0.881114),
      ["RightUpperLeg"] = CFrame.new(0.511494, -0.067448, -0.807038, 0.971757, 0.233668, -0.032982, -0.053241, 0.353251, 0.934012, 0.229899, -0.905877, 0.355715)
    }},
    { Time = 0.133, Data = {
      ["Head"] = CFrame.new(-0.000000, 0.000000, -0.000000, 0.962006, -0.260615, -0.081385, 0.272784, 0.930039, 0.246204, 0.011527, -0.259050, 0.965795),
      ["LeftUpperArm"] = CFrame.new(-0.038850, -1.039225, -0.223226, 0.932956, -0.358301, 0.034825, -0.132021, -0.430543, -0.892862, 0.334907, 0.828404, -0.448981),
      ["LeftUpperLeg"] = CFrame.new(-0.551388, -0.004133, -0.276415, 0.974573, -0.047368, 0.219006, -0.189680, 0.345921, 0.918891, -0.119284, -0.937067, 0.328140),
      ["LowerTorso"] = CFrame.new(1.863028, -1.447892, -0.126873, -0.249009, -0.112082, 0.961994, 0.139678, 0.978741, 0.150188, -0.958376, 0.171767, -0.228060),
      ["RightUpperArm"] = CFrame.new(-1.003054, -1.400670, -0.977595, 0.995308, -0.090958, 0.032983, -0.065041, -0.881380, -0.467909, 0.071631, 0.463568, -0.883161),
      ["RightUpperLeg"] = CFrame.new(0.511724, -0.066837, -0.807870, 0.971295, 0.235693, -0.032178, -0.054463, 0.352012, 0.934409, 0.231561, -0.905834, 0.354744)
    }},
    { Time = 0.150, Data = {
      ["Head"] = CFrame.new(0.000000, -0.000000, -0.000000, 0.958875, -0.271715, -0.082034, 0.283699, 0.926275, 0.248050, 0.008587, -0.261122, 0.965268),
      ["LeftUpperArm"] = CFrame.new(-0.037371, -1.038892, -0.222421, 0.935046, -0.352679, 0.036142, -0.127351, -0.429274, -0.894150, 0.330863, 0.831469, -0.446306),
      ["LeftUpperLeg"] = CFrame.new(-0.551357, -0.004041, -0.276312, 0.974635, -0.047347, 0.218737, -0.189495, 0.345436, 0.919111, -0.119076, -0.937247, 0.327702),
      ["LowerTorso"] = CFrame.new(1.862831, -1.448467, -0.130420, -0.247980, -0.111885, 0.962283, 0.136771, 0.979316, 0.149111, -0.959062, 0.168588, -0.227548),
      ["RightUpperArm"] = CFrame.new(-0.996955, -1.388634, -0.973964, 0.991572, -0.124224, 0.036773, -0.093131, -0.880804, -0.464231, 0.090059, 0.456894, -0.884951),
      ["RightUpperLeg"] = CFrame.new(0.511750, -0.066597, -0.807918, 0.971244, 0.235980, -0.031586, -0.054944, 0.351241, 0.934672, 0.231658, -0.906059, 0.354106)
    }},
    { Time = 0.167, Data = {
      ["Head"] = CFrame.new(-0.000000, 0.000000, -0.000000, 0.955970, -0.281694, -0.082284, 0.293406, 0.923068, 0.248712, 0.005893, -0.261904, 0.965076),
      ["LeftUpperArm"] = CFrame.new(-0.036222, -1.038382, -0.221674, 0.936624, -0.348305, 0.037678, -0.122884, -0.427338, -0.895702, 0.328079, 0.834305, -0.443056),
      ["LeftUpperLeg"] = CFrame.new(-0.551383, -0.003566, -0.277268, 0.974583, -0.049496, 0.218491, -0.188546, 0.345501, 0.919282, -0.120989, -0.937112, 0.327388),
      ["LowerTorso"] = CFrame.new(1.863370, -1.449099, -0.129272, -0.246750, -0.112423, 0.962536, 0.132840, 0.979948, 0.148511, -0.959931, 0.164509, -0.226868),
      ["RightUpperArm"] = CFrame.new(-0.988771, -1.379828, -0.970441, 0.987657, -0.151881, 0.038286, -0.117384, -0.879557, -0.461087, 0.103705, 0.450901, -0.886529),
      ["RightUpperLeg"] = CFrame.new(0.511545, -0.066830, -0.807112, 0.971654, 0.234320, -0.031354, -0.054477, 0.350984, 0.934795, 0.230046, -0.906589, 0.353800)
    }},
    { Time = 0.183, Data = {
      ["Head"] = CFrame.new(-0.000000, 0.000000, -0.000000, 0.953346, -0.290456, -0.082260, 0.301858, 0.920507, 0.248091, 0.003661, -0.261347, 0.965238),
      ["LeftUpperArm"] = CFrame.new(-0.035359, -1.037776, -0.221007, 0.937766, -0.345026, 0.039388, -0.118690, -0.425037, -0.897361, 0.326354, 0.836840, -0.439536),
      ["LeftUpperLeg"] = CFrame.new(-0.551477, -0.002825, -0.279150, 0.974394, -0.053485, 0.218392, -0.187063, 0.346079, 0.919368, -0.124753, -0.936680, 0.327212),
      ["LowerTorso"] = CFrame.new(1.864508, -1.449757, -0.123930, -0.245095, -0.113562, 0.962825, 0.128159, 0.980606, 0.148283, -0.960991, 0.159738, -0.225788),
      ["RightUpperArm"] = CFrame.new(-0.978854, -1.374229, -0.966998, 0.984044, -0.173874, 0.037747, -0.137545, -0.877983, -0.458505, 0.112864, 0.445998, -0.887890),
      ["RightUpperLeg"] = CFrame.new(0.511138, -0.067433, -0.805522, 0.972468, 0.230921, -0.031336, -0.053272, 0.351192, 0.934787, 0.226867, -0.907381, 0.353824)
    }},
    { Time = 0.200, Data = {
      ["Head"] = CFrame.new(0.000000, -0.000000, -0.000000, 0.951066, -0.297921, -0.081958, 0.308983, 0.918607, 0.246355, 0.001893, -0.259624, 0.965708),
      ["LeftUpperArm"] = CFrame.new(-0.034810, -1.037089, -0.220435, 0.938457, -0.342939, 0.041120, -0.114971, -0.422423, -0.899078, 0.325699, 0.839018, -0.435854),
      ["LeftUpperLeg"] = CFrame.new(-0.551625, -0.001825, -0.281738, 0.974099, -0.058917, 0.218311, -0.185065, 0.347035, 0.919412, -0.129930, -0.936000, 0.327143),
      ["LowerTorso"] = CFrame.new(1.866192, -1.450395, -0.115197, -0.243323, -0.115243, 0.963075, 0.122944, 0.981243, 0.148479, -0.962122, 0.154532, -0.224591),
      ["RightUpperArm"] = CFrame.new(-0.967721, -1.371568, -0.963678, 0.981012, -0.190678, 0.035459, -0.153850, -0.876400, -0.456349, 0.118092, 0.442229, -0.889094),
      ["RightUpperLeg"] = CFrame.new(0.510580, -0.068376, -0.803324, 0.973584, 0.226133, -0.031591, -0.051386, 0.351806, 0.934662, 0.222471, -0.908349, 0.354132)
    }},
    { Time = 0.217, Data = {
      ["Head"] = CFrame.new(-0.000000, 0.000000, -0.000000, 0.949188, -0.304002, -0.081398, 0.314710, 0.917354, 0.243759, 0.000567, -0.256990, 0.966414),
      ["LeftUpperArm"] = CFrame.new(-0.034516, -1.036358, -0.219948, 0.938789, -0.341820, 0.042837, -0.111692, -0.419644, -0.900791, 0.325884, 0.840868, -0.432136),
      ["LeftUpperLeg"] = CFrame.new(-0.551841, -0.000683, -0.284898, 0.973667, -0.065462, 0.218374, -0.182779, 0.348327, 0.919380, -0.136249, -0.935085, 0.327189),
      ["LowerTorso"] = CFrame.new(1.868263, -1.450988, -0.103848, -0.241422, -0.117316, 0.963303, 0.117451, 0.981836, 0.149008, -0.963286, 0.149114, -0.223258),
      ["RightUpperArm"] = CFrame.new(-0.955817, -1.371555, -0.960514, 0.978771, -0.202490, 0.031702, -0.166305, -0.875036, -0.454592, 0.119791, 0.439669, -0.890136),
      ["RightUpperLeg"] = CFrame.new(0.509929, -0.069602, -0.800720, 0.974886, 0.220378, -0.032116, -0.048935, 0.352656, 0.934473, 0.217263, -0.909432, 0.354583)
    }},
    { Time = 0.233, Data = {
      ["Head"] = CFrame.new(-0.000000, -0.000000, -0.000000, 0.947715, -0.308800, -0.080488, 0.319117, 0.916764, 0.240228, -0.000393, -0.253352, 0.967374),
      ["LeftUpperArm"] = CFrame.new(-0.034480, -1.035675, -0.219593, 0.938761, -0.341685, 0.044487, -0.109034, -0.417044, -0.902323, 0.326863, 0.842215, -0.428760),
      ["LeftUpperLeg"] = CFrame.new(-0.552101, 0.000587, -0.288356, 0.973148, -0.072590, 0.218433, -0.180240, 0.349918, 0.919277, -0.143164, -0.933964, 0.327439),
      ["LowerTorso"] = CFrame.new(1.870747, -1.451497, -0.090630, -0.239600, -0.119801, 0.963452, 0.111839, 0.982346, 0.149963, -0.964408, 0.143683, -0.221972),
      ["RightUpperArm"] = CFrame.new(-0.943645, -1.373871, -0.957566, 0.977391, -0.209744, 0.026708, -0.175172, -0.874003, -0.453248, 0.118409, 0.438322, -0.890985),
      ["RightUpperLeg"] = CFrame.new(0.509214, -0.070995, -0.797778, 0.976314, 0.213859, -0.032785, -0.046148, 0.353882, 0.934151, 0.211378, -0.910512, 0.355369)
    }},
    { Time = 0.250, Data = {
      ["Head"] = CFrame.new(-0.000000, 0.000000, -0.000000, 0.946717, -0.312120, -0.079418, 0.322065, 0.916834, 0.235986, -0.000842, -0.248990, 0.968506),
      ["LeftUpperArm"] = CFrame.new(-0.034700, -1.035010, -0.219356, 0.938391, -0.342519, 0.045857, -0.107140, -0.414517, -0.903713, 0.328548, 0.843123, -0.425677),
      ["LeftUpperLeg"] = CFrame.new(-0.552418, 0.001876, -0.292030, 0.972513, -0.080103, 0.218636, -0.177662, 0.351685, 0.919105, -0.150514, -0.932685, 0.327787),
      ["LowerTorso"] = CFrame.new(1.873545, -1.451876, -0.076498, -0.237750, -0.122597, 0.963558, 0.106547, 0.982725, 0.151325, -0.965465, 0.138642, -0.220580),
      ["RightUpperArm"] = CFrame.new(-0.931626, -1.378202, -0.954913, 0.976928, -0.212547, 0.020884, -0.180365, -0.873448, -0.452279, 0.114372, 0.438077, -0.891632),
      ["RightUpperLeg"] = CFrame.new(0.508503, -0.072493, -0.794761, 0.977738, 0.207121, -0.033605, -0.043153, 0.355211, 0.933790, 0.205344, -0.911551, 0.356241)
    }},
    { Time = 0.267, Data = {
      ["Head"] = CFrame.new(-0.000000, 0.000000, -0.000000, 0.946240, -0.313895, -0.078100, 0.323464, 0.917599, 0.231046, -0.000860, -0.243888, 0.969803),
      ["LeftUpperArm"] = CFrame.new(-0.035128, -1.034491, -0.219275, 0.937741, -0.344150, 0.046938, -0.106117, -0.412543, -0.904736, 0.330729, 0.843427, -0.423379),
      ["LeftUpperLeg"] = CFrame.new(-0.552770, 0.003105, -0.295656, 0.971809, -0.087462, 0.218945, -0.175206, 0.353500, 0.918880, -0.157764, -0.931337, 0.328211),
      ["LowerTorso"] = CFrame.new(1.876508, -1.452132, -0.062117, -0.235980, -0.125562, 0.963612, 0.101704, 0.982980, 0.152992, -0.966421, 0.134107, -0.219193),
      ["RightUpperArm"] = CFrame.new(-0.920260, -1.384186, -0.952613, 0.977312, -0.211310, 0.014467, -0.182136, -0.873316, -0.451825, 0.108109, 0.438939, -0.891989),
      ["RightUpperLeg"] = CFrame.new(0.507820, -0.074009, -0.791775, 0.979102, 0.200419, -0.034508, -0.040119, 0.356698, 0.933358, 0.199372, -0.912469, 0.357284)
    }},
    { Time = 0.283, Data = {
      ["Head"] = CFrame.new(-0.000000, -0.000000, 0.000000, 0.946292, -0.314112, -0.076585, 0.323313, 0.918993, 0.225655, -0.000500, -0.238296, 0.971192),
      ["LeftUpperArm"] = CFrame.new(-0.035743, -1.034094, -0.219333, 0.936848, -0.346488, 0.047570, -0.106043, -0.411034, -0.905431, 0.333274, 0.843207, -0.421819),
      ["LeftUpperLeg"] = CFrame.new(-0.553141, 0.004223, -0.299097, 0.971068, -0.094334, 0.219380, -0.172968, 0.355550, 0.918513, -0.164647, -0.929885, 0.328947),
      ["LowerTorso"] = CFrame.new(1.879656, -1.452224, -0.048357, -0.234510, -0.128709, 0.963556, 0.097589, 0.983072, 0.155067, -0.967203, 0.130397, -0.217980),
      ["RightUpperArm"] = CFrame.new(-0.910000, -1.391486, -0.950787, 0.978466, -0.206264, 0.007764, -0.180584, -0.873655, -0.451794, 0.099972, 0.440662, -0.892089),
      ["RightUpperLeg"] = CFrame.new(0.507210, -0.075533, -0.789032, 0.980323, 0.194156, -0.035638, -0.037071, 0.358402, 0.932831, 0.193887, -0.913155, 0.358547)
    }},
    { Time = 0.300, Data = {
      ["Head"] = CFrame.new(-0.000000, -0.000000, 0.000000, 0.946894, -0.312667, -0.075047, 0.321547, 0.921034, 0.219780, 0.000403, -0.232239, 0.972659),
      ["LeftUpperArm"] = CFrame.new(-0.036518, -1.033914, -0.219564, 0.935747, -0.349432, 0.047688, -0.107083, -0.410350, -0.905619, 0.336021, 0.842324, -0.421402),
      ["LeftUpperLeg"] = CFrame.new(-0.553512, 0.005133, -0.302179, 0.970325, -0.100362, 0.219991, -0.171148, 0.357631, 0.918046, -0.170812, -0.928455, 0.329841),
      ["LowerTorso"] = CFrame.new(1.882838, -1.452150, -0.035997, -0.233353, -0.131891, 0.963406, 0.094458, 0.982999, 0.157453, -0.967794, 0.127743, -0.216927),
      ["RightUpperArm"] = CFrame.new(-0.901303, -1.399740, -0.949533, 0.980270, -0.197659, 0.001165, -0.175780, -0.874430, -0.452188, 0.090398, 0.443062, -0.891922),
      ["RightUpperLeg"] = CFrame.new(0.506714, -0.076907, -0.786750, 0.981315, 0.188851, -0.036830, -0.034323, 0.360161, 0.932258, 0.189323, -0.913575, 0.359914)
    }},
    { Time = 0.317, Data = {
      ["Head"] = CFrame.new(-0.000000, -0.000000, 0.000000, 0.948067, -0.309478, -0.073436, 0.318066, 0.923693, 0.213601, 0.001727, -0.225866, 0.974157),
      ["LeftUpperArm"] = CFrame.new(-0.037409, -1.034003, -0.219980, 0.934498, -0.352820, 0.047237, -0.109300, -0.410690, -0.905200, 0.338772, 0.840745, -0.422352),
      ["LeftUpperLeg"] = CFrame.new(-0.553861, 0.005781, -0.304765, 0.969628, -0.105225, 0.220790, -0.169853, 0.359840, 0.917423, -0.175985, -0.927061, 0.331038),
      ["LowerTorso"] = CFrame.new(1.886024, -1.451892, -0.025837, -0.232627, -0.135077, 0.963140, 0.092543, 0.982741, 0.160178, -0.968153, 0.126393, -0.216112),
      ["RightUpperArm"] = CFrame.new(-0.894605, -1.408555, -0.948900, 0.982602, -0.185659, -0.004940, -0.167695, -0.875470, -0.453244, 0.079823, 0.446187, -0.891373),
      ["RightUpperLeg"] = CFrame.new(0.506360, -0.078093, -0.785106, 0.982023, 0.184861, -0.038161, -0.031952, 0.362049, 0.931611, 0.186035, -0.913645, 0.361447)
    }},
    { Time = 0.333, Data = {
      ["Head"] = CFrame.new(-0.000000, -0.000000, 0.000000, 0.949765, -0.304617, -0.071795, 0.312945, 0.926896, 0.207194, 0.003431, -0.219254, 0.975662),
      ["LeftUpperArm"] = CFrame.new(-0.038394, -1.034335, -0.220559, 0.933134, -0.356566, 0.046068, -0.112773, -0.411949, -0.904201, 0.341385, 0.838546, -0.424615),
      ["LeftUpperLeg"] = CFrame.new(-0.554170, 0.006120, -0.306774, 0.969009, -0.108734, 0.221805, -0.169174, 0.362182, 0.916627, -0.180002, -0.925744, 0.332563),
      ["LowerTorso"] = CFrame.new(1.889066, -1.451445, -0.018545, -0.232349, -0.138120, 0.962775, 0.092098, 0.982294, 0.163146, -0.968262, 0.126577, -0.215515),
      ["RightUpperArm"] = CFrame.new(-0.890265, -1.417613, -0.949004, 0.985294, -0.170554, -0.010322, -0.156527, -0.876740, -0.454781, 0.068515, 0.449709, -0.890544),
      ["RightUpperLeg"] = CFrame.new(0.506162, -0.079007, -0.784208, 0.982420, 0.182447, -0.039557, -0.030125, 0.364043, 0.930895, 0.184240, -0.913337, 0.363140)
    }},
    { Time = 0.350, Data = {
      ["Head"] = CFrame.new(0.000000, -0.000000, -0.000000, 0.951937, -0.298168, -0.070080, 0.306245, 0.930566, 0.200650, 0.005387, -0.212468, 0.977153),
      ["LeftUpperArm"] = CFrame.new(-0.039467, -1.034933, -0.221314, 0.931649, -0.360646, 0.044325, -0.117407, -0.414224, -0.902571, 0.343869, 0.835675, -0.428254),
      ["LeftUpperLeg"] = CFrame.new(-0.554434, 0.006114, -0.308183, 0.968480, -0.110817, 0.223083, -0.169186, 0.364663, 0.915640, -0.182819, -0.924522, 0.334421),
      ["LowerTorso"] = CFrame.new(1.892040, -1.450821, -0.013958, -0.232629, -0.141094, 0.962277, 0.092925, 0.981670, 0.166402, -0.968116, 0.128129, -0.215253),
      ["RightUpperArm"] = CFrame.new(-0.888235, -1.426733, -0.949834, 0.988162, -0.152681, -0.014952, -0.142585, -0.878095, -0.456748, 0.056607, 0.453474, -0.889470),
      ["RightUpperLeg"] = CFrame.new(0.506116, -0.079706, -0.784069, 0.982514, 0.181587, -0.041142, -0.028726, 0.366165, 0.930107, 0.183960, -0.912661, 0.364978)
    }},
    { Time = 0.367, Data = {
      ["Head"] = CFrame.new(0.000000, 0.000000, -0.000000, 0.954491, -0.290264, -0.068510, 0.298140, 0.934597, 0.194015, 0.007714, -0.205611, 0.978603),
      ["LeftUpperArm"] = CFrame.new(-0.040588, -1.035718, -0.222192, 0.930088, -0.364910, 0.042153, -0.122876, -0.417208, -0.900466, 0.346175, 0.832333, -0.432879),
      ["LeftUpperLeg"] = CFrame.new(-0.554646, 0.005827, -0.309037, 0.968056, -0.111627, 0.224517, -0.169759, 0.367196, 0.914521, -0.184527, -0.923421, 0.336516),
      ["LowerTorso"] = CFrame.new(1.894783, -1.450050, -0.011873, -0.233256, -0.143838, 0.961718, 0.094999, 0.980898, 0.169747, -0.967764, 0.130956, -0.215136),
      ["RightUpperArm"] = CFrame.new(-0.888377, -1.435751, -0.951309, 0.991009, -0.132463, -0.018835, -0.126259, -0.879291, -0.459245, 0.044272, 0.457494, -0.888110),
      ["RightUpperLeg"] = CFrame.new(0.506211, -0.080108, -0.784640, 0.982322, 0.182257, -0.042721, -0.027921, 0.368309, 0.929284, 0.185103, -0.911664, 0.366887)
    }},
    { Time = 0.383, Data = {
      ["Head"] = CFrame.new(-0.000000, -0.000000, -0.000000, 0.957292, -0.281236, -0.067076, 0.288942, 0.938814, 0.187459, 0.010251, -0.198834, 0.979980),
      ["LeftUpperArm"] = CFrame.new(-0.041748, -1.036708, -0.223205, 0.928463, -0.369318, 0.039510, -0.129245, -0.420970, -0.897820, 0.348214, 0.828486, -0.438588),
      ["LeftUpperLeg"] = CFrame.new(-0.554812, 0.005303, -0.309421, 0.967725, -0.111353, 0.226075, -0.170806, 0.369786, 0.913282, -0.185296, -0.922420, 0.338831),
      ["LowerTorso"] = CFrame.new(1.897500, -1.449113, -0.012019, -0.234226, -0.146551, 0.961073, 0.098115, 0.979962, 0.173344, -0.967219, 0.134898, -0.215154),
      ["RightUpperArm"] = CFrame.new(-0.890543, -1.444541, -0.953411, 0.993661, -0.110270, -0.021850, -0.107844, -0.880232, -0.462127, 0.031726, 0.461555, -0.886544),
      ["RightUpperLeg"] = CFrame.new(0.506423, -0.080329, -0.785792, 0.981898, 0.184127, -0.044421, -0.027479, 0.370521, 0.928417, 0.187406, -0.910391, 0.368874)
    }},
    { Time = 0.400, Data = {
      ["Head"] = CFrame.new(-0.000000, 0.000000, -0.000000, 0.960286, -0.271172, -0.065697, 0.278718, 0.943180, 0.180909, 0.012907, -0.192036, 0.981303),
      ["LeftUpperArm"] = CFrame.new(-0.042947, -1.037792, -0.224298, 0.926755, -0.373878, 0.036611, -0.136144, -0.425094, -0.894852, 0.350128, 0.824324, -0.444859),
      ["LeftUpperLeg"] = CFrame.new(-0.554942, 0.004518, -0.309372, 0.967465, -0.110043, 0.227821, -0.172378, 0.372431, 0.911911, -0.185197, -0.921513, 0.341344),
      ["LowerTorso"] = CFrame.new(1.899966, -1.448070, -0.014022, -0.235536, -0.149019, 0.960373, 0.102059, 0.978918, 0.176927, -0.966492, 0.139687, -0.215362),
      ["RightUpperArm"] = CFrame.new(-0.894613, -1.452965, -0.956090, 0.995951, -0.086583, -0.024180, -0.087868, -0.880779, -0.465305, 0.018990, 0.465545, -0.884820),
      ["RightUpperLeg"] = CFrame.new(0.506737, -0.080358, -0.787428, 0.981270, 0.187031, -0.046145, -0.027421, 0.372713, 0.927542, 0.190678, -0.908903, 0.370860)
    }},
    { Time = 0.417, Data = {
      ["Head"] = CFrame.new(-0.000000, 0.000000, 0.000000, 0.963349, -0.260394, -0.064440, 0.267795, 0.947538, 0.174522, 0.015615, -0.185382, 0.982542),
      ["LeftUpperArm"] = CFrame.new(-0.044158, -1.038997, -0.225479, 0.925004, -0.378480, 0.033456, -0.143566, -0.429679, -0.891496, 0.351789, 0.819834, -0.451792),
      ["LeftUpperLeg"] = CFrame.new(-0.555032, 0.003604, -0.308982, 0.967286, -0.107992, 0.229555, -0.174205, 0.375042, 0.910492, -0.184419, -0.920696, 0.343961),
      ["LowerTorso"] = CFrame.new(1.902259, -1.446906, -0.017708, -0.237075, -0.151313, 0.959635, 0.106768, 0.977754, 0.180547, -0.965607, 0.145262, -0.215646),
      ["RightUpperArm"] = CFrame.new(-0.900424, -1.460900, -0.959300, 0.997765, -0.061721, -0.025617, -0.066523, -0.880850, -0.468700, 0.006364, 0.469356, -0.882987),
      ["RightUpperLeg"] = CFrame.new(0.507152, -0.080175, -0.789512, 0.980440, 0.190922, -0.047815, -0.027788, 0.374783, 0.926696, 0.194847, -0.907241, 0.372758)
    }},
    { Time = 0.433, Data = {
      ["Head"] = CFrame.new(-0.000000, 0.000000, -0.000000, 0.966458, -0.248899, -0.063318, 0.256169, 0.951853, 0.168384, 0.018359, -0.178957, 0.983686),
      ["LeftUpperArm"] = CFrame.new(-0.045368, -1.040242, -0.226701, 0.923220, -0.383083, 0.030205, -0.151206, -0.434414, -0.887931, 0.353272, 0.815188, -0.458984),
      ["LeftUpperLeg"] = CFrame.new(-0.555084, 0.002521, -0.308225, 0.967181, -0.105141, 0.231313, -0.176372, 0.377517, 0.909051, -0.182903, -0.920014, 0.346584),
      ["LowerTorso"] = CFrame.new(1.904343, -1.445661, -0.022672, -0.238941, -0.153397, 0.958841, 0.111938, 0.976509, 0.184118, -0.964561, 0.151324, -0.216157),
      ["RightUpperArm"] = CFrame.new(-0.907861, -1.468230, -0.962990, 0.998998, -0.036178, -0.026355, -0.044339, -0.880371, -0.472208, -0.006119, 0.472903, -0.881093),
      ["RightUpperLeg"] = CFrame.new(0.507643, -0.079836, -0.791903, 0.979458, 0.195492, -0.049437, -0.028466, 0.376761, 0.925873, 0.199627, -0.905447, 0.374586)
    }},
    { Time = 0.450, Data = {
      ["Head"] = CFrame.new(-0.000000, 0.000000, -0.000000, 0.969480, -0.237103, -0.062370, 0.244259, 0.956000, 0.162485, 0.021100, -0.172761, 0.984738),
      ["LeftUpperArm"] = CFrame.new(-0.046561, -1.041533, -0.227960, 0.921427, -0.387618, 0.026905, -0.158992, -0.439319, -0.884150, 0.354532, 0.810402, -0.466429),
      ["LeftUpperLeg"] = CFrame.new(-0.555109, 0.001314, -0.307181, 0.967130, -0.101679, 0.233068, -0.178786, 0.379857, 0.907604, -0.180817, -0.919440, 0.349192),
      ["LowerTorso"] = CFrame.new(1.906165, -1.444330, -0.028839, -0.240920, -0.155217, 0.958053, 0.117652, 0.975178, 0.187577, -0.963388, 0.157908, -0.216678),
      ["RightUpperArm"] = CFrame.new(-0.916799, -1.474822, -0.967058, 0.999599, -0.010425, -0.026326, -0.021704, -0.879238, -0.475889, -0.018186, 0.476269, -0.879111),
      ["RightUpperLeg"] = CFrame.new(0.508208, -0.079376, -0.794573, 0.978327, 0.200669, -0.051061, -0.029386, 0.378652, 0.925073, 0.204968, -0.903523, 0.376342)
    }},
    { Time = 0.467, Data = {
      ["Head"] = CFrame.new(-0.000000, -0.000000, 0.000000, 0.972372, -0.225174, -0.061551, 0.232228, 0.959893, 0.157087, 0.023710, -0.167041, 0.985665),
      ["LeftUpperArm"] = CFrame.new(-0.047731, -1.042782, -0.229207, 0.919635, -0.392066, 0.023594, -0.166735, -0.444072, -0.880341, 0.355629, 0.805658, -0.473755),
      ["LeftUpperLeg"] = CFrame.new(-0.555118, 0.000028, -0.305936, 0.967114, -0.097798, 0.234789, -0.181357, 0.382066, 0.906165, -0.178326, -0.918946, 0.351765),
      ["LowerTorso"] = CFrame.new(1.907762, -1.442957, -0.035740, -0.243001, -0.156815, 0.957267, 0.123550, 0.973806, 0.190887, -0.962126, 0.164656, -0.217262),
      ["RightUpperArm"] = CFrame.new(-0.927092, -1.480605, -0.971485, 0.999559, 0.015159, -0.025526, 0.001065, -0.877553, -0.479479, -0.029669, 0.479241, -0.877182),
      ["RightUpperLeg"] = CFrame.new(0.508814, -0.078775, -0.797335, 0.977117, 0.206125, -0.052490, -0.030588, 0.380381, 0.924324, 0.210493, -0.901567, 0.377981)
    }},
    { Time = 0.483, Data = {
      ["Head"] = CFrame.new(-0.000000, 0.000000, -0.000000, 0.975088, -0.213281, -0.060941, 0.220254, 0.963512, 0.152094, 0.026279, -0.161727, 0.986485),
      ["LeftUpperArm"] = CFrame.new(-0.048881, -1.044001, -0.230449, 0.917834, -0.396438, 0.020457, -0.174272, -0.448705, -0.876523, 0.356666, 0.800937, -0.480925),
      ["LeftUpperLeg"] = CFrame.new(-0.555098, -0.001281, -0.304473, 0.967155, -0.093532, 0.236355, -0.183975, 0.384050, 0.904798, -0.175399, -0.918563, 0.354228),
      ["LowerTorso"] = CFrame.new(1.909137, -1.441541, -0.043265, -0.245184, -0.158189, 0.956484, 0.129630, 0.972389, 0.194049, -0.960771, 0.171566, -0.217908),
      ["RightUpperArm"] = CFrame.new(-0.938625, -1.485484, -0.976187, 0.998904, 0.040081, -0.024172, 0.023436, -0.875335, -0.482948, -0.040516, 0.481853, -0.875315),
      ["RightUpperLeg"] = CFrame.new(0.509462, -0.078098, -0.800202, 0.975821, 0.211839, -0.053833, -0.031942, 0.381861, 0.923668, 0.216225, -0.899615, 0.379395)
    }},
    { Time = 0.500, Data = {
      ["Head"] = CFrame.new(0.000000, -0.000000, 0.000000, 0.977582, -0.201683, -0.060475, 0.208590, 0.966802, 0.147595, 0.028700, -0.156901, 0.987197),
      ["LeftUpperArm"] = CFrame.new(-0.049962, -1.045161, -0.231644, 0.916107, -0.400552, 0.017470, -0.181473, -0.453114, -0.872786, 0.357512, 0.796396, -0.487791),
      ["LeftUpperLeg"] = CFrame.new(-0.555067, -0.002591, -0.302908, 0.967215, -0.089120, 0.237808, -0.186596, 0.385816, 0.903509, -0.172271, -0.918261, 0.356538),
      ["LowerTorso"] = CFrame.new(1.910229, -1.440160, -0.050918, -0.247249, -0.159282, 0.955770, 0.135566, 0.971008, 0.196891, -0.959422, 0.178251, -0.218488),
      ["RightUpperArm"] = CFrame.new(-0.951241, -1.489360, -0.981056, 0.997708, 0.063991, -0.022001, 0.045242, -0.872597, -0.486342, -0.050320, 0.484232, -0.873492),
      ["RightUpperLeg"] = CFrame.new(0.510120, -0.077404, -0.803030, 0.974504, 0.217503, -0.055090, -0.033329, 0.383130, 0.923093, 0.221882, -0.897721, 0.380611)
    }},
    { Time = 0.517, Data = {
      ["Head"] = CFrame.new(-0.000000, -0.000000, 0.000000, 0.979815, -0.190633, -0.060184, 0.197499, 0.969693, 0.143841, 0.030939, -0.152824, 0.987769),
      ["LeftUpperArm"] = CFrame.new(-0.050980, -1.046227, -0.232770, 0.914454, -0.404421, 0.014775, -0.188141, -0.457170, -0.869252, 0.358298, 0.792111, -0.494149),
      ["LeftUpperLeg"] = CFrame.new(-0.555025, -0.003871, -0.301262, 0.967299, -0.084647, 0.239099, -0.189155, 0.387275, 0.902352, -0.168979, -0.918070, 0.358599),
      ["LowerTorso"] = CFrame.new(1.910954, -1.438818, -0.058661, -0.249410, -0.160007, 0.955088, 0.141406, 0.969667, 0.199376, -0.958018, 0.184782, -0.219219),
      ["RightUpperArm"] = CFrame.new(-0.964819, -1.492191, -0.986057, 0.996071, 0.086419, -0.019332, 0.065945, -0.869564, -0.489397, -0.059103, 0.486199, -0.871847),
      ["RightUpperLeg"] = CFrame.new(0.510767, -0.076623, -0.805715, 0.973211, 0.222979, -0.056048, -0.034891, 0.384189, 0.922595, 0.227252, -0.895924, 0.381676)
    }},
    { Time = 0.533, Data = {
      ["Head"] = CFrame.new(-0.000000, 0.000000, -0.000000, 0.981775, -0.180307, -0.060057, 0.187157, 0.972195, 0.140746, 0.033009, -0.149421, 0.988223),
      ["LeftUpperArm"] = CFrame.new(-0.051921, -1.047161, -0.233797, 0.912900, -0.407999, 0.012252, -0.194284, -0.460719, -0.866021, 0.358980, 0.788210, -0.499858),
      ["LeftUpperLeg"] = CFrame.new(-0.554966, -0.005053, -0.299576, 0.967417, -0.080269, 0.240129, -0.191519, 0.388344, 0.901393, -0.165606, -0.918012, 0.360318),
      ["LowerTorso"] = CFrame.new(1.911441, -1.437563, -0.066066, -0.251346, -0.160493, 0.954499, 0.146875, 0.968412, 0.201509, -0.956689, 0.190841, -0.219834),
      ["RightUpperArm"] = CFrame.new(-0.979234, -1.493902, -0.991082, 0.994139, 0.106901, -0.016121, 0.085176, -0.866328, -0.492160, -0.066579, 0.487902, -0.870356),
      ["RightUpperLeg"] = CFrame.new(0.511393, -0.075862, -0.808248, 0.971958, 0.228179, -0.056848, -0.036413, 0.384875, 0.922250, 0.232317, -0.894319, 0.382391)
    }},
    { Time = 0.550, Data = {
      ["Head"] = CFrame.new(0.000000, -0.000000, 0.000000, 0.983462, -0.170880, -0.060026, 0.177740, 0.974273, 0.138569, 0.034803, -0.146946, 0.988532),
      ["LeftUpperArm"] = CFrame.new(-0.052761, -1.047969, -0.234709, 0.911490, -0.411194, 0.010223, -0.199544, -0.463789, -0.863182, 0.359677, 0.784742, -0.504790),
      ["LeftUpperLeg"] = CFrame.new(-0.554910, -0.006179, -0.297924, 0.967528, -0.076069, 0.241045, -0.193771, 0.389122, 0.900576, -0.162302, -0.918040, 0.361747),
      ["LowerTorso"] = CFrame.new(1.911573, -1.436449, -0.072903, -0.253163, -0.160626, 0.953996, 0.151860, 0.967297, 0.203165, -0.955431, 0.196307, -0.220491),
      ["RightUpperArm"] = CFrame.new(-0.994331, -1.494431, -0.996033, 0.992069, 0.125084, -0.012394, 0.102636, -0.863037, -0.494604, -0.072564, 0.489409, -0.869030),
      ["RightUpperLeg"] = CFrame.new(0.511967, -0.075133, -0.810509, 0.970810, 0.232863, -0.057467, -0.037871, 0.385411, 0.921967, 0.236840, -0.892879, 0.382980)
    }},
    { Time = 0.567, Data = {
      ["Head"] = CFrame.new(0.000000, 0.000000, -0.000000, 0.984826, -0.162779, -0.060176, 0.169685, 0.975912, 0.137120, 0.036406, -0.145251, 0.988725),
      ["LeftUpperArm"] = CFrame.new(-0.053460, -1.048597, -0.235451, 0.910304, -0.413852, 0.008518, -0.203884, -0.466179, -0.860877, 0.360247, 0.781923, -0.508743),
      ["LeftUpperLeg"] = CFrame.new(-0.554844, -0.007110, -0.296396, 0.967661, -0.072345, 0.241657, -0.195634, 0.389543, 0.899991, -0.159246, -0.918163, 0.362792),
      ["LowerTorso"] = CFrame.new(1.911380, -1.435505, -0.078939, -0.254756, -0.160434, 0.953604, 0.156252, 0.966353, 0.204322, -0.954298, 0.201055, -0.221116),
      ["RightUpperArm"] = CFrame.new(-1.009951, -1.493732, -1.000838, 0.990026, 0.140642, -0.008264, 0.118011, -0.859899, -0.496636, -0.076955, 0.490707, -0.867920),
      ["RightUpperLeg"] = CFrame.new(0.512455, -0.074472, -0.812386, 0.969834, 0.236805, -0.057833, -0.039193, 0.385641, 0.921816, 0.240594, -0.891742, 0.383289)
    }},
    { Time = 0.583, Data = {
      ["Head"] = CFrame.new(-0.000000, 0.000000, -0.000000, 0.985910, -0.156013, -0.060351, 0.162991, 0.977103, 0.136757, 0.037633, -0.144667, 0.988764),
      ["LeftUpperArm"] = CFrame.new(-0.054067, -1.049044, -0.236040, 0.909263, -0.416158, 0.007301, -0.207243, -0.467878, -0.859151, 0.360959, 0.779681, -0.511670),
      ["LeftUpperLeg"] = CFrame.new(-0.554754, -0.007822, -0.294957, 0.967842, -0.069050, 0.241898, -0.197059, 0.389611, 0.899651, -0.156367, -0.918387, 0.363475),
      ["LowerTorso"] = CFrame.new(1.910907, -1.434787, -0.083838, -0.256024, -0.159961, 0.953344, 0.159826, 0.965636, 0.204945, -0.953366, 0.204840, -0.221660),
      ["RightUpperArm"] = CFrame.new(-1.025910, -1.491820, -1.005407, 0.988183, 0.153232, -0.003758, 0.131008, -0.857085, -0.498240, -0.079568, 0.491860, -0.867031),
      ["RightUpperLeg"] = CFrame.new(0.512853, -0.073874, -0.813878, 0.969040, 0.240004, -0.057957, -0.040389, 0.385664, 0.921755, 0.243577, -0.890877, 0.383417)
    }},
    { Time = 0.600, Data = {
      ["Head"] = CFrame.new(-0.000000, 0.000000, -0.000000, 0.986733, -0.150581, -0.060689, 0.157674, 0.977912, 0.137209, 0.038687, -0.144957, 0.988681),
      ["LeftUpperArm"] = CFrame.new(-0.054522, -1.049351, -0.236469, 0.908475, -0.417889, 0.006532, -0.209589, -0.469048, -0.857943, 0.361589, 0.778050, -0.513703),
      ["LeftUpperLeg"] = CFrame.new(-0.554673, -0.008425, -0.293682, 0.968004, -0.066269, 0.242025, -0.198263, 0.389230, 0.899551, -0.153816, -0.918754, 0.363638),
      ["LowerTorso"] = CFrame.new(1.910115, -1.434263, -0.087839, -0.257074, -0.159168, 0.953194, 0.162812, 0.965111, 0.205068, -0.952578, 0.207909, -0.222190),
      ["RightUpperArm"] = CFrame.new(-1.041748, -1.488977, -1.009688, 0.986606, 0.163118, 0.000811, 0.141724, -0.854724, -0.499361, -0.080761, 0.492788, -0.866394),
      ["RightUpperLeg"] = CFrame.new(0.513155, -0.073405, -0.814999, 0.968434, 0.242440, -0.057944, -0.041328, 0.385405, 0.921821, 0.245819, -0.890329, 0.383259)
    }},
    { Time = 0.617, Data = {
      ["Head"] = CFrame.new(-0.000000, 0.000000, 0.000000, 0.987337, -0.146404, -0.061092, 0.153644, 0.978374, 0.138484, 0.039496, -0.146116, 0.988479),
      ["LeftUpperArm"] = CFrame.new(-0.054852, -1.049484, -0.236726, 0.907900, -0.419144, 0.006024, -0.211087, -0.469553, -0.857300, 0.362161, 0.777071, -0.514783),
      ["LeftUpperLeg"] = CFrame.new(-0.554570, -0.008790, -0.292558, 0.968209, -0.064023, 0.241812, -0.198994, 0.388608, 0.899658, -0.151569, -0.919176, 0.363513),
      ["LowerTorso"] = CFrame.new(1.908968, -1.433981, -0.090772, -0.257908, -0.158020, 0.953159, 0.165040, 0.964829, 0.204612, -0.951969, 0.210080, -0.222758),
      ["RightUpperArm"] = CFrame.new(-1.056975, -1.485510, -1.013571, 0.985329, 0.170581, 0.005430, 0.150389, -0.852770, -0.500167, -0.080689, 0.493645, -0.865912),
      ["RightUpperLeg"] = CFrame.new(0.513361, -0.072998, -0.815736, 0.968024, 0.244136, -0.057687, -0.042141, 0.384948, 0.921975, 0.247294, -0.890063, 0.382927)
    }},
    { Time = 0.633, Data = {
      ["Head"] = CFrame.new(-0.000000, 0.000000, -0.000000, 0.987744, -0.143394, -0.061638, 0.150826, 0.978514, 0.140577, 0.040155, -0.148151, 0.988149),
      ["LeftUpperArm"] = CFrame.new(-0.055077, -1.049487, -0.236849, 0.907505, -0.419999, 0.005963, -0.211685, -0.469564, -0.857146, 0.362801, 0.776602, -0.515039),
      ["LeftUpperLeg"] = CFrame.new(-0.554473, -0.009041, -0.291603, 0.968403, -0.062279, 0.241490, -0.199495, 0.387637, 0.899966, -0.149660, -0.919706, 0.362964),
      ["LowerTorso"] = CFrame.new(1.907743, -1.433857, -0.092859, -0.258529, -0.156796, 0.953193, 0.166653, 0.964705, 0.203890, -0.951520, 0.211564, -0.223274),
      ["RightUpperArm"] = CFrame.new(-1.071105, -1.481747, -1.016996, 0.984362, 0.175884, 0.009803, 0.157087, -0.851253, -0.500692, -0.079719, 0.494402, -0.865571),
      ["RightUpperLeg"] = CFrame.new(0.513481, -0.072644, -0.816150, 0.967781, 0.245208, -0.057209, -0.042850, 0.384281, 0.922221, 0.248120, -0.890057, 0.382407)
    }},
    { Time = 0.650, Data = {
      ["Head"] = CFrame.new(0.000000, 0.000000, -0.000000, 0.987976, -0.141571, -0.062135, 0.149204, 0.978376, 0.143244, 0.040512, -0.150793, 0.987735),
      ["LeftUpperArm"] = CFrame.new(-0.055195, -1.049374, -0.236845, 0.907296, -0.420447, 0.006180, -0.211560, -0.469136, -0.857411, 0.363395, 0.776618, -0.514595),
      ["LeftUpperLeg"] = CFrame.new(-0.554353, -0.009133, -0.290699, 0.968643, -0.060796, 0.240905, -0.199678, 0.386502, 0.900414, -0.147852, -0.920283, 0.362242),
