return {
  ["Astros giving blowjob"] = {
    { Time = 0.000, Data = {
      ["Head"] = CFrame.new(0.000000, 0.000000, 0.000000, 0.912174, -0.131797, -0.388031, 0.178233, 0.980219, 0.086050, 0.369014, -0.147652, 0.917621),
      ["LeftUpperArm"] = CFrame.new(0.011192, -0.755931, -0.557540, 0.289933, -0.900594, 0.323837, -0.396761, -0.421031, -0.815668, 0.870930, 0.108003, -0.479391),
      ["LeftUpperLeg"] = CFrame.new(-0.368216, 0.017723, -0.619346, 0.963541, -0.146995, 0.223564, -0.199353, 0.162887, 0.966295, -0.178456, -0.975633, 0.127644),
      ["LowerTorso"] = CFrame.new(-0.806763, -1.930843, -1.835666, -0.719427, 0.086633, -0.689145, -0.000041, 0.992186, 0.124771, 0.694569, 0.089792, -0.713801),
      ["RightUpperArm"] = CFrame.new(0.021781, -0.076180, -0.041340, 0.991730, 0.127015, -0.018397, -0.123778, 0.908723, -0.398625, -0.033913, 0.397605, 0.916930),
      ["RightUpperLeg"] = CFrame.new(0.283232, -0.093452, -0.664035, 0.987531, 0.091016, -0.128444, 0.115000, 0.140095, 0.983437, 0.107503, -0.985946, 0.127882)
    }},
    { Time = 0.017, Data = {
      ["Head"] = CFrame.new(0.000000, 0.000000, 0.000000, 0.912208, -0.131769, -0.387961, 0.178262, 0.980198, 0.086225, 0.368917, -0.147814, 0.917634),
      ["LeftUpperArm"] = CFrame.new(0.011150, -0.755941, -0.557559, 0.289863, -0.900562, 0.323987, -0.396815, -0.421138, -0.815586, 0.870929, 0.107845, -0.479429),
      ["LeftUpperLeg"] = CFrame.new(-0.368251, 0.017820, -0.619285, 0.963544, -0.147047, 0.223517, -0.199278, 0.163001, 0.966291, -0.178523, -0.975606, 0.127756),
      ["LowerTorso"] = CFrame.new(-0.806810, -1.930843, -1.835639, -0.719422, 0.086745, -0.689135, 0.000007, 0.992172, 0.124883, 0.694573, 0.089839, -0.713791),
      ["RightUpperArm"] = CFrame.new(0.021814, -0.076153, -0.041298, 0.991719, 0.127098, -0.018420, -0.123861, 0.908677, -0.398704, -0.033936, 0.397684, 0.916894),
      ["RightUpperLeg"] = CFrame.new(0.283145, -0.093399, -0.664154, 0.987531, 0.091009, -0.128450, 0.114994, 0.140209, 0.983422, 0.107510, -0.985931, 0.127995)
    }},
    { Time = 0.033, Data = {
      ["Head"] = CFrame.new(-0.000000, 0.000000, -0.000000, 0.912221, -0.131599, -0.387987, 0.178259, 0.980160, 0.086662, 0.368884, -0.148217, 0.917582),
      ["LeftUpperArm"] = CFrame.new(0.011010, -0.755937, -0.557605, 0.289648, -0.900522, 0.324292, -0.397016, -0.421332, -0.815388, 0.870909, 0.107427, -0.479559),
      ["LeftUpperLeg"] = CFrame.new(-0.368393, 0.017996, -0.619171, 0.963481, -0.147306, 0.223619, -0.199285, 0.163342, 0.966233, -0.178858, -0.975510, 0.128021),
      ["LowerTorso"] = CFrame.new(-0.806891, -1.930835, -1.835682, -0.719608, 0.087020, -0.688906, 0.000054, 0.992123, 0.125265, 0.694381, 0.090105, -0.713945),
      ["RightUpperArm"] = CFrame.new(0.021940, -0.076074, -0.041175, 0.991674, 0.127449, -0.018423, -0.124174, 0.908527, -0.398949, -0.034108, 0.397915, 0.916788),
      ["RightUpperLeg"] = CFrame.new(0.282870, -0.093246, -0.664389, 0.987556, 0.090744, -0.128450, 0.114992, 0.140545, 0.983374, 0.107288, -0.985907, 0.128362)
    }},
    { Time = 0.050, Data = {
      ["Head"] = CFrame.new(0.000000, -0.000000, 0.000000, 0.912282, -0.131318, -0.387939, 0.178202, 0.980114, 0.087292, 0.368761, -0.148766, 0.917542),
      ["LeftUpperArm"] = CFrame.new(0.010768, -0.755919, -0.557700, 0.289148, -0.900484, 0.324841, -0.397267, -0.421611, -0.815122, 0.870960, 0.106642, -0.479641),
      ["LeftUpperLeg"] = CFrame.new(-0.368606, 0.018367, -0.618936, 0.963423, -0.147669, 0.223628, -0.199140, 0.163912, 0.966166, -0.179328, -0.975360, 0.128510),
      ["LowerTorso"] = CFrame.new(-0.806950, -1.930838, -1.835628, -0.719854, 0.087404, -0.688601, 0.000155, 0.992061, 0.125759, 0.694126, 0.090421, -0.714152),
      ["RightUpperArm"] = CFrame.new(0.022114, -0.075939, -0.040970, 0.991617, 0.127900, -0.018371, -0.124551, 0.908295, -0.399359, -0.034392, 0.398299, 0.916611),
      ["RightUpperLeg"] = CFrame.new(0.282421, -0.093054, -0.664801, 0.987577, 0.090341, -0.128569, 0.115113, 0.140992, 0.983296, 0.106960, -0.985880, 0.128841)
    }},
    { Time = 0.067, Data = {
      ["Head"] = CFrame.new(0.000000, -0.000000, 0.000000, 0.912357, -0.130868, -0.387916, 0.178143, 0.980030, 0.088358, 0.368605, -0.149719, 0.917450),
      ["LeftUpperArm"] = CFrame.new(0.010439, -0.755907, -0.557822, 0.288508, -0.900402, 0.325637, -0.397576, -0.422050, -0.814743, 0.871032, 0.105595, -0.479743),
      ["LeftUpperLeg"] = CFrame.new(-0.368926, 0.018811, -0.618641, 0.963299, -0.148252, 0.223778, -0.199088, 0.164596, 0.966060, -0.180053, -0.975156, 0.129040),
      ["LowerTorso"] = CFrame.new(-0.807078, -1.930824, -1.835718, -0.720224, 0.087987, -0.688139, 0.000219, 0.991953, 0.126604, 0.693742, 0.091033, -0.714448),
      ["RightUpperArm"] = CFrame.new(0.022380, -0.075762, -0.040663, 0.991525, 0.128618, -0.018305, -0.125158, 0.907923, -0.400014, -0.034830, 0.398915, 0.916326),
      ["RightUpperLeg"] = CFrame.new(0.281785, -0.092731, -0.665358, 0.987624, 0.089746, -0.128625, 0.115175, 0.141664, 0.983192, 0.106459, -0.985838, 0.129574)
    }},
    { Time = 0.083, Data = {
      ["Head"] = CFrame.new(0.000000, 0.000000, 0.000000, 0.912431, -0.130383, -0.387904, 0.178116, 0.979922, 0.089592, 0.368434, -0.150839, 0.917335),
      ["LeftUpperArm"] = CFrame.new(0.010027, -0.755914, -0.557968, 0.287798, -0.900248, 0.326689, -0.398041, -0.422704, -0.814178, 0.871054, 0.104283, -0.479989),
      ["LeftUpperLeg"] = CFrame.new(-0.369318, 0.019424, -0.618203, 0.963177, -0.148861, 0.223898, -0.198938, 0.165617, 0.965916, -0.180869, -0.974890, 0.129904),
      ["LowerTorso"] = CFrame.new(-0.807180, -1.930821, -1.835716, -0.720719, 0.088672, -0.687533, 0.000342, 0.991831, 0.127560, 0.693228, 0.091700, -0.714861),
      ["RightUpperArm"] = CFrame.new(0.022717, -0.075521, -0.040295, 0.991410, 0.129520, -0.018196, -0.125912, 0.907493, -0.400753, -0.035393, 0.399602, 0.916005),
      ["RightUpperLeg"] = CFrame.new(0.280975, -0.092334, -0.666124, 0.987669, 0.089072, -0.128748, 0.115290, 0.142559, 0.983049, 0.105916, -0.985770, 0.130533)
    }},
    { Time = 0.100, Data = {
      ["Head"] = CFrame.new(-0.000000, 0.000000, 0.000000, 0.912539, -0.129854, -0.387828, 0.178134, 0.979781, 0.091086, 0.368159, -0.152205, 0.917220),
      ["LeftUpperArm"] = CFrame.new(0.009517, -0.755906, -0.558155, 0.286872, -0.900089, 0.327939, -0.398605, -0.423440, -0.813519, 0.871102, 0.102658, -0.480253),
      ["LeftUpperLeg"] = CFrame.new(-0.369817, 0.020149, -0.617739, 0.962990, -0.149742, 0.224114, -0.198804, 0.166866, 0.965729, -0.182008, -0.974543, 0.130921),
      ["LowerTorso"] = CFrame.new(-0.807318, -1.930809, -1.835780, -0.721337, 0.089525, -0.686774, 0.000461, 0.991672, 0.128787, 0.692584, 0.092582, -0.715371),
      ["RightUpperArm"] = CFrame.new(0.023147, -0.075230, -0.039846, 0.991259, 0.130691, -0.018068, -0.126897, 0.906956, -0.401657, -0.036106, 0.400439, 0.915612),
      ["RightUpperLeg"] = CFrame.new(0.279984, -0.091837, -0.667063, 0.987726, 0.088268, -0.128868, 0.115407, 0.143566, 0.982889, 0.105258, -0.985697, 0.131617)
    }},
    { Time = 0.117, Data = {
      ["Head"] = CFrame.new(0.000000, -0.000000, 0.000000, 0.912674, -0.129089, -0.387766, 0.178049, 0.979622, 0.092949, 0.367865, -0.153874, 0.917059),
      ["LeftUpperArm"] = CFrame.new(0.008911, -0.755897, -0.558407, 0.285659, -0.899910, 0.329485, -0.399272, -0.424310, -0.812738, 0.871195, 0.100612, -0.480517),
      ["LeftUpperLeg"] = CFrame.new(-0.370388, 0.021036, -0.617126, 0.962805, -0.150662, 0.224293, -0.198583, 0.168338, 0.965519, -0.183224, -0.974147, 0.132158),
      ["LowerTorso"] = CFrame.new(-0.807577, -1.930782, -1.835875, -0.722010, 0.090628, -0.685921, 0.000650, 0.991472, 0.130316, 0.691882, 0.093643, -0.715912),
      ["RightUpperArm"] = CFrame.new(0.023642, -0.074886, -0.039314, 0.991083, 0.132027, -0.017989, -0.128046, 0.906322, -0.402721, -0.036866, 0.401433, 0.915146),
      ["RightUpperLeg"] = CFrame.new(0.278812, -0.091267, -0.668155, 0.987792, 0.087255, -0.129050, 0.115581, 0.144906, 0.982671, 0.104444, -0.985591, 0.133052)
    }},
    { Time = 0.133, Data = {
      ["Head"] = CFrame.new(-0.000000, 0.000000, 0.000000, 0.912842, -0.128280, -0.387639, 0.178009, 0.979426, 0.095072, 0.367468, -0.155788, 0.916896),
      ["LeftUpperArm"] = CFrame.new(0.008214, -0.755879, -0.558657, 0.284375, -0.899695, 0.331180, -0.399994, -0.425283, -0.811874, 0.871284, 0.098407, -0.480812),
      ["LeftUpperLeg"] = CFrame.new(-0.371067, 0.022004, -0.616459, 0.962551, -0.151789, 0.224623, -0.198440, 0.170034, 0.965251, -0.184708, -0.973678, 0.133545),
      ["LowerTorso"] = CFrame.new(-0.807807, -1.930764, -1.835877, -0.722806, 0.091833, -0.684922, 0.000900, 0.991255, 0.131956, 0.691051, 0.094762, -0.716568),
      ["RightUpperArm"] = CFrame.new(0.024208, -0.074498, -0.038680, 0.990881, 0.133547, -0.017880, -0.129338, 0.905556, -0.404029, -0.037765, 0.402658, 0.914571),
      ["RightUpperLeg"] = CFrame.new(0.277454, -0.090570, -0.669387, 0.987882, 0.086057, -0.129164, 0.115703, 0.146357, 0.982442, 0.103450, -0.985482, 0.134626)
    }},
    { Time = 0.150, Data = {
      ["Head"] = CFrame.new(0.000000, -0.000000, 0.000000, 0.912990, -0.127328, -0.387604, 0.177937, 0.979204, 0.097454, 0.367135, -0.157944, 0.916660),
      ["LeftUpperArm"] = CFrame.new(0.007426, -0.755858, -0.558946, 0.282943, -0.899444, 0.333082, -0.400914, -0.426388, -0.810840, 0.871327, 0.095884, -0.481243),
      ["LeftUpperLeg"] = CFrame.new(-0.371830, 0.023141, -0.615702, 0.962277, -0.153075, 0.224925, -0.198198, 0.171955, 0.964961, -0.186388, -0.973139, 0.135129),
      ["LowerTorso"] = CFrame.new(-0.808110, -1.930723, -1.836024, -0.723660, 0.093240, -0.683830, 0.001110, 0.990988, 0.133945, 0.690157, 0.096172, -0.717242),
      ["RightUpperArm"] = CFrame.new(0.024845, -0.074049, -0.037986, 0.990653, 0.135252, -0.017732, -0.130777, 0.904727, -0.405422, -0.038792, 0.403952, 0.913957),
      ["RightUpperLeg"] = CFrame.new(0.275923, -0.089831, -0.670801, 0.987967, 0.084714, -0.129398, 0.115945, 0.148027, 0.982163, 0.102358, -0.985348, 0.136423)
    }},
    { Time = 0.167, Data = {
      ["Head"] = CFrame.new(0.000000, 0.000000, 0.000000, 0.913184, -0.126249, -0.387499, 0.177824, 0.978956, 0.100113, 0.366705, -0.160329, 0.916418),
      ["LeftUpperArm"] = CFrame.new(0.006545, -0.755835, -0.559303, 0.281222, -0.899168, 0.335278, -0.401938, -0.427621, -0.809683, 0.871413, 0.092940, -0.481666),
      ["LeftUpperLeg"] = CFrame.new(-0.372679, 0.024414, -0.614827, 0.961979, -0.154455, 0.225254, -0.197923, 0.174096, 0.964633, -0.188209, -0.972540, 0.136907),
      ["LowerTorso"] = CFrame.new(-0.808378, -1.930689, -1.836083, -0.724698, 0.094742, -0.682522, 0.001389, 0.990702, 0.136046, 0.689065, 0.097644, -0.718091),
      ["RightUpperArm"] = CFrame.new(0.025552, -0.073547, -0.037211, 0.990396, 0.137140, -0.017550, -0.132360, 0.903796, -0.406980, -0.039952, 0.405395, 0.913268),
      ["RightUpperLeg"] = CFrame.new(0.274212, -0.088995, -0.672388, 0.988063, 0.083242, -0.129625, 0.116192, 0.149804, 0.981865, 0.101151, -0.985205, 0.138344)
    }},
    { Time = 0.183, Data = {
      ["Head"] = CFrame.new(0.000000, 0.000000, 0.000000, 0.913412, -0.125110, -0.387333, 0.177772, 0.978654, 0.103115, 0.366164, -0.163043, 0.916155),
      ["LeftUpperArm"] = CFrame.new(0.005583, -0.755821, -0.559658, 0.279434, -0.898814, 0.337714, -0.402929, -0.429027, -0.808446, 0.871530, 0.089832, -0.482043),
      ["LeftUpperLeg"] = CFrame.new(-0.373624, 0.025829, -0.613894, 0.961636, -0.156051, 0.225620, -0.197603, 0.176460, 0.964269, -0.190288, -0.971859, 0.138855),
      ["LowerTorso"] = CFrame.new(-0.808685, -1.930639, -1.836207, -0.725793, 0.096412, -0.681124, 0.001662, 0.990373, 0.138416, 0.687912, 0.099329, -0.718965),
      ["RightUpperArm"] = CFrame.new(0.026352, -0.073006, -0.036336, 0.990099, 0.139296, -0.017360, -0.134169, 0.902716, -0.408783, -0.041271, 0.407064, 0.912467),
      ["RightUpperLeg"] = CFrame.new(0.272321, -0.088057, -0.674152, 0.988167, 0.081633, -0.129851, 0.116439, 0.151802, 0.981528, 0.099837, -0.985034, 0.140500)
    }},
    { Time = 0.200, Data = {
      ["Head"] = CFrame.new(-0.000000, -0.000000, 0.000000, 0.913652, -0.123852, -0.387170, 0.177666, 0.978333, 0.106300, 0.365616, -0.165909, 0.915860),
      ["LeftUpperArm"] = CFrame.new(0.004522, -0.755783, -0.560067, 0.277419, -0.898459, 0.340308, -0.404160, -0.430481, -0.807057, 0.871604, 0.086354, -0.482545),
      ["LeftUpperLeg"] = CFrame.new(-0.374655, 0.027382, -0.612842, 0.961267, -0.157740, 0.226015, -0.197246, 0.179043, 0.963866, -0.192507, -0.971114, 0.140994),
      ["LowerTorso"] = CFrame.new(-0.808992, -1.930584, -1.836320, -0.727006, 0.098214, -0.679570, 0.001967, 0.990011, 0.140976, 0.686628, 0.101154, -0.719937),
      ["RightUpperArm"] = CFrame.new(0.027222, -0.072405, -0.035401, 0.989771, 0.141636, -0.017132, -0.136122, 0.901566, -0.410669, -0.042720, 0.408801, 0.911623),
      ["RightUpperLeg"] = CFrame.new(0.270252, -0.087048, -0.676068, 0.988278, 0.079815, -0.130135, 0.116746, 0.154128, 0.981129, 0.098367, -0.984822, 0.143003)
    }},
    { Time = 0.217, Data = {
      ["Head"] = CFrame.new(-0.000000, -0.000000, -0.000000, 0.913905, -0.122444, -0.387021, 0.177540, 0.977965, 0.109837, 0.365045, -0.169093, 0.915505),
      ["LeftUpperArm"] = CFrame.new(0.003381, -0.755759, -0.560517, 0.275260, -0.898024, 0.343197, -0.405503, -0.432131, -0.805500, 0.871665, 0.082554, -0.483100),
      ["LeftUpperLeg"] = CFrame.new(-0.375784, 0.029073, -0.611726, 0.960851, -0.159657, 0.226439, -0.196852, 0.181734, 0.963443, -0.194973, -0.970300, 0.143191),
      ["LowerTorso"] = CFrame.new(-0.809416, -1.930504, -1.836468, -0.728270, 0.100261, -0.677917, 0.002347, 0.989599, 0.143836, 0.685287, 0.103160, -0.720930),
      ["RightUpperArm"] = CFrame.new(0.028157, -0.071763, -0.034363, 0.989412, 0.144141, -0.016966, -0.138233, 0.900273, -0.412795, -0.044227, 0.410769, 0.910666),
      ["RightUpperLeg"] = CFrame.new(0.268004, -0.085946, -0.678155, 0.988398, 0.077875, -0.130406, 0.117067, 0.156447, 0.980724, 0.096776, -0.984611, 0.145515)
    }},
    { Time = 0.233, Data = {
      ["Head"] = CFrame.new(0.000000, 0.000000, 0.000000, 0.914157, -0.120985, -0.386885, 0.177461, 0.977546, 0.113624, 0.364451, -0.172527, 0.915101),
      ["LeftUpperArm"] = CFrame.new(0.002156, -0.755736, -0.560994, 0.272954, -0.897526, 0.346330, -0.406906, -0.433922, -0.803828, 0.871736, 0.078484, -0.483649),
      ["LeftUpperLeg"] = CFrame.new(-0.377000, 0.030909, -0.610497, 0.960407, -0.161655, 0.226903, -0.196409, 0.184752, 0.962959, -0.197588, -0.969399, 0.145686),
      ["LowerTorso"] = CFrame.new(-0.809723, -1.930430, -1.836564, -0.729718, 0.102321, -0.676049, 0.002722, 0.989166, 0.146775, 0.683743, 0.105264, -0.722091),
      ["RightUpperArm"] = CFrame.new(0.029186, -0.071064, -0.033267, 0.989007, 0.146915, -0.016783, -0.140571, 0.898895, -0.415004, -0.045884, 0.412801, 0.909665),
      ["RightUpperLeg"] = CFrame.new(0.265577, -0.084740, -0.680422, 0.988524, 0.075791, -0.130676, 0.117385, 0.159094, 0.980260, 0.095085, -0.984350, 0.148371)
    }},
    { Time = 0.250, Data = {
      ["Head"] = CFrame.new(0.000000, -0.000000, 0.000000, 0.914455, -0.119399, -0.386674, 0.177340, 0.977088, 0.117685, 0.363762, -0.176191, 0.914677),
      ["LeftUpperArm"] = CFrame.new(0.000838, -0.755693, -0.561511, 0.270424, -0.897001, 0.349657, -0.408412, -0.435774, -0.802060, 0.871820, 0.074092, -0.484190),
      ["LeftUpperLeg"] = CFrame.new(-0.378316, 0.032862, -0.609187, 0.959911, -0.163789, 0.227473, -0.195969, 0.188093, 0.962402, -0.200417, -0.968398, 0.148455),
      ["LowerTorso"] = CFrame.new(-0.810175, -1.930317, -1.836774, -0.731213, 0.104657, -0.674073, 0.003142, 0.988667, 0.150092, 0.682141, 0.107632, -0.723256),
      ["RightUpperArm"] = CFrame.new(0.030285, -0.070327, -0.032071, 0.988566, 0.149871, -0.016579, -0.143046, 0.897367, -0.417457, -0.047687, 0.415055, 0.908545),
      ["RightUpperLeg"] = CFrame.new(0.262973, -0.083469, -0.682838, 0.988654, 0.073504, -0.130994, 0.117773, 0.161952, 0.979745, 0.093231, -0.984057, 0.151458)
    }},
    { Time = 0.267, Data = {
      ["Head"] = CFrame.new(0.000000, 0.000000, 0.000000, 0.914765, -0.117663, -0.386473, 0.177197, 0.976572, 0.122097, 0.363052, -0.180172, 0.914183),
      ["LeftUpperArm"] = CFrame.new(-0.000573, -0.755629, -0.562070, 0.267669, -0.896448, 0.353178, -0.410021, -0.437685, -0.800197, 0.871915, 0.069377, -0.484717),
      ["LeftUpperLeg"] = CFrame.new(-0.379719, 0.034983, -0.607780, 0.959387, -0.166094, 0.228012, -0.195433, 0.191537, 0.961832, -0.203427, -0.967330, 0.151298),
      ["LowerTorso"] = CFrame.new(-0.810592, -1.930201, -1.836899, -0.732823, 0.107087, -0.671940, 0.003632, 0.988139, 0.153519, 0.680410, 0.110061, -0.724520),
      ["RightUpperArm"] = CFrame.new(0.031455, -0.069531, -0.030817, 0.988089, 0.153013, -0.016344, -0.145662, 0.895761, -0.419994, -0.049624, 0.417372, 0.907380),
      ["RightUpperLeg"] = CFrame.new(0.260191, -0.082102, -0.685428, 0.988790, 0.071088, -0.131301, 0.118172, 0.164912, 0.979204, 0.091263, -0.983743, 0.154662)
    }},
    { Time = 0.283, Data = {
      ["Head"] = CFrame.new(0.000000, 0.000000, -0.000000, 0.915073, -0.115893, -0.386276, 0.177083, 0.976010, 0.126674, 0.362329, -0.184319, 0.913643),
      ["LeftUpperArm"] = CFrame.new(-0.002059, -0.755575, -0.562657, 0.264836, -0.895796, 0.356948, -0.411790, -0.439778, -0.798138, 0.871947, 0.064388, -0.485348),
      ["LeftUpperLeg"] = CFrame.new(-0.381224, 0.037217, -0.606285, 0.958808, -0.168546, 0.228649, -0.194908, 0.195191, 0.961203, -0.206638, -0.966174, 0.154300),
      ["LowerTorso"] = CFrame.new(-0.811116, -1.930051, -1.837066, -0.734539, 0.109754, -0.669632, 0.004211, 0.987551, 0.157244, 0.678554, 0.112682, -0.725857),
      ["RightUpperArm"] = CFrame.new(0.032694, -0.068698, -0.029463, 0.987573, 0.156337, -0.016093, -0.148413, 0.893999, -0.422775, -0.051709, 0.419909, 0.906092),
      ["RightUpperLeg"] = CFrame.new(0.257233, -0.080669, -0.688168, 0.988928, 0.068470, -0.131654, 0.118643, 0.168079, 0.978608, 0.089133, -0.983393, 0.158095)
    }},
    { Time = 0.300, Data = {
      ["Head"] = CFrame.new(0.000000, 0.000000, -0.000000, 0.915440, -0.113898, -0.386001, 0.176858, 0.975395, 0.131625, 0.361512, -0.188762, 0.913060),
      ["LeftUpperArm"] = CFrame.new(-0.003625, -0.755519, -0.563271, 0.261851, -0.895066, 0.360958, -0.413622, -0.441996, -0.795962, 0.871981, 0.059124, -0.485956),
      ["LeftUpperLeg"] = CFrame.new(-0.382818, 0.039627, -0.604698, 0.958197, -0.171157, 0.229267, -0.194272, 0.199055, 0.960539, -0.210040, -0.964926, 0.157483),
      ["LowerTorso"] = CFrame.new(-0.811560, -1.929888, -1.837255, -0.736309, 0.112471, -0.667233, 0.004743, 0.986923, 0.161125, 0.676630, 0.115473, -0.727213),
      ["RightUpperArm"] = CFrame.new(0.034027, -0.067812, -0.028053, 0.987001, 0.159930, -0.015832, -0.151386, 0.892140, -0.425639, -0.053948, 0.422503, 0.904755),
      ["RightUpperLeg"] = CFrame.new(0.254098, -0.079140, -0.691085, 0.989070, 0.065714, -0.131996, 0.119122, 0.171456, 0.977964, 0.086897, -0.982998, 0.161754)
    }},
    { Time = 0.317, Data = {
      ["Head"] = CFrame.new(0.000000, -0.000000, 0.000000, 0.915805, -0.111853, -0.385733, 0.176677, 0.974712, 0.136824, 0.360675, -0.193454, 0.912408),
      ["LeftUpperArm"] = CFrame.new(-0.005281, -0.755438, -0.563928, 0.258638, -0.894296, 0.365158, -0.415559, -0.444262, -0.793689, 0.872019, 0.053533, -0.486535),
      ["LeftUpperLeg"] = CFrame.new(-0.384515, 0.042159, -0.603028, 0.957528, -0.173902, 0.229997, -0.193631, 0.203232, 0.959794, -0.213652, -0.963564, 0.160928),
      ["LowerTorso"] = CFrame.new(-0.812026, -1.929692, -1.837517, -0.738187, 0.115340, -0.664663, 0.005286, 0.986234, 0.165272, 0.674576, 0.118488, -0.728635),
      ["RightUpperArm"] = CFrame.new(0.035403, -0.066886, -0.026542, 0.986403, 0.163603, -0.015623, -0.154426, 0.890132, -0.428740, -0.056237, 0.425323, 0.903293),
      ["RightUpperLeg"] = CFrame.new(0.250787, -0.077515, -0.694179, 0.989214, 0.062821, -0.132325, 0.119611, 0.175039, 0.977269, 0.084555, -0.982555, 0.165637)
    }},
    { Time = 0.333, Data = {
      ["Head"] = CFrame.new(0.000000, -0.000000, -0.000000, 0.916202, -0.109768, -0.385390, 0.176535, 0.973957, 0.142278, 0.359736, -0.198390, 0.911719),
      ["LeftUpperArm"] = CFrame.new(-0.007008, -0.755364, -0.564628, 0.255270, -0.893419, 0.369648, -0.417611, -0.446694, -0.791243, 0.872031, 0.047612, -0.487129),
      ["LeftUpperLeg"] = CFrame.new(-0.386303, 0.044829, -0.601232, 0.956823, -0.176751, 0.230756, -0.192953, 0.207503, 0.959016, -0.217389, -0.962134, 0.164439),
      ["LowerTorso"] = CFrame.new(-0.812564, -1.929466, -1.837748, -0.740167, 0.118410, -0.661915, 0.005954, 0.985489, 0.169636, 0.672397, 0.121618, -0.730132),
      ["RightUpperArm"] = CFrame.new(0.036871, -0.065920, -0.024954, 0.985744, 0.167543, -0.015416, -0.157683, 0.887980, -0.432003, -0.058690, 0.428276, 0.901740),
      ["RightUpperLeg"] = CFrame.new(0.247300, -0.075796, -0.697448, 0.989359, 0.059799, -0.132635, 0.120115, 0.178717, 0.976541, 0.082100, -0.982082, 0.169633)
    }},
    { Time = 0.350, Data = {
      ["Head"] = CFrame.new(-0.000000, 0.000000, -0.000000, 0.916609, -0.107601, -0.385032, 0.176305, 0.973184, 0.147745, 0.358810, -0.203308, 0.911000),
      ["LeftUpperArm"] = CFrame.new(-0.008728, -0.755282, -0.565331, 0.251892, -0.892512, 0.374130, -0.419668, -0.449094, -0.788792, 0.872026, 0.041680, -0.487682),
      ["LeftUpperLeg"] = CFrame.new(-0.388098, 0.047511, -0.599440, 0.956107, -0.179584, 0.231536, -0.192249, 0.211867, 0.958203, -0.221132, -0.960657, 0.168042),
      ["LowerTorso"] = CFrame.new(-0.813085, -1.929219, -1.837991, -0.742196, 0.121464, -0.659084, 0.006643, 0.984724, 0.173996, 0.670150, 0.124761, -0.731666),
      ["RightUpperArm"] = CFrame.new(0.038344, -0.064950, -0.023392, 0.985068, 0.171502, -0.015133, -0.160912, 0.885841, -0.435193, -0.061231, 0.431129, 0.900210),
      ["RightUpperLeg"] = CFrame.new(0.243825, -0.074141, -0.700726, 0.989482, 0.056758, -0.133058, 0.120746, 0.182489, 0.975765, 0.079664, -0.981568, 0.173716)
    }},
    { Time = 0.367, Data = {
      ["Head"] = CFrame.new(-0.000000, 0.000000, -0.000000, 0.916969, -0.105579, -0.384734, 0.176097, 0.972433, 0.152851, 0.357990, -0.207910, 0.910284),
      ["LeftUpperArm"] = CFrame.new(-0.010355, -0.755190, -0.565996, 0.248722, -0.891634, 0.378319, -0.421715, -0.451318, -0.786428, 0.871948, 0.036059, -0.488268),
      ["LeftUpperLeg"] = CFrame.new(-0.389812, 0.050063, -0.597763, 0.955404, -0.182319, 0.232297, -0.191568, 0.215995, 0.957417, -0.224731, -0.959221, 0.171436),
      ["LowerTorso"] = CFrame.new(-0.813521, -1.928968, -1.838275, -0.744040, 0.124303, -0.656470, 0.007222, 0.983980, 0.178132, 0.668096, 0.127796, -0.733019),
      ["RightUpperArm"] = CFrame.new(0.039742, -0.064038, -0.021912, 0.984409, 0.175257, -0.014977, -0.164009, 0.883784, -0.438208, -0.063563, 0.433833, 0.898749),
      ["RightUpperLeg"] = CFrame.new(0.240525, -0.072530, -0.703822, 0.989604, 0.053863, -0.133353, 0.121264, 0.186033, 0.975032, 0.077326, -0.981066, 0.177567)
    }},
    { Time = 0.383, Data = {
      ["Head"] = CFrame.new(-0.000000, 0.000000, -0.000000, 0.917316, -0.103677, -0.384426, 0.175939, 0.971676, 0.157770, 0.357180, -0.212360, 0.909574),
      ["LeftUpperArm"] = CFrame.new(-0.011887, -0.755097, -0.566622, 0.245694, -0.890777, 0.382297, -0.423567, -0.453399, -0.784232, 0.871909, 0.030753, -0.488701),
      ["LeftUpperLeg"] = CFrame.new(-0.391431, 0.052503, -0.596165, 0.954742, -0.184918, 0.232964, -0.190871, 0.219785, 0.956694, -0.228112, -0.957862, 0.174542),
      ["LowerTorso"] = CFrame.new(-0.813912, -1.928721, -1.838500, -0.745818, 0.126967, -0.653937, 0.007816, 0.983268, 0.181996, 0.666103, 0.130625, -0.734332),
      ["RightUpperArm"] = CFrame.new(0.041073, -0.063191, -0.020495, 0.983766, 0.178846, -0.014787, -0.166935, 0.881773, -0.441144, -0.065858, 0.436451, 0.897314),
      ["RightUpperLeg"] = CFrame.new(0.237407, -0.071021, -0.706746, 0.989711, 0.051096, -0.133645, 0.121784, 0.189458, 0.974307, 0.075103, -0.980559, 0.181286)
    }},
    { Time = 0.400, Data = {
      ["Head"] = CFrame.new(-0.000000, -0.000000, 0.000000, 0.917628, -0.101836, -0.384173, 0.175721, 0.970962, 0.162344, 0.356484, -0.216479, 0.908876),
      ["LeftUpperArm"] = CFrame.new(-0.013319, -0.755017, -0.567209, 0.242881, -0.889919, 0.386073, -0.425321, -0.455390, -0.782127, 0.871844, 0.025759, -0.489107),
      ["LeftUpperLeg"] = CFrame.new(-0.392956, 0.054811, -0.594630, 0.954123, -0.187287, 0.233609, -0.190201, 0.223453, 0.955977, -0.231243, -0.956552, 0.177579),
      ["LowerTorso"] = CFrame.new(-0.814376, -1.928462, -1.838709, -0.747465, 0.129575, -0.651542, 0.008464, 0.982571, 0.185697, 0.664248, 0.133287, -0.735533),
      ["RightUpperArm"] = CFrame.new(0.042307, -0.062386, -0.019179, 0.983161, 0.182148, -0.014693, -0.169651, 0.879906, -0.443828, -0.067914, 0.438847, 0.895991),
      ["RightUpperLeg"] = CFrame.new(0.234471, -0.069618, -0.709490, 0.989805, 0.048473, -0.133931, 0.122313, 0.192547, 0.973635, 0.072983, -0.980090, 0.184655)
    }},
    { Time = 0.417, Data = {
      ["Head"] = CFrame.new(0.000000, -0.000000, -0.000000, 0.917959, -0.100123, -0.383831, 0.175546, 0.970248, 0.166741, 0.355716, -0.220441, 0.908224),
      ["LeftUpperArm"] = CFrame.new(-0.014662, -0.754931, -0.567772, 0.240208, -0.889106, 0.389603, -0.427016, -0.457218, -0.780134, 0.871756, 0.021028, -0.489490),
      ["LeftUpperLeg"] = CFrame.new(-0.394399, 0.056984, -0.593212, 0.953521, -0.189560, 0.234231, -0.189560, 0.226893, 0.955294, -0.234231, -0.955294, 0.180414),
      ["LowerTorso"] = CFrame.new(-0.814723, -1.928221, -1.838880, -0.748993, 0.131936, -0.649310, 0.009036, 0.981917, 0.189097, 0.662517, 0.135765, -0.736641),
      ["RightUpperArm"] = CFrame.new(0.043475, -0.061645, -0.017925, 0.982577, 0.185284, -0.014561, -0.172197, 0.878092, -0.446433, -0.069931, 0.441162, 0.894699),
      ["RightUpperLeg"] = CFrame.new(0.231715, -0.068283, -0.712088, 0.989889, 0.046044, -0.134162, 0.122776, 0.195524, 0.972983, 0.071032, -0.979617, 0.187894)
    }},
    { Time = 0.433, Data = {
      ["Head"] = CFrame.new(-0.000000, 0.000000, -0.000000, 0.918245, -0.098554, -0.383554, 0.175397, 0.969573, 0.170777, 0.355053, -0.224089, 0.907591),
      ["LeftUpperArm"] = CFrame.new(-0.015906, -0.754859, -0.568296, 0.237753, -0.888301, 0.392932, -0.428612, -0.458962, -0.778233, 0.871645, 0.016612, -0.489856),
      ["LeftUpperLeg"] = CFrame.new(-0.395758, 0.058989, -0.591884, 0.952939, -0.191671, 0.234882, -0.189016, 0.230108, 0.954633, -0.237024, -0.954103, 0.183050),
      ["LowerTorso"] = CFrame.new(-0.814981, -1.927984, -1.839103, -0.750466, 0.134077, -0.647167, 0.009507, 0.981295, 0.192275, 0.660841, 0.138143, -0.737703),
      ["RightUpperArm"] = CFrame.new(0.044551, -0.060943, -0.016773, 0.982034, 0.188153, -0.014437, -0.174517, 0.876429, -0.448794, -0.071789, 0.443250, 0.893519),
      ["RightUpperLeg"] = CFrame.new(0.229137, -0.067016, -0.714538, 0.989966, 0.043818, -0.134338, 0.123174, 0.198284, 0.972374, 0.069245, -0.979165, 0.190897)
    }},
    { Time = 0.450, Data = {
      ["Head"] = CFrame.new(-0.000000, 0.000000, 0.000000, 0.918485, -0.097110, -0.383348, 0.175289, 0.968922, 0.174536, 0.354485, -0.227505, 0.906963),
      ["LeftUpperArm"] = CFrame.new(-0.017070, -0.754771, -0.568779, 0.235441, -0.887569, 0.395965, -0.430097, -0.460504, -0.776500, 0.871542, 0.012517, -0.490162),
      ["LeftUpperLeg"] = CFrame.new(-0.397019, 0.060886, -0.590641, 0.952404, -0.193634, 0.235443, -0.188450, 0.233100, 0.954018, -0.239612, -0.952980, 0.185515),
      ["LowerTorso"] = CFrame.new(-0.815315, -1.927742, -1.839305, -0.751811, 0.136164, -0.645166, 0.010028, 0.980694, 0.195293, 0.659302, 0.140354, -0.738662),
      ["RightUpperArm"] = CFrame.new(0.045583, -0.060298, -0.015704, 0.981498, 0.190940, -0.014284, -0.176756, 0.874848, -0.450997, -0.073617, 0.445177, 0.892411),
      ["RightUpperLeg"] = CFrame.new(0.226743, -0.065883, -0.716787, 0.990028, 0.041654, -0.134571, 0.123636, 0.200926, 0.971773, 0.067517, -0.978720, 0.193772)
    }},
    { Time = 0.467, Data = {
      ["Head"] = CFrame.new(0.000000, -0.000000, -0.000000, 0.918756, -0.095746, -0.383040, 0.175110, 0.968330, 0.177969, 0.353869, -0.230584, 0.906426),
      ["LeftUpperArm"] = CFrame.new(-0.018137, -0.754699, -0.569223, 0.233349, -0.886852, 0.398800, -0.431481, -0.461971, -0.774859, 0.871420, 0.008738, -0.490460),
      ["LeftUpperLeg"] = CFrame.new(-0.398197, 0.062639, -0.589511, 0.951890, -0.195515, 0.235966, -0.187931, 0.235764, 0.953466, -0.242049, -0.951940, 0.187678),
      ["LowerTorso"] = CFrame.new(-0.815647, -1.927502, -1.839518, -0.753036, 0.138119, -0.643319, 0.010517, 0.980121, 0.198120, 0.657895, 0.142425, -0.739520),
      ["RightUpperArm"] = CFrame.new(0.046517, -0.059700, -0.014714, 0.981009, 0.193439, -0.014227, -0.178788, 0.873385, -0.453027, -0.075207, 0.446967, 0.891383),
      ["RightUpperLeg"] = CFrame.new(0.224526, -0.064819, -0.718883, 0.990084, 0.039700, -0.134749, 0.124035, 0.203244, 0.971240, 0.065945, -0.978323, 0.196304)
    }},
    { Time = 0.483, Data = {
      ["Head"] = CFrame.new(-0.000000, -0.000000, -0.000000, 0.918983, -0.094490, -0.382808, 0.174989, 0.967751, 0.181209, 0.353341, -0.233515, 0.905881),
      ["LeftUpperArm"] = CFrame.new(-0.019114, -0.754633, -0.569626, 0.231405, -0.886176, 0.401428, -0.432668, -0.463319, -0.773391, 0.871350, 0.005282, -0.490635),
      ["LeftUpperLeg"] = CFrame.new(-0.399276, 0.064256, -0.588445, 0.951426, -0.197168, 0.236461, -0.187447, 0.238316, 0.952927, -0.244239, -0.950963, 0.189781),
      ["LowerTorso"] = CFrame.new(-0.815868, -1.927289, -1.839692, -0.754151, 0.139834, -0.641642, 0.010924, 0.979603, 0.200647, 0.656611, 0.144309, -0.740295),
      ["RightUpperArm"] = CFrame.new(0.047386, -0.059154, -0.013805, 0.980547, 0.195774, -0.014119, -0.180657, 0.872026, -0.454900, -0.076746, 0.448602, 0.890431),
      ["RightUpperLeg"] = CFrame.new(0.222489, -0.063854, -0.720806, 0.990131, 0.037875, -0.134932, 0.124429, 0.205452, 0.970725, 0.064488, -0.977934, 0.198712)
    }},
    { Time = 0.500, Data = {
      ["Head"] = CFrame.new(-0.000000, -0.000000, -0.000000, 0.919176, -0.093293, -0.382638, 0.174812, 0.967236, 0.184108, 0.352926, -0.236118, 0.905368),
      ["LeftUpperArm"] = CFrame.new(-0.020000, -0.754577, -0.570018, 0.229607, -0.885536, 0.403864, -0.433845, -0.464566, -0.771982, 0.871240, 0.002038, -0.490853),
      ["LeftUpperLeg"] = CFrame.new(-0.400256, 0.065762, -0.587465, 0.951013, -0.198673, 0.236863, -0.186945, 0.240649, 0.952439, -0.246225, -0.950062, 0.191719),
      ["LowerTorso"] = CFrame.new(-0.816052, -1.927099, -1.839800, -0.755207, 0.141382, -0.640057, 0.011336, 0.979133, 0.202905, 0.655388, 0.145980, -0.741051),
      ["RightUpperArm"] = CFrame.new(0.048157, -0.058654, -0.012974, 0.980137, 0.197822, -0.014103, -0.182322, 0.870789, -0.456601, -0.078045, 0.450103, 0.889560),
      ["RightUpperLeg"] = CFrame.new(0.220624, -0.062928, -0.722546, 0.990184, 0.036198, -0.134999, 0.124700, 0.207448, 0.970266, 0.063127, -0.977576, 0.200898)
    }},
    { Time = 0.517, Data = {
      ["Head"] = CFrame.new(-0.000000, 0.000000, -0.000000, 0.919377, -0.092324, -0.382389, 0.174746, 0.966745, 0.186731, 0.352433, -0.238497, 0.904937),
      ["LeftUpperArm"] = CFrame.new(-0.020815, -0.754496, -0.570354, 0.227954, -0.885006, 0.405956, -0.434859, -0.465578, -0.770801, 0.871168, -0.000826, -0.490984),
      ["LeftUpperLeg"] = CFrame.new(-0.401149, 0.067096, -0.586577, 0.950624, -0.200017, 0.237289, -0.186548, 0.242766, 0.951979, -0.248018, -0.949241, 0.193466),
      ["LowerTorso"] = CFrame.new(-0.816273, -1.926899, -1.839990, -0.756088, 0.142838, -0.638693, 0.011673, 0.978681, 0.205054, 0.654366, 0.147584, -0.741636),
      ["RightUpperArm"] = CFrame.new(0.048885, -0.058220, -0.012205, 0.979738, 0.199787, -0.014062, -0.183906, 0.869603, -0.458223, -0.079319, 0.451525, 0.888726),
      ["RightUpperLeg"] = CFrame.new(0.218944, -0.062129, -0.724143, 0.990219, 0.034712, -0.135138, 0.125022, 0.209228, 0.969842, 0.061940, -0.977251, 0.202841)
    }},
    { Time = 0.533, Data = {
      ["Head"] = CFrame.new(-0.000000, 0.000000, -0.000000, 0.919546, -0.091397, -0.382206, 0.174641, 0.966304, 0.189096, 0.352045, -0.240632, 0.904523),
      ["LeftUpperArm"] = CFrame.new(-0.021529, -0.754446, -0.570663, 0.226526, -0.884477, 0.407904, -0.435822, -0.466571, -0.769656, 0.871060, -0.003426, -0.491165),
      ["LeftUpperLeg"] = CFrame.new(-0.401957, 0.068285, -0.585802, 0.950262, -0.201281, 0.237673, -0.186202, 0.244561, 0.951587, -0.249662, -0.948512, 0.194918),
      ["LowerTorso"] = CFrame.new(-0.816454, -1.926725, -1.840124, -0.756973, 0.144122, -0.637355, 0.012023, 0.978281, 0.206934, 0.653336, 0.148980, -0.742265),
      ["RightUpperArm"] = CFrame.new(0.049520, -0.057820, -0.011534, 0.979391, 0.201487, -0.014020, -0.185270, 0.868585, -0.459603, -0.080426, 0.452729, 0.888014),
      ["RightUpperLeg"] = CFrame.new(0.217440, -0.061394, -0.725593, 0.990250, 0.033421, -0.135230, 0.125271, 0.210906, 0.969446, 0.060921, -0.976935, 0.204663)
    }},
    { Time = 0.550, Data = {
      ["Head"] = CFrame.new(0.000000, -0.000000, 0.000000, 0.919682, -0.090510, -0.382091, 0.174497, 0.965915, 0.191204, 0.351761, -0.242520, 0.904128),
      ["LeftUpperArm"] = CFrame.new(-0.022167, -0.754384, -0.570932, 0.225246, -0.884039, 0.409560, -0.436672, -0.467379, -0.768684, 0.870966, -0.005700, -0.491310),
      ["LeftUpperLeg"] = CFrame.new(-0.402663, 0.069335, -0.585092, 0.949953, -0.202319, 0.238025, -0.185896, 0.246249, 0.951212, -0.251061, -0.947855, 0.196315),
      ["LowerTorso"] = CFrame.new(-0.816614, -1.926578, -1.840177, -0.757683, 0.145256, -0.636252, 0.012357, 0.977935, 0.208546, 0.652505, 0.150149, -0.742760),
      ["RightUpperArm"] = CFrame.new(0.050089, -0.057469, -0.010946, 0.979075, 0.203022, -0.013921, -0.186475, 0.867678, -0.460827, -0.081479, 0.453780, 0.887381),
      ["RightUpperLeg"] = CFrame.new(0.216117, -0.060794, -0.726836, 0.990270, 0.032207, -0.135381, 0.125585, 0.212257, 0.969111, 0.059948, -0.976683, 0.206147)
    }},
    { Time = 0.567, Data = {
      ["Head"] = CFrame.new(0.000000, -0.000000, -0.000000, 0.919826, -0.089852, -0.381898, 0.174465, 0.965557, 0.193036, 0.351400, -0.244187, 0.903820),
      ["LeftUpperArm"] = CFrame.new(-0.022712, -0.754343, -0.571174, 0.224117, -0.883628, 0.411063, -0.437374, -0.468126, -0.767830, 0.870905, -0.007705, -0.491390),
      ["LeftUpperLeg"] = CFrame.new(-0.403283, 0.070238, -0.584496, 0.949671, -0.203275, 0.238335, -0.185643, 0.247617, 0.950906, -0.252312, -0.947293, 0.197419),
      ["LowerTorso"] = CFrame.new(-0.816725, -1.926434, -1.840347, -0.758288, 0.146212, -0.635312, 0.012543, 0.977617, 0.210020, 0.651799, 0.151286, -0.743149),
      ["RightUpperArm"] = CFrame.new(0.050562, -0.057162, -0.010433, 0.978816, 0.204270, -0.013911, -0.187479, 0.866902, -0.461879, -0.082288, 0.454703, 0.886834),
      ["RightUpperLeg"] = CFrame.new(0.214961, -0.060196, -0.727927, 0.990304, 0.031202, -0.135368, 0.125704, 0.213513, 0.968819, 0.059132, -0.976442, 0.207521)
    }},
    { Time = 0.583, Data = {
      ["Head"] = CFrame.new(-0.000000, -0.000000, -0.000000, 0.919938, -0.089251, -0.381769, 0.174378, 0.965273, 0.194528, 0.351150, -0.245526, 0.903555),
      ["LeftUpperArm"] = CFrame.new(-0.023165, -0.754322, -0.571361, 0.223288, -0.883248, 0.412330, -0.438018, -0.468814, -0.767042, 0.870795, -0.009337, -0.491558),
      ["LeftUpperLeg"] = CFrame.new(-0.403802, 0.071036, -0.583992, 0.949444, -0.204073, 0.238559, -0.185363, 0.248879, 0.950631, -0.253370, -0.946791, 0.198470),
      ["LowerTorso"] = CFrame.new(-0.816885, -1.926310, -1.840421, -0.758831, 0.147086, -0.634461, 0.012811, 0.977347, 0.211255, 0.651161, 0.152178, -0.743526),
      ["RightUpperArm"] = CFrame.new(0.050991, -0.056909, -0.010002, 0.978572, 0.205437, -0.013864, -0.188407, 0.866223, -0.462775, -0.083062, 0.455471, 0.886367),
      ["RightUpperLeg"] = CFrame.new(0.213993, -0.059757, -0.728847, 0.990316, 0.030320, -0.135482, 0.125937, 0.214552, 0.968560, 0.058435, -0.976242, 0.208656)
    }},
    { Time = 0.600, Data = {
      ["Head"] = CFrame.new(-0.000000, -0.000000, 0.000000, 0.920006, -0.088774, -0.381718, 0.174336, 0.965034, 0.195747, 0.350993, -0.246635, 0.903313),
      ["LeftUpperArm"] = CFrame.new(-0.023541, -0.754291, -0.571519, 0.222534, -0.882962, 0.413348, -0.438503, -0.469323, -0.766454, 0.870743, -0.010693, -0.491622),
      ["LeftUpperLeg"] = CFrame.new(-0.404233, 0.071686, -0.583602, 0.949244, -0.204790, 0.238739, -0.185139, 0.249824, 0.950427, -0.254281, -0.946387, 0.199229),
      ["LowerTorso"] = CFrame.new(-0.816940, -1.926224, -1.840454, -0.759270, 0.147725, -0.633788, 0.012990, 0.977141, 0.212193, 0.650646, 0.152879, -0.743834),
      ["RightUpperArm"] = CFrame.new(0.051322, -0.056699, -0.009647, 0.978387, 0.206316, -0.013904, -0.189136, 0.865677, -0.463499, -0.083591, 0.456111, 0.885989),
      ["RightUpperLeg"] = CFrame.new(0.213199, -0.059382, -0.729616, 0.990327, 0.029641, -0.135552, 0.126098, 0.215384, 0.968354, 0.057899, -0.976080, 0.209563)
    }},
    { Time = 0.617, Data = {
      ["Head"] = CFrame.new(-0.000000, -0.000000, -0.000000, 0.920073, -0.088348, -0.381654, 0.174248, 0.964852, 0.196717, 0.350860, -0.247496, 0.903129),
      ["LeftUpperArm"] = CFrame.new(-0.023843, -0.754251, -0.571650, 0.221854, -0.882772, 0.414118, -0.438830, -0.469654, -0.766064, 0.870752, -0.011773, -0.491582),
      ["LeftUpperLeg"] = CFrame.new(-0.404562, 0.072162, -0.583251, 0.949102, -0.205215, 0.238938, -0.185023, 0.250665, 0.950228, -0.254894, -0.946073, 0.199937),
      ["LowerTorso"] = CFrame.new(-0.816998, -1.926152, -1.840490, -0.759597, 0.148238, -0.633276, 0.013130, 0.976976, 0.212944, 0.650262, 0.153436, -0.744054),
      ["RightUpperArm"] = CFrame.new(0.051588, -0.056537, -0.009372, 0.978236, 0.207033, -0.013884, -0.189706, 0.865248, -0.464067, -0.084064, 0.456601, 0.885691),
      ["RightUpperLeg"] = CFrame.new(0.212578, -0.059077, -0.730179, 0.990343, 0.029036, -0.135566, 0.126195, 0.216113, 0.968179, 0.057410, -0.975936, 0.210362)
    }},
    { Time = 0.633, Data = {
      ["Head"] = CFrame.new(-0.000000, 0.000000, -0.000000, 0.920117, -0.088140, -0.381596, 0.174280, 0.964706, 0.197404, 0.350729, -0.248139, 0.903004),
      ["LeftUpperArm"] = CFrame.new(-0.024047, -0.754243, -0.571740, 0.221476, -0.882592, 0.414704, -0.439149, -0.469973, -0.765685, 0.870687, -0.012536, -0.491678),
      ["LeftUpperLeg"] = CFrame.new(-0.404803, 0.072524, -0.583040, 0.948988, -0.205627, 0.239040, -0.184896, 0.251189, 0.950115, -0.255413, -0.945845, 0.200355),
      ["LowerTorso"] = CFrame.new(-0.817055, -1.926095, -1.840539, -0.759871, 0.148620, -0.632857, 0.013240, 0.976852, 0.213506, 0.649939, 0.153858, -0.744250),
      ["RightUpperArm"] = CFrame.new(0.051761, -0.056418, -0.009175, 0.978140, 0.207482, -0.013868, -0.190058, 0.864953, -0.464472, -0.084375, 0.456955, 0.885479),
      ["RightUpperLeg"] = CFrame.new(0.212138, -0.058865, -0.730621, 0.990348, 0.028697, -0.135600, 0.126276, 0.216529, 0.968075, 0.057142, -0.975855, 0.210815)
    }},
    { Time = 0.650, Data = {
      ["Head"] = CFrame.new(-0.000000, 0.000000, -0.000000, 0.920161, -0.087983, -0.381526, 0.174266, 0.964619, 0.197843, 0.350620, -0.248534, 0.902938),
      ["LeftUpperArm"] = CFrame.new(-0.024176, -0.754226, -0.571802, 0.221174, -0.882509, 0.415042, -0.439310, -0.470115, -0.765505, 0.870683, -0.013022, -0.491672),
      ["LeftUpperLeg"] = CFrame.new(-0.404942, 0.072739, -0.582890, 0.948930, -0.205826, 0.239096, -0.184826, 0.251503, 0.950045, -0.255677, -0.945718, 0.200617),
      ["LowerTorso"] = CFrame.new(-0.817036, -1.926059, -1.840625, -0.760042, 0.148796, -0.632611, 0.013229, 0.976776, 0.213852, 0.649740, 0.154167, -0.744359),
