return {
  ["Astros missionary 4"] = {
    { Time = 0.000, Data = {
      ["Head"] = CFrame.new(-0.000000, -0.000003, 0.000002, 0.992494, 0.112475, 0.048021, -0.121978, 0.882034, 0.455124, 0.008834, -0.457565, 0.889132),
      ["LeftUpperArm"] = CFrame.new(0.015391, -0.075270, -0.034748, 0.973652, 0.024711, -0.226696, -0.130030, 0.876823, -0.462897, 0.187333, 0.480178, 0.856934),
      ["LeftUpperLeg"] = CFrame.new(-0.119110, 0.020946, -0.060690, 0.968475, 0.242804, 0.055707, 0.025160, 0.127140, -0.991566, -0.247839, 0.961708, 0.117023),
      ["LowerTorso"] = CFrame.new(0.000000, -1.384627, -0.056385, 1.000000, 0.000000, 0.000000, 0.000000, -0.084330, -0.996438, 0.000000, 0.996438, -0.084330),
      ["RightUpperArm"] = CFrame.new(0.102732, -0.191279, 0.040179, 0.955360, -0.006548, 0.295372, 0.171018, 0.827491, -0.534800, -0.240916, 0.561441, 0.791672),
      ["RightUpperLeg"] = CFrame.new(0.118933, 0.019716, -0.048409, 0.974312, -0.219498, -0.050374, -0.022745, 0.126627, -0.991690, 0.224053, 0.967360, 0.118382),
      ["рҹҢ§пёҸрҹҳірҹ‘»рҹҸіпёҸвҖҚрҹҢҲрҹҳӮрҹ’һрҹҸҙвҖҚвҳ пёҸрҹҺёрҹҢ§пёҸрҹҳірҹ‘»рҹҸіпёҸвҖҚрҹҢҲрҹҳӮрҹ’һрҹҸҙвҖҚвҳ"] = CFrame.new(-0.000000, 0.000000, 0.000000, 0.957360, -0.288898, 0.000000, 0.288898, 0.957360, 0.000000, 0.000000, 0.000000, 1.000000)
    }},
    { Time = 0.017, Data = {
      ["Head"] = CFrame.new(-0.000000, -0.000004, 0.000002, 0.992493, 0.112500, 0.047965, -0.121903, 0.878544, 0.461844, 0.009818, -0.464224, 0.885664),
      ["LeftUpperArm"] = CFrame.new(0.015328, -0.075422, -0.034501, 0.973652, 0.024691, -0.226698, -0.130047, 0.876738, -0.463052, 0.187322, 0.480333, 0.856849),
      ["LeftUpperLeg"] = CFrame.new(-0.119101, 0.020931, -0.060658, 0.968492, 0.242755, 0.055616, 0.025131, 0.126913, -0.991595, -0.247773, 0.961750, 0.116814),
      ["LowerTorso"] = CFrame.new(0.000000, -1.384510, -0.056297, 1.000000, 0.000000, 0.000000, 0.000000, -0.084447, -0.996428, 0.000000, 0.996428, -0.084447),
      ["RightUpperArm"] = CFrame.new(0.102813, -0.191451, 0.040407, 0.955360, -0.006521, 0.295373, 0.171040, 0.827391, -0.534948, -0.240900, 0.561588, 0.791571),
      ["RightUpperLeg"] = CFrame.new(0.118925, 0.019706, -0.048375, 0.974327, -0.219451, -0.050272, -0.022726, 0.126287, -0.991733, 0.223986, 0.967416, 0.118057),
      ["рҹҢ§пёҸрҹҳірҹ‘»рҹҸіпёҸвҖҚрҹҢҲрҹҳӮрҹ’һрҹҸҙвҖҚвҳ пёҸрҹҺёрҹҢ§пёҸрҹҳірҹ‘»рҹҸіпёҸвҖҚрҹҢҲрҹҳӮрҹ’һрҹҸҙвҖҚвҳ"] = CFrame.new(-0.000000, 0.000000, 0.000000, 0.955113, -0.296242, 0.000000, 0.296242, 0.955113, 0.000000, 0.000000, 0.000000, 1.000000)
    }},
    { Time = 0.033, Data = {
      ["Head"] = CFrame.new(-0.000001, -0.000004, 0.000002, 0.992491, 0.112508, 0.047989, -0.121845, 0.875043, 0.468459, 0.010713, -0.470788, 0.882181),
      ["LeftUpperArm"] = CFrame.new(0.015206, -0.075880, -0.033756, 0.973631, 0.024879, -0.226767, -0.130346, 0.876464, -0.463488, 0.187222, 0.480825, 0.856595),
      ["LeftUpperLeg"] = CFrame.new(-0.119107, 0.020957, -0.060679, 0.968480, 0.242844, 0.055446, 0.025183, 0.125993, -0.991711, -0.247817, 0.961848, 0.115907),
      ["LowerTorso"] = CFrame.new(0.000000, -1.384393, -0.056054, 1.000000, 0.000000, 0.000000, 0.000000, -0.084563, -0.996418, 0.000000, 0.996418, -0.084563),
      ["RightUpperArm"] = CFrame.new(0.103034, -0.191969, 0.041090, 0.955352, -0.006522, 0.295399, 0.171187, 0.827082, -0.535378, -0.240828, 0.562043, 0.791271),
      ["RightUpperLeg"] = CFrame.new(0.118930, 0.019720, -0.048398, 0.974316, -0.219535, -0.050125, -0.022753, 0.125480, -0.991835, 0.224033, 0.967502, 0.117262),
      ["рҹҢ§пёҸрҹҳірҹ‘»рҹҸіпёҸвҖҚрҹҢҲрҹҳӮрҹ’һрҹҸҙвҖҚвҳ пёҸрҹҺёрҹҢ§пёҸрҹҳірҹ‘»рҹҸіпёҸвҖҚрҹҢҲрҹҳӮрҹ’һрҹҸҙвҖҚвҳ"] = CFrame.new(-0.000000, 0.000000, 0.000000, 0.952834, -0.303491, 0.000000, 0.303491, 0.952834, 0.000000, 0.000000, 0.000000, 1.000000)
    }},
    { Time = 0.050, Data = {
      ["Head"] = CFrame.new(-0.000001, -0.000004, 0.000003, 0.992489, 0.112521, 0.048004, -0.121782, 0.871574, 0.474897, 0.011597, -0.477177, 0.878731),
      ["LeftUpperArm"] = CFrame.new(0.014966, -0.076635, -0.032526, 0.973629, 0.025048, -0.226758, -0.130658, 0.876019, -0.464241, 0.187017, 0.481626, 0.856190),
      ["LeftUpperLeg"] = CFrame.new(-0.119102, 0.020922, -0.060663, 0.968489, 0.242898, 0.055035, 0.025113, 0.124607, -0.991888, -0.247785, 0.962015, 0.114580),
      ["LowerTorso"] = CFrame.new(0.000000, -1.384159, -0.055649, 1.000000, 0.000000, 0.000000, 0.000000, -0.084797, -0.996398, 0.000000, 0.996398, -0.084797),
      ["RightUpperArm"] = CFrame.new(0.103407, -0.192826, 0.042220, 0.955368, -0.006494, 0.295347, 0.171354, 0.826573, -0.536111, -0.240644, 0.562792, 0.790794),
      ["RightUpperLeg"] = CFrame.new(0.118934, 0.019712, -0.048414, 0.974309, -0.219644, -0.049782, -0.022737, 0.123980, -0.992024, 0.224064, 0.967670, 0.115801),
      ["рҹҢ§пёҸрҹҳірҹ‘»рҹҸіпёҸвҖҚрҹҢҲрҹҳӮрҹ’һрҹҸҙвҖҚвҳ пёҸрҹҺёрҹҢ§пёҸрҹҳірҹ‘»рҹҸіпёҸвҖҚрҹҢҲрҹҳӮрҹ’һрҹҸҙвҖҚвҳ"] = CFrame.new(-0.000000, 0.000000, 0.000000, 0.950554, -0.310559, 0.000000, 0.310559, 0.950554, 0.000000, 0.000000, 0.000000, 1.000000)
    }},
    { Time = 0.067, Data = {
      ["Head"] = CFrame.new(-0.000001, -0.000005, 0.000003, 0.992497, 0.112457, 0.047988, -0.121632, 0.868152, 0.481163, 0.012449, -0.483390, 0.875317),
      ["LeftUpperArm"] = CFrame.new(0.014651, -0.077684, -0.030817, 0.973612, 0.025341, -0.226796, -0.131169, 0.875390, -0.465283, 0.186744, 0.482754, 0.855614),
      ["LeftUpperLeg"] = CFrame.new(-0.119106, 0.020960, -0.060675, 0.968482, 0.243026, 0.054603, 0.025188, 0.122537, -0.992144, -0.247808, 0.962249, 0.112553),
      ["LowerTorso"] = CFrame.new(0.000000, -1.383809, -0.055085, 1.000000, 0.000000, 0.000000, 0.000000, -0.085148, -0.996368, 0.000000, 0.996368, -0.085148),
      ["RightUpperArm"] = CFrame.new(0.103918, -0.194004, 0.043770, 0.955352, -0.006481, 0.295400, 0.171660, 0.825903, -0.537044, -0.240491, 0.563774, 0.790141),
      ["RightUpperLeg"] = CFrame.new(0.118929, 0.019701, -0.048396, 0.974318, -0.219708, -0.049323, -0.022716, 0.122023, -0.992267, 0.224028, 0.967904, 0.113899),
      ["рҹҢ§пёҸрҹҳірҹ‘»рҹҸіпёҸвҖҚрҹҢҲрҹҳӮрҹ’һрҹҸҙвҖҚвҳ пёҸрҹҺёрҹҢ§пёҸрҹҳірҹ‘»рҹҸіпёҸвҖҚрҹҢҲрҹҳӮрҹ’һрҹҸҙвҖҚвҳ"] = CFrame.new(-0.000000, 0.000000, 0.000000, 0.948275, -0.317450, 0.000000, 0.317450, 0.948275, 0.000000, 0.000000, 0.000000, 1.000000)
    }},
    { Time = 0.083, Data = {
      ["Head"] = CFrame.new(-0.000001, -0.000005, 0.000003, 0.992495, 0.112485, 0.047975, -0.121563, 0.864846, 0.487097, 0.013301, -0.489273, 0.872029),
      ["LeftUpperArm"] = CFrame.new(0.014244, -0.079005, -0.028669, 0.973589, 0.025688, -0.226859, -0.131788, 0.874623, -0.466547, 0.186432, 0.484122, 0.854909),
      ["LeftUpperLeg"] = CFrame.new(-0.119108, 0.020966, -0.060680, 0.968479, 0.243174, 0.053993, 0.025200, 0.119996, -0.992455, -0.247818, 0.962532, 0.110086),
      ["LowerTorso"] = CFrame.new(0.000000, -1.383342, -0.054370, 1.000000, 0.000000, 0.000000, 0.000000, -0.085614, -0.996328, 0.000000, 0.996328, -0.085614),
      ["RightUpperArm"] = CFrame.new(0.104550, -0.195504, 0.045745, 0.955352, -0.006522, 0.295399, 0.172066, 0.825023, -0.538266, -0.240200, 0.565061, 0.789310),
      ["RightUpperLeg"] = CFrame.new(0.118931, 0.019691, -0.048402, 0.974315, -0.219849, -0.048743, -0.022696, 0.119483, -0.992577, 0.224041, 0.968189, 0.111425),
      ["рҹҢ§пёҸрҹҳірҹ‘»рҹҸіпёҸвҖҚрҹҢҲрҹҳӮрҹ’һрҹҸҙвҖҚвҳ пёҸрҹҺёрҹҢ§пёҸрҹҳірҹ‘»рҹҸіпёҸвҖҚрҹҢҲрҹҳӮрҹ’һрҹҸҙвҖҚвҳ"] = CFrame.new(-0.000000, 0.000000, 0.000000, 0.946087, -0.323913, 0.000000, 0.323913, 0.946087, 0.000000, 0.000000, 0.000000, 1.000000)
    }},
    { Time = 0.100, Data = {
      ["Head"] = CFrame.new(-0.000001, -0.000005, 0.000003, 0.992490, 0.112504, 0.048020, -0.121515, 0.861718, 0.492621, 0.014042, -0.494757, 0.868918),
      ["LeftUpperArm"] = CFrame.new(0.013749, -0.080598, -0.026080, 0.973558, 0.026076, -0.226948, -0.132523, 0.873676, -0.468110, 0.186073, 0.485808, 0.854030),
      ["LeftUpperLeg"] = CFrame.new(-0.119107, 0.020940, -0.060679, 0.968481, 0.243340, 0.053205, 0.025148, 0.116984, -0.992815, -0.247816, 0.962860, 0.107177),
      ["LowerTorso"] = CFrame.new(0.000000, -1.382875, -0.053519, 1.000000, 0.000000, 0.000000, 0.000000, -0.086081, -0.996288, 0.000000, 0.996288, -0.086081),
      ["RightUpperArm"] = CFrame.new(0.105328, -0.197298, 0.048104, 0.955327, -0.006496, 0.295478, 0.172529, 0.823989, -0.539700, -0.239965, 0.566569, 0.788300),
      ["RightUpperLeg"] = CFrame.new(0.118932, 0.019714, -0.048406, 0.974313, -0.220003, -0.048098, -0.022742, 0.116369, -0.992946, 0.224048, 0.968533, 0.108376),
      ["рҹҢ§пёҸрҹҳірҹ‘»рҹҸіпёҸвҖҚрҹҢҲрҹҳӮрҹ’һрҹҸҙвҖҚвҳ пёҸрҹҺёрҹҢ§пёҸрҹҳірҹ‘»рҹҸіпёҸвҖҚрҹҢҲрҹҳӮрҹ’һрҹҸҙвҖҚвҳ"] = CFrame.new(-0.000000, -0.000000, 0.000000, 0.943969, -0.330034, 0.000000, 0.330034, 0.943969, 0.000000, 0.000000, 0.000000, 1.000000)
    }},
    { Time = 0.117, Data = {
      ["Head"] = CFrame.new(-0.000001, -0.000005, 0.000003, 0.992496, 0.112451, 0.048020, -0.121384, 0.858787, 0.497746, 0.014734, -0.499840, 0.865992),
      ["LeftUpperArm"] = CFrame.new(0.013196, -0.082437, -0.023093, 0.973512, 0.026599, -0.227084, -0.133448, 0.872583, -0.469884, 0.185651, 0.487742, 0.853019),
      ["LeftUpperLeg"] = CFrame.new(-0.119106, 0.020943, -0.060675, 0.968482, 0.243517, 0.052359, 0.025155, 0.113509, -0.993219, -0.247809, 0.963232, 0.103806),
      ["LowerTorso"] = CFrame.new(0.000000, -1.382292, -0.052531, 1.000000, 0.000000, 0.000000, 0.000000, -0.086665, -0.996238, 0.000000, 0.996238, -0.086665),
      ["RightUpperArm"] = CFrame.new(0.106211, -0.199385, 0.050849, 0.955319, -0.006523, 0.295505, 0.173093, 0.822741, -0.541421, -0.239592, 0.568379, 0.787109),
      ["RightUpperLeg"] = CFrame.new(0.118931, 0.019696, -0.048404, 0.974314, -0.220171, -0.047293, -0.022706, 0.112894, -0.993348, 0.224046, 0.968906, 0.104995),
      ["рҹҢ§пёҸрҹҳірҹ‘»рҹҸіпёҸвҖҚрҹҢҲрҹҳӮрҹ’һрҹҸҙвҖҚвҳ пёҸрҹҺёрҹҢ§пёҸрҹҳірҹ‘»рҹҸіпёҸвҖҚрҹҢҲрҹҳӮрҹ’һрҹҸҙвҖҚвҳ"] = CFrame.new(-0.000000, 0.000000, 0.000000, 0.941957, -0.335733, 0.000000, 0.335733, 0.941957, 0.000000, 0.000000, 0.000000, 1.000000)
    }},
    { Time = 0.133, Data = {
      ["Head"] = CFrame.new(-0.000001, -0.000006, 0.000003, 0.992492, 0.112495, 0.048012, -0.121337, 0.856083, 0.502394, 0.015415, -0.504447, 0.863305),
      ["LeftUpperArm"] = CFrame.new(0.012556, -0.084504, -0.019739, 0.973484, 0.027113, -0.227143, -0.134376, 0.871355, -0.471894, 0.185127, 0.489904, 0.851893),
      ["LeftUpperLeg"] = CFrame.new(-0.119112, 0.020945, -0.060697, 0.968471, 0.243767, 0.051397, 0.025158, 0.109558, -0.993662, -0.247853, 0.963626, 0.099971),
      ["LowerTorso"] = CFrame.new(0.000000, -1.381592, -0.051417, 1.000000, 0.000000, 0.000000, 0.000000, -0.087365, -0.996176, 0.000000, 0.996176, -0.087365),
      ["RightUpperArm"] = CFrame.new(0.107212, -0.201717, 0.053912, 0.955311, -0.006522, 0.295532, 0.173678, 0.821386, -0.543287, -0.239202, 0.570335, 0.785812),
      ["RightUpperLeg"] = CFrame.new(0.118931, 0.019705, -0.048401, 0.974315, -0.220348, -0.046436, -0.022723, 0.108954, -0.993787, 0.224038, 0.969317, 0.101148),
      ["рҹҢ§пёҸрҹҳірҹ‘»рҹҸіпёҸвҖҚрҹҢҲрҹҳӮрҹ’һрҹҸҙвҖҚвҳ пёҸрҹҺёрҹҢ§пёҸрҹҳірҹ‘»рҹҸіпёҸвҖҚрҹҢҲрҹҳӮрҹ’һрҹҸҙвҖҚвҳ"] = CFrame.new(-0.000000, 0.000000, 0.000000, 0.940120, -0.340845, 0.000000, 0.340845, 0.940120, 0.000000, 0.000000, 0.000000, 1.000000)
    }},
    { Time = 0.150, Data = {
      ["Head"] = CFrame.new(-0.000001, -0.000006, 0.000004, 0.992497, 0.112472, 0.047946, -0.121209, 0.853681, 0.506494, 0.016035, -0.508506, 0.860909),
      ["LeftUpperArm"] = CFrame.new(0.011875, -0.086783, -0.016044, 0.973441, 0.027762, -0.227250, -0.135493, 0.869976, -0.474114, 0.184539, 0.492313, 0.850631),
      ["LeftUpperLeg"] = CFrame.new(-0.119109, 0.020946, -0.060686, 0.968477, 0.243969, 0.050314, 0.025162, 0.105138, -0.994139, -0.247829, 0.964067, 0.095685),
      ["LowerTorso"] = CFrame.new(0.000000, -1.380891, -0.050199, 1.000000, 0.000000, 0.000000, 0.000000, -0.088064, -0.996115, 0.000000, 0.996115, -0.088064),
      ["RightUpperArm"] = CFrame.new(0.108301, -0.204289, 0.057287, 0.955294, -0.006563, 0.295586, 0.174376, 0.819865, -0.545358, -0.238761, 0.572520, 0.784356),
      ["RightUpperLeg"] = CFrame.new(0.118936, 0.019702, -0.048424, 0.974305, -0.220593, -0.045480, -0.022717, 0.104649, -0.994250, 0.224084, 0.969736, 0.096948),
      ["рҹҢ§пёҸрҹҳірҹ‘»рҹҸіпёҸвҖҚрҹҢҲрҹҳӮрҹ’һрҹҸҙвҖҚвҳ пёҸрҹҺёрҹҢ§пёҸрҹҳірҹ‘»рҹҸіпёҸвҖҚрҹҢҲрҹҳӮрҹ’һрҹҸҙвҖҚвҳ"] = CFrame.new(-0.000000, 0.000000, 0.000000, 0.938465, -0.345374, 0.000000, 0.345374, 0.938465, 0.000000, 0.000000, 0.000000, 1.000000)
    }},
    { Time = 0.167, Data = {
      ["Head"] = CFrame.new(-0.000001, -0.000006, 0.000004, 0.992491, 0.112524, 0.047952, -0.121190, 0.851570, 0.510041, 0.016558, -0.512022, 0.858812),
      ["LeftUpperArm"] = CFrame.new(0.011120, -0.089239, -0.012067, 0.973397, 0.028390, -0.227361, -0.136626, 0.868502, -0.476485, 0.183936, 0.494872, 0.849276),
      ["LeftUpperLeg"] = CFrame.new(-0.119112, 0.020932, -0.060701, 0.968470, 0.244237, 0.049141, 0.025133, 0.100464, -0.994623, -0.247860, 0.964498, 0.091158),
      ["LowerTorso"] = CFrame.new(0.000000, -1.380076, -0.048877, 1.000000, 0.000000, 0.000000, 0.000000, -0.088880, -0.996042, 0.000000, 0.996042, -0.088880),
      ["RightUpperArm"] = CFrame.new(0.109488, -0.207074, 0.060942, 0.955277, -0.006562, 0.295641, 0.175106, 0.818183, -0.547645, -0.238294, 0.574921, 0.782740),
      ["RightUpperLeg"] = CFrame.new(0.118933, 0.019697, -0.048413, 0.974310, -0.220789, -0.044408, -0.022707, 0.099872, -0.994741, 0.224063, 0.970195, 0.092293),
      ["рҹҢ§пёҸрҹҳірҹ‘»рҹҸіпёҸвҖҚрҹҢҲрҹҳӮрҹ’һрҹҸҙвҖҚвҳ пёҸрҹҺёрҹҢ§пёҸрҹҳірҹ‘»рҹҸіпёҸвҖҚрҹҢҲрҹҳӮрҹ’һрҹҸҙвҖҚвҳ"] = CFrame.new(-0.000000, 0.000000, 0.000000, 0.937003, -0.349321, 0.000000, 0.349321, 0.937003, 0.000000, 0.000000, 0.000000, 1.000000)
    }},
    { Time = 0.183, Data = {
      ["Head"] = CFrame.new(-0.000001, -0.000006, 0.000004, 0.992494, 0.112487, 0.047983, -0.121115, 0.849776, 0.513042, 0.016936, -0.515002, 0.857021),
      ["LeftUpperArm"] = CFrame.new(0.010325, -0.091852, -0.007842, 0.973344, 0.029080, -0.227499, -0.137856, 0.866924, -0.478997, 0.183295, 0.497591, 0.847824),
      ["LeftUpperLeg"] = CFrame.new(-0.119101, 0.020942, -0.060656, 0.968492, 0.244389, 0.047920, 0.025153, 0.095445, -0.995117, -0.247770, 0.964969, 0.086290),
      ["LowerTorso"] = CFrame.new(0.000000, -1.379261, -0.047478, 1.000000, 0.000000, 0.000000, 0.000000, -0.089695, -0.995969, 0.000000, 0.995969, -0.089695),
      ["RightUpperArm"] = CFrame.new(0.110753, -0.210022, 0.064803, 0.955259, -0.006547, 0.295697, 0.175847, 0.816441, -0.550002, -0.237818, 0.577392, 0.781065),
      ["RightUpperLeg"] = CFrame.new(0.118931, 0.019699, -0.048402, 0.974315, -0.220984, -0.043321, -0.022711, 0.094968, -0.995221, 0.224042, 0.970643, 0.087510),
      ["рҹҢ§пёҸрҹҳірҹ‘»рҹҸіпёҸвҖҚрҹҢҲрҹҳӮрҹ’һрҹҸҙвҖҚвҳ пёҸрҹҺёрҹҢ§пёҸрҹҳірҹ‘»рҹҸіпёҸвҖҚрҹҢҲрҹҳӮрҹ’һрҹҸҙвҖҚвҳ"] = CFrame.new(-0.000000, 0.000000, 0.000000, 0.935772, -0.352607, 0.000000, 0.352607, 0.935772, 0.000000, 0.000000, 0.000000, 1.000000)
    }},
    { Time = 0.200, Data = {
      ["Head"] = CFrame.new(-0.000001, -0.000006, 0.000004, 0.992497, 0.112468, 0.047968, -0.121045, 0.848388, 0.515349, 0.017265, -0.517289, 0.855637),
      ["LeftUpperArm"] = CFrame.new(0.009477, -0.094595, -0.003410, 0.973290, 0.029749, -0.227642, -0.139102, 0.865248, -0.481660, 0.182638, 0.500460, 0.846276),
      ["LeftUpperLeg"] = CFrame.new(-0.119111, 0.020927, -0.060698, 0.968471, 0.244722, 0.046628, 0.025123, 0.090270, -0.995600, -0.247855, 0.965382, 0.081276),
      ["LowerTorso"] = CFrame.new(0.000000, -1.378445, -0.046014, 1.000000, 0.000000, 0.000000, 0.000000, -0.090511, -0.995895, 0.000000, 0.995895, -0.090511),
      ["RightUpperArm"] = CFrame.new(0.112057, -0.213121, 0.068858, 0.955258, -0.006613, 0.295700, 0.176664, 0.814579, -0.552495, -0.237217, 0.580015, 0.779302),
      ["RightUpperLeg"] = CFrame.new(0.118929, 0.019722, -0.048390, 0.974319, -0.221183, -0.042194, -0.022757, 0.089702, -0.995709, 0.224018, 0.971098, 0.082365),
      ["рҹҢ§пёҸрҹҳірҹ‘»рҹҸіпёҸвҖҚрҹҢҲрҹҳӮрҹ’һрҹҸҙвҖҚвҳ пёҸрҹҺёрҹҢ§пёҸрҹҳірҹ‘»рҹҸіпёҸвҖҚрҹҢҲрҹҳӮрҹ’һрҹҸҙвҖҚвҳ"] = CFrame.new(-0.000000, 0.000000, 0.000000, 0.934809, -0.355151, 0.000000, 0.355151, 0.934809, 0.000000, 0.000000, 0.000000, 1.000000)
    }},
    { Time = 0.217, Data = {
      ["Head"] = CFrame.new(-0.000001, -0.000006, 0.000004, 0.992488, 0.112527, 0.048020, -0.121088, 0.847356, 0.517035, 0.017491, -0.518966, 0.854616),
      ["LeftUpperArm"] = CFrame.new(0.008619, -0.097434, 0.001171, 0.973246, 0.030513, -0.227729, -0.140414, 0.863510, -0.484391, 0.181866, 0.503408, 0.844692),
      ["LeftUpperLeg"] = CFrame.new(-0.119107, 0.020930, -0.060680, 0.968480, 0.244936, 0.045300, 0.025128, 0.084862, -0.996076, -0.247819, 0.965818, 0.076032),
      ["LowerTorso"] = CFrame.new(0.000000, -1.377514, -0.044491, 1.000000, 0.000000, 0.000000, 0.000000, -0.091442, -0.995810, 0.000000, 0.995810, -0.091442),
      ["RightUpperArm"] = CFrame.new(0.113438, -0.216323, 0.073044, 0.955240, -0.006557, 0.295758, 0.177435, 0.812664, -0.555062, -0.236712, 0.582695, 0.777453),
      ["RightUpperLeg"] = CFrame.new(0.118932, 0.019720, -0.048407, 0.974312, -0.221442, -0.040992, -0.022754, 0.084293, -0.996181, 0.224052, 0.971524, 0.077089),
      ["рҹҢ§пёҸрҹҳірҹ‘»рҹҸіпёҸвҖҚрҹҢҲрҹҳӮрҹ’һрҹҸҙвҖҚвҳ пёҸрҹҺёрҹҢ§пёҸрҹҳірҹ‘»рҹҸіпёҸвҖҚрҹҢҲрҹҳӮрҹ’һрҹҸҙвҖҚвҳ"] = CFrame.new(-0.000000, 0.000000, 0.000000, 0.934090, -0.357038, 0.000000, 0.357038, 0.934090, 0.000000, 0.000000, 0.000000, 1.000000)
    }},
    { Time = 0.233, Data = {
      ["Head"] = CFrame.new(-0.000001, -0.000006, 0.000004, 0.992489, 0.112522, 0.048002, -0.121054, 0.846751, 0.518034, 0.017644, -0.519954, 0.854012),
      ["LeftUpperArm"] = CFrame.new(0.007728, -0.100342, 0.005856, 0.973183, 0.031242, -0.227903, -0.141755, 0.861715, -0.487188, 0.181166, 0.506430, 0.843035),
      ["LeftUpperLeg"] = CFrame.new(-0.119103, 0.020941, -0.060663, 0.968489, 0.245148, 0.043955, 0.025150, 0.079321, -0.996532, -0.247784, 0.966235, 0.070656),
      ["LowerTorso"] = CFrame.new(0.000000, -1.376584, -0.042935, 1.000000, 0.000000, 0.000000, 0.000000, -0.092372, -0.995724, 0.000000, 0.995724, -0.092372),
      ["RightUpperArm"] = CFrame.new(0.114833, -0.219606, 0.077330, 0.955214, -0.006568, 0.295843, 0.178296, 0.810678, -0.557684, -0.236171, 0.585455, 0.775542),
      ["RightUpperLeg"] = CFrame.new(0.118929, 0.019697, -0.048393, 0.974319, -0.221641, -0.039712, -0.022707, 0.078752, -0.996636, 0.224023, 0.971943, 0.071696),
      ["рҹҢ§пёҸрҹҳірҹ‘»рҹҸіпёҸвҖҚрҹҢҲрҹҳӮрҹ’һрҹҸҙвҖҚвҳ пёҸрҹҺёрҹҢ§пёҸрҹҳірҹ‘»рҹҸіпёҸвҖҚрҹҢҲрҹҳӮрҹ’һрҹҸҙвҖҚвҳ"] = CFrame.new(-0.000000, 0.000000, 0.000000, 0.933650, -0.358186, 0.000000, 0.358186, 0.933650, 0.000000, 0.000000, 0.000000, 1.000000)
    }},
    { Time = 0.250, Data = {
      ["Head"] = CFrame.new(-0.000001, -0.000006, 0.000004, 0.992489, 0.112511, 0.048028, -0.121050, 0.846518, 0.518416, 0.017671, -0.520336, 0.853779),
      ["LeftUpperArm"] = CFrame.new(0.006846, -0.103282, 0.010585, 0.973110, 0.032054, -0.228101, -0.143176, 0.859900, -0.489971, 0.180439, 0.509454, 0.841367),
      ["LeftUpperLeg"] = CFrame.new(-0.119105, 0.020921, -0.060675, 0.968484, 0.245416, 0.042548, 0.025111, 0.073750, -0.996961, -0.247808, 0.966609, 0.065263),
      ["LowerTorso"] = CFrame.new(0.000000, -1.375653, -0.041361, 1.000000, 0.000000, 0.000000, 0.000000, -0.093303, -0.995638, 0.000000, 0.995638, -0.093303),
      ["RightUpperArm"] = CFrame.new(0.116237, -0.222921, 0.081653, 0.955212, -0.006606, 0.295849, 0.179131, 0.808682, -0.560308, -0.235547, 0.588209, 0.773646),
      ["RightUpperLeg"] = CFrame.new(0.118933, 0.019711, -0.048410, 0.974311, -0.221896, -0.038479, -0.022735, 0.073076, -0.997067, 0.224057, 0.972328, 0.066154),
      ["рҹҢ§пёҸрҹҳірҹ‘»рҹҸіпёҸвҖҚрҹҢҲрҹҳӮрҹ’һрҹҸҙвҖҚвҳ пёҸрҹҺёрҹҢ§пёҸрҹҳірҹ‘»рҹҸіпёҸвҖҚрҹҢҲрҹҳӮрҹ’һрҹҸҙвҖҚвҳ"] = CFrame.new(-0.000000, 0.000000, 0.000000, 0.933525, -0.358513, 0.000000, 0.358513, 0.933525, 0.000000, 0.000000, 0.000000, 1.000000)
    }},
    { Time = 0.267, Data = {
      ["Head"] = CFrame.new(-0.000001, -0.000006, 0.000004, 0.992489, 0.112522, 0.048002, -0.121054, 0.846751, 0.518034, 0.017644, -0.519954, 0.854012),
      ["LeftUpperArm"] = CFrame.new(0.005949, -0.106223, 0.015311, 0.973062, 0.032805, -0.228199, -0.144491, 0.858082, -0.492766, 0.179648, 0.512464, 0.839706),
      ["LeftUpperLeg"] = CFrame.new(-0.119102, 0.020941, -0.060658, 0.968491, 0.245619, 0.041183, 0.025151, 0.068058, -0.997364, -0.247774, 0.966974, 0.059736),
      ["LowerTorso"] = CFrame.new(0.000000, -1.374723, -0.039787, 1.000000, 0.000000, 0.000000, 0.000000, -0.094232, -0.995550, 0.000000, 0.995550, -0.094232),
      ["RightUpperArm"] = CFrame.new(0.117647, -0.226239, 0.085976, 0.955185, -0.006616, 0.295936, 0.179991, 0.806675, -0.562919, -0.235000, 0.590958, 0.771715),
      ["RightUpperLeg"] = CFrame.new(0.118929, 0.019689, -0.048397, 0.974318, -0.222085, -0.037194, -0.022692, 0.067501, -0.997461, 0.224032, 0.972688, 0.060728),
      ["рҹҢ§пёҸрҹҳірҹ‘»рҹҸіпёҸвҖҚрҹҢҲрҹҳӮрҹ’һрҹҸҙвҖҚвҳ пёҸрҹҺёрҹҢ§пёҸрҹҳірҹ‘»рҹҸіпёҸвҖҚрҹҢҲрҹҳӮрҹ’һрҹҸҙвҖҚвҳ"] = CFrame.new(-0.000000, 0.000000, 0.000000, 0.933650, -0.358186, 0.000000, 0.358186, 0.933650, 0.000000, 0.000000, 0.000000, 1.000000)
    }},
    { Time = 0.283, Data = {
      ["Head"] = CFrame.new(-0.000001, -0.000006, 0.000004, 0.992488, 0.112527, 0.048020, -0.121088, 0.847356, 0.517035, 0.017491, -0.518966, 0.854616),
      ["LeftUpperArm"] = CFrame.new(0.005057, -0.109140, 0.019992, 0.972994, 0.033533, -0.228382, -0.145826, 0.856251, -0.495550, 0.178935, 0.515471, 0.838017),
      ["LeftUpperLeg"] = CFrame.new(-0.119105, 0.020917, -0.060673, 0.968485, 0.245873, 0.039786, 0.025102, 0.062571, -0.997725, -0.247803, 0.967280, 0.054427),
      ["LowerTorso"] = CFrame.new(0.000000, -1.373795, -0.038227, 1.000000, 0.000000, 0.000000, 0.000000, -0.095162, -0.995462, 0.000000, 0.995462, -0.095162),
      ["RightUpperArm"] = CFrame.new(0.119035, -0.229530, 0.090257, 0.955182, -0.006652, 0.295944, 0.180823, 0.804658, -0.565533, -0.234372, 0.593701, 0.769798),
      ["RightUpperLeg"] = CFrame.new(0.118928, 0.019723, -0.048388, 0.974320, -0.222263, -0.036042, -0.022759, 0.062038, -0.997814, 0.224013, 0.973011, 0.055387),
      ["рҹҢ§пёҸрҹҳірҹ‘»рҹҸіпёҸвҖҚрҹҢҲрҹҳӮрҹ’һрҹҸҙвҖҚвҳ пёҸрҹҺёрҹҢ§пёҸрҹҳірҹ‘»рҹҸіпёҸвҖҚрҹҢҲрҹҳӮрҹ’һрҹҸҙвҖҚвҳ"] = CFrame.new(-0.000000, 0.000000, 0.000000, 0.934090, -0.357038, 0.000000, 0.357038, 0.934090, 0.000000, 0.000000, 0.000000, 1.000000)
    }},
    { Time = 0.300, Data = {
      ["Head"] = CFrame.new(-0.000001, -0.000006, 0.000004, 0.992497, 0.112468, 0.047968, -0.121045, 0.848388, 0.515349, 0.017265, -0.517289, 0.855637),
      ["LeftUpperArm"] = CFrame.new(0.004201, -0.111983, 0.024546, 0.972943, 0.034304, -0.228484, -0.147120, 0.854500, -0.498183, 0.178150, 0.518318, 0.836426),
      ["LeftUpperLeg"] = CFrame.new(-0.119110, 0.020954, -0.060689, 0.968474, 0.246119, 0.038506, 0.025176, 0.057080, -0.998052, -0.247837, 0.967557, 0.049084),
      ["LowerTorso"] = CFrame.new(0.000000, -1.372866, -0.036701, 1.000000, 0.000000, 0.000000, 0.000000, -0.096090, -0.995373, 0.000000, 0.995373, -0.096090),
      ["RightUpperArm"] = CFrame.new(0.120396, -0.232748, 0.094440, 0.955155, -0.006675, 0.296032, 0.181669, 0.802684, -0.568062, -0.233828, 0.596367, 0.767900),
      ["RightUpperLeg"] = CFrame.new(0.118933, 0.019726, -0.048408, 0.974311, -0.222499, -0.034827, -0.022765, 0.056548, -0.998140, 0.224054, 0.973292, 0.050030),
      ["рҹҢ§пёҸрҹҳірҹ‘»рҹҸіпёҸвҖҚрҹҢҲрҹҳӮрҹ’һрҹҸҙвҖҚвҳ пёҸрҹҺёрҹҢ§пёҸрҹҳірҹ‘»рҹҸіпёҸвҖҚрҹҢҲрҹҳӮрҹ’һрҹҸҙвҖҚвҳ"] = CFrame.new(-0.000000, 0.000000, 0.000000, 0.934809, -0.355151, 0.000000, 0.355151, 0.934809, 0.000000, 0.000000, 0.000000, 1.000000)
    }},
    { Time = 0.317, Data = {
      ["Head"] = CFrame.new(-0.000001, -0.000006, 0.000004, 0.992494, 0.112487, 0.047983, -0.121115, 0.849776, 0.513042, 0.016936, -0.515002, 0.857021),
      ["LeftUpperArm"] = CFrame.new(0.003373, -0.114749, 0.028972, 0.972873, 0.035051, -0.228670, -0.148435, 0.852737, -0.500805, 0.177442, 0.521162, 0.834808),
      ["LeftUpperLeg"] = CFrame.new(-0.119107, 0.020940, -0.060679, 0.968481, 0.246295, 0.037207, 0.025148, 0.051928, -0.998334, -0.247816, 0.967803, 0.044098),
      ["LowerTorso"] = CFrame.new(0.000000, -1.371938, -0.035220, 1.000000, 0.000000, 0.000000, 0.000000, -0.097019, -0.995283, 0.000000, 0.995283, -0.097019),
      ["RightUpperArm"] = CFrame.new(0.121729, -0.235862, 0.098482, 0.955136, -0.006630, 0.296094, 0.182423, 0.800763, -0.570527, -0.233319, 0.598945, 0.766046),
      ["RightUpperLeg"] = CFrame.new(0.118930, 0.019687, -0.048400, 0.974316, -0.222667, -0.033575, -0.022687, 0.051278, -0.998427, 0.224038, 0.973545, 0.044910),
      ["рҹҢ§пёҸрҹҳірҹ‘»рҹҸіпёҸвҖҚрҹҢҲрҹҳӮрҹ’һрҹҸҙвҖҚвҳ пёҸрҹҺёрҹҢ§пёҸрҹҳірҹ‘»рҹҸіпёҸвҖҚрҹҢҲрҹҳӮрҹ’һрҹҸҙвҖҚвҳ"] = CFrame.new(-0.000000, 0.000000, 0.000000, 0.935772, -0.352607, 0.000000, 0.352607, 0.935772, 0.000000, 0.000000, 0.000000, 1.000000)
    }},
    { Time = 0.333, Data = {
      ["Head"] = CFrame.new(-0.000001, -0.000006, 0.000004, 0.992491, 0.112524, 0.047952, -0.121190, 0.851570, 0.510041, 0.016558, -0.512022, 0.858812),
      ["LeftUpperArm"] = CFrame.new(0.002576, -0.117386, 0.033186, 0.972810, 0.035735, -0.228833, -0.149649, 0.851066, -0.503282, 0.176767, 0.523842, 0.833272),
      ["LeftUpperLeg"] = CFrame.new(-0.119104, 0.020919, -0.060670, 0.968486, 0.246463, 0.035920, 0.025106, 0.046881, -0.998585, -0.247798, 0.968018, 0.039216),
      ["LowerTorso"] = CFrame.new(0.000000, -1.371126, -0.033814, 1.000000, 0.000000, 0.000000, 0.000000, -0.097831, -0.995203, 0.000000, 0.995203, -0.097831),
      ["RightUpperArm"] = CFrame.new(0.122988, -0.238831, 0.102333, 0.955141, -0.006639, 0.296078, 0.183128, 0.798940, -0.572852, -0.232745, 0.601374, 0.764316),
      ["RightUpperLeg"] = CFrame.new(0.118929, 0.019696, -0.048395, 0.974318, -0.222823, -0.032469, -0.022705, 0.046243, -0.998672, 0.224029, 0.973761, 0.039996),
      ["рҹҢ§пёҸрҹҳірҹ‘»рҹҸіпёҸвҖҚрҹҢҲрҹҳӮрҹ’һрҹҸҙвҖҚвҳ пёҸрҹҺёрҹҢ§пёҸрҹҳірҹ‘»рҹҸіпёҸвҖҚрҹҢҲрҹҳӮрҹ’һрҹҸҙвҖҚвҳ"] = CFrame.new(-0.000000, 0.000000, 0.000000, 0.937003, -0.349321, 0.000000, 0.349321, 0.937003, 0.000000, 0.000000, 0.000000, 1.000000)
    }},
    { Time = 0.350, Data = {
      ["Head"] = CFrame.new(-0.000001, -0.000006, 0.000004, 0.992497, 0.112472, 0.047946, -0.121209, 0.853681, 0.506494, 0.016035, -0.508506, 0.860909),
      ["LeftUpperArm"] = CFrame.new(0.001820, -0.119869, 0.037152, 0.972754, 0.036357, -0.228973, -0.150764, 0.849486, -0.505613, 0.176126, 0.526358, 0.831822),
      ["LeftUpperLeg"] = CFrame.new(-0.119103, 0.020937, -0.060665, 0.968488, 0.246618, 0.034797, 0.025142, 0.042190, -0.998793, -0.247789, 0.968194, 0.034660),
      ["LowerTorso"] = CFrame.new(0.000000, -1.370314, -0.032486, 1.000000, 0.000000, 0.000000, 0.000000, -0.098642, -0.995123, 0.000000, 0.995123, -0.098642),
      ["RightUpperArm"] = CFrame.new(0.124172, -0.241628, 0.105956, 0.955121, -0.006648, 0.296140, 0.183837, 0.797217, -0.575020, -0.232265, 0.603656, 0.762661),
      ["RightUpperLeg"] = CFrame.new(0.118928, 0.019686, -0.048393, 0.974319, -0.222970, -0.031402, -0.022684, 0.041551, -0.998879, 0.224025, 0.973939, 0.035426),
      ["рҹҢ§пёҸрҹҳірҹ‘»рҹҸіпёҸвҖҚрҹҢҲрҹҳӮрҹ’һрҹҸҙвҖҚвҳ пёҸрҹҺёрҹҢ§пёҸрҹҳірҹ‘»рҹҸіпёҸвҖҚрҹҢҲрҹҳӮрҹ’һрҹҸҙвҖҚвҳ"] = CFrame.new(-0.000000, -0.000000, 0.000000, 0.938465, -0.345374, 0.000000, 0.345374, 0.938465, 0.000000, 0.000000, 0.000000, 1.000000)
    }},
    { Time = 0.367, Data = {
      ["Head"] = CFrame.new(-0.000001, -0.000006, 0.000003, 0.992492, 0.112495, 0.048012, -0.121337, 0.856083, 0.502394, 0.015415, -0.504447, 0.863305),
      ["LeftUpperArm"] = CFrame.new(0.001118, -0.122165, 0.040812, 0.972705, 0.036927, -0.229086, -0.151771, 0.848046, -0.507724, 0.175527, 0.528634, 0.830504),
      ["LeftUpperLeg"] = CFrame.new(-0.119103, 0.020933, -0.060664, 0.968489, 0.246763, 0.033716, 0.025135, 0.037844, -0.998968, -0.247785, 0.968337, 0.030449),
      ["LowerTorso"] = CFrame.new(0.000000, -1.369619, -0.031259, 1.000000, 0.000000, 0.000000, 0.000000, -0.099337, -0.995054, 0.000000, 0.995054, -0.099337),
      ["RightUpperArm"] = CFrame.new(0.125263, -0.244226, 0.109318, 0.955102, -0.006684, 0.296203, 0.184524, 0.795596, -0.577042, -0.231801, 0.605790, 0.761109),
      ["RightUpperLeg"] = CFrame.new(0.118929, 0.019716, -0.048395, 0.974317, -0.223106, -0.030494, -0.022745, 0.037217, -0.999048, 0.224028, 0.974083, 0.031187),
      ["рҹҢ§пёҸрҹҳірҹ‘»рҹҸіпёҸвҖҚрҹҢҲрҹҳӮрҹ’һрҹҸҙвҖҚвҳ пёҸрҹҺёрҹҢ§пёҸрҹҳірҹ‘»рҹҸіпёҸвҖҚрҹҢҲрҹҳӮрҹ’һрҹҸҙвҖҚвҳ"] = CFrame.new(-0.000000, 0.000000, 0.000000, 0.940120, -0.340845, 0.000000, 0.340845, 0.940120, 0.000000, 0.000000, 0.000000, 1.000000)
    }},
    { Time = 0.383, Data = {
      ["Head"] = CFrame.new(-0.000001, -0.000005, 0.000003, 0.992496, 0.112451, 0.048020, -0.121384, 0.858787, 0.497746, 0.014734, -0.499840, 0.865992),
      ["LeftUpperArm"] = CFrame.new(0.000498, -0.124264, 0.044155, 0.972656, 0.037518, -0.229199, -0.152761, 0.846694, -0.509680, 0.174939, 0.530756, 0.829273),
      ["LeftUpperLeg"] = CFrame.new(-0.119111, 0.020938, -0.060694, 0.968473, 0.246958, 0.032740, 0.025145, 0.033846, -0.999111, -0.247846, 0.968435, 0.026569),
      ["LowerTorso"] = CFrame.new(0.000000, -1.368924, -0.030137, 1.000000, 0.000000, 0.000000, 0.000000, -0.100032, -0.994984, 0.000000, 0.994984, -0.100032),
      ["RightUpperArm"] = CFrame.new(0.126265, -0.246584, 0.112368, 0.955091, -0.006679, 0.296238, 0.185097, 0.794142, -0.578859, -0.231389, 0.607695, 0.759714),
      ["RightUpperLeg"] = CFrame.new(0.118931, 0.019727, -0.048399, 0.974315, -0.223233, -0.029625, -0.022767, 0.033232, -0.999188, 0.224037, 0.974199, 0.027296),
      ["рҹҢ§пёҸрҹҳірҹ‘»рҹҸіпёҸвҖҚрҹҢҲрҹҳӮрҹ’һрҹҸҙвҖҚвҳ пёҸрҹҺёрҹҢ§пёҸрҹҳірҹ‘»рҹҸіпёҸвҖҚрҹҢҲрҹҳӮрҹ’һрҹҸҙвҖҚвҳ"] = CFrame.new(-0.000000, 0.000000, 0.000000, 0.941957, -0.335733, 0.000000, 0.335733, 0.941957, 0.000000, 0.000000, 0.000000, 1.000000)
    }},
    { Time = 0.400, Data = {
      ["Head"] = CFrame.new(-0.000001, -0.000005, 0.000003, 0.992490, 0.112504, 0.048020, -0.121515, 0.861718, 0.492621, 0.014042, -0.494757, 0.868918),
      ["LeftUpperArm"] = CFrame.new(-0.000078, -0.126132, 0.047128, 0.972606, 0.037951, -0.229343, -0.153585, 0.845494, -0.511421, 0.174499, 0.532634, 0.828161),
      ["LeftUpperLeg"] = CFrame.new(-0.119112, 0.020944, -0.060699, 0.968470, 0.247081, 0.031882, 0.025156, 0.030331, -0.999223, -0.247856, 0.968520, 0.023159),
      ["LowerTorso"] = CFrame.new(0.000000, -1.368344, -0.029142, 1.000000, 0.000000, 0.000000, 0.000000, -0.100611, -0.994926, 0.000000, 0.994926, -0.100611),
      ["RightUpperArm"] = CFrame.new(0.127146, -0.248684, 0.115080, 0.955080, -0.006716, 0.296273, 0.185638, 0.792847, -0.580459, -0.231001, 0.609384, 0.758479),
      ["RightUpperLeg"] = CFrame.new(0.118932, 0.019711, -0.048406, 0.974312, -0.223351, -0.028809, -0.022735, 0.029718, -0.999300, 0.224051, 0.974285, 0.023876),
      ["рҹҢ§пёҸрҹҳірҹ‘»рҹҸіпёҸвҖҚрҹҢҲрҹҳӮрҹ’һрҹҸҙвҖҚвҳ пёҸрҹҺёрҹҢ§пёҸрҹҳірҹ‘»рҹҸіпёҸвҖҚрҹҢҲрҹҳӮрҹ’һрҹҸҙвҖҚвҳ"] = CFrame.new(-0.000000, 0.000000, 0.000000, 0.943969, -0.330034, 0.000000, 0.330034, 0.943969, 0.000000, 0.000000, 0.000000, 1.000000)
    }},
    { Time = 0.417, Data = {
      ["Head"] = CFrame.new(-0.000001, -0.000005, 0.000003, 0.992495, 0.112485, 0.047975, -0.121563, 0.864846, 0.487097, 0.013301, -0.489273, 0.872029),
      ["LeftUpperArm"] = CFrame.new(-0.000569, -0.127752, 0.049705, 0.972581, 0.038357, -0.229378, -0.154280, 0.844441, -0.512950, 0.174021, 0.534274, 0.827205),
      ["LeftUpperLeg"] = CFrame.new(-0.119107, 0.020958, -0.060677, 0.968481, 0.247136, 0.031129, 0.025184, 0.027182, -0.999313, -0.247813, 0.968599, 0.020101),
      ["LowerTorso"] = CFrame.new(0.000000, -1.367882, -0.028284, 1.000000, 0.000000, 0.000000, 0.000000, -0.101074, -0.994879, 0.000000, 0.994879, -0.101074),
      ["RightUpperArm"] = CFrame.new(0.127917, -0.250501, 0.117427, 0.955077, -0.006712, 0.296281, 0.186065, 0.791722, -0.581856, -0.230666, 0.610845, 0.757405),
      ["RightUpperLeg"] = CFrame.new(0.118927, 0.019699, -0.048386, 0.974322, -0.223400, -0.028107, -0.022711, 0.026688, -0.999386, 0.224012, 0.974362, 0.020929),
      ["рҹҢ§пёҸрҹҳірҹ‘»рҹҸіпёҸвҖҚрҹҢҲрҹҳӮрҹ’һрҹҸҙвҖҚвҳ пёҸрҹҺёрҹҢ§пёҸрҹҳірҹ‘»рҹҸіпёҸвҖҚрҹҢҲрҹҳӮрҹ’һрҹҸҙвҖҚвҳ"] = CFrame.new(-0.000000, 0.000000, 0.000000, 0.946087, -0.323913, 0.000000, 0.323913, 0.946087, 0.000000, 0.000000, 0.000000, 1.000000)
    }},
    { Time = 0.433, Data = {
      ["Head"] = CFrame.new(-0.000001, -0.000005, 0.000003, 0.992497, 0.112457, 0.047988, -0.121632, 0.868152, 0.481163, 0.012449, -0.483390, 0.875317),
      ["LeftUpperArm"] = CFrame.new(-0.000977, -0.129097, 0.051843, 0.972547, 0.038697, -0.229466, -0.154883, 0.843582, -0.514180, 0.173676, 0.535604, 0.826417),
      ["LeftUpperLeg"] = CFrame.new(-0.119102, 0.020934, -0.060660, 0.968491, 0.247180, 0.030451, 0.025137, 0.024627, -0.999381, -0.247777, 0.968657, 0.017638),
      ["LowerTorso"] = CFrame.new(0.000000, -1.367419, -0.027561, 1.000000, 0.000000, 0.000000, 0.000000, -0.101537, -0.994832, 0.000000, 0.994832, -0.101537),
      ["RightUpperArm"] = CFrame.new(0.128557, -0.252023, 0.119391, 0.955051, -0.006722, 0.296367, 0.186488, 0.790759, -0.583029, -0.230436, 0.612091, 0.756468),
      ["RightUpperLeg"] = CFrame.new(0.118930, 0.019690, -0.048400, 0.974316, -0.223499, -0.027519, -0.022693, 0.024133, -0.999451, 0.224040, 0.974405, 0.018442),
      ["рҹҢ§пёҸрҹҳірҹ‘»рҹҸіпёҸвҖҚрҹҢҲрҹҳӮрҹ’һрҹҸҙвҖҚвҳ пёҸрҹҺёрҹҢ§пёҸрҹҳірҹ‘»рҹҸіпёҸвҖҚрҹҢҲрҹҳӮрҹ’һрҹҸҙвҖҚвҳ"] = CFrame.new(-0.000000, 0.000000, 0.000000, 0.948275, -0.317450, 0.000000, 0.317450, 0.948275, 0.000000, 0.000000, 0.000000, 1.000000)
    }},
    { Time = 0.450, Data = {
      ["Head"] = CFrame.new(-0.000001, -0.000004, 0.000003, 0.992489, 0.112521, 0.048004, -0.121782, 0.871574, 0.474897, 0.011597, -0.477177, 0.878731),
      ["LeftUpperArm"] = CFrame.new(-0.001293, -0.130168, 0.053543, 0.972521, 0.038987, -0.229526, -0.155381, 0.842873, -0.515192, 0.173375, 0.536699, 0.825770),
      ["LeftUpperLeg"] = CFrame.new(-0.119114, 0.020934, -0.060706, 0.968467, 0.247332, 0.029967, 0.025136, 0.022669, -0.999427, -0.247870, 0.968666, 0.015737),
      ["LowerTorso"] = CFrame.new(0.000000, -1.367072, -0.026992, 1.000000, 0.000000, 0.000000, 0.000000, -0.101884, -0.994796, 0.000000, 0.994796, -0.101884),
      ["RightUpperArm"] = CFrame.new(0.129065, -0.253232, 0.120951, 0.955057, -0.006719, 0.296346, 0.186771, 0.789969, -0.584009, -0.230180, 0.613110, 0.755720),
      ["RightUpperLeg"] = CFrame.new(0.118935, 0.019715, -0.048417, 0.974307, -0.223589, -0.027106, -0.022742, 0.022068, -0.999498, 0.224075, 0.974434, 0.016416),
      ["рҹҢ§пёҸрҹҳірҹ‘»рҹҸіпёҸвҖҚрҹҢҲрҹҳӮрҹ’һрҹҸҙвҖҚвҳ пёҸрҹҺёрҹҢ§пёҸрҹҳірҹ‘»рҹҸіпёҸвҖҚрҹҢҲрҹҳӮрҹ’һрҹҸҙвҖҚвҳ"] = CFrame.new(-0.000000, 0.000000, 0.000000, 0.950527, -0.310643, 0.000000, 0.310643, 0.950527, 0.000000, 0.000000, 0.000000, 1.000000)
    }},
    { Time = 0.467, Data = {
      ["Head"] = CFrame.new(-0.000001, -0.000004, 0.000002, 0.992491, 0.112508, 0.047989, -0.121845, 0.875043, 0.468459, 0.010713, -0.470788, 0.882181),
      ["LeftUpperArm"] = CFrame.new(-0.001518, -0.130940, 0.054769, 0.972486, 0.039212, -0.229637, -0.155787, 0.842361, -0.515905, 0.173208, 0.537485, 0.825293),
      ["LeftUpperLeg"] = CFrame.new(-0.119103, 0.020933, -0.060666, 0.968488, 0.247296, 0.029605, 0.025135, 0.021216, -0.999459, -0.247790, 0.968708, 0.014331),
      ["LowerTorso"] = CFrame.new(0.000000, -1.366840, -0.026583, 1.000000, 0.000000, 0.000000, 0.000000, -0.102116, -0.994773, 0.000000, 0.994773, -0.102116),
      ["RightUpperArm"] = CFrame.new(0.129443, -0.254089, 0.122055, 0.955048, -0.006677, 0.296376, 0.186947, 0.789462, -0.584637, -0.230074, 0.613763, 0.755223),
      ["RightUpperLeg"] = CFrame.new(0.118925, 0.019705, -0.048379, 0.974325, -0.223551, -0.026761, -0.022724, 0.020614, -0.999529, 0.223997, 0.974474, 0.015005),
      ["рҹҢ§пёҸрҹҳірҹ‘»рҹҸіпёҸвҖҚрҹҢҲрҹҳӮрҹ’һрҹҸҙвҖҚвҳ пёҸрҹҺёрҹҢ§пёҸрҹҳірҹ‘»рҹҸіпёҸвҖҚрҹҢҲрҹҳӮрҹ’һрҹҸҙвҖҚвҳ"] = CFrame.new(-0.000000, 0.000000, 0.000000, 0.952834, -0.303491, 0.000000, 0.303491, 0.952834, 0.000000, 0.000000, 0.000000, 1.000000)
    }},
    { Time = 0.483, Data = {
      ["Head"] = CFrame.new(-0.000000, -0.000004, 0.000002, 0.992493, 0.112500, 0.047965, -0.121903, 0.878544, 0.461844, 0.009818, -0.464224, 0.885664),
      ["LeftUpperArm"] = CFrame.new(-0.001656, -0.131406, 0.055508, 0.972487, 0.039338, -0.229613, -0.155975, 0.842057, -0.516344, 0.173035, 0.537951, 0.825025),
      ["LeftUpperLeg"] = CFrame.new(-0.119102, 0.020925, -0.060660, 0.968491, 0.247310, 0.029379, 0.025119, 0.020362, -0.999477, -0.247779, 0.968723, 0.013508),
      ["LowerTorso"] = CFrame.new(0.000000, -1.366724, -0.026338, 1.000000, 0.000000, 0.000000, 0.000000, -0.102231, -0.994761, 0.000000, 0.994761, -0.102231),
      ["RightUpperArm"] = CFrame.new(0.129657, -0.254615, 0.122734, 0.955063, -0.006704, 0.296326, 0.187064, 0.789122, -0.585059, -0.229915, 0.614200, 0.754915),
      ["RightUpperLeg"] = CFrame.new(0.118932, 0.019723, -0.048403, 0.974313, -0.223623, -0.026605, -0.022759, 0.019760, -0.999546, 0.224047, 0.974476, 0.014164),
      ["рҹҢ§пёҸрҹҳірҹ‘»рҹҸіпёҸвҖҚрҹҢҲрҹҳӮрҹ’һрҹҸҙвҖҚвҳ пёҸрҹҺёрҹҢ§пёҸрҹҳірҹ‘»рҹҸіпёҸвҖҚрҹҢҲрҹҳӮрҹ’һрҹҸҙвҖҚвҳ"] = CFrame.new(-0.000000, 0.000000, 0.000000, 0.955113, -0.296242, 0.000000, 0.296242, 0.955113, 0.000000, 0.000000, 0.000000, 1.000000)
    }},
    { Time = 0.500, Data = {
      ["Head"] = CFrame.new(-0.000000, -0.000003, 0.000002, 0.992494, 0.112475, 0.048021, -0.121978, 0.882034, 0.455124, 0.008834, -0.457565, 0.889132),
      ["LeftUpperArm"] = CFrame.new(-0.001719, -0.131560, 0.055754, 0.972487, 0.039317, -0.229616, -0.155991, 0.841962, -0.516495, 0.173021, 0.538102, 0.824930),
      ["LeftUpperLeg"] = CFrame.new(-0.119102, 0.020948, -0.060658, 0.968491, 0.247315, 0.029334, 0.025165, 0.020002, -0.999483, -0.247774, 0.968729, 0.013148),
      ["LowerTorso"] = CFrame.new(0.000000, -1.366609, -0.026248, 1.000000, 0.000000, 0.000000, 0.000000, -0.102347, -0.994749, 0.000000, 0.994749, -0.102347),
      ["RightUpperArm"] = CFrame.new(0.129717, -0.254793, 0.122963, 0.955055, -0.006757, 0.296353, 0.187166, 0.789002, -0.585188, -0.229869, 0.614354, 0.754805),
      ["RightUpperLeg"] = CFrame.new(0.118924, 0.019713, -0.048371, 0.974328, -0.223568, -0.026504, -0.022739, 0.019400, -0.999553, 0.223982, 0.974495, 0.013818),
      ["рҹҢ§пёҸрҹҳірҹ‘»рҹҸіпёҸвҖҚрҹҢҲрҹҳӮрҹ’һрҹҸҙвҖҚвҳ пёҸрҹҺёрҹҢ§пёҸрҹҳірҹ‘»рҹҸіпёҸвҖҚрҹҢҲрҹҳӮрҹ’һрҹҸҙвҖҚвҳ"] = CFrame.new(-0.000000, 0.000000, 0.000000, 0.957360, -0.288898, 0.000000, 0.288898, 0.957360, 0.000000, 0.000000, 0.000000, 1.000000)
    }},
    { Time = 0.517, Data = {
      ["Head"] = CFrame.new(-0.000000, -0.000003, 0.000002, 0.992495, 0.112474, 0.047989, -0.122027, 0.885509, 0.448312, 0.007928, -0.450803, 0.892588),
      ["LeftUpperArm"] = CFrame.new(-0.001656, -0.131406, 0.055508, 0.972487, 0.039338, -0.229613, -0.155975, 0.842057, -0.516344, 0.173035, 0.537951, 0.825025),
      ["LeftUpperLeg"] = CFrame.new(-0.119102, 0.020925, -0.060661, 0.968491, 0.247310, 0.029379, 0.025119, 0.020362, -0.999477, -0.247779, 0.968723, 0.013508),
      ["LowerTorso"] = CFrame.new(0.000000, -1.366725, -0.026338, 1.000000, 0.000000, 0.000000, 0.000000, -0.102231, -0.994761, 0.000000, 0.994761, -0.102231),
      ["RightUpperArm"] = CFrame.new(0.129657, -0.254615, 0.122734, 0.955063, -0.006704, 0.296326, 0.187064, 0.789122, -0.585059, -0.229915, 0.614200, 0.754915),
      ["RightUpperLeg"] = CFrame.new(0.118932, 0.019723, -0.048403, 0.974313, -0.223623, -0.026605, -0.022759, 0.019760, -0.999546, 0.224047, 0.974476, 0.014164),
      ["рҹҢ§пёҸрҹҳірҹ‘»рҹҸіпёҸвҖҚрҹҢҲрҹҳӮрҹ’һрҹҸҙвҖҚвҳ пёҸрҹҺёрҹҢ§пёҸрҹҳірҹ‘»рҹҸіпёҸвҖҚрҹҢҲрҹҳӮрҹ’һрҹҸҙвҖҚвҳ"] = CFrame.new(-0.000000, 0.000000, 0.000000, 0.959549, -0.281540, 0.000000, 0.281540, 0.959549, 0.000000, 0.000000, 0.000000, 1.000000)
    }},
    { Time = 0.533, Data = {
