return {
  ["Astros riding it"] = {
    { Time = 0.000, Data = {
      ["Head"] = CFrame.new(0.000000, -0.000000, 0.000000, 0.999336, -0.036414, -0.001544, 0.034509, 0.931736, 0.361494, -0.011725, -0.361307, 0.932373),
      ["LeftUpperArm"] = CFrame.new(0.007600, -0.785047, -0.092927, 0.979706, -0.013552, -0.199980, -0.120160, 0.758845, -0.640090, 0.160428, 0.651130, 0.741817),
      ["LeftUpperLeg"] = CFrame.new(-0.190002, -0.185785, -0.810231, 0.890275, 0.445670, 0.093749, -0.418347, 0.718927, 0.555095, 0.179991, -0.533407, 0.826487),
      ["LowerTorso"] = CFrame.new(0.010940, -0.405266, 0.175404, -0.998224, -0.059420, -0.004151, -0.054479, 0.882603, 0.466951, -0.024083, 0.466348, -0.884273),
      ["RightUpperArm"] = CFrame.new(-0.003420, -0.693383, -0.041690, 0.979626, -0.033538, 0.198011, 0.155188, 0.752235, -0.640359, -0.127474, 0.658041, 0.742113),
      ["RightUpperLeg"] = CFrame.new(0.243150, -0.169770, -0.974495, 0.996314, -0.064245, -0.056849, 0.080991, 0.485998, 0.870199, -0.028278, -0.871596, 0.489409),
      ["рҹҢ§пёҸрҹҳірҹ‘»рҹҸіпёҸвҖҚрҹҢҲрҹҳӮрҹ’һрҹҸҙвҖҚвҳ пёҸрҹҺёрҹҢ§пёҸрҹҳірҹ‘»рҹҸіпёҸвҖҚрҹҢҲрҹҳӮрҹ’һрҹҸҙвҖҚвҳ"] = CFrame.new(0.000000, -0.000000, 0.000000, 0.996124, 0.087963, 0.000000, -0.087963, 0.996124, -0.000000, -0.000000, 0.000000, 1.000000)
    }},
    { Time = 0.017, Data = {
      ["Head"] = CFrame.new(-0.000000, -0.000000, 0.000000, 0.999336, -0.036394, -0.001707, 0.034500, 0.930171, 0.365501, -0.011714, -0.365317, 0.930809),
      ["LeftUpperArm"] = CFrame.new(0.007570, -0.784756, -0.092980, 0.979706, -0.013533, -0.199981, -0.120145, 0.758965, -0.639951, 0.160439, 0.650991, 0.741937),
      ["LeftUpperLeg"] = CFrame.new(-0.190006, -0.185746, -0.810122, 0.890267, 0.445707, 0.093651, -0.418270, 0.718775, 0.555350, 0.180209, -0.533581, 0.826327),
      ["LowerTorso"] = CFrame.new(0.010937, -0.405684, 0.175446, -0.998224, -0.059420, -0.004143, -0.054482, 0.882728, 0.466715, -0.024076, 0.466112, -0.884398),
      ["RightUpperArm"] = CFrame.new(-0.003403, -0.693068, -0.041735, 0.979635, -0.033476, 0.197978, 0.155096, 0.752364, -0.640229, -0.127519, 0.657897, 0.742234),
      ["RightUpperLeg"] = CFrame.new(0.243158, -0.169823, -0.974354, 0.996314, -0.064237, -0.056858, 0.080987, 0.485736, 0.870346, -0.028290, -0.871742, 0.489148),
      ["рҹҢ§пёҸрҹҳірҹ‘»рҹҸіпёҸвҖҚрҹҢҲрҹҳӮрҹ’һрҹҸҙвҖҚвҳ пёҸрҹҺёрҹҢ§пёҸрҹҳірҹ‘»рҹҸіпёҸвҖҚрҹҢҲрҹҳӮрҹ’һрҹҸҙвҖҚвҳ"] = CFrame.new(0.000000, 0.000000, 0.000000, 0.995750, 0.092094, 0.000000, -0.092094, 0.995750, -0.000000, -0.000000, 0.000000, 1.000000)
    }},
    { Time = 0.033, Data = {
      ["Head"] = CFrame.new(-0.000000, 0.000000, -0.000000, 0.999336, -0.036374, -0.001871, 0.034491, 0.928589, 0.369503, -0.011703, -0.369323, 0.929227),
      ["LeftUpperArm"] = CFrame.new(0.007442, -0.783852, -0.093181, 0.979716, -0.013620, -0.199927, -0.119925, 0.759452, -0.639414, 0.160544, 0.650421, 0.742414),
      ["LeftUpperLeg"] = CFrame.new(-0.190036, -0.185673, -0.809802, 0.890206, 0.445858, 0.093506, -0.418123, 0.718176, 0.556234, 0.180848, -0.534260, 0.825748),
      ["LowerTorso"] = CFrame.new(0.010927, -0.406892, 0.175492, -0.998224, -0.059422, -0.004121, -0.054491, 0.883060, 0.466086, -0.024056, 0.465483, -0.884730),
      ["RightUpperArm"] = CFrame.new(-0.003396, -0.692116, -0.041887, 0.979643, -0.033460, 0.197937, 0.154975, 0.752793, -0.639754, -0.127600, 0.657406, 0.742654),
      ["RightUpperLeg"] = CFrame.new(0.243179, -0.169942, -0.973954, 0.996321, -0.064134, -0.056847, 0.080899, 0.484870, 0.870836, -0.028287, -0.872231, 0.488275),
      ["рҹҢ§пёҸрҹҳірҹ‘»рҹҸіпёҸвҖҚрҹҢҲрҹҳӮрҹ’һрҹҸҙвҖҚвҳ пёҸрҹҺёрҹҢ§пёҸрҹҳірҹ‘»рҹҸіпёҸвҖҚрҹҢҲрҹҳӮрҹ’һрҹҸҙвҖҚвҳ"] = CFrame.new(0.000000, -0.000000, 0.000000, 0.995360, 0.096224, 0.000000, -0.096224, 0.995360, -0.000000, -0.000000, 0.000000, 1.000000)
    }},
    { Time = 0.050, Data = {
      ["Head"] = CFrame.new(-0.000000, 0.000000, 0.000000, 0.999333, -0.036455, -0.001964, 0.034551, 0.927019, 0.373420, -0.011793, -0.373239, 0.927660),
      ["LeftUpperArm"] = CFrame.new(0.007243, -0.782363, -0.093506, 0.979693, -0.013721, -0.200035, -0.119727, 0.760237, -0.638518, 0.160835, 0.649501, 0.743156),
      ["LeftUpperLeg"] = CFrame.new(-0.190055, -0.185484, -0.809277, 0.890169, 0.446008, 0.093140, -0.417746, 0.717312, 0.557631, 0.181898, -0.535295, 0.824847),
      ["LowerTorso"] = CFrame.new(0.010891, -0.408879, 0.175550, -0.998226, -0.059404, -0.004171, -0.054525, 0.883598, 0.465062, -0.023941, 0.464464, -0.885269),
      ["RightUpperArm"] = CFrame.new(-0.003377, -0.690550, -0.042128, 0.979661, -0.033401, 0.197861, 0.154749, 0.753471, -0.639010, -0.127739, 0.656632, 0.743315),
      ["RightUpperLeg"] = CFrame.new(0.243221, -0.170200, -0.973254, 0.996321, -0.064085, -0.056902, 0.080875, 0.483385, 0.871664, -0.028356, -0.873059, 0.486790),
      ["рҹҢ§пёҸрҹҳірҹ‘»рҹҸіпёҸвҖҚрҹҢҲрҹҳӮрҹ’һрҹҸҙвҖҚвҳ пёҸрҹҺёрҹҢ§пёҸрҹҳірҹ‘»рҹҸіпёҸвҖҚрҹҢҲрҹҳӮрҹ’һрҹҸҙвҖҚвҳ"] = CFrame.new(0.000000, 0.000000, 0.000000, 0.994961, 0.100266, 0.000000, -0.100266, 0.994961, -0.000000, -0.000000, 0.000000, 1.000000)
    }},
    { Time = 0.067, Data = {
      ["Head"] = CFrame.new(-0.000000, -0.000000, 0.000000, 0.999334, -0.036434, -0.002124, 0.034543, 0.925467, 0.377249, -0.011779, -0.377071, 0.926109),
      ["LeftUpperArm"] = CFrame.new(0.006952, -0.780314, -0.093940, 0.979695, -0.013915, -0.200008, -0.119307, 0.761268, -0.637367, 0.161129, 0.648288, 0.744151),
      ["LeftUpperLeg"] = CFrame.new(-0.190082, -0.185213, -0.808524, 0.890115, 0.446229, 0.092600, -0.417203, 0.716087, 0.559608, 0.183404, -0.536748, 0.823568),
      ["LowerTorso"] = CFrame.new(0.010869, -0.411629, 0.175634, -0.998225, -0.059407, -0.004123, -0.054544, 0.884341, 0.463645, -0.023897, 0.463047, -0.886011),
      ["RightUpperArm"] = CFrame.new(-0.003326, -0.688367, -0.042478, 0.979696, -0.033226, 0.197718, 0.154334, 0.754465, -0.637938, -0.127975, 0.655499, 0.744274),
      ["RightUpperLeg"] = CFrame.new(0.243274, -0.170520, -0.972309, 0.996328, -0.063946, -0.056932, 0.080768, 0.481379, 0.872784, -0.028405, -0.874177, 0.484776),
      ["рҹҢ§пёҸрҹҳірҹ‘»рҹҸіпёҸвҖҚрҹҢҲрҹҳӮрҹ’һрҹҸҙвҖҚвҳ пёҸрҹҺёрҹҢ§пёҸрҹҳірҹ‘»рҹҸіпёҸвҖҚрҹҢҲрҹҳӮрҹ’һрҹҸҙвҖҚвҳ"] = CFrame.new(0.000000, 0.000000, 0.000000, 0.994554, 0.104221, 0.000000, -0.104221, 0.994554, -0.000000, -0.000000, 0.000000, 1.000000)
    }},
    { Time = 0.083, Data = {
      ["Head"] = CFrame.new(0.000000, 0.000000, 0.000000, 0.999334, -0.036413, -0.002279, 0.034537, 0.924000, 0.380829, -0.011761, -0.380655, 0.924643),
      ["LeftUpperArm"] = CFrame.new(0.006596, -0.777699, -0.094516, 0.979665, -0.014115, -0.200144, -0.118902, 0.762653, -0.635785, 0.161615, 0.646654, 0.745466),
      ["LeftUpperLeg"] = CFrame.new(-0.190117, -0.184874, -0.807594, 0.890046, 0.446501, 0.091947, -0.416527, 0.714551, 0.562070, 0.185264, -0.538566, 0.821963),
      ["LowerTorso"] = CFrame.new(0.010820, -0.415118, 0.175754, -0.998226, -0.059391, -0.004146, -0.054589, 0.885286, 0.461831, -0.023758, 0.461238, -0.886958),
      ["RightUpperArm"] = CFrame.new(-0.003304, -0.685611, -0.042914, 0.979722, -0.033168, 0.197599, 0.153974, 0.755686, -0.636577, -0.128209, 0.654093, 0.745469),
      ["RightUpperLeg"] = CFrame.new(0.243344, -0.170958, -0.971143, 0.996334, -0.063745, -0.057055, 0.080696, 0.478842, 0.874184, -0.028404, -0.875584, 0.482231),
      ["рҹҢ§пёҸрҹҳірҹ‘»рҹҸіпёҸвҖҚрҹҢҲрҹҳӮрҹ’һрҹҸҙвҖҚвҳ пёҸрҹҺёрҹҢ§пёҸрҹҳірҹ‘»рҹҸіпёҸвҖҚрҹҢҲрҹҳӮрҹ’һрҹҸҙвҖҚвҳ"] = CFrame.new(-0.000000, -0.000000, 0.000000, 0.994160, 0.107917, 0.000000, -0.107917, 0.994160, -0.000000, -0.000000, 0.000000, 1.000000)
    }},
    { Time = 0.100, Data = {
      ["Head"] = CFrame.new(0.000000, -0.000000, 0.000000, 0.999335, -0.036392, -0.002431, 0.034532, 0.922586, 0.384243, -0.011741, -0.384071, 0.923229),
      ["LeftUpperArm"] = CFrame.new(0.006176, -0.774572, -0.095196, 0.979655, -0.014327, -0.200175, -0.118356, 0.764275, -0.633937, 0.162071, 0.644731, 0.747030),
      ["LeftUpperLeg"] = CFrame.new(-0.190158, -0.184468, -0.806486, 0.889962, 0.446826, 0.091180, -0.415714, 0.712698, 0.565016, 0.187479, -0.540748, 0.820026),
      ["LowerTorso"] = CFrame.new(0.010767, -0.419273, 0.175853, -0.998227, -0.059375, -0.004159, -0.054638, 0.886392, 0.459701, -0.023608, 0.459113, -0.888064),
      ["RightUpperArm"] = CFrame.new(-0.003256, -0.682302, -0.043440, 0.979780, -0.033016, 0.197336, 0.153401, 0.757161, -0.634961, -0.128451, 0.652394, 0.746915),
      ["RightUpperLeg"] = CFrame.new(0.243427, -0.171464, -0.969694, 0.996341, -0.063570, -0.057123, 0.080572, 0.475771, 0.875871, -0.028502, -0.877269, 0.479152),
      ["рҹҢ§пёҸрҹҳірҹ‘»рҹҸіпёҸвҖҚрҹҢҲрҹҳӮрҹ’һрҹҸҙвҖҚвҳ пёҸрҹҺёрҹҢ§пёҸрҹҳірҹ‘»рҹҸіпёҸвҖҚрҹҢҲрҹҳӮрҹ’һрҹҸҙвҖҚвҳ"] = CFrame.new(0.000000, 0.000000, 0.000000, 0.993771, 0.111440, 0.000000, -0.111440, 0.993771, -0.000000, -0.000000, 0.000000, 1.000000)
    }},
    { Time = 0.117, Data = {
      ["Head"] = CFrame.new(0.000000, -0.000000, 0.000000, 0.999335, -0.036371, -0.002576, 0.034529, 0.921296, 0.387327, -0.011714, -0.387158, 0.921939),
      ["LeftUpperArm"] = CFrame.new(0.005658, -0.770962, -0.095983, 0.979639, -0.014694, -0.200230, -0.117647, 0.766136, -0.631818, 0.162688, 0.642510, 0.748808),
      ["LeftUpperLeg"] = CFrame.new(-0.190209, -0.183991, -0.805202, 0.889862, 0.447204, 0.090302, -0.414763, 0.710525, 0.568442, 0.190048, -0.543289, 0.817752),
      ["LowerTorso"] = CFrame.new(0.010792, -0.424095, 0.176036, -0.998223, -0.059444, -0.004179, -0.054776, 0.887689, 0.457173, -0.023467, 0.456589, -0.889368),
      ["RightUpperArm"] = CFrame.new(-0.003209, -0.678478, -0.044053, 0.979823, -0.032870, 0.197146, 0.152832, 0.758868, -0.633058, -0.128800, 0.650415, 0.748580),
      ["RightUpperLeg"] = CFrame.new(0.243524, -0.172055, -0.968018, 0.996348, -0.063382, -0.057206, 0.080441, 0.472249, 0.877787, -0.028620, -0.879184, 0.475623),
      ["рҹҢ§пёҸрҹҳірҹ‘»рҹҸіпёҸвҖҚрҹҢҲрҹҳӮрҹ’һрҹҸҙвҖҚвҳ пёҸрҹҺёрҹҢ§пёҸрҹҳірҹ‘»рҹҸіпёҸвҖҚрҹҢҲрҹҳӮрҹ’һрҹҸҙвҖҚвҳ"] = CFrame.new(0.000000, -0.000000, 0.000000, 0.993410, 0.114619, 0.000000, -0.114619, 0.993410, -0.000000, -0.000000, 0.000000, 1.000000)
    }},
    { Time = 0.133, Data = {
      ["Head"] = CFrame.new(-0.000000, -0.000000, 0.000000, 0.999335, -0.036367, -0.002632, 0.034511, 0.920097, 0.390167, -0.011767, -0.389998, 0.920740),
      ["LeftUpperArm"] = CFrame.new(0.005120, -0.766908, -0.096867, 0.979617, -0.014943, -0.200319, -0.116987, 0.768220, -0.629407, 0.163294, 0.640012, 0.750813),
      ["LeftUpperLeg"] = CFrame.new(-0.190268, -0.183448, -0.803751, 0.889743, 0.447643, 0.089292, -0.413676, 0.708077, 0.572276, 0.192950, -0.546116, 0.815186),
      ["LowerTorso"] = CFrame.new(0.010728, -0.429512, 0.176247, -0.998224, -0.059431, -0.004168, -0.054834, 0.889146, 0.454327, -0.023295, 0.453748, -0.890826),
      ["RightUpperArm"] = CFrame.new(-0.003154, -0.674189, -0.044734, 0.979889, -0.032700, 0.196844, 0.152136, 0.760755, -0.630957, -0.129118, 0.648215, 0.750430),
      ["RightUpperLeg"] = CFrame.new(0.243634, -0.172746, -0.966169, 0.996354, -0.063134, -0.057380, 0.080346, 0.468271, 0.879924, -0.028684, -0.881327, 0.471636),
      ["рҹҢ§пёҸрҹҳірҹ‘»рҹҸіпёҸвҖҚрҹҢҲрҹҳӮрҹ’һрҹҸҙвҖҚвҳ пёҸрҹҺёрҹҢ§пёҸрҹҳірҹ‘»рҹҸіпёҸвҖҚрҹҢҲрҹҳӮрҹ’һрҹҸҙвҖҚвҳ"] = CFrame.new(0.000000, 0.000000, 0.000000, 0.993058, 0.117625, 0.000000, -0.117625, 0.993058, -0.000000, -0.000000, 0.000000, 1.000000)
    }},
    { Time = 0.150, Data = {
      ["Head"] = CFrame.new(0.000000, 0.000000, 0.000000, 0.999335, -0.036346, -0.002767, 0.034512, 0.919028, 0.392678, -0.011730, -0.392512, 0.919672),
      ["LeftUpperArm"] = CFrame.new(0.004492, -0.762461, -0.097835, 0.979587, -0.015355, -0.200433, -0.116171, 0.770478, -0.626792, 0.164054, 0.637282, 0.752966),
      ["LeftUpperLeg"] = CFrame.new(-0.190335, -0.182853, -0.802184, 0.889609, 0.448123, 0.088210, -0.412487, 0.705402, 0.576422, 0.196085, -0.549176, 0.812377),
      ["LowerTorso"] = CFrame.new(0.010660, -0.435432, 0.176440, -0.998225, -0.059418, -0.004149, -0.054894, 0.890713, 0.451239, -0.023117, 0.450666, -0.892394),
      ["RightUpperArm"] = CFrame.new(-0.003076, -0.669478, -0.045483, 0.979949, -0.032445, 0.196589, 0.151370, 0.762819, -0.628644, -0.129566, 0.645797, 0.752435),
      ["RightUpperLeg"] = CFrame.new(0.243750, -0.173446, -0.964116, 0.996369, -0.062841, -0.057449, 0.080126, 0.463840, 0.882288, -0.028797, -0.883687, 0.467191),
      ["рҹҢ§пёҸрҹҳірҹ‘»рҹҸіпёҸвҖҚрҹҢҲрҹҳӮрҹ’һрҹҸҙвҖҚвҳ пёҸрҹҺёрҹҢ§пёҸрҹҳірҹ‘»рҹҸіпёҸвҖҚрҹҢҲрҹҳӮрҹ’һрҹҸҙвҖҚвҳ"] = CFrame.new(0.000000, 0.000000, 0.000000, 0.992750, 0.120201, 0.000000, -0.120201, 0.992750, -0.000000, -0.000000, 0.000000, 1.000000)
    }},
    { Time = 0.167, Data = {
      ["Head"] = CFrame.new(0.000000, -0.000000, 0.000000, 0.999335, -0.036343, -0.002810, 0.034498, 0.918092, 0.394864, -0.011771, -0.394699, 0.918735),
      ["LeftUpperArm"] = CFrame.new(0.003833, -0.757651, -0.098899, 0.979557, -0.015730, -0.200553, -0.115322, 0.772957, -0.623890, 0.164832, 0.634264, 0.755341),
      ["LeftUpperLeg"] = CFrame.new(-0.190430, -0.182238, -0.800478, 0.889420, 0.448715, 0.087105, -0.411259, 0.702402, 0.580945, 0.199497, -0.552527, 0.809268),
      ["LowerTorso"] = CFrame.new(0.010589, -0.441843, 0.176723, -0.998225, -0.059406, -0.004119, -0.054958, 0.892428, 0.447831, -0.022928, 0.447262, -0.894109),
      ["RightUpperArm"] = CFrame.new(-0.003012, -0.664393, -0.046298, 0.980023, -0.032247, 0.196251, 0.150556, 0.765051, -0.626123, -0.129952, 0.643162, 0.754622),
      ["RightUpperLeg"] = CFrame.new(0.243881, -0.174245, -0.961874, 0.996376, -0.062611, -0.057576, 0.079974, 0.459025, 0.884817, -0.028970, -0.886215, 0.462368),
      ["рҹҢ§пёҸрҹҳірҹ‘»рҹҸіпёҸвҖҚрҹҢҲрҹҳӮрҹ’һрҹҸҙвҖҚвҳ пёҸрҹҺёрҹҢ§пёҸрҹҳірҹ‘»рҹҸіпёҸвҖҚрҹҢҲрҹҳӮрҹ’һрҹҸҙвҖҚвҳ"] = CFrame.new(-0.000000, -0.000000, 0.000000, 0.992466, 0.122518, 0.000000, -0.122518, 0.992466, -0.000000, -0.000000, 0.000000, 1.000000)
    }},
    { Time = 0.183, Data = {
      ["Head"] = CFrame.new(0.000000, 0.000000, 0.000000, 0.999336, -0.036322, -0.002931, 0.034504, 0.917289, 0.396724, -0.011721, -0.396562, 0.917933),
      ["LeftUpperArm"] = CFrame.new(0.003122, -0.752553, -0.100020, 0.979530, -0.016167, -0.200647, -0.114374, 0.775542, -0.620849, 0.165647, 0.631089, 0.757818),
      ["LeftUpperLeg"] = CFrame.new(-0.190513, -0.181536, -0.798678, 0.889253, 0.449281, 0.085882, -0.409856, 0.699259, 0.585709, 0.203094, -0.556042, 0.805959),
      ["LowerTorso"] = CFrame.new(0.010495, -0.448613, 0.176974, -0.998227, -0.059375, -0.004169, -0.055043, 0.894207, 0.444256, -0.022650, 0.443698, -0.895891),
      ["RightUpperArm"] = CFrame.new(-0.002922, -0.658998, -0.047161, 0.980090, -0.031955, 0.195963, 0.149677, 0.767396, -0.623458, -0.130459, 0.640376, 0.756901),
      ["RightUpperLeg"] = CFrame.new(0.244016, -0.175083, -0.959553, 0.996389, -0.062256, -0.057737, 0.079790, 0.454015, 0.887414, -0.029033, -0.888816, 0.457343),
      ["рҹҢ§пёҸрҹҳірҹ‘»рҹҸіпёҸвҖҚрҹҢҲрҹҳӮрҹ’һрҹҸҙвҖҚвҳ пёҸрҹҺёрҹҢ§пёҸрҹҳірҹ‘»рҹҸіпёҸвҖҚрҹҢҲрҹҳӮрҹ’һрҹҸҙвҖҚвҳ"] = CFrame.new(-0.000000, 0.000000, 0.000000, 0.992231, 0.124407, 0.000000, -0.124407, 0.992231, -0.000000, -0.000000, 0.000000, 1.000000)
    }},
    { Time = 0.200, Data = {
      ["Head"] = CFrame.new(0.000000, 0.000000, 0.000000, 0.999336, -0.036320, -0.002960, 0.034495, 0.916659, 0.398180, -0.011748, -0.398018, 0.917303),
      ["LeftUpperArm"] = CFrame.new(0.002387, -0.747218, -0.101195, 0.979503, -0.016586, -0.200745, -0.113409, 0.778227, -0.617658, 0.166470, 0.627764, 0.760395),
      ["LeftUpperLeg"] = CFrame.new(-0.190606, -0.180788, -0.796784, 0.889068, 0.449900, 0.084548, -0.408360, 0.695982, 0.590636, 0.206884, -0.559642, 0.802496),
      ["LowerTorso"] = CFrame.new(0.010502, -0.455679, 0.177234, -0.998223, -0.059448, -0.004148, -0.055193, 0.896045, 0.440519, -0.022471, 0.439965, -0.897734),
      ["RightUpperArm"] = CFrame.new(-0.002844, -0.653347, -0.048068, 0.980172, -0.031710, 0.195593, 0.148757, 0.769846, -0.620651, -0.130896, 0.637441, 0.759299),
      ["RightUpperLeg"] = CFrame.new(0.244158, -0.175939, -0.957079, 0.996403, -0.061933, -0.057835, 0.079554, 0.448621, 0.890174, -0.029185, -0.891573, 0.451935),
      ["рҹҢ§пёҸрҹҳірҹ‘»рҹҸіпёҸвҖҚрҹҢҲрҹҳӮрҹ’һрҹҸҙвҖҚвҳ пёҸрҹҺёрҹҢ§пёҸрҹҳірҹ‘»рҹҸіпёҸвҖҚрҹҢҲрҹҳӮрҹ’һрҹҸҙвҖҚвҳ"] = CFrame.new(0.000000, 0.000000, 0.000000, 0.992047, 0.125865, 0.000000, -0.125865, 0.992047, -0.000000, -0.000000, 0.000000, 1.000000)
    }},
    { Time = 0.217, Data = {
      ["Head"] = CFrame.new(-0.000000, 0.000000, -0.000000, 0.999336, -0.036318, -0.002979, 0.034488, 0.916237, 0.399150, -0.011767, -0.398988, 0.916881),
      ["LeftUpperArm"] = CFrame.new(0.001629, -0.741697, -0.102420, 0.979458, -0.017015, -0.200928, -0.112454, 0.781009, -0.614311, 0.167379, 0.624287, 0.763053),
      ["LeftUpperLeg"] = CFrame.new(-0.190685, -0.179963, -0.794837, 0.888909, 0.450470, 0.083176, -0.406712, 0.692554, 0.595780, 0.210777, -0.563423, 0.798829),
      ["LowerTorso"] = CFrame.new(0.010405, -0.462992, 0.177536, -0.998224, -0.059418, -0.004187, -0.055281, 0.897949, 0.436614, -0.022183, 0.436071, -0.899639),
      ["RightUpperArm"] = CFrame.new(-0.002770, -0.647495, -0.049020, 0.980254, -0.031481, 0.195223, 0.147823, 0.772399, -0.617696, -0.131344, 0.634357, 0.761800),
      ["RightUpperLeg"] = CFrame.new(0.244306, -0.176851, -0.954556, 0.996416, -0.061562, -0.058010, 0.079363, 0.443110, 0.892948, -0.029267, -0.894351, 0.446407),
      ["рҹҢ§пёҸрҹҳірҹ‘»рҹҸіпёҸвҖҚрҹҢҲрҹҳӮрҹ’һрҹҸҙвҖҚвҳ пёҸрҹҺёрҹҢ§пёҸрҹҳірҹ‘»рҹҸіпёҸвҖҚрҹҢҲрҹҳӮрҹ’һрҹҸҙвҖҚвҳ"] = CFrame.new(-0.000000, 0.000000, 0.000000, 0.991905, 0.126981, 0.000000, -0.126981, 0.991905, -0.000000, -0.000000, 0.000000, 1.000000)
    }},
    { Time = 0.233, Data = {
      ["Head"] = CFrame.new(0.000000, 0.000000, 0.000000, 0.999336, -0.036317, -0.002992, 0.034484, 0.915955, 0.399797, -0.011779, -0.399634, 0.916599),
      ["LeftUpperArm"] = CFrame.new(0.000844, -0.736057, -0.103675, 0.979434, -0.017486, -0.201006, -0.111378, 0.783835, -0.610899, 0.168238, 0.620723, 0.765767),
      ["LeftUpperLeg"] = CFrame.new(-0.190789, -0.179160, -0.792871, 0.888701, 0.451121, 0.081860, -0.405106, 0.689001, 0.600971, 0.214709, -0.567246, 0.795068),
      ["LowerTorso"] = CFrame.new(0.010325, -0.470448, 0.177845, -0.998226, -0.059408, -0.004140, -0.055349, 0.899873, 0.432627, -0.021976, 0.432088, -0.901564),
      ["RightUpperArm"] = CFrame.new(-0.002688, -0.641531, -0.049976, 0.980319, -0.031221, 0.194934, 0.146917, 0.774937, -0.614727, -0.131869, 0.631267, 0.764272),
      ["RightUpperLeg"] = CFrame.new(0.244456, -0.177762, -0.951936, 0.996430, -0.061230, -0.058115, 0.079123, 0.437387, 0.895786, -0.029430, -0.897186, 0.440671),
      ["рҹҢ§пёҸрҹҳірҹ‘»рҹҸіпёҸвҖҚрҹҢҲрҹҳӮрҹ’һрҹҸҙвҖҚвҳ пёҸрҹҺёрҹҢ§пёҸрҹҳірҹ‘»рҹҸіпёҸвҖҚрҹҢҲрҹҳӮрҹ’һрҹҸҙвҖҚвҳ"] = CFrame.new(0.000000, 0.000000, 0.000000, 0.991817, 0.127667, 0.000000, -0.127667, 0.991817, -0.000000, -0.000000, 0.000000, 1.000000)
    }},
    { Time = 0.250, Data = {
      ["Head"] = CFrame.new(0.000000, -0.000000, 0.000000, 0.999336, -0.036317, -0.002997, 0.034483, 0.915849, 0.400039, -0.011783, -0.399877, 0.916493),
      ["LeftUpperArm"] = CFrame.new(0.000068, -0.730353, -0.104953, 0.979388, -0.017896, -0.201196, -0.110401, 0.786694, -0.607391, 0.169149, 0.617084, 0.768502),
      ["LeftUpperLeg"] = CFrame.new(-0.190901, -0.178326, -0.790859, 0.888478, 0.451806, 0.080493, -0.403440, 0.685361, 0.606232, 0.218732, -0.571097, 0.791204),
      ["LowerTorso"] = CFrame.new(0.010226, -0.477984, 0.178198, -0.998227, -0.059379, -0.004174, -0.055436, 0.901816, 0.428550, -0.021683, 0.428021, -0.903509),
      ["RightUpperArm"] = CFrame.new(-0.002596, -0.635480, -0.050976, 0.980408, -0.030926, 0.194535, 0.145888, 0.777582, -0.611623, -0.132352, 0.628020, 0.766860),
      ["RightUpperLeg"] = CFrame.new(0.244609, -0.178706, -0.949326, 0.996443, -0.060852, -0.058293, 0.078928, 0.431636, 0.898588, -0.029519, -0.899993, 0.434904),
      ["рҹҢ§пёҸрҹҳірҹ‘»рҹҸіпёҸвҖҚрҹҢҲрҹҳӮрҹ’һрҹҸҙвҖҚвҳ пёҸрҹҺёрҹҢ§пёҸрҹҳірҹ‘»рҹҸіпёҸвҖҚрҹҢҲрҹҳӮрҹ’һрҹҸҙвҖҚвҳ"] = CFrame.new(-0.000000, -0.000000, 0.000000, 0.991795, 0.127839, 0.000000, -0.127839, 0.991795, -0.000000, -0.000000, 0.000000, 1.000000)
    }},
    { Time = 0.267, Data = {
      ["Head"] = CFrame.new(0.000000, 0.000000, 0.000000, 0.999336, -0.036317, -0.002992, 0.034484, 0.915955, 0.399797, -0.011779, -0.399634, 0.916599),
      ["LeftUpperArm"] = CFrame.new(-0.000723, -0.724669, -0.106217, 0.979362, -0.018368, -0.201280, -0.109320, 0.789482, -0.603960, 0.170000, 0.613499, 0.771180),
      ["LeftUpperLeg"] = CFrame.new(-0.191017, -0.177487, -0.788861, 0.888245, 0.452506, 0.079112, -0.401761, 0.681744, 0.611403, 0.222729, -0.574860, 0.787355),
      ["LowerTorso"] = CFrame.new(0.010230, -0.485495, 0.178560, -0.998222, -0.059454, -0.004143, -0.055588, 0.903735, 0.424469, -0.021492, 0.423944, -0.905433),
      ["RightUpperArm"] = CFrame.new(-0.002523, -0.629449, -0.051957, 0.980488, -0.030701, 0.194168, 0.144945, 0.780148, -0.608572, -0.132796, 0.624841, 0.769375),
      ["RightUpperLeg"] = CFrame.new(0.244761, -0.179628, -0.946680, 0.996457, -0.060518, -0.058396, 0.078687, 0.425855, 0.901363, -0.029681, -0.902765, 0.429108),
      ["рҹҢ§пёҸрҹҳірҹ‘»рҹҸіпёҸвҖҚрҹҢҲрҹҳӮрҹ’һрҹҸҙвҖҚвҳ пёҸрҹҺёрҹҢ§пёҸрҹҳірҹ‘»рҹҸіпёҸвҖҚрҹҢҲрҹҳӮрҹ’һрҹҸҙвҖҚвҳ"] = CFrame.new(0.000000, 0.000000, 0.000000, 0.991817, 0.127667, 0.000000, -0.127667, 0.991817, -0.000000, -0.000000, 0.000000, 1.000000)
    }},
    { Time = 0.283, Data = {
      ["Head"] = CFrame.new(-0.000000, 0.000000, 0.000000, 0.999336, -0.036318, -0.002979, 0.034488, 0.916237, 0.399150, -0.011767, -0.398988, 0.916881),
      ["LeftUpperArm"] = CFrame.new(-0.001515, -0.719043, -0.107481, 0.979318, -0.018867, -0.201447, -0.108263, 0.792251, -0.600514, 0.170927, 0.609903, 0.773823),
      ["LeftUpperLeg"] = CFrame.new(-0.191137, -0.176635, -0.786866, 0.888004, 0.453217, 0.077739, -0.400060, 0.678096, 0.616554, 0.226719, -0.578602, 0.783465),
      ["LowerTorso"] = CFrame.new(0.010132, -0.492894, 0.178886, -0.998224, -0.059426, -0.004180, -0.055673, 0.905602, 0.420459, -0.021201, 0.419945, -0.907302),
      ["RightUpperArm"] = CFrame.new(-0.002425, -0.623494, -0.052922, 0.980575, -0.030384, 0.193776, 0.143926, 0.782650, -0.605594, -0.133258, 0.621720, 0.771820),
      ["RightUpperLeg"] = CFrame.new(0.244913, -0.180561, -0.944100, 0.996470, -0.060141, -0.058568, 0.078494, 0.420137, 0.904060, -0.029765, -0.905466, 0.423374),
      ["рҹҢ§пёҸрҹҳірҹ‘»рҹҸіпёҸвҖҚрҹҢҲрҹҳӮрҹ’һрҹҸҙвҖҚвҳ пёҸрҹҺёрҹҢ§пёҸрҹҳірҹ‘»рҹҸіпёҸвҖҚрҹҢҲрҹҳӮрҹ’һрҹҸҙвҖҚвҳ"] = CFrame.new(-0.000000, -0.000000, 0.000000, 0.991905, 0.126981, 0.000000, -0.126981, 0.991905, -0.000000, -0.000000, 0.000000, 1.000000)
    }},
    { Time = 0.300, Data = {
      ["Head"] = CFrame.new(0.000000, 0.000000, 0.000000, 0.999336, -0.036320, -0.002960, 0.034495, 0.916659, 0.398180, -0.011748, -0.398018, 0.917303),
      ["LeftUpperArm"] = CFrame.new(-0.002266, -0.713546, -0.108718, 0.979286, -0.019267, -0.201563, -0.107265, 0.794943, -0.597126, 0.171736, 0.606378, 0.776410),
      ["LeftUpperLeg"] = CFrame.new(-0.191235, -0.175776, -0.784986, 0.887808, 0.453818, 0.076458, -0.398342, 0.674570, 0.621514, 0.230478, -0.582241, 0.779663),
      ["LowerTorso"] = CFrame.new(0.010055, -0.500116, 0.179222, -0.998225, -0.059416, -0.004136, -0.055737, 0.907414, 0.416525, -0.020996, 0.416016, -0.909115),
      ["RightUpperArm"] = CFrame.new(-0.002341, -0.617662, -0.053884, 0.980639, -0.030119, 0.193495, 0.143015, 0.785130, -0.602593, -0.133769, 0.618598, 0.774236),
      ["RightUpperLeg"] = CFrame.new(0.245060, -0.181451, -0.941544, 0.996484, -0.059816, -0.058660, 0.078257, 0.414576, 0.906644, -0.029913, -0.908047, 0.417799),
      ["рҹҢ§пёҸрҹҳірҹ‘»рҹҸіпёҸвҖҚрҹҢҲрҹҳӮрҹ’һрҹҸҙвҖҚвҳ пёҸрҹҺёрҹҢ§пёҸрҹҳірҹ‘»рҹҸіпёҸвҖҚрҹҢҲрҹҳӮрҹ’һрҹҸҙвҖҚвҳ"] = CFrame.new(0.000000, -0.000000, 0.000000, 0.992047, 0.125865, 0.000000, -0.125865, 0.992047, -0.000000, -0.000000, 0.000000, 1.000000)
    }},
    { Time = 0.317, Data = {
      ["Head"] = CFrame.new(0.000000, 0.000000, 0.000000, 0.999336, -0.036322, -0.002931, 0.034504, 0.917289, 0.396724, -0.011721, -0.396562, 0.917933),
      ["LeftUpperArm"] = CFrame.new(-0.003005, -0.708228, -0.109929, 0.979236, -0.019703, -0.201762, -0.106299, 0.797562, -0.593798, 0.172617, 0.602915, 0.778907),
      ["LeftUpperLeg"] = CFrame.new(-0.191357, -0.174949, -0.783105, 0.887564, 0.454506, 0.075192, -0.396689, 0.671031, 0.626383, 0.234239, -0.585782, 0.775881),
      ["LowerTorso"] = CFrame.new(0.009961, -0.507066, 0.179521, -0.998226, -0.059388, -0.004181, -0.055817, 0.909135, 0.412744, -0.020711, 0.412245, -0.910838),
      ["RightUpperArm"] = CFrame.new(-0.002262, -0.612021, -0.054824, 0.980717, -0.029871, 0.193136, 0.142081, 0.787540, -0.599662, -0.134190, 0.615539, 0.776598),
      ["RightUpperLeg"] = CFrame.new(0.245202, -0.182330, -0.939109, 0.996497, -0.059446, -0.058820, 0.078068, 0.409082, 0.909152, -0.029984, -0.910559, 0.412290),
      ["рҹҢ§пёҸрҹҳірҹ‘»рҹҸіпёҸвҖҚрҹҢҲрҹҳӮрҹ’һрҹҸҙвҖҚвҳ пёҸрҹҺёрҹҢ§пёҸрҹҳірҹ‘»рҹҸіпёҸвҖҚрҹҢҲрҹҳӮрҹ’һрҹҸҙвҖҚвҳ"] = CFrame.new(-0.000000, -0.000000, 0.000000, 0.992231, 0.124407, 0.000000, -0.124407, 0.992231, -0.000000, -0.000000, 0.000000, 1.000000)
    }},
    { Time = 0.333, Data = {
      ["Head"] = CFrame.new(0.000000, -0.000000, 0.000000, 0.999335, -0.036343, -0.002810, 0.034498, 0.918092, 0.394864, -0.011771, -0.394699, 0.918735),
      ["LeftUpperArm"] = CFrame.new(-0.003716, -0.703169, -0.111072, 0.979203, -0.020139, -0.201880, -0.105326, 0.800001, -0.590682, 0.173400, 0.599661, 0.781242),
      ["LeftUpperLeg"] = CFrame.new(-0.191455, -0.174127, -0.781358, 0.887368, 0.455090, 0.073973, -0.395046, 0.667735, 0.630926, 0.237733, -0.589087, 0.772308),
      ["LowerTorso"] = CFrame.new(0.009888, -0.513724, 0.179904, -0.998227, -0.059379, -0.004145, -0.055877, 0.910804, 0.409041, -0.020513, 0.408547, -0.912507),
      ["RightUpperArm"] = CFrame.new(-0.002177, -0.606656, -0.055703, 0.980795, -0.029595, 0.192783, 0.141164, 0.789770, -0.596939, -0.134588, 0.612689, 0.778780),
      ["RightUpperLeg"] = CFrame.new(0.245341, -0.183181, -0.936731, 0.996504, -0.059204, -0.058944, 0.077909, 0.403837, 0.911508, -0.030162, -0.912913, 0.407038),
      ["рҹҢ§пёҸрҹҳірҹ‘»рҹҸіпёҸвҖҚрҹҢҲрҹҳӮрҹ’һрҹҸҙвҖҚвҳ пёҸрҹҺёрҹҢ§пёҸрҹҳірҹ‘»рҹҸіпёҸвҖҚрҹҢҲрҹҳӮрҹ’һрҹҸҙвҖҚвҳ"] = CFrame.new(-0.000000, -0.000000, 0.000000, 0.992466, 0.122518, 0.000000, -0.122518, 0.992466, -0.000000, -0.000000, 0.000000, 1.000000)
    }},
    { Time = 0.350, Data = {
      ["Head"] = CFrame.new(0.000000, 0.000000, 0.000000, 0.999335, -0.036346, -0.002767, 0.034512, 0.919028, 0.392678, -0.011730, -0.392512, 0.919672),
      ["LeftUpperArm"] = CFrame.new(-0.004367, -0.698403, -0.112159, 0.979182, -0.020485, -0.201946, -0.104422, 0.802312, -0.587700, 0.174062, 0.596553, 0.783471),
      ["LeftUpperLeg"] = CFrame.new(-0.191569, -0.173380, -0.779706, 0.887140, 0.455709, 0.072883, -0.393553, 0.664549, 0.635209, 0.241037, -0.592203, 0.768894),
      ["LowerTorso"] = CFrame.new(0.009903, -0.519926, 0.180167, -0.998223, -0.059453, -0.004137, -0.056017, 0.912308, 0.405654, -0.020343, 0.405165, -0.914017),
      ["RightUpperArm"] = CFrame.new(-0.002102, -0.601606, -0.056537, 0.980850, -0.029354, 0.192542, 0.140368, 0.791870, -0.594339, -0.135022, 0.609984, 0.780826),
      ["RightUpperLeg"] = CFrame.new(0.245468, -0.183967, -0.934555, 0.996517, -0.058855, -0.059080, 0.077731, 0.398953, 0.913671, -0.030204, -0.915080, 0.402139),
      ["рҹҢ§пёҸрҹҳірҹ‘»рҹҸіпёҸвҖҚрҹҢҲрҹҳӮрҹ’һрҹҸҙвҖҚвҳ пёҸрҹҺёрҹҢ§пёҸрҹҳірҹ‘»рҹҸіпёҸвҖҚрҹҢҲрҹҳӮрҹ’һрҹҸҙвҖҚвҳ"] = CFrame.new(0.000000, 0.000000, 0.000000, 0.992750, 0.120201, 0.000000, -0.120201, 0.992750, -0.000000, -0.000000, 0.000000, 1.000000)
    }},
    { Time = 0.367, Data = {
      ["Head"] = CFrame.new(0.000000, -0.000000, 0.000000, 0.999335, -0.036367, -0.002632, 0.034511, 0.920097, 0.390167, -0.011767, -0.389998, 0.920740),
      ["LeftUpperArm"] = CFrame.new(-0.004992, -0.693987, -0.113171, 0.979144, -0.020885, -0.202091, -0.103567, 0.804448, -0.584925, 0.174788, 0.593655, 0.785508),
      ["LeftUpperLeg"] = CFrame.new(-0.191678, -0.172685, -0.778182, 0.886922, 0.456297, 0.071846, -0.392163, 0.661632, 0.639102, 0.244084, -0.595009, 0.765759),
      ["LowerTorso"] = CFrame.new(0.009838, -0.525704, 0.180500, -0.998223, -0.059442, -0.004116, -0.056070, 0.913734, 0.402425, -0.020160, 0.401941, -0.915444),
      ["RightUpperArm"] = CFrame.new(-0.002030, -0.596917, -0.057325, 0.980919, -0.029122, 0.192224, 0.139555, 0.793850, -0.591884, -0.135361, 0.607416, 0.782766),
      ["RightUpperLeg"] = CFrame.new(0.245585, -0.184667, -0.932507, 0.996531, -0.058561, -0.059134, 0.077511, 0.394334, 0.915693, -0.030306, -0.917099, 0.397505),
      ["рҹҢ§пёҸрҹҳірҹ‘»рҹҸіпёҸвҖҚрҹҢҲрҹҳӮрҹ’һрҹҸҙвҖҚвҳ пёҸрҹҺёрҹҢ§пёҸрҹҳірҹ‘»рҹҸіпёҸвҖҚрҹҢҲрҹҳӮрҹ’һрҹҸҙвҖҚвҳ"] = CFrame.new(0.000000, -0.000000, 0.000000, 0.993058, 0.117625, 0.000000, -0.117625, 0.993058, -0.000000, -0.000000, 0.000000, 1.000000)
    }},
    { Time = 0.383, Data = {
      ["Head"] = CFrame.new(0.000000, 0.000000, -0.000000, 0.999335, -0.036371, -0.002576, 0.034529, 0.921296, 0.387327, -0.011714, -0.387158, 0.921939),
      ["LeftUpperArm"] = CFrame.new(-0.005530, -0.689981, -0.114081, 0.979115, -0.021132, -0.202206, -0.102878, 0.806351, -0.582421, 0.175357, 0.591059, 0.787336),
      ["LeftUpperLeg"] = CFrame.new(-0.191761, -0.172000, -0.776790, 0.886756, 0.456775, 0.070854, -0.390794, 0.658973, 0.642678, 0.246868, -0.597588, 0.762853),
      ["LowerTorso"] = CFrame.new(0.009777, -0.530937, 0.180775, -0.998224, -0.059431, -0.004106, -0.056120, 0.915007, 0.399516, -0.019986, 0.399037, -0.916717),
      ["RightUpperArm"] = CFrame.new(-0.001963, -0.592666, -0.058026, 0.980965, -0.028907, 0.192021, 0.138876, 0.795594, -0.589698, -0.135725, 0.605140, 0.784464),
      ["RightUpperLeg"] = CFrame.new(0.245695, -0.185358, -0.930662, 0.996536, -0.058307, -0.059292, 0.077417, 0.390165, 0.917485, -0.030362, -0.918897, 0.393328),
      ["рҹҢ§пёҸрҹҳірҹ‘»рҹҸіпёҸвҖҚрҹҢҲрҹҳӮрҹ’һрҹҸҙвҖҚвҳ пёҸрҹҺёрҹҢ§пёҸрҹҳірҹ‘»рҹҸіпёҸвҖҚрҹҢҲрҹҳӮрҹ’һрҹҸҙвҖҚвҳ"] = CFrame.new(0.000000, -0.000000, 0.000000, 0.993400, 0.114705, 0.000000, -0.114705, 0.993400, -0.000000, -0.000000, 0.000000, 1.000000)
    }},
    { Time = 0.400, Data = {
      ["Head"] = CFrame.new(0.000000, -0.000000, 0.000000, 0.999335, -0.036392, -0.002431, 0.034532, 0.922586, 0.384243, -0.011741, -0.384071, 0.923229),
      ["LeftUpperArm"] = CFrame.new(-0.006045, -0.686404, -0.114912, 0.979089, -0.021488, -0.202293, -0.102130, 0.808088, -0.580140, 0.175937, 0.588669, 0.788996),
      ["LeftUpperLeg"] = CFrame.new(-0.191854, -0.171422, -0.775550, 0.886570, 0.457264, 0.070022, -0.389638, 0.656553, 0.645848, 0.249350, -0.599873, 0.760248),
      ["LowerTorso"] = CFrame.new(0.009721, -0.535584, 0.181018, -0.998225, -0.059419, -0.004107, -0.056166, 0.916130, 0.396927, -0.019823, 0.396453, -0.917841),
      ["RightUpperArm"] = CFrame.new(-0.001919, -0.588879, -0.058659, 0.981018, -0.028773, 0.191769, 0.138268, 0.797160, -0.587723, -0.135959, 0.603082, 0.786007),
      ["RightUpperLeg"] = CFrame.new(0.245792, -0.185948, -0.928990, 0.996543, -0.058116, -0.059362, 0.077284, 0.386459, 0.919063, -0.030471, -0.920474, 0.389614),
      ["рҹҢ§пёҸрҹҳірҹ‘»рҹҸіпёҸвҖҚрҹҢҲрҹҳӮрҹ’һрҹҸҙвҖҚвҳ пёҸрҹҺёрҹҢ§пёҸрҹҳірҹ‘»рҹҸіпёҸвҖҚрҹҢҲрҹҳӮрҹ’һрҹҸҙвҖҚвҳ"] = CFrame.new(0.000000, -0.000000, 0.000000, 0.993771, 0.111440, 0.000000, -0.111440, 0.993771, -0.000000, -0.000000, 0.000000, 1.000000)
    }},
    { Time = 0.417, Data = {
      ["Head"] = CFrame.new(0.000000, 0.000000, 0.000000, 0.999334, -0.036413, -0.002279, 0.034537, 0.924000, 0.380829, -0.011761, -0.380655, 0.924643),
      ["LeftUpperArm"] = CFrame.new(-0.006464, -0.683320, -0.115616, 0.979073, -0.021701, -0.202349, -0.101558, 0.809544, -0.578208, 0.176358, 0.586658, 0.790399),
      ["LeftUpperLeg"] = CFrame.new(-0.191916, -0.170879, -0.774488, 0.886447, 0.457614, 0.069288, -0.388552, 0.654459, 0.648622, 0.251472, -0.601891, 0.757950),
      ["LowerTorso"] = CFrame.new(0.009670, -0.539611, 0.181255, -0.998226, -0.059407, -0.004118, -0.056208, 0.917107, 0.394659, -0.019669, 0.394190, -0.918819),
      ["RightUpperArm"] = CFrame.new(-0.001859, -0.585605, -0.059204, 0.981056, -0.028577, 0.191603, 0.137713, 0.798502, -0.586028, -0.136248, 0.601313, 0.787311),
      ["RightUpperLeg"] = CFrame.new(0.245872, -0.186418, -0.927571, 0.996557, -0.057868, -0.059369, 0.077087, 0.383226, 0.920432, -0.030512, -0.921840, 0.386368),
      ["рҹҢ§пёҸрҹҳірҹ‘»рҹҸіпёҸвҖҚрҹҢҲрҹҳӮрҹ’һрҹҸҙвҖҚвҳ пёҸрҹҺёрҹҢ§пёҸрҹҳірҹ‘»рҹҸіпёҸвҖҚрҹҢҲрҹҳӮрҹ’һрҹҸҙвҖҚвҳ"] = CFrame.new(0.000000, 0.000000, 0.000000, 0.994160, 0.107917, 0.000000, -0.107917, 0.994160, -0.000000, -0.000000, 0.000000, 1.000000)
    }},
    { Time = 0.433, Data = {
      ["Head"] = CFrame.new(-0.000000, -0.000000, 0.000000, 0.999334, -0.036434, -0.002124, 0.034543, 0.925467, 0.377249, -0.011779, -0.377071, 0.926109),
      ["LeftUpperArm"] = CFrame.new(-0.006812, -0.680745, -0.116213, 0.979053, -0.021868, -0.202428, -0.101098, 0.810779, -0.576555, 0.176733, 0.584943, 0.791585),
      ["LeftUpperLeg"] = CFrame.new(-0.191985, -0.170457, -0.773596, 0.886308, 0.457977, 0.068669, -0.387710, 0.652732, 0.650862, 0.253257, -0.603488, 0.756084),
      ["LowerTorso"] = CFrame.new(0.009625, -0.542952, 0.181426, -0.998226, -0.059394, -0.004142, -0.056245, 0.917905, 0.392794, -0.019527, 0.392331, -0.919617),
      ["RightUpperArm"] = CFrame.new(-0.001821, -0.582877, -0.059659, 0.981102, -0.028454, 0.191389, 0.137236, 0.799617, -0.584619, -0.136403, 0.599836, 0.788410),
      ["RightUpperLeg"] = CFrame.new(0.245945, -0.186869, -0.926348, 0.996557, -0.057781, -0.059453, 0.077042, 0.380546, 0.921547, -0.030624, -0.922955, 0.383687),
      ["рҹҢ§пёҸрҹҳірҹ‘»рҹҸіпёҸвҖҚрҹҢҲрҹҳӮрҹ’һрҹҸҙвҖҚвҳ пёҸрҹҺёрҹҢ§пёҸрҹҳірҹ‘»рҹҸіпёҸвҖҚрҹҢҲрҹҳӮрҹ’һрҹҸҙвҖҚвҳ"] = CFrame.new(-0.000000, 0.000000, 0.000000, 0.994554, 0.104221, 0.000000, -0.104221, 0.994554, -0.000000, -0.000000, 0.000000, 1.000000)
    }},
    { Time = 0.450, Data = {
      ["Head"] = CFrame.new(-0.000000, 0.000000, 0.000000, 0.999333, -0.036455, -0.001964, 0.034551, 0.927019, 0.373420, -0.011793, -0.373239, 0.927660),
      ["LeftUpperArm"] = CFrame.new(-0.007108, -0.678714, -0.116683, 0.979033, -0.022082, -0.202503, -0.100679, 0.811746, -0.575267, 0.177084, 0.583593, 0.792503),
      ["LeftUpperLeg"] = CFrame.new(-0.192038, -0.170132, -0.772915, 0.886202, 0.458247, 0.068234, -0.387061, 0.651358, 0.652623, 0.254618, -0.604766, 0.754604),
      ["LowerTorso"] = CFrame.new(0.009586, -0.545580, 0.181548, -0.998227, -0.059380, -0.004180, -0.056277, 0.918526, 0.391334, -0.019398, 0.390875, -0.920239),
      ["RightUpperArm"] = CFrame.new(-0.001788, -0.580722, -0.060021, 0.981124, -0.028350, 0.191288, 0.136892, 0.800504, -0.583484, -0.136585, 0.598656, 0.789275),
      ["RightUpperLeg"] = CFrame.new(0.245998, -0.187190, -0.925407, 0.996564, -0.057642, -0.059471, 0.076936, 0.378443, 0.922422, -0.030664, -0.923828, 0.381577),
      ["рҹҢ§пёҸрҹҳірҹ‘»рҹҸіпёҸвҖҚрҹҢҲрҹҳӮрҹ’һрҹҸҙвҖҚвҳ пёҸрҹҺёрҹҢ§пёҸрҹҳірҹ‘»рҹҸіпёҸвҖҚрҹҢҲрҹҳӮрҹ’һрҹҸҙвҖҚвҳ"] = CFrame.new(-0.000000, -0.000000, 0.000000, 0.994961, 0.100266, 0.000000, -0.100266, 0.994961, -0.000000, -0.000000, 0.000000, 1.000000)
    }},
    { Time = 0.467, Data = {
      ["Head"] = CFrame.new(-0.000000, 0.000000, 0.000000, 0.999336, -0.036374, -0.001872, 0.034490, 0.928557, 0.369585, -0.011705, -0.369404, 0.929195),
      ["LeftUpperArm"] = CFrame.new(-0.007300, -0.677248, -0.117021, 0.979023, -0.022152, -0.202544, -0.100437, 0.812440, -0.574329, 0.177278, 0.582624, 0.793172),
      ["LeftUpperLeg"] = CFrame.new(-0.192058, -0.169853, -0.772422, 0.886162, 0.458378, 0.067871, -0.386501, 0.650380, 0.653928, 0.255604, -0.605719, 0.753506),
      ["LowerTorso"] = CFrame.new(0.009570, -0.547477, 0.181639, -0.998227, -0.059382, -0.004146, -0.056289, 0.918974, 0.390280, -0.019366, 0.389821, -0.920687),
      ["RightUpperArm"] = CFrame.new(-0.001769, -0.579159, -0.060291, 0.981139, -0.028292, 0.191220, 0.136654, 0.801167, -0.582630, -0.136715, 0.597772, 0.789923),
      ["RightUpperLeg"] = CFrame.new(0.246037, -0.187435, -0.924770, 0.996570, -0.057473, -0.059543, 0.076887, 0.376913, 0.923052, -0.030608, -0.924464, 0.380039),
      ["рҹҢ§пёҸрҹҳірҹ‘»рҹҸіпёҸвҖҚрҹҢҲрҹҳӮрҹ’һрҹҸҙвҖҚвҳ пёҸрҹҺёрҹҢ§пёҸрҹҳірҹ‘»рҹҸіпёҸвҖҚрҹҢҲрҹҳӮрҹ’һрҹҸҙвҖҚвҳ"] = CFrame.new(-0.000000, -0.000000, 0.000000, 0.995360, 0.096224, 0.000000, -0.096224, 0.995360, -0.000000, -0.000000, 0.000000, 1.000000)
    }},
    { Time = 0.483, Data = {
      ["Head"] = CFrame.new(-0.000000, -0.000000, 0.000000, 0.999336, -0.036394, -0.001707, 0.034500, 0.930171, 0.365501, -0.011714, -0.365317, 0.930809),
      ["LeftUpperArm"] = CFrame.new(-0.007437, -0.676373, -0.117211, 0.979012, -0.022277, -0.202580, -0.100243, 0.812816, -0.573831, 0.177444, 0.582095, 0.793524),
      ["LeftUpperLeg"] = CFrame.new(-0.192085, -0.169698, -0.772096, 0.886108, 0.458519, 0.067621, -0.386193, 0.649781, 0.654706, 0.256256, -0.606255, 0.752852),
      ["LowerTorso"] = CFrame.new(0.009560, -0.548628, 0.181706, -0.998227, -0.059384, -0.004125, -0.056295, 0.919249, 0.389632, -0.019346, 0.389173, -0.920962),
      ["RightUpperArm"] = CFrame.new(-0.001761, -0.578219, -0.060450, 0.981147, -0.028272, 0.191184, 0.136529, 0.801552, -0.582130, -0.136786, 0.597257, 0.790300),
      ["RightUpperLeg"] = CFrame.new(0.246062, -0.187591, -0.924348, 0.996570, -0.057442, -0.059572, 0.076871, 0.375951, 0.923445, -0.030648, -0.924857, 0.379077),
      ["рҹҢ§пёҸрҹҳірҹ‘»рҹҸіпёҸвҖҚрҹҢҲрҹҳӮрҹ’һрҹҸҙвҖҚвҳ пёҸрҹҺёрҹҢ§пёҸрҹҳірҹ‘»рҹҸіпёҸвҖҚрҹҢҲрҹҳӮрҹ’һрҹҸҙвҖҚвҳ"] = CFrame.new(-0.000000, -0.000000, 0.000000, 0.995750, 0.092094, 0.000000, -0.092094, 0.995750, -0.000000, -0.000000, 0.000000, 1.000000)
    }},
    { Time = 0.500, Data = {
      ["Head"] = CFrame.new(0.000000, -0.000000, 0.000000, 0.999336, -0.036414, -0.001544, 0.034509, 0.931736, 0.361494, -0.011725, -0.361307, 0.932373),
      ["LeftUpperArm"] = CFrame.new(-0.007465, -0.676072, -0.117286, 0.979012, -0.022249, -0.202583, -0.100219, 0.812974, -0.573611, 0.177457, 0.581875, 0.793682),
      ["LeftUpperLeg"] = CFrame.new(-0.192090, -0.169658, -0.772020, 0.886099, 0.458535, 0.067630, -0.386113, 0.649540, 0.654992, 0.256408, -0.606501, 0.752603),
      ["LowerTorso"] = CFrame.new(0.009557, -0.549024, 0.181755, -0.998227, -0.059384, -0.004117, -0.056298, 0.919352, 0.389388, -0.019338, 0.388930, -0.921065),
      ["RightUpperArm"] = CFrame.new(-0.001744, -0.577909, -0.060497, 0.981155, -0.028208, 0.191155, 0.136435, 0.801667, -0.581993, -0.136826, 0.597105, 0.790408),
      ["RightUpperLeg"] = CFrame.new(0.246070, -0.187643, -0.924208, 0.996570, -0.057432, -0.059581, 0.076866, 0.375663, 0.923563, -0.030660, -0.924975, 0.378789),
      ["рҹҢ§пёҸрҹҳірҹ‘»рҹҸіпёҸвҖҚрҹҢҲрҹҳӮрҹ’һрҹҸҙвҖҚвҳ пёҸрҹҺёрҹҢ§пёҸрҹҳірҹ‘»рҹҸіпёҸвҖҚрҹҢҲрҹҳӮрҹ’һрҹҸҙвҖҚвҳ"] = CFrame.new(0.000000, -0.000000, 0.000000, 0.996124, 0.087963, 0.000000, -0.087963, 0.996124, -0.000000, -0.000000, 0.000000, 1.000000)
    }},
    { Time = 0.517, Data = {
      ["Head"] = CFrame.new(0.000000, -0.000000, 0.000000, 0.999335, -0.036433, -0.001379, 0.034519, 0.933314, 0.357399, -0.011734, -0.357209, 0.933951),
      ["LeftUpperArm"] = CFrame.new(-0.007437, -0.676373, -0.117211, 0.979012, -0.022277, -0.202580, -0.100243, 0.812816, -0.573831, 0.177444, 0.582095, 0.793524),
      ["LeftUpperLeg"] = CFrame.new(-0.192085, -0.169698, -0.772096, 0.886108, 0.458519, 0.067621, -0.386193, 0.649781, 0.654706, 0.256256, -0.606255, 0.752852),
      ["LowerTorso"] = CFrame.new(0.009560, -0.548628, 0.181706, -0.998227, -0.059384, -0.004125, -0.056295, 0.919249, 0.389632, -0.019346, 0.389173, -0.920962),
      ["RightUpperArm"] = CFrame.new(-0.001761, -0.578219, -0.060450, 0.981147, -0.028272, 0.191184, 0.136529, 0.801552, -0.582130, -0.136786, 0.597257, 0.790300),
      ["RightUpperLeg"] = CFrame.new(0.246062, -0.187591, -0.924348, 0.996570, -0.057442, -0.059572, 0.076871, 0.375951, 0.923445, -0.030648, -0.924857, 0.379077),
