return {
  ["Astros bounce on it 2"] = {
    { Time = 0.000, Data = {
      ["Head"] = CFrame.new(0.000000, 0.000000, 0.000000, 0.894730, -0.012945, 0.446419, 0.096629, 0.981514, -0.165206, -0.436028, 0.190952, 0.879441),
      ["LeftUpperArm"] = CFrame.new(0.052494, -0.467858, -0.230801, 0.981130, -0.049486, -0.186909, -0.132291, 0.533179, -0.835595, 0.141006, 0.844554, 0.516571),
      ["LeftUpperLeg"] = CFrame.new(-0.054086, 0.052643, -0.807777, 0.845773, 0.466624, 0.258708, -0.501575, 0.860693, 0.087350, -0.181909, -0.203639, 0.961998),
      ["LowerTorso"] = CFrame.new(0.000042, -0.648673, -1.301886, 1.000000, -0.000000, 0.000000, 0.000000, 0.500736, 0.865600, -0.000000, -0.865600, 0.500736),
      ["RightUpperArm"] = CFrame.new(-0.052494, -0.467858, -0.230801, 0.981130, 0.049486, 0.186909, 0.132291, 0.533179, -0.835595, -0.141006, 0.844554, 0.516571),
      ["RightUpperLeg"] = CFrame.new(0.054091, 0.052641, -0.807776, 0.845773, -0.466624, -0.258708, 0.501575, 0.860693, 0.087350, 0.181909, -0.203639, 0.961998),
      ["рҹҢ§пёҸрҹҳірҹ‘»рҹҸіпёҸвҖҚрҹҢҲрҹҳӮрҹ’һрҹҸҙвҖҚвҳ пёҸрҹҺёрҹҢ§пёҸрҹҳірҹ‘»рҹҸіпёҸвҖҚрҹҢҲрҹҳӮрҹ’һрҹҸҙвҖҚвҳ"] = CFrame.new(0.000010, 0.000005, -0.000006, 0.992311, 0.120862, -0.026667, -0.119632, 0.991856, 0.043712, 0.031733, -0.040185, 0.998688)
    }},
    { Time = 0.017, Data = {
      ["Head"] = CFrame.new(0.000000, -0.000000, 0.000000, 0.894740, -0.012659, 0.446408, 0.096578, 0.981429, -0.165743, -0.436019, 0.191410, 0.879346),
      ["LeftUpperArm"] = CFrame.new(0.052481, -0.467793, -0.230844, 0.981134, -0.049552, -0.186870, -0.132209, 0.533266, -0.835552, 0.141054, 0.844495, 0.516655),
      ["LeftUpperLeg"] = CFrame.new(-0.054086, 0.052699, -0.807824, 0.845773, 0.466613, 0.258729, -0.501583, 0.860680, 0.087432, -0.181886, -0.203721, 0.961985),
      ["LowerTorso"] = CFrame.new(0.000042, -0.648738, -1.301762, 1.000000, -0.000000, 0.000000, 0.000000, 0.500736, 0.865600, -0.000000, -0.865600, 0.500736),
      ["RightUpperArm"] = CFrame.new(-0.052481, -0.467789, -0.230828, 0.981134, 0.049552, 0.186870, 0.132209, 0.533266, -0.835552, -0.141054, 0.844495, 0.516655),
      ["RightUpperLeg"] = CFrame.new(0.054091, 0.052697, -0.807824, 0.845773, -0.466613, -0.258729, 0.501583, 0.860680, 0.087432, 0.181886, -0.203721, 0.961985),
      ["рҹҢ§пёҸрҹҳірҹ‘»рҹҸіпёҸвҖҚрҹҢҲрҹҳӮрҹ’һрҹҸҙвҖҚвҳ пёҸрҹҺёрҹҢ§пёҸрҹҳірҹ‘»рҹҸіпёҸвҖҚрҹҢҲрҹҳӮрҹ’һрҹҸҙвҖҚвҳ"] = CFrame.new(0.000010, 0.000002, -0.000007, 0.992355, 0.120515, -0.026599, -0.119293, 0.991904, 0.043530, 0.031630, -0.040024, 0.998698)
    }},
    { Time = 0.033, Data = {
      ["Head"] = CFrame.new(0.000000, 0.000000, 0.000000, 0.894755, -0.012090, 0.446394, 0.096638, 0.981188, -0.167129, -0.435976, 0.192678, 0.879091),
      ["LeftUpperArm"] = CFrame.new(0.052510, -0.467480, -0.231052, 0.981134, -0.049543, -0.186872, -0.132202, 0.533350, -0.835500, 0.141061, 0.844443, 0.516738),
      ["LeftUpperLeg"] = CFrame.new(-0.054078, 0.053055, -0.808015, 0.845789, 0.466624, 0.258657, -0.501714, 0.860531, 0.088145, -0.181452, -0.204324, 0.961939),
      ["LowerTorso"] = CFrame.new(0.000042, -0.649624, -1.301141, 1.000000, -0.000000, 0.000000, 0.000000, 0.501167, 0.865350, -0.000000, -0.865350, 0.501167),
      ["RightUpperArm"] = CFrame.new(-0.052491, -0.467444, -0.230923, 0.981138, 0.049618, 0.186831, 0.132127, 0.533354, -0.835509, -0.141103, 0.844436, 0.516738),
      ["RightUpperLeg"] = CFrame.new(0.054083, 0.053053, -0.808015, 0.845789, -0.466624, -0.258657, 0.501714, 0.860531, 0.088145, 0.181452, -0.204324, 0.961939),
      ["рҹҢ§пёҸрҹҳірҹ‘»рҹҸіпёҸвҖҚрҹҢҲрҹҳӮрҹ’һрҹҸҙвҖҚвҳ пёҸрҹҺёрҹҢ§пёҸрҹҳірҹ‘»рҹҸіпёҸвҖҚрҹҢҲрҹҳӮрҹ’һрҹҸҙвҖҚвҳ"] = CFrame.new(0.000010, 0.000002, -0.000007, 0.992510, 0.119302, -0.026302, -0.118105, 0.992063, 0.043149, 0.031241, -0.039719, 0.998722)
    }},
    { Time = 0.050, Data = {
      ["Head"] = CFrame.new(0.000000, -0.000000, 0.000000, 0.894749, -0.010939, 0.446435, 0.096605, 0.980770, -0.169583, -0.435995, 0.194862, 0.878600),
      ["LeftUpperArm"] = CFrame.new(0.052576, -0.466578, -0.231649, 0.981138, -0.049571, -0.186843, -0.132092, 0.533770, -0.835249, 0.141136, 0.844175, 0.517154),
      ["LeftUpperLeg"] = CFrame.new(-0.054072, 0.054043, -0.808662, 0.845801, 0.466568, 0.258720, -0.502027, 0.860152, 0.090042, -0.180528, -0.206042, 0.961747),
      ["LowerTorso"] = CFrame.new(0.000042, -0.651978, -1.299428, 1.000000, -0.000000, 0.000000, 0.000000, 0.502288, 0.864701, -0.000000, -0.864701, 0.502288),
      ["RightUpperArm"] = CFrame.new(-0.052506, -0.466459, -0.231214, 0.981134, 0.049839, 0.186793, 0.131908, 0.533782, -0.835270, -0.141335, 0.844152, 0.517138),
      ["RightUpperLeg"] = CFrame.new(0.054077, 0.054041, -0.808661, 0.845801, -0.466568, -0.258720, 0.502027, 0.860152, 0.090042, 0.180528, -0.206042, 0.961747),
      ["рҹҢ§пёҸрҹҳірҹ‘»рҹҸіпёҸвҖҚрҹҢҲрҹҳӮрҹ’һрҹҸҙвҖҚвҳ пёҸрҹҺёрҹҢ§пёҸрҹҳірҹ‘»рҹҸіпёҸвҖҚрҹҢҲрҹҳӮрҹ’һрҹҸҙвҖҚвҳ"] = CFrame.new(0.000010, 0.000002, -0.000007, 0.992746, 0.117396, -0.025953, -0.116236, 0.992316, 0.042410, 0.030732, -0.039086, 0.998763)
    }},
    { Time = 0.067, Data = {
      ["Head"] = CFrame.new(0.000000, -0.000000, 0.000000, 0.894753, -0.009403, 0.446463, 0.096618, 0.980174, -0.172988, -0.435985, 0.197918, 0.877921),
      ["LeftUpperArm"] = CFrame.new(0.052693, -0.464838, -0.232804, 0.981167, -0.049672, -0.186667, -0.131762, 0.534531, -0.834814, 0.141246, 0.843688, 0.517920),
      ["LeftUpperLeg"] = CFrame.new(-0.054073, 0.055932, -0.809873, 0.845800, 0.466565, 0.258728, -0.502706, 0.859367, 0.093681, -0.178634, -0.209299, 0.961397),
      ["LowerTorso"] = CFrame.new(0.000041, -0.656532, -1.296079, 1.000000, -0.000000, 0.000000, 0.000000, 0.504438, 0.863448, -0.000000, -0.863448, 0.504438),
      ["RightUpperArm"] = CFrame.new(-0.052552, -0.464558, -0.231770, 0.981159, 0.050206, 0.186567, 0.131394, 0.534556, -0.834857, -0.141645, 0.843641, 0.517887),
      ["RightUpperLeg"] = CFrame.new(0.054078, 0.055930, -0.809872, 0.845800, -0.466565, -0.258728, 0.502706, 0.859367, 0.093681, 0.178634, -0.209299, 0.961397),
      ["рҹҢ§пёҸрҹҳірҹ‘»рҹҸіпёҸвҖҚрҹҢҲрҹҳӮрҹ’һрҹҸҙвҖҚвҳ пёҸрҹҺёрҹҢ§пёҸрҹҳірҹ‘»рҹҸіпёҸвҖҚрҹҢҲрҹҳӮрҹ’һрҹҸҙвҖҚвҳ"] = CFrame.new(0.000010, 0.000002, -0.000007, 0.993075, 0.114708, -0.025375, -0.113603, 0.992664, 0.041388, 0.029937, -0.038219, 0.998821)
    }},
    { Time = 0.083, Data = {
      ["Head"] = CFrame.new(0.000000, 0.000000, 0.000000, 0.894730, -0.007408, 0.446546, 0.096583, 0.979411, -0.177274, -0.436039, 0.201741, 0.877024),
      ["LeftUpperArm"] = CFrame.new(0.052896, -0.461967, -0.234708, 0.981199, -0.049792, -0.186464, -0.131315, 0.535795, -0.834074, 0.141436, 0.842879, 0.519183),
      ["LeftUpperLeg"] = CFrame.new(-0.054083, 0.059026, -0.811831, 0.845779, 0.466634, 0.258671, -0.503865, 0.858013, 0.099668, -0.175434, -0.214633, 0.960810),
      ["LowerTorso"] = CFrame.new(0.000041, -0.664010, -1.290557, 1.000000, -0.000000, 0.000000, 0.000000, 0.507955, 0.861383, -0.000000, -0.861383, 0.507955),
      ["RightUpperArm"] = CFrame.new(-0.052582, -0.461440, -0.232678, 0.981170, 0.050987, 0.186296, 0.130552, 0.535763, -0.834215, -0.142344, 0.842827, 0.519018),
      ["RightUpperLeg"] = CFrame.new(0.054088, 0.059024, -0.811830, 0.845779, -0.466634, -0.258671, 0.503865, 0.858013, 0.099668, 0.175434, -0.214633, 0.960810),
      ["рҹҢ§пёҸрҹҳірҹ‘»рҹҸіпёҸвҖҚрҹҢҲрҹҳӮрҹ’һрҹҸҙвҖҚвҳ пёҸрҹҺёрҹҢ§пёҸрҹҳірҹ‘»рҹҸіпёҸвҖҚрҹҢҲрҹҳӮрҹ’һрҹҸҙвҖҚвҳ"] = CFrame.new(0.000010, 0.000002, -0.000007, 0.993495, 0.111157, -0.024740, -0.110116, 0.993110, 0.040095, 0.029027, -0.037110, 0.998890)
    }},
    { Time = 0.100, Data = {
      ["Head"] = CFrame.new(-0.000000, 0.000000, 0.000000, 0.894755, -0.005015, 0.446530, 0.096608, 0.978431, -0.182593, -0.435982, 0.206514, 0.875940),
      ["LeftUpperArm"] = CFrame.new(0.053196, -0.457672, -0.237559, 0.981240, -0.049989, -0.186199, -0.130662, 0.537727, -0.832933, 0.141761, 0.841636, 0.521108),
      ["LeftUpperLeg"] = CFrame.new(-0.054083, 0.063704, -0.814796, 0.845779, 0.466608, 0.258717, -0.505472, 0.855973, 0.108667, -0.170749, -0.222682, 0.959821),
      ["LowerTorso"] = CFrame.new(0.000041, -0.675129, -1.282332, 1.000000, -0.000000, 0.000000, 0.000000, 0.513165, 0.858290, -0.000000, -0.858290, 0.513165),
      ["RightUpperArm"] = CFrame.new(-0.052668, -0.456767, -0.234045, 0.981196, 0.051995, 0.185881, 0.129351, 0.537648, -0.833189, -0.143260, 0.841565, 0.520812),
      ["RightUpperLeg"] = CFrame.new(0.054088, 0.063702, -0.814795, 0.845779, -0.466608, -0.258717, 0.505472, 0.855973, 0.108667, 0.170749, -0.222682, 0.959821),
      ["рҹҢ§пёҸрҹҳірҹ‘»рҹҸіпёҸвҖҚрҹҢҲрҹҳӮрҹ’һрҹҸҙвҖҚвҳ пёҸрҹҺёрҹҢ§пёҸрҹҳірҹ‘»рҹҸіпёҸвҖҚрҹҢҲрҹҳӮрҹ’һрҹҸҙвҖҚвҳ"] = CFrame.new(0.000010, 0.000002, -0.000007, 0.993982, 0.106910, -0.023870, -0.105947, 0.993625, 0.038523, 0.027836, -0.035762, 0.998973)
    }},
    { Time = 0.117, Data = {
      ["Head"] = CFrame.new(-0.000000, 0.000000, 0.000000, 0.894752, -0.002143, 0.446558, 0.096604, 0.977238, -0.188872, -0.435989, 0.212133, 0.874593),
      ["LeftUpperArm"] = CFrame.new(0.053616, -0.451682, -0.241538, 0.981288, -0.050254, -0.185874, -0.129794, 0.540408, -0.831332, 0.142226, 0.839901, 0.523773),
      ["LeftUpperLeg"] = CFrame.new(-0.054081, 0.070253, -0.818870, 0.845783, 0.466621, 0.258682, -0.507669, 0.852981, 0.121227, -0.164083, -0.233856, 0.958326),
      ["LowerTorso"] = CFrame.new(0.000041, -0.690674, -1.270942, 1.000000, -0.000000, 0.000000, 0.000000, 0.520463, 0.853884, -0.000000, -0.853884, 0.520463),
      ["RightUpperArm"] = CFrame.new(-0.052765, -0.450240, -0.235962, 0.981229, 0.053490, 0.185279, 0.127599, 0.540297, -0.831744, -0.144596, 0.839772, 0.523330),
      ["RightUpperLeg"] = CFrame.new(0.054086, 0.070251, -0.818869, 0.845783, -0.466621, -0.258682, 0.507669, 0.852981, 0.121227, 0.164083, -0.233856, 0.958326),
      ["рҹҢ§пёҸрҹҳірҹ‘»рҹҸіпёҸвҖҚрҹҢҲрҹҳӮрҹ’һрҹҸҙвҖҚвҳ пёҸрҹҺёрҹҢ§пёҸрҹҳірҹ‘»рҹҸіпёҸвҖҚрҹҢҲрҹҳӮрҹ’һрҹҸҙвҖҚвҳ"] = CFrame.new(0.000010, 0.000002, -0.000007, 0.994545, 0.101796, -0.022768, -0.100925, 0.994221, 0.036587, 0.026361, -0.034089, 0.999071)
    }},
    { Time = 0.133, Data = {
      ["Head"] = CFrame.new(-0.000000, 0.000000, 0.000000, 0.894756, 0.001095, 0.446555, 0.096630, 0.975829, -0.196010, -0.435976, 0.218532, 0.873023),
      ["LeftUpperArm"] = CFrame.new(0.054174, -0.443727, -0.246827, 0.981363, -0.050615, -0.185378, -0.128587, 0.543917, -0.829229, 0.142801, 0.837611, 0.527271),
      ["LeftUpperLeg"] = CFrame.new(-0.054084, 0.079046, -0.824324, 0.845777, 0.466620, 0.258704, -0.510441, 0.848796, 0.137820, -0.155277, -0.248618, 0.956074),
      ["LowerTorso"] = CFrame.new(0.000040, -0.711320, -1.255894, 1.000000, -0.000000, 0.000000, 0.000000, 0.530136, 0.847913, -0.000000, -0.847913, 0.530136),
      ["RightUpperArm"] = CFrame.new(-0.052896, -0.441587, -0.238498, 0.981267, 0.055475, 0.184493, 0.125292, 0.543702, -0.829874, -0.146346, 0.837443, 0.526566),
      ["RightUpperLeg"] = CFrame.new(0.054089, 0.079043, -0.824323, 0.845777, -0.466620, -0.258704, 0.510441, 0.848796, 0.137820, 0.155277, -0.248618, 0.956074),
      ["рҹҢ§пёҸрҹҳірҹ‘»рҹҸіпёҸвҖҚрҹҢҲрҹҳӮрҹ’һрҹҸҙвҖҚвҳ пёҸрҹҺёрҹҢ§пёҸрҹҳірҹ‘»рҹҸіпёҸвҖҚрҹҢҲрҹҳӮрҹ’һрҹҸҙвҖҚвҳ"] = CFrame.new(0.000010, 0.000002, -0.000007, 0.995148, 0.095989, -0.021590, -0.095214, 0.994860, 0.034473, 0.024788, -0.032250, 0.999172)
    }},
    { Time = 0.150, Data = {
      ["Head"] = CFrame.new(0.000000, 0.000000, 0.000000, 0.894730, 0.004834, 0.446582, 0.096650, 0.974150, -0.204184, -0.436025, 0.225851, 0.871133),
      ["LeftUpperArm"] = CFrame.new(0.054896, -0.433515, -0.253624, 0.981465, -0.051053, -0.184718, -0.127027, 0.548406, -0.826508, 0.143496, 0.834652, 0.531756),
      ["LeftUpperLeg"] = CFrame.new(-0.054072, 0.090472, -0.831290, 0.845801, 0.466577, 0.258702, -0.513727, 0.843082, 0.159054, -0.143896, -0.267430, 0.952772),
      ["LowerTorso"] = CFrame.new(0.000040, -0.737632, -1.236670, 1.000000, -0.000000, 0.000000, 0.000000, 0.542356, 0.840149, -0.000000, -0.840149, 0.542356),
      ["RightUpperArm"] = CFrame.new(-0.053092, -0.430449, -0.241780, 0.981304, 0.057914, 0.183541, 0.122395, 0.548178, -0.827358, -0.148529, 0.834354, 0.530841),
      ["RightUpperLeg"] = CFrame.new(0.054077, 0.090469, -0.831289, 0.845801, -0.466577, -0.258702, 0.513727, 0.843082, 0.159054, 0.143896, -0.267430, 0.952772),
      ["рҹҢ§пёҸрҹҳірҹ‘»рҹҸіпёҸвҖҚрҹҢҲрҹҳӮрҹ’һрҹҸҙвҖҚвҳ пёҸрҹҺёрҹҢ§пёҸрҹҳірҹ‘»рҹҸіпёҸвҖҚрҹҢҲрҹҳӮрҹ’һрҹҸҙвҖҚвҳ"] = CFrame.new(0.000010, 0.000002, -0.000007, 0.995790, 0.089403, -0.020256, -0.088729, 0.995541, 0.032005, 0.023027, -0.030073, 0.999282)
    }},
    { Time = 0.167, Data = {
      ["Head"] = CFrame.new(0.000000, 0.000000, 0.000000, 0.894751, 0.009033, 0.446474, 0.096628, 0.972193, -0.213315, -0.435986, 0.234005, 0.868998),
      ["LeftUpperArm"] = CFrame.new(0.055777, -0.420781, -0.262115, 0.981579, -0.051681, -0.183932, -0.125070, 0.553946, -0.823105, 0.144427, 0.830947, 0.537279),
      ["LeftUpperLeg"] = CFrame.new(-0.054084, 0.104867, -0.839911, 0.845774, 0.466613, 0.258724, -0.517579, 0.835274, 0.185549, -0.129526, -0.290843, 0.947963),
      ["LowerTorso"] = CFrame.new(0.000039, -0.770461, -1.212995, 1.000000, -0.000000, 0.000000, 0.000000, 0.557588, 0.830118, -0.000000, -0.830118, 0.557588),
      ["RightUpperArm"] = CFrame.new(-0.053283, -0.416574, -0.245876, 0.981331, 0.061166, 0.182342, 0.118649, 0.553633, -0.824265, -0.151367, 0.830512, 0.536040),
      ["RightUpperLeg"] = CFrame.new(0.054089, 0.104864, -0.839910, 0.845774, -0.466613, -0.258724, 0.517579, 0.835274, 0.185549, 0.129526, -0.290843, 0.947963),
      ["рҹҢ§пёҸрҹҳірҹ‘»рҹҸіпёҸвҖҚрҹҢҲрҹҳӮрҹ’һрҹҸҙвҖҚвҳ пёҸрҹҺёрҹҢ§пёҸрҹҳірҹ‘»рҹҸіпёҸвҖҚрҹҢҲрҹҳӮрҹ’һрҹҸҙвҖҚвҳ"] = CFrame.new(0.000010, 0.000002, -0.000007, 0.996455, 0.082035, -0.018669, -0.081470, 0.996246, 0.029270, 0.021000, -0.027646, 0.999397)
    }},
    { Time = 0.183, Data = {
      ["Head"] = CFrame.new(0.000000, -0.000000, 0.000000, 0.894736, 0.013609, 0.446389, 0.096647, 0.969950, -0.223287, -0.436013, 0.242925, 0.866533),
      ["LeftUpperArm"] = CFrame.new(0.056876, -0.405215, -0.272511, 0.981718, -0.052359, -0.182996, -0.122727, 0.560755, -0.818835, 0.145490, 0.826324, 0.544078),
      ["LeftUpperLeg"] = CFrame.new(-0.054079, 0.122760, -0.850384, 0.845785, 0.466588, 0.258734, -0.521665, 0.824910, 0.217689, -0.111861, -0.319091, 0.941099),
      ["LowerTorso"] = CFrame.new(0.000038, -0.810195, -1.184375, 1.000000, -0.000000, 0.000000, 0.000000, 0.575828, 0.817571, -0.000000, -0.817571, 0.575828),
      ["RightUpperArm"] = CFrame.new(-0.053558, -0.399632, -0.250895, 0.981363, 0.064975, 0.180847, 0.114092, 0.560277, -0.820410, -0.154631, 0.825753, 0.542422),
      ["RightUpperLeg"] = CFrame.new(0.054084, 0.122756, -0.850383, 0.845785, -0.466588, -0.258734, 0.521665, 0.824910, 0.217689, 0.111861, -0.319091, 0.941099),
      ["рҹҢ§пёҸрҹҳірҹ‘»рҹҸіпёҸвҖҚрҹҢҲрҹҳӮрҹ’һрҹҸҙвҖҚвҳ пёҸрҹҺёрҹҢ§пёҸрҹҳірҹ‘»рҹҸіпёҸвҖҚрҹҢҲрҹҳӮрҹ’һрҹҸҙвҖҚвҳ"] = CFrame.new(0.000010, 0.000002, -0.000008, 0.997129, 0.073804, -0.016907, -0.073344, 0.996958, 0.026361, 0.018801, -0.025046, 0.999510)
    }},
    { Time = 0.200, Data = {
      ["Head"] = CFrame.new(-0.000000, 0.000000, 0.000000, 0.894725, 0.018675, 0.446227, 0.096654, 0.967351, -0.234284, -0.436033, 0.252750, 0.863709),
      ["LeftUpperArm"] = CFrame.new(0.058178, -0.386555, -0.285004, 0.981886, -0.053235, -0.181839, -0.119837, 0.568889, -0.813637, 0.146760, 0.820690, 0.552205),
      ["LeftUpperLeg"] = CFrame.new(-0.054077, 0.144604, -0.862831, 0.845788, 0.466616, 0.258674, -0.525797, 0.811212, 0.255875, -0.090445, -0.352426, 0.931459),
      ["LowerTorso"] = CFrame.new(0.000038, -0.857557, -1.150634, 1.000000, -0.000000, 0.000000, 0.000000, 0.597411, 0.801935, -0.000000, -0.801935, 0.597411),
      ["RightUpperArm"] = CFrame.new(-0.053881, -0.379336, -0.256933, 0.981359, 0.069574, 0.179149, 0.108631, 0.568156, -0.815720, -0.158537, 0.819975, 0.550007),
      ["RightUpperLeg"] = CFrame.new(0.054082, 0.144599, -0.862830, 0.845788, -0.466616, -0.258674, 0.525797, 0.811212, 0.255875, 0.090445, -0.352426, 0.931459),
      ["рҹҢ§пёҸрҹҳірҹ‘»рҹҸіпёҸвҖҚрҹҢҲрҹҳӮрҹ’һрҹҸҙвҖҚвҳ пёҸрҹҺёрҹҢ§пёҸрҹҳірҹ‘»рҹҸіпёҸвҖҚрҹҢҲрҹҳӮрҹ’һрҹҸҙвҖҚвҳ"] = CFrame.new(0.000010, 0.000003, -0.000008, 0.997781, 0.064879, -0.014969, -0.064524, 0.997649, 0.023111, 0.016433, -0.022094, 0.999621)
    }},
    { Time = 0.217, Data = {
      ["Head"] = CFrame.new(-0.000000, -0.000000, 0.000000, 0.894757, 0.024179, 0.445898, 0.096601, 0.964409, -0.246139, -0.435979, 0.263309, 0.860576),
      ["LeftUpperArm"] = CFrame.new(0.059662, -0.365426, -0.299186, 0.982074, -0.054200, -0.180534, -0.116576, 0.577983, -0.807679, 0.148122, 0.814247, 0.561304),
      ["LeftUpperLeg"] = CFrame.new(-0.054082, 0.169901, -0.876876, 0.845778, 0.466630, 0.258682, -0.529436, 0.794021, 0.298709, -0.066012, -0.389597, 0.918616),
      ["LowerTorso"] = CFrame.new(0.000036, -0.910675, -1.112989, 1.000000, -0.000000, 0.000000, 0.000000, 0.621290, 0.783580, -0.000000, -0.783580, 0.621290),
      ["RightUpperArm"] = CFrame.new(-0.054215, -0.356326, -0.263824, 0.981302, 0.074913, 0.177300, 0.102345, 0.577058, -0.810265, -0.163011, 0.813260, 0.558601),
      ["RightUpperLeg"] = CFrame.new(0.054087, 0.169896, -0.876875, 0.845778, -0.466630, -0.258682, 0.529436, 0.794021, 0.298709, 0.066012, -0.389597, 0.918616),
      ["рҹҢ§пёҸрҹҳірҹ‘»рҹҸіпёҸвҖҚрҹҢҲрҹҳӮрҹ’һрҹҸҙвҖҚвҳ пёҸрҹҺёрҹҢ§пёҸрҹҳірҹ‘»рҹҸіпёҸвҖҚрҹҢҲрҹҳӮрҹ’һрҹҸҙвҖҚвҳ"] = CFrame.new(0.000010, 0.000003, -0.000008, 0.998394, 0.055177, -0.012846, -0.054921, 0.998300, 0.019523, 0.013902, -0.018786, 0.999727)
    }},
    { Time = 0.233, Data = {
      ["Head"] = CFrame.new(0.000000, 0.000000, 0.000000, 0.894748, 0.030080, 0.445558, 0.096613, 0.961061, -0.258896, -0.435996, 0.274693, 0.857001),
      ["LeftUpperArm"] = CFrame.new(0.060956, -0.346810, -0.311716, 0.982231, -0.055109, -0.179401, -0.113670, 0.585947, -0.802337, 0.149335, 0.808473, 0.569271),
      ["LeftUpperLeg"] = CFrame.new(-0.054073, 0.192700, -0.889229, 0.845793, 0.466607, 0.258673, -0.531659, 0.777519, 0.335862, -0.044407, -0.421595, 0.905696),
      ["LowerTorso"] = CFrame.new(0.000035, -0.957124, -1.080456, 1.000000, -0.000000, 0.000000, 0.000000, 0.641960, 0.766738, -0.000000, -0.766738, 0.641960),
      ["RightUpperArm"] = CFrame.new(-0.054529, -0.336067, -0.269917, 0.981225, 0.079544, 0.175701, 0.096807, 0.584796, -0.805383, -0.166813, 0.807271, 0.566116),
      ["RightUpperLeg"] = CFrame.new(0.054078, 0.192694, -0.889227, 0.845793, -0.466607, -0.258673, 0.531659, 0.777519, 0.335862, 0.044407, -0.421595, 0.905696),
      ["рҹҢ§пёҸрҹҳірҹ‘»рҹҸіпёҸвҖҚрҹҢҲрҹҳӮрҹ’һрҹҸҙвҖҚвҳ пёҸрҹҺёрҹҢ§пёҸрҹҳірҹ‘»рҹҸіпёҸвҖҚрҹҢҲрҹҳӮрҹ’һрҹҸҙвҖҚвҳ"] = CFrame.new(0.000009, 0.000003, -0.000008, 0.998950, 0.044613, -0.010441, -0.044445, 0.998887, 0.015774, 0.011133, -0.015293, 0.999821)
    }},
    { Time = 0.250, Data = {
      ["Head"] = CFrame.new(0.000000, -0.000000, 0.000000, 0.894737, 0.036450, 0.445103, 0.096598, 0.957274, -0.272571, -0.436021, 0.286876, 0.852988),
      ["LeftUpperArm"] = CFrame.new(0.062024, -0.331292, -0.322185, 0.982356, -0.055903, -0.178469, -0.111218, 0.592576, -0.797800, 0.150356, 0.803572, 0.575903),
      ["LeftUpperLeg"] = CFrame.new(-0.054075, 0.212030, -0.899472, 0.845789, 0.466609, 0.258684, -0.532870, 0.762705, 0.366512, -0.026282, -0.447836, 0.893729),
      ["LowerTorso"] = CFrame.new(0.000035, -0.995436, -1.053689, 1.000000, -0.000000, 0.000000, 0.000000, 0.658778, 0.752337, -0.000000, -0.752337, 0.658778),
      ["RightUpperArm"] = CFrame.new(-0.054770, -0.319194, -0.275016, 0.981143, 0.083486, 0.174320, 0.092058, 0.591179, -0.801270, -0.169949, 0.802208, 0.572345),
      ["RightUpperLeg"] = CFrame.new(0.054080, 0.212023, -0.899470, 0.845789, -0.466609, -0.258684, 0.532870, 0.762705, 0.366512, 0.026282, -0.447836, 0.893729),
      ["рҹҢ§пёҸрҹҳірҹ‘»рҹҸіпёҸвҖҚрҹҢҲрҹҳӮрҹ’һрҹҸҙвҖҚвҳ пёҸрҹҺёрҹҢ§пёҸрҹҳірҹ‘»рҹҸіпёҸвҖҚрҹҢҲрҹҳӮрҹ’һрҹҸҙвҖҚвҳ"] = CFrame.new(0.000009, 0.000003, -0.000008, 0.999412, 0.033362, -0.007919, -0.033268, 0.999377, 0.011787, 0.008307, -0.011516, 0.999899)
    }},
    { Time = 0.267, Data = {
      ["Head"] = CFrame.new(-0.000000, -0.000000, 0.000000, 0.894755, 0.042804, 0.444501, 0.096579, 0.953288, -0.286207, -0.435988, 0.299015, 0.848825),
      ["LeftUpperArm"] = CFrame.new(0.062893, -0.318614, -0.330754, 0.982451, -0.056578, -0.177731, -0.109224, 0.597901, -0.794093, 0.151193, 0.799570, 0.581229),
      ["LeftUpperLeg"] = CFrame.new(-0.054077, 0.228085, -0.907871, 0.845783, 0.466609, 0.258702, -0.533403, 0.749952, 0.391219, -0.011468, -0.468879, 0.883188),
      ["LowerTorso"] = CFrame.new(0.000034, -1.026587, -1.032071, 1.000000, -0.000000, 0.000000, 0.000000, 0.672332, 0.740249, -0.000000, -0.740249, 0.672332),
      ["RightUpperArm"] = CFrame.new(-0.054977, -0.305380, -0.279209, 0.981054, 0.086677, 0.173263, 0.088210, 0.596403, -0.797824, -0.172487, 0.797992, 0.577458),
      ["RightUpperLeg"] = CFrame.new(0.054082, 0.228077, -0.907868, 0.845783, -0.466609, -0.258702, 0.533403, 0.749952, 0.391219, 0.011468, -0.468879, 0.883188),
      ["рҹҢ§пёҸрҹҳірҹ‘»рҹҸіпёҸвҖҚрҹҢҲрҹҳӮрҹ’һрҹҸҙвҖҚвҳ пёҸрҹҺёрҹҢ§пёҸрҹҳірҹ‘»рҹҸіпёҸвҖҚрҹҢҲрҹҳӮрҹ’һрҹҸҙвҖҚвҳ"] = CFrame.new(0.000009, 0.000003, -0.000008, 0.999741, 0.022117, -0.005267, -0.022076, 0.999726, 0.007741, 0.005436, -0.007623, 0.999956)
    }},
    { Time = 0.283, Data = {
      ["Head"] = CFrame.new(-0.000000, -0.000000, 0.000000, 0.894756, 0.048687, 0.443893, 0.096602, 0.949398, -0.298851, -0.435981, 0.310280, 0.844776),
      ["LeftUpperArm"] = CFrame.new(0.063603, -0.308458, -0.337628, 0.982534, -0.057063, -0.177116, -0.107629, 0.602180, -0.791072, 0.151797, 0.796318, 0.585521),
      ["LeftUpperLeg"] = CFrame.new(-0.054072, 0.241101, -0.914604, 0.845794, 0.466584, 0.258711, -0.533510, 0.739350, 0.410767, 0.000379, -0.485449, 0.874265),
      ["LowerTorso"] = CFrame.new(0.000034, -1.051352, -1.014918, 1.000000, -0.000000, 0.000000, 0.000000, 0.683005, 0.730413, -0.000000, -0.730413, 0.683005),
      ["RightUpperArm"] = CFrame.new(-0.055137, -0.294321, -0.282579, 0.980968, 0.089255, 0.172441, 0.085110, 0.600578, -0.795024, -0.174524, 0.794569, 0.581551),
      ["RightUpperLeg"] = CFrame.new(0.054077, 0.241093, -0.914602, 0.845794, -0.466584, -0.258711, 0.533510, 0.739350, 0.410767, -0.000379, -0.485449, 0.874265),
      ["рҹҢ§пёҸрҹҳірҹ‘»рҹҸіпёҸвҖҚрҹҢҲрҹҳӮрҹ’һрҹҸҙвҖҚвҳ пёҸрҹҺёрҹҢ§пёҸрҹҳірҹ‘»рҹҸіпёҸвҖҚрҹҢҲрҹҳӮрҹ’һрҹҸҙвҖҚвҳ"] = CFrame.new(0.000009, 0.000003, -0.000009, 0.999928, 0.011659, -0.002739, -0.011648, 0.999924, 0.004073, 0.002786, -0.004041, 0.999988)
    }},
    { Time = 0.300, Data = {
      ["Head"] = CFrame.new(-0.000000, 0.000000, 0.000000, 0.894744, 0.054162, 0.443283, 0.096562, 0.945673, -0.310450, -0.436015, 0.320578, 0.840905),
      ["LeftUpperArm"] = CFrame.new(0.064150, -0.300550, -0.342987, 0.982593, -0.057463, -0.176663, -0.106390, 0.605509, -0.788695, 0.152291, 0.793761, 0.588856),
      ["LeftUpperLeg"] = CFrame.new(-0.054073, 0.251322, -0.919790, 0.845792, 0.466622, 0.258651, -0.533425, 0.730791, 0.425914, 0.009721, -0.498205, 0.867005),
      ["LowerTorso"] = CFrame.new(0.000033, -1.070588, -1.001714, 1.000000, -0.000000, 0.000000, 0.000000, 0.691268, 0.722599, -0.000000, -0.722599, 0.691268),
      ["RightUpperArm"] = CFrame.new(-0.055253, -0.285735, -0.285192, 0.980891, 0.091294, 0.171807, 0.082688, 0.603726, -0.792892, -0.176111, 0.791947, 0.584640),
      ["RightUpperLeg"] = CFrame.new(0.054078, 0.251313, -0.919788, 0.845792, -0.466622, -0.258651, 0.533425, 0.730791, 0.425914, -0.009721, -0.498205, 0.867005),
      ["рҹҢ§пёҸрҹҳірҹ‘»рҹҸіпёҸвҖҚрҹҢҲрҹҳӮрҹ’һрҹҸҙвҖҚвҳ пёҸрҹҺёрҹҢ§пёҸрҹҳірҹ‘»рҹҸіпёҸвҖҚрҹҢҲрҹҳӮрҹ’һрҹҸҙвҖҚвҳ"] = CFrame.new(0.000009, 0.000003, -0.000009, 0.999998, 0.001899, -0.000431, -0.001899, 0.999998, 0.000691, 0.000432, -0.000690, 1.000000)
    }},
    { Time = 0.317, Data = {
      ["Head"] = CFrame.new(0.000000, -0.000000, 0.000000, 0.894758, 0.059172, 0.442613, 0.096566, 0.942090, -0.321156, -0.435985, 0.330098, 0.837229),
      ["LeftUpperArm"] = CFrame.new(0.064571, -0.294616, -0.347012, 0.982643, -0.057728, -0.176294, -0.105462, 0.607977, -0.786919, 0.152610, 0.791853, 0.591336),
      ["LeftUpperLeg"] = CFrame.new(-0.054077, 0.259049, -0.923750, 0.845783, 0.466605, 0.258709, -0.533268, 0.724234, 0.437161, 0.016616, -0.507705, 0.861371),
      ["LowerTorso"] = CFrame.new(0.000033, -1.084977, -0.991845, 1.000000, -0.000000, 0.000000, 0.000000, 0.697409, 0.716673, -0.000000, -0.716673, 0.697409),
      ["RightUpperArm"] = CFrame.new(-0.055358, -0.279262, -0.287174, 0.980830, 0.092757, 0.171372, 0.080915, 0.606171, -0.791208, -0.177270, 0.789907, 0.587045),
      ["RightUpperLeg"] = CFrame.new(0.054082, 0.259041, -0.923747, 0.845783, -0.466605, -0.258709, 0.533268, 0.724234, 0.437161, -0.016616, -0.507705, 0.861371),
      ["рҹҢ§пёҸрҹҳірҹ‘»рҹҸіпёҸвҖҚрҹҢҲрҹҳӮрҹ’һрҹҸҙвҖҚвҳ пёҸрҹҺёрҹҢ§пёҸрҹҳірҹ‘»рҹҸіпёҸвҖҚрҹҢҲрҹҳӮрҹ’һрҹҸҙвҖҚвҳ"] = CFrame.new(0.000009, 0.000003, -0.000009, 0.999974, -0.006990, 0.001735, 0.006994, 0.999973, -0.002411, -0.001718, 0.002423, 0.999996)
    }},
    { Time = 0.333, Data = {
      ["Head"] = CFrame.new(-0.000000, -0.000000, 0.000000, 0.894761, 0.063711, 0.441976, 0.096607, 0.938711, -0.330892, -0.435969, 0.338767, 0.833767),
      ["LeftUpperArm"] = CFrame.new(0.064864, -0.290344, -0.349913, 0.982673, -0.057947, -0.176057, -0.104785, 0.609822, -0.785581, 0.152886, 0.790417, 0.593183),
      ["LeftUpperLeg"] = CFrame.new(-0.054072, 0.264627, -0.926526, 0.845792, 0.466614, 0.258665, -0.533072, 0.719423, 0.445270, 0.021679, -0.514493, 0.857221),
      ["LowerTorso"] = CFrame.new(0.000033, -1.095236, -0.984785, 1.000000, -0.000000, 0.000000, 0.000000, 0.701759, 0.712415, -0.000000, -0.712415, 0.701759),
      ["RightUpperArm"] = CFrame.new(-0.055413, -0.274645, -0.288584, 0.980786, 0.093882, 0.171010, 0.079572, 0.607844, -0.790059, -0.178120, 0.788487, 0.588695),
      ["RightUpperLeg"] = CFrame.new(0.054078, 0.264619, -0.926523, 0.845792, -0.466614, -0.258665, 0.533072, 0.719423, 0.445270, -0.021679, -0.514493, 0.857221),
      ["рҹҢ§пёҸрҹҳірҹ‘»рҹҸіпёҸвҖҚрҹҢҲрҹҳӮрҹ’һрҹҸҙвҖҚвҳ пёҸрҹҺёрҹҢ§пёҸрҹҳірҹ‘»рҹҸіпёҸвҖҚрҹҢҲрҹҳӮрҹ’һрҹҸҙвҖҚвҳ"] = CFrame.new(0.000009, 0.000003, -0.000009, 0.999878, -0.015182, 0.003752, 0.015202, 0.999871, -0.005237, -0.003672, 0.005294, 0.999979)
    }},
    { Time = 0.350, Data = {
      ["Head"] = CFrame.new(-0.000000, 0.000000, 0.000000, 0.894757, 0.067843, 0.441371, 0.096582, 0.935597, -0.339604, -0.435985, 0.346491, 0.830579),
      ["LeftUpperArm"] = CFrame.new(0.065062, -0.287502, -0.351842, 0.982698, -0.058090, -0.175871, -0.104328, 0.610973, -0.784747, 0.153038, 0.789517, 0.594342),
      ["LeftUpperLeg"] = CFrame.new(-0.054085, 0.268354, -0.928435, 0.845767, 0.466628, 0.258720, -0.532967, 0.716172, 0.450604, 0.024976, -0.518995, 0.854412),
      ["LowerTorso"] = CFrame.new(0.000032, -1.102056, -0.980026, 1.000000, -0.000000, 0.000000, 0.000000, 0.704618, 0.709586, -0.000000, -0.709586, 0.704618),
      ["RightUpperArm"] = CFrame.new(-0.055469, -0.271545, -0.289531, 0.980762, 0.094565, 0.170772, 0.078711, 0.608982, -0.789269, -0.178635, 0.787526, 0.589824),
      ["RightUpperLeg"] = CFrame.new(0.054090, 0.268345, -0.928432, 0.845767, -0.466628, -0.258720, 0.532967, 0.716172, 0.450604, -0.024976, -0.518995, 0.854412),
      ["рҹҢ§пёҸрҹҳірҹ‘»рҹҸіпёҸвҖҚрҹҢҲрҹҳӮрҹ’һрҹҸҙвҖҚвҳ пёҸрҹҺёрҹҢ§пёҸрҹҳірҹ‘»рҹҸіпёҸвҖҚрҹҢҲрҹҳӮрҹ’һрҹҸҙвҖҚвҳ"] = CFrame.new(0.000009, 0.000003, -0.000009, 0.999731, -0.022507, 0.005613, 0.022550, 0.999715, -0.007792, -0.005436, 0.007917, 0.999954)
    }},
    { Time = 0.367, Data = {
      ["Head"] = CFrame.new(0.000000, -0.000000, 0.000000, 0.894744, 0.071526, 0.440815, 0.096611, 0.932713, -0.347438, -0.436005, 0.353456, 0.827628),
      ["LeftUpperArm"] = CFrame.new(0.065187, -0.285761, -0.353025, 0.982702, -0.058159, -0.175823, -0.104100, 0.611738, -0.784181, 0.153165, 0.788919, 0.595102),
      ["LeftUpperLeg"] = CFrame.new(-0.054066, 0.270661, -0.929583, 0.845804, 0.466570, 0.258703, -0.532809, 0.714216, 0.453883, 0.026998, -0.521736, 0.852680),
      ["LowerTorso"] = CFrame.new(0.000032, -1.106248, -0.977205, 1.000000, -0.000000, 0.000000, 0.000000, 0.706407, 0.707806, -0.000000, -0.707806, 0.706407),
      ["RightUpperArm"] = CFrame.new(-0.055500, -0.269668, -0.290104, 0.980740, 0.094991, 0.170661, 0.078209, 0.609664, -0.788792, -0.178974, 0.786947, 0.590493),
      ["RightUpperLeg"] = CFrame.new(0.054071, 0.270652, -0.929579, 0.845804, -0.466570, -0.258703, 0.532809, 0.714216, 0.453883, -0.026998, -0.521736, 0.852680),
      ["рҹҢ§пёҸрҹҳірҹ‘»рҹҸіпёҸвҖҚрҹҢҲрҹҳӮрҹ’һрҹҸҙвҖҚвҳ пёҸрҹҺёрҹҢ§пёҸрҹҳірҹ‘»рҹҸіпёҸвҖҚрҹҢҲрҹҳӮрҹ’һрҹҸҙвҖҚвҳ"] = CFrame.new(0.000009, 0.000003, -0.000009, 0.999552, -0.029051, 0.007226, 0.029123, 0.999525, -0.010082, -0.006929, 0.010288, 0.999923)
    }},
    { Time = 0.383, Data = {
      ["Head"] = CFrame.new(0.000000, -0.000000, -0.000000, 0.894725, 0.074804, 0.440308, 0.096573, 0.930146, -0.354263, -0.436051, 0.359490, 0.825001),
      ["LeftUpperArm"] = CFrame.new(0.065239, -0.284889, -0.353617, 0.982723, -0.058241, -0.175682, -0.103878, 0.612047, -0.783969, 0.153185, 0.788674, 0.595423),
      ["LeftUpperLeg"] = CFrame.new(-0.054080, 0.271809, -0.930179, 0.845776, 0.466620, 0.258706, -0.532802, 0.713209, 0.455472, 0.028021, -0.523066, 0.851831),
      ["LowerTorso"] = CFrame.new(0.000032, -1.108407, -0.975766, 1.000000, -0.000000, 0.000000, 0.000000, 0.707332, 0.706881, -0.000000, -0.706881, 0.707332),
      ["RightUpperArm"] = CFrame.new(-0.055493, -0.268696, -0.290407, 0.980720, 0.095295, 0.170607, 0.077896, 0.610042, -0.788531, -0.179221, 0.786617, 0.590858),
      ["RightUpperLeg"] = CFrame.new(0.054085, 0.271800, -0.930176, 0.845776, -0.466620, -0.258706, 0.532802, 0.713209, 0.455472, -0.028021, -0.523066, 0.851831),
      ["рҹҢ§пёҸрҹҳірҹ‘»рҹҸіпёҸвҖҚрҹҢҲрҹҳӮрҹ’һрҹҸҙвҖҚвҳ пёҸрҹҺёрҹҢ§пёҸрҹҳірҹ‘»рҹҸіпёҸвҖҚрҹҢҲрҹҳӮрҹ’һрҹҸҙвҖҚвҳ"] = CFrame.new(0.000009, 0.000003, -0.000009, 0.999353, -0.034903, 0.008671, 0.035006, 0.999315, -0.012021, -0.008245, 0.012317, 0.999890)
    }},
    { Time = 0.400, Data = {
      ["Head"] = CFrame.new(-0.000000, -0.000000, 0.000000, 0.894741, 0.077617, 0.439789, 0.096571, 0.927853, -0.360226, -0.436019, 0.364780, 0.822693),
      ["LeftUpperArm"] = CFrame.new(0.065270, -0.284558, -0.353842, 0.982723, -0.058224, -0.175688, -0.103863, 0.612199, -0.783852, 0.153195, 0.788557, 0.595575),
      ["LeftUpperLeg"] = CFrame.new(-0.054070, 0.272257, -0.930408, 0.845797, 0.466573, 0.258722, -0.532749, 0.712843, 0.456107, 0.028379, -0.523608, 0.851487),
      ["LowerTorso"] = CFrame.new(0.000032, -1.109191, -0.975227, 1.000000, -0.000000, 0.000000, 0.000000, 0.707663, 0.706551, -0.000000, -0.706551, 0.707663),
      ["RightUpperArm"] = CFrame.new(-0.055505, -0.268335, -0.290519, 0.980719, 0.095356, 0.170578, 0.077802, 0.610194, -0.788423, -0.179266, 0.786493, 0.591010),
      ["RightUpperLeg"] = CFrame.new(0.054075, 0.272249, -0.930406, 0.845797, -0.466573, -0.258722, 0.532749, 0.712843, 0.456107, -0.028379, -0.523608, 0.851487),
      ["рҹҢ§пёҸрҹҳірҹ‘»рҹҸіпёҸвҖҚрҹҢҲрҹҳӮрҹ’һрҹҸҙвҖҚвҳ пёҸрҹҺёрҹҢ§пёҸрҹҳірҹ‘»рҹҸіпёҸвҖҚрҹҢҲрҹҳӮрҹ’һрҹҸҙвҖҚвҳ"] = CFrame.new(0.000009, 0.000003, -0.000009, 0.999154, -0.039890, 0.010030, 0.040025, 0.999105, -0.013700, -0.009474, 0.014089, 0.999856)
    }},
    { Time = 0.417, Data = {
      ["Head"] = CFrame.new(0.000000, -0.000000, 0.000000, 0.894752, 0.079964, 0.439345, 0.096600, 0.925884, -0.365249, -0.435990, 0.369248, 0.820712),
      ["LeftUpperArm"] = CFrame.new(0.065274, -0.284517, -0.353869, 0.982723, -0.058224, -0.175688, -0.103863, 0.612199, -0.783852, 0.153195, 0.788557, 0.595575),
      ["LeftUpperLeg"] = CFrame.new(-0.054064, 0.272329, -0.930415, 0.845808, 0.466585, 0.258664, -0.532726, 0.712797, 0.456205, 0.028483, -0.523659, 0.851452),
      ["LowerTorso"] = CFrame.new(0.000032, -1.109256, -0.975102, 1.000000, -0.000000, 0.000000, 0.000000, 0.707663, 0.706551, -0.000000, -0.706551, 0.707663),
      ["RightUpperArm"] = CFrame.new(-0.055508, -0.268289, -0.290531, 0.980719, 0.095356, 0.170578, 0.077802, 0.610194, -0.788423, -0.179266, 0.786493, 0.591010),
      ["RightUpperLeg"] = CFrame.new(0.054069, 0.272320, -0.930412, 0.845808, -0.466585, -0.258664, 0.532726, 0.712797, 0.456205, -0.028483, -0.523659, 0.851452),
      ["рҹҢ§пёҸрҹҳірҹ‘»рҹҸіпёҸвҖҚрҹҢҲрҹҳӮрҹ’һрҹҸҙвҖҚвҳ пёҸрҹҺёрҹҢ§пёҸрҹҳірҹ‘»рҹҸіпёҸвҖҚрҹҢҲрҹҳӮрҹ’һрҹҸҙвҖҚвҳ"] = CFrame.new(0.000009, 0.000004, -0.000009, 0.998961, -0.044187, 0.011129, 0.044354, 0.998900, -0.015208, -0.010445, 0.015686, 0.999822)
    }},
    { Time = 0.433, Data = {
      ["Head"] = CFrame.new(0.000000, 0.000000, 0.000000, 0.894761, 0.081925, 0.438967, 0.096579, 0.924256, -0.369356, -0.435977, 0.372880, 0.819075),
      ["LeftUpperArm"] = CFrame.new(0.065247, -0.284802, -0.353677, 0.982723, -0.058232, -0.175685, -0.103871, 0.612123, -0.783911, 0.153190, 0.788615, 0.595499),
      ["LeftUpperLeg"] = CFrame.new(-0.054075, 0.271918, -0.930209, 0.845787, 0.466621, 0.258670, -0.532778, 0.713118, 0.455643, 0.028150, -0.523191, 0.851751),
      ["LowerTorso"] = CFrame.new(0.000032, -1.108578, -0.975631, 1.000000, -0.000000, 0.000000, 0.000000, 0.707398, 0.706815, -0.000000, -0.706815, 0.707398),
      ["RightUpperArm"] = CFrame.new(-0.055502, -0.268602, -0.290440, 0.980720, 0.095287, 0.170611, 0.077888, 0.610119, -0.788472, -0.179224, 0.786559, 0.590934),
      ["RightUpperLeg"] = CFrame.new(0.054080, 0.271910, -0.930206, 0.845787, -0.466621, -0.258670, 0.532778, 0.713118, 0.455643, -0.028150, -0.523191, 0.851751),
      ["рҹҢ§пёҸрҹҳірҹ‘»рҹҸіпёҸвҖҚрҹҢҲрҹҳӮрҹ’һрҹҸҙвҖҚвҳ пёҸрҹҺёрҹҢ§пёҸрҹҳірҹ‘»рҹҸіпёҸвҖҚрҹҢҲрҹҳӮрҹ’һрҹҸҙвҖҚвҳ"] = CFrame.new(0.000009, 0.000004, -0.000010, 0.998794, -0.047624, 0.011961, 0.047816, 0.998722, -0.016378, -0.011166, 0.016931, 0.999794)
    }},
    { Time = 0.450, Data = {
      ["Head"] = CFrame.new(0.000000, -0.000000, -0.000000, 0.894727, 0.083438, 0.438751, 0.096605, 0.922979, -0.372527, -0.436041, 0.375695, 0.817754),
      ["LeftUpperArm"] = CFrame.new(0.065172, -0.285699, -0.353069, 0.982704, -0.058236, -0.175785, -0.104023, 0.611741, -0.784189, 0.153203, 0.788912, 0.595103),
      ["LeftUpperLeg"] = CFrame.new(-0.054060, 0.270762, -0.929617, 0.845815, 0.466582, 0.258646, -0.532787, 0.714170, 0.453981, 0.027102, -0.521787, 0.852645),
      ["LowerTorso"] = CFrame.new(0.000032, -1.106410, -0.977086, 1.000000, -0.000000, 0.000000, 0.000000, 0.706473, 0.707740, -0.000000, -0.707740, 0.706473),
      ["RightUpperArm"] = CFrame.new(-0.055488, -0.269580, -0.290139, 0.980740, 0.095059, 0.170627, 0.078124, 0.609740, -0.788742, -0.179015, 0.786881, 0.590570),
      ["RightUpperLeg"] = CFrame.new(0.054065, 0.270754, -0.929614, 0.845815, -0.466582, -0.258646, 0.532787, 0.714170, 0.453981, -0.027102, -0.521787, 0.852645),
      ["рҹҢ§пёҸрҹҳірҹ‘»рҹҸіпёҸвҖҚрҹҢҲрҹҳӮрҹ’һрҹҸҙвҖҚвҳ пёҸрҹҺёрҹҢ§пёҸрҹҳірҹ‘»рҹҸіпёҸвҖҚрҹҢҲрҹҳӮрҹ’һрҹҸҙвҖҚвҳ"] = CFrame.new(0.000009, 0.000004, -0.000010, 0.998654, -0.050285, 0.012697, 0.050501, 0.998574, -0.017294, -0.011809, 0.017912, 0.999770)
    }},
    { Time = 0.467, Data = {
      ["Head"] = CFrame.new(0.000000, -0.000000, 0.000000, 0.894730, 0.084468, 0.438547, 0.096644, 0.922066, -0.374773, -0.436025, 0.377704, 0.816837),
      ["LeftUpperArm"] = CFrame.new(0.065072, -0.287187, -0.352057, 0.982700, -0.058150, -0.175839, -0.104236, 0.611128, -0.784639, 0.153086, 0.789393, 0.594494),
      ["LeftUpperLeg"] = CFrame.new(-0.054074, 0.268777, -0.928654, 0.845789, 0.466592, 0.258714, -0.532917, 0.715855, 0.451167, 0.025309, -0.519465, 0.854117),
      ["LowerTorso"] = CFrame.new(0.000032, -1.102817, -0.979535, 1.000000, -0.000000, 0.000000, 0.000000, 0.704950, 0.709257, -0.000000, -0.709257, 0.704950),
      ["RightUpperArm"] = CFrame.new(-0.055479, -0.271203, -0.289639, 0.980761, 0.094626, 0.170743, 0.078617, 0.609134, -0.789161, -0.178680, 0.787402, 0.589976),
      ["RightUpperLeg"] = CFrame.new(0.054079, 0.268768, -0.928651, 0.845789, -0.466592, -0.258714, 0.532917, 0.715855, 0.451167, -0.025309, -0.519465, 0.854117),
      ["рҹҢ§пёҸрҹҳірҹ‘»рҹҸіпёҸвҖҚрҹҢҲрҹҳӮрҹ’һрҹҸҙвҖҚвҳ пёҸрҹҺёрҹҢ§пёҸрҹҳірҹ‘»рҹҸіпёҸвҖҚрҹҢҲрҹҳӮрҹ’һрҹҸҙвҖҚвҳ"] = CFrame.new(0.000009, 0.000004, -0.000010, 0.998546, -0.052259, 0.013250, 0.052493, 0.998460, -0.017958, -0.012291, 0.018628, 0.999751)
    }},
    { Time = 0.483, Data = {
      ["Head"] = CFrame.new(-0.000000, -0.000000, 0.000000, 0.894732, 0.085115, 0.438417, 0.096631, 0.921522, -0.376112, -0.436023, 0.378885, 0.816290),
      ["LeftUpperArm"] = CFrame.new(0.064923, -0.289287, -0.350630, 0.982677, -0.058059, -0.175995, -0.104594, 0.610207, -0.785307, 0.152988, 0.790112, 0.593564),
      ["LeftUpperLeg"] = CFrame.new(-0.054080, 0.266023, -0.927252, 0.845776, 0.466626, 0.258695, -0.533046, 0.718207, 0.447258, 0.022905, -0.516176, 0.856176),
      ["LowerTorso"] = CFrame.new(0.000033, -1.097792, -0.982981, 1.000000, -0.000000, 0.000000, 0.000000, 0.702824, 0.711363, -0.000000, -0.711363, 0.702824),
      ["RightUpperArm"] = CFrame.new(-0.055434, -0.273471, -0.288946, 0.980783, 0.094140, 0.170885, 0.079212, 0.608300, -0.789745, -0.178295, 0.788105, 0.589153),
      ["RightUpperLeg"] = CFrame.new(0.054085, 0.266014, -0.927249, 0.845776, -0.466626, -0.258695, 0.533046, 0.718207, 0.447258, -0.022905, -0.516176, 0.856176),
      ["рҹҢ§пёҸрҹҳірҹ‘»рҹҸіпёҸвҖҚрҹҢҲрҹҳӮрҹ’һрҹҸҙвҖҚвҳ пёҸрҹҺёрҹҢ§пёҸрҹҳірҹ‘»рҹҸіпёҸвҖҚрҹҢҲрҹҳӮрҹ’һрҹҸҙвҖҚвҳ"] = CFrame.new(0.000009, 0.000004, -0.000010, 0.998483, -0.053375, 0.013528, 0.053619, 0.998394, -0.018289, -0.012530, 0.018986, 0.999741)
    }},
    { Time = 0.500, Data = {
      ["Head"] = CFrame.new(0.000000, 0.000000, -0.000000, 0.894733, 0.085398, 0.438360, 0.096585, 0.921317, -0.376624, -0.436032, 0.379317, 0.816085),
      ["LeftUpperArm"] = CFrame.new(0.064752, -0.291959, -0.348816, 0.982668, -0.057870, -0.176108, -0.105006, 0.609131, -0.786087, 0.152764, 0.790955, 0.592497),
      ["LeftUpperLeg"] = CFrame.new(-0.054064, 0.262531, -0.925463, 0.845810, 0.466590, 0.258650, -0.533117, 0.721259, 0.442234, 0.019788, -0.511937, 0.858795),
      ["LowerTorso"] = CFrame.new(0.000033, -1.091330, -0.987428, 1.000000, -0.000000, 0.000000, 0.000000, 0.700089, 0.714055, -0.000000, -0.714055, 0.700089),
      ["RightUpperArm"] = CFrame.new(-0.055395, -0.276386, -0.288055, 0.980807, 0.093448, 0.171128, 0.080064, 0.607236, -0.790477, -0.177783, 0.789007, 0.588100),
      ["RightUpperLeg"] = CFrame.new(0.054069, 0.262522, -0.925460, 0.845810, -0.466590, -0.258650, 0.533117, 0.721259, 0.442234, -0.019788, -0.511937, 0.858795),
      ["рҹҢ§пёҸрҹҳірҹ‘»рҹҸіпёҸвҖҚрҹҢҲрҹҳӮрҹ’һрҹҸҙвҖҚвҳ пёҸрҹҺёрҹҢ§пёҸрҹҳірҹ‘»рҹҸіпёҸвҖҚрҹҢҲрҹҳӮрҹ’һрҹҸҙвҖҚвҳ"] = CFrame.new(0.000008, 0.000006, -0.000009, 0.998459, -0.053805, 0.013623, 0.054052, 0.998368, -0.018456, -0.012608, 0.019164, 0.999737)
    }},
    { Time = 0.517, Data = {
      ["Head"] = CFrame.new(0.000000, -0.000000, 0.000000, 0.894732, 0.085115, 0.438417, 0.096631, 0.921522, -0.376112, -0.436023, 0.378885, 0.816290),
      ["LeftUpperArm"] = CFrame.new(0.064532, -0.295242, -0.346587, 0.982641, -0.057677, -0.176324, -0.105562, 0.607745, -0.787085, 0.152557, 0.792035, 0.591107),
      ["LeftUpperLeg"] = CFrame.new(-0.054076, 0.258220, -0.923315, 0.845785, 0.466618, 0.258681, -0.533288, 0.724940, 0.435965, 0.015901, -0.506684, 0.861985),
      ["LowerTorso"] = CFrame.new(0.000033, -1.083423, -0.992882, 1.000000, -0.000000, 0.000000, 0.000000, 0.696737, 0.717326, -0.000000, -0.717326, 0.696737),
      ["RightUpperArm"] = CFrame.new(-0.055337, -0.279967, -0.286954, 0.980831, 0.092636, 0.171430, 0.081103, 0.605865, -0.791423, -0.177178, 0.790156, 0.586738),
      ["RightUpperLeg"] = CFrame.new(0.054081, 0.258212, -0.923312, 0.845785, -0.466618, -0.258681, 0.533288, 0.724940, 0.435965, -0.015901, -0.506684, 0.861985),
      ["рҹҢ§пёҸрҹҳірҹ‘»рҹҸіпёҸвҖҚрҹҢҲрҹҳӮрҹ’һрҹҸҙвҖҚвҳ пёҸрҹҺёрҹҢ§пёҸрҹҳірҹ‘»рҹҸіпёҸвҖҚрҹҢҲрҹҳӮрҹ’һрҹҸҙвҖҚвҳ"] = CFrame.new(0.000009, 0.000004, -0.000010, 0.998483, -0.053375, 0.013528, 0.053619, 0.998394, -0.018289, -0.012530, 0.018986, 0.999741)
    }},
    { Time = 0.533, Data = {
