return {
  ["Astros Hump 2"] = {
    { Time = 0.000, Data = {
      ["Head"] = CFrame.new(-0.000000, 0.000002, -0.000006, 0.244932, 0.282795, -0.927381, -0.180727, 0.953068, 0.242896, 0.952547, 0.108110, 0.284546),
      ["LeftUpperArm"] = CFrame.new(-0.127335, -0.739056, 0.258136, 0.963227, -0.268677, 0.002614, -0.110008, -0.403225, -0.908465, 0.245138, 0.874770, -0.417954),
      ["LeftUpperLeg"] = CFrame.new(-0.074912, -0.004646, -0.165334, 0.967602, -0.022228, 0.251502, 0.000012, 0.996121, 0.087990, -0.252482, -0.085136, 0.963849),
      ["LowerTorso"] = CFrame.new(0.000102, 0.126434, -0.829865, -1.000000, 0.000000, 0.000000, 0.000000, 1.000000, 0.000000, 0.000000, 0.000000, -1.000000),
      ["RightUpperArm"] = CFrame.new(0.035709, -0.186763, -0.032128, 0.908727, 0.352249, -0.223912, -0.266155, 0.902263, 0.339238, 0.321524, -0.248679, 0.913664),
      ["RightUpperLeg"] = CFrame.new(0.046687, 0.000000, -0.017932, 0.999218, -0.000000, -0.039528, 0.000000, 1.000000, -0.000000, 0.039528, 0.000000, 0.999218),
      ["рҹҢ§пёҸрҹҳірҹ‘»рҹҸіпёҸвҖҚрҹҢҲрҹҳӮрҹ’һрҹҸҙвҖҚвҳ пёҸрҹҺёрҹҢ§пёҸрҹҳірҹ‘»рҹҸіпёҸвҖҚрҹҢҲрҹҳӮрҹ’һрҹҸҙвҖҚвҳ"] = CFrame.new(0.000000, 0.000000, 0.000000, 0.933588, -0.358350, 0.000000, 0.358350, 0.933588, 0.000000, 0.000000, 0.000000, 1.000000)
    }},
    { Time = 0.017, Data = {
      ["Head"] = CFrame.new(-0.000000, 0.000002, -0.000005, 0.245025, 0.282765, -0.927366, -0.177466, 0.953443, 0.243827, 0.953136, 0.104833, 0.283799),
      ["LeftUpperArm"] = CFrame.new(-0.127463, -0.739028, 0.258110, 0.963086, -0.269164, 0.003989, -0.108901, -0.403119, -0.908645, 0.246183, 0.874669, -0.417550),
      ["LeftUpperLeg"] = CFrame.new(-0.074912, -0.004651, -0.165334, 0.967602, -0.022239, 0.251501, 0.000001, 0.996114, 0.088076, -0.252482, -0.085222, 0.963841),
      ["LowerTorso"] = CFrame.new(0.000102, 0.126434, -0.829849, -1.000000, 0.000000, 0.000000, 0.000000, 1.000000, 0.000000, 0.000000, 0.000000, -1.000000),
      ["RightUpperArm"] = CFrame.new(0.035881, -0.186841, -0.032167, 0.908172, 0.352904, -0.225127, -0.266215, 0.901967, 0.339978, 0.323036, -0.248826, 0.913090),
      ["RightUpperLeg"] = CFrame.new(0.046687, -0.000001, -0.017932, 0.999218, 0.000002, -0.039528, 0.000002, 1.000000, 0.000086, 0.039528, -0.000086, 0.999218),
      ["рҹҢ§пёҸрҹҳірҹ‘»рҹҸіпёҸвҖҚрҹҢҲрҹҳӮрҹ’һрҹҸҙвҖҚвҳ пёҸрҹҺёрҹҢ§пёҸрҹҳірҹ‘»рҹҸіпёҸвҖҚрҹҢҲрҹҳӮрҹ’һрҹҸҙвҖҚвҳ"] = CFrame.new(0.000000, 0.000000, 0.000000, 0.933556, -0.358431, 0.000000, 0.358431, 0.933556, 0.000000, 0.000000, 0.000000, 1.000000)
    }},
    { Time = 0.033, Data = {
      ["Head"] = CFrame.new(-0.000000, 0.000002, -0.000005, 0.244985, 0.282796, -0.927367, -0.174256, 0.953782, 0.244817, 0.953739, 0.101623, 0.282941),
      ["LeftUpperArm"] = CFrame.new(-0.127591, -0.739000, 0.258083, 0.962943, -0.269651, 0.005363, -0.107793, -0.403012, -0.908824, 0.247227, 0.874568, -0.417145),
      ["LeftUpperLeg"] = CFrame.new(-0.074912, -0.004662, -0.165334, 0.967602, -0.022260, 0.251499, -0.000021, 0.996099, 0.088246, -0.252482, -0.085393, 0.963826),
      ["LowerTorso"] = CFrame.new(0.000102, 0.126434, -0.829803, -1.000000, 0.000000, 0.000000, 0.000000, 1.000000, 0.000000, 0.000000, 0.000000, -1.000000),
      ["RightUpperArm"] = CFrame.new(0.036056, -0.186919, -0.032201, 0.907591, 0.353570, -0.226422, -0.266259, 0.901670, 0.340730, 0.324629, -0.248957, 0.912489),
      ["RightUpperLeg"] = CFrame.new(0.046687, -0.000002, -0.017932, 0.999218, 0.000005, -0.039528, 0.000005, 1.000000, 0.000259, 0.039528, -0.000259, 0.999218),
      ["рҹҢ§пёҸрҹҳірҹ‘»рҹҸіпёҸвҖҚрҹҢҲрҹҳӮрҹ’һрҹҸҙвҖҚвҳ пёҸрҹҺёрҹҢ§пёҸрҹҳірҹ‘»рҹҸіпёҸвҖҚрҹҢҲрҹҳӮрҹ’һрҹҸҙвҖҚвҳ"] = CFrame.new(0.000000, 0.000000, 0.000000, 0.933525, -0.358513, -0.000016, 0.358513, 0.933525, 0.000085, -0.000016, -0.000085, 1.000000)
    }},
    { Time = 0.050, Data = {
      ["Head"] = CFrame.new(-0.000000, 0.000001, -0.000005, 0.244940, 0.282776, -0.927385, -0.171096, 0.954117, 0.245738, 0.954322, 0.098481, 0.282083),
      ["LeftUpperArm"] = CFrame.new(-0.127719, -0.738996, 0.258045, 0.962798, -0.270138, 0.006751, -0.106698, -0.402998, -0.908960, 0.248265, 0.874424, -0.416829),
      ["LeftUpperLeg"] = CFrame.new(-0.074913, -0.004636, -0.165336, 0.967601, -0.022379, 0.251492, 0.000032, 0.996075, 0.088513, -0.252486, -0.085638, 0.963803),
      ["LowerTorso"] = CFrame.new(0.000102, 0.126434, -0.829726, -1.000000, 0.000000, 0.000000, 0.000000, 1.000000, 0.000000, 0.000000, 0.000000, -1.000000),
      ["RightUpperArm"] = CFrame.new(0.036232, -0.186997, -0.032235, 0.907007, 0.354236, -0.227716, -0.266302, 0.901373, 0.341482, 0.326222, -0.249086, 0.911886),
      ["RightUpperLeg"] = CFrame.new(0.046687, -0.000005, -0.017932, 0.999218, 0.000010, -0.039528, 0.000010, 1.000000, 0.000518, 0.039528, -0.000518, 0.999218),
      ["рҹҢ§пёҸрҹҳірҹ‘»рҹҸіпёҸвҖҚрҹҢҲрҹҳӮрҹ’һрҹҸҙвҖҚвҳ пёҸрҹҺёрҹҢ§пёҸрҹҳірҹ‘»рҹҸіпёҸвҖҚрҹҢҲрҹҳӮрҹ’һрҹҸҙвҖҚвҳ"] = CFrame.new(0.000000, 0.000000, 0.000000, 0.933430, -0.358759, -0.000116, 0.358759, 0.933430, 0.000154, 0.000053, -0.000185, 1.000000)
    }},
    { Time = 0.067, Data = {
      ["Head"] = CFrame.new(-0.000000, 0.000001, -0.000005, 0.244994, 0.282814, -0.927359, -0.167895, 0.954433, 0.246715, 0.954876, 0.095255, 0.281314),
      ["LeftUpperArm"] = CFrame.new(-0.127835, -0.738968, 0.258022, 0.962664, -0.270580, 0.008053, -0.105637, -0.402892, -0.909131, 0.249237, 0.874337, -0.416432),
      ["LeftUpperLeg"] = CFrame.new(-0.074913, -0.004658, -0.165336, 0.967601, -0.022423, 0.251488, -0.000012, 0.996045, 0.088855, -0.252486, -0.085979, 0.963773),
      ["LowerTorso"] = CFrame.new(0.000103, 0.126434, -0.829100, -1.000000, -0.000000, -0.000345, 0.000000, 1.000000, -0.000518, 0.000345, -0.000518, -1.000000),
      ["RightUpperArm"] = CFrame.new(0.036404, -0.187075, -0.032273, 0.906446, 0.354891, -0.228928, -0.266358, 0.901075, 0.342223, 0.327733, -0.249230, 0.911304),
      ["RightUpperLeg"] = CFrame.new(0.046687, -0.000008, -0.017932, 0.999218, 0.000017, -0.039528, 0.000017, 1.000000, 0.000863, 0.039528, -0.000863, 0.999218),
      ["рҹҢ§пёҸрҹҳірҹ‘»рҹҸіпёҸвҖҚрҹҢҲрҹҳӮрҹ’һрҹҸҙвҖҚвҳ пёҸрҹҺёрҹҢ§пёҸрҹҳірҹ‘»рҹҸіпёҸвҖҚрҹҢҲрҹҳӮрҹ’һрҹҸҙвҖҚвҳ"] = CFrame.new(0.000000, 0.000000, 0.000000, 0.933304, -0.359087, -0.000217, 0.359087, 0.933304, 0.000223, 0.000122, -0.000286, 1.000000)
    }},
    { Time = 0.083, Data = {
      ["Head"] = CFrame.new(-0.000000, 0.000002, -0.000005, 0.245045, 0.282750, -0.927365, -0.164797, 0.954756, 0.247555, 0.955403, 0.092165, 0.280554),
      ["LeftUpperArm"] = CFrame.new(-0.127952, -0.738964, 0.257988, 0.962528, -0.271022, 0.009369, -0.104589, -0.402877, -0.909259, 0.250204, 0.874207, -0.416126),
      ["LeftUpperLeg"] = CFrame.new(-0.074913, -0.004648, -0.165338, 0.967600, -0.022574, 0.251478, 0.000007, 0.995998, 0.089378, -0.252489, -0.086480, 0.963727),
      ["LowerTorso"] = CFrame.new(0.000103, 0.126434, -0.828703, -1.000000, -0.000000, -0.000345, 0.000000, 1.000000, -0.000777, 0.000345, -0.000777, -1.000000),
      ["RightUpperArm"] = CFrame.new(0.036576, -0.187154, -0.032311, 0.905882, 0.355547, -0.230139, -0.266414, 0.900777, 0.342964, 0.329243, -0.249372, 0.910721),
      ["RightUpperLeg"] = CFrame.new(0.046687, -0.000013, -0.017932, 0.999218, 0.000027, -0.039528, 0.000027, 0.999999, 0.001381, 0.039528, -0.001381, 0.999218),
      ["рҹҢ§пёҸрҹҳірҹ‘»рҹҸіпёҸвҖҚрҹҢҲрҹҳӮрҹ’һрҹҸҙвҖҚвҳ пёҸрҹҺёрҹҢ§пёҸрҹҳірҹ‘»рҹҸіпёҸвҖҚрҹҢҲрҹҳӮрҹ’һрҹҸҙвҖҚвҳ"] = CFrame.new(0.000000, -0.000000, 0.000000, 0.933178, -0.359415, -0.000249, 0.359415, 0.933178, 0.000393, 0.000091, -0.000456, 1.000000)
    }},
    { Time = 0.100, Data = {
      ["Head"] = CFrame.new(-0.000000, 0.000001, -0.000005, 0.244963, 0.282798, -0.927372, -0.161697, 0.955035, 0.248522, 0.955953, 0.089074, 0.279676),
      ["LeftUpperArm"] = CFrame.new(-0.128080, -0.738936, 0.257961, 0.962376, -0.271509, 0.010742, -0.103480, -0.402770, -0.909433, 0.251246, 0.874105, -0.415712),
      ["LeftUpperLeg"] = CFrame.new(-0.074914, -0.004643, -0.165340, 0.967599, -0.022736, 0.251467, 0.000016, 0.995943, 0.089987, -0.252493, -0.087067, 0.963673),
      ["LowerTorso"] = CFrame.new(0.000103, 0.126434, -0.828191, -1.000000, -0.000000, -0.000345, 0.000000, 0.999999, -0.001122, 0.000345, -0.001122, -0.999999),
      ["RightUpperArm"] = CFrame.new(0.036749, -0.187232, -0.032348, 0.905316, 0.356203, -0.231349, -0.266468, 0.900479, 0.343705, 0.330753, -0.249514, 0.910135),
      ["RightUpperLeg"] = CFrame.new(0.046687, -0.000019, -0.017932, 0.999218, 0.000039, -0.039528, 0.000039, 0.999998, 0.001985, 0.039528, -0.001985, 0.999216),
      ["рҹҢ§пёҸрҹҳірҹ‘»рҹҸіпёҸвҖҚрҹҢҲрҹҳӮрҹ’һрҹҸҙвҖҚвҳ пёҸрҹҺёрҹҢ§пёҸрҹҳірҹ‘»рҹҸіпёҸвҖҚрҹҢҲрҹҳӮрҹ’һрҹҸҙвҖҚвҳ"] = CFrame.new(0.000000, -0.000000, 0.000000, 0.932988, -0.359906, -0.000365, 0.359906, 0.932988, 0.000547, 0.000144, -0.000641, 1.000000)
    }},
    { Time = 0.117, Data = {
      ["Head"] = CFrame.new(-0.000000, 0.000001, -0.000005, 0.244981, 0.282801, -0.927366, -0.158661, 0.955312, 0.249410, 0.956457, 0.086036, 0.278903),
      ["LeftUpperArm"] = CFrame.new(-0.128184, -0.738933, 0.257930, 0.962249, -0.271906, 0.011987, -0.102478, -0.402755, -0.909553, 0.252141, 0.873988, -0.415415),
      ["LeftUpperLeg"] = CFrame.new(-0.074914, -0.004645, -0.165342, 0.967598, -0.022909, 0.251456, 0.000013, 0.995880, 0.090680, -0.252497, -0.087739, 0.963612),
      ["LowerTorso"] = CFrame.new(0.000103, 0.126435, -0.827562, -1.000000, -0.000000, -0.000345, 0.000000, 0.999999, -0.001554, 0.000345, -0.001554, -0.999999),
      ["RightUpperArm"] = CFrame.new(0.036919, -0.187304, -0.032363, 0.904747, 0.356850, -0.232573, -0.266536, 0.900206, 0.344365, 0.332250, -0.249574, 0.909573),
      ["RightUpperLeg"] = CFrame.new(0.046687, 0.000017, -0.017932, 0.999218, 0.000139, -0.039528, -0.000033, 0.999996, 0.002677, 0.039528, -0.002674, 0.999215),
      ["рҹҢ§пёҸрҹҳірҹ‘»рҹҸіпёҸвҖҚрҹҢҲрҹҳӮрҹ’һрҹҸҙвҖҚвҳ пёҸрҹҺёрҹҢ§пёҸрҹҳірҹ‘»рҹҸіпёҸвҖҚрҹҢҲрҹҳӮрҹ’һрҹҸҙвҖҚвҳ"] = CFrame.new(0.000000, -0.000000, 0.000000, 0.932767, -0.360479, -0.000583, 0.360480, 0.932767, 0.000769, 0.000266, -0.000928, 1.000000)
    }},
    { Time = 0.133, Data = {
      ["Head"] = CFrame.new(-0.000000, 0.000001, -0.000005, 0.244995, 0.282753, -0.927377, -0.155676, 0.955589, 0.250228, 0.956944, 0.083065, 0.278133),
      ["LeftUpperArm"] = CFrame.new(-0.128319, -0.738923, 0.257892, 0.962088, -0.272419, 0.013255, -0.101499, -0.402721, -0.909678, 0.253151, 0.873844, -0.415103),
      ["LeftUpperLeg"] = CFrame.new(-0.074915, -0.004652, -0.165343, 0.967597, -0.023093, 0.251443, -0.000000, 0.995809, 0.091459, -0.252501, -0.088496, 0.963541),
      ["LowerTorso"] = CFrame.new(0.000103, 0.126436, -0.826904, -1.000000, -0.000000, -0.000345, 0.000000, 0.999998, -0.001985, 0.000345, -0.001985, -0.999998),
      ["RightUpperArm"] = CFrame.new(0.037089, -0.187382, -0.032404, 0.904202, 0.357495, -0.233700, -0.266604, 0.899907, 0.345094, 0.333678, -0.249730, 0.909007),
      ["RightUpperLeg"] = CFrame.new(0.046687, 0.000009, -0.017932, 0.999218, 0.000155, -0.039528, -0.000018, 0.999994, 0.003454, 0.039528, -0.003450, 0.999213),
      ["рҹҢ§пёҸрҹҳірҹ‘»рҹҸіпёҸвҖҚрҹҢҲрҹҳӮрҹ’һрҹҸҙвҖҚвҳ пёҸрҹҺёрҹҢ§пёҸрҹҳірҹ‘»рҹҸіпёҸвҖҚрҹҢҲрҹҳӮрҹ’һрҹҸҙвҖҚвҳ"] = CFrame.new(0.000000, -0.000000, 0.000000, 0.932513, -0.361135, -0.000715, 0.361135, 0.932513, 0.001008, 0.000303, -0.001198, 0.999999)
    }},
    { Time = 0.150, Data = {
      ["Head"] = CFrame.new(-0.000001, 0.000001, -0.000005, 0.244982, 0.282772, -0.927375, -0.152755, 0.955833, 0.251097, 0.957418, 0.080147, 0.277356),
      ["LeftUpperArm"] = CFrame.new(-0.128424, -0.738895, 0.257873, 0.961957, -0.272816, 0.014484, -0.100484, -0.402614, -0.909838, 0.254050, 0.873770, -0.414711),
      ["LeftUpperLeg"] = CFrame.new(-0.074915, -0.004664, -0.165345, 0.967596, -0.023288, 0.251429, -0.000025, 0.995729, 0.092324, -0.252505, -0.089338, 0.963463),
      ["LowerTorso"] = CFrame.new(0.000103, 0.126437, -0.826132, -1.000000, -0.000000, -0.000345, 0.000000, 0.999997, -0.002503, 0.000345, -0.002503, -0.999997),
      ["RightUpperArm"] = CFrame.new(0.037235, -0.187447, -0.032428, 0.903683, 0.358050, -0.234857, -0.266605, 0.899662, 0.345732, 0.335082, -0.249818, 0.908466),
      ["RightUpperLeg"] = CFrame.new(0.046687, -0.000000, -0.017932, 0.999218, 0.000173, -0.039527, 0.000001, 0.999990, 0.004403, 0.039528, -0.004400, 0.999209),
      ["рҹҢ§пёҸрҹҳірҹ‘»рҹҸіпёҸвҖҚрҹҢҲрҹҳӮрҹ’һрҹҸҙвҖҚвҳ пёҸрҹҺёрҹҢ§пёҸрҹҳірҹ‘»рҹҸіпёҸвҖҚрҹҢҲрҹҳӮрҹ’һрҹҸҙвҖҚвҳ"] = CFrame.new(0.000000, -0.000000, 0.000000, 0.932259, -0.361789, -0.000949, 0.361790, 0.932259, 0.001315, 0.000409, -0.001570, 0.999999)
    }},
    { Time = 0.167, Data = {
      ["Head"] = CFrame.new(-0.000001, 0.000001, -0.000005, 0.244941, 0.282806, -0.927375, -0.149951, 0.956053, 0.251946, 0.957872, 0.077349, 0.276584),
      ["LeftUpperArm"] = CFrame.new(-0.128546, -0.738886, 0.257838, 0.961806, -0.273283, 0.015681, -0.099552, -0.402579, -0.909956, 0.254988, 0.873640, -0.414409),
      ["LeftUpperLeg"] = CFrame.new(-0.074916, -0.004644, -0.165349, 0.967594, -0.023591, 0.251408, 0.000014, 0.995632, 0.093370, -0.252513, -0.090341, 0.963367),
      ["LowerTorso"] = CFrame.new(0.000103, 0.126438, -0.825246, -1.000000, -0.000001, -0.000345, 0.000001, 0.999995, -0.003108, 0.000345, -0.003108, -0.999995),
      ["RightUpperArm"] = CFrame.new(0.037405, -0.187526, -0.032468, 0.903133, 0.358696, -0.235982, -0.266670, 0.899361, 0.346462, 0.336508, -0.249972, 0.907897),
      ["RightUpperLeg"] = CFrame.new(0.046687, -0.000009, -0.017932, 0.999218, 0.000192, -0.039527, 0.000019, 0.999986, 0.005353, 0.039528, -0.005349, 0.999204),
      ["рҹҢ§пёҸрҹҳірҹ‘»рҹҸіпёҸвҖҚрҹҢҲрҹҳӮрҹ’һрҹҸҙвҖҚвҳ пёҸрҹҺёрҹҢ§пёҸрҹҳірҹ‘»рҹҸіпёҸвҖҚрҹҢҲрҹҳӮрҹ’һрҹҸҙвҖҚвҳ"] = CFrame.new(0.000000, -0.000000, 0.000000, 0.931941, -0.362608, -0.001082, 0.362609, 0.931940, 0.001553, 0.000445, -0.001840, 0.999998)
    }},
    { Time = 0.183, Data = {
      ["Head"] = CFrame.new(-0.000001, 0.000001, -0.000005, 0.245001, 0.282795, -0.927363, -0.147212, 0.956275, 0.252719, 0.958282, 0.074603, 0.275919),
      ["LeftUpperArm"] = CFrame.new(-0.128639, -0.738882, 0.257812, 0.961686, -0.273635, 0.016852, -0.098596, -0.402565, -0.910067, 0.255810, 0.873537, -0.414120),
      ["LeftUpperLeg"] = CFrame.new(-0.074917, -0.004667, -0.165351, 0.967593, -0.023808, 0.251392, -0.000032, 0.995534, 0.094405, -0.252517, -0.091354, 0.963270),
      ["LowerTorso"] = CFrame.new(0.000103, 0.126440, -0.824333, -1.000000, -0.000001, -0.000345, 0.000001, 0.999993, -0.003712, 0.000345, -0.003712, -0.999993),
      ["RightUpperArm"] = CFrame.new(0.037548, -0.187590, -0.032495, 0.902635, 0.359241, -0.237057, -0.266685, 0.899115, 0.347089, 0.337830, -0.250075, 0.907377),
      ["RightUpperLeg"] = CFrame.new(0.046687, -0.000021, -0.017932, 0.999218, 0.000214, -0.039527, 0.000042, 0.999979, 0.006475, 0.039528, -0.006471, 0.999198),
      ["рҹҢ§пёҸрҹҳірҹ‘»рҹҸіпёҸвҖҚрҹҢҲрҹҳӮрҹ’һрҹҸҙвҖҚвҳ пёҸрҹҺёрҹҢ§пёҸрҹҳірҹ‘»рҹҸіпёҸвҖҚрҹҢҲрҹҳӮрҹ’һрҹҸҙвҖҚвҳ"] = CFrame.new(0.000000, -0.000000, 0.000000, 0.931590, -0.363508, -0.001332, 0.363510, 0.931588, 0.001945, 0.000534, -0.002296, 0.999997)
    }},
    { Time = 0.200, Data = {
      ["Head"] = CFrame.new(-0.000001, 0.000001, -0.000004, 0.244930, 0.282845, -0.927366, -0.144524, 0.956465, 0.253550, 0.958709, 0.071925, 0.275145),
      ["LeftUpperArm"] = CFrame.new(-0.128750, -0.738849, 0.257792, 0.961545, -0.274058, 0.017963, -0.097698, -0.402438, -0.910220, 0.256682, 0.873462, -0.413737),
      ["LeftUpperLeg"] = CFrame.new(-0.074918, -0.004659, -0.165355, 0.967591, -0.024132, 0.251369, -0.000015, 0.995418, 0.095621, -0.252524, -0.092526, 0.963156),
      ["LowerTorso"] = CFrame.new(0.000103, 0.126443, -0.823308, -1.000000, -0.000001, -0.000345, 0.000001, 0.999990, -0.004402, 0.000345, -0.004402, -0.999990),
      ["RightUpperArm"] = CFrame.new(0.037712, -0.187662, -0.032518, 0.902107, 0.359866, -0.238115, -0.266779, 0.898841, 0.347726, 0.339163, -0.250162, 0.906856),
      ["RightUpperLeg"] = CFrame.new(0.046687, 0.000010, -0.017932, 0.999218, 0.000324, -0.039527, -0.000021, 0.999970, 0.007685, 0.039528, -0.007678, 0.999189),
      ["рҹҢ§пёҸрҹҳірҹ‘»рҹҸіпёҸвҖҚрҹҢҲрҹҳӮрҹ’һрҹҸҙвҖҚвҳ пёҸрҹҺёрҹҢ§пёҸрҹҳірҹ‘»рҹҸіпёҸвҖҚрҹҢҲрҹҳӮрҹ’һрҹҸҙвҖҚвҳ"] = CFrame.new(0.000001, -0.000000, 0.000000, 0.931238, -0.364407, -0.001567, 0.364410, 0.931236, 0.002252, 0.000639, -0.002668, 0.999996)
    }},
    { Time = 0.217, Data = {
      ["Head"] = CFrame.new(-0.000001, 0.000001, -0.000004, 0.244960, 0.282798, -0.927372, -0.141953, 0.956668, 0.254236, 0.959085, 0.069366, 0.274490),
      ["LeftUpperArm"] = CFrame.new(-0.128849, -0.738840, 0.257765, 0.961417, -0.274435, 0.019016, -0.096860, -0.402403, -0.910324, 0.257477, 0.873360, -0.413459),
      ["LeftUpperLeg"] = CFrame.new(-0.074919, -0.004656, -0.165359, 0.967588, -0.024467, 0.251345, -0.000009, 0.995292, 0.096923, -0.252533, -0.093784, 0.963033),
      ["LowerTorso"] = CFrame.new(0.000103, 0.126447, -0.822171, -1.000000, -0.000001, -0.000345, 0.000001, 0.999987, -0.005179, 0.000345, -0.005179, -0.999986),
      ["RightUpperArm"] = CFrame.new(0.037850, -0.187720, -0.032528, 0.901632, 0.360388, -0.239123, -0.266822, 0.898621, 0.348260, 0.340390, -0.250199, 0.906386),
      ["RightUpperLeg"] = CFrame.new(0.046687, -0.000001, -0.017932, 0.999218, 0.000348, -0.039527, 0.000003, 0.999960, 0.008893, 0.039528, -0.008886, 0.999179),
      ["рҹҢ§пёҸрҹҳірҹ‘»рҹҸіпёҸвҖҚрҹҢҲрҹҳӮрҹ’һрҹҸҙвҖҚвҳ пёҸрҹҺёрҹҢ§пёҸрҹҳірҹ‘»рҹҸіпёҸвҖҚрҹҢҲрҹҳӮрҹ’һрҹҸҙвҖҚвҳ"] = CFrame.new(0.000001, -0.000000, 0.000000, 0.930821, -0.365470, -0.001818, 0.365474, 0.930818, 0.002643, 0.000726, -0.003125, 0.999995)
    }},
    { Time = 0.233, Data = {
      ["Head"] = CFrame.new(-0.000001, 0.000001, -0.000004, 0.244965, 0.282767, -0.927381, -0.139500, 0.956851, 0.254904, 0.959444, 0.066928, 0.273841),
      ["LeftUpperArm"] = CFrame.new(-0.128949, -0.738830, 0.257738, 0.961288, -0.274813, 0.020069, -0.096021, -0.402368, -0.910428, 0.258272, 0.873257, -0.413179),
      ["LeftUpperLeg"] = CFrame.new(-0.074920, -0.004653, -0.165363, 0.967586, -0.024803, 0.251320, -0.000003, 0.995164, 0.098225, -0.252541, -0.095042, 0.962907),
      ["LowerTorso"] = CFrame.new(0.000104, 0.126451, -0.821011, -1.000000, -0.000001, -0.000345, 0.000001, 0.999982, -0.005956, 0.000345, -0.005956, -0.999982),
      ["RightUpperArm"] = CFrame.new(0.037966, -0.187777, -0.032567, 0.901209, 0.360830, -0.240049, -0.266785, 0.898403, 0.348853, 0.341538, -0.250348, 0.905913),
      ["RightUpperLeg"] = CFrame.new(0.046687, -0.000015, -0.017932, 0.999218, 0.000376, -0.039526, 0.000030, 0.999947, 0.010274, 0.039528, -0.010267, 0.999166),
      ["рҹҢ§пёҸрҹҳірҹ‘»рҹҸіпёҸвҖҚрҹҢҲрҹҳӮрҹ’һрҹҸҙвҖҚвҳ пёҸрҹҺёрҹҢ§пёҸрҹҳірҹ‘»рҹҸіпёҸвҖҚрҹҢҲрҹҳӮрҹ’һрҹҸҙвҖҚвҳ"] = CFrame.new(0.000001, -0.000000, 0.000000, 0.930403, -0.366532, -0.002155, 0.366537, 0.930399, 0.003018, 0.000899, -0.003597, 0.999993)
    }},
    { Time = 0.250, Data = {
      ["Head"] = CFrame.new(-0.000001, 0.000001, -0.000004, 0.244943, 0.282802, -0.927376, -0.137113, 0.957004, 0.255622, 0.959793, 0.064542, 0.273187),
      ["LeftUpperArm"] = CFrame.new(-0.129036, -0.738821, 0.257715, 0.961172, -0.275145, 0.021051, -0.095230, -0.402333, -0.910527, 0.258996, 0.873169, -0.412913),
      ["LeftUpperLeg"] = CFrame.new(-0.074921, -0.004661, -0.165368, 0.967584, -0.025160, 0.251293, -0.000019, 0.995018, 0.099697, -0.252549, -0.096470, 0.962763),
      ["LowerTorso"] = CFrame.new(0.000104, 0.126457, -0.819741, -1.000000, -0.000001, -0.000345, 0.000001, 0.999977, -0.006819, 0.000345, -0.006819, -0.999977),
      ["RightUpperArm"] = CFrame.new(0.038100, -0.187835, -0.032581, 0.900757, 0.361342, -0.240975, -0.266843, 0.898183, 0.349375, 0.342684, -0.250399, 0.905466),
      ["RightUpperLeg"] = CFrame.new(0.046687, 0.000014, -0.017933, 0.999218, 0.000491, -0.039526, -0.000027, 0.999931, 0.011742, 0.039529, -0.011732, 0.999150),
      ["рҹҢ§пёҸрҹҳірҹ‘»рҹҸіпёҸвҖҚрҹҢҲрҹҳӮрҹ’һрҹҸҙвҖҚвҳ пёҸрҹҺёрҹҢ§пёҸрҹҳірҹ‘»рҹҸіпёҸвҖҚрҹҢҲрҹҳӮрҹ’һрҹҸҙвҖҚвҳ"] = CFrame.new(0.000001, -0.000000, 0.000000, 0.929951, -0.367675, -0.002423, 0.367682, 0.929945, 0.003493, 0.000969, -0.004139, 0.999991)
    }},
    { Time = 0.267, Data = {
      ["Head"] = CFrame.new(-0.000001, 0.000001, -0.000004, 0.245000, 0.282804, -0.927360, -0.134909, 0.957150, 0.256248, 0.960091, 0.062328, 0.272655),
      ["LeftUpperArm"] = CFrame.new(-0.129123, -0.738812, 0.257692, 0.961055, -0.275477, 0.022032, -0.094439, -0.402298, -0.910625, 0.259719, 0.873080, -0.412647),
      ["LeftUpperLeg"] = CFrame.new(-0.074911, -0.004667, -0.165330, 0.967604, -0.025513, 0.251181, -0.000031, 0.994869, 0.101169, -0.252474, -0.097899, 0.962638),
      ["LowerTorso"] = CFrame.new(0.000104, 0.126463, -0.818450, -1.000000, -0.000001, -0.000345, 0.000001, 0.999970, -0.007683, 0.000345, -0.007683, -0.999970),
      ["RightUpperArm"] = CFrame.new(0.038232, -0.187893, -0.032598, 0.900329, 0.361843, -0.241819, -0.266916, 0.897962, 0.349886, 0.343748, -0.250467, 0.905043),
      ["RightUpperLeg"] = CFrame.new(0.046687, -0.000001, -0.017933, 0.999218, 0.000520, -0.039525, 0.000002, 0.999913, 0.013210, 0.039529, -0.013199, 0.999131),
      ["рҹҢ§пёҸрҹҳірҹ‘»рҹҸіпёҸвҖҚрҹҢҲрҹҳӮрҹ’һрҹҸҙвҖҚвҳ пёҸрҹҺёрҹҢ§пёҸрҹҳірҹ‘»рҹҸіпёҸвҖҚрҹҢҲрҹҳӮрҹ’һрҹҸҙвҖҚвҳ"] = CFrame.new(0.000001, -0.000001, 0.000000, 0.929498, -0.368818, -0.002760, 0.368826, 0.929490, 0.003867, 0.001140, -0.004612, 0.999989)
    }},
    { Time = 0.283, Data = {
      ["Head"] = CFrame.new(-0.000001, 0.000001, -0.000004, 0.245032, 0.282823, -0.927346, -0.132823, 0.957279, 0.256856, 0.960373, 0.060235, 0.272130),
      ["LeftUpperArm"] = CFrame.new(-0.129199, -0.738803, 0.257672, 0.960952, -0.275763, 0.022942, -0.093694, -0.402263, -0.910717, 0.260371, 0.873006, -0.412393),
      ["LeftUpperLeg"] = CFrame.new(-0.074913, -0.004637, -0.165336, 0.967600, -0.025966, 0.251148, 0.000028, 0.994709, 0.102737, -0.252486, -0.099401, 0.962481),
      ["LowerTorso"] = CFrame.new(0.000104, 0.126471, -0.817051, -1.000000, -0.000001, -0.000345, 0.000001, 0.999963, -0.008632, 0.000345, -0.008632, -0.999963),
      ["RightUpperArm"] = CFrame.new(0.038340, -0.187943, -0.032624, 0.899955, 0.362252, -0.242598, -0.266923, 0.897770, 0.350373, 0.344721, -0.250565, 0.904646),
      ["RightUpperLeg"] = CFrame.new(0.046687, -0.000017, -0.017933, 0.999218, 0.000552, -0.039525, 0.000035, 0.999890, 0.014849, 0.039529, -0.014839, 0.999108),
      ["рҹҢ§пёҸрҹҳірҹ‘»рҹҸіпёҸвҖҚрҹҢҲрҹҳӮрҹ’һрҹҸҙвҖҚвҳ пёҸрҹҺёрҹҢ§пёҸрҹҳірҹ‘»рҹҸіпёҸвҖҚрҹҢҲрҹҳӮрҹ’һрҹҸҙвҖҚвҳ"] = CFrame.new(0.000001, -0.000001, 0.000000, 0.928977, -0.370123, -0.003115, 0.370134, 0.928968, 0.004324, 0.001293, -0.005170, 0.999986)
    }},
    { Time = 0.300, Data = {
      ["Head"] = CFrame.new(-0.000001, 0.000001, -0.000004, 0.244937, 0.282802, -0.927378, -0.130894, 0.957402, 0.257386, 0.960663, 0.058345, 0.271520),
      ["LeftUpperArm"] = CFrame.new(-0.129281, -0.738789, 0.257653, 0.960843, -0.276076, 0.023734, -0.093068, -0.402209, -0.910805, 0.260997, 0.872932, -0.412153),
      ["LeftUpperLeg"] = CFrame.new(-0.074914, -0.004662, -0.165341, 0.967598, -0.026356, 0.251116, -0.000021, 0.994529, 0.104464, -0.252495, -0.101085, 0.962304),
      ["LowerTorso"] = CFrame.new(0.000104, 0.126480, -0.815633, -1.000000, -0.000002, -0.000345, 0.000002, 0.999954, -0.009582, 0.000345, -0.009582, -0.999954),
      ["RightUpperArm"] = CFrame.new(0.038447, -0.187994, -0.032650, 0.899580, 0.362661, -0.243376, -0.266930, 0.897577, 0.350861, 0.345693, -0.250663, 0.904248),
      ["RightUpperLeg"] = CFrame.new(0.046687, 0.000010, -0.017933, 0.999218, 0.000671, -0.039524, -0.000019, 0.999864, 0.016491, 0.039529, -0.016477, 0.999083),
      ["рҹҢ§пёҸрҹҳірҹ‘»рҹҸіпёҸвҖҚрҹҢҲрҹҳӮрҹ’һрҹҸҙвҖҚвҳ пёҸрҹҺёрҹҢ§пёҸрҹҳірҹ‘»рҹҸіпёҸвҖҚрҹҢҲрҹҳӮрҹ’һрҹҸҙвҖҚвҳ"] = CFrame.new(0.000001, -0.000001, 0.000000, 0.928456, -0.371428, -0.003402, 0.371441, 0.928444, 0.004883, 0.001345, -0.005797, 0.999982)
    }},
    { Time = 0.317, Data = {
      ["Head"] = CFrame.new(-0.000001, 0.000001, -0.000004, 0.245046, 0.282788, -0.927353, -0.128993, 0.957521, 0.257902, 0.960892, 0.056424, 0.271115),
      ["LeftUpperArm"] = CFrame.new(-0.129363, -0.738774, 0.257633, 0.960733, -0.276388, 0.024525, -0.092441, -0.402155, -0.910893, 0.261623, 0.872858, -0.411913),
      ["LeftUpperLeg"] = CFrame.new(-0.074916, -0.004638, -0.165347, 0.967595, -0.026821, 0.251080, 0.000026, 0.994354, 0.106117, -0.252508, -0.102672, 0.962132),
      ["LowerTorso"] = CFrame.new(0.000104, 0.126489, -0.814197, -1.000000, -0.000002, -0.000345, 0.000002, 0.999945, -0.010531, 0.000345, -0.010531, -0.999944),
      ["RightUpperArm"] = CFrame.new(0.038549, -0.188038, -0.032659, 0.899231, 0.363048, -0.244089, -0.266968, 0.897411, 0.351256, 0.346572, -0.250696, 0.903902),
      ["RightUpperLeg"] = CFrame.new(0.046687, -0.000007, -0.017933, 0.999218, 0.000705, -0.039523, 0.000015, 0.999834, 0.018216, 0.039529, -0.018203, 0.999053),
      ["рҹҢ§пёҸрҹҳірҹ‘»рҹҸіпёҸвҖҚрҹҢҲрҹҳӮрҹ’һрҹҸҙвҖҚвҳ пёҸрҹҺёрҹҢ§пёҸрҹҳірҹ‘»рҹҸіпёҸвҖҚрҹҢҲрҹҳӮрҹ’һрҹҸҙвҖҚвҳ"] = CFrame.new(0.000001, -0.000001, 0.000000, 0.927932, -0.372732, -0.003758, 0.372748, 0.927917, 0.005340, 0.001497, -0.006356, 0.999979)
    }},
    { Time = 0.333, Data = {
      ["Head"] = CFrame.new(-0.000001, 0.000001, -0.000004, 0.245006, 0.282801, -0.927360, -0.127314, 0.957614, 0.258391, 0.961126, 0.054759, 0.270626),
      ["LeftUpperArm"] = CFrame.new(-0.129421, -0.738760, 0.257621, 0.960653, -0.276610, 0.025174, -0.091908, -0.402101, -0.910971, 0.262106, 0.872813, -0.411702),
      ["LeftUpperLeg"] = CFrame.new(-0.074917, -0.004668, -0.165352, 0.967592, -0.027221, 0.251046, -0.000034, 0.994159, 0.107929, -0.252518, -0.104440, 0.961939),
      ["LowerTorso"] = CFrame.new(0.000105, 0.126500, -0.812658, -1.000000, -0.000002, -0.000345, 0.000002, 0.999933, -0.011567, 0.000345, -0.011567, -0.999933),
      ["RightUpperArm"] = CFrame.new(0.038648, -0.188081, -0.032672, 0.898907, 0.363424, -0.244721, -0.267021, 0.897245, 0.351639, 0.347369, -0.250746, 0.903582),
      ["RightUpperLeg"] = CFrame.new(0.046687, 0.000018, -0.017933, 0.999218, 0.000827, -0.039521, -0.000036, 0.999799, 0.020030, 0.039530, -0.020013, 0.999018),
      ["рҹҢ§пёҸрҹҳірҹ‘»рҹҸіпёҸвҖҚрҹҢҲрҹҳӮрҹ’һрҹҸҙвҖҚвҳ пёҸрҹҺёрҹҢ§пёҸрҹҳірҹ‘»рҹҸіпёҸвҖҚрҹҢҲрҹҳӮрҹ’һрҹҸҙвҖҚвҳ"] = CFrame.new(0.000001, -0.000001, 0.000001, 0.927339, -0.374198, -0.004216, 0.374217, 0.927323, 0.005864, 0.001715, -0.007016, 0.999974)
    }},
    { Time = 0.350, Data = {
      ["Head"] = CFrame.new(-0.000001, 0.000001, -0.000004, 0.244942, 0.282779, -0.927383, -0.125807, 0.957704, 0.258796, 0.961341, 0.053281, 0.270158),
      ["LeftUpperArm"] = CFrame.new(-0.129479, -0.738770, 0.257598, 0.960571, -0.276830, 0.025838, -0.091389, -0.402139, -0.911006, 0.262585, 0.872725, -0.411582),
      ["LeftUpperLeg"] = CFrame.new(-0.074919, -0.004655, -0.165359, 0.967589, -0.027707, 0.251007, -0.000009, 0.993959, 0.109752, -0.252531, -0.106197, 0.961743),
      ["LowerTorso"] = CFrame.new(0.000105, 0.126514, -0.811017, -1.000000, -0.000002, -0.000345, 0.000002, 0.999919, -0.012689, 0.000345, -0.012689, -0.999919),
      ["RightUpperArm"] = CFrame.new(0.038726, -0.188117, -0.032688, 0.898611, 0.363720, -0.245369, -0.266993, 0.897108, 0.352012, 0.348156, -0.250810, 0.903262),
      ["RightUpperLeg"] = CFrame.new(0.046687, 0.000000, -0.017933, 0.999218, 0.000863, -0.039521, 0.000000, 0.999761, 0.021842, 0.039530, -0.021825, 0.998980),
      ["рҹҢ§пёҸрҹҳірҹ‘»рҹҸіпёҸвҖҚрҹҢҲрҹҳӮрҹ’һрҹҸҙвҖҚвҳ пёҸрҹҺёрҹҢ§пёҸрҹҳірҹ‘»рҹҸіпёҸвҖҚрҹҢҲрҹҳӮрҹ’һрҹҸҙвҖҚвҳ"] = CFrame.new(0.000002, -0.000001, 0.000001, 0.926778, -0.375581, -0.004590, 0.375605, 0.926758, 0.006405, 0.001849, -0.007660, 0.999969)
    }},
    { Time = 0.367, Data = {
      ["Head"] = CFrame.new(-0.000001, 0.000001, -0.000004, 0.244959, 0.282825, -0.927365, -0.124379, 0.957770, 0.259244, 0.961522, 0.051841, 0.269792),
      ["LeftUpperArm"] = CFrame.new(-0.129538, -0.738756, 0.257586, 0.960490, -0.277052, 0.026487, -0.090857, -0.402085, -0.911083, 0.263068, 0.872680, -0.411370),
      ["LeftUpperLeg"] = CFrame.new(-0.074921, -0.004648, -0.165366, 0.967585, -0.028205, 0.250965, 0.000006, 0.993747, 0.111660, -0.252545, -0.108039, 0.961535),
      ["LowerTorso"] = CFrame.new(0.000105, 0.126529, -0.809362, -1.000000, -0.000002, -0.000345, 0.000002, 0.999905, -0.013811, 0.000345, -0.013811, -0.999905),
      ["RightUpperArm"] = CFrame.new(0.038800, -0.188154, -0.032710, 0.898341, 0.364004, -0.245935, -0.266981, 0.896970, 0.352372, 0.348861, -0.250890, 0.902967),
      ["RightUpperLeg"] = CFrame.new(0.046687, -0.000018, -0.017933, 0.999218, 0.000901, -0.039520, 0.000038, 0.999718, 0.023741, 0.039530, -0.023724, 0.998937),
      ["рҹҢ§пёҸрҹҳірҹ‘»рҹҸіпёҸвҖҚрҹҢҲрҹҳӮрҹ’һрҹҸҙвҖҚвҳ пёҸрҹҺёрҹҢ§пёҸрҹҳірҹ‘»рҹҸіпёҸвҖҚрҹҢҲрҹҳӮрҹ’һрҹҸҙвҖҚвҳ"] = CFrame.new(0.000002, -0.000001, 0.000001, 0.926148, -0.377127, -0.004966, 0.377154, 0.926124, 0.006944, 0.001980, -0.008304, 0.999964)
    }},
    { Time = 0.383, Data = {
      ["Head"] = CFrame.new(-0.000001, 0.000001, -0.000004, 0.244952, 0.282785, -0.927378, -0.123176, 0.957845, 0.259540, 0.961679, 0.050656, 0.269459),
      ["LeftUpperArm"] = CFrame.new(-0.129572, -0.738766, 0.257571, 0.960438, -0.277183, 0.027008, -0.090432, -0.402123, -0.911109, 0.263404, 0.872621, -0.411280),
      ["LeftUpperLeg"] = CFrame.new(-0.074912, -0.004638, -0.165331, 0.967603, -0.028697, 0.250839, 0.000025, 0.993530, 0.113567, -0.252475, -0.109882, 0.961344),
      ["LowerTorso"] = CFrame.new(0.000105, 0.126545, -0.807694, -1.000000, -0.000003, -0.000345, 0.000003, 0.999888, -0.014933, 0.000345, -0.014933, -0.999888),
      ["RightUpperArm"] = CFrame.new(0.038867, -0.188183, -0.032718, 0.898124, 0.364255, -0.246356, -0.267016, 0.896859, 0.352628, 0.349393, -0.250923, 0.902753),
      ["RightUpperLeg"] = CFrame.new(0.046687, 0.000006, -0.017934, 0.999218, 0.001025, -0.039518, -0.000011, 0.999671, 0.025641, 0.039531, -0.025620, 0.998890),
      ["рҹҢ§пёҸрҹҳірҹ‘»рҹҸіпёҸвҖҚрҹҢҲрҹҳӮрҹ’һрҹҸҙвҖҚвҳ пёҸрҹҺёрҹҢ§пёҸрҹҳірҹ‘»рҹҸіпёҸвҖҚрҹҢҲрҹҳӮрҹ’һрҹҸҙвҖҚвҳ"] = CFrame.new(0.000002, -0.000001, 0.000001, 0.925549, -0.378590, -0.005359, 0.378622, 0.925520, 0.007568, 0.002095, -0.009033, 0.999957)
    }},
    { Time = 0.400, Data = {
      ["Head"] = CFrame.new(-0.000001, 0.000001, -0.000004, 0.245027, 0.282814, -0.927350, -0.122053, 0.957896, 0.259881, 0.961803, 0.049508, 0.269228),
      ["LeftUpperArm"] = CFrame.new(-0.129625, -0.738747, 0.257563, 0.960366, -0.277385, 0.027467, -0.090065, -0.402049, -0.911178, 0.263790, 0.872590, -0.411097),
      ["LeftUpperLeg"] = CFrame.new(-0.074913, -0.004637, -0.165338, 0.967600, -0.029205, 0.250795, 0.000028, 0.993301, 0.115559, -0.252490, -0.111808, 0.961118),
      ["LowerTorso"] = CFrame.new(0.000105, 0.126563, -0.806015, -1.000000, -0.000003, -0.000345, 0.000003, 0.999871, -0.016055, 0.000345, -0.016055, -0.999871),
      ["RightUpperArm"] = CFrame.new(0.038933, -0.188212, -0.032727, 0.897907, 0.364506, -0.246776, -0.267051, 0.896748, 0.352883, 0.349924, -0.250955, 0.902538),
      ["RightUpperLeg"] = CFrame.new(0.046687, -0.000014, -0.017934, 0.999218, 0.001064, -0.039517, 0.000028, 0.999618, 0.027625, 0.039531, -0.027605, 0.998837),
      ["рҹҢ§пёҸрҹҳірҹ‘»рҹҸіпёҸвҖҚрҹҢҲрҹҳӮрҹ’һрҹҸҙвҖҚвҳ пёҸрҹҺёрҹҢ§пёҸрҹҳірҹ‘»рҹҸіпёҸвҖҚрҹҢҲрҹҳӮрҹ’һрҹҸҙвҖҚвҳ"] = CFrame.new(0.000002, -0.000001, 0.000001, 0.924913, -0.380133, -0.005821, 0.380171, 0.924881, 0.008089, 0.002309, -0.009695, 0.999950)
    }},
    { Time = 0.417, Data = {
      ["Head"] = CFrame.new(-0.000001, 0.000001, -0.000004, 0.244975, 0.282754, -0.927382, -0.121139, 0.957959, 0.260077, 0.961932, 0.048630, 0.268928),
      ["LeftUpperArm"] = CFrame.new(-0.129654, -0.738752, 0.257551, 0.960325, -0.277495, 0.027799, -0.089805, -0.402068, -0.911195, 0.264029, 0.872547, -0.411037),
      ["LeftUpperLeg"] = CFrame.new(-0.074915, -0.004635, -0.165345, 0.967596, -0.029713, 0.250750, 0.000032, 0.993067, 0.117551, -0.252505, -0.113734, 0.960888),
      ["LowerTorso"] = CFrame.new(0.000106, 0.126581, -0.804327, -1.000000, -0.000003, -0.000345, 0.000003, 0.999852, -0.017177, 0.000345, -0.017177, -0.999852),
      ["RightUpperArm"] = CFrame.new(0.038975, -0.188234, -0.032743, 0.897745, 0.364665, -0.247132, -0.267021, 0.896666, 0.353116, 0.350364, -0.251019, 0.902350),
      ["RightUpperLeg"] = CFrame.new(0.046687, 0.000009, -0.017935, 0.999218, 0.001191, -0.039514, -0.000017, 0.999559, 0.029698, 0.039532, -0.029674, 0.998778),
      ["рҹҢ§пёҸрҹҳірҹ‘»рҹҸіпёҸвҖҚрҹҢҲрҹҳӮрҹ’һрҹҸҙвҖҚвҳ пёҸрҹҺёрҹҢ§пёҸрҹҳірҹ‘»рҹҸіпёҸвҖҚрҹҢҲрҹҳӮрҹ’һрҹҸҙвҖҚвҳ"] = CFrame.new(0.000002, -0.000001, 0.000001, 0.924242, -0.381757, -0.006217, 0.381800, 0.924204, 0.008711, 0.002420, -0.010425, 0.999943)
    }},
    { Time = 0.433, Data = {
      ["Head"] = CFrame.new(-0.000001, 0.000001, -0.000004, 0.244982, 0.282828, -0.927357, -0.120372, 0.957977, 0.260368, 0.962026, 0.047843, 0.268731),
      ["LeftUpperArm"] = CFrame.new(-0.129684, -0.738732, 0.257551, 0.960283, -0.277607, 0.028116, -0.089532, -0.401995, -0.911254, 0.264273, 0.872545, -0.410884),
      ["LeftUpperLeg"] = CFrame.new(-0.074917, -0.004633, -0.165353, 0.967592, -0.030220, 0.250705, 0.000035, 0.992829, 0.119543, -0.252520, -0.115660, 0.960654),
      ["LowerTorso"] = CFrame.new(0.000106, 0.126603, -0.802544, -1.000000, -0.000003, -0.000345, 0.000003, 0.999831, -0.018386, 0.000345, -0.018386, -0.999831),
      ["RightUpperArm"] = CFrame.new(0.039010, -0.188248, -0.032743, 0.897609, 0.364802, -0.247423, -0.267022, 0.896610, 0.353256, 0.350710, -0.251018, 0.902215),
      ["RightUpperLeg"] = CFrame.new(0.046687, -0.000011, -0.017935, 0.999218, 0.001230, -0.039513, 0.000022, 0.999498, 0.031682, 0.039532, -0.031658, 0.998717),
      ["рҹҢ§пёҸрҹҳірҹ‘»рҹҸіпёҸвҖҚрҹҢҲрҹҳӮрҹ’һрҹҸҙвҖҚвҳ пёҸрҹҺёрҹҢ§пёҸрҹҳірҹ‘»рҹҸіпёҸвҖҚрҹҢҲрҹҳӮрҹ’һрҹҸҙвҖҚвҳ"] = CFrame.new(0.000002, -0.000001, 0.000001, 0.923567, -0.383379, -0.006698, 0.383429, 0.923524, 0.009315, 0.002614, -0.011171, 0.999934)
    }},
    { Time = 0.450, Data = {
      ["Head"] = CFrame.new(-0.000001, 0.000001, -0.000004, 0.244967, 0.282816, -0.927365, -0.119830, 0.958007, 0.260507, 0.962098, 0.047310, 0.268569),
      ["LeftUpperArm"] = CFrame.new(-0.129700, -0.738737, 0.257543, 0.960257, -0.277672, 0.028376, -0.089320, -0.402014, -0.911267, 0.264441, 0.872516, -0.410838),
      ["LeftUpperLeg"] = CFrame.new(-0.074919, -0.004637, -0.165361, 0.967588, -0.030739, 0.250657, 0.000027, 0.992577, 0.121619, -0.252535, -0.117671, 0.960406),
      ["LowerTorso"] = CFrame.new(0.000106, 0.126626, -0.800756, -1.000000, -0.000003, -0.000345, 0.000003, 0.999808, -0.019594, 0.000345, -0.019594, -0.999808),
      ["RightUpperArm"] = CFrame.new(0.039046, -0.188263, -0.032743, 0.897473, 0.364938, -0.247714, -0.267023, 0.896555, 0.353396, 0.351057, -0.251018, 0.902081),
      ["RightUpperLeg"] = CFrame.new(0.046687, 0.000012, -0.017935, 0.999218, 0.001358, -0.039510, -0.000023, 0.999430, 0.033754, 0.039534, -0.033727, 0.998649),
      ["рҹҢ§пёҸрҹҳірҹ‘»рҹҸіпёҸвҖҚрҹҢҲрҹҳӮрҹ’һрҹҸҙвҖҚвҳ пёҸрҹҺёрҹҢ§пёҸрҹҳірҹ‘»рҹҸіпёҸвҖҚрҹҢҲрҹҳӮрҹ’һрҹҸҙвҖҚвҳ"] = CFrame.new(0.000002, -0.000001, 0.000001, 0.922923, -0.384919, -0.007095, 0.384975, 0.922874, 0.009936, 0.002723, -0.011901, 0.999925)
    }},
    { Time = 0.467, Data = {
      ["Head"] = CFrame.new(-0.000001, 0.000001, -0.000004, 0.244929, 0.282819, -0.927374, -0.119406, 0.958026, 0.260631, 0.962160, 0.046898, 0.268419),
      ["LeftUpperArm"] = CFrame.new(-0.129736, -0.738737, 0.257532, 0.960211, -0.277808, 0.028589, -0.089178, -0.402014, -0.911281, 0.264654, 0.872472, -0.410792),
      ["LeftUpperLeg"] = CFrame.new(-0.074921, -0.004635, -0.165368, 0.967584, -0.031247, 0.250610, 0.000030, 0.992331, 0.123610, -0.252551, -0.119596, 0.960164),
      ["LowerTorso"] = CFrame.new(0.000106, 0.126650, -0.798961, -1.000000, -0.000004, -0.000345, 0.000004, 0.999784, -0.020802, 0.000345, -0.020802, -0.999784),
      ["RightUpperArm"] = CFrame.new(0.039076, -0.188277, -0.032752, 0.897391, 0.365053, -0.247843, -0.267056, 0.896499, 0.353511, 0.351241, -0.251050, 0.902000),
      ["RightUpperLeg"] = CFrame.new(0.046687, -0.000008, -0.017935, 0.999218, 0.001398, -0.039509, 0.000018, 0.999358, 0.035825, 0.039534, -0.035797, 0.998577),
      ["рҹҢ§пёҸрҹҳірҹ‘»рҹҸіпёҸвҖҚрҹҢҲрҹҳӮрҹ’һрҹҸҙвҖҚвҳ пёҸрҹҺёрҹҢ§пёҸрҹҳірҹ‘»рҹҸіпёҸвҖҚрҹҢҲрҹҳӮрҹ’һрҹҸҙвҖҚвҳ"] = CFrame.new(0.000003, -0.000002, 0.000001, 0.922242, -0.386539, -0.007578, 0.386602, 0.922186, 0.010539, 0.002915, -0.012649, 0.999916)
    }},
    { Time = 0.483, Data = {
      ["Head"] = CFrame.new(-0.000001, 0.000001, -0.000004, 0.244973, 0.282840, -0.927356, -0.119115, 0.958035, 0.260731, 0.962185, 0.046590, 0.268383),
      ["LeftUpperArm"] = CFrame.new(-0.129730, -0.738742, 0.257532, 0.960215, -0.277782, 0.028708, -0.089060, -0.402033, -0.911284, 0.264680, 0.872472, -0.410777),
      ["LeftUpperLeg"] = CFrame.new(-0.074913, -0.004637, -0.165334, 0.967601, -0.031760, 0.250477, 0.000028, 0.992070, 0.125686, -0.252482, -0.121607, 0.959929),
      ["LowerTorso"] = CFrame.new(0.000106, 0.126676, -0.797165, -1.000000, -0.000004, -0.000345, 0.000004, 0.999758, -0.022011, 0.000345, -0.022011, -0.999758),
      ["RightUpperArm"] = CFrame.new(0.039079, -0.188277, -0.032747, 0.897364, 0.365064, -0.247924, -0.267041, 0.896499, 0.353523, 0.351322, -0.251033, 0.901973),
      ["RightUpperLeg"] = CFrame.new(0.046687, 0.000014, -0.017936, 0.999218, 0.001526, -0.039506, -0.000028, 0.999282, 0.037897, 0.039535, -0.037866, 0.998500),
      ["рҹҢ§пёҸрҹҳірҹ‘»рҹҸіпёҸвҖҚрҹҢҲрҹҳӮрҹ’һрҹҸҙвҖҚвҳ пёҸрҹҺёрҹҢ§пёҸрҹҳірҹ‘»рҹҸіпёҸвҖҚрҹҢҲрҹҳӮрҹ’һрҹҸҙвҖҚвҳ"] = CFrame.new(0.000003, -0.000002, 0.000001, 0.921524, -0.388240, -0.007962, 0.388309, 0.921463, 0.011072, 0.003038, -0.013295, 0.999907)
    }},
    { Time = 0.500, Data = {
      ["Head"] = CFrame.new(-0.000001, 0.000001, -0.000004, 0.244995, 0.282774, -0.927371, -0.119049, 0.958057, 0.260680, 0.962187, 0.046537, 0.268383),
      ["LeftUpperArm"] = CFrame.new(-0.129730, -0.738742, 0.257532, 0.960215, -0.277782, 0.028708, -0.089060, -0.402033, -0.911284, 0.264680, 0.872472, -0.410777),
      ["LeftUpperLeg"] = CFrame.new(-0.074915, -0.004640, -0.165342, 0.967597, -0.032278, 0.250427, 0.000020, 0.991805, 0.127761, -0.252498, -0.123616, 0.959668),
      ["LowerTorso"] = CFrame.new(0.000107, 0.126703, -0.795366, -1.000000, -0.000004, -0.000345, 0.000004, 0.999730, -0.023219, 0.000345, -0.023219, -0.999730),
      ["RightUpperArm"] = CFrame.new(0.039104, -0.188285, -0.032739, 0.897309, 0.365156, -0.247989, -0.267105, 0.896471, 0.353547, 0.351414, -0.251001, 0.901946),
      ["RightUpperLeg"] = CFrame.new(0.046687, -0.000007, -0.017936, 0.999218, 0.001568, -0.039504, 0.000015, 0.999198, 0.040053, 0.039535, -0.040022, 0.998416),
      ["рҹҢ§пёҸрҹҳірҹ‘»рҹҸіпёҸвҖҚрҹҢҲрҹҳӮрҹ’һрҹҸҙвҖҚвҳ пёҸрҹҺёрҹҢ§пёҸрҹҳірҹ‘»рҹҸіпёҸвҖҚрҹҢҲрҹҳӮрҹ’һрҹҸҙвҖҚвҳ"] = CFrame.new(0.000003, -0.000002, 0.000001, 0.920837, -0.389857, -0.008447, 0.389935, 0.920768, 0.011673, 0.003227, -0.014043, 0.999896)
    }},
    { Time = 0.517, Data = {
      ["Head"] = CFrame.new(-0.000001, 0.000001, -0.000004, 0.244973, 0.282840, -0.927356, -0.119115, 0.958035, 0.260731, 0.962185, 0.046590, 0.268383),
      ["LeftUpperArm"] = CFrame.new(-0.129730, -0.738742, 0.257531, 0.960215, -0.277782, 0.028708, -0.089060, -0.402033, -0.911284, 0.264680, 0.872472, -0.410777),
      ["LeftUpperLeg"] = CFrame.new(-0.074917, -0.004644, -0.165350, 0.967593, -0.032797, 0.250376, 0.000012, 0.991536, 0.129836, -0.252515, -0.125625, 0.959403),
      ["LowerTorso"] = CFrame.new(0.000107, 0.126732, -0.793567, -1.000000, -0.000004, -0.000345, 0.000004, 0.999702, -0.024427, 0.000345, -0.024427, -0.999701),
      ["RightUpperArm"] = CFrame.new(0.039079, -0.188277, -0.032747, 0.897364, 0.365064, -0.247924, -0.267041, 0.896499, 0.353523, 0.351322, -0.251033, 0.901973),
      ["RightUpperLeg"] = CFrame.new(0.046687, 0.000016, -0.017937, 0.999218, 0.001696, -0.039501, -0.000030, 0.999112, 0.042125, 0.039537, -0.042090, 0.998331),
