return {
  ["Astros lay hump 4"] = {
    { Time = 0.000, Data = {
      ["Head"] = CFrame.new(-0.000001, 0.092450, -0.068490, 1.000000, -0.000000, 0.000000, 0.000000, 0.903738, 0.428085, -0.000000, -0.428085, 0.903738),
      ["LeftUpperArm"] = CFrame.new(0.196577, -0.094342, 0.414085, 0.835879, 0.469120, 0.285012, -0.398496, 0.875701, -0.272671, -0.377501, 0.114344, 0.918923),
      ["LeftUpperLeg"] = CFrame.new(-0.135650, 0.051002, -0.121209, 0.966463, -0.170035, 0.192453, 0.199644, 0.968841, -0.146591, -0.161531, 0.180097, 0.970295),
      ["LowerTorso"] = CFrame.new(-0.000006, -0.677013, -0.591251, 1.000000, 0.000000, 0.000000, 0.000000, 0.381920, -0.924195, 0.000000, 0.924195, 0.381920),
      ["RightUpperArm"] = CFrame.new(-0.158763, -0.197953, 0.381361, 0.904818, -0.325352, -0.274683, 0.252228, 0.929281, -0.269849, 0.343054, 0.174881, 0.922893),
      ["RightUpperLeg"] = CFrame.new(0.096040, -0.034417, -0.043970, 0.976018, 0.157111, -0.150681, -0.175118, 0.977839, -0.114738, 0.129316, 0.138373, 0.981901),
      ["­¤ī¦’ĖÅ­¤ś│­¤æ╗­¤Å│’ĖÅŌĆŹ­¤īł­¤śé­¤Æ×­¤Å┤ŌĆŹŌśĀ’ĖÅ­¤ÄĖ­¤ī¦’ĖÅ­¤ś│­¤æ╗­¤Å│’ĖÅŌĆŹ­¤īł­¤śé­¤Æ×­¤Å┤ŌĆŹŌś"] = CFrame.new(0.007904, -0.052112, 0.009893, 0.997094, -0.074175, 0.017354, 0.074528, 0.997004, -0.020688, -0.015768, 0.021921, 0.999635)
    }},
    { Time = 0.017, Data = {
      ["Head"] = CFrame.new(-0.000001, 0.092450, -0.068490, 1.000000, -0.000000, 0.000000, 0.000000, 0.903663, 0.428245, -0.000000, -0.428245, 0.903663),
      ["LeftUpperArm"] = CFrame.new(0.196586, -0.094150, 0.414225, 0.835870, 0.469154, 0.284984, -0.398637, 0.875714, -0.272422, -0.377372, 0.114104, 0.919005),
      ["LeftUpperLeg"] = CFrame.new(-0.135622, 0.051037, -0.121221, 0.966494, -0.170025, 0.192303, 0.199497, 0.968971, -0.145931, -0.161524, 0.179405, 0.970425),
      ["LowerTorso"] = CFrame.new(-0.000006, -0.676391, -0.591505, 1.000000, 0.000000, 0.000000, 0.000000, 0.381632, -0.924314, 0.000000, 0.924314, 0.381632),
      ["RightUpperArm"] = CFrame.new(-0.158771, -0.197754, 0.381497, 0.904792, -0.325385, -0.274729, 0.252371, 0.929334, -0.269531, 0.343016, 0.174536, 0.922972),
      ["RightUpperLeg"] = CFrame.new(0.096021, -0.034337, -0.043977, 0.976030, 0.157176, -0.150535, -0.175062, 0.977938, -0.113978, 0.129299, 0.137599, 0.982012)
    }},
    { Time = 0.033, Data = {
      ["Head"] = CFrame.new(-0.000001, 0.092450, -0.068490, 1.000000, -0.000000, 0.000000, 0.000000, 0.903321, 0.428965, -0.000000, -0.428965, 0.903321),
      ["LeftUpperArm"] = CFrame.new(0.196586, -0.093555, 0.414601, 0.835851, 0.469156, 0.285034, -0.399005, 0.875828, -0.271517, -0.377025, 0.113218, 0.919257),
      ["LeftUpperLeg"] = CFrame.new(-0.135569, 0.051220, -0.121346, 0.966526, -0.170175, 0.192011, 0.199215, 0.969368, -0.143661, -0.161682, 0.177103, 0.970821),
      ["LowerTorso"] = CFrame.new(-0.000006, -0.674429, -0.592309, 1.000000, 0.000000, 0.000000, 0.000000, 0.380671, -0.924710, 0.000000, 0.924710, 0.380671),
      ["RightUpperArm"] = CFrame.new(-0.158753, -0.197147, 0.381943, 0.904821, -0.325317, -0.274714, 0.252645, 0.929525, -0.268613, 0.342738, 0.173642, 0.923244),
      ["RightUpperLeg"] = CFrame.new(0.095963, -0.034173, -0.044085, 0.976071, 0.157182, -0.150262, -0.174741, 0.978249, -0.111781, 0.129424, 0.135363, 0.982307)
    }},
    { Time = 0.050, Data = {
      ["Head"] = CFrame.new(-0.000001, 0.092450, -0.068490, 1.000000, -0.000000, 0.000000, 0.000000, 0.902827, 0.430004, -0.000000, -0.430004, 0.902827),
      ["LeftUpperArm"] = CFrame.new(0.196580, -0.092562, 0.415246, 0.835883, 0.469131, 0.284982, -0.399606, 0.876022, -0.270001, -0.376317, 0.111809, 0.919720),
      ["LeftUpperLeg"] = CFrame.new(-0.135467, 0.051514, -0.121490, 0.966604, -0.170389, 0.191425, 0.198724, 0.969996, -0.140059, -0.161817, 0.173422, 0.971463),
      ["LowerTorso"] = CFrame.new(-0.000006, -0.671317, -0.593580, 1.000000, 0.000000, 0.000000, 0.000000, 0.379229, -0.925303, 0.000000, 0.925303, 0.379229),
      ["RightUpperArm"] = CFrame.new(-0.158754, -0.196149, 0.382687, 0.904827, -0.325318, -0.274694, 0.253200, 0.929801, -0.267131, 0.342314, 0.172155, 0.923680),
      ["RightUpperLeg"] = CFrame.new(0.095862, -0.033852, -0.044164, 0.976149, 0.157322, -0.149610, -0.174304, 0.978743, -0.108071, 0.129428, 0.131571, 0.982821)
    }},
    { Time = 0.067, Data = {
      ["Head"] = CFrame.new(-0.000001, 0.092450, -0.068490, 1.000000, -0.000000, 0.000000, 0.000000, 0.902065, 0.431601, -0.000000, -0.431601, 0.902065),
      ["LeftUpperArm"] = CFrame.new(0.196589, -0.091182, 0.416143, 0.835866, 0.469166, 0.284976, -0.400492, 0.876255, -0.267923, -0.375412, 0.109817, 0.920329),
      ["LeftUpperLeg"] = CFrame.new(-0.135340, 0.051957, -0.121747, 0.966683, -0.170759, 0.190697, 0.198098, 0.970863, -0.134844, -0.162115, 0.168128, 0.972343),
      ["LowerTorso"] = CFrame.new(-0.000006, -0.666862, -0.595396, 1.000000, 0.000000, 0.000000, 0.000000, 0.377112, -0.926168, 0.000000, 0.926168, 0.377112),
      ["RightUpperArm"] = CFrame.new(-0.158770, -0.194752, 0.383708, 0.904807, -0.325378, -0.274686, 0.254052, 0.930179, -0.265001, 0.341733, 0.169990, 0.924295),
      ["RightUpperLeg"] = CFrame.new(0.095721, -0.033447, -0.044343, 0.976255, 0.157400, -0.148834, -0.173602, 0.979423, -0.102920, 0.129571, 0.126314, 0.983492)
    }},
    { Time = 0.083, Data = {
      ["Head"] = CFrame.new(-0.000001, 0.092450, -0.068490, 1.000000, -0.000000, 0.000000, 0.000000, 0.901107, 0.433596, -0.000000, -0.433596, 0.901107),
      ["LeftUpperArm"] = CFrame.new(0.196590, -0.089401, 0.417276, 0.835839, 0.469171, 0.285048, -0.401602, 0.876579, -0.265187, -0.374285, 0.107178, 0.921099),
      ["LeftUpperLeg"] = CFrame.new(-0.135157, 0.052466, -0.122028, 0.966824, -0.171113, 0.189662, 0.197172, 0.971949, -0.128216, -0.162402, 0.161358, 0.973442),
      ["LowerTorso"] = CFrame.new(-0.000006, -0.661059, -0.597753, 1.000000, 0.000000, 0.000000, 0.000000, 0.374314, -0.927302, 0.000000, 0.927302, 0.374314),
      ["RightUpperArm"] = CFrame.new(-0.158761, -0.192952, 0.385034, 0.904815, -0.325346, -0.274698, 0.255020, 0.930685, -0.262280, 0.340989, 0.167261, 0.925068),
      ["RightUpperLeg"] = CFrame.new(0.095550, -0.032882, -0.044580, 0.976373, 0.157603, -0.147842, -0.172789, 0.980254, -0.096152, 0.129769, 0.119425, 0.984326)
    }},
    { Time = 0.100, Data = {
      ["Head"] = CFrame.new(-0.000001, 0.092450, -0.068490, 1.000000, -0.000000, 0.000000, 0.000000, 0.899952, 0.435989, -0.000000, -0.435989, 0.899952),
      ["LeftUpperArm"] = CFrame.new(0.196584, -0.087225, 0.418677, 0.835861, 0.469150, 0.285018, -0.402941, 0.876972, -0.261838, -0.372794, 0.104015, 0.922066),
      ["LeftUpperLeg"] = CFrame.new(-0.134941, 0.053128, -0.122368, 0.966980, -0.171607, 0.188414, 0.196120, 0.973192, -0.120146, -0.162745, 0.153130, 0.974713),
      ["LowerTorso"] = CFrame.new(-0.000006, -0.654097, -0.600567, 1.000000, 0.000000, 0.000000, 0.000000, 0.371027, -0.928622, 0.000000, 0.928622, 0.371027),
      ["RightUpperArm"] = CFrame.new(-0.158772, -0.190762, 0.386658, 0.904799, -0.325384, -0.274707, 0.256268, 0.931262, -0.258992, 0.340097, 0.163937, 0.925991),
      ["RightUpperLeg"] = CFrame.new(0.095327, -0.032234, -0.044825, 0.976543, 0.157742, -0.146563, -0.171708, 0.981206, -0.088039, 0.129921, 0.111140, 0.985276)
    }},
    { Time = 0.117, Data = {
      ["Head"] = CFrame.new(-0.000001, 0.092450, -0.068490, 1.000000, -0.000000, 0.000000, 0.000000, 0.898557, 0.438857, -0.000000, -0.438857, 0.898557),
      ["LeftUpperArm"] = CFrame.new(0.196575, -0.084656, 0.420335, 0.835872, 0.469113, 0.285046, -0.404482, 0.877426, -0.257911, -0.371096, 0.100284, 0.923163),
      ["LeftUpperLeg"] = CFrame.new(-0.134685, 0.053898, -0.122773, 0.967168, -0.172162, 0.186941, 0.194851, 0.974583, -0.110553, -0.163157, 0.143349, 0.976131),
      ["LowerTorso"] = CFrame.new(-0.000006, -0.645780, -0.603911, 1.000000, 0.000000, 0.000000, 0.000000, 0.367051, -0.930201, 0.000000, 0.930201, 0.367051),
      ["RightUpperArm"] = CFrame.new(-0.158753, -0.188165, 0.388569, 0.904836, -0.325312, -0.274670, 0.257657, 0.931976, -0.255017, 0.338946, 0.159978, 0.927104),
      ["RightUpperLeg"] = CFrame.new(0.095067, -0.031468, -0.045127, 0.976739, 0.157912, -0.145067, -0.170434, 0.982253, -0.078308, 0.130126, 0.101211, 0.986318)
    }},
    { Time = 0.133, Data = {
      ["Head"] = CFrame.new(-0.000001, 0.092450, -0.068490, 1.000000, -0.000000, 0.000000, 0.000000, 0.896918, 0.442198, -0.000000, -0.442198, 0.896918),
      ["LeftUpperArm"] = CFrame.new(0.196580, -0.081706, 0.422250, 0.835862, 0.469134, 0.285042, -0.406313, 0.877895, -0.253398, -0.369115, 0.095990, 0.924414),
      ["LeftUpperLeg"] = CFrame.new(-0.134389, 0.054775, -0.123241, 0.967385, -0.172773, 0.185243, 0.193365, 0.976075, -0.099433, -0.163632, 0.132010, 0.977649),
      ["LowerTorso"] = CFrame.new(-0.000006, -0.636198, -0.607740, 1.000000, 0.000000, 0.000000, 0.000000, 0.362478, -0.931992, 0.000000, 0.931992, 0.362478),
      ["RightUpperArm"] = CFrame.new(-0.158755, -0.185184, 0.390774, 0.904821, -0.325319, -0.274713, 0.259311, 0.932746, -0.250484, 0.337725, 0.155407, 0.928327),
      ["RightUpperLeg"] = CFrame.new(0.094770, -0.030532, -0.045428, 0.976958, 0.158178, -0.143292, -0.169065, 0.983310, -0.067214, 0.130268, 0.089890, 0.987396)
    }},
    { Time = 0.150, Data = {
      ["Head"] = CFrame.new(-0.000001, 0.092450, -0.068490, 1.000000, -0.000000, 0.000000, 0.000000, 0.895067, 0.445931, -0.000000, -0.445931, 0.895067),
      ["LeftUpperArm"] = CFrame.new(0.196581, -0.078368, 0.424428, 0.835868, 0.469137, 0.285017, -0.408352, 0.878409, -0.248286, -0.366841, 0.091148, 0.925807),
      ["LeftUpperLeg"] = CFrame.new(-0.134045, 0.055762, -0.123721, 0.967649, -0.173431, 0.183242, 0.191668, 0.977607, -0.086876, -0.164072, 0.119187, 0.979222),
      ["LowerTorso"] = CFrame.new(-0.000006, -0.625344, -0.612046, 1.000000, 0.000000, 0.000000, 0.000000, 0.357302, -0.933989, 0.000000, 0.933989, 0.357302),
      ["RightUpperArm"] = CFrame.new(-0.158771, -0.181814, 0.393257, 0.904806, -0.325381, -0.274688, 0.261264, 0.933583, -0.245285, 0.336255, 0.150169, 0.929722),
      ["RightUpperLeg"] = CFrame.new(0.094428, -0.029519, -0.045783, 0.977216, 0.158378, -0.141297, -0.167420, 0.984378, -0.054501, 0.130458, 0.076916, 0.988466)
    }},
    { Time = 0.167, Data = {
      ["Head"] = CFrame.new(-0.000001, 0.092450, -0.068490, 1.000000, -0.000000, 0.000000, 0.000000, 0.893001, 0.450055, -0.000000, -0.450055, 0.893001),
      ["LeftUpperArm"] = CFrame.new(0.196574, -0.074639, 0.426846, 0.835892, 0.469110, 0.284992, -0.410612, 0.878974, -0.242491, -0.364256, 0.085675, 0.927350),
      ["LeftUpperLeg"] = CFrame.new(-0.133669, 0.056860, -0.124302, 0.967927, -0.174127, 0.181102, 0.189759, 0.979130, -0.072774, -0.164650, 0.104806, 0.980768),
      ["LowerTorso"] = CFrame.new(-0.000006, -0.613211, -0.616820, 1.000000, 0.000000, 0.000000, 0.000000, 0.351514, -0.936182, 0.000000, 0.936182, 0.351514),
      ["RightUpperArm"] = CFrame.new(-0.158764, -0.178050, 0.396044, 0.904817, -0.325353, -0.274684, 0.263326, 0.934508, -0.239488, 0.334613, 0.144361, 0.931233),
      ["RightUpperLeg"] = CFrame.new(0.094049, -0.028380, -0.046181, 0.977498, 0.158579, -0.139103, -0.165596, 0.985369, -0.040334, 0.130671, 0.062461, 0.989456)
    }},
    { Time = 0.183, Data = {
      ["Head"] = CFrame.new(-0.000001, 0.092450, -0.068490, 1.000000, -0.000000, 0.000000, 0.000000, 0.890672, 0.454646, -0.000000, -0.454646, 0.890672),
      ["LeftUpperArm"] = CFrame.new(0.196584, -0.070538, 0.429515, 0.835861, 0.469149, 0.285017, -0.413140, 0.879523, -0.236124, -0.361457, 0.079615, 0.928984),
      ["LeftUpperLeg"] = CFrame.new(-0.133253, 0.058110, -0.124887, 0.968233, -0.174940, 0.178662, 0.187725, 0.980554, -0.057220, -0.165177, 0.088941, 0.982245),
      ["LowerTorso"] = CFrame.new(-0.000006, -0.599694, -0.622088, 1.000000, 0.000000, 0.000000, 0.000000, 0.345010, -0.938599, 0.000000, 0.938599, 0.345010),
      ["RightUpperArm"] = CFrame.new(-0.158755, -0.173902, 0.399132, 0.904827, -0.325319, -0.274692, 0.265575, 0.935485, -0.233103, 0.332803, 0.137967, 0.932849),
      ["RightUpperLeg"] = CFrame.new(0.093634, -0.027116, -0.046622, 0.977804, 0.158780, -0.136702, -0.163589, 0.986221, -0.024624, 0.130909, 0.046441, 0.990306)
    }},
    { Time = 0.200, Data = {
      ["Head"] = CFrame.new(-0.000001, 0.092450, -0.068490, 1.000000, -0.000000, 0.000000, 0.000000, 0.888114, 0.459622, -0.000000, -0.459622, 0.888114),
      ["LeftUpperArm"] = CFrame.new(0.196591, -0.066057, 0.432445, 0.835845, 0.469174, 0.285023, -0.415865, 0.880083, -0.229152, -0.358356, 0.073004, 0.930726),
      ["LeftUpperLeg"] = CFrame.new(-0.132789, 0.059429, -0.125525, 0.968585, -0.175696, 0.175995, 0.185394, 0.981844, -0.040132, -0.165748, 0.071499, 0.983573),
      ["LowerTorso"] = CFrame.new(-0.000006, -0.584979, -0.627768, 1.000000, 0.000000, 0.000000, 0.000000, 0.337976, -0.941155, 0.000000, 0.941155, 0.337976),
      ["RightUpperArm"] = CFrame.new(-0.158763, -0.169376, 0.402493, 0.904809, -0.325349, -0.274716, 0.268106, 0.936492, -0.226059, 0.330817, 0.130887, 0.934574),
      ["RightUpperLeg"] = CFrame.new(0.093176, -0.025723, -0.047056, 0.978145, 0.158968, -0.134019, -0.161407, 0.986860, -0.007465, 0.131072, 0.028933, 0.990951)
    }},
    { Time = 0.217, Data = {
      ["Head"] = CFrame.new(-0.000001, 0.092450, -0.068490, 1.000000, -0.000000, 0.000000, 0.000000, 0.885279, 0.465060, -0.000000, -0.465060, 0.885279),
      ["LeftUpperArm"] = CFrame.new(0.196570, -0.061186, 0.435619, 0.835882, 0.469096, 0.285043, -0.418719, 0.880694, -0.221477, -0.354930, 0.065776, 0.932576),
      ["LeftUpperLeg"] = CFrame.new(-0.132295, 0.060900, -0.126209, 0.968949, -0.176556, 0.173105, 0.182936, 0.982890, -0.021494, -0.166349, 0.052494, 0.984669),
      ["LowerTorso"] = CFrame.new(-0.000006, -0.568859, -0.633918, 1.000000, 0.000000, 0.000000, 0.000000, 0.330206, -0.943909, 0.000000, 0.943909, 0.330206),
      ["RightUpperArm"] = CFrame.new(-0.158769, -0.164473, 0.406158, 0.904815, -0.325369, -0.274671, 0.270829, 0.937523, -0.218411, 0.328575, 0.123233, 0.936404),
      ["RightUpperLeg"] = CFrame.new(0.092669, -0.024245, -0.047484, 0.978534, 0.159054, -0.131049, -0.158963, 0.987221, 0.011223, 0.131160, 0.009850, 0.991312)
    }},
    { Time = 0.233, Data = {
      ["Head"] = CFrame.new(-0.000001, 0.092450, -0.068490, 1.000000, -0.000000, 0.000000, 0.000000, 0.882157, 0.470955, -0.000000, -0.470955, 0.882157),
      ["LeftUpperArm"] = CFrame.new(0.196588, -0.055964, 0.439046, 0.835851, 0.469163, 0.285024, -0.421914, 0.881207, -0.213219, -0.351200, 0.057964, 0.934504),
      ["LeftUpperLeg"] = CFrame.new(-0.131746, 0.062443, -0.126890, 0.969372, -0.177335, 0.169915, 0.180191, 0.983631, -0.001416, -0.166882, 0.031990, 0.985458),
      ["LowerTorso"] = CFrame.new(-0.000006, -0.551525, -0.640453, 1.000000, 0.000000, 0.000000, 0.000000, 0.321888, -0.946778, 0.000000, 0.946778, 0.321888),
      ["RightUpperArm"] = CFrame.new(-0.158775, -0.159197, 0.410118, 0.904792, -0.325392, -0.274722, 0.273720, 0.938563, -0.210181, 0.326235, 0.114974, 0.938271),
      ["RightUpperLeg"] = CFrame.new(0.092126, -0.022639, -0.047942, 0.978943, 0.159111, -0.127881, -0.156345, 0.987202, 0.031450, 0.131249, -0.010794, 0.991291)
    }},
    { Time = 0.250, Data = {
      ["Head"] = CFrame.new(-0.000001, 0.092450, -0.068490, 1.000000, -0.000000, 0.000000, 0.000000, 0.878781, 0.477226, -0.000000, -0.477226, 0.878781),
      ["LeftUpperArm"] = CFrame.new(0.196582, -0.050363, 0.442737, 0.835870, 0.469145, 0.284999, -0.425211, 0.881727, -0.204337, -0.347155, 0.049614, 0.936494),
      ["LeftUpperLeg"] = CFrame.new(-0.131159, 0.064099, -0.127608, 0.969821, -0.178111, 0.166503, 0.177240, 0.983960, 0.020200, -0.167431, 0.009920, 0.985834),
      ["LowerTorso"] = CFrame.new(-0.000006, -0.532863, -0.647397, 1.000000, 0.000000, 0.000000, 0.000000, 0.312912, -0.949782, 0.000000, 0.949782, 0.312912),
      ["RightUpperArm"] = CFrame.new(-0.158777, -0.153548, 0.414358, 0.904791, -0.325395, -0.274721, 0.276809, 0.939612, -0.201261, 0.323620, 0.106054, 0.940225),
      ["RightUpperLeg"] = CFrame.new(0.091549, -0.020899, -0.048425, 0.979374, 0.159124, -0.124526, -0.153562, 0.986710, 0.053123, 0.131324, -0.032905, 0.990793)
    }},
    { Time = 0.267, Data = {
      ["Head"] = CFrame.new(-0.000001, 0.092450, -0.068490, 1.000000, -0.000000, 0.000000, 0.000000, 0.875400, 0.483400, -0.000000, -0.483400, 0.875400),
      ["LeftUpperArm"] = CFrame.new(0.196576, -0.044399, 0.446682, 0.835869, 0.469122, 0.285039, -0.428673, 0.882195, -0.194860, -0.342873, 0.040689, 0.938500),
      ["LeftUpperLeg"] = CFrame.new(-0.130527, 0.065870, -0.128318, 0.970311, -0.178875, 0.162787, 0.174086, 0.983776, 0.043341, -0.167899, -0.013715, 0.985709),
      ["LowerTorso"] = CFrame.new(-0.000006, -0.512863, -0.654731, 1.000000, 0.000000, 0.000000, 0.000000, 0.303265, -0.952906, 0.000000, 0.952906, 0.303265),
      ["RightUpperArm"] = CFrame.new(-0.158773, -0.147531, 0.418878, 0.904812, -0.325381, -0.274668, 0.280091, 0.940649, -0.191648, 0.320725, 0.096473, 0.942247),
      ["RightUpperLeg"] = CFrame.new(0.090931, -0.019025, -0.048887, 0.979835, 0.159087, -0.120893, -0.150614, 0.985643, 0.076312, 0.131297, -0.056565, 0.989728)
    }},
    { Time = 0.283, Data = {
      ["Head"] = CFrame.new(-0.000001, 0.092450, -0.068490, 1.000000, -0.000000, 0.000000, 0.000000, 0.872190, 0.489167, -0.000000, -0.489167, 0.872190),
      ["LeftUpperArm"] = CFrame.new(0.196586, -0.038084, 0.450868, 0.835863, 0.469158, 0.284996, -0.432403, 0.882565, -0.184680, -0.338171, 0.031134, 0.940569),
      ["LeftUpperLeg"] = CFrame.new(-0.129856, 0.067761, -0.129052, 0.970827, -0.179605, 0.158861, 0.170739, 0.982973, 0.067918, -0.168355, -0.038813, 0.984962),
      ["LowerTorso"] = CFrame.new(-0.000006, -0.491512, -0.662440, 1.000000, 0.000000, 0.000000, 0.000000, 0.292935, -0.956133, 0.000000, 0.956133, 0.292935),
      ["RightUpperArm"] = CFrame.new(-0.158775, -0.141159, 0.423715, 0.904801, -0.325386, -0.274700, 0.283517, 0.941629, -0.181530, 0.317732, 0.086367, 0.944239),
      ["RightUpperLeg"] = CFrame.new(0.090272, -0.017056, -0.049362, 0.980328, 0.158898, -0.117084, -0.147426, 0.983911, 0.100920, 0.131236, -0.081673, 0.987981)
    }},
    { Time = 0.300, Data = {
      ["Head"] = CFrame.new(-0.000001, 0.092450, -0.068490, 1.000000, -0.000000, 0.000000, 0.000000, 0.869161, 0.494529, -0.000000, -0.494529, 0.869161),
      ["LeftUpperArm"] = CFrame.new(0.196578, -0.031407, 0.455335, 0.835876, 0.469130, 0.285007, -0.436191, 0.882877, -0.173971, -0.333241, 0.021100, 0.942606),
      ["LeftUpperLeg"] = CFrame.new(-0.129149, 0.069772, -0.129805, 0.971367, -0.180292, 0.154728, 0.167202, 0.981439, 0.093918, -0.168789, -0.065358, 0.983483),
      ["LowerTorso"] = CFrame.new(-0.000006, -0.468901, -0.670472, 1.000000, 0.000000, 0.000000, 0.000000, 0.282012, -0.959411, 0.000000, 0.959411, 0.282012),
      ["RightUpperArm"] = CFrame.new(-0.158770, -0.134427, 0.428809, 0.904809, -0.325365, -0.274696, 0.287140, 0.942569, -0.170632, 0.314438, 0.075513, 0.946270),
      ["RightUpperLeg"] = CFrame.new(0.089567, -0.014990, -0.049805, 0.980862, 0.158547, -0.113013, -0.143999, 0.981393, 0.127009, 0.131048, -0.108305, 0.985442)
    }},
    { Time = 0.317, Data = {
      ["Head"] = CFrame.new(-0.000001, 0.092450, -0.068490, 1.000000, -0.000000, 0.000000, 0.000000, 0.866365, 0.499412, -0.000000, -0.499412, 0.866365),
      ["LeftUpperArm"] = CFrame.new(0.196584, -0.024389, 0.460014, 0.835851, 0.469154, 0.285040, -0.440237, 0.883056, -0.162491, -0.327940, 0.010333, 0.944642),
      ["LeftUpperLeg"] = CFrame.new(-0.128383, 0.071865, -0.130490, 0.971974, -0.180837, 0.150218, 0.163396, 0.979064, 0.121386, -0.169024, -0.093439, 0.981173),
      ["LowerTorso"] = CFrame.new(-0.000005, -0.444808, -0.678869, 1.000000, 0.000000, 0.000000, 0.000000, 0.270275, -0.962783, 0.000000, 0.962783, 0.270275),
      ["RightUpperArm"] = CFrame.new(-0.158769, -0.127350, 0.434223, 0.904810, -0.325361, -0.274698, 0.290904, 0.943412, -0.159214, 0.310956, 0.064148, 0.948257),
      ["RightUpperLeg"] = CFrame.new(0.088830, -0.012734, -0.050211, 0.981410, 0.158185, -0.108684, -0.140520, 0.977952, 0.154483, 0.130725, -0.136339, 0.981999)
    }},
    { Time = 0.333, Data = {
      ["Head"] = CFrame.new(-0.000001, 0.092450, -0.068490, 1.000000, -0.000000, 0.000000, 0.000000, 0.863764, 0.503897, -0.000000, -0.503897, 0.863764),
      ["LeftUpperArm"] = CFrame.new(0.196574, -0.017020, 0.464979, 0.835868, 0.469117, 0.285049, -0.444334, 0.883135, -0.150461, -0.322321, -0.000891, 0.946630),
      ["LeftUpperLeg"] = CFrame.new(-0.127588, 0.074082, -0.131225, 0.972588, -0.181313, 0.145593, 0.159405, 0.975714, 0.150241, -0.169298, -0.122915, 0.977870),
      ["LowerTorso"] = CFrame.new(-0.000005, -0.419531, -0.687522, 1.000000, 0.000000, 0.000000, 0.000000, 0.258023, -0.966139, 0.000000, 0.966139, 0.258023),
      ["RightUpperArm"] = CFrame.new(-0.158767, -0.119928, 0.439913, 0.904802, -0.325351, -0.274735, 0.294833, 0.944157, -0.147109, 0.307255, 0.052104, 0.950200),
      ["RightUpperLeg"] = CFrame.new(0.088049, -0.010417, -0.050609, 0.981998, 0.157547, -0.104208, -0.136732, 0.973501, 0.183305, 0.130326, -0.165756, 0.977517)
    }},
    { Time = 0.350, Data = {
      ["Head"] = CFrame.new(-0.000001, 0.092450, -0.068490, 1.000000, -0.000000, 0.000000, 0.000000, 0.861410, 0.507909, -0.000000, -0.507909, 0.861410),
      ["LeftUpperArm"] = CFrame.new(0.196587, -0.009700, 0.469923, 0.835859, 0.469163, 0.285002, -0.448474, 0.883027, -0.138326, -0.316562, -0.012195, 0.948493),
      ["LeftUpperLeg"] = CFrame.new(-0.126776, 0.076277, -0.131832, 0.973238, -0.181595, 0.140823, 0.155371, 0.971504, 0.178999, -0.169316, -0.152328, 0.973719),
      ["LowerTorso"] = CFrame.new(-0.000005, -0.394152, -0.696034, 1.000000, 0.000000, 0.000000, 0.000000, 0.245669, -0.969354, 0.000000, 0.969354, 0.245669),
      ["RightUpperArm"] = CFrame.new(-0.158768, -0.112548, 0.445604, 0.904813, -0.325351, -0.274700, 0.298732, 0.944744, -0.134975, 0.303435, 0.040065, 0.952009),
      ["RightUpperLeg"] = CFrame.new(0.087267, -0.008074, -0.050924, 0.982586, 0.156804, -0.099686, -0.132995, 0.968174, 0.212018, 0.129759, -0.195068, 0.972168)
    }},
    { Time = 0.367, Data = {
      ["Head"] = CFrame.new(-0.000001, 0.092450, -0.068490, 1.000000, -0.000000, 0.000000, 0.000000, 0.859312, 0.511452, -0.000000, -0.511452, 0.859312),
      ["LeftUpperArm"] = CFrame.new(0.196589, -0.002786, 0.474626, 0.835838, 0.469172, 0.285049, -0.452271, 0.882811, -0.126873, -0.311169, -0.022874, 0.950079),
      ["LeftUpperLeg"] = CFrame.new(-0.126014, 0.078371, -0.132396, 0.973838, -0.181770, 0.136378, 0.151569, 0.966709, 0.206157, -0.169311, -0.180093, 0.968969),
      ["LowerTorso"] = CFrame.new(-0.000005, -0.370088, -0.703951, 1.000000, 0.000000, 0.000000, 0.000000, 0.233961, -0.972246, 0.000000, 0.972246, 0.233961),
      ["RightUpperArm"] = CFrame.new(-0.158773, -0.105584, 0.450993, 0.904818, -0.325370, -0.274662, 0.302412, 0.945154, -0.123415, 0.299753, 0.028607, 0.953588),
      ["RightUpperLeg"] = CFrame.new(0.086538, -0.005798, -0.051209, 0.983119, 0.156073, -0.095485, -0.129557, 0.962331, 0.239029, 0.129194, -0.222623, 0.966306)
    }},
    { Time = 0.383, Data = {
      ["Head"] = CFrame.new(-0.000001, 0.092450, -0.068490, 1.000000, -0.000000, 0.000000, 0.000000, 0.857428, 0.514603, -0.000000, -0.514603, 0.857428),
      ["LeftUpperArm"] = CFrame.new(0.196577, 0.003731, 0.479075, 0.835862, 0.469130, 0.285048, -0.455761, 0.882514, -0.115982, -0.305969, -0.032969, 0.951470),
      ["LeftUpperLeg"] = CFrame.new(-0.125293, 0.080368, -0.132883, 0.974404, -0.181846, 0.132170, 0.148002, 0.961461, 0.231707, -0.169211, -0.206215, 0.963765),
      ["LowerTorso"] = CFrame.new(-0.000005, -0.347246, -0.711321, 1.000000, 0.000000, 0.000000, 0.000000, 0.222809, -0.974862, 0.000000, 0.974862, 0.222809),
      ["RightUpperArm"] = CFrame.new(-0.158761, -0.099025, 0.456081, 0.904821, -0.325324, -0.274707, 0.305792, 0.945436, -0.112434, 0.296295, 0.017729, 0.954932),
      ["RightUpperLeg"] = CFrame.new(0.085838, -0.003670, -0.051382, 0.983644, 0.155188, -0.091436, -0.126254, 0.956089, 0.264489, 0.128467, -0.248618, 0.960044)
    }},
    { Time = 0.400, Data = {
      ["Head"] = CFrame.new(-0.000001, 0.092450, -0.068490, 1.000000, -0.000000, 0.000000, 0.000000, 0.855764, 0.517366, -0.000000, -0.517366, 0.855764),
      ["LeftUpperArm"] = CFrame.new(0.196573, 0.009844, 0.483270, 0.835891, 0.469112, 0.284992, -0.459027, 0.882116, -0.105669, -0.300966, -0.042492, 0.952688),
      ["LeftUpperLeg"] = CFrame.new(-0.124608, 0.082222, -0.133293, 0.974950, -0.181754, 0.128208, 0.144584, 0.955897, 0.255649, -0.169019, -0.230708, 0.958231),
      ["LowerTorso"] = CFrame.new(-0.000005, -0.325643, -0.718162, 1.000000, 0.000000, 0.000000, 0.000000, 0.212226, -0.977221, 0.000000, 0.977221, 0.212226),
      ["RightUpperArm"] = CFrame.new(-0.158778, -0.092881, 0.460887, 0.904793, -0.325386, -0.274727, 0.309033, 0.945552, -0.102131, 0.293000, 0.007507, 0.956083),
      ["RightUpperLeg"] = CFrame.new(0.085182, -0.001658, -0.051535, 0.984130, 0.154263, -0.087703, -0.123151, 0.949577, 0.288336, 0.127761, -0.272959, 0.953504)
    }},
    { Time = 0.417, Data = {
      ["Head"] = CFrame.new(-0.000001, 0.092450, -0.068490, 1.000000, -0.000000, 0.000000, 0.000000, 0.854370, 0.519665, -0.000000, -0.519665, 0.854370),
      ["LeftUpperArm"] = CFrame.new(0.196573, 0.015559, 0.487198, 0.835873, 0.469114, 0.285042, -0.462068, 0.881636, -0.095976, -0.296327, -0.051485, 0.953698),
      ["LeftUpperLeg"] = CFrame.new(-0.123957, 0.083982, -0.133594, 0.975477, -0.181578, 0.124398, 0.141408, 0.950119, 0.277988, -0.168670, -0.253580, 0.952496),
      ["LowerTorso"] = CFrame.new(-0.000005, -0.305398, -0.724468, 1.000000, 0.000000, 0.000000, 0.000000, 0.202335, -0.979317, 0.000000, 0.979317, 0.202335),
      ["RightUpperArm"] = CFrame.new(-0.158779, -0.087130, 0.465419, 0.904790, -0.325389, -0.274730, 0.311976, 0.945578, -0.092483, 0.289871, -0.002032, 0.957063),
      ["RightUpperLeg"] = CFrame.new(0.084566, 0.000241, -0.051630, 0.984586, 0.153301, -0.084197, -0.120254, 0.942911, 0.310575, 0.127001, -0.295663, 0.946813)
    }},
    { Time = 0.433, Data = {
      ["Head"] = CFrame.new(-0.000001, 0.092450, -0.068490, 1.000000, -0.000000, 0.000000, 0.000000, 0.853203, 0.521579, -0.000000, -0.521579, 0.853203),
      ["LeftUpperArm"] = CFrame.new(0.196582, 0.020880, 0.490892, 0.835863, 0.469148, 0.285013, -0.464886, 0.881091, -0.086948, -0.291914, -0.059822, 0.954572),
      ["LeftUpperLeg"] = CFrame.new(-0.123354, 0.085635, -0.133874, 0.975958, -0.181353, 0.120905, 0.138449, 0.944236, 0.298747, -0.168342, -0.274825, 0.946643),
      ["LowerTorso"] = CFrame.new(-0.000005, -0.286419, -0.730281, 1.000000, 0.000000, 0.000000, 0.000000, 0.193040, -0.981191, 0.000000, 0.981191, 0.193040),
      ["RightUpperArm"] = CFrame.new(-0.158758, -0.081766, 0.469631, 0.904815, -0.325310, -0.274743, 0.314652, 0.945543, -0.083323, 0.286887, -0.011056, 0.957901),
      ["RightUpperLeg"] = CFrame.new(0.083994, 0.002018, -0.051716, 0.985005, 0.152328, -0.080997, -0.117544, 0.936202, 0.331225, 0.126284, -0.316738, 0.940069)
    }},
    { Time = 0.450, Data = {
      ["Head"] = CFrame.new(-0.000001, 0.092450, -0.068490, 1.000000, -0.000000, 0.000000, 0.000000, 0.852313, 0.523032, -0.000000, -0.523032, 0.852313),
      ["LeftUpperArm"] = CFrame.new(0.196575, 0.025823, 0.494329, 0.835879, 0.469122, 0.285012, -0.467419, 0.880543, -0.078511, -0.287796, -0.067594, 0.955303),
      ["LeftUpperLeg"] = CFrame.new(-0.122798, 0.087173, -0.134143, 0.976395, -0.181096, 0.117720, 0.135692, 0.938323, 0.318020, -0.168051, -0.294539, 0.940747),
      ["LowerTorso"] = CFrame.new(-0.000005, -0.268715, -0.735617, 1.000000, 0.000000, 0.000000, 0.000000, 0.184354, -0.982860, 0.000000, 0.982860, 0.184354),
      ["RightUpperArm"] = CFrame.new(-0.158768, -0.076802, 0.473585, 0.904811, -0.325346, -0.274714, 0.317189, 0.945397, -0.074932, 0.284093, -0.019337, 0.958602),
      ["RightUpperLeg"] = CFrame.new(0.083460, 0.003676, -0.051754, 0.985398, 0.151341, -0.078014, -0.115030, 0.929549, 0.350295, 0.125532, -0.336206, 0.933385)
    }},
    { Time = 0.467, Data = {
      ["Head"] = CFrame.new(-0.000001, 0.092450, -0.068490, 1.000000, -0.000000, 0.000000, 0.000000, 0.851702, 0.524026, -0.000000, -0.524026, 0.851702),
      ["LeftUpperArm"] = CFrame.new(0.196571, 0.030381, 0.497505, 0.835879, 0.469109, 0.285032, -0.469750, 0.879965, -0.070679, -0.283974, -0.074814, 0.955909),
      ["LeftUpperLeg"] = CFrame.new(-0.122276, 0.088612, -0.134316, 0.976814, -0.180787, 0.114677, 0.133171, 0.932499, 0.335726, -0.167631, -0.312670, 0.934953),
      ["LowerTorso"] = CFrame.new(-0.000005, -0.252298, -0.740492, 1.000000, 0.000000, 0.000000, 0.000000, 0.176286, -0.984339, 0.000000, 0.984339, 0.176286),
      ["RightUpperArm"] = CFrame.new(-0.158777, -0.072223, 0.477217, 0.904807, -0.325378, -0.274690, 0.319548, 0.945195, -0.067044, 0.281450, -0.027115, 0.959193),
      ["RightUpperLeg"] = CFrame.new(0.082970, 0.005257, -0.051756, 0.985754, 0.150433, -0.075229, -0.112793, 0.923037, 0.367806, 0.124769, -0.354080, 0.926855)
    }},
    { Time = 0.483, Data = {
      ["Head"] = CFrame.new(-0.000001, 0.092450, -0.068490, 1.000000, -0.000000, 0.000000, 0.000000, 0.851279, 0.524713, -0.000000, -0.524713, 0.851279),
      ["LeftUpperArm"] = CFrame.new(0.196576, 0.034559, 0.500448, 0.835890, 0.469126, 0.284970, -0.471877, 0.879374, -0.063515, -0.280392, -0.081379, 0.956430),
      ["LeftUpperLeg"] = CFrame.new(-0.121801, 0.089937, -0.134483, 0.977191, -0.180462, 0.111945, 0.130854, 0.926849, 0.351892, -0.167259, -0.329217, 0.929323),
      ["LowerTorso"] = CFrame.new(-0.000005, -0.237177, -0.744919, 1.000000, 0.000000, 0.000000, 0.000000, 0.168846, -0.985643, 0.000000, 0.985643, 0.168846),
      ["RightUpperArm"] = CFrame.new(-0.158769, -0.068019, 0.480572, 0.904807, -0.325346, -0.274725, 0.321623, 0.944976, -0.059831, 0.279074, -0.034222, 0.959660),
      ["RightUpperLeg"] = CFrame.new(0.082516, 0.006663, -0.051755, 0.986087, 0.149466, -0.072746, -0.110638, 0.916742, 0.383853, 0.124062, -0.370464, 0.920524)
    }},
    { Time = 0.500, Data = {
      ["Head"] = CFrame.new(-0.000001, 0.092450, -0.068490, 1.000000, -0.000000, 0.000000, 0.000000, 0.851185, 0.524866, -0.000000, -0.524866, 0.851185),
      ["LeftUpperArm"] = CFrame.new(0.196578, 0.038360, 0.503102, 0.835864, 0.469137, 0.285031, -0.473822, 0.878781, -0.056897, -0.277172, -0.087496, 0.956828),
      ["LeftUpperLeg"] = CFrame.new(-0.121364, 0.091154, -0.134604, 0.977539, -0.180117, 0.109435, 0.128750, 0.921456, 0.366527, -0.166857, -0.344205, 0.923949),
      ["LowerTorso"] = CFrame.new(-0.000005, -0.223361, -0.748913, 1.000000, 0.000000, 0.000000, 0.000000, 0.162043, -0.986784, 0.000000, 0.986784, 0.162043),
      ["RightUpperArm"] = CFrame.new(-0.158763, -0.064194, 0.483630, 0.904834, -0.325321, -0.274665, 0.323517, 0.944726, -0.053194, 0.276788, -0.040727, 0.960067),
      ["RightUpperLeg"] = CFrame.new(0.082104, 0.007987, -0.051726, 0.986385, 0.148596, -0.070450, -0.108750, 0.910753, 0.398376, 0.123360, -0.385291, 0.914513)
    }},
    { Time = 0.517, Data = {
      ["Head"] = CFrame.new(-0.000001, 0.092450, -0.068490, 1.000000, -0.000000, 0.000000, 0.000000, 0.851279, 0.524713, -0.000000, -0.524713, 0.851279),
      ["LeftUpperArm"] = CFrame.new(0.196568, 0.041798, 0.505526, 0.835893, 0.469096, 0.285011, -0.475495, 0.878242, -0.050934, -0.274202, -0.092946, 0.957170),
      ["LeftUpperLeg"] = CFrame.new(-0.120967, 0.092256, -0.134686, 0.977858, -0.179762, 0.107138, 0.126852, 0.916359, 0.379729, -0.166438, -0.357730, 0.918873),
      ["LowerTorso"] = CFrame.new(-0.000005, -0.210858, -0.752485, 1.000000, 0.000000, 0.000000, 0.000000, 0.155885, -0.987775, 0.000000, 0.987775, 0.155885),
      ["RightUpperArm"] = CFrame.new(-0.158781, -0.060752, 0.486401, 0.904786, -0.325392, -0.274740, 0.325295, 0.944430, -0.047273, 0.274856, -0.046599, 0.960356),
      ["RightUpperLeg"] = CFrame.new(0.081729, 0.009182, -0.051666, 0.986660, 0.147750, -0.068348, -0.107036, 0.905117, 0.411468, 0.122657, -0.398664, 0.908858)
    }},
    { Time = 0.533, Data = {
      ["Head"] = CFrame.new(-0.000001, 0.092450, -0.068490, 1.000000, -0.000000, 0.000000, 0.000000, 0.851702, 0.524026, -0.000000, -0.524026, 0.851702),
      ["LeftUpperArm"] = CFrame.new(0.196583, 0.044855, 0.507707, 0.835869, 0.469154, 0.284986, -0.477052, 0.877687, -0.045676, -0.271557, -0.097774, 0.957443),
      ["LeftUpperLeg"] = CFrame.new(-0.120614, 0.093235, -0.134772, 0.978138, -0.179423, 0.105136, 0.125139, 0.911622, 0.391518, -0.166091, -0.369802, 0.914145),
      ["LowerTorso"] = CFrame.new(-0.000004, -0.199788, -0.755629, 1.000000, 0.000000, 0.000000, 0.000000, 0.150493, -0.988611, 0.000000, 0.988611, 0.150493),
      ["RightUpperArm"] = CFrame.new(-0.158780, -0.057673, 0.488878, 0.904794, -0.325386, -0.274722, 0.326816, 0.944158, -0.041917, 0.273020, -0.051857, 0.960610),
      ["RightUpperLeg"] = CFrame.new(0.081400, 0.010281, -0.051627, 0.986893, 0.147032, -0.066507, -0.105564, 0.899924, 0.423075, 0.122057, -0.410509, 0.903650)
    }},
    { Time = 0.550, Data = {
      ["Head"] = CFrame.new(-0.000001, 0.092450, -0.068490, 1.000000, -0.000000, 0.000000, 0.000000, 0.852313, 0.523032, -0.000000, -0.523032, 0.852313),
      ["LeftUpperArm"] = CFrame.new(0.196576, 0.047555, 0.509608, 0.835879, 0.469128, 0.285001, -0.478367, 0.877206, -0.040930, -0.269206, -0.102123, 0.957653),
      ["LeftUpperLeg"] = CFrame.new(-0.120301, 0.094102, -0.134823, 0.978391, -0.179083, 0.103349, 0.123632, 0.907334, 0.401821, -0.165731, -0.380361, 0.909868),
      ["LowerTorso"] = CFrame.new(-0.000004, -0.189821, -0.758409, 1.000000, 0.000000, 0.000000, 0.000000, 0.145535, -0.989353, 0.000000, 0.989353, 0.145535),
      ["RightUpperArm"] = CFrame.new(-0.158783, -0.054964, 0.491079, 0.904805, -0.325396, -0.274674, 0.328149, 0.943892, -0.037236, 0.271379, -0.056443, 0.960816),
      ["RightUpperLeg"] = CFrame.new(0.081105, 0.011197, -0.051595, 0.987108, 0.146286, -0.064956, -0.104156, 0.895217, 0.433287, 0.121533, -0.420935, 0.898912)
    }},
    { Time = 0.567, Data = {
      ["Head"] = CFrame.new(-0.000001, 0.092450, -0.068490, 1.000000, -0.000000, 0.000000, 0.000000, 0.853203, 0.521579, -0.000000, -0.521579, 0.853203),
      ["LeftUpperArm"] = CFrame.new(0.196574, 0.049890, 0.511270, 0.835879, 0.469121, 0.285013, -0.479496, 0.876769, -0.036876, -0.267190, -0.105839, 0.957814),
      ["LeftUpperLeg"] = CFrame.new(-0.120025, 0.094851, -0.134841, 0.978617, -0.178753, 0.101768, 0.122322, 0.903513, 0.410734, -0.165369, -0.389502, 0.906058),
      ["LowerTorso"] = CFrame.new(-0.000004, -0.181299, -0.760780, 1.000000, 0.000000, 0.000000, 0.000000, 0.141355, -0.989959, 0.000000, 0.989959, 0.141355),
      ["RightUpperArm"] = CFrame.new(-0.158764, -0.052614, 0.492980, 0.904824, -0.325324, -0.274696, 0.329227, 0.943669, -0.033149, 0.270006, -0.060443, 0.960960),
      ["RightUpperLeg"] = CFrame.new(0.080852, 0.012020, -0.051548, 0.987290, 0.145665, -0.063568, -0.102996, 0.891023, 0.442120, 0.121042, -0.429953, 0.894701)
    }},
    { Time = 0.583, Data = {
      ["Head"] = CFrame.new(-0.000001, 0.092450, -0.068490, 1.000000, -0.000000, 0.000000, 0.000000, 0.854370, 0.519665, -0.000000, -0.519665, 0.854370),
      ["LeftUpperArm"] = CFrame.new(0.196574, 0.051861, 0.512670, 0.835870, 0.469119, 0.285041, -0.480455, 0.876382, -0.033430, -0.265487, -0.109006, 0.957932),
      ["LeftUpperLeg"] = CFrame.new(-0.119801, 0.095514, -0.134879, 0.978791, -0.178539, 0.100457, 0.121272, 0.900187, 0.418277, -0.165109, -0.397223, 0.902747),
      ["LowerTorso"] = CFrame.new(-0.000004, -0.174115, -0.762769, 1.000000, 0.000000, 0.000000, 0.000000, 0.137844, -0.990454, 0.000000, 0.990454, 0.137844),
      ["RightUpperArm"] = CFrame.new(-0.158767, -0.050637, 0.494577, 0.904819, -0.325336, -0.274700, 0.330216, 0.943439, -0.029666, 0.268814, -0.063868, 0.961072),
      ["RightUpperLeg"] = CFrame.new(0.080639, 0.012753, -0.051487, 0.987440, 0.145171, -0.062346, -0.102085, 0.887424, 0.449507, 0.120583, -0.437497, 0.891098)
    }},
    { Time = 0.600, Data = {
      ["Head"] = CFrame.new(-0.000001, 0.092450, -0.068490, 1.000000, -0.000000, 0.000000, 0.000000, 0.855764, 0.517366, -0.000000, -0.517366, 0.855764),
      ["LeftUpperArm"] = CFrame.new(0.196575, 0.053469, 0.513814, 0.835879, 0.469125, 0.285004, -0.481247, 0.876052, -0.030572, -0.264020, -0.111603, 0.958039),
      ["LeftUpperLeg"] = CFrame.new(-0.119613, 0.096010, -0.134920, 0.978941, -0.178274, 0.099458, 0.120320, 0.897458, 0.424373, -0.164915, -0.403470, 0.900008),
      ["LowerTorso"] = CFrame.new(-0.000004, -0.168160, -0.764398, 1.000000, 0.000000, 0.000000, 0.000000, 0.134894, -0.990860, 0.000000, 0.990860, 0.134894),
      ["RightUpperArm"] = CFrame.new(-0.158774, -0.049021, 0.495897, 0.904818, -0.325361, -0.274673, 0.331024, 0.943240, -0.026860, 0.267822, -0.066620, 0.961162),
      ["RightUpperLeg"] = CFrame.new(0.080459, 0.013297, -0.051438, 0.987574, 0.144662, -0.061406, -0.101230, 0.884441, 0.455540, 0.120209, -0.443663, 0.888095)
    }},
    { Time = 0.617, Data = {
      ["Head"] = CFrame.new(-0.000001, 0.092450, -0.068490, 1.000000, -0.000000, 0.000000, 0.000000, 0.857428, 0.514603, -0.000000, -0.514603, 0.857428),
      ["LeftUpperArm"] = CFrame.new(0.196580, 0.054718, 0.514713, 0.835856, 0.469143, 0.285042, -0.481861, 0.875787, -0.028427, -0.262972, -0.113589, 0.958093),
      ["LeftUpperLeg"] = CFrame.new(-0.119464, 0.096436, -0.134901, 0.979065, -0.178097, 0.098559, 0.119661, 0.895291, 0.429110, -0.164662, -0.408333, 0.897859),
      ["LowerTorso"] = CFrame.new(-0.000004, -0.163549, -0.765655, 1.000000, 0.000000, 0.000000, 0.000000, 0.132622, -0.991167, 0.000000, 0.991167, 0.132622),
      ["RightUpperArm"] = CFrame.new(-0.158780, -0.047768, 0.496914, 0.904797, -0.325384, -0.274713, 0.331663, 0.943076, -0.024660, 0.267099, -0.068800, 0.961210),
      ["RightUpperLeg"] = CFrame.new(0.080330, 0.013777, -0.051432, 0.987658, 0.144392, -0.060684, -0.100678, 0.882070, 0.460236, 0.119982, -0.448447, 0.885720)
    }},
    { Time = 0.633, Data = {
      ["Head"] = CFrame.new(-0.000001, 0.092450, -0.068490, 1.000000, -0.000000, 0.000000, 0.000000, 0.859312, 0.511452, -0.000000, -0.511452, 0.859312),
      ["LeftUpperArm"] = CFrame.new(0.196587, 0.055608, 0.515355, 0.835851, 0.469169, 0.285014, -0.482311, 0.875588, -0.026870, -0.262161, -0.115007, 0.958147),
      ["LeftUpperLeg"] = CFrame.new(-0.119364, 0.096723, -0.134939, 0.979140, -0.177980, 0.098026, 0.119154, 0.893723, 0.432506, -0.164585, -0.411803, 0.896287),
      ["LowerTorso"] = CFrame.new(-0.000004, -0.160288, -0.766546, 1.000000, 0.000000, 0.000000, 0.000000, 0.131030, -0.991378, 0.000000, 0.991378, 0.131030),
      ["RightUpperArm"] = CFrame.new(-0.158765, -0.046867, 0.497633, 0.904811, -0.325326, -0.274736, 0.332054, 0.942979, -0.023040, 0.266566, -0.070381, 0.961244),
      ["RightUpperLeg"] = CFrame.new(0.080230, 0.014077, -0.051398, 0.987734, 0.144095, -0.060156, -0.100197, 0.880366, 0.463591, 0.119760, -0.451877, 0.884005)
    }},
    { Time = 0.650, Data = {
      ["Head"] = CFrame.new(-0.000001, 0.092450, -0.068490, 1.000000, -0.000000, 0.000000, 0.000000, 0.861410, 0.507909, -0.000000, -0.507909, 0.861410),
      ["LeftUpperArm"] = CFrame.new(0.196574, 0.056151, 0.515738, 0.835882, 0.469121, 0.285003, -0.482522, 0.875501, -0.025908, -0.261675, -0.115864, 0.958176),
      ["LeftUpperLeg"] = CFrame.new(-0.119296, 0.096897, -0.134911, 0.979201, -0.177871, 0.097608, 0.118855, 0.892771, 0.434550, -0.164436, -0.413910, 0.895343),
      ["LowerTorso"] = CFrame.new(-0.000004, -0.158261, -0.767088, 1.000000, 0.000000, 0.000000, 0.000000, 0.130005, -0.991513, 0.000000, 0.991513, 0.130005),
