return {
  ["Astros lay "] = {
    { Time = 0.000, Data = {
      ["Balls"] = CFrame.new(-0.000003, -0.130001, 0.000008, 0.857152, -0.515064, 0.000000, 0.515064, 0.857152, 0.000000, 0.000000, 0.000000, 1.000000),
      ["Cock"] = CFrame.new(-0.000603, -0.129643, 0.000000, 0.987686, 0.156450, 0.000000, -0.156450, 0.987686, -0.000000, -0.000000, 0.000000, 1.000000),
      ["Head"] = CFrame.new(-0.000000, -0.000000, 0.000000, 0.894671, -0.446725, 0.000000, 0.446725, 0.894671, 0.000000, 0.000000, 0.000000, 1.000000),
      ["LeftUpperArm"] = CFrame.new(-0.124530, -0.100772, 0.165359, 0.880102, -0.473497, 0.034952, 0.359664, 0.616836, -0.700111, 0.309940, 0.628740, 0.713178),
      ["LeftUpperLeg"] = CFrame.new(-0.202860, -0.090421, -0.403351, 0.949788, 0.021946, 0.312123, -0.146179, 0.913105, 0.380619, -0.276648, -0.407133, 0.870465),
      ["LowerTorso"] = CFrame.new(0.000000, -1.891773, 0.315635, 1.000000, 0.000000, 0.000000, 0.000000, 0.081875, -0.996643, 0.000000, 0.996643, 0.081875),
      ["RightUpperArm"] = CFrame.new(0.139103, -0.092685, 0.144265, 0.848323, 0.528909, 0.024558, -0.384711, 0.647584, -0.657748, -0.363792, 0.548535, 0.752838),
      ["RightUpperLeg"] = CFrame.new(0.186913, -0.133750, -0.416444, 0.951050, 0.022352, -0.308229, 0.099721, 0.921832, 0.374543, 0.292507, -0.386946, 0.874479),
      ["Tip"] = CFrame.new(-0.020005, -0.006671, 0.036646, 1.000000, -0.000000, 0.000000, 0.000000, 0.999392, 0.034869, -0.000000, -0.034869, 0.999392),
      ["cuumer"] = CFrame.new(0.000198, -0.011724, 0.020613, 0.999996, 0.002848, -0.000111, -0.002849, 0.999847, -0.017264, 0.000062, 0.017264, 0.999851),
      ["rings"] = CFrame.new(0.000065, 0.000257, -0.000987, 0.999996, -0.002656, 0.001169, 0.002695, 0.999391, -0.034781, -0.001075, 0.034784, 0.999394)
    }},
    { Time = 0.017, Data = {
      ["Head"] = CFrame.new(-0.000000, -0.000000, 0.000000, 0.894671, -0.446725, 0.000000, 0.446725, 0.894671, 0.000000, 0.000000, 0.000000, 1.000000),
      ["LeftUpperArm"] = CFrame.new(-0.124530, -0.100772, 0.165359, 0.880102, -0.473497, 0.034952, 0.359664, 0.616836, -0.700111, 0.309940, 0.628740, 0.713178),
      ["LeftUpperLeg"] = CFrame.new(-0.202860, -0.090421, -0.403351, 0.949788, 0.021946, 0.312123, -0.146179, 0.913105, 0.380619, -0.276648, -0.407133, 0.870465),
      ["LowerTorso"] = CFrame.new(0.000000, -1.891773, 0.315636, 1.000000, 0.000000, 0.000000, 0.000000, 0.081875, -0.996643, 0.000000, 0.996643, 0.081875),
      ["RightUpperArm"] = CFrame.new(0.139103, -0.092685, 0.144265, 0.848323, 0.528909, 0.024558, -0.384711, 0.647584, -0.657748, -0.363792, 0.548535, 0.752838),
      ["RightUpperLeg"] = CFrame.new(0.186913, -0.133750, -0.416444, 0.951050, 0.022352, -0.308229, 0.099721, 0.921832, 0.374543, 0.292507, -0.386946, 0.874479)
    }},
    { Time = 0.033, Data = {
      ["Head"] = CFrame.new(-0.000000, -0.000000, 0.000000, 0.894671, -0.446725, 0.000000, 0.446725, 0.894671, 0.000000, 0.000000, 0.000000, 1.000000),
      ["LeftUpperArm"] = CFrame.new(-0.124530, -0.100772, 0.165359, 0.880102, -0.473497, 0.034952, 0.359664, 0.616836, -0.700111, 0.309940, 0.628740, 0.713178),
      ["LeftUpperLeg"] = CFrame.new(-0.202860, -0.090421, -0.403351, 0.949788, 0.021946, 0.312123, -0.146179, 0.913105, 0.380619, -0.276648, -0.407133, 0.870465),
      ["LowerTorso"] = CFrame.new(0.000000, -1.891768, 0.315635, 1.000000, 0.000000, 0.000000, 0.000000, 0.081875, -0.996643, 0.000000, 0.996643, 0.081875),
      ["RightUpperArm"] = CFrame.new(0.139103, -0.092685, 0.144265, 0.848323, 0.528909, 0.024558, -0.384711, 0.647584, -0.657748, -0.363792, 0.548535, 0.752838),
      ["RightUpperLeg"] = CFrame.new(0.186913, -0.133751, -0.416443, 0.951050, 0.022352, -0.308229, 0.099721, 0.921832, 0.374543, 0.292507, -0.386946, 0.874479)
    }},
    { Time = 0.050, Data = {
      ["Head"] = CFrame.new(-0.000000, -0.000000, 0.000000, 0.894671, -0.446725, 0.000000, 0.446725, 0.894671, 0.000000, 0.000000, 0.000000, 1.000000),
      ["LeftUpperArm"] = CFrame.new(-0.124539, -0.100738, 0.165319, 0.880088, -0.473531, 0.034830, 0.359660, 0.616964, -0.700000, 0.309983, 0.628589, 0.713293),
      ["LeftUpperLeg"] = CFrame.new(-0.202860, -0.090422, -0.403350, 0.949788, 0.021946, 0.312123, -0.146179, 0.913105, 0.380619, -0.276648, -0.407133, 0.870465),
      ["LowerTorso"] = CFrame.new(0.000000, -1.891746, 0.315633, 1.000000, 0.000000, 0.000000, 0.000000, 0.081875, -0.996643, 0.000000, 0.996643, 0.081875),
      ["RightUpperArm"] = CFrame.new(0.139103, -0.092670, 0.144247, 0.848323, 0.528907, 0.024584, -0.384729, 0.647642, -0.657681, -0.363774, 0.548468, 0.752895),
      ["RightUpperLeg"] = CFrame.new(0.186913, -0.133756, -0.416441, 0.951050, 0.022352, -0.308229, 0.099721, 0.921832, 0.374543, 0.292507, -0.386946, 0.874479)
    }},
    { Time = 0.067, Data = {
      ["Head"] = CFrame.new(0.000000, -0.000000, 0.000000, 0.894671, -0.446725, -0.000020, 0.446725, 0.894671, 0.000084, -0.000020, -0.000084, 1.000000),
      ["LeftUpperArm"] = CFrame.new(-0.124540, -0.100688, 0.165268, 0.880088, -0.473536, 0.034762, 0.359705, 0.617156, -0.699808, 0.309931, 0.628397, 0.713485),
      ["LeftUpperLeg"] = CFrame.new(-0.202860, -0.090425, -0.403349, 0.949788, 0.021946, 0.312123, -0.146179, 0.913105, 0.380619, -0.276648, -0.407133, 0.870465),
      ["LowerTorso"] = CFrame.new(0.000000, -1.891693, 0.315629, 1.000000, 0.000000, 0.000000, 0.000000, 0.081875, -0.996643, 0.000000, 0.996643, 0.081875),
      ["RightUpperArm"] = CFrame.new(0.139109, -0.092624, 0.144188, 0.848305, 0.528930, 0.024736, -0.384749, 0.647815, -0.657498, -0.363795, 0.548241, 0.753050),
      ["RightUpperLeg"] = CFrame.new(0.186914, -0.133817, -0.416425, 0.951046, 0.022283, -0.308244, 0.099818, 0.921794, 0.374609, 0.292485, -0.387039, 0.874445)
    }},
    { Time = 0.083, Data = {
      ["Head"] = CFrame.new(0.000000, -0.000000, 0.000000, 0.894671, -0.446725, -0.000020, 0.446725, 0.894671, 0.000084, -0.000020, -0.000084, 1.000000),
      ["LeftUpperArm"] = CFrame.new(-0.124540, -0.100560, 0.165142, 0.880102, -0.473536, 0.034415, 0.359670, 0.617644, -0.699395, 0.309933, 0.627917, 0.713906),
      ["LeftUpperLeg"] = CFrame.new(-0.202861, -0.090435, -0.403343, 0.949788, 0.021932, 0.312124, -0.146191, 0.913070, 0.380698, -0.276641, -0.407213, 0.870429),
      ["LowerTorso"] = CFrame.new(0.000000, -1.891579, 0.315619, 1.000000, 0.000000, 0.000000, 0.000000, 0.081875, -0.996643, 0.000000, 0.996643, 0.081875),
      ["RightUpperArm"] = CFrame.new(0.139102, -0.092522, 0.144073, 0.848311, 0.528904, 0.025073, -0.384719, 0.648205, -0.657131, -0.363812, 0.547806, 0.753359),
      ["RightUpperLeg"] = CFrame.new(0.186914, -0.133851, -0.416411, 0.951046, 0.022296, -0.308243, 0.099831, 0.921760, 0.374689, 0.292481, -0.387119, 0.874411)
    }},
    { Time = 0.100, Data = {
      ["Head"] = CFrame.new(-0.000000, -0.000000, 0.000000, 0.894671, -0.446725, -0.000143, 0.446725, 0.894671, 0.000232, 0.000025, -0.000272, 1.000000),
      ["LeftUpperArm"] = CFrame.new(-0.124558, -0.100331, 0.164903, 0.880089, -0.473606, 0.033777, 0.359657, 0.618515, -0.698632, 0.309984, 0.627007, 0.714684),
      ["LeftUpperLeg"] = CFrame.new(-0.202861, -0.090450, -0.403336, 0.949788, 0.021918, 0.312125, -0.146203, 0.913035, 0.380778, -0.276635, -0.407292, 0.870394),
      ["LowerTorso"] = CFrame.new(0.000000, -1.891370, 0.315602, 1.000000, 0.000000, 0.000000, 0.000000, 0.081875, -0.996643, 0.000000, 0.996643, 0.081875),
      ["RightUpperArm"] = CFrame.new(0.139100, -0.092329, 0.143846, 0.848299, 0.528896, 0.025639, -0.384762, 0.648941, -0.656379, -0.363795, 0.546941, 0.753995),
      ["RightUpperLeg"] = CFrame.new(0.186913, -0.133908, -0.416388, 0.951046, 0.022310, -0.308242, 0.099844, 0.921726, 0.374769, 0.292476, -0.387199, 0.874377)
    }},
    { Time = 0.117, Data = {
      ["Head"] = CFrame.new(0.000000, 0.000000, 0.000000, 0.894671, -0.446725, -0.000203, 0.446725, 0.894671, 0.000484, -0.000035, -0.000524, 1.000000),
      ["LeftUpperArm"] = CFrame.new(-0.124569, -0.099941, 0.164509, 0.880103, -0.473648, 0.032825, 0.359673, 0.619997, -0.697308, 0.309927, 0.625509, 0.716020),
      ["LeftUpperLeg"] = CFrame.new(-0.202853, -0.090503, -0.403275, 0.949807, 0.022006, 0.312061, -0.146282, 0.912992, 0.380850, -0.276529, -0.407383, 0.870385),
      ["LowerTorso"] = CFrame.new(0.000000, -1.891026, 0.315574, 1.000000, 0.000000, 0.000000, 0.000000, 0.081875, -0.996643, 0.000000, 0.996643, 0.081875),
      ["RightUpperArm"] = CFrame.new(0.139072, -0.092022, 0.143508, 0.848337, 0.528789, 0.026572, -0.384704, 0.650108, -0.655258, -0.363768, 0.545657, 0.754938),
      ["RightUpperLeg"] = CFrame.new(0.186914, -0.134045, -0.416340, 0.951043, 0.022254, -0.308257, 0.099953, 0.921655, 0.374916, 0.292450, -0.387372, 0.874309)
    }},
    { Time = 0.133, Data = {
      ["Head"] = CFrame.new(-0.000000, -0.000000, 0.000000, 0.894671, -0.446725, -0.000366, 0.446725, 0.894671, 0.000801, -0.000030, -0.000880, 1.000000),
      ["LeftUpperArm"] = CFrame.new(-0.124597, -0.099357, 0.163908, 0.880103, -0.473752, 0.031280, 0.359647, 0.622215, -0.695344, 0.309958, 0.623223, 0.717996),
      ["LeftUpperLeg"] = CFrame.new(-0.202859, -0.090584, -0.403245, 0.949800, 0.022047, 0.312081, -0.146402, 0.912879, 0.381075, -0.276491, -0.407635, 0.870280),
      ["LowerTorso"] = CFrame.new(0.000000, -1.890499, 0.315531, 1.000000, 0.000000, 0.000000, 0.000000, 0.081875, -0.996643, 0.000000, 0.996643, 0.081875),
      ["RightUpperArm"] = CFrame.new(0.139060, -0.091550, 0.142955, 0.848319, 0.528745, 0.028014, -0.384743, 0.651902, -0.653450, -0.363770, 0.543555, 0.756451),
      ["RightUpperLeg"] = CFrame.new(0.186913, -0.134232, -0.416271, 0.951039, 0.022212, -0.308271, 0.100076, 0.921549, 0.375142, 0.292419, -0.387626, 0.874207)
    }},
    { Time = 0.150, Data = {
      ["Head"] = CFrame.new(0.000000, -0.000000, 0.000000, 0.894671, -0.446725, -0.000653, 0.446725, 0.894670, 0.001265, 0.000019, -0.001424, 0.999999),
      ["LeftUpperArm"] = CFrame.new(-0.124634, -0.098517, 0.163036, 0.880101, -0.473891, 0.029130, 0.359672, 0.625411, -0.692457, 0.309931, 0.619910, 0.720871),
      ["LeftUpperLeg"] = CFrame.new(-0.202866, -0.090682, -0.403207, 0.949792, 0.022075, 0.312102, -0.146535, 0.912730, 0.381380, -0.276446, -0.407966, 0.870139),
      ["LowerTorso"] = CFrame.new(0.000000, -1.889734, 0.315468, 1.000000, 0.000000, 0.000000, 0.000000, 0.081875, -0.996643, 0.000000, 0.996643, 0.081875),
      ["RightUpperArm"] = CFrame.new(0.139032, -0.090861, 0.142153, 0.848311, 0.528638, 0.030153, -0.384740, 0.654519, -0.650830, -0.363789, 0.540506, 0.758624),
      ["RightUpperLeg"] = CFrame.new(0.186912, -0.134490, -0.416174, 0.951036, 0.022197, -0.308283, 0.100225, 0.921376, 0.375529, 0.292380, -0.388039, 0.874037)
    }},
    { Time = 0.167, Data = {
      ["Head"] = CFrame.new(0.000000, -0.000000, 0.000000, 0.894671, -0.446724, -0.000980, 0.446725, 0.894669, 0.001898, 0.000029, -0.002135, 0.999998),
      ["LeftUpperArm"] = CFrame.new(-0.124683, -0.097330, 0.161792, 0.880098, -0.474081, 0.025998, 0.359653, 0.629923, -0.688365, 0.309964, 0.615179, 0.724898),
      ["LeftUpperLeg"] = CFrame.new(-0.202877, -0.090839, -0.403150, 0.949777, 0.022171, 0.312141, -0.146763, 0.912539, 0.381750, -0.276377, -0.408389, 0.869962),
      ["LowerTorso"] = CFrame.new(0.000000, -1.888664, 0.315380, 1.000000, 0.000000, 0.000000, 0.000000, 0.081875, -0.996643, 0.000000, 0.996643, 0.081875),
      ["RightUpperArm"] = CFrame.new(0.138985, -0.089916, 0.141047, 0.848315, 0.528459, 0.033064, -0.384749, 0.658115, -0.647189, -0.363773, 0.536299, 0.761612),
      ["RightUpperLeg"] = CFrame.new(0.186898, -0.134866, -0.415992, 0.951056, 0.022109, -0.308228, 0.100466, 0.921130, 0.376066, 0.292232, -0.388627, 0.873825)
    }},
    { Time = 0.183, Data = {
      ["Head"] = CFrame.new(-0.000000, 0.000000, -0.000000, 0.894671, -0.446723, -0.001365, 0.446725, 0.894667, 0.002782, -0.000021, -0.003099, 0.999995),
      ["LeftUpperArm"] = CFrame.new(-0.124736, -0.095757, 0.160125, 0.880102, -0.474280, 0.021892, 0.359669, 0.635905, -0.682834, 0.309933, 0.608838, 0.730245),
      ["LeftUpperLeg"] = CFrame.new(-0.202881, -0.091063, -0.403026, 0.949781, 0.022328, 0.312119, -0.147094, 0.912233, 0.382352, -0.276189, -0.409062, 0.869706),
      ["LowerTorso"] = CFrame.new(0.000000, -1.887222, 0.315262, 1.000000, 0.000000, 0.000000, 0.000000, 0.081875, -0.996643, 0.000000, 0.996643, 0.081875),
      ["RightUpperArm"] = CFrame.new(0.138908, -0.088633, 0.139534, 0.848332, 0.528167, 0.037055, -0.384723, 0.662992, -0.642207, -0.363760, 0.530549, 0.765635),
      ["RightUpperLeg"] = CFrame.new(0.186885, -0.135387, -0.415759, 0.951072, 0.021965, -0.308188, 0.100817, 0.920812, 0.376750, 0.292058, -0.389387, 0.873544)
    }},
    { Time = 0.200, Data = {
      ["Head"] = CFrame.new(-0.000000, 0.000000, -0.000000, 0.894671, -0.446722, -0.001999, 0.446726, 0.894662, 0.003963, 0.000018, -0.004439, 0.999990),
      ["LeftUpperArm"] = CFrame.new(-0.124809, -0.093729, 0.157921, 0.880070, -0.474559, 0.016471, 0.359700, 0.643616, -0.675555, 0.309989, 0.600461, 0.737125),
      ["LeftUpperLeg"] = CFrame.new(-0.202899, -0.091326, -0.402925, 0.949758, 0.022438, 0.312181, -0.147467, 0.911857, 0.383107, -0.276068, -0.409895, 0.869352),
      ["LowerTorso"] = CFrame.new(0.000000, -1.885328, 0.315106, 1.000000, 0.000000, 0.000000, 0.000000, 0.081875, -0.996643, 0.000000, 0.996643, 0.081875),
      ["RightUpperArm"] = CFrame.new(0.138801, -0.086980, 0.137551, 0.848340, 0.527762, 0.042276, -0.384688, 0.669277, -0.635675, -0.363779, 0.523006, 0.770798),
      ["RightUpperLeg"] = CFrame.new(0.186885, -0.136092, -0.415502, 0.951058, 0.021810, -0.308242, 0.101320, 0.920353, 0.377735, 0.291930, -0.390479, 0.873099)
    }},
    { Time = 0.217, Data = {
      ["Head"] = CFrame.new(-0.000000, 0.000000, -0.000000, 0.894670, -0.446719, -0.002691, 0.446727, 0.894654, 0.005396, -0.000003, -0.006030, 0.999982),
      ["LeftUpperArm"] = CFrame.new(-0.124857, -0.091119, 0.155038, 0.880075, -0.474741, 0.009492, 0.359723, 0.653538, -0.665948, 0.309949, 0.589499, 0.745938),
      ["LeftUpperLeg"] = CFrame.new(-0.202910, -0.091657, -0.402757, 0.949754, 0.022621, 0.312180, -0.147931, 0.911400, 0.384012, -0.275834, -0.410898, 0.868952),
      ["LowerTorso"] = CFrame.new(0.000000, -1.882895, 0.314906, 1.000000, 0.000000, 0.000000, 0.000000, 0.081875, -0.996643, 0.000000, 0.996643, 0.081875),
      ["RightUpperArm"] = CFrame.new(0.138660, -0.084871, 0.134954, 0.848313, 0.527225, 0.048971, -0.384737, 0.677295, -0.627095, -0.363788, 0.513132, 0.777402),
      ["RightUpperLeg"] = CFrame.new(0.186857, -0.136963, -0.415097, 0.951093, 0.021564, -0.308150, 0.101899, 0.919821, 0.378875, 0.291612, -0.391746, 0.872638)
    }},
    { Time = 0.233, Data = {
      ["Head"] = CFrame.new(-0.000000, -0.000000, -0.000000, 0.894670, -0.446714, -0.003671, 0.446729, 0.894640, 0.007294, 0.000026, -0.008165, 0.999967),
      ["LeftUpperArm"] = CFrame.new(-0.124887, -0.087915, 0.151385, 0.880064, -0.474855, 0.000663, 0.359695, 0.665723, -0.653783, 0.310011, 0.575610, 0.756681),
      ["LeftUpperLeg"] = CFrame.new(-0.202928, -0.092079, -0.402553, 0.949742, 0.022832, 0.312201, -0.148527, 0.910793, 0.385222, -0.275555, -0.412232, 0.868409),
      ["LowerTorso"] = CFrame.new(0.000000, -1.879833, 0.314655, 1.000000, 0.000000, 0.000000, 0.000000, 0.081875, -0.996643, 0.000000, 0.996643, 0.081875),
      ["RightUpperArm"] = CFrame.new(0.138439, -0.082267, 0.131679, 0.848312, 0.526383, 0.057344, -0.384755, 0.687197, -0.616218, -0.363774, 0.500681, 0.785485),
      ["RightUpperLeg"] = CFrame.new(0.186843, -0.138068, -0.414648, 0.951099, 0.021320, -0.308151, 0.102643, 0.919110, 0.380396, 0.291335, -0.393424, 0.871976)
    }},
    { Time = 0.250, Data = {
      ["Head"] = CFrame.new(-0.000000, 0.000000, -0.000000, 0.894668, -0.446705, -0.004833, 0.446731, 0.894617, 0.009592, 0.000040, -0.010741, 0.999942),
      ["LeftUpperArm"] = CFrame.new(-0.124858, -0.084001, 0.146762, 0.880063, -0.474745, -0.010262, 0.359705, 0.680603, -0.638273, 0.310001, 0.558029, 0.769742),
      ["LeftUpperLeg"] = CFrame.new(-0.202955, -0.092632, -0.402305, 0.949714, 0.023168, 0.312260, -0.149326, 0.910060, 0.386642, -0.275218, -0.413828, 0.867757),
      ["LowerTorso"] = CFrame.new(0.000000, -1.876038, 0.314343, 1.000000, 0.000000, 0.000000, 0.000000, 0.081875, -0.996643, 0.000000, 0.996643, 0.081875),
      ["RightUpperArm"] = CFrame.new(0.138108, -0.079096, 0.127572, 0.848325, 0.525125, 0.067736, -0.384739, 0.699254, -0.602511, -0.363759, 0.485065, 0.795231),
      ["RightUpperLeg"] = CFrame.new(0.186815, -0.139407, -0.414065, 0.951127, 0.021031, -0.308085, 0.103505, 0.918253, 0.382227, 0.290938, -0.395434, 0.871198)
    }},
    { Time = 0.267, Data = {
      ["Head"] = CFrame.new(0.000000, 0.000000, -0.000000, 0.894666, -0.446692, -0.006219, 0.446735, 0.894580, 0.012458, -0.000002, -0.013923, 0.999903),
      ["LeftUpperArm"] = CFrame.new(-0.124753, -0.080194, 0.142084, 0.880086, -0.474344, -0.021111, 0.359698, 0.695079, -0.622481, 0.309944, 0.540244, 0.782350),
      ["LeftUpperLeg"] = CFrame.new(-0.202980, -0.093149, -0.402062, 0.949694, 0.023406, 0.312303, -0.150053, 0.909297, 0.388154, -0.274891, -0.415490, 0.867066),
      ["LowerTorso"] = CFrame.new(0.000000, -1.872244, 0.314032, 1.000000, 0.000000, 0.000000, 0.000000, 0.081875, -0.996643, 0.000000, 0.996643, 0.081875),
      ["RightUpperArm"] = CFrame.new(0.137735, -0.075999, 0.123405, 0.848309, 0.523708, 0.078114, -0.384763, 0.711030, -0.588553, -0.363772, 0.469219, 0.804676),
      ["RightUpperLeg"] = CFrame.new(0.186800, -0.140754, -0.413522, 0.951127, 0.020759, -0.308101, 0.104384, 0.917392, 0.384051, 0.290622, -0.397442, 0.870390)
    }},
    { Time = 0.283, Data = {
      ["Head"] = CFrame.new(0.000000, -0.000000, 0.000000, 0.894663, -0.446672, -0.007891, 0.446741, 0.894524, 0.015788, 0.000007, -0.017650, 0.999844),
      ["LeftUpperArm"] = CFrame.new(-0.124622, -0.077188, 0.138247, 0.880097, -0.473849, -0.029926, 0.359663, 0.706509, -0.609497, 0.309953, 0.525654, 0.792223),
      ["LeftUpperLeg"] = CFrame.new(-0.202997, -0.093565, -0.401860, 0.949681, 0.023631, 0.312325, -0.150636, 0.908718, 0.389282, -0.274616, -0.416741, 0.866552),
      ["LowerTorso"] = CFrame.new(0.000000, -1.869181, 0.313780, 1.000000, 0.000000, 0.000000, 0.000000, 0.081875, -0.996643, 0.000000, 0.996643, 0.081875),
      ["RightUpperArm"] = CFrame.new(0.137382, -0.073556, 0.120026, 0.848326, 0.522364, 0.086482, -0.384701, 0.720318, -0.577189, -0.363797, 0.456374, 0.812019),
      ["RightUpperLeg"] = CFrame.new(0.186773, -0.141850, -0.413031, 0.951158, 0.020498, -0.308023, 0.105109, 0.916671, 0.385574, 0.290259, -0.399118, 0.869744)
    }},
    { Time = 0.300, Data = {
      ["Head"] = CFrame.new(-0.000000, 0.000000, -0.000000, 0.894658, -0.446641, -0.009929, 0.446751, 0.894437, 0.019918, -0.000016, -0.022256, 0.999752),
      ["LeftUpperArm"] = CFrame.new(-0.124494, -0.074847, 0.135162, 0.880095, -0.473360, -0.036933, 0.359647, 0.715412, -0.599033, 0.309980, 0.513922, 0.799872),
      ["LeftUpperLeg"] = CFrame.new(-0.203022, -0.093909, -0.401728, 0.949650, 0.023781, 0.312408, -0.151128, 0.908217, 0.390258, -0.274454, -0.417822, 0.866083),
      ["LowerTorso"] = CFrame.new(0.000000, -1.866750, 0.313580, 1.000000, 0.000000, 0.000000, 0.000000, 0.081875, -0.996643, 0.000000, 0.996643, 0.081875),
      ["RightUpperArm"] = CFrame.new(0.137084, -0.071649, 0.117313, 0.848325, 0.521230, 0.093078, -0.384711, 0.727566, -0.568018, -0.363789, 0.446056, 0.817736),
      ["RightUpperLeg"] = CFrame.new(0.186760, -0.142736, -0.412661, 0.951166, 0.020284, -0.308013, 0.105716, 0.916090, 0.386786, 0.290013, -0.400459, 0.869209)
    }},
    { Time = 0.317, Data = {
      ["Head"] = CFrame.new(0.000000, 0.000000, 0.000000, 0.894651, -0.446596, -0.012294, 0.446765, 0.894311, 0.024681, -0.000028, -0.027573, 0.999620),
      ["LeftUpperArm"] = CFrame.new(-0.124386, -0.073065, 0.132748, 0.880071, -0.472951, -0.042332, 0.359683, 0.722185, -0.590827, 0.310004, 0.504744, 0.805687),
      ["LeftUpperLeg"] = CFrame.new(-0.203031, -0.094199, -0.401580, 0.949645, 0.024007, 0.312407, -0.151553, 0.907860, 0.390923, -0.274237, -0.418585, 0.865783),
      ["LowerTorso"] = CFrame.new(0.000000, -1.864855, 0.313425, 1.000000, 0.000000, 0.000000, 0.000000, 0.081875, -0.996643, 0.000000, 0.996643, 0.081875),
      ["RightUpperArm"] = CFrame.new(0.136839, -0.070179, 0.115172, 0.848316, 0.520300, 0.098220, -0.384741, 0.733155, -0.560766, -0.363777, 0.437917, 0.822128),
      ["RightUpperLeg"] = CFrame.new(0.186747, -0.143425, -0.412364, 0.951177, 0.020097, -0.307990, 0.106188, 0.915652, 0.387692, 0.289803, -0.401469, 0.868814)
    }},
    { Time = 0.333, Data = {
      ["Head"] = CFrame.new(0.000000, -0.000000, 0.000000, 0.894641, -0.446529, -0.015128, 0.446785, 0.894128, 0.030307, -0.000007, -0.033873, 0.999426),
      ["LeftUpperArm"] = CFrame.new(-0.124274, -0.071718, 0.130906, 0.880096, -0.472523, -0.046396, 0.359676, 0.727306, -0.584516, 0.309942, 0.497743, 0.810055),
      ["LeftUpperLeg"] = CFrame.new(-0.203045, -0.094389, -0.401504, 0.949629, 0.024061, 0.312450, -0.151818, 0.907555, 0.391530, -0.274145, -0.419244, 0.865493),
      ["LowerTorso"] = CFrame.new(0.000000, -1.863412, 0.313306, 1.000000, 0.000000, 0.000000, 0.000000, 0.081875, -0.996643, 0.000000, 0.996643, 0.081875),
      ["RightUpperArm"] = CFrame.new(0.136644, -0.069080, 0.113547, 0.848304, 0.519558, 0.102172, -0.384714, 0.737335, -0.555277, -0.363834, 0.431737, 0.825365),
      ["RightUpperLeg"] = CFrame.new(0.186746, -0.143911, -0.412179, 0.951170, 0.020054, -0.308017, 0.106471, 0.915327, 0.388382, 0.289725, -0.402212, 0.868496)
    }},
    { Time = 0.350, Data = {
      ["Head"] = CFrame.new(-0.000000, 0.000000, -0.000000, 0.894668, -0.446370, -0.017960, 0.446731, 0.893946, 0.035933, 0.000016, -0.040172, 0.999193),
      ["LeftUpperArm"] = CFrame.new(-0.124197, -0.070721, 0.129511, 0.880084, -0.472234, -0.049472, 0.359701, 0.731097, -0.579751, 0.309947, 0.492435, 0.813290),
      ["LeftUpperLeg"] = CFrame.new(-0.203043, -0.094537, -0.401405, 0.949640, 0.024176, 0.312410, -0.152028, 0.907358, 0.391906, -0.273992, -0.419664, 0.865338),
      ["LowerTorso"] = CFrame.new(0.000000, -1.862344, 0.313219, 1.000000, 0.000000, 0.000000, 0.000000, 0.081875, -0.996643, 0.000000, 0.996643, 0.081875),
      ["RightUpperArm"] = CFrame.new(0.136491, -0.068267, 0.112333, 0.848315, 0.518975, 0.105008, -0.384753, 0.740427, -0.551120, -0.363769, 0.427121, 0.827792),
      ["RightUpperLeg"] = CFrame.new(0.186734, -0.144329, -0.411986, 0.951185, 0.019883, -0.307981, 0.106794, 0.915068, 0.388903, 0.289556, -0.402809, 0.868275)
    }},
    { Time = 0.367, Data = {
      ["Head"] = CFrame.new(-0.000000, 0.000000, 0.000000, 0.894656, -0.446291, -0.020344, 0.446755, 0.893727, 0.040777, -0.000017, -0.045571, 0.998961),
      ["LeftUpperArm"] = CFrame.new(-0.124141, -0.070028, 0.128530, 0.880076, -0.472017, -0.051634, 0.359710, 0.733733, -0.576407, 0.309959, 0.488709, 0.815530),
      ["LeftUpperLeg"] = CFrame.new(-0.203050, -0.094635, -0.401366, 0.949632, 0.024203, 0.312431, -0.152160, 0.907204, 0.392209, -0.273946, -0.419994, 0.865193),
      ["LowerTorso"] = CFrame.new(0.000000, -1.861577, 0.313156, 1.000000, 0.000000, 0.000000, 0.000000, 0.081875, -0.996643, 0.000000, 0.996643, 0.081875),
      ["RightUpperArm"] = CFrame.new(0.136381, -0.067697, 0.111474, 0.848305, 0.518560, 0.107119, -0.384713, 0.742592, -0.548227, -0.363835, 0.423853, 0.829441),
      ["RightUpperLeg"] = CFrame.new(0.186733, -0.144586, -0.411888, 0.951181, 0.019868, -0.307994, 0.106942, 0.914887, 0.389288, 0.289514, -0.403220, 0.868098)
    }},
    { Time = 0.383, Data = {
      ["Head"] = CFrame.new(0.000000, 0.000000, 0.000000, 0.894645, -0.446218, -0.022361, 0.446778, 0.893522, 0.044821, -0.000020, -0.050089, 0.998745),
      ["LeftUpperArm"] = CFrame.new(-0.124093, -0.069532, 0.127828, 0.880079, -0.471835, -0.053222, 0.359673, 0.735621, -0.574018, 0.309993, 0.486039, 0.817111),
      ["LeftUpperLeg"] = CFrame.new(-0.203056, -0.094716, -0.401335, 0.949624, 0.024244, 0.312452, -0.152280, 0.907087, 0.392433, -0.273907, -0.420244, 0.865084),
      ["LowerTorso"] = CFrame.new(0.000000, -1.861051, 0.313112, 1.000000, 0.000000, 0.000000, 0.000000, 0.081875, -0.996643, 0.000000, 0.996643, 0.081875),
      ["RightUpperArm"] = CFrame.new(0.136300, -0.067296, 0.110868, 0.848319, 0.518250, 0.108495, -0.384746, 0.744119, -0.546130, -0.363765, 0.421549, 0.830645),
      ["RightUpperLeg"] = CFrame.new(0.186733, -0.144773, -0.411818, 0.951177, 0.019826, -0.308009, 0.107064, 0.914777, 0.389513, 0.289482, -0.403472, 0.867992)
    }},
    { Time = 0.400, Data = {
      ["Head"] = CFrame.new(-0.000000, -0.000000, 0.000000, 0.894674, -0.446071, -0.024050, 0.446719, 0.893373, 0.048233, -0.000030, -0.053896, 0.998547),
      ["LeftUpperArm"] = CFrame.new(-0.124068, -0.069226, 0.127388, 0.880072, -0.471742, -0.054154, 0.359707, 0.736783, -0.572504, 0.309974, 0.484365, 0.818111),
      ["LeftUpperLeg"] = CFrame.new(-0.203061, -0.094784, -0.401312, 0.949616, 0.024300, 0.312472, -0.152387, 0.907007, 0.392577, -0.273875, -0.420415, 0.865011),
      ["LowerTorso"] = CFrame.new(0.000000, -1.860707, 0.313084, 1.000000, 0.000000, 0.000000, 0.000000, 0.081875, -0.996643, 0.000000, 0.996643, 0.081875),
      ["RightUpperArm"] = CFrame.new(0.136242, -0.067037, 0.110482, 0.848335, 0.518029, 0.109423, -0.384718, 0.745102, -0.544808, -0.363757, 0.420083, 0.831391),
      ["RightUpperLeg"] = CFrame.new(0.186734, -0.144910, -0.411770, 0.951173, 0.019770, -0.308024, 0.107173, 0.914702, 0.389658, 0.289454, -0.403644, 0.867921)
    }},
    { Time = 0.417, Data = {
      ["Head"] = CFrame.new(0.000000, 0.000000, 0.000000, 0.894665, -0.446010, -0.025498, 0.446739, 0.893210, 0.050992, 0.000033, -0.057012, 0.998374),
      ["LeftUpperArm"] = CFrame.new(-0.124037, -0.069024, 0.127112, 0.880099, -0.471623, -0.054753, 0.359678, 0.737549, -0.571535, 0.309932, 0.483314, 0.818749),
      ["LeftUpperLeg"] = CFrame.new(-0.203062, -0.094798, -0.401304, 0.949616, 0.024286, 0.312473, -0.152399, 0.906970, 0.392657, -0.273868, -0.420494, 0.864975),
      ["LowerTorso"] = CFrame.new(0.000000, -1.860498, 0.313067, 1.000000, 0.000000, 0.000000, 0.000000, 0.081875, -0.996643, 0.000000, 0.996643, 0.081875),
      ["RightUpperArm"] = CFrame.new(0.136227, -0.066884, 0.110229, 0.848289, 0.517972, 0.110051, -0.384746, 0.745683, -0.543992, -0.363836, 0.419120, 0.831842),
      ["RightUpperLeg"] = CFrame.new(0.186719, -0.144958, -0.411705, 0.951200, 0.019766, -0.307942, 0.107169, 0.914667, 0.389743, 0.289368, -0.403725, 0.867913)
    }},
    { Time = 0.433, Data = {
      ["Head"] = CFrame.new(0.000000, -0.000000, 0.000000, 0.894656, -0.445957, -0.026680, 0.446755, 0.893063, 0.053370, 0.000026, -0.059667, 0.998218),
      ["LeftUpperArm"] = CFrame.new(-0.124025, -0.068924, 0.126970, 0.880103, -0.471575, -0.055091, 0.359651, 0.737932, -0.571059, 0.309951, 0.482777, 0.819059),
      ["LeftUpperLeg"] = CFrame.new(-0.203062, -0.094803, -0.401301, 0.949616, 0.024286, 0.312473, -0.152399, 0.906970, 0.392657, -0.273868, -0.420494, 0.864975),
      ["LowerTorso"] = CFrame.new(0.000000, -1.860384, 0.313058, 1.000000, 0.000000, 0.000000, 0.000000, 0.081875, -0.996643, 0.000000, 0.996643, 0.081875),
      ["RightUpperArm"] = CFrame.new(0.136204, -0.066802, 0.110111, 0.848309, 0.517886, 0.110300, -0.384748, 0.745995, -0.543563, -0.363787, 0.418672, 0.832090),
      ["RightUpperLeg"] = CFrame.new(0.186719, -0.144992, -0.411691, 0.951200, 0.019780, -0.307941, 0.107182, 0.914631, 0.389822, 0.289363, -0.403804, 0.867877)
    }},
    { Time = 0.450, Data = {
      ["Head"] = CFrame.new(0.000000, 0.000000, -0.000000, 0.894650, -0.445916, -0.027555, 0.446767, 0.892946, 0.055201, -0.000010, -0.061696, 0.998095),
      ["LeftUpperArm"] = CFrame.new(-0.124028, -0.068885, 0.126908, 0.880086, -0.471590, -0.055236, 0.359668, 0.738079, -0.570858, 0.309979, 0.482538, 0.819189),
      ["LeftUpperLeg"] = CFrame.new(-0.203063, -0.094811, -0.401297, 0.949616, 0.024272, 0.312474, -0.152412, 0.906934, 0.392736, -0.273861, -0.420573, 0.864938),
      ["LowerTorso"] = CFrame.new(0.000000, -1.860330, 0.313053, 1.000000, 0.000000, 0.000000, 0.000000, 0.081875, -0.996643, 0.000000, 0.996643, 0.081875),
      ["RightUpperArm"] = CFrame.new(0.136186, -0.066756, 0.110051, 0.848329, 0.517816, 0.110476, -0.384699, 0.746171, -0.543355, -0.363792, 0.418444, 0.832202),
      ["RightUpperLeg"] = CFrame.new(0.186719, -0.145011, -0.411684, 0.951200, 0.019793, -0.307941, 0.107195, 0.914596, 0.389902, 0.289359, -0.403884, 0.867842)
    }},
    { Time = 0.467, Data = {
      ["Head"] = CFrame.new(0.000000, 0.000000, 0.000000, 0.894644, -0.445879, -0.028351, 0.446779, 0.892846, 0.056696, 0.000033, -0.063389, 0.997989),
      ["LeftUpperArm"] = CFrame.new(-0.124027, -0.068859, 0.126869, 0.880086, -0.471585, -0.055280, 0.359696, 0.738177, -0.570713, 0.309946, 0.482393, 0.819287),
      ["LeftUpperLeg"] = CFrame.new(-0.203063, -0.094812, -0.401296, 0.949616, 0.024272, 0.312474, -0.152412, 0.906934, 0.392736, -0.273861, -0.420573, 0.864938),
      ["LowerTorso"] = CFrame.new(0.000000, -1.860309, 0.313051, 1.000000, 0.000000, 0.000000, 0.000000, 0.081875, -0.996643, 0.000000, 0.996643, 0.081875),
      ["RightUpperArm"] = CFrame.new(0.136184, -0.066744, 0.110031, 0.848329, 0.517811, 0.110500, -0.384716, 0.746216, -0.543281, -0.363774, 0.418370, 0.832247),
      ["RightUpperLeg"] = CFrame.new(0.186721, -0.145058, -0.411673, 0.951196, 0.019710, -0.307958, 0.107278, 0.914592, 0.389888, 0.289341, -0.403897, 0.867842)
    }},
    { Time = 0.483, Data = {
      ["Head"] = CFrame.new(-0.000000, 0.000000, 0.000000, 0.894640, -0.445853, -0.028879, 0.446787, 0.892771, 0.057811, 0.000008, -0.064623, 0.997910),
      ["LeftUpperArm"] = CFrame.new(-0.124027, -0.068859, 0.126869, 0.880086, -0.471585, -0.055280, 0.359696, 0.738177, -0.570713, 0.309946, 0.482393, 0.819287),
      ["LeftUpperLeg"] = CFrame.new(-0.203063, -0.094812, -0.401296, 0.949616, 0.024272, 0.312474, -0.152412, 0.906934, 0.392736, -0.273861, -0.420573, 0.864938),
      ["LowerTorso"] = CFrame.new(0.000000, -1.860305, 0.313051, 1.000000, 0.000000, 0.000000, 0.000000, 0.081875, -0.996643, 0.000000, 0.996643, 0.081875),
      ["RightUpperArm"] = CFrame.new(0.136183, -0.066732, 0.110012, 0.848329, 0.517805, 0.110524, -0.384733, 0.746261, -0.543208, -0.363756, 0.418296, 0.832292),
      ["RightUpperLeg"] = CFrame.new(0.186721, -0.145059, -0.411672, 0.951196, 0.019710, -0.307958, 0.107278, 0.914592, 0.389888, 0.289341, -0.403897, 0.867842)
    }},
    { Time = 0.500, Data = {
      ["Head"] = CFrame.new(0.000000, 0.000000, 0.000000, 0.894637, -0.445830, -0.029349, 0.446795, 0.892710, 0.058674, 0.000041, -0.065605, 0.997846),
      ["LeftUpperArm"] = CFrame.new(-0.124027, -0.068859, 0.126869, 0.880086, -0.471585, -0.055280, 0.359696, 0.738177, -0.570713, 0.309946, 0.482393, 0.819287),
      ["LeftUpperLeg"] = CFrame.new(-0.203063, -0.094812, -0.401296, 0.949616, 0.024272, 0.312474, -0.152412, 0.906934, 0.392736, -0.273861, -0.420573, 0.864938),
      ["LowerTorso"] = CFrame.new(0.000000, -1.860304, 0.313051, 1.000000, 0.000000, 0.000000, 0.000000, 0.081875, -0.996643, 0.000000, 0.996643, 0.081875),
      ["RightUpperArm"] = CFrame.new(0.136183, -0.066732, 0.110012, 0.848329, 0.517805, 0.110524, -0.384733, 0.746261, -0.543208, -0.363756, 0.418296, 0.832292),
      ["RightUpperLeg"] = CFrame.new(0.186721, -0.145059, -0.411672, 0.951196, 0.019710, -0.307958, 0.107278, 0.914592, 0.389888, 0.289341, -0.403897, 0.867842)
    }},
    { Time = 0.517, Data = {
      ["Head"] = CFrame.new(-0.000000, 0.000000, -0.000000, 0.894673, -0.445733, -0.029692, 0.446721, 0.892700, 0.059391, 0.000034, -0.066399, 0.997793),
      ["LeftUpperArm"] = CFrame.new(-0.124028, -0.068885, 0.126908, 0.880086, -0.471590, -0.055236, 0.359668, 0.738079, -0.570858, 0.309979, 0.482538, 0.819189),
      ["LeftUpperLeg"] = CFrame.new(-0.203063, -0.094811, -0.401297, 0.949616, 0.024272, 0.312474, -0.152412, 0.906934, 0.392736, -0.273861, -0.420573, 0.864938),
      ["LowerTorso"] = CFrame.new(0.000000, -1.860329, 0.313053, 1.000000, 0.000000, 0.000000, 0.000000, 0.081875, -0.996643, 0.000000, 0.996643, 0.081875),
      ["RightUpperArm"] = CFrame.new(0.136186, -0.066756, 0.110051, 0.848329, 0.517816, 0.110476, -0.384699, 0.746171, -0.543355, -0.363792, 0.418444, 0.832202),
      ["RightUpperLeg"] = CFrame.new(0.186719, -0.145011, -0.411684, 0.951200, 0.019793, -0.307941, 0.107195, 0.914596, 0.389902, 0.289359, -0.403884, 0.867842)
    }},
    { Time = 0.533, Data = {
      ["Head"] = CFrame.new(-0.000000, 0.000000, -0.000000, 0.894672, -0.445723, -0.029875, 0.446723, 0.892672, 0.059790, 0.000019, -0.066838, 0.997764),
      ["LeftUpperArm"] = CFrame.new(-0.124045, -0.068947, 0.126986, 0.880065, -0.471653, -0.055043, 0.359712, 0.737844, -0.571134, 0.309990, 0.482835, 0.819009),
      ["LeftUpperLeg"] = CFrame.new(-0.203062, -0.094802, -0.401302, 0.949616, 0.024286, 0.312473, -0.152399, 0.906970, 0.392657, -0.273868, -0.420494, 0.864975),
      ["LowerTorso"] = CFrame.new(0.000000, -1.860405, 0.313059, 1.000000, 0.000000, 0.000000, 0.000000, 0.081875, -0.996643, 0.000000, 0.996643, 0.081875),
      ["RightUpperArm"] = CFrame.new(0.136206, -0.066814, 0.110130, 0.848309, 0.517891, 0.110276, -0.384731, 0.745950, -0.543637, -0.363805, 0.418745, 0.832045),
      ["RightUpperLeg"] = CFrame.new(0.186719, -0.144987, -0.411694, 0.951200, 0.019780, -0.307941, 0.107182, 0.914631, 0.389822, 0.289363, -0.403804, 0.867877)
    }},
    { Time = 0.550, Data = {
      ["Head"] = CFrame.new(-0.000000, 0.000000, -0.000000, 0.894671, -0.445714, -0.030058, 0.446726, 0.892644, 0.060190, 0.000004, -0.067278, 0.997734),
      ["LeftUpperArm"] = CFrame.new(-0.124039, -0.069063, 0.127169, 0.880099, -0.471631, -0.054687, 0.359635, 0.737402, -0.571753, 0.309982, 0.483532, 0.818601),
      ["LeftUpperLeg"] = CFrame.new(-0.203062, -0.094797, -0.401305, 0.949616, 0.024286, 0.312473, -0.152399, 0.906970, 0.392657, -0.273868, -0.420494, 0.864975),
      ["LowerTorso"] = CFrame.new(0.000000, -1.860531, 0.313070, 1.000000, 0.000000, 0.000000, 0.000000, 0.081875, -0.996643, 0.000000, 0.996643, 0.081875),
      ["RightUpperArm"] = CFrame.new(0.136224, -0.066908, 0.110274, 0.848311, 0.517962, 0.109925, -0.384737, 0.745593, -0.544121, -0.363793, 0.419292, 0.831775),
      ["RightUpperLeg"] = CFrame.new(0.186733, -0.144959, -0.411749, 0.951173, 0.019784, -0.308024, 0.107186, 0.914667, 0.389738, 0.289450, -0.403724, 0.867886)
    }},
    { Time = 0.567, Data = {
      ["Head"] = CFrame.new(0.000000, 0.000000, 0.000000, 0.894671, -0.445711, -0.030097, 0.446726, 0.892633, 0.060357, -0.000036, -0.067445, 0.997723),
      ["LeftUpperArm"] = CFrame.new(-0.124068, -0.069226, 0.127388, 0.880072, -0.471742, -0.054154, 0.359707, 0.736783, -0.572504, 0.309974, 0.484365, 0.818111),
      ["LeftUpperLeg"] = CFrame.new(-0.203061, -0.094784, -0.401312, 0.949616, 0.024300, 0.312472, -0.152387, 0.907007, 0.392577, -0.273875, -0.420415, 0.865011),
      ["LowerTorso"] = CFrame.new(0.000000, -1.860707, 0.313084, 1.000000, 0.000000, 0.000000, 0.000000, 0.081875, -0.996643, 0.000000, 0.996643, 0.081875),
      ["RightUpperArm"] = CFrame.new(0.136242, -0.067037, 0.110482, 0.848335, 0.518029, 0.109423, -0.384718, 0.745102, -0.544808, -0.363757, 0.420083, 0.831391),
      ["RightUpperLeg"] = CFrame.new(0.186734, -0.144910, -0.411770, 0.951173, 0.019770, -0.308024, 0.107173, 0.914702, 0.389658, 0.289454, -0.403644, 0.867921)
    }},
    { Time = 0.583, Data = {
      ["Head"] = CFrame.new(-0.000000, 0.000000, -0.000000, 0.894669, -0.445705, -0.030221, 0.446729, 0.892621, 0.060505, 0.000008, -0.067633, 0.997710),
      ["LeftUpperArm"] = CFrame.new(-0.124074, -0.069431, 0.127693, 0.880101, -0.471765, -0.053482, 0.359672, 0.736005, -0.573526, 0.309932, 0.485525, 0.817440),
      ["LeftUpperLeg"] = CFrame.new(-0.203056, -0.094727, -0.401329, 0.949624, 0.024230, 0.312453, -0.152292, 0.907051, 0.392512, -0.273900, -0.420323, 0.865048),
      ["LowerTorso"] = CFrame.new(0.000000, -1.860934, 0.313103, 1.000000, 0.000000, 0.000000, 0.000000, 0.081875, -0.996643, 0.000000, 0.996643, 0.081875),
      ["RightUpperArm"] = CFrame.new(0.136283, -0.067214, 0.110743, 0.848317, 0.518185, 0.108822, -0.384723, 0.744432, -0.545720, -0.363795, 0.421077, 0.830872),
      ["RightUpperLeg"] = CFrame.new(0.186733, -0.144808, -0.411804, 0.951177, 0.019840, -0.308008, 0.107077, 0.914742, 0.389592, 0.289477, -0.403552, 0.867957)
    }},
    { Time = 0.600, Data = {
      ["Head"] = CFrame.new(0.000000, 0.000000, 0.000000, 0.894669, -0.445704, -0.030241, 0.446729, 0.892615, 0.060589, -0.000012, -0.067717, 0.997705),
      ["LeftUpperArm"] = CFrame.new(-0.124102, -0.069685, 0.128051, 0.880091, -0.471869, -0.052716, 0.359670, 0.735039, -0.574766, 0.309963, 0.486886, 0.816618),
      ["LeftUpperLeg"] = CFrame.new(-0.203055, -0.094703, -0.401342, 0.949624, 0.024258, 0.312451, -0.152267, 0.907124, 0.392353, -0.273914, -0.420164, 0.865120),
      ["LowerTorso"] = CFrame.new(0.000000, -1.861210, 0.313125, 1.000000, 0.000000, 0.000000, 0.000000, 0.081875, -0.996643, 0.000000, 0.996643, 0.081875),
      ["RightUpperArm"] = CFrame.new(0.136321, -0.067414, 0.111050, 0.848321, 0.518331, 0.108095, -0.384719, 0.743670, -0.546760, -0.363790, 0.422242, 0.830282),
      ["RightUpperLeg"] = CFrame.new(0.186734, -0.144729, -0.411837, 0.951177, 0.019812, -0.308010, 0.107051, 0.914813, 0.389433, 0.289487, -0.403392, 0.868028)
    }},
    { Time = 0.617, Data = {
      ["Head"] = CFrame.new(0.000000, 0.000000, 0.000000, 0.894669, -0.445704, -0.030241, 0.446729, 0.892615, 0.060589, -0.000012, -0.067717, 0.997705),
      ["LeftUpperArm"] = CFrame.new(-0.124125, -0.069979, 0.128471, 0.880098, -0.471957, -0.051806, 0.359651, 0.733921, -0.576204, 0.309965, 0.488484, 0.815662),
      ["LeftUpperLeg"] = CFrame.new(-0.203050, -0.094636, -0.401365, 0.949632, 0.024203, 0.312431, -0.152160, 0.907204, 0.392209, -0.273946, -0.419994, 0.865193),
      ["LowerTorso"] = CFrame.new(0.000000, -1.861538, 0.313152, 1.000000, 0.000000, 0.000000, 0.000000, 0.081875, -0.996643, 0.000000, 0.996643, 0.081875),
      ["RightUpperArm"] = CFrame.new(0.136378, -0.067661, 0.111416, 0.848305, 0.518545, 0.107192, -0.384764, 0.742729, -0.548007, -0.363781, 0.423633, 0.829577),
      ["RightUpperLeg"] = CFrame.new(0.186733, -0.144596, -0.411884, 0.951181, 0.019868, -0.307994, 0.106942, 0.914887, 0.389288, 0.289514, -0.403220, 0.868098)
    }},
    { Time = 0.633, Data = {
      ["Head"] = CFrame.new(0.000000, 0.000000, 0.000000, 0.894669, -0.445704, -0.030241, 0.446729, 0.892615, 0.060589, -0.000012, -0.067717, 0.997705),
      ["LeftUpperArm"] = CFrame.new(-0.124163, -0.070323, 0.128951, 0.880083, -0.472103, -0.050723, 0.359692, 0.732611, -0.577843, 0.309961, 0.490306, 0.814570),
      ["LeftUpperLeg"] = CFrame.new(-0.203049, -0.094609, -0.401380, 0.949632, 0.024231, 0.312429, -0.152135, 0.907277, 0.392050, -0.273960, -0.419835, 0.865266),
      ["LowerTorso"] = CFrame.new(0.000000, -1.861916, 0.313184, 1.000000, 0.000000, 0.000000, 0.000000, 0.081875, -0.996643, 0.000000, 0.996643, 0.081875),
      ["RightUpperArm"] = CFrame.new(0.136418, -0.067934, 0.111844, 0.848330, 0.518699, 0.106240, -0.384684, 0.741690, -0.549467, -0.363806, 0.425261, 0.828733),
      ["RightUpperLeg"] = CFrame.new(0.186732, -0.144444, -0.411938, 0.951185, 0.019910, -0.307979, 0.106820, 0.914997, 0.389062, 0.289547, -0.402968, 0.868205)
    }},
    { Time = 0.650, Data = {
      ["Head"] = CFrame.new(-0.000000, 0.000000, -0.000000, 0.894669, -0.445704, -0.030241, 0.446729, 0.892615, 0.060589, -0.000012, -0.067717, 0.997705),
      ["LeftUpperArm"] = CFrame.new(-0.124197, -0.070721, 0.129511, 0.880084, -0.472234, -0.049472, 0.359701, 0.731097, -0.579751, 0.309947, 0.492435, 0.813290),
