return {
  ["Astros humping 19"] = {
    { Time = 0.000, Data = {
      ["Balls"] = CFrame.new(0.000000, 0.000000, 0.000000, 0.956397, 0.292071, 0.000000, -0.292071, 0.956397, -0.000000, -0.000000, 0.000000, 1.000000),
      ["Cock"] = CFrame.new(0.000004, 0.000001, 0.000000, 0.917277, 0.398249, 0.000000, -0.398249, 0.917277, -0.000000, -0.000000, 0.000000, 1.000000),
      ["Head"] = CFrame.new(0.000000, -0.000000, 0.000000, 1.000000, -0.000000, 0.000000, 0.000000, 0.958859, 0.283882, -0.000000, -0.283882, 0.958859),
      ["LeftUpperArm"] = CFrame.new(0.013259, -0.920917, 0.184002, 0.993793, 0.050417, 0.099162, 0.109260, -0.274833, -0.955264, -0.020908, 0.960169, -0.278636),
      ["LeftUpperLeg"] = CFrame.new(-0.004961, -0.322527, -0.741212, 0.998616, 0.052450, -0.003989, -0.009195, 0.248720, 0.968532, 0.051792, -0.967154, 0.248858),
      ["LowerTorso"] = CFrame.new(0.000000, -1.029734, 1.883598, 1.000000, -0.000000, 0.000000, 0.000000, 0.970034, 0.242968, -0.000000, -0.242968, 0.970034),
      ["RightUpperArm"] = CFrame.new(-0.008981, -0.921359, 0.184063, 0.994177, -0.034150, -0.102206, -0.107673, -0.276514, -0.954959, 0.004350, 0.960403, -0.278581),
      ["RightUpperLeg"] = CFrame.new(0.004247, -0.322384, -0.742254, 0.998732, -0.050204, 0.003765, 0.008850, 0.248677, 0.968546, -0.049561, -0.967285, 0.248806)
    }},
    { Time = 0.017, Data = {
      ["Balls"] = CFrame.new(-0.000000, -0.000001, 0.000000, 0.956397, 0.292071, 0.000000, -0.292071, 0.956397, -0.000000, -0.000000, 0.000000, 1.000000),
      ["Cock"] = CFrame.new(0.000004, 0.000001, 0.000000, 0.917313, 0.398168, 0.000000, -0.398168, 0.917313, -0.000000, -0.000000, 0.000000, 1.000000),
      ["Head"] = CFrame.new(0.000000, -0.000000, 0.000000, 1.000000, -0.000000, 0.000000, 0.000000, 0.957938, 0.286976, -0.000000, -0.286976, 0.957938),
      ["LeftUpperArm"] = CFrame.new(0.013282, -0.921049, 0.183900, 0.993793, 0.050417, 0.099162, 0.109260, -0.274833, -0.955264, -0.020908, 0.960169, -0.278636),
      ["LeftUpperLeg"] = CFrame.new(-0.004966, -0.322593, -0.740963, 0.998616, 0.052451, -0.003986, -0.009192, 0.248614, 0.968559, 0.051792, -0.967182, 0.248752),
      ["LowerTorso"] = CFrame.new(0.000000, -1.029757, 1.883410, 1.000000, -0.000000, 0.000000, 0.000000, 0.970055, 0.242884, -0.000000, -0.242884, 0.970055),
      ["RightUpperArm"] = CFrame.new(-0.008987, -0.921452, 0.183975, 0.994172, -0.034098, -0.102275, -0.107724, -0.276515, -0.954953, 0.004281, 0.960405, -0.278576),
      ["RightUpperLeg"] = CFrame.new(0.004253, -0.322449, -0.742004, 0.998732, -0.050205, 0.003762, 0.008847, 0.248571, 0.968573, -0.049562, -0.967312, 0.248700)
    }},
    { Time = 0.033, Data = {
      ["Balls"] = CFrame.new(-0.000000, -0.000001, 0.000000, 0.956397, 0.292071, 0.000000, -0.292071, 0.956397, -0.000000, -0.000000, 0.000000, 1.000000),
      ["Cock"] = CFrame.new(0.000004, 0.000001, 0.000000, 0.917418, 0.397925, 0.000000, -0.397925, 0.917418, -0.000000, -0.000000, 0.000000, 1.000000),
      ["Head"] = CFrame.new(0.000000, -0.000000, 0.000000, 1.000000, -0.000000, 0.000000, 0.000000, 0.957006, 0.290067, -0.000000, -0.290067, 0.957006),
      ["LeftUpperArm"] = CFrame.new(0.013322, -0.921472, 0.183588, 0.993785, 0.050318, 0.099297, 0.109365, -0.274937, -0.955222, -0.020765, 0.960145, -0.278731),
      ["LeftUpperLeg"] = CFrame.new(-0.004980, -0.322814, -0.740247, 0.998619, 0.052398, -0.003909, -0.009236, 0.248297, 0.968640, 0.051726, -0.967266, 0.248438),
      ["LowerTorso"] = CFrame.new(0.000000, -1.029844, 1.882759, 1.000000, -0.000000, 0.000000, 0.000000, 0.970140, 0.242546, -0.000000, -0.242546, 0.970140),
      ["RightUpperArm"] = CFrame.new(-0.008998, -0.921755, 0.183702, 0.994169, -0.033931, -0.102359, -0.107759, -0.276626, -0.954917, 0.004086, 0.960379, -0.278669),
      ["RightUpperLeg"] = CFrame.new(0.004268, -0.322645, -0.741255, 0.998732, -0.050205, 0.003754, 0.008839, 0.248254, 0.968655, -0.049563, -0.967393, 0.248383)
    }},
    { Time = 0.050, Data = {
      ["Balls"] = CFrame.new(-0.000000, -0.000001, 0.000000, 0.956397, 0.292071, 0.000000, -0.292071, 0.956397, -0.000000, -0.000000, 0.000000, 1.000000),
      ["Cock"] = CFrame.new(0.000004, 0.000001, 0.000000, 0.917628, 0.397440, 0.000000, -0.397440, 0.917628, -0.000000, -0.000000, 0.000000, 1.000000),
      ["Head"] = CFrame.new(0.000000, 0.000000, -0.000000, 1.000000, -0.000000, 0.000000, 0.000000, 0.956065, 0.293156, -0.000000, -0.293156, 0.956065),
      ["LeftUpperArm"] = CFrame.new(0.013388, -0.922159, 0.183073, 0.993785, 0.050151, 0.099380, 0.109401, -0.275049, -0.955186, -0.020569, 0.960121, -0.278826),
      ["LeftUpperLeg"] = CFrame.new(-0.005005, -0.323139, -0.739001, 0.998619, 0.052399, -0.003895, -0.009222, 0.247768, 0.968776, 0.051728, -0.967401, 0.247909),
      ["LowerTorso"] = CFrame.new(0.000000, -1.029977, 1.881733, 1.000000, -0.000000, 0.000000, 0.000000, 0.970266, 0.242040, -0.000000, -0.242040, 0.970266),
      ["RightUpperArm"] = CFrame.new(-0.009034, -0.922241, 0.183252, 0.994160, -0.033712, -0.102512, -0.107846, -0.276737, -0.954875, 0.003822, 0.960354, -0.278757),
      ["RightUpperLeg"] = CFrame.new(0.004294, -0.322971, -0.740009, 0.998732, -0.050206, 0.003743, 0.008828, 0.247831, 0.968763, -0.049565, -0.967502, 0.247960)
    }},
    { Time = 0.067, Data = {
      ["Balls"] = CFrame.new(-0.000000, -0.000001, 0.000000, 0.956397, 0.292071, 0.000000, -0.292071, 0.956397, -0.000000, -0.000000, 0.000000, 1.000000),
      ["Cock"] = CFrame.new(0.000004, 0.000001, 0.000000, 0.917873, 0.396874, 0.000000, -0.396874, 0.917873, -0.000000, -0.000000, 0.000000, 1.000000),
      ["Head"] = CFrame.new(0.000000, 0.000000, 0.000000, 1.000000, -0.000000, 0.000000, 0.000000, 0.955113, 0.296242, -0.000000, -0.296242, 0.955113),
      ["LeftUpperArm"] = CFrame.new(0.013471, -0.923107, 0.182359, 0.993776, 0.049880, 0.099601, 0.109540, -0.275161, -0.955137, -0.020236, 0.960103, -0.278913),
      ["LeftUpperLeg"] = CFrame.new(-0.005040, -0.323593, -0.737261, 0.998619, 0.052401, -0.003875, -0.009203, 0.247027, 0.968965, 0.051732, -0.967591, 0.247168),
      ["LowerTorso"] = CFrame.new(0.000000, -1.030174, 1.880247, 1.000000, -0.000000, 0.000000, 0.000000, 0.970455, 0.241281, -0.000000, -0.241281, 0.970455),
      ["RightUpperArm"] = CFrame.new(-0.009075, -0.922910, 0.182628, 0.994154, -0.033372, -0.102682, -0.107915, -0.276856, -0.954833, 0.003437, 0.960332, -0.278839),
      ["RightUpperLeg"] = CFrame.new(0.004329, -0.323452, -0.738304, 0.998735, -0.050155, 0.003655, 0.008862, 0.247090, 0.968952, -0.049501, -0.967694, 0.247221)
    }},
    { Time = 0.083, Data = {
      ["Balls"] = CFrame.new(-0.000000, -0.000001, 0.000000, 0.956397, 0.292071, 0.000000, -0.292071, 0.956397, -0.000000, -0.000000, 0.000000, 1.000000),
      ["Cock"] = CFrame.new(0.000004, 0.000001, 0.000000, 0.918188, 0.396145, 0.000000, -0.396145, 0.918188, -0.000000, -0.000000, 0.000000, 1.000000),
      ["Head"] = CFrame.new(0.000000, -0.000000, 0.000000, 1.000000, -0.000000, 0.000000, 0.000000, 0.954177, 0.299243, -0.000000, -0.299243, 0.954177),
      ["LeftUpperArm"] = CFrame.new(0.013597, -0.924340, 0.181437, 0.993768, 0.049615, 0.099820, 0.109680, -0.275377, -0.955059, -0.019897, 0.960055, -0.279103),
      ["LeftUpperLeg"] = CFrame.new(-0.005084, -0.324202, -0.735067, 0.998622, 0.052350, -0.003784, -0.009233, 0.246180, 0.969180, 0.051668, -0.967810, 0.246324),
      ["LowerTorso"] = CFrame.new(0.000000, -1.030415, 1.878389, 1.000000, -0.000000, 0.000000, 0.000000, 0.970686, 0.240352, -0.000000, -0.240352, 0.970686),
      ["RightUpperArm"] = CFrame.new(-0.009121, -0.923760, 0.181831, 0.994150, -0.032912, -0.102870, -0.107967, -0.276982, -0.954790, 0.002931, 0.960311, -0.278915),
      ["RightUpperLeg"] = CFrame.new(0.004375, -0.324033, -0.736075, 0.998735, -0.050156, 0.003631, 0.008838, 0.246136, 0.969195, -0.049505, -0.967937, 0.246268)
    }},
    { Time = 0.100, Data = {
      ["Balls"] = CFrame.new(-0.000000, -0.000001, 0.000000, 0.956397, 0.292071, 0.000000, -0.292071, 0.956397, -0.000000, -0.000000, 0.000000, 1.000000),
      ["Cock"] = CFrame.new(0.000004, 0.000001, 0.000000, 0.918572, 0.395255, 0.000000, -0.395255, 0.918572, -0.000000, -0.000000, 0.000000, 1.000000),
      ["Head"] = CFrame.new(0.000000, -0.000000, 0.000000, 1.000000, -0.000000, 0.000000, 0.000000, 0.953231, 0.302242, -0.000000, -0.302242, 0.953231),
      ["LeftUpperArm"] = CFrame.new(0.013740, -0.925828, 0.180319, 0.993750, 0.049245, 0.100176, 0.109923, -0.275593, -0.954969, -0.019420, 0.960012, -0.279284),
      ["LeftUpperLeg"] = CFrame.new(-0.005139, -0.324909, -0.732355, 0.998622, 0.052352, -0.003752, -0.009202, 0.245014, 0.969476, 0.051673, -0.968105, 0.245158),
      ["LowerTorso"] = CFrame.new(0.000000, -1.030699, 1.876160, 1.000000, -0.000000, 0.000000, 0.000000, 0.970957, 0.239255, -0.000000, -0.239255, 0.970957),
      ["RightUpperArm"] = CFrame.new(-0.009196, -0.924840, 0.180847, 0.994127, -0.032428, -0.103243, -0.108191, -0.277308, -0.954670, 0.002328, 0.960234, -0.279188),
      ["RightUpperLeg"] = CFrame.new(0.004430, -0.324769, -0.733398, 0.998738, -0.050105, 0.003535, 0.008864, 0.245077, 0.969463, -0.049442, -0.968208, 0.245211)
    }},
    { Time = 0.117, Data = {
      ["Balls"] = CFrame.new(-0.000000, -0.000001, 0.000000, 0.956397, 0.292071, 0.000000, -0.292071, 0.956397, -0.000000, -0.000000, 0.000000, 1.000000),
      ["Cock"] = CFrame.new(0.000004, 0.000001, 0.000000, 0.919058, 0.394121, 0.000000, -0.394121, 0.919058, -0.000000, -0.000000, 0.000000, 1.000000),
      ["Head"] = CFrame.new(0.000000, -0.000000, 0.000000, 1.000000, -0.000000, 0.000000, 0.000000, 0.952303, 0.305155, -0.000000, -0.305155, 0.952303),
      ["LeftUpperArm"] = CFrame.new(0.013924, -0.927567, 0.179008, 0.993733, 0.048876, 0.100532, 0.110166, -0.275809, -0.954879, -0.018943, 0.959969, -0.279465),
      ["LeftUpperLeg"] = CFrame.new(-0.005202, -0.325767, -0.729203, 0.998625, 0.052301, -0.003650, -0.009221, 0.243741, 0.969796, 0.051611, -0.968429, 0.243888),
      ["LowerTorso"] = CFrame.new(0.000000, -1.031046, 1.873479, 1.000000, -0.000000, 0.000000, 0.000000, 0.971289, 0.237904, -0.000000, -0.237904, 0.971289),
      ["RightUpperArm"] = CFrame.new(-0.009255, -0.926071, 0.179702, 0.994114, -0.031749, -0.103584, -0.108329, -0.277545, -0.954585, 0.001558, 0.960188, -0.279351),
      ["RightUpperLeg"] = CFrame.new(0.004494, -0.325568, -0.730238, 0.998741, -0.050040, 0.003555, 0.008763, 0.243807, 0.969784, -0.049394, -0.968532, 0.243939)
    }},
    { Time = 0.133, Data = {
      ["Balls"] = CFrame.new(-0.000000, -0.000001, 0.000000, 0.956397, 0.292071, 0.000000, -0.292071, 0.956397, -0.000000, -0.000000, 0.000000, 1.000000),
      ["Cock"] = CFrame.new(0.000004, 0.000001, 0.000000, 0.919579, 0.392906, 0.000000, -0.392906, 0.919579, -0.000000, -0.000000, 0.000000, 1.000000),
      ["Head"] = CFrame.new(0.000000, 0.000000, -0.000000, 1.000000, -0.000000, 0.000000, 0.000000, 0.951365, 0.308066, -0.000000, -0.308066, 0.951365),
      ["LeftUpperArm"] = CFrame.new(0.014120, -0.929582, 0.177499, 0.993719, 0.048392, 0.100902, 0.110393, -0.276136, -0.954758, -0.018340, 0.959899, -0.279744),
      ["LeftUpperLeg"] = CFrame.new(-0.005275, -0.326748, -0.725583, 0.998628, 0.052251, -0.003542, -0.009235, 0.242255, 0.970169, 0.051550, -0.968805, 0.242405),
      ["LowerTorso"] = CFrame.new(0.000000, -1.031434, 1.870434, 1.000000, -0.000000, 0.000000, 0.000000, 0.971660, 0.236383, -0.000000, -0.236383, 0.971660),
      ["RightUpperArm"] = CFrame.new(-0.009352, -0.927500, 0.178384, 0.994100, -0.031076, -0.103923, -0.108467, -0.277886, -0.954471, 0.000782, 0.960111, -0.279617),
      ["RightUpperLeg"] = CFrame.new(0.004568, -0.326547, -0.726619, 0.998744, -0.049989, 0.003446, 0.008776, 0.242215, 0.970183, -0.049334, -0.968934, 0.242349)
    }},
    { Time = 0.150, Data = {
      ["Balls"] = CFrame.new(-0.000000, -0.000001, 0.000000, 0.956397, 0.292071, 0.000000, -0.292071, 0.956397, -0.000000, -0.000000, 0.000000, 1.000000),
      ["Cock"] = CFrame.new(0.000004, 0.000001, 0.000000, 0.920166, 0.391528, 0.000000, -0.391528, 0.920166, -0.000000, -0.000000, 0.000000, 1.000000),
      ["Head"] = CFrame.new(0.000000, 0.000000, 0.000000, 1.000000, -0.000000, 0.000000, 0.000000, 0.950472, 0.310809, -0.000000, -0.310809, 0.950472),
      ["LeftUpperArm"] = CFrame.new(0.014342, -0.931837, 0.175804, 0.993700, 0.047856, 0.101342, 0.110672, -0.276464, -0.954631, -0.017667, 0.959832, -0.280019),
      ["LeftUpperLeg"] = CFrame.new(-0.005355, -0.327813, -0.721534, 0.998634, 0.052133, -0.003481, -0.009175, 0.240558, 0.970591, 0.051437, -0.969234, 0.240708),
      ["LowerTorso"] = CFrame.new(0.000000, -1.031863, 1.867029, 1.000000, -0.000000, 0.000000, 0.000000, 0.972069, 0.234694, -0.000000, -0.234694, 0.972069),
      ["RightUpperArm"] = CFrame.new(-0.009455, -0.929096, 0.176904, 0.994074, -0.030299, -0.104400, -0.108708, -0.278226, -0.954344, -0.000131, 0.960038, -0.279871),
      ["RightUpperLeg"] = CFrame.new(0.004652, -0.327648, -0.722544, 0.998747, -0.049939, 0.003337, 0.008788, 0.240620, 0.970580, -0.049273, -0.969334, 0.240758)
    }},
    { Time = 0.167, Data = {
      ["Balls"] = CFrame.new(-0.000000, -0.000001, 0.000000, 0.956397, 0.292071, 0.000000, -0.292071, 0.956397, -0.000000, -0.000000, 0.000000, 1.000000),
      ["Cock"] = CFrame.new(0.000004, 0.000001, 0.000000, 0.920820, 0.389988, 0.000000, -0.389988, 0.920820, -0.000000, -0.000000, 0.000000, 1.000000),
      ["Head"] = CFrame.new(0.000000, -0.000000, 0.000000, 1.000000, -0.000000, 0.000000, 0.000000, 0.949572, 0.313549, -0.000000, -0.313549, 0.949572),
      ["LeftUpperArm"] = CFrame.new(0.014589, -0.934328, 0.173928, 0.993676, 0.047268, 0.101851, 0.111002, -0.276791, -0.954497, -0.016926, 0.959767, -0.280288),
      ["LeftUpperLeg"] = CFrame.new(-0.005446, -0.329029, -0.717013, 0.998637, 0.052083, -0.003365, -0.009180, 0.238749, 0.971038, 0.051378, -0.969684, 0.238902),
      ["LowerTorso"] = CFrame.new(0.000000, -1.032352, 1.863185, 1.000000, -0.000000, 0.000000, 0.000000, 0.972537, 0.232750, -0.000000, -0.232750, 0.972537),
      ["RightUpperArm"] = CFrame.new(-0.009559, -0.930857, 0.175266, 0.994049, -0.029402, -0.104895, -0.108931, -0.278574, -0.954217, -0.001165, 0.959965, -0.280119),
      ["RightUpperLeg"] = CFrame.new(0.004745, -0.328864, -0.718023, 0.998750, -0.049889, 0.003220, 0.008793, 0.238705, 0.971052, -0.049214, -0.969810, 0.238846)
    }},
    { Time = 0.183, Data = {
      ["Balls"] = CFrame.new(-0.000000, -0.000001, 0.000000, 0.956397, 0.292071, 0.000000, -0.292071, 0.956397, -0.000000, -0.000000, 0.000000, 1.000000),
      ["Cock"] = CFrame.new(0.000004, 0.000001, 0.000000, 0.921540, 0.388284, 0.000000, -0.388284, 0.921540, -0.000000, -0.000000, 0.000000, 1.000000),
      ["Head"] = CFrame.new(0.000000, -0.000000, 0.000000, 1.000000, -0.000000, 0.000000, 0.000000, 0.948691, 0.316205, -0.000000, -0.316205, 0.948691),
      ["LeftUpperArm"] = CFrame.new(0.014863, -0.937074, 0.171869, 0.993647, 0.046634, 0.102426, 0.111384, -0.277222, -0.954328, -0.016109, 0.959673, -0.280655),
      ["LeftUpperLeg"] = CFrame.new(-0.005546, -0.330357, -0.712058, 0.998640, 0.052033, -0.003240, -0.009177, 0.236618, 0.971559, 0.051320, -0.970208, 0.236774),
      ["LowerTorso"] = CFrame.new(0.000000, -1.032858, 1.859074, 1.000000, -0.000000, 0.000000, 0.000000, 0.973020, 0.230720, -0.000000, -0.230720, 0.973020),
      ["RightUpperArm"] = CFrame.new(-0.009670, -0.932805, 0.173467, 0.994011, -0.028407, -0.105526, -0.109257, -0.279025, -0.954048, -0.002343, 0.959864, -0.280457),
      ["RightUpperLeg"] = CFrame.new(0.004845, -0.330160, -0.713096, 0.998756, -0.049771, 0.003153, 0.008727, 0.236684, 0.971547, -0.049102, -0.970311, 0.236824)
    }},
    { Time = 0.200, Data = {
      ["Balls"] = CFrame.new(-0.000000, -0.000001, 0.000000, 0.956397, 0.292071, 0.000000, -0.292071, 0.956397, -0.000000, -0.000000, 0.000000, 1.000000),
      ["Cock"] = CFrame.new(0.000004, 0.000001, 0.000000, 0.922324, 0.386417, 0.000000, -0.386417, 0.922324, -0.000000, -0.000000, 0.000000, 1.000000),
      ["Head"] = CFrame.new(0.000000, -0.000000, 0.000000, 1.000000, -0.000000, 0.000000, 0.000000, 0.947858, 0.318693, -0.000000, -0.318693, 0.947858),
      ["LeftUpperArm"] = CFrame.new(0.015161, -0.940042, 0.169639, 0.993612, 0.045948, 0.103071, 0.111817, -0.277653, -0.954152, -0.015224, 0.959582, -0.281017),
      ["LeftUpperLeg"] = CFrame.new(-0.005654, -0.331796, -0.706685, 0.998643, 0.051984, -0.003115, -0.009174, 0.234485, 0.972077, 0.051263, -0.970729, 0.234644),
      ["LowerTorso"] = CFrame.new(0.000000, -1.033422, 1.854533, 1.000000, -0.000000, 0.000000, 0.000000, 0.973559, 0.228437, -0.000000, -0.228437, 0.973559),
      ["RightUpperArm"] = CFrame.new(-0.009795, -0.934908, 0.171518, 0.993979, -0.027343, -0.106106, -0.109514, -0.279483, -0.953885, -0.003573, 0.959761, -0.280795),
      ["RightUpperLeg"] = CFrame.new(0.004956, -0.331599, -0.707723, 0.998758, -0.049722, 0.003028, 0.008724, 0.234444, 0.972091, -0.049044, -0.970857, 0.234586)
    }},
    { Time = 0.217, Data = {
      ["Balls"] = CFrame.new(-0.000000, -0.000001, 0.000000, 0.956397, 0.292071, 0.000000, -0.292071, 0.956397, -0.000000, -0.000000, 0.000000, 1.000000),
      ["Cock"] = CFrame.new(0.000004, 0.000001, 0.000000, 0.923139, 0.384467, 0.000000, -0.384467, 0.923139, -0.000000, -0.000000, 0.000000, 1.000000),
      ["Head"] = CFrame.new(0.000000, -0.000000, 0.000000, 1.000000, -0.000000, 0.000000, 0.000000, 0.947018, 0.321180, -0.000000, -0.321180, 0.947018),
      ["LeftUpperArm"] = CFrame.new(0.015462, -0.943225, 0.167244, 0.993580, 0.045143, 0.103733, 0.112233, -0.278092, -0.953975, -0.014218, 0.959493, -0.281373),
      ["LeftUpperLeg"] = CFrame.new(-0.005769, -0.333305, -0.700934, 0.998649, 0.051866, -0.003035, -0.009095, 0.232031, 0.972666, 0.051153, -0.971325, 0.232189),
      ["LowerTorso"] = CFrame.new(0.000000, -1.034022, 1.849654, 1.000000, -0.000000, 0.000000, 0.000000, 0.974131, 0.225983, -0.000000, -0.225983, 0.974131),
      ["RightUpperArm"] = CFrame.new(-0.009936, -0.937159, 0.169426, 0.993939, -0.026227, -0.106755, -0.109821, -0.279941, -0.953715, -0.004871, 0.959659, -0.281124),
      ["RightUpperLeg"] = CFrame.new(0.005073, -0.333172, -0.701981, 0.998764, -0.049619, 0.002833, 0.008772, 0.232093, 0.972654, -0.048919, -0.971427, 0.232242)
    }},
    { Time = 0.233, Data = {
      ["Balls"] = CFrame.new(-0.000000, -0.000001, 0.000000, 0.956397, 0.292071, 0.000000, -0.292071, 0.956397, -0.000000, -0.000000, 0.000000, 1.000000),
      ["Cock"] = CFrame.new(0.000004, 0.000001, 0.000000, 0.924016, 0.382353, 0.000000, -0.382353, 0.924016, -0.000000, -0.000000, 0.000000, 1.000000),
      ["Head"] = CFrame.new(0.000000, -0.000000, 0.000000, 1.000000, -0.000000, 0.000000, 0.000000, 0.946229, 0.323499, -0.000000, -0.323499, 0.946229),
      ["LeftUpperArm"] = CFrame.new(0.015817, -0.946638, 0.164683, 0.993539, 0.044411, 0.104444, 0.112717, -0.278626, -0.953762, -0.013257, 0.959372, -0.281832),
      ["LeftUpperLeg"] = CFrame.new(-0.005892, -0.334978, -0.694802, 0.998655, 0.051763, -0.002834, -0.009137, 0.229570, 0.973249, 0.051029, -0.971915, 0.229734),
      ["LowerTorso"] = CFrame.new(0.000000, -1.034637, 1.844527, 1.000000, -0.000000, 0.000000, 0.000000, 0.974717, 0.223443, -0.000000, -0.223443, 0.974717),
      ["RightUpperArm"] = CFrame.new(-0.010094, -0.939579, 0.167188, 0.993892, -0.025066, -0.107472, -0.110179, -0.280502, -0.953509, -0.006245, 0.959527, -0.281550),
      ["RightUpperLeg"] = CFrame.new(0.005199, -0.334784, -0.695842, 0.998770, -0.049501, 0.002753, 0.008693, 0.229528, 0.973263, -0.048809, -0.972043, 0.229676)
    }},
    { Time = 0.250, Data = {
      ["Balls"] = CFrame.new(-0.000001, -0.000001, 0.000000, 0.956397, 0.292071, 0.000000, -0.292071, 0.956397, -0.000000, -0.000000, 0.000000, 1.000000),
      ["Cock"] = CFrame.new(0.000004, 0.000001, 0.000000, 0.924955, 0.380075, 0.000000, -0.380075, 0.924955, -0.000000, -0.000000, 0.000000, 1.000000),
      ["Head"] = CFrame.new(0.000000, -0.000000, 0.000000, 1.000000, -0.000000, 0.000000, 0.000000, 0.945462, 0.325734, -0.000000, -0.325734, 0.945462),
      ["LeftUpperArm"] = CFrame.new(0.016174, -0.950249, 0.161971, 0.993499, 0.043560, 0.105173, 0.113184, -0.279168, -0.953548, -0.012175, 0.959254, -0.282284),
      ["LeftUpperLeg"] = CFrame.new(-0.006024, -0.336720, -0.688264, 0.998658, 0.051713, -0.002695, -0.009121, 0.226889, 0.973878, 0.050974, -0.972547, 0.227057),
      ["LowerTorso"] = CFrame.new(0.000000, -1.035305, 1.838990, 1.000000, -0.000000, 0.000000, 0.000000, 0.975354, 0.220648, -0.000000, -0.220648, 0.975354),
      ["RightUpperArm"] = CFrame.new(-0.010248, -0.942137, 0.164817, 0.993844, -0.023785, -0.108207, -0.110519, -0.281068, -0.953303, -0.007739, 0.959393, -0.281967),
      ["RightUpperLeg"] = CFrame.new(0.005333, -0.336555, -0.689339, 0.998776, -0.049398, 0.002550, 0.008733, 0.226848, 0.973891, -0.048686, -0.972677, 0.227001)
    }},
    { Time = 0.267, Data = {
      ["Balls"] = CFrame.new(-0.000000, -0.000001, 0.000000, 0.956397, 0.292071, 0.000000, -0.292071, 0.956397, -0.000000, -0.000000, 0.000000, 1.000000),
      ["Cock"] = CFrame.new(0.000004, 0.000001, 0.000000, 0.925922, 0.377714, 0.000000, -0.377714, 0.925922, -0.000000, -0.000000, 0.000000, 1.000000),
      ["Head"] = CFrame.new(0.000000, 0.000000, -0.000000, 1.000000, -0.000000, 0.000000, 0.000000, 0.944718, 0.327885, -0.000000, -0.327885, 0.944718),
      ["LeftUpperArm"] = CFrame.new(0.016548, -0.954047, 0.159115, 0.993454, 0.042657, 0.105972, 0.113702, -0.279710, -0.953328, -0.011025, 0.959137, -0.282729),
      ["LeftUpperLeg"] = CFrame.new(-0.006159, -0.338547, -0.681433, 0.998668, 0.051543, -0.002537, -0.009085, 0.223994, 0.974548, 0.050799, -0.973227, 0.224163),
      ["LowerTorso"] = CFrame.new(0.000000, -1.035984, 1.833219, 1.000000, -0.000000, 0.000000, 0.000000, 0.976001, 0.217767, -0.000000, -0.217767, 0.976001),
      ["RightUpperArm"] = CFrame.new(-0.010397, -0.944827, 0.162321, 0.993794, -0.022383, -0.108960, -0.110841, -0.281643, -0.953096, -0.009354, 0.959259, -0.282376),
      ["RightUpperLeg"] = CFrame.new(0.005474, -0.338392, -0.682449, 0.998779, -0.049347, 0.002412, 0.008717, 0.224056, 0.974538, -0.048631, -0.973326, 0.224212)
    }},
    { Time = 0.283, Data = {
      ["Balls"] = CFrame.new(-0.000000, -0.000001, 0.000000, 0.956397, 0.292071, 0.000000, -0.292071, 0.956397, -0.000000, -0.000000, 0.000000, 1.000000),
      ["Cock"] = CFrame.new(0.000004, 0.000001, 0.000000, 0.926916, 0.375270, 0.000000, -0.375270, 0.926916, -0.000000, -0.000000, 0.000000, 1.000000),
      ["Head"] = CFrame.new(0.000000, -0.000000, 0.000000, 1.000000, -0.000000, 0.000000, 0.000000, 0.944027, 0.329869, -0.000000, -0.329869, 0.944027),
      ["LeftUpperArm"] = CFrame.new(0.016938, -0.958021, 0.156123, 0.993401, 0.041703, 0.106840, 0.114270, -0.280251, -0.953101, -0.009805, 0.959020, -0.283167),
      ["LeftUpperLeg"] = CFrame.new(-0.006306, -0.340469, -0.674208, 0.998671, 0.051493, -0.002390, -0.009060, 0.220981, 0.975236, 0.050746, -0.973918, 0.221154),
      ["LowerTorso"] = CFrame.new(0.000000, -1.036695, 1.827138, 1.000000, -0.000000, 0.000000, 0.000000, 0.976677, 0.214715, -0.000000, -0.214715, 0.976677),
      ["RightUpperArm"] = CFrame.new(-0.010591, -0.947664, 0.159698, 0.993735, -0.021057, -0.109764, -0.111230, -0.282312, -0.952853, -0.010924, 0.959092, -0.282885),
      ["RightUpperLeg"] = CFrame.new(0.005621, -0.340309, -0.675284, 0.998788, -0.049176, 0.002254, 0.008682, 0.221046, 0.975225, -0.048456, -0.974023, 0.221205)
    }},
    { Time = 0.300, Data = {
      ["Balls"] = CFrame.new(-0.000000, -0.000001, 0.000000, 0.956397, 0.292071, 0.000000, -0.292071, 0.956397, -0.000000, -0.000000, 0.000000, 1.000000),
      ["Cock"] = CFrame.new(0.000004, 0.000001, 0.000000, 0.927968, 0.372660, 0.000000, -0.372660, 0.927968, -0.000000, -0.000000, 0.000000, 1.000000),
      ["Head"] = CFrame.new(0.000000, -0.000000, 0.000000, 1.000000, -0.000000, 0.000000, 0.000000, 0.943360, 0.331770, -0.000000, -0.331770, 0.943360),
      ["LeftUpperArm"] = CFrame.new(0.017340, -0.962191, 0.152994, 0.993356, 0.040686, 0.107654, 0.114770, -0.280904, -0.952849, -0.008527, 0.958873, -0.283707),
      ["LeftUpperLeg"] = CFrame.new(-0.006454, -0.342468, -0.666728, 0.998680, 0.051321, -0.002230, -0.009022, 0.217966, 0.975915, 0.050571, -0.974606, 0.218141),
      ["LowerTorso"] = CFrame.new(0.000000, -1.037415, 1.820838, 1.000000, -0.000000, 0.000000, 0.000000, 0.977362, 0.211576, -0.000000, -0.211576, 0.977362),
      ["RightUpperArm"] = CFrame.new(-0.010763, -0.950619, 0.156962, 0.993666, -0.019558, -0.110655, -0.111652, -0.282987, -0.952603, -0.012683, 0.958924, -0.283379),
      ["RightUpperLeg"] = CFrame.new(0.005776, -0.342315, -0.667745, 0.998790, -0.049126, 0.002108, 0.008659, 0.217920, 0.975928, -0.048403, -0.974729, 0.218082)
    }},
    { Time = 0.317, Data = {
      ["Balls"] = CFrame.new(-0.000000, -0.000001, 0.000000, 0.956397, 0.292071, 0.000000, -0.292071, 0.956397, -0.000000, -0.000000, 0.000000, 1.000000),
      ["Cock"] = CFrame.new(0.000004, 0.000001, 0.000000, 0.929045, 0.369967, 0.000000, -0.369967, 0.929045, -0.000000, -0.000000, 0.000000, 1.000000),
      ["Head"] = CFrame.new(0.000000, -0.000000, 0.000000, 1.000000, -0.000000, 0.000000, 0.000000, 0.942749, 0.333504, -0.000000, -0.333504, 0.942749),
      ["LeftUpperArm"] = CFrame.new(0.017786, -0.966513, 0.149745, 0.993300, 0.039739, 0.108521, 0.115337, -0.281549, -0.952590, -0.007301, 0.958724, -0.284245),
      ["LeftUpperLeg"] = CFrame.new(-0.006611, -0.344577, -0.658928, 0.998686, 0.051217, -0.002010, -0.009047, 0.214725, 0.976633, 0.050451, -0.975331, 0.214906),
      ["LowerTorso"] = CFrame.new(0.000000, -1.038162, 1.814245, 1.000000, -0.000000, 0.000000, 0.000000, 0.978072, 0.208266, -0.000000, -0.208266, 0.978072),
      ["RightUpperArm"] = CFrame.new(-0.010939, -0.953682, 0.154121, 0.993602, -0.017991, -0.111496, -0.112004, -0.283669, -0.952358, -0.014494, 0.958753, -0.283870),
      ["RightUpperLeg"] = CFrame.new(0.005935, -0.344391, -0.659973, 0.998799, -0.048954, 0.001946, 0.008619, 0.214683, 0.976646, -0.048228, -0.975456, 0.214847)
    }},
    { Time = 0.333, Data = {
      ["Balls"] = CFrame.new(-0.000000, -0.000001, 0.000000, 0.956397, 0.292071, 0.000000, -0.292071, 0.956397, -0.000000, -0.000000, 0.000000, 1.000000),
      ["Cock"] = CFrame.new(0.000004, 0.000001, 0.000000, 0.930146, 0.367189, 0.000000, -0.367189, 0.930146, -0.000000, -0.000000, 0.000000, 1.000000),
      ["Head"] = CFrame.new(0.000000, 0.000000, 0.000000, 1.000000, -0.000000, 0.000000, 0.000000, 0.942192, 0.335072, -0.000000, -0.335072, 0.942192),
      ["LeftUpperArm"] = CFrame.new(0.018211, -0.970981, 0.146385, 0.993239, 0.038619, 0.109475, 0.115938, -0.282200, -0.952324, -0.005884, 0.958578, -0.284770),
      ["LeftUpperLeg"] = CFrame.new(-0.006774, -0.346756, -0.650855, 0.998691, 0.051112, -0.001788, -0.009068, 0.211370, 0.977364, 0.050333, -0.976069, 0.211557),
      ["LowerTorso"] = CFrame.new(0.000000, -1.038918, 1.807451, 1.000000, -0.000000, 0.000000, 0.000000, 0.978789, 0.204869, -0.000000, -0.204869, 0.978789),
      ["RightUpperArm"] = CFrame.new(-0.011140, -0.956844, 0.151183, 0.993520, -0.016442, -0.112457, -0.112475, -0.284344, -0.952102, -0.016322, 0.958581, -0.284351),
      ["RightUpperLeg"] = CFrame.new(0.006101, -0.346572, -0.651901, 0.998805, -0.048849, 0.001728, 0.008645, 0.211327, 0.977377, -0.048109, -0.976194, 0.211496)
    }},
    { Time = 0.350, Data = {
      ["Balls"] = CFrame.new(-0.000000, -0.000001, 0.000000, 0.956397, 0.292071, 0.000000, -0.292071, 0.956397, -0.000000, -0.000000, 0.000000, 1.000000),
      ["Cock"] = CFrame.new(0.000004, 0.000001, 0.000000, 0.931271, 0.364327, 0.000000, -0.364327, 0.931271, -0.000000, -0.000000, 0.000000, 1.000000),
      ["Head"] = CFrame.new(0.000000, -0.000000, -0.000000, 1.000000, -0.000000, 0.000000, 0.000000, 0.941663, 0.336558, -0.000000, -0.336558, 0.941663),
      ["LeftUpperArm"] = CFrame.new(0.018689, -0.975578, 0.142923, 0.993174, 0.037621, 0.110412, 0.116555, -0.282844, -0.952058, -0.004588, 0.958428, -0.285298),
      ["LeftUpperLeg"] = CFrame.new(-0.006939, -0.348968, -0.642560, 0.998700, 0.050939, -0.001617, -0.009020, 0.207902, 0.978108, 0.050160, -0.976822, 0.208091),
      ["LowerTorso"] = CFrame.new(0.000000, -1.039698, 1.800382, 1.000000, -0.000000, 0.000000, 0.000000, 0.979530, 0.201301, -0.000000, -0.201301, 0.979530),
      ["RightUpperArm"] = CFrame.new(-0.011342, -0.960099, 0.148155, 0.993442, -0.014825, -0.113369, -0.112876, -0.285024, -0.951851, -0.018202, 0.958406, -0.284829),
      ["RightUpperLeg"] = CFrame.new(0.006270, -0.348786, -0.643607, 0.998813, -0.048676, 0.001561, 0.008601, 0.207858, 0.978121, -0.047936, -0.976947, 0.208030)
    }},
    { Time = 0.367, Data = {
      ["Balls"] = CFrame.new(-0.000000, -0.000001, 0.000000, 0.956397, 0.292071, 0.000000, -0.292071, 0.956397, -0.000000, -0.000000, 0.000000, 1.000000),
      ["Cock"] = CFrame.new(0.000004, 0.000001, 0.000000, 0.932418, 0.361381, 0.000000, -0.361381, 0.932418, -0.000000, -0.000000, 0.000000, 1.000000),
      ["Head"] = CFrame.new(0.000000, 0.000000, -0.000000, 1.000000, -0.000000, 0.000000, 0.000000, 0.941190, 0.337877, -0.000000, -0.337877, 0.941190),
      ["LeftUpperArm"] = CFrame.new(0.019144, -0.980326, 0.139360, 0.993103, 0.036457, 0.111434, 0.117205, -0.283598, -0.951754, -0.003096, 0.958250, -0.285915),
      ["LeftUpperLeg"] = CFrame.new(-0.007111, -0.351272, -0.634010, 0.998706, 0.050833, -0.001390, -0.009037, 0.204314, 0.978864, 0.050043, -0.977585, 0.204509),
      ["LowerTorso"] = CFrame.new(0.000000, -1.040465, 1.793215, 1.000000, -0.000000, 0.000000, 0.000000, 0.980256, 0.197730, -0.000000, -0.197730, 0.980256),
      ["RightUpperArm"] = CFrame.new(-0.011549, -0.963464, 0.145038, 0.993353, -0.013163, -0.114349, -0.113325, -0.285807, -0.951563, -0.020157, 0.958197, -0.285399),
      ["RightUpperLeg"] = CFrame.new(0.006446, -0.351093, -0.635058, 0.998819, -0.048570, 0.001341, 0.008624, 0.204379, 0.978854, -0.047817, -0.977686, 0.204557)
    }},
    { Time = 0.383, Data = {
      ["Balls"] = CFrame.new(-0.000000, -0.000001, 0.000000, 0.956397, 0.292071, 0.000000, -0.292071, 0.956397, -0.000000, -0.000000, 0.000000, 1.000000),
      ["Cock"] = CFrame.new(0.000004, 0.000001, 0.000000, 0.933588, 0.358350, 0.000000, -0.358350, 0.933588, -0.000000, -0.000000, 0.000000, 1.000000),
      ["Head"] = CFrame.new(0.000000, -0.000000, 0.000000, 1.000000, -0.000000, 0.000000, 0.000000, 0.940775, 0.339032, -0.000000, -0.339032, 0.940775),
      ["LeftUpperArm"] = CFrame.new(0.019630, -0.985152, 0.135723, 0.993036, 0.035340, 0.112389, 0.117803, -0.284249, -0.951486, -0.001679, 0.958099, -0.286433),
      ["LeftUpperLeg"] = CFrame.new(-0.007286, -0.353597, -0.625284, 0.998715, 0.050660, -0.001217, -0.008988, 0.200722, 0.979607, 0.049871, -0.978338, 0.200919),
      ["LowerTorso"] = CFrame.new(0.000000, -1.041254, 1.785792, 1.000000, -0.000000, 0.000000, 0.000000, 0.981004, 0.193987, -0.000000, -0.193987, 0.981004),
      ["RightUpperArm"] = CFrame.new(-0.011771, -0.966903, 0.141848, 0.993261, -0.011501, -0.115330, -0.113774, -0.286588, -0.951274, -0.022112, 0.957985, -0.285965),
      ["RightUpperLeg"] = CFrame.new(0.006625, -0.353419, -0.626334, 0.998828, -0.048397, 0.001170, 0.008576, 0.200677, 0.979620, -0.047645, -0.978461, 0.200857)
    }},
    { Time = 0.400, Data = {
      ["Balls"] = CFrame.new(-0.000000, -0.000001, 0.000000, 0.956397, 0.292071, 0.000000, -0.292071, 0.956397, -0.000000, -0.000000, 0.000000, 1.000000),
      ["Cock"] = CFrame.new(0.000004, 0.000001, 0.000000, 0.934778, 0.355233, 0.000000, -0.355233, 0.934778, -0.000000, -0.000000, 0.000000, 1.000000),
      ["Head"] = CFrame.new(0.000000, -0.000000, 0.000000, 1.000000, -0.000000, 0.000000, 0.000000, 0.940418, 0.340021, -0.000000, -0.340021, 0.940418),
      ["LeftUpperArm"] = CFrame.new(0.020119, -0.990100, 0.132004, 0.992960, 0.034178, 0.113413, 0.118451, -0.285002, -0.951180, -0.000186, 0.957917, -0.287044),
      ["LeftUpperLeg"] = CFrame.new(-0.007466, -0.356002, -0.616352, 0.998721, 0.050553, -0.000988, -0.009003, 0.197008, 0.980361, 0.049755, -0.979098, 0.197211),
      ["LowerTorso"] = CFrame.new(0.000000, -1.042029, 1.778292, 1.000000, -0.000000, 0.000000, 0.000000, 0.981737, 0.190242, -0.000000, -0.190242, 0.981737),
      ["RightUpperArm"] = CFrame.new(-0.011976, -0.970409, 0.138593, 0.993163, -0.009719, -0.116331, -0.114203, -0.287375, -0.950985, -0.024188, 0.957769, -0.286520),
      ["RightUpperLeg"] = CFrame.new(0.006809, -0.355826, -0.617403, 0.998833, -0.048290, 0.000945, 0.008595, 0.196964, 0.980373, -0.047528, -0.979221, 0.197149)
    }},
    { Time = 0.417, Data = {
      ["Balls"] = CFrame.new(-0.000000, -0.000001, 0.000000, 0.956397, 0.292071, 0.000000, -0.292071, 0.956397, -0.000000, -0.000000, 0.000000, 1.000000),
      ["Cock"] = CFrame.new(0.000004, 0.000001, 0.000000, 0.935988, 0.352032, 0.000000, -0.352032, 0.935988, -0.000000, -0.000000, 0.000000, 1.000000),
      ["Head"] = CFrame.new(0.000000, 0.000000, -0.000000, 1.000000, -0.000000, 0.000000, 0.000000, 0.940090, 0.340927, -0.000000, -0.340927, 0.940090),
      ["LeftUpperArm"] = CFrame.new(0.020622, -0.995130, 0.128221, 0.992882, 0.033016, 0.114437, 0.119097, -0.285755, -0.950873, 0.001307, 0.957734, -0.287653),
      ["LeftUpperLeg"] = CFrame.new(-0.007647, -0.358414, -0.607293, 0.998730, 0.050379, -0.000810, -0.008948, 0.193180, 0.981123, 0.049584, -0.979869, 0.193385),
      ["LowerTorso"] = CFrame.new(0.000000, -1.042824, 1.770555, 1.000000, -0.000000, 0.000000, 0.000000, 0.982488, 0.186325, -0.000000, -0.186325, 0.982488),
      ["RightUpperArm"] = CFrame.new(-0.012196, -0.973969, 0.135283, 0.993047, -0.007956, -0.117452, -0.114750, -0.288155, -0.950684, -0.026281, 0.957551, -0.287064),
      ["RightUpperLeg"] = CFrame.new(0.006994, -0.358241, -0.608345, 0.998842, -0.048115, 0.000774, 0.008548, 0.193245, 0.981113, -0.047356, -0.979970, 0.193432)
    }},
    { Time = 0.433, Data = {
      ["Balls"] = CFrame.new(-0.000000, -0.000001, 0.000000, 0.956397, 0.292071, 0.000000, -0.292071, 0.956397, -0.000000, -0.000000, 0.000000, 1.000000),
      ["Cock"] = CFrame.new(0.000004, 0.000001, 0.000000, 0.937187, 0.348828, 0.000000, -0.348828, 0.937187, -0.000000, -0.000000, 0.000000, 1.000000),
      ["Head"] = CFrame.new(0.000000, -0.000000, 0.000000, 1.000000, -0.000000, 0.000000, 0.000000, 0.939820, 0.341669, -0.000000, -0.341669, 0.939820),
      ["LeftUpperArm"] = CFrame.new(0.021123, -1.000228, 0.124385, 0.992795, 0.031803, 0.115531, 0.119794, -0.286508, -0.950559, 0.002870, 0.957550, -0.288253),
      ["LeftUpperLeg"] = CFrame.new(-0.007833, -0.360894, -0.598077, 0.998735, 0.050270, -0.000579, -0.008961, 0.189339, 0.981871, 0.049469, -0.980624, 0.189550),
      ["LowerTorso"] = CFrame.new(0.000000, -1.043603, 1.762761, 1.000000, -0.000000, 0.000000, 0.000000, 0.983223, 0.182405, -0.000000, -0.182405, 0.983223),
      ["RightUpperArm"] = CFrame.new(-0.012422, -0.977579, 0.131926, 0.992940, -0.006175, -0.118455, -0.115176, -0.288940, -0.950394, -0.028357, 0.957327, -0.287611),
      ["RightUpperLeg"] = CFrame.new(0.007184, -0.360723, -0.599130, 0.998847, -0.048007, 0.000547, 0.008565, 0.189404, 0.981862, -0.047240, -0.980725, 0.189597)
    }},
    { Time = 0.450, Data = {
      ["Balls"] = CFrame.new(-0.000000, -0.000001, 0.000000, 0.956397, 0.292071, 0.000000, -0.292071, 0.956397, -0.000000, -0.000000, 0.000000, 1.000000),
      ["Cock"] = CFrame.new(0.000004, 0.000001, 0.000000, 0.938374, 0.345621, 0.000000, -0.345621, 0.938374, -0.000000, -0.000000, 0.000000, 1.000000),
      ["Head"] = CFrame.new(0.000000, -0.000000, 0.000000, 1.000000, -0.000000, 0.000000, 0.000000, 0.939641, 0.342163, -0.000000, -0.342163, 0.939641),
      ["LeftUpperArm"] = CFrame.new(0.021633, -1.005380, 0.120506, 0.992705, 0.030591, 0.116626, 0.120490, -0.287260, -0.950244, 0.004433, 0.957364, -0.288850),
      ["LeftUpperLeg"] = CFrame.new(-0.008019, -0.363368, -0.588784, 0.998744, 0.050095, -0.000402, -0.008908, 0.185493, 0.982605, 0.049298, -0.981368, 0.185706),
      ["LowerTorso"] = CFrame.new(0.000000, -1.044366, 1.754922, 1.000000, -0.000000, 0.000000, 0.000000, 0.983943, 0.178484, -0.000000, -0.178484, 0.983943),
      ["RightUpperArm"] = CFrame.new(-0.012644, -0.981253, 0.128522, 0.992821, -0.004351, -0.119527, -0.115650, -0.289826, -0.950066, -0.030508, 0.957069, -0.288249),
      ["RightUpperLeg"] = CFrame.new(0.007374, -0.363199, -0.589838, 0.998855, -0.047831, 0.000375, 0.008516, 0.185557, 0.982597, -0.047068, -0.981469, 0.185752)
    }},
    { Time = 0.467, Data = {
      ["Balls"] = CFrame.new(-0.000000, -0.000001, 0.000000, 0.956397, 0.292071, 0.000000, -0.292071, 0.956397, -0.000000, -0.000000, 0.000000, 1.000000),
      ["Cock"] = CFrame.new(0.000004, 0.000001, 0.000000, 0.939581, 0.342328, 0.000000, -0.342328, 0.939581, -0.000000, -0.000000, 0.000000, 1.000000),
      ["Head"] = CFrame.new(0.000000, -0.000000, 0.000000, 1.000000, -0.000000, 0.000000, 0.000000, 0.939491, 0.342575, -0.000000, -0.342575, 0.939491),
      ["LeftUpperArm"] = CFrame.new(0.022151, -1.010574, 0.116595, 0.992612, 0.029380, 0.117722, 0.121184, -0.288011, -0.949928, 0.005996, 0.957176, -0.289444),
      ["LeftUpperLeg"] = CFrame.new(-0.008208, -0.365897, -0.579386, 0.998750, 0.049985, -0.000171, -0.008922, 0.181634, 0.983326, 0.049183, -0.982095, 0.181853),
      ["LowerTorso"] = CFrame.new(0.000000, -1.045129, 1.746964, 1.000000, -0.000000, 0.000000, 0.000000, 0.984662, 0.174474, -0.000000, -0.174474, 0.984662),
      ["RightUpperArm"] = CFrame.new(-0.012870, -0.984929, 0.125098, 0.992698, -0.002521, -0.120601, -0.116123, -0.290609, -0.949769, -0.032654, 0.956839, -0.288780),
      ["RightUpperLeg"] = CFrame.new(0.007568, -0.365729, -0.580441, 0.998861, -0.047722, 0.000146, 0.008532, 0.181588, 0.983338, -0.046953, -0.982216, 0.181788)
    }},
    { Time = 0.483, Data = {
      ["Balls"] = CFrame.new(-0.000000, -0.000001, 0.000000, 0.956397, 0.292071, 0.000000, -0.292071, 0.956397, -0.000000, -0.000000, 0.000000, 1.000000),
      ["Cock"] = CFrame.new(0.000004, 0.000001, 0.000000, 0.940775, 0.339032, 0.000000, -0.339032, 0.940775, -0.000000, -0.000000, 0.000000, 1.000000),
      ["Head"] = CFrame.new(0.000000, -0.000000, 0.000000, 1.000000, -0.000000, 0.000000, 0.000000, 0.939400, 0.342822, -0.000000, -0.342822, 0.939400),
      ["LeftUpperArm"] = CFrame.new(0.022673, -1.015795, 0.112663, 0.992516, 0.028170, 0.118818, 0.121877, -0.288762, -0.949612, 0.007560, 0.956986, -0.290035),
      ["LeftUpperLeg"] = CFrame.new(-0.008397, -0.368405, -0.569962, 0.998759, 0.049809, 0.000007, -0.008867, 0.177658, 0.984052, 0.049013, -0.982831, 0.177879),
      ["LowerTorso"] = CFrame.new(0.000000, -1.045877, 1.738981, 1.000000, -0.000000, 0.000000, 0.000000, 0.985364, 0.170463, -0.000000, -0.170463, 0.985364),
      ["RightUpperArm"] = CFrame.new(-0.013101, -0.988624, 0.121654, 0.992570, -0.000691, -0.121675, -0.116595, -0.291391, -0.949472, -0.034799, 0.956604, -0.289306),
      ["RightUpperLeg"] = CFrame.new(0.007761, -0.368240, -0.571019, 0.998869, -0.047545, -0.000025, 0.008484, 0.177723, 0.984044, -0.046782, -0.982932, 0.177925)
    }},
    { Time = 0.500, Data = {
      ["Balls"] = CFrame.new(-0.000000, -0.000001, 0.000000, 0.956397, 0.292071, 0.000000, -0.292071, 0.956397, -0.000000, -0.000000, 0.000000, 1.000000),
      ["Cock"] = CFrame.new(0.000004, 0.000001, 0.000000, 0.941957, 0.335733, 0.000000, -0.335733, 0.941957, -0.000000, -0.000000, 0.000000, 1.000000),
      ["Head"] = CFrame.new(0.000000, -0.000000, 0.000000, 1.000000, -0.000000, 0.000000, 0.000000, 0.939370, 0.342904, -0.000000, -0.342904, 0.939370),
      ["LeftUpperArm"] = CFrame.new(0.023181, -1.021059, 0.108710, 0.992426, 0.026898, 0.119862, 0.122500, -0.289623, -0.949269, 0.009182, 0.956763, -0.290725),
