return {
  ["Astros cant breathe"] = {
    { Time = 0.000, Data = {
      ["Cock"] = CFrame.new(-0.000000, 0.000000, 0.000000, 0.314048, 0.945846, 0.082154, -0.895894, 0.323877, -0.304100, -0.314240, 0.021901, 0.949091),
      ["Head"] = CFrame.new(0.022294, 0.018465, -0.013281, 0.942792, -0.324718, 0.075507, 0.333274, 0.923741, -0.188759, -0.008456, 0.203125, 0.979116),
      ["LeftUpperArm"] = CFrame.new(0.054942, -0.138356, -0.523131, 0.990427, 0.133239, 0.036084, 0.047624, -0.084469, -0.995287, -0.129564, 0.987478, -0.090005),
      ["LeftUpperLeg"] = CFrame.new(-0.634125, 0.151373, -0.623736, 0.960985, -0.276600, 0.000000, 0.276600, 0.960985, 0.000000, 0.000000, 0.000000, 1.000000),
      ["LowerTorso"] = CFrame.new(0.826345, -0.321904, -2.312397, -0.954587, -0.246725, 0.167007, 0.088096, 0.301737, 0.949312, -0.284611, 0.920913, -0.266299),
      ["RightUpperArm"] = CFrame.new(0.126852, -0.204131, -0.317537, 0.923191, -0.384342, 0.000036, 0.059163, 0.142017, -0.988095, 0.379761, 0.912202, 0.153848),
      ["RightUpperLeg"] = CFrame.new(0.000000, -0.544874, -0.383309, 1.000000, 0.000000, 0.000000, 0.000000, 0.981054, -0.193732, 0.000000, 0.193732, 0.981054),
      ["рҹҢ§пёҸрҹҳірҹ‘»рҹҸіпёҸвҖҚрҹҢҲрҹҳӮрҹ’һрҹҸҙвҖҚвҳ пёҸрҹҺёрҹҢ§пёҸрҹҳірҹ‘»рҹҸіпёҸвҖҚрҹҢҲрҹҳӮрҹ’һрҹҸҙвҖҚвҳ"] = CFrame.new(-0.005032, 0.000000, 0.097742, 1.000000, 0.000000, 0.000000, 0.000000, 1.000000, 0.000000, 0.000000, 0.000000, 1.000000)
    }},
    { Time = 0.017, Data = {
      ["Cock"] = CFrame.new(-0.000000, 0.000000, 0.000000, 0.314048, 0.945846, 0.082154, -0.895894, 0.323877, -0.304100, -0.314240, 0.021901, 0.949091),
      ["Head"] = CFrame.new(0.022299, 0.018448, -0.013424, 0.942792, -0.324718, 0.075507, 0.333274, 0.923741, -0.188759, -0.008456, 0.203125, 0.979116),
      ["LeftUpperArm"] = CFrame.new(0.054951, -0.138404, -0.523077, 0.990427, 0.133241, 0.036076, 0.047632, -0.084585, -0.995277, -0.129561, 0.987468, -0.090122),
      ["LeftUpperLeg"] = CFrame.new(-0.634120, 0.151356, -0.623734, 0.960985, -0.276600, 0.000012, 0.276600, 0.960985, -0.000085, 0.000012, 0.000085, 1.000000),
      ["LowerTorso"] = CFrame.new(0.826355, -0.321802, -2.312428, -0.954587, -0.246734, 0.166994, 0.088112, 0.301636, 0.949343, -0.284606, 0.920944, -0.266198),
      ["RightUpperArm"] = CFrame.new(0.126834, -0.204143, -0.317538, 0.923165, -0.384404, 0.000116, 0.059203, 0.141881, -0.988112, 0.379817, 0.912197, 0.153738),
      ["RightUpperLeg"] = CFrame.new(0.000000, -0.544891, -0.383316, 1.000000, 0.000000, 0.000000, 0.000000, 0.981038, -0.193817, 0.000000, 0.193817, 0.981038),
      ["рҹҢ§пёҸрҹҳірҹ‘»рҹҸіпёҸвҖҚрҹҢҲрҹҳӮрҹ’һрҹҸҙвҖҚвҳ пёҸрҹҺёрҹҢ§пёҸрҹҳірҹ‘»рҹҸіпёҸвҖҚрҹҢҲрҹҳӮрҹ’һрҹҸҙвҖҚвҳ"] = CFrame.new(-0.049957, -0.015882, 0.004641, 0.682318, 0.000079, 0.731056, -0.000079, 1.000000, -0.000034, -0.731056, -0.000034, 0.682318)
    }},
    { Time = 0.033, Data = {
      ["Cock"] = CFrame.new(-0.000000, 0.000000, 0.000000, 0.313950, 0.945880, 0.082138, -0.895929, 0.323778, -0.304105, -0.314241, 0.021884, 0.949091),
      ["Head"] = CFrame.new(0.022313, 0.018398, -0.013854, 0.942792, -0.324725, 0.075479, 0.333274, 0.923776, -0.188591, -0.008485, 0.202957, 0.979151),
      ["LeftUpperArm"] = CFrame.new(0.054977, -0.138549, -0.522915, 0.990427, 0.133248, 0.036052, 0.047654, -0.084934, -0.995246, -0.129552, 0.987437, -0.090471),
      ["LeftUpperLeg"] = CFrame.new(-0.634105, 0.151303, -0.623759, 0.960985, -0.276600, 0.000158, 0.276600, 0.960985, -0.000501, -0.000013, 0.000525, 1.000000),
      ["LowerTorso"] = CFrame.new(0.826441, -0.321590, -2.312474, -0.954578, -0.246820, 0.166915, 0.088075, 0.301424, 0.949414, -0.284647, 0.920990, -0.265994),
      ["RightUpperArm"] = CFrame.new(0.126751, -0.204149, -0.317559, 0.923044, -0.384695, 0.000207, 0.059230, 0.141584, -0.988153, 0.380108, 0.912121, 0.153474),
      ["RightUpperLeg"] = CFrame.new(0.000000, -0.544943, -0.383339, 1.000000, 0.000000, 0.000000, 0.000000, 0.980954, -0.194243, 0.000000, 0.194243, 0.980954),
      ["рҹҢ§пёҸрҹҳірҹ‘»рҹҸіпёҸвҖҚрҹҢҲрҹҳӮрҹ’һрҹҸҙвҖҚвҳ пёҸрҹҺёрҹҢ§пёҸрҹҳірҹ‘»рҹҸіпёҸвҖҚрҹҢҲрҹҳӮрҹ’һрҹҸҙвҖҚвҳ"] = CFrame.new(-0.049873, -0.015855, 0.004633, 0.682387, 0.000238, 0.730991, -0.000238, 1.000000, -0.000103, -0.730991, -0.000103, 0.682387)
    }},
    { Time = 0.050, Data = {
      ["Cock"] = CFrame.new(-0.000000, 0.000000, 0.000000, 0.313731, 0.945950, 0.082173, -0.895981, 0.323580, -0.304162, -0.314311, 0.021799, 0.949070),
      ["Head"] = CFrame.new(0.022336, 0.018314, -0.014570, 0.942796, -0.324737, 0.075380, 0.333265, 0.923793, -0.188522, -0.008415, 0.202859, 0.979172),
      ["LeftUpperArm"] = CFrame.new(0.055036, -0.138790, -0.522648, 0.990421, 0.133316, 0.035950, 0.047634, -0.085515, -0.995198, -0.129602, 0.987377, -0.091046),
      ["LeftUpperLeg"] = CFrame.new(-0.634080, 0.151215, -0.623780, 0.960985, -0.276600, 0.000328, 0.276600, 0.960985, -0.001087, -0.000014, 0.001135, 0.999999),
      ["LowerTorso"] = CFrame.new(0.826468, -0.321285, -2.312566, -0.954578, -0.246848, 0.166875, 0.088121, 0.301119, 0.949506, -0.284632, 0.921083, -0.265689),
      ["RightUpperArm"] = CFrame.new(0.126630, -0.204179, -0.317581, 0.922871, -0.385109, 0.000458, 0.059335, 0.141015, -0.988228, 0.380511, 0.912034, 0.152989),
      ["RightUpperLeg"] = CFrame.new(0.000000, -0.545028, -0.383376, 1.000000, 0.000000, 0.000000, 0.000000, 0.980835, -0.194838, 0.000000, 0.194838, 0.980835),
      ["рҹҢ§пёҸрҹҳірҹ‘»рҹҸіпёҸвҖҚрҹҢҲрҹҳӮрҹ’һрҹҸҙвҖҚвҳ пёҸрҹҺёрҹҢ§пёҸрҹҳірҹ‘»рҹҸіпёҸвҖҚрҹҢҲрҹҳӮрҹ’һрҹҸҙвҖҚвҳ"] = CFrame.new(-0.049735, -0.015811, 0.004621, 0.682387, 0.000441, 0.730991, -0.000509, 1.000000, -0.000127, -0.730991, -0.000286, 0.682387)
    }},
    { Time = 0.067, Data = {
      ["Cock"] = CFrame.new(-0.000000, 0.000000, 0.000000, 0.313533, 0.946018, 0.082140, -0.896049, 0.323382, -0.304171, -0.314314, 0.021766, 0.949070),
      ["Head"] = CFrame.new(0.022368, 0.018197, -0.015573, 0.942796, -0.324747, 0.075337, 0.333264, 0.923845, -0.188271, -0.008459, 0.202608, 0.979223),
      ["LeftUpperArm"] = CFrame.new(0.055081, -0.139129, -0.522270, 0.990432, 0.133268, 0.035837, 0.047624, -0.086339, -0.995127, -0.129524, 0.987312, -0.091860),
      ["LeftUpperLeg"] = CFrame.new(-0.634045, 0.151093, -0.623797, 0.960985, -0.276600, 0.000522, 0.276600, 0.960983, -0.001844, 0.000009, 0.001917, 0.999998),
      ["LowerTorso"] = CFrame.new(0.826532, -0.320768, -2.312718, -0.954594, -0.246911, 0.166690, 0.088078, 0.300602, 0.949674, -0.284592, 0.921235, -0.265205),
      ["RightUpperArm"] = CFrame.new(0.126489, -0.204196, -0.317605, 0.922672, -0.385584, 0.000789, 0.059480, 0.140309, -0.988320, 0.380970, 0.911942, 0.152394),
      ["RightUpperLeg"] = CFrame.new(0.000000, -0.545147, -0.383429, 1.000000, 0.000000, 0.000000, 0.000000, 0.980666, -0.195689, 0.000000, 0.195689, 0.980666),
      ["рҹҢ§пёҸрҹҳірҹ‘»рҹҸіпёҸвҖҚрҹҢҲрҹҳӮрҹ’һрҹҸҙвҖҚвҳ пёҸрҹҺёрҹҢ§пёҸрҹҳірҹ‘»рҹҸіпёҸвҖҚрҹҢҲрҹҳӮрҹ’һрҹҸҙвҖҚвҳ"] = CFrame.new(-0.049540, -0.015749, 0.004603, 0.682524, 0.000837, 0.730863, -0.000905, 1.000000, -0.000299, -0.730863, -0.000457, 0.682524)
    }},
    { Time = 0.083, Data = {
      ["Cock"] = CFrame.new(-0.000000, 0.000000, 0.000000, 0.313236, 0.946116, 0.082142, -0.896169, 0.323103, -0.304116, -0.314269, 0.021647, 0.949087),
      ["Head"] = CFrame.new(0.022410, 0.018046, -0.016862, 0.942799, -0.324766, 0.075209, 0.333254, 0.923896, -0.188034, -0.008419, 0.202343, 0.979279),
      ["LeftUpperArm"] = CFrame.new(0.055176, -0.139563, -0.521788, 0.990426, 0.133345, 0.035703, 0.047634, -0.087385, -0.995035, -0.129563, 0.987210, -0.092900),
      ["LeftUpperLeg"] = CFrame.new(-0.633999, 0.150936, -0.623841, 0.960985, -0.276599, 0.000849, 0.276600, 0.960981, -0.002931, -0.000005, 0.003052, 0.999995),
      ["LowerTorso"] = CFrame.new(0.826663, -0.320047, -2.312918, -0.954585, -0.247043, 0.166544, 0.088118, 0.299881, 0.949898, -0.284609, 0.921434, -0.264493),
      ["RightUpperArm"] = CFrame.new(0.126267, -0.204215, -0.317654, 0.922351, -0.386350, 0.001190, 0.059673, 0.139415, -0.988434, 0.381716, 0.911755, 0.151644),
      ["RightUpperLeg"] = CFrame.new(0.000000, -0.545301, -0.383497, 1.000000, 0.000000, 0.000000, 0.000000, 0.980462, -0.196709, 0.000000, 0.196709, 0.980462),
      ["рҹҢ§пёҸрҹҳірҹ‘»рҹҸіпёҸвҖҚрҹҢҲрҹҳӮрҹ’һрҹҸҙвҖҚвҳ пёҸрҹҺёрҹҢ§пёҸрҹҳірҹ‘»рҹҸіпёҸвҖҚрҹҢҲрҹҳӮрҹ’һрҹҸҙвҖҚвҳ"] = CFrame.new(-0.049291, -0.015670, 0.004580, 0.682592, 0.001356, 0.730799, -0.001494, 0.999999, -0.000461, -0.730799, -0.000777, 0.682593)
    }},
    { Time = 0.100, Data = {
      ["Cock"] = CFrame.new(0.000000, -0.000000, 0.000000, 0.312819, 0.946254, 0.082145, -0.896289, 0.322707, -0.304181, -0.314341, 0.021528, 0.949066),
      ["Head"] = CFrame.new(0.022461, 0.017862, -0.018439, 0.942799, -0.324782, 0.075138, 0.333253, 0.923982, -0.187615, -0.008492, 0.201924, 0.979364),
      ["LeftUpperArm"] = CFrame.new(0.055271, -0.140125, -0.521200, 0.990432, 0.133364, 0.035488, 0.047604, -0.088789, -0.994912, -0.129535, 0.987082, -0.094288),
      ["LeftUpperLeg"] = CFrame.new(-0.633944, 0.150743, -0.623874, 0.960985, -0.276598, 0.001213, 0.276601, 0.960975, -0.004275, 0.000017, 0.004444, 0.999990),
      ["LowerTorso"] = CFrame.new(0.826822, -0.319215, -2.313145, -0.954593, -0.247201, 0.166267, 0.088054, 0.299049, 0.950167, -0.284605, 0.921662, -0.263703),
      ["RightUpperArm"] = CFrame.new(0.126024, -0.204251, -0.317701, 0.922004, -0.387177, 0.001694, 0.059882, 0.138273, -0.988582, 0.382522, 0.911578, 0.150673),
      ["RightUpperLeg"] = CFrame.new(0.000000, -0.545489, -0.383580, 1.000000, 0.000000, 0.000000, 0.000000, 0.980188, -0.198070, 0.000000, 0.198070, 0.980188),
      ["рҹҢ§пёҸрҹҳірҹ‘»рҹҸіпёҸвҖҚрҹҢҲрҹҳӮрҹ’һрҹҸҙвҖҚвҳ пёҸрҹҺёрҹҢ§пёҸрҹҳірҹ‘»рҹҸіпёҸвҖҚрҹҢҲрҹҳӮрҹ’һрҹҸҙвҖҚвҳ"] = CFrame.new(-0.048985, -0.015573, 0.004551, 0.682728, 0.001956, 0.730670, -0.002162, 0.999997, -0.000656, -0.730670, -0.001131, 0.682730)
    }},
    { Time = 0.117, Data = {
      ["Cock"] = CFrame.new(-0.000000, 0.000000, 0.000000, 0.312423, 0.946386, 0.082130, -0.896442, 0.322329, -0.304131, -0.314298, 0.021393, 0.949083),
      ["Head"] = CFrame.new(0.022521, 0.017644, -0.020301, 0.942803, -0.324808, 0.074982, 0.333242, 0.924068, -0.187211, -0.008481, 0.201490, 0.979454),
      ["LeftUpperArm"] = CFrame.new(0.055401, -0.140750, -0.520505, 0.990426, 0.133449, 0.035322, 0.047644, -0.090297, -0.994775, -0.129562, 0.986934, -0.095790),
      ["LeftUpperLeg"] = CFrame.new(-0.633879, 0.150516, -0.623947, 0.960985, -0.276596, 0.001687, 0.276601, 0.960967, -0.005777, -0.000023, 0.006018, 0.999982),
      ["LowerTorso"] = CFrame.new(0.826972, -0.318290, -2.313405, -0.954584, -0.247351, 0.166094, 0.088125, 0.298123, 0.950450, -0.284611, 0.921922, -0.262786),
      ["RightUpperArm"] = CFrame.new(0.125701, -0.204317, -0.317768, 0.921533, -0.388293, 0.002292, 0.060115, 0.136832, -0.988769, 0.383618, 0.911321, 0.149437),
      ["RightUpperLeg"] = CFrame.new(0.000000, -0.545711, -0.383677, 1.000000, 0.000000, 0.000000, 0.000000, 0.979877, -0.199601, 0.000000, 0.199601, 0.979877),
      ["рҹҢ§пёҸрҹҳірҹ‘»рҹҸіпёҸвҖҚрҹҢҲрҹҳӮрҹ’һрҹҸҙвҖҚвҳ пёҸрҹҺёрҹҢ§пёҸрҹҳірҹ‘»рҹҸіпёҸвҖҚрҹҢҲрҹҳӮрҹ’һрҹҸҙвҖҚвҳ"] = CFrame.new(-0.048624, -0.015458, 0.004518, 0.682863, 0.002634, 0.730541, -0.002909, 0.999995, -0.000886, -0.730540, -0.001520, 0.682868)
    }},
    { Time = 0.133, Data = {
      ["Cock"] = CFrame.new(-0.000000, 0.000000, 0.000000, 0.311907, 0.946553, 0.082167, -0.896613, 0.321852, -0.304133, -0.314323, 0.021189, 0.949080),
      ["Head"] = CFrame.new(0.022591, 0.017393, -0.022450, 0.942778, -0.324915, 0.074834, 0.333315, 0.924124, -0.186804, -0.008461, 0.201058, 0.979543),
      ["LeftUpperArm"] = CFrame.new(0.055531, -0.141474, -0.519700, 0.990431, 0.133474, 0.035084, 0.047636, -0.092046, -0.994615, -0.129526, 0.986769, -0.097523),
      ["LeftUpperLeg"] = CFrame.new(-0.633803, 0.150254, -0.624010, 0.960984, -0.276594, 0.002196, 0.276602, 0.960955, -0.007536, -0.000026, 0.007850, 0.999969),
      ["LowerTorso"] = CFrame.new(0.827157, -0.317151, -2.313723, -0.954591, -0.247537, 0.165776, 0.088108, 0.296985, 0.950809, -0.284593, 0.922239, -0.261689),
      ["RightUpperArm"] = CFrame.new(0.125357, -0.204343, -0.317841, 0.921035, -0.389470, 0.002950, 0.060407, 0.135362, -0.988953, 0.384768, 0.911038, 0.148200),
      ["RightUpperLeg"] = CFrame.new(0.000000, -0.545967, -0.383790, 1.000000, 0.000000, 0.000000, 0.000000, 0.979512, -0.201386, 0.000000, 0.201386, 0.979512),
      ["рҹҢ§пёҸрҹҳірҹ‘»рҹҸіпёҸвҖҚрҹҢҲрҹҳӮрҹ’һрҹҸҙвҖҚвҳ пёҸрҹҺёрҹҢ§пёҸрҹҳірҹ‘»рҹҸіпёҸвҖҚрҹҢҲрҹҳӮрҹ’һрҹҸҙвҖҚвҳ"] = CFrame.new(-0.048208, -0.015325, 0.004479, 0.683066, 0.003471, 0.730348, -0.003814, 0.999992, -0.001185, -0.730347, -0.001977, 0.683074)
    }},
    { Time = 0.150, Data = {
      ["Cock"] = CFrame.new(0.000000, 0.000000, 0.000000, 0.311292, 0.946754, 0.082188, -0.896818, 0.321275, -0.304139, -0.314350, 0.020969, 0.949076),
      ["Head"] = CFrame.new(0.022670, 0.017108, -0.024886, 0.942781, -0.324947, 0.074649, 0.333304, 0.924244, -0.186232, -0.008479, 0.200457, 0.979666),
      ["LeftUpperArm"] = CFrame.new(0.055694, -0.142293, -0.518792, 0.990431, 0.133561, 0.034766, 0.047585, -0.094025, -0.994432, -0.129549, 0.986570, -0.099481),
      ["LeftUpperLeg"] = CFrame.new(-0.633718, 0.149957, -0.624063, 0.960984, -0.276590, 0.002742, 0.276603, 0.960937, -0.009551, 0.000007, 0.009937, 0.999951),
      ["LowerTorso"] = CFrame.new(0.827352, -0.315909, -2.314070, -0.954598, -0.247731, 0.165445, 0.088106, 0.295743, 0.951196, -0.284570, 0.922586, -0.260489),
      ["RightUpperArm"] = CFrame.new(0.124961, -0.204430, -0.317921, 0.920456, -0.390828, 0.003850, 0.060814, 0.133480, -0.989184, 0.386087, 0.910734, 0.146630),
      ["RightUpperLeg"] = CFrame.new(0.000000, -0.546257, -0.383918, 1.000000, 0.000000, 0.000000, 0.000000, 0.979091, -0.203425, 0.000000, 0.203425, 0.979091),
      ["рҹҢ§пёҸрҹҳірҹ‘»рҹҸіпёҸвҖҚрҹҢҲрҹҳӮрҹ’һрҹҸҙвҖҚвҳ пёҸрҹҺёрҹҢ§пёҸрҹҳірҹ‘»рҹҸіпёҸвҖҚрҹҢҲрҹҳӮрҹ’һрҹҸҙвҖҚвҳ"] = CFrame.new(-0.047736, -0.015175, 0.004436, 0.683199, 0.004387, 0.730219, -0.004799, 0.999987, -0.001517, -0.730216, -0.002468, 0.683212)
    }},
    { Time = 0.167, Data = {
      ["Cock"] = CFrame.new(-0.000000, 0.000000, 0.000000, 0.310697, 0.946953, 0.082140, -0.897038, 0.320698, -0.304097, -0.314308, 0.020799, 0.949093),
      ["Head"] = CFrame.new(0.022758, 0.016790, -0.027608, 0.942785, -0.324979, 0.074465, 0.333293, 0.924363, -0.185660, -0.008497, 0.199856, 0.979788),
      ["LeftUpperArm"] = CFrame.new(0.055876, -0.143235, -0.517780, 0.990425, 0.133659, 0.034546, 0.047679, -0.096337, -0.994206, -0.129557, 0.986334, -0.101788),
      ["LeftUpperLeg"] = CFrame.new(-0.633622, 0.149626, -0.624154, 0.960984, -0.276584, 0.003397, 0.276605, 0.960912, -0.011725, -0.000022, 0.012208, 0.999925),
      ["LowerTorso"] = CFrame.new(0.827623, -0.314555, -2.314430, -0.954597, -0.248002, 0.165047, 0.088051, 0.294389, 0.951621, -0.284592, 0.922946, -0.259186),
      ["RightUpperArm"] = CFrame.new(0.124517, -0.204476, -0.318020, 0.919803, -0.392352, 0.004687, 0.061163, 0.131568, -0.989419, 0.387584, 0.910357, 0.145014),
      ["RightUpperLeg"] = CFrame.new(0.000000, -0.546581, -0.384061, 1.000000, 0.000000, 0.000000, 0.000000, 0.978611, -0.205719, 0.000000, 0.205719, 0.978611),
      ["рҹҢ§пёҸрҹҳірҹ‘»рҹҸіпёҸвҖҚрҹҢҲрҹҳӮрҹ’һрҹҸҙвҖҚвҳ пёҸрҹҺёрҹҢ§пёҸрҹҳірҹ‘»рҹҸіпёҸвҖҚрҹҢҲрҹҳӮрҹ’һрҹҸҙвҖҚвҳ"] = CFrame.new(-0.047209, -0.015007, 0.004387, 0.683468, 0.005348, 0.729961, -0.005898, 0.999981, -0.001805, -0.729957, -0.003072, 0.683486)
    }},
    { Time = 0.183, Data = {
      ["Cock"] = CFrame.new(0.000000, 0.000000, 0.000000, 0.309982, 0.947187, 0.082145, -0.897276, 0.320022, -0.304108, -0.314335, 0.020562, 0.949089),
      ["Head"] = CFrame.new(0.022855, 0.016438, -0.030617, 0.942792, -0.325023, 0.074181, 0.333274, 0.924498, -0.185019, -0.008445, 0.199157, 0.979931),
      ["LeftUpperArm"] = CFrame.new(0.056074, -0.144245, -0.516659, 0.990425, 0.133753, 0.034197, 0.047658, -0.098773, -0.993968, -0.129568, 0.986080, -0.104202),
      ["LeftUpperLeg"] = CFrame.new(-0.633517, 0.149259, -0.624230, 0.960983, -0.276577, 0.004101, 0.276607, 0.960877, -0.014241, -0.000002, 0.014820, 0.999890),
      ["LowerTorso"] = CFrame.new(0.827961, -0.312996, -2.314834, -0.954570, -0.248341, 0.164689, 0.088080, 0.292830, 0.952099, -0.284671, 0.923351, -0.257653),
      ["RightUpperArm"] = CFrame.new(0.124036, -0.204577, -0.318119, 0.919095, -0.393996, 0.005711, 0.061563, 0.129267, -0.989697, 0.389198, 0.909977, 0.143064),
      ["RightUpperLeg"] = CFrame.new(0.000000, -0.546940, -0.384219, 1.000000, 0.000000, 0.000000, 0.000000, 0.978072, -0.208266, 0.000000, 0.208266, 0.978072),
      ["рҹҢ§пёҸрҹҳірҹ‘»рҹҸіпёҸвҖҚрҹҢҲрҹҳӮрҹ’һрҹҸҙвҖҚвҳ пёҸрҹҺёрҹҢ§пёҸрҹҳірҹ‘»рҹҸіпёҸвҖҚрҹҢҲрҹҳӮрҹ’һрҹҸҙвҖҚвҳ"] = CFrame.new(-0.046626, -0.014822, 0.004333, 0.683665, 0.006468, 0.729767, -0.007155, 0.999972, -0.002160, -0.729761, -0.003744, 0.683692)
    }},
    { Time = 0.200, Data = {
      ["Cock"] = CFrame.new(-0.000000, 0.000000, 0.000000, 0.309168, 0.947454, 0.082132, -0.897547, 0.319246, -0.304123, -0.314364, 0.020307, 0.949085),
      ["Head"] = CFrame.new(0.022961, 0.016053, -0.033912, 0.942796, -0.325061, 0.073968, 0.333262, 0.924650, -0.184279, -0.008492, 0.198388, 0.980087),
      ["LeftUpperArm"] = CFrame.new(0.056289, -0.145380, -0.515437, 0.990424, 0.133852, 0.033824, 0.047660, -0.101551, -0.993688, -0.129572, 0.985784, -0.106958),
      ["LeftUpperLeg"] = CFrame.new(-0.633401, 0.148858, -0.624302, 0.960982, -0.276568, 0.004829, 0.276610, 0.960833, -0.016928, 0.000042, 0.017603, 0.999845),
      ["LowerTorso"] = CFrame.new(0.828149, -0.311238, -2.315340, -0.954602, -0.248529, 0.164222, 0.088104, 0.291072, 0.952636, -0.284558, 0.923856, -0.255962),
      ["RightUpperArm"] = CFrame.new(0.123492, -0.204644, -0.318245, 0.918284, -0.395864, 0.006731, 0.061965, 0.126907, -0.989977, 0.391042, 0.909498, 0.141067),
      ["RightUpperLeg"] = CFrame.new(0.000000, -0.547332, -0.384392, 1.000000, 0.000000, 0.000000, 0.000000, 0.977490, -0.210982, 0.000000, 0.210982, 0.977490),
      ["рҹҢ§пёҸрҹҳірҹ‘»рҹҸіпёҸвҖҚрҹҢҲрҹҳӮрҹ’һрҹҸҙвҖҚвҳ пёҸрҹҺёрҹҢ§пёҸрҹҳірҹ‘»рҹҸіпёҸвҖҚрҹҢҲрҹҳӮрҹ’һрҹҸҙвҖҚвҳ"] = CFrame.new(-0.045988, -0.014619, 0.004274, 0.683928, 0.007702, 0.729509, -0.008457, 0.999961, -0.002629, -0.729500, -0.004371, 0.683967)
    }},
    { Time = 0.217, Data = {
      ["Cock"] = CFrame.new(-0.000000, 0.000000, 0.000000, 0.308352, 0.947721, 0.082120, -0.897818, 0.318469, -0.304139, -0.314392, 0.020053, 0.949082),
      ["Head"] = CFrame.new(0.023077, 0.015635, -0.037494, 0.942803, -0.325107, 0.073670, 0.333243, 0.924801, -0.183554, -0.008455, 0.197605, 0.980245),
      ["LeftUpperArm"] = CFrame.new(0.056522, -0.146579, -0.514107, 0.990423, 0.133952, 0.033444, 0.047669, -0.104440, -0.993388, -0.129573, 0.985469, -0.109826),
      ["LeftUpperLeg"] = CFrame.new(-0.633276, 0.148423, -0.624406, 0.960981, -0.276556, 0.005678, 0.276614, 0.960776, -0.019859, 0.000037, 0.020655, 0.999787),
      ["LowerTorso"] = CFrame.new(0.828532, -0.309359, -2.315827, -0.954591, -0.248911, 0.163704, 0.088060, 0.289192, 0.953212, -0.284607, 0.924344, -0.254142),
      ["RightUpperArm"] = CFrame.new(0.122913, -0.204738, -0.318376, 0.917416, -0.397851, 0.007919, 0.062437, 0.124266, -0.990283, 0.393000, 0.908996, 0.138845),
      ["RightUpperLeg"] = CFrame.new(0.000000, -0.547759, -0.384580, 1.000000, 0.000000, 0.000000, 0.000000, 0.976844, -0.213951, 0.000000, 0.213951, 0.976844),
      ["рҹҢ§пёҸрҹҳірҹ‘»рҹҸіпёҸвҖҚрҹҢҲрҹҳӮрҹ’һрҹҸҙвҖҚвҳ пёҸрҹҺёрҹҢ§пёҸрҹҳірҹ‘»рҹҸіпёҸвҖҚрҹҢҲрҹҳӮрҹ’һрҹҸҙвҖҚвҳ"] = CFrame.new(-0.045294, -0.014398, 0.004210, 0.684188, 0.009060, 0.729250, -0.009952, 0.999946, -0.003086, -0.729238, -0.005146, 0.684241)
    }},
    { Time = 0.233, Data = {
      ["Cock"] = CFrame.new(-0.000000, 0.000000, 0.000000, 0.307437, 0.948021, 0.082091, -0.898121, 0.317593, -0.304159, -0.314421, 0.019782, 0.949078),
      ["Head"] = CFrame.new(0.023202, 0.015183, -0.041363, 0.942781, -0.325239, 0.073365, 0.333305, 0.924940, -0.182742, -0.008424, 0.196738, 0.980420),
      ["LeftUpperArm"] = CFrame.new(0.056770, -0.147905, -0.512677, 0.990428, 0.134050, 0.032918, 0.047579, -0.107680, -0.993047, -0.129573, 0.985107, -0.113027),
      ["LeftUpperLeg"] = CFrame.new(-0.633141, 0.147953, -0.624544, 0.960979, -0.276540, 0.006649, 0.276620, 0.960703, -0.023034, -0.000018, 0.023974, 0.999713),
      ["LowerTorso"] = CFrame.new(0.828855, -0.307382, -2.316356, -0.954589, -0.249234, 0.163223, 0.088099, 0.287216, 0.953806, -0.284601, 0.924873, -0.252216),
      ["RightUpperArm"] = CFrame.new(0.122297, -0.204829, -0.318519, 0.916488, -0.399954, 0.009252, 0.063002, 0.121453, -0.990596, 0.395069, 0.908452, 0.136508),
      ["RightUpperLeg"] = CFrame.new(0.000000, -0.548220, -0.384783, 1.000000, 0.000000, 0.000000, 0.000000, 0.976133, -0.217173, 0.000000, 0.217173, 0.976133),
      ["рҹҢ§пёҸрҹҳірҹ‘»рҹҸіпёҸвҖҚрҹҢҲрҹҳӮрҹ’һрҹҸҙвҖҚвҳ пёҸрҹҺёрҹҢ§пёҸрҹҳірҹ‘»рҹҸіпёҸвҖҚрҹҢҲрҹҳӮрҹ’һрҹҸҙвҖҚвҳ"] = CFrame.new(-0.044544, -0.014160, 0.004140, 0.684512, 0.010463, 0.728926, -0.011560, 0.999927, -0.003497, -0.728910, -0.006033, 0.684583)
    }},
    { Time = 0.250, Data = {
      ["Cock"] = CFrame.new(0.000000, 0.000000, 0.000000, 0.306500, 0.948316, 0.082181, -0.898425, 0.316734, -0.304159, -0.314469, 0.019391, 0.949070),
      ["Head"] = CFrame.new(0.023337, 0.014697, -0.045518, 0.942789, -0.325292, 0.073039, 0.333285, 0.925123, -0.181849, -0.008416, 0.195787, 0.980610),
      ["LeftUpperArm"] = CFrame.new(0.057037, -0.149323, -0.511141, 0.990427, 0.134157, 0.032499, 0.047626, -0.111132, -0.992664, -0.129561, 0.984709, -0.116458),
      ["LeftUpperLeg"] = CFrame.new(-0.632995, 0.147448, -0.624628, 0.960978, -0.276521, 0.007570, 0.276625, 0.960613, -0.026477, 0.000049, 0.027538, 0.999621),
      ["LowerTorso"] = CFrame.new(0.829263, -0.305189, -2.316924, -0.954578, -0.249642, 0.162662, 0.088103, 0.285023, 0.954463, -0.284636, 0.925441, -0.250082),
      ["RightUpperArm"] = CFrame.new(0.121635, -0.204939, -0.318674, 0.915482, -0.402219, 0.010573, 0.063456, 0.118383, -0.990938, 0.397323, 0.907858, 0.133900),
      ["RightUpperLeg"] = CFrame.new(0.000000, -0.548715, -0.385002, 1.000000, 0.000000, 0.000000, 0.000000, 0.975354, -0.220648, 0.000000, 0.220648, 0.975354),
      ["рҹҢ§пёҸрҹҳірҹ‘»рҹҸіпёҸвҖҚрҹҢҲрҹҳӮрҹ’һрҹҸҙвҖҚвҳ пёҸрҹҺёрҹҢ§пёҸрҹҳірҹ‘»рҹҸіпёҸвҖҚрҹҢҲрҹҳӮрҹ’һрҹҸҙвҖҚвҳ"] = CFrame.new(-0.043739, -0.013904, 0.004066, 0.684832, 0.012060, 0.728601, -0.013293, 0.999903, -0.004056, -0.728580, -0.006908, 0.684926)
    }},
    { Time = 0.267, Data = {
      ["Cock"] = CFrame.new(-0.000000, 0.000000, 0.000000, 0.305485, 0.948643, 0.082187, -0.898777, 0.315774, -0.304115, -0.314450, 0.019034, 0.949083),
      ["Head"] = CFrame.new(0.023480, 0.014178, -0.049959, 0.942796, -0.325348, 0.072697, 0.333264, 0.925322, -0.180872, -0.008422, 0.194752, 0.980816),
      ["LeftUpperArm"] = CFrame.new(0.057336, -0.150804, -0.509503, 0.990421, 0.134322, 0.032008, 0.047622, -0.114692, -0.992259, -0.129612, 0.984278, -0.119990),
      ["LeftUpperLeg"] = CFrame.new(-0.632841, 0.146910, -0.624794, 0.960975, -0.276497, 0.008687, 0.276634, 0.960505, -0.030067, -0.000030, 0.031297, 0.999510),
      ["LowerTorso"] = CFrame.new(0.829628, -0.302889, -2.317531, -0.954592, -0.250007, 0.162020, 0.088070, 0.282723, 0.955150, -0.284601, 0.926048, -0.247867),
      ["RightUpperArm"] = CFrame.new(0.120923, -0.205055, -0.318848, 0.914387, -0.404660, 0.012101, 0.064060, 0.115109, -0.991285, 0.399740, 0.907194, 0.131177),
      ["RightUpperLeg"] = CFrame.new(0.000000, -0.549245, -0.385235, 1.000000, 0.000000, 0.000000, 0.000000, 0.974503, -0.224374, 0.000000, 0.224374, 0.974503),
      ["рҹҢ§пёҸрҹҳірҹ‘»рҹҸіпёҸвҖҚрҹҢҲрҹҳӮрҹ’һрҹҸҙвҖҚвҳ пёҸрҹҺёрҹҢ§пёҸрҹҳірҹ‘»рҹҸіпёҸвҖҚрҹҢҲрҹҳӮрҹ’һрҹҸҙвҖҚвҳ"] = CFrame.new(-0.042879, -0.013630, 0.003986, 0.685146, 0.013736, 0.728276, -0.015106, 0.999875, -0.004648, -0.728249, -0.007817, 0.685268)
    }},
    { Time = 0.283, Data = {
      ["Cock"] = CFrame.new(-0.000000, 0.000000, 0.000000, 0.304369, 0.949007, 0.082126, -0.899145, 0.314697, -0.304144, -0.314480, 0.018729, 0.949079),
      ["Head"] = CFrame.new(0.023633, 0.013626, -0.054687, 0.942803, -0.325406, 0.072342, 0.333244, 0.925536, -0.179811, -0.008444, 0.193633, 0.981038),
      ["LeftUpperArm"] = CFrame.new(0.057620, -0.152411, -0.507761, 0.990430, 0.134371, 0.031500, 0.047634, -0.118598, -0.991799, -0.129533, 0.983809, -0.123863),
      ["LeftUpperLeg"] = CFrame.new(-0.632664, 0.146295, -0.624909, 0.960997, -0.276386, 0.009753, 0.276558, 0.960398, -0.033925, 0.000010, 0.035299, 0.999377),
      ["LowerTorso"] = CFrame.new(0.830052, -0.300482, -2.318148, -0.954581, -0.250431, 0.161429, 0.088105, 0.280316, 0.955856, -0.284627, 0.926664, -0.245521),
      ["RightUpperArm"] = CFrame.new(0.120178, -0.205192, -0.319031, 0.913234, -0.407206, 0.013683, 0.064608, 0.111574, -0.991654, 0.402280, 0.906496, 0.128202),
      ["RightUpperLeg"] = CFrame.new(0.000000, -0.549808, -0.385483, 1.000000, 0.000000, 0.000000, 0.000000, 0.973598, -0.228267, 0.000000, 0.228267, 0.973598),
      ["рҹҢ§пёҸрҹҳірҹ‘»рҹҸіпёҸвҖҚрҹҢҲрҹҳӮрҹ’һрҹҸҙвҖҚвҳ пёҸрҹҺёрҹҢ§пёҸрҹҳірҹ‘»рҹҸіпёҸвҖҚрҹҢҲрҹҳӮрҹ’һрҹҸҙвҖҚвҳ"] = CFrame.new(-0.041963, -0.013339, 0.003902, 0.685455, 0.015458, 0.727951, -0.017032, 0.999841, -0.005193, -0.727915, -0.008839, 0.685610)
    }},
    { Time = 0.300, Data = {
      ["Cock"] = CFrame.new(-0.000000, 0.000000, 0.000000, 0.303131, 0.949400, 0.082166, -0.899546, 0.313537, -0.304158, -0.314530, 0.018287, 0.949071),
      ["Head"] = CFrame.new(0.023795, 0.013039, -0.059702, 0.942781, -0.325547, 0.071995, 0.333305, 0.925720, -0.178746, -0.008457, 0.192515, 0.981258),
      ["LeftUpperArm"] = CFrame.new(0.057954, -0.154108, -0.505922, 0.990424, 0.134542, 0.030971, 0.047667, -0.122712, -0.991297, -0.129570, 0.983280, -0.127950),
      ["LeftUpperLeg"] = CFrame.new(-0.632489, 0.145688, -0.625055, 0.960994, -0.276353, 0.010941, 0.276569, 0.960241, -0.038027, 0.000003, 0.039570, 0.999217),
      ["LowerTorso"] = CFrame.new(0.830442, -0.297865, -2.318830, -0.954594, -0.250821, 0.160745, 0.088120, 0.277699, 0.956618, -0.284578, 0.927347, -0.242988),
      ["RightUpperArm"] = CFrame.new(0.119368, -0.205305, -0.319243, 0.911965, -0.409979, 0.015389, 0.065267, 0.107944, -0.992012, 0.405043, 0.905685, 0.125199),
      ["RightUpperLeg"] = CFrame.new(0.000000, -0.550406, -0.385746, 1.000000, 0.000000, 0.000000, 0.000000, 0.972618, -0.232411, 0.000000, 0.232411, 0.972618),
      ["рҹҢ§пёҸрҹҳірҹ‘»рҹҸіпёҸвҖҚрҹҢҲрҹҳӮрҹ’һрҹҸҙвҖҚвҳ пёҸрҹҺёрҹҢ§пёҸрҹҳірҹ‘»рҹҸіпёҸвҖҚрҹҢҲрҹҳӮрҹ’һрҹҸҙвҖҚвҳ"] = CFrame.new(-0.040992, -0.013029, 0.003812, 0.685825, 0.017339, 0.727560, -0.019117, 0.999800, -0.005806, -0.727515, -0.009927, 0.686020)
    }},
    { Time = 0.317, Data = {
      ["Cock"] = CFrame.new(-0.000000, 0.000000, 0.000000, 0.301913, 0.949790, 0.082140, -0.899961, 0.312375, -0.304124, -0.314512, 0.017897, 0.949085),
      ["Head"] = CFrame.new(0.023967, 0.012420, -0.065003, 0.942788, -0.325608, 0.071625, 0.333284, 0.925948, -0.177601, -0.008493, 0.191311, 0.981493),
      ["LeftUpperArm"] = CFrame.new(0.058288, -0.155930, -0.503983, 0.990428, 0.134652, 0.030360, 0.047659, -0.127168, -0.990736, -0.129544, 0.982699, -0.132368),
      ["LeftUpperLeg"] = CFrame.new(-0.632304, 0.145047, -0.625191, 0.960990, -0.276314, 0.012166, 0.276582, 0.960055, -0.042385, 0.000031, 0.044096, 0.999027),
      ["LowerTorso"] = CFrame.new(0.830907, -0.295130, -2.319519, -0.954598, -0.251286, 0.159992, 0.088083, 0.274964, 0.957411, -0.284576, 0.928036, -0.240346),
      ["RightUpperArm"] = CFrame.new(0.118527, -0.205470, -0.319463, 0.910635, -0.412855, 0.017178, 0.065842, 0.103937, -0.992402, 0.407933, 0.904847, 0.121831),
      ["RightUpperLeg"] = CFrame.new(0.000000, -0.551037, -0.386025, 1.000000, 0.000000, 0.000000, 0.000000, 0.971557, -0.236806, 0.000000, 0.236806, 0.971557),
      ["рҹҢ§пёҸрҹҳірҹ‘»рҹҸіпёҸвҖҚрҹҢҲрҹҳӮрҹ’һрҹҸҙвҖҚвҳ пёҸрҹҺёрҹҢ§пёҸрҹҳірҹ‘»рҹҸіпёҸвҖҚрҹҢҲрҹҳӮрҹ’һрҹҸҙвҖҚвҳ"] = CFrame.new(-0.039965, -0.012703, 0.003717, 0.686257, 0.019300, 0.727103, -0.021282, 0.999753, -0.006451, -0.727048, -0.011048, 0.686498)
    }},
    { Time = 0.333, Data = {
      ["Cock"] = CFrame.new(-0.000000, 0.000000, 0.000000, 0.300573, 0.950213, 0.082164, -0.900392, 0.311113, -0.304143, -0.314562, 0.017438, 0.949077),
      ["Head"] = CFrame.new(0.024147, 0.011767, -0.070591, 0.942799, -0.325680, 0.071156, 0.333255, 0.926190, -0.176386, -0.008458, 0.190009, 0.981746),
      ["LeftUpperArm"] = CFrame.new(0.058653, -0.157814, -0.501943, 0.990426, 0.134818, 0.029678, 0.047600, -0.131725, -0.990143, -0.129580, 0.982076, -0.136882),
      ["LeftUpperLeg"] = CFrame.new(-0.632110, 0.144372, -0.625360, 0.960986, -0.276267, 0.013512, 0.276597, 0.959837, -0.046985, 0.000011, 0.048890, 0.998804),
      ["LowerTorso"] = CFrame.new(0.831439, -0.292182, -2.320244, -0.954578, -0.251818, 0.159276, 0.088131, 0.272016, 0.958249, -0.284630, 0.928760, -0.237468),
      ["RightUpperArm"] = CFrame.new(0.117652, -0.205605, -0.319701, 0.909237, -0.415841, 0.019097, 0.066521, 0.099858, -0.992775, 0.410930, 0.903938, 0.118456),
      ["RightUpperLeg"] = CFrame.new(0.000000, -0.551703, -0.386318, 1.000000, 0.000000, 0.000000, 0.000000, 0.970413, -0.241449, 0.000000, 0.241449, 0.970413),
      ["рҹҢ§пёҸрҹҳірҹ‘»рҹҸіпёҸвҖҚрҹҢҲрҹҳӮрҹ’һрҹҸҙвҖҚвҳ пёҸрҹҺёрҹҢ§пёҸрҹҳірҹ‘»рҹҸіпёҸвҖҚрҹҢҲрҹҳӮрҹ’һрҹҸҙвҖҚвҳ"] = CFrame.new(-0.038882, -0.012358, 0.003616, 0.686611, 0.021420, 0.726710, -0.023606, 0.999696, -0.007163, -0.726642, -0.012236, 0.686907)
    }},
    { Time = 0.350, Data = {
      ["Cock"] = CFrame.new(-0.000000, 0.000000, 0.000000, 0.299232, 0.950634, 0.082188, -0.900822, 0.309849, -0.304161, -0.314612, 0.016978, 0.949068),
      ["Head"] = CFrame.new(0.024337, 0.011080, -0.076465, 0.942780, -0.325834, 0.070695, 0.333309, 0.926402, -0.175168, -0.008416, 0.188708, 0.981997),
      ["LeftUpperArm"] = CFrame.new(0.059019, -0.159789, -0.499802, 0.990430, 0.134929, 0.029045, 0.047613, -0.136497, -0.989496, -0.129547, 0.981409, -0.141615),
      ["LeftUpperLeg"] = CFrame.new(-0.631906, 0.143663, -0.625519, 0.960981, -0.276213, 0.014894, 0.276614, 0.959582, -0.051842, 0.000027, 0.053939, 0.998544),
      ["LowerTorso"] = CFrame.new(0.831927, -0.289125, -2.321001, -0.954581, -0.252306, 0.158479, 0.088142, 0.268959, 0.959110, -0.284614, 0.929518, -0.234504),
      ["RightUpperArm"] = CFrame.new(0.116731, -0.205771, -0.319958, 0.907746, -0.418988, 0.021137, 0.067196, 0.095480, -0.993161, 0.414104, 0.902958, 0.114826),
      ["RightUpperLeg"] = CFrame.new(0.000000, -0.552403, -0.386627, 1.000000, 0.000000, 0.000000, 0.000000, 0.969183, -0.246342, 0.000000, 0.246342, 0.969183),
      ["рҹҢ§пёҸрҹҳірҹ‘»рҹҸіпёҸвҖҚрҹҢҲрҹҳӮрҹ’һрҹҸҙвҖҚвҳ пёҸрҹҺёрҹҢ§пёҸрҹҳірҹ‘»рҹҸіпёҸвҖҚрҹҢҲрҹҳӮрҹ’һрҹҸҙвҖҚвҳ"] = CFrame.new(-0.037744, -0.011996, 0.003511, 0.687024, 0.023620, 0.726251, -0.026009, 0.999630, -0.007907, -0.726169, -0.013457, 0.687385)
    }},
    { Time = 0.367, Data = {
      ["Cock"] = CFrame.new(-0.000000, 0.000000, 0.000000, 0.297811, 0.951085, 0.082128, -0.901298, 0.308484, -0.304136, -0.314595, 0.016554, 0.949082),
      ["Head"] = CFrame.new(0.024537, 0.010360, -0.082626, 0.942787, -0.325903, 0.070282, 0.333287, 0.926673, -0.173770, -0.008496, 0.187252, 0.982275),
      ["LeftUpperArm"] = CFrame.new(0.059418, -0.161885, -0.497567, 0.990427, 0.135098, 0.028324, 0.047591, -0.141594, -0.988780, -0.129572, 0.980663, -0.146668),
      ["LeftUpperLeg"] = CFrame.new(-0.631681, 0.142880, -0.625718, 0.960999, -0.276066, 0.016383, 0.276552, 0.959316, -0.056856, -0.000021, 0.059170, 0.998248),
      ["LowerTorso"] = CFrame.new(0.832490, -0.285947, -2.321762, -0.954576, -0.252869, 0.157614, 0.088103, 0.265782, 0.959999, -0.284645, 0.930278, -0.231430),
      ["RightUpperArm"] = CFrame.new(0.115763, -0.205938, -0.320238, 0.906160, -0.422294, 0.023275, 0.067888, 0.090914, -0.993542, 0.417451, 0.901888, 0.111052),
      ["RightUpperLeg"] = CFrame.new(0.000000, -0.553137, -0.386950, 1.000000, 0.000000, 0.000000, 0.000000, 0.967884, -0.251398, 0.000000, 0.251398, 0.967884),
      ["рҹҢ§пёҸрҹҳірҹ‘»рҹҸіпёҸвҖҚрҹҢҲрҹҳӮрҹ’һрҹҸҙвҖҚвҳ пёҸрҹҺёрҹҢ§пёҸрҹҳірҹ‘»рҹҸіпёҸвҖҚрҹҢҲрҹҳӮрҹ’һрҹҸҙвҖҚвҳ"] = CFrame.new(-0.036551, -0.011617, 0.003401, 0.687426, 0.025980, 0.725790, -0.028572, 0.999554, -0.008718, -0.725693, -0.014744, 0.687861)
    }},
    { Time = 0.383, Data = {
      ["Cock"] = CFrame.new(0.000000, -0.000000, 0.000000, 0.296267, 0.951568, 0.082119, -0.901789, 0.307017, -0.304164, -0.314645, 0.016060, 0.949073),
      ["Head"] = CFrame.new(0.024745, 0.009607, -0.089073, 0.942797, -0.325980, 0.069784, 0.333258, 0.926942, -0.172386, -0.008491, 0.185781, 0.982554),
      ["LeftUpperArm"] = CFrame.new(0.059819, -0.164071, -0.495233, 0.990431, 0.135211, 0.027653, 0.047640, -0.146899, -0.988003, -0.129527, 0.979867, -0.151935),
      ["LeftUpperLeg"] = CFrame.new(-0.631457, 0.142104, -0.625906, 0.960992, -0.275995, 0.017911, 0.276575, 0.958982, -0.062125, -0.000030, 0.064655, 0.997908),
      ["LowerTorso"] = CFrame.new(0.833068, -0.282555, -2.322567, -0.954570, -0.253447, 0.156718, 0.088096, 0.262389, 0.960932, -0.284667, 0.931084, -0.228140),
      ["RightUpperArm"] = CFrame.new(0.114749, -0.206108, -0.320542, 0.904477, -0.425759, 0.025514, 0.068593, 0.086157, -0.993917, 0.420971, 0.900725, 0.107132),
      ["RightUpperLeg"] = CFrame.new(0.000000, -0.553905, -0.387289, 1.000000, 0.000000, 0.000000, 0.000000, 0.966468, -0.256786, 0.000000, 0.256786, 0.966468),
      ["рҹҢ§пёҸрҹҳірҹ‘»рҹҸіпёҸвҖҚрҹҢҲрҹҳӮрҹ’һрҹҸҙвҖҚвҳ пёҸрҹҺёрҹҢ§пёҸрҹҳірҹ‘»рҹҸіпёҸвҖҚрҹҢҲрҹҳӮрҹ’һрҹҸҙвҖҚвҳ"] = CFrame.new(-0.035302, -0.011219, 0.003285, 0.687885, 0.028386, 0.725264, -0.031248, 0.999467, -0.009480, -0.725146, -0.016142, 0.688406)
    }},
    { Time = 0.400, Data = {
      ["Cock"] = CFrame.new(-0.000000, 0.000000, 0.000000, 0.294721, 0.952045, 0.082161, -0.902296, 0.305566, -0.304125, -0.314646, 0.015499, 0.949082),
      ["Head"] = CFrame.new(0.024963, 0.008820, -0.095807, 0.942779, -0.326142, 0.069279, 0.333311, 0.927196, -0.170915, -0.008493, 0.184227, 0.982847),
      ["LeftUpperArm"] = CFrame.new(0.060250, -0.166347, -0.492804, 0.990428, 0.135381, 0.026902, 0.047646, -0.152413, -0.987168, -0.129544, 0.979001, -0.157404),
      ["LeftUpperLeg"] = CFrame.new(-0.631224, 0.141294, -0.626084, 0.960985, -0.275914, 0.019474, 0.276601, 0.958601, -0.067648, -0.000003, 0.070395, 0.997519),
      ["LowerTorso"] = CFrame.new(0.833602, -0.279048, -2.323404, -0.954589, -0.253980, 0.155741, 0.088053, 0.258883, 0.961887, -0.284619, 0.931920, -0.224763),
      ["RightUpperArm"] = CFrame.new(0.113718, -0.206272, -0.320859, 0.902748, -0.429267, 0.027857, 0.069311, 0.081237, -0.994282, 0.424550, 0.899517, 0.103089),
      ["RightUpperLeg"] = CFrame.new(0.000000, -0.554708, -0.387642, 1.000000, 0.000000, 0.000000, 0.000000, 0.964977, -0.262336, 0.000000, 0.262336, 0.964977),
      ["рҹҢ§пёҸрҹҳірҹ‘»рҹҸіпёҸвҖҚрҹҢҲрҹҳӮрҹ’һрҹҸҙвҖҚвҳ пёҸрҹҺёрҹҢ§пёҸрҹҳірҹ‘»рҹҸіпёҸвҖҚрҹҢҲрҹҳӮрҹ’һрҹҸҙвҖҚвҳ"] = CFrame.new(-0.033997, -0.010804, 0.003164, 0.688334, 0.030872, 0.724737, -0.034004, 0.999369, -0.010275, -0.724597, -0.017572, 0.688949)
    }},
    { Time = 0.417, Data = {
      ["Cock"] = CFrame.new(-0.000000, 0.000000, 0.000000, 0.293073, 0.952556, 0.082135, -0.902815, 0.303996, -0.304158, -0.314696, 0.014988, 0.949074),
      ["Head"] = CFrame.new(0.025190, 0.007999, -0.102828, 0.942792, -0.326229, 0.068682, 0.333274, 0.927476, -0.169462, -0.008418, 0.182657, 0.983141),
      ["LeftUpperArm"] = CFrame.new(0.060699, -0.168712, -0.490279, 0.990426, 0.135550, 0.026135, 0.047667, -0.158131, -0.986267, -0.129556, 0.978070, -0.163078),
      ["LeftUpperLeg"] = CFrame.new(-0.630969, 0.140409, -0.626254, 0.961001, -0.275741, 0.021070, 0.276545, 0.958192, -0.073426, 0.000058, 0.076389, 0.997078),
      ["LowerTorso"] = CFrame.new(0.834192, -0.275430, -2.324239, -0.954582, -0.254571, 0.154813, 0.088080, 0.255264, 0.962851, -0.284633, 0.932756, -0.221248),
      ["RightUpperArm"] = CFrame.new(0.112613, -0.206478, -0.321213, 0.900864, -0.433041, 0.030331, 0.070010, 0.075977, -0.994649, 0.428419, 0.898167, 0.098762),
      ["RightUpperLeg"] = CFrame.new(0.000000, -0.555544, -0.388011, 1.000000, 0.000000, 0.000000, 0.000000, 0.963406, -0.268047, 0.000000, 0.268047, 0.963406),
      ["рҹҢ§пёҸрҹҳірҹ‘»рҹҸіпёҸвҖҚрҹҢҲрҹҳӮрҹ’һрҹҸҙвҖҚвҳ пёҸрҹҺёрҹҢ§пёҸрҹҳірҹ‘»рҹҸіпёҸвҖҚрҹҢҲрҹҳӮрҹ’һрҹҸҙвҖҚвҳ"] = CFrame.new(-0.032637, -0.010372, 0.003039, 0.688835, 0.033519, 0.724143, -0.036920, 0.999256, -0.011134, -0.723977, -0.019066, 0.689560)
    }},
    { Time = 0.433, Data = {
      ["Cock"] = CFrame.new(0.000000, 0.000000, 0.000000, 0.291323, 0.953091, 0.082145, -0.903381, 0.302340, -0.304128, -0.314698, 0.014392, 0.949083),
      ["Head"] = CFrame.new(0.025426, 0.007145, -0.110135, 0.942773, -0.326395, 0.068149, 0.333327, 0.927755, -0.167822, -0.008449, 0.180934, 0.983459),
      ["LeftUpperArm"] = CFrame.new(0.061161, -0.171198, -0.487664, 0.990427, 0.135710, 0.025224, 0.047589, -0.164174, -0.985283, -0.129572, 0.977052, -0.169061),
      ["LeftUpperLeg"] = CFrame.new(-0.630718, 0.139535, -0.626503, 0.960991, -0.275635, 0.022863, 0.276581, 0.957709, -0.079348, -0.000025, 0.082576, 0.996585),
      ["LowerTorso"] = CFrame.new(0.834746, -0.271591, -2.325130, -0.954599, -0.255126, 0.153790, 0.088086, 0.251425, 0.963860, -0.284572, 0.933647, -0.217538),
      ["RightUpperArm"] = CFrame.new(0.111494, -0.206680, -0.321581, 0.898930, -0.436854, 0.032914, 0.070715, 0.070547, -0.994999, 0.432348, 0.896762, 0.094309),
      ["RightUpperLeg"] = CFrame.new(0.000000, -0.556415, -0.388395, 1.000000, 0.000000, 0.000000, 0.000000, 0.961705, -0.274086, 0.000000, 0.274086, 0.961705),
      ["рҹҢ§пёҸрҹҳірҹ‘»рҹҸіпёҸвҖҚрҹҢҲрҹҳӮрҹ’һрҹҸҙвҖҚвҳ пёҸрҹҺёрҹҢ§пёҸрҹҳірҹ‘»рҹҸіпёҸвҖҚрҹҢҲрҹҳӮрҹ’һрҹҸҙвҖҚвҳ"] = CFrame.new(-0.031221, -0.009921, 0.002908, 0.689255, 0.036245, 0.723612, -0.039915, 0.999131, -0.012026, -0.723419, -0.020594, 0.690102)
    }},
    { Time = 0.450, Data = {
      ["Cock"] = CFrame.new(-0.000000, 0.000000, 0.000000, 0.289570, 0.953625, 0.082154, -0.903944, 0.300682, -0.304098, -0.314698, 0.013796, 0.949092),
      ["Head"] = CFrame.new(0.025671, 0.006258, -0.117729, 0.942784, -0.326479, 0.067608, 0.333297, 0.928060, -0.166185, -0.008488, 0.179210, 0.983774),
      ["LeftUpperArm"] = CFrame.new(0.061642, -0.173768, -0.484956, 0.990425, 0.135879, 0.024420, 0.047645, -0.170406, -0.984221, -0.129573, 0.975960, -0.175248),
      ["LeftUpperLeg"] = CFrame.new(-0.630456, 0.138626, -0.626699, 0.960980, -0.275521, 0.024607, 0.276617, 0.957166, -0.085535, 0.000014, 0.089004, 0.996031),
      ["LowerTorso"] = CFrame.new(0.835425, -0.267628, -2.326003, -0.954583, -0.255804, 0.152761, 0.088095, 0.247462, 0.964884, -0.284624, 0.934520, -0.213688),
      ["RightUpperArm"] = CFrame.new(0.110344, -0.206888, -0.321972, 0.896914, -0.440764, 0.035667, 0.071482, 0.064916, -0.995327, 0.436389, 0.895273, 0.089731),
      ["RightUpperLeg"] = CFrame.new(0.000000, -0.557319, -0.388793, 1.000000, 0.000000, 0.000000, 0.000000, 0.959917, -0.280285, 0.000000, 0.280285, 0.959917),
      ["рҹҢ§пёҸрҹҳірҹ‘»рҹҸіпёҸвҖҚрҹҢҲрҹҳӮрҹ’һрҹҸҙвҖҚвҳ пёҸрҹҺёрҹҢ§пёҸрҹҳірҹ‘»рҹҸіпёҸвҖҚрҹҢҲрҹҳӮрҹ’һрҹҸҙвҖҚвҳ"] = CFrame.new(-0.029750, -0.009453, 0.002771, 0.689725, 0.039131, 0.723013, -0.043069, 0.998988, -0.012982, -0.722789, -0.022186, 0.690712)
    }},
    { Time = 0.467, Data = {
      ["Cock"] = CFrame.new(0.000000, 0.000000, 0.000000, 0.287693, 0.954192, 0.082162, -0.904502, 0.298904, -0.304190, -0.314814, 0.013198, 0.949062),
      ["Head"] = CFrame.new(0.025926, 0.005337, -0.125609, 0.942768, -0.326655, 0.066974, 0.333343, 0.928348, -0.164475, -0.008449, 0.177388, 0.984105),
      ["LeftUpperArm"] = CFrame.new(0.062136, -0.176428, -0.482154, 0.990426, 0.136035, 0.023479, 0.047595, -0.176845, -0.983087, -0.129582, 0.974792, -0.181627),
      ["LeftUpperLeg"] = CFrame.new(-0.630173, 0.137643, -0.626930, 0.960992, -0.275307, 0.026467, 0.276576, 0.956582, -0.091964, 0.000000, 0.095697, 0.995411),
