return {
  ["ASTROS LAYING DOWN (COWGIRL)"] = {
    { Time = 0.000, Data = {
      ["Balls"] = CFrame.new(0.000000, 0.000000, 0.000000, 0.998252, 0.059105, 0.000000, -0.059105, 0.998252, -0.000000, -0.000000, 0.000000, 1.000000),
      ["Cock"] = CFrame.new(-0.000000, 0.000000, 0.000000, 0.998445, -0.055742, 0.000000, 0.055742, 0.998445, 0.000000, 0.000000, 0.000000, 1.000000),
      ["Head"] = CFrame.new(0.000000, -0.000000, 0.000000, 1.000000, -0.000000, 0.000000, 0.000000, 0.899140, 0.437662, -0.000000, -0.437662, 0.899140),
      ["LeftUpperArm"] = CFrame.new(-0.097798, -0.486268, -0.190396, 0.956989, -0.202247, -0.208013, -0.031520, 0.640254, -0.767516, 0.288409, 0.741061, 0.606341),
      ["LeftUpperLeg"] = CFrame.new(-0.000841, -0.028992, 0.000000, 0.998318, 0.057984, 0.000000, -0.057984, 0.998318, -0.000000, -0.000000, 0.000000, 1.000000),
      ["LowerTorso"] = CFrame.new(0.000000, -1.503175, -0.183129, 1.000000, 0.000000, 0.000000, 0.000000, -0.003294, -0.999995, 0.000000, 0.999995, -0.003294),
      ["RightUpperArm"] = CFrame.new(0.165695, -0.359112, -0.005788, 0.939329, 0.269097, 0.212717, 0.027233, 0.559670, -0.828268, -0.341936, 0.783809, 0.518386),
      ["RightUpperLeg"] = CFrame.new(0.001183, -0.034379, 0.000000, 0.997633, -0.068758, 0.000000, 0.068758, 0.997633, 0.000000, 0.000000, 0.000000, 1.000000)
    }},
    { Time = 0.017, Data = {
      ["Balls"] = CFrame.new(-0.000000, -0.000001, 0.000000, 0.998242, 0.059277, 0.000000, -0.059277, 0.998242, -0.000000, -0.000000, 0.000000, 1.000000),
      ["Cock"] = CFrame.new(0.000448, 0.000092, 0.000000, 0.998402, -0.056518, 0.000000, 0.056518, 0.998402, 0.000000, 0.000000, 0.000000, 1.000000),
      ["Head"] = CFrame.new(0.000000, -0.000000, -0.000000, 1.000000, -0.000000, 0.000000, 0.000000, 0.897113, 0.441800, -0.000000, -0.441800, 0.897113),
      ["LeftUpperArm"] = CFrame.new(-0.097811, -0.486226, -0.189834, 0.956901, -0.202292, -0.208371, -0.031717, 0.640408, -0.767380, 0.288677, 0.740915, 0.606391),
      ["LeftUpperLeg"] = CFrame.new(-0.000841, -0.028992, -0.000001, 0.998318, 0.057984, -0.000003, -0.057984, 0.998317, -0.000086, -0.000003, 0.000086, 1.000000),
      ["LowerTorso"] = CFrame.new(0.000000, -1.503175, -0.183129, 1.000000, 0.000000, 0.000000, 0.000000, -0.003294, -0.999995, 0.000000, 0.999995, -0.003294),
      ["RightUpperArm"] = CFrame.new(0.165683, -0.359055, -0.005223, 0.939183, 0.269051, 0.213415, 0.027785, 0.559878, -0.828109, -0.342290, 0.783676, 0.518353),
      ["RightUpperLeg"] = CFrame.new(0.001183, -0.034379, -0.000001, 0.997633, -0.068758, 0.000003, 0.068758, 0.997633, -0.000086, 0.000003, 0.000086, 1.000000)
    }},
    { Time = 0.033, Data = {
      ["Balls"] = CFrame.new(-0.000000, -0.000001, 0.000000, 0.998211, 0.059794, 0.000000, -0.059794, 0.998211, -0.000000, -0.000000, 0.000000, 1.000000),
      ["Cock"] = CFrame.new(0.001787, 0.000365, 0.000000, 0.998262, -0.058932, 0.000000, 0.058932, 0.998262, 0.000000, 0.000000, 0.000000, 1.000000),
      ["Head"] = CFrame.new(0.000000, -0.000000, 0.000000, 1.000000, -0.000000, 0.000000, 0.000000, 0.895107, 0.445852, -0.000000, -0.445852, 0.895107),
      ["LeftUpperArm"] = CFrame.new(-0.097777, -0.486092, -0.188143, 0.956686, -0.202163, -0.209481, -0.032502, 0.640894, -0.766941, 0.289302, 0.740531, 0.606563),
      ["LeftUpperLeg"] = CFrame.new(-0.000841, -0.028992, -0.000003, 0.998318, 0.057984, -0.000005, -0.057984, 0.998317, -0.000173, -0.000005, 0.000173, 1.000000),
      ["LowerTorso"] = CFrame.new(0.000000, -1.503419, -0.183129, 1.000000, 0.000000, 0.000000, 0.000000, -0.003050, -0.999995, 0.000000, 0.999995, -0.003050),
      ["RightUpperArm"] = CFrame.new(0.165657, -0.358912, -0.003519, 0.938805, 0.268953, 0.215197, 0.029186, 0.560398, -0.827709, -0.343211, 0.783338, 0.518255),
      ["RightUpperLeg"] = CFrame.new(0.001183, -0.034379, -0.000003, 0.997633, -0.068758, 0.000006, 0.068758, 0.997633, -0.000173, 0.000006, 0.000173, 1.000000)
    }},
    { Time = 0.050, Data = {
      ["Balls"] = CFrame.new(-0.000000, -0.000001, 0.000000, 0.998159, 0.060656, 0.000000, -0.060656, 0.998159, -0.000000, -0.000000, 0.000000, 1.000000),
      ["Cock"] = CFrame.new(0.004003, 0.000818, 0.000000, 0.998020, -0.062898, 0.000000, 0.062898, 0.998020, 0.000000, 0.000000, 0.000000, 1.000000),
      ["Head"] = CFrame.new(0.000000, -0.000000, 0.000000, 1.000000, -0.000000, 0.000000, 0.000000, 0.893121, 0.449818, -0.000000, -0.449818, 0.893121),
      ["LeftUpperArm"] = CFrame.new(-0.097739, -0.485891, -0.185333, 0.956325, -0.202020, -0.211258, -0.033736, 0.641621, -0.766280, 0.290352, 0.739940, 0.606783),
      ["LeftUpperLeg"] = CFrame.new(-0.000841, -0.028992, -0.000006, 0.998318, 0.057984, -0.000013, -0.057984, 0.998317, -0.000431, -0.000013, 0.000431, 1.000000),
      ["LowerTorso"] = CFrame.new(0.000000, -1.503663, -0.183130, 1.000000, 0.000000, 0.000000, 0.000000, -0.002806, -0.999996, 0.000000, 0.999996, -0.002806),
      ["RightUpperArm"] = CFrame.new(0.165638, -0.358684, -0.000704, 0.938131, 0.268881, 0.218206, 0.031516, 0.561228, -0.827061, -0.344844, 0.782768, 0.518031),
      ["RightUpperLeg"] = CFrame.new(0.001183, -0.034379, -0.000007, 0.997633, -0.068758, 0.000015, 0.068758, 0.997633, -0.000431, 0.000015, 0.000431, 1.000000)
    }},
    { Time = 0.067, Data = {
      ["Balls"] = CFrame.new(-0.000000, -0.000001, 0.000000, 0.998079, 0.061949, 0.000000, -0.061949, 0.998079, -0.000000, -0.000000, 0.000000, 1.000000),
      ["Cock"] = CFrame.new(0.007071, 0.001445, 0.000000, 0.997663, -0.068327, 0.000000, 0.068327, 0.997663, 0.000000, 0.000000, 0.000000, 1.000000),
      ["Head"] = CFrame.new(0.000000, 0.000000, 0.000000, 1.000000, -0.000000, 0.000000, 0.000000, 0.891196, 0.453618, -0.000000, -0.453618, 0.891196),
      ["LeftUpperArm"] = CFrame.new(-0.097672, -0.485583, -0.181465, 0.955823, -0.201767, -0.213758, -0.035464, 0.642742, -0.765262, 0.291796, 0.739035, 0.607192),
      ["LeftUpperLeg"] = CFrame.new(-0.000841, -0.028992, -0.000011, 0.998318, 0.057984, -0.000023, -0.057984, 0.998317, -0.000777, -0.000023, 0.000777, 1.000000),
      ["LowerTorso"] = CFrame.new(0.000000, -1.503907, -0.183131, 1.000000, 0.000000, 0.000000, 0.000000, -0.002562, -0.999997, 0.000000, 0.999997, -0.002562),
      ["RightUpperArm"] = CFrame.new(0.165592, -0.358347, 0.003186, 0.937190, 0.268708, 0.222421, 0.034789, 0.562457, -0.826094, -0.347080, 0.781945, 0.517781),
      ["RightUpperLeg"] = CFrame.new(0.001183, -0.034379, -0.000013, 0.997633, -0.068758, 0.000027, 0.068758, 0.997633, -0.000776, 0.000027, 0.000776, 1.000000)
    }},
    { Time = 0.083, Data = {
      ["Balls"] = CFrame.new(-0.000000, -0.000001, 0.000000, 0.997982, 0.063501, 0.000000, -0.063501, 0.997982, -0.000000, -0.000000, 0.000000, 1.000000),
      ["Cock"] = CFrame.new(0.010957, 0.002240, 0.000000, 0.997167, -0.075219, 0.000000, 0.075219, 0.997167, 0.000000, 0.000000, 0.000000, 1.000000),
      ["Head"] = CFrame.new(0.000000, -0.000000, 0.000000, 1.000000, -0.000000, 0.000000, 0.000000, 0.889336, 0.457254, -0.000000, -0.457254, 0.889336),
      ["LeftUpperArm"] = CFrame.new(-0.097589, -0.485189, -0.176568, 0.955191, -0.201450, -0.216859, -0.037586, 0.644173, -0.763955, 0.293593, 0.737874, 0.607737),
      ["LeftUpperLeg"] = CFrame.new(-0.000841, -0.028992, -0.000016, 0.998318, 0.057984, -0.000033, -0.057984, 0.998317, -0.001122, -0.000033, 0.001122, 0.999999),
      ["LowerTorso"] = CFrame.new(0.000000, -1.504394, -0.183132, 1.000000, 0.000000, 0.000000, 0.000000, -0.002074, -0.999998, 0.000000, 0.999998, -0.002074),
      ["RightUpperArm"] = CFrame.new(0.165531, -0.357927, 0.008118, 0.935985, 0.268476, 0.227713, 0.038906, 0.563989, -0.824866, -0.349884, 0.780921, 0.517439),
      ["RightUpperLeg"] = CFrame.new(0.001183, -0.034379, -0.000019, 0.997633, -0.068758, 0.000039, 0.068758, 0.997633, -0.001122, 0.000039, 0.001122, 0.999999)
    }},
    { Time = 0.100, Data = {
      ["Balls"] = CFrame.new(-0.000000, -0.000001, 0.000000, 0.997865, 0.065311, 0.000000, -0.065311, 0.997865, -0.000000, -0.000000, 0.000000, 1.000000),
      ["Cock"] = CFrame.new(0.015620, 0.003193, 0.000000, 0.996509, -0.083487, 0.000000, 0.083487, 0.996509, 0.000000, 0.000000, 0.000000, 1.000000),
      ["Head"] = CFrame.new(0.000000, -0.000000, -0.000000, 1.000000, -0.000000, 0.000000, 0.000000, 0.887542, 0.460727, -0.000000, -0.460727, 0.887542),
      ["LeftUpperArm"] = CFrame.new(-0.097503, -0.484749, -0.170671, 0.954400, -0.201124, -0.220614, -0.040165, 0.645768, -0.762476, 0.295818, 0.736568, 0.608243),
      ["LeftUpperLeg"] = CFrame.new(-0.000841, -0.028992, 0.000019, 0.998317, 0.057984, -0.000134, -0.057984, 0.998316, -0.001637, 0.000039, 0.001642, 0.999999),
      ["LowerTorso"] = CFrame.new(0.000000, -1.504882, -0.183133, 1.000000, 0.000000, 0.000000, 0.000000, -0.001586, -0.999999, 0.000000, 0.999999, -0.001586),
      ["RightUpperArm"] = CFrame.new(0.165454, -0.357425, 0.014037, 0.934498, 0.268180, 0.234078, 0.043863, 0.565818, -0.823362, -0.353256, 0.779698, 0.516993),
      ["RightUpperLeg"] = CFrame.new(0.001183, -0.034379, 0.000015, 0.997633, -0.068758, 0.000143, 0.068758, 0.997632, -0.001636, -0.000030, 0.001642, 0.999999)
    }},
    { Time = 0.117, Data = {
      ["Balls"] = CFrame.new(-0.000000, -0.000001, 0.000000, 0.997722, 0.067465, 0.000000, -0.067465, 0.997722, -0.000000, -0.000000, 0.000000, 1.000000),
      ["Cock"] = CFrame.new(0.021007, 0.004294, 0.000000, 0.995654, -0.093126, 0.000000, 0.093126, 0.995654, 0.000000, 0.000000, 0.000000, 1.000000),
      ["Head"] = CFrame.new(0.000000, -0.000000, 0.000000, 1.000000, -0.000000, 0.000000, 0.000000, 0.885898, 0.463879, -0.000000, -0.463879, 0.885898),
      ["LeftUpperArm"] = CFrame.new(-0.097397, -0.484207, -0.163887, 0.953466, -0.200719, -0.224976, -0.043118, 0.647741, -0.760639, 0.298401, 0.734945, 0.608945),
      ["LeftUpperLeg"] = CFrame.new(-0.000841, -0.028992, 0.000012, 0.998317, 0.057984, -0.000149, -0.057984, 0.998315, -0.002155, 0.000024, 0.002160, 0.999998),
      ["LowerTorso"] = CFrame.new(0.000000, -1.505493, -0.183134, 1.000000, 0.000000, 0.000000, 0.000000, -0.000976, -1.000000, 0.000000, 1.000000, -0.000976),
      ["RightUpperArm"] = CFrame.new(0.165371, -0.356867, 0.020888, 0.932728, 0.267865, 0.241385, 0.049558, 0.567850, -0.821639, -0.357159, 0.778328, 0.516375),
      ["RightUpperLeg"] = CFrame.new(0.001183, -0.034379, 0.000006, 0.997633, -0.068758, 0.000161, 0.068758, 0.997631, -0.002154, -0.000012, 0.002160, 0.999998)
    }},
    { Time = 0.133, Data = {
      ["Balls"] = CFrame.new(-0.000000, -0.000001, 0.000000, 0.997556, 0.069878, 0.000000, -0.069878, 0.997556, -0.000000, -0.000000, 0.000000, 1.000000),
      ["Cock"] = CFrame.new(0.027060, 0.005532, 0.000000, 0.994590, -0.103877, 0.000000, 0.103877, 0.994590, 0.000000, 0.000000, 0.000000, 1.000000),
      ["Head"] = CFrame.new(0.000000, 0.000000, 0.000000, 1.000000, -0.000000, 0.000000, 0.000000, 0.884409, 0.466712, -0.000000, -0.466712, 0.884409),
      ["LeftUpperArm"] = CFrame.new(-0.097267, -0.483620, -0.156245, 0.952409, -0.200227, -0.229839, -0.046450, 0.649871, -0.758624, 0.301263, 0.733196, 0.609643),
      ["LeftUpperLeg"] = CFrame.new(-0.000841, -0.028992, 0.000002, 0.998317, 0.057984, -0.000169, -0.057984, 0.998313, -0.002845, 0.000004, 0.002850, 0.999996),
      ["LowerTorso"] = CFrame.new(0.000000, -1.506224, -0.183134, 1.000000, 0.000000, 0.000000, 0.000000, -0.000244, -1.000000, 0.000000, 1.000000, -0.000244),
      ["RightUpperArm"] = CFrame.new(0.165245, -0.356210, 0.028572, 0.930694, 0.267387, 0.249625, 0.055986, 0.570248, -0.819563, -0.361489, 0.776738, 0.515756),
      ["RightUpperLeg"] = CFrame.new(0.001183, -0.034379, -0.000006, 0.997633, -0.068758, 0.000184, 0.068758, 0.997629, -0.002844, 0.000012, 0.002850, 0.999996)
    }},
    { Time = 0.150, Data = {
      ["Balls"] = CFrame.new(-0.000000, -0.000001, 0.000000, 0.997365, 0.072549, 0.000000, -0.072549, 0.997365, -0.000000, -0.000000, 0.000000, 1.000000),
      ["Cock"] = CFrame.new(0.033713, 0.006892, 0.000000, 0.993290, -0.115650, 0.000000, 0.115650, 0.993290, 0.000000, 0.000000, 0.000000, 1.000000),
      ["Head"] = CFrame.new(0.000000, -0.000000, 0.000000, 1.000000, -0.000000, 0.000000, 0.000000, 0.883035, 0.469306, -0.000000, -0.469306, 0.883035),
      ["LeftUpperArm"] = CFrame.new(-0.097131, -0.482973, -0.147853, 0.951214, -0.199711, -0.235175, -0.050067, 0.652221, -0.756374, 0.304442, 0.731248, 0.610403),
      ["LeftUpperLeg"] = CFrame.new(-0.000841, -0.028992, -0.000008, 0.998317, 0.057984, -0.000189, -0.057984, 0.998311, -0.003535, -0.000016, 0.003540, 0.999994),
      ["LowerTorso"] = CFrame.new(0.000000, -1.506957, -0.183134, 1.000000, 0.000000, 0.000000, 0.000000, 0.000488, -1.000000, 0.000000, 1.000000, 0.000488),
      ["RightUpperArm"] = CFrame.new(0.165140, -0.355506, 0.037015, 0.928343, 0.266989, 0.258642, 0.062955, 0.572814, -0.817264, -0.366354, 0.774985, 0.514959),
      ["RightUpperLeg"] = CFrame.new(0.001183, -0.034379, -0.000018, 0.997633, -0.068758, 0.000208, 0.068758, 0.997627, -0.003534, 0.000035, 0.003540, 0.999994)
    }},
    { Time = 0.167, Data = {
      ["Balls"] = CFrame.new(-0.000000, -0.000001, 0.000000, 0.997154, 0.075392, 0.000000, -0.075392, 0.997154, -0.000000, -0.000000, 0.000000, 1.000000),
      ["Cock"] = CFrame.new(0.040892, 0.008360, 0.000000, 0.991728, -0.128354, 0.000000, 0.128354, 0.991728, 0.000000, 0.000000, 0.000000, 1.000000),
      ["Head"] = CFrame.new(0.000000, -0.000000, 0.000000, 1.000000, -0.000000, 0.000000, 0.000000, 0.881863, 0.471505, -0.000000, -0.471505, 0.881863),
      ["LeftUpperArm"] = CFrame.new(-0.096982, -0.482285, -0.138789, 0.949900, -0.199144, -0.240896, -0.053943, 0.654715, -0.753948, 0.307863, 0.729171, 0.611172),
      ["LeftUpperLeg"] = CFrame.new(-0.000841, -0.028992, -0.000019, 0.998317, 0.057984, -0.000211, -0.057984, 0.998308, -0.004312, -0.000039, 0.004317, 0.999991),
      ["LowerTorso"] = CFrame.new(0.000000, -1.507689, -0.183134, 1.000000, 0.000000, 0.000000, 0.000000, 0.001220, -0.999999, 0.000000, 0.999999, 0.001220),
      ["RightUpperArm"] = CFrame.new(0.164996, -0.354751, 0.046138, 0.925736, 0.266441, 0.268369, 0.070527, 0.575563, -0.814710, -0.371535, 0.773134, 0.514029),
      ["RightUpperLeg"] = CFrame.new(0.001183, -0.034379, 0.000012, 0.997633, -0.068757, 0.000321, 0.068758, 0.997624, -0.004308, -0.000024, 0.004319, 0.999991)
    }},
    { Time = 0.183, Data = {
      ["Balls"] = CFrame.new(-0.000000, -0.000001, 0.000000, 0.996921, 0.078406, 0.000000, -0.078406, 0.996921, -0.000000, -0.000000, 0.000000, 1.000000),
      ["Cock"] = CFrame.new(0.048520, 0.009919, 0.000000, 0.989893, -0.141813, 0.000000, 0.141813, 0.989893, 0.000000, 0.000000, 0.000000, 1.000000),
      ["Head"] = CFrame.new(0.000000, -0.000000, 0.000000, 1.000000, -0.000000, 0.000000, 0.000000, 0.880896, 0.473309, -0.000000, -0.473309, 0.880896),
      ["LeftUpperArm"] = CFrame.new(-0.096795, -0.481538, -0.129172, 0.948468, -0.198433, -0.247048, -0.058140, 0.657429, -0.751270, 0.311493, 0.726919, 0.612014),
      ["LeftUpperLeg"] = CFrame.new(-0.000841, -0.028992, 0.000012, 0.998317, 0.057983, -0.000320, -0.057984, 0.998305, -0.005086, 0.000025, 0.005096, 0.999987),
      ["LowerTorso"] = CFrame.new(0.000000, -1.508543, -0.183132, 1.000000, 0.000000, 0.000000, 0.000000, 0.002074, -0.999998, 0.000000, 0.999998, 0.002074),
      ["RightUpperArm"] = CFrame.new(0.164826, -0.353932, 0.055819, 0.922898, 0.265795, 0.278590, 0.078450, 0.578550, -0.811865, -0.376968, 0.771124, 0.513091),
      ["RightUpperLeg"] = CFrame.new(0.001183, -0.034379, -0.000001, 0.997633, -0.068757, 0.000348, 0.068758, 0.997620, -0.005084, 0.000003, 0.005096, 0.999987)
    }},
    { Time = 0.200, Data = {
      ["Balls"] = CFrame.new(-0.000000, -0.000001, 0.000000, 0.996666, 0.081593, 0.000000, -0.081593, 0.996666, -0.000000, -0.000000, 0.000000, 1.000000),
      ["Cock"] = CFrame.new(0.056512, 0.011553, 0.000000, 0.987767, -0.155936, 0.000000, 0.155936, 0.987767, 0.000000, 0.000000, 0.000000, 1.000000),
      ["Head"] = CFrame.new(0.000000, 0.000000, -0.000000, 1.000000, -0.000000, 0.000000, 0.000000, 0.880095, 0.474798, -0.000000, -0.474798, 0.880095),
      ["LeftUpperArm"] = CFrame.new(-0.096628, -0.480775, -0.119090, 0.946918, -0.197796, -0.253424, -0.062416, 0.660197, -0.748494, 0.315359, 0.724580, 0.612807),
      ["LeftUpperLeg"] = CFrame.new(-0.000841, -0.028992, -0.000000, 0.998317, 0.057983, -0.000345, -0.057984, 0.998300, -0.005949, -0.000000, 0.005959, 0.999982),
      ["LowerTorso"] = CFrame.new(0.000000, -1.509397, -0.183130, 1.000000, 0.000000, 0.000000, 0.000000, 0.002928, -0.999996, 0.000000, 0.999996, 0.002928),
      ["RightUpperArm"] = CFrame.new(0.164647, -0.353091, 0.065972, 0.919780, 0.265114, 0.289343, 0.086798, 0.581610, -0.808824, -0.382716, 0.769054, 0.511942),
      ["RightUpperLeg"] = CFrame.new(0.001183, -0.034379, -0.000015, 0.997633, -0.068757, 0.000374, 0.068758, 0.997616, -0.005860, 0.000029, 0.005872, 0.999983)
    }},
    { Time = 0.217, Data = {
      ["Balls"] = CFrame.new(-0.000000, -0.000001, 0.000000, 0.996385, 0.084950, 0.000000, -0.084950, 0.996385, -0.000000, -0.000000, 0.000000, 1.000000),
      ["Cock"] = CFrame.new(0.064781, 0.013243, 0.000000, 0.985364, -0.170463, 0.000000, 0.170463, 0.985364, 0.000000, 0.000000, 0.000000, 1.000000),
      ["Head"] = CFrame.new(0.000000, 0.000000, -0.000000, 1.000000, -0.000000, 0.000000, 0.000000, 0.879544, 0.475817, -0.000000, -0.475817, 0.879544),
      ["LeftUpperArm"] = CFrame.new(-0.096426, -0.479974, -0.108666, 0.945285, -0.197028, -0.260032, -0.066872, 0.663102, -0.745536, 0.319319, 0.722133, 0.613644),
      ["LeftUpperLeg"] = CFrame.new(-0.000841, -0.028992, -0.000013, 0.998317, 0.057983, -0.000370, -0.057984, 0.998294, -0.006812, -0.000025, 0.006822, 0.999977),
      ["LowerTorso"] = CFrame.new(0.000000, -1.510371, -0.183127, 1.000000, 0.000000, 0.000000, 0.000000, 0.003903, -0.999992, 0.000000, 0.999992, 0.003903),
      ["RightUpperArm"] = CFrame.new(0.164454, -0.352213, 0.076467, 0.916423, 0.264379, 0.300455, 0.095391, 0.584809, -0.805543, -0.388677, 0.766878, 0.510713),
      ["RightUpperLeg"] = CFrame.new(0.001183, -0.034379, 0.000012, 0.997633, -0.068757, 0.000493, 0.068758, 0.997610, -0.006806, -0.000024, 0.006824, 0.999977)
    }},
    { Time = 0.233, Data = {
      ["Balls"] = CFrame.new(-0.000000, -0.000001, 0.000000, 0.996093, 0.088307, 0.000000, -0.088307, 0.996093, -0.000000, -0.000000, 0.000000, 1.000000),
      ["Cock"] = CFrame.new(0.073236, 0.014971, 0.000000, 0.982682, -0.185303, 0.000000, 0.185303, 0.982682, 0.000000, 0.000000, 0.000000, 1.000000),
      ["Head"] = CFrame.new(0.000000, 0.000000, 0.000000, 1.000000, -0.000000, 0.000000, 0.000000, 0.879205, 0.476443, -0.000000, -0.476443, 0.879205),
      ["LeftUpperArm"] = CFrame.new(-0.096204, -0.479158, -0.098007, 0.943587, -0.196184, -0.266748, -0.071410, 0.666063, -0.742469, 0.323332, 0.719633, 0.614480),
      ["LeftUpperLeg"] = CFrame.new(-0.000841, -0.028992, 0.000018, 0.998317, 0.057983, -0.000482, -0.057985, 0.998288, -0.007672, 0.000036, 0.007687, 0.999970),
      ["LowerTorso"] = CFrame.new(0.000000, -1.511223, -0.183123, 1.000000, 0.000000, 0.000000, 0.000000, 0.004755, -0.999989, 0.000000, 0.999989, 0.004755),
      ["RightUpperArm"] = CFrame.new(0.164219, -0.351320, 0.087210, 0.912919, 0.263485, 0.311696, 0.104127, 0.588064, -0.802083, -0.394634, 0.764693, 0.509419),
      ["RightUpperLeg"] = CFrame.new(0.001183, -0.034379, -0.000003, 0.997633, -0.068756, 0.000523, 0.068758, 0.997604, -0.007669, 0.000005, 0.007687, 0.999970)
    }},
    { Time = 0.250, Data = {
      ["Balls"] = CFrame.new(-0.000000, -0.000001, 0.000000, 0.995790, 0.091664, 0.000000, -0.091664, 0.995790, -0.000000, -0.000000, 0.000000, 1.000000),
      ["Cock"] = CFrame.new(0.081785, 0.016719, 0.000000, 0.979739, -0.200281, 0.000000, 0.200281, 0.979739, 0.000000, 0.000000, 0.000000, 1.000000),
      ["Head"] = CFrame.new(0.000000, 0.000000, 0.000000, 1.000000, -0.000000, 0.000000, 0.000000, 0.879078, 0.476678, -0.000000, -0.476678, 0.879078),
      ["LeftUpperArm"] = CFrame.new(-0.095985, -0.478347, -0.087223, 0.941818, -0.195351, -0.273528, -0.075966, 0.669004, -0.739366, 0.327427, 0.717127, 0.615240),
      ["LeftUpperLeg"] = CFrame.new(-0.000841, -0.028992, 0.000005, 0.998317, 0.057982, -0.000507, -0.057985, 0.998281, -0.008535, 0.000011, 0.008550, 0.999963),
      ["LowerTorso"] = CFrame.new(0.000000, -1.512198, -0.183118, 1.000000, 0.000000, 0.000000, 0.000000, 0.005729, -0.999984, 0.000000, 0.999984, 0.005729),
      ["RightUpperArm"] = CFrame.new(0.163996, -0.350436, 0.098076, 0.909213, 0.262637, 0.323039, 0.112913, 0.591280, -0.798523, -0.400728, 0.762502, 0.507944),
      ["RightUpperLeg"] = CFrame.new(0.001183, -0.034379, -0.000018, 0.997633, -0.068756, 0.000553, 0.068758, 0.997597, -0.008532, 0.000035, 0.008550, 0.999963)
    }},
    { Time = 0.267, Data = {
      ["Balls"] = CFrame.new(-0.000000, -0.000001, 0.000000, 0.995467, 0.095105, 0.000000, -0.095105, 0.995467, -0.000000, -0.000000, 0.000000, 1.000000),
      ["Cock"] = CFrame.new(0.073236, 0.014971, 0.000000, 0.978163, -0.207842, 0.000000, 0.207842, 0.978163, 0.000000, 0.000000, 0.000000, 1.000000),
      ["Head"] = CFrame.new(0.000000, 0.000000, 0.000000, 1.000000, -0.000000, 0.000000, 0.000000, 0.879205, 0.476443, -0.000000, -0.476443, 0.879205),
      ["LeftUpperArm"] = CFrame.new(-0.095756, -0.477523, -0.076455, 0.940003, -0.194482, -0.280304, -0.080489, 0.671994, -0.736169, 0.331534, 0.714563, 0.616023),
      ["LeftUpperLeg"] = CFrame.new(-0.000841, -0.028992, -0.000008, 0.998317, 0.057982, -0.000534, -0.057985, 0.998272, -0.009484, -0.000017, 0.009499, 0.999955),
      ["LowerTorso"] = CFrame.new(0.000000, -1.513172, -0.183112, 1.000000, 0.000000, 0.000000, 0.000000, 0.006703, -0.999978, 0.000000, 0.999978, 0.006703),
      ["RightUpperArm"] = CFrame.new(0.163756, -0.349522, 0.108919, 0.905372, 0.261724, 0.334368, 0.121628, 0.594611, -0.794760, -0.406827, 0.760222, 0.506512),
      ["RightUpperLeg"] = CFrame.new(0.001183, -0.034379, 0.000011, 0.997633, -0.068756, 0.000669, 0.068759, 0.997589, -0.009392, -0.000021, 0.009415, 0.999956)
    }},
    { Time = 0.283, Data = {
      ["Balls"] = CFrame.new(-0.000000, -0.000001, 0.000000, 0.995141, 0.098460, 0.000000, -0.098460, 0.995141, -0.000000, -0.000000, 0.000000, 1.000000),
      ["Cock"] = CFrame.new(0.064781, 0.013243, 0.000000, 0.976546, -0.215308, 0.000000, 0.215308, 0.976546, 0.000000, 0.000000, 0.000000, 1.000000),
      ["Head"] = CFrame.new(0.000000, 0.000000, 0.000000, 1.000000, -0.000000, 0.000000, 0.000000, 0.879544, 0.475817, -0.000000, -0.475817, 0.879544),
      ["LeftUpperArm"] = CFrame.new(-0.095516, -0.476723, -0.065793, 0.938174, -0.193570, -0.286984, -0.084975, 0.674894, -0.733005, 0.335571, 0.712073, 0.616720),
      ["LeftUpperLeg"] = CFrame.new(-0.000841, -0.028992, -0.000021, 0.998317, 0.057982, -0.000559, -0.057985, 0.998264, -0.010347, -0.000042, 0.010362, 0.999946),
      ["LowerTorso"] = CFrame.new(0.000000, -1.514144, -0.183105, 1.000000, 0.000000, 0.000000, 0.000000, 0.007676, -0.999970, 0.000000, 0.999970, 0.007676),
      ["RightUpperArm"] = CFrame.new(0.163496, -0.348660, 0.119677, 0.901473, 0.260738, 0.345489, 0.130272, 0.597747, -0.791029, -0.412767, 0.758099, 0.504886),
      ["RightUpperLeg"] = CFrame.new(0.001183, -0.034379, -0.000006, 0.997633, -0.068755, 0.000701, 0.068759, 0.997580, -0.010340, 0.000011, 0.010364, 0.999946)
    }},
    { Time = 0.300, Data = {
      ["Balls"] = CFrame.new(-0.000000, -0.000001, 0.000000, 0.994812, 0.101728, 0.000000, -0.101728, 0.994812, -0.000000, -0.000000, 0.000000, 1.000000),
      ["Cock"] = CFrame.new(0.056512, 0.011553, 0.000000, 0.974911, -0.222596, 0.000000, 0.222596, 0.974911, 0.000000, 0.000000, 0.000000, 1.000000),
      ["Head"] = CFrame.new(0.000000, 0.000000, -0.000000, 1.000000, -0.000000, 0.000000, 0.000000, 0.880095, 0.474798, -0.000000, -0.474798, 0.880095),
      ["LeftUpperArm"] = CFrame.new(-0.095285, -0.475949, -0.055365, 0.936327, -0.192692, -0.293532, -0.089348, 0.677700, -0.729891, 0.339571, 0.709643, 0.617332),
      ["LeftUpperLeg"] = CFrame.new(-0.000841, -0.028992, 0.000010, 0.998317, 0.057981, -0.000671, -0.057985, 0.998255, -0.011207, 0.000020, 0.011227, 0.999937),
      ["LowerTorso"] = CFrame.new(0.000000, -1.514996, -0.183098, 1.000000, 0.000000, 0.000000, 0.000000, 0.008527, -0.999964, 0.000000, 0.999964, 0.008527),
      ["RightUpperArm"] = CFrame.new(0.163244, -0.347792, 0.130173, 0.897508, 0.259778, 0.356364, 0.138637, 0.600909, -0.787203, -0.418640, 0.755926, 0.503305),
      ["RightUpperLeg"] = CFrame.new(0.001183, -0.034379, -0.000020, 0.997633, -0.068755, 0.000731, 0.068759, 0.997570, -0.011203, 0.000041, 0.011227, 0.999937)
    }},
    { Time = 0.317, Data = {
      ["Balls"] = CFrame.new(-0.000000, -0.000001, 0.000000, 0.994482, 0.104909, 0.000000, -0.104909, 0.994482, -0.000000, -0.000000, 0.000000, 1.000000),
      ["Cock"] = CFrame.new(0.048520, 0.009919, 0.000000, 0.973280, -0.229621, 0.000000, 0.229621, 0.973280, 0.000000, 0.000000, 0.000000, 1.000000),
      ["Head"] = CFrame.new(0.000000, -0.000000, 0.000000, 1.000000, -0.000000, 0.000000, 0.000000, 0.880896, 0.473309, -0.000000, -0.473309, 0.880896),
      ["LeftUpperArm"] = CFrame.new(-0.095046, -0.475200, -0.045286, 0.934526, -0.191784, -0.299800, -0.093537, 0.680412, -0.726836, 0.343383, 0.707289, 0.617924),
      ["LeftUpperLeg"] = CFrame.new(-0.000841, -0.028993, -0.000001, 0.998317, 0.057981, -0.000693, -0.057985, 0.998246, -0.011983, -0.000003, 0.012004, 0.999928),
      ["LowerTorso"] = CFrame.new(0.000000, -1.515846, -0.183090, 1.000000, 0.000000, 0.000000, 0.000000, 0.009378, -0.999956, 0.000000, 0.999956, 0.009378),
      ["RightUpperArm"] = CFrame.new(0.162969, -0.346957, 0.140327, 0.893569, 0.258732, 0.366867, 0.146761, 0.603949, -0.783394, -0.424258, 0.753859, 0.501699),
      ["RightUpperLeg"] = CFrame.new(0.001183, -0.034380, 0.000009, 0.997633, -0.068754, 0.000844, 0.068759, 0.997561, -0.011977, -0.000019, 0.012006, 0.999928)
    }},
    { Time = 0.333, Data = {
      ["Balls"] = CFrame.new(-0.000000, -0.000001, 0.000000, 0.994160, 0.107917, 0.000000, -0.107917, 0.994160, -0.000000, -0.000000, 0.000000, 1.000000),
      ["Cock"] = CFrame.new(0.040892, 0.008359, 0.000000, 0.971660, -0.236383, 0.000000, 0.236383, 0.971660, 0.000000, 0.000000, 0.000000, 1.000000),
      ["Head"] = CFrame.new(0.000000, -0.000000, 0.000000, 1.000000, -0.000000, 0.000000, 0.000000, 0.881863, 0.471505, -0.000000, -0.471505, 0.881863),
      ["LeftUpperArm"] = CFrame.new(-0.094829, -0.474478, -0.035683, 0.932740, -0.190959, -0.305829, -0.097503, 0.683028, -0.723854, 0.347116, 0.704987, 0.618469),
      ["LeftUpperLeg"] = CFrame.new(-0.000841, -0.028992, -0.000014, 0.998317, 0.057981, -0.000718, -0.057985, 0.998235, -0.012846, -0.000028, 0.012866, 0.999917),
      ["LowerTorso"] = CFrame.new(0.000000, -1.516697, -0.183082, 1.000000, 0.000000, 0.000000, 0.000000, 0.010228, -0.999948, 0.000000, 0.999948, 0.010228),
      ["RightUpperArm"] = CFrame.new(0.162715, -0.346178, 0.150024, 0.889734, 0.257770, 0.376733, 0.154365, 0.606780, -0.779737, -0.429587, 0.751913, 0.500082),
      ["RightUpperLeg"] = CFrame.new(0.001183, -0.034379, -0.000006, 0.997633, -0.068754, 0.000874, 0.068759, 0.997551, -0.012839, 0.000011, 0.012869, 0.999917)
    }},
    { Time = 0.350, Data = {
      ["Balls"] = CFrame.new(-0.000000, -0.000001, 0.000000, 0.993838, 0.110839, 0.000000, -0.110839, 0.993838, -0.000000, -0.000000, 0.000000, 1.000000),
      ["Cock"] = CFrame.new(0.033712, 0.006892, 0.000000, 0.970098, -0.242715, 0.000000, 0.242715, 0.970098, 0.000000, 0.000000, 0.000000, 1.000000),
      ["Head"] = CFrame.new(0.000000, 0.000000, -0.000000, 1.000000, -0.000000, 0.000000, 0.000000, 0.883035, 0.469306, -0.000000, -0.469306, 0.883035),
      ["LeftUpperArm"] = CFrame.new(-0.094591, -0.473800, -0.026637, 0.931072, -0.190054, -0.311422, -0.101238, 0.685487, -0.721012, 0.350507, 0.702842, 0.618998),
      ["LeftUpperLeg"] = CFrame.new(-0.000841, -0.028993, 0.000019, 0.998317, 0.057980, -0.000824, -0.057986, 0.998226, -0.013534, 0.000038, 0.013559, 0.999908),
      ["LowerTorso"] = CFrame.new(0.000000, -1.517547, -0.183073, 1.000000, 0.000000, 0.000000, 0.000000, 0.011078, -0.999939, 0.000000, 0.999939, 0.011078),
      ["RightUpperArm"] = CFrame.new(0.162461, -0.345434, 0.159144, 0.886025, 0.256802, 0.386020, 0.161507, 0.609488, -0.776170, -0.434597, 0.750052, 0.498546),
      ["RightUpperLeg"] = CFrame.new(0.001183, -0.034379, -0.000017, 0.997633, -0.068753, 0.000898, 0.068759, 0.997542, -0.013529, 0.000035, 0.013559, 0.999908)
    }},
    { Time = 0.367, Data = {
      ["Balls"] = CFrame.new(-0.000000, -0.000001, 0.000000, 0.993548, 0.113416, 0.000000, -0.113416, 0.993548, -0.000000, -0.000000, 0.000000, 1.000000),
      ["Cock"] = CFrame.new(0.027060, 0.005532, 0.000000, 0.968623, -0.248534, 0.000000, 0.248534, 0.968623, 0.000000, 0.000000, 0.000000, 1.000000),
      ["Head"] = CFrame.new(0.000000, 0.000000, 0.000000, 1.000000, -0.000000, 0.000000, 0.000000, 0.884409, 0.466712, -0.000000, -0.466712, 0.884409),
      ["LeftUpperArm"] = CFrame.new(-0.094395, -0.473185, -0.018252, 0.929459, -0.189311, -0.316652, -0.104674, 0.687714, -0.718396, 0.353766, 0.700864, 0.619386),
      ["LeftUpperLeg"] = CFrame.new(-0.000841, -0.028993, 0.000009, 0.998317, 0.057979, -0.000845, -0.057986, 0.998216, -0.014224, 0.000018, 0.014249, 0.999898),
      ["LowerTorso"] = CFrame.new(0.000000, -1.518275, -0.183064, 1.000000, 0.000000, 0.000000, 0.000000, 0.011807, -0.999930, 0.000000, 0.999930, 0.011807),
      ["RightUpperArm"] = CFrame.new(0.162226, -0.344765, 0.167608, 0.882498, 0.255910, 0.394599, 0.168121, 0.611921, -0.772844, -0.439242, 0.748374, 0.496995),
      ["RightUpperLeg"] = CFrame.new(0.001183, -0.034380, 0.000014, 0.997633, -0.068753, 0.001008, 0.068760, 0.997532, -0.014217, -0.000028, 0.014252, 0.999898)
    }},
    { Time = 0.383, Data = {
      ["Balls"] = CFrame.new(-0.000000, -0.000001, 0.000000, 0.993270, 0.115821, 0.000000, -0.115821, 0.993270, -0.000000, -0.000000, 0.000000, 1.000000),
      ["Cock"] = CFrame.new(0.021006, 0.004294, 0.000000, 0.967246, -0.253840, 0.000000, 0.253840, 0.967246, 0.000000, 0.000000, 0.000000, 1.000000),
      ["Head"] = CFrame.new(0.000000, -0.000000, 0.000000, 1.000000, -0.000000, 0.000000, 0.000000, 0.885898, 0.463879, -0.000000, -0.463879, 0.885898),
      ["LeftUpperArm"] = CFrame.new(-0.094197, -0.472632, -0.010615, 0.928005, -0.188554, -0.321332, -0.107788, 0.689717, -0.716011, 0.356635, 0.699098, 0.619737),
      ["LeftUpperLeg"] = CFrame.new(-0.000841, -0.028993, -0.000001, 0.998317, 0.057979, -0.000865, -0.057986, 0.998206, -0.014914, -0.000002, 0.014940, 0.999888),
      ["LowerTorso"] = CFrame.new(0.000000, -1.518882, -0.183057, 1.000000, 0.000000, 0.000000, 0.000000, 0.012413, -0.999923, 0.000000, 0.999923, 0.012413),
      ["RightUpperArm"] = CFrame.new(0.161992, -0.344129, 0.175290, 0.879211, 0.255020, 0.402433, 0.174131, 0.614238, -0.769669, -0.443470, 0.746778, 0.495638),
      ["RightUpperLeg"] = CFrame.new(0.001183, -0.034380, 0.000002, 0.997633, -0.068752, 0.001031, 0.068760, 0.997522, -0.014907, -0.000004, 0.014942, 0.999888)
    }},
    { Time = 0.400, Data = {
      ["Balls"] = CFrame.new(-0.000000, -0.000001, 0.000000, 0.993017, 0.117968, 0.000000, -0.117968, 0.993017, -0.000000, -0.000000, 0.000000, 1.000000),
      ["Cock"] = CFrame.new(0.015619, 0.003193, 0.000000, 0.965997, -0.258552, 0.000000, 0.258552, 0.965997, 0.000000, 0.000000, 0.000000, 1.000000),
      ["Head"] = CFrame.new(0.000000, -0.000000, -0.000000, 1.000000, -0.000000, 0.000000, 0.000000, 0.887542, 0.460727, -0.000000, -0.460727, 0.887542),
      ["LeftUpperArm"] = CFrame.new(-0.094029, -0.472122, -0.003839, 0.926650, -0.187917, -0.325587, -0.110558, 0.691563, -0.713805, 0.359300, 0.697444, 0.620061),
      ["LeftUpperLeg"] = CFrame.new(-0.000841, -0.028993, -0.000008, 0.998317, 0.057979, -0.000880, -0.057986, 0.998198, -0.015432, -0.000017, 0.015457, 0.999881),
      ["LowerTorso"] = CFrame.new(0.000000, -1.519488, -0.183049, 1.000000, 0.000000, 0.000000, 0.000000, 0.013020, -0.999915, 0.000000, 0.999915, 0.013020),
      ["RightUpperArm"] = CFrame.new(0.161795, -0.343587, 0.182141, 0.876264, 0.254271, 0.409277, 0.179380, 0.616208, -0.766884, -0.447196, 0.745409, 0.494350),
      ["RightUpperLeg"] = CFrame.new(0.001183, -0.034379, -0.000007, 0.997633, -0.068752, 0.001049, 0.068760, 0.997514, -0.015424, 0.000014, 0.015460, 0.999880)
    }},
    { Time = 0.417, Data = {
      ["Balls"] = CFrame.new(-0.000000, -0.000001, 0.000000, 0.992791, 0.119857, 0.000000, -0.119857, 0.992791, -0.000000, -0.000000, 0.000000, 1.000000),
      ["Cock"] = CFrame.new(0.010956, 0.002240, 0.000000, 0.964908, -0.262588, 0.000000, 0.262588, 0.964908, 0.000000, 0.000000, 0.000000, 1.000000),
      ["Head"] = CFrame.new(0.000000, 0.000000, 0.000000, 1.000000, -0.000000, 0.000000, 0.000000, 0.889336, 0.457254, -0.000000, -0.457254, 0.889336),
      ["LeftUpperArm"] = CFrame.new(-0.093855, -0.471691, 0.002040, 0.925502, -0.187255, -0.329213, -0.112996, 0.693124, -0.711907, 0.361494, 0.696071, 0.620328),
      ["LeftUpperLeg"] = CFrame.new(-0.000841, -0.028993, -0.000016, 0.998317, 0.057979, -0.000895, -0.057986, 0.998190, -0.015950, -0.000032, 0.015975, 0.999872),
      ["LowerTorso"] = CFrame.new(0.000000, -1.519974, -0.183043, 1.000000, 0.000000, 0.000000, 0.000000, 0.013505, -0.999909, 0.000000, 0.999909, 0.013505),
      ["RightUpperArm"] = CFrame.new(0.161602, -0.343115, 0.188074, 0.873641, 0.253536, 0.415297, 0.184040, 0.617923, -0.764396, -0.450423, 0.744238, 0.493181),
      ["RightUpperLeg"] = CFrame.new(0.001183, -0.034380, -0.000016, 0.997633, -0.068752, 0.001067, 0.068760, 0.997506, -0.015942, 0.000032, 0.015977, 0.999872)
    }},
    { Time = 0.433, Data = {
      ["Balls"] = CFrame.new(-0.000000, -0.000001, 0.000000, 0.992603, 0.121403, 0.000000, -0.121403, 0.992603, -0.000000, -0.000000, 0.000000, 1.000000),
      ["Cock"] = CFrame.new(0.007070, 0.001445, 0.000000, 0.963987, -0.265948, 0.000000, 0.265948, 0.963987, 0.000000, 0.000000, 0.000000, 1.000000),
      ["Head"] = CFrame.new(0.000000, 0.000000, 0.000000, 1.000000, -0.000000, 0.000000, 0.000000, 0.891196, 0.453618, -0.000000, -0.453618, 0.891196),
      ["LeftUpperArm"] = CFrame.new(-0.093725, -0.471340, 0.006944, 0.924528, -0.186762, -0.332218, -0.114982, 0.694394, -0.710349, 0.363356, 0.694937, 0.620512),
      ["LeftUpperLeg"] = CFrame.new(-0.000841, -0.028993, 0.000021, 0.998317, 0.057978, -0.000993, -0.057986, 0.998183, -0.016379, 0.000042, 0.016409, 0.999865),
      ["LowerTorso"] = CFrame.new(0.000000, -1.520458, -0.183036, 1.000000, 0.000000, 0.000000, 0.000000, 0.013990, -0.999902, 0.000000, 0.999902, 0.013990),
      ["RightUpperArm"] = CFrame.new(0.161443, -0.342716, 0.193012, 0.871479, 0.252932, 0.420178, 0.187779, 0.619376, -0.762308, -0.453061, 0.743236, 0.492278),
      ["RightUpperLeg"] = CFrame.new(0.001183, -0.034380, 0.000020, 0.997633, -0.068751, 0.001168, 0.068761, 0.997499, -0.016370, -0.000040, 0.016412, 0.999865)
    }},
    { Time = 0.450, Data = {
      ["Balls"] = CFrame.new(-0.000000, -0.000001, 0.000000, 0.992456, 0.122604, 0.000000, -0.122604, 0.992456, -0.000000, -0.000000, 0.000000, 1.000000),
      ["Cock"] = CFrame.new(0.004002, 0.000818, 0.000000, 0.963242, -0.268634, 0.000000, 0.268634, 0.963242, 0.000000, 0.000000, 0.000000, 1.000000),
      ["Head"] = CFrame.new(0.000000, -0.000000, 0.000000, 1.000000, -0.000000, 0.000000, 0.000000, 0.893121, 0.449818, -0.000000, -0.449818, 0.893121),
      ["LeftUpperArm"] = CFrame.new(-0.093636, -0.471050, 0.010798, 0.923732, -0.186423, -0.334613, -0.116503, 0.695445, -0.709072, 0.364892, 0.693976, 0.620686),
      ["LeftUpperLeg"] = CFrame.new(-0.000841, -0.028993, 0.000017, 0.998317, 0.057978, -0.001001, -0.057986, 0.998179, -0.016638, 0.000034, 0.016668, 0.999861),
      ["LowerTorso"] = CFrame.new(0.000000, -1.520822, -0.183031, 1.000000, 0.000000, 0.000000, 0.000000, 0.014353, -0.999897, 0.000000, 0.999897, 0.014353),
      ["RightUpperArm"] = CFrame.new(0.161325, -0.342406, 0.196911, 0.869712, 0.252483, 0.424091, 0.190773, 0.620501, -0.760647, -0.455199, 0.742449, 0.491491),
      ["RightUpperLeg"] = CFrame.new(0.001183, -0.034380, 0.000015, 0.997633, -0.068751, 0.001177, 0.068761, 0.997495, -0.016629, -0.000031, 0.016670, 0.999861)
    }},
    { Time = 0.467, Data = {
      ["Balls"] = CFrame.new(-0.000000, -0.000001, 0.000000, 0.992349, 0.123463, 0.000000, -0.123463, 0.992349, -0.000000, -0.000000, 0.000000, 1.000000),
      ["Cock"] = CFrame.new(0.001786, 0.000365, 0.000000, 0.962702, -0.270564, 0.000000, 0.270564, 0.962702, 0.000000, 0.000000, 0.000000, 1.000000),
      ["Head"] = CFrame.new(0.000000, -0.000000, 0.000000, 1.000000, -0.000000, 0.000000, 0.000000, 0.895107, 0.445852, -0.000000, -0.445852, 0.895107),
      ["LeftUpperArm"] = CFrame.new(-0.093559, -0.470856, 0.013599, 0.923191, -0.186128, -0.336267, -0.117605, 0.696147, -0.708201, 0.365907, 0.693351, 0.620787),
      ["LeftUpperLeg"] = CFrame.new(-0.000841, -0.028993, 0.000013, 0.998317, 0.057978, -0.001008, -0.057986, 0.998174, -0.016896, 0.000027, 0.016926, 0.999857),
      ["LowerTorso"] = CFrame.new(0.000000, -1.521065, -0.183028, 1.000000, 0.000000, 0.000000, 0.000000, 0.014596, -0.999893, 0.000000, 0.999893, 0.014596),
      ["RightUpperArm"] = CFrame.new(0.161229, -0.342185, 0.199733, 0.868442, 0.252117, 0.426903, 0.192951, 0.621304, -0.759441, -0.456705, 0.741902, 0.490920),
      ["RightUpperLeg"] = CFrame.new(0.001183, -0.034380, 0.000011, 0.997633, -0.068750, 0.001186, 0.068761, 0.997490, -0.016888, -0.000022, 0.016929, 0.999857)
    }},
    { Time = 0.483, Data = {
      ["Balls"] = CFrame.new(-0.000000, -0.000001, 0.000000, 0.992285, 0.123978, 0.000000, -0.123978, 0.992285, -0.000000, -0.000000, 0.000000, 1.000000),
      ["Cock"] = CFrame.new(0.000447, 0.000091, 0.000000, 0.962371, -0.271738, 0.000000, 0.271738, 0.962371, 0.000000, 0.000000, 0.000000, 1.000000),
      ["Head"] = CFrame.new(0.000000, -0.000000, -0.000000, 1.000000, -0.000000, 0.000000, 0.000000, 0.897113, 0.441800, -0.000000, -0.441800, 0.897113),
      ["LeftUpperArm"] = CFrame.new(-0.093503, -0.470721, 0.015277, 0.922839, -0.185915, -0.337347, -0.118321, 0.696637, -0.707599, 0.366562, 0.692916, 0.620887),
      ["LeftUpperLeg"] = CFrame.new(-0.000841, -0.028993, 0.000011, 0.998317, 0.057977, -0.001013, -0.057986, 0.998171, -0.017069, 0.000022, 0.017099, 0.999854),
      ["LowerTorso"] = CFrame.new(0.000000, -1.521186, -0.183026, 1.000000, 0.000000, 0.000000, 0.000000, 0.014717, -0.999892, 0.000000, 0.999892, 0.014717),
      ["RightUpperArm"] = CFrame.new(0.161175, -0.342054, 0.201438, 0.867674, 0.251911, 0.428581, 0.194242, 0.621783, -0.758720, -0.457615, 0.741570, 0.490574),
      ["RightUpperLeg"] = CFrame.new(0.001183, -0.034380, 0.000008, 0.997633, -0.068750, 0.001192, 0.068761, 0.997487, -0.017060, -0.000016, 0.017102, 0.999854)
    }},
    { Time = 0.500, Data = {
      ["Balls"] = CFrame.new(0.000000, 0.000000, 0.000000, 0.992253, 0.124235, 0.000000, -0.124235, 0.992253, -0.000000, -0.000000, 0.000000, 1.000000),
      ["Cock"] = CFrame.new(-0.000001, -0.000000, 0.000000, 0.962253, -0.272158, 0.000000, 0.272158, 0.962253, 0.000000, 0.000000, 0.000000, 1.000000),
      ["Head"] = CFrame.new(0.000000, -0.000000, 0.000000, 1.000000, -0.000000, 0.000000, 0.000000, 0.899140, 0.437662, -0.000000, -0.437662, 0.899140),
      ["LeftUpperArm"] = CFrame.new(-0.093488, -0.470682, 0.015843, 0.922711, -0.185860, -0.337729, -0.118577, 0.696778, -0.707418, 0.366803, 0.692789, 0.620886),
      ["LeftUpperLeg"] = CFrame.new(-0.000841, -0.028993, 0.000011, 0.998317, 0.057977, -0.001013, -0.057986, 0.998171, -0.017069, 0.000022, 0.017099, 0.999854),
