return {
  ["Astros rub it one me idle"] = {
    { Time = 0.000, Data = {
      ["Cock"] = CFrame.new(0.000000, -0.000000, -0.000000, 0.971077, 0.178903, 0.158126, -0.181180, 0.983450, -0.000014, -0.155511, -0.028636, 0.987419),
      ["Head"] = CFrame.new(-0.004840, 0.093213, -0.105778, 0.996129, -0.034341, 0.080916, -0.038112, 0.660770, 0.749620, -0.079209, -0.749803, 0.656903),
      ["LeftUpperArm"] = CFrame.new(-0.000002, -0.188189, 0.103848, 0.995299, -0.000009, 0.096848, -0.023288, 0.970638, 0.239416, -0.094007, -0.240546, 0.966075),
      ["LeftUpperLeg"] = CFrame.new(-0.168882, 0.349521, -0.323544, 0.917012, -0.000007, 0.398859, -0.169748, 0.904912, 0.390281, -0.360935, -0.425598, 0.829815),
      ["LowerTorso"] = CFrame.new(0.085794, -0.508902, -3.713168, -0.986667, -0.066715, -0.148450, -0.017935, 0.951138, -0.308243, 0.161761, -0.301471, -0.939654),
      ["RightUpperArm"] = CFrame.new(0.014819, -0.898988, 0.223344, 0.998411, 0.056346, 0.000021, -0.023619, 0.418866, -0.907741, -0.051156, 0.906298, 0.419531),
      ["RightUpperLeg"] = CFrame.new(0.000000, 0.389921, -0.213955, 1.000000, -0.000000, 0.000000, 0.000000, 0.876689, 0.481058, -0.000000, -0.481058, 0.876689)
    }},
    { Time = 0.017, Data = {
      ["LeftUpperLeg"] = CFrame.new(-0.168682, 0.349617, -0.323949, 0.917012, -0.000007, 0.398859, -0.169748, 0.904912, 0.390281, -0.360935, -0.425598, 0.829815),
      ["LowerTorso"] = CFrame.new(0.085930, -0.509102, -3.713439, -0.986681, -0.066695, -0.148369, -0.017956, 0.951165, -0.308160, 0.161676, -0.301391, -0.939694),
      ["RightUpperArm"] = CFrame.new(0.014800, -0.898739, 0.222864, 0.998411, 0.056346, 0.000021, -0.023619, 0.418866, -0.907741, -0.051156, 0.906298, 0.419531),
      ["RightUpperLeg"] = CFrame.new(0.000000, 0.389885, -0.214473, 1.000000, -0.000000, 0.000000, 0.000000, 0.876689, 0.481058, -0.000000, -0.481058, 0.876689)
    }},
    { Time = 0.033, Data = {
      ["LeftUpperLeg"] = CFrame.new(-0.168142, 0.349877, -0.325042, 0.917012, -0.000007, 0.398859, -0.169748, 0.904912, 0.390281, -0.360935, -0.425598, 0.829815),
      ["LowerTorso"] = CFrame.new(0.086288, -0.509675, -3.714282, -0.986721, -0.066629, -0.148127, -0.018024, 0.951272, -0.307826, 0.161419, -0.301068, -0.939841),
      ["RightUpperArm"] = CFrame.new(0.014750, -0.898066, 0.221566, 0.998411, 0.056346, 0.000021, -0.023619, 0.418866, -0.907741, -0.051156, 0.906298, 0.419531),
      ["RightUpperLeg"] = CFrame.new(0.000000, 0.389787, -0.215871, 1.000000, -0.000000, 0.000000, 0.000000, 0.876689, 0.481058, -0.000000, -0.481058, 0.876689)
    }},
    { Time = 0.050, Data = {
      ["LeftUpperLeg"] = CFrame.new(-0.167351, 0.350257, -0.326642, 0.917012, -0.000007, 0.398859, -0.169748, 0.904912, 0.390281, -0.360935, -0.425598, 0.829815),
      ["LowerTorso"] = CFrame.new(0.086895, -0.510487, -3.715451, -0.986785, -0.066616, -0.147706, -0.018212, 0.951402, -0.307414, 0.161006, -0.300661, -0.940042),
      ["RightUpperArm"] = CFrame.new(0.014675, -0.897081, 0.219664, 0.998411, 0.056346, 0.000021, -0.023619, 0.418866, -0.907741, -0.051156, 0.906298, 0.419531),
      ["RightUpperLeg"] = CFrame.new(0.000000, 0.389645, -0.217920, 1.000000, -0.000000, 0.000000, 0.000000, 0.876689, 0.481058, -0.000000, -0.481058, 0.876689)
    }},
    { Time = 0.067, Data = {
      ["LeftUpperLeg"] = CFrame.new(-0.166397, 0.350715, -0.328570, 0.917012, -0.000007, 0.398859, -0.169748, 0.904912, 0.390281, -0.360935, -0.425598, 0.829815),
      ["LowerTorso"] = CFrame.new(0.087537, -0.511470, -3.716853, -0.986853, -0.066511, -0.147301, -0.018322, 0.951561, -0.306912, 0.160579, -0.300178, -0.940270),
      ["RightUpperArm"] = CFrame.new(0.014586, -0.895894, 0.217374, 0.998411, 0.056346, 0.000021, -0.023619, 0.418866, -0.907741, -0.051156, 0.906298, 0.419531),
      ["RightUpperLeg"] = CFrame.new(0.000000, 0.389473, -0.220388, 1.000000, -0.000000, 0.000000, 0.000000, 0.876689, 0.481058, -0.000000, -0.481058, 0.876689)
    }},
    { Time = 0.083, Data = {
      ["LeftUpperLeg"] = CFrame.new(-0.165371, 0.351208, -0.330644, 0.917012, -0.000007, 0.398859, -0.169748, 0.904912, 0.390281, -0.360935, -0.425598, 0.829815),
      ["LowerTorso"] = CFrame.new(0.088314, -0.512537, -3.718410, -0.986917, -0.066485, -0.146886, -0.018523, 0.951744, -0.306334, 0.160164, -0.299605, -0.940523),
      ["RightUpperArm"] = CFrame.new(0.014490, -0.894616, 0.214910, 0.998411, 0.056346, 0.000021, -0.023619, 0.418866, -0.907741, -0.051156, 0.906298, 0.419531),
      ["RightUpperLeg"] = CFrame.new(0.000000, 0.389287, -0.223044, 1.000000, -0.000000, 0.000000, 0.000000, 0.876689, 0.481058, -0.000000, -0.481058, 0.876689)
    }},
    { Time = 0.100, Data = {
      ["LeftUpperLeg"] = CFrame.new(-0.164362, 0.351693, -0.332685, 0.917012, -0.000007, 0.398859, -0.169748, 0.904912, 0.390281, -0.360935, -0.425598, 0.829815),
      ["LowerTorso"] = CFrame.new(0.088987, -0.513568, -3.719864, -0.986998, -0.066368, -0.146396, -0.018646, 0.951903, -0.305832, 0.159653, -0.299125, -0.940763),
      ["RightUpperArm"] = CFrame.new(0.014396, -0.893360, 0.212486, 0.998411, 0.056346, 0.000021, -0.023619, 0.418866, -0.907741, -0.051156, 0.906298, 0.419531),
      ["RightUpperLeg"] = CFrame.new(0.000000, 0.389105, -0.225656, 1.000000, -0.000000, 0.000000, 0.000000, 0.876689, 0.481058, -0.000000, -0.481058, 0.876689)
    }},
    { Time = 0.117, Data = {
      ["LeftUpperLeg"] = CFrame.new(-0.163459, 0.352127, -0.334511, 0.917012, -0.000007, 0.398859, -0.169748, 0.904912, 0.390281, -0.360935, -0.425598, 0.829815),
      ["LowerTorso"] = CFrame.new(0.089675, -0.514502, -3.721224, -0.987061, -0.066349, -0.145978, -0.018840, 0.952058, -0.305336, 0.159238, -0.298635, -0.940989),
      ["RightUpperArm"] = CFrame.new(0.014311, -0.892235, 0.210317, 0.998411, 0.056346, 0.000021, -0.023619, 0.418866, -0.907741, -0.051156, 0.906298, 0.419531),
      ["RightUpperLeg"] = CFrame.new(0.000000, 0.388942, -0.227994, 1.000000, -0.000000, 0.000000, 0.000000, 0.876689, 0.481058, -0.000000, -0.481058, 0.876689)
    }},
    { Time = 0.133, Data = {
      ["LeftUpperLeg"] = CFrame.new(-0.162751, 0.352467, -0.335942, 0.917012, -0.000007, 0.398859, -0.169748, 0.904912, 0.390281, -0.360935, -0.425598, 0.829815),
      ["LowerTorso"] = CFrame.new(0.090145, -0.515245, -3.722306, -0.987114, -0.066265, -0.145655, -0.018928, 0.952190, -0.304918, 0.158896, -0.298232, -0.941175),
      ["RightUpperArm"] = CFrame.new(0.014245, -0.891354, 0.208617, 0.998411, 0.056346, 0.000021, -0.023619, 0.418866, -0.907741, -0.051156, 0.906298, 0.419531),
      ["RightUpperLeg"] = CFrame.new(0.000000, 0.388814, -0.229826, 1.000000, -0.000000, 0.000000, 0.000000, 0.876689, 0.481058, -0.000000, -0.481058, 0.876689)
    }},
    { Time = 0.150, Data = {
      ["LeftUpperLeg"] = CFrame.new(-0.162328, 0.352671, -0.336797, 0.917012, -0.000007, 0.398859, -0.169748, 0.904912, 0.390281, -0.360935, -0.425598, 0.829815),
      ["LowerTorso"] = CFrame.new(0.090522, -0.515659, -3.722879, -0.987137, -0.066311, -0.145478, -0.019053, 0.952240, -0.304757, 0.158739, -0.298065, -0.941254),
      ["RightUpperArm"] = CFrame.new(0.014205, -0.890827, 0.207601, 0.998411, 0.056346, 0.000021, -0.023619, 0.418866, -0.907741, -0.051156, 0.906298, 0.419531),
      ["RightUpperLeg"] = CFrame.new(0.000000, 0.388738, -0.230921, 1.000000, -0.000000, 0.000000, 0.000000, 0.876689, 0.481058, -0.000000, -0.481058, 0.876689)
    }},
    { Time = 0.167, Data = {
      ["LeftUpperLeg"] = CFrame.new(-0.162279, 0.352694, -0.336896, 0.917012, -0.000007, 0.398859, -0.169748, 0.904912, 0.390281, -0.360935, -0.425598, 0.829815),
      ["LowerTorso"] = CFrame.new(0.090541, -0.515727, -3.723006, -0.987150, -0.066291, -0.145396, -0.019074, 0.952266, -0.304673, 0.158653, -0.297985, -0.941294),
      ["RightUpperArm"] = CFrame.new(0.014201, -0.890766, 0.207484, 0.998411, 0.056346, 0.000021, -0.023619, 0.418866, -0.907741, -0.051156, 0.906298, 0.419531),
      ["RightUpperLeg"] = CFrame.new(0.000000, 0.388729, -0.231048, 1.000000, -0.000000, 0.000000, 0.000000, 0.876689, 0.481058, -0.000000, -0.481058, 0.876689)
    }},
    { Time = 0.183, Data = {
      ["LeftUpperLeg"] = CFrame.new(-0.162693, 0.352495, -0.336058, 0.917012, -0.000007, 0.398859, -0.169748, 0.904912, 0.390281, -0.360935, -0.425598, 0.829815),
      ["LowerTorso"] = CFrame.new(0.090190, -0.515294, -3.722361, -0.987114, -0.066265, -0.145655, -0.018928, 0.952190, -0.304918, 0.158896, -0.298232, -0.941175),
      ["RightUpperArm"] = CFrame.new(0.014239, -0.891282, 0.208478, 0.998411, 0.056346, 0.000021, -0.023619, 0.418866, -0.907741, -0.051156, 0.906298, 0.419531),
      ["RightUpperLeg"] = CFrame.new(0.000000, 0.388804, -0.229975, 1.000000, -0.000000, 0.000000, 0.000000, 0.876689, 0.481058, -0.000000, -0.481058, 0.876689)
    }},
    { Time = 0.200, Data = {
      ["LeftUpperLeg"] = CFrame.new(-0.163660, 0.352030, -0.334104, 0.917012, -0.000007, 0.398859, -0.169748, 0.904912, 0.390281, -0.360935, -0.425598, 0.829815),
      ["LowerTorso"] = CFrame.new(0.089537, -0.514302, -3.720947, -0.987047, -0.066369, -0.146060, -0.018819, 0.952032, -0.305420, 0.159324, -0.298715, -0.940949),
      ["RightUpperArm"] = CFrame.new(0.014330, -0.892486, 0.210801, 0.998411, 0.056346, 0.000021, -0.023619, 0.418866, -0.907741, -0.051156, 0.906298, 0.419531),
      ["RightUpperLeg"] = CFrame.new(0.000000, 0.388979, -0.227473, 1.000000, -0.000000, 0.000000, 0.000000, 0.876689, 0.481058, -0.000000, -0.481058, 0.876689)
    }},
    { Time = 0.217, Data = {
      ["LeftUpperLeg"] = CFrame.new(-0.165269, 0.351258, -0.330851, 0.917012, -0.000007, 0.398859, -0.169748, 0.904912, 0.390281, -0.360935, -0.425598, 0.829815),
      ["LowerTorso"] = CFrame.new(0.088381, -0.512625, -3.718505, -0.986930, -0.066472, -0.146801, -0.018537, 0.951744, -0.306333, 0.160080, -0.299608, -0.940537),
      ["RightUpperArm"] = CFrame.new(0.014481, -0.894489, 0.214665, 0.998411, 0.056346, 0.000021, -0.023619, 0.418866, -0.907741, -0.051156, 0.906298, 0.419531),
      ["RightUpperLeg"] = CFrame.new(0.000000, 0.389269, -0.223308, 1.000000, -0.000000, 0.000000, 0.000000, 0.876689, 0.481058, -0.000000, -0.481058, 0.876689)
    }},
    { Time = 0.233, Data = {
      ["LeftUpperLeg"] = CFrame.new(-0.167609, 0.350133, -0.326119, 0.917012, -0.000007, 0.398859, -0.169748, 0.904912, 0.390281, -0.360935, -0.425598, 0.829815),
      ["LowerTorso"] = CFrame.new(0.086732, -0.510211, -3.715043, -0.986758, -0.066655, -0.147869, -0.018171, 0.951348, -0.307581, 0.161177, -0.300821, -0.939962),
      ["RightUpperArm"] = CFrame.new(0.014700, -0.897403, 0.220285, 0.998411, 0.056346, 0.000021, -0.023619, 0.418866, -0.907741, -0.051156, 0.906298, 0.419531),
      ["RightUpperLeg"] = CFrame.new(0.000000, 0.389691, -0.217251, 1.000000, -0.000000, 0.000000, 0.000000, 0.876689, 0.481058, -0.000000, -0.481058, 0.876689)
    }},
    { Time = 0.250, Data = {
      ["LeftUpperLeg"] = CFrame.new(-0.170769, 0.348615, -0.319729, 0.917012, -0.000007, 0.398859, -0.169748, 0.904912, 0.390281, -0.360935, -0.425598, 0.829815),
      ["LowerTorso"] = CFrame.new(0.084442, -0.506957, -3.710382, -0.986534, -0.066840, -0.149273, -0.017629, 0.950821, -0.309239, 0.162602, -0.302443, -0.939196),
      ["RightUpperArm"] = CFrame.new(0.014996, -0.901338, 0.227876, 0.998411, 0.056346, 0.000021, -0.023619, 0.418866, -0.907741, -0.051156, 0.906298, 0.419531),
      ["RightUpperLeg"] = CFrame.new(0.000000, 0.390262, -0.209071, 1.000000, -0.000000, 0.000000, 0.000000, 0.876689, 0.481058, -0.000000, -0.481058, 0.876689)
    }},
    { Time = 0.267, Data = {
      ["LeftUpperLeg"] = CFrame.new(-0.174839, 0.346659, -0.311500, 0.917012, -0.000007, 0.398859, -0.169748, 0.904912, 0.390281, -0.360935, -0.425598, 0.829815),
      ["LowerTorso"] = CFrame.new(0.081562, -0.502753, -3.704367, -0.986225, -0.067148, -0.151165, -0.016960, 0.950128, -0.311397, 0.164536, -0.304544, -0.938180),
      ["RightUpperArm"] = CFrame.new(0.015377, -0.906406, 0.237652, 0.998411, 0.056346, 0.000021, -0.023619, 0.418866, -0.907741, -0.051156, 0.906298, 0.419531),
      ["RightUpperLeg"] = CFrame.new(0.000000, 0.390996, -0.198535, 1.000000, -0.000000, 0.000000, 0.000000, 0.876689, 0.481058, -0.000000, -0.481058, 0.876689)
    }},
    { Time = 0.283, Data = {
      ["LeftUpperLeg"] = CFrame.new(-0.179909, 0.344223, -0.301250, 0.917012, -0.000007, 0.398859, -0.169748, 0.904912, 0.390281, -0.360935, -0.425598, 0.829815),
      ["LowerTorso"] = CFrame.new(0.077934, -0.497494, -3.696817, -0.985846, -0.067489, -0.153472, -0.016081, 0.949244, -0.314129, 0.166882, -0.307215, -0.936894),
      ["RightUpperArm"] = CFrame.new(0.015851, -0.912718, 0.249828, 0.998411, 0.056346, 0.000021, -0.023619, 0.418866, -0.907741, -0.051156, 0.906298, 0.419531),
      ["RightUpperLeg"] = CFrame.new(0.000000, 0.391912, -0.185413, 1.000000, -0.000000, 0.000000, 0.000000, 0.876689, 0.481058, -0.000000, -0.481058, 0.876689)
    }},
    { Time = 0.300, Data = {
      ["LeftUpperLeg"] = CFrame.new(-0.186067, 0.341265, -0.288799, 0.917012, -0.000007, 0.398859, -0.169748, 0.904912, 0.390281, -0.360935, -0.425598, 0.829815),
      ["LowerTorso"] = CFrame.new(0.073590, -0.491095, -3.687664, -0.985375, -0.067967, -0.156261, -0.015060, 0.948159, -0.317440, 0.169736, -0.310444, -0.935315),
      ["RightUpperArm"] = CFrame.new(0.016428, -0.920386, 0.264619, 0.998411, 0.056346, 0.000021, -0.023619, 0.418866, -0.907741, -0.051156, 0.906298, 0.419531),
      ["RightUpperLeg"] = CFrame.new(0.000000, 0.393023, -0.169474, 1.000000, -0.000000, 0.000000, 0.000000, 0.876689, 0.481058, -0.000000, -0.481058, 0.876689)
    }},
    { Time = 0.317, Data = {
      ["LeftUpperLeg"] = CFrame.new(-0.193402, 0.337740, -0.273967, 0.917012, -0.000007, 0.398859, -0.169748, 0.904912, 0.390281, -0.360935, -0.425598, 0.829815),
      ["LowerTorso"] = CFrame.new(0.068395, -0.483477, -3.676818, -0.984796, -0.068516, -0.159631, -0.013792, 0.946870, -0.321321, 0.173165, -0.314234, -0.933419),
      ["RightUpperArm"] = CFrame.new(0.017114, -0.929520, 0.282238, 0.998411, 0.056346, 0.000021, -0.023619, 0.418866, -0.907741, -0.051156, 0.906298, 0.419531),
      ["RightUpperLeg"] = CFrame.new(0.000000, 0.394347, -0.150486, 1.000000, -0.000000, 0.000000, 0.000000, 0.876689, 0.481058, -0.000000, -0.481058, 0.876689)
    }},
    { Time = 0.333, Data = {
      ["LeftUpperLeg"] = CFrame.new(-0.202005, 0.333606, -0.256573, 0.917012, -0.000007, 0.398859, -0.169748, 0.904912, 0.390281, -0.360935, -0.425598, 0.829815),
      ["LowerTorso"] = CFrame.new(0.062292, -0.474527, -3.664117, -0.984105, -0.069149, -0.163577, -0.012263, 0.945342, -0.325850, 0.177168, -0.318665, -0.931163),
      ["RightUpperArm"] = CFrame.new(0.017920, -0.940232, 0.302900, 0.998411, 0.056346, 0.000021, -0.023619, 0.418866, -0.907741, -0.051156, 0.906298, 0.419531),
      ["RightUpperLeg"] = CFrame.new(0.000000, 0.395900, -0.128219, 1.000000, -0.000000, 0.000000, 0.000000, 0.876689, 0.481058, -0.000000, -0.481058, 0.876689)
    }},
    { Time = 0.350, Data = {
      ["LeftUpperLeg"] = CFrame.new(-0.210607, 0.329473, -0.239179, 0.917012, -0.000007, 0.398859, -0.169748, 0.904912, 0.390281, -0.360935, -0.425598, 0.829815),
      ["LowerTorso"] = CFrame.new(0.056203, -0.465524, -3.651328, -0.983410, -0.069796, -0.167431, -0.010721, 0.943762, -0.330451, 0.181079, -0.323174, -0.928854),
      ["RightUpperArm"] = CFrame.new(0.018725, -0.950943, 0.323562, 0.998411, 0.056346, 0.000021, -0.023619, 0.418866, -0.907741, -0.051156, 0.906298, 0.419531),
      ["RightUpperLeg"] = CFrame.new(0.000000, 0.397453, -0.105951, 1.000000, -0.000000, 0.000000, 0.000000, 0.876689, 0.481058, -0.000000, -0.481058, 0.876689)
    }},
    { Time = 0.367, Data = {
      ["LeftUpperLeg"] = CFrame.new(-0.217942, 0.325948, -0.224348, 0.917012, -0.000007, 0.398859, -0.169748, 0.904912, 0.390281, -0.360935, -0.425598, 0.829815),
      ["LowerTorso"] = CFrame.new(0.051055, -0.457850, -3.640499, -0.982790, -0.070392, -0.170789, -0.009405, 0.942418, -0.334306, 0.184488, -0.326946, -0.926861),
      ["RightUpperArm"] = CFrame.new(0.019412, -0.960077, 0.341181, 0.998411, 0.056346, 0.000021, -0.023619, 0.418866, -0.907741, -0.051156, 0.906298, 0.419531),
      ["RightUpperLeg"] = CFrame.new(0.000000, 0.398777, -0.086964, 1.000000, -0.000000, 0.000000, 0.000000, 0.876689, 0.481058, -0.000000, -0.481058, 0.876689)
    }},
    { Time = 0.383, Data = {
      ["LeftUpperLeg"] = CFrame.new(-0.224100, 0.322990, -0.211897, 0.917012, -0.000007, 0.398859, -0.169748, 0.904912, 0.390281, -0.360935, -0.425598, 0.829815),
      ["LowerTorso"] = CFrame.new(0.046766, -0.451408, -3.631454, -0.982265, -0.070925, -0.173567, -0.008330, 0.941288, -0.337501, 0.187314, -0.330070, -0.925185),
      ["RightUpperArm"] = CFrame.new(0.019989, -0.967745, 0.355972, 0.998411, 0.056346, 0.000021, -0.023619, 0.418866, -0.907741, -0.051156, 0.906298, 0.419531),
      ["RightUpperLeg"] = CFrame.new(0.000000, 0.399889, -0.071024, 1.000000, -0.000000, 0.000000, 0.000000, 0.876689, 0.481058, -0.000000, -0.481058, 0.876689)
    }},
    { Time = 0.400, Data = {
      ["LeftUpperLeg"] = CFrame.new(-0.229169, 0.320554, -0.201647, 0.917012, -0.000007, 0.398859, -0.169748, 0.904912, 0.390281, -0.360935, -0.425598, 0.829815),
      ["LowerTorso"] = CFrame.new(0.043205, -0.446071, -3.623933, -0.981828, -0.071333, -0.175858, -0.007385, 0.940325, -0.340197, 0.189631, -0.332716, -0.923764),
      ["RightUpperArm"] = CFrame.new(0.020463, -0.974057, 0.368148, 0.998411, 0.056346, 0.000021, -0.023619, 0.418866, -0.907741, -0.051156, 0.906298, 0.419531),
      ["RightUpperLeg"] = CFrame.new(0.000000, 0.400804, -0.057902, 1.000000, -0.000000, 0.000000, 0.000000, 0.876689, 0.481058, -0.000000, -0.481058, 0.876689)
    }},
    { Time = 0.417, Data = {
      ["LeftUpperLeg"] = CFrame.new(-0.233240, 0.318598, -0.193417, 0.917012, -0.000007, 0.398859, -0.169748, 0.904912, 0.390281, -0.360935, -0.425598, 0.829815),
      ["LowerTorso"] = CFrame.new(0.040389, -0.441793, -3.617939, -0.981463, -0.071705, -0.177735, -0.006652, 0.939560, -0.342321, 0.191538, -0.334793, -0.922620),
      ["RightUpperArm"] = CFrame.new(0.020844, -0.979125, 0.377924, 0.998411, 0.056346, 0.000021, -0.023619, 0.418866, -0.907741, -0.051156, 0.906298, 0.419531),
      ["RightUpperLeg"] = CFrame.new(0.000000, 0.401539, -0.047367, 1.000000, -0.000000, 0.000000, 0.000000, 0.876689, 0.481058, -0.000000, -0.481058, 0.876689)
    }},
    { Time = 0.433, Data = {
      ["LeftUpperLeg"] = CFrame.new(-0.236400, 0.317080, -0.187027, 0.917012, -0.000007, 0.398859, -0.169748, 0.904912, 0.390281, -0.360935, -0.425598, 0.829815),
      ["LowerTorso"] = CFrame.new(0.038154, -0.438476, -3.613298, -0.981192, -0.071944, -0.179127, -0.006056, 0.938969, -0.343949, 0.192939, -0.336395, -0.921744),
      ["RightUpperArm"] = CFrame.new(0.021140, -0.983060, 0.385515, 0.998411, 0.056346, 0.000021, -0.023619, 0.418866, -0.907741, -0.051156, 0.906298, 0.419531),
      ["RightUpperLeg"] = CFrame.new(0.000000, 0.402109, -0.039186, 1.000000, -0.000000, 0.000000, 0.000000, 0.876689, 0.481058, -0.000000, -0.481058, 0.876689)
    }},
    { Time = 0.450, Data = {
      ["LeftUpperLeg"] = CFrame.new(-0.238740, 0.315956, -0.182296, 0.917012, -0.000007, 0.398859, -0.169748, 0.904912, 0.390281, -0.360935, -0.425598, 0.829815),
      ["LowerTorso"] = CFrame.new(0.036548, -0.436010, -3.609849, -0.980982, -0.072171, -0.180184, -0.005647, 0.938522, -0.345174, 0.194018, -0.337592, -0.921081),
      ["RightUpperArm"] = CFrame.new(0.021359, -0.985974, 0.391135, 0.998411, 0.056346, 0.000021, -0.023619, 0.418866, -0.907741, -0.051156, 0.906298, 0.419531),
      ["RightUpperLeg"] = CFrame.new(0.000000, 0.402531, -0.033129, 1.000000, -0.000000, 0.000000, 0.000000, 0.876689, 0.481058, -0.000000, -0.481058, 0.876689)
    }},
    { Time = 0.467, Data = {
      ["LeftUpperLeg"] = CFrame.new(-0.240349, 0.315183, -0.179043, 0.917012, -0.000007, 0.398859, -0.169748, 0.904912, 0.390281, -0.360935, -0.425598, 0.829815),
      ["LowerTorso"] = CFrame.new(0.035418, -0.434323, -3.607501, -0.980837, -0.072300, -0.180921, -0.005340, 0.938224, -0.345987, 0.194759, -0.338390, -0.920631),
      ["RightUpperArm"] = CFrame.new(0.021510, -0.987977, 0.394999, 0.998411, 0.056346, 0.000021, -0.023619, 0.418866, -0.907741, -0.051156, 0.906298, 0.419531),
      ["RightUpperLeg"] = CFrame.new(0.000000, 0.402822, -0.028965, 1.000000, -0.000000, 0.000000, 0.000000, 0.876689, 0.481058, -0.000000, -0.481058, 0.876689)
    }},
    { Time = 0.483, Data = {
      ["LeftUpperLeg"] = CFrame.new(-0.241316, 0.314718, -0.177088, 0.917012, -0.000007, 0.398859, -0.169748, 0.904912, 0.390281, -0.360935, -0.425598, 0.829815),
      ["LowerTorso"] = CFrame.new(0.034791, -0.433278, -3.606014, -0.980754, -0.072430, -0.181317, -0.005203, 0.938013, -0.346561, 0.195180, -0.338948, -0.920337),
      ["RightUpperArm"] = CFrame.new(0.021600, -0.989181, 0.397322, 0.998411, 0.056346, 0.000021, -0.023619, 0.418866, -0.907741, -0.051156, 0.906298, 0.419531),
      ["RightUpperLeg"] = CFrame.new(0.000000, 0.402996, -0.026462, 1.000000, -0.000000, 0.000000, 0.000000, 0.876689, 0.481058, -0.000000, -0.481058, 0.876689)
    }},
    { Time = 0.500, Data = {
      ["LeftUpperLeg"] = CFrame.new(-0.241730, 0.314519, -0.176250, 0.917012, -0.000007, 0.398859, -0.169748, 0.904912, 0.390281, -0.360935, -0.425598, 0.829815),
      ["LowerTorso"] = CFrame.new(0.034443, -0.432864, -3.605456, -0.980707, -0.072407, -0.181578, -0.005056, 0.937956, -0.346718, 0.195416, -0.339110, -0.920226),
      ["RightUpperArm"] = CFrame.new(0.021639, -0.989697, 0.398317, 0.998411, 0.056346, 0.000021, -0.023619, 0.418866, -0.907741, -0.051156, 0.906298, 0.419531),
      ["RightUpperLeg"] = CFrame.new(0.000000, 0.403071, -0.025390, 1.000000, -0.000000, 0.000000, 0.000000, 0.876689, 0.481058, -0.000000, -0.481058, 0.876689)
    }},
    { Time = 0.517, Data = {
      ["LeftUpperLeg"] = CFrame.new(-0.241681, 0.314543, -0.176350, 0.917012, -0.000007, 0.398859, -0.169748, 0.904912, 0.390281, -0.360935, -0.425598, 0.829815),
      ["LowerTorso"] = CFrame.new(0.034466, -0.432906, -3.605498, -0.980724, -0.072392, -0.181494, -0.005071, 0.937956, -0.346717, 0.195333, -0.339114, -0.920243),
      ["RightUpperArm"] = CFrame.new(0.021634, -0.989636, 0.398199, 0.998411, 0.056346, 0.000021, -0.023619, 0.418866, -0.907741, -0.051156, 0.906298, 0.419531),
      ["RightUpperLeg"] = CFrame.new(0.000000, 0.403062, -0.025517, 1.000000, -0.000000, 0.000000, 0.000000, 0.876689, 0.481058, -0.000000, -0.481058, 0.876689)
    }},
    { Time = 0.533, Data = {
      ["LeftUpperLeg"] = CFrame.new(-0.241258, 0.314746, -0.177205, 0.917012, -0.000007, 0.398859, -0.169748, 0.904912, 0.390281, -0.360935, -0.425598, 0.829815),
      ["LowerTorso"] = CFrame.new(0.034828, -0.433358, -3.606150, -0.980754, -0.072422, -0.181321, -0.005212, 0.938043, -0.346479, 0.195179, -0.338866, -0.920367),
      ["RightUpperArm"] = CFrame.new(0.021595, -0.989109, 0.397183, 0.998411, 0.056346, 0.000021, -0.023619, 0.418866, -0.907741, -0.051156, 0.906298, 0.419531),
      ["RightUpperLeg"] = CFrame.new(0.000000, 0.402986, -0.026612, 1.000000, -0.000000, 0.000000, 0.000000, 0.876689, 0.481058, -0.000000, -0.481058, 0.876689)
    }},
    { Time = 0.550, Data = {
      ["LeftUpperLeg"] = CFrame.new(-0.240550, 0.315086, -0.178636, 0.917012, -0.000007, 0.398859, -0.169748, 0.904912, 0.390281, -0.360935, -0.425598, 0.829815),
      ["LowerTorso"] = CFrame.new(0.035291, -0.434090, -3.607149, -0.980820, -0.072331, -0.180998, -0.005307, 0.938164, -0.346151, 0.194843, -0.338551, -0.920554),
      ["RightUpperArm"] = CFrame.new(0.021529, -0.988228, 0.395483, 0.998411, 0.056346, 0.000021, -0.023619, 0.418866, -0.907741, -0.051156, 0.906298, 0.419531),
      ["RightUpperLeg"] = CFrame.new(0.000000, 0.402858, -0.028444, 1.000000, -0.000000, 0.000000, 0.000000, 0.876689, 0.481058, -0.000000, -0.481058, 0.876689)
    }},
    { Time = 0.567, Data = {
      ["LeftUpperLeg"] = CFrame.new(-0.239647, 0.315520, -0.180462, 0.917012, -0.000007, 0.398859, -0.169748, 0.904912, 0.390281, -0.360935, -0.425598, 0.829815),
      ["LowerTorso"] = CFrame.new(0.035960, -0.435046, -3.608499, -0.980900, -0.072293, -0.180583, -0.005519, 0.938341, -0.345666, 0.194438, -0.338067, -0.920818),
      ["RightUpperArm"] = CFrame.new(0.021444, -0.987103, 0.393314, 0.998411, 0.056346, 0.000021, -0.023619, 0.418866, -0.907741, -0.051156, 0.906298, 0.419531),
      ["RightUpperLeg"] = CFrame.new(0.000000, 0.402695, -0.030781, 1.000000, -0.000000, 0.000000, 0.000000, 0.876689, 0.481058, -0.000000, -0.481058, 0.876689)
    }},
    { Time = 0.583, Data = {
      ["LeftUpperLeg"] = CFrame.new(-0.238638, 0.316005, -0.182502, 0.917012, -0.000007, 0.398859, -0.169748, 0.904912, 0.390281, -0.360935, -0.425598, 0.829815),
      ["LowerTorso"] = CFrame.new(0.036614, -0.436098, -3.609945, -0.980998, -0.072156, -0.180100, -0.005662, 0.938522, -0.345173, 0.193934, -0.337595, -0.921097),
      ["RightUpperArm"] = CFrame.new(0.021350, -0.985847, 0.390890, 0.998411, 0.056346, 0.000021, -0.023619, 0.418866, -0.907741, -0.051156, 0.906298, 0.419531),
      ["RightUpperLeg"] = CFrame.new(0.000000, 0.402513, -0.033394, 1.000000, -0.000000, 0.000000, 0.000000, 0.876689, 0.481058, -0.000000, -0.481058, 0.876689)
    }},
    { Time = 0.600, Data = {
      ["LeftUpperLeg"] = CFrame.new(-0.237612, 0.316498, -0.184577, 0.917012, -0.000007, 0.398859, -0.169748, 0.904912, 0.390281, -0.360935, -0.425598, 0.829815),
      ["LowerTorso"] = CFrame.new(0.037372, -0.437189, -3.611495, -0.981077, -0.072111, -0.179688, -0.005882, 0.938729, -0.344607, 0.193528, -0.337029, -0.921390),
      ["RightUpperArm"] = CFrame.new(0.021253, -0.984569, 0.388426, 0.998411, 0.056346, 0.000021, -0.023619, 0.418866, -0.907741, -0.051156, 0.906298, 0.419531),
      ["RightUpperLeg"] = CFrame.new(0.000000, 0.402328, -0.036049, 1.000000, -0.000000, 0.000000, 0.000000, 0.876689, 0.481058, -0.000000, -0.481058, 0.876689)
    }},
    { Time = 0.617, Data = {
      ["LeftUpperLeg"] = CFrame.new(-0.236659, 0.316956, -0.186504, 0.917012, -0.000007, 0.398859, -0.169748, 0.904912, 0.390281, -0.360935, -0.425598, 0.829815),
      ["LowerTorso"] = CFrame.new(0.037982, -0.438192, -3.612885, -0.981176, -0.071974, -0.179204, -0.006024, 0.938909, -0.344113, 0.193024, -0.336556, -0.921668),
      ["RightUpperArm"] = CFrame.new(0.021164, -0.983382, 0.386136, 0.998411, 0.056346, 0.000021, -0.023619, 0.418866, -0.907741, -0.051156, 0.906298, 0.419531),
      ["RightUpperLeg"] = CFrame.new(0.000000, 0.402155, -0.038517, 1.000000, -0.000000, 0.000000, 0.000000, 0.876689, 0.481058, -0.000000, -0.481058, 0.876689)
    }},
    { Time = 0.633, Data = {
      ["LeftUpperLeg"] = CFrame.new(-0.235867, 0.317336, -0.188105, 0.917012, -0.000007, 0.398859, -0.169748, 0.904912, 0.390281, -0.360935, -0.425598, 0.829815),
      ["LowerTorso"] = CFrame.new(0.038588, -0.439021, -3.614051, -0.981238, -0.071960, -0.178870, -0.006212, 0.939055, -0.343710, 0.192702, -0.336151, -0.921883),
      ["RightUpperArm"] = CFrame.new(0.021090, -0.982397, 0.384234, 0.998411, 0.056346, 0.000021, -0.023619, 0.418866, -0.907741, -0.051156, 0.906298, 0.419531),
      ["RightUpperLeg"] = CFrame.new(0.000000, 0.402013, -0.040566, 1.000000, -0.000000, 0.000000, 0.000000, 0.876689, 0.481058, -0.000000, -0.481058, 0.876689)
    }},
    { Time = 0.650, Data = {
      ["LeftUpperLeg"] = CFrame.new(-0.235327, 0.317596, -0.189198, 0.917012, -0.000007, 0.398859, -0.169748, 0.904912, 0.390281, -0.360935, -0.425598, 0.829815),
      ["LowerTorso"] = CFrame.new(0.038935, -0.439608, -3.614894, -0.981287, -0.071884, -0.178631, -0.006291, 0.939175, -0.343382, 0.192449, -0.335832, -0.922052),
      ["RightUpperArm"] = CFrame.new(0.021040, -0.981724, 0.382936, 0.998411, 0.056346, 0.000021, -0.023619, 0.418866, -0.907741, -0.051156, 0.906298, 0.419531),
      ["RightUpperLeg"] = CFrame.new(0.000000, 0.401915, -0.041965, 1.000000, -0.000000, 0.000000, 0.000000, 0.876689, 0.481058, -0.000000, -0.481058, 0.876689)
    }},
    { Time = 0.667, Data = {
      ["LeftUpperLeg"] = CFrame.new(-0.235127, 0.317692, -0.189602, 0.917012, -0.000007, 0.398859, -0.169748, 0.904912, 0.390281, -0.360935, -0.425598, 0.829815),
      ["LowerTorso"] = CFrame.new(0.039069, -0.439810, -3.615164, -0.981303, -0.071862, -0.178550, -0.006315, 0.939205, -0.343300, 0.192365, -0.335754, -0.922099),
      ["RightUpperArm"] = CFrame.new(0.021021, -0.981475, 0.382456, 0.998411, 0.056346, 0.000021, -0.023619, 0.418866, -0.907741, -0.051156, 0.906298, 0.419531),
      ["RightUpperLeg"] = CFrame.new(0.000000, 0.401879, -0.042483, 1.000000, -0.000000, 0.000000, 0.000000, 0.876689, 0.481058, -0.000000, -0.481058, 0.876689)
    }},
    { Time = 1.333, Data = {
      ["LeftUpperLeg"] = CFrame.new(-0.168882, 0.349521, -0.323544, 0.917012, -0.000007, 0.398859, -0.169748, 0.904912, 0.390281, -0.360935, -0.425598, 0.829815),
      ["LowerTorso"] = CFrame.new(0.085794, -0.508902, -3.713168, -0.986667, -0.066715, -0.148450, -0.017935, 0.951138, -0.308243, 0.161761, -0.301471, -0.939654),
      ["RightUpperArm"] = CFrame.new(0.014819, -0.898988, 0.223344, 0.998411, 0.056346, 0.000021, -0.023619, 0.418866, -0.907741, -0.051156, 0.906298, 0.419531),
      ["RightUpperLeg"] = CFrame.new(0.000000, 0.389921, -0.213955, 1.000000, -0.000000, 0.000000, 0.000000, 0.876689, 0.481058, -0.000000, -0.481058, 0.876689)
    }}
  }
}