return {
  ["Astros bouncing"] = {
    { Time = 0.000, Data = {
      ["Head"] = CFrame.new(0.000000, -0.000000, 0.000000, 1.000000, -0.000000, 0.000000, 0.000000, 0.904608, 0.426246, -0.000000, -0.426246, 0.904608),
      ["LeftUpperArm"] = CFrame.new(0.087227, -0.154803, 0.249589, 0.874900, -0.240005, 0.420652, 0.156895, 0.962188, 0.222661, -0.458186, -0.128808, 0.879474),
      ["LeftUpperLeg"] = CFrame.new(-0.299270, -0.586598, -0.707630, 0.992124, 0.109180, 0.061406, -0.086445, 0.241988, 0.966421, 0.090654, -0.964117, 0.249520),
      ["LowerTorso"] = CFrame.new(0.018064, -0.488358, -0.151400, -1.000000, -0.000005, 0.001122, 0.000005, 0.999960, 0.008977, -0.001122, 0.008977, -0.999959),
      ["RightUpperArm"] = CFrame.new(-0.029825, -0.147239, 0.234641, 0.906636, 0.265000, -0.328307, -0.221522, 0.961242, 0.164142, 0.359080, -0.076090, 0.930200),
      ["RightUpperLeg"] = CFrame.new(0.343726, -0.589915, -0.666182, 0.986970, -0.136677, -0.084905, 0.117404, 0.250892, 0.960869, -0.110026, -0.958318, 0.263669),
      ["рҹҢ§пёҸрҹҳірҹ‘»рҹҸіпёҸвҖҚрҹҢҲрҹҳӮрҹ’һрҹҸҙвҖҚвҳ пёҸрҹҺёрҹҢ§пёҸрҹҳірҹ‘»рҹҸіпёҸвҖҚрҹҢҲрҹҳӮрҹ’һрҹҸҙвҖҚвҳ"] = CFrame.new(0.000000, 0.000000, -0.000000, 0.963429, -0.267963, 0.000000, 0.267963, 0.963429, 0.000000, 0.000000, 0.000000, 1.000000)
    }},
    { Time = 0.017, Data = {
      ["Head"] = CFrame.new(0.000000, -0.000000, 0.000000, 1.000000, -0.000000, 0.000000, 0.000000, 0.900029, 0.435829, -0.000000, -0.435829, 0.900029),
      ["LeftUpperArm"] = CFrame.new(0.087389, -0.154643, 0.250490, 0.871635, -0.239387, 0.427723, 0.156219, 0.962795, 0.220505, -0.464595, -0.125381, 0.876602),
      ["LeftUpperLeg"] = CFrame.new(-0.299306, -0.586955, -0.707571, 0.992124, 0.109177, 0.061412, -0.086440, 0.241883, 0.966448, 0.090659, -0.964144, 0.249415),
      ["LowerTorso"] = CFrame.new(0.018064, -0.488051, -0.151398, -1.000000, -0.000005, 0.001122, 0.000005, 0.999960, 0.008891, -0.001122, 0.008891, -0.999960),
      ["RightUpperArm"] = CFrame.new(-0.029760, -0.147205, 0.235298, 0.904112, 0.265249, -0.334999, -0.221478, 0.961367, 0.163464, 0.365416, -0.073595, 0.927930),
      ["RightUpperLeg"] = CFrame.new(0.343775, -0.590274, -0.666131, 0.986970, -0.136677, -0.084905, 0.117404, 0.250892, 0.960869, -0.110026, -0.958318, 0.263669),
      ["рҹҢ§пёҸрҹҳірҹ‘»рҹҸіпёҸвҖҚрҹҢҲрҹҳӮрҹ’һрҹҸҙвҖҚвҳ пёҸрҹҺёрҹҢ§пёҸрҹҳірҹ‘»рҹҸіпёҸвҖҚрҹҢҲрҹҳӮрҹ’һрҹҸҙвҖҚвҳ"] = CFrame.new(0.000000, 0.000000, -0.000000, 0.961033, -0.276432, 0.000000, 0.276432, 0.961033, 0.000000, 0.000000, 0.000000, 1.000000)
    }},
    { Time = 0.033, Data = {
      ["Head"] = CFrame.new(0.000000, -0.000000, 0.000000, 1.000000, -0.000000, 0.000000, 0.000000, 0.895423, 0.445217, -0.000000, -0.445217, 0.895423),
      ["LeftUpperArm"] = CFrame.new(0.087574, -0.154485, 0.251363, 0.868333, -0.238684, 0.434773, 0.155458, 0.963395, 0.218408, -0.470989, -0.122062, 0.873653),
      ["LeftUpperLeg"] = CFrame.new(-0.299416, -0.588029, -0.707399, 0.992124, 0.109173, 0.061418, -0.086435, 0.241777, 0.966474, 0.090664, -0.964171, 0.249309),
      ["LowerTorso"] = CFrame.new(0.018065, -0.487133, -0.151392, -0.999999, -0.000005, 0.001122, 0.000005, 0.999963, 0.008632, -0.001122, 0.008632, -0.999962),
      ["RightUpperArm"] = CFrame.new(-0.029674, -0.147181, 0.235931, 0.901582, 0.265575, -0.341498, -0.221522, 0.961458, 0.162867, 0.371589, -0.071188, 0.925664),
      ["RightUpperLeg"] = CFrame.new(0.343920, -0.591342, -0.665972, 0.986970, -0.136667, -0.084920, 0.117392, 0.250683, 0.960925, -0.110039, -0.958374, 0.263460),
      ["рҹҢ§пёҸрҹҳірҹ‘»рҹҸіпёҸвҖҚрҹҢҲрҹҳӮрҹ’һрҹҸҙвҖҚвҳ пёҸрҹҺёрҹҢ§пёҸрҹҳірҹ‘»рҹҸіпёҸвҖҚрҹҢҲрҹҳӮрҹ’һрҹҸҙвҖҚвҳ"] = CFrame.new(0.000000, 0.000000, -0.000000, 0.958586, -0.284802, 0.000000, 0.284802, 0.958586, 0.000000, 0.000000, 0.000000, 1.000000)
    }},
    { Time = 0.050, Data = {
      ["Head"] = CFrame.new(0.000000, 0.000000, 0.000000, 1.000000, -0.000000, 0.000000, 0.000000, 0.890834, 0.454330, -0.000000, -0.454330, 0.890834),
      ["LeftUpperArm"] = CFrame.new(0.087767, -0.154329, 0.252229, 0.865059, -0.237948, 0.441648, 0.154733, 0.963989, 0.216295, -0.477210, -0.118771, 0.870726),
      ["LeftUpperLeg"] = CFrame.new(-0.299596, -0.589826, -0.707144, 0.992125, 0.109107, 0.061510, -0.086468, 0.241354, 0.966577, 0.090615, -0.964284, 0.248888),
      ["LowerTorso"] = CFrame.new(0.018065, -0.485614, -0.151379, -1.000000, -0.000005, 0.001122, 0.000005, 0.999966, 0.008201, -0.001122, 0.008201, -0.999966),
      ["RightUpperArm"] = CFrame.new(-0.029614, -0.147152, 0.236557, 0.899060, 0.265802, -0.347910, -0.221497, 0.961569, 0.162247, 0.377665, -0.068809, 0.923382),
      ["RightUpperLeg"] = CFrame.new(0.344159, -0.593111, -0.665710, 0.986970, -0.136654, -0.084942, 0.117374, 0.250368, 0.961010, -0.110058, -0.958458, 0.263146),
      ["рҹҢ§пёҸрҹҳірҹ‘»рҹҸіпёҸвҖҚрҹҢҲрҹҳӮрҹ’һрҹҸҙвҖҚвҳ пёҸрҹҺёрҹҢ§пёҸрҹҳірҹ‘»рҹҸіпёҸвҖҚрҹҢҲрҹҳӮрҹ’һрҹҸҙвҖҚвҳ"] = CFrame.new(0.000000, 0.000000, -0.000000, 0.956116, -0.292989, 0.000000, 0.292989, 0.956116, 0.000000, 0.000000, 0.000000, 1.000000)
    }},
    { Time = 0.067, Data = {
      ["Head"] = CFrame.new(0.000000, 0.000000, 0.000000, 1.000000, -0.000000, 0.000000, 0.000000, 0.886310, 0.463092, -0.000000, -0.463092, 0.886310),
      ["LeftUpperArm"] = CFrame.new(0.087944, -0.154184, 0.253069, 0.861842, -0.237278, 0.448249, 0.154114, 0.964542, 0.214260, -0.483194, -0.115577, 0.867851),
      ["LeftUpperLeg"] = CFrame.new(-0.299846, -0.592281, -0.706746, 0.992125, 0.109093, 0.061534, -0.086448, 0.240931, 0.966685, 0.090634, -0.964391, 0.248464),
      ["LowerTorso"] = CFrame.new(0.018065, -0.483511, -0.151355, -1.000000, -0.000004, 0.001122, 0.000004, 0.999971, 0.007596, -0.001122, 0.007596, -0.999971),
      ["RightUpperArm"] = CFrame.new(-0.029561, -0.147123, 0.237173, 0.896592, 0.266006, -0.354068, -0.221500, 0.961677, 0.161600, 0.383485, -0.066463, 0.921152),
      ["RightUpperLeg"] = CFrame.new(0.344497, -0.595618, -0.665353, 0.986958, -0.136646, -0.085100, 0.117463, 0.249830, 0.961138, -0.110075, -0.958599, 0.262623),
      ["рҹҢ§пёҸрҹҳірҹ‘»рҹҸіпёҸвҖҚрҹҢҲрҹҳӮрҹ’һрҹҸҙвҖҚвҳ пёҸрҹҺёрҹҢ§пёҸрҹҳірҹ‘»рҹҸіпёҸвҖҚрҹҢҲрҹҳӮрҹ’һрҹҸҙвҖҚвҳ"] = CFrame.new(0.000000, 0.000000, -0.000000, 0.953653, -0.300909, 0.000000, 0.300909, 0.953653, 0.000000, 0.000000, 0.000000, 1.000000)
    }},
    { Time = 0.083, Data = {
      ["Head"] = CFrame.new(0.000000, -0.000000, 0.000000, 1.000000, -0.000000, 0.000000, 0.000000, 0.881905, 0.471426, -0.000000, -0.471426, 0.881905),
      ["LeftUpperArm"] = CFrame.new(0.088120, -0.154047, 0.253853, 0.858747, -0.236607, 0.454501, 0.153505, 0.965059, 0.212360, -0.488866, -0.112595, 0.865062),
      ["LeftUpperLeg"] = CFrame.new(-0.300162, -0.595415, -0.706275, 0.992127, 0.109020, 0.061637, -0.086471, 0.240296, 0.966841, 0.090594, -0.964558, 0.247831),
      ["LowerTorso"] = CFrame.new(0.018066, -0.480846, -0.151312, -0.999999, -0.000004, 0.001122, 0.000004, 0.999977, 0.006819, -0.001122, 0.006819, -0.999976),
      ["RightUpperArm"] = CFrame.new(-0.029508, -0.147098, 0.237759, 0.894183, 0.266206, -0.359960, -0.221513, 0.961773, 0.161008, 0.389062, -0.064235, 0.918969),
      ["RightUpperLeg"] = CFrame.new(0.344918, -0.598721, -0.664894, 0.986958, -0.136622, -0.085138, 0.117433, 0.249306, 0.961278, -0.110107, -0.958739, 0.262099),
      ["рҹҢ§пёҸрҹҳірҹ‘»рҹҸіпёҸвҖҚрҹҢҲрҹҳӮрҹ’һрҹҸҙвҖҚвҳ пёҸрҹҺёрҹҢ§пёҸрҹҳірҹ‘»рҹҸіпёҸвҖҚрҹҢҲрҹҳӮрҹ’һрҹҸҙвҖҚвҳ"] = CFrame.new(0.000000, -0.000000, -0.000000, 0.951257, -0.308399, 0.000000, 0.308399, 0.951257, 0.000000, 0.000000, 0.000000, 1.000000)
    }},
    { Time = 0.100, Data = {
      ["Head"] = CFrame.new(0.000000, -0.000000, 0.000000, 1.000000, -0.000000, 0.000000, 0.000000, 0.877673, 0.479260, -0.000000, -0.479260, 0.877673),
      ["LeftUpperArm"] = CFrame.new(0.088301, -0.153917, 0.254603, 0.855780, -0.235920, 0.460415, 0.152926, 0.965556, 0.210513, -0.494221, -0.109743, 0.862382),
      ["LeftUpperLeg"] = CFrame.new(-0.300542, -0.599147, -0.705671, 0.992127, 0.109000, 0.061673, -0.086442, 0.239660, 0.967001, 0.090623, -0.964719, 0.247196),
      ["LowerTorso"] = CFrame.new(0.018066, -0.477648, -0.151244, -0.999999, -0.000003, 0.001122, 0.000003, 0.999983, 0.005870, -0.001122, 0.005870, -0.999982),
      ["RightUpperArm"] = CFrame.new(-0.029457, -0.147076, 0.238311, 0.891871, 0.266400, -0.365509, -0.221543, 0.961858, 0.160463, 0.394315, -0.062137, 0.916872),
      ["RightUpperLeg"] = CFrame.new(0.345421, -0.602467, -0.664374, 0.986959, -0.136537, -0.085258, 0.117444, 0.248572, 0.961467, -0.110083, -0.958942, 0.261366),
      ["рҹҢ§пёҸрҹҳірҹ‘»рҹҸіпёҸвҖҚрҹҢҲрҹҳӮрҹ’һрҹҸҙвҖҚвҳ пёҸрҹҺёрҹҢ§пёҸрҹҳірҹ‘»рҹҸіпёҸвҖҚрҹҢҲрҹҳӮрҹ’һрҹҸҙвҖҚвҳ"] = CFrame.new(0.000000, -0.000000, 0.000000, 0.948939, -0.315458, 0.000000, 0.315458, 0.948939, 0.000000, 0.000000, 0.000000, 1.000000)
    }},
    { Time = 0.117, Data = {
      ["Head"] = CFrame.new(0.000000, 0.000000, -0.000000, 1.000000, -0.000000, 0.000000, 0.000000, 0.873713, 0.486441, -0.000000, -0.486441, 0.873713),
      ["LeftUpperArm"] = CFrame.new(0.088460, -0.153800, 0.255301, 0.852974, -0.235317, 0.465899, 0.152443, 0.966001, 0.208814, -0.499196, -0.107090, 0.859846),
      ["LeftUpperLeg"] = CFrame.new(-0.300981, -0.603482, -0.705005, 0.992128, 0.108920, 0.061789, -0.086455, 0.238813, 0.967209, 0.090593, -0.964938, 0.246350),
      ["LowerTorso"] = CFrame.new(0.018067, -0.473952, -0.151226, -1.000000, -0.000003, 0.001122, 0.000003, 0.999988, 0.004834, -0.001122, 0.004834, -0.999988),
      ["RightUpperArm"] = CFrame.new(-0.029430, -0.147051, 0.238818, 0.889754, 0.266501, -0.370561, -0.221520, 0.961952, 0.159928, 0.399083, -0.060210, 0.914936),
      ["RightUpperLeg"] = CFrame.new(0.346003, -0.606792, -0.663769, 0.986961, -0.136448, -0.085386, 0.117448, 0.247733, 0.961683, -0.110067, -0.959172, 0.260528),
      ["рҹҢ§пёҸрҹҳірҹ‘»рҹҸіпёҸвҖҚрҹҢҲрҹҳӮрҹ’һрҹҸҙвҖҚвҳ пёҸрҹҺёрҹҢ§пёҸрҹҳірҹ‘»рҹҸіпёҸвҖҚрҹҢҲрҹҳӮрҹ’һрҹҸҙвҖҚвҳ"] = CFrame.new(0.000000, -0.000000, -0.000000, 0.946737, -0.322008, 0.000000, 0.322008, 0.946737, 0.000000, 0.000000, 0.000000, 1.000000)
    }},
    { Time = 0.133, Data = {
      ["Head"] = CFrame.new(0.000000, -0.000000, 0.000000, 1.000000, -0.000000, 0.000000, 0.000000, 0.870043, 0.492976, -0.000000, -0.492976, 0.870043),
      ["LeftUpperArm"] = CFrame.new(0.088620, -0.153691, 0.255935, 0.850442, -0.234709, 0.470809, 0.151991, 0.966413, 0.207230, -0.503635, -0.104678, 0.857552),
      ["LeftUpperLeg"] = CFrame.new(-0.301475, -0.608323, -0.704218, 0.992128, 0.108890, 0.061843, -0.086410, 0.237859, 0.967448, 0.090635, -0.965177, 0.245396),
      ["LowerTorso"] = CFrame.new(0.018067, -0.469797, -0.151162, -0.999999, -0.000002, 0.001122, 0.000002, 0.999993, 0.003626, -0.001122, 0.003626, -0.999993),
      ["RightUpperArm"] = CFrame.new(-0.029404, -0.147029, 0.239291, 0.887747, 0.266601, -0.375272, -0.221512, 0.962035, 0.159438, 0.403532, -0.058413, 0.913099),
      ["RightUpperLeg"] = CFrame.new(0.346657, -0.611648, -0.663085, 0.986962, -0.136353, -0.085521, 0.117447, 0.246788, 0.961926, -0.110056, -0.959429, 0.259584),
      ["рҹҢ§пёҸрҹҳірҹ‘»рҹҸіпёҸвҖҚрҹҢҲрҹҳӮрҹ’һрҹҸҙвҖҚвҳ пёҸрҹҺёрҹҢ§пёҸрҹҳірҹ‘»рҹҸіпёҸвҖҚрҹҢҲрҹҳӮрҹ’һрҹҸҙвҖҚвҳ"] = CFrame.new(0.000000, 0.000000, 0.000000, 0.944718, -0.327885, 0.000000, 0.327885, 0.944718, 0.000000, 0.000000, 0.000000, 1.000000)
    }},
    { Time = 0.150, Data = {
      ["Head"] = CFrame.new(0.000000, 0.000000, 0.000000, 1.000000, -0.000000, 0.000000, 0.000000, 0.866721, 0.498793, -0.000000, -0.498793, 0.866721),
      ["LeftUpperArm"] = CFrame.new(0.088752, -0.153599, 0.256493, 0.848131, -0.234207, 0.475207, 0.151617, 0.966762, 0.205872, -0.507628, -0.102556, 0.855451),
      ["LeftUpperLeg"] = CFrame.new(-0.302017, -0.613673, -0.703390, 0.992130, 0.108806, 0.061964, -0.086419, 0.236904, 0.967682, 0.090610, -0.965421, 0.244443),
      ["LowerTorso"] = CFrame.new(0.018068, -0.465230, -0.151124, -0.999999, -0.000001, 0.001122, 0.000001, 0.999997, 0.002331, -0.001122, 0.002331, -0.999997),
      ["RightUpperArm"] = CFrame.new(-0.029376, -0.147012, 0.239694, 0.885996, 0.266706, -0.379313, -0.221528, 0.962098, 0.159037, 0.407352, -0.056878, 0.911498),
      ["RightUpperLeg"] = CFrame.new(0.347376, -0.616985, -0.662332, 0.986963, -0.136259, -0.085656, 0.117445, 0.245842, 0.962169, -0.110046, -0.959685, 0.258640),
      ["рҹҢ§пёҸрҹҳірҹ‘»рҹҸіпёҸвҖҚрҹҢҲрҹҳӮрҹ’һрҹҸҙвҖҚвҳ пёҸрҹҺёрҹҢ§пёҸрҹҳірҹ‘»рҹҸіпёҸвҖҚрҹҢҲрҹҳӮрҹ’һрҹҸҙвҖҚвҳ"] = CFrame.new(0.000000, 0.000000, -0.000000, 0.942865, -0.333174, 0.000000, 0.333174, 0.942865, 0.000000, 0.000000, 0.000000, 1.000000)
    }},
    { Time = 0.167, Data = {
      ["Head"] = CFrame.new(0.000000, -0.000000, 0.000000, 1.000000, -0.000000, 0.000000, 0.000000, 0.863809, 0.503820, -0.000000, -0.503820, 0.863809),
      ["LeftUpperArm"] = CFrame.new(0.088878, -0.153519, 0.256964, 0.846155, -0.233725, 0.478951, 0.151255, 0.967067, 0.204704, -0.511022, -0.100768, 0.853641),
      ["LeftUpperLeg"] = CFrame.new(-0.302601, -0.619441, -0.702490, 0.992131, 0.108716, 0.062098, -0.086417, 0.235737, 0.967967, 0.090594, -0.965717, 0.243277),
      ["LowerTorso"] = CFrame.new(0.018069, -0.460298, -0.151100, -1.000000, -0.000001, 0.001122, 0.000001, 1.000000, 0.000950, -0.001122, 0.000950, -0.999999),
      ["RightUpperArm"] = CFrame.new(-0.029349, -0.146998, 0.240061, 0.884405, 0.266811, -0.382936, -0.221563, 0.962150, 0.158671, 0.410777, -0.055485, 0.910046),
      ["RightUpperLeg"] = CFrame.new(0.348152, -0.622738, -0.661513, 0.986965, -0.136155, -0.085807, 0.117432, 0.244685, 0.962465, -0.110048, -0.959995, 0.257485),
      ["рҹҢ§пёҸрҹҳірҹ‘»рҹҸіпёҸвҖҚрҹҢҲрҹҳӮрҹ’һрҹҸҙвҖҚвҳ пёҸрҹҺёрҹҢ§пёҸрҹҳірҹ‘»рҹҸіпёҸвҖҚрҹҢҲрҹҳӮрҹ’һрҹҸҙвҖҚвҳ"] = CFrame.new(0.000000, -0.000000, -0.000000, 0.941249, -0.337713, 0.000000, 0.337713, 0.941249, 0.000000, 0.000000, 0.000000, 1.000000)
    }},
    { Time = 0.183, Data = {
      ["Head"] = CFrame.new(0.000000, 0.000000, 0.000000, 1.000000, -0.000000, 0.000000, 0.000000, 0.861410, 0.507909, -0.000000, -0.507909, 0.861410),
      ["LeftUpperArm"] = CFrame.new(0.088982, -0.153451, 0.257377, 0.844461, -0.233331, 0.482122, 0.150997, 0.967325, 0.203674, -0.513892, -0.099195, 0.852100),
      ["LeftUpperLeg"] = CFrame.new(-0.303223, -0.625569, -0.701533, 0.992133, 0.108625, 0.062231, -0.086415, 0.234568, 0.968251, 0.090579, -0.966012, 0.242110),
      ["LowerTorso"] = CFrame.new(0.018070, -0.455057, -0.150988, -1.000000, 0.000000, 0.001122, -0.000000, 1.000000, -0.000604, -0.001122, -0.000604, -1.000000),
      ["RightUpperArm"] = CFrame.new(-0.029340, -0.146984, 0.240353, 0.883106, 0.266845, -0.385900, -0.221538, 0.962205, 0.158376, 0.413576, -0.054371, 0.908844),
      ["RightUpperLeg"] = CFrame.new(0.348977, -0.628852, -0.660643, 0.986966, -0.136050, -0.085957, 0.117418, 0.243528, 0.962760, -0.110051, -0.960304, 0.256328),
      ["рҹҢ§пёҸрҹҳірҹ‘»рҹҸіпёҸвҖҚрҹҢҲрҹҳӮрҹ’һрҹҸҙвҖҚвҳ пёҸрҹҺёрҹҢ§пёҸрҹҳірҹ‘»рҹҸіпёҸвҖҚрҹҢҲрҹҳӮрҹ’һрҹҸҙвҖҚвҳ"] = CFrame.new(0.000000, 0.000000, -0.000000, 0.939910, -0.341422, 0.000000, 0.341422, 0.939910, 0.000000, 0.000000, 0.000000, 1.000000)
    }},
    { Time = 0.200, Data = {
      ["Head"] = CFrame.new(0.000000, -0.000000, 0.000000, 1.000000, -0.000000, 0.000000, 0.000000, 0.859449, 0.511221, -0.000000, -0.511221, 0.859449),
      ["LeftUpperArm"] = CFrame.new(0.089074, -0.153398, 0.257679, 0.843162, -0.232980, 0.484560, 0.150732, 0.967526, 0.202910, -0.516098, -0.098047, 0.850899),
      ["LeftUpperLeg"] = CFrame.new(-0.303879, -0.632024, -0.700504, 0.992124, 0.108602, 0.062418, -0.086481, 0.233388, 0.968530, 0.090616, -0.966300, 0.240942),
      ["LowerTorso"] = CFrame.new(0.018070, -0.449564, -0.150944, -1.000000, 0.000001, 0.001122, -0.000001, 0.999998, -0.002158, -0.001122, -0.002158, -0.999997),
      ["RightUpperArm"] = CFrame.new(-0.029328, -0.146975, 0.240577, 0.882083, 0.266891, -0.388199, -0.221534, 0.962240, 0.158170, 0.415754, -0.053520, 0.907901),
      ["RightUpperLeg"] = CFrame.new(0.349840, -0.635257, -0.659731, 0.986967, -0.135946, -0.086106, 0.117404, 0.242369, 0.963054, -0.110054, -0.960612, 0.255171),
      ["рҹҢ§пёҸрҹҳірҹ‘»рҹҸіпёҸвҖҚрҹҢҲрҹҳӮрҹ’һрҹҸҙвҖҚвҳ пёҸрҹҺёрҹҢ§пёҸрҹҳірҹ‘»рҹҸіпёҸвҖҚрҹҢҲрҹҳӮрҹ’һрҹҸҙвҖҚвҳ"] = CFrame.new(-0.000000, -0.000000, 0.000000, 0.938798, -0.344468, 0.000000, 0.344468, 0.938798, 0.000000, 0.000000, 0.000000, 1.000000)
    }},
    { Time = 0.217, Data = {
      ["Head"] = CFrame.new(0.000000, 0.000000, 0.000000, 1.000000, -0.000000, 0.000000, 0.000000, 0.858073, 0.513528, -0.000000, -0.513528, 0.858073),
      ["LeftUpperArm"] = CFrame.new(0.089144, -0.153357, 0.257922, 0.842202, -0.232716, 0.486353, 0.150578, 0.967683, 0.202278, -0.517709, -0.097124, 0.850026),
      ["LeftUpperLeg"] = CFrame.new(-0.304553, -0.638664, -0.699464, 0.992125, 0.108507, 0.062557, -0.086475, 0.232111, 0.968838, 0.090606, -0.966618, 0.239667),
      ["LowerTorso"] = CFrame.new(0.018071, -0.443877, -0.150867, -0.999999, 0.000002, 0.001122, -0.000002, 0.999993, -0.003798, -0.001122, -0.003798, -0.999992),
      ["RightUpperArm"] = CFrame.new(-0.029317, -0.146968, 0.240754, 0.881344, 0.266934, -0.389846, -0.221568, 0.962265, 0.157968, 0.417302, -0.052847, 0.907230),
      ["RightUpperLeg"] = CFrame.new(0.350734, -0.641882, -0.658785, 0.986969, -0.135837, -0.086264, 0.117385, 0.241105, 0.963374, -0.110063, -0.960946, 0.253908),
      ["рҹҢ§пёҸрҹҳірҹ‘»рҹҸіпёҸвҖҚрҹҢҲрҹҳӮрҹ’һрҹҸҙвҖҚвҳ пёҸрҹҺёрҹҢ§пёҸрҹҳірҹ‘»рҹҸіпёҸвҖҚрҹҢҲрҹҳӮрҹ’һрҹҸҙвҖҚвҳ"] = CFrame.new(0.000000, 0.000000, -0.000000, 0.938010, -0.346608, 0.000000, 0.346608, 0.938010, 0.000000, 0.000000, 0.000000, 1.000000)
    }},
    { Time = 0.233, Data = {
      ["Head"] = CFrame.new(0.000000, -0.000000, 0.000000, 1.000000, -0.000000, 0.000000, 0.000000, 0.857198, 0.514987, -0.000000, -0.514987, 0.857198),
      ["LeftUpperArm"] = CFrame.new(0.089178, -0.153335, 0.258062, 0.841584, -0.232586, 0.487483, 0.150486, 0.967768, 0.201941, -0.518739, -0.096591, 0.849459),
      ["LeftUpperLeg"] = CFrame.new(-0.305242, -0.645455, -0.698400, 0.992127, 0.108413, 0.062697, -0.086468, 0.230833, 0.969143, 0.090595, -0.966935, 0.238390),
      ["LowerTorso"] = CFrame.new(0.018072, -0.438059, -0.150825, -1.000000, 0.000003, 0.001122, -0.000003, 0.999985, -0.005438, -0.001122, -0.005438, -0.999985),
      ["RightUpperArm"] = CFrame.new(-0.029301, -0.146966, 0.240866, 0.880854, 0.266994, -0.390911, -0.221615, 0.962271, 0.157864, 0.418311, -0.052423, 0.906790),
      ["RightUpperLeg"] = CFrame.new(0.351648, -0.648656, -0.657817, 0.986970, -0.135727, -0.086421, 0.117365, 0.239839, 0.963692, -0.110072, -0.961278, 0.252643),
      ["рҹҢ§пёҸрҹҳірҹ‘»рҹҸіпёҸвҖҚрҹҢҲрҹҳӮрҹ’һрҹҸҙвҖҚвҳ пёҸрҹҺёрҹҢ§пёҸрҹҳірҹ‘»рҹҸіпёҸвҖҚрҹҢҲрҹҳӮрҹ’һрҹҸҙвҖҚвҳ"] = CFrame.new(0.000000, -0.000000, -0.000000, 0.937553, -0.347841, 0.000000, 0.347841, 0.937553, 0.000000, 0.000000, 0.000000, 1.000000)
    }},
    { Time = 0.250, Data = {
      ["Head"] = CFrame.new(0.000000, -0.000000, 0.000000, 1.000000, -0.000000, 0.000000, 0.000000, 0.856921, 0.515448, -0.000000, -0.515448, 0.856921),
      ["LeftUpperArm"] = CFrame.new(0.089179, -0.153331, 0.258095, 0.841402, -0.232581, 0.487799, 0.150472, 0.967781, 0.201886, -0.519037, -0.096467, 0.849290),
      ["LeftUpperLeg"] = CFrame.new(-0.305938, -0.652320, -0.697325, 0.992128, 0.108318, 0.062836, -0.086462, 0.229555, 0.969448, 0.090584, -0.967250, 0.237113),
      ["LowerTorso"] = CFrame.new(0.018073, -0.432174, -0.150714, -1.000000, 0.000004, 0.001122, -0.000004, 0.999974, -0.007165, -0.001122, -0.007165, -0.999974),
      ["RightUpperArm"] = CFrame.new(-0.029303, -0.146964, 0.240900, 0.880709, 0.266986, -0.391241, -0.221605, 0.962281, 0.157820, 0.418620, -0.052292, 0.906655),
      ["RightUpperLeg"] = CFrame.new(0.352578, -0.655565, -0.656846, 0.986959, -0.135632, -0.086699, 0.117466, 0.238558, 0.963998, -0.110066, -0.961610, 0.251379),
      ["рҹҢ§пёҸрҹҳірҹ‘»рҹҸіпёҸвҖҚрҹҢҲрҹҳӮрҹ’һрҹҸҙвҖҚвҳ пёҸрҹҺёрҹҢ§пёҸрҹҳірҹ‘»рҹҸіпёҸвҖҚрҹҢҲрҹҳӮрҹ’һрҹҸҙвҖҚвҳ"] = CFrame.new(0.000000, -0.000000, -0.000000, 0.937370, -0.348335, 0.000000, 0.348335, 0.937370, 0.000000, 0.000000, 0.000000, 1.000000)
    }},
    { Time = 0.267, Data = {
      ["Head"] = CFrame.new(0.000000, -0.000000, 0.000000, 1.000000, -0.000000, 0.000000, 0.000000, 0.857198, 0.514987, -0.000000, -0.514987, 0.857198),
      ["LeftUpperArm"] = CFrame.new(0.089178, -0.153335, 0.258062, 0.841584, -0.232586, 0.487483, 0.150486, 0.967768, 0.201941, -0.518739, -0.096591, 0.849459),
      ["LeftUpperLeg"] = CFrame.new(-0.306635, -0.659186, -0.696249, 0.992130, 0.108223, 0.062975, -0.086455, 0.228275, 0.969751, 0.090574, -0.967563, 0.235835),
      ["LowerTorso"] = CFrame.new(0.018074, -0.426287, -0.150689, -0.999999, 0.000005, 0.001122, -0.000005, 0.999961, -0.008805, -0.001122, -0.008805, -0.999961),
      ["RightUpperArm"] = CFrame.new(-0.029301, -0.146967, 0.240866, 0.880854, 0.266994, -0.390911, -0.221615, 0.962271, 0.157864, 0.418311, -0.052423, 0.906790),
      ["RightUpperLeg"] = CFrame.new(0.353502, -0.662412, -0.655864, 0.986960, -0.135517, -0.086864, 0.117440, 0.237184, 0.964340, -0.110082, -0.961966, 0.250007),
      ["рҹҢ§пёҸрҹҳірҹ‘»рҹҸіпёҸвҖҚрҹҢҲрҹҳӮрҹ’һрҹҸҙвҖҚвҳ пёҸрҹҺёрҹҢ§пёҸрҹҳірҹ‘»рҹҸіпёҸвҖҚрҹҢҲрҹҳӮрҹ’һрҹҸҙвҖҚвҳ"] = CFrame.new(0.000000, -0.000000, -0.000000, 0.937553, -0.347841, 0.000000, 0.347841, 0.937553, 0.000000, 0.000000, 0.000000, 1.000000)
    }},
    { Time = 0.283, Data = {
      ["Head"] = CFrame.new(0.000000, -0.000000, 0.000000, 1.000000, -0.000000, 0.000000, 0.000000, 0.858073, 0.513528, -0.000000, -0.513528, 0.858073),
      ["LeftUpperArm"] = CFrame.new(0.089144, -0.153357, 0.257922, 0.842202, -0.232716, 0.486353, 0.150578, 0.967683, 0.202278, -0.517709, -0.097124, 0.850026),
      ["LeftUpperLeg"] = CFrame.new(-0.307324, -0.665948, -0.695149, 0.992130, 0.108178, 0.063053, -0.086390, 0.226887, 0.970082, 0.090636, -0.967895, 0.234447),
      ["LowerTorso"] = CFrame.new(0.018075, -0.420460, -0.150561, -0.999999, 0.000006, 0.001122, -0.000006, 0.999945, -0.010531, -0.001122, -0.010531, -0.999944),
      ["RightUpperArm"] = CFrame.new(-0.029316, -0.146968, 0.240755, 0.881344, 0.266934, -0.389846, -0.221568, 0.962265, 0.157968, 0.417302, -0.052847, 0.907230),
      ["RightUpperLeg"] = CFrame.new(0.354416, -0.669186, -0.654897, 0.986961, -0.135407, -0.087021, 0.117421, 0.235915, 0.964653, -0.110092, -0.962293, 0.248739),
      ["рҹҢ§пёҸрҹҳірҹ‘»рҹҸіпёҸвҖҚрҹҢҲрҹҳӮрҹ’һрҹҸҙвҖҚвҳ пёҸрҹҺёрҹҢ§пёҸрҹҳірҹ‘»рҹҸіпёҸвҖҚрҹҢҲрҹҳӮрҹ’һрҹҸҙвҖҚвҳ"] = CFrame.new(0.000000, -0.000000, 0.000000, 0.938010, -0.346608, 0.000000, 0.346608, 0.938010, 0.000000, 0.000000, 0.000000, 1.000000)
    }},
    { Time = 0.300, Data = {
      ["Head"] = CFrame.new(0.000000, -0.000000, 0.000000, 1.000000, -0.000000, 0.000000, 0.000000, 0.859449, 0.511221, -0.000000, -0.511221, 0.859449),
      ["LeftUpperArm"] = CFrame.new(0.089074, -0.153398, 0.257679, 0.843162, -0.232980, 0.484560, 0.150732, 0.967526, 0.202910, -0.516098, -0.098047, 0.850899),
      ["LeftUpperLeg"] = CFrame.new(-0.307998, -0.672591, -0.694111, 0.992131, 0.108086, 0.063186, -0.086389, 0.225712, 0.970356, 0.090621, -0.968180, 0.233273),
      ["LowerTorso"] = CFrame.new(0.018076, -0.414760, -0.150570, -0.999999, 0.000007, 0.001122, -0.000007, 0.999927, -0.012085, -0.001122, -0.012085, -0.999926),
      ["RightUpperArm"] = CFrame.new(-0.029328, -0.146975, 0.240577, 0.882083, 0.266891, -0.388199, -0.221534, 0.962240, 0.158170, 0.415754, -0.053520, 0.907901),
      ["RightUpperLeg"] = CFrame.new(0.355310, -0.675811, -0.653950, 0.986962, -0.135297, -0.087178, 0.117401, 0.234645, 0.964966, -0.110101, -0.962620, 0.247470),
      ["рҹҢ§пёҸрҹҳірҹ‘»рҹҸіпёҸвҖҚрҹҢҲрҹҳӮрҹ’һрҹҸҙвҖҚвҳ пёҸрҹҺёрҹҢ§пёҸрҹҳірҹ‘»рҹҸіпёҸвҖҚрҹҢҲрҹҳӮрҹ’һрҹҸҙвҖҚвҳ"] = CFrame.new(0.000000, 0.000000, -0.000000, 0.938798, -0.344468, 0.000000, 0.344468, 0.938798, 0.000000, 0.000000, 0.000000, 1.000000)
    }},
    { Time = 0.317, Data = {
      ["Head"] = CFrame.new(0.000000, 0.000000, 0.000000, 1.000000, -0.000000, 0.000000, 0.000000, 0.861410, 0.507909, -0.000000, -0.507909, 0.861410),
      ["LeftUpperArm"] = CFrame.new(0.088982, -0.153451, 0.257377, 0.844461, -0.233331, 0.482122, 0.150997, 0.967325, 0.203674, -0.513892, -0.099195, 0.852100),
      ["LeftUpperLeg"] = CFrame.new(-0.308649, -0.679009, -0.693106, 0.992133, 0.107991, 0.063325, -0.086382, 0.224429, 0.970654, 0.090610, -0.968488, 0.231992),
      ["LowerTorso"] = CFrame.new(0.018077, -0.409248, -0.150440, -1.000000, 0.000008, 0.001122, -0.000008, 0.999906, -0.013725, -0.001122, -0.013725, -0.999906),
      ["RightUpperArm"] = CFrame.new(-0.029340, -0.146984, 0.240353, 0.883106, 0.266845, -0.385900, -0.221538, 0.962205, 0.158376, 0.413576, -0.054371, 0.908844),
      ["RightUpperLeg"] = CFrame.new(0.356173, -0.682243, -0.653072, 0.986965, -0.135138, -0.087395, 0.117441, 0.233480, 0.965244, -0.110036, -0.962925, 0.246307),
      ["рҹҢ§пёҸрҹҳірҹ‘»рҹҸіпёҸвҖҚрҹҢҲрҹҳӮрҹ’һрҹҸҙвҖҚвҳ пёҸрҹҺёрҹҢ§пёҸрҹҳірҹ‘»рҹҸіпёҸвҖҚрҹҢҲрҹҳӮрҹ’һрҹҸҙвҖҚвҳ"] = CFrame.new(0.000000, -0.000000, -0.000000, 0.939910, -0.341422, 0.000000, 0.341422, 0.939910, 0.000000, 0.000000, 0.000000, 1.000000)
    }},
    { Time = 0.333, Data = {
      ["Head"] = CFrame.new(0.000000, -0.000000, 0.000000, 1.000000, -0.000000, 0.000000, 0.000000, 0.863809, 0.503820, -0.000000, -0.503820, 0.863809),
      ["LeftUpperArm"] = CFrame.new(0.088878, -0.153519, 0.256964, 0.846155, -0.233725, 0.478951, 0.151255, 0.967067, 0.204704, -0.511022, -0.100768, 0.853641),
      ["LeftUpperLeg"] = CFrame.new(-0.309276, -0.685171, -0.692123, 0.992124, 0.107966, 0.063511, -0.086448, 0.223241, 0.970922, 0.090648, -0.968766, 0.230816),
      ["LowerTorso"] = CFrame.new(0.018078, -0.403985, -0.150414, -1.000000, 0.000009, 0.001122, -0.000009, 0.999885, -0.015192, -0.001122, -0.015192, -0.999884),
      ["RightUpperArm"] = CFrame.new(-0.029349, -0.146999, 0.240061, 0.884405, 0.266811, -0.382936, -0.221563, 0.962150, 0.158671, 0.410777, -0.055485, 0.910046),
      ["RightUpperLeg"] = CFrame.new(0.356997, -0.688356, -0.652201, 0.986966, -0.135033, -0.087545, 0.117427, 0.232314, 0.965526, -0.110040, -0.963222, 0.245142),
      ["рҹҢ§пёҸрҹҳірҹ‘»рҹҸіпёҸвҖҚрҹҢҲрҹҳӮрҹ’һрҹҸҙвҖҚвҳ пёҸрҹҺёрҹҢ§пёҸрҹҳірҹ‘»рҹҸіпёҸвҖҚрҹҢҲрҹҳӮрҹ’һрҹҸҙвҖҚвҳ"] = CFrame.new(0.000000, -0.000000, -0.000000, 0.941249, -0.337713, 0.000000, 0.337713, 0.941249, 0.000000, 0.000000, 0.000000, 1.000000)
    }},
    { Time = 0.350, Data = {
      ["Head"] = CFrame.new(0.000000, 0.000000, 0.000000, 1.000000, -0.000000, 0.000000, 0.000000, 0.866721, 0.498793, -0.000000, -0.498793, 0.866721),
      ["LeftUpperArm"] = CFrame.new(0.088752, -0.153599, 0.256493, 0.848131, -0.234207, 0.475207, 0.151617, 0.966762, 0.205872, -0.507628, -0.102556, 0.855451),
      ["LeftUpperLeg"] = CFrame.new(-0.309861, -0.690941, -0.691225, 0.992125, 0.107878, 0.063639, -0.086452, 0.222170, 0.971168, 0.090629, -0.969022, 0.229747),
      ["LowerTorso"] = CFrame.new(0.018078, -0.399028, -0.150304, -1.000000, 0.000009, 0.001122, -0.000009, 0.999861, -0.016660, -0.001122, -0.016660, -0.999861),
      ["RightUpperArm"] = CFrame.new(-0.029376, -0.147012, 0.239694, 0.885996, 0.266706, -0.379313, -0.221528, 0.962098, 0.159037, 0.407352, -0.056878, 0.911498),
      ["RightUpperLeg"] = CFrame.new(0.357773, -0.694112, -0.651385, 0.986967, -0.134931, -0.087687, 0.117420, 0.231253, 0.965782, -0.110037, -0.963491, 0.244083),
      ["рҹҢ§пёҸрҹҳірҹ‘»рҹҸіпёҸвҖҚрҹҢҲрҹҳӮрҹ’һрҹҸҙвҖҚвҳ пёҸрҹҺёрҹҢ§пёҸрҹҳірҹ‘»рҹҸіпёҸвҖҚрҹҢҲрҹҳӮрҹ’һрҹҸҙвҖҚвҳ"] = CFrame.new(0.000000, 0.000000, -0.000000, 0.942865, -0.333174, 0.000000, 0.333174, 0.942865, 0.000000, 0.000000, 0.000000, 1.000000)
    }},
    { Time = 0.367, Data = {
      ["Head"] = CFrame.new(0.000000, -0.000000, 0.000000, 1.000000, -0.000000, 0.000000, 0.000000, 0.870043, 0.492976, -0.000000, -0.492976, 0.870043),
      ["LeftUpperArm"] = CFrame.new(0.088620, -0.153691, 0.255935, 0.850442, -0.234709, 0.470809, 0.151991, 0.966413, 0.207230, -0.503635, -0.104678, 0.857552),
      ["LeftUpperLeg"] = CFrame.new(-0.310403, -0.696291, -0.690396, 0.992127, 0.107792, 0.063760, -0.086460, 0.221205, 0.971387, 0.090604, -0.969252, 0.228784),
      ["LowerTorso"] = CFrame.new(0.018079, -0.394434, -0.150266, -1.000000, 0.000010, 0.001122, -0.000010, 0.999839, -0.017954, -0.001122, -0.017954, -0.999839),
      ["RightUpperArm"] = CFrame.new(-0.029405, -0.147029, 0.239287, 0.887782, 0.266598, -0.375192, -0.221519, 0.962035, 0.159428, 0.403451, -0.058425, 0.913134),
      ["RightUpperLeg"] = CFrame.new(0.358492, -0.699447, -0.650629, 0.986969, -0.134830, -0.087829, 0.117412, 0.230191, 0.966037, -0.110033, -0.963760, 0.243022),
      ["рҹҢ§пёҸрҹҳірҹ‘»рҹҸіпёҸвҖҚрҹҢҲрҹҳӮрҹ’һрҹҸҙвҖҚвҳ пёҸрҹҺёрҹҢ§пёҸрҹҳірҹ‘»рҹҸіпёҸвҖҚрҹҢҲрҹҳӮрҹ’һрҹҸҙвҖҚвҳ"] = CFrame.new(0.000000, 0.000000, -0.000000, 0.944718, -0.327885, 0.000000, 0.327885, 0.944718, 0.000000, 0.000000, 0.000000, 1.000000)
    }},
    { Time = 0.383, Data = {
      ["Head"] = CFrame.new(0.000000, 0.000000, 0.000000, 1.000000, -0.000000, 0.000000, 0.000000, 0.873713, 0.486441, -0.000000, -0.486441, 0.873713),
      ["LeftUpperArm"] = CFrame.new(0.088460, -0.153799, 0.255301, 0.852974, -0.235317, 0.465899, 0.152443, 0.966001, 0.208814, -0.499196, -0.107090, 0.859846),
      ["LeftUpperLeg"] = CFrame.new(-0.310897, -0.701132, -0.689609, 0.992127, 0.107761, 0.063813, -0.086415, 0.220240, 0.971610, 0.090647, -0.969475, 0.227818),
      ["LowerTorso"] = CFrame.new(0.018080, -0.390253, -0.150202, -1.000000, 0.000011, 0.001122, -0.000011, 0.999816, -0.019163, -0.001122, -0.019163, -0.999816),
      ["RightUpperArm"] = CFrame.new(-0.029430, -0.147051, 0.238818, 0.889754, 0.266501, -0.370561, -0.221520, 0.961952, 0.159928, 0.399083, -0.060210, 0.914936),
      ["RightUpperLeg"] = CFrame.new(0.359146, -0.704306, -0.649947, 0.986970, -0.134738, -0.087956, 0.117417, 0.229341, 0.966238, -0.110017, -0.963975, 0.242173),
      ["рҹҢ§пёҸрҹҳірҹ‘»рҹҸіпёҸвҖҚрҹҢҲрҹҳӮрҹ’һрҹҸҙвҖҚвҳ пёҸрҹҺёрҹҢ§пёҸрҹҳірҹ‘»рҹҸіпёҸвҖҚрҹҢҲрҹҳӮрҹ’һрҹҸҙвҖҚвҳ"] = CFrame.new(0.000000, -0.000000, 0.000000, 0.946737, -0.322008, 0.000000, 0.322008, 0.946737, 0.000000, 0.000000, 0.000000, 1.000000)
    }},
    { Time = 0.400, Data = {
      ["Head"] = CFrame.new(0.000000, -0.000000, 0.000000, 1.000000, -0.000000, 0.000000, 0.000000, 0.877673, 0.479260, -0.000000, -0.479260, 0.877673),
      ["LeftUpperArm"] = CFrame.new(0.088301, -0.153917, 0.254603, 0.855780, -0.235920, 0.460415, 0.152926, 0.965556, 0.210513, -0.494221, -0.109743, 0.862382),
      ["LeftUpperLeg"] = CFrame.new(-0.311335, -0.705468, -0.688942, 0.992128, 0.107679, 0.063928, -0.086429, 0.219382, 0.971803, 0.090618, -0.969679, 0.226962),
      ["LowerTorso"] = CFrame.new(0.018080, -0.386530, -0.150185, -1.000000, 0.000011, 0.001122, -0.000011, 0.999796, -0.020198, -0.001122, -0.020198, -0.999796),
      ["RightUpperArm"] = CFrame.new(-0.029457, -0.147076, 0.238311, 0.891871, 0.266400, -0.365509, -0.221543, 0.961858, 0.160463, 0.394315, -0.062137, 0.916872),
      ["RightUpperLeg"] = CFrame.new(0.359729, -0.708604, -0.649308, 0.986970, -0.134700, -0.088015, 0.117369, 0.228491, 0.966445, -0.110069, -0.964182, 0.241323),
      ["рҹҢ§пёҸрҹҳірҹ‘»рҹҸіпёҸвҖҚрҹҢҲрҹҳӮрҹ’һрҹҸҙвҖҚвҳ пёҸрҹҺёрҹҢ§пёҸрҹҳірҹ‘»рҹҸіпёҸвҖҚрҹҢҲрҹҳӮрҹ’һрҹҸҙвҖҚвҳ"] = CFrame.new(0.000000, -0.000000, 0.000000, 0.948939, -0.315458, 0.000000, 0.315458, 0.948939, 0.000000, 0.000000, 0.000000, 1.000000)
    }},
    { Time = 0.417, Data = {
      ["Head"] = CFrame.new(0.000000, -0.000000, 0.000000, 1.000000, -0.000000, 0.000000, 0.000000, 0.881905, 0.471426, -0.000000, -0.471426, 0.881905),
      ["LeftUpperArm"] = CFrame.new(0.088120, -0.154047, 0.253853, 0.858747, -0.236607, 0.454501, 0.153505, 0.965059, 0.212360, -0.488866, -0.112595, 0.865062),
      ["LeftUpperLeg"] = CFrame.new(-0.311715, -0.709226, -0.688372, 0.992130, 0.107604, 0.064031, -0.086452, 0.218738, 0.971946, 0.090579, -0.969832, 0.226319),
      ["LowerTorso"] = CFrame.new(0.018081, -0.383309, -0.150202, -0.999999, 0.000012, 0.001122, -0.000012, 0.999778, -0.021061, -0.001122, -0.021061, -0.999778),
      ["RightUpperArm"] = CFrame.new(-0.029508, -0.147098, 0.237759, 0.894183, 0.266206, -0.359960, -0.221513, 0.961773, 0.161008, 0.389062, -0.064235, 0.918969),
      ["RightUpperLeg"] = CFrame.new(0.360240, -0.712384, -0.648761, 0.986957, -0.134679, -0.088188, 0.117446, 0.227732, 0.966615, -0.110100, -0.964365, 0.240580),
      ["рҹҢ§пёҸрҹҳірҹ‘»рҹҸіпёҸвҖҚрҹҢҲрҹҳӮрҹ’һрҹҸҙвҖҚвҳ пёҸрҹҺёрҹҢ§пёҸрҹҳірҹ‘»рҹҸіпёҸвҖҚрҹҢҲрҹҳӮрҹ’һрҹҸҙвҖҚвҳ"] = CFrame.new(0.000000, 0.000000, -0.000000, 0.951257, -0.308399, 0.000000, 0.308399, 0.951257, 0.000000, 0.000000, 0.000000, 1.000000)
    }},
    { Time = 0.433, Data = {
      ["Head"] = CFrame.new(0.000000, -0.000000, 0.000000, 1.000000, -0.000000, 0.000000, 0.000000, 0.886310, 0.463092, -0.000000, -0.463092, 0.886310),
      ["LeftUpperArm"] = CFrame.new(0.087944, -0.154184, 0.253069, 0.861842, -0.237278, 0.448249, 0.154114, 0.964542, 0.214260, -0.483194, -0.115577, 0.867851),
      ["LeftUpperLeg"] = CFrame.new(-0.312032, -0.712334, -0.687867, 0.992130, 0.107583, 0.064067, -0.086422, 0.218093, 0.972094, 0.090608, -0.969980, 0.225674),
      ["LowerTorso"] = CFrame.new(0.018081, -0.380621, -0.150160, -0.999999, 0.000012, 0.001122, -0.000012, 0.999762, -0.021838, -0.001122, -0.021838, -0.999761),
      ["RightUpperArm"] = CFrame.new(-0.029561, -0.147123, 0.237173, 0.896592, 0.266006, -0.354068, -0.221500, 0.961677, 0.161600, 0.383485, -0.066463, 0.921152),
      ["RightUpperLeg"] = CFrame.new(0.360659, -0.715513, -0.648336, 0.986958, -0.134602, -0.088292, 0.117469, 0.227201, 0.966737, -0.110065, -0.964501, 0.240049),
      ["рҹҢ§пёҸрҹҳірҹ‘»рҹҸіпёҸвҖҚрҹҢҲрҹҳӮрҹ’һрҹҸҙвҖҚвҳ пёҸрҹҺёрҹҢ§пёҸрҹҳірҹ‘»рҹҸіпёҸвҖҚрҹҢҲрҹҳӮрҹ’һрҹҸҙвҖҚвҳ"] = CFrame.new(0.000000, 0.000000, -0.000000, 0.953653, -0.300909, 0.000000, 0.300909, 0.953653, 0.000000, 0.000000, 0.000000, 1.000000)
    }},
    { Time = 0.450, Data = {
      ["Head"] = CFrame.new(0.000000, 0.000000, 0.000000, 1.000000, -0.000000, 0.000000, 0.000000, 0.890834, 0.454330, -0.000000, -0.454330, 0.890834),
      ["LeftUpperArm"] = CFrame.new(0.087768, -0.154329, 0.252229, 0.865059, -0.237948, 0.441648, 0.154733, 0.963989, 0.216295, -0.477210, -0.118771, 0.870726),
      ["LeftUpperLeg"] = CFrame.new(-0.312282, -0.714789, -0.687469, 0.992130, 0.107569, 0.064091, -0.086402, 0.217664, 0.972192, 0.090627, -0.970078, 0.225245),
      ["LowerTorso"] = CFrame.new(0.018082, -0.378500, -0.150136, -0.999999, 0.000013, 0.001122, -0.000013, 0.999748, -0.022442, -0.001122, -0.022442, -0.999748),
      ["RightUpperArm"] = CFrame.new(-0.029614, -0.147152, 0.236557, 0.899060, 0.265802, -0.347910, -0.221497, 0.961569, 0.162247, 0.377665, -0.068809, 0.923382),
      ["RightUpperLeg"] = CFrame.new(0.360991, -0.717960, -0.647971, 0.986958, -0.134578, -0.088330, 0.117439, 0.226668, 0.966866, -0.110097, -0.964630, 0.239517),
      ["рҹҢ§пёҸрҹҳірҹ‘»рҹҸіпёҸвҖҚрҹҢҲрҹҳӮрҹ’һрҹҸҙвҖҚвҳ пёҸрҹҺёрҹҢ§пёҸрҹҳірҹ‘»рҹҸіпёҸвҖҚрҹҢҲрҹҳӮрҹ’һрҹҸҙвҖҚвҳ"] = CFrame.new(0.000000, 0.000000, -0.000000, 0.956116, -0.292989, 0.000000, 0.292989, 0.956116, 0.000000, 0.000000, 0.000000, 1.000000)
    }},
    { Time = 0.467, Data = {
      ["Head"] = CFrame.new(0.000000, 0.000000, 0.000000, 1.000000, -0.000000, 0.000000, 0.000000, 0.895423, 0.445217, -0.000000, -0.445217, 0.895423),
      ["LeftUpperArm"] = CFrame.new(0.087574, -0.154485, 0.251363, 0.868333, -0.238684, 0.434773, 0.155458, 0.963395, 0.218408, -0.470989, -0.122062, 0.873653),
      ["LeftUpperLeg"] = CFrame.new(-0.312462, -0.716589, -0.687216, 0.992131, 0.107504, 0.064176, -0.086441, 0.217341, 0.972261, 0.090574, -0.970158, 0.224924),
      ["LowerTorso"] = CFrame.new(0.018082, -0.376968, -0.150123, -0.999999, 0.000013, 0.001122, -0.000013, 0.999738, -0.022874, -0.001122, -0.022874, -0.999738),
      ["RightUpperArm"] = CFrame.new(-0.029674, -0.147181, 0.235931, 0.901582, 0.265575, -0.341498, -0.221522, 0.961458, 0.162867, 0.371589, -0.071188, 0.925664),
      ["RightUpperLeg"] = CFrame.new(0.361231, -0.719728, -0.647709, 0.986958, -0.134563, -0.088352, 0.117421, 0.226349, 0.966943, -0.110116, -0.964707, 0.239197),
      ["рҹҢ§пёҸрҹҳірҹ‘»рҹҸіпёҸвҖҚрҹҢҲрҹҳӮрҹ’һрҹҸҙвҖҚвҳ пёҸрҹҺёрҹҢ§пёҸрҹҳірҹ‘»рҹҸіпёҸвҖҚрҹҢҲрҹҳӮрҹ’һрҹҸҙвҖҚвҳ"] = CFrame.new(0.000000, -0.000000, -0.000000, 0.958586, -0.284802, 0.000000, 0.284802, 0.958586, 0.000000, 0.000000, 0.000000, 1.000000)
    }},
    { Time = 0.483, Data = {
      ["Head"] = CFrame.new(0.000000, -0.000000, 0.000000, 1.000000, -0.000000, 0.000000, 0.000000, 0.900029, 0.435829, -0.000000, -0.435829, 0.900029),
      ["LeftUpperArm"] = CFrame.new(0.087388, -0.154643, 0.250493, 0.871595, -0.239393, 0.427801, 0.156209, 0.962795, 0.220511, -0.464673, -0.125370, 0.876562),
      ["LeftUpperLeg"] = CFrame.new(-0.312571, -0.717659, -0.687041, 0.992131, 0.107497, 0.064188, -0.086431, 0.217126, 0.972309, 0.090584, -0.970206, 0.224709),
      ["LowerTorso"] = CFrame.new(0.018082, -0.376042, -0.150117, -0.999999, 0.000013, 0.001122, -0.000013, 0.999732, -0.023133, -0.001122, -0.023133, -0.999732),
      ["RightUpperArm"] = CFrame.new(-0.029760, -0.147205, 0.235298, 0.904112, 0.265249, -0.334999, -0.221478, 0.961367, 0.163464, 0.365416, -0.073595, 0.927930),
      ["RightUpperLeg"] = CFrame.new(0.361375, -0.720824, -0.647583, 0.986960, -0.134500, -0.088434, 0.117462, 0.226136, 0.966988, -0.110062, -0.964765, 0.238986),
      ["рҹҢ§пёҸрҹҳірҹ‘»рҹҸіпёҸвҖҚрҹҢҲрҹҳӮрҹ’һрҹҸҙвҖҚвҳ пёҸрҹҺёрҹҢ§пёҸрҹҳірҹ‘»рҹҸіпёҸвҖҚрҹҢҲрҹҳӮрҹ’һрҹҸҙвҖҚвҳ"] = CFrame.new(0.000000, 0.000000, -0.000000, 0.961033, -0.276432, 0.000000, 0.276432, 0.961033, 0.000000, 0.000000, 0.000000, 1.000000)
    }},
    { Time = 0.500, Data = {
      ["Head"] = CFrame.new(0.000000, -0.000000, 0.000000, 1.000000, -0.000000, 0.000000, 0.000000, 0.904608, 0.426246, -0.000000, -0.426246, 0.904608),
      ["LeftUpperArm"] = CFrame.new(0.087227, -0.154803, 0.249589, 0.874900, -0.240005, 0.420652, 0.156895, 0.962188, 0.222661, -0.458186, -0.128808, 0.879474),
      ["LeftUpperLeg"] = CFrame.new(-0.312608, -0.718017, -0.686982, 0.992131, 0.107494, 0.064194, -0.086426, 0.217019, 0.972334, 0.090588, -0.970231, 0.224602),
      ["LowerTorso"] = CFrame.new(0.018082, -0.375732, -0.150116, -1.000000, 0.000013, 0.001122, -0.000013, 0.999730, -0.023219, -0.001122, -0.023219, -0.999730),
      ["RightUpperArm"] = CFrame.new(-0.029825, -0.147239, 0.234641, 0.906636, 0.265000, -0.328307, -0.221522, 0.961242, 0.164142, 0.359080, -0.076090, 0.930200),
      ["RightUpperLeg"] = CFrame.new(0.361424, -0.721180, -0.647529, 0.986960, -0.134495, -0.088442, 0.117456, 0.226030, 0.967013, -0.110068, -0.964791, 0.238879),
      ["рҹҢ§пёҸрҹҳірҹ‘»рҹҸіпёҸвҖҚрҹҢҲрҹҳӮрҹ’һрҹҸҙвҖҚвҳ пёҸрҹҺёрҹҢ§пёҸрҹҳірҹ‘»рҹҸіпёҸвҖҚрҹҢҲрҹҳӮрҹ’һрҹҸҙвҖҚвҳ"] = CFrame.new(0.000000, 0.000000, -0.000000, 0.963429, -0.267963, 0.000000, 0.267963, 0.963429, 0.000000, 0.000000, 0.000000, 1.000000)
    }},
    { Time = 0.517, Data = {
      ["Head"] = CFrame.new(0.000000, 0.000000, 0.000000, 1.000000, -0.000000, 0.000000, 0.000000, 0.909042, 0.416705, -0.000000, -0.416705, 0.909042),
      ["LeftUpperArm"] = CFrame.new(0.087050, -0.154969, 0.248689, 0.878132, -0.240676, 0.413472, 0.157680, 0.961556, 0.224825, -0.451687, -0.132230, 0.882323),
      ["LeftUpperLeg"] = CFrame.new(-0.312571, -0.717659, -0.687041, 0.992131, 0.107497, 0.064188, -0.086431, 0.217126, 0.972309, 0.090584, -0.970206, 0.224709),
      ["LowerTorso"] = CFrame.new(0.018082, -0.376042, -0.150117, -0.999999, 0.000013, 0.001122, -0.000013, 0.999732, -0.023133, -0.001122, -0.023133, -0.999732),
      ["RightUpperArm"] = CFrame.new(-0.029916, -0.147267, 0.233981, 0.909134, 0.264654, -0.321610, -0.221490, 0.961135, 0.164808, 0.352728, -0.078600, 0.932419),
      ["RightUpperLeg"] = CFrame.new(0.361375, -0.720824, -0.647583, 0.986960, -0.134500, -0.088434, 0.117462, 0.226136, 0.966988, -0.110062, -0.964765, 0.238986),
      ["рҹҢ§пёҸрҹҳірҹ‘»рҹҸіпёҸвҖҚрҹҢҲрҹҳӮрҹ’һрҹҸҙвҖҚвҳ пёҸрҹҺёрҹҢ§пёҸрҹҳірҹ‘»рҹҸіпёҸвҖҚрҹҢҲрҹҳӮрҹ’һрҹҸҙвҖҚвҳ"] = CFrame.new(0.000000, 0.000000, -0.000000, 0.965772, -0.259394, 0.000000, 0.259394, 0.965772, 0.000000, 0.000000, 0.000000, 1.000000)
    }},
