return {
  ["Astros relaxing"] = {
    { Time = 0.000, Data = {
      ["Balls"] = CFrame.new(-0.000000, 0.000000, 0.000000, 0.997270, -0.073841, 0.000000, 0.073841, 0.997270, 0.000000, 0.000000, 0.000000, 1.000000),
      ["Cock"] = CFrame.new(0.000000, 0.000000, 0.000000, 0.999616, -0.027707, 0.000000, 0.027707, 0.999616, 0.000000, 0.000000, 0.000000, 1.000000),
      ["Head"] = CFrame.new(0.000000, -0.000000, 0.000000, 1.000000, -0.000000, 0.000000, 0.000000, 0.938556, 0.345127, -0.000000, -0.345127, 0.938556),
      ["LeftUpperArm"] = CFrame.new(-0.184728, 0.095604, 0.459125, 0.460715, -0.886362, 0.045876, -0.880185, -0.462926, -0.104756, 0.114089, 0.007883, -0.993439),
      ["LeftUpperLeg"] = CFrame.new(-0.000008, -0.002805, 0.000000, 0.999984, 0.005611, 0.000000, -0.005611, 0.999984, -0.000000, -0.000000, 0.000000, 1.000000),
      ["LowerTorso"] = CFrame.new(0.000000, -1.516194, -0.045234, 1.000000, 0.000000, 0.000000, 0.000000, -0.004512, -0.999990, 0.000000, 0.999990, -0.004512),
      ["RightUpperArm"] = CFrame.new(-0.076102, -0.011416, -0.009121, 0.956909, -0.289360, -0.024424, 0.290000, 0.956592, 0.028840, 0.015019, -0.034680, 0.999286),
      ["RightUpperLeg"] = CFrame.new(0.000705, -0.026535, 0.000000, 0.998591, -0.053069, 0.000000, 0.053069, 0.998591, 0.000000, 0.000000, 0.000000, 1.000000)
    }},
    { Time = 0.017, Data = {
      ["Head"] = CFrame.new(0.000000, 0.000000, 0.000000, 1.000000, -0.000000, 0.000000, 0.000000, 0.939491, 0.342575, -0.000000, -0.342575, 0.939491),
      ["LeftUpperArm"] = CFrame.new(-0.184771, 0.095689, 0.459102, 0.460438, -0.886528, 0.045434, -0.880464, -0.462609, -0.103805, 0.113044, 0.007793, -0.993560),
      ["LeftUpperLeg"] = CFrame.new(-0.000008, -0.002805, 0.000000, 0.999984, 0.005611, 0.000000, -0.005611, 0.999984, 0.000086, 0.000000, -0.000086, 1.000000),
      ["LowerTorso"] = CFrame.new(0.000000, -1.516179, -0.045234, 1.000000, 0.000000, 0.000000, 0.000000, -0.004512, -0.999990, 0.000000, 0.999990, -0.004512),
      ["RightUpperArm"] = CFrame.new(-0.076381, -0.011501, -0.009138, 0.956547, -0.290420, -0.025952, 0.291107, 0.956268, 0.028426, 0.016561, -0.034746, 0.999259),
      ["RightUpperLeg"] = CFrame.new(0.000705, -0.026535, 0.000001, 0.998591, -0.053069, -0.000002, 0.053069, 0.998591, 0.000086, -0.000002, -0.000086, 1.000000)
    }},
    { Time = 0.033, Data = {
      ["Head"] = CFrame.new(0.000000, 0.000000, 0.000000, 1.000000, -0.000000, 0.000000, 0.000000, 0.940418, 0.340021, -0.000000, -0.340021, 0.940418),
      ["LeftUpperArm"] = CFrame.new(-0.184815, 0.095772, 0.459090, 0.460169, -0.886694, 0.044918, -0.880748, -0.462291, -0.102809, 0.111926, 0.007748, -0.993686),
      ["LeftUpperLeg"] = CFrame.new(-0.000008, -0.002805, 0.000000, 0.999984, 0.005611, 0.000000, -0.005611, 0.999984, 0.000173, 0.000000, -0.000173, 1.000000),
      ["LowerTorso"] = CFrame.new(0.000000, -1.516011, -0.045233, 1.000000, 0.000000, 0.000000, 0.000000, -0.004633, -0.999989, 0.000000, 0.999989, -0.004633),
      ["RightUpperArm"] = CFrame.new(-0.076659, -0.011587, -0.009159, 0.956180, -0.291479, -0.027564, 0.292214, 0.955943, 0.027999, 0.018189, -0.034826, 0.999228),
      ["RightUpperLeg"] = CFrame.new(0.000705, -0.026535, 0.000002, 0.998591, -0.053069, -0.000005, 0.053069, 0.998591, 0.000173, -0.000005, -0.000173, 1.000000)
    }},
    { Time = 0.050, Data = {
      ["Head"] = CFrame.new(0.000000, 0.000000, 0.000000, 1.000000, -0.000000, 0.000000, 0.000000, 0.941338, 0.337465, -0.000000, -0.337465, 0.941338),
      ["LeftUpperArm"] = CFrame.new(-0.184859, 0.095855, 0.459066, 0.459890, -0.886861, 0.044476, -0.881026, -0.461972, -0.101858, 0.110881, 0.007659, -0.993804),
      ["LeftUpperLeg"] = CFrame.new(-0.000008, -0.002805, 0.000001, 0.999984, 0.005611, 0.000001, -0.005611, 0.999984, 0.000432, 0.000001, -0.000432, 1.000000),
      ["LowerTorso"] = CFrame.new(0.000000, -1.515815, -0.045231, 1.000000, 0.000000, 0.000000, 0.000000, -0.004755, -0.999989, 0.000000, 0.999989, -0.004755),
      ["RightUpperArm"] = CFrame.new(-0.076938, -0.011672, -0.009152, 0.955813, -0.292541, -0.028993, 0.293317, 0.955620, 0.027509, 0.019658, -0.034798, 0.999201),
      ["RightUpperLeg"] = CFrame.new(0.000705, -0.026535, 0.000006, 0.998591, -0.053069, -0.000011, 0.053069, 0.998591, 0.000431, -0.000011, -0.000431, 1.000000)
    }},
    { Time = 0.067, Data = {
      ["Head"] = CFrame.new(0.000000, 0.000000, 0.000000, 1.000000, -0.000000, 0.000000, 0.000000, 0.942192, 0.335072, -0.000000, -0.335072, 0.942192),
      ["LeftUpperArm"] = CFrame.new(-0.184890, 0.095917, 0.459045, 0.459700, -0.886982, 0.044040, -0.881256, -0.461743, -0.100904, 0.109835, 0.007575, -0.993922),
      ["LeftUpperLeg"] = CFrame.new(-0.000008, -0.002806, 0.000001, 0.999984, 0.005611, 0.000002, -0.005611, 0.999984, 0.000777, 0.000002, -0.000777, 1.000000),
      ["LowerTorso"] = CFrame.new(0.000000, -1.515590, -0.045229, 1.000000, 0.000000, 0.000000, 0.000000, -0.004877, -0.999988, 0.000000, 0.999988, -0.004877),
      ["RightUpperArm"] = CFrame.new(-0.077196, -0.011752, -0.009167, 0.955469, -0.293519, -0.030432, 0.294336, 0.955317, 0.027105, 0.021116, -0.034855, 0.999169),
      ["RightUpperLeg"] = CFrame.new(0.000705, -0.026534, 0.000010, 0.998591, -0.053069, -0.000021, 0.053069, 0.998591, 0.000777, -0.000021, -0.000777, 1.000000)
    }},
    { Time = 0.083, Data = {
      ["Head"] = CFrame.new(0.000000, 0.000000, 0.000000, 1.000000, -0.000000, 0.000000, 0.000000, 0.943011, 0.332761, -0.000000, -0.332761, 0.943011),
      ["LeftUpperArm"] = CFrame.new(-0.184935, 0.096002, 0.459041, 0.459420, -0.887151, 0.043554, -0.881526, -0.461418, -0.100026, 0.108834, 0.007560, -0.994031),
      ["LeftUpperLeg"] = CFrame.new(-0.000008, -0.002806, 0.000002, 0.999984, 0.005611, 0.000003, -0.005611, 0.999984, 0.001209, 0.000003, -0.001209, 0.999999),
      ["LowerTorso"] = CFrame.new(0.000000, -1.515338, -0.045227, 1.000000, 0.000000, 0.000000, 0.000000, -0.004999, -0.999987, 0.000000, 0.999987, -0.004999),
      ["RightUpperArm"] = CFrame.new(-0.077453, -0.011831, -0.009182, 0.955121, -0.294497, -0.031871, 0.295355, 0.955014, 0.026699, 0.022574, -0.034914, 0.999135),
      ["RightUpperLeg"] = CFrame.new(0.000705, -0.026534, 0.000016, 0.998591, -0.053069, -0.000032, 0.053069, 0.998590, 0.001208, -0.000032, -0.001208, 0.999999)
    }},
    { Time = 0.100, Data = {
      ["Head"] = CFrame.new(0.000000, 0.000000, 0.000000, 1.000000, -0.000000, 0.000000, 0.000000, 0.943766, 0.330613, -0.000000, -0.330613, 0.943766),
      ["LeftUpperArm"] = CFrame.new(-0.184967, 0.096064, 0.459026, 0.459221, -0.887274, 0.043147, -0.881744, -0.461182, -0.099190, 0.107907, 0.007506, -0.994133),
      ["LeftUpperLeg"] = CFrame.new(-0.000008, -0.002806, 0.000002, 0.999984, 0.005611, 0.000005, -0.005611, 0.999983, 0.001726, 0.000005, -0.001726, 0.999999),
      ["LowerTorso"] = CFrame.new(0.000000, -1.514936, -0.045224, 1.000000, 0.000000, 0.000000, 0.000000, -0.005242, -0.999986, 0.000000, 0.999986, -0.005242),
      ["RightUpperArm"] = CFrame.new(-0.077689, -0.011904, -0.009191, 0.954801, -0.295394, -0.033138, 0.296288, 0.954736, 0.026319, 0.023863, -0.034948, 0.999104),
      ["RightUpperLeg"] = CFrame.new(0.000705, -0.026535, -0.000020, 0.998591, -0.053069, -0.000132, 0.053069, 0.998589, 0.001724, 0.000040, -0.001728, 0.999999)
    }},
    { Time = 0.117, Data = {
      ["Head"] = CFrame.new(0.000000, 0.000000, 0.000000, 1.000000, -0.000000, 0.000000, 0.000000, 0.944488, 0.328546, -0.000000, -0.328546, 0.944488),
      ["LeftUpperArm"] = CFrame.new(-0.185000, 0.096126, 0.459000, 0.459013, -0.887397, 0.042813, -0.881956, -0.460946, -0.098398, 0.107052, 0.007407, -0.994226),
      ["LeftUpperLeg"] = CFrame.new(-0.000008, -0.002805, 0.000003, 0.999984, 0.005611, 0.000007, -0.005611, 0.999982, 0.002331, 0.000007, -0.002331, 0.999997),
      ["LowerTorso"] = CFrame.new(0.000000, -1.514513, -0.045220, 1.000000, 0.000000, 0.000000, 0.000000, -0.005486, -0.999985, 0.000000, 0.999985, -0.005486),
      ["RightUpperArm"] = CFrame.new(-0.077925, -0.011978, -0.009197, 0.954480, -0.296293, -0.034319, 0.297219, 0.954457, 0.025951, 0.025067, -0.034970, 0.999074),
      ["RightUpperLeg"] = CFrame.new(0.000705, -0.026535, -0.000012, 0.998591, -0.053069, -0.000148, 0.053069, 0.998588, 0.002328, 0.000024, -0.002332, 0.999997)
    }},
    { Time = 0.133, Data = {
      ["Head"] = CFrame.new(0.000000, -0.000000, 0.000000, 1.000000, -0.000000, 0.000000, 0.000000, 0.945119, 0.326727, -0.000000, -0.326727, 0.945119),
      ["LeftUpperArm"] = CFrame.new(-0.185033, 0.096190, 0.458994, 0.458805, -0.887523, 0.042435, -0.882163, -0.460704, -0.097680, 0.106243, 0.007382, -0.994313),
      ["LeftUpperLeg"] = CFrame.new(-0.000008, -0.002806, 0.000004, 0.999984, 0.005611, 0.000008, -0.005611, 0.999980, 0.003021, 0.000008, -0.003021, 0.999995),
      ["LowerTorso"] = CFrame.new(0.000000, -1.513943, -0.045216, 1.000000, 0.000000, 0.000000, 0.000000, -0.005851, -0.999983, 0.000000, 0.999983, -0.005851),
      ["RightUpperArm"] = CFrame.new(-0.078118, -0.012038, -0.009199, 0.954212, -0.297026, -0.035412, 0.297981, 0.954229, 0.025598, 0.026188, -0.034978, 0.999045),
      ["RightUpperLeg"] = CFrame.new(0.000705, -0.026535, -0.000003, 0.998591, -0.053069, -0.000166, 0.053069, 0.998586, 0.003018, 0.000006, -0.003022, 0.999995)
    }},
    { Time = 0.150, Data = {
      ["Head"] = CFrame.new(0.000000, 0.000000, 0.000000, 1.000000, -0.000000, 0.000000, 0.000000, 0.945689, 0.325072, -0.000000, -0.325072, 0.945689),
      ["LeftUpperArm"] = CFrame.new(-0.185066, 0.096253, 0.458975, 0.458589, -0.887649, 0.042130, -0.882363, -0.460462, -0.097006, 0.105506, 0.007312, -0.994392),
      ["LeftUpperLeg"] = CFrame.new(-0.000008, -0.002805, 0.000005, 0.999984, 0.005611, 0.000011, -0.005611, 0.999977, 0.003798, 0.000011, -0.003798, 0.999993),
      ["LowerTorso"] = CFrame.new(0.000000, -1.513476, -0.045212, 1.000000, 0.000000, 0.000000, 0.000000, -0.006095, -0.999981, 0.000000, 0.999981, -0.006095),
      ["RightUpperArm"] = CFrame.new(-0.078289, -0.012092, -0.009220, 0.953972, -0.297676, -0.036431, 0.298660, 0.954023, 0.025344, 0.027212, -0.035058, 0.999015),
      ["RightUpperLeg"] = CFrame.new(0.000705, -0.026535, 0.000007, 0.998591, -0.053069, -0.000187, 0.053069, 0.998584, 0.003795, -0.000015, -0.003799, 0.999993)
    }},
    { Time = 0.167, Data = {
      ["Head"] = CFrame.new(0.000000, 0.000000, 0.000000, 1.000000, -0.000000, 0.000000, 0.000000, 0.946172, 0.323664, -0.000000, -0.323664, 0.946172),
      ["LeftUpperArm"] = CFrame.new(-0.185088, 0.096295, 0.458955, 0.458447, -0.887732, 0.041932, -0.882502, -0.460304, -0.096493, 0.104961, 0.007231, -0.994451),
      ["LeftUpperLeg"] = CFrame.new(-0.000008, -0.002805, 0.000006, 0.999984, 0.005611, 0.000013, -0.005611, 0.999974, 0.004575, 0.000013, -0.004575, 0.999990),
      ["LowerTorso"] = CFrame.new(0.000000, -1.512869, -0.045207, 1.000000, 0.000000, 0.000000, 0.000000, -0.006460, -0.999979, 0.000000, 0.999979, -0.006460),
      ["RightUpperArm"] = CFrame.new(-0.078461, -0.012145, -0.009212, 0.953735, -0.298330, -0.037267, 0.299335, 0.953820, 0.025030, 0.028079, -0.035027, 0.998992),
      ["RightUpperLeg"] = CFrame.new(0.000705, -0.026535, 0.000018, 0.998591, -0.053069, -0.000208, 0.053069, 0.998580, 0.004571, -0.000035, -0.004576, 0.999990)
    }},
    { Time = 0.183, Data = {
      ["Head"] = CFrame.new(0.000000, 0.000000, 0.000000, 1.000000, -0.000000, 0.000000, 0.000000, 0.946568, 0.322505, -0.000000, -0.322505, 0.946568),
      ["LeftUpperArm"] = CFrame.new(-0.185098, 0.096314, 0.458954, 0.458395, -0.887770, 0.041695, -0.882588, -0.460230, -0.096051, 0.104460, 0.007230, -0.994503),
      ["LeftUpperLeg"] = CFrame.new(-0.000008, -0.002805, 0.000008, 0.999984, 0.005611, 0.000015, -0.005611, 0.999969, 0.005438, 0.000015, -0.005438, 0.999985),
      ["LowerTorso"] = CFrame.new(0.000000, -1.512248, -0.045201, 1.000000, 0.000000, 0.000000, 0.000000, -0.006825, -0.999977, 0.000000, 0.999977, -0.006825),
      ["RightUpperArm"] = CFrame.new(-0.078590, -0.012186, -0.009219, 0.953555, -0.298820, -0.037943, 0.299842, 0.953666, 0.024830, 0.028765, -0.035053, 0.998971),
      ["RightUpperLeg"] = CFrame.new(0.000705, -0.026535, -0.000014, 0.998591, -0.053069, -0.000317, 0.053070, 0.998576, 0.005432, 0.000028, -0.005441, 0.999985)
    }},
    { Time = 0.200, Data = {
      ["Head"] = CFrame.new(0.000000, 0.000000, -0.000000, 1.000000, -0.000000, 0.000000, 0.000000, 0.946906, 0.321511, -0.000000, -0.321511, 0.946906),
      ["LeftUpperArm"] = CFrame.new(-0.185121, 0.096358, 0.458959, 0.458245, -0.887857, 0.041481, -0.882711, -0.460062, -0.095729, 0.104078, 0.007252, -0.994543),
      ["LeftUpperLeg"] = CFrame.new(-0.000008, -0.002805, 0.000009, 0.999984, 0.005611, 0.000018, -0.005611, 0.999964, 0.006301, 0.000018, -0.006301, 0.999980),
      ["LowerTorso"] = CFrame.new(0.000000, -1.511614, -0.045195, 1.000000, 0.000000, 0.000000, 0.000000, -0.007190, -0.999974, 0.000000, 0.999974, -0.007190),
      ["RightUpperArm"] = CFrame.new(-0.078697, -0.012220, -0.009219, 0.953407, -0.299229, -0.038447, 0.300264, 0.953537, 0.024658, 0.029282, -0.035053, 0.998956),
      ["RightUpperLeg"] = CFrame.new(0.000705, -0.026535, -0.000003, 0.998591, -0.053069, -0.000340, 0.053070, 0.998571, 0.006295, 0.000005, -0.006304, 0.999980)
    }},
    { Time = 0.217, Data = {
      ["Head"] = CFrame.new(0.000000, -0.000000, 0.000000, 1.000000, -0.000000, 0.000000, 0.000000, 0.947131, 0.320848, -0.000000, -0.320848, 0.947131),
      ["LeftUpperArm"] = CFrame.new(-0.185131, 0.096379, 0.458955, 0.458178, -0.887899, 0.041345, -0.882783, -0.459983, -0.095450, 0.103768, 0.007234, -0.994576),
      ["LeftUpperLeg"] = CFrame.new(-0.000008, -0.002805, 0.000010, 0.999984, 0.005611, 0.000020, -0.005611, 0.999958, 0.007251, 0.000020, -0.007251, 0.999974),
      ["LowerTorso"] = CFrame.new(0.000000, -1.510969, -0.045189, 1.000000, 0.000000, 0.000000, 0.000000, -0.007555, -0.999971, 0.000000, 0.999971, -0.007555),
      ["RightUpperArm"] = CFrame.new(-0.078761, -0.012240, -0.009237, 0.953313, -0.299471, -0.038876, 0.300519, 0.953459, 0.024587, 0.029704, -0.035122, 0.998941),
      ["RightUpperLeg"] = CFrame.new(0.000705, -0.026535, 0.000010, 0.998591, -0.053068, -0.000365, 0.053070, 0.998565, 0.007244, -0.000020, -0.007253, 0.999974)
    }},
    { Time = 0.233, Data = {
      ["Head"] = CFrame.new(0.000000, 0.000000, 0.000000, 1.000000, -0.000000, 0.000000, 0.000000, 0.947271, 0.320434, -0.000000, -0.320434, 0.947271),
      ["LeftUpperArm"] = CFrame.new(-0.185131, 0.096378, 0.458947, 0.458185, -0.887896, 0.041317, -0.882793, -0.459988, -0.095332, 0.103650, 0.007206, -0.994588),
      ["LeftUpperLeg"] = CFrame.new(-0.000008, -0.002805, 0.000011, 0.999984, 0.005611, 0.000023, -0.005611, 0.999951, 0.008200, 0.000023, -0.008200, 0.999966),
      ["LowerTorso"] = CFrame.new(0.000000, -1.510320, -0.045183, 1.000000, 0.000000, 0.000000, 0.000000, -0.007919, -0.999969, 0.000000, 0.999969, -0.007919),
      ["RightUpperArm"] = CFrame.new(-0.078804, -0.012253, -0.009226, 0.953252, -0.299635, -0.039121, 0.300688, 0.953409, 0.024459, 0.029970, -0.035079, 0.998935),
      ["RightUpperLeg"] = CFrame.new(0.000705, -0.026535, -0.000021, 0.998591, -0.053068, -0.000477, 0.053070, 0.998557, 0.008191, 0.000041, -0.008205, 0.999966)
    }},
    { Time = 0.250, Data = {
      ["Head"] = CFrame.new(0.000000, 0.000000, 0.000000, 1.000000, -0.000000, 0.000000, 0.000000, 0.947299, 0.320351, -0.000000, -0.320351, 0.947299),
      ["LeftUpperArm"] = CFrame.new(-0.185143, 0.096400, 0.458938, 0.458103, -0.887940, 0.041283, -0.882849, -0.459903, -0.095216, 0.103532, 0.007172, -0.994600),
      ["LeftUpperLeg"] = CFrame.new(-0.000008, -0.002805, 0.000013, 0.999984, 0.005611, 0.000026, -0.005611, 0.999942, 0.009150, 0.000026, -0.009150, 0.999958),
      ["LowerTorso"] = CFrame.new(0.000000, -1.509668, -0.045176, 1.000000, 0.000000, 0.000000, 0.000000, -0.008284, -0.999966, 0.000000, 0.999966, -0.008284),
      ["RightUpperArm"] = CFrame.new(-0.078825, -0.012260, -0.009229, 0.953222, -0.299716, -0.039207, 0.300772, 0.953383, 0.024444, 0.030053, -0.035093, 0.998932),
      ["RightUpperLeg"] = CFrame.new(0.000705, -0.026535, -0.000008, 0.998591, -0.053068, -0.000502, 0.053070, 0.998549, 0.009140, 0.000016, -0.009154, 0.999958)
    }},
    { Time = 0.267, Data = {
      ["Head"] = CFrame.new(0.000000, 0.000000, 0.000000, 1.000000, -0.000000, 0.000000, 0.000000, 0.947271, 0.320434, -0.000000, -0.320434, 0.947271),
      ["LeftUpperArm"] = CFrame.new(-0.185131, 0.096378, 0.458947, 0.458185, -0.887896, 0.041317, -0.882793, -0.459988, -0.095332, 0.103650, 0.007206, -0.994588),
      ["LeftUpperLeg"] = CFrame.new(-0.000008, -0.002805, 0.000014, 0.999984, 0.005611, 0.000028, -0.005611, 0.999933, 0.010100, 0.000028, -0.010100, 0.999949),
      ["LowerTorso"] = CFrame.new(0.000000, -1.508894, -0.045169, 1.000000, 0.000000, 0.000000, 0.000000, -0.008770, -0.999961, 0.000000, 0.999961, -0.008770),
      ["RightUpperArm"] = CFrame.new(-0.078804, -0.012253, -0.009226, 0.953252, -0.299635, -0.039121, 0.300688, 0.953409, 0.024459, 0.029970, -0.035079, 0.998935),
      ["RightUpperLeg"] = CFrame.new(0.000705, -0.026535, 0.000005, 0.998591, -0.053067, -0.000527, 0.053070, 0.998540, 0.010089, -0.000009, -0.010103, 0.999949)
    }},
    { Time = 0.283, Data = {
      ["Head"] = CFrame.new(0.000000, -0.000000, 0.000000, 1.000000, -0.000000, 0.000000, 0.000000, 0.947131, 0.320848, -0.000000, -0.320848, 0.947131),
      ["LeftUpperArm"] = CFrame.new(-0.185132, 0.096380, 0.458955, 0.458178, -0.887899, 0.041345, -0.882783, -0.459983, -0.095450, 0.103768, 0.007234, -0.994576),
      ["LeftUpperLeg"] = CFrame.new(-0.000008, -0.002806, 0.000015, 0.999984, 0.005611, 0.000031, -0.005611, 0.999923, 0.011049, 0.000031, -0.011049, 0.999939),
      ["LowerTorso"] = CFrame.new(0.000000, -1.508244, -0.045162, 1.000000, 0.000000, 0.000000, 0.000000, -0.009135, -0.999958, 0.000000, 0.999958, -0.009135),
      ["RightUpperArm"] = CFrame.new(-0.078761, -0.012240, -0.009237, 0.953313, -0.299471, -0.038876, 0.300519, 0.953459, 0.024587, 0.029704, -0.035122, 0.998941),
      ["RightUpperLeg"] = CFrame.new(0.000705, -0.026535, 0.000017, 0.998591, -0.053067, -0.000552, 0.053070, 0.998530, 0.011038, -0.000034, -0.011052, 0.999939)
    }},
    { Time = 0.300, Data = {
      ["Head"] = CFrame.new(0.000000, -0.000000, 0.000000, 1.000000, -0.000000, 0.000000, 0.000000, 0.946906, 0.321511, -0.000000, -0.321511, 0.946906),
      ["LeftUpperArm"] = CFrame.new(-0.185121, 0.096358, 0.458959, 0.458245, -0.887857, 0.041481, -0.882711, -0.460062, -0.095729, 0.104078, 0.007252, -0.994543),
      ["LeftUpperLeg"] = CFrame.new(-0.000008, -0.002805, 0.000017, 0.999984, 0.005611, 0.000033, -0.005611, 0.999913, 0.011912, 0.000033, -0.011912, 0.999929),
      ["LowerTorso"] = CFrame.new(0.000000, -1.507602, -0.045155, 1.000000, 0.000000, 0.000000, 0.000000, -0.009500, -0.999955, 0.000000, 0.999955, -0.009500),
      ["RightUpperArm"] = CFrame.new(-0.078697, -0.012220, -0.009222, 0.953404, -0.299227, -0.038532, 0.300265, 0.953537, 0.024644, 0.029367, -0.035066, 0.998953),
      ["RightUpperLeg"] = CFrame.new(0.000705, -0.026535, -0.000014, 0.998591, -0.053066, -0.000661, 0.053070, 0.998520, 0.011899, 0.000029, -0.011917, 0.999929)
    }},
    { Time = 0.317, Data = {
      ["Head"] = CFrame.new(0.000000, 0.000000, 0.000000, 1.000000, -0.000000, 0.000000, 0.000000, 0.946568, 0.322505, -0.000000, -0.322505, 0.946568),
      ["LeftUpperArm"] = CFrame.new(-0.185098, 0.096314, 0.458954, 0.458395, -0.887770, 0.041695, -0.882588, -0.460230, -0.096051, 0.104460, 0.007230, -0.994503),
      ["LeftUpperLeg"] = CFrame.new(-0.000008, -0.002805, 0.000018, 0.999984, 0.005611, 0.000036, -0.005611, 0.999902, 0.012862, 0.000036, -0.012862, 0.999917),
      ["LowerTorso"] = CFrame.new(0.000000, -1.506969, -0.045148, 1.000000, 0.000000, 0.000000, 0.000000, -0.009864, -0.999951, 0.000000, 0.999951, -0.009864),
      ["RightUpperArm"] = CFrame.new(-0.078590, -0.012186, -0.009219, 0.953555, -0.298820, -0.037943, 0.299842, 0.953666, 0.024830, 0.028765, -0.035053, 0.998971),
      ["RightUpperLeg"] = CFrame.new(0.000705, -0.026535, -0.000002, 0.998591, -0.053066, -0.000687, 0.053070, 0.998508, 0.012848, 0.000004, -0.012866, 0.999917)
    }},
    { Time = 0.333, Data = {
      ["Head"] = CFrame.new(0.000000, 0.000000, 0.000000, 1.000000, -0.000000, 0.000000, 0.000000, 0.946172, 0.323664, -0.000000, -0.323664, 0.946172),
      ["LeftUpperArm"] = CFrame.new(-0.185087, 0.096296, 0.458955, 0.458447, -0.887732, 0.041932, -0.882502, -0.460304, -0.096493, 0.104961, 0.007231, -0.994451),
      ["LeftUpperLeg"] = CFrame.new(-0.000008, -0.002805, 0.000019, 0.999984, 0.005611, 0.000039, -0.005611, 0.999890, 0.013725, 0.000039, -0.013725, 0.999906),
      ["LowerTorso"] = CFrame.new(0.000000, -1.506347, -0.045142, 1.000000, 0.000000, 0.000000, 0.000000, -0.010228, -0.999948, 0.000000, 0.999948, -0.010228),
      ["RightUpperArm"] = CFrame.new(-0.078461, -0.012145, -0.009212, 0.953735, -0.298330, -0.037267, 0.299335, 0.953820, 0.025030, 0.028079, -0.035027, 0.998992),
      ["RightUpperLeg"] = CFrame.new(0.000705, -0.026535, 0.000010, 0.998591, -0.053066, -0.000709, 0.053070, 0.998497, 0.013711, -0.000019, -0.013729, 0.999906)
    }},
    { Time = 0.350, Data = {
      ["Head"] = CFrame.new(0.000000, 0.000000, -0.000000, 1.000000, -0.000000, 0.000000, 0.000000, 0.945689, 0.325072, -0.000000, -0.325072, 0.945689),
      ["LeftUpperArm"] = CFrame.new(-0.185066, 0.096253, 0.458975, 0.458589, -0.887649, 0.042130, -0.882363, -0.460462, -0.097006, 0.105506, 0.007312, -0.994392),
      ["LeftUpperLeg"] = CFrame.new(-0.000008, -0.002805, 0.000020, 0.999984, 0.005611, 0.000041, -0.005611, 0.999879, 0.014502, 0.000041, -0.014502, 0.999895),
      ["LowerTorso"] = CFrame.new(0.000000, -1.505741, -0.045135, 1.000000, 0.000000, 0.000000, 0.000000, -0.010593, -0.999944, 0.000000, 0.999944, -0.010593),
      ["RightUpperArm"] = CFrame.new(-0.078289, -0.012092, -0.009220, 0.953972, -0.297676, -0.036431, 0.298660, 0.954023, 0.025344, 0.027212, -0.035058, 0.999015),
      ["RightUpperLeg"] = CFrame.new(0.000705, -0.026535, 0.000020, 0.998591, -0.053065, -0.000730, 0.053070, 0.998486, 0.014487, -0.000040, -0.014506, 0.999895)
    }},
    { Time = 0.367, Data = {
      ["Head"] = CFrame.new(0.000000, -0.000000, 0.000000, 1.000000, -0.000000, 0.000000, 0.000000, 0.945119, 0.326727, -0.000000, -0.326727, 0.945119),
      ["LeftUpperArm"] = CFrame.new(-0.185032, 0.096191, 0.458994, 0.458805, -0.887523, 0.042435, -0.882163, -0.460704, -0.097680, 0.106243, 0.007382, -0.994313),
      ["LeftUpperLeg"] = CFrame.new(-0.000008, -0.002805, 0.000021, 0.999984, 0.005611, 0.000043, -0.005611, 0.999868, 0.015278, 0.000043, -0.015278, 0.999883),
      ["LowerTorso"] = CFrame.new(0.000000, -1.505275, -0.045129, 1.000000, 0.000000, 0.000000, 0.000000, -0.010835, -0.999941, 0.000000, 0.999941, -0.010835),
      ["RightUpperArm"] = CFrame.new(-0.078118, -0.012038, -0.009199, 0.954212, -0.297026, -0.035412, 0.297981, 0.954229, 0.025598, 0.026188, -0.034978, 0.999045),
      ["RightUpperLeg"] = CFrame.new(0.000705, -0.026536, -0.000014, 0.998591, -0.053065, -0.000835, 0.053071, 0.998475, 0.015175, 0.000028, -0.015198, 0.999884)
    }},
    { Time = 0.383, Data = {
      ["Head"] = CFrame.new(0.000000, 0.000000, 0.000000, 1.000000, -0.000000, 0.000000, 0.000000, 0.944488, 0.328546, -0.000000, -0.328546, 0.944488),
      ["LeftUpperArm"] = CFrame.new(-0.184999, 0.096126, 0.459001, 0.459013, -0.887397, 0.042813, -0.881956, -0.460946, -0.098398, 0.107052, 0.007407, -0.994226),
      ["LeftUpperLeg"] = CFrame.new(-0.000008, -0.002806, -0.000021, 0.999984, 0.005610, 0.000131, -0.005611, 0.999858, 0.015882, -0.000042, -0.015883, 0.999874),
      ["LowerTorso"] = CFrame.new(0.000000, -1.504707, -0.045123, 1.000000, 0.000000, 0.000000, 0.000000, -0.011200, -0.999937, 0.000000, 0.999937, -0.011200),
      ["RightUpperArm"] = CFrame.new(-0.077925, -0.011978, -0.009197, 0.954480, -0.296293, -0.034319, 0.297219, 0.954457, 0.025951, 0.025067, -0.034970, 0.999074),
      ["RightUpperLeg"] = CFrame.new(0.000705, -0.026536, -0.000005, 0.998591, -0.053064, -0.000853, 0.053071, 0.998465, 0.015866, 0.000010, -0.015889, 0.999874)
    }},
    { Time = 0.400, Data = {
      ["Head"] = CFrame.new(0.000000, 0.000000, 0.000000, 1.000000, -0.000000, 0.000000, 0.000000, 0.943766, 0.330613, -0.000000, -0.330613, 0.943766),
      ["LeftUpperArm"] = CFrame.new(-0.184968, 0.096063, 0.459026, 0.459221, -0.887274, 0.043147, -0.881744, -0.461182, -0.099190, 0.107907, 0.007506, -0.994133),
      ["LeftUpperLeg"] = CFrame.new(-0.000008, -0.002806, -0.000020, 0.999984, 0.005610, 0.000133, -0.005611, 0.999848, 0.016487, -0.000040, -0.016487, 0.999864),
      ["LowerTorso"] = CFrame.new(0.000000, -1.504282, -0.045118, 1.000000, 0.000000, 0.000000, 0.000000, -0.011443, -0.999935, 0.000000, 0.999935, -0.011443),
      ["RightUpperArm"] = CFrame.new(-0.077689, -0.011904, -0.009191, 0.954801, -0.295394, -0.033138, 0.296288, 0.954736, 0.026319, 0.023863, -0.034948, 0.999104),
      ["RightUpperLeg"] = CFrame.new(0.000705, -0.026536, 0.000003, 0.998591, -0.053064, -0.000869, 0.053071, 0.998455, 0.016470, -0.000006, -0.016493, 0.999864)
    }},
    { Time = 0.417, Data = {
      ["Head"] = CFrame.new(0.000000, 0.000000, 0.000000, 1.000000, -0.000000, 0.000000, 0.000000, 0.943011, 0.332761, -0.000000, -0.332761, 0.943011),
      ["LeftUpperArm"] = CFrame.new(-0.184935, 0.096001, 0.459040, 0.459420, -0.887151, 0.043554, -0.881526, -0.461418, -0.100026, 0.108834, 0.007560, -0.994031),
      ["LeftUpperLeg"] = CFrame.new(-0.000008, -0.002806, -0.000019, 0.999984, 0.005610, 0.000134, -0.005611, 0.999840, 0.017005, -0.000039, -0.017005, 0.999855),
      ["LowerTorso"] = CFrame.new(0.000000, -1.503883, -0.045113, 1.000000, 0.000000, 0.000000, 0.000000, -0.011685, -0.999932, 0.000000, 0.999932, -0.011685),
      ["RightUpperArm"] = CFrame.new(-0.077453, -0.011831, -0.009182, 0.955121, -0.294497, -0.031871, 0.295355, 0.955014, 0.026699, 0.022574, -0.034914, 0.999135),
      ["RightUpperLeg"] = CFrame.new(0.000705, -0.026536, 0.000010, 0.998591, -0.053064, -0.000883, 0.053071, 0.998446, 0.016987, -0.000020, -0.017010, 0.999855)
    }},
    { Time = 0.433, Data = {
      ["Head"] = CFrame.new(0.000000, 0.000000, 0.000000, 1.000000, -0.000000, 0.000000, 0.000000, 0.942192, 0.335072, -0.000000, -0.335072, 0.942192),
      ["LeftUpperArm"] = CFrame.new(-0.184890, 0.095916, 0.459045, 0.459700, -0.886982, 0.044040, -0.881256, -0.461743, -0.100904, 0.109835, 0.007575, -0.993922),
      ["LeftUpperLeg"] = CFrame.new(-0.000008, -0.002806, -0.000019, 0.999984, 0.005610, 0.000135, -0.005611, 0.999832, 0.017436, -0.000037, -0.017437, 0.999848),
      ["LowerTorso"] = CFrame.new(0.000000, -1.503631, -0.045110, 1.000000, 0.000000, 0.000000, 0.000000, -0.011807, -0.999930, 0.000000, 0.999930, -0.011807),
      ["RightUpperArm"] = CFrame.new(-0.077196, -0.011752, -0.009167, 0.955469, -0.293519, -0.030432, 0.294336, 0.955317, 0.027105, 0.021116, -0.034855, 0.999169),
      ["RightUpperLeg"] = CFrame.new(0.000705, -0.026536, 0.000016, 0.998591, -0.053064, -0.000894, 0.053071, 0.998439, 0.017419, -0.000031, -0.017442, 0.999848)
    }},
    { Time = 0.450, Data = {
      ["Head"] = CFrame.new(0.000000, 0.000000, 0.000000, 1.000000, -0.000000, 0.000000, 0.000000, 0.941338, 0.337465, -0.000000, -0.337465, 0.941338),
      ["LeftUpperArm"] = CFrame.new(-0.184859, 0.095855, 0.459066, 0.459890, -0.886861, 0.044476, -0.881026, -0.461972, -0.101858, 0.110881, 0.007659, -0.993804),
      ["LeftUpperLeg"] = CFrame.new(-0.000008, -0.002806, -0.000018, 0.999984, 0.005610, 0.000136, -0.005611, 0.999826, 0.017781, -0.000036, -0.017782, 0.999842),
      ["LowerTorso"] = CFrame.new(0.000000, -1.503407, -0.045107, 1.000000, 0.000000, 0.000000, 0.000000, -0.011928, -0.999929, 0.000000, 0.999929, -0.011928),
      ["RightUpperArm"] = CFrame.new(-0.076938, -0.011672, -0.009152, 0.955813, -0.292541, -0.028993, 0.293317, 0.955620, 0.027509, 0.019658, -0.034798, 0.999201),
      ["RightUpperLeg"] = CFrame.new(0.000705, -0.026536, 0.000020, 0.998591, -0.053063, -0.000903, 0.053071, 0.998433, 0.017764, -0.000041, -0.017787, 0.999842)
    }},
    { Time = 0.467, Data = {
      ["Head"] = CFrame.new(0.000000, 0.000000, -0.000000, 1.000000, -0.000000, 0.000000, 0.000000, 0.940418, 0.340021, -0.000000, -0.340021, 0.940418),
      ["LeftUpperArm"] = CFrame.new(-0.184815, 0.095772, 0.459090, 0.460169, -0.886694, 0.044918, -0.880748, -0.462291, -0.102809, 0.111926, 0.007748, -0.993686),
      ["LeftUpperLeg"] = CFrame.new(-0.000008, -0.002806, -0.000018, 0.999984, 0.005610, 0.000137, -0.005611, 0.999822, 0.018040, -0.000036, -0.018041, 0.999837),
      ["LowerTorso"] = CFrame.new(0.000000, -1.503210, -0.045105, 1.000000, 0.000000, 0.000000, 0.000000, -0.012049, -0.999927, 0.000000, 0.999927, -0.012049),
      ["RightUpperArm"] = CFrame.new(-0.076659, -0.011587, -0.009159, 0.956180, -0.291479, -0.027564, 0.292214, 0.955943, 0.027999, 0.018189, -0.034826, 0.999228),
      ["RightUpperLeg"] = CFrame.new(0.000705, -0.026536, -0.000019, 0.998591, -0.053062, -0.000997, 0.053072, 0.998428, 0.018020, 0.000039, -0.018048, 0.999837)
    }},
    { Time = 0.483, Data = {
      ["Head"] = CFrame.new(0.000000, 0.000000, 0.000000, 1.000000, -0.000000, 0.000000, 0.000000, 0.939491, 0.342575, -0.000000, -0.342575, 0.939491),
      ["LeftUpperArm"] = CFrame.new(-0.184771, 0.095689, 0.459102, 0.460438, -0.886528, 0.045434, -0.880464, -0.462609, -0.103805, 0.113044, 0.007793, -0.993560),
      ["LeftUpperLeg"] = CFrame.new(-0.000008, -0.002806, -0.000018, 0.999984, 0.005610, 0.000137, -0.005611, 0.999818, 0.018213, -0.000035, -0.018213, 0.999834),
      ["LowerTorso"] = CFrame.new(0.000000, -1.503044, -0.045103, 1.000000, 0.000000, 0.000000, 0.000000, -0.012171, -0.999926, 0.000000, 0.999926, -0.012171),
      ["RightUpperArm"] = CFrame.new(-0.076381, -0.011501, -0.009138, 0.956547, -0.290420, -0.025952, 0.291107, 0.956268, 0.028426, 0.016561, -0.034746, 0.999259),
      ["RightUpperLeg"] = CFrame.new(0.000705, -0.026536, -0.000017, 0.998591, -0.053062, -0.001001, 0.053072, 0.998425, 0.018193, 0.000034, -0.018221, 0.999834)
    }},
    { Time = 0.500, Data = {
      ["Head"] = CFrame.new(0.000000, -0.000000, 0.000000, 1.000000, -0.000000, 0.000000, 0.000000, 0.938556, 0.345127, -0.000000, -0.345127, 0.938556),
      ["LeftUpperArm"] = CFrame.new(-0.184728, 0.095604, 0.459125, 0.460715, -0.886362, 0.045876, -0.880185, -0.462926, -0.104756, 0.114089, 0.007883, -0.993439),
      ["LeftUpperLeg"] = CFrame.new(-0.000008, -0.002806, -0.000017, 0.999984, 0.005610, 0.000138, -0.005611, 0.999817, 0.018299, -0.000035, -0.018300, 0.999833),
      ["LowerTorso"] = CFrame.new(0.000000, -1.503028, -0.045103, 1.000000, 0.000000, 0.000000, 0.000000, -0.012171, -0.999926, 0.000000, 0.999926, -0.012171),
      ["RightUpperArm"] = CFrame.new(-0.076102, -0.011416, -0.009121, 0.956909, -0.289360, -0.024424, 0.290000, 0.956592, 0.028840, 0.015019, -0.034680, 0.999286),
      ["RightUpperLeg"] = CFrame.new(0.000705, -0.026536, -0.000017, 0.998591, -0.053062, -0.001001, 0.053072, 0.998425, 0.018193, 0.000034, -0.018221, 0.999834)
    }},
    { Time = 0.517, Data = {
      ["Head"] = CFrame.new(0.000000, -0.000000, 0.000000, 1.000000, -0.000000, 0.000000, 0.000000, 0.937614, 0.347677, -0.000000, -0.347677, 0.937614),
      ["LeftUpperArm"] = CFrame.new(-0.184684, 0.095523, 0.459157, 0.460983, -0.886198, 0.046348, -0.879893, -0.463238, -0.105825, 0.115252, 0.008002, -0.993304),
      ["LeftUpperLeg"] = CFrame.new(-0.000008, -0.002806, -0.000018, 0.999984, 0.005610, 0.000137, -0.005611, 0.999818, 0.018213, -0.000035, -0.018213, 0.999834),
      ["LowerTorso"] = CFrame.new(0.000000, -1.503043, -0.045103, 1.000000, 0.000000, 0.000000, 0.000000, -0.012171, -0.999926, 0.000000, 0.999926, -0.012171),
      ["RightUpperArm"] = CFrame.new(-0.075801, -0.011326, -0.009126, 0.957292, -0.288215, -0.022908, 0.288810, 0.956937, 0.029337, 0.013466, -0.034701, 0.999307),
      ["RightUpperLeg"] = CFrame.new(0.000705, -0.026536, -0.000017, 0.998591, -0.053062, -0.001001, 0.053072, 0.998425, 0.018193, 0.000034, -0.018221, 0.999834)
    }},
    { Time = 0.533, Data = {
      ["Head"] = CFrame.new(0.000000, 0.000000, -0.000000, 1.000000, -0.000000, 0.000000, 0.000000, 0.936666, 0.350225, -0.000000, -0.350225, 0.936666),
      ["LeftUpperArm"] = CFrame.new(-0.184641, 0.095440, 0.459169, 0.461249, -0.886032, 0.046864, -0.879606, -0.463554, -0.106820, 0.116370, 0.008049, -0.993173),
      ["LeftUpperLeg"] = CFrame.new(-0.000008, -0.002806, -0.000018, 0.999984, 0.005610, 0.000137, -0.005611, 0.999822, 0.018040, -0.000036, -0.018041, 0.999837),
      ["LowerTorso"] = CFrame.new(0.000000, -1.503210, -0.045106, 1.000000, 0.000000, 0.000000, 0.000000, -0.012049, -0.999927, 0.000000, 0.999927, -0.012049),
      ["RightUpperArm"] = CFrame.new(-0.075521, -0.011241, -0.009110, 0.957646, -0.287154, -0.021379, 0.287702, 0.957258, 0.029747, 0.011923, -0.034638, 0.999329),
      ["RightUpperLeg"] = CFrame.new(0.000705, -0.026536, -0.000019, 0.998591, -0.053062, -0.000997, 0.053072, 0.998428, 0.018020, 0.000039, -0.018048, 0.999837)
    }},
    { Time = 0.550, Data = {
      ["Head"] = CFrame.new(0.000000, 0.000000, -0.000000, 1.000000, -0.000000, 0.000000, 0.000000, 0.935710, 0.352771, -0.000000, -0.352771, 0.935710),
      ["LeftUpperArm"] = CFrame.new(-0.184609, 0.095380, 0.459192, 0.461434, -0.885913, 0.047302, -0.879370, -0.463781, -0.107772, 0.117415, 0.008134, -0.993050),
      ["LeftUpperLeg"] = CFrame.new(-0.000008, -0.002806, -0.000018, 0.999984, 0.005610, 0.000136, -0.005611, 0.999826, 0.017781, -0.000036, -0.017782, 0.999842),
      ["LowerTorso"] = CFrame.new(0.000000, -1.503406, -0.045108, 1.000000, 0.000000, 0.000000, 0.000000, -0.011928, -0.999929, 0.000000, 0.999929, -0.011928),
      ["RightUpperArm"] = CFrame.new(-0.075242, -0.011157, -0.009094, 0.957996, -0.286093, -0.019850, 0.286593, 0.957578, 0.030155, 0.010381, -0.034577, 0.999348),
      ["RightUpperLeg"] = CFrame.new(0.000705, -0.026536, 0.000020, 0.998591, -0.053063, -0.000903, 0.053071, 0.998433, 0.017764, -0.000041, -0.017787, 0.999842)
    }},
    { Time = 0.567, Data = {
      ["Head"] = CFrame.new(0.000000, -0.000000, -0.000000, 1.000000, -0.000000, 0.000000, 0.000000, 0.934809, 0.355151, -0.000000, -0.355151, 0.934809),
      ["LeftUpperArm"] = CFrame.new(-0.184566, 0.095297, 0.459216, 0.461707, -0.885746, 0.047745, -0.879087, -0.464097, -0.108722, 0.118459, 0.008225, -0.992925),
      ["LeftUpperLeg"] = CFrame.new(-0.000008, -0.002806, -0.000019, 0.999984, 0.005610, 0.000135, -0.005611, 0.999832, 0.017436, -0.000037, -0.017437, 0.999848),
      ["LowerTorso"] = CFrame.new(0.000000, -1.503631, -0.045110, 1.000000, 0.000000, 0.000000, 0.000000, -0.011807, -0.999930, 0.000000, 0.999930, -0.011807),
      ["RightUpperArm"] = CFrame.new(-0.074985, -0.011081, -0.009104, 0.958317, -0.285113, -0.018420, 0.285569, 0.957869, 0.030633, 0.008910, -0.034617, 0.999361),
      ["RightUpperLeg"] = CFrame.new(0.000705, -0.026536, 0.000016, 0.998591, -0.053064, -0.000894, 0.053071, 0.998439, 0.017419, -0.000031, -0.017442, 0.999848)
    }},
    { Time = 0.583, Data = {
      ["Head"] = CFrame.new(0.000000, -0.000000, 0.000000, 1.000000, -0.000000, 0.000000, 0.000000, 0.933933, 0.357448, -0.000000, -0.357448, 0.933933),
      ["LeftUpperArm"] = CFrame.new(-0.184521, 0.095212, 0.459232, 0.461988, -0.885578, 0.048161, -0.878814, -0.464418, -0.109554, 0.119385, 0.008288, -0.992814),
      ["LeftUpperLeg"] = CFrame.new(-0.000008, -0.002806, -0.000019, 0.999984, 0.005610, 0.000134, -0.005611, 0.999840, 0.017005, -0.000039, -0.017005, 0.999855),
      ["LowerTorso"] = CFrame.new(0.000000, -1.503882, -0.045114, 1.000000, 0.000000, 0.000000, 0.000000, -0.011685, -0.999932, 0.000000, 0.999932, -0.011685),
      ["RightUpperArm"] = CFrame.new(-0.074727, -0.011004, -0.009096, 0.958633, -0.284133, -0.017062, 0.284545, 0.958161, 0.031012, 0.007537, -0.034584, 0.999373),
      ["RightUpperLeg"] = CFrame.new(0.000705, -0.026536, 0.000010, 0.998591, -0.053064, -0.000883, 0.053071, 0.998446, 0.016987, -0.000020, -0.017010, 0.999855)
    }},
    { Time = 0.600, Data = {
      ["Head"] = CFrame.new(0.000000, -0.000000, 0.000000, 1.000000, -0.000000, 0.000000, 0.000000, 0.933115, 0.359579, -0.000000, -0.359579, 0.933115),
      ["LeftUpperArm"] = CFrame.new(-0.184489, 0.095152, 0.459248, 0.462179, -0.885456, 0.048570, -0.878588, -0.464649, -0.110388, 0.120312, 0.008346, -0.992702),
      ["LeftUpperLeg"] = CFrame.new(-0.000008, -0.002806, -0.000020, 0.999984, 0.005610, 0.000133, -0.005611, 0.999848, 0.016487, -0.000040, -0.016487, 0.999864),
      ["LowerTorso"] = CFrame.new(0.000000, -1.504282, -0.045118, 1.000000, 0.000000, 0.000000, 0.000000, -0.011443, -0.999935, 0.000000, 0.999935, -0.011443),
      ["RightUpperArm"] = CFrame.new(-0.074491, -0.010934, -0.009088, 0.958922, -0.283236, -0.015705, 0.283604, 0.958428, 0.031389, 0.006162, -0.034554, 0.999384),
      ["RightUpperLeg"] = CFrame.new(0.000705, -0.026536, 0.000003, 0.998591, -0.053064, -0.000869, 0.053071, 0.998455, 0.016470, -0.000006, -0.016493, 0.999864)
    }},
    { Time = 0.617, Data = {
      ["Head"] = CFrame.new(0.000000, 0.000000, 0.000000, 1.000000, -0.000000, 0.000000, 0.000000, 0.932355, 0.361544, -0.000000, -0.361544, 0.932355),
      ["LeftUpperArm"] = CFrame.new(-0.184457, 0.095091, 0.459262, 0.462369, -0.885334, 0.048980, -0.878360, -0.464880, -0.111222, 0.121238, 0.008403, -0.992588),
      ["LeftUpperLeg"] = CFrame.new(-0.000008, -0.002806, -0.000021, 0.999984, 0.005610, 0.000131, -0.005611, 0.999858, 0.015882, -0.000042, -0.015883, 0.999874),
      ["LowerTorso"] = CFrame.new(0.000000, -1.504707, -0.045123, 1.000000, 0.000000, 0.000000, 0.000000, -0.011200, -0.999937, 0.000000, 0.999937, -0.011200),
      ["RightUpperArm"] = CFrame.new(-0.074254, -0.010864, -0.009087, 0.959206, -0.282335, -0.014519, 0.282665, 0.958693, 0.031740, 0.004958, -0.034549, 0.999391),
      ["RightUpperLeg"] = CFrame.new(0.000705, -0.026536, -0.000005, 0.998591, -0.053064, -0.000853, 0.053071, 0.998465, 0.015866, 0.000010, -0.015889, 0.999874)
    }},
    { Time = 0.633, Data = {
      ["Head"] = CFrame.new(0.000000, 0.000000, 0.000000, 1.000000, -0.000000, 0.000000, 0.000000, 0.931623, 0.363427, -0.000000, -0.363427, 0.931623),
      ["LeftUpperArm"] = CFrame.new(-0.184424, 0.095029, 0.459282, 0.462576, -0.885208, 0.049288, -0.878149, -0.465117, -0.111893, 0.121973, 0.008477, -0.992497),
      ["LeftUpperLeg"] = CFrame.new(-0.000008, -0.002805, 0.000021, 0.999984, 0.005611, 0.000043, -0.005611, 0.999868, 0.015278, 0.000043, -0.015278, 0.999883),
      ["LowerTorso"] = CFrame.new(0.000000, -1.505275, -0.045129, 1.000000, 0.000000, 0.000000, 0.000000, -0.010835, -0.999941, 0.000000, 0.999941, -0.010835),
      ["RightUpperArm"] = CFrame.new(-0.074061, -0.010806, -0.009066, 0.959438, -0.281601, -0.013408, 0.281894, 0.958912, 0.031991, 0.003849, -0.034473, 0.999398),
      ["RightUpperLeg"] = CFrame.new(0.000705, -0.026536, -0.000014, 0.998591, -0.053065, -0.000835, 0.053071, 0.998475, 0.015175, 0.000028, -0.015198, 0.999884)
    }},
    { Time = 0.650, Data = {
      ["Head"] = CFrame.new(0.000000, 0.000000, -0.000000, 1.000000, -0.000000, 0.000000, 0.000000, 0.931015, 0.364981, -0.000000, -0.364981, 0.931015),
      ["LeftUpperArm"] = CFrame.new(-0.184404, 0.094990, 0.459300, 0.462693, -0.885130, 0.049590, -0.877985, -0.465265, -0.112567, 0.122709, 0.008544, -0.992406),
      ["LeftUpperLeg"] = CFrame.new(-0.000008, -0.002805, 0.000020, 0.999984, 0.005611, 0.000041, -0.005611, 0.999879, 0.014502, 0.000041, -0.014502, 0.999895),
