return {
  ["Astros you come here"] = {
    { Time = 0.000, Data = {
      ["Balls"] = CFrame.new(-0.000001, -0.000004, 0.000000, 0.974308, 0.225221, 0.000000, -0.225221, 0.974308, -0.000000, -0.000000, 0.000000, 1.000000),
      ["Cock"] = CFrame.new(0.000000, 0.000000, 0.000000, 0.901720, 0.432320, 0.000000, -0.432320, 0.901720, -0.000000, -0.000000, 0.000000, 1.000000),
      ["Head"] = CFrame.new(0.000000, 0.000000, -0.000000, 1.000000, -0.000000, 0.000000, 0.000000, 0.919267, 0.393635, -0.000000, -0.393635, 0.919267),
      ["LeftUpperArm"] = CFrame.new(0.120939, -0.873304, -0.587192, 0.856636, -0.353315, -0.375957, -0.450537, -0.157238, -0.878802, 0.251380, 0.922195, -0.293877),
      ["LeftUpperLeg"] = CFrame.new(-0.000275, -0.016555, -0.000855, 0.999450, 0.033154, 0.000016, -0.033110, 0.998145, -0.051093, -0.001710, 0.051065, 0.998694),
      ["LowerTorso"] = CFrame.new(0.000000, 0.004131, 0.873839, 1.000000, -0.000000, 0.000000, 0.000000, 0.995869, 0.090803, -0.000000, -0.090803, 0.995869),
      ["RightUpperArm"] = CFrame.new(0.000263, -0.000580, 0.017448, 0.993318, 0.001000, -0.115402, -0.008647, 0.997796, -0.065783, 0.115082, 0.066341, 0.991138),
      ["RightUpperLeg"] = CFrame.new(0.000228, -0.015089, -0.000774, 0.999543, -0.030219, -0.000005, 0.030180, 0.998238, -0.051092, 0.001549, 0.051068, 0.998694)
    }},
    { Time = 0.017, Data = {
      ["Balls"] = CFrame.new(-0.000002, -0.000005, 0.000000, 0.973658, 0.228014, 0.000000, -0.228014, 0.973658, -0.000000, -0.000000, 0.000000, 1.000000),
      ["Cock"] = CFrame.new(0.000000, -0.000000, 0.000000, 0.901720, 0.432320, 0.000000, -0.432320, 0.901720, -0.000000, -0.000000, 0.000000, 1.000000),
      ["Head"] = CFrame.new(0.000000, 0.000000, 0.000000, 1.000000, -0.000000, 0.000000, 0.000000, 0.918780, 0.394769, -0.000000, -0.394769, 0.918780),
      ["LeftUpperArm"] = CFrame.new(0.120939, -0.873304, -0.587192, 0.856636, -0.353315, -0.375957, -0.450537, -0.157238, -0.878802, 0.251380, 0.922195, -0.293877),
      ["LeftUpperLeg"] = CFrame.new(-0.000275, -0.016555, -0.000855, 0.999450, 0.033154, 0.000016, -0.033110, 0.998145, -0.051093, -0.001710, 0.051065, 0.998694),
      ["LowerTorso"] = CFrame.new(0.000000, 0.004131, 0.873839, 1.000000, -0.000000, 0.000000, 0.000000, 0.995869, 0.090803, -0.000000, -0.090803, 0.995869),
      ["RightUpperArm"] = CFrame.new(0.000214, -0.000610, 0.017899, 0.993319, 0.000814, -0.115400, -0.008660, 0.997681, -0.067508, 0.115078, 0.068057, 0.991022),
      ["RightUpperLeg"] = CFrame.new(0.000228, -0.015089, -0.000774, 0.999543, -0.030219, -0.000005, 0.030180, 0.998238, -0.051092, 0.001549, 0.051068, 0.998694)
    }},
    { Time = 0.033, Data = {
      ["Balls"] = CFrame.new(-0.000002, -0.000005, 0.000000, 0.973000, 0.230805, 0.000000, -0.230805, 0.973000, -0.000000, -0.000000, 0.000000, 1.000000),
      ["Cock"] = CFrame.new(0.000000, 0.000000, 0.000000, 0.901682, 0.432400, 0.000000, -0.432400, 0.901682, -0.000000, -0.000000, 0.000000, 1.000000),
      ["Head"] = CFrame.new(0.000000, 0.000000, 0.000000, 1.000000, -0.000000, 0.000000, 0.000000, 0.918293, 0.395902, -0.000000, -0.395902, 0.918293),
      ["LeftUpperArm"] = CFrame.new(0.120924, -0.873291, -0.587195, 0.856590, -0.353373, -0.376007, -0.450595, -0.157192, -0.878780, 0.251432, 0.922181, -0.293877),
      ["LeftUpperLeg"] = CFrame.new(-0.000275, -0.016555, -0.000855, 0.999450, 0.033154, 0.000016, -0.033110, 0.998145, -0.051093, -0.001710, 0.051065, 0.998694),
      ["LowerTorso"] = CFrame.new(0.000000, 0.004131, 0.873839, 1.000000, -0.000000, 0.000000, 0.000000, 0.995869, 0.090803, -0.000000, -0.090803, 0.995869),
      ["RightUpperArm"] = CFrame.new(0.000163, -0.000643, 0.018373, 0.993309, 0.000620, -0.115484, -0.008682, 0.997557, -0.069320, 0.115159, 0.069858, 0.990888),
      ["RightUpperLeg"] = CFrame.new(0.000228, -0.015089, -0.000774, 0.999543, -0.030219, -0.000005, 0.030180, 0.998238, -0.051092, 0.001549, 0.051068, 0.998694)
    }},
    { Time = 0.050, Data = {
      ["Balls"] = CFrame.new(-0.000002, -0.000005, 0.000000, 0.972334, 0.233595, 0.000000, -0.233595, 0.972334, -0.000000, -0.000000, 0.000000, 1.000000),
      ["Cock"] = CFrame.new(0.000000, -0.000000, 0.000000, 0.901644, 0.432479, 0.000000, -0.432479, 0.901644, -0.000000, -0.000000, 0.000000, 1.000000),
      ["Head"] = CFrame.new(0.000000, 0.000000, 0.000000, 1.000000, -0.000000, 0.000000, 0.000000, 0.917768, 0.397116, -0.000000, -0.397116, 0.917768),
      ["LeftUpperArm"] = CFrame.new(0.120893, -0.873268, -0.587203, 0.856498, -0.353488, -0.376107, -0.450710, -0.157101, -0.878738, 0.251537, 0.922153, -0.293877),
      ["LeftUpperLeg"] = CFrame.new(-0.000275, -0.016555, -0.000854, 0.999450, 0.033154, 0.000017, -0.033110, 0.998149, -0.051007, -0.001708, 0.050978, 0.998698),
      ["LowerTorso"] = CFrame.new(0.000000, 0.004123, 0.873753, 1.000000, -0.000000, 0.000000, 0.000000, 0.995877, 0.090717, -0.000000, -0.090717, 0.995877),
      ["RightUpperArm"] = CFrame.new(0.000091, -0.000674, 0.018823, 0.993310, 0.000348, -0.115478, -0.008609, 0.997436, -0.071050, 0.115157, 0.071569, 0.990766),
      ["RightUpperLeg"] = CFrame.new(0.000228, -0.015089, -0.000774, 0.999543, -0.030219, -0.000006, 0.030180, 0.998242, -0.051006, 0.001547, 0.050982, 0.998698)
    }},
    { Time = 0.067, Data = {
      ["Balls"] = CFrame.new(-0.000002, -0.000005, 0.000000, 0.971660, 0.236383, 0.000000, -0.236383, 0.971660, -0.000000, -0.000000, 0.000000, 1.000000),
      ["Cock"] = CFrame.new(0.000000, 0.000000, 0.000000, 0.901606, 0.432559, 0.000000, -0.432559, 0.901606, -0.000000, -0.000000, 0.000000, 1.000000),
      ["Head"] = CFrame.new(0.000000, 0.000000, 0.000000, 1.000000, -0.000000, 0.000000, 0.000000, 0.917313, 0.398168, -0.000000, -0.398168, 0.917313),
      ["LeftUpperArm"] = CFrame.new(0.120863, -0.873244, -0.587211, 0.856407, -0.353603, -0.376207, -0.450825, -0.157009, -0.878695, 0.251642, 0.922124, -0.293877),
      ["LeftUpperLeg"] = CFrame.new(-0.000275, -0.016555, -0.000853, 0.999450, 0.033154, 0.000019, -0.033110, 0.998154, -0.050921, -0.001707, 0.050892, 0.998703),
      ["LowerTorso"] = CFrame.new(0.000000, 0.004116, 0.873667, 1.000000, -0.000000, 0.000000, 0.000000, 0.995885, 0.090631, -0.000000, -0.090631, 0.995885),
      ["RightUpperArm"] = CFrame.new(0.000043, -0.000707, 0.019274, 0.993310, 0.000162, -0.115475, -0.008623, 0.997311, -0.072775, 0.115153, 0.073284, 0.990641),
      ["RightUpperLeg"] = CFrame.new(0.000228, -0.015089, -0.000773, 0.999543, -0.030219, -0.000007, 0.030180, 0.998247, -0.050919, 0.001546, 0.050896, 0.998703)
    }},
    { Time = 0.083, Data = {
      ["Balls"] = CFrame.new(-0.000002, -0.000005, 0.000000, 0.970998, 0.239086, 0.000000, -0.239086, 0.970998, -0.000000, -0.000000, 0.000000, 1.000000),
      ["Cock"] = CFrame.new(0.000000, 0.000000, 0.000000, 0.901529, 0.432719, 0.000000, -0.432719, 0.901529, -0.000000, -0.000000, 0.000000, 1.000000),
      ["Head"] = CFrame.new(0.000000, 0.000000, 0.000000, 1.000000, -0.000000, 0.000000, 0.000000, 0.916820, 0.399300, -0.000000, -0.399300, 0.916820),
      ["LeftUpperArm"] = CFrame.new(0.120812, -0.873234, -0.587229, 0.856270, -0.353798, -0.376336, -0.451012, -0.156974, -0.878605, 0.251773, 0.922055, -0.293980),
      ["LeftUpperLeg"] = CFrame.new(-0.000275, -0.016555, -0.000852, 0.999450, 0.033154, 0.000022, -0.033111, 0.998162, -0.050748, -0.001704, 0.050720, 0.998711),
      ["LowerTorso"] = CFrame.new(0.000000, 0.004116, 0.873667, 1.000000, -0.000000, 0.000000, 0.000000, 0.995885, 0.090631, -0.000000, -0.090631, 0.995885),
      ["RightUpperArm"] = CFrame.new(-0.000005, -0.000739, 0.019702, 0.993311, -0.000019, -0.115472, -0.008631, 0.997190, -0.074414, 0.115149, 0.074913, 0.990519),
      ["RightUpperLeg"] = CFrame.new(0.000228, -0.015089, -0.000772, 0.999543, -0.030219, -0.000010, 0.030180, 0.998255, -0.050747, 0.001543, 0.050723, 0.998712)
    }},
    { Time = 0.100, Data = {
      ["Balls"] = CFrame.new(-0.000002, -0.000005, 0.000000, 0.970329, 0.241787, 0.000000, -0.241787, 0.970329, -0.000000, -0.000000, 0.000000, 1.000000),
      ["Cock"] = CFrame.new(0.000000, 0.000000, 0.000000, 0.901452, 0.432878, 0.000000, -0.432878, 0.901452, -0.000000, -0.000000, 0.000000, 1.000000),
      ["Head"] = CFrame.new(0.000000, 0.000000, 0.000000, 1.000000, -0.000000, 0.000000, 0.000000, 0.916327, 0.400431, -0.000000, -0.400431, 0.916327),
      ["LeftUpperArm"] = CFrame.new(0.120765, -0.873186, -0.587239, 0.856080, -0.353975, -0.376602, -0.451293, -0.156791, -0.878494, 0.251917, 0.922018, -0.293972),
      ["LeftUpperLeg"] = CFrame.new(-0.000275, -0.016555, -0.000851, 0.999450, 0.033154, 0.000024, -0.033111, 0.998171, -0.050576, -0.001701, 0.050547, 0.998720),
      ["LowerTorso"] = CFrame.new(0.000000, 0.004100, 0.873494, 1.000000, -0.000000, 0.000000, 0.000000, 0.995900, 0.090459, -0.000000, -0.090459, 0.995900),
      ["RightUpperArm"] = CFrame.new(-0.000054, -0.000773, 0.020153, 0.993311, -0.000205, -0.115469, -0.008645, 0.997060, -0.076139, 0.115145, 0.076628, 0.990389),
      ["RightUpperLeg"] = CFrame.new(0.000228, -0.015089, -0.000770, 0.999543, -0.030219, -0.000012, 0.030180, 0.998264, -0.050574, 0.001541, 0.050551, 0.998720)
    }},
    { Time = 0.117, Data = {
      ["Balls"] = CFrame.new(-0.000002, -0.000005, 0.000000, 0.969674, 0.244402, 0.000000, -0.244402, 0.969674, -0.000000, -0.000000, 0.000000, 1.000000),
      ["Cock"] = CFrame.new(0.000000, 0.000000, 0.000000, 0.901376, 0.433038, 0.000000, -0.433038, 0.901376, -0.000000, -0.000000, 0.000000, 1.000000),
      ["Head"] = CFrame.new(0.000000, 0.000000, 0.000000, 1.000000, -0.000000, 0.000000, 0.000000, 0.915867, 0.401482, -0.000000, -0.401482, 0.915867),
      ["LeftUpperArm"] = CFrame.new(0.120699, -0.873165, -0.587261, 0.855897, -0.354227, -0.376781, -0.451537, -0.156711, -0.878383, 0.252101, 0.921935, -0.294075),
      ["LeftUpperLeg"] = CFrame.new(-0.000275, -0.016556, -0.000849, 0.999450, 0.033154, 0.000027, -0.033111, 0.998180, -0.050403, -0.001698, 0.050375, 0.998729),
      ["LowerTorso"] = CFrame.new(0.000000, 0.004092, 0.873408, 1.000000, -0.000000, 0.000000, 0.000000, 0.995908, 0.090373, -0.000000, -0.090373, 0.995908),
      ["RightUpperArm"] = CFrame.new(-0.000102, -0.000807, 0.020581, 0.993311, -0.000386, -0.115465, -0.008653, 0.996933, -0.077777, 0.115141, 0.078256, 0.990262),
      ["RightUpperLeg"] = CFrame.new(0.000228, -0.015089, -0.000769, 0.999543, -0.030219, -0.000015, 0.030180, 0.998273, -0.050402, 0.001538, 0.050379, 0.998729)
    }},
    { Time = 0.133, Data = {
      ["Balls"] = CFrame.new(-0.000002, -0.000005, 0.000000, 0.969011, 0.247016, 0.000000, -0.247016, 0.969011, -0.000000, -0.000000, 0.000000, 1.000000),
      ["Cock"] = CFrame.new(0.000000, 0.000000, 0.000000, 0.901261, 0.433277, 0.000000, -0.433277, 0.901261, -0.000000, -0.000000, 0.000000, 1.000000),
      ["Head"] = CFrame.new(0.000000, -0.000000, 0.000000, 1.000000, -0.000000, 0.000000, 0.000000, 0.915406, 0.402532, -0.000000, -0.402532, 0.915406),
      ["LeftUpperArm"] = CFrame.new(0.120618, -0.873132, -0.587286, 0.855668, -0.354536, -0.377011, -0.451839, -0.156584, -0.878250, 0.252338, 0.921838, -0.294177),
      ["LeftUpperLeg"] = CFrame.new(-0.000275, -0.016556, -0.000848, 0.999450, 0.033154, 0.000030, -0.033111, 0.998189, -0.050231, -0.001695, 0.050202, 0.998738),
      ["LowerTorso"] = CFrame.new(0.000000, 0.004084, 0.873322, 1.000000, -0.000000, 0.000000, 0.000000, 0.995916, 0.090287, -0.000000, -0.090287, 0.995916),
      ["RightUpperArm"] = CFrame.new(-0.000149, -0.000841, 0.021010, 0.993312, -0.000568, -0.115461, -0.008662, 0.996804, -0.079416, 0.115137, 0.079885, 0.990132),
      ["RightUpperLeg"] = CFrame.new(0.000228, -0.015089, -0.000768, 0.999543, -0.030219, -0.000018, 0.030180, 0.998282, -0.050230, 0.001535, 0.050206, 0.998738)
    }},
    { Time = 0.150, Data = {
      ["Balls"] = CFrame.new(-0.000002, -0.000005, 0.000000, 0.968363, 0.249545, 0.000000, -0.249545, 0.968363, -0.000000, -0.000000, 0.000000, 1.000000),
      ["Cock"] = CFrame.new(0.000000, -0.000000, 0.000000, 0.901146, 0.433517, 0.000000, -0.433517, 0.901146, -0.000000, -0.000000, 0.000000, 1.000000),
      ["Head"] = CFrame.new(0.000000, 0.000000, -0.000000, 1.000000, -0.000000, 0.000000, 0.000000, 0.914944, 0.403581, -0.000000, -0.403581, 0.914944),
      ["LeftUpperArm"] = CFrame.new(0.120537, -0.873098, -0.587311, 0.855438, -0.354845, -0.377240, -0.452141, -0.156457, -0.878117, 0.252574, 0.921741, -0.294280),
      ["LeftUpperLeg"] = CFrame.new(-0.000275, -0.016556, -0.000846, 0.999450, 0.033154, 0.000034, -0.033111, 0.998202, -0.049972, -0.001691, 0.049944, 0.998751),
      ["LowerTorso"] = CFrame.new(0.000000, 0.004069, 0.873150, 1.000000, -0.000000, 0.000000, 0.000000, 0.995931, 0.090115, -0.000000, -0.090115, 0.995931),
      ["RightUpperArm"] = CFrame.new(-0.000196, -0.000873, 0.021415, 0.993312, -0.000744, -0.115457, -0.008665, 0.996679, -0.080968, 0.115134, 0.081427, 0.990007),
      ["RightUpperLeg"] = CFrame.new(0.000228, -0.015089, -0.000766, 0.999543, -0.030219, -0.000022, 0.030180, 0.998295, -0.049971, 0.001532, 0.049947, 0.998751)
    }},
    { Time = 0.167, Data = {
      ["Balls"] = CFrame.new(-0.000002, -0.000005, 0.000000, 0.967730, 0.251988, 0.000000, -0.251988, 0.967730, -0.000000, -0.000000, 0.000000, 1.000000),
      ["Cock"] = CFrame.new(0.000000, 0.000000, 0.000000, 0.901030, 0.433756, 0.000000, -0.433756, 0.901030, -0.000000, -0.000000, 0.000000, 1.000000),
      ["Head"] = CFrame.new(0.000000, 0.000000, -0.000000, 1.000000, -0.000000, 0.000000, 0.000000, 0.914480, 0.404630, -0.000000, -0.404630, 0.914480),
      ["LeftUpperArm"] = CFrame.new(0.120454, -0.873053, -0.587335, 0.855156, -0.355159, -0.377585, -0.452551, -0.156284, -0.877937, 0.252797, 0.921649, -0.294375),
      ["LeftUpperLeg"] = CFrame.new(-0.000275, -0.016556, -0.000843, 0.999450, 0.033154, 0.000039, -0.033111, 0.998214, -0.049714, -0.001687, 0.049685, 0.998764),
      ["LowerTorso"] = CFrame.new(0.000000, 0.004053, 0.872978, 1.000000, -0.000000, 0.000000, 0.000000, 0.995947, 0.089943, -0.000000, -0.089943, 0.995947),
      ["RightUpperArm"] = CFrame.new(-0.000242, -0.000907, 0.021821, 0.993312, -0.000920, -0.115453, -0.008669, 0.996552, -0.082521, 0.115131, 0.082970, 0.989879),
      ["RightUpperLeg"] = CFrame.new(0.000228, -0.015089, -0.000764, 0.999543, -0.030219, -0.000025, 0.030181, 0.998307, -0.049712, 0.001528, 0.049689, 0.998764)
    }},
    { Time = 0.183, Data = {
      ["Balls"] = CFrame.new(-0.000001, -0.000005, 0.000000, 0.967091, 0.254430, 0.000000, -0.254430, 0.967091, -0.000000, -0.000000, 0.000000, 1.000000),
      ["Cock"] = CFrame.new(0.000000, 0.000000, 0.000000, 0.900877, 0.434075, 0.000000, -0.434075, 0.900877, -0.000000, -0.000000, 0.000000, 1.000000),
      ["Head"] = CFrame.new(0.000000, -0.000000, 0.000000, 1.000000, -0.000000, 0.000000, 0.000000, 0.914051, 0.405598, -0.000000, -0.405598, 0.914051),
      ["LeftUpperArm"] = CFrame.new(0.120342, -0.872995, -0.587369, 0.854834, -0.355583, -0.377914, -0.452967, -0.156065, -0.877761, 0.253138, 0.921523, -0.294477),
      ["LeftUpperLeg"] = CFrame.new(-0.000275, -0.016556, -0.000841, 0.999450, 0.033154, 0.000043, -0.033112, 0.998227, -0.049455, -0.001683, 0.049426, 0.998776),
      ["LowerTorso"] = CFrame.new(0.000000, 0.004038, 0.872806, 1.000000, -0.000000, 0.000000, 0.000000, 0.995963, 0.089770, -0.000000, -0.089770, 0.995963),
      ["RightUpperArm"] = CFrame.new(-0.000287, -0.000939, 0.022204, 0.993313, -0.001091, -0.115449, -0.008667, 0.996429, -0.083987, 0.115128, 0.084426, 0.989756),
      ["RightUpperLeg"] = CFrame.new(0.000228, -0.015089, -0.000762, 0.999543, -0.030219, -0.000029, 0.030181, 0.998320, -0.049453, 0.001524, 0.049430, 0.998776)
    }},
    { Time = 0.200, Data = {
      ["Balls"] = CFrame.new(-0.000001, -0.000005, 0.000000, 0.966491, 0.256702, 0.000000, -0.256702, 0.966491, -0.000000, -0.000000, 0.000000, 1.000000),
      ["Cock"] = CFrame.new(-0.000000, 0.000000, 0.000000, 0.900723, 0.434394, 0.000000, -0.434394, 0.900723, -0.000000, -0.000000, 0.000000, 1.000000),
      ["Head"] = CFrame.new(0.000000, -0.000000, -0.000000, 1.000000, -0.000000, 0.000000, 0.000000, 0.913621, 0.406566, -0.000000, -0.406566, 0.913621),
      ["LeftUpperArm"] = CFrame.new(0.120231, -0.872937, -0.587402, 0.854512, -0.356007, -0.378243, -0.453384, -0.155845, -0.877585, 0.253479, 0.921396, -0.294579),
      ["LeftUpperLeg"] = CFrame.new(-0.000275, -0.016556, -0.000838, 0.999450, 0.033154, 0.000049, -0.033112, 0.998244, -0.049110, -0.001677, 0.049081, 0.998793),
      ["LowerTorso"] = CFrame.new(0.000000, 0.004022, 0.872634, 1.000000, -0.000000, 0.000000, 0.000000, 0.995978, 0.089598, -0.000000, -0.089598, 0.995978),
      ["RightUpperArm"] = CFrame.new(-0.000332, -0.000972, 0.022587, 0.993313, -0.001262, -0.115444, -0.008666, 0.996305, -0.085453, 0.115126, 0.085882, 0.989631),
      ["RightUpperLeg"] = CFrame.new(0.000228, -0.015089, -0.000759, 0.999543, -0.030219, -0.000035, 0.030181, 0.998337, -0.049109, 0.001519, 0.049085, 0.998793)
    }},
    { Time = 0.217, Data = {
      ["Balls"] = CFrame.new(-0.000001, -0.000004, 0.000000, 0.965907, 0.258889, 0.000000, -0.258889, 0.965907, -0.000000, -0.000000, 0.000000, 1.000000),
      ["Cock"] = CFrame.new(0.000000, 0.000000, 0.000000, 0.900530, 0.434793, 0.000000, -0.434793, 0.900530, -0.000000, -0.000000, 0.000000, 1.000000),
      ["Head"] = CFrame.new(0.000000, 0.000000, 0.000000, 1.000000, -0.000000, 0.000000, 0.000000, 0.913226, 0.407453, -0.000000, -0.407453, 0.913226),
      ["LeftUpperArm"] = CFrame.new(0.120118, -0.872867, -0.587433, 0.854137, -0.356436, -0.378687, -0.453908, -0.155579, -0.877361, 0.253807, 0.921276, -0.294674),
      ["LeftUpperLeg"] = CFrame.new(-0.000275, -0.016556, -0.000836, 0.999450, 0.033154, 0.000055, -0.033112, 0.998261, -0.048765, -0.001671, 0.048736, 0.998810),
      ["LowerTorso"] = CFrame.new(0.000000, 0.004007, 0.872462, 1.000000, -0.000000, 0.000000, 0.000000, 0.995993, 0.089426, -0.000000, -0.089426, 0.995993),
      ["RightUpperArm"] = CFrame.new(-0.000375, -0.001003, 0.022947, 0.993313, -0.001428, -0.115440, -0.008660, 0.996185, -0.086833, 0.115123, 0.087252, 0.989512),
      ["RightUpperLeg"] = CFrame.new(0.000228, -0.015090, -0.000757, 0.999543, -0.030219, -0.000040, 0.030181, 0.998354, -0.048764, 0.001513, 0.048740, 0.998810)
    }},
    { Time = 0.233, Data = {
      ["Balls"] = CFrame.new(-0.000001, -0.000004, 0.000000, 0.965319, 0.261075, 0.000000, -0.261075, 0.965319, -0.000000, -0.000000, 0.000000, 1.000000),
      ["Cock"] = CFrame.new(0.000000, -0.000000, 0.000000, 0.900376, 0.435112, 0.000000, -0.435112, 0.900376, -0.000000, -0.000000, 0.000000, 1.000000),
      ["Head"] = CFrame.new(0.000000, 0.000000, -0.000000, 1.000000, -0.000000, 0.000000, 0.000000, 0.912830, 0.408339, -0.000000, -0.408339, 0.912830),
      ["LeftUpperArm"] = CFrame.new(0.119992, -0.872797, -0.587471, 0.853768, -0.356916, -0.379066, -0.454381, -0.155312, -0.877163, 0.254200, 0.921135, -0.294777),
      ["LeftUpperLeg"] = CFrame.new(-0.000275, -0.016556, -0.000833, 0.999450, 0.033154, 0.000060, -0.033112, 0.998278, -0.048420, -0.001665, 0.048392, 0.998827),
      ["LowerTorso"] = CFrame.new(0.000000, 0.003984, 0.872203, 1.000000, -0.000000, 0.000000, 0.000000, 0.996017, 0.089168, -0.000000, -0.089168, 0.996017),
      ["RightUpperArm"] = CFrame.new(-0.000418, -0.001033, 0.023285, 0.993314, -0.001589, -0.115435, -0.008648, 0.996072, -0.088127, 0.115122, 0.088536, 0.989398),
      ["RightUpperLeg"] = CFrame.new(0.000228, -0.015089, -0.000754, 0.999543, -0.030219, -0.000045, 0.030182, 0.998371, -0.048419, 0.001508, 0.048395, 0.998827)
    }},
    { Time = 0.250, Data = {
      ["Balls"] = CFrame.new(-0.000001, -0.000004, 0.000000, 0.964771, 0.263092, 0.000000, -0.263092, 0.964771, -0.000000, -0.000000, 0.000000, 1.000000),
      ["Cock"] = CFrame.new(0.000000, 0.000000, 0.000000, 0.900184, 0.435510, 0.000000, -0.435510, 0.900184, -0.000000, -0.000000, 0.000000, 1.000000),
      ["Head"] = CFrame.new(0.000000, 0.000000, -0.000000, 1.000000, -0.000000, 0.000000, 0.000000, 0.912470, 0.409145, -0.000000, -0.409145, 0.912470),
      ["LeftUpperArm"] = CFrame.new(0.119845, -0.872742, -0.587518, 0.853352, -0.357476, -0.379474, -0.454927, -0.155101, -0.876918, 0.254620, 0.920953, -0.294981),
      ["LeftUpperLeg"] = CFrame.new(-0.000275, -0.016556, -0.000829, 0.999450, 0.033154, 0.000067, -0.033113, 0.998299, -0.047989, -0.001658, 0.047960, 0.998848),
      ["LowerTorso"] = CFrame.new(0.000000, 0.003961, 0.871945, 1.000000, -0.000000, 0.000000, 0.000000, 0.996040, 0.088910, -0.000000, -0.088910, 0.996040),
      ["RightUpperArm"] = CFrame.new(-0.000460, -0.001064, 0.023623, 0.993314, -0.001750, -0.115430, -0.008637, 0.995957, -0.089420, 0.115120, 0.089820, 0.989282),
      ["RightUpperLeg"] = CFrame.new(0.000228, -0.015090, -0.000751, 0.999543, -0.030219, -0.000050, 0.030182, 0.998388, -0.048074, 0.001503, 0.048050, 0.998844)
    }},
    { Time = 0.267, Data = {
      ["Balls"] = CFrame.new(-0.000001, -0.000004, 0.000000, 0.964242, 0.265024, 0.000000, -0.265024, 0.964242, -0.000000, -0.000000, 0.000000, 1.000000),
      ["Cock"] = CFrame.new(0.000000, 0.000000, 0.000000, 0.899991, 0.435909, 0.000000, -0.435909, 0.899991, -0.000000, -0.000000, 0.000000, 1.000000),
      ["Head"] = CFrame.new(0.000000, -0.000000, 0.000000, 1.000000, -0.000000, 0.000000, 0.000000, 0.912108, 0.409950, -0.000000, -0.409950, 0.912108),
      ["LeftUpperArm"] = CFrame.new(0.119717, -0.872659, -0.587554, 0.852929, -0.357961, -0.379968, -0.455507, -0.154787, -0.876672, 0.255000, 0.920817, -0.295076),
      ["LeftUpperLeg"] = CFrame.new(-0.000275, -0.016555, -0.000869, 0.999450, 0.033156, 0.000159, -0.033111, 0.998315, -0.047645, -0.001739, 0.047614, 0.998864),
      ["LowerTorso"] = CFrame.new(0.000000, 0.003945, 0.871773, 1.000000, -0.000000, 0.000000, 0.000000, 0.996055, 0.088738, -0.000000, -0.088738, 0.996055),
      ["RightUpperArm"] = CFrame.new(-0.000501, -0.001092, 0.023938, 0.993314, -0.001906, -0.115425, -0.008621, 0.995847, -0.090628, 0.115118, 0.091017, 0.989173),
      ["RightUpperLeg"] = CFrame.new(0.000228, -0.015089, -0.000791, 0.999543, -0.030221, -0.000143, 0.030180, 0.998408, -0.047644, 0.001583, 0.047618, 0.998864)
    }},
    { Time = 0.283, Data = {
      ["Balls"] = CFrame.new(-0.000001, -0.000004, 0.000000, 0.963755, 0.266788, 0.000000, -0.266788, 0.963755, -0.000000, -0.000000, 0.000000, 1.000000),
      ["Cock"] = CFrame.new(-0.000000, 0.000000, 0.000000, 0.899759, 0.436387, 0.000000, -0.436387, 0.899759, -0.000000, -0.000000, 0.000000, 1.000000),
      ["Head"] = CFrame.new(0.000000, -0.000000, 0.000000, 1.000000, -0.000000, 0.000000, 0.000000, 0.911782, 0.410675, -0.000000, -0.410675, 0.911782),
      ["LeftUpperArm"] = CFrame.new(0.119555, -0.872591, -0.587606, 0.852466, -0.358577, -0.380426, -0.456109, -0.154528, -0.876405, 0.255472, 0.920621, -0.295281),
      ["LeftUpperLeg"] = CFrame.new(-0.000275, -0.016556, -0.000866, 0.999450, 0.033156, 0.000167, -0.033111, 0.998336, -0.047214, -0.001732, 0.047183, 0.998885),
      ["LowerTorso"] = CFrame.new(0.000000, 0.003922, 0.871515, 1.000000, -0.000000, 0.000000, 0.000000, 0.996078, 0.088480, -0.000000, -0.088480, 0.996078),
      ["RightUpperArm"] = CFrame.new(-0.000518, -0.001119, 0.024231, 0.993314, -0.001971, -0.115424, -0.008685, 0.995745, -0.091745, 0.115114, 0.092134, 0.989070),
      ["RightUpperLeg"] = CFrame.new(0.000228, -0.015089, -0.000788, 0.999543, -0.030221, -0.000150, 0.030180, 0.998429, -0.047213, 0.001576, 0.047187, 0.998885)
    }},
    { Time = 0.300, Data = {
      ["Balls"] = CFrame.new(-0.000001, -0.000004, 0.000000, 0.963289, 0.268466, 0.000000, -0.268466, 0.963289, -0.000000, -0.000000, 0.000000, 1.000000),
      ["Cock"] = CFrame.new(0.000000, 0.000000, 0.000000, 0.899566, 0.436786, 0.000000, -0.436786, 0.899566, -0.000000, -0.000000, 0.000000, 1.000000),
      ["Head"] = CFrame.new(0.000000, 0.000000, 0.000000, 1.000000, -0.000000, 0.000000, 0.000000, 0.911492, 0.411319, -0.000000, -0.411319, 0.911492),
      ["LeftUpperArm"] = CFrame.new(0.119412, -0.872496, -0.587646, 0.851995, -0.359120, -0.380969, -0.456746, -0.154167, -0.876137, 0.255905, 0.920471, -0.295376),
      ["LeftUpperLeg"] = CFrame.new(-0.000275, -0.016556, -0.000862, 0.999450, 0.033156, 0.000174, -0.033112, 0.998356, -0.046783, -0.001725, 0.046752, 0.998905),
      ["LowerTorso"] = CFrame.new(0.000000, 0.003899, 0.871257, 1.000000, -0.000000, 0.000000, 0.000000, 0.996101, 0.088221, -0.000000, -0.088221, 0.996101),
      ["RightUpperArm"] = CFrame.new(-0.000558, -0.001146, 0.024524, 0.993315, -0.002122, -0.115419, -0.008664, 0.995641, -0.092867, 0.115113, 0.093246, 0.988966),
      ["RightUpperLeg"] = CFrame.new(0.000228, -0.015089, -0.000785, 0.999543, -0.030221, -0.000156, 0.030181, 0.998449, -0.046781, 0.001570, 0.046755, 0.998905)
    }},
    { Time = 0.317, Data = {
      ["Balls"] = CFrame.new(-0.000001, -0.000004, 0.000000, 0.962843, 0.270061, 0.000000, -0.270061, 0.962843, -0.000000, -0.000000, 0.000000, 1.000000),
      ["Cock"] = CFrame.new(0.000000, 0.000000, 0.000000, 0.899333, 0.437264, 0.000000, -0.437264, 0.899333, -0.000000, -0.000000, 0.000000, 1.000000),
      ["Head"] = CFrame.new(0.000000, 0.000000, 0.000000, 1.000000, -0.000000, 0.000000, 0.000000, 0.911201, 0.411962, -0.000000, -0.411962, 0.911201),
      ["LeftUpperArm"] = CFrame.new(0.119251, -0.872428, -0.587697, 0.851530, -0.359735, -0.381427, -0.457348, -0.153907, -0.875869, 0.256377, 0.920273, -0.295580),
      ["LeftUpperLeg"] = CFrame.new(-0.000275, -0.016556, -0.000859, 0.999450, 0.033156, 0.000181, -0.033112, 0.998376, -0.046352, -0.001717, 0.046320, 0.998925),
      ["LowerTorso"] = CFrame.new(0.000000, 0.003869, 0.870912, 1.000000, -0.000000, 0.000000, 0.000000, 0.996131, 0.087877, -0.000000, -0.087877, 0.996131),
      ["RightUpperArm"] = CFrame.new(-0.000595, -0.001170, 0.024771, 0.993315, -0.002263, -0.115414, -0.008633, 0.995552, -0.093816, 0.115113, 0.094186, 0.988877),
      ["RightUpperLeg"] = CFrame.new(0.000228, -0.015090, -0.000782, 0.999543, -0.030221, -0.000163, 0.030181, 0.998469, -0.046350, 0.001563, 0.046324, 0.998925)
    }},
    { Time = 0.333, Data = {
      ["Balls"] = CFrame.new(-0.000001, -0.000004, 0.000000, 0.962442, 0.271487, 0.000000, -0.271487, 0.962442, -0.000000, -0.000000, 0.000000, 1.000000),
      ["Cock"] = CFrame.new(0.000000, 0.000000, 0.000000, 0.899101, 0.437742, 0.000000, -0.437742, 0.899101, -0.000000, -0.000000, 0.000000, 1.000000),
      ["Head"] = CFrame.new(0.000000, -0.000000, 0.000000, 1.000000, -0.000000, 0.000000, 0.000000, 0.910910, 0.412606, -0.000000, -0.412606, 0.910910),
      ["LeftUpperArm"] = CFrame.new(0.119087, -0.872347, -0.587747, 0.851011, -0.360355, -0.381999, -0.458056, -0.153599, -0.875552, 0.256835, 0.920082, -0.295778),
      ["LeftUpperLeg"] = CFrame.new(-0.000275, -0.016556, -0.000854, 0.999450, 0.033156, 0.000189, -0.033113, 0.998400, -0.045834, -0.001709, 0.045803, 0.998949),
      ["LowerTorso"] = CFrame.new(0.000000, 0.003846, 0.870654, 1.000000, -0.000000, 0.000000, 0.000000, 0.996154, 0.087619, -0.000000, -0.087619, 0.996154),
      ["RightUpperArm"] = CFrame.new(-0.000609, -0.001193, 0.025019, 0.993315, -0.002318, -0.115413, -0.008688, 0.995462, -0.094761, 0.115109, 0.095130, 0.988787),
      ["RightUpperLeg"] = CFrame.new(0.000229, -0.015090, -0.000778, 0.999543, -0.030221, -0.000170, 0.030182, 0.998493, -0.045833, 0.001555, 0.045807, 0.998949)
    }},
    { Time = 0.350, Data = {
      ["Balls"] = CFrame.new(-0.000001, -0.000004, 0.000000, 0.962063, 0.272829, 0.000000, -0.272829, 0.962063, -0.000000, -0.000000, 0.000000, 1.000000),
      ["Cock"] = CFrame.new(0.000000, 0.000000, 0.000000, 0.898829, 0.438299, 0.000000, -0.438299, 0.898829, -0.000000, -0.000000, 0.000000, 1.000000),
      ["Head"] = CFrame.new(0.000000, 0.000000, 0.000000, 1.000000, -0.000000, 0.000000, 0.000000, 0.910654, 0.413169, -0.000000, -0.413169, 0.910654),
      ["LeftUpperArm"] = CFrame.new(0.118911, -0.872266, -0.587803, 0.850499, -0.361028, -0.382506, -0.458714, -0.153291, -0.875262, 0.257359, 0.919870, -0.295982),
      ["LeftUpperLeg"] = CFrame.new(-0.000275, -0.016556, -0.000850, 0.999450, 0.033156, 0.000198, -0.033113, 0.998424, -0.045317, -0.001700, 0.045285, 0.998973),
      ["LowerTorso"] = CFrame.new(0.000000, 0.003823, 0.870396, 1.000000, -0.000000, 0.000000, 0.000000, 0.996177, 0.087361, -0.000000, -0.087361, 0.996177),
      ["RightUpperArm"] = CFrame.new(-0.000644, -0.001213, 0.025221, 0.993315, -0.002449, -0.115408, -0.008646, 0.995388, -0.095539, 0.115109, 0.095898, 0.988713),
      ["RightUpperLeg"] = CFrame.new(0.000228, -0.015090, -0.000774, 0.999543, -0.030221, -0.000178, 0.030182, 0.998517, -0.045315, 0.001548, 0.045289, 0.998973)
    }},
    { Time = 0.367, Data = {
      ["Balls"] = CFrame.new(-0.000001, -0.000004, 0.000000, 0.961705, 0.274086, 0.000000, -0.274086, 0.961705, -0.000000, -0.000000, 0.000000, 1.000000),
      ["Cock"] = CFrame.new(0.000000, 0.000000, 0.000000, 0.898596, 0.438777, 0.000000, -0.438777, 0.898596, -0.000000, -0.000000, 0.000000, 1.000000),
      ["Head"] = CFrame.new(0.000000, 0.000000, -0.000000, 1.000000, -0.000000, 0.000000, 0.000000, 0.910435, 0.413652, -0.000000, -0.413652, 0.910435),
      ["LeftUpperArm"] = CFrame.new(0.118738, -0.872145, -0.587851, 0.849931, -0.361683, -0.383149, -0.459464, -0.152833, -0.874949, 0.257896, 0.919689, -0.296077),
      ["LeftUpperLeg"] = CFrame.new(-0.000275, -0.016557, -0.000847, 0.999450, 0.033156, 0.000205, -0.033113, 0.998443, -0.044886, -0.001693, 0.044854, 0.998992),
      ["LowerTorso"] = CFrame.new(0.000000, 0.003793, 0.870052, 1.000000, -0.000000, 0.000000, 0.000000, 0.996207, 0.087016, -0.000000, -0.087016, 0.996207),
      ["RightUpperArm"] = CFrame.new(-0.000678, -0.001232, 0.025423, 0.993315, -0.002580, -0.115402, -0.008605, 0.995314, -0.096317, 0.115110, 0.096666, 0.988638),
      ["RightUpperLeg"] = CFrame.new(0.000228, -0.015090, -0.000770, 0.999543, -0.030221, -0.000185, 0.030182, 0.998536, -0.044884, 0.001541, 0.044858, 0.998992)
    }},
    { Time = 0.383, Data = {
      ["Balls"] = CFrame.new(-0.000001, -0.000004, 0.000000, 0.961418, 0.275092, 0.000000, -0.275092, 0.961418, -0.000000, -0.000000, 0.000000, 1.000000),
      ["Cock"] = CFrame.new(0.000000, 0.000000, 0.000000, 0.898324, 0.439334, 0.000000, -0.439334, 0.898324, -0.000000, -0.000000, 0.000000, 1.000000),
      ["Head"] = CFrame.new(0.000000, -0.000000, 0.000000, 1.000000, -0.000000, 0.000000, 0.000000, 0.910253, 0.414054, -0.000000, -0.414054, 0.910253),
      ["LeftUpperArm"] = CFrame.new(0.118576, -0.872063, -0.587902, 0.849409, -0.362302, -0.383721, -0.460171, -0.152522, -0.874631, 0.258354, 0.919497, -0.296274),
      ["LeftUpperLeg"] = CFrame.new(-0.000275, -0.016557, -0.000842, 0.999450, 0.033156, 0.000214, -0.033114, 0.998466, -0.044368, -0.001685, 0.044337, 0.999015),
      ["LowerTorso"] = CFrame.new(0.000000, 0.003771, 0.869793, 1.000000, -0.000000, 0.000000, 0.000000, 0.996229, 0.086758, -0.000000, -0.086758, 0.996229),
      ["RightUpperArm"] = CFrame.new(-0.000689, -0.001250, 0.025604, 0.993315, -0.002620, -0.115402, -0.008645, 0.995246, -0.097004, 0.115107, 0.097353, 0.988571),
      ["RightUpperLeg"] = CFrame.new(0.000228, -0.015090, -0.000767, 0.999543, -0.030221, -0.000193, 0.030183, 0.998559, -0.044367, 0.001533, 0.044340, 0.999015)
    }},
    { Time = 0.400, Data = {
      ["Balls"] = CFrame.new(-0.000001, -0.000004, 0.000000, 0.961154, 0.276014, 0.000000, -0.276014, 0.961154, -0.000000, -0.000000, 0.000000, 1.000000),
      ["Cock"] = CFrame.new(0.000000, 0.000000, 0.000000, 0.898051, 0.439891, 0.000000, -0.439891, 0.898051, -0.000000, -0.000000, 0.000000, 1.000000),
      ["Head"] = CFrame.new(0.000000, 0.000000, -0.000000, 1.000000, -0.000000, 0.000000, 0.000000, 0.910070, 0.414456, -0.000000, -0.414456, 0.910070),
      ["LeftUpperArm"] = CFrame.new(0.118384, -0.871969, -0.587961, 0.848847, -0.363030, -0.384277, -0.460885, -0.152164, -0.874318, 0.258930, 0.919269, -0.296479),
      ["LeftUpperLeg"] = CFrame.new(-0.000275, -0.016557, -0.000838, 0.999450, 0.033156, 0.000222, -0.033114, 0.998489, -0.043851, -0.001676, 0.043819, 0.999038),
      ["LowerTorso"] = CFrame.new(0.000000, 0.003741, 0.869449, 1.000000, -0.000000, 0.000000, 0.000000, 0.996259, 0.086414, -0.000000, -0.086414, 0.996259),
      ["RightUpperArm"] = CFrame.new(-0.000698, -0.001266, 0.025762, 0.993315, -0.002655, -0.115401, -0.008680, 0.995187, -0.097605, 0.115104, 0.097954, 0.988512),
      ["RightUpperLeg"] = CFrame.new(0.000228, -0.015091, -0.000763, 0.999543, -0.030221, -0.000200, 0.030183, 0.998582, -0.043849, 0.001525, 0.043823, 0.999038)
    }},
    { Time = 0.417, Data = {
      ["Balls"] = CFrame.new(-0.000001, -0.000004, 0.000000, 0.960913, 0.276851, 0.000000, -0.276851, 0.960913, -0.000000, -0.000000, 0.000000, 1.000000),
      ["Cock"] = CFrame.new(0.000000, 0.000000, 0.000000, 0.897817, 0.440369, 0.000000, -0.440369, 0.897817, -0.000000, -0.000000, 0.000000, 1.000000),
      ["Head"] = CFrame.new(0.000000, -0.000000, 0.000000, 1.000000, -0.000000, 0.000000, 0.000000, 0.909923, 0.414777, -0.000000, -0.414777, 0.909923),
      ["LeftUpperArm"] = CFrame.new(0.118207, -0.871875, -0.588016, 0.848276, -0.363705, -0.384898, -0.461648, -0.151805, -0.873978, 0.259441, 0.919062, -0.296676),
      ["LeftUpperLeg"] = CFrame.new(-0.000275, -0.016557, -0.000834, 0.999450, 0.033156, 0.000231, -0.033115, 0.998512, -0.043333, -0.001667, 0.043302, 0.999061),
      ["LowerTorso"] = CFrame.new(0.000000, 0.003711, 0.869105, 1.000000, -0.000000, 0.000000, 0.000000, 0.996289, 0.086069, -0.000000, -0.086069, 0.996289),
      ["RightUpperArm"] = CFrame.new(-0.000727, -0.001277, 0.025874, 0.993316, -0.002766, -0.115396, -0.008619, 0.995145, -0.098039, 0.115107, 0.098379, 0.988470),
      ["RightUpperLeg"] = CFrame.new(0.000228, -0.015091, -0.000759, 0.999543, -0.030221, -0.000208, 0.030183, 0.998605, -0.043332, 0.001518, 0.043305, 0.999061)
    }},
    { Time = 0.433, Data = {
      ["Balls"] = CFrame.new(-0.000001, -0.000004, 0.000000, 0.960719, 0.277521, 0.000000, -0.277521, 0.960719, -0.000000, -0.000000, 0.000000, 1.000000),
      ["Cock"] = CFrame.new(0.000000, 0.000000, 0.000000, 0.897544, 0.440925, 0.000000, -0.440925, 0.897544, -0.000000, -0.000000, 0.000000, 1.000000),
      ["Head"] = CFrame.new(0.000000, -0.000000, 0.000000, 1.000000, -0.000000, 0.000000, 0.000000, 0.909813, 0.415018, -0.000000, -0.415018, 0.909813),
      ["LeftUpperArm"] = CFrame.new(0.118000, -0.871768, -0.588080, 0.847664, -0.364489, -0.385504, -0.462418, -0.151397, -0.873641, 0.260068, 0.918818, -0.296880),
      ["LeftUpperLeg"] = CFrame.new(-0.000275, -0.016557, -0.000829, 0.999450, 0.033156, 0.000241, -0.033115, 0.998538, -0.042730, -0.001657, 0.042698, 0.999087),
      ["LowerTorso"] = CFrame.new(0.000000, 0.003689, 0.868847, 1.000000, -0.000000, 0.000000, 0.000000, 0.996311, 0.085811, -0.000000, -0.085811, 0.996311),
      ["RightUpperArm"] = CFrame.new(-0.000734, -0.001288, 0.025986, 0.993316, -0.002791, -0.115395, -0.008644, 0.995103, -0.098469, 0.115105, 0.098808, 0.988427),
      ["RightUpperLeg"] = CFrame.new(0.000228, -0.015091, -0.000754, 0.999543, -0.030221, -0.000217, 0.030184, 0.998631, -0.042728, 0.001508, 0.042702, 0.999087)
    }},
    { Time = 0.450, Data = {
      ["Balls"] = CFrame.new(-0.000001, -0.000004, 0.000000, 0.960574, 0.278024, 0.000000, -0.278024, 0.960574, -0.000000, -0.000000, 0.000000, 1.000000),
      ["Cock"] = CFrame.new(0.000000, 0.000000, 0.000000, 0.897270, 0.441482, 0.000000, -0.441482, 0.897270, -0.000000, -0.000000, 0.000000, 1.000000),
      ["Head"] = CFrame.new(0.000000, -0.000000, 0.000000, 1.000000, -0.000000, 0.000000, 0.000000, 0.909703, 0.415259, -0.000000, -0.415259, 0.909703),
      ["LeftUpperArm"] = CFrame.new(0.117823, -0.871672, -0.588134, 0.847091, -0.365163, -0.386125, -0.463180, -0.151036, -0.873300, 0.260579, 0.918610, -0.297077),
      ["LeftUpperLeg"] = CFrame.new(-0.000275, -0.016557, -0.000868, 0.999450, 0.033158, 0.000336, -0.033114, 0.998560, -0.042213, -0.001735, 0.042179, 0.999109),
      ["LowerTorso"] = CFrame.new(0.000000, 0.003659, 0.868502, 1.000000, -0.000000, 0.000000, 0.000000, 0.996341, 0.085467, -0.000000, -0.085467, 0.996341),
      ["RightUpperArm"] = CFrame.new(-0.000739, -0.001297, 0.026077, 0.993316, -0.002811, -0.115395, -0.008664, 0.995068, -0.098812, 0.115103, 0.099151, 0.988393),
      ["RightUpperLeg"] = CFrame.new(0.000228, -0.015090, -0.000793, 0.999543, -0.030223, -0.000312, 0.030182, 0.998653, -0.042212, 0.001587, 0.042183, 0.999109)
    }},
    { Time = 0.467, Data = {
      ["Balls"] = CFrame.new(-0.000001, -0.000004, 0.000000, 0.960477, 0.278359, 0.000000, -0.278359, 0.960477, -0.000000, -0.000000, 0.000000, 1.000000),
      ["Cock"] = CFrame.new(0.000000, -0.000000, 0.000000, 0.896957, 0.442118, 0.000000, -0.442118, 0.896957, -0.000000, -0.000000, 0.000000, 1.000000),
      ["Head"] = CFrame.new(0.000000, 0.000000, 0.000000, 1.000000, -0.000000, 0.000000, 0.000000, 0.909630, 0.415420, -0.000000, -0.415420, 0.909630),
      ["LeftUpperArm"] = CFrame.new(0.117631, -0.871565, -0.588193, 0.846470, -0.365894, -0.386795, -0.463998, -0.150626, -0.872936, 0.261141, 0.918386, -0.297274),
      ["LeftUpperLeg"] = CFrame.new(-0.000275, -0.016557, -0.000863, 0.999450, 0.033157, 0.000344, -0.033114, 0.998581, -0.041696, -0.001727, 0.041662, 0.999130),
      ["LowerTorso"] = CFrame.new(0.000000, 0.003630, 0.868158, 1.000000, -0.000000, 0.000000, 0.000000, 0.996370, 0.085122, -0.000000, -0.085122, 0.996370),
      ["RightUpperArm"] = CFrame.new(-0.000743, -0.001304, 0.026145, 0.993316, -0.002826, -0.115394, -0.008678, 0.995043, -0.099070, 0.115102, 0.099409, 0.988367),
      ["RightUpperLeg"] = CFrame.new(0.000228, -0.015091, -0.000790, 0.999543, -0.030222, -0.000319, 0.030183, 0.998674, -0.041694, 0.001579, 0.041665, 0.999130)
    }},
    { Time = 0.483, Data = {
      ["Balls"] = CFrame.new(-0.000001, -0.000004, 0.000000, 0.960429, 0.278526, 0.000000, -0.278526, 0.960429, -0.000000, -0.000000, 0.000000, 1.000000),
      ["Cock"] = CFrame.new(0.000000, 0.000000, 0.000000, 0.896682, 0.442675, 0.000000, -0.442675, 0.896682, -0.000000, -0.000000, 0.000000, 1.000000),
      ["Head"] = CFrame.new(0.000000, 0.000000, -0.000000, 1.000000, -0.000000, 0.000000, 0.000000, 0.909593, 0.415500, -0.000000, -0.415500, 0.909593),
      ["LeftUpperArm"] = CFrame.new(0.117440, -0.871469, -0.588255, 0.845902, -0.366620, -0.387350, -0.464710, -0.150262, -0.872621, 0.261716, 0.918157, -0.297478),
      ["LeftUpperLeg"] = CFrame.new(-0.000275, -0.016557, -0.000858, 0.999450, 0.033157, 0.000354, -0.033115, 0.998606, -0.041092, -0.001717, 0.041058, 0.999155),
      ["LowerTorso"] = CFrame.new(0.000000, 0.003600, 0.867814, 1.000000, -0.000000, 0.000000, 0.000000, 0.996400, 0.084778, -0.000000, -0.084778, 0.996400),
      ["RightUpperArm"] = CFrame.new(-0.000744, -0.001306, 0.026167, 0.993316, -0.002831, -0.115394, -0.008683, 0.995034, -0.099156, 0.115102, 0.099495, 0.988358),
      ["RightUpperLeg"] = CFrame.new(0.000228, -0.015091, -0.000785, 0.999543, -0.030222, -0.000329, 0.030183, 0.998699, -0.041090, 0.001570, 0.041062, 0.999155)
    }},
    { Time = 0.500, Data = {
      ["Balls"] = CFrame.new(-0.000001, -0.000003, 0.000000, 0.960404, 0.278610, 0.000000, -0.278610, 0.960404, -0.000000, -0.000000, 0.000000, 1.000000),
      ["Cock"] = CFrame.new(0.000000, -0.000000, 0.000000, 0.896407, 0.443231, 0.000000, -0.443231, 0.896407, -0.000000, -0.000000, 0.000000, 1.000000),
      ["Head"] = CFrame.new(0.000000, -0.000000, -0.000000, 1.000000, -0.000000, 0.000000, 0.000000, 0.909593, 0.415500, -0.000000, -0.415500, 0.909593),
      ["LeftUpperArm"] = CFrame.new(0.117248, -0.871360, -0.588313, 0.845278, -0.367350, -0.388020, -0.465527, -0.149849, -0.872256, 0.262278, 0.917932, -0.297675),
