return {
  ["Astros hump 16"] = {
    { Time = 0.000, Data = {
      ["Balls"] = CFrame.new(-0.000000, 0.000000, 0.000000, 0.995149, 0.098374, 0.000000, -0.098374, 0.995149, -0.000000, -0.000000, 0.000000, 1.000000),
      ["Cock"] = CFrame.new(0.000000, 0.000000, 0.000000, 0.999456, 0.032971, 0.000000, -0.032971, 0.999456, -0.000000, -0.000000, 0.000000, 1.000000),
      ["Head"] = CFrame.new(0.000000, 0.065515, 0.006290, 1.000000, -0.000000, 0.000000, 0.000000, 0.989807, 0.142412, -0.000000, -0.142412, 0.989807),
      ["LeftUpperArm"] = CFrame.new(-0.042416, -0.641018, 0.207046, 0.964819, -0.161276, 0.207638, 0.244977, 0.264757, -0.932679, 0.095445, 0.950733, 0.294951),
      ["LeftUpperLeg"] = CFrame.new(-0.253693, -0.261038, -0.815712, 0.962318, 0.061769, 0.264817, -0.268973, 0.073103, 0.960370, 0.039962, -0.995410, 0.086963),
      ["LowerTorso"] = CFrame.new(0.000322, -1.339183, 0.095919, 1.000000, -0.000000, 0.000000, 0.000000, 0.995418, 0.095621, -0.000000, -0.095621, 0.995418),
      ["RightUpperArm"] = CFrame.new(0.042416, -0.641018, 0.207046, 0.964819, 0.161276, -0.207638, -0.244977, 0.264757, -0.932679, -0.095445, 0.950733, 0.294951),
      ["RightUpperLeg"] = CFrame.new(0.253698, -0.261056, -0.815695, 0.962318, -0.061769, -0.264817, 0.268973, 0.073103, 0.960370, -0.039962, -0.995410, 0.086963)
    }},
    { Time = 0.017, Data = {
      ["Cock"] = CFrame.new(0.000001, -0.000008, 0.000000, 0.999459, 0.032884, 0.000000, -0.032884, 0.999459, -0.000000, -0.000000, 0.000000, 1.000000),
      ["Head"] = CFrame.new(0.000000, 0.065515, 0.006290, 1.000000, -0.000000, 0.000000, 0.000000, 0.989783, 0.142584, -0.000000, -0.142584, 0.989783),
      ["LeftUpperArm"] = CFrame.new(-0.042419, -0.640979, 0.207143, 0.964819, -0.161287, 0.207629, 0.244982, 0.264859, -0.932649, 0.095432, 0.950703, 0.295054),
      ["LeftUpperLeg"] = CFrame.new(-0.253693, -0.261084, -0.815524, 0.962318, 0.061754, 0.264820, -0.268970, 0.072987, 0.960379, 0.039978, -0.995419, 0.086847),
      ["LowerTorso"] = CFrame.new(0.000322, -1.339198, 0.095722, 1.000000, -0.000000, 0.000000, 0.000000, 0.995426, 0.095535, -0.000000, -0.095535, 0.995426),
      ["RightUpperArm"] = CFrame.new(0.042419, -0.640979, 0.207143, 0.964819, 0.161287, -0.207629, -0.244982, 0.264859, -0.932649, -0.095432, 0.950703, 0.295054),
      ["RightUpperLeg"] = CFrame.new(0.253698, -0.261102, -0.815506, 0.962318, -0.061754, -0.264820, 0.268970, 0.072987, 0.960379, -0.039978, -0.995419, 0.086847)
    }},
    { Time = 0.033, Data = {
      ["Cock"] = CFrame.new(0.000005, -0.000065, 0.000000, 0.999470, 0.032539, 0.000000, -0.032539, 0.999470, -0.000000, -0.000000, 0.000000, 1.000000),
      ["Head"] = CFrame.new(0.000000, 0.065515, 0.006290, 1.000000, -0.000000, 0.000000, 0.000000, 0.989721, 0.143012, -0.000000, -0.143012, 0.989721),
      ["LeftUpperArm"] = CFrame.new(-0.042417, -0.640784, 0.207851, 0.964813, -0.161281, 0.207663, 0.245054, 0.265268, -0.932514, 0.095310, 0.950590, 0.295457),
      ["LeftUpperLeg"] = CFrame.new(-0.253696, -0.261411, -0.814168, 0.962312, 0.061811, 0.264830, -0.268965, 0.072504, 0.960417, 0.040163, -0.995451, 0.086397),
      ["LowerTorso"] = CFrame.new(0.000322, -1.339285, 0.094517, 1.000000, -0.000000, 0.000000, 0.000000, 0.995467, 0.095105, -0.000000, -0.095105, 0.995467),
      ["RightUpperArm"] = CFrame.new(0.042417, -0.640784, 0.207851, 0.964813, 0.161281, -0.207663, -0.245054, 0.265268, -0.932514, -0.095310, 0.950590, 0.295457),
      ["RightUpperLeg"] = CFrame.new(0.253701, -0.261430, -0.814150, 0.962312, -0.061811, -0.264830, 0.268965, 0.072504, 0.960417, -0.040163, -0.995451, 0.086397)
    }},
    { Time = 0.050, Data = {
      ["Cock"] = CFrame.new(0.000017, -0.000220, 0.000000, 0.999504, 0.031504, 0.000000, -0.031504, 0.999504, -0.000000, -0.000000, 0.000000, 1.000000),
      ["Head"] = CFrame.new(0.000000, 0.065515, 0.006290, 1.000000, -0.000000, 0.000000, 0.000000, 0.989609, 0.143783, -0.000000, -0.143783, 0.989609),
      ["LeftUpperArm"] = CFrame.new(-0.042402, -0.640273, 0.209778, 0.964823, -0.161224, 0.207661, 0.245140, 0.266313, -0.932193, 0.094989, 0.950308, 0.296467),
      ["LeftUpperLeg"] = CFrame.new(-0.253686, -0.262237, -0.810521, 0.962332, 0.061861, 0.264744, -0.268827, 0.071093, 0.960561, 0.040600, -0.995550, 0.085045),
      ["LowerTorso"] = CFrame.new(0.000322, -1.339516, 0.091296, 1.000000, -0.000000, 0.000000, 0.000000, 0.995573, 0.093987, -0.000000, -0.093987, 0.995573),
      ["RightUpperArm"] = CFrame.new(0.042402, -0.640273, 0.209778, 0.964823, 0.161224, -0.207661, -0.245140, 0.266313, -0.932193, -0.094989, 0.950308, 0.296467),
      ["RightUpperLeg"] = CFrame.new(0.253691, -0.262255, -0.810504, 0.962332, -0.061861, -0.264744, 0.268827, 0.071093, 0.960561, -0.040600, -0.995550, 0.085045)
    }},
    { Time = 0.067, Data = {
      ["Cock"] = CFrame.new(0.000041, -0.000522, 0.000000, 0.999567, 0.029433, 0.000000, -0.029433, 0.999567, -0.000000, -0.000000, 0.000000, 1.000000),
      ["Head"] = CFrame.new(0.000000, 0.065515, 0.006290, 1.000000, -0.000000, 0.000000, 0.000000, 0.989447, 0.144896, -0.000000, -0.144896, 0.989447),
      ["LeftUpperArm"] = CFrame.new(-0.042406, -0.639243, 0.213516, 0.964827, -0.161239, 0.207633, 0.245332, 0.268480, -0.931521, 0.094452, 0.949695, 0.298594),
      ["LeftUpperLeg"] = CFrame.new(-0.253688, -0.263930, -0.803448, 0.962327, 0.061920, 0.264751, -0.268727, 0.068364, 0.960787, 0.041392, -0.995737, 0.082428),
      ["LowerTorso"] = CFrame.new(0.000322, -1.339966, 0.084964, 1.000000, -0.000000, 0.000000, 0.000000, 0.995782, 0.091750, -0.000000, -0.091750, 0.995782),
      ["RightUpperArm"] = CFrame.new(0.042406, -0.639243, 0.213516, 0.964827, 0.161239, -0.207633, -0.245332, 0.268480, -0.931521, -0.094452, 0.949695, 0.298594),
      ["RightUpperLeg"] = CFrame.new(0.253694, -0.263948, -0.803430, 0.962327, -0.061920, -0.264751, 0.268727, 0.068364, 0.960787, -0.041392, -0.995737, 0.082428)
    }},
    { Time = 0.083, Data = {
      ["Cock"] = CFrame.new(0.000080, -0.001019, 0.000000, 0.999660, 0.026067, 0.000000, -0.026067, 0.999660, -0.000000, -0.000000, 0.000000, 1.000000),
      ["Head"] = CFrame.new(0.000000, 0.065515, 0.006290, 1.000000, -0.000000, 0.000000, 0.000000, 0.989245, 0.146266, -0.000000, -0.146266, 0.989245),
      ["LeftUpperArm"] = CFrame.new(-0.042411, -0.637542, 0.219673, 0.964812, -0.161257, 0.207688, 0.245747, 0.272069, -0.930369, 0.093523, 0.948670, 0.302124),
      ["LeftUpperLeg"] = CFrame.new(-0.253691, -0.266708, -0.791772, 0.962321, 0.062042, 0.264743, -0.268538, 0.063845, 0.961151, 0.042729, -0.996029, 0.078100),
      ["LowerTorso"] = CFrame.new(0.000322, -1.340707, 0.074426, 1.000000, -0.000000, 0.000000, 0.000000, 0.996124, 0.087963, -0.000000, -0.087963, 0.996124),
      ["RightUpperArm"] = CFrame.new(0.042411, -0.637542, 0.219673, 0.964812, 0.161257, -0.207688, -0.245747, 0.272069, -0.930369, -0.093523, 0.948670, 0.302124),
      ["RightUpperLeg"] = CFrame.new(0.253696, -0.266726, -0.791754, 0.962321, -0.062042, -0.264743, 0.268538, 0.063845, 0.961151, -0.042729, -0.996029, 0.078100)
    }},
    { Time = 0.100, Data = {
      ["Cock"] = CFrame.new(0.000139, -0.001761, 0.000000, 0.999780, 0.020975, 0.000000, -0.020975, 0.999780, -0.000000, -0.000000, 0.000000, 1.000000),
      ["Head"] = CFrame.new(0.000000, 0.065515, 0.006290, 1.000000, -0.000000, 0.000000, 0.000000, 0.988991, 0.147979, -0.000000, -0.147979, 0.988991),
      ["LeftUpperArm"] = CFrame.new(-0.042401, -0.635030, 0.228862, 0.964828, -0.161218, 0.207641, 0.246204, 0.277317, -0.928697, 0.092141, 0.947156, 0.307256),
      ["LeftUpperLeg"] = CFrame.new(-0.253688, -0.270818, -0.774347, 0.962328, 0.062223, 0.264675, -0.268185, 0.057057, 0.961676, 0.044736, -0.996430, 0.071594),
      ["LowerTorso"] = CFrame.new(0.000322, -1.341773, 0.058845, 1.000000, -0.000000, 0.000000, 0.000000, 0.996595, 0.082454, -0.000000, -0.082454, 0.996595),
      ["RightUpperArm"] = CFrame.new(0.042401, -0.635030, 0.228862, 0.964828, 0.161218, -0.207641, -0.246204, 0.277317, -0.928697, -0.092141, 0.947156, 0.307256),
      ["RightUpperLeg"] = CFrame.new(0.253693, -0.270836, -0.774329, 0.962328, -0.062223, -0.264675, 0.268185, 0.057057, 0.961676, -0.044736, -0.996430, 0.071594)
    }},
    { Time = 0.117, Data = {
      ["Cock"] = CFrame.new(0.000221, -0.002797, 0.000000, 0.999903, 0.013898, 0.000000, -0.013898, 0.999903, -0.000000, -0.000000, 0.000000, 1.000000),
      ["Head"] = CFrame.new(0.000000, 0.065515, 0.006290, 1.000000, -0.000000, 0.000000, 0.000000, 0.988681, 0.150033, -0.000000, -0.150033, 0.988681),
      ["LeftUpperArm"] = CFrame.new(-0.042415, -0.631492, 0.241658, 0.964825, -0.161273, 0.207613, 0.246912, 0.284767, -0.926252, 0.090258, 0.944933, 0.314570),
      ["LeftUpperLeg"] = CFrame.new(-0.253688, -0.276563, -0.750044, 0.962327, 0.062489, 0.264618, -0.267714, 0.047719, 0.962316, 0.047507, -0.996904, 0.062650),
      ["LowerTorso"] = CFrame.new(0.000322, -1.343220, 0.036951, 1.000000, -0.000000, 0.000000, 0.000000, 0.997212, 0.074616, -0.000000, -0.074616, 0.997212),
      ["RightUpperArm"] = CFrame.new(0.042415, -0.631492, 0.241658, 0.964825, 0.161273, -0.207613, -0.246912, 0.284767, -0.926252, -0.090258, 0.944933, 0.314570),
      ["RightUpperLeg"] = CFrame.new(0.253694, -0.276582, -0.750026, 0.962327, -0.062489, -0.264618, 0.267714, 0.047719, 0.962316, -0.047507, -0.996904, 0.062650)
    }},
    { Time = 0.133, Data = {
      ["Cock"] = CFrame.new(0.000329, -0.004175, 0.000000, 0.999990, 0.004489, 0.000000, -0.004489, 0.999990, -0.000000, -0.000000, 0.000000, 1.000000),
      ["Head"] = CFrame.new(0.000000, 0.065515, 0.006290, 1.000000, -0.000000, 0.000000, 0.000000, 0.988328, 0.152343, -0.000000, -0.152343, 0.988328),
      ["LeftUpperArm"] = CFrame.new(-0.042412, -0.626831, 0.258678, 0.964811, -0.161264, 0.207687, 0.247898, 0.294504, -0.922938, 0.087672, 0.941946, 0.324117),
      ["LeftUpperLeg"] = CFrame.new(-0.253678, -0.284150, -0.717731, 0.962347, 0.062742, 0.264483, -0.266969, 0.035105, 0.963066, 0.051140, -0.997412, 0.050533),
      ["LowerTorso"] = CFrame.new(0.000322, -1.345045, 0.007907, 1.000000, -0.000000, 0.000000, 0.000000, 0.997932, 0.064277, -0.000000, -0.064277, 0.997932),
      ["RightUpperArm"] = CFrame.new(0.042413, -0.626831, 0.258678, 0.964811, 0.161264, -0.207687, -0.247898, 0.294504, -0.922938, -0.087672, 0.941946, 0.324117),
      ["RightUpperLeg"] = CFrame.new(0.253683, -0.284169, -0.717712, 0.962347, -0.062742, -0.264483, 0.266969, 0.035105, 0.963066, -0.051140, -0.997412, 0.050533)
    }},
    { Time = 0.150, Data = {
      ["Cock"] = CFrame.new(0.000469, -0.005944, 0.000000, 0.999972, -0.007510, 0.000000, 0.007510, 0.999972, 0.000000, 0.000000, 0.000000, 1.000000),
      ["Head"] = CFrame.new(0.000000, 0.065515, 0.006290, 1.000000, -0.000000, 0.000000, 0.000000, 0.987915, 0.154996, -0.000000, -0.154996, 0.987915),
      ["LeftUpperArm"] = CFrame.new(-0.042417, -0.620848, 0.280488, 0.964819, -0.161280, 0.207638, 0.249000, 0.306998, -0.918559, 0.084401, 0.937945, 0.336356),
      ["LeftUpperLeg"] = CFrame.new(-0.253682, -0.293908, -0.676203, 0.962340, 0.063218, 0.264395, -0.266043, 0.019091, 0.963772, 0.055880, -0.997817, 0.035191),
      ["LowerTorso"] = CFrame.new(0.000322, -1.347231, -0.029387, 1.000000, -0.000000, 0.000000, 0.000000, 0.998699, 0.051000, -0.000000, -0.051000, 0.998699),
      ["RightUpperArm"] = CFrame.new(0.042417, -0.620848, 0.280488, 0.964819, 0.161280, -0.207638, -0.249000, 0.306998, -0.918559, -0.084401, 0.937945, 0.336356),
      ["RightUpperLeg"] = CFrame.new(0.253687, -0.293926, -0.676184, 0.962340, -0.063218, -0.264395, 0.266043, 0.019091, 0.963772, -0.055880, -0.997817, 0.035191)
    }},
    { Time = 0.167, Data = {
      ["Cock"] = CFrame.new(0.000644, -0.008154, 0.000000, 0.999744, -0.022615, 0.000000, 0.022615, 0.999744, 0.000000, 0.000000, 0.000000, 1.000000),
      ["Head"] = CFrame.new(0.000000, 0.065515, 0.006290, 1.000000, -0.000000, 0.000000, 0.000000, 0.987455, 0.157903, -0.000000, -0.157903, 0.987455),
      ["LeftUpperArm"] = CFrame.new(-0.042400, -0.613387, 0.307666, 0.964827, -0.161214, 0.207651, 0.250359, 0.322562, -0.912839, 0.080182, 0.932718, 0.351578),
      ["LeftUpperLeg"] = CFrame.new(-0.253676, -0.305996, -0.624357, 0.962353, 0.063752, 0.264222, -0.264693, -0.001086, 0.964332, 0.061765, -0.997965, 0.015829),
      ["LowerTorso"] = CFrame.new(0.000322, -1.349711, -0.075943, 1.000000, -0.000000, 0.000000, 0.000000, 0.999407, 0.034437, -0.000000, -0.034437, 0.999407),
      ["RightUpperArm"] = CFrame.new(0.042400, -0.613387, 0.307666, 0.964827, 0.161214, -0.207651, -0.250359, 0.322562, -0.912839, -0.080182, 0.932718, 0.351578),
      ["RightUpperLeg"] = CFrame.new(0.253681, -0.306015, -0.624338, 0.962353, -0.063752, -0.264222, 0.264693, -0.001086, 0.964332, -0.061765, -0.997965, 0.015829)
    }},
    { Time = 0.183, Data = {
      ["Cock"] = CFrame.new(0.000856, -0.010853, 0.000000, 0.999159, -0.040994, 0.000000, 0.040994, 0.999159, 0.000000, 0.000000, 0.000000, 1.000000),
      ["Head"] = CFrame.new(0.000000, 0.065515, 0.006290, 1.000000, -0.000000, 0.000000, 0.000000, 0.986916, 0.161237, -0.000000, -0.161237, 0.986916),
      ["LeftUpperArm"] = CFrame.new(-0.042417, -0.604306, 0.340761, 0.964824, -0.161280, 0.207614, 0.251927, 0.341451, -0.905508, 0.075150, 0.925959, 0.370070),
      ["LeftUpperLeg"] = CFrame.new(-0.253673, -0.320698, -0.561080, 0.962358, 0.064394, 0.264047, -0.262918, -0.025574, 0.964479, 0.068859, -0.997597, -0.007681),
      ["LowerTorso"] = CFrame.new(0.000323, -1.352370, -0.132944, 1.000000, -0.000000, 0.000000, 0.000000, 0.999901, 0.014070, -0.000000, -0.014070, 0.999901),
      ["RightUpperArm"] = CFrame.new(0.042417, -0.604306, 0.340761, 0.964824, 0.161280, -0.207614, -0.251927, 0.341451, -0.905508, -0.075150, 0.925959, 0.370070),
      ["RightUpperLeg"] = CFrame.new(0.253678, -0.320717, -0.561060, 0.962358, -0.064394, -0.264047, 0.262918, -0.025574, 0.964479, -0.068859, -0.997597, -0.007681)
    }},
    { Time = 0.200, Data = {
      ["Cock"] = CFrame.new(0.001112, -0.014090, 0.000000, 0.998015, -0.062984, 0.000000, 0.062984, 0.998015, 0.000000, 0.000000, 0.000000, 1.000000),
      ["Head"] = CFrame.new(0.000000, 0.065515, 0.006290, 1.000000, -0.000000, 0.000000, 0.000000, 0.986337, 0.164741, -0.000000, -0.164741, 0.986337),
      ["LeftUpperArm"] = CFrame.new(-0.042405, -0.593459, 0.380328, 0.964829, -0.161236, 0.207626, 0.253678, 0.363931, -0.896215, 0.068941, 0.917364, 0.392034),
      ["LeftUpperLeg"] = CFrame.new(-0.253666, -0.338188, -0.485200, 0.962371, 0.065193, 0.263804, -0.260502, -0.054956, 0.963908, 0.077338, -0.996358, -0.035905),
      ["LowerTorso"] = CFrame.new(0.000323, -1.355012, -0.201225, 1.000000, 0.000000, 0.000000, 0.000000, 0.999947, -0.010272, 0.000000, 0.010272, 0.999947),
      ["RightUpperArm"] = CFrame.new(0.042405, -0.593459, 0.380328, 0.964829, 0.161236, -0.207626, -0.253678, 0.363931, -0.896215, -0.068941, 0.917364, 0.392034),
      ["RightUpperLeg"] = CFrame.new(0.253672, -0.338206, -0.485180, 0.962371, -0.065193, -0.263804, 0.260502, -0.054956, 0.963908, -0.077338, -0.996358, -0.035905)
    }},
    { Time = 0.217, Data = {
      ["Cock"] = CFrame.new(0.001402, -0.017762, 0.000000, 0.996124, -0.087963, 0.000000, 0.087963, 0.996124, 0.000000, 0.000000, 0.000000, 1.000000),
      ["Head"] = CFrame.new(0.000000, 0.065515, 0.006290, 1.000000, -0.000000, 0.000000, 0.000000, 0.985673, 0.168670, -0.000000, -0.168670, 0.985673),
      ["LeftUpperArm"] = CFrame.new(-0.042420, -0.581244, 0.425030, 0.964814, -0.161293, 0.207649, 0.255530, 0.389102, -0.885045, 0.061955, 0.906964, 0.416627),
      ["LeftUpperLeg"] = CFrame.new(-0.253679, -0.357931, -0.399184, 0.962345, 0.066098, 0.263672, -0.257576, -0.088249, 0.962220, 0.086869, -0.993903, -0.067901),
      ["LowerTorso"] = CFrame.new(0.000323, -1.357291, -0.278674, 1.000000, 0.000000, 0.000000, 0.000000, 0.999282, -0.037889, 0.000000, 0.037889, 0.999282),
      ["RightUpperArm"] = CFrame.new(0.042420, -0.581244, 0.425030, 0.964814, 0.161293, -0.207649, -0.255530, 0.389102, -0.885045, -0.061955, 0.906964, 0.416627),
      ["RightUpperLeg"] = CFrame.new(0.253684, -0.357949, -0.399164, 0.962345, -0.066098, -0.263672, 0.257576, -0.088249, 0.962220, -0.086869, -0.993903, -0.067901)
    }},
    { Time = 0.233, Data = {
      ["Cock"] = CFrame.new(0.001657, -0.020999, 0.000000, 0.993934, -0.109980, 0.000000, 0.109980, 0.993934, 0.000000, 0.000000, 0.000000, 1.000000),
      ["Head"] = CFrame.new(0.000000, 0.065515, 0.006290, 1.000000, -0.000000, 0.000000, 0.000000, 0.984963, 0.172768, -0.000000, -0.172768, 0.984963),
      ["LeftUpperArm"] = CFrame.new(-0.042416, -0.570522, 0.464291, 0.964825, -0.161277, 0.207609, 0.256921, 0.411108, -0.874632, 0.055708, 0.897207, 0.438083),
      ["LeftUpperLeg"] = CFrame.new(-0.253688, -0.375185, -0.323395, 0.962329, 0.066869, 0.263538, -0.254690, -0.117567, 0.959850, 0.095168, -0.990811, -0.096107),
      ["LowerTorso"] = CFrame.new(0.000323, -1.358668, -0.346932, 1.000000, 0.000000, 0.000000, 0.000000, 0.998063, -0.062208, 0.000000, 0.062208, 0.998063),
      ["RightUpperArm"] = CFrame.new(0.042416, -0.570522, 0.464291, 0.964825, 0.161277, -0.207609, -0.256921, 0.411108, -0.874632, -0.055708, 0.897207, 0.438083),
      ["RightUpperLeg"] = CFrame.new(0.253693, -0.375204, -0.323374, 0.962329, -0.066869, -0.263538, 0.254690, -0.117567, 0.959850, -0.095168, -0.990811, -0.096107)
    }},
    { Time = 0.250, Data = {
      ["Cock"] = CFrame.new(0.001870, -0.023698, 0.000000, 0.991751, -0.128182, 0.000000, 0.128182, 0.991751, 0.000000, 0.000000, 0.000000, 1.000000),
      ["Head"] = CFrame.new(0.000000, 0.065515, 0.006290, 1.000000, -0.000000, 0.000000, 0.000000, 0.984159, 0.177290, -0.000000, -0.177290, 0.984159),
      ["LeftUpperArm"] = CFrame.new(-0.042404, -0.561637, 0.496921, 0.964824, -0.161230, 0.207653, 0.258018, 0.429251, -0.865547, 0.050417, 0.888678, 0.455752),
      ["LeftUpperLeg"] = CFrame.new(-0.253697, -0.389483, -0.260250, 0.962309, 0.067521, 0.263442, -0.252106, -0.141819, 0.957251, 0.101996, -0.987587, -0.119451),
      ["LowerTorso"] = CFrame.new(0.000323, -1.359364, -0.403812, 1.000000, 0.000000, 0.000000, 0.000000, 0.996595, -0.082454, 0.000000, 0.082454, 0.996595),
      ["RightUpperArm"] = CFrame.new(0.042404, -0.561637, 0.496921, 0.964824, 0.161230, -0.207653, -0.258018, 0.429251, -0.865547, -0.050417, 0.888678, 0.455752),
      ["RightUpperLeg"] = CFrame.new(0.253702, -0.389501, -0.260229, 0.962309, -0.067521, -0.263442, 0.252106, -0.141819, 0.957251, -0.101996, -0.987587, -0.119451)
    }},
    { Time = 0.267, Data = {
      ["Cock"] = CFrame.new(0.002045, -0.025908, 0.000000, 0.989709, -0.143098, 0.000000, 0.143098, 0.989709, 0.000000, 0.000000, 0.000000, 1.000000),
      ["Head"] = CFrame.new(0.000000, 0.065515, 0.006290, 1.000000, -0.000000, 0.000000, 0.000000, 0.983334, 0.181809, -0.000000, -0.181809, 0.983334),
      ["LeftUpperArm"] = CFrame.new(-0.042404, -0.554399, 0.523564, 0.964821, -0.161230, 0.207665, 0.258830, 0.443966, -0.857847, 0.046114, 0.881419, 0.470079),
      ["LeftUpperLeg"] = CFrame.new(-0.253709, -0.401126, -0.208557, 0.962286, 0.068086, 0.263381, -0.249864, -0.161655, 0.954692, 0.107577, -0.984496, -0.138546),
      ["LowerTorso"] = CFrame.new(0.000323, -1.359631, -0.450328, 1.000000, 0.000000, 0.000000, 0.000000, 0.995090, -0.098976, 0.000000, 0.098976, 0.995090),
      ["RightUpperArm"] = CFrame.new(0.042404, -0.554399, 0.523564, 0.964821, 0.161230, -0.207665, -0.258830, 0.443966, -0.857847, -0.046114, 0.881419, 0.470079),
      ["RightUpperLeg"] = CFrame.new(0.253714, -0.401144, -0.208535, 0.962286, -0.068086, -0.263381, 0.249864, -0.161655, 0.954692, -0.107577, -0.984496, -0.138546)
    }},
    { Time = 0.283, Data = {
      ["Cock"] = CFrame.new(0.002184, -0.027677, 0.000000, 0.987902, -0.155081, 0.000000, 0.155081, 0.987902, 0.000000, 0.000000, 0.000000, 1.000000),
      ["Head"] = CFrame.new(0.000000, 0.065515, 0.006290, 1.000000, -0.000000, 0.000000, 0.000000, 0.982569, 0.185899, -0.000000, -0.185899, 0.982569),
      ["LeftUpperArm"] = CFrame.new(-0.042412, -0.548631, 0.544852, 0.964813, -0.161261, 0.207678, 0.259447, 0.455643, -0.851514, 0.042689, 0.875434, 0.481449),
      ["LeftUpperLeg"] = CFrame.new(-0.253719, -0.410411, -0.167192, 0.962267, 0.068497, 0.263346, -0.247995, -0.177551, 0.952352, 0.111991, -0.981725, -0.153864),
      ["LowerTorso"] = CFrame.new(0.000323, -1.359644, -0.487583, 1.000000, 0.000000, 0.000000, 0.000000, 0.993684, -0.112214, 0.000000, 0.112214, 0.993684),
      ["RightUpperArm"] = CFrame.new(0.042412, -0.548631, 0.544852, 0.964813, 0.161261, -0.207678, -0.259447, 0.455643, -0.851514, -0.042689, 0.875434, 0.481449),
      ["RightUpperLeg"] = CFrame.new(0.253724, -0.410429, -0.167170, 0.962267, -0.068497, -0.263346, 0.247995, -0.177551, 0.952352, -0.111991, -0.981725, -0.153864)
    }},
    { Time = 0.300, Data = {
      ["Cock"] = CFrame.new(0.002293, -0.029055, 0.000000, 0.986408, -0.164314, 0.000000, 0.164314, 0.986408, 0.000000, 0.000000, 0.000000, 1.000000),
      ["Head"] = CFrame.new(0.000000, 0.065515, 0.006290, 1.000000, -0.000000, 0.000000, 0.000000, 0.981820, 0.189817, -0.000000, -0.189817, 0.981820),
      ["LeftUpperArm"] = CFrame.new(-0.042417, -0.544159, 0.561407, 0.964823, -0.161281, 0.207616, 0.259830, 0.464658, -0.846511, 0.040056, 0.870679, 0.490219),
      ["LeftUpperLeg"] = CFrame.new(-0.253725, -0.417596, -0.134958, 0.962254, 0.068897, 0.263288, -0.246445, -0.189855, 0.950379, 0.115465, -0.979392, -0.165709),
      ["LowerTorso"] = CFrame.new(0.000324, -1.359531, -0.516592, 1.000000, 0.000000, 0.000000, 0.000000, 0.992466, -0.122518, 0.000000, 0.122518, 0.992466),
      ["RightUpperArm"] = CFrame.new(0.042417, -0.544159, 0.561407, 0.964823, 0.161281, -0.207616, -0.259830, 0.464658, -0.846511, -0.040056, 0.870679, 0.490219),
      ["RightUpperLeg"] = CFrame.new(0.253730, -0.417614, -0.134936, 0.962254, -0.068897, -0.263288, 0.246445, -0.189855, 0.950379, -0.115465, -0.979392, -0.165709)
    }},
    { Time = 0.317, Data = {
      ["Cock"] = CFrame.new(0.002375, -0.030091, 0.000000, 0.985216, -0.171317, 0.000000, 0.171317, 0.985216, 0.000000, 0.000000, 0.000000, 1.000000),
      ["Head"] = CFrame.new(0.000000, 0.065515, 0.006290, 1.000000, -0.000000, 0.000000, 0.000000, 0.981138, 0.193307, -0.000000, -0.193307, 0.981138),
      ["LeftUpperArm"] = CFrame.new(-0.042396, -0.540802, 0.573833, 0.964827, -0.161201, 0.207659, 0.260131, 0.471422, -0.842670, 0.037944, 0.867050, 0.496774),
      ["LeftUpperLeg"] = CFrame.new(-0.253731, -0.422994, -0.110764, 0.962242, 0.069150, 0.263265, -0.245279, -0.199071, 0.948793, 0.118018, -0.977542, -0.174594),
      ["LowerTorso"] = CFrame.new(0.000324, -1.359378, -0.538370, 1.000000, 0.000000, 0.000000, 0.000000, 0.991482, -0.130241, 0.000000, 0.130241, 0.991482),
      ["RightUpperArm"] = CFrame.new(0.042396, -0.540802, 0.573833, 0.964827, 0.161201, -0.207659, -0.260131, 0.471422, -0.842670, -0.037944, 0.867050, 0.496774),
      ["RightUpperLeg"] = CFrame.new(0.253736, -0.423012, -0.110741, 0.962242, -0.069150, -0.263265, 0.245279, -0.199071, 0.948793, -0.118018, -0.977542, -0.174594)
    }},
    { Time = 0.333, Data = {
      ["Cock"] = CFrame.new(0.002433, -0.030833, 0.000000, 0.984343, -0.176266, 0.000000, 0.176266, 0.984343, 0.000000, 0.000000, 0.000000, 1.000000),
      ["Head"] = CFrame.new(0.000000, 0.065515, 0.006290, 1.000000, -0.000000, 0.000000, 0.000000, 0.980496, 0.196539, -0.000000, -0.196539, 0.980496),
      ["LeftUpperArm"] = CFrame.new(-0.042401, -0.538388, 0.582718, 0.964822, -0.161220, 0.207667, 0.260358, 0.476300, -0.839852, 0.036489, 0.864376, 0.501520),
      ["LeftUpperLeg"] = CFrame.new(-0.253730, -0.426852, -0.093464, 0.962243, 0.069258, 0.263232, -0.244422, -0.205695, 0.947601, 0.119774, -0.976162, -0.181000),
      ["LowerTorso"] = CFrame.new(0.000324, -1.359225, -0.554015, 1.000000, 0.000000, 0.000000, 0.000000, 0.990734, -0.135814, 0.000000, 0.135814, 0.990734),
      ["RightUpperArm"] = CFrame.new(0.042401, -0.538388, 0.582718, 0.964822, 0.161220, -0.207667, -0.260358, 0.476300, -0.839852, -0.036489, 0.864376, 0.501520),
      ["RightUpperLeg"] = CFrame.new(0.253735, -0.426870, -0.093442, 0.962243, -0.069258, -0.263232, 0.244422, -0.205695, 0.947601, -0.119774, -0.976162, -0.181000)
    }},
    { Time = 0.350, Data = {
      ["Cock"] = CFrame.new(0.002473, -0.031331, 0.000000, 0.983741, -0.179592, 0.000000, 0.179592, 0.983741, 0.000000, 0.000000, 0.000000, 1.000000),
      ["Head"] = CFrame.new(0.000000, 0.065515, 0.006290, 1.000000, -0.000000, 0.000000, 0.000000, 0.979895, 0.199516, -0.000000, -0.199516, 0.979895),
      ["LeftUpperArm"] = CFrame.new(-0.042408, -0.536786, 0.588676, 0.964822, -0.161244, 0.207652, 0.260491, 0.479510, -0.837982, 0.035549, 0.862595, 0.504645),
      ["LeftUpperLeg"] = CFrame.new(-0.253734, -0.429432, -0.081833, 0.962236, 0.069411, 0.263220, -0.243837, -0.210102, 0.946784, 0.121021, -0.975212, -0.185242),
      ["LowerTorso"] = CFrame.new(0.000324, -1.359112, -0.564452, 1.000000, 0.000000, 0.000000, 0.000000, 0.990222, -0.139499, 0.000000, 0.139499, 0.990222),
      ["RightUpperArm"] = CFrame.new(0.042408, -0.536786, 0.588676, 0.964822, 0.161244, -0.207652, -0.260491, 0.479510, -0.837982, -0.035549, 0.862595, 0.504645),
      ["RightUpperLeg"] = CFrame.new(0.253739, -0.429450, -0.081811, 0.962236, -0.069411, -0.263220, 0.243837, -0.210102, 0.946784, -0.121021, -0.975212, -0.185242)
    }},
    { Time = 0.367, Data = {
      ["Cock"] = CFrame.new(0.002496, -0.031632, 0.000000, 0.983365, -0.181638, 0.000000, 0.181638, 0.983365, 0.000000, 0.000000, 0.000000, 1.000000),
      ["Head"] = CFrame.new(0.000000, 0.065515, 0.006290, 1.000000, -0.000000, 0.000000, 0.000000, 0.979354, 0.202151, -0.000000, -0.202151, 0.979354),
      ["LeftUpperArm"] = CFrame.new(-0.042417, -0.535804, 0.592281, 0.964817, -0.161282, 0.207645, 0.260585, 0.481496, -0.836814, 0.034982, 0.861481, 0.506583),
      ["LeftUpperLeg"] = CFrame.new(-0.253731, -0.430978, -0.074784, 0.962241, 0.069481, 0.263180, -0.243443, -0.212850, 0.946272, 0.121766, -0.974611, -0.187898),
      ["LowerTorso"] = CFrame.new(0.000324, -1.359037, -0.570774, 1.000000, 0.000000, 0.000000, 0.000000, 0.989906, -0.141727, 0.000000, 0.141727, 0.989906),
      ["RightUpperArm"] = CFrame.new(0.042417, -0.535804, 0.592281, 0.964817, 0.161282, -0.207645, -0.260585, 0.481496, -0.836814, -0.034982, 0.861481, 0.506583),
      ["RightUpperLeg"] = CFrame.new(0.253736, -0.430996, -0.074761, 0.962241, -0.069481, -0.263180, 0.243443, -0.212850, 0.946272, -0.121766, -0.974611, -0.187898)
    }},
    { Time = 0.383, Data = {
      ["Cock"] = CFrame.new(0.002509, -0.031787, 0.000000, 0.983176, -0.182661, 0.000000, 0.182661, 0.983176, 0.000000, 0.000000, 0.000000, 1.000000),
      ["Head"] = CFrame.new(0.000000, 0.065515, 0.006290, 1.000000, -0.000000, 0.000000, 0.000000, 0.978878, 0.204445, -0.000000, -0.204445, 0.978878),
      ["LeftUpperArm"] = CFrame.new(-0.042406, -0.535316, 0.594144, 0.964821, -0.161237, 0.207662, 0.260616, 0.482455, -0.836252, 0.034647, 0.860953, 0.507503),
      ["LeftUpperLeg"] = CFrame.new(-0.253743, -0.431819, -0.071154, 0.962218, 0.069545, 0.263250, -0.243335, -0.214163, 0.946003, 0.122168, -0.974319, -0.189149),
      ["LowerTorso"] = CFrame.new(0.000324, -1.358989, -0.574077, 1.000000, 0.000000, 0.000000, 0.000000, 0.989733, -0.142926, 0.000000, 0.142926, 0.989733),
      ["RightUpperArm"] = CFrame.new(0.042406, -0.535316, 0.594144, 0.964821, 0.161237, -0.207662, -0.260616, 0.482455, -0.836252, -0.034647, 0.860953, 0.507503),
      ["RightUpperLeg"] = CFrame.new(0.253748, -0.431837, -0.071131, 0.962218, -0.069545, -0.263250, 0.243335, -0.214163, 0.946003, -0.122168, -0.974319, -0.189149)
    }},
    { Time = 0.400, Data = {
      ["Cock"] = CFrame.new(0.002513, -0.031844, 0.000000, 0.983097, -0.183087, 0.000000, 0.183087, 0.983097, 0.000000, 0.000000, 0.000000, 1.000000),
      ["Head"] = CFrame.new(0.000000, 0.065515, 0.006290, 1.000000, -0.000000, 0.000000, 0.000000, 0.978468, 0.206398, -0.000000, -0.206398, 0.978468),
      ["LeftUpperArm"] = CFrame.new(-0.042419, -0.535117, 0.594816, 0.964821, -0.161289, 0.207621, 0.260624, 0.482881, -0.836003, 0.034582, 0.860704, 0.507929),
      ["LeftUpperLeg"] = CFrame.new(-0.253738, -0.432098, -0.069829, 0.962227, 0.069537, 0.263217, -0.243235, -0.214712, 0.945905, 0.122291, -0.974199, -0.189687),
      ["LowerTorso"] = CFrame.new(0.000324, -1.358973, -0.575280, 1.000000, 0.000000, 0.000000, 0.000000, 0.989671, -0.143355, 0.000000, 0.143355, 0.989671),
      ["RightUpperArm"] = CFrame.new(0.042419, -0.535117, 0.594817, 0.964821, 0.161289, -0.207621, -0.260624, 0.482881, -0.836003, -0.034582, 0.860704, 0.507929),
      ["RightUpperLeg"] = CFrame.new(0.253743, -0.432116, -0.069806, 0.962227, -0.069537, -0.263217, 0.243235, -0.214712, 0.945905, -0.122291, -0.974199, -0.189687)
    }},
    { Time = 0.417, Data = {
      ["Cock"] = CFrame.new(0.002514, -0.031852, 0.000000, 0.983097, -0.183087, 0.000000, 0.183087, 0.983097, 0.000000, 0.000000, 0.000000, 1.000000),
      ["Head"] = CFrame.new(0.000000, 0.065515, 0.006290, 1.000000, -0.000000, 0.000000, 0.000000, 0.978108, 0.208096, -0.000000, -0.208096, 0.978108),
      ["LeftUpperArm"] = CFrame.new(-0.042419, -0.535104, 0.594922, 0.964821, -0.161289, 0.207621, 0.260624, 0.482881, -0.836003, 0.034582, 0.860704, 0.507929),
      ["LeftUpperLeg"] = CFrame.new(-0.253738, -0.432145, -0.069649, 0.962227, 0.069537, 0.263217, -0.243235, -0.214712, 0.945905, 0.122291, -0.974199, -0.189687),
      ["LowerTorso"] = CFrame.new(0.000324, -1.358979, -0.575390, 1.000000, 0.000000, 0.000000, 0.000000, 0.989671, -0.143355, 0.000000, 0.143355, 0.989671),
      ["RightUpperArm"] = CFrame.new(0.042419, -0.535104, 0.594922, 0.964821, 0.161289, -0.207621, -0.260624, 0.482881, -0.836003, -0.034582, 0.860704, 0.507929),
      ["RightUpperLeg"] = CFrame.new(0.253743, -0.432163, -0.069626, 0.962227, -0.069537, -0.263217, 0.243235, -0.214712, 0.945905, -0.122291, -0.974199, -0.189687)
    }},
    { Time = 0.433, Data = {
      ["Cock"] = CFrame.new(0.002510, -0.031800, 0.000000, 0.983160, -0.182746, 0.000000, 0.182746, 0.983160, 0.000000, 0.000000, 0.000000, 1.000000),
      ["Head"] = CFrame.new(0.000000, 0.065515, 0.006290, 1.000000, -0.000000, 0.000000, 0.000000, 0.977818, 0.209454, -0.000000, -0.209454, 0.977818),
      ["LeftUpperArm"] = CFrame.new(-0.042408, -0.535273, 0.594302, 0.964821, -0.161248, 0.207654, 0.260617, 0.482540, -0.836202, 0.034634, 0.860903, 0.507589),
      ["LeftUpperLeg"] = CFrame.new(-0.253743, -0.431892, -0.070854, 0.962218, 0.069530, 0.263254, -0.243329, -0.214271, 0.945981, 0.122182, -0.974296, -0.189256),
      ["LowerTorso"] = CFrame.new(0.000324, -1.358987, -0.574342, 1.000000, 0.000000, 0.000000, 0.000000, 0.989721, -0.143012, 0.000000, 0.143012, 0.989721),
      ["RightUpperArm"] = CFrame.new(0.042408, -0.535273, 0.594302, 0.964821, 0.161248, -0.207654, -0.260617, 0.482540, -0.836202, -0.034634, 0.860903, 0.507589),
      ["RightUpperLeg"] = CFrame.new(0.253748, -0.431910, -0.070831, 0.962218, -0.069530, -0.263254, 0.243329, -0.214271, 0.945981, -0.122182, -0.974296, -0.189256)
    }},
    { Time = 0.450, Data = {
      ["Cock"] = CFrame.new(0.002497, -0.031644, 0.000000, 0.983350, -0.181724, 0.000000, 0.181724, 0.983350, 0.000000, 0.000000, 0.000000, 1.000000),
      ["Head"] = CFrame.new(0.000000, 0.065515, 0.006290, 1.000000, -0.000000, 0.000000, 0.000000, 0.977581, 0.210558, -0.000000, -0.210558, 0.977581),
      ["LeftUpperArm"] = CFrame.new(-0.042420, -0.535763, 0.592425, 0.964817, -0.161292, 0.207637, 0.260587, 0.481581, -0.836764, 0.034969, 0.861432, 0.506668),
      ["LeftUpperLeg"] = CFrame.new(-0.253742, -0.431071, -0.074476, 0.962220, 0.069521, 0.263249, -0.243490, -0.212958, 0.946236, 0.121844, -0.974585, -0.187984),
      ["LowerTorso"] = CFrame.new(0.000324, -1.359035, -0.571025, 1.000000, 0.000000, 0.000000, 0.000000, 0.989893, -0.141813, 0.000000, 0.141813, 0.989893),
      ["RightUpperArm"] = CFrame.new(0.042420, -0.535763, 0.592425, 0.964817, 0.161292, -0.207637, -0.260587, 0.481581, -0.836764, -0.034969, 0.861432, 0.506668),
      ["RightUpperLeg"] = CFrame.new(0.253747, -0.431089, -0.074453, 0.962220, -0.069521, -0.263249, 0.243490, -0.212958, 0.946236, -0.121844, -0.974585, -0.187984)
    }},
    { Time = 0.467, Data = {
      ["Cock"] = CFrame.new(0.002477, -0.031384, 0.000000, 0.983679, -0.179933, 0.000000, 0.179933, 0.983679, 0.000000, 0.000000, 0.000000, 1.000000),
      ["Head"] = CFrame.new(0.000000, 0.065515, 0.006290, 1.000000, -0.000000, 0.000000, 0.000000, 0.977417, 0.211322, -0.000000, -0.211322, 0.977417),
      ["LeftUpperArm"] = CFrame.new(-0.042419, -0.536614, 0.589320, 0.964822, -0.161286, 0.207620, 0.260498, 0.479852, -0.837784, 0.035496, 0.862397, 0.504987),
      ["LeftUpperLeg"] = CFrame.new(-0.253740, -0.429720, -0.080548, 0.962224, 0.069458, 0.263251, -0.243791, -0.210652, 0.946674, 0.121208, -0.975090, -0.185761),
      ["LowerTorso"] = CFrame.new(0.000324, -1.359095, -0.565611, 1.000000, 0.000000, 0.000000, 0.000000, 0.990162, -0.139928, 0.000000, 0.139928, 0.990162),
      ["RightUpperArm"] = CFrame.new(0.042418, -0.536614, 0.589319, 0.964822, 0.161286, -0.207620, -0.260498, 0.479852, -0.837784, -0.035496, 0.862397, 0.504987),
      ["RightUpperLeg"] = CFrame.new(0.253745, -0.429738, -0.080525, 0.962224, -0.069458, -0.263251, 0.243791, -0.210652, 0.946674, -0.121208, -0.975090, -0.185761)
    }},
    { Time = 0.483, Data = {
      ["Cock"] = CFrame.new(0.002448, -0.031020, 0.000000, 0.984113, -0.177546, 0.000000, 0.177546, 0.984113, 0.000000, 0.000000, 0.000000, 1.000000),
      ["Head"] = CFrame.new(0.000000, 0.065515, 0.006290, 1.000000, -0.000000, 0.000000, 0.000000, 0.977306, 0.211831, -0.000000, -0.211831, 0.977306),
      ["LeftUpperArm"] = CFrame.new(-0.042398, -0.537782, 0.584960, 0.964826, -0.161207, 0.207659, 0.260395, 0.477521, -0.839147, 0.036115, 0.863705, 0.502703),
      ["LeftUpperLeg"] = CFrame.new(-0.253737, -0.427837, -0.089071, 0.962230, 0.069343, 0.263260, -0.244230, -0.207349, 0.947290, 0.120274, -0.975806, -0.182582),
      ["LowerTorso"] = CFrame.new(0.000324, -1.359186, -0.557928, 1.000000, 0.000000, 0.000000, 0.000000, 0.990545, -0.137186, 0.000000, 0.137186, 0.990545),
      ["RightUpperArm"] = CFrame.new(0.042398, -0.537782, 0.584960, 0.964826, 0.161207, -0.207659, -0.260395, 0.477521, -0.839147, -0.036115, 0.863705, 0.502703),
      ["RightUpperLeg"] = CFrame.new(0.253742, -0.427855, -0.089048, 0.962230, -0.069343, -0.263260, 0.244230, -0.207349, 0.947290, -0.120274, -0.975806, -0.182582)
    }},
    { Time = 0.500, Data = {
      ["Cock"] = CFrame.new(0.002411, -0.030552, 0.000000, 0.984677, -0.174389, 0.000000, 0.174389, 0.984677, 0.000000, 0.000000, 0.000000, 1.000000),
      ["Head"] = CFrame.new(0.000000, 0.065515, 0.006290, 1.000000, -0.000000, 0.000000, 0.000000, 0.977288, 0.211915, -0.000000, -0.211915, 0.977288),
      ["LeftUpperArm"] = CFrame.new(-0.042397, -0.539296, 0.579354, 0.964827, -0.161204, 0.207659, 0.260264, 0.474476, -0.840913, 0.037029, 0.865382, 0.499743),
      ["LeftUpperLeg"] = CFrame.new(-0.253729, -0.425385, -0.100011, 0.962247, 0.069226, 0.263227, -0.244733, -0.203161, 0.948067, 0.119108, -0.976695, -0.178549),
      ["LowerTorso"] = CFrame.new(0.000324, -1.359291, -0.548060, 1.000000, 0.000000, 0.000000, 0.000000, 0.991026, -0.133671, 0.000000, 0.133671, 0.991026),
      ["RightUpperArm"] = CFrame.new(0.042397, -0.539296, 0.579354, 0.964827, 0.161204, -0.207659, -0.260264, 0.474476, -0.840913, -0.037029, 0.865382, 0.499743),
      ["RightUpperLeg"] = CFrame.new(0.253734, -0.425403, -0.099989, 0.962247, -0.069226, -0.263227, 0.244733, -0.203161, 0.948067, -0.119108, -0.976695, -0.178549)
    }},
    { Time = 0.517, Data = {
      ["Cock"] = CFrame.new(0.002366, -0.029980, 0.000000, 0.985349, -0.170548, 0.000000, 0.170548, 0.985349, 0.000000, 0.000000, 0.000000, 1.000000),
      ["Head"] = CFrame.new(0.000000, 0.065515, 0.006290, 1.000000, -0.000000, 0.000000, 0.000000, 0.977306, 0.211831, -0.000000, -0.211831, 0.977306),
      ["LeftUpperArm"] = CFrame.new(-0.042416, -0.541158, 0.572499, 0.964823, -0.161277, 0.207619, 0.260103, 0.470711, -0.843076, 0.038240, 0.867422, 0.496102),
      ["LeftUpperLeg"] = CFrame.new(-0.253730, -0.422423, -0.113365, 0.962244, 0.069098, 0.263273, -0.245417, -0.198072, 0.948967, 0.117719, -0.977749, -0.173636),
      ["LowerTorso"] = CFrame.new(0.000324, -1.359390, -0.536094, 1.000000, 0.000000, 0.000000, 0.000000, 0.991584, -0.129469, 0.000000, 0.129469, 0.991584),
      ["RightUpperArm"] = CFrame.new(0.042416, -0.541158, 0.572499, 0.964823, 0.161277, -0.207619, -0.260103, 0.470711, -0.843076, -0.038240, 0.867422, 0.496102),
      ["RightUpperLeg"] = CFrame.new(0.253735, -0.422441, -0.113343, 0.962244, -0.069098, -0.263273, 0.245417, -0.198072, 0.948967, -0.117719, -0.977749, -0.173636)
    }},
    { Time = 0.533, Data = {
      ["Cock"] = CFrame.new(0.002313, -0.029304, 0.000000, 0.986122, -0.166022, 0.000000, 0.166022, 0.986122, 0.000000, 0.000000, 0.000000, 1.000000),
      ["Head"] = CFrame.new(0.000000, 0.065515, 0.006290, 1.000000, -0.000000, 0.000000, 0.000000, 0.977417, 0.211322, -0.000000, -0.211322, 0.977417),
      ["LeftUpperArm"] = CFrame.new(-0.042416, -0.543342, 0.564386, 0.964819, -0.161277, 0.207639, 0.259924, 0.466326, -0.845564, 0.039542, 0.869787, 0.491840),
      ["LeftUpperLeg"] = CFrame.new(-0.253716, -0.418863, -0.129171, 0.962273, 0.068915, 0.263214, -0.246106, -0.192082, 0.950019, 0.116030, -0.978956, -0.167875),
      ["LowerTorso"] = CFrame.new(0.000324, -1.359496, -0.521856, 1.000000, 0.000000, 0.000000, 0.000000, 0.992231, -0.124407, 0.000000, 0.124407, 0.992231),
      ["RightUpperArm"] = CFrame.new(0.042416, -0.543342, 0.564386, 0.964819, 0.161277, -0.207639, -0.259924, 0.466326, -0.845564, -0.039542, 0.869787, 0.491840),
      ["RightUpperLeg"] = CFrame.new(0.253721, -0.418881, -0.129149, 0.962273, -0.068915, -0.263214, 0.246106, -0.192082, 0.950019, -0.116030, -0.978956, -0.167875)
    }},
    { Time = 0.550, Data = {
      ["Cock"] = CFrame.new(0.002251, -0.028524, 0.000000, 0.986999, -0.160725, 0.000000, 0.160725, 0.986999, 0.000000, 0.000000, 0.000000, 1.000000),
      ["Head"] = CFrame.new(0.000000, 0.065515, 0.006290, 1.000000, -0.000000, 0.000000, 0.000000, 0.977581, 0.210558, -0.000000, -0.210558, 0.977581),
      ["LeftUpperArm"] = CFrame.new(-0.042405, -0.545872, 0.555023, 0.964823, -0.161237, 0.207652, 0.259680, 0.461227, -0.848432, 0.041024, 0.872509, 0.486872),
      ["LeftUpperLeg"] = CFrame.new(-0.253712, -0.414790, -0.147393, 0.962281, 0.068724, 0.263236, -0.246971, -0.185172, 0.951166, 0.114112, -0.980300, -0.161215),
      ["LowerTorso"] = CFrame.new(0.000323, -1.359585, -0.505431, 1.000000, 0.000000, 0.000000, 0.000000, 0.992946, -0.118569, 0.000000, 0.118569, 0.992946),
      ["RightUpperArm"] = CFrame.new(0.042405, -0.545872, 0.555023, 0.964823, 0.161237, -0.207652, -0.259680, 0.461227, -0.848432, -0.041024, 0.872509, 0.486872),
      ["RightUpperLeg"] = CFrame.new(0.253717, -0.414808, -0.147371, 0.962281, -0.068724, -0.263236, 0.246971, -0.185172, 0.951166, -0.114112, -0.980300, -0.161215)
    }},
    { Time = 0.567, Data = {
      ["Cock"] = CFrame.new(0.002181, -0.027640, 0.000000, 0.987942, -0.154824, 0.000000, 0.154824, 0.987942, 0.000000, 0.000000, 0.000000, 1.000000),
      ["Head"] = CFrame.new(0.000000, 0.065515, 0.006290, 1.000000, -0.000000, 0.000000, 0.000000, 0.977818, 0.209454, -0.000000, -0.209454, 0.977818),
      ["LeftUpperArm"] = CFrame.new(-0.042415, -0.548757, 0.544405, 0.964822, -0.161274, 0.207629, 0.259398, 0.455381, -0.851670, 0.042801, 0.875568, 0.481195),
      ["LeftUpperLeg"] = CFrame.new(-0.253708, -0.410178, -0.168072, 0.962288, 0.068486, 0.263271, -0.247959, -0.177220, 0.952423, 0.111885, -0.981785, -0.153555),
