return {
  ["Astros hump dance"] = {
    { Time = 0.000, Data = {
      ["Head"] = CFrame.new(-0.000000, 0.000000, 0.000000, 0.991713, -0.128426, -0.003388, 0.128150, 0.987035, 0.096636, -0.009067, -0.096269, 0.995314),
      ["LeftUpperArm"] = CFrame.new(0.040303, -0.569914, 0.116602, 0.993155, -0.116706, -0.004868, -0.112312, -0.942657, -0.314298, 0.032091, 0.312693, -0.949312),
      ["LeftUpperLeg"] = CFrame.new(-0.140061, 0.205238, -0.678929, 0.825011, 0.312505, 0.470847, -0.470847, 0.840866, 0.266922, -0.312505, -0.441910, 0.840866),
      ["LowerTorso"] = CFrame.new(0.024299, -0.341865, 0.062332, 0.992364, -0.121446, 0.021572, 0.123150, 0.985402, -0.117548, -0.006981, 0.119307, 0.992833),
      ["RightUpperArm"] = CFrame.new(-0.077854, 0.221146, 0.053645, 0.578701, 0.673192, 0.460344, 0.470852, -0.736681, 0.485387, 0.665886, -0.064140, -0.743292),
      ["RightUpperLeg"] = CFrame.new(0.217019, 0.094980, -0.581241, 0.913530, -0.005756, -0.406731, 0.171130, 0.912547, 0.371447, 0.369023, -0.408932, 0.834624)
    }},
    { Time = 0.042, Data = {
      ["Head"] = CFrame.new(-0.000000, -0.000000, -0.000000, 0.993207, -0.116312, -0.003394, 0.116071, 0.988248, 0.099463, -0.008214, -0.099182, 0.995035),
      ["LeftUpperArm"] = CFrame.new(0.041526, -0.542024, 0.109003, 0.991745, -0.124879, -0.029109, -0.127886, -0.946727, -0.295557, 0.009351, 0.296840, -0.954882),
      ["LeftUpperLeg"] = CFrame.new(-0.150414, 0.166274, -0.672704, 0.827278, 0.299758, 0.475138, -0.473701, 0.826882, 0.303107, -0.302024, -0.475827, 0.826057),
      ["LowerTorso"] = CFrame.new(0.015786, -0.325623, 0.033833, 0.992864, -0.117053, 0.022816, 0.119118, 0.982576, -0.142675, -0.005718, 0.144374, 0.989507),
      ["RightUpperArm"] = CFrame.new(-0.062451, 0.219820, 0.054139, 0.573394, 0.684824, 0.449705, 0.480279, -0.725666, 0.492688, 0.663740, -0.066520, -0.745000),
      ["RightUpperLeg"] = CFrame.new(0.211500, 0.064284, -0.565881, 0.911572, -0.016163, -0.410824, 0.193590, 0.898400, 0.394209, 0.362712, -0.438881, 0.822085)
    }},
    { Time = 0.083, Data = {
      ["Head"] = CFrame.new(-0.000000, -0.000000, 0.000000, 0.995931, -0.090009, -0.004382, 0.089973, 0.990440, 0.104560, -0.005071, -0.104529, 0.994509),
      ["LeftUpperArm"] = CFrame.new(0.043712, -0.470717, 0.088923, 0.984823, -0.148623, -0.089638, -0.166329, -0.955710, -0.242801, -0.049582, 0.254025, -0.965926),
      ["LeftUpperLeg"] = CFrame.new(-0.166183, 0.092703, -0.645266, 0.833526, 0.275884, 0.478667, -0.474588, 0.801097, 0.364704, -0.282842, -0.531160, 0.798667),
      ["LowerTorso"] = CFrame.new(-0.000637, -0.290125, -0.019086, 0.994037, -0.106213, 0.024672, 0.108968, 0.975878, -0.189176, -0.003984, 0.190736, 0.981633),
      ["RightUpperArm"] = CFrame.new(-0.033087, 0.213210, 0.055844, 0.563072, 0.705949, 0.429634, 0.497497, -0.704684, 0.505882, 0.659884, -0.071106, -0.747996),
      ["RightUpperLeg"] = CFrame.new(0.198122, 0.011027, -0.523029, 0.907032, -0.040065, -0.419151, 0.236293, 0.872369, 0.427946, 0.348509, -0.487203, 0.800734)
    }},
    { Time = 0.125, Data = {
      ["Head"] = CFrame.new(-0.000000, -0.000000, 0.000000, 0.997881, -0.064521, -0.008402, 0.065050, 0.992109, 0.107185, 0.001420, -0.107504, 0.994204),
      ["LeftUpperArm"] = CFrame.new(0.044428, -0.374147, 0.060617, 0.968035, -0.187575, -0.166507, -0.214437, -0.963291, -0.161515, -0.130098, 0.192057, -0.972722),
      ["LeftUpperLeg"] = CFrame.new(-0.170026, 0.047207, -0.603622, 0.842634, 0.259596, 0.471782, -0.463775, 0.795083, 0.390840, -0.273645, -0.548136, 0.790358),
      ["LowerTorso"] = CFrame.new(-0.010933, -0.256002, -0.047570, 0.995362, -0.092974, 0.024703, 0.096112, 0.972051, -0.214196, -0.004098, 0.215577, 0.976478),
      ["RightUpperArm"] = CFrame.new(-0.014725, 0.197043, 0.059220, 0.557254, 0.717084, 0.418639, 0.506666, -0.693087, 0.512757, 0.657843, -0.073626, -0.749548),
      ["RightUpperLeg"] = CFrame.new(0.183808, -0.015375, -0.477186, 0.902831, -0.063905, -0.425221, 0.264177, 0.862689, 0.431252, 0.339274, -0.501682, 0.795744)
    }},
    { Time = 0.167, Data = {
      ["Head"] = CFrame.new(-0.000000, 0.000000, -0.000000, 0.998568, -0.051081, -0.015906, 0.052209, 0.995329, 0.081206, 0.011684, -0.081920, 0.996570),
      ["LeftUpperArm"] = CFrame.new(0.041896, -0.270615, 0.028428, 0.941184, -0.238877, -0.238979, -0.259961, -0.963721, -0.060511, -0.215854, 0.119077, -0.969138),
      ["LeftUpperLeg"] = CFrame.new(-0.163710, 0.044472, -0.570178, 0.849669, 0.258568, 0.459571, -0.447543, 0.814508, 0.369165, -0.278870, -0.519346, 0.807782),
      ["LowerTorso"] = CFrame.new(-0.003294, -0.238082, -0.044783, 0.996491, -0.080147, 0.024108, 0.083376, 0.975724, -0.202510, -0.007292, 0.203810, 0.978983),
      ["RightUpperArm"] = CFrame.new(-0.014264, 0.171098, 0.063910, 0.561085, 0.710354, 0.424948, 0.501066, -0.700099, 0.508717, 0.658876, -0.072507, -0.748749),
      ["RightUpperLeg"] = CFrame.new(0.179417, -0.010140, -0.462798, 0.900957, -0.072487, -0.427810, 0.265206, 0.872344, 0.410709, 0.343427, -0.483489, 0.805169)
    }},
    { Time = 0.208, Data = {
      ["Head"] = CFrame.new(-0.000000, 0.000000, -0.000000, 0.998731, -0.044660, -0.023278, 0.045419, 0.998418, 0.033143, 0.021761, -0.034158, 0.999180),
      ["LeftUpperArm"] = CFrame.new(0.035210, -0.179187, -0.003587, 0.910445, -0.296356, -0.288552, -0.295564, -0.954147, 0.047380, -0.289363, 0.042149, -0.956291),
      ["LeftUpperLeg"] = CFrame.new(-0.156754, 0.052528, -0.546097, 0.853396, 0.263115, 0.449985, -0.435225, 0.834746, 0.337310, -0.286872, -0.483704, 0.826883),
      ["LowerTorso"] = CFrame.new(0.014458, -0.232274, -0.039592, 0.997424, -0.067521, 0.024194, 0.070790, 0.981014, -0.180556, -0.011543, 0.181803, 0.983267),
      ["RightUpperArm"] = CFrame.new(-0.017412, 0.146540, 0.068020, 0.568011, 0.697729, 0.436505, 0.490611, -0.712887, 0.501092, 0.660805, -0.070471, -0.747242),
      ["RightUpperLeg"] = CFrame.new(0.183532, 0.002646, -0.471406, 0.899683, -0.070622, -0.430793, 0.258554, 0.881325, 0.395494, 0.351738, -0.467203, 0.811173)
    }},
    { Time = 0.250, Data = {
      ["Head"] = CFrame.new(-0.000000, -0.000000, -0.000000, 0.999035, -0.034935, -0.026630, 0.035141, 0.999356, 0.007303, 0.026358, -0.008231, 0.999619),
      ["LeftUpperArm"] = CFrame.new(0.024240, -0.119993, -0.032216, 0.886720, -0.350890, -0.301004, -0.320059, -0.935766, 0.147999, -0.333601, -0.034895, -0.942069),
      ["LeftUpperLeg"] = CFrame.new(-0.153000, 0.055308, -0.530616, 0.857082, 0.262273, 0.443421, -0.424825, 0.846706, 0.320332, -0.291433, -0.462928, 0.837117),
      ["LowerTorso"] = CFrame.new(0.027076, -0.231865, -0.036843, 0.998210, -0.054861, 0.023822, 0.058105, 0.983933, -0.168821, -0.014177, 0.169903, 0.985359),
      ["RightUpperArm"] = CFrame.new(-0.016993, 0.135651, 0.069776, 0.571672, 0.690841, 0.442640, 0.484945, -0.719668, 0.496897, 0.661831, -0.069406, -0.746433),
      ["RightUpperLeg"] = CFrame.new(0.188763, 0.012397, -0.485754, 0.897958, -0.071505, -0.434234, 0.259332, 0.883169, 0.390845, 0.355554, -0.463573, 0.811592)
    }},
    { Time = 0.292, Data = {
      ["Head"] = CFrame.new(-0.000000, -0.000000, -0.000000, 0.999541, -0.015433, -0.026059, 0.015983, 0.999651, 0.021028, 0.025725, -0.021435, 0.999439),
      ["LeftUpperArm"] = CFrame.new(0.006255, -0.089655, -0.056048, 0.872344, -0.394025, -0.289412, -0.334726, -0.912834, 0.233866, -0.356334, -0.107138, -0.928196),
      ["LeftUpperLeg"] = CFrame.new(-0.155514, 0.055199, -0.535961, 0.861313, 0.250706, 0.441912, -0.415304, 0.848450, 0.328108, -0.292682, -0.466132, 0.834900),
      ["LowerTorso"] = CFrame.new(0.029144, -0.243093, -0.036838, 0.998878, -0.041843, 0.022195, 0.045001, 0.984576, -0.169072, -0.014778, 0.169881, 0.985354),
      ["RightUpperArm"] = CFrame.new(-0.008769, 0.137764, 0.069196, 0.572648, 0.691118, 0.440943, 0.485238, -0.719271, 0.497187, 0.660772, -0.070751, -0.747245),
      ["RightUpperLeg"] = CFrame.new(0.196707, 0.020422, -0.512935, 0.894644, -0.077681, -0.439975, 0.272677, 0.875026, 0.399970, 0.353920, -0.477802, 0.804019)
    }},
    { Time = 0.333, Data = {
      ["Head"] = CFrame.new(-0.000000, -0.000000, 0.000000, 0.999682, 0.005319, -0.024656, -0.004173, 0.998918, 0.046311, 0.024876, -0.046194, 0.998623),
      ["LeftUpperArm"] = CFrame.new(-0.019001, -0.069014, -0.075557, 0.861352, -0.426659, -0.275743, -0.341822, -0.888304, 0.306713, -0.375806, -0.169933, -0.910984),
      ["LeftUpperLeg"] = CFrame.new(-0.162907, 0.061336, -0.563014, 0.864597, 0.233865, 0.444725, -0.407068, 0.844878, 0.347098, -0.294564, -0.481133, 0.825678),
      ["LowerTorso"] = CFrame.new(0.027785, -0.269964, -0.036836, 0.999397, -0.028542, 0.019765, 0.031483, 0.985043, -0.169409, -0.014634, 0.169929, 0.985348),
      ["RightUpperArm"] = CFrame.new(0.005814, 0.143206, 0.067682, 0.574825, 0.692407, 0.436061, 0.486421, -0.717666, 0.498348, 0.658006, -0.074354, -0.749333),
      ["RightUpperLeg"] = CFrame.new(0.208914, 0.035011, -0.558117, 0.890016, -0.083590, -0.448201, 0.290585, 0.861515, 0.416356, 0.351329, -0.500804, 0.791052)
    }},
    { Time = 0.375, Data = {
      ["Head"] = CFrame.new(-0.000000, -0.000000, 0.000000, 0.999621, 0.014939, -0.023128, -0.013532, 0.998114, 0.059870, 0.023979, -0.059535, 0.997938),
      ["LeftUpperArm"] = CFrame.new(-0.047571, -0.055118, -0.091070, 0.852653, -0.452279, -0.261586, -0.345528, -0.863667, 0.367002, -0.391910, -0.222539, -0.892683),
      ["LeftUpperLeg"] = CFrame.new(-0.171222, 0.070052, -0.595167, 0.867143, 0.216795, 0.448401, -0.400171, 0.839265, 0.368100, -0.296525, -0.498632, 0.814517),
      ["LowerTorso"] = CFrame.new(0.026526, -0.302673, -0.036840, 0.999738, -0.015260, 0.017072, 0.017937, 0.985343, -0.169638, -0.014233, 0.169900, 0.985359),
      ["RightUpperArm"] = CFrame.new(0.025403, 0.150515, 0.065630, 0.577331, 0.694928, 0.428678, 0.488742, -0.714688, 0.500354, 0.654081, -0.079357, -0.752251),
      ["RightUpperLeg"] = CFrame.new(0.220044, 0.053395, -0.606017, 0.884702, -0.089648, -0.457455, 0.309550, 0.846714, 0.432729, 0.348540, -0.524441, 0.776840)
    }},
    { Time = 0.417, Data = {
      ["Head"] = CFrame.new(-0.000000, -0.000000, -0.000000, 0.999663, 0.012862, -0.022539, -0.011643, 0.998507, 0.053378, 0.023192, -0.053097, 0.998320),
      ["LeftUpperArm"] = CFrame.new(-0.075498, -0.044835, -0.102931, 0.844787, -0.474355, -0.247635, -0.349757, -0.839728, 0.415365, -0.404976, -0.264283, -0.875299),
      ["LeftUpperLeg"] = CFrame.new(-0.177650, 0.088672, -0.619801, 0.869244, 0.202915, 0.450822, -0.389224, 0.843136, 0.370980, -0.304827, -0.497943, 0.811870),
      ["LowerTorso"] = CFrame.new(0.028172, -0.332836, -0.035249, 0.999892, -0.002431, 0.014473, 0.004626, 0.988123, -0.153597, -0.013928, 0.153648, 0.988028),
      ["RightUpperArm"] = CFrame.new(0.048661, 0.158248, 0.063434, 0.579284, 0.698960, 0.419386, 0.492533, -0.710103, 0.503156, 0.649493, -0.084909, -0.755612),
      ["RightUpperLeg"] = CFrame.new(0.227643, 0.083127, -0.646066, 0.879733, -0.095455, -0.465788, 0.320533, 0.842627, 0.432709, 0.351182, -0.529969, 0.771883)
    }},
    { Time = 0.458, Data = {
      ["Head"] = CFrame.new(-0.000000, -0.000000, -0.000000, 0.999737, 0.006925, -0.021873, -0.006020, 0.999135, 0.041149, 0.022139, -0.041007, 0.998914),
      ["LeftUpperArm"] = CFrame.new(-0.098739, -0.034937, -0.111412, 0.836091, -0.496050, -0.234278, -0.357970, -0.816928, 0.452201, -0.415703, -0.294217, -0.860597),
      ["LeftUpperLeg"] = CFrame.new(-0.181703, 0.113787, -0.631466, 0.871114, 0.193014, 0.451560, -0.374120, 0.856481, 0.355632, -0.318111, -0.478733, 0.818303),
      ["LowerTorso"] = CFrame.new(0.032531, -0.354784, -0.032369, 0.999877, 0.009676, 0.012372, -0.008072, 0.992288, -0.123688, -0.013474, 0.123573, 0.992244),
      ["RightUpperArm"] = CFrame.new(0.074250, 0.164961, 0.061440, 0.579862, 0.704766, 0.408736, 0.497986, -0.703664, 0.506820, 0.644802, -0.090341, -0.758992),
      ["RightUpperLeg"] = CFrame.new(0.231278, 0.120843, -0.672847, 0.875877, -0.100823, -0.471883, 0.322445, 0.849825, 0.416926, 0.358982, -0.517333, 0.776852)
    }},
    { Time = 0.500, Data = {
      ["Head"] = CFrame.new(-0.000000, 0.000001, -0.000000, 0.999796, -0.002329, -0.020069, 0.003022, 0.999397, 0.034581, 0.019976, -0.034635, 0.999200),
      ["LeftUpperArm"] = CFrame.new(-0.113248, -0.022020, -0.116796, 0.824674, -0.520498, -0.221347, -0.373522, -0.795040, 0.477905, -0.424728, -0.311438, -0.850067),
      ["LeftUpperLeg"] = CFrame.new(-0.183296, 0.123707, -0.629472, 0.873013, 0.186931, 0.450449, -0.363111, 0.865729, 0.344476, -0.325573, -0.464295, 0.823670),
      ["LowerTorso"] = CFrame.new(0.038982, -0.363177, -0.030856, 0.999729, 0.020556, 0.010907, -0.019264, 0.994008, -0.107600, -0.013054, 0.107361, 0.994134),
      ["RightUpperArm"] = CFrame.new(0.100865, 0.169252, 0.060065, 0.578008, 0.712761, 0.397340, 0.505497, -0.694984, 0.511341, 0.640609, -0.094705, -0.762005),
      ["RightUpperLeg"] = CFrame.new(0.231829, 0.142379, -0.685822, 0.873590, -0.105463, -0.475097, 0.324557, 0.853690, 0.407278, 0.362633, -0.509990, 0.780004)
    }},
    { Time = 0.542, Data = {
      ["Head"] = CFrame.new(-0.000000, -0.000000, 0.000000, 0.999758, -0.014166, -0.016860, 0.014830, 0.999093, 0.039923, 0.016279, -0.040163, 0.999061),
      ["LeftUpperArm"] = CFrame.new(-0.121646, -0.003982, -0.120037, 0.811589, -0.547811, -0.203044, -0.399221, -0.773757, 0.491857, -0.426551, -0.318126, -0.846670),
      ["LeftUpperLeg"] = CFrame.new(-0.180967, 0.110412, -0.608825, 0.875679, 0.185150, 0.445987, -0.357108, 0.869987, 0.339995, -0.325053, -0.456992, 0.827949),
      ["LowerTorso"] = CFrame.new(0.046687, -0.351287, -0.030608, 0.999509, 0.029842, 0.009565, -0.028585, 0.993304, -0.111935, -0.012841, 0.111606, 0.993670),
      ["RightUpperArm"] = CFrame.new(0.126611, 0.166049, 0.060310, 0.572481, 0.723214, 0.386300, 0.514834, -0.683755, 0.517131, 0.638131, -0.097167, -0.763772),
      ["RightUpperLeg"] = CFrame.new(0.229598, 0.137525, -0.682112, 0.873245, -0.109733, -0.474765, 0.328301, 0.852479, 0.406816, 0.360086, -0.511115, 0.780448)
    }},
    { Time = 0.583, Data = {
      ["Head"] = CFrame.new(-0.000000, -0.000000, 0.000000, 0.999539, -0.027265, -0.013352, 0.027954, 0.998126, 0.054441, 0.011842, -0.054789, 0.998428),
      ["LeftUpperArm"] = CFrame.new(-0.128593, 0.015422, -0.122406, 0.799791, -0.572527, -0.180409, -0.428413, -0.754931, 0.496529, -0.420473, -0.319830, -0.849065),
      ["LeftUpperLeg"] = CFrame.new(-0.174611, 0.087648, -0.572904, 0.879137, 0.186263, 0.438662, -0.351575, 0.874890, 0.333111, -0.321735, -0.447073, 0.834633),
      ["LowerTorso"] = CFrame.new(0.054223, -0.326151, -0.030356, 0.999244, 0.037959, 0.008378, -0.036640, 0.991704, -0.123210, -0.012985, 0.122810, 0.992345),
      ["RightUpperArm"] = CFrame.new(0.146478, 0.155978, 0.062074, 0.565616, 0.733034, 0.377809, 0.523205, -0.673101, 0.522677, 0.637444, -0.097963, -0.764244),
      ["RightUpperLeg"] = CFrame.new(0.225263, 0.120522, -0.665703, 0.873974, -0.114574, -0.472273, 0.331165, 0.851648, 0.406233, 0.355667, -0.511437, 0.782261)
    }},
    { Time = 0.625, Data = {
      ["Head"] = CFrame.new(-0.000000, -0.000000, -0.000000, 0.999135, -0.040083, -0.011110, 0.040811, 0.996295, 0.075698, 0.008035, -0.076086, 0.997069),
      ["LeftUpperArm"] = CFrame.new(-0.133016, 0.030665, -0.124413, 0.791247, -0.589100, -0.163980, -0.449463, -0.742107, 0.497254, -0.414623, -0.319747, -0.851968),
      ["LeftUpperLeg"] = CFrame.new(-0.167235, 0.065375, -0.537874, 0.882549, 0.187290, 0.431312, -0.347610, 0.877571, 0.330207, -0.316663, -0.441352, 0.839603),
      ["LowerTorso"] = CFrame.new(0.060129, -0.303474, -0.030518, 0.998937, 0.045498, 0.007388, -0.044036, 0.989359, -0.138670, -0.013618, 0.138198, 0.990311),
      ["RightUpperArm"] = CFrame.new(0.154444, 0.146046, 0.064048, 0.562240, 0.737397, 0.374342, 0.526840, -0.668305, 0.525174, 0.637436, -0.098056, -0.764238),
      ["RightUpperLeg"] = CFrame.new(0.221202, 0.102052, -0.650089, 0.874059, -0.119940, -0.470781, 0.336695, 0.848132, 0.409035, 0.350224, -0.516030, 0.781700)
    }},
    { Time = 0.667, Data = {
      ["Head"] = CFrame.new(-0.000000, -0.000000, 0.000000, 0.998621, -0.051385, -0.010723, 0.052205, 0.993545, 0.100709, 0.005479, -0.101129, 0.994858),
      ["LeftUpperArm"] = CFrame.new(-0.126041, 0.038718, -0.126455, 0.788270, -0.594462, -0.158885, -0.455655, -0.737455, 0.498536, -0.413531, -0.320584, -0.852184),
      ["LeftUpperLeg"] = CFrame.new(-0.160656, 0.048739, -0.517457, 0.886853, 0.186569, 0.422710, -0.344621, 0.876484, 0.336174, -0.307779, -0.443812, 0.841608),
      ["LowerTorso"] = CFrame.new(0.063396, -0.292298, -0.031329, 0.998523, 0.053469, 0.009655, -0.051310, 0.986399, -0.156156, -0.017873, 0.155430, 0.987685),
      ["RightUpperArm"] = CFrame.new(0.144166, 0.141769, 0.065315, 0.562503, 0.736375, 0.375956, 0.525473, -0.669469, 0.525062, 0.638333, -0.097794, -0.763523),
      ["RightUpperLeg"] = CFrame.new(0.221723, 0.087389, -0.643984, 0.871125, -0.123747, -0.475213, 0.347410, 0.839243, 0.418304, 0.347056, -0.529489, 0.774076)
    }},
    { Time = 0.708, Data = {
      ["Head"] = CFrame.new(-0.000000, 0.000000, -0.000000, 0.997991, -0.062294, -0.011540, 0.063251, 0.990089, 0.125391, 0.003615, -0.125869, 0.992040),
      ["LeftUpperArm"] = CFrame.new(-0.107506, 0.046956, -0.128126, 0.787660, -0.595561, -0.157794, -0.456359, -0.736032, 0.499994, -0.413919, -0.321814, -0.851532),
      ["LeftUpperLeg"] = CFrame.new(-0.153586, 0.034332, -0.506305, 0.893016, 0.184486, 0.410472, -0.340735, 0.873014, 0.348921, -0.293977, -0.451455, 0.842476),
      ["LowerTorso"] = CFrame.new(0.065081, -0.287879, -0.033306, 0.997851, 0.063460, 0.016284, -0.059603, 0.982494, -0.176505, -0.027200, 0.175155, 0.984165),
      ["RightUpperArm"] = CFrame.new(0.124622, 0.138088, 0.065970, 0.564444, 0.732738, 0.380129, 0.521788, -0.673539, 0.523528, 0.639641, -0.097156, -0.762509),
      ["RightUpperLeg"] = CFrame.new(0.227124, 0.073573, -0.643668, 0.864638, -0.126059, -0.486323, 0.363671, 0.824906, 0.432752, 0.346618, -0.551035, 0.759089)
    }},
    { Time = 0.750, Data = {
      ["Head"] = CFrame.new(-0.000000, 0.000000, 0.000000, 0.997158, -0.074211, -0.012969, 0.075309, 0.986495, 0.145452, 0.002000, -0.146016, 0.989280),
      ["LeftUpperArm"] = CFrame.new(-0.089371, 0.065364, -0.128670, 0.783943, -0.601782, -0.152615, -0.463784, -0.731082, 0.500423, -0.412720, -0.321522, -0.852224),
      ["LeftUpperLeg"] = CFrame.new(-0.145792, 0.018390, -0.495334, 0.900397, 0.180719, 0.395761, -0.335153, 0.868133, 0.366085, -0.277415, -0.462262, 0.842232),
      ["LowerTorso"] = CFrame.new(0.066979, -0.285360, -0.036475, 0.996762, 0.076722, 0.024074, -0.070367, 0.977141, -0.200609, -0.038915, 0.198265, 0.979376),
      ["RightUpperArm"] = CFrame.new(0.112642, 0.125976, 0.066281, 0.570174, 0.725241, 0.385909, 0.516282, -0.681723, 0.518369, 0.639026, -0.096323, -0.763130),
      ["RightUpperLeg"] = CFrame.new(0.234713, 0.058323, -0.645958, 0.855754, -0.128728, -0.501113, 0.384933, 0.805576, 0.450415, 0.345704, -0.578339, 0.738927)
    }},
    { Time = 0.792, Data = {
      ["Head"] = CFrame.new(-0.000000, -0.000000, 0.000000, 0.995983, -0.087371, -0.019586, 0.089369, 0.983490, 0.157355, 0.005515, -0.158474, 0.987348),
      ["LeftUpperArm"] = CFrame.new(-0.080942, 0.099503, -0.124488, 0.771884, -0.619948, -0.140925, -0.492060, -0.722913, 0.485051, -0.402583, -0.305060, -0.863056),
      ["LeftUpperLeg"] = CFrame.new(-0.136927, -0.000047, -0.476735, 0.907944, 0.176084, 0.380304, -0.328112, 0.863218, 0.383663, -0.260729, -0.473127, 0.841529),
      ["LowerTorso"] = CFrame.new(0.070938, -0.281047, -0.040748, 0.995182, 0.093284, 0.030167, -0.084022, 0.970062, -0.227861, -0.050520, 0.224229, 0.973226),
      ["RightUpperArm"] = CFrame.new(0.109117, 0.097305, 0.069865, 0.581633, 0.709535, 0.397822, 0.516916, -0.700005, 0.492739, 0.628093, -0.080953, -0.773916),
      ["RightUpperLeg"] = CFrame.new(0.242121, 0.040831, -0.647979, 0.846122, -0.132380, -0.516288, 0.408835, 0.782671, 0.469340, 0.341952, -0.608196, 0.716356)
    }},
    { Time = 0.833, Data = {
      ["Head"] = CFrame.new(-0.000000, 0.000000, 0.000000, 0.994580, -0.098668, -0.032799, 0.102711, 0.981376, 0.162333, 0.016171, -0.164822, 0.986191),
      ["LeftUpperArm"] = CFrame.new(-0.081103, 0.144107, -0.114438, 0.751310, -0.647433, -0.127923, -0.539274, -0.714018, 0.446499, -0.380418, -0.266473, -0.885593),
      ["LeftUpperLeg"] = CFrame.new(-0.128254, -0.014895, -0.453786, 0.913152, 0.175221, 0.368036, -0.323907, 0.860058, 0.394188, -0.247462, -0.479163, 0.842120),
      ["LowerTorso"] = CFrame.new(0.079628, -0.276339, -0.044665, 0.993587, 0.107914, 0.033767, -0.096091, 0.963234, -0.250892, -0.059600, 0.246038, 0.967426),
      ["RightUpperArm"] = CFrame.new(0.103845, 0.055666, 0.078648, 0.598988, 0.683729, 0.416806, 0.526422, -0.728456, 0.438443, 0.603401, -0.043207, -0.796267),
      ["RightUpperLeg"] = CFrame.new(0.248404, 0.025419, -0.649799, 0.839303, -0.132858, -0.527181, 0.426235, 0.762738, 0.486369, 0.337483, -0.632913, 0.696797)
    }},
    { Time = 0.875, Data = {
      ["Head"] = CFrame.new(-0.000000, -0.000000, 0.000000, 0.993381, -0.104677, -0.047288, 0.111058, 0.980388, 0.162806, 0.029319, -0.166980, 0.985524),
      ["LeftUpperArm"] = CFrame.new(-0.086211, 0.192941, -0.101478, 0.724462, -0.679543, -0.115652, -0.594406, -0.700818, 0.394381, -0.349050, -0.216970, -0.911641),
      ["LeftUpperLeg"] = CFrame.new(-0.122063, -0.020332, -0.434521, 0.913237, 0.183500, 0.363768, -0.328360, 0.860052, 0.390500, -0.241202, -0.476066, 0.845685),
      ["LowerTorso"] = CFrame.new(0.095799, -0.274131, -0.046244, 0.992848, 0.114182, 0.034858, -0.101274, 0.960140, -0.260527, -0.063216, 0.255133, 0.964837),
      ["RightUpperArm"] = CFrame.new(0.097221, 0.009706, 0.090124, 0.621344, 0.651058, 0.435954, 0.537542, -0.759004, 0.367371, 0.570070, 0.006080, -0.821574),
      ["RightUpperLeg"] = CFrame.new(0.252705, 0.017745, -0.653178, 0.839660, -0.124902, -0.528555, 0.426397, 0.754372, 0.499108, 0.336388, -0.644455, 0.686674)
    }},
    { Time = 0.917, Data = {
      ["Head"] = CFrame.new(-0.000000, 0.000000, -0.000000, 0.992627, -0.106327, -0.058197, 0.114092, 0.981715, 0.152377, 0.040931, -0.157893, 0.986608),
      ["LeftUpperArm"] = CFrame.new(-0.092601, 0.239096, -0.088633, 0.694714, -0.711501, -0.105540, -0.647115, -0.682305, 0.340153, -0.314030, -0.168012, -0.934429),
      ["LeftUpperLeg"] = CFrame.new(-0.120359, -0.010495, -0.430824, 0.908631, 0.198802, 0.367243, -0.337734, 0.867063, 0.366248, -0.245612, -0.456815, 0.854982),
      ["LowerTorso"] = CFrame.new(0.118925, -0.280776, -0.042975, 0.992970, 0.112786, 0.035926, -0.100677, 0.964337, -0.244782, -0.062253, 0.239444, 0.968912),
      ["RightUpperArm"] = CFrame.new(0.089922, -0.032563, 0.101391, 0.647161, 0.615816, 0.449392, 0.544117, -0.785998, 0.293503, 0.533965, 0.054578, -0.843744),
      ["RightUpperLeg"] = CFrame.new(0.256397, 0.029877, -0.665167, 0.846212, -0.108529, -0.521677, 0.406558, 0.764363, 0.500460, 0.344436, -0.635587, 0.690936)
    }},
    { Time = 0.958, Data = {
      ["Head"] = CFrame.new(-0.000000, -0.000000, 0.000000, 0.992133, -0.107212, -0.064629, 0.115052, 0.984388, 0.133207, 0.049339, -0.139595, 0.988979),
      ["LeftUpperArm"] = CFrame.new(-0.096735, 0.274775, -0.078895, 0.666662, -0.739013, -0.097063, -0.689352, -0.660843, 0.296784, -0.283470, -0.130944, -0.949999),
      ["LeftUpperLeg"] = CFrame.new(-0.122799, 0.011580, -0.444523, 0.903225, 0.211242, 0.373580, -0.342625, 0.879126, 0.331279, -0.258444, -0.427217, 0.866425),
      ["LowerTorso"] = CFrame.new(0.140127, -0.296973, -0.035816, 0.993199, 0.110039, 0.038038, -0.099771, 0.972797, -0.209075, -0.060010, 0.203858, 0.977159),
      ["RightUpperArm"] = CFrame.new(0.082903, -0.064053, 0.109337, 0.673920, 0.583365, 0.453339, 0.542373, -0.807304, 0.232579, 0.501661, 0.089139, -0.860460),
      ["RightUpperLeg"] = CFrame.new(0.260264, 0.062128, -0.684856, 0.852793, -0.092532, -0.513987, 0.379722, 0.785543, 0.488604, 0.358547, -0.611850, 0.705042)
    }},
    { Time = 1.000, Data = {
      ["Head"] = CFrame.new(-0.000000, 0.000000, -0.000000, 0.991967, -0.107522, -0.066637, 0.114995, 0.985982, 0.120895, 0.052704, -0.127587, 0.990426),
      ["LeftUpperArm"] = CFrame.new(-0.095272, 0.291549, -0.075013, 0.645642, -0.758536, -0.088141, -0.715408, -0.641191, 0.277609, -0.267092, -0.116179, -0.956643),
      ["LeftUpperLeg"] = CFrame.new(-0.128492, 0.037836, -0.469961, 0.899651, 0.214318, 0.380390, -0.340457, 0.889802, 0.303878, -0.273345, -0.402890, 0.873477),
      ["LowerTorso"] = CFrame.new(0.149448, -0.317323, -0.028146, 0.993334, 0.108204, 0.039755, -0.099941, 0.980229, -0.170772, -0.057448, 0.165660, 0.984508),
      ["RightUpperArm"] = CFrame.new(0.077104, -0.078417, 0.110649, 0.699030, 0.559015, 0.445937, 0.530305, -0.823597, 0.201158, 0.479723, 0.095868, -0.872168),
      ["RightUpperLeg"] = CFrame.new(0.262495, 0.101513, -0.703883, 0.855965, -0.085039, -0.509992, 0.359972, 0.806065, 0.469766, 0.371138, -0.585686, 0.720575)
    }},
    { Time = 1.042, Data = {
      ["Head"] = CFrame.new(-0.000000, 0.000000, -0.000000, 0.992958, -0.107546, -0.049672, 0.112808, 0.986426, 0.119320, 0.036165, -0.124084, 0.991612),
      ["LeftUpperArm"] = CFrame.new(-0.086522, 0.289385, -0.074990, 0.633213, -0.769849, -0.079836, -0.728188, -0.627526, 0.275596, -0.262267, -0.116375, -0.957952),
      ["LeftUpperLeg"] = CFrame.new(-0.145288, 0.056992, -0.501082, 0.897222, 0.191648, 0.397823, -0.326511, 0.894464, 0.305490, -0.297292, -0.403987, 0.865108),
      ["LowerTorso"] = CFrame.new(0.134557, -0.336935, -0.022942, 0.993484, 0.110977, 0.025942, -0.106164, 0.983938, -0.143510, -0.041452, 0.139821, 0.989309),
      ["RightUpperArm"] = CFrame.new(0.064418, -0.081537, 0.109801, 0.720670, 0.541075, 0.433443, 0.513227, -0.836698, 0.191142, 0.466083, 0.084704, -0.880677),
      ["RightUpperLeg"] = CFrame.new(0.249216, 0.140113, -0.722717, 0.857076, -0.105885, -0.504192, 0.362726, 0.819000, 0.444601, 0.365856, -0.563940, 0.740352)
    }},
    { Time = 1.083, Data = {
      ["Head"] = CFrame.new(-0.000000, -0.000000, -0.000000, 0.994066, -0.107417, -0.017152, 0.108703, 0.986778, 0.120218, 0.004012, -0.121369, 0.992599),
      ["LeftUpperArm"] = CFrame.new(-0.072812, 0.277106, -0.074668, 0.626053, -0.776223, -0.074405, -0.735440, -0.619478, 0.274547, -0.259202, -0.117160, -0.958691),
      ["LeftUpperLeg"] = CFrame.new(-0.171849, 0.063750, -0.528261, 0.897081, 0.141398, 0.418631, -0.296504, 0.895075, 0.333055, -0.327613, -0.422903, 0.844880),
      ["LowerTorso"] = CFrame.new(0.095439, -0.351525, -0.020498, 0.992560, 0.121749, -0.001186, -0.120897, 0.984366, -0.128090, -0.014427, 0.127281, 0.991762),
      ["RightUpperArm"] = CFrame.new(0.039969, -0.083737, 0.112304, 0.739037, 0.524518, 0.422736, 0.496923, -0.848146, 0.183621, 0.454854, 0.074365, -0.887456),
      ["RightUpperLeg"] = CFrame.new(0.219108, 0.174287, -0.737766, 0.852704, -0.157193, -0.498183, 0.391636, 0.823474, 0.410503, 0.345713, -0.545144, 0.763741)
    }},
    { Time = 1.125, Data = {
      ["Head"] = CFrame.new(-0.000000, -0.000001, 0.000000, 0.994187, -0.107588, 0.004090, 0.106303, 0.986920, 0.121195, -0.017075, -0.120056, 0.992620),
      ["LeftUpperArm"] = CFrame.new(-0.056922, 0.259610, -0.073584, 0.622129, -0.779697, -0.070907, -0.739256, -0.614844, 0.274714, -0.257790, -0.118489, -0.958908),
      ["LeftUpperLeg"] = CFrame.new(-0.190706, 0.059251, -0.545124, 0.905485, 0.080069, 0.416757, -0.248797, 0.895730, 0.368468, -0.343798, -0.437330, 0.830991),
      ["LowerTorso"] = CFrame.new(0.040900, -0.356884, -0.019807, 0.989801, 0.141473, -0.016745, -0.142457, 0.982149, -0.122837, -0.000932, 0.123969, 0.992286),
      ["RightUpperArm"] = CFrame.new(0.009338, -0.085404, 0.116335, 0.755193, 0.508835, 0.413243, 0.480766, -0.858490, 0.178488, 0.445586, 0.063880, -0.892957),
      ["RightUpperLeg"] = CFrame.new(0.193012, 0.194969, -0.740462, 0.832785, -0.219640, -0.508160, 0.441896, 0.816659, 0.371208, 0.333461, -0.533691, 0.777160)
    }},
    { Time = 1.167, Data = {
      ["Head"] = CFrame.new(-0.000000, -0.000000, -0.000000, 0.991390, -0.130748, 0.007188, 0.128897, 0.984077, 0.122387, -0.023075, -0.120407, 0.992456),
      ["LeftUpperArm"] = CFrame.new(-0.041539, 0.241747, -0.071267, 0.619558, -0.781959, -0.068466, -0.741421, -0.611613, 0.276088, -0.257764, -0.120290, -0.958691),
      ["LeftUpperLeg"] = CFrame.new(-0.197427, 0.042997, -0.550613, 0.919246, 0.017306, 0.393303, -0.190634, 0.893661, 0.406237, -0.344449, -0.448409, 0.824794),
      ["LowerTorso"] = CFrame.new(-0.019656, -0.353890, -0.025064, 0.985641, 0.167800, -0.018841, -0.168827, 0.977312, -0.127902, -0.003048, 0.129246, 0.991608),
      ["RightUpperArm"] = CFrame.new(-0.021836, -0.086856, 0.120121, 0.769818, 0.493744, 0.404471, 0.464353, -0.868023, 0.175821, 0.437901, 0.052467, -0.897491),
      ["RightUpperLeg"] = CFrame.new(0.177559, 0.197750, -0.733427, 0.797838, -0.282942, -0.532353, 0.504997, 0.795966, 0.333789, 0.329292, -0.535146, 0.777937)
    }},
    { Time = 1.208, Data = {
      ["Head"] = CFrame.new(-0.000000, -0.000000, -0.000000, 0.984881, -0.173136, 0.005822, 0.171013, 0.977070, 0.126844, -0.027649, -0.123930, 0.991906),
      ["LeftUpperArm"] = CFrame.new(-0.029387, 0.228431, -0.067198, 0.616137, -0.784839, -0.066356, -0.743839, -0.607508, 0.278636, -0.258996, -0.122319, -0.958102),
      ["LeftUpperLeg"] = CFrame.new(-0.200855, 0.014886, -0.550471, 0.928492, -0.039128, 0.369285, -0.143089, 0.879951, 0.453004, -0.342678, -0.473451, 0.811428),
      ["LowerTorso"] = CFrame.new(-0.076550, -0.348838, -0.046127, 0.981309, 0.191218, -0.021645, -0.192339, 0.970936, -0.142441, -0.006221, 0.143942, 0.989567),
      ["RightUpperArm"] = CFrame.new(-0.047927, -0.088400, 0.121900, 0.783514, 0.478917, 0.395909, 0.447246, -0.876977, 0.175736, 0.431366, 0.039377, -0.901318),
      ["RightUpperLeg"] = CFrame.new(0.168991, 0.181659, -0.723814, 0.759366, -0.337478, -0.556302, 0.566824, 0.762921, 0.310905, 0.319491, -0.551416, 0.770627)
    }},
    { Time = 1.250, Data = {
      ["Head"] = CFrame.new(0.000000, -0.000001, 0.000000, 0.980622, -0.195878, 0.003569, 0.193543, 0.971431, 0.137339, -0.030369, -0.133987, 0.990518),
      ["LeftUpperArm"] = CFrame.new(-0.023135, 0.224545, -0.060931, 0.609865, -0.789945, -0.063650, -0.748197, -0.600387, 0.282377, -0.261277, -0.124589, -0.957190),
      ["LeftUpperLeg"] = CFrame.new(-0.202917, -0.020892, -0.551650, 0.932737, -0.074636, 0.352749, -0.124378, 0.851685, 0.509081, -0.338427, -0.518713, 0.785114),
      ["LowerTorso"] = CFrame.new(-0.119906, -0.345702, -0.090879, 0.979240, 0.201249, -0.024254, -0.202473, 0.965360, -0.164575, -0.009707, 0.166070, 0.986066),
      ["RightUpperArm"] = CFrame.new(-0.063401, -0.090368, 0.119917, 0.796982, 0.463660, 0.387091, 0.428700, -0.885691, 0.178236, 0.425484, 0.023895, -0.904651),
      ["RightUpperLeg"] = CFrame.new(0.175061, 0.145772, -0.711547, 0.727271, -0.365824, -0.580732, 0.614922, 0.723135, 0.314559, 0.304874, -0.585874, 0.750868)
    }},
    { Time = 1.292, Data = {
      ["Head"] = CFrame.new(-0.000000, -0.000000, 0.000000, 0.980618, -0.195928, 0.001053, 0.193411, 0.968853, 0.154647, -0.031320, -0.151446, 0.987969),
      ["LeftUpperArm"] = CFrame.new(-0.021894, 0.232128, -0.049294, 0.598181, -0.798656, -0.065786, -0.754373, -0.588903, 0.290026, -0.270372, -0.123861, -0.954756),
      ["LeftUpperLeg"] = CFrame.new(-0.206072, -0.062592, -0.556097, 0.933948, -0.089390, 0.346049, -0.134995, 0.808272, 0.573125, -0.330934, -0.581984, 0.742817),
      ["LowerTorso"] = CFrame.new(-0.144924, -0.350907, -0.160173, 0.979214, 0.201214, -0.025542, -0.202350, 0.960487, -0.191099, -0.013919, 0.192295, 0.981238),
      ["RightUpperArm"] = CFrame.new(-0.071065, -0.097126, 0.109370, 0.810401, 0.447950, 0.377612, 0.408766, -0.894040, 0.183311, 0.419715, 0.005799, -0.907638),
      ["RightUpperLeg"] = CFrame.new(0.195571, 0.098399, -0.700895, 0.701760, -0.366723, -0.610776, 0.651900, 0.676335, 0.342924, 0.287331, -0.638815, 0.713692)
    }},
    { Time = 1.333, Data = {
      ["Head"] = CFrame.new(0.000000, 0.000000, 0.000000, 0.980644, -0.195783, -0.002363, 0.193281, 0.966041, 0.171486, -0.031291, -0.168624, 0.985184),
      ["LeftUpperArm"] = CFrame.new(-0.022436, 0.247241, -0.031720, 0.581852, -0.809721, -0.076165, -0.760332, -0.574813, 0.302467, -0.288694, -0.118080, -0.950112),
      ["LeftUpperLeg"] = CFrame.new(-0.211061, -0.099607, -0.564157, 0.934057, -0.095473, 0.344125, -0.153830, 0.762063, 0.628965, -0.322293, -0.640426, 0.697124),
      ["LowerTorso"] = CFrame.new(-0.156356, -0.366877, -0.226813, 0.979226, 0.201176, -0.025400, -0.201905, 0.955778, -0.213831, -0.018741, 0.214517, 0.976540),
      ["RightUpperArm"] = CFrame.new(-0.077518, -0.110513, 0.089821, 0.823380, 0.432414, 0.367509, 0.388712, -0.901574, 0.189914, 0.413458, -0.013516, -0.910423),
      ["RightUpperLeg"] = CFrame.new(0.218548, 0.059963, -0.697611, 0.678894, -0.356408, -0.641932, 0.682272, 0.629278, 0.372175, 0.271308, -0.690639, 0.670380)
    }},
    { Time = 1.375, Data = {
      ["Head"] = CFrame.new(-0.000000, -0.000000, -0.000000, 0.980689, -0.195503, -0.005176, 0.193259, 0.964695, 0.178925, -0.029987, -0.176470, 0.983849),
      ["LeftUpperArm"] = CFrame.new(-0.024019, 0.265951, -0.011760, 0.563423, -0.821199, -0.090482, -0.765368, -0.560056, 0.317095, -0.311073, -0.109406, -0.944068),
      ["LeftUpperLeg"] = CFrame.new(-0.219750, -0.115379, -0.586849, 0.933695, -0.098108, 0.344368, -0.166813, 0.731814, 0.660774, -0.316840, -0.674406, 0.666925),
      ["LowerTorso"] = CFrame.new(-0.159130, -0.391667, -0.256553, 0.979231, 0.201293, -0.024250, -0.201567, 0.953637, -0.223489, -0.021861, 0.223735, 0.974405),
      ["RightUpperArm"] = CFrame.new(-0.082703, -0.126981, 0.066088, 0.835284, 0.418159, 0.356994, 0.370324, -0.907802, 0.196866, 0.406401, -0.032235, -0.913126),
      ["RightUpperLeg"] = CFrame.new(0.231592, 0.048112, -0.710535, 0.664627, -0.346349, -0.662052, 0.699007, 0.601219, 0.387201, 0.263932, -0.720124, 0.641687)
    }},
    { Time = 1.417, Data = {
      ["Head"] = CFrame.new(-0.000000, -0.000000, 0.000000, 0.982024, -0.188653, -0.006272, 0.186719, 0.966009, 0.178779, -0.027668, -0.176737, 0.983869),
      ["LeftUpperArm"] = CFrame.new(-0.025911, 0.284233, 0.007063, 0.545939, -0.831198, -0.105171, -0.768923, -0.546930, 0.331097, -0.332728, -0.099890, -0.937717),
      ["LeftUpperLeg"] = CFrame.new(-0.232356, -0.098954, -0.626347, 0.929521, -0.080142, 0.359956, -0.192695, 0.726683, 0.659393, -0.314419, -0.682282, 0.660025),
      ["LowerTorso"] = CFrame.new(-0.134778, -0.423391, -0.244946, 0.981088, 0.192346, -0.021660, -0.192384, 0.956671, -0.218561, -0.021318, 0.218594, 0.975583),
      ["RightUpperArm"] = CFrame.new(-0.086525, -0.143018, 0.043006, 0.845579, 0.406430, 0.346137, 0.355507, -0.912395, 0.202855, 0.398260, -0.048476, -0.915991),
      ["RightUpperLeg"] = CFrame.new(0.235286, 0.062091, -0.746579, 0.676625, -0.320997, -0.662676, 0.684949, 0.604674, 0.406466, 0.270229, -0.728924, 0.629004)
    }},
    { Time = 1.458, Data = {
      ["Head"] = CFrame.new(-0.000000, 0.000000, 0.000000, 0.985293, -0.170760, -0.006273, 0.169120, 0.969262, 0.178689, -0.024432, -0.177122, 0.983886),
      ["LeftUpperArm"] = CFrame.new(-0.027475, 0.298113, 0.021041, 0.532824, -0.838180, -0.116417, -0.770931, -0.537528, 0.341659, -0.348949, -0.092294, -0.932586),
      ["LeftUpperLeg"] = CFrame.new(-0.243002, -0.058071, -0.669073, 0.917763, -0.033403, 0.395720, -0.245715, 0.735057, 0.631914, -0.311985, -0.677182, 0.666401),
      ["LowerTorso"] = CFrame.new(-0.080098, -0.459472, -0.217901, 0.985157, 0.170747, -0.017666, -0.170693, 0.963517, -0.206152, -0.018179, 0.206108, 0.978360),
      ["RightUpperArm"] = CFrame.new(-0.088887, -0.155156, 0.025358, 0.853835, 0.398483, 0.334928, 0.346040, -0.915174, 0.206673, 0.388873, -0.060566, -0.919299),
      ["RightUpperLeg"] = CFrame.new(0.238488, 0.086732, -0.791568, 0.714175, -0.270685, -0.645511, 0.639228, 0.627970, 0.443893, 0.285206, -0.729646, 0.621510)
    }},
    { Time = 1.500, Data = {
      ["Head"] = CFrame.new(-0.000000, -0.000000, 0.000000, 0.989382, -0.145223, -0.005746, 0.143909, 0.973368, 0.178454, -0.020323, -0.177386, 0.983931),
      ["LeftUpperArm"] = CFrame.new(-0.028122, 0.303610, 0.026525, 0.527676, -0.840788, -0.120970, -0.771545, -0.533975, 0.345817, -0.355354, -0.089146, -0.930472),
      ["LeftUpperLeg"] = CFrame.new(-0.246319, -0.005690, -0.708297, 0.900578, 0.022237, 0.434124, -0.303933, 0.746212, 0.592277, -0.310778, -0.665337, 0.678781),
      ["LowerTorso"] = CFrame.new(-0.022363, -0.497015, -0.187208, 0.989409, 0.144563, -0.013107, -0.144397, 0.970998, -0.190560, -0.014821, 0.190435, 0.981588),
      ["RightUpperArm"] = CFrame.new(-0.089709, -0.159945, 0.017951, 0.859648, 0.395508, 0.323387, 0.343625, -0.916036, 0.206883, 0.378058, -0.066722, -0.923375),
      ["RightUpperLeg"] = CFrame.new(0.240823, 0.118206, -0.830410, 0.755436, -0.216486, -0.618425, 0.581553, 0.656341, 0.480637, 0.301847, -0.722738, 0.621723)
    }},
    { Time = 1.542, Data = {
      ["Head"] = CFrame.new(-0.000000, 0.000000, -0.000000, 0.993248, -0.115910, -0.004927, 0.115056, 0.978698, 0.170037, -0.014887, -0.169456, 0.985425),
      ["LeftUpperArm"] = CFrame.new(-0.027926, 0.292481, 0.027686, 0.536688, -0.834264, -0.126368, -0.772621, -0.546081, 0.323809, -0.339150, -0.076150, -0.937645),
      ["LeftUpperLeg"] = CFrame.new(-0.243531, 0.043832, -0.742105, 0.883618, 0.068230, 0.463211, -0.350329, 0.752701, 0.557414, -0.310627, -0.654817, 0.689003),
      ["LowerTorso"] = CFrame.new(0.017559, -0.532488, -0.162706, 0.992633, 0.120861, -0.008572, -0.120479, 0.977038, -0.175729, -0.012863, 0.175467, 0.984401),
      ["RightUpperArm"] = CFrame.new(-0.084570, -0.150867, 0.024844, 0.858565, 0.405665, 0.313531, 0.362143, -0.912712, 0.189236, 0.362930, -0.048929, -0.930531),
      ["RightUpperLeg"] = CFrame.new(0.242823, 0.149557, -0.857001, 0.784971, -0.174663, -0.594401, 0.533213, 0.678979, 0.504650, 0.315443, -0.713078, 0.626112)
    }},
    { Time = 1.583, Data = {
      ["Head"] = CFrame.new(-0.000000, -0.000000, -0.000000, 0.996158, -0.087462, -0.004310, 0.087074, 0.984104, 0.154785, -0.009297, -0.154565, 0.987939),
      ["LeftUpperArm"] = CFrame.new(-0.027797, 0.266826, 0.028788, 0.556177, -0.819951, -0.135452, -0.777315, -0.570914, 0.264272, -0.294022, -0.041694, -0.954889),
      ["LeftUpperLeg"] = CFrame.new(-0.236733, 0.082260, -0.765252, 0.868094, 0.105796, 0.484995, -0.387565, 0.754935, 0.529024, -0.310171, -0.647210, 0.696357),
      ["LowerTorso"] = CFrame.new(0.046083, -0.559297, -0.147305, 0.994918, 0.100585, -0.004464, -0.099943, 0.981249, -0.164811, -0.012197, 0.164420, 0.986315),
      ["RightUpperArm"] = CFrame.new(-0.074074, -0.129114, 0.046796, 0.849096, 0.428146, 0.309399, 0.403949, -0.903699, 0.141963, 0.340385, 0.004442, -0.940276),
      ["RightUpperLeg"] = CFrame.new(0.247088, 0.171535, -0.872553, 0.805913, -0.141166, -0.574957, 0.494571, 0.694353, 0.522756, 0.325428, -0.705653, 0.629405)
    }},
    { Time = 1.625, Data = {
      ["Head"] = CFrame.new(-0.000000, 0.000000, 0.000000, 0.997893, -0.064743, -0.004250, 0.064667, 0.987113, 0.146377, -0.005282, -0.146343, 0.989220),
      ["LeftUpperArm"] = CFrame.new(-0.028650, 0.238292, 0.026151, 0.574806, -0.806602, -0.137809, -0.787084, -0.591053, 0.176506, -0.223822, 0.007010, -0.974605),
      ["LeftUpperLeg"] = CFrame.new(-0.227742, 0.101795, -0.771183, 0.852782, 0.141640, 0.502694, -0.422092, 0.753763, 0.503665, -0.307573, -0.641700, 0.702581),
      ["LowerTorso"] = CFrame.new(0.076020, -0.570049, -0.141962, 0.996500, 0.083581, -0.001131, -0.082678, 0.983557, -0.160561, -0.012307, 0.160093, 0.987025),
      ["RightUpperArm"] = CFrame.new(-0.065743, -0.102445, 0.083704, 0.835744, 0.450440, 0.314062, 0.453475, -0.888683, 0.067850, 0.309664, 0.085714, -0.946975),
