return {
  ["Astros Bring her up"] = {
    { Time = 0.000, Data = {
      ["Cock"] = CFrame.new(0.000019, -0.000013, -0.000031, 0.923578, 0.383410, 0.000000, -0.383410, 0.923578, -0.000000, -0.000000, 0.000000, 1.000000),
      ["Head"] = CFrame.new(0.000000, -0.000000, 0.000000, 1.000000, -0.000000, 0.000000, 0.000000, 0.868409, 0.495848, -0.000000, -0.495848, 0.868409),
      ["LeftUpperArm"] = CFrame.new(-0.032714, -0.318115, -0.375708, 0.934007, -0.148184, -0.325072, -0.266320, 0.317699, -0.910022, 0.238126, 0.936541, 0.257268),
      ["LeftUpperLeg"] = CFrame.new(0.000000, 0.000000, 0.000000, 1.000000, 0.000000, 0.000000, 0.000000, 1.000000, 0.000000, 0.000000, 0.000000, 1.000000),
      ["LowerTorso"] = CFrame.new(0.000000, -1.513628, 1.075760, 1.000000, 0.000000, 0.000000, 0.000000, -0.000000, -1.000000, 0.000000, 1.000000, -0.000000),
      ["RightUpperArm"] = CFrame.new(0.032814, -0.318132, -0.375721, 0.933731, 0.148661, 0.325649, 0.266780, 0.317598, -0.909923, -0.238696, 0.936500, 0.256891),
      ["RightUpperLeg"] = CFrame.new(0.000000, 0.000000, 0.000000, 1.000000, 0.000000, 0.000000, 0.000000, 1.000000, 0.000000, 0.000000, 0.000000, 1.000000)
    }},
    { Time = 0.017, Data = {
      ["Cock"] = CFrame.new(0.000019, -0.000013, -0.000031, 0.923747, 0.383004, 0.000000, -0.383004, 0.923747, -0.000000, -0.000000, 0.000000, 1.000000),
      ["Head"] = CFrame.new(0.000000, -0.000000, 0.000000, 1.000000, -0.000000, 0.000000, 0.000000, 0.868454, 0.495770, -0.000000, -0.495770, 0.868454),
      ["LeftUpperArm"] = CFrame.new(-0.032759, -0.317825, -0.375576, 0.933983, -0.148215, -0.325128, -0.266237, 0.318208, -0.909869, 0.238315, 0.936363, 0.257741),
      ["LeftUpperLeg"] = CFrame.new(0.000000, 0.000001, -0.000009, 1.000000, 0.000000, 0.000000, 0.000000, 1.000000, 0.000000, 0.000000, 0.000000, 1.000000),
      ["LowerTorso"] = CFrame.new(0.000000, -1.513628, 1.075763, 1.000000, 0.000000, 0.000000, 0.000000, -0.000000, -1.000000, 0.000000, 1.000000, -0.000000),
      ["RightUpperArm"] = CFrame.new(0.032858, -0.317842, -0.375589, 0.933706, 0.148692, 0.325704, 0.266696, 0.318107, -0.909770, -0.238884, 0.936322, 0.257363),
      ["RightUpperLeg"] = CFrame.new(0.000000, 0.000001, -0.000009, 1.000000, 0.000000, 0.000000, 0.000000, 1.000000, 0.000000, 0.000000, 0.000000, 1.000000)
    }},
    { Time = 0.033, Data = {
      ["Cock"] = CFrame.new(0.000019, -0.000013, -0.000031, 0.924252, 0.381784, 0.000000, -0.381784, 0.924252, -0.000000, -0.000000, 0.000000, 1.000000),
      ["Head"] = CFrame.new(0.000000, -0.000000, 0.000000, 1.000000, -0.000000, 0.000000, 0.000000, 0.868498, 0.495693, -0.000000, -0.495693, 0.868498),
      ["LeftUpperArm"] = CFrame.new(-0.032884, -0.316982, -0.375170, 0.933941, -0.148274, -0.325222, -0.265949, 0.319635, -0.909453, 0.238800, 0.935868, 0.259087),
      ["LeftUpperLeg"] = CFrame.new(0.000000, 0.000002, -0.000037, 1.000000, 0.000000, 0.000000, 0.000000, 1.000000, 0.000000, 0.000000, 0.000000, 1.000000),
      ["LowerTorso"] = CFrame.new(0.000000, -1.513749, 1.075767, 1.000000, 0.000000, 0.000000, 0.000000, 0.000122, -1.000000, 0.000000, 1.000000, 0.000122),
      ["RightUpperArm"] = CFrame.new(0.032983, -0.316998, -0.375182, 0.933664, 0.148750, 0.325799, 0.266408, 0.319535, -0.909354, -0.239370, 0.935826, 0.258710),
      ["RightUpperLeg"] = CFrame.new(0.000000, 0.000002, -0.000037, 1.000000, 0.000000, 0.000000, 0.000000, 1.000000, 0.000000, 0.000000, 0.000000, 1.000000)
    }},
    { Time = 0.050, Data = {
      ["Cock"] = CFrame.new(0.000019, -0.000012, -0.000031, 0.925056, 0.379831, 0.000000, -0.379831, 0.925056, -0.000000, -0.000000, 0.000000, 1.000000),
      ["Head"] = CFrame.new(0.000000, -0.000000, -0.000000, 1.000000, -0.000000, 0.000000, 0.000000, 0.868631, 0.495460, -0.000000, -0.495460, 0.868631),
      ["LeftUpperArm"] = CFrame.new(-0.033094, -0.315533, -0.374510, 0.933850, -0.148376, -0.325437, -0.265480, 0.322177, -0.908693, 0.239677, 0.934980, 0.261474),
      ["LeftUpperLeg"] = CFrame.new(0.000000, 0.000004, -0.000084, 1.000000, 0.000000, 0.000000, 0.000000, 1.000000, -0.000432, 0.000000, 0.000432, 1.000000),
      ["LowerTorso"] = CFrame.new(0.000000, -1.513628, 1.075777, 1.000000, 0.000000, 0.000000, 0.000000, 0.000000, -1.000000, 0.000000, 1.000000, 0.000000),
      ["RightUpperArm"] = CFrame.new(0.033193, -0.315549, -0.374522, 0.933573, 0.148852, 0.326014, 0.265938, 0.322077, -0.908594, -0.240247, 0.934938, 0.261097),
      ["RightUpperLeg"] = CFrame.new(0.000000, 0.000004, -0.000084, 1.000000, 0.000000, 0.000000, 0.000000, 1.000000, -0.000432, 0.000000, 0.000432, 1.000000)
    }},
    { Time = 0.067, Data = {
      ["Cock"] = CFrame.new(0.000019, -0.000012, -0.000032, 0.926221, 0.376981, 0.000000, -0.376981, 0.926221, -0.000000, -0.000000, 0.000000, 1.000000),
      ["Head"] = CFrame.new(0.000000, -0.000000, -0.000000, 1.000000, -0.000000, 0.000000, 0.000000, 0.868764, 0.495227, -0.000000, -0.495227, 0.868764),
      ["LeftUpperArm"] = CFrame.new(-0.033397, -0.313533, -0.373580, 0.933710, -0.148558, -0.325756, -0.264854, 0.325627, -0.907645, 0.240913, 0.933755, 0.264695),
      ["LeftUpperLeg"] = CFrame.new(0.000000, 0.000007, -0.000149, 1.000000, 0.000000, 0.000000, 0.000000, 1.000000, -0.000777, 0.000000, 0.000777, 1.000000),
      ["LowerTorso"] = CFrame.new(0.000000, -1.514238, 1.075790, 1.000000, 0.000000, 0.000000, 0.000000, 0.000610, -1.000000, 0.000000, 1.000000, 0.000610),
      ["RightUpperArm"] = CFrame.new(0.033496, -0.313550, -0.373593, 0.933432, 0.149032, 0.326334, 0.265311, 0.325527, -0.907547, -0.241484, 0.933714, 0.264318),
      ["RightUpperLeg"] = CFrame.new(0.000000, 0.000007, -0.000149, 1.000000, 0.000000, 0.000000, 0.000000, 1.000000, -0.000777, 0.000000, 0.000777, 1.000000)
    }},
    { Time = 0.083, Data = {
      ["Cock"] = CFrame.new(0.000020, -0.000012, -0.000032, 0.927673, 0.373394, 0.000000, -0.373394, 0.927673, -0.000000, -0.000000, 0.000000, 1.000000),
      ["Head"] = CFrame.new(0.000000, -0.000000, 0.000000, 1.000000, -0.000000, 0.000000, 0.000000, 0.868985, 0.494839, -0.000000, -0.494839, 0.868985),
      ["LeftUpperArm"] = CFrame.new(-0.033795, -0.310957, -0.372394, 0.933557, -0.148819, -0.326075, -0.263936, 0.330085, -0.906301, 0.242507, 0.932146, 0.268875),
      ["LeftUpperLeg"] = CFrame.new(0.000000, 0.000011, -0.000233, 1.000000, 0.000000, 0.000000, 0.000000, 0.999999, -0.001209, 0.000000, 0.001209, 0.999999),
      ["LowerTorso"] = CFrame.new(0.000000, -1.514483, 1.075808, 1.000000, 0.000000, 0.000000, 0.000000, 0.000854, -1.000000, 0.000000, 1.000000, 0.000854),
      ["RightUpperArm"] = CFrame.new(0.033894, -0.310973, -0.372407, 0.933279, 0.149291, 0.326654, 0.264392, 0.329985, -0.906204, -0.243080, 0.932106, 0.268497),
      ["RightUpperLeg"] = CFrame.new(0.000000, 0.000011, -0.000233, 1.000000, 0.000000, 0.000000, 0.000000, 0.999999, -0.001209, 0.000000, 0.001209, 0.999999)
    }},
    { Time = 0.100, Data = {
      ["Cock"] = CFrame.new(0.000020, -0.000011, -0.000033, 0.929435, 0.368987, 0.000000, -0.368987, 0.929435, -0.000000, -0.000000, 0.000000, 1.000000),
      ["Head"] = CFrame.new(0.000000, -0.000000, 0.000000, 1.000000, -0.000000, 0.000000, 0.000000, 0.869250, 0.494374, -0.000000, -0.494374, 0.869250),
      ["LeftUpperArm"] = CFrame.new(-0.034268, -0.307835, -0.370941, 0.933347, -0.149090, -0.326551, -0.262924, 0.335428, -0.904632, 0.244406, 0.930193, 0.273872),
      ["LeftUpperLeg"] = CFrame.new(0.000000, 0.000015, -0.000336, 1.000000, 0.000000, 0.000000, 0.000000, 0.999999, -0.001640, 0.000000, 0.001640, 0.999999),
      ["LowerTorso"] = CFrame.new(0.000000, -1.514848, 1.075829, 1.000000, 0.000000, 0.000000, 0.000000, 0.001220, -0.999999, 0.000000, 0.999999, 0.001220),
      ["RightUpperArm"] = CFrame.new(0.034367, -0.307852, -0.370953, 0.933069, 0.149561, 0.327131, 0.263378, 0.335329, -0.904537, -0.244980, 0.930154, 0.273494),
      ["RightUpperLeg"] = CFrame.new(0.000000, 0.000015, -0.000336, 1.000000, 0.000000, 0.000000, 0.000000, 0.999999, -0.001640, 0.000000, 0.001640, 0.999999)
    }},
    { Time = 0.117, Data = {
      ["Cock"] = CFrame.new(0.000020, -0.000011, -0.000034, 0.931463, 0.363836, 0.000000, -0.363836, 0.931463, -0.000000, -0.000000, 0.000000, 1.000000),
      ["Head"] = CFrame.new(0.000000, 0.000000, 0.000000, 1.000000, -0.000000, 0.000000, 0.000000, 0.869514, 0.493908, -0.000000, -0.493908, 0.869514),
      ["LeftUpperArm"] = CFrame.new(-0.034813, -0.304118, -0.369243, 0.933117, -0.149356, -0.327086, -0.261669, 0.341850, -0.902590, 0.246621, 0.927810, 0.279904),
      ["LeftUpperLeg"] = CFrame.new(0.000000, 0.000020, -0.000457, 1.000000, 0.000000, 0.000000, 0.000000, 0.999997, -0.002331, 0.000000, 0.002331, 0.999997),
      ["LowerTorso"] = CFrame.new(0.000000, -1.515337, 1.075854, 1.000000, 0.000000, 0.000000, 0.000000, 0.001708, -0.999999, 0.000000, 0.999999, 0.001708),
      ["RightUpperArm"] = CFrame.new(0.034912, -0.304135, -0.369256, 0.932838, 0.149824, 0.327668, 0.262121, 0.341751, -0.902496, -0.247197, 0.927771, 0.279526),
      ["RightUpperLeg"] = CFrame.new(0.000000, 0.000020, -0.000457, 1.000000, 0.000000, 0.000000, 0.000000, 0.999997, -0.002331, 0.000000, 0.002331, 0.999997)
    }},
    { Time = 0.133, Data = {
      ["Cock"] = CFrame.new(0.000021, -0.000010, -0.000035, 0.933808, 0.357776, 0.000000, -0.357776, 0.933808, -0.000000, -0.000000, 0.000000, 1.000000),
      ["Head"] = CFrame.new(0.000000, -0.000000, 0.000000, 1.000000, -0.000000, 0.000000, 0.000000, 0.869867, 0.493287, -0.000000, -0.493287, 0.869867),
      ["LeftUpperArm"] = CFrame.new(-0.035466, -0.299834, -0.367304, 0.932841, -0.149752, -0.327693, -0.260159, 0.349240, -0.900194, 0.249249, 0.924990, 0.286826),
      ["LeftUpperLeg"] = CFrame.new(0.000000, 0.000026, -0.000597, 1.000000, 0.000000, 0.000000, 0.000000, 0.999995, -0.003021, 0.000000, 0.003021, 0.999995),
      ["LowerTorso"] = CFrame.new(0.000000, -1.515824, 1.075883, 1.000000, 0.000000, 0.000000, 0.000000, 0.002196, -0.999998, 0.000000, 0.999998, 0.002196),
      ["RightUpperArm"] = CFrame.new(0.035546, -0.299852, -0.367312, 0.932555, 0.150149, 0.328324, 0.260678, 0.349136, -0.900084, -0.249776, 0.924965, 0.286448),
      ["RightUpperLeg"] = CFrame.new(0.000000, 0.000026, -0.000597, 1.000000, 0.000000, 0.000000, 0.000000, 0.999995, -0.003021, 0.000000, 0.003021, 0.999995)
    }},
    { Time = 0.150, Data = {
      ["Cock"] = CFrame.new(0.000021, -0.000010, -0.000036, 0.936389, 0.350964, 0.000000, -0.350964, 0.936389, -0.000000, -0.000000, 0.000000, 1.000000),
      ["Head"] = CFrame.new(0.000000, 0.000000, 0.000000, 1.000000, -0.000000, 0.000000, 0.000000, 0.870263, 0.492588, -0.000000, -0.492588, 0.870263),
      ["LeftUpperArm"] = CFrame.new(-0.036181, -0.295017, -0.365108, 0.932536, -0.150109, -0.328395, -0.258493, 0.357474, -0.897437, 0.252106, 0.921781, 0.294555),
      ["LeftUpperLeg"] = CFrame.new(0.000000, 0.000033, -0.000755, 1.000000, 0.000000, 0.000000, 0.000000, 0.999993, -0.003798, 0.000000, 0.003798, 0.999993),
      ["LowerTorso"] = CFrame.new(0.000000, -1.516433, 1.075917, 1.000000, 0.000000, 0.000000, 0.000000, 0.002806, -0.999996, 0.000000, 0.999996, 0.002806),
      ["RightUpperArm"] = CFrame.new(0.036280, -0.295033, -0.365120, 0.932255, 0.150572, 0.328980, 0.258940, 0.357376, -0.897347, -0.252685, 0.921743, 0.294176),
      ["RightUpperLeg"] = CFrame.new(0.000000, 0.000033, -0.000755, 1.000000, 0.000000, 0.000000, 0.000000, 0.999993, -0.003798, 0.000000, 0.003798, 0.999993)
    }},
    { Time = 0.167, Data = {
      ["Cock"] = CFrame.new(0.000022, -0.000009, -0.000037, 0.939250, 0.343234, 0.000000, -0.343234, 0.939250, -0.000000, -0.000000, 0.000000, 1.000000),
      ["Head"] = CFrame.new(0.000000, -0.000000, 0.000000, 1.000000, -0.000000, 0.000000, 0.000000, 0.870702, 0.491811, -0.000000, -0.491811, 0.870702),
      ["LeftUpperArm"] = CFrame.new(-0.036999, -0.289616, -0.362691, 0.932183, -0.150580, -0.329182, -0.256547, 0.366738, -0.894252, 0.255380, 0.918058, 0.303236),
      ["LeftUpperLeg"] = CFrame.new(0.000000, 0.000040, -0.000932, 1.000000, 0.000000, 0.000000, 0.000000, 0.999989, -0.004661, 0.000000, 0.004661, 0.999989),
      ["LowerTorso"] = CFrame.new(0.000000, -1.517044, 1.075955, 1.000000, 0.000000, 0.000000, 0.000000, 0.003415, -0.999994, 0.000000, 0.999994, 0.003415),
      ["RightUpperArm"] = CFrame.new(0.037079, -0.289634, -0.362699, 0.931895, 0.150970, 0.329817, 0.257061, 0.366635, -0.894147, -0.255912, 0.918034, 0.302857),
      ["RightUpperLeg"] = CFrame.new(0.000000, 0.000040, -0.000932, 1.000000, 0.000000, 0.000000, 0.000000, 0.999989, -0.004661, 0.000000, 0.004661, 0.999989)
    }},
    { Time = 0.183, Data = {
      ["Cock"] = CFrame.new(0.000022, -0.000008, -0.000039, 0.942310, 0.334742, 0.000000, -0.334742, 0.942310, -0.000000, -0.000000, 0.000000, 1.000000),
      ["Head"] = CFrame.new(0.000000, 0.000000, -0.000000, 1.000000, -0.000000, 0.000000, 0.000000, 0.871141, 0.491033, -0.000000, -0.491033, 0.871141),
      ["LeftUpperArm"] = CFrame.new(-0.037875, -0.283667, -0.360039, 0.931799, -0.150994, -0.330079, -0.254419, 0.376901, -0.890627, 0.258886, 0.913864, 0.312780),
      ["LeftUpperLeg"] = CFrame.new(0.000000, 0.000048, -0.001128, 1.000000, 0.000000, 0.000000, 0.000000, 0.999984, -0.005611, 0.000000, 0.005611, 0.999984),
      ["LowerTorso"] = CFrame.new(0.000000, -1.517775, 1.075997, 1.000000, 0.000000, 0.000000, 0.000000, 0.004146, -0.999991, 0.000000, 0.999991, 0.004146),
      ["RightUpperArm"] = CFrame.new(0.037974, -0.283683, -0.360050, 0.931516, 0.151450, 0.330668, 0.254860, 0.376805, -0.890542, -0.259470, 0.913828, 0.312401),
      ["RightUpperLeg"] = CFrame.new(0.000000, 0.000048, -0.001128, 1.000000, 0.000000, 0.000000, 0.000000, 0.999984, -0.005611, 0.000000, 0.005611, 0.999984)
    }},
    { Time = 0.200, Data = {
      ["Cock"] = CFrame.new(0.000023, -0.000007, -0.000040, 0.945575, 0.325403, 0.000000, -0.325403, 0.945575, -0.000000, -0.000000, 0.000000, 1.000000),
      ["Head"] = CFrame.new(0.000000, 0.000000, -0.000000, 1.000000, -0.000000, 0.000000, 0.000000, 0.871666, 0.490100, -0.000000, -0.490100, 0.871666),
      ["LeftUpperArm"] = CFrame.new(-0.038846, -0.277172, -0.357168, 0.931394, -0.151491, -0.330992, -0.251963, 0.387950, -0.886572, 0.262716, 0.909145, 0.323164),
      ["LeftUpperLeg"] = CFrame.new(0.000000, 0.000057, -0.001343, 1.000000, 0.000000, 0.000000, 0.000000, 0.999977, -0.006733, 0.000000, 0.006733, 0.999977),
      ["LowerTorso"] = CFrame.new(0.000000, -1.518627, 1.076044, 1.000000, 0.000000, 0.000000, 0.000000, 0.004999, -0.999987, 0.000000, 0.999987, 0.004999),
      ["RightUpperArm"] = CFrame.new(0.038922, -0.277165, -0.357185, 0.931105, 0.151856, 0.331638, 0.252457, 0.387945, -0.886434, -0.263267, 0.909087, 0.322880),
      ["RightUpperLeg"] = CFrame.new(0.000000, 0.000058, -0.001343, 1.000000, 0.000000, 0.000000, 0.000000, 0.999977, -0.006733, 0.000000, 0.006733, 0.999977)
    }},
    { Time = 0.217, Data = {
      ["Cock"] = CFrame.new(0.000023, -0.000006, -0.000042, 0.949022, 0.315210, 0.000000, -0.315210, 0.949022, -0.000000, -0.000000, 0.000000, 1.000000),
      ["Head"] = CFrame.new(0.000000, 0.000000, -0.000000, 1.000000, -0.000000, 0.000000, 0.000000, 0.872234, 0.489089, -0.000000, -0.489089, 0.872234),
      ["LeftUpperArm"] = CFrame.new(-0.039903, -0.270116, -0.354093, 0.930930, -0.152034, -0.332047, -0.249274, 0.399948, -0.881989, 0.266894, 0.903841, 0.334425),
      ["LeftUpperLeg"] = CFrame.new(0.000000, 0.000067, -0.001576, 1.000000, 0.000000, 0.000000, 0.000000, 0.999969, -0.007855, 0.000000, 0.007855, 0.999969),
      ["LowerTorso"] = CFrame.new(0.000000, -1.519479, 1.076095, 1.000000, 0.000000, 0.000000, 0.000000, 0.005851, -0.999983, 0.000000, 0.999983, 0.005851),
      ["RightUpperArm"] = CFrame.new(0.039978, -0.270109, -0.354110, 0.930639, 0.152394, 0.332696, 0.249764, 0.399942, -0.881853, -0.267448, 0.903782, 0.334140),
      ["RightUpperLeg"] = CFrame.new(0.000000, 0.000067, -0.001576, 1.000000, 0.000000, 0.000000, 0.000000, 0.999969, -0.007855, 0.000000, 0.007855, 0.999969)
    }},
    { Time = 0.233, Data = {
      ["Cock"] = CFrame.new(0.000024, -0.000005, -0.000044, 0.952622, 0.304157, 0.000000, -0.304157, 0.952622, -0.000000, -0.000000, 0.000000, 1.000000),
      ["Head"] = CFrame.new(0.000000, -0.000000, -0.000000, 1.000000, -0.000000, 0.000000, 0.000000, 0.872844, 0.487999, -0.000000, -0.487999, 0.872844),
      ["LeftUpperArm"] = CFrame.new(-0.041031, -0.262507, -0.350822, 0.930436, -0.152573, -0.333182, -0.246296, 0.412861, -0.876860, 0.271343, 0.897924, 0.346563),
      ["LeftUpperLeg"] = CFrame.new(0.000000, 0.000078, -0.001828, 1.000000, 0.000000, 0.000000, 0.000000, 0.999958, -0.009150, 0.000000, 0.009150, 0.999958),
      ["LowerTorso"] = CFrame.new(0.000000, -1.520453, 1.076153, 1.000000, 0.000000, 0.000000, 0.000000, 0.006825, -0.999977, 0.000000, 0.999977, 0.006825),
      ["RightUpperArm"] = CFrame.new(0.041111, -0.262525, -0.350830, 0.930144, 0.152945, 0.333825, 0.246796, 0.412763, -0.876766, -0.271888, 0.897906, 0.346183),
      ["RightUpperLeg"] = CFrame.new(0.000000, 0.000078, -0.001828, 1.000000, 0.000000, 0.000000, 0.000000, 0.999958, -0.009150, 0.000000, 0.009150, 0.999958)
    }},
    { Time = 0.250, Data = {
      ["Cock"] = CFrame.new(0.000025, -0.000004, -0.000046, 0.956371, 0.292154, 0.000000, -0.292154, 0.956371, -0.000000, -0.000000, 0.000000, 1.000000),
      ["Head"] = CFrame.new(0.000000, 0.000000, -0.000000, 1.000000, -0.000000, 0.000000, 0.000000, 0.873496, 0.486831, -0.000000, -0.486831, 0.873496),
      ["LeftUpperArm"] = CFrame.new(-0.042249, -0.254379, -0.347355, 0.929879, -0.153174, -0.334459, -0.243081, 0.426565, -0.871180, 0.276111, 0.891392, 0.359420),
      ["LeftUpperLeg"] = CFrame.new(0.000000, 0.000089, -0.002098, 1.000000, 0.000000, 0.000000, 0.000000, 0.999945, -0.010531, 0.000000, 0.010531, 0.999945),
      ["LowerTorso"] = CFrame.new(0.000000, -1.521426, 1.076215, 1.000000, 0.000000, 0.000000, 0.000000, 0.007798, -0.999970, 0.000000, 0.999970, 0.007798),
      ["RightUpperArm"] = CFrame.new(0.042329, -0.254396, -0.347362, 0.929586, 0.153541, 0.335105, 0.243577, 0.426468, -0.871089, -0.276659, 0.891376, 0.359040),
      ["RightUpperLeg"] = CFrame.new(0.000000, 0.000089, -0.002098, 1.000000, 0.000000, 0.000000, 0.000000, 0.999945, -0.010531, 0.000000, 0.010531, 0.999945)
    }},
    { Time = 0.267, Data = {
      ["Cock"] = CFrame.new(0.000025, -0.000003, -0.000048, 0.959941, 0.280201, 0.000000, -0.280201, 0.959941, -0.000000, -0.000000, 0.000000, 1.000000),
      ["Head"] = CFrame.new(0.000000, 0.000000, 0.000000, 1.000000, -0.000000, 0.000000, 0.000000, 0.874190, 0.485584, -0.000000, -0.485584, 0.874190),
      ["LeftUpperArm"] = CFrame.new(-0.043527, -0.245716, -0.343707, 0.929320, -0.153725, -0.335756, -0.239514, 0.441115, -0.864899, 0.281064, 0.884187, 0.373118),
      ["LeftUpperLeg"] = CFrame.new(0.000000, 0.000101, -0.002387, 1.000000, 0.000000, 0.000000, 0.000000, 0.999928, -0.011999, 0.000000, 0.011999, 0.999928),
      ["LowerTorso"] = CFrame.new(0.000000, -1.522520, 1.076282, 1.000000, 0.000000, 0.000000, 0.000000, 0.008892, -0.999960, 0.000000, 0.999960, 0.008892),
      ["RightUpperArm"] = CFrame.new(0.043619, -0.245733, -0.343716, 0.928994, 0.154132, 0.336472, 0.240050, 0.441019, -0.864799, -0.281684, 0.884164, 0.372705),
      ["RightUpperLeg"] = CFrame.new(0.000000, 0.000101, -0.002387, 1.000000, 0.000000, 0.000000, 0.000000, 0.999928, -0.011999, 0.000000, 0.011999, 0.999928)
    }},
    { Time = 0.283, Data = {
      ["Cock"] = CFrame.new(0.000026, -0.000002, -0.000050, 0.963125, 0.269054, 0.000000, -0.269054, 0.963125, -0.000000, -0.000000, 0.000000, 1.000000),
      ["Head"] = CFrame.new(0.000000, 0.000000, 0.000000, 1.000000, -0.000000, 0.000000, 0.000000, 0.874925, 0.484258, -0.000000, -0.484258, 0.874925),
      ["LeftUpperArm"] = CFrame.new(-0.044889, -0.236528, -0.339894, 0.928694, -0.154320, -0.337212, -0.235676, 0.456471, -0.857957, 0.286327, 0.876253, 0.387553),
      ["LeftUpperLeg"] = CFrame.new(0.000000, 0.000114, -0.002695, 1.000000, 0.000000, 0.000000, 0.000000, 0.999909, -0.013466, 0.000000, 0.013466, 0.999909),
      ["LowerTorso"] = CFrame.new(0.000000, -1.523614, 1.076355, 1.000000, 0.000000, 0.000000, 0.000000, 0.009985, -0.999950, 0.000000, 0.999950, 0.009985),
      ["RightUpperArm"] = CFrame.new(0.044963, -0.236521, -0.339912, 0.928399, 0.154657, 0.337871, 0.236148, 0.456467, -0.857830, -0.286896, 0.876196, 0.387262),
      ["RightUpperLeg"] = CFrame.new(0.000000, 0.000114, -0.002695, 1.000000, 0.000000, 0.000000, 0.000000, 0.999909, -0.013466, 0.000000, 0.013466, 0.999909)
    }},
    { Time = 0.300, Data = {
      ["Cock"] = CFrame.new(0.000026, -0.000001, -0.000051, 0.965975, 0.258637, 0.000000, -0.258637, 0.965975, -0.000000, -0.000000, 0.000000, 1.000000),
      ["Head"] = CFrame.new(0.000000, 0.000000, 0.000000, 1.000000, -0.000000, 0.000000, 0.000000, 0.875701, 0.482854, -0.000000, -0.482854, 0.875701),
      ["LeftUpperArm"] = CFrame.new(-0.046319, -0.226805, -0.335935, 0.928031, -0.154894, -0.338772, -0.231498, 0.472680, -0.850284, 0.291835, 0.867515, 0.402804),
      ["LeftUpperLeg"] = CFrame.new(0.000000, 0.000128, -0.003021, 1.000000, 0.000000, 0.000000, 0.000000, 0.999886, -0.015106, 0.000000, 0.015106, 0.999886),
      ["LowerTorso"] = CFrame.new(0.000000, -1.524827, 1.076433, 1.000000, 0.000000, 0.000000, 0.000000, 0.011200, -0.999937, 0.000000, 0.999937, 0.011200),
      ["RightUpperArm"] = CFrame.new(0.046398, -0.226821, -0.335941, 0.927734, 0.155242, 0.339425, 0.231979, 0.472587, -0.850204, -0.292395, 0.867503, 0.402423),
      ["RightUpperLeg"] = CFrame.new(0.000000, 0.000128, -0.003021, 1.000000, 0.000000, 0.000000, 0.000000, 0.999886, -0.015106, 0.000000, 0.015106, 0.999886)
    }},
    { Time = 0.317, Data = {
      ["Cock"] = CFrame.new(0.000027, 0.000000, -0.000053, 0.968493, 0.249039, 0.000000, -0.249039, 0.968493, -0.000000, -0.000000, 0.000000, 1.000000),
      ["Head"] = CFrame.new(0.000000, 0.000000, 0.000000, 1.000000, -0.000000, 0.000000, 0.000000, 0.876517, 0.481370, -0.000000, -0.481370, 0.876517),
      ["LeftUpperArm"] = CFrame.new(-0.047845, -0.216603, -0.331821, 0.927332, -0.155555, -0.340380, -0.226925, 0.489520, -0.841947, 0.297592, 0.858005, 0.418648),
      ["LeftUpperLeg"] = CFrame.new(0.000000, 0.000142, -0.003366, 1.000000, 0.000000, 0.000000, 0.000000, 0.999858, -0.016832, 0.000000, 0.016832, 0.999858),
      ["LowerTorso"] = CFrame.new(0.000000, -1.526163, 1.076519, 1.000000, 0.000000, 0.000000, 0.000000, 0.012534, -0.999921, 0.000000, 0.999921, 0.012534),
      ["RightUpperArm"] = CFrame.new(0.047900, -0.216597, -0.331834, 0.927030, 0.155806, 0.341088, 0.227459, 0.489513, -0.841807, -0.298125, 0.857964, 0.418354),
      ["RightUpperLeg"] = CFrame.new(0.000000, 0.000143, -0.003366, 1.000000, 0.000000, 0.000000, 0.000000, 0.999858, -0.016832, 0.000000, 0.016832, 0.999858)
    }},
    { Time = 0.333, Data = {
      ["Cock"] = CFrame.new(0.000028, 0.000001, -0.000054, 0.970707, 0.240268, 0.000000, -0.240268, 0.970707, -0.000000, -0.000000, 0.000000, 1.000000),
      ["Head"] = CFrame.new(0.000000, 0.000000, -0.000000, 1.000000, -0.000000, 0.000000, 0.000000, 0.877374, 0.479807, -0.000000, -0.479807, 0.877374),
      ["LeftUpperArm"] = CFrame.new(-0.049414, -0.205869, -0.327591, 0.926586, -0.156105, -0.342154, -0.222048, 0.507198, -0.832734, 0.303533, 0.847574, 0.435300),
      ["LeftUpperLeg"] = CFrame.new(0.000000, 0.000158, -0.003730, 1.000000, 0.000000, 0.000000, 0.000000, 0.999826, -0.018645, 0.000000, 0.018645, 0.999826),
      ["LowerTorso"] = CFrame.new(0.000000, -1.527497, 1.076610, 1.000000, 0.000000, 0.000000, 0.000000, 0.013869, -0.999904, 0.000000, 0.999904, 0.013869),
      ["RightUpperArm"] = CFrame.new(0.049493, -0.205885, -0.327597, 0.926286, 0.156438, 0.342813, 0.222519, 0.507109, -0.832662, -0.304103, 0.847566, 0.434918),
      ["RightUpperLeg"] = CFrame.new(0.000000, 0.000158, -0.003730, 1.000000, 0.000000, 0.000000, 0.000000, 0.999826, -0.018645, 0.000000, 0.018645, 0.999826)
    }},
    { Time = 0.350, Data = {
      ["Cock"] = CFrame.new(0.000028, 0.000002, -0.000056, 0.972638, 0.232327, 0.000000, -0.232327, 0.972638, -0.000000, -0.000000, 0.000000, 1.000000),
      ["Head"] = CFrame.new(0.000000, 0.000000, -0.000000, 1.000000, -0.000000, 0.000000, 0.000000, 0.878313, 0.478087, -0.000000, -0.478087, 0.878313),
      ["LeftUpperArm"] = CFrame.new(-0.051080, -0.194684, -0.323228, 0.925800, -0.156742, -0.343987, -0.216756, 0.525406, -0.822779, 0.309697, 0.836290, 0.452446),
      ["LeftUpperLeg"] = CFrame.new(0.000000, 0.000174, -0.004112, 1.000000, 0.000000, 0.000000, 0.000000, 0.999787, -0.020630, 0.000000, 0.020630, 0.999787),
      ["LowerTorso"] = CFrame.new(0.000000, -1.528951, 1.076708, 1.000000, 0.000000, 0.000000, 0.000000, 0.015323, -0.999883, 0.000000, 0.999883, 0.015323),
      ["RightUpperArm"] = CFrame.new(0.051135, -0.194678, -0.323243, 0.925495, 0.156976, 0.344699, 0.217278, 0.525400, -0.822645, -0.310240, 0.836250, 0.452148),
      ["RightUpperLeg"] = CFrame.new(0.000000, 0.000174, -0.004112, 1.000000, 0.000000, 0.000000, 0.000000, 0.999787, -0.020630, 0.000000, 0.020630, 0.999787)
    }},
    { Time = 0.367, Data = {
      ["Cock"] = CFrame.new(0.000028, 0.000002, -0.000057, 0.974308, 0.225221, 0.000000, -0.225221, 0.974308, -0.000000, -0.000000, 0.000000, 1.000000),
      ["Head"] = CFrame.new(0.000000, 0.000000, 0.000000, 1.000000, -0.000000, 0.000000, 0.000000, 0.879248, 0.476365, -0.000000, -0.476365, 0.879248),
      ["LeftUpperArm"] = CFrame.new(-0.052798, -0.182996, -0.318777, 0.924999, -0.157297, -0.345883, -0.211022, 0.544339, -0.811889, 0.315986, 0.823986, 0.470320),
      ["LeftUpperLeg"] = CFrame.new(0.000000, 0.000191, -0.004513, 1.000000, 0.000000, 0.000000, 0.000000, 0.999744, -0.022615, 0.000000, 0.022615, 0.999744),
      ["LowerTorso"] = CFrame.new(0.000000, -1.530404, 1.076813, 1.000000, 0.000000, 0.000000, 0.000000, 0.016776, -0.999859, 0.000000, 0.999859, 0.016776),
      ["RightUpperArm"] = CFrame.new(0.052851, -0.182990, -0.318790, 0.924693, 0.157523, 0.346597, 0.211538, 0.544334, -0.811759, -0.316535, 0.823946, 0.470020),
      ["RightUpperLeg"] = CFrame.new(0.000000, 0.000191, -0.004513, 1.000000, 0.000000, 0.000000, 0.000000, 0.999744, -0.022615, 0.000000, 0.022615, 0.999744)
    }},
    { Time = 0.383, Data = {
      ["Cock"] = CFrame.new(0.000029, 0.000003, -0.000058, 0.975754, 0.218869, 0.000000, -0.218869, 0.975754, -0.000000, -0.000000, 0.000000, 1.000000),
      ["Head"] = CFrame.new(0.000000, 0.000000, 0.000000, 1.000000, -0.000000, 0.000000, 0.000000, 0.880221, 0.474563, -0.000000, -0.474563, 0.880221),
      ["LeftUpperArm"] = CFrame.new(-0.054582, -0.170844, -0.314237, 0.924148, -0.157832, -0.347907, -0.204894, 0.563849, -0.800058, 0.322442, 0.810656, 0.488741),
      ["LeftUpperLeg"] = CFrame.new(0.000000, 0.000208, -0.004933, 1.000000, 0.000000, 0.000000, 0.000000, 0.999695, -0.024686, 0.000000, 0.024686, 0.999695),
      ["LowerTorso"] = CFrame.new(0.000000, -1.531977, 1.076925, 1.000000, 0.000000, 0.000000, 0.000000, 0.018349, -0.999832, 0.000000, 0.999832, 0.018349),
      ["RightUpperArm"] = CFrame.new(0.054640, -0.170859, -0.314236, 0.923841, 0.158065, 0.348616, 0.205420, 0.563764, -0.799983, -0.322986, 0.810670, 0.488358),
      ["RightUpperLeg"] = CFrame.new(0.000000, 0.000209, -0.004933, 1.000000, 0.000000, 0.000000, 0.000000, 0.999695, -0.024686, 0.000000, 0.024686, 0.999695)
    }},
    { Time = 0.400, Data = {
      ["Cock"] = CFrame.new(0.000029, 0.000004, -0.000059, 0.976956, 0.213442, 0.000000, -0.213442, 0.976956, -0.000000, -0.000000, 0.000000, 1.000000),
      ["Head"] = CFrame.new(0.000000, 0.000000, 0.000000, 1.000000, -0.000000, 0.000000, 0.000000, 0.881233, 0.472682, -0.000000, -0.472682, 0.881233),
      ["LeftUpperArm"] = CFrame.new(-0.056434, -0.158246, -0.309621, 0.923245, -0.158342, -0.350066, -0.198361, 0.583870, -0.787242, 0.329047, 0.796256, 0.507646),
      ["LeftUpperLeg"] = CFrame.new(0.000000, 0.000227, -0.005371, 1.000000, 0.000000, 0.000000, 0.000000, 0.999637, -0.026930, 0.000000, 0.026930, 0.999637),
      ["LowerTorso"] = CFrame.new(0.000000, -1.533669, 1.077046, 1.000000, 0.000000, 0.000000, 0.000000, 0.020041, -0.999799, 0.000000, 0.999799, 0.020041),
      ["RightUpperArm"] = CFrame.new(0.056491, -0.158261, -0.309620, 0.922937, 0.158566, 0.350777, 0.198879, 0.583787, -0.787172, -0.329598, 0.796272, 0.507263),
      ["RightUpperLeg"] = CFrame.new(0.000000, 0.000227, -0.005371, 1.000000, 0.000000, 0.000000, 0.000000, 0.999637, -0.026930, 0.000000, 0.026930, 0.999637)
    }},
    { Time = 0.417, Data = {
      ["Cock"] = CFrame.new(0.000029, 0.000004, -0.000059, 0.977964, 0.208775, 0.000000, -0.208775, 0.977964, -0.000000, -0.000000, 0.000000, 1.000000),
      ["Head"] = CFrame.new(0.000000, 0.000000, 0.000000, 1.000000, -0.000000, 0.000000, 0.000000, 0.882325, 0.470641, -0.000000, -0.470641, 0.882325),
      ["LeftUpperArm"] = CFrame.new(-0.058352, -0.145219, -0.304941, 0.922287, -0.158827, -0.352365, -0.191410, 0.604332, -0.773399, 0.335782, 0.780741, 0.526966),
      ["LeftUpperLeg"] = CFrame.new(0.000000, 0.000246, -0.005828, 1.000000, 0.000000, 0.000000, 0.000000, 0.999574, -0.029174, 0.000000, 0.029174, 0.999574),
      ["LowerTorso"] = CFrame.new(0.000000, -1.535362, 1.077174, 1.000000, 0.000000, 0.000000, 0.000000, 0.021733, -0.999764, 0.000000, 0.999764, 0.021733),
      ["RightUpperArm"] = CFrame.new(0.058405, -0.145214, -0.304954, 0.921977, 0.159024, 0.353086, 0.191904, 0.604328, -0.773279, -0.336350, 0.780704, 0.526660),
      ["RightUpperLeg"] = CFrame.new(0.000000, 0.000246, -0.005828, 1.000000, 0.000000, 0.000000, 0.000000, 0.999574, -0.029174, 0.000000, 0.029174, 0.999574)
    }},
    { Time = 0.433, Data = {
      ["Cock"] = CFrame.new(0.000030, 0.000004, -0.000060, 0.978754, 0.205039, 0.000000, -0.205039, 0.978754, -0.000000, -0.000000, 0.000000, 1.000000),
      ["Head"] = CFrame.new(0.000000, -0.000000, 0.000000, 1.000000, -0.000000, 0.000000, 0.000000, 0.883411, 0.468599, -0.000000, -0.468599, 0.883411),
      ["LeftUpperArm"] = CFrame.new(-0.060312, -0.131764, -0.300219, 0.921338, -0.159192, -0.354674, -0.183939, 0.625237, -0.758449, 0.342494, 0.764027, 0.546773),
      ["LeftUpperLeg"] = CFrame.new(0.000000, 0.000266, -0.006303, 1.000000, 0.000000, 0.000000, 0.000000, 0.999501, -0.031590, 0.000000, 0.031590, 0.999501),
      ["LowerTorso"] = CFrame.new(0.000000, -1.537050, 1.077308, 1.000000, 0.000000, 0.000000, 0.000000, 0.023422, -0.999726, 0.000000, 0.999726, 0.023422),
      ["RightUpperArm"] = CFrame.new(0.060368, -0.131778, -0.300217, 0.921028, 0.159395, 0.355389, 0.184442, 0.625160, -0.758390, -0.343059, 0.764047, 0.546390),
      ["RightUpperLeg"] = CFrame.new(0.000000, 0.000267, -0.006303, 1.000000, 0.000000, 0.000000, 0.000000, 0.999501, -0.031590, 0.000000, 0.031590, 0.999501)
    }},
    { Time = 0.450, Data = {
      ["Cock"] = CFrame.new(0.000030, 0.000005, -0.000060, 0.979372, 0.202066, 0.000000, -0.202066, 0.979372, -0.000000, -0.000000, 0.000000, 1.000000),
      ["Head"] = CFrame.new(0.000000, 0.000000, 0.000000, 1.000000, -0.000000, 0.000000, 0.000000, 0.884534, 0.466476, -0.000000, -0.466476, 0.884534),
      ["LeftUpperArm"] = CFrame.new(-0.062367, -0.117921, -0.295462, 0.920296, -0.159641, -0.357170, -0.175992, 0.646432, -0.742396, 0.349403, 0.746083, 0.566813),
      ["LeftUpperLeg"] = CFrame.new(0.000000, 0.000287, -0.006797, 1.000000, 0.000000, 0.000000, 0.000000, 0.999422, -0.034006, 0.000000, 0.034006, 0.999422),
      ["LowerTorso"] = CFrame.new(0.000000, -1.538980, 1.077455, 1.000000, 0.000000, 0.000000, 0.000000, 0.025351, -0.999679, 0.000000, 0.999679, 0.025351),
      ["RightUpperArm"] = CFrame.new(0.062398, -0.117915, -0.295471, 0.919983, 0.159740, 0.357931, 0.176547, 0.646430, -0.742267, -0.349947, 0.746064, 0.566503),
      ["RightUpperLeg"] = CFrame.new(0.000000, 0.000288, -0.006797, 1.000000, 0.000000, 0.000000, 0.000000, 0.999422, -0.034006, 0.000000, 0.034006, 0.999422)
    }},
    { Time = 0.467, Data = {
      ["Cock"] = CFrame.new(0.000030, 0.000005, -0.000061, 0.979808, 0.199941, 0.000000, -0.199941, 0.979808, -0.000000, -0.000000, 0.000000, 1.000000),
      ["Head"] = CFrame.new(0.000000, -0.000000, 0.000000, 1.000000, -0.000000, 0.000000, 0.000000, 0.885733, 0.464194, -0.000000, -0.464194, 0.885733),
      ["LeftUpperArm"] = CFrame.new(-0.064443, -0.103692, -0.290683, 0.919257, -0.159894, -0.359722, -0.167583, 0.667906, -0.725133, 0.356204, 0.726867, 0.587182),
      ["LeftUpperLeg"] = CFrame.new(0.000000, 0.000309, -0.007310, 1.000000, 0.000000, 0.000000, 0.000000, 0.999330, -0.036594, 0.000000, 0.036594, 0.999330),
      ["LowerTorso"] = CFrame.new(0.000000, -1.540907, 1.077609, 1.000000, 0.000000, 0.000000, 0.000000, 0.027279, -0.999628, 0.000000, 0.999628, 0.027279),
      ["RightUpperArm"] = CFrame.new(0.064493, -0.103687, -0.290696, 0.918944, 0.160057, 0.360449, 0.168053, 0.667905, -0.725025, -0.356791, 0.726832, 0.586869),
      ["RightUpperLeg"] = CFrame.new(0.000000, 0.000309, -0.007310, 1.000000, 0.000000, 0.000000, 0.000000, 0.999330, -0.036594, 0.000000, 0.036594, 0.999330)
    }},
    { Time = 0.483, Data = {
      ["Cock"] = CFrame.new(0.000030, 0.000005, -0.000061, 0.980067, 0.198665, 0.000000, -0.198665, 0.980067, -0.000000, -0.000000, 0.000000, 1.000000),
      ["Head"] = CFrame.new(0.000000, -0.000000, 0.000000, 1.000000, -0.000000, 0.000000, 0.000000, 0.886927, 0.461910, -0.000000, -0.461910, 0.886927),
      ["LeftUpperArm"] = CFrame.new(-0.066585, -0.089083, -0.285919, 0.918187, -0.160121, -0.362344, -0.158573, 0.689637, -0.706580, 0.363024, 0.706231, 0.607825),
      ["LeftUpperLeg"] = CFrame.new(0.000000, 0.000331, -0.007842, 1.000000, 0.000000, 0.000000, 0.000000, 0.999229, -0.039269, 0.000000, 0.039269, 0.999229),
      ["LowerTorso"] = CFrame.new(0.000000, -1.542833, 1.077772, 1.000000, 0.000000, 0.000000, 0.000000, 0.029204, -0.999573, 0.000000, 0.999573, 0.029204),
      ["RightUpperArm"] = CFrame.new(0.066624, -0.089078, -0.285930, 0.917838, 0.160229, 0.363180, 0.159145, 0.689637, -0.706451, -0.363656, 0.706206, 0.607476),
      ["RightUpperLeg"] = CFrame.new(0.000000, 0.000332, -0.007842, 1.000000, 0.000000, 0.000000, 0.000000, 0.999229, -0.039269, 0.000000, 0.039269, 0.999229)
    }},
    { Time = 0.500, Data = {
      ["Cock"] = CFrame.new(0.000030, 0.000005, -0.000061, 0.980153, 0.198240, 0.000000, -0.198240, 0.980153, -0.000000, -0.000000, 0.000000, 1.000000),
      ["Head"] = CFrame.new(0.000000, -0.000000, 0.000000, 1.000000, -0.000000, 0.000000, 0.000000, 0.888196, 0.459465, -0.000000, -0.459465, 0.888196),
      ["LeftUpperArm"] = CFrame.new(-0.068792, -0.074157, -0.281148, 0.917047, -0.160313, -0.365135, -0.149096, 0.711393, -0.686797, 0.369857, 0.684265, 0.628479),
      ["LeftUpperLeg"] = CFrame.new(0.000000, 0.000354, -0.008392, 1.000000, 0.000000, 0.000000, 0.000000, 0.999116, -0.042030, 0.000000, 0.042030, 0.999116),
      ["LowerTorso"] = CFrame.new(0.000000, -1.544877, 1.077944, 1.000000, 0.000000, 0.000000, 0.000000, 0.031248, -0.999512, 0.000000, 0.999512, 0.031248),
      ["RightUpperArm"] = CFrame.new(0.068820, -0.074151, -0.281156, 0.916732, 0.160374, 0.365899, 0.149626, 0.711395, -0.686680, -0.370424, 0.684250, 0.628163),
      ["RightUpperLeg"] = CFrame.new(0.000000, 0.000354, -0.008392, 1.000000, 0.000000, 0.000000, 0.000000, 0.999116, -0.042030, 0.000000, 0.042030, 0.999116)
    }},
    { Time = 0.517, Data = {
      ["Cock"] = CFrame.new(0.000030, 0.000005, -0.000061, 0.980067, 0.198665, 0.000000, -0.198665, 0.980067, -0.000000, -0.000000, 0.000000, 1.000000),
      ["Head"] = CFrame.new(0.000000, 0.000000, 0.000000, 1.000000, -0.000000, 0.000000, 0.000000, 0.888155, 0.459544, -0.000000, -0.459544, 0.888155),
      ["LeftUpperArm"] = CFrame.new(-0.068720, -0.074658, -0.281309, 0.917084, -0.160316, -0.365043, -0.149414, 0.710673, -0.687474, 0.369639, 0.685013, 0.627793),
      ["LeftUpperLeg"] = CFrame.new(0.000000, 0.000353, -0.008373, 1.000000, 0.000000, 0.000000, 0.000000, 0.999120, -0.041943, 0.000000, 0.041943, 0.999120),
      ["LowerTorso"] = CFrame.new(0.000000, -1.544757, 1.077937, 1.000000, 0.000000, 0.000000, 0.000000, 0.031128, -0.999515, 0.000000, 0.999515, 0.031128),
      ["RightUpperArm"] = CFrame.new(0.068748, -0.074653, -0.281317, 0.916768, 0.160378, 0.365807, 0.149943, 0.710674, -0.687357, -0.370206, 0.684997, 0.627476),
      ["RightUpperLeg"] = CFrame.new(0.000000, 0.000354, -0.008373, 1.000000, 0.000000, 0.000000, 0.000000, 0.999120, -0.041943, 0.000000, 0.041943, 0.999120)
    }},
    { Time = 0.533, Data = {
      ["Cock"] = CFrame.new(0.000030, 0.000005, -0.000061, 0.979808, 0.199941, 0.000000, -0.199941, 0.979808, -0.000000, -0.000000, 0.000000, 1.000000),
      ["Head"] = CFrame.new(0.000000, 0.000000, 0.000000, 1.000000, -0.000000, 0.000000, 0.000000, 0.888033, 0.459780, -0.000000, -0.459780, 0.888033),
      ["LeftUpperArm"] = CFrame.new(-0.068504, -0.076165, -0.281792, 0.917192, -0.160327, -0.364766, -0.150365, 0.708505, -0.689501, 0.368984, 0.687253, 0.625727),
      ["LeftUpperLeg"] = CFrame.new(0.000000, 0.000351, -0.008317, 1.000000, 0.000000, 0.000000, 0.000000, 0.999131, -0.041684, 0.000000, 0.041684, 0.999131),
      ["LowerTorso"] = CFrame.new(0.000000, -1.544637, 1.077921, 1.000000, 0.000000, 0.000000, 0.000000, 0.031008, -0.999519, 0.000000, 0.999519, 0.031008),
      ["RightUpperArm"] = CFrame.new(0.068532, -0.076159, -0.281801, 0.916877, 0.160390, 0.365529, 0.150896, 0.708506, -0.689384, -0.369550, 0.687237, 0.625411),
      ["RightUpperLeg"] = CFrame.new(0.000000, 0.000352, -0.008317, 1.000000, 0.000000, 0.000000, 0.000000, 0.999131, -0.041684, 0.000000, 0.041684, 0.999131)
    }},
    { Time = 0.550, Data = {
      ["Cock"] = CFrame.new(0.000030, 0.000005, -0.000060, 0.979372, 0.202066, 0.000000, -0.202066, 0.979372, -0.000000, -0.000000, 0.000000, 1.000000),
      ["Head"] = CFrame.new(0.000000, -0.000000, 0.000000, 1.000000, -0.000000, 0.000000, 0.000000, 0.887828, 0.460175, -0.000000, -0.460175, 0.887828),
      ["LeftUpperArm"] = CFrame.new(-0.068127, -0.078697, -0.282580, 0.917372, -0.160284, -0.364331, -0.152044, 0.704807, -0.692914, 0.367846, 0.691054, 0.622200),
      ["LeftUpperLeg"] = CFrame.new(0.000000, 0.000347, -0.008224, 1.000000, 0.000000, 0.000000, 0.000000, 0.999152, -0.041167, 0.000000, 0.041167, 0.999152),
      ["LowerTorso"] = CFrame.new(0.000000, -1.544277, 1.077892, 1.000000, 0.000000, 0.000000, 0.000000, 0.030647, -0.999530, 0.000000, 0.999530, 0.030647),
      ["RightUpperArm"] = CFrame.new(0.068155, -0.078692, -0.282589, 0.917057, 0.160349, 0.365094, 0.152576, 0.704808, -0.692796, -0.368411, 0.691038, 0.621884),
      ["RightUpperLeg"] = CFrame.new(0.000000, 0.000348, -0.008224, 1.000000, 0.000000, 0.000000, 0.000000, 0.999152, -0.041167, 0.000000, 0.041167, 0.999152)
    }},
    { Time = 0.567, Data = {
      ["Cock"] = CFrame.new(0.000030, 0.000004, -0.000060, 0.978754, 0.205039, 0.000000, -0.205039, 0.978754, -0.000000, -0.000000, 0.000000, 1.000000),
      ["Head"] = CFrame.new(0.000000, -0.000000, 0.000000, 1.000000, -0.000000, 0.000000, 0.000000, 0.887501, 0.460806, -0.000000, -0.460806, 0.887501),
      ["LeftUpperArm"] = CFrame.new(-0.067592, -0.082229, -0.283714, 0.917658, -0.160197, -0.363649, -0.154297, 0.699683, -0.697593, 0.366192, 0.696262, 0.617352),
      ["LeftUpperLeg"] = CFrame.new(0.000000, 0.000341, -0.008094, 1.000000, 0.000000, 0.000000, 0.000000, 0.999177, -0.040563, 0.000000, 0.040563, 0.999177),
      ["LowerTorso"] = CFrame.new(0.000000, -1.543796, 1.077851, 1.000000, 0.000000, 0.000000, 0.000000, 0.030167, -0.999545, 0.000000, 0.999545, 0.030167),
      ["RightUpperArm"] = CFrame.new(0.067641, -0.082224, -0.283727, 0.917343, 0.160343, 0.364379, 0.154754, 0.699683, -0.697491, -0.366788, 0.696228, 0.617036),
