return {
  ["Astros doggy again pls kill me"] = {
    { Time = 0.000, Data = {
      ["Head"] = CFrame.new(0.000000, 0.000000, 0.000000, 0.718210, -0.353542, -0.599318, -0.261446, 0.661082, -0.703290, 0.644841, 0.661799, 0.382364),
      ["LeftUpperArm"] = CFrame.new(0.106883, -0.438501, -0.671192, 0.886820, -0.425641, -0.179944, -0.453875, -0.729058, -0.512319, 0.086874, 0.536007, -0.839731),
      ["LeftUpperLeg"] = CFrame.new(-0.210561, 0.104231, -0.481952, 0.969978, 0.237589, -0.051899, -0.242431, 0.961533, -0.129158, 0.019216, 0.137862, 0.990265),
      ["LowerTorso"] = CFrame.new(0.000001, -0.553574, -0.188980, 1.000000, -0.000000, 0.000000, 0.000000, 0.144180, 0.989551, -0.000000, -0.989551, 0.144180),
      ["RightUpperArm"] = CFrame.new(-0.106883, -0.438501, -0.671192, 0.886820, 0.425641, 0.179944, 0.453875, -0.729058, -0.512319, -0.086874, 0.536007, -0.839731),
      ["RightUpperLeg"] = CFrame.new(0.210560, 0.104233, -0.481952, 0.969978, -0.237589, 0.051899, 0.242431, 0.961533, -0.129158, -0.019216, 0.137862, 0.990265)
    }},
    { Time = 0.017, Data = {
      ["LeftUpperArm"] = CFrame.new(0.106882, -0.438036, -0.671356, 0.886816, -0.425641, -0.179965, -0.453911, -0.729205, -0.512080, 0.086730, 0.535809, -0.839873),
      ["LeftUpperLeg"] = CFrame.new(-0.210463, 0.104629, -0.481957, 0.969978, 0.237580, -0.051940, -0.242435, 0.961486, -0.129498, 0.019173, 0.138203, 0.990218),
      ["LowerTorso"] = CFrame.new(0.000001, -0.553400, -0.188585, 1.000000, -0.000000, 0.000000, 0.000000, 0.143954, 0.989584, -0.000000, -0.989584, 0.143954),
      ["RightUpperArm"] = CFrame.new(-0.106883, -0.438036, -0.671356, 0.886816, 0.425641, 0.179965, 0.453911, -0.729205, -0.512080, -0.086730, 0.535809, -0.839873),
      ["RightUpperLeg"] = CFrame.new(0.210462, 0.104632, -0.481957, 0.969978, -0.237580, 0.051940, 0.242435, 0.961486, -0.129498, -0.019173, 0.138203, 0.990218)
    }},
    { Time = 0.033, Data = {
      ["LeftUpperArm"] = CFrame.new(0.106878, -0.436778, -0.671801, 0.886807, -0.425658, -0.179968, -0.453991, -0.729594, -0.511454, 0.086402, 0.535265, -0.840254),
      ["LeftUpperLeg"] = CFrame.new(-0.210207, 0.105669, -0.482008, 0.969960, 0.237650, -0.051953, -0.242521, 0.961360, -0.130272, 0.018987, 0.138959, 0.990116),
      ["LowerTorso"] = CFrame.new(0.000001, -0.552978, -0.187526, 1.000000, -0.000000, 0.000000, 0.000000, 0.143389, 0.989667, -0.000000, -0.989667, 0.143389),
      ["RightUpperArm"] = CFrame.new(-0.106878, -0.436778, -0.671802, 0.886807, 0.425658, 0.179968, 0.453991, -0.729594, -0.511454, -0.086402, 0.535265, -0.840254),
      ["RightUpperLeg"] = CFrame.new(0.210206, 0.105671, -0.482008, 0.969960, -0.237650, 0.051953, 0.242521, 0.961360, -0.130272, -0.018987, 0.138959, 0.990116)
    }},
    { Time = 0.050, Data = {
      ["LeftUpperArm"] = CFrame.new(0.106874, -0.434925, -0.672439, 0.886794, -0.425675, -0.179991, -0.454106, -0.730128, -0.510589, 0.085929, 0.534522, -0.840775),
      ["LeftUpperLeg"] = CFrame.new(-0.209816, 0.107254, -0.482110, 0.969967, 0.237628, -0.051938, -0.242522, 0.961183, -0.131569, 0.018657, 0.140214, 0.989945),
      ["LowerTorso"] = CFrame.new(0.000001, -0.552282, -0.185963, 1.000000, -0.000000, 0.000000, 0.000000, 0.142485, 0.989797, -0.000000, -0.989797, 0.142485),
      ["RightUpperArm"] = CFrame.new(-0.106874, -0.434925, -0.672439, 0.886794, 0.425675, 0.179991, 0.454106, -0.730128, -0.510589, -0.085929, 0.534522, -0.840775),
      ["RightUpperLeg"] = CFrame.new(0.209815, 0.107256, -0.482109, 0.969967, -0.237628, 0.051938, 0.242522, 0.961183, -0.131569, -0.018657, 0.140214, 0.989945)
    }},
    { Time = 0.067, Data = {
      ["LeftUpperArm"] = CFrame.new(0.106882, -0.432714, -0.673225, 0.886822, -0.425643, -0.179931, -0.454158, -0.730847, -0.509513, 0.085369, 0.533564, -0.841440),
      ["LeftUpperLeg"] = CFrame.new(-0.209346, 0.109161, -0.482209, 0.969973, 0.237602, -0.051943, -0.242524, 0.960981, -0.133036, 0.018307, 0.141639, 0.989749),
      ["LowerTorso"] = CFrame.new(0.000001, -0.551516, -0.184093, 1.000000, -0.000000, 0.000000, 0.000000, 0.141468, 0.989943, -0.000000, -0.989943, 0.141468),
      ["RightUpperArm"] = CFrame.new(-0.106882, -0.432714, -0.673225, 0.886822, 0.425643, 0.179931, 0.454158, -0.730847, -0.509513, -0.085369, 0.533564, -0.841440),
      ["RightUpperLeg"] = CFrame.new(0.209345, 0.109164, -0.482209, 0.969973, -0.237602, 0.051943, 0.242524, 0.960981, -0.133036, -0.018307, 0.141639, 0.989749)
    }},
    { Time = 0.083, Data = {
      ["LeftUpperArm"] = CFrame.new(0.106875, -0.430321, -0.674066, 0.886804, -0.425669, -0.179956, -0.454311, -0.731572, -0.508334, 0.084731, 0.532548, -0.842148),
      ["LeftUpperLeg"] = CFrame.new(-0.208840, 0.111214, -0.482308, 0.969979, 0.237574, -0.051959, -0.242526, 0.960764, -0.134588, 0.017945, 0.143149, 0.989538),
      ["LowerTorso"] = CFrame.new(0.000001, -0.550655, -0.182077, 1.000000, -0.000000, 0.000000, 0.000000, 0.140336, 0.990104, -0.000000, -0.990104, 0.140336),
      ["RightUpperArm"] = CFrame.new(-0.106875, -0.430321, -0.674066, 0.886804, 0.425669, 0.179956, 0.454311, -0.731572, -0.508334, -0.084731, 0.532548, -0.842148),
      ["RightUpperLeg"] = CFrame.new(0.208839, 0.111217, -0.482308, 0.969979, -0.237574, 0.051959, 0.242526, 0.960764, -0.134588, -0.017945, 0.143149, 0.989538)
    }},
    { Time = 0.100, Data = {
      ["LeftUpperArm"] = CFrame.new(0.106888, -0.427981, -0.674896, 0.886827, -0.425621, -0.179957, -0.454389, -0.732337, -0.507162, 0.084070, 0.531536, -0.842854),
      ["LeftUpperLeg"] = CFrame.new(-0.208351, 0.113195, -0.482454, 0.969967, 0.237636, -0.051895, -0.242607, 0.960524, -0.136148, 0.017493, 0.144649, 0.989328),
      ["LowerTorso"] = CFrame.new(0.000001, -0.549789, -0.180092, 1.000000, -0.000000, 0.000000, 0.000000, 0.139204, 0.990264, -0.000000, -0.990264, 0.139204),
      ["RightUpperArm"] = CFrame.new(-0.106888, -0.427981, -0.674896, 0.886827, 0.425621, 0.179957, 0.454389, -0.732337, -0.507162, -0.084070, 0.531536, -0.842854),
      ["RightUpperLeg"] = CFrame.new(0.208350, 0.113197, -0.482454, 0.969967, -0.237636, 0.051895, 0.242607, 0.960524, -0.136148, -0.017493, 0.144649, 0.989328)
    }},
    { Time = 0.117, Data = {
      ["LeftUpperArm"] = CFrame.new(0.106879, -0.425872, -0.675636, 0.886814, -0.425655, -0.179941, -0.454510, -0.732963, -0.506148, 0.083555, 0.530644, -0.843466),
      ["LeftUpperLeg"] = CFrame.new(-0.207905, 0.115003, -0.482552, 0.969973, 0.237613, -0.051890, -0.242607, 0.960327, -0.137529, 0.017152, 0.145988, 0.989138),
      ["LowerTorso"] = CFrame.new(0.000001, -0.549008, -0.178316, 1.000000, -0.000000, 0.000000, 0.000000, 0.138184, 0.990407, -0.000000, -0.990407, 0.138184),
      ["RightUpperArm"] = CFrame.new(-0.106879, -0.425872, -0.675636, 0.886814, 0.425655, 0.179941, 0.454510, -0.732963, -0.506148, -0.083555, 0.530644, -0.843466),
      ["RightUpperLeg"] = CFrame.new(0.207904, 0.115006, -0.482552, 0.969973, -0.237613, 0.051890, 0.242607, 0.960327, -0.137529, -0.017152, 0.145988, 0.989138)
    }},
    { Time = 0.133, Data = {
      ["LeftUpperArm"] = CFrame.new(0.106876, -0.424216, -0.676209, 0.886800, -0.425665, -0.179984, -0.454619, -0.733443, -0.505354, 0.083103, 0.529972, -0.843934),
      ["LeftUpperLeg"] = CFrame.new(-0.207557, 0.116419, -0.482602, 0.969976, 0.237592, -0.051929, -0.242610, 0.960178, -0.138560, 0.016940, 0.146998, 0.988992),
      ["LowerTorso"] = CFrame.new(0.000001, -0.548400, -0.176925, 1.000000, -0.000000, 0.000000, 0.000000, 0.137391, 0.990517, -0.000000, -0.990517, 0.137391),
      ["RightUpperArm"] = CFrame.new(-0.106876, -0.424216, -0.676209, 0.886800, 0.425665, 0.179984, 0.454619, -0.733443, -0.505354, -0.083103, 0.529972, -0.843934),
      ["RightUpperLeg"] = CFrame.new(0.207556, 0.116421, -0.482602, 0.969976, -0.237592, 0.051929, 0.242610, 0.960178, -0.138560, -0.016940, 0.146998, 0.988992)
    }},
    { Time = 0.150, Data = {
      ["LeftUpperArm"] = CFrame.new(0.106868, -0.423239, -0.676575, 0.886796, -0.425699, -0.179926, -0.454670, -0.733779, -0.504820, 0.082875, 0.529480, -0.844265),
      ["LeftUpperLeg"] = CFrame.new(-0.207348, 0.117266, -0.482654, 0.969979, 0.237580, -0.051926, -0.242610, 0.960078, -0.139250, 0.016770, 0.147667, 0.988895),
      ["LowerTorso"] = CFrame.new(0.000001, -0.548058, -0.176098, 1.000000, -0.000000, 0.000000, 0.000000, 0.136937, 0.990580, -0.000000, -0.990580, 0.136937),
      ["RightUpperArm"] = CFrame.new(-0.106868, -0.423239, -0.676575, 0.886796, 0.425699, 0.179926, 0.454670, -0.733779, -0.504820, -0.082875, 0.529480, -0.844265),
      ["RightUpperLeg"] = CFrame.new(0.207347, 0.117268, -0.482654, 0.969979, -0.237580, 0.051926, 0.242610, 0.960078, -0.139250, -0.016770, 0.147667, 0.988895)
    }},
    { Time = 0.167, Data = {
      ["LeftUpperArm"] = CFrame.new(0.106887, -0.423127, -0.676601, 0.886837, -0.425624, -0.179903, -0.454595, -0.733820, -0.504829, 0.082851, 0.529484, -0.844265),
      ["LeftUpperLeg"] = CFrame.new(-0.207324, 0.117364, -0.482655, 0.969979, 0.237578, -0.051936, -0.242610, 0.960066, -0.139335, 0.016759, 0.147752, 0.988882),
      ["LowerTorso"] = CFrame.new(0.000001, -0.548071, -0.176009, 1.000000, -0.000000, 0.000000, 0.000000, 0.136937, 0.990580, -0.000000, -0.990580, 0.136937),
      ["RightUpperArm"] = CFrame.new(-0.106887, -0.423127, -0.676601, 0.886837, 0.425624, 0.179903, 0.454595, -0.733820, -0.504829, -0.082851, 0.529484, -0.844265),
      ["RightUpperLeg"] = CFrame.new(0.207323, 0.117367, -0.482655, 0.969979, -0.237578, 0.051936, 0.242610, 0.960066, -0.139335, -0.016759, 0.147752, 0.988882)
    }},
    { Time = 0.183, Data = {
      ["LeftUpperArm"] = CFrame.new(0.106874, -0.424083, -0.676260, 0.886801, -0.425673, -0.179964, -0.454623, -0.733491, -0.505281, 0.083082, 0.529899, -0.843981),
      ["LeftUpperLeg"] = CFrame.new(-0.207529, 0.116534, -0.482603, 0.969976, 0.237590, -0.051939, -0.242611, 0.960166, -0.138645, 0.016930, 0.147083, 0.988979),
      ["LowerTorso"] = CFrame.new(0.000001, -0.548416, -0.176821, 1.000000, -0.000000, 0.000000, 0.000000, 0.137391, 0.990517, -0.000000, -0.990517, 0.137391),
      ["RightUpperArm"] = CFrame.new(-0.106874, -0.424083, -0.676260, 0.886801, 0.425673, 0.179964, 0.454623, -0.733491, -0.505281, -0.083082, 0.529899, -0.843981),
      ["RightUpperLeg"] = CFrame.new(0.207528, 0.116537, -0.482603, 0.969976, -0.237590, 0.051939, 0.242611, 0.960166, -0.138645, -0.016930, 0.147083, 0.988979)
    }},
    { Time = 0.200, Data = {
      ["LeftUpperArm"] = CFrame.new(0.106879, -0.426341, -0.675470, 0.886818, -0.425655, -0.179920, -0.454475, -0.732818, -0.506389, 0.083698, 0.530844, -0.843326),
      ["LeftUpperLeg"] = CFrame.new(-0.208005, 0.114599, -0.482505, 0.969970, 0.237615, -0.051934, -0.242610, 0.960376, -0.137179, 0.017280, 0.145659, 0.989184),
      ["LowerTorso"] = CFrame.new(0.000001, -0.549181, -0.178712, 1.000000, -0.000000, 0.000000, 0.000000, 0.138411, 0.990375, -0.000000, -0.990375, 0.138411),
      ["RightUpperArm"] = CFrame.new(-0.106879, -0.426341, -0.675470, 0.886818, 0.425655, 0.179920, 0.454475, -0.732818, -0.506389, -0.083698, 0.530844, -0.843326),
      ["RightUpperLeg"] = CFrame.new(0.208004, 0.114601, -0.482504, 0.969970, -0.237615, 0.051934, 0.242610, 0.960376, -0.137179, -0.017280, 0.145659, 0.989184)
    }},
    { Time = 0.217, Data = {
      ["LeftUpperArm"] = CFrame.new(0.106871, -0.430089, -0.674162, 0.886804, -0.425686, -0.179916, -0.454319, -0.731669, -0.508188, 0.084689, 0.532402, -0.842245),
      ["LeftUpperLeg"] = CFrame.new(-0.208799, 0.111379, -0.482356, 0.969961, 0.237660, -0.051900, -0.242606, 0.960719, -0.134766, 0.017833, 0.143309, 0.989517),
      ["LowerTorso"] = CFrame.new(0.000001, -0.550569, -0.181876, 1.000000, -0.000000, 0.000000, 0.000000, 0.140223, 0.990120, -0.000000, -0.990120, 0.140223),
      ["RightUpperArm"] = CFrame.new(-0.106871, -0.430089, -0.674162, 0.886804, 0.425686, 0.179916, 0.454319, -0.731669, -0.508188, -0.084689, 0.532402, -0.842245),
      ["RightUpperLeg"] = CFrame.new(0.208798, 0.111382, -0.482356, 0.969961, -0.237660, 0.051900, 0.242606, 0.960719, -0.134766, -0.017833, 0.143309, 0.989517)
    }},
    { Time = 0.233, Data = {
      ["LeftUpperArm"] = CFrame.new(0.106874, -0.435537, -0.672243, 0.886799, -0.425675, -0.179970, -0.454071, -0.729982, -0.510829, 0.086072, 0.534722, -0.840634),
      ["LeftUpperLeg"] = CFrame.new(-0.209943, 0.106738, -0.482103, 0.969967, 0.237640, -0.051886, -0.242518, 0.961242, -0.131144, 0.018710, 0.139789, 0.990005),
      ["LowerTorso"] = CFrame.new(0.000001, -0.552553, -0.186479, 1.000000, -0.000000, 0.000000, 0.000000, 0.142825, 0.989748, -0.000000, -0.989748, 0.142825),
      ["RightUpperArm"] = CFrame.new(-0.106874, -0.435537, -0.672243, 0.886799, 0.425675, 0.179970, 0.454071, -0.729982, -0.510829, -0.086072, 0.534722, -0.840634),
      ["RightUpperLeg"] = CFrame.new(0.209942, 0.106741, -0.482103, 0.969967, -0.237640, 0.051886, 0.242518, 0.961242, -0.131144, -0.018710, 0.139789, 0.990005)
    }},
    { Time = 0.250, Data = {
      ["LeftUpperArm"] = CFrame.new(0.106876, -0.442895, -0.669657, 0.886809, -0.425665, -0.179941, -0.453674, -0.727701, -0.514424, 0.088029, 0.537831, -0.838445),
      ["LeftUpperLeg"] = CFrame.new(-0.211492, 0.100456, -0.481757, 0.969966, 0.237640, -0.051899, -0.242426, 0.961913, -0.126308, 0.019906, 0.135096, 0.990633),
      ["LowerTorso"] = CFrame.new(0.000001, -0.555221, -0.192707, 1.000000, -0.000000, 0.000000, 0.000000, 0.146325, 0.989237, -0.000000, -0.989237, 0.146325),
      ["RightUpperArm"] = CFrame.new(-0.106876, -0.442895, -0.669657, 0.886809, 0.425665, 0.179941, 0.453674, -0.727701, -0.514424, -0.088029, 0.537831, -0.838445),
      ["RightUpperLeg"] = CFrame.new(0.211491, 0.100458, -0.481757, 0.969966, -0.237640, 0.051899, 0.242426, 0.961913, -0.126308, -0.019906, 0.135096, 0.990633)
    }},
    { Time = 0.267, Data = {
      ["LeftUpperArm"] = CFrame.new(0.106887, -0.452371, -0.666332, 0.886832, -0.425622, -0.179930, -0.453144, -0.724763, -0.519018, 0.090499, 0.541816, -0.835611),
      ["LeftUpperLeg"] = CFrame.new(-0.213481, 0.092398, -0.481304, 0.969979, 0.237585, -0.051901, -0.242240, 0.962766, -0.120003, 0.021458, 0.128973, 0.991416),
      ["LowerTorso"] = CFrame.new(0.000001, -0.558653, -0.200746, 1.000000, -0.000000, 0.000000, 0.000000, 0.150830, 0.988560, -0.000000, -0.988560, 0.150830),
      ["RightUpperArm"] = CFrame.new(-0.106887, -0.452371, -0.666332, 0.886832, 0.425622, 0.179930, 0.453144, -0.724763, -0.519018, -0.090499, 0.541816, -0.835611),
      ["RightUpperLeg"] = CFrame.new(0.213480, 0.092400, -0.481304, 0.969979, -0.237585, 0.051901, 0.242240, 0.962766, -0.120003, -0.021458, 0.128973, 0.991416)
    }},
    { Time = 0.283, Data = {
      ["LeftUpperArm"] = CFrame.new(0.106884, -0.464149, -0.662189, 0.886828, -0.425634, -0.179923, -0.452515, -0.721011, -0.524760, 0.093629, 0.546790, -0.832018),
      ["LeftUpperLeg"] = CFrame.new(-0.215973, 0.082306, -0.480760, 0.969964, 0.237644, -0.051905, -0.242123, 0.963734, -0.112222, 0.023353, 0.121419, 0.992327),
      ["LowerTorso"] = CFrame.new(0.000001, -0.562821, -0.210770, 1.000000, -0.000000, 0.000000, 0.000000, 0.156334, 0.987704, -0.000000, -0.987704, 0.156334),
      ["RightUpperArm"] = CFrame.new(-0.106884, -0.464149, -0.662188, 0.886828, 0.425634, 0.179923, 0.452515, -0.721011, -0.524760, -0.093629, 0.546790, -0.832018),
      ["RightUpperLeg"] = CFrame.new(0.215972, 0.082308, -0.480760, 0.969964, -0.237644, 0.051905, 0.242123, 0.963734, -0.112222, -0.023353, 0.121419, 0.992327)
    }},
    { Time = 0.300, Data = {
      ["LeftUpperArm"] = CFrame.new(0.106885, -0.478457, -0.657178, 0.886836, -0.425627, -0.179898, -0.451703, -0.716461, -0.531647, 0.097393, 0.552744, -0.827641),
      ["LeftUpperLeg"] = CFrame.new(-0.218994, 0.070086, -0.480066, 0.969960, 0.237654, -0.051953, -0.241903, 0.964850, -0.102701, 0.025720, 0.112184, 0.993355),
      ["LowerTorso"] = CFrame.new(0.000001, -0.568024, -0.223011, 1.000000, -0.000000, 0.000000, 0.000000, 0.163160, 0.986600, -0.000000, -0.986600, 0.163160),
      ["RightUpperArm"] = CFrame.new(-0.106885, -0.478457, -0.657178, 0.886836, 0.425627, 0.179898, 0.451703, -0.716461, -0.531647, -0.097393, 0.552744, -0.827641),
      ["RightUpperLeg"] = CFrame.new(0.218993, 0.070088, -0.480066, 0.969960, -0.237654, 0.051953, 0.241903, 0.964850, -0.102701, -0.025720, 0.112184, 0.993355)
    }},
    { Time = 0.317, Data = {
      ["LeftUpperArm"] = CFrame.new(0.106878, -0.495461, -0.651201, 0.886815, -0.425653, -0.179941, -0.450755, -0.710889, -0.539868, 0.101879, 0.559873, -0.822292),
      ["LeftUpperLeg"] = CFrame.new(-0.222585, 0.055568, -0.479316, 0.969971, 0.237625, -0.051878, -0.241560, 0.966066, -0.091458, 0.028385, 0.101243, 0.994457),
      ["LowerTorso"] = CFrame.new(0.000001, -0.574112, -0.237638, 1.000000, -0.000000, 0.000000, 0.000000, 0.171181, 0.985240, -0.000000, -0.985240, 0.171181),
      ["RightUpperArm"] = CFrame.new(-0.106878, -0.495461, -0.651201, 0.886815, 0.425653, 0.179941, 0.450755, -0.710889, -0.539868, -0.101879, 0.559873, -0.822292),
      ["RightUpperLeg"] = CFrame.new(0.222584, 0.055570, -0.479316, 0.969971, -0.237625, 0.051878, 0.241560, 0.966066, -0.091458, -0.028385, 0.101243, 0.994457)
    }},
    { Time = 0.333, Data = {
      ["LeftUpperArm"] = CFrame.new(0.106871, -0.515400, -0.644234, 0.886805, -0.425678, -0.179933, -0.449559, -0.704343, -0.549361, 0.107116, 0.568067, -0.815982),
      ["LeftUpperLeg"] = CFrame.new(-0.226804, 0.038535, -0.478372, 0.969965, 0.237641, -0.051899, -0.241176, 0.967333, -0.078113, 0.031641, 0.088284, 0.995593),
      ["LowerTorso"] = CFrame.new(0.000001, -0.581264, -0.254879, 1.000000, -0.000000, 0.000000, 0.000000, 0.180601, 0.983556, -0.000000, -0.983556, 0.180601),
      ["RightUpperArm"] = CFrame.new(-0.106871, -0.515400, -0.644234, 0.886805, 0.425678, 0.179933, 0.449559, -0.704343, -0.549361, -0.107116, 0.568067, -0.815982),
      ["RightUpperLeg"] = CFrame.new(0.226803, 0.038536, -0.478372, 0.969965, -0.237641, 0.051899, 0.241176, 0.967333, -0.078113, -0.031641, 0.088284, 0.995593)
    }},
    { Time = 0.350, Data = {
      ["LeftUpperArm"] = CFrame.new(0.106881, -0.535320, -0.637281, 0.886828, -0.425639, -0.179910, -0.448241, -0.697724, -0.558804, 0.112321, 0.576206, -0.809550),
      ["LeftUpperLeg"] = CFrame.new(-0.231015, 0.021559, -0.477433, 0.969978, 0.237582, -0.051931, -0.240676, 0.968437, -0.064845, 0.034885, 0.075396, 0.996543),
      ["LowerTorso"] = CFrame.new(0.000001, -0.588473, -0.272225, 1.000000, -0.000000, 0.000000, 0.000000, 0.190077, 0.981769, -0.000000, -0.981769, 0.190077),
      ["RightUpperArm"] = CFrame.new(-0.106881, -0.535320, -0.637281, 0.886828, 0.425639, 0.179910, 0.448241, -0.697724, -0.558804, -0.112321, 0.576206, -0.809550),
      ["RightUpperLeg"] = CFrame.new(0.231014, 0.021561, -0.477433, 0.969978, -0.237582, 0.051931, 0.240676, 0.968437, -0.064845, -0.034885, 0.075396, 0.996543)
    }},
    { Time = 0.367, Data = {
      ["LeftUpperArm"] = CFrame.new(0.106884, -0.552275, -0.631360, 0.886829, -0.425627, -0.179934, -0.447107, -0.691963, -0.566818, 0.116745, 0.583121, -0.803953),
      ["LeftUpperLeg"] = CFrame.new(-0.234610, 0.007080, -0.476642, 0.969979, 0.237576, -0.051938, -0.240258, 0.969235, -0.053479, 0.037635, 0.064352, 0.997217),
      ["LowerTorso"] = CFrame.new(0.000001, -0.594540, -0.287075, 1.000000, -0.000000, 0.000000, 0.000000, 0.198077, 0.980186, -0.000000, -0.980186, 0.198077),
      ["RightUpperArm"] = CFrame.new(-0.106884, -0.552275, -0.631360, 0.886829, 0.425627, 0.179934, 0.447107, -0.691963, -0.566818, -0.116745, 0.583121, -0.803953),
      ["RightUpperLeg"] = CFrame.new(0.234609, 0.007081, -0.476642, 0.969979, -0.237576, 0.051938, 0.240258, 0.969235, -0.053479, -0.037635, 0.064352, 0.997217)
    }},
    { Time = 0.383, Data = {
      ["LeftUpperArm"] = CFrame.new(0.106876, -0.566488, -0.626400, 0.886813, -0.425656, -0.179943, -0.446144, -0.687048, -0.573517, 0.120491, 0.588883, -0.799187),
      ["LeftUpperLeg"] = CFrame.new(-0.237633, -0.005088, -0.476003, 0.969970, 0.237620, -0.051920, -0.239933, 0.969791, -0.044020, 0.039891, 0.055156, 0.997681),
      ["LowerTorso"] = CFrame.new(0.000001, -0.599680, -0.299603, 1.000000, -0.000000, 0.000000, 0.000000, 0.204841, 0.978795, -0.000000, -0.978795, 0.204841),
      ["RightUpperArm"] = CFrame.new(-0.106876, -0.566487, -0.626400, 0.886813, 0.425656, 0.179943, 0.446144, -0.687048, -0.573517, -0.120491, 0.588883, -0.799187),
      ["RightUpperLeg"] = CFrame.new(0.237632, -0.005087, -0.476003, 0.969970, -0.237620, 0.051920, 0.239933, 0.969791, -0.044020, -0.039891, 0.055156, 0.997681)
    }},
    { Time = 0.400, Data = {
      ["LeftUpperArm"] = CFrame.new(0.106878, -0.578201, -0.622347, 0.886824, -0.425649, -0.179907, -0.445289, -0.683054, -0.578926, 0.123533, 0.593516, -0.795285),
      ["LeftUpperLeg"] = CFrame.new(-0.240120, -0.015083, -0.475458, 0.969967, 0.237632, -0.051917, -0.239621, 0.970194, -0.036120, 0.041786, 0.047476, 0.997998),
      ["LowerTorso"] = CFrame.new(0.000001, -0.603886, -0.309947, 1.000000, -0.000000, 0.000000, 0.000000, 0.210383, 0.977619, -0.000000, -0.977619, 0.210383),
      ["RightUpperArm"] = CFrame.new(-0.106878, -0.578201, -0.622347, 0.886824, 0.425649, 0.179907, 0.445289, -0.683054, -0.578926, -0.123533, 0.593516, -0.795285),
      ["RightUpperLeg"] = CFrame.new(0.240119, -0.015082, -0.475458, 0.969967, -0.237632, 0.051917, 0.239621, 0.970194, -0.036120, -0.041786, 0.047476, 0.997998)
    }},
    { Time = 0.417, Data = {
      ["LeftUpperArm"] = CFrame.new(0.106879, -0.587580, -0.619073, 0.886822, -0.425643, -0.179929, -0.444607, -0.679745, -0.583329, 0.125984, 0.597306, -0.792057),
      ["LeftUpperLeg"] = CFrame.new(-0.242113, -0.023088, -0.475019, 0.969971, 0.237609, -0.051941, -0.239332, 0.970478, -0.029866, 0.043311, 0.041401, 0.998203),
      ["LowerTorso"] = CFrame.new(0.000001, -0.607254, -0.318275, 1.000000, -0.000000, 0.000000, 0.000000, 0.214824, 0.976653, -0.000000, -0.976653, 0.214824),
      ["RightUpperArm"] = CFrame.new(-0.106879, -0.587580, -0.619073, 0.886822, 0.425643, 0.179929, 0.444607, -0.679745, -0.583329, -0.125984, 0.597306, -0.792057),
      ["RightUpperLeg"] = CFrame.new(0.242112, -0.023088, -0.475019, 0.969971, -0.237609, 0.051941, 0.239332, 0.970478, -0.029866, -0.043311, 0.041401, 0.998203)
    }},
    { Time = 0.433, Data = {
      ["LeftUpperArm"] = CFrame.new(0.106871, -0.594867, -0.616550, 0.886811, -0.425674, -0.179911, -0.444080, -0.677194, -0.586687, 0.127903, 0.600175, -0.789576),
      ["LeftUpperLeg"] = CFrame.new(-0.243666, -0.029324, -0.474673, 0.969963, 0.237641, -0.051949, -0.239147, 0.970664, -0.024915, 0.044505, 0.036590, 0.998339),
      ["LowerTorso"] = CFrame.new(0.000001, -0.609879, -0.324758, 1.000000, -0.000000, 0.000000, 0.000000, 0.218282, 0.975886, -0.000000, -0.975886, 0.218282),
      ["RightUpperArm"] = CFrame.new(-0.106871, -0.594867, -0.616550, 0.886811, 0.425674, 0.179911, 0.444080, -0.677194, -0.586687, -0.127903, 0.600175, -0.789576),
      ["RightUpperLeg"] = CFrame.new(0.243665, -0.029324, -0.474673, 0.969963, -0.237641, 0.051949, 0.239147, 0.970664, -0.024915, -0.044505, 0.036590, 0.998339)
    }},
    { Time = 0.450, Data = {
      ["LeftUpperArm"] = CFrame.new(0.106887, -0.600257, -0.614666, 0.886830, -0.425612, -0.179961, -0.443652, -0.675287, -0.589203, 0.129246, 0.602363, -0.787689),
      ["LeftUpperLeg"] = CFrame.new(-0.244813, -0.033930, -0.474432, 0.969962, 0.237642, -0.051953, -0.238988, 0.970788, -0.021354, 0.045361, 0.033128, 0.998421),
      ["LowerTorso"] = CFrame.new(0.000001, -0.611743, -0.329548, 1.000000, -0.000000, 0.000000, 0.000000, 0.220762, 0.975328, -0.000000, -0.975328, 0.220762),
      ["RightUpperArm"] = CFrame.new(-0.106887, -0.600257, -0.614666, 0.886830, 0.425612, 0.179961, 0.443652, -0.675287, -0.589203, -0.129246, 0.602363, -0.787689),
      ["RightUpperLeg"] = CFrame.new(0.244812, -0.033929, -0.474432, 0.969962, -0.237642, 0.051953, 0.238988, 0.970788, -0.021354, -0.045361, 0.033128, 0.998421)
    }},
    { Time = 0.467, Data = {
      ["LeftUpperArm"] = CFrame.new(0.106874, -0.603957, -0.613382, 0.886804, -0.425661, -0.179977, -0.443418, -0.673952, -0.590906, 0.130230, 0.603822, -0.786409),
      ["LeftUpperLeg"] = CFrame.new(-0.245598, -0.037082, -0.474280, 0.969970, 0.237619, -0.051909, -0.238848, 0.970874, -0.018841, 0.045920, 0.030673, 0.998474),
      ["LowerTorso"] = CFrame.new(0.000001, -0.613042, -0.332849, 1.000000, -0.000000, 0.000000, 0.000000, 0.222486, 0.974936, -0.000000, -0.974936, 0.222486),
      ["RightUpperArm"] = CFrame.new(-0.106874, -0.603956, -0.613382, 0.886804, 0.425661, 0.179977, 0.443418, -0.673952, -0.590906, -0.130230, 0.603822, -0.786409),
      ["RightUpperLeg"] = CFrame.new(0.245597, -0.037081, -0.474280, 0.969970, -0.237619, 0.051909, 0.238848, 0.970874, -0.018841, -0.045920, 0.030673, 0.998474)
    }},
    { Time = 0.483, Data = {
      ["LeftUpperArm"] = CFrame.new(0.106875, -0.606183, -0.612609, 0.886813, -0.425657, -0.179943, -0.443220, -0.673162, -0.591953, 0.130838, 0.604706, -0.785628),
      ["LeftUpperLeg"] = CFrame.new(-0.246076, -0.039001, -0.474183, 0.969962, 0.237655, -0.051905, -0.238816, 0.970910, -0.017364, 0.046268, 0.029238, 0.998501),
      ["LowerTorso"] = CFrame.new(0.000001, -0.613863, -0.334845, 1.000000, -0.000000, 0.000000, 0.000000, 0.223562, 0.974690, -0.000000, -0.974690, 0.223562),
      ["RightUpperArm"] = CFrame.new(-0.106876, -0.606183, -0.612609, 0.886813, 0.425657, 0.179943, 0.443220, -0.673162, -0.591953, -0.130838, 0.604706, -0.785628),
      ["RightUpperLeg"] = CFrame.new(0.246075, -0.039001, -0.474183, 0.969962, -0.237655, 0.051905, 0.238816, 0.970910, -0.017364, -0.046268, 0.029238, 0.998501)
    }},
    { Time = 0.500, Data = {
      ["LeftUpperArm"] = CFrame.new(0.106881, -0.607137, -0.612274, 0.886815, -0.425634, -0.179984, -0.443155, -0.672823, -0.592387, 0.131043, 0.605099, -0.785292),
      ["LeftUpperLeg"] = CFrame.new(-0.246271, -0.039781, -0.474130, 0.969978, 0.237587, -0.051907, -0.238716, 0.970946, -0.016671, 0.046438, 0.028561, 0.998513),
      ["LowerTorso"] = CFrame.new(0.000001, -0.614184, -0.335692, 1.000000, -0.000000, 0.000000, 0.000000, 0.223992, 0.974591, -0.000000, -0.974591, 0.223992),
      ["RightUpperArm"] = CFrame.new(-0.106881, -0.607137, -0.612274, 0.886815, 0.425634, 0.179984, 0.443155, -0.672823, -0.592387, -0.131043, 0.605099, -0.785292),
      ["RightUpperLeg"] = CFrame.new(0.246270, -0.039781, -0.474130, 0.969978, -0.237587, 0.051907, 0.238716, 0.970946, -0.016671, -0.046438, 0.028561, 0.998513)
    }},
    { Time = 0.517, Data = {
      ["LeftUpperArm"] = CFrame.new(0.106879, -0.607028, -0.612321, 0.886815, -0.425643, -0.179964, -0.443162, -0.672880, -0.592319, 0.131022, 0.605030, -0.785349),
      ["LeftUpperLeg"] = CFrame.new(-0.246247, -0.039684, -0.474132, 0.969978, 0.237585, -0.051917, -0.238718, 0.970944, -0.016756, 0.046428, 0.028647, 0.998511),
      ["LowerTorso"] = CFrame.new(0.000001, -0.614197, -0.335604, 1.000000, -0.000000, 0.000000, 0.000000, 0.223992, 0.974591, -0.000000, -0.974591, 0.223992),
      ["RightUpperArm"] = CFrame.new(-0.106879, -0.607028, -0.612321, 0.886815, 0.425643, 0.179964, 0.443162, -0.672880, -0.592319, -0.131022, 0.605030, -0.785349),
      ["RightUpperLeg"] = CFrame.new(0.246246, -0.039684, -0.474132, 0.969978, -0.237585, 0.051917, 0.238718, 0.970944, -0.016756, -0.046428, 0.028647, 0.998511)
    }},
    { Time = 0.533, Data = {
      ["LeftUpperArm"] = CFrame.new(0.106873, -0.606052, -0.612660, 0.886813, -0.425665, -0.179923, -0.443226, -0.673218, -0.591885, 0.130817, 0.604637, -0.785685),
      ["LeftUpperLeg"] = CFrame.new(-0.246048, -0.038887, -0.474183, 0.969962, 0.237652, -0.051915, -0.238818, 0.970908, -0.017450, 0.046258, 0.029324, 0.998499),
      ["LowerTorso"] = CFrame.new(0.000001, -0.613878, -0.334739, 1.000000, -0.000000, 0.000000, 0.000000, 0.223562, 0.974690, -0.000000, -0.974690, 0.223562),
      ["RightUpperArm"] = CFrame.new(-0.106873, -0.606052, -0.612659, 0.886813, 0.425665, 0.179923, 0.443226, -0.673218, -0.591885, -0.130817, 0.604637, -0.785685),
      ["RightUpperLeg"] = CFrame.new(0.246047, -0.038886, -0.474183, 0.969962, -0.237652, 0.051915, 0.238818, 0.970908, -0.017450, -0.046258, 0.029324, 0.998499)
    }},
    { Time = 0.550, Data = {
      ["LeftUpperArm"] = CFrame.new(0.106873, -0.604419, -0.613221, 0.886806, -0.425664, -0.179958, -0.443372, -0.673783, -0.591133, 0.130371, 0.604009, -0.786242),
      ["LeftUpperLeg"] = CFrame.new(-0.245699, -0.037481, -0.474232, 0.969966, 0.237627, -0.051953, -0.238841, 0.970883, -0.018488, 0.046047, 0.030341, 0.998478),
      ["LowerTorso"] = CFrame.new(0.000001, -0.613204, -0.333263, 1.000000, -0.000000, 0.000000, 0.000000, 0.222701, 0.974887, -0.000000, -0.974887, 0.222701),
      ["RightUpperArm"] = CFrame.new(-0.106873, -0.604419, -0.613221, 0.886806, 0.425664, 0.179958, 0.443372, -0.673783, -0.591133, -0.130371, 0.604009, -0.786242),
      ["RightUpperLeg"] = CFrame.new(0.245698, -0.037481, -0.474232, 0.969966, -0.237627, 0.051953, 0.238841, 0.970883, -0.018488, -0.046047, 0.030341, 0.998478)
    }},
    { Time = 0.567, Data = {
      ["LeftUpperArm"] = CFrame.new(0.106867, -0.602337, -0.613946, 0.886799, -0.425689, -0.179934, -0.443535, -0.674515, -0.590174, 0.129863, 0.603173, -0.786968),
      ["LeftUpperLeg"] = CFrame.new(-0.245252, -0.035688, -0.474329, 0.969975, 0.237593, -0.051947, -0.238872, 0.970848, -0.019879, 0.045710, 0.031691, 0.998452),
      ["LowerTorso"] = CFrame.new(0.000001, -0.612473, -0.331408, 1.000000, -0.000000, 0.000000, 0.000000, 0.221732, 0.975108, -0.000000, -0.975108, 0.221732),
      ["RightUpperArm"] = CFrame.new(-0.106867, -0.602338, -0.613946, 0.886799, 0.425689, 0.179934, 0.443535, -0.674515, -0.590174, -0.129863, 0.603173, -0.786968),
      ["RightUpperLeg"] = CFrame.new(0.245251, -0.035688, -0.474329, 0.969975, -0.237593, 0.051947, 0.238872, 0.970848, -0.019879, -0.045710, 0.031691, 0.998452)
    }},
    { Time = 0.583, Data = {
      ["LeftUpperArm"] = CFrame.new(0.106883, -0.600029, -0.614760, 0.886830, -0.425629, -0.179921, -0.443665, -0.675400, -0.589065, 0.129205, 0.602225, -0.787802),
      ["LeftUpperLeg"] = CFrame.new(-0.244761, -0.033726, -0.474471, 0.969967, 0.237641, -0.051877, -0.238989, 0.970785, -0.021450, 0.045265, 0.033204, 0.998423),
      ["LowerTorso"] = CFrame.new(0.000001, -0.611662, -0.329339, 1.000000, -0.000000, 0.000000, 0.000000, 0.220655, 0.975352, -0.000000, -0.975352, 0.220655),
      ["RightUpperArm"] = CFrame.new(-0.106883, -0.600029, -0.614760, 0.886830, 0.425629, 0.179921, 0.443665, -0.675400, -0.589065, -0.129205, 0.602225, -0.787802),
      ["RightUpperLeg"] = CFrame.new(0.244760, -0.033726, -0.474471, 0.969967, -0.237641, 0.051877, 0.238989, 0.970785, -0.021450, -0.045265, 0.033204, 0.998423)
    }},
    { Time = 0.600, Data = {
      ["LeftUpperArm"] = CFrame.new(0.106881, -0.597653, -0.615567, 0.886821, -0.425635, -0.179956, -0.443861, -0.676185, -0.588014, 0.128596, 0.601339, -0.788578),
      ["LeftUpperLeg"] = CFrame.new(-0.244254, -0.031689, -0.474574, 0.969975, 0.237601, -0.051903, -0.239024, 0.970739, -0.023098, 0.044896, 0.034810, 0.998385),
      ["LowerTorso"] = CFrame.new(0.000001, -0.610854, -0.327240, 1.000000, -0.000000, 0.000000, 0.000000, 0.219577, 0.975595, -0.000000, -0.975595, 0.219577),
      ["RightUpperArm"] = CFrame.new(-0.106881, -0.597652, -0.615567, 0.886821, 0.425635, 0.179956, 0.443861, -0.676185, -0.588014, -0.128596, 0.601339, -0.788578),
      ["RightUpperLeg"] = CFrame.new(0.244253, -0.031689, -0.474574, 0.969975, -0.237601, 0.051903, 0.239024, 0.970739, -0.023098, -0.044896, 0.034810, 0.998385)
    }},
    { Time = 0.617, Data = {
      ["LeftUpperArm"] = CFrame.new(0.106872, -0.595458, -0.616340, 0.886813, -0.425669, -0.179912, -0.444029, -0.676970, -0.586984, 0.128066, 0.600432, -0.789355),
      ["LeftUpperLeg"] = CFrame.new(-0.243793, -0.029838, -0.474673, 0.969963, 0.237650, -0.051908, -0.239140, 0.970674, -0.024572, 0.044546, 0.036247, 0.998349),
      ["LowerTorso"] = CFrame.new(0.000001, -0.610027, -0.325274, 1.000000, -0.000000, 0.000000, 0.000000, 0.218498, 0.975837, -0.000000, -0.975837, 0.218498),
      ["RightUpperArm"] = CFrame.new(-0.106872, -0.595458, -0.616340, 0.886813, 0.425669, 0.179912, 0.444029, -0.676970, -0.586984, -0.128066, 0.600432, -0.789355),
      ["RightUpperLeg"] = CFrame.new(0.243792, -0.029838, -0.474673, 0.969963, -0.237650, 0.051908, 0.239140, 0.970674, -0.024572, -0.044546, 0.036247, 0.998349)
    }},
    { Time = 0.633, Data = {
      ["LeftUpperArm"] = CFrame.new(0.106870, -0.593627, -0.616966, 0.886806, -0.425677, -0.179929, -0.444178, -0.677585, -0.586161, 0.127598, 0.599731, -0.789963),
      ["LeftUpperLeg"] = CFrame.new(-0.243401, -0.028265, -0.474769, 0.969971, 0.237622, -0.051882, -0.239164, 0.970636, -0.025792, 0.044229, 0.037426, 0.998320),
      ["LowerTorso"] = CFrame.new(0.000001, -0.609371, -0.323649, 1.000000, -0.000000, 0.000000, 0.000000, 0.217634, 0.976031, -0.000000, -0.976031, 0.217634),
      ["RightUpperArm"] = CFrame.new(-0.106870, -0.593627, -0.616966, 0.886806, 0.425677, 0.179929, 0.444178, -0.677585, -0.586161, -0.127598, 0.599731, -0.789963),
      ["RightUpperLeg"] = CFrame.new(0.243400, -0.028265, -0.474769, 0.969971, -0.237622, 0.051882, 0.239164, 0.970636, -0.025792, -0.044229, 0.037426, 0.998320)
    }},
    { Time = 0.650, Data = {
      ["LeftUpperArm"] = CFrame.new(0.106867, -0.592384, -0.617402, 0.886801, -0.425688, -0.179926, -0.444281, -0.678032, -0.585566, 0.127273, 0.599218, -0.790405),
      ["LeftUpperLeg"] = CFrame.new(-0.243134, -0.027191, -0.474815, 0.969975, 0.237603, -0.051889, -0.239181, 0.970611, -0.026573, 0.044050, 0.038186, 0.998299),
      ["LowerTorso"] = CFrame.new(0.000001, -0.608974, -0.322551, 1.000000, -0.000000, 0.000000, 0.000000, 0.217094, 0.976151, -0.000000, -0.976151, 0.217094),
      ["RightUpperArm"] = CFrame.new(-0.106867, -0.592384, -0.617402, 0.886801, 0.425688, 0.179926, 0.444281, -0.678032, -0.585566, -0.127273, 0.599218, -0.790405),
      ["RightUpperLeg"] = CFrame.new(0.243133, -0.027191, -0.474815, 0.969975, -0.237603, 0.051889, 0.239181, 0.970611, -0.026573, -0.044050, 0.038186, 0.998299)
    }},
    { Time = 0.667, Data = {
      ["Head"] = CFrame.new(0.023521, -0.043982, -0.044032, 0.718210, -0.353542, -0.599318, -0.261446, 0.661082, -0.703290, 0.644841, 0.661799, 0.382364),
      ["LeftUpperArm"] = CFrame.new(0.106868, -0.591924, -0.617564, 0.886799, -0.425685, -0.179945, -0.444326, -0.678200, -0.585337, 0.127131, 0.599030, -0.790570),
      ["LeftUpperLeg"] = CFrame.new(-0.243036, -0.026795, -0.474820, 0.969975, 0.237594, -0.051930, -0.239188, 0.970600, -0.026916, 0.044009, 0.038529, 0.998288),
      ["LowerTorso"] = CFrame.new(0.000001, -0.608811, -0.322142, 1.000000, -0.000000, 0.000000, 0.000000, 0.216878, 0.976199, -0.000000, -0.976199, 0.216878),
      ["RightUpperArm"] = CFrame.new(-0.106868, -0.591924, -0.617564, 0.886799, 0.425685, 0.179945, 0.444326, -0.678200, -0.585337, -0.127131, 0.599030, -0.790570),
      ["RightUpperLeg"] = CFrame.new(0.243035, -0.026794, -0.474820, 0.969975, -0.237594, 0.051930, 0.239188, 0.970600, -0.026916, -0.044009, 0.038529, 0.998288)
    }},
    { Time = 1.000, Data = {
      ["LeftUpperArm"] = CFrame.new(0.106883, -0.438501, -0.671192, 0.886820, -0.425641, -0.179944, -0.453875, -0.729058, -0.512319, 0.086874, 0.536007, -0.839731),
      ["LeftUpperLeg"] = CFrame.new(-0.210561, 0.104231, -0.481952, 0.969978, 0.237589, -0.051899, -0.242431, 0.961533, -0.129158, 0.019216, 0.137862, 0.990265),
      ["LowerTorso"] = CFrame.new(0.000001, -0.553574, -0.188980, 1.000000, -0.000000, 0.000000, 0.000000, 0.144180, 0.989551, -0.000000, -0.989551, 0.144180),
      ["RightUpperArm"] = CFrame.new(-0.106883, -0.438501, -0.671192, 0.886820, 0.425641, 0.179944, 0.453875, -0.729058, -0.512319, -0.086874, 0.536007, -0.839731),
      ["RightUpperLeg"] = CFrame.new(0.210560, 0.104233, -0.481952, 0.969978, -0.237589, 0.051899, 0.242431, 0.961533, -0.129158, -0.019216, 0.137862, 0.990265)
    }},
    { Time = 1.017, Data = {
      ["LeftUpperArm"] = CFrame.new(0.106882, -0.438501, -0.671192, 0.886820, -0.425641, -0.179944, -0.453875, -0.729058, -0.512319, 0.086874, 0.536007, -0.839731),
      ["LeftUpperLeg"] = CFrame.new(-0.210561, 0.104231, -0.481952, 0.969978, 0.237589, -0.051899, -0.242431, 0.961533, -0.129158, 0.019216, 0.137862, 0.990265),
      ["LowerTorso"] = CFrame.new(0.000001, -0.553573, -0.188980, 1.000000, -0.000000, 0.000000, 0.000000, 0.144180, 0.989551, -0.000000, -0.989551, 0.144180),
      ["RightUpperArm"] = CFrame.new(-0.106882, -0.438501, -0.671192, 0.886820, 0.425641, 0.179944, 0.453875, -0.729058, -0.512319, -0.086874, 0.536007, -0.839731),
      ["RightUpperLeg"] = CFrame.new(0.210560, 0.104233, -0.481952, 0.969978, -0.237589, 0.051899, 0.242431, 0.961533, -0.129158, -0.019216, 0.137862, 0.990265)
    }},
    { Time = 1.033, Data = {
      ["LeftUpperArm"] = CFrame.new(0.106882, -0.438501, -0.671192, 0.886820, -0.425641, -0.179944, -0.453875, -0.729058, -0.512319, 0.086874, 0.536007, -0.839731),
      ["LeftUpperLeg"] = CFrame.new(-0.210561, 0.104231, -0.481952, 0.969978, 0.237589, -0.051899, -0.242431, 0.961533, -0.129158, 0.019216, 0.137862, 0.990265),
      ["LowerTorso"] = CFrame.new(0.000001, -0.553573, -0.188980, 1.000000, -0.000000, 0.000000, 0.000000, 0.144180, 0.989551, -0.000000, -0.989551, 0.144180),
      ["RightUpperArm"] = CFrame.new(-0.106883, -0.438501, -0.671191, 0.886820, 0.425641, 0.179944, 0.453875, -0.729058, -0.512319, -0.086874, 0.536007, -0.839731),
      ["RightUpperLeg"] = CFrame.new(0.210560, 0.104233, -0.481952, 0.969978, -0.237589, 0.051899, 0.242431, 0.961533, -0.129158, -0.019216, 0.137862, 0.990265)
    }},
    { Time = 1.050, Data = {
      ["LeftUpperArm"] = CFrame.new(0.106882, -0.438501, -0.671192, 0.886820, -0.425641, -0.179944, -0.453875, -0.729058, -0.512319, 0.086874, 0.536007, -0.839731),
      ["LeftUpperLeg"] = CFrame.new(-0.210561, 0.104231, -0.481952, 0.969978, 0.237589, -0.051899, -0.242431, 0.961533, -0.129158, 0.019216, 0.137862, 0.990265),
      ["LowerTorso"] = CFrame.new(0.000001, -0.553574, -0.188980, 1.000000, -0.000000, 0.000000, 0.000000, 0.144180, 0.989551, -0.000000, -0.989551, 0.144180),
      ["RightUpperArm"] = CFrame.new(-0.106883, -0.438501, -0.671192, 0.886820, 0.425641, 0.179944, 0.453875, -0.729058, -0.512319, -0.086874, 0.536007, -0.839731),
      ["RightUpperLeg"] = CFrame.new(0.210560, 0.104233, -0.481952, 0.969978, -0.237589, 0.051899, 0.242431, 0.961533, -0.129158, -0.019216, 0.137862, 0.990265)
    }},
    { Time = 1.067, Data = {
      ["LeftUpperArm"] = CFrame.new(0.106882, -0.438501, -0.671192, 0.886820, -0.425641, -0.179944, -0.453875, -0.729058, -0.512319, 0.086874, 0.536007, -0.839731),
      ["LeftUpperLeg"] = CFrame.new(-0.210561, 0.104231, -0.481952, 0.969978, 0.237589, -0.051899, -0.242431, 0.961533, -0.129158, 0.019216, 0.137862, 0.990265),
      ["LowerTorso"] = CFrame.new(0.000001, -0.553574, -0.188980, 1.000000, -0.000000, 0.000000, 0.000000, 0.144180, 0.989551, -0.000000, -0.989551, 0.144180),
      ["RightUpperArm"] = CFrame.new(-0.106883, -0.438501, -0.671192, 0.886820, 0.425641, 0.179944, 0.453875, -0.729058, -0.512319, -0.086874, 0.536007, -0.839731),
      ["RightUpperLeg"] = CFrame.new(0.210560, 0.104233, -0.481952, 0.969978, -0.237589, 0.051899, 0.242431, 0.961533, -0.129158, -0.019216, 0.137862, 0.990265)
    }},
    { Time = 1.083, Data = {
      ["LeftUpperArm"] = CFrame.new(0.106882, -0.438501, -0.671191, 0.886820, -0.425641, -0.179944, -0.453875, -0.729058, -0.512319, 0.086874, 0.536007, -0.839731),
      ["LeftUpperLeg"] = CFrame.new(-0.210561, 0.104231, -0.481952, 0.969978, 0.237589, -0.051899, -0.242431, 0.961533, -0.129158, 0.019216, 0.137862, 0.990265),
