return {
  ["Astros cowgirl (m) 3"] = {
    { Time = 0.000, Data = {
      ["Balls"] = CFrame.new(-0.000000, -0.000003, 0.000000, 0.999693, -0.024773, 0.000000, 0.024773, 0.999693, 0.000000, 0.000000, 0.000000, 1.000000),
      ["Cock"] = CFrame.new(0.000000, -0.000000, 0.000000, 0.995710, 0.092524, 0.000000, -0.092524, 0.995710, -0.000000, -0.000000, 0.000000, 1.000000),
      ["Head"] = CFrame.new(0.000000, 0.000000, 0.000000, 1.000000, -0.000000, 0.000000, 0.000000, 0.914123, 0.405437, -0.000000, -0.405437, 0.914123),
      ["LeftUpperArm"] = CFrame.new(-0.101323, -0.086613, 0.166704, 0.881359, -0.385260, 0.273461, 0.470967, 0.670675, -0.573049, 0.037369, 0.633853, 0.772550),
      ["LeftUpperLeg"] = CFrame.new(-0.001311, -0.036190, -0.000011, 0.997377, 0.072366, -0.001403, -0.072380, 0.997184, -0.019643, -0.000023, 0.019693, 0.999806),
      ["LowerTorso"] = CFrame.new(0.000000, -1.537687, -0.498159, 1.000000, 0.000000, 0.000000, 0.000000, 0.004877, -0.999988, 0.000000, 0.999988, 0.004877),
      ["RightUpperArm"] = CFrame.new(0.083456, -0.073938, 0.162664, 0.886264, 0.317321, -0.337406, -0.456853, 0.718868, -0.523941, 0.076292, 0.618495, 0.782076),
      ["RightUpperLeg"] = CFrame.new(0.002485, -0.049791, -0.000016, 0.995029, -0.099564, 0.001929, 0.099582, 0.994836, -0.019609, 0.000033, 0.019703, 0.999806)
    }},
    { Time = 0.017, Data = {
      ["Balls"] = CFrame.new(-0.000000, -0.000005, 0.000000, 0.999740, -0.022788, 0.000000, 0.022788, 0.999740, 0.000000, 0.000000, 0.000000, 1.000000),
      ["Cock"] = CFrame.new(0.000000, 0.000000, 0.000000, 0.995702, 0.092610, 0.000000, -0.092610, 0.995702, -0.000000, -0.000000, 0.000000, 1.000000),
      ["Head"] = CFrame.new(0.000000, -0.000000, 0.000000, 1.000000, -0.000000, 0.000000, 0.000000, 0.913406, 0.407050, -0.000000, -0.407050, 0.913406),
      ["LeftUpperArm"] = CFrame.new(-0.101289, -0.086746, 0.166650, 0.881267, -0.385351, 0.273631, 0.471138, 0.670479, -0.573138, 0.037396, 0.634005, 0.772424),
      ["LeftUpperLeg"] = CFrame.new(-0.001311, -0.036190, -0.000011, 0.997377, 0.072366, -0.001403, -0.072380, 0.997184, -0.019643, -0.000023, 0.019693, 0.999806),
      ["LowerTorso"] = CFrame.new(0.000000, -1.537687, -0.498159, 1.000000, 0.000000, 0.000000, 0.000000, 0.004877, -0.999988, 0.000000, 0.999988, 0.004877),
      ["RightUpperArm"] = CFrame.new(0.083384, -0.074118, 0.162582, 0.886189, 0.317291, -0.337631, -0.456988, 0.718671, -0.524093, 0.076356, 0.618739, 0.781877),
      ["RightUpperLeg"] = CFrame.new(0.002485, -0.049791, -0.000016, 0.995029, -0.099564, 0.001929, 0.099582, 0.994836, -0.019609, 0.000033, 0.019703, 0.999806)
    }},
    { Time = 0.033, Data = {
      ["Balls"] = CFrame.new(-0.000000, -0.000005, 0.000000, 0.999782, -0.020889, 0.000000, 0.020889, 0.999782, 0.000000, 0.000000, 0.000000, 1.000000),
      ["Cock"] = CFrame.new(0.000000, 0.000000, 0.000000, 0.995694, 0.092696, 0.000000, -0.092696, 0.995694, -0.000000, -0.000000, 0.000000, 1.000000),
      ["Head"] = CFrame.new(0.000000, -0.000000, 0.000000, 1.000000, -0.000000, 0.000000, 0.000000, 0.912686, 0.408661, -0.000000, -0.408661, 0.912686),
      ["LeftUpperArm"] = CFrame.new(-0.101223, -0.087138, 0.166458, 0.880897, -0.385767, 0.274234, 0.471827, 0.669926, -0.573218, 0.037412, 0.634337, 0.772151),
      ["LeftUpperLeg"] = CFrame.new(-0.001311, -0.036190, -0.000008, 0.997377, 0.072366, -0.001397, -0.072380, 0.997187, -0.019470, -0.000016, 0.019520, 0.999809),
      ["LowerTorso"] = CFrame.new(0.000000, -1.537565, -0.498160, 1.000000, 0.000000, 0.000000, 0.000000, 0.004755, -0.999989, 0.000000, 0.999989, 0.004755),
      ["RightUpperArm"] = CFrame.new(0.083188, -0.074704, 0.162382, 0.885852, 0.317261, -0.338544, -0.457601, 0.717899, -0.524616, 0.076600, 0.619650, 0.781131),
      ["RightUpperLeg"] = CFrame.new(0.002485, -0.049791, -0.000012, 0.995029, -0.099564, 0.001921, 0.099582, 0.994839, -0.019436, 0.000024, 0.019531, 0.999809)
    }},
    { Time = 0.050, Data = {
      ["Balls"] = CFrame.new(-0.000000, -0.000005, 0.000000, 0.999820, -0.018990, 0.000000, 0.018990, 0.999820, 0.000000, 0.000000, 0.000000, 1.000000),
      ["Cock"] = CFrame.new(0.000000, -0.000000, 0.000000, 0.995686, 0.092782, 0.000000, -0.092782, 0.995686, -0.000000, -0.000000, 0.000000, 1.000000),
      ["Head"] = CFrame.new(0.000000, -0.000000, 0.000000, 1.000000, -0.000000, 0.000000, 0.000000, 0.911963, 0.410272, -0.000000, -0.410272, 0.911963),
      ["LeftUpperArm"] = CFrame.new(-0.101089, -0.087793, 0.166164, 0.880342, -0.386363, 0.275176, 0.472857, 0.668980, -0.573474, 0.037482, 0.634971, 0.771626),
      ["LeftUpperLeg"] = CFrame.new(-0.001311, -0.036190, -0.000003, 0.997377, 0.072367, -0.001387, -0.072380, 0.997192, -0.019211, -0.000007, 0.019261, 0.999815),
      ["LowerTorso"] = CFrame.new(0.000000, -1.537321, -0.498161, 1.000000, 0.000000, 0.000000, 0.000000, 0.004512, -0.999990, 0.000000, 0.999990, 0.004512),
      ["RightUpperArm"] = CFrame.new(0.082872, -0.075654, 0.162024, 0.885327, 0.317242, -0.339932, -0.458560, 0.716694, -0.525426, 0.076940, 0.621053, 0.779983),
      ["RightUpperLeg"] = CFrame.new(0.002485, -0.049791, -0.000006, 0.995029, -0.099564, 0.001908, 0.099582, 0.994844, -0.019178, 0.000011, 0.019272, 0.999814)
    }},
    { Time = 0.067, Data = {
      ["Balls"] = CFrame.new(-0.000000, -0.000005, 0.000000, 0.999852, -0.017177, 0.000000, 0.017177, 0.999852, 0.000000, 0.000000, 0.000000, 1.000000),
      ["Cock"] = CFrame.new(0.000000, 0.000000, 0.000000, 0.995662, 0.093040, 0.000000, -0.093040, 0.995662, -0.000000, -0.000000, 0.000000, 1.000000),
      ["Head"] = CFrame.new(0.000000, 0.000000, 0.000000, 1.000000, -0.000000, 0.000000, 0.000000, 0.911274, 0.411801, -0.000000, -0.411801, 0.911274),
      ["LeftUpperArm"] = CFrame.new(-0.100914, -0.088705, 0.165753, 0.879559, -0.387226, 0.276465, 0.474301, 0.667657, -0.573822, 0.037615, 0.635838, 0.770905),
      ["LeftUpperLeg"] = CFrame.new(-0.001311, -0.036190, 0.000003, 0.997377, 0.072367, -0.001375, -0.072380, 0.997199, -0.018866, 0.000006, 0.018916, 0.999821),
      ["LowerTorso"] = CFrame.new(0.000000, -1.537200, -0.498161, 1.000000, 0.000000, 0.000000, 0.000000, 0.004390, -0.999990, 0.000000, 0.999990, 0.004390),
      ["RightUpperArm"] = CFrame.new(0.082431, -0.076963, 0.161520, 0.884592, 0.317205, -0.341875, -0.459890, 0.715053, -0.526498, 0.077451, 0.622961, 0.778410),
      ["RightUpperLeg"] = CFrame.new(0.002485, -0.049791, 0.000005, 0.995029, -0.099565, 0.001886, 0.099582, 0.994853, -0.018747, -0.000010, 0.018841, 0.999822)
    }},
    { Time = 0.083, Data = {
      ["Balls"] = CFrame.new(-0.000000, -0.000005, 0.000000, 0.999881, -0.015451, 0.000000, 0.015451, 0.999881, 0.000000, 0.000000, 0.000000, 1.000000),
      ["Cock"] = CFrame.new(0.000000, 0.000000, 0.000000, 0.995638, 0.093299, 0.000000, -0.093299, 0.995638, -0.000000, -0.000000, 0.000000, 1.000000),
      ["Head"] = CFrame.new(0.000000, 0.000000, -0.000000, 1.000000, -0.000000, 0.000000, 0.000000, 0.910618, 0.413249, -0.000000, -0.413249, 0.910618),
      ["LeftUpperArm"] = CFrame.new(-0.100682, -0.089856, 0.165233, 0.878586, -0.388279, 0.278076, 0.476087, 0.665995, -0.574275, 0.037782, 0.636938, 0.769989),
      ["LeftUpperLeg"] = CFrame.new(-0.001311, -0.036190, 0.000012, 0.997377, 0.072367, -0.001356, -0.072380, 0.997208, -0.018349, 0.000024, 0.018399, 0.999831),
      ["LowerTorso"] = CFrame.new(0.000000, -1.536834, -0.498163, 1.000000, 0.000000, 0.000000, 0.000000, 0.004025, -0.999992, 0.000000, 0.999992, 0.004025),
      ["RightUpperArm"] = CFrame.new(0.081864, -0.078636, 0.160898, 0.883645, 0.317127, -0.344386, -0.461595, 0.712919, -0.527898, 0.078109, 0.625442, 0.776352),
      ["RightUpperLeg"] = CFrame.new(0.002485, -0.049791, 0.000016, 0.995029, -0.099565, 0.001865, 0.099582, 0.994861, -0.018316, -0.000032, 0.018410, 0.999831)
    }},
    { Time = 0.100, Data = {
      ["Balls"] = CFrame.new(-0.000000, -0.000005, 0.000000, 0.999905, -0.013811, 0.000000, 0.013811, 0.999905, 0.000000, 0.000000, 0.000000, 1.000000),
      ["Cock"] = CFrame.new(0.000000, 0.000000, 0.000000, 0.995606, 0.093643, 0.000000, -0.093643, 0.995606, -0.000000, -0.000000, 0.000000, 1.000000),
      ["Head"] = CFrame.new(0.000000, -0.000000, -0.000000, 1.000000, -0.000000, 0.000000, 0.000000, 0.909996, 0.414616, -0.000000, -0.414616, 0.909996),
      ["LeftUpperArm"] = CFrame.new(-0.100393, -0.091224, 0.164599, 0.877410, -0.389504, 0.280068, 0.478243, 0.664048, -0.574738, 0.037884, 0.638222, 0.768920),
      ["LeftUpperLeg"] = CFrame.new(-0.001311, -0.036190, -0.000022, 0.997377, 0.072368, -0.001251, -0.072379, 0.997218, -0.017834, -0.000043, 0.017878, 0.999840),
      ["LowerTorso"] = CFrame.new(0.000000, -1.536591, -0.498164, 1.000000, 0.000000, 0.000000, 0.000000, 0.003781, -0.999993, 0.000000, 0.999993, 0.003781),
      ["RightUpperArm"] = CFrame.new(0.081192, -0.080633, 0.160131, 0.882503, 0.317066, -0.347358, -0.463646, 0.710394, -0.529503, 0.078874, 0.628339, 0.773931),
      ["RightUpperLeg"] = CFrame.new(0.002485, -0.049791, -0.000012, 0.995029, -0.099566, 0.001749, 0.099582, 0.994872, -0.017716, 0.000024, 0.017803, 0.999842)
    }},
    { Time = 0.117, Data = {
      ["Balls"] = CFrame.new(-0.000000, -0.000005, 0.000000, 0.999925, -0.012257, 0.000000, 0.012257, 0.999925, 0.000000, 0.000000, 0.000000, 1.000000),
      ["Cock"] = CFrame.new(0.000000, 0.000000, 0.000000, 0.995573, 0.093987, 0.000000, -0.093987, 0.995573, -0.000000, -0.000000, 0.000000, 1.000000),
      ["Head"] = CFrame.new(0.000000, -0.000000, 0.000000, 1.000000, -0.000000, 0.000000, 0.000000, 0.909409, 0.415902, -0.000000, -0.415902, 0.909409),
      ["LeftUpperArm"] = CFrame.new(-0.100078, -0.092827, 0.163876, 0.875999, -0.390987, 0.282410, 0.480810, 0.661715, -0.575287, 0.038055, 0.639736, 0.767652),
      ["LeftUpperLeg"] = CFrame.new(-0.001311, -0.036190, -0.000009, 0.997377, 0.072369, -0.001226, -0.072379, 0.997230, -0.017144, -0.000018, 0.017188, 0.999852),
      ["LowerTorso"] = CFrame.new(0.000000, -1.536103, -0.498166, 1.000000, 0.000000, 0.000000, 0.000000, 0.003294, -0.999995, 0.000000, 0.999995, 0.003294),
      ["RightUpperArm"] = CFrame.new(0.080389, -0.082947, 0.159256, 0.881179, 0.316896, -0.350858, -0.465996, 0.707455, -0.531372, 0.079827, 0.631732, 0.771066),
      ["RightUpperLeg"] = CFrame.new(0.002485, -0.049791, 0.000003, 0.995029, -0.099567, 0.001718, 0.099582, 0.994882, -0.017113, -0.000006, 0.017199, 0.999852)
    }},
    { Time = 0.133, Data = {
      ["Balls"] = CFrame.new(-0.000000, -0.000005, 0.000000, 0.999941, -0.010876, 0.000000, 0.010876, 0.999941, 0.000000, 0.000000, 0.000000, 1.000000),
      ["Cock"] = CFrame.new(0.000000, -0.000000, 0.000000, 0.995533, 0.094417, 0.000000, -0.094417, 0.995533, -0.000000, -0.000000, 0.000000, 1.000000),
      ["Head"] = CFrame.new(0.000000, -0.000000, 0.000000, 1.000000, -0.000000, 0.000000, 0.000000, 0.908894, 0.417027, -0.000000, -0.417027, 0.908894),
      ["LeftUpperArm"] = CFrame.new(-0.099715, -0.094618, 0.163052, 0.874442, -0.392625, 0.284951, 0.483616, 0.659132, -0.575900, 0.038292, 0.641398, 0.766252),
      ["LeftUpperLeg"] = CFrame.new(-0.001311, -0.036190, 0.000003, 0.997377, 0.072369, -0.001201, -0.072379, 0.997241, -0.016454, 0.000007, 0.016498, 0.999864),
      ["LowerTorso"] = CFrame.new(0.000000, -1.535738, -0.498167, 1.000000, 0.000000, 0.000000, 0.000000, 0.002928, -0.999996, 0.000000, 0.999996, 0.002928),
      ["RightUpperArm"] = CFrame.new(0.079506, -0.085571, 0.158282, 0.879692, 0.316773, -0.354678, -0.468646, 0.704059, -0.533546, 0.080701, 0.635575, 0.767810),
      ["RightUpperLeg"] = CFrame.new(0.002485, -0.049791, 0.000022, 0.995029, -0.099568, 0.001680, 0.099582, 0.994895, -0.016337, -0.000045, 0.016423, 0.999865)
    }},
    { Time = 0.150, Data = {
      ["Balls"] = CFrame.new(-0.000000, -0.000005, 0.000000, 0.999954, -0.009582, 0.000000, 0.009582, 0.999954, 0.000000, 0.000000, 0.000000, 1.000000),
      ["Cock"] = CFrame.new(0.000000, 0.000000, 0.000000, 0.995492, 0.094847, 0.000000, -0.094847, 0.995492, -0.000000, -0.000000, 0.000000, 1.000000),
      ["Head"] = CFrame.new(0.000000, 0.000000, 0.000000, 1.000000, -0.000000, 0.000000, 0.000000, 0.908415, 0.418070, -0.000000, -0.418070, 0.908415),
      ["LeftUpperArm"] = CFrame.new(-0.099303, -0.096601, 0.162165, 0.872726, -0.394369, 0.287789, 0.486686, 0.656238, -0.576618, 0.038543, 0.643292, 0.764650),
      ["LeftUpperLeg"] = CFrame.new(-0.001311, -0.036190, 0.000019, 0.997377, 0.072370, -0.001170, -0.072379, 0.997255, -0.015592, 0.000038, 0.015635, 0.999878),
      ["LowerTorso"] = CFrame.new(0.000000, -1.535250, -0.498168, 1.000000, 0.000000, 0.000000, 0.000000, 0.002440, -0.999997, 0.000000, 0.999997, 0.002440),
      ["RightUpperArm"] = CFrame.new(0.078500, -0.088425, 0.157183, 0.878053, 0.316504, -0.358954, -0.471512, 0.700440, -0.535780, 0.081849, 0.639695, 0.764259),
      ["RightUpperLeg"] = CFrame.new(0.002485, -0.049790, -0.000001, 0.995029, -0.099569, 0.001555, 0.099581, 0.994908, -0.015566, 0.000003, 0.015643, 0.999878)
    }},
    { Time = 0.167, Data = {
      ["Balls"] = CFrame.new(-0.000000, -0.000005, 0.000000, 0.999963, -0.008546, 0.000000, 0.008546, 0.999963, 0.000000, 0.000000, 0.000000, 1.000000),
      ["Cock"] = CFrame.new(0.000000, 0.000000, 0.000000, 0.995443, 0.095363, 0.000000, -0.095363, 0.995443, -0.000000, -0.000000, 0.000000, 1.000000),
      ["Head"] = CFrame.new(0.000000, -0.000000, 0.000000, 1.000000, -0.000000, 0.000000, 0.000000, 0.908008, 0.418953, -0.000000, -0.418953, 0.908008),
      ["LeftUpperArm"] = CFrame.new(-0.098883, -0.098744, 0.161188, 0.870817, -0.396348, 0.290836, 0.490068, 0.653102, -0.577314, 0.038871, 0.645264, 0.762970),
      ["LeftUpperLeg"] = CFrame.new(-0.001311, -0.036189, -0.000008, 0.997377, 0.072371, -0.001052, -0.072379, 0.997268, -0.014732, -0.000017, 0.014770, 0.999891),
      ["LowerTorso"] = CFrame.new(0.000000, -1.534762, -0.498169, 1.000000, 0.000000, 0.000000, 0.000000, 0.001952, -0.999998, 0.000000, 0.999998, 0.001952),
      ["RightUpperArm"] = CFrame.new(0.077433, -0.091539, 0.156011, 0.876245, 0.316288, -0.363534, -0.474677, 0.696406, -0.538238, 0.082929, 0.644190, 0.760357),
      ["RightUpperLeg"] = CFrame.new(0.002485, -0.049790, 0.000020, 0.995029, -0.099570, 0.001512, 0.099581, 0.994921, -0.014704, -0.000040, 0.014781, 0.999891)
    }},
    { Time = 0.183, Data = {
      ["Balls"] = CFrame.new(-0.000000, -0.000005, 0.000000, 0.999970, -0.007683, 0.000000, 0.007683, 0.999970, 0.000000, 0.000000, 0.000000, 1.000000),
      ["Cock"] = CFrame.new(0.000000, 0.000000, 0.000000, 0.995393, 0.095879, 0.000000, -0.095879, 0.995393, -0.000000, -0.000000, 0.000000, 1.000000),
      ["Head"] = CFrame.new(0.000000, 0.000000, 0.000000, 1.000000, -0.000000, 0.000000, 0.000000, 0.907637, 0.419756, -0.000000, -0.419756, 0.907637),
      ["LeftUpperArm"] = CFrame.new(-0.098400, -0.101001, 0.160145, 0.868827, -0.398311, 0.294089, 0.493569, 0.649850, -0.578001, 0.039110, 0.647336, 0.761201),
      ["LeftUpperLeg"] = CFrame.new(-0.001311, -0.036189, 0.000007, 0.997377, 0.072371, -0.001021, -0.072379, 0.997281, -0.013870, 0.000014, 0.013907, 0.999903),
      ["LowerTorso"] = CFrame.new(0.000000, -1.534153, -0.498170, 1.000000, 0.000000, 0.000000, 0.000000, 0.001343, -0.999999, 0.000000, 0.999999, 0.001343),
      ["RightUpperArm"] = CFrame.new(0.076290, -0.094828, 0.154733, 0.874339, 0.316021, -0.368323, -0.477979, 0.692195, -0.540742, 0.084065, 0.648843, 0.756265),
      ["RightUpperLeg"] = CFrame.new(0.002485, -0.049790, -0.000002, 0.995030, -0.099571, 0.001383, 0.099580, 0.994933, -0.013846, 0.000003, 0.013915, 0.999903)
    }},
    { Time = 0.200, Data = {
      ["Balls"] = CFrame.new(-0.000000, -0.000005, 0.000000, 0.999976, -0.006992, 0.000000, 0.006992, 0.999976, 0.000000, 0.000000, 0.000000, 1.000000),
      ["Cock"] = CFrame.new(0.000000, -0.000000, 0.000000, 0.995335, 0.096482, 0.000000, -0.096482, 0.995335, -0.000000, -0.000000, 0.000000, 1.000000),
      ["Head"] = CFrame.new(0.000000, 0.000000, 0.000000, 1.000000, -0.000000, 0.000000, 0.000000, 0.907377, 0.420317, -0.000000, -0.420317, 0.907377),
      ["LeftUpperArm"] = CFrame.new(-0.097915, -0.103393, 0.159058, 0.866692, -0.400447, 0.297467, 0.497276, 0.646334, -0.578765, 0.039502, 0.649534, 0.759305),
      ["LeftUpperLeg"] = CFrame.new(-0.001311, -0.036189, -0.000017, 0.997377, 0.072372, -0.000897, -0.072378, 0.997295, -0.012838, -0.000034, 0.012869, 0.999917),
      ["LowerTorso"] = CFrame.new(0.000000, -1.533664, -0.498171, 1.000000, 0.000000, 0.000000, 0.000000, 0.000854, -1.000000, 0.000000, 1.000000, 0.000854),
      ["RightUpperArm"] = CFrame.new(0.075065, -0.098298, 0.153417, 0.872312, 0.315634, -0.373426, -0.481455, 0.687689, -0.543402, 0.085285, 0.653803, 0.751843),
      ["RightUpperLeg"] = CFrame.new(0.002485, -0.049789, -0.000019, 0.995030, -0.099572, 0.001245, 0.099580, 0.994947, -0.012816, 0.000038, 0.012876, 0.999917)
    }},
    { Time = 0.217, Data = {
      ["Balls"] = CFrame.new(-0.000000, -0.000006, 0.000000, 0.999979, -0.006474, 0.000000, 0.006474, 0.999979, 0.000000, 0.000000, 0.000000, 1.000000),
      ["Cock"] = CFrame.new(0.000000, -0.000000, 0.000000, 0.995285, 0.096998, 0.000000, -0.096998, 0.995285, -0.000000, -0.000000, 0.000000, 1.000000),
      ["Head"] = CFrame.new(0.000000, 0.000000, -0.000000, 1.000000, -0.000000, 0.000000, 0.000000, 0.907191, 0.420718, -0.000000, -0.420718, 0.907191),
      ["LeftUpperArm"] = CFrame.new(-0.097388, -0.105869, 0.157941, 0.864472, -0.402563, 0.301050, 0.501102, 0.642696, -0.579516, 0.039808, 0.651833, 0.757317),
      ["LeftUpperLeg"] = CFrame.new(-0.001311, -0.036189, -0.000000, 0.997377, 0.072373, -0.000863, -0.072378, 0.997306, -0.011889, -0.000000, 0.011920, 0.999929),
      ["LowerTorso"] = CFrame.new(0.000000, -1.533053, -0.498171, 1.000000, 0.000000, 0.000000, 0.000000, 0.000244, -1.000000, 0.000000, 1.000000, 0.000244),
      ["RightUpperArm"] = CFrame.new(0.073798, -0.101882, 0.152028, 0.870203, 0.315237, -0.378644, -0.485040, 0.683054, -0.546052, 0.086499, 0.658834, 0.747299),
      ["RightUpperLeg"] = CFrame.new(0.002485, -0.049790, 0.000005, 0.995030, -0.099573, 0.001197, 0.099580, 0.994959, -0.011867, -0.000010, 0.011928, 0.999929)
    }},
    { Time = 0.233, Data = {
      ["Balls"] = CFrame.new(-0.000000, -0.000006, 0.000000, 0.999981, -0.006129, 0.000000, 0.006129, 0.999981, 0.000000, 0.000000, 0.000000, 1.000000),
      ["Cock"] = CFrame.new(0.000000, 0.000000, 0.000000, 0.995226, 0.097600, 0.000000, -0.097600, 0.995226, -0.000000, -0.000000, 0.000000, 1.000000),
      ["Head"] = CFrame.new(0.000000, 0.000000, 0.000000, 1.000000, -0.000000, 0.000000, 0.000000, 0.907080, 0.420959, -0.000000, -0.420959, 0.907080),
      ["LeftUpperArm"] = CFrame.new(-0.096851, -0.108396, 0.156783, 0.862189, -0.404733, 0.304666, 0.504992, 0.638993, -0.580234, 0.040160, 0.654125, 0.755319),
      ["LeftUpperLeg"] = CFrame.new(-0.001311, -0.036189, 0.000019, 0.997377, 0.072373, -0.000825, -0.072378, 0.997318, -0.010854, 0.000037, 0.010885, 0.999941),
      ["LowerTorso"] = CFrame.new(0.000000, -1.532809, -0.498171, 1.000000, 0.000000, 0.000000, 0.000000, 0.000000, -1.000000, 0.000000, 1.000000, 0.000000),
      ["RightUpperArm"] = CFrame.new(0.072496, -0.105568, 0.150614, 0.868012, 0.314810, -0.383992, -0.488740, 0.678231, -0.548759, 0.087681, 0.664001, 0.742573),
      ["RightUpperLeg"] = CFrame.new(0.002485, -0.049790, -0.000012, 0.995030, -0.099574, 0.001059, 0.099579, 0.994971, -0.010837, 0.000025, 0.010889, 0.999941)
    }},
    { Time = 0.250, Data = {
      ["Balls"] = CFrame.new(-0.000000, -0.000004, 0.000000, 0.999982, -0.006043, 0.000000, 0.006043, 0.999982, 0.000000, 0.000000, 0.000000, 1.000000),
      ["Cock"] = CFrame.new(0.000000, -0.000000, 0.000000, 0.995167, 0.098202, 0.000000, -0.098202, 0.995167, -0.000000, -0.000000, 0.000000, 1.000000),
      ["Head"] = CFrame.new(0.000000, 0.000000, 0.000000, 1.000000, -0.000000, 0.000000, 0.000000, 0.907043, 0.421039, -0.000000, -0.421039, 0.907043),
      ["LeftUpperArm"] = CFrame.new(-0.096293, -0.110961, 0.155622, 0.859887, -0.406870, 0.308305, 0.508872, 0.635208, -0.580999, 0.040553, 0.656481, 0.753252),
      ["LeftUpperLeg"] = CFrame.new(-0.001311, -0.036189, -0.000006, 0.997377, 0.072374, -0.000701, -0.072377, 0.997329, -0.009822, -0.000011, 0.009847, 0.999952),
      ["LowerTorso"] = CFrame.new(0.000000, -1.531833, -0.498171, 1.000000, 0.000000, 0.000000, 0.000000, -0.000976, -1.000000, 0.000000, 1.000000, -0.000976),
      ["RightUpperArm"] = CFrame.new(0.071166, -0.109306, 0.149182, 0.865798, 0.314324, -0.389351, -0.492450, 0.673312, -0.551492, 0.088807, 0.669217, 0.737741),
      ["RightUpperLeg"] = CFrame.new(0.002485, -0.049789, 0.000013, 0.995030, -0.099574, 0.001008, 0.099579, 0.994981, -0.009803, -0.000027, 0.009854, 0.999951)
    }},
    { Time = 0.267, Data = {
      ["Balls"] = CFrame.new(-0.000000, -0.000006, 0.000000, 0.999981, -0.006129, 0.000000, 0.006129, 0.999981, 0.000000, 0.000000, 0.000000, 1.000000),
      ["Cock"] = CFrame.new(0.000000, -0.000000, 0.000000, 0.995107, 0.098804, 0.000000, -0.098804, 0.995107, -0.000000, -0.000000, 0.000000, 1.000000),
      ["Head"] = CFrame.new(0.000000, 0.000000, 0.000000, 1.000000, -0.000000, 0.000000, 0.000000, 0.907080, 0.420959, -0.000000, -0.420959, 0.907080),
      ["LeftUpperArm"] = CFrame.new(-0.095753, -0.113528, 0.154442, 0.857520, -0.409075, 0.311958, 0.512817, 0.631417, -0.581663, 0.040968, 0.658765, 0.751233),
      ["LeftUpperLeg"] = CFrame.new(-0.001311, -0.036189, 0.000013, 0.997377, 0.072374, -0.000664, -0.072377, 0.997339, -0.008786, 0.000026, 0.008811, 0.999961),
      ["LowerTorso"] = CFrame.new(0.000000, -1.531224, -0.498170, 1.000000, 0.000000, 0.000000, 0.000000, -0.001586, -0.999999, 0.000000, 0.999999, -0.001586),
      ["RightUpperArm"] = CFrame.new(0.069822, -0.113039, 0.147731, 0.863537, 0.313786, -0.394767, -0.496188, 0.668414, -0.554094, 0.090001, 0.674360, 0.732897),
      ["RightUpperLeg"] = CFrame.new(0.002485, -0.049789, -0.000004, 0.995030, -0.099575, 0.000870, 0.099579, 0.994991, -0.008772, 0.000008, 0.008815, 0.999961)
    }},
    { Time = 0.283, Data = {
      ["Balls"] = CFrame.new(-0.000000, -0.000005, 0.000000, 0.999979, -0.006474, 0.000000, 0.006474, 0.999979, 0.000000, 0.000000, 0.000000, 1.000000),
      ["Cock"] = CFrame.new(0.000000, -0.000000, 0.000000, 0.995047, 0.099406, 0.000000, -0.099406, 0.995047, -0.000000, -0.000000, 0.000000, 1.000000),
      ["Head"] = CFrame.new(0.000000, 0.000000, -0.000000, 1.000000, -0.000000, 0.000000, 0.000000, 0.907191, 0.420718, -0.000000, -0.420718, 0.907191),
      ["LeftUpperArm"] = CFrame.new(-0.095206, -0.116088, 0.153294, 0.855191, -0.411206, 0.315529, 0.516652, 0.627587, -0.582413, 0.041470, 0.661093, 0.749157),
      ["LeftUpperLeg"] = CFrame.new(-0.001311, -0.036189, -0.000011, 0.997377, 0.072375, -0.000540, -0.072377, 0.997347, -0.007754, -0.000023, 0.007773, 0.999970),
      ["LowerTorso"] = CFrame.new(0.000000, -1.530613, -0.498169, 1.000000, 0.000000, 0.000000, 0.000000, -0.002196, -0.999998, 0.000000, 0.999998, -0.002196),
      ["RightUpperArm"] = CFrame.new(0.068476, -0.116729, 0.146283, 0.861315, 0.313187, -0.400062, -0.499829, 0.663576, -0.556630, 0.091142, 0.679397, 0.728089),
      ["RightUpperLeg"] = CFrame.new(0.002485, -0.049789, 0.000022, 0.995030, -0.099576, 0.000818, 0.099579, 0.995000, -0.007738, -0.000044, 0.007781, 0.999970)
    }},
    { Time = 0.300, Data = {
      ["Balls"] = CFrame.new(-0.000000, -0.000005, 0.000000, 0.999976, -0.006992, 0.000000, 0.006992, 0.999976, 0.000000, 0.000000, 0.000000, 1.000000),
      ["Cock"] = CFrame.new(0.000000, 0.000000, 0.000000, 0.994995, 0.099922, 0.000000, -0.099922, 0.994995, -0.000000, -0.000000, 0.000000, 1.000000),
      ["Head"] = CFrame.new(0.000000, 0.000000, 0.000000, 1.000000, -0.000000, 0.000000, 0.000000, 0.907377, 0.420317, -0.000000, -0.420317, 0.907377),
      ["LeftUpperArm"] = CFrame.new(-0.094641, -0.118565, 0.152154, 0.852919, -0.413176, 0.319086, 0.520368, 0.623945, -0.583018, 0.041797, 0.663309, 0.747178),
      ["LeftUpperLeg"] = CFrame.new(-0.001311, -0.036189, 0.000006, 0.997377, 0.072375, -0.000506, -0.072377, 0.997354, -0.006806, 0.000012, 0.006824, 0.999977),
      ["LowerTorso"] = CFrame.new(0.000000, -1.530004, -0.498167, 1.000000, 0.000000, 0.000000, 0.000000, -0.002806, -0.999996, 0.000000, 0.999996, -0.002806),
      ["RightUpperArm"] = CFrame.new(0.067159, -0.120360, 0.144869, 0.859095, 0.312602, -0.405261, -0.503444, 0.658763, -0.559085, 0.092199, 0.684333, 0.723317),
      ["RightUpperLeg"] = CFrame.new(0.002485, -0.049789, 0.000002, 0.995030, -0.099576, 0.000685, 0.099579, 0.995007, -0.006794, -0.000005, 0.006828, 0.999977)
    }},
    { Time = 0.317, Data = {
      ["Balls"] = CFrame.new(-0.000000, -0.000005, 0.000000, 0.999970, -0.007683, 0.000000, 0.007683, 0.999970, 0.000000, 0.000000, 0.000000, 1.000000),
      ["Cock"] = CFrame.new(0.000000, -0.000000, 0.000000, 0.994935, 0.100524, 0.000000, -0.100524, 0.994935, -0.000000, -0.000000, 0.000000, 1.000000),
      ["Head"] = CFrame.new(0.000000, 0.000000, 0.000000, 1.000000, -0.000000, 0.000000, 0.000000, 0.907637, 0.419756, -0.000000, -0.419756, 0.907637),
      ["LeftUpperArm"] = CFrame.new(-0.094129, -0.120980, 0.151044, 0.850655, -0.415208, 0.322473, 0.524022, 0.620342, -0.583589, 0.042267, 0.665416, 0.745276),
      ["LeftUpperLeg"] = CFrame.new(-0.001311, -0.036188, -0.000020, 0.997377, 0.072376, -0.000385, -0.072377, 0.997360, -0.005860, -0.000040, 0.005872, 0.999983),
      ["LowerTorso"] = CFrame.new(0.000000, -1.529394, -0.498165, 1.000000, 0.000000, 0.000000, 0.000000, -0.003415, -0.999994, 0.000000, 0.999994, -0.003415),
      ["RightUpperArm"] = CFrame.new(0.065881, -0.123879, 0.143497, 0.856939, 0.312013, -0.410247, -0.506929, 0.654074, -0.561436, 0.093156, 0.689083, 0.718670),
      ["RightUpperLeg"] = CFrame.new(0.002485, -0.049789, -0.000017, 0.995030, -0.099577, 0.000551, 0.099578, 0.995013, -0.005850, 0.000034, 0.005875, 0.999983)
    }},
    { Time = 0.333, Data = {
      ["Balls"] = CFrame.new(-0.000000, -0.000005, 0.000000, 0.999963, -0.008546, 0.000000, 0.008546, 0.999963, 0.000000, 0.000000, 0.000000, 1.000000),
      ["Cock"] = CFrame.new(0.000000, -0.000000, 0.000000, 0.994882, 0.101040, 0.000000, -0.101040, 0.994882, -0.000000, -0.000000, 0.000000, 1.000000),
      ["Head"] = CFrame.new(0.000000, -0.000000, 0.000000, 1.000000, -0.000000, 0.000000, 0.000000, 0.908008, 0.418953, -0.000000, -0.418953, 0.908008),
      ["LeftUpperArm"] = CFrame.new(-0.093604, -0.123297, 0.150010, 0.848510, -0.417011, 0.325779, 0.527457, 0.616857, -0.584189, 0.042655, 0.667525, 0.743365),
      ["LeftUpperLeg"] = CFrame.new(-0.001311, -0.036188, -0.000003, 0.997377, 0.072376, -0.000351, -0.072377, 0.997365, -0.004911, -0.000006, 0.004923, 0.999988),
      ["LowerTorso"] = CFrame.new(0.000000, -1.528785, -0.498163, 1.000000, 0.000000, 0.000000, 0.000000, -0.004025, -0.999992, 0.000000, 0.999992, -0.004025),
      ["RightUpperArm"] = CFrame.new(0.064644, -0.127217, 0.142161, 0.854892, 0.311391, -0.414964, -0.510201, 0.649673, -0.563578, 0.094098, 0.693513, 0.714272),
      ["RightUpperLeg"] = CFrame.new(0.002485, -0.049789, 0.000007, 0.995030, -0.099577, 0.000504, 0.099578, 0.995018, -0.004901, -0.000013, 0.004927, 0.999988)
    }},
    { Time = 0.350, Data = {
      ["Balls"] = CFrame.new(-0.000000, -0.000005, 0.000000, 0.999954, -0.009582, 0.000000, 0.009582, 0.999954, 0.000000, 0.000000, 0.000000, 1.000000),
      ["Cock"] = CFrame.new(0.000000, -0.000000, 0.000000, 0.994830, 0.101556, 0.000000, -0.101556, 0.994830, -0.000000, -0.000000, 0.000000, 1.000000),
      ["Head"] = CFrame.new(0.000000, 0.000000, 0.000000, 1.000000, -0.000000, 0.000000, 0.000000, 0.908415, 0.418070, -0.000000, -0.418070, 0.908415),
      ["LeftUpperArm"] = CFrame.new(-0.093126, -0.125465, 0.149008, 0.846469, -0.418771, 0.328818, 0.530693, 0.613626, -0.584660, 0.043067, 0.669398, 0.741654),
      ["LeftUpperLeg"] = CFrame.new(-0.001311, -0.036189, 0.000013, 0.997377, 0.072376, -0.000319, -0.072377, 0.997369, -0.004048, 0.000026, 0.004061, 0.999992),
      ["LowerTorso"] = CFrame.new(0.000000, -1.528298, -0.498161, 1.000000, 0.000000, 0.000000, 0.000000, -0.004512, -0.999990, 0.000000, 0.999990, -0.004512),
      ["RightUpperArm"] = CFrame.new(0.063472, -0.130393, 0.140924, 0.852916, 0.310774, -0.419469, -0.513342, 0.645405, -0.565625, 0.094946, 0.697762, 0.710010),
      ["RightUpperLeg"] = CFrame.new(0.002485, -0.049789, -0.000015, 0.995030, -0.099577, 0.000375, 0.099578, 0.995022, -0.004043, 0.000030, 0.004061, 0.999992)
    }},
    { Time = 0.367, Data = {
      ["Balls"] = CFrame.new(-0.000000, -0.000005, 0.000000, 0.999941, -0.010876, 0.000000, 0.010876, 0.999941, 0.000000, 0.000000, 0.000000, 1.000000),
      ["Cock"] = CFrame.new(0.000000, 0.000000, 0.000000, 0.994786, 0.101986, 0.000000, -0.101986, 0.994786, -0.000000, -0.000000, 0.000000, 1.000000),
      ["Head"] = CFrame.new(0.000000, -0.000000, 0.000000, 1.000000, -0.000000, 0.000000, 0.000000, 0.908894, 0.417027, -0.000000, -0.417027, 0.908894),
      ["LeftUpperArm"] = CFrame.new(-0.092671, -0.127489, 0.148093, 0.844566, -0.420355, 0.331678, 0.533686, 0.610579, -0.585126, 0.043445, 0.671190, 0.740012),
      ["LeftUpperLeg"] = CFrame.new(-0.001311, -0.036188, -0.000016, 0.997377, 0.072376, -0.000205, -0.072377, 0.997372, -0.003275, -0.000033, 0.003281, 0.999995),
      ["LowerTorso"] = CFrame.new(0.000000, -1.527810, -0.498159, 1.000000, 0.000000, 0.000000, 0.000000, -0.004999, -0.999987, 0.000000, 0.999987, -0.004999),
      ["RightUpperArm"] = CFrame.new(0.062383, -0.133323, 0.139755, 0.851078, 0.310188, -0.423615, -0.516237, 0.641498, -0.567433, 0.095737, 0.701616, 0.706095),
      ["RightUpperLeg"] = CFrame.new(0.002485, -0.049789, 0.000004, 0.995030, -0.099578, 0.000336, 0.099578, 0.995024, -0.003268, -0.000009, 0.003285, 0.999995)
    }},
    { Time = 0.383, Data = {
      ["Balls"] = CFrame.new(-0.000000, -0.000005, 0.000000, 0.999925, -0.012257, 0.000000, 0.012257, 0.999925, 0.000000, 0.000000, 0.000000, 1.000000),
      ["Cock"] = CFrame.new(0.000000, -0.000000, 0.000000, 0.994742, 0.102416, 0.000000, -0.102416, 0.994742, -0.000000, -0.000000, 0.000000, 1.000000),
      ["Head"] = CFrame.new(0.000000, 0.000000, 0.000000, 1.000000, -0.000000, 0.000000, 0.000000, 0.909409, 0.415902, -0.000000, -0.415902, 0.909409),
      ["LeftUpperArm"] = CFrame.new(-0.092243, -0.129325, 0.147261, 0.842864, -0.421744, 0.334234, 0.536341, 0.607825, -0.585566, 0.043803, 0.672816, 0.738512),
      ["LeftUpperLeg"] = CFrame.new(-0.001311, -0.036188, -0.000002, 0.997377, 0.072376, -0.000177, -0.072377, 0.997374, -0.002499, -0.000004, 0.002505, 0.999997),
      ["LowerTorso"] = CFrame.new(0.000000, -1.527445, -0.498157, 1.000000, 0.000000, 0.000000, 0.000000, -0.005364, -0.999986, 0.000000, 0.999986, -0.005364),
      ["RightUpperArm"] = CFrame.new(0.061391, -0.136001, 0.138694, 0.849407, 0.309653, -0.427343, -0.518863, 0.637894, -0.569097, 0.096377, 0.705128, 0.702500),
      ["RightUpperLeg"] = CFrame.new(0.002485, -0.049789, -0.000019, 0.995030, -0.099578, 0.000211, 0.099578, 0.995027, -0.002496, 0.000039, 0.002505, 0.999997)
    }},
    { Time = 0.400, Data = {
      ["Balls"] = CFrame.new(-0.000000, -0.000005, 0.000000, 0.999905, -0.013811, 0.000000, 0.013811, 0.999905, 0.000000, 0.000000, 0.000000, 1.000000),
      ["Cock"] = CFrame.new(0.000000, -0.000000, 0.000000, 0.994706, 0.102760, 0.000000, -0.102760, 0.994706, -0.000000, -0.000000, 0.000000, 1.000000),
      ["Head"] = CFrame.new(0.000000, -0.000000, -0.000000, 1.000000, -0.000000, 0.000000, 0.000000, 0.909996, 0.414616, -0.000000, -0.414616, 0.909996),
      ["LeftUpperArm"] = CFrame.new(-0.091875, -0.130957, 0.146505, 0.841321, -0.423027, 0.336493, 0.538731, 0.605383, -0.585902, 0.044146, 0.674210, 0.737219),
      ["LeftUpperLeg"] = CFrame.new(-0.001311, -0.036188, 0.000009, 0.997377, 0.072377, -0.000155, -0.072377, 0.997376, -0.001895, 0.000017, 0.001901, 0.999998),
      ["LowerTorso"] = CFrame.new(0.000000, -1.527080, -0.498155, 1.000000, 0.000000, 0.000000, 0.000000, -0.005730, -0.999984, 0.000000, 0.999984, -0.005730),
      ["RightUpperArm"] = CFrame.new(0.060485, -0.138381, 0.137747, 0.847923, 0.309091, -0.430686, -0.521169, 0.634703, -0.570556, 0.097004, 0.708248, 0.699268),
      ["RightUpperLeg"] = CFrame.new(0.002485, -0.049789, -0.000004, 0.995030, -0.099578, 0.000181, 0.099578, 0.995028, -0.001892, 0.000008, 0.001901, 0.999998)
    }},
    { Time = 0.417, Data = {
      ["Balls"] = CFrame.new(-0.000000, -0.000004, 0.000000, 0.999881, -0.015451, 0.000000, 0.015451, 0.999881, 0.000000, 0.000000, 0.000000, 1.000000),
      ["Cock"] = CFrame.new(0.000000, -0.000000, 0.000000, 0.994671, 0.103103, 0.000000, -0.103103, 0.994671, -0.000000, -0.000000, 0.000000, 1.000000),
      ["Head"] = CFrame.new(0.000000, 0.000000, 0.000000, 1.000000, -0.000000, 0.000000, 0.000000, 0.910618, 0.413249, -0.000000, -0.413249, 0.910618),
      ["LeftUpperArm"] = CFrame.new(-0.091544, -0.132376, 0.145863, 0.839971, -0.424090, 0.338522, 0.540813, 0.603241, -0.586192, 0.044388, 0.675462, 0.736058),
      ["LeftUpperLeg"] = CFrame.new(-0.001311, -0.036188, 0.000020, 0.997377, 0.072377, -0.000133, -0.072377, 0.997377, -0.001291, 0.000039, 0.001297, 0.999999),
      ["LowerTorso"] = CFrame.new(0.000000, -1.526715, -0.498153, 1.000000, 0.000000, 0.000000, 0.000000, -0.006095, -0.999981, 0.000000, 0.999981, -0.006095),
      ["RightUpperArm"] = CFrame.new(0.059713, -0.140455, 0.136930, 0.846638, 0.308647, -0.433522, -0.523173, 0.631889, -0.571845, 0.097440, 0.710953, 0.696456),
      ["RightUpperLeg"] = CFrame.new(0.002485, -0.049789, 0.000011, 0.995030, -0.099578, 0.000151, 0.099578, 0.995029, -0.001289, -0.000022, 0.001298, 0.999999)
    }},
    { Time = 0.433, Data = {
      ["Balls"] = CFrame.new(-0.000000, -0.000004, 0.000000, 0.999852, -0.017177, 0.000000, 0.017177, 0.999852, 0.000000, 0.000000, 0.000000, 1.000000),
      ["Cock"] = CFrame.new(0.000000, 0.000000, 0.000000, 0.994644, 0.103361, 0.000000, -0.103361, 0.994644, -0.000000, -0.000000, 0.000000, 1.000000),
      ["Head"] = CFrame.new(0.000000, 0.000000, 0.000000, 1.000000, -0.000000, 0.000000, 0.000000, 0.911274, 0.411801, -0.000000, -0.411801, 0.911274),
      ["LeftUpperArm"] = CFrame.new(-0.091278, -0.133557, 0.145318, 0.838845, -0.425015, 0.340148, 0.542535, 0.601464, -0.586427, 0.044653, 0.676464, 0.735121),
      ["LeftUpperLeg"] = CFrame.new(-0.001311, -0.036188, -0.000016, 0.997377, 0.072377, -0.000031, -0.072377, 0.997377, -0.000863, -0.000031, 0.000863, 1.000000),
      ["LowerTorso"] = CFrame.new(0.000000, -1.526350, -0.498150, 1.000000, 0.000000, 0.000000, 0.000000, -0.006460, -0.999979, 0.000000, 0.999979, -0.006460),
      ["RightUpperArm"] = CFrame.new(0.059056, -0.142163, 0.136231, 0.845546, 0.308228, -0.435945, -0.524846, 0.629621, -0.572812, 0.097923, 0.713143, 0.694146),
      ["RightUpperLeg"] = CFrame.new(0.002485, -0.049789, -0.000022, 0.995030, -0.099578, 0.000043, 0.099578, 0.995029, -0.000862, 0.000043, 0.000862, 1.000000)
    }},
    { Time = 0.450, Data = {
      ["Balls"] = CFrame.new(-0.000000, -0.000004, 0.000000, 0.999820, -0.018990, 0.000000, 0.018990, 0.999820, 0.000000, 0.000000, 0.000000, 1.000000),
      ["Cock"] = CFrame.new(0.000000, -0.000000, 0.000000, 0.994617, 0.103619, 0.000000, -0.103619, 0.994617, -0.000000, -0.000000, 0.000000, 1.000000),
      ["Head"] = CFrame.new(0.000000, 0.000000, -0.000000, 1.000000, -0.000000, 0.000000, 0.000000, 0.911963, 0.410272, -0.000000, -0.410272, 0.911963),
      ["LeftUpperArm"] = CFrame.new(-0.091067, -0.134492, 0.144888, 0.837918, -0.425740, 0.341524, 0.543955, 0.600054, -0.586557, 0.044788, 0.677260, 0.734379),
      ["LeftUpperLeg"] = CFrame.new(-0.001311, -0.036189, -0.000009, 0.997377, 0.072377, -0.000019, -0.072377, 0.997377, -0.000518, -0.000019, 0.000518, 1.000000),
      ["LowerTorso"] = CFrame.new(0.000000, -1.526228, -0.498150, 1.000000, 0.000000, 0.000000, 0.000000, -0.006581, -0.999978, 0.000000, 0.999978, -0.006581),
      ["RightUpperArm"] = CFrame.new(0.058548, -0.143534, 0.135693, 0.844660, 0.307938, -0.437863, -0.526214, 0.627740, -0.573620, 0.098225, 0.714924, 0.692268),
      ["RightUpperLeg"] = CFrame.new(0.002485, -0.049789, -0.000013, 0.995030, -0.099578, 0.000026, 0.099578, 0.995030, -0.000517, 0.000026, 0.000517, 1.000000)
    }},
    { Time = 0.467, Data = {
      ["Balls"] = CFrame.new(-0.000000, -0.000004, 0.000000, 0.999782, -0.020889, 0.000000, 0.020889, 0.999782, 0.000000, 0.000000, 0.000000, 1.000000),
      ["Cock"] = CFrame.new(0.000000, -0.000000, 0.000000, 0.994608, 0.103705, 0.000000, -0.103705, 0.994608, -0.000000, -0.000000, 0.000000, 1.000000),
      ["Head"] = CFrame.new(0.000000, 0.000000, -0.000000, 1.000000, -0.000000, 0.000000, 0.000000, 0.912686, 0.408661, -0.000000, -0.408661, 0.912686),
      ["LeftUpperArm"] = CFrame.new(-0.090918, -0.135176, 0.144583, 0.837282, -0.426279, 0.342411, 0.544916, 0.598999, -0.586743, 0.045012, 0.677854, 0.733817),
      ["LeftUpperLeg"] = CFrame.new(-0.001311, -0.036189, -0.000003, 0.997377, 0.072377, -0.000006, -0.072377, 0.997377, -0.000173, -0.000006, 0.000173, 1.000000),
      ["LowerTorso"] = CFrame.new(0.000000, -1.525984, -0.498148, 1.000000, 0.000000, 0.000000, 0.000000, -0.006825, -0.999977, 0.000000, 0.999977, -0.006825),
      ["RightUpperArm"] = CFrame.new(0.058169, -0.144506, 0.135292, 0.844064, 0.307681, -0.439191, -0.527125, 0.626455, -0.574189, 0.098467, 0.716161, 0.690954),
      ["RightUpperLeg"] = CFrame.new(0.002485, -0.049789, -0.000004, 0.995030, -0.099578, 0.000009, 0.099578, 0.995030, -0.000172, 0.000009, 0.000172, 1.000000)
    }},
    { Time = 0.483, Data = {
      ["Balls"] = CFrame.new(-0.000000, -0.000004, 0.000000, 0.999740, -0.022788, 0.000000, 0.022788, 0.999740, 0.000000, 0.000000, 0.000000, 1.000000),
      ["Cock"] = CFrame.new(0.000000, -0.000000, 0.000000, 0.994599, 0.103791, 0.000000, -0.103791, 0.994599, -0.000000, -0.000000, 0.000000, 1.000000),
      ["Head"] = CFrame.new(0.000000, -0.000000, 0.000000, 1.000000, -0.000000, 0.000000, 0.000000, 0.913406, 0.407050, -0.000000, -0.407050, 0.913406),
      ["LeftUpperArm"] = CFrame.new(-0.090819, -0.135573, 0.144390, 0.836894, -0.426568, 0.342997, 0.545508, 0.598424, -0.586779, 0.045044, 0.678180, 0.733514),
      ["LeftUpperLeg"] = CFrame.new(-0.001311, -0.036188, -0.000002, 0.997377, 0.072377, -0.000003, -0.072377, 0.997377, -0.000086, -0.000003, 0.000086, 1.000000),
      ["LowerTorso"] = CFrame.new(0.000000, -1.525985, -0.498148, 1.000000, 0.000000, 0.000000, 0.000000, -0.006825, -0.999977, 0.000000, 0.999977, -0.006825),
      ["RightUpperArm"] = CFrame.new(0.057954, -0.145107, 0.135055, 0.843678, 0.307581, -0.440002, -0.527725, 0.625626, -0.574542, 0.098559, 0.716928, 0.690145),
      ["RightUpperLeg"] = CFrame.new(0.002485, -0.049789, -0.000002, 0.995030, -0.099578, 0.000004, 0.099578, 0.995030, -0.000086, 0.000004, 0.000086, 1.000000)
    }},
    { Time = 0.500, Data = {
      ["Balls"] = CFrame.new(-0.000000, -0.000003, 0.000000, 0.999693, -0.024773, 0.000000, 0.024773, 0.999693, 0.000000, 0.000000, 0.000000, 1.000000),
      ["Cock"] = CFrame.new(0.000000, -0.000000, 0.000000, 0.994590, 0.103877, 0.000000, -0.103877, 0.994590, -0.000000, -0.000000, 0.000000, 1.000000),
      ["Head"] = CFrame.new(0.000000, 0.000000, 0.000000, 1.000000, -0.000000, 0.000000, 0.000000, 0.914123, 0.405437, -0.000000, -0.405437, 0.914123),
      ["LeftUpperArm"] = CFrame.new(-0.090779, -0.135712, 0.144335, 0.836786, -0.426641, 0.343172, 0.545671, 0.598207, -0.586849, 0.045086, 0.678326, 0.733377),
      ["LeftUpperLeg"] = CFrame.new(-0.001311, -0.036188, 0.000000, 0.997377, 0.072377, 0.000000, -0.072377, 0.997377, -0.000000, -0.000000, 0.000000, 1.000000),
