return {
  ["Astros 69 f"] = {
    { Time = 0.000, Data = {
      ["Head"] = CFrame.new(0.000000, -0.000000, 0.000000, 1.000000, -0.000000, 0.000000, 0.000000, 0.936604, 0.350389, -0.000000, -0.350389, 0.936604),
      ["LeftUpperArm"] = CFrame.new(-0.000000, -0.217751, -0.213204, 1.000000, 0.000000, 0.000000, 0.000000, 0.065426, -0.997857, 0.000000, 0.997857, 0.065426),
      ["LeftUpperLeg"] = CFrame.new(-0.179143, 0.130921, -0.739800, 0.922665, 0.385602, -0.000035, -0.353135, 0.845015, 0.401552, 0.154869, -0.370486, 0.915836),
      ["LowerTorso"] = CFrame.new(0.002515, -1.108623, -1.991636, -0.999999, -0.001141, 0.000499, -0.000022, 0.416268, 0.909242, -0.001245, 0.909241, -0.416267),
      ["RightUpperArm"] = CFrame.new(0.000000, -0.185067, -0.208253, 1.000000, 0.000000, 0.000000, 0.000000, 0.078363, -0.996925, 0.000000, 0.996925, 0.078363),
      ["RightUpperLeg"] = CFrame.new(0.161281, 0.078519, -0.691632, 0.906825, -0.421508, -0.000036, 0.385523, 0.829372, 0.404369, -0.170415, -0.366706, 0.914596)
    }},
    { Time = 0.017, Data = {
      ["Head"] = CFrame.new(0.000000, -0.000000, 0.000000, 1.000000, -0.000000, 0.000000, 0.000000, 0.936604, 0.350389, -0.000000, -0.350389, 0.936604),
      ["LeftUpperArm"] = CFrame.new(-0.000000, -0.217746, -0.213200, 1.000000, 0.000000, 0.000000, 0.000000, 0.065426, -0.997857, 0.000000, 0.997857, 0.065426),
      ["LeftUpperLeg"] = CFrame.new(-0.179143, 0.130921, -0.739800, 0.922665, 0.385602, -0.000035, -0.353135, 0.845015, 0.401552, 0.154869, -0.370486, 0.915836),
      ["LowerTorso"] = CFrame.new(0.002515, -1.108621, -1.991632, -0.999999, -0.001141, 0.000499, -0.000022, 0.416268, 0.909242, -0.001245, 0.909241, -0.416267),
      ["RightUpperArm"] = CFrame.new(0.000000, -0.185066, -0.208253, 1.000000, 0.000000, 0.000000, 0.000000, 0.078363, -0.996925, 0.000000, 0.996925, 0.078363),
      ["RightUpperLeg"] = CFrame.new(0.161280, 0.078517, -0.691631, 0.906825, -0.421508, -0.000036, 0.385523, 0.829372, 0.404369, -0.170415, -0.366706, 0.914596)
    }},
    { Time = 0.033, Data = {
      ["Head"] = CFrame.new(0.000000, 0.000000, -0.000000, 1.000000, -0.000000, 0.000000, 0.000000, 0.936635, 0.350307, -0.000000, -0.350307, 0.936635),
      ["LeftUpperArm"] = CFrame.new(-0.000000, -0.217705, -0.213174, 1.000000, 0.000000, 0.000000, 0.000000, 0.065426, -0.997857, 0.000000, 0.997857, 0.065426),
      ["LeftUpperLeg"] = CFrame.new(-0.179143, 0.130921, -0.739800, 0.922665, 0.385602, -0.000035, -0.353135, 0.845015, 0.401552, 0.154869, -0.370486, 0.915836),
      ["LowerTorso"] = CFrame.new(0.002515, -1.108610, -1.991607, -0.999999, -0.001141, 0.000499, -0.000022, 0.416268, 0.909242, -0.001245, 0.909241, -0.416267),
      ["RightUpperArm"] = CFrame.new(0.000000, -0.185061, -0.208254, 1.000000, 0.000000, 0.000000, 0.000000, 0.078363, -0.996925, 0.000000, 0.996925, 0.078363),
      ["RightUpperLeg"] = CFrame.new(0.161278, 0.078503, -0.691625, 0.906825, -0.421508, -0.000036, 0.385523, 0.829372, 0.404369, -0.170415, -0.366706, 0.914596)
    }},
    { Time = 0.050, Data = {
      ["Head"] = CFrame.new(0.000000, 0.000000, -0.000000, 1.000000, -0.000000, 0.000000, 0.000000, 0.936758, 0.349979, -0.000000, -0.349979, 0.936758),
      ["LeftUpperArm"] = CFrame.new(-0.000000, -0.217564, -0.213105, 1.000000, 0.000000, 0.000000, 0.000000, 0.065544, -0.997850, 0.000000, 0.997850, 0.065544),
      ["LeftUpperLeg"] = CFrame.new(-0.179143, 0.130921, -0.739800, 0.922665, 0.385602, -0.000035, -0.353135, 0.845015, 0.401552, 0.154869, -0.370486, 0.915836),
      ["LowerTorso"] = CFrame.new(0.002515, -1.108578, -1.991539, -0.999999, -0.001141, 0.000499, -0.000022, 0.416268, 0.909242, -0.001245, 0.909241, -0.416267),
      ["RightUpperArm"] = CFrame.new(0.000000, -0.185017, -0.208257, 1.000000, 0.000000, 0.000000, 0.000000, 0.078480, -0.996916, 0.000000, 0.996916, 0.078480),
      ["RightUpperLeg"] = CFrame.new(0.161272, 0.078463, -0.691608, 0.906825, -0.421508, -0.000036, 0.385523, 0.829372, 0.404369, -0.170415, -0.366706, 0.914596)
    }},
    { Time = 0.067, Data = {
      ["Head"] = CFrame.new(0.000000, -0.000000, 0.000000, 1.000000, -0.000000, 0.000000, 0.000000, 0.936942, 0.349485, -0.000000, -0.349485, 0.936942),
      ["LeftUpperArm"] = CFrame.new(-0.000000, -0.217288, -0.212969, 1.000000, 0.000000, 0.000000, 0.000000, 0.065780, -0.997834, 0.000000, 0.997834, 0.065780),
      ["LeftUpperLeg"] = CFrame.new(-0.179143, 0.130921, -0.739800, 0.922665, 0.385602, -0.000035, -0.353135, 0.845015, 0.401552, 0.154869, -0.370486, 0.915836),
      ["LowerTorso"] = CFrame.new(0.002514, -1.108518, -1.991406, -0.999999, -0.001141, 0.000499, -0.000022, 0.416268, 0.909242, -0.001245, 0.909241, -0.416267),
      ["RightUpperArm"] = CFrame.new(0.000000, -0.184959, -0.208263, 1.000000, 0.000000, 0.000000, 0.000000, 0.078597, -0.996907, 0.000000, 0.996907, 0.078597),
      ["RightUpperLeg"] = CFrame.new(0.161264, 0.078392, -0.691542, 0.906817, -0.421525, 0.000065, 0.385513, 0.829407, 0.404308, -0.170480, -0.366608, 0.914623)
    }},
    { Time = 0.083, Data = {
      ["Head"] = CFrame.new(0.000000, -0.000000, 0.000000, 1.000000, -0.000000, 0.000000, 0.000000, 0.937248, 0.348664, -0.000000, -0.348664, 0.937248),
      ["LeftUpperArm"] = CFrame.new(-0.000000, -0.216842, -0.212746, 1.000000, 0.000000, 0.000000, 0.000000, 0.066134, -0.997811, 0.000000, 0.997811, 0.066134),
      ["LeftUpperLeg"] = CFrame.new(-0.179143, 0.130921, -0.739800, 0.922665, 0.385602, -0.000035, -0.353135, 0.845015, 0.401552, 0.154869, -0.370486, 0.915836),
      ["LowerTorso"] = CFrame.new(0.002514, -1.108418, -1.991188, -0.999999, -0.001141, 0.000499, -0.000022, 0.416268, 0.909242, -0.001245, 0.909241, -0.416267),
      ["RightUpperArm"] = CFrame.new(0.000000, -0.184885, -0.208269, 1.000000, 0.000000, 0.000000, 0.000000, 0.078714, -0.996897, 0.000000, 0.996897, 0.078714),
      ["RightUpperLeg"] = CFrame.new(0.161245, 0.078266, -0.691487, 0.906817, -0.421525, 0.000065, 0.385513, 0.829407, 0.404308, -0.170480, -0.366608, 0.914623)
    }},
    { Time = 0.100, Data = {
      ["Head"] = CFrame.new(0.000000, 0.000000, 0.000000, 1.000000, -0.000000, 0.000000, 0.000000, 0.937706, 0.347430, -0.000000, -0.347430, 0.937706),
      ["LeftUpperArm"] = CFrame.new(-0.000000, -0.216191, -0.212411, 1.000000, 0.000000, 0.000000, 0.000000, 0.066606, -0.997779, 0.000000, 0.997779, 0.066606),
      ["LeftUpperLeg"] = CFrame.new(-0.179143, 0.130921, -0.739800, 0.922665, 0.385602, -0.000035, -0.353135, 0.845015, 0.401552, 0.154869, -0.370486, 0.915836),
      ["LowerTorso"] = CFrame.new(0.002514, -1.108268, -1.990862, -0.999999, -0.001141, 0.000499, -0.000022, 0.416268, 0.909242, -0.001245, 0.909241, -0.416267),
      ["RightUpperArm"] = CFrame.new(0.000000, -0.184728, -0.208283, 1.000000, 0.000000, 0.000000, 0.000000, 0.079066, -0.996869, 0.000000, 0.996869, 0.079066),
      ["RightUpperLeg"] = CFrame.new(0.161216, 0.078075, -0.691414, 0.906817, -0.421525, 0.000084, 0.385520, 0.829441, 0.404229, -0.170462, -0.366529, 0.914658)
    }},
    { Time = 0.117, Data = {
      ["Head"] = CFrame.new(0.000000, 0.000000, 0.000000, 1.000000, -0.000000, 0.000000, 0.000000, 0.938344, 0.345703, -0.000000, -0.345703, 0.938344),
      ["LeftUpperArm"] = CFrame.new(-0.000000, -0.215271, -0.211946, 1.000000, 0.000000, 0.000000, 0.000000, 0.067313, -0.997732, 0.000000, 0.997732, 0.067313),
      ["LeftUpperLeg"] = CFrame.new(-0.179143, 0.130921, -0.739800, 0.922665, 0.385602, -0.000035, -0.353135, 0.845015, 0.401552, 0.154869, -0.370486, 0.915836),
      ["LowerTorso"] = CFrame.new(0.002513, -1.108060, -1.990406, -0.999999, -0.001141, 0.000499, -0.000022, 0.416268, 0.909242, -0.001245, 0.909241, -0.416267),
      ["RightUpperArm"] = CFrame.new(0.000000, -0.184514, -0.208303, 1.000000, 0.000000, 0.000000, 0.000000, 0.079534, -0.996832, 0.000000, 0.996832, 0.079534),
      ["RightUpperLeg"] = CFrame.new(0.161176, 0.077809, -0.691308, 0.906817, -0.421525, 0.000103, 0.385528, 0.829476, 0.404150, -0.170445, -0.366450, 0.914693)
    }},
    { Time = 0.133, Data = {
      ["Head"] = CFrame.new(0.000000, -0.000000, 0.000000, 1.000000, -0.000000, 0.000000, 0.000000, 0.939190, 0.343398, -0.000000, -0.343398, 0.939190),
      ["LeftUpperArm"] = CFrame.new(-0.000000, -0.214014, -0.211328, 1.000000, 0.000000, 0.000000, 0.000000, 0.068374, -0.997660, 0.000000, 0.997660, 0.068374),
      ["LeftUpperLeg"] = CFrame.new(-0.179143, 0.130921, -0.739800, 0.922665, 0.385602, -0.000035, -0.353135, 0.845015, 0.401552, 0.154869, -0.370486, 0.915836),
      ["LowerTorso"] = CFrame.new(0.002512, -1.107783, -1.989800, -0.999999, -0.001141, 0.000499, -0.000022, 0.416268, 0.909242, -0.001245, 0.909241, -0.416267),
      ["RightUpperArm"] = CFrame.new(0.000000, -0.184271, -0.208325, 1.000000, 0.000000, 0.000000, 0.000000, 0.080002, -0.996795, 0.000000, 0.996795, 0.080002),
      ["RightUpperLeg"] = CFrame.new(0.161104, 0.077491, -0.691181, 0.906853, -0.421446, 0.000160, 0.385465, 0.829582, 0.403993, -0.170394, -0.366301, 0.914762)
    }},
    { Time = 0.150, Data = {
      ["Head"] = CFrame.new(0.000000, 0.000000, -0.000000, 1.000000, -0.000000, 0.000000, 0.000000, 0.940269, 0.340433, -0.000000, -0.340433, 0.940269),
      ["LeftUpperArm"] = CFrame.new(-0.000000, -0.212449, -0.210533, 1.000000, 0.000000, 0.000000, 0.000000, 0.069552, -0.997578, 0.000000, 0.997578, 0.069552),
      ["LeftUpperLeg"] = CFrame.new(-0.179143, 0.130921, -0.739800, 0.922665, 0.385602, -0.000035, -0.353135, 0.845015, 0.401552, 0.154869, -0.370486, 0.915836),
      ["LowerTorso"] = CFrame.new(0.002511, -1.107426, -1.989023, -0.999999, -0.001141, 0.000499, -0.000022, 0.416268, 0.909242, -0.001245, 0.909241, -0.416267),
      ["RightUpperArm"] = CFrame.new(0.000000, -0.183932, -0.208356, 1.000000, 0.000000, 0.000000, 0.000000, 0.080705, -0.996738, 0.000000, 0.996738, 0.080705),
      ["RightUpperLeg"] = CFrame.new(0.161040, 0.077045, -0.690962, 0.906846, -0.421463, 0.000280, 0.385462, 0.829652, 0.403853, -0.170441, -0.366124, 0.914824)
    }},
    { Time = 0.167, Data = {
      ["Head"] = CFrame.new(0.000000, 0.000000, -0.000000, 1.000000, -0.000000, 0.000000, 0.000000, 0.941633, 0.336640, -0.000000, -0.336640, 0.941633),
      ["LeftUpperArm"] = CFrame.new(-0.000000, -0.210478, -0.209541, 1.000000, 0.000000, 0.000000, 0.000000, 0.071082, -0.997470, 0.000000, 0.997470, 0.071082),
      ["LeftUpperLeg"] = CFrame.new(-0.179143, 0.130921, -0.739800, 0.922665, 0.385602, -0.000035, -0.353135, 0.845015, 0.401552, 0.154869, -0.370486, 0.915836),
      ["LowerTorso"] = CFrame.new(0.002510, -1.106981, -1.988051, -0.999999, -0.001141, 0.000499, -0.000022, 0.416268, 0.909242, -0.001245, 0.909241, -0.416267),
      ["RightUpperArm"] = CFrame.new(0.000000, -0.183492, -0.208396, 1.000000, 0.000000, 0.000000, 0.000000, 0.081641, -0.996662, 0.000000, 0.996662, 0.081641),
      ["RightUpperLeg"] = CFrame.new(0.160954, 0.076478, -0.690735, 0.906846, -0.421463, 0.000318, 0.385477, 0.829721, 0.403695, -0.170406, -0.365966, 0.914894)
    }},
    { Time = 0.183, Data = {
      ["Head"] = CFrame.new(0.000000, -0.000000, 0.000000, 1.000000, -0.000000, 0.000000, 0.000000, 0.943244, 0.332100, -0.000000, -0.332100, 0.943244),
      ["LeftUpperArm"] = CFrame.new(-0.000000, -0.208068, -0.208330, 1.000000, 0.000000, 0.000000, 0.000000, 0.072964, -0.997335, 0.000000, 0.997335, 0.072964),
      ["LeftUpperLeg"] = CFrame.new(-0.179143, 0.130921, -0.739800, 0.922665, 0.385602, -0.000035, -0.353135, 0.845015, 0.401552, 0.154869, -0.370486, 0.915836),
      ["LowerTorso"] = CFrame.new(0.002509, -1.106438, -1.986864, -0.999999, -0.001141, 0.000499, -0.000022, 0.416268, 0.909242, -0.001245, 0.909241, -0.416267),
      ["RightUpperArm"] = CFrame.new(0.000000, -0.182980, -0.208444, 1.000000, 0.000000, 0.000000, 0.000000, 0.082694, -0.996575, 0.000000, 0.996575, 0.082694),
      ["RightUpperLeg"] = CFrame.new(0.160854, 0.075788, -0.690431, 0.906838, -0.421479, 0.000476, 0.385490, 0.829860, 0.403397, -0.170419, -0.365632, 0.915025)
    }},
    { Time = 0.200, Data = {
      ["Head"] = CFrame.new(0.000000, -0.000000, 0.000000, 1.000000, -0.000000, 0.000000, 0.000000, 0.945147, 0.326644, -0.000000, -0.326644, 0.945147),
      ["LeftUpperArm"] = CFrame.new(-0.000000, -0.205154, -0.206881, 1.000000, 0.000000, 0.000000, 0.000000, 0.075313, -0.997160, 0.000000, 0.997160, 0.075313),
      ["LeftUpperLeg"] = CFrame.new(-0.179143, 0.130921, -0.739800, 0.922665, 0.385602, -0.000035, -0.353135, 0.845015, 0.401552, 0.154869, -0.370486, 0.915836),
      ["LowerTorso"] = CFrame.new(0.002507, -1.105786, -1.985441, -0.999999, -0.001141, 0.000499, -0.000022, 0.416268, 0.909242, -0.001245, 0.909241, -0.416267),
      ["RightUpperArm"] = CFrame.new(0.000000, -0.182359, -0.208502, 1.000000, 0.000000, 0.000000, 0.000000, 0.083979, -0.996468, 0.000000, 0.996468, 0.083979),
      ["RightUpperLeg"] = CFrame.new(0.160732, 0.074966, -0.690058, 0.906830, -0.421496, 0.000616, 0.385495, 0.829965, 0.403178, -0.170449, -0.365377, 0.915121)
    }},
    { Time = 0.217, Data = {
      ["Head"] = CFrame.new(0.000000, 0.000000, 0.000000, 1.000000, -0.000000, 0.000000, 0.000000, 0.947355, 0.320185, -0.000000, -0.320185, 0.947355),
      ["LeftUpperArm"] = CFrame.new(-0.000000, -0.201761, -0.205168, 1.000000, 0.000000, 0.000000, 0.000000, 0.077894, -0.996962, 0.000000, 0.996962, 0.077894),
      ["LeftUpperLeg"] = CFrame.new(-0.179143, 0.130921, -0.739800, 0.922665, 0.385602, -0.000035, -0.353135, 0.845015, 0.401552, 0.154869, -0.370486, 0.915836),
      ["LowerTorso"] = CFrame.new(0.002505, -1.105016, -1.983759, -0.999999, -0.001141, 0.000499, -0.000022, 0.416268, 0.909242, -0.001245, 0.909241, -0.416267),
      ["RightUpperArm"] = CFrame.new(0.000000, -0.181626, -0.208570, 1.000000, 0.000000, 0.000000, 0.000000, 0.085498, -0.996338, 0.000000, 0.996338, 0.085498),
      ["RightUpperLeg"] = CFrame.new(0.160588, 0.073988, -0.689638, 0.906822, -0.421512, 0.000793, 0.385515, 0.830138, 0.402801, -0.170444, -0.364963, 0.915287)
    }},
    { Time = 0.233, Data = {
      ["Head"] = CFrame.new(0.000000, -0.000000, 0.000000, 1.000000, -0.000000, 0.000000, 0.000000, 0.949900, 0.312553, -0.000000, -0.312553, 0.949900),
      ["LeftUpperArm"] = CFrame.new(-0.000000, -0.197765, -0.203174, 1.000000, 0.000000, 0.000000, 0.000000, 0.081056, -0.996710, 0.000000, 0.996710, 0.081056),
      ["LeftUpperLeg"] = CFrame.new(-0.179143, 0.130921, -0.739800, 0.922665, 0.385602, -0.000035, -0.353135, 0.845015, 0.401552, 0.154869, -0.370486, 0.915836),
      ["LowerTorso"] = CFrame.new(0.002502, -1.104118, -1.981798, -0.999999, -0.001141, 0.000499, -0.000022, 0.416268, 0.909242, -0.001245, 0.909241, -0.416267),
      ["RightUpperArm"] = CFrame.new(0.000000, -0.180745, -0.208654, 1.000000, 0.000000, 0.000000, 0.000000, 0.087365, -0.996176, 0.000000, 0.996176, 0.087365),
      ["RightUpperLeg"] = CFrame.new(0.160401, 0.072887, -0.689156, 0.906851, -0.421450, 0.000989, 0.385457, 0.830348, 0.402424, -0.170423, -0.364558, 0.915453)
    }},
    { Time = 0.250, Data = {
      ["Head"] = CFrame.new(0.000000, 0.000000, -0.000000, 1.000000, -0.000000, 0.000000, 0.000000, 0.952728, 0.303824, -0.000000, -0.303824, 0.952728),
      ["LeftUpperArm"] = CFrame.new(-0.000000, -0.193161, -0.200878, 1.000000, 0.000000, 0.000000, 0.000000, 0.084680, -0.996408, 0.000000, 0.996408, 0.084680),
      ["LeftUpperLeg"] = CFrame.new(-0.179143, 0.130921, -0.739800, 0.922665, 0.385602, -0.000035, -0.353135, 0.845015, 0.401552, 0.154869, -0.370486, 0.915836),
      ["LowerTorso"] = CFrame.new(0.002499, -1.103082, -1.979536, -0.999999, -0.001141, 0.000499, -0.000022, 0.416268, 0.909242, -0.001245, 0.909241, -0.416267),
      ["RightUpperArm"] = CFrame.new(0.000000, -0.179775, -0.208746, 1.000000, 0.000000, 0.000000, 0.000000, 0.089346, -0.996001, 0.000000, 0.996001, 0.089346),
      ["RightUpperLeg"] = CFrame.new(0.160205, 0.071571, -0.688599, 0.906843, -0.421466, 0.001186, 0.385485, 0.830556, 0.401969, -0.170401, -0.364066, 0.915653)
    }},
    { Time = 0.267, Data = {
      ["Head"] = CFrame.new(0.000000, 0.000000, -0.000000, 1.000000, -0.000000, 0.000000, 0.000000, 0.955860, 0.293823, -0.000000, -0.293823, 0.955860),
      ["LeftUpperArm"] = CFrame.new(-0.000000, -0.188559, -0.198585, 1.000000, 0.000000, 0.000000, 0.000000, 0.088297, -0.996094, 0.000000, 0.996094, 0.088297),
      ["LeftUpperLeg"] = CFrame.new(-0.179143, 0.130921, -0.739800, 0.922665, 0.385602, -0.000035, -0.353135, 0.845015, 0.401552, 0.154869, -0.370486, 0.915836),
      ["LowerTorso"] = CFrame.new(0.002497, -1.102047, -1.977274, -0.999999, -0.001141, 0.000499, -0.000022, 0.416268, 0.909242, -0.001245, 0.909241, -0.416267),
      ["RightUpperArm"] = CFrame.new(0.000000, -0.178775, -0.208844, 1.000000, 0.000000, 0.000000, 0.000000, 0.091442, -0.995810, 0.000000, 0.995810, 0.091442),
      ["RightUpperLeg"] = CFrame.new(0.160013, 0.070263, -0.688000, 0.906828, -0.421499, 0.001464, 0.385495, 0.830763, 0.401530, -0.170461, -0.363554, 0.915845)
    }},
    { Time = 0.283, Data = {
      ["Head"] = CFrame.new(0.000000, 0.000000, 0.000000, 1.000000, -0.000000, 0.000000, 0.000000, 0.959304, 0.282377, -0.000000, -0.282377, 0.959304),
      ["LeftUpperArm"] = CFrame.new(-0.000000, -0.184598, -0.196597, 1.000000, 0.000000, 0.000000, 0.000000, 0.091325, -0.995821, 0.000000, 0.995821, 0.091325),
      ["LeftUpperLeg"] = CFrame.new(-0.179143, 0.130921, -0.739800, 0.922665, 0.385602, -0.000035, -0.353135, 0.845015, 0.401552, 0.154869, -0.370486, 0.915836),
      ["LowerTorso"] = CFrame.new(0.002494, -1.101149, -1.975313, -0.999999, -0.001141, 0.000499, -0.000022, 0.416268, 0.909242, -0.001245, 0.909241, -0.416267),
      ["RightUpperArm"] = CFrame.new(0.000000, -0.177926, -0.208927, 1.000000, 0.000000, 0.000000, 0.000000, 0.093186, -0.995649, 0.000000, 0.995649, 0.093186),
      ["RightUpperLeg"] = CFrame.new(0.159844, 0.069123, -0.687510, 0.906820, -0.421515, 0.001642, 0.385515, 0.830936, 0.401153, -0.170456, -0.363141, 0.916009)
    }},
    { Time = 0.300, Data = {
      ["Head"] = CFrame.new(0.000000, 0.000000, 0.000000, 1.000000, -0.000000, 0.000000, 0.000000, 0.962914, 0.269809, -0.000000, -0.269809, 0.962914),
      ["LeftUpperArm"] = CFrame.new(-0.000000, -0.181181, -0.194897, 1.000000, 0.000000, 0.000000, 0.000000, 0.094000, -0.995572, 0.000000, 0.995572, 0.094000),
      ["LeftUpperLeg"] = CFrame.new(-0.179143, 0.130921, -0.739800, 0.922665, 0.385602, -0.000035, -0.353135, 0.845015, 0.401552, 0.154869, -0.370486, 0.915836),
      ["LowerTorso"] = CFrame.new(0.002492, -1.100379, -1.973631, -0.999999, -0.001141, 0.000499, -0.000022, 0.416268, 0.909242, -0.001245, 0.909241, -0.416267),
      ["RightUpperArm"] = CFrame.new(0.000000, -0.177195, -0.208999, 1.000000, 0.000000, 0.000000, 0.000000, 0.094697, -0.995506, 0.000000, 0.995506, 0.094697),
      ["RightUpperLeg"] = CFrame.new(0.159682, 0.068184, -0.687098, 0.906849, -0.421452, 0.001838, 0.385457, 0.831145, 0.400776, -0.170435, -0.362735, 0.916174)
    }},
    { Time = 0.317, Data = {
      ["Head"] = CFrame.new(0.000000, 0.000000, 0.000000, 1.000000, -0.000000, 0.000000, 0.000000, 0.966065, 0.258300, -0.000000, -0.258300, 0.966065),
      ["LeftUpperArm"] = CFrame.new(-0.000000, -0.178273, -0.193460, 1.000000, 0.000000, 0.000000, 0.000000, 0.096323, -0.995350, 0.000000, 0.995350, 0.096323),
      ["LeftUpperLeg"] = CFrame.new(-0.179143, 0.130921, -0.739800, 0.922665, 0.385602, -0.000035, -0.353135, 0.845015, 0.401552, 0.154869, -0.370486, 0.915836),
      ["LowerTorso"] = CFrame.new(0.002490, -1.099727, -1.972208, -0.999999, -0.001141, 0.000499, -0.000022, 0.416268, 0.909242, -0.001245, 0.909241, -0.416267),
      ["RightUpperArm"] = CFrame.new(0.000000, -0.176546, -0.209064, 1.000000, 0.000000, 0.000000, 0.000000, 0.096090, -0.995373, 0.000000, 0.995373, 0.096090),
      ["RightUpperLeg"] = CFrame.new(0.159560, 0.067362, -0.686726, 0.906841, -0.421468, 0.001977, 0.385462, 0.831248, 0.400557, -0.170465, -0.362479, 0.916270)
    }},
    { Time = 0.333, Data = {
      ["Head"] = CFrame.new(0.000000, -0.000000, 0.000000, 1.000000, -0.000000, 0.000000, 0.000000, 0.968731, 0.248112, -0.000000, -0.248112, 0.968731),
      ["LeftUpperArm"] = CFrame.new(-0.000000, -0.175870, -0.192262, 1.000000, 0.000000, 0.000000, 0.000000, 0.098178, -0.995169, 0.000000, 0.995169, 0.098178),
      ["LeftUpperLeg"] = CFrame.new(-0.179143, 0.130921, -0.739800, 0.922665, 0.385602, -0.000035, -0.353135, 0.845015, 0.401552, 0.154869, -0.370486, 0.915836),
      ["LowerTorso"] = CFrame.new(0.002489, -1.099184, -1.971021, -0.999999, -0.001141, 0.000499, -0.000022, 0.416268, 0.909242, -0.001245, 0.909241, -0.416267),
      ["RightUpperArm"] = CFrame.new(0.000000, -0.176035, -0.209115, 1.000000, 0.000000, 0.000000, 0.000000, 0.097135, -0.995271, 0.000000, 0.995271, 0.097135),
      ["RightUpperLeg"] = CFrame.new(0.159456, 0.066667, -0.686454, 0.906841, -0.421468, 0.002034, 0.385485, 0.831351, 0.400320, -0.170413, -0.362242, 0.916373)
    }},
    { Time = 0.350, Data = {
      ["Head"] = CFrame.new(0.000000, -0.000000, 0.000000, 1.000000, -0.000000, 0.000000, 0.000000, 0.970978, 0.239170, -0.000000, -0.239170, 0.970978),
      ["LeftUpperArm"] = CFrame.new(-0.000000, -0.173876, -0.191284, 1.000000, 0.000000, 0.000000, 0.000000, 0.099801, -0.995007, 0.000000, 0.995007, 0.099801),
      ["LeftUpperLeg"] = CFrame.new(-0.179143, 0.130921, -0.739800, 0.922665, 0.385602, -0.000035, -0.353135, 0.845015, 0.401552, 0.154869, -0.370486, 0.915836),
      ["LowerTorso"] = CFrame.new(0.002487, -1.098739, -1.970050, -0.999999, -0.001141, 0.000499, -0.000022, 0.416268, 0.909242, -0.001245, 0.909241, -0.416267),
      ["RightUpperArm"] = CFrame.new(0.000000, -0.175599, -0.209159, 1.000000, 0.000000, 0.000000, 0.000000, 0.098062, -0.995180, 0.000000, 0.995180, 0.098062),
      ["RightUpperLeg"] = CFrame.new(0.159374, 0.066105, -0.686194, 0.906833, -0.421484, 0.002173, 0.385490, 0.831455, 0.400101, -0.170443, -0.361987, 0.916469)
    }},
    { Time = 0.367, Data = {
      ["Head"] = CFrame.new(0.000000, -0.000000, -0.000000, 1.000000, -0.000000, 0.000000, 0.000000, 0.972839, 0.231481, -0.000000, -0.231481, 0.972839),
      ["LeftUpperArm"] = CFrame.new(-0.000000, -0.172316, -0.190498, 1.000000, 0.000000, 0.000000, 0.000000, 0.100959, -0.994891, 0.000000, 0.994891, 0.100959),
      ["LeftUpperLeg"] = CFrame.new(-0.179143, 0.130921, -0.739800, 0.922665, 0.385602, -0.000035, -0.353135, 0.845015, 0.401552, 0.154869, -0.370486, 0.915836),
      ["LowerTorso"] = CFrame.new(0.002486, -1.098382, -1.969272, -0.999999, -0.001141, 0.000499, -0.000022, 0.416268, 0.909242, -0.001245, 0.909241, -0.416267),
      ["RightUpperArm"] = CFrame.new(0.000000, -0.175261, -0.209193, 1.000000, 0.000000, 0.000000, 0.000000, 0.098758, -0.995112, 0.000000, 0.995112, 0.098758),
      ["RightUpperLeg"] = CFrame.new(0.159306, 0.065649, -0.686016, 0.906833, -0.421484, 0.002212, 0.385506, 0.831523, 0.399943, -0.170408, -0.361829, 0.916537)
    }},
    { Time = 0.383, Data = {
      ["Head"] = CFrame.new(0.000000, -0.000000, 0.000000, 1.000000, -0.000000, 0.000000, 0.000000, 0.974405, 0.224798, -0.000000, -0.224798, 0.974405),
      ["LeftUpperArm"] = CFrame.new(-0.000000, -0.171064, -0.189889, 1.000000, 0.000000, 0.000000, 0.000000, 0.102000, -0.994784, 0.000000, 0.994784, 0.102000),
      ["LeftUpperLeg"] = CFrame.new(-0.179143, 0.130921, -0.739800, 0.922665, 0.385602, -0.000035, -0.353135, 0.845015, 0.401552, 0.154869, -0.370486, 0.915836),
      ["LowerTorso"] = CFrame.new(0.002486, -1.098105, -1.968666, -0.999999, -0.001141, 0.000499, -0.000022, 0.416268, 0.909242, -0.001245, 0.909241, -0.416267),
      ["RightUpperArm"] = CFrame.new(0.000000, -0.175019, -0.209218, 1.000000, 0.000000, 0.000000, 0.000000, 0.099221, -0.995065, 0.000000, 0.995065, 0.099221),
      ["RightUpperLeg"] = CFrame.new(0.159256, 0.065302, -0.685840, 0.906825, -0.421500, 0.002332, 0.385503, 0.831592, 0.399802, -0.170456, -0.361652, 0.916598)
    }},
    { Time = 0.400, Data = {
      ["Head"] = CFrame.new(0.000000, -0.000000, 0.000000, 1.000000, -0.000000, 0.000000, 0.000000, 0.975697, 0.219123, -0.000000, -0.219123, 0.975697),
      ["LeftUpperArm"] = CFrame.new(-0.000000, -0.170147, -0.189430, 1.000000, 0.000000, 0.000000, 0.000000, 0.102694, -0.994713, 0.000000, 0.994713, 0.102694),
      ["LeftUpperLeg"] = CFrame.new(-0.179143, 0.130921, -0.739800, 0.922665, 0.385602, -0.000035, -0.353135, 0.845015, 0.401552, 0.154869, -0.370486, 0.915836),
      ["LowerTorso"] = CFrame.new(0.002485, -1.097897, -1.968210, -0.999999, -0.001141, 0.000499, -0.000022, 0.416268, 0.909242, -0.001245, 0.909241, -0.416267),
      ["RightUpperArm"] = CFrame.new(0.000000, -0.174807, -0.209239, 1.000000, 0.000000, 0.000000, 0.000000, 0.099685, -0.995019, 0.000000, 0.995019, 0.099685),
      ["RightUpperLeg"] = CFrame.new(0.159216, 0.065036, -0.685735, 0.906825, -0.421500, 0.002351, 0.385511, 0.831627, 0.399723, -0.170438, -0.361573, 0.916633)
    }},
    { Time = 0.417, Data = {
      ["Head"] = CFrame.new(0.000000, 0.000000, -0.000000, 1.000000, -0.000000, 0.000000, 0.000000, 0.976751, 0.214375, -0.000000, -0.214375, 0.976751),
      ["LeftUpperArm"] = CFrame.new(-0.000000, -0.169499, -0.189100, 1.000000, 0.000000, 0.000000, 0.000000, 0.103156, -0.994665, 0.000000, 0.994665, 0.103156),
      ["LeftUpperLeg"] = CFrame.new(-0.179143, 0.130921, -0.739800, 0.922665, 0.385602, -0.000035, -0.353135, 0.845015, 0.401552, 0.154869, -0.370486, 0.915836),
      ["LowerTorso"] = CFrame.new(0.002485, -1.097747, -1.967884, -0.999999, -0.001141, 0.000499, -0.000022, 0.416268, 0.909242, -0.001245, 0.909241, -0.416267),
      ["RightUpperArm"] = CFrame.new(0.000000, -0.174650, -0.209255, 1.000000, 0.000000, 0.000000, 0.000000, 0.100032, -0.994984, 0.000000, 0.994984, 0.100032),
      ["RightUpperLeg"] = CFrame.new(0.159187, 0.064844, -0.685661, 0.906825, -0.421500, 0.002370, 0.385518, 0.831661, 0.399644, -0.170421, -0.361494, 0.916667)
    }},
    { Time = 0.433, Data = {
      ["Head"] = CFrame.new(0.000000, -0.000000, 0.000000, 1.000000, -0.000000, 0.000000, 0.000000, 0.977581, 0.210558, -0.000000, -0.210558, 0.977581),
      ["LeftUpperArm"] = CFrame.new(-0.000000, -0.169055, -0.188880, 1.000000, 0.000000, 0.000000, 0.000000, 0.103503, -0.994629, 0.000000, 0.994629, 0.103503),
      ["LeftUpperLeg"] = CFrame.new(-0.179143, 0.130921, -0.739800, 0.922665, 0.385602, -0.000035, -0.353135, 0.845015, 0.401552, 0.154869, -0.370486, 0.915836),
      ["LowerTorso"] = CFrame.new(0.002484, -1.097647, -1.967665, -0.999999, -0.001141, 0.000499, -0.000022, 0.416268, 0.909242, -0.001245, 0.909241, -0.416267),
      ["RightUpperArm"] = CFrame.new(0.000000, -0.174576, -0.209263, 1.000000, 0.000000, 0.000000, 0.000000, 0.100148, -0.994973, 0.000000, 0.994973, 0.100148),
      ["RightUpperLeg"] = CFrame.new(0.159168, 0.064718, -0.685606, 0.906825, -0.421500, 0.002370, 0.385518, 0.831661, 0.399644, -0.170421, -0.361494, 0.916667)
    }},
    { Time = 0.450, Data = {
      ["Head"] = CFrame.new(0.000000, 0.000000, 0.000000, 1.000000, -0.000000, 0.000000, 0.000000, 0.978253, 0.207417, -0.000000, -0.207417, 0.978253),
      ["LeftUpperArm"] = CFrame.new(-0.000000, -0.168780, -0.188747, 1.000000, 0.000000, 0.000000, 0.000000, 0.103734, -0.994605, 0.000000, 0.994605, 0.103734),
      ["LeftUpperLeg"] = CFrame.new(-0.179143, 0.130921, -0.739800, 0.922665, 0.385602, -0.000035, -0.353135, 0.845015, 0.401552, 0.154869, -0.370486, 0.915836),
      ["LowerTorso"] = CFrame.new(0.002484, -1.097586, -1.967533, -0.999999, -0.001141, 0.000499, -0.000022, 0.416268, 0.909242, -0.001245, 0.909241, -0.416267),
      ["RightUpperArm"] = CFrame.new(0.000000, -0.174520, -0.209269, 1.000000, 0.000000, 0.000000, 0.000000, 0.100264, -0.994961, 0.000000, 0.994961, 0.100264),
      ["RightUpperLeg"] = CFrame.new(0.159156, 0.064638, -0.685582, 0.906825, -0.421500, 0.002389, 0.385526, 0.831695, 0.399566, -0.170404, -0.361415, 0.916702)
    }},
    { Time = 0.467, Data = {
      ["Head"] = CFrame.new(0.000000, -0.000000, -0.000000, 1.000000, -0.000000, 0.000000, 0.000000, 0.978754, 0.205039, -0.000000, -0.205039, 0.978754),
      ["LeftUpperArm"] = CFrame.new(-0.000000, -0.168640, -0.188678, 1.000000, 0.000000, 0.000000, 0.000000, 0.103850, -0.994593, 0.000000, 0.994593, 0.103850),
      ["LeftUpperLeg"] = CFrame.new(-0.179143, 0.130921, -0.739800, 0.922665, 0.385602, -0.000035, -0.353135, 0.845015, 0.401552, 0.154869, -0.370486, 0.915836),
      ["LowerTorso"] = CFrame.new(0.002484, -1.097555, -1.967465, -0.999999, -0.001141, 0.000499, -0.000022, 0.416268, 0.909242, -0.001245, 0.909241, -0.416267),
      ["RightUpperArm"] = CFrame.new(0.000000, -0.174476, -0.209273, 1.000000, 0.000000, 0.000000, 0.000000, 0.100380, -0.994949, 0.000000, 0.994949, 0.100380),
      ["RightUpperLeg"] = CFrame.new(0.159150, 0.064599, -0.685565, 0.906825, -0.421500, 0.002389, 0.385526, 0.831695, 0.399566, -0.170404, -0.361415, 0.916702)
    }},
    { Time = 0.483, Data = {
      ["Head"] = CFrame.new(0.000000, 0.000000, 0.000000, 1.000000, -0.000000, 0.000000, 0.000000, 0.979126, 0.203255, -0.000000, -0.203255, 0.979126),
      ["LeftUpperArm"] = CFrame.new(-0.000000, -0.168599, -0.188652, 1.000000, 0.000000, 0.000000, 0.000000, 0.103850, -0.994593, 0.000000, 0.994593, 0.103850),
      ["LeftUpperLeg"] = CFrame.new(-0.179143, 0.130921, -0.739800, 0.922665, 0.385602, -0.000035, -0.353135, 0.845015, 0.401552, 0.154869, -0.370486, 0.915836),
      ["LowerTorso"] = CFrame.new(0.002484, -1.097544, -1.967440, -0.999999, -0.001141, 0.000499, -0.000022, 0.416268, 0.909242, -0.001245, 0.909241, -0.416267),
      ["RightUpperArm"] = CFrame.new(0.000000, -0.174471, -0.209274, 1.000000, 0.000000, 0.000000, 0.000000, 0.100380, -0.994949, 0.000000, 0.994949, 0.100380),
      ["RightUpperLeg"] = CFrame.new(0.159148, 0.064584, -0.685558, 0.906825, -0.421500, 0.002389, 0.385526, 0.831695, 0.399566, -0.170404, -0.361415, 0.916702)
    }},
    { Time = 0.500, Data = {
      ["Head"] = CFrame.new(0.000000, -0.000000, 0.000000, 1.000000, -0.000000, 0.000000, 0.000000, 0.979407, 0.201896, -0.000000, -0.201896, 0.979407),
      ["LeftUpperArm"] = CFrame.new(-0.000000, -0.168593, -0.188648, 1.000000, 0.000000, 0.000000, 0.000000, 0.103850, -0.994593, 0.000000, 0.994593, 0.103850),
      ["LeftUpperLeg"] = CFrame.new(-0.179143, 0.130921, -0.739800, 0.922665, 0.385602, -0.000035, -0.353135, 0.845015, 0.401552, 0.154869, -0.370486, 0.915836),
      ["LowerTorso"] = CFrame.new(0.002484, -1.097542, -1.967436, -0.999999, -0.001141, 0.000499, -0.000022, 0.416268, 0.909242, -0.001245, 0.909241, -0.416267),
      ["RightUpperArm"] = CFrame.new(0.000000, -0.174470, -0.209274, 1.000000, 0.000000, 0.000000, 0.000000, 0.100380, -0.994949, 0.000000, 0.994949, 0.100380),
      ["RightUpperLeg"] = CFrame.new(0.159148, 0.064582, -0.685557, 0.906825, -0.421500, 0.002389, 0.385526, 0.831695, 0.399566, -0.170404, -0.361415, 0.916702)
    }},
    { Time = 0.517, Data = {
      ["Head"] = CFrame.new(0.000000, -0.000000, 0.000000, 1.000000, -0.000000, 0.000000, 0.000000, 0.979582, 0.201046, -0.000000, -0.201046, 0.979582),
      ["LeftUpperArm"] = CFrame.new(-0.000000, -0.168680, -0.188704, 1.000000, 0.000000, 0.000000, 0.000000, 0.103850, -0.994593, 0.000000, 0.994593, 0.103850),
      ["LeftUpperLeg"] = CFrame.new(-0.179143, 0.130921, -0.739800, 0.922665, 0.385602, -0.000035, -0.353135, 0.845015, 0.401552, 0.154869, -0.370486, 0.915836),
      ["LowerTorso"] = CFrame.new(0.002484, -1.097567, -1.967490, -0.999999, -0.001141, 0.000499, -0.000022, 0.416268, 0.909242, -0.001245, 0.909241, -0.416267),
      ["RightUpperArm"] = CFrame.new(0.000000, -0.174481, -0.209273, 1.000000, 0.000000, 0.000000, 0.000000, 0.100380, -0.994949, 0.000000, 0.994949, 0.100380),
      ["RightUpperLeg"] = CFrame.new(0.159152, 0.064613, -0.685571, 0.906825, -0.421500, 0.002389, 0.385526, 0.831695, 0.399566, -0.170404, -0.361415, 0.916702)
    }},
    { Time = 0.533, Data = {
      ["Head"] = CFrame.new(0.000000, -0.000000, -0.000000, 1.000000, -0.000000, 0.000000, 0.000000, 0.979686, 0.200536, -0.000000, -0.200536, 0.979686),
      ["LeftUpperArm"] = CFrame.new(-0.000000, -0.169032, -0.188865, 1.000000, 0.000000, 0.000000, 0.000000, 0.103503, -0.994629, 0.000000, 0.994629, 0.103503),
      ["LeftUpperLeg"] = CFrame.new(-0.179143, 0.130921, -0.739800, 0.922665, 0.385602, -0.000035, -0.353135, 0.845015, 0.401552, 0.154869, -0.370486, 0.915836),
      ["LowerTorso"] = CFrame.new(0.002484, -1.097641, -1.967651, -0.999999, -0.001141, 0.000499, -0.000022, 0.416268, 0.909242, -0.001245, 0.909241, -0.416267),
      ["RightUpperArm"] = CFrame.new(0.000000, -0.174574, -0.209263, 1.000000, 0.000000, 0.000000, 0.000000, 0.100148, -0.994973, 0.000000, 0.994973, 0.100148),
      ["RightUpperLeg"] = CFrame.new(0.159167, 0.064710, -0.685603, 0.906825, -0.421500, 0.002370, 0.385518, 0.831661, 0.399644, -0.170421, -0.361494, 0.916667)
    }},
    { Time = 0.550, Data = {
      ["Head"] = CFrame.new(0.000000, -0.000000, 0.000000, 1.000000, -0.000000, 0.000000, 0.000000, 0.979739, 0.200281, -0.000000, -0.200281, 0.979739),
      ["LeftUpperArm"] = CFrame.new(-0.000000, -0.169557, -0.189137, 1.000000, 0.000000, 0.000000, 0.000000, 0.103156, -0.994665, 0.000000, 0.994665, 0.103156),
      ["LeftUpperLeg"] = CFrame.new(-0.179143, 0.130921, -0.739800, 0.922665, 0.385602, -0.000035, -0.353135, 0.845015, 0.401552, 0.154869, -0.370486, 0.915836),
      ["LowerTorso"] = CFrame.new(0.002485, -1.097764, -1.967920, -0.999999, -0.001141, 0.000499, -0.000022, 0.416268, 0.909242, -0.001245, 0.909241, -0.416267),
      ["RightUpperArm"] = CFrame.new(0.000000, -0.174688, -0.209251, 1.000000, 0.000000, 0.000000, 0.000000, 0.099916, -0.994996, 0.000000, 0.994996, 0.099916),
      ["RightUpperLeg"] = CFrame.new(0.159190, 0.064865, -0.685670, 0.906825, -0.421500, 0.002370, 0.385518, 0.831661, 0.399644, -0.170421, -0.361494, 0.916667)
    }},
    { Time = 0.567, Data = {
      ["Head"] = CFrame.new(0.000000, 0.000000, 0.000000, 1.000000, -0.000000, 0.000000, 0.000000, 0.979773, 0.200111, -0.000000, -0.200111, 0.979773),
      ["LeftUpperArm"] = CFrame.new(-0.000000, -0.170316, -0.189517, 1.000000, 0.000000, 0.000000, 0.000000, 0.102578, -0.994725, 0.000000, 0.994725, 0.102578),
      ["LeftUpperLeg"] = CFrame.new(-0.179143, 0.130921, -0.739800, 0.922665, 0.385602, -0.000035, -0.353135, 0.845015, 0.401552, 0.154869, -0.370486, 0.915836),
      ["LowerTorso"] = CFrame.new(0.002485, -1.097936, -1.968297, -0.999999, -0.001141, 0.000499, -0.000022, 0.416268, 0.909242, -0.001245, 0.909241, -0.416267),
      ["RightUpperArm"] = CFrame.new(0.000000, -0.174854, -0.209234, 1.000000, 0.000000, 0.000000, 0.000000, 0.099569, -0.995031, 0.000000, 0.995031, 0.099569),
      ["RightUpperLeg"] = CFrame.new(0.159224, 0.065085, -0.685756, 0.906825, -0.421500, 0.002351, 0.385511, 0.831627, 0.399723, -0.170438, -0.361573, 0.916633)
    }},
    { Time = 0.583, Data = {
      ["Head"] = CFrame.new(0.000000, 0.000000, 0.000000, 1.000000, -0.000000, 0.000000, 0.000000, 0.979773, 0.200111, -0.000000, -0.200111, 0.979773),
      ["LeftUpperArm"] = CFrame.new(-0.000000, -0.171310, -0.190003, 1.000000, 0.000000, 0.000000, 0.000000, 0.101769, -0.994808, 0.000000, 0.994808, 0.101769),
      ["LeftUpperLeg"] = CFrame.new(-0.179143, 0.130921, -0.739800, 0.922665, 0.385602, -0.000035, -0.353135, 0.845015, 0.401552, 0.154869, -0.370486, 0.915836),
      ["LowerTorso"] = CFrame.new(0.002486, -1.098158, -1.968780, -0.999999, -0.001141, 0.000499, -0.000022, 0.416268, 0.909242, -0.001245, 0.909241, -0.416267),
      ["RightUpperArm"] = CFrame.new(0.000000, -0.175072, -0.209213, 1.000000, 0.000000, 0.000000, 0.000000, 0.099106, -0.995077, 0.000000, 0.995077, 0.099106),
      ["RightUpperLeg"] = CFrame.new(0.159266, 0.065372, -0.685860, 0.906825, -0.421500, 0.002313, 0.385495, 0.831558, 0.399881, -0.170473, -0.361731, 0.916564)
    }},
    { Time = 0.600, Data = {
      ["Head"] = CFrame.new(0.000000, 0.000000, 0.000000, 1.000000, -0.000000, 0.000000, 0.000000, 0.979669, 0.200621, -0.000000, -0.200621, 0.979669),
      ["LeftUpperArm"] = CFrame.new(-0.000000, -0.172508, -0.190600, 1.000000, 0.000000, 0.000000, 0.000000, 0.100843, -0.994902, 0.000000, 0.994902, 0.100843),
      ["LeftUpperLeg"] = CFrame.new(-0.179143, 0.130921, -0.739800, 0.922665, 0.385602, -0.000035, -0.353135, 0.845015, 0.401552, 0.154869, -0.370486, 0.915836),
      ["LowerTorso"] = CFrame.new(0.002487, -1.098428, -1.969372, -0.999999, -0.001141, 0.000499, -0.000022, 0.416268, 0.909242, -0.001245, 0.909241, -0.416267),
      ["RightUpperArm"] = CFrame.new(0.000000, -0.175312, -0.209188, 1.000000, 0.000000, 0.000000, 0.000000, 0.098642, -0.995123, 0.000000, 0.995123, 0.098642),
      ["RightUpperLeg"] = CFrame.new(0.159314, 0.065707, -0.686041, 0.906833, -0.421484, 0.002212, 0.385506, 0.831523, 0.399943, -0.170408, -0.361829, 0.916537)
    }},
    { Time = 0.617, Data = {
      ["Head"] = CFrame.new(0.000000, 0.000000, 0.000000, 1.000000, -0.000000, 0.000000, 0.000000, 0.979372, 0.202066, -0.000000, -0.202066, 0.979372),
      ["LeftUpperArm"] = CFrame.new(-0.000000, -0.173941, -0.191303, 1.000000, 0.000000, 0.000000, 0.000000, 0.099685, -0.995019, 0.000000, 0.995019, 0.099685),
      ["LeftUpperLeg"] = CFrame.new(-0.179143, 0.130921, -0.739800, 0.922665, 0.385602, -0.000035, -0.353135, 0.845015, 0.401552, 0.154869, -0.370486, 0.915836),
      ["LowerTorso"] = CFrame.new(0.002487, -1.098748, -1.970071, -0.999999, -0.001141, 0.000499, -0.000022, 0.416268, 0.909242, -0.001245, 0.909241, -0.416267),
      ["RightUpperArm"] = CFrame.new(0.000000, -0.175633, -0.209156, 1.000000, 0.000000, 0.000000, 0.000000, 0.097946, -0.995192, 0.000000, 0.995192, 0.097946),
      ["RightUpperLeg"] = CFrame.new(0.159376, 0.066117, -0.686200, 0.906833, -0.421484, 0.002173, 0.385490, 0.831455, 0.400101, -0.170443, -0.361987, 0.916469)
    }},
    { Time = 0.633, Data = {
      ["Head"] = CFrame.new(0.000000, 0.000000, -0.000000, 1.000000, -0.000000, 0.000000, 0.000000, 0.978860, 0.204530, -0.000000, -0.204530, 0.978860),
      ["LeftUpperArm"] = CFrame.new(-0.000000, -0.175578, -0.192117, 1.000000, 0.000000, 0.000000, 0.000000, 0.098410, -0.995146, 0.000000, 0.995146, 0.098410),
      ["LeftUpperLeg"] = CFrame.new(-0.179143, 0.130921, -0.739800, 0.922665, 0.385602, -0.000035, -0.353135, 0.845015, 0.401552, 0.154869, -0.370486, 0.915836),
      ["LowerTorso"] = CFrame.new(0.002488, -1.099118, -1.970878, -0.999999, -0.001141, 0.000499, -0.000022, 0.416268, 0.909242, -0.001245, 0.909241, -0.416267),
      ["RightUpperArm"] = CFrame.new(0.000000, -0.175976, -0.209121, 1.000000, 0.000000, 0.000000, 0.000000, 0.097251, -0.995260, 0.000000, 0.995260, 0.097251),
      ["RightUpperLeg"] = CFrame.new(0.159443, 0.066581, -0.686426, 0.906841, -0.421468, 0.002053, 0.385493, 0.831386, 0.400241, -0.170396, -0.362164, 0.916408)
    }},
    { Time = 0.650, Data = {
      ["Head"] = CFrame.new(0.000000, -0.000000, 0.000000, 1.000000, -0.000000, 0.000000, 0.000000, 0.978126, 0.208011, -0.000000, -0.208011, 0.978126),
      ["LeftUpperArm"] = CFrame.new(-0.000000, -0.177419, -0.193041, 1.000000, 0.000000, 0.000000, 0.000000, 0.097019, -0.995283, 0.000000, 0.995283, 0.097019),
      ["LeftUpperLeg"] = CFrame.new(-0.179143, 0.130921, -0.739800, 0.922665, 0.385602, -0.000035, -0.353135, 0.845015, 0.401552, 0.154869, -0.370486, 0.915836),
      ["LowerTorso"] = CFrame.new(0.002490, -1.099536, -1.971792, -0.999999, -0.001141, 0.000499, -0.000022, 0.416268, 0.909242, -0.001245, 0.909241, -0.416267),
      ["RightUpperArm"] = CFrame.new(0.000000, -0.176372, -0.209081, 1.000000, 0.000000, 0.000000, 0.000000, 0.096438, -0.995339, 0.000000, 0.995339, 0.096438),
      ["RightUpperLeg"] = CFrame.new(0.159524, 0.067118, -0.686630, 0.906841, -0.421468, 0.001996, 0.385470, 0.831282, 0.400478, -0.170448, -0.362400, 0.916304)
    }},
    { Time = 0.667, Data = {
