return {
  ["Astros laying down 3"] = {
    { Time = 0.000, Data = {
      ["Cock"] = CFrame.new(-0.000000, 0.000000, 0.000000, 0.382591, 0.923918, 0.000000, -0.923918, 0.382591, -0.000000, -0.000000, 0.000000, 1.000000),
      ["Head"] = CFrame.new(0.000000, 0.000000, -0.000000, 1.000000, -0.000000, 0.000000, 0.000000, 0.932545, 0.361053, -0.000000, -0.361053, 0.932545),
      ["LeftUpperArm"] = CFrame.new(0.021773, 0.008461, 0.328664, 0.996567, 0.082787, 0.000034, -0.080775, 0.972439, -0.218716, -0.018140, 0.217963, 0.975788),
      ["LeftUpperLeg"] = CFrame.new(-0.019447, -0.135880, -0.024597, 0.961107, 0.276177, 0.000014, -0.271760, 0.945745, -0.178080, -0.049195, 0.171150, 0.984016),
      ["LowerTorso"] = CFrame.new(0.000000, -1.577746, -0.575171, 1.000000, 0.000000, 0.000000, 0.000000, 0.211576, -0.977362, 0.000000, 0.977362, 0.211576),
      ["RightUpperArm"] = CFrame.new(-0.017853, 0.008748, 0.328735, 0.997693, -0.067881, -0.000036, 0.066229, 0.973533, -0.218740, 0.014884, 0.218233, 0.975783),
      ["RightUpperLeg"] = CFrame.new(0.025785, 0.046169, -0.350555, 0.948430, -0.316985, 0.000001, 0.316847, 0.948016, 0.029557, -0.009370, -0.028033, 0.999563)
    }},
    { Time = 0.017, Data = {
      ["Cock"] = CFrame.new(-0.000000, 0.000000, 0.000000, 0.382495, 0.923957, 0.000000, -0.923957, 0.382495, -0.000000, -0.000000, 0.000000, 1.000000),
      ["Head"] = CFrame.new(0.000000, 0.000000, 0.000000, 1.000000, -0.000000, 0.000000, 0.000000, 0.931846, 0.362854, -0.000000, -0.362854, 0.931846),
      ["LeftUpperArm"] = CFrame.new(0.021773, 0.008461, 0.328646, 0.996567, 0.082787, 0.000034, -0.080775, 0.972439, -0.218716, -0.018140, 0.217963, 0.975788),
      ["LeftUpperLeg"] = CFrame.new(-0.019446, -0.135880, -0.024597, 0.961107, 0.276177, 0.000014, -0.271760, 0.945745, -0.178080, -0.049195, 0.171150, 0.984016),
      ["LowerTorso"] = CFrame.new(0.000000, -1.577760, -0.575168, 1.000000, 0.000000, 0.000000, 0.000000, 0.211576, -0.977362, 0.000000, 0.977362, 0.211576),
      ["RightUpperArm"] = CFrame.new(-0.017852, 0.008753, 0.328694, 0.997693, -0.067881, -0.000039, 0.066230, 0.973552, -0.218656, 0.014881, 0.218149, 0.975802),
      ["RightUpperLeg"] = CFrame.new(0.025770, 0.046213, -0.350559, 0.948430, -0.316985, 0.000001, 0.316847, 0.948016, 0.029557, -0.009370, -0.028033, 0.999563)
    }},
    { Time = 0.033, Data = {
      ["Cock"] = CFrame.new(-0.000000, 0.000000, 0.000000, 0.382112, 0.924116, 0.000000, -0.924116, 0.382112, -0.000000, -0.000000, 0.000000, 1.000000),
      ["Head"] = CFrame.new(0.000000, 0.000000, 0.000000, 1.000000, -0.000000, 0.000000, 0.000000, 0.931175, 0.364572, -0.000000, -0.364572, 0.931175),
      ["LeftUpperArm"] = CFrame.new(0.021771, 0.008465, 0.328569, 0.996567, 0.082787, 0.000037, -0.080776, 0.972458, -0.218632, -0.018136, 0.217878, 0.975807),
      ["LeftUpperLeg"] = CFrame.new(-0.019459, -0.135923, -0.024595, 0.961083, 0.276261, 0.000018, -0.271846, 0.945737, -0.177995, -0.049190, 0.171063, 0.984031),
      ["LowerTorso"] = CFrame.new(0.000000, -1.577693, -0.575184, 1.000000, 0.000000, 0.000000, 0.000000, 0.211467, -0.977385, 0.000000, 0.977385, 0.211467),
      ["RightUpperArm"] = CFrame.new(-0.017852, 0.008753, 0.328640, 0.997693, -0.067881, -0.000039, 0.066230, 0.973552, -0.218656, 0.014881, 0.218149, 0.975802),
      ["RightUpperLeg"] = CFrame.new(0.025725, 0.046348, -0.350562, 0.948430, -0.316985, -0.000013, 0.316847, 0.948013, 0.029643, -0.009384, -0.028118, 0.999561)
    }},
    { Time = 0.050, Data = {
      ["Cock"] = CFrame.new(-0.000000, 0.000000, 0.000000, 0.381440, 0.924394, 0.000000, -0.924394, 0.381440, -0.000000, -0.000000, 0.000000, 1.000000),
      ["Head"] = CFrame.new(0.000000, 0.000000, -0.000000, 1.000000, -0.000000, 0.000000, 0.000000, 0.930469, 0.366372, -0.000000, -0.366372, 0.930469),
      ["LeftUpperArm"] = CFrame.new(0.021770, 0.008470, 0.328457, 0.996567, 0.082787, 0.000041, -0.080777, 0.972477, -0.218547, -0.018133, 0.217794, 0.975826),
      ["LeftUpperLeg"] = CFrame.new(-0.019459, -0.135924, -0.024589, 0.961083, 0.276260, 0.000030, -0.271848, 0.945752, -0.177911, -0.049178, 0.170979, 0.984047),
      ["LowerTorso"] = CFrame.new(0.000000, -1.577655, -0.575194, 1.000000, 0.000000, 0.000000, 0.000000, 0.211359, -0.977409, 0.000000, 0.977409, 0.211359),
      ["RightUpperArm"] = CFrame.new(-0.017850, 0.008757, 0.328528, 0.997693, -0.067881, -0.000042, 0.066231, 0.973571, -0.218571, 0.014878, 0.218064, 0.975821),
      ["RightUpperLeg"] = CFrame.new(0.025664, 0.046530, -0.350607, 0.948403, -0.317067, -0.000127, 0.316930, 0.947981, 0.029799, -0.009328, -0.028302, 0.999556)
    }},
    { Time = 0.067, Data = {
      ["Cock"] = CFrame.new(-0.000000, 0.000000, 0.000000, 0.380575, 0.924750, 0.000000, -0.924750, 0.380575, -0.000000, -0.000000, 0.000000, 1.000000),
      ["Head"] = CFrame.new(0.000000, 0.000000, -0.000000, 1.000000, -0.000000, 0.000000, 0.000000, 0.929791, 0.368088, -0.000000, -0.368088, 0.929791),
      ["LeftUpperArm"] = CFrame.new(0.021768, 0.008479, 0.328287, 0.996567, 0.082787, 0.000048, -0.080778, 0.972515, -0.218378, -0.018126, 0.217624, 0.975864),
      ["LeftUpperLeg"] = CFrame.new(-0.019471, -0.135967, -0.024587, 0.961059, 0.276344, 0.000035, -0.271934, 0.945743, -0.177826, -0.049174, 0.170892, 0.984062),
      ["LowerTorso"] = CFrame.new(0.000000, -1.577644, -0.575199, 1.000000, 0.000000, 0.000000, 0.000000, 0.211250, -0.977432, 0.000000, 0.977432, 0.211250),
      ["RightUpperArm"] = CFrame.new(-0.017848, 0.008767, 0.328358, 0.997693, -0.067881, -0.000048, 0.066232, 0.973609, -0.218401, 0.014872, 0.217894, 0.975859),
      ["RightUpperLeg"] = CFrame.new(0.025559, 0.046842, -0.350616, 0.948403, -0.317067, -0.000155, 0.316929, 0.947976, 0.029969, -0.009356, -0.028472, 0.999551)
    }},
    { Time = 0.083, Data = {
      ["Cock"] = CFrame.new(-0.000000, 0.000000, 0.000000, 0.379518, 0.925184, 0.000000, -0.925184, 0.379518, -0.000000, -0.000000, 0.000000, 1.000000),
      ["Head"] = CFrame.new(0.000000, 0.000000, -0.000000, 1.000000, -0.000000, 0.000000, 0.000000, 0.929110, 0.369803, -0.000000, -0.369803, 0.929110),
      ["LeftUpperArm"] = CFrame.new(0.021765, 0.008488, 0.328081, 0.996567, 0.082787, 0.000055, -0.080780, 0.972553, -0.218208, -0.018119, 0.217455, 0.975902),
      ["LeftUpperLeg"] = CFrame.new(-0.019496, -0.136049, -0.024625, 0.961009, 0.276518, 0.000128, -0.272097, 0.945726, -0.177669, -0.049250, 0.170707, 0.984090),
      ["LowerTorso"] = CFrame.new(0.000000, -1.577660, -0.575199, 1.000000, 0.000000, 0.000000, 0.000000, 0.211142, -0.977455, 0.000000, 0.977455, 0.211142),
      ["RightUpperArm"] = CFrame.new(-0.017846, 0.008776, 0.328152, 0.997693, -0.067881, -0.000054, 0.066233, 0.973647, -0.218232, 0.014867, 0.217725, 0.975897),
      ["RightUpperLeg"] = CFrame.new(0.025439, 0.047201, -0.350624, 0.948375, -0.317150, -0.000198, 0.317011, 0.947940, 0.030225, -0.009398, -0.028727, 0.999543)
    }},
    { Time = 0.100, Data = {
      ["Cock"] = CFrame.new(-0.000000, 0.000000, 0.000000, 0.378171, 0.925736, 0.000000, -0.925736, 0.378171, -0.000000, -0.000000, 0.000000, 1.000000),
      ["Head"] = CFrame.new(0.000000, -0.000000, 0.000000, 1.000000, -0.000000, 0.000000, 0.000000, 0.928459, 0.371436, -0.000000, -0.371436, 0.928459),
      ["LeftUpperArm"] = CFrame.new(0.021761, 0.008498, 0.327840, 0.996567, 0.082787, 0.000063, -0.080781, 0.972591, -0.218039, -0.018112, 0.217286, 0.975940),
      ["LeftUpperLeg"] = CFrame.new(-0.019508, -0.136093, -0.024611, 0.960985, 0.276602, 0.000157, -0.272187, 0.945747, -0.177416, -0.049222, 0.170451, 0.984136),
      ["LowerTorso"] = CFrame.new(0.000000, -1.577595, -0.575217, 1.000000, 0.000000, 0.000000, 0.000000, 0.210925, -0.977502, 0.000000, 0.977502, 0.210925),
      ["RightUpperArm"] = CFrame.new(-0.017843, 0.008785, 0.327911, 0.997693, -0.067881, -0.000060, 0.066234, 0.973685, -0.218063, 0.014861, 0.217556, 0.975935),
      ["RightUpperLeg"] = CFrame.new(0.025276, 0.047687, -0.350675, 0.948376, -0.317149, -0.000338, 0.317011, 0.947930, 0.030552, -0.009369, -0.029082, 0.999533)
    }},
    { Time = 0.117, Data = {
      ["Cock"] = CFrame.new(-0.000000, 0.000000, 0.000000, 0.376630, 0.926364, 0.000000, -0.926364, 0.376630, -0.000000, -0.000000, 0.000000, 1.000000),
      ["Head"] = CFrame.new(0.000000, 0.000000, 0.000000, 1.000000, -0.000000, 0.000000, 0.000000, 0.927804, 0.373068, -0.000000, -0.373068, 0.927804),
      ["LeftUpperArm"] = CFrame.new(0.021757, 0.008512, 0.327543, 0.996567, 0.082787, 0.000073, -0.080784, 0.972648, -0.217785, -0.018101, 0.217031, 0.975997),
      ["LeftUpperLeg"] = CFrame.new(-0.019533, -0.136175, -0.024649, 0.960934, 0.276776, 0.000251, -0.272350, 0.945730, -0.177259, -0.049298, 0.170266, 0.984164),
      ["LowerTorso"] = CFrame.new(0.000000, -1.577556, -0.575230, 1.000000, 0.000000, 0.000000, 0.000000, 0.210708, -0.977549, 0.000000, 0.977549, 0.210708),
      ["RightUpperArm"] = CFrame.new(-0.017839, 0.008799, 0.327614, 0.997693, -0.067881, -0.000069, 0.066236, 0.973741, -0.217809, 0.014852, 0.217302, 0.975992),
      ["RightUpperLeg"] = CFrame.new(0.025099, 0.048217, -0.350732, 0.948348, -0.317230, -0.000480, 0.317093, 0.947892, 0.030878, -0.009340, -0.029436, 0.999523)
    }},
    { Time = 0.133, Data = {
      ["Cock"] = CFrame.new(-0.000000, -0.000000, 0.000000, 0.374797, 0.927107, 0.000000, -0.927107, 0.374797, -0.000000, -0.000000, 0.000000, 1.000000),
      ["Head"] = CFrame.new(0.000000, 0.000000, 0.000000, 1.000000, -0.000000, 0.000000, 0.000000, 0.927146, 0.374699, -0.000000, -0.374699, 0.927146),
      ["LeftUpperArm"] = CFrame.new(0.021752, 0.008525, 0.327212, 0.996567, 0.082787, 0.000084, -0.080786, 0.972704, -0.217531, -0.018091, 0.216777, 0.976053),
      ["LeftUpperLeg"] = CFrame.new(-0.019557, -0.136262, -0.024639, 0.960886, 0.276943, 0.000272, -0.272524, 0.945727, -0.177005, -0.049277, 0.170008, 0.984210),
      ["LowerTorso"] = CFrame.new(0.000000, -1.577544, -0.575238, 1.000000, 0.000000, 0.000000, 0.000000, 0.210491, -0.977596, 0.000000, 0.977596, 0.210491),
      ["RightUpperArm"] = CFrame.new(-0.017835, 0.008813, 0.327283, 0.997693, -0.067881, -0.000078, 0.066238, 0.973798, -0.217554, 0.014844, 0.217047, 0.976048),
      ["RightUpperLeg"] = CFrame.new(0.024893, 0.048831, -0.350746, 0.948321, -0.317313, -0.000551, 0.317174, 0.947851, 0.031304, -0.009411, -0.029861, 0.999510)
    }},
    { Time = 0.150, Data = {
      ["Cock"] = CFrame.new(-0.000000, 0.000000, 0.000000, 0.372672, 0.927963, 0.000000, -0.927963, 0.372672, -0.000000, -0.000000, 0.000000, 1.000000),
      ["Head"] = CFrame.new(0.000000, -0.000000, 0.000000, 1.000000, -0.000000, 0.000000, 0.000000, 0.926486, 0.376329, -0.000000, -0.376329, 0.926486),
      ["LeftUpperArm"] = CFrame.new(0.021746, 0.008544, 0.326826, 0.996567, 0.082787, 0.000099, -0.080789, 0.972780, -0.217192, -0.018077, 0.216439, 0.976129),
      ["LeftUpperLeg"] = CFrame.new(-0.019594, -0.136387, -0.024668, 0.960812, 0.277201, 0.000382, -0.272775, 0.945716, -0.176680, -0.049337, 0.169652, 0.984268),
      ["LowerTorso"] = CFrame.new(0.000000, -1.577449, -0.575264, 1.000000, 0.000000, 0.000000, 0.000000, 0.210166, -0.977666, 0.000000, 0.977666, 0.210166),
      ["RightUpperArm"] = CFrame.new(-0.017831, 0.008831, 0.326897, 0.997693, -0.067881, -0.000090, 0.066241, 0.973873, -0.217215, 0.014832, 0.216708, 0.976124),
      ["RightUpperLeg"] = CFrame.new(0.024660, 0.049527, -0.350808, 0.948293, -0.317395, -0.000707, 0.317256, 0.947809, 0.031716, -0.009396, -0.030301, 0.999497)
    }},
    { Time = 0.167, Data = {
      ["Cock"] = CFrame.new(-0.000000, 0.000000, 0.000000, 0.370446, 0.928854, 0.000000, -0.928854, 0.370446, -0.000000, -0.000000, 0.000000, 1.000000),
      ["Head"] = CFrame.new(0.000000, 0.000000, -0.000000, 1.000000, -0.000000, 0.000000, 0.000000, 0.925856, 0.377877, -0.000000, -0.377877, 0.925856),
      ["LeftUpperArm"] = CFrame.new(0.021740, 0.008563, 0.326408, 0.996567, 0.082787, 0.000113, -0.080792, 0.972855, -0.216853, -0.018062, 0.216100, 0.976204),
      ["LeftUpperLeg"] = CFrame.new(-0.019619, -0.136471, -0.024695, 0.960762, 0.277375, 0.000500, -0.272943, 0.945728, -0.176354, -0.049389, 0.169297, 0.984327),
      ["LowerTorso"] = CFrame.new(0.000000, -1.577378, -0.575286, 1.000000, 0.000000, 0.000000, 0.000000, 0.209840, -0.977736, 0.000000, 0.977736, 0.209840),
      ["RightUpperArm"] = CFrame.new(-0.017826, 0.008850, 0.326478, 0.997693, -0.067881, -0.000101, 0.066243, 0.973949, -0.216877, 0.014820, 0.216370, 0.976199),
      ["RightUpperLeg"] = CFrame.new(0.024415, 0.050261, -0.350868, 0.948238, -0.317559, -0.000878, 0.317421, 0.947737, 0.032213, -0.009397, -0.030825, 0.999481)
    }},
    { Time = 0.183, Data = {
      ["Cock"] = CFrame.new(-0.000000, 0.000000, 0.000000, 0.367925, 0.929855, 0.000000, -0.929855, 0.367925, -0.000000, -0.000000, 0.000000, 1.000000),
      ["Head"] = CFrame.new(0.000000, -0.000000, 0.000000, 1.000000, -0.000000, 0.000000, 0.000000, 0.925256, 0.379343, -0.000000, -0.379343, 0.925256),
      ["LeftUpperArm"] = CFrame.new(0.021736, 0.008581, 0.325957, 0.996566, 0.082796, 0.000213, -0.080786, 0.972930, -0.216518, -0.018134, 0.215757, 0.976279),
      ["LeftUpperLeg"] = CFrame.new(-0.019656, -0.136597, -0.024724, 0.960687, 0.277632, 0.000611, -0.273194, 0.945716, -0.176028, -0.049449, 0.168941, 0.984385),
      ["LowerTorso"] = CFrame.new(0.000000, -1.577332, -0.575303, 1.000000, 0.000000, 0.000000, 0.000000, 0.209515, -0.977805, 0.000000, 0.977805, 0.209515),
      ["RightUpperArm"] = CFrame.new(-0.017820, 0.008868, 0.326029, 0.997693, -0.067881, -0.000113, 0.066246, 0.974024, -0.216538, 0.014809, 0.216031, 0.976274),
      ["RightUpperLeg"] = CFrame.new(0.024129, 0.051115, -0.350928, 0.948211, -0.317640, -0.001062, 0.317503, 0.947690, 0.032796, -0.009410, -0.031434, 0.999462)
    }},
    { Time = 0.200, Data = {
      ["Cock"] = CFrame.new(-0.000000, 0.000000, 0.000000, 0.365205, 0.930927, 0.000000, -0.930927, 0.365205, -0.000000, -0.000000, 0.000000, 1.000000),
      ["Head"] = CFrame.new(0.000000, 0.000000, -0.000000, 1.000000, -0.000000, 0.000000, 0.000000, 0.924654, 0.380808, -0.000000, -0.380808, 0.924654),
      ["LeftUpperArm"] = CFrame.new(0.021729, 0.008604, 0.325455, 0.996566, 0.082796, 0.000231, -0.080790, 0.973024, -0.216095, -0.018117, 0.215334, 0.976372),
      ["LeftUpperLeg"] = CFrame.new(-0.019693, -0.136727, -0.024712, 0.960615, 0.277883, 0.000636, -0.273453, 0.945704, -0.175690, -0.049423, 0.168597, 0.984445),
      ["LowerTorso"] = CFrame.new(0.000000, -1.577201, -0.575339, 1.000000, 0.000000, 0.000000, 0.000000, 0.209081, -0.977898, 0.000000, 0.977898, 0.209081),
      ["RightUpperArm"] = CFrame.new(-0.017817, 0.008891, 0.325526, 0.997693, -0.067890, -0.000214, 0.066240, 0.974118, -0.216117, 0.014880, 0.215604, 0.976367),
      ["RightUpperLeg"] = CFrame.new(0.023818, 0.052043, -0.350994, 0.948183, -0.317721, -0.001246, 0.317584, 0.947643, 0.033378, -0.009424, -0.032044, 0.999442)
    }},
    { Time = 0.217, Data = {
      ["Cock"] = CFrame.new(-0.000000, 0.000000, 0.000000, 0.362381, 0.932030, 0.000000, -0.932030, 0.362381, -0.000000, -0.000000, 0.000000, 1.000000),
      ["Head"] = CFrame.new(0.000000, 0.000000, 0.000000, 1.000000, -0.000000, 0.000000, 0.000000, 0.924083, 0.382191, -0.000000, -0.382191, 0.924083),
      ["LeftUpperArm"] = CFrame.new(0.021721, 0.008627, 0.324923, 0.996566, 0.082796, 0.000249, -0.080794, 0.973118, -0.215671, -0.018099, 0.214910, 0.976466),
      ["LeftUpperLeg"] = CFrame.new(-0.019742, -0.136895, -0.024739, 0.960516, 0.278223, 0.000752, -0.273790, 0.945683, -0.175280, -0.049478, 0.168153, 0.984518),
      ["LowerTorso"] = CFrame.new(0.000000, -1.577201, -0.575347, 1.000000, 0.000000, 0.000000, 0.000000, 0.208755, -0.977968, 0.000000, 0.977968, 0.208755),
      ["RightUpperArm"] = CFrame.new(-0.017811, 0.008914, 0.324994, 0.997693, -0.067890, -0.000228, 0.066243, 0.974212, -0.215693, 0.014866, 0.215180, 0.976461),
      ["RightUpperLeg"] = CFrame.new(0.023497, 0.053003, -0.351057, 0.948128, -0.317885, -0.001446, 0.317748, 0.947564, 0.034045, -0.009453, -0.032738, 0.999419)
    }},
    { Time = 0.233, Data = {
      ["Cock"] = CFrame.new(-0.000000, 0.000000, 0.000000, 0.359257, 0.933239, 0.000000, -0.933239, 0.359257, -0.000000, -0.000000, 0.000000, 1.000000),
      ["Head"] = CFrame.new(0.000000, -0.000000, 0.000000, 1.000000, -0.000000, 0.000000, 0.000000, 0.923544, 0.383492, -0.000000, -0.383492, 0.923544),
      ["LeftUpperArm"] = CFrame.new(0.021713, 0.008650, 0.324363, 0.996566, 0.082796, 0.000267, -0.080798, 0.973211, -0.215247, -0.018082, 0.214487, 0.976560),
      ["LeftUpperLeg"] = CFrame.new(-0.019779, -0.137021, -0.024762, 0.960441, 0.278481, 0.000875, -0.274043, 0.945685, -0.174870, -0.049525, 0.167712, 0.984591),
      ["LowerTorso"] = CFrame.new(0.000000, -1.577004, -0.575397, 1.000000, 0.000000, 0.000000, 0.000000, 0.208212, -0.978084, 0.000000, 0.978084, 0.208212),
      ["RightUpperArm"] = CFrame.new(-0.017804, 0.008941, 0.324412, 0.997693, -0.067890, -0.000246, 0.066247, 0.974324, -0.215185, 0.014849, 0.214672, 0.976573),
      ["RightUpperLeg"] = CFrame.new(0.023152, 0.054032, -0.351168, 0.948073, -0.318048, -0.001730, 0.317914, 0.947485, 0.034698, -0.009396, -0.033447, 0.999396)
    }},
    { Time = 0.250, Data = {
      ["Cock"] = CFrame.new(-0.000000, 0.000000, 0.000000, 0.355931, 0.934512, 0.000000, -0.934512, 0.355931, -0.000000, -0.000000, 0.000000, 1.000000),
      ["Head"] = CFrame.new(0.000000, 0.000000, -0.000000, 1.000000, -0.000000, 0.000000, 0.000000, 0.923037, 0.384711, -0.000000, -0.384711, 0.923037),
      ["LeftUpperArm"] = CFrame.new(0.021706, 0.008677, 0.323754, 0.996566, 0.082805, 0.000374, -0.080793, 0.973323, -0.214742, -0.018146, 0.213975, 0.976671),
      ["LeftUpperLeg"] = CFrame.new(-0.019829, -0.137191, -0.024784, 0.960342, 0.278822, 0.001002, -0.274382, 0.945679, -0.174375, -0.049567, 0.167185, 0.984679),
      ["LowerTorso"] = CFrame.new(0.000000, -1.576938, -0.575420, 1.000000, 0.000000, 0.000000, 0.000000, 0.207777, -0.978176, 0.000000, 0.978176, 0.207777),
      ["RightUpperArm"] = CFrame.new(-0.017796, 0.008969, 0.323803, 0.997693, -0.067890, -0.000264, 0.066251, 0.974436, -0.214676, 0.014831, 0.214163, 0.976685),
      ["RightUpperLeg"] = CFrame.new(0.022772, 0.055169, -0.351235, 0.948046, -0.318128, -0.001942, 0.317994, 0.947430, 0.035451, -0.009438, -0.034226, 0.999370)
    }},
    { Time = 0.267, Data = {
      ["Cock"] = CFrame.new(-0.000000, 0.000000, 0.000000, 0.352497, 0.935813, 0.000000, -0.935813, 0.352497, -0.000000, -0.000000, 0.000000, 1.000000),
      ["Head"] = CFrame.new(0.000000, 0.000000, 0.000000, 1.000000, -0.000000, 0.000000, 0.000000, 0.922528, 0.385929, -0.000000, -0.385929, 0.922528),
      ["LeftUpperArm"] = CFrame.new(0.021697, 0.008704, 0.323119, 0.996566, 0.082805, 0.000396, -0.080798, 0.973435, -0.214234, -0.018125, 0.213466, 0.976782),
      ["LeftUpperLeg"] = CFrame.new(-0.019879, -0.137357, -0.024847, 0.960241, 0.279170, 0.001215, -0.274714, 0.945671, -0.173892, -0.049695, 0.166645, 0.984764),
      ["LowerTorso"] = CFrame.new(0.000000, -1.576891, -0.575439, 1.000000, 0.000000, 0.000000, 0.000000, 0.207342, -0.978269, 0.000000, 0.978269, 0.207342),
      ["RightUpperArm"] = CFrame.new(-0.017789, 0.008996, 0.323169, 0.997693, -0.067890, -0.000281, 0.066255, 0.974547, -0.214168, 0.014814, 0.213655, 0.976797),
      ["RightUpperLeg"] = CFrame.new(0.022384, 0.056328, -0.351348, 0.947991, -0.318290, -0.002241, 0.318160, 0.947346, 0.036189, -0.009396, -0.035020, 0.999342)
    }},
    { Time = 0.283, Data = {
      ["Cock"] = CFrame.new(-0.000000, 0.000000, 0.000000, 0.348858, 0.937176, 0.000000, -0.937176, 0.348858, -0.000000, -0.000000, 0.000000, 1.000000),
      ["Head"] = CFrame.new(0.000000, 0.000000, 0.000000, 1.000000, -0.000000, 0.000000, 0.000000, 0.922052, 0.387066, -0.000000, -0.387066, 0.922052),
      ["LeftUpperArm"] = CFrame.new(0.021665, 0.008738, 0.322439, 0.996573, 0.082719, 0.000430, -0.080718, 0.973572, -0.213641, -0.018091, 0.212874, 0.976912),
      ["LeftUpperLeg"] = CFrame.new(-0.019929, -0.137526, -0.024868, 0.960142, 0.279510, 0.001344, -0.275053, 0.945663, -0.173398, -0.049737, 0.166117, 0.984851),
      ["LowerTorso"] = CFrame.new(0.000000, -1.576754, -0.575477, 1.000000, 0.000000, 0.000000, 0.000000, 0.206799, -0.978383, 0.000000, 0.978383, 0.206799),
      ["RightUpperArm"] = CFrame.new(-0.017783, 0.009023, 0.322509, 0.997692, -0.067899, -0.000385, 0.066249, 0.974659, -0.213662, 0.014883, 0.213143, 0.976908),
      ["RightUpperLeg"] = CFrame.new(0.021975, 0.057548, -0.351417, 0.947935, -0.318454, -0.002468, 0.318323, 0.947259, 0.037026, -0.009453, -0.035884, 0.999311)
    }},
    { Time = 0.300, Data = {
      ["Cock"] = CFrame.new(-0.000000, 0.000000, 0.000000, 0.345010, 0.938599, 0.000000, -0.938599, 0.345010, -0.000000, -0.000000, 0.000000, 1.000000),
      ["Head"] = CFrame.new(0.000000, -0.000000, 0.000000, 1.000000, -0.000000, 0.000000, 0.000000, 0.921608, 0.388122, -0.000000, -0.388122, 0.921608),
      ["LeftUpperArm"] = CFrame.new(0.021655, 0.008765, 0.321758, 0.996573, 0.082719, 0.000452, -0.080723, 0.973683, -0.213132, -0.018070, 0.212365, 0.977023),
      ["LeftUpperLeg"] = CFrame.new(-0.019991, -0.137738, -0.024893, 0.960018, 0.279934, 0.001464, -0.275475, 0.945631, -0.172903, -0.049786, 0.165587, 0.984938),
      ["LowerTorso"] = CFrame.new(0.000000, -1.576635, -0.575511, 1.000000, 0.000000, 0.000000, 0.000000, 0.206255, -0.978498, 0.000000, 0.978498, 0.206255),
      ["RightUpperArm"] = CFrame.new(-0.017775, 0.009055, 0.321806, 0.997692, -0.067899, -0.000406, 0.066254, 0.974788, -0.213069, 0.014863, 0.212550, 0.977037),
      ["RightUpperLeg"] = CFrame.new(0.021548, 0.058823, -0.351532, 0.947880, -0.318615, -0.002781, 0.318488, 0.947171, 0.037850, -0.009425, -0.036763, 0.999280)
    }},
    { Time = 0.317, Data = {
      ["Cock"] = CFrame.new(-0.000000, 0.000000, 0.000000, 0.341052, 0.940044, 0.000000, -0.940044, 0.341052, -0.000000, -0.000000, 0.000000, 1.000000),
      ["Head"] = CFrame.new(0.000000, 0.000000, -0.000000, 1.000000, -0.000000, 0.000000, 0.000000, 0.921198, 0.389095, -0.000000, -0.389095, 0.921198),
      ["LeftUpperArm"] = CFrame.new(0.021646, 0.008797, 0.321032, 0.996572, 0.082728, 0.000563, -0.080719, 0.973812, -0.212543, -0.018131, 0.211769, 0.977152),
      ["LeftUpperLeg"] = CFrame.new(-0.020041, -0.137908, -0.024908, 0.959919, 0.280274, 0.001605, -0.275816, 0.945637, -0.172324, -0.049816, 0.164974, 0.985039),
      ["LowerTorso"] = CFrame.new(0.000000, -1.576531, -0.575542, 1.000000, 0.000000, 0.000000, 0.000000, 0.205711, -0.978613, 0.000000, 0.978613, 0.205711),
      ["RightUpperArm"] = CFrame.new(-0.017766, 0.009086, 0.321081, 0.997692, -0.067899, -0.000426, 0.066258, 0.974918, -0.212475, 0.014842, 0.211956, 0.977166),
      ["RightUpperLeg"] = CFrame.new(0.021104, 0.060152, -0.351608, 0.947825, -0.318778, -0.003009, 0.318651, 0.947082, 0.038687, -0.009482, -0.037627, 0.999247)
    }},
    { Time = 0.333, Data = {
      ["Cock"] = CFrame.new(-0.000000, 0.000000, 0.000000, 0.336883, 0.941546, 0.000000, -0.941546, 0.336883, -0.000000, -0.000000, 0.000000, 1.000000),
      ["Head"] = CFrame.new(0.000000, 0.000000, 0.000000, 1.000000, -0.000000, 0.000000, 0.000000, 0.920786, 0.390069, -0.000000, -0.390069, 0.920786),
      ["LeftUpperArm"] = CFrame.new(0.021635, 0.008833, 0.320265, 0.996572, 0.082728, 0.000592, -0.080725, 0.973959, -0.211864, -0.018103, 0.211090, 0.977299),
      ["LeftUpperLeg"] = CFrame.new(-0.020104, -0.138117, -0.024969, 0.959792, 0.280705, 0.001823, -0.276234, 0.945619, -0.171757, -0.049937, 0.164347, 0.985138),
      ["LowerTorso"] = CFrame.new(0.000000, -1.576442, -0.575570, 1.000000, 0.000000, 0.000000, 0.000000, 0.205167, -0.978727, 0.000000, 0.978727, 0.205167),
      ["RightUpperArm"] = CFrame.new(-0.017757, 0.009117, 0.320336, 0.997692, -0.067899, -0.000447, 0.066263, 0.975046, -0.211881, 0.014822, 0.211363, 0.977295),
      ["RightUpperLeg"] = CFrame.new(0.020657, 0.061488, -0.351723, 0.947742, -0.319022, -0.003338, 0.318899, 0.946961, 0.039595, -0.009470, -0.038591, 0.999210)
    }},
    { Time = 0.350, Data = {
      ["Cock"] = CFrame.new(-0.000000, 0.000000, 0.000000, 0.332702, 0.943032, 0.000000, -0.943032, 0.332702, -0.000000, -0.000000, 0.000000, 1.000000),
      ["Head"] = CFrame.new(0.000000, 0.000000, -0.000000, 1.000000, -0.000000, 0.000000, 0.000000, 0.920442, 0.390880, -0.000000, -0.390880, 0.920442),
      ["LeftUpperArm"] = CFrame.new(0.021624, 0.008865, 0.319502, 0.996572, 0.082728, 0.000617, -0.080731, 0.974088, -0.211271, -0.018079, 0.210497, 0.977427),
      ["LeftUpperLeg"] = CFrame.new(-0.020166, -0.138329, -0.024987, 0.959668, 0.281129, 0.001957, -0.276658, 0.945599, -0.171178, -0.049974, 0.163733, 0.985238),
      ["LowerTorso"] = CFrame.new(0.000000, -1.576259, -0.575618, 1.000000, 0.000000, 0.000000, 0.000000, 0.204514, -0.978864, 0.000000, 0.978864, 0.204514),
      ["RightUpperArm"] = CFrame.new(-0.017751, 0.009149, 0.319573, 0.997691, -0.067908, -0.000553, 0.066258, 0.975175, -0.211291, 0.014888, 0.210766, 0.977423),
      ["RightUpperLeg"] = CFrame.new(0.020181, 0.062909, -0.351842, 0.947686, -0.319182, -0.003666, 0.319063, 0.946867, 0.040503, -0.009457, -0.039554, 0.999173)
    }},
    { Time = 0.367, Data = {
      ["Cock"] = CFrame.new(-0.000000, -0.000000, 0.000000, 0.328307, 0.944571, 0.000000, -0.944571, 0.328307, -0.000000, -0.000000, 0.000000, 1.000000),
      ["Head"] = CFrame.new(0.000000, -0.000000, 0.000000, 1.000000, -0.000000, 0.000000, 0.000000, 0.920132, 0.391609, -0.000000, -0.391609, 0.920132),
      ["LeftUpperArm"] = CFrame.new(0.021615, 0.008900, 0.318700, 0.996571, 0.082737, 0.000731, -0.080728, 0.974234, -0.210596, -0.018137, 0.209815, 0.977573),
      ["LeftUpperLeg"] = CFrame.new(-0.020228, -0.138542, -0.025005, 0.959544, 0.281552, 0.002091, -0.277083, 0.945580, -0.170599, -0.050010, 0.163118, 0.985338),
      ["LowerTorso"] = CFrame.new(0.000000, -1.576197, -0.575641, 1.000000, 0.000000, 0.000000, 0.000000, 0.203970, -0.978977, 0.000000, 0.978977, 0.203970),
      ["RightUpperArm"] = CFrame.new(-0.017719, 0.009186, 0.318772, 0.997697, -0.067822, -0.000586, 0.066178, 0.975327, -0.210612, 0.014856, 0.210088, 0.977570),
      ["RightUpperLeg"] = CFrame.new(0.019692, 0.064372, -0.351914, 0.947631, -0.319344, -0.003922, 0.319226, 0.946769, 0.041511, -0.009543, -0.040589, 0.999130)
    }},
    { Time = 0.383, Data = {
      ["Cock"] = CFrame.new(-0.000000, 0.000000, 0.000000, 0.323797, 0.946127, 0.000000, -0.946127, 0.323797, -0.000000, -0.000000, 0.000000, 1.000000),
      ["Head"] = CFrame.new(0.000000, 0.000000, 0.000000, 1.000000, -0.000000, 0.000000, 0.000000, 0.919855, 0.392258, -0.000000, -0.392258, 0.919855),
      ["LeftUpperArm"] = CFrame.new(0.021603, 0.008931, 0.317906, 0.996571, 0.082737, 0.000757, -0.080733, 0.974362, -0.210003, -0.018112, 0.209221, 0.977701),
      ["LeftUpperLeg"] = CFrame.new(-0.020292, -0.138750, -0.025065, 0.959417, 0.281983, 0.002310, -0.277500, 0.945559, -0.170032, -0.050131, 0.162491, 0.985436),
      ["LowerTorso"] = CFrame.new(0.000000, -1.576038, -0.575683, 1.000000, 0.000000, 0.000000, 0.000000, 0.203316, -0.979113, 0.000000, 0.979113, 0.203316),
      ["RightUpperArm"] = CFrame.new(-0.017709, 0.009222, 0.317956, 0.997697, -0.067822, -0.000610, 0.066183, 0.975473, -0.209934, 0.014833, 0.209410, 0.977715),
      ["RightUpperLeg"] = CFrame.new(0.019204, 0.065830, -0.352030, 0.947547, -0.319587, -0.004266, 0.319473, 0.946642, 0.042504, -0.009546, -0.041637, 0.999087)
    }},
    { Time = 0.400, Data = {
      ["Cock"] = CFrame.new(-0.000000, 0.000000, 0.000000, 0.319272, 0.947663, 0.000000, -0.947663, 0.319272, -0.000000, -0.000000, 0.000000, 1.000000),
      ["Head"] = CFrame.new(0.000000, 0.000000, 0.000000, 1.000000, -0.000000, 0.000000, 0.000000, 0.919613, 0.392825, -0.000000, -0.392825, 0.919613),
      ["LeftUpperArm"] = CFrame.new(0.021591, 0.008967, 0.317077, 0.996571, 0.082736, 0.000785, -0.080740, 0.974507, -0.209324, -0.018084, 0.208543, 0.977846),
      ["LeftUpperLeg"] = CFrame.new(-0.020354, -0.138964, -0.025077, 0.959292, 0.282406, 0.002457, -0.277927, 0.945553, -0.169369, -0.050154, 0.161791, 0.985550),
      ["LowerTorso"] = CFrame.new(0.000000, -1.575887, -0.575724, 1.000000, 0.000000, 0.000000, 0.000000, 0.202662, -0.979249, 0.000000, 0.979249, 0.202662),
      ["RightUpperArm"] = CFrame.new(-0.017699, 0.009257, 0.317126, 0.997697, -0.067822, -0.000633, 0.066188, 0.975619, -0.209255, 0.014810, 0.208731, 0.977861),
      ["RightUpperLeg"] = CFrame.new(0.018692, 0.067361, -0.352150, 0.947492, -0.319747, -0.004607, 0.319638, 0.946541, 0.043497, -0.009547, -0.042686, 0.999043)
    }},
    { Time = 0.417, Data = {
      ["Cock"] = CFrame.new(-0.000000, 0.000000, 0.000000, 0.314529, 0.949248, 0.000000, -0.949248, 0.314529, -0.000000, -0.000000, 0.000000, 1.000000),
      ["Head"] = CFrame.new(0.000000, 0.000000, 0.000000, 1.000000, -0.000000, 0.000000, 0.000000, 0.919405, 0.393311, -0.000000, -0.393311, 0.919405),
      ["LeftUpperArm"] = CFrame.new(0.021581, 0.009002, 0.316236, 0.996570, 0.082745, 0.000900, -0.080737, 0.974652, -0.208649, -0.018142, 0.207861, 0.977990),
      ["LeftUpperLeg"] = CFrame.new(-0.020418, -0.139172, -0.025137, 0.959165, 0.282836, 0.002677, -0.278345, 0.945532, -0.168802, -0.050274, 0.161164, 0.985646),
      ["LowerTorso"] = CFrame.new(0.000000, -1.575747, -0.575762, 1.000000, 0.000000, 0.000000, 0.000000, 0.202008, -0.979384, 0.000000, 0.979384, 0.202008),
      ["RightUpperArm"] = CFrame.new(-0.017691, 0.009292, 0.316285, 0.997697, -0.067830, -0.000742, 0.066184, 0.975763, -0.208579, 0.014873, 0.208050, 0.978005),
      ["RightUpperLeg"] = CFrame.new(0.018170, 0.068920, -0.352271, 0.947436, -0.319906, -0.004950, 0.319802, 0.946439, 0.044490, -0.009548, -0.043734, 0.998998)
    }},
    { Time = 0.433, Data = {
      ["Cock"] = CFrame.new(-0.000000, 0.000000, 0.000000, 0.309872, 0.950778, 0.000000, -0.950778, 0.309872, -0.000000, -0.000000, 0.000000, 1.000000),
      ["Head"] = CFrame.new(0.000000, 0.000000, -0.000000, 1.000000, -0.000000, 0.000000, 0.000000, 0.919232, 0.393716, -0.000000, -0.393716, 0.919232),
      ["LeftUpperArm"] = CFrame.new(0.021569, 0.009038, 0.315387, 0.996570, 0.082745, 0.000929, -0.080743, 0.974797, -0.207971, -0.018114, 0.207182, 0.978135),
      ["LeftUpperLeg"] = CFrame.new(-0.020492, -0.139428, -0.025152, 0.959015, 0.283342, 0.002817, -0.278855, 0.945499, -0.168139, -0.050304, 0.160462, 0.985759),
      ["LowerTorso"] = CFrame.new(0.000000, -1.575611, -0.575798, 1.000000, 0.000000, 0.000000, 0.000000, 0.201354, -0.979519, 0.000000, 0.979519, 0.201354),
      ["RightUpperArm"] = CFrame.new(-0.017681, 0.009327, 0.315436, 0.997697, -0.067830, -0.000766, 0.066189, 0.975908, -0.207900, 0.014850, 0.207371, 0.978150),
      ["RightUpperLeg"] = CFrame.new(0.017655, 0.070460, -0.352394, 0.947353, -0.320148, -0.005294, 0.320050, 0.946308, 0.045482, -0.009552, -0.044782, 0.998951)
    }},
    { Time = 0.450, Data = {
      ["Cock"] = CFrame.new(-0.000000, 0.000000, 0.000000, 0.304996, 0.952354, 0.000000, -0.952354, 0.304996, -0.000000, -0.000000, 0.000000, 1.000000),
      ["Head"] = CFrame.new(0.000000, -0.000000, -0.000000, 1.000000, -0.000000, 0.000000, 0.000000, 0.919093, 0.394040, -0.000000, -0.394040, 0.919093),
      ["LeftUpperArm"] = CFrame.new(0.021556, 0.009077, 0.314507, 0.996570, 0.082744, 0.000961, -0.080750, 0.974959, -0.207207, -0.018082, 0.206419, 0.978297),
      ["LeftUpperLeg"] = CFrame.new(-0.020556, -0.139637, -0.025206, 0.958887, 0.283772, 0.003050, -0.279275, 0.945491, -0.167488, -0.050412, 0.159750, 0.985869),
      ["LowerTorso"] = CFrame.new(0.000000, -1.575482, -0.575833, 1.000000, 0.000000, 0.000000, 0.000000, 0.200699, -0.979653, 0.000000, 0.979653, 0.200699),
      ["RightUpperArm"] = CFrame.new(-0.017670, 0.009362, 0.314579, 0.997697, -0.067830, -0.000790, 0.066194, 0.976052, -0.207222, 0.014827, 0.206692, 0.978294),
      ["RightUpperLeg"] = CFrame.new(0.017133, 0.072020, -0.352510, 0.947269, -0.320390, -0.005652, 0.320297, 0.946172, 0.046560, -0.009569, -0.045915, 0.998900)
    }},
    { Time = 0.467, Data = {
      ["Cock"] = CFrame.new(-0.000000, 0.000000, 0.000000, 0.300204, 0.953875, 0.000000, -0.953875, 0.300204, -0.000000, -0.000000, 0.000000, 1.000000),
      ["Head"] = CFrame.new(0.000000, 0.000000, 0.000000, 1.000000, -0.000000, 0.000000, 0.000000, 0.918989, 0.394283, -0.000000, -0.394283, 0.918989),
      ["LeftUpperArm"] = CFrame.new(0.021546, 0.009112, 0.313644, 0.996570, 0.082753, 0.001075, -0.080748, 0.975102, -0.206532, -0.018140, 0.205737, 0.978439),
      ["LeftUpperLeg"] = CFrame.new(-0.020632, -0.139893, -0.025220, 0.958737, 0.284278, 0.003190, -0.279785, 0.945457, -0.166825, -0.050441, 0.159048, 0.985981),
      ["LowerTorso"] = CFrame.new(0.000000, -1.575357, -0.575867, 1.000000, 0.000000, 0.000000, 0.000000, 0.200044, -0.979787, 0.000000, 0.979787, 0.200044),
      ["RightUpperArm"] = CFrame.new(-0.017660, 0.009397, 0.313716, 0.997697, -0.067830, -0.000813, 0.066200, 0.976196, -0.206543, 0.014804, 0.206013, 0.978437),
      ["RightUpperLeg"] = CFrame.new(0.016593, 0.073634, -0.352635, 0.947213, -0.320549, -0.005995, 0.320462, 0.946067, 0.047553, -0.009571, -0.046964, 0.998851)
    }},
    { Time = 0.483, Data = {
      ["Cock"] = CFrame.new(-0.000000, 0.000000, 0.000000, 0.295294, 0.955406, 0.000000, -0.955406, 0.295294, -0.000000, -0.000000, 0.000000, 1.000000),
      ["Head"] = CFrame.new(0.000000, 0.000000, 0.000000, 1.000000, -0.000000, 0.000000, 0.000000, 0.918920, 0.394445, -0.000000, -0.394445, 0.918920),
      ["LeftUpperArm"] = CFrame.new(0.021533, 0.009152, 0.312755, 0.996570, 0.082753, 0.001108, -0.080755, 0.975263, -0.205768, -0.018108, 0.204973, 0.978600),
      ["LeftUpperLeg"] = CFrame.new(-0.020696, -0.140102, -0.025274, 0.958608, 0.284707, 0.003424, -0.280205, 0.945448, -0.166174, -0.050548, 0.158336, 0.986091),
      ["LowerTorso"] = CFrame.new(0.000000, -1.575235, -0.575900, 1.000000, 0.000000, 0.000000, 0.000000, 0.199389, -0.979921, 0.000000, 0.979921, 0.199389),
      ["RightUpperArm"] = CFrame.new(-0.017652, 0.009436, 0.312826, 0.997696, -0.067838, -0.000925, 0.066196, 0.976356, -0.205782, 0.014863, 0.205246, 0.978598),
      ["RightUpperLeg"] = CFrame.new(0.016064, 0.075216, -0.352753, 0.947129, -0.320789, -0.006354, 0.320709, 0.945929, 0.048630, -0.009590, -0.048097, 0.998797)
    }},
    { Time = 0.500, Data = {
      ["Cock"] = CFrame.new(-0.000000, 0.000000, 0.000000, 0.290366, 0.956916, 0.000000, -0.956916, 0.290366, -0.000000, -0.000000, 0.000000, 1.000000),
      ["Head"] = CFrame.new(0.000000, 0.000000, 0.000000, 1.000000, -0.000000, 0.000000, 0.000000, 0.918920, 0.394445, -0.000000, -0.394445, 0.918920),
      ["LeftUpperArm"] = CFrame.new(0.021520, 0.009186, 0.311886, 0.996570, 0.082752, 0.001137, -0.080761, 0.975406, -0.205089, -0.018080, 0.204294, 0.978743),
      ["LeftUpperLeg"] = CFrame.new(-0.020771, -0.140358, -0.025288, 0.958458, 0.285213, 0.003565, -0.280715, 0.945413, -0.165510, -0.050576, 0.157634, 0.986202),
      ["LowerTorso"] = CFrame.new(0.000000, -1.575113, -0.575932, 1.000000, 0.000000, 0.000000, 0.000000, 0.198733, -0.980054, 0.000000, 0.980054, 0.198733),
      ["RightUpperArm"] = CFrame.new(-0.017641, 0.009471, 0.311958, 0.997696, -0.067838, -0.000949, 0.066202, 0.976499, -0.205103, 0.014840, 0.204567, 0.978740),
      ["RightUpperLeg"] = CFrame.new(0.015519, 0.076845, -0.352873, 0.947073, -0.320947, -0.006711, 0.320873, 0.945817, 0.049708, -0.009606, -0.049230, 0.998741)
    }},
    { Time = 0.517, Data = {
      ["Cock"] = CFrame.new(-0.000000, -0.000000, 0.000000, 0.285525, 0.958372, 0.000000, -0.958372, 0.285525, -0.000000, -0.000000, 0.000000, 1.000000),
      ["Head"] = CFrame.new(0.000000, 0.000000, 0.000000, 1.000000, -0.000000, 0.000000, 0.000000, 0.918920, 0.394445, -0.000000, -0.394445, 0.918920),
      ["LeftUpperArm"] = CFrame.new(0.021510, 0.009221, 0.311017, 0.996569, 0.082761, 0.001251, -0.080758, 0.975548, -0.204414, -0.018138, 0.203611, 0.978884),
      ["LeftUpperLeg"] = CFrame.new(-0.020836, -0.140568, -0.025341, 0.958329, 0.285642, 0.003799, -0.281135, 0.945402, -0.164859, -0.050682, 0.156922, 0.986310),
      ["LowerTorso"] = CFrame.new(0.000000, -1.574993, -0.575963, 1.000000, 0.000000, 0.000000, 0.000000, 0.198077, -0.980186, 0.000000, 0.980186, 0.198077),
      ["RightUpperArm"] = CFrame.new(-0.017631, 0.009510, 0.311067, 0.997696, -0.067838, -0.000976, 0.066207, 0.976659, -0.204339, 0.014815, 0.203803, 0.978900),
      ["RightUpperLeg"] = CFrame.new(0.014988, 0.078432, -0.352998, 0.946989, -0.321188, -0.007057, 0.321121, 0.945680, 0.050700, -0.009611, -0.050278, 0.998689)
    }},
    { Time = 0.533, Data = {
      ["Cock"] = CFrame.new(-0.000000, 0.000000, 0.000000, 0.280563, 0.959836, 0.000000, -0.959836, 0.280563, -0.000000, -0.000000, 0.000000, 1.000000),
      ["Head"] = CFrame.new(0.000000, 0.000000, 0.000000, 1.000000, -0.000000, 0.000000, 0.000000, 0.918989, 0.394283, -0.000000, -0.394283, 0.918989),
      ["LeftUpperArm"] = CFrame.new(0.021497, 0.009260, 0.310128, 0.996569, 0.082760, 0.001283, -0.080765, 0.975707, -0.203650, -0.018106, 0.202847, 0.979043),
      ["LeftUpperLeg"] = CFrame.new(-0.020911, -0.140823, -0.025355, 0.958178, 0.286147, 0.003941, -0.281646, 0.945365, -0.164196, -0.050710, 0.156219, 0.986420),
      ["LowerTorso"] = CFrame.new(0.000000, -1.574870, -0.575995, 1.000000, 0.000000, 0.000000, 0.000000, 0.197421, -0.980319, 0.000000, 0.980319, 0.197421),
      ["RightUpperArm"] = CFrame.new(-0.017623, 0.009544, 0.310199, 0.997695, -0.067846, -0.001085, 0.066204, 0.976800, -0.203662, 0.014877, 0.203121, 0.979041),
      ["RightUpperLeg"] = CFrame.new(0.014445, 0.080056, -0.353116, 0.946933, -0.321345, -0.007414, 0.321286, 0.945566, 0.051777, -0.009628, -0.051412, 0.998631)
    }},
    { Time = 0.550, Data = {
      ["Cock"] = CFrame.new(-0.000000, -0.000000, 0.000000, 0.275688, 0.961247, 0.000000, -0.961247, 0.275688, -0.000000, -0.000000, 0.000000, 1.000000),
      ["Head"] = CFrame.new(0.000000, -0.000000, -0.000000, 1.000000, -0.000000, 0.000000, 0.000000, 0.919093, 0.394040, -0.000000, -0.394040, 0.919093),
      ["LeftUpperArm"] = CFrame.new(0.021484, 0.009294, 0.309265, 0.996569, 0.082760, 0.001312, -0.080772, 0.975848, -0.202971, -0.018078, 0.202168, 0.979184),
      ["LeftUpperLeg"] = CFrame.new(-0.020976, -0.141033, -0.025408, 0.958048, 0.286576, 0.004176, -0.282066, 0.945353, -0.163546, -0.050816, 0.155507, 0.986527),
      ["LowerTorso"] = CFrame.new(0.000000, -1.574632, -0.576049, 1.000000, 0.000000, 0.000000, 0.000000, 0.196655, -0.980473, 0.000000, 0.980473, 0.196655),
      ["RightUpperArm"] = CFrame.new(-0.017612, 0.009578, 0.309336, 0.997695, -0.067846, -0.001109, 0.066209, 0.976941, -0.202983, 0.014854, 0.202442, 0.979182),
      ["RightUpperLeg"] = CFrame.new(0.013919, 0.081629, -0.353233, 0.946849, -0.321584, -0.007774, 0.321533, 0.945422, 0.052854, -0.009647, -0.052544, 0.998572)
    }},
    { Time = 0.567, Data = {
      ["Cock"] = CFrame.new(-0.000000, 0.000000, 0.000000, 0.270901, 0.962607, 0.000000, -0.962607, 0.270901, -0.000000, -0.000000, 0.000000, 1.000000),
      ["Head"] = CFrame.new(0.000000, 0.000000, -0.000000, 1.000000, -0.000000, 0.000000, 0.000000, 0.919232, 0.393716, -0.000000, -0.393716, 0.919232),
      ["LeftUpperArm"] = CFrame.new(0.021473, 0.009329, 0.308407, 0.996568, 0.082768, 0.001427, -0.080769, 0.975988, -0.202295, -0.018136, 0.201485, 0.979324),
      ["LeftUpperLeg"] = CFrame.new(-0.021051, -0.141288, -0.025421, 0.957896, 0.287081, 0.004318, -0.282576, 0.945315, -0.162883, -0.050843, 0.154804, 0.986636),
      ["LowerTorso"] = CFrame.new(0.000000, -1.574503, -0.576081, 1.000000, 0.000000, 0.000000, 0.000000, 0.195999, -0.980604, 0.000000, 0.980604, 0.195999),
