return {
  ["Astros doggy 4"] = {
    { Time = 0.000, Data = {
      ["Head"] = CFrame.new(0.000000, 0.000000, -0.000000, 0.926425, 0.027091, 0.375504, -0.045745, 0.998118, 0.040850, -0.373691, -0.055022, 0.925920),
      ["LeftUpperArm"] = CFrame.new(0.091245, -0.240757, 0.033199, 0.981645, -0.125682, 0.143449, 0.146228, 0.013122, -0.989164, 0.122438, 0.991984, 0.031259),
      ["LeftUpperLeg"] = CFrame.new(-0.704135, 0.852640, -0.274384, 0.705280, -0.258992, 0.659927, 0.542972, 0.795854, -0.267949, -0.455809, 0.547301, 0.701925),
      ["LowerTorso"] = CFrame.new(0.000011, -0.482148, -0.132938, -1.000000, 0.000122, -0.000007, 0.000007, 0.114221, 0.993455, 0.000122, 0.993455, -0.114221),
      ["RightUpperArm"] = CFrame.new(-0.091246, -0.240761, 0.033198, 0.981645, 0.125682, -0.143449, -0.146228, 0.013122, -0.989164, -0.122438, 0.991984, 0.031259),
      ["RightUpperLeg"] = CFrame.new(0.704149, 0.852631, -0.274380, 0.705280, 0.258992, -0.659927, -0.542972, 0.795854, -0.267949, 0.455809, 0.547301, 0.701925)
    }},
    { Time = 0.017, Data = {
      ["Head"] = CFrame.new(0.000000, 0.000000, -0.000000, 0.926425, 0.027124, 0.375502, -0.045712, 0.998126, 0.040681, -0.373695, -0.054853, 0.925928),
      ["LeftUpperArm"] = CFrame.new(0.091245, -0.240757, 0.033199, 0.981645, -0.125682, 0.143449, 0.146228, 0.013122, -0.989164, 0.122438, 0.991984, 0.031259),
      ["LeftUpperLeg"] = CFrame.new(-0.704135, 0.852629, -0.274393, 0.705280, -0.258992, 0.659927, 0.542972, 0.795854, -0.267949, -0.455809, 0.547301, 0.701925),
      ["LowerTorso"] = CFrame.new(0.000011, -0.482139, -0.132931, -1.000000, 0.000122, -0.000007, 0.000007, 0.114221, 0.993455, 0.000122, 0.993455, -0.114221),
      ["RightUpperArm"] = CFrame.new(-0.091246, -0.240761, 0.033197, 0.981645, 0.125682, -0.143449, -0.146228, 0.013122, -0.989164, -0.122438, 0.991984, 0.031259),
      ["RightUpperLeg"] = CFrame.new(0.704148, 0.852620, -0.274389, 0.705280, 0.258992, -0.659927, -0.542972, 0.795854, -0.267949, 0.455809, 0.547301, 0.701925)
    }},
    { Time = 0.033, Data = {
      ["Head"] = CFrame.new(0.000000, -0.000000, -0.000000, 0.926428, 0.027122, 0.375494, -0.045545, 0.998150, 0.040274, -0.373707, -0.054413, 0.925949),
      ["LeftUpperArm"] = CFrame.new(0.091245, -0.240757, 0.033199, 0.981645, -0.125682, 0.143449, 0.146228, 0.013122, -0.989164, 0.122438, 0.991984, 0.031259),
      ["LeftUpperLeg"] = CFrame.new(-0.704135, 0.852560, -0.274442, 0.705279, -0.258960, 0.659940, 0.542994, 0.795815, -0.268022, -0.455783, 0.547374, 0.701886),
      ["LowerTorso"] = CFrame.new(0.000011, -0.481962, -0.132900, -1.000000, 0.000122, -0.000007, 0.000007, 0.114106, 0.993469, 0.000122, 0.993469, -0.114106),
      ["RightUpperArm"] = CFrame.new(-0.091246, -0.240760, 0.033198, 0.981645, 0.125682, -0.143449, -0.146228, 0.013122, -0.989164, -0.122438, 0.991984, 0.031259),
      ["RightUpperLeg"] = CFrame.new(0.704149, 0.852551, -0.274438, 0.705279, 0.258960, -0.659940, -0.542994, 0.795815, -0.268022, 0.455783, 0.547374, 0.701886)
    }},
    { Time = 0.050, Data = {
      ["Head"] = CFrame.new(0.000000, -0.000000, -0.000000, 0.926434, 0.027118, 0.375479, -0.045212, 0.998198, 0.039461, -0.373732, -0.053534, 0.925991),
      ["LeftUpperArm"] = CFrame.new(0.091247, -0.240788, 0.033200, 0.981645, -0.125674, 0.143457, 0.146220, 0.013002, -0.989167, 0.122447, 0.991986, 0.031139),
      ["LeftUpperLeg"] = CFrame.new(-0.704127, 0.852406, -0.274525, 0.705295, -0.258964, 0.659922, 0.543120, 0.795658, -0.268233, -0.455610, 0.547600, 0.701822),
      ["LowerTorso"] = CFrame.new(0.000012, -0.481677, -0.132793, -1.000000, 0.000122, -0.000007, 0.000007, 0.113991, 0.993482, 0.000122, 0.993482, -0.113991),
      ["RightUpperArm"] = CFrame.new(-0.091248, -0.240792, 0.033198, 0.981645, 0.125674, -0.143457, -0.146220, 0.013002, -0.989167, -0.122447, 0.991986, 0.031139),
      ["RightUpperLeg"] = CFrame.new(0.704141, 0.852397, -0.274521, 0.705295, 0.258964, -0.659922, -0.543120, 0.795658, -0.268233, 0.455610, 0.547600, 0.701822)
    }},
    { Time = 0.067, Data = {
      ["Head"] = CFrame.new(0.000000, -0.000000, -0.000000, 0.926444, 0.027095, 0.375457, -0.044727, 0.998264, 0.038325, -0.373767, -0.052300, 0.926047),
      ["LeftUpperArm"] = CFrame.new(0.091252, -0.240851, 0.033201, 0.981645, -0.125656, 0.143472, 0.146205, 0.012761, -0.989172, 0.122465, 0.991992, 0.030899),
      ["LeftUpperLeg"] = CFrame.new(-0.704139, 0.852105, -0.274729, 0.705271, -0.258976, 0.659943, 0.543361, 0.795384, -0.268556, -0.455358, 0.547992, 0.701679),
      ["LowerTorso"] = CFrame.new(0.000012, -0.480887, -0.132611, -1.000000, 0.000122, -0.000007, 0.000007, 0.113531, 0.993534, 0.000122, 0.993534, -0.113531),
      ["RightUpperArm"] = CFrame.new(-0.091253, -0.240855, 0.033200, 0.981645, 0.125656, -0.143472, -0.146205, 0.012761, -0.989172, -0.122465, 0.991992, 0.030899),
      ["RightUpperLeg"] = CFrame.new(0.704153, 0.852096, -0.274725, 0.705271, 0.258976, -0.659943, -0.543361, 0.795384, -0.268556, 0.455358, 0.547992, 0.701679)
    }},
    { Time = 0.083, Data = {
      ["Head"] = CFrame.new(0.000000, 0.000000, -0.000000, 0.926453, 0.027122, 0.375432, -0.044194, 0.998340, 0.036936, -0.373807, -0.050811, 0.926114),
      ["LeftUpperArm"] = CFrame.new(0.091245, -0.240978, 0.033201, 0.981646, -0.125682, 0.143441, 0.146116, 0.012281, -0.989191, 0.122562, 0.991995, 0.030419),
      ["LeftUpperLeg"] = CFrame.new(-0.704124, 0.851567, -0.275061, 0.705301, -0.258887, 0.659945, 0.543678, 0.794952, -0.269195, -0.454934, 0.548661, 0.701432),
      ["LowerTorso"] = CFrame.new(0.000012, -0.479767, -0.132290, -1.000000, 0.000122, -0.000007, 0.000007, 0.112956, 0.993600, 0.000122, 0.993600, -0.112956),
      ["RightUpperArm"] = CFrame.new(-0.091246, -0.240982, 0.033201, 0.981646, 0.125682, -0.143441, -0.146116, 0.012281, -0.989191, -0.122562, 0.991995, 0.030419),
      ["RightUpperLeg"] = CFrame.new(0.704138, 0.851559, -0.275057, 0.705301, 0.258887, -0.659945, -0.543678, 0.794952, -0.269195, 0.454934, 0.548661, 0.701432)
    }},
    { Time = 0.100, Data = {
      ["Head"] = CFrame.new(0.000000, -0.000000, -0.000000, 0.926433, 0.027128, 0.375482, -0.043512, 0.998432, 0.035222, -0.373937, -0.048969, 0.926160),
      ["LeftUpperArm"] = CFrame.new(0.091243, -0.241168, 0.033203, 0.981647, -0.125690, 0.143425, 0.146011, 0.011559, -0.989215, 0.122676, 0.992002, 0.029699),
      ["LeftUpperLeg"] = CFrame.new(-0.704167, 0.850840, -0.275567, 0.705215, -0.258888, 0.660037, 0.544299, 0.794245, -0.270027, -0.454324, 0.549684, 0.701026),
      ["LowerTorso"] = CFrame.new(0.000012, -0.478034, -0.131817, -1.000000, 0.000122, -0.000007, 0.000007, 0.112036, 0.993704, 0.000122, 0.993704, -0.112036),
      ["RightUpperArm"] = CFrame.new(-0.091244, -0.241171, 0.033202, 0.981647, 0.125690, -0.143425, -0.146011, 0.011559, -0.989215, -0.122676, 0.992002, 0.029699),
      ["RightUpperLeg"] = CFrame.new(0.704181, 0.850832, -0.275564, 0.705215, 0.258888, -0.660037, -0.544299, 0.794245, -0.270027, 0.454324, 0.549684, 0.701026)
    }},
    { Time = 0.117, Data = {
      ["Head"] = CFrame.new(0.000000, 0.000000, -0.000000, 0.926448, 0.027117, 0.375444, -0.042677, 0.998538, 0.033188, -0.373995, -0.046770, 0.926251),
      ["LeftUpperArm"] = CFrame.new(0.091243, -0.241389, 0.033206, 0.981649, -0.125689, 0.143417, 0.145899, 0.010717, -0.989241, 0.122800, 0.992012, 0.028859),
      ["LeftUpperLeg"] = CFrame.new(-0.704183, 0.849761, -0.276282, 0.705183, -0.258724, 0.660136, 0.545037, 0.793298, -0.271316, -0.453489, 0.551126, 0.700434),
      ["LowerTorso"] = CFrame.new(0.000012, -0.475519, -0.131168, -1.000000, 0.000122, -0.000007, 0.000007, 0.110655, 0.993859, 0.000122, 0.993859, -0.110655),
      ["RightUpperArm"] = CFrame.new(-0.091244, -0.241393, 0.033205, 0.981649, 0.125689, -0.143417, -0.145899, 0.010717, -0.989241, -0.122800, 0.992012, 0.028859),
      ["RightUpperLeg"] = CFrame.new(0.704197, 0.849753, -0.276278, 0.705183, 0.258724, -0.660136, -0.545037, 0.793298, -0.271316, 0.453489, 0.551126, 0.700434)
    }},
    { Time = 0.133, Data = {
      ["Head"] = CFrame.new(0.000000, 0.000000, -0.000000, 0.926433, 0.027086, 0.375483, -0.041693, 0.998655, 0.030830, -0.374143, -0.044217, 0.926316),
      ["LeftUpperArm"] = CFrame.new(0.091235, -0.241710, 0.033208, 0.981633, -0.125722, 0.143492, 0.145824, 0.009498, -0.989265, 0.123010, 0.992020, 0.027657),
      ["LeftUpperLeg"] = CFrame.new(-0.704204, 0.848352, -0.277196, 0.705141, -0.258671, 0.660202, 0.546075, 0.792033, -0.272922, -0.452304, 0.552968, 0.699748),
      ["LowerTorso"] = CFrame.new(0.000012, -0.472282, -0.130288, -1.000000, 0.000122, -0.000007, 0.000007, 0.108928, 0.994050, 0.000122, 0.994050, -0.108928),
      ["RightUpperArm"] = CFrame.new(-0.091235, -0.241713, 0.033207, 0.981633, 0.125722, -0.143492, -0.145824, 0.009498, -0.989265, -0.123010, 0.992020, 0.027657),
      ["RightUpperLeg"] = CFrame.new(0.704218, 0.848344, -0.277192, 0.705141, 0.258671, -0.660202, -0.546075, 0.792033, -0.272922, 0.452304, 0.552968, 0.699748)
    }},
    { Time = 0.150, Data = {
      ["Head"] = CFrame.new(0.000000, -0.000000, -0.000000, 0.926451, 0.027123, 0.375436, -0.040642, 0.998778, 0.028135, -0.374214, -0.041324, 0.926421),
      ["LeftUpperArm"] = CFrame.new(0.091233, -0.242121, 0.033211, 0.981636, -0.125730, 0.143469, 0.145607, 0.007932, -0.989311, 0.123248, 0.992033, 0.026094),
      ["LeftUpperLeg"] = CFrame.new(-0.704237, 0.846537, -0.278384, 0.705074, -0.258565, 0.660314, 0.547394, 0.790404, -0.274993, -0.450811, 0.555342, 0.698830),
      ["LowerTorso"] = CFrame.new(0.000012, -0.468152, -0.129151, -1.000000, 0.000122, -0.000007, 0.000007, 0.106737, 0.994287, 0.000122, 0.994287, -0.106737),
      ["RightUpperArm"] = CFrame.new(-0.091233, -0.242125, 0.033210, 0.981636, 0.125730, -0.143469, -0.145607, 0.007932, -0.989311, -0.123248, 0.992033, 0.026094),
      ["RightUpperLeg"] = CFrame.new(0.704251, 0.846529, -0.278380, 0.705074, 0.258565, -0.660314, -0.547394, 0.790404, -0.274993, 0.450811, 0.555342, 0.698830)
    }},
    { Time = 0.167, Data = {
      ["Head"] = CFrame.new(0.000000, 0.000000, -0.000000, 0.926439, 0.027140, 0.375465, -0.039441, 0.998906, 0.025116, -0.374373, -0.038077, 0.926496),
      ["LeftUpperArm"] = CFrame.new(0.091238, -0.242629, 0.033215, 0.981638, -0.125711, 0.143469, 0.145366, 0.006004, -0.989360, 0.123512, 0.992049, 0.024168),
      ["LeftUpperLeg"] = CFrame.new(-0.704303, 0.844303, -0.279858, 0.704943, -0.258416, 0.660513, 0.549108, 0.788287, -0.277638, -0.448927, 0.558412, 0.697596),
      ["LowerTorso"] = CFrame.new(0.000013, -0.462961, -0.127727, -1.000000, 0.000122, -0.000006, 0.000006, 0.103966, 0.994581, 0.000122, 0.994581, -0.103966),
      ["RightUpperArm"] = CFrame.new(-0.091238, -0.242632, 0.033214, 0.981638, 0.125711, -0.143469, -0.145366, 0.006004, -0.989360, -0.123512, 0.992049, 0.024168),
      ["RightUpperLeg"] = CFrame.new(0.704316, 0.844296, -0.279854, 0.704943, 0.258416, -0.660513, -0.549108, 0.788287, -0.277638, 0.448927, 0.558412, 0.697596)
    }},
    { Time = 0.183, Data = {
      ["Head"] = CFrame.new(0.000000, 0.000000, -0.000000, 0.926429, 0.027121, 0.375491, -0.038106, 0.999035, 0.021858, -0.374535, -0.034559, 0.926568),
      ["LeftUpperArm"] = CFrame.new(0.091236, -0.243263, 0.033217, 0.981642, -0.125717, 0.143439, 0.145035, 0.003590, -0.989420, 0.123872, 0.992060, 0.021758),
      ["LeftUpperLeg"] = CFrame.new(-0.704355, 0.841516, -0.281677, 0.704839, -0.258241, 0.660692, 0.551086, 0.785794, -0.280770, -0.446662, 0.561996, 0.696171),
      ["LowerTorso"] = CFrame.new(0.000013, -0.456534, -0.125987, -1.000000, 0.000122, -0.000006, 0.000006, 0.100496, 0.994938, 0.000122, 0.994938, -0.100496),
      ["RightUpperArm"] = CFrame.new(-0.091237, -0.243266, 0.033216, 0.981642, 0.125717, -0.143439, -0.145035, 0.003590, -0.989420, -0.123872, 0.992060, 0.021758),
      ["RightUpperLeg"] = CFrame.new(0.704369, 0.841511, -0.281672, 0.704839, 0.258241, -0.660692, -0.551086, 0.785794, -0.280770, 0.446662, 0.561996, 0.696171)
    }},
    { Time = 0.200, Data = {
      ["Head"] = CFrame.new(0.000000, 0.000000, -0.000000, 0.926455, 0.027102, 0.375429, -0.036602, 0.999164, 0.018196, -0.374622, -0.030599, 0.926673),
      ["LeftUpperArm"] = CFrame.new(0.091244, -0.244026, 0.033219, 0.981645, -0.125689, 0.143439, 0.144672, 0.000690, -0.989479, 0.124267, 0.992070, 0.018861),
      ["LeftUpperLeg"] = CFrame.new(-0.704440, 0.838182, -0.283871, 0.704668, -0.257988, 0.660973, 0.553474, 0.782753, -0.284542, -0.443970, 0.566339, 0.694371),
      ["LowerTorso"] = CFrame.new(0.000013, -0.448931, -0.123873, -1.000000, 0.000122, -0.000006, 0.000006, 0.096438, 0.995339, 0.000122, 0.995339, -0.096439),
      ["RightUpperArm"] = CFrame.new(-0.091244, -0.244029, 0.033218, 0.981645, 0.125689, -0.143439, -0.144672, 0.000690, -0.989479, -0.124267, 0.992070, 0.018861),
      ["RightUpperLeg"] = CFrame.new(0.704454, 0.838178, -0.283866, 0.704668, 0.257988, -0.660973, -0.553474, 0.782753, -0.284542, 0.443970, 0.566339, 0.694371)
    }},
    { Time = 0.217, Data = {
      ["Head"] = CFrame.new(0.000000, 0.000000, -0.000000, 0.926447, 0.027131, 0.375447, -0.035050, 0.999284, 0.014277, -0.374790, -0.026386, 0.926734),
      ["LeftUpperArm"] = CFrame.new(0.091229, -0.244921, 0.033216, 0.981633, -0.125746, 0.143471, 0.144278, -0.002714, -0.989534, 0.124819, 0.992059, 0.015478),
      ["LeftUpperLeg"] = CFrame.new(-0.704526, 0.834262, -0.286395, 0.704497, -0.257752, 0.661247, 0.556332, 0.779070, -0.289040, -0.440658, 0.571501, 0.692248),
      ["LowerTorso"] = CFrame.new(0.000014, -0.439861, -0.121362, -1.000000, 0.000122, -0.000006, 0.000006, 0.091558, 0.995800, 0.000122, 0.995800, -0.091558),
      ["RightUpperArm"] = CFrame.new(-0.091229, -0.244924, 0.033215, 0.981633, 0.125746, -0.143471, -0.144278, -0.002714, -0.989534, -0.124819, 0.992059, 0.015478),
      ["RightUpperLeg"] = CFrame.new(0.704539, 0.834259, -0.286391, 0.704497, 0.257752, -0.661247, -0.556332, 0.779070, -0.289040, 0.440658, 0.571501, 0.692248)
    }},
    { Time = 0.233, Data = {
      ["Head"] = CFrame.new(0.000000, 0.000000, -0.000000, 0.926443, 0.027057, 0.375460, -0.033261, 0.999396, 0.010052, -0.374962, -0.021801, 0.926784),
      ["LeftUpperArm"] = CFrame.new(0.091239, -0.245942, 0.033211, 0.981638, -0.125708, 0.143473, 0.143791, -0.006594, -0.989586, 0.125344, 0.992045, 0.011602),
      ["LeftUpperLeg"] = CFrame.new(-0.704620, 0.829655, -0.289349, 0.704309, -0.257432, 0.661573, 0.559594, 0.774766, -0.294265, -0.436811, 0.577466, 0.689732),
      ["LowerTorso"] = CFrame.new(0.000014, -0.429381, -0.118395, -1.000000, 0.000122, -0.000005, 0.000005, 0.085965, 0.996298, 0.000122, 0.996298, -0.085964),
      ["RightUpperArm"] = CFrame.new(-0.091239, -0.245944, 0.033211, 0.981638, 0.125708, -0.143473, -0.143791, -0.006594, -0.989586, -0.125344, 0.992045, 0.011602),
      ["RightUpperLeg"] = CFrame.new(0.704633, 0.829652, -0.289344, 0.704309, 0.257432, -0.661573, -0.559594, 0.774766, -0.294265, 0.436811, 0.577466, 0.689732)
    }},
    { Time = 0.250, Data = {
      ["Head"] = CFrame.new(0.000000, 0.000000, -0.000000, 0.926437, 0.027134, 0.375472, -0.031491, 0.999489, 0.005472, -0.375131, -0.016894, 0.926818),
      ["LeftUpperArm"] = CFrame.new(0.091245, -0.247133, 0.033201, 0.981643, -0.125684, 0.143457, 0.143200, -0.011122, -0.989631, 0.125976, 0.992008, 0.007080),
      ["LeftUpperLeg"] = CFrame.new(-0.704743, 0.824324, -0.292765, 0.704061, -0.257099, 0.661966, 0.563325, 0.769779, -0.300175, -0.432393, 0.584243, 0.686801),
      ["LowerTorso"] = CFrame.new(0.000015, -0.417198, -0.114940, -1.000000, 0.000122, -0.000005, 0.000005, 0.079417, 0.996842, 0.000122, 0.996842, -0.079417),
      ["RightUpperArm"] = CFrame.new(-0.091245, -0.247135, 0.033200, 0.981643, 0.125684, -0.143457, -0.143200, -0.011122, -0.989631, -0.125976, 0.992008, 0.007080),
      ["RightUpperLeg"] = CFrame.new(0.704757, 0.824322, -0.292760, 0.704061, 0.257099, -0.661966, -0.563325, 0.769779, -0.300175, 0.432393, 0.584243, 0.686801)
    }},
    { Time = 0.267, Data = {
      ["Head"] = CFrame.new(0.000000, -0.000000, -0.000000, 0.926434, 0.027108, 0.375480, -0.029485, 0.999565, 0.000586, -0.375301, -0.011614, 0.926830),
      ["LeftUpperArm"] = CFrame.new(0.091253, -0.248346, 0.033184, 0.981649, -0.125655, 0.143446, 0.142602, -0.015735, -0.989655, 0.126612, 0.991949, 0.002472),
      ["LeftUpperLeg"] = CFrame.new(-0.704825, 0.818946, -0.296135, 0.703898, -0.256687, 0.662299, 0.566963, 0.764722, -0.306191, -0.427880, 0.591026, 0.683818),
      ["LowerTorso"] = CFrame.new(0.000016, -0.405108, -0.111436, -1.000000, 0.000122, -0.000004, 0.000004, 0.072964, 0.997335, 0.000122, 0.997335, -0.072964),
      ["RightUpperArm"] = CFrame.new(-0.091253, -0.248347, 0.033184, 0.981649, 0.125655, -0.143446, -0.142602, -0.015735, -0.989655, -0.126612, 0.991949, 0.002472),
      ["RightUpperLeg"] = CFrame.new(0.704838, 0.818946, -0.296129, 0.703898, 0.256687, -0.662299, -0.566963, 0.764722, -0.306191, 0.427880, 0.591026, 0.683818)
    }},
    { Time = 0.283, Data = {
      ["Head"] = CFrame.new(0.000000, -0.000000, -0.000000, 0.926433, 0.027063, 0.375486, -0.027327, 0.999616, -0.004623, -0.375467, -0.005978, 0.926816),
      ["LeftUpperArm"] = CFrame.new(0.091230, -0.249365, 0.033163, 0.981637, -0.125740, 0.143449, 0.142109, -0.019612, -0.989657, 0.127253, 0.991869, -0.001383),
      ["LeftUpperLeg"] = CFrame.new(-0.704929, 0.814294, -0.299066, 0.703689, -0.256390, 0.662636, 0.570137, 0.760294, -0.311283, -0.423988, 0.596840, 0.681187),
      ["LowerTorso"] = CFrame.new(0.000016, -0.394572, -0.108367, -1.000000, 0.000122, -0.000004, 0.000004, 0.067313, 0.997732, 0.000122, 0.997732, -0.067313),
      ["RightUpperArm"] = CFrame.new(-0.091230, -0.249366, 0.033163, 0.981637, 0.125740, -0.143449, -0.142109, -0.019612, -0.989657, -0.127253, 0.991869, -0.001383),
      ["RightUpperLeg"] = CFrame.new(0.704942, 0.814296, -0.299060, 0.703689, 0.256390, -0.662636, -0.570137, 0.760294, -0.311283, 0.423988, 0.596840, 0.681187)
    }},
    { Time = 0.300, Data = {
      ["Head"] = CFrame.new(0.000000, -0.000000, -0.000000, 0.926430, 0.027051, 0.375494, -0.025136, 0.999634, -0.010001, -0.375627, -0.000173, 0.926771),
      ["LeftUpperArm"] = CFrame.new(0.091246, -0.250255, 0.033145, 0.981640, -0.125679, 0.143483, 0.141708, -0.022997, -0.989641, 0.127676, 0.991805, -0.004765),
      ["LeftUpperLeg"] = CFrame.new(-0.705009, 0.810282, -0.301570, 0.703529, -0.256102, 0.662917, 0.572812, 0.756469, -0.315660, -0.420635, 0.601803, 0.678896),
      ["LowerTorso"] = CFrame.new(0.000017, -0.385543, -0.105710, -1.000000, 0.000122, -0.000004, 0.000004, 0.062473, 0.998047, 0.000122, 0.998047, -0.062473),
      ["RightUpperArm"] = CFrame.new(-0.091247, -0.250256, 0.033144, 0.981640, 0.125679, -0.143483, -0.141708, -0.022997, -0.989641, -0.127676, 0.991805, -0.004765),
      ["RightUpperLeg"] = CFrame.new(0.705022, 0.810284, -0.301565, 0.703529, 0.256102, -0.662917, -0.572812, 0.756469, -0.315660, 0.420635, 0.601803, 0.678896)
    }},
    { Time = 0.317, Data = {
      ["Head"] = CFrame.new(0.000000, 0.000000, -0.000000, 0.926457, 0.027092, 0.375424, -0.023062, 0.999618, -0.015225, -0.375693, 0.005447, 0.926728),
      ["LeftUpperArm"] = CFrame.new(0.091237, -0.251017, 0.033125, 0.981644, -0.125714, 0.143426, 0.141277, -0.025894, -0.989631, 0.128124, 0.991729, -0.007658),
      ["LeftUpperLeg"] = CFrame.new(-0.705056, 0.806883, -0.303643, 0.703434, -0.255892, 0.663099, 0.575070, 0.753181, -0.319395, -0.417702, 0.606002, 0.676969),
      ["LowerTorso"] = CFrame.new(0.000017, -0.377855, -0.103446, -1.000000, 0.000122, -0.000004, 0.000004, 0.058331, 0.998297, 0.000122, 0.998297, -0.058331),
      ["RightUpperArm"] = CFrame.new(-0.091237, -0.251018, 0.033124, 0.981644, 0.125714, -0.143426, -0.141277, -0.025894, -0.989631, -0.128124, 0.991729, -0.007658),
      ["RightUpperLeg"] = CFrame.new(0.705069, 0.806887, -0.303638, 0.703434, 0.255892, -0.663099, -0.575070, 0.753181, -0.319395, 0.417702, 0.606002, 0.676969)
    }},
    { Time = 0.333, Data = {
      ["Head"] = CFrame.new(0.000000, 0.000000, -0.000000, 0.926450, 0.027066, 0.375443, -0.021053, 0.999576, -0.020110, -0.375829, 0.010727, 0.926627),
      ["LeftUpperArm"] = CFrame.new(0.091251, -0.251651, 0.033108, 0.981646, -0.125662, 0.143458, 0.140998, -0.028304, -0.989605, 0.128416, 0.991669, -0.010067),
      ["LeftUpperLeg"] = CFrame.new(-0.705124, 0.804058, -0.305395, 0.703299, -0.255671, 0.663327, 0.576969, 0.750397, -0.322506, -0.415303, 0.609538, 0.675268),
      ["LowerTorso"] = CFrame.new(0.000018, -0.371579, -0.101537, -1.000000, 0.000122, -0.000003, 0.000003, 0.055011, 0.998486, 0.000122, 0.998486, -0.055012),
      ["RightUpperArm"] = CFrame.new(-0.091251, -0.251652, 0.033108, 0.981646, 0.125662, -0.143458, -0.140998, -0.028304, -0.989605, -0.128416, 0.991669, -0.010067),
      ["RightUpperLeg"] = CFrame.new(0.705136, 0.804062, -0.305389, 0.703299, 0.255671, -0.663327, -0.576969, 0.750397, -0.322506, 0.415303, 0.609538, 0.675268)
    }},
    { Time = 0.350, Data = {
      ["Head"] = CFrame.new(0.000000, -0.000000, -0.000000, 0.926440, 0.027060, 0.375469, -0.019195, 0.999511, -0.024673, -0.375953, 0.015651, 0.926506),
      ["LeftUpperArm"] = CFrame.new(0.091255, -0.252158, 0.033094, 0.981648, -0.125646, 0.143460, 0.140751, -0.030231, -0.989583, 0.128674, 0.991615, -0.011991),
      ["LeftUpperLeg"] = CFrame.new(-0.705157, 0.801714, -0.306827, 0.703232, -0.255530, 0.663453, 0.578462, 0.748175, -0.324985, -0.413336, 0.612322, 0.673955),
      ["LowerTorso"] = CFrame.new(0.000018, -0.366308, -0.099973, -1.000000, 0.000122, -0.000003, 0.000003, 0.052161, 0.998639, 0.000122, 0.998639, -0.052161),
      ["RightUpperArm"] = CFrame.new(-0.091255, -0.252158, 0.033094, 0.981648, 0.125646, -0.143460, -0.140751, -0.030231, -0.989583, -0.128674, 0.991615, -0.011991),
      ["RightUpperLeg"] = CFrame.new(0.705170, 0.801718, -0.306821, 0.703232, 0.255530, -0.663453, -0.578462, 0.748175, -0.324985, 0.413336, 0.612322, 0.673955)
    }},
    { Time = 0.367, Data = {
      ["Head"] = CFrame.new(0.000000, 0.000000, -0.000000, 0.926427, 0.027072, 0.375501, -0.017486, 0.999429, -0.028913, -0.376069, 0.020220, 0.926371),
      ["LeftUpperArm"] = CFrame.new(0.091237, -0.252569, 0.033078, 0.981633, -0.125715, 0.143499, 0.140586, -0.031794, -0.989558, 0.128965, 0.991557, -0.013536),
      ["LeftUpperLeg"] = CFrame.new(-0.705203, 0.799857, -0.307972, 0.703140, -0.255413, 0.663595, 0.579700, 0.746345, -0.326981, -0.411756, 0.614600, 0.672848),
      ["LowerTorso"] = CFrame.new(0.000018, -0.362109, -0.098714, -1.000000, 0.000122, -0.000003, 0.000003, 0.049902, 0.998754, 0.000122, 0.998754, -0.049902),
      ["RightUpperArm"] = CFrame.new(-0.091237, -0.252569, 0.033078, 0.981633, 0.125715, -0.143499, -0.140586, -0.031794, -0.989558, -0.128965, 0.991557, -0.013536),
      ["RightUpperLeg"] = CFrame.new(0.705216, 0.799863, -0.307966, 0.703140, 0.255413, -0.663595, -0.579700, 0.746345, -0.326981, 0.411756, 0.614600, 0.672848)
    }},
    { Time = 0.383, Data = {
      ["Head"] = CFrame.new(0.000000, 0.000000, -0.000000, 0.926444, 0.027103, 0.375456, -0.015930, 0.999334, -0.032830, -0.376095, 0.024434, 0.926259),
      ["LeftUpperArm"] = CFrame.new(0.091243, -0.252885, 0.033068, 0.981634, -0.125690, 0.143516, 0.140446, -0.032996, -0.989538, 0.129111, 0.991521, -0.014737),
      ["LeftUpperLeg"] = CFrame.new(-0.705215, 0.798379, -0.308865, 0.703116, -0.255281, 0.663671, 0.580597, 0.744954, -0.328559, -0.410529, 0.616341, 0.672005),
      ["LowerTorso"] = CFrame.new(0.000018, -0.358933, -0.097725, -1.000000, 0.000122, -0.000003, 0.000003, 0.048235, 0.998836, 0.000122, 0.998836, -0.048235),
      ["RightUpperArm"] = CFrame.new(-0.091244, -0.252885, 0.033068, 0.981634, 0.125690, -0.143516, -0.140446, -0.032996, -0.989538, -0.129111, 0.991521, -0.014737),
      ["RightUpperLeg"] = CFrame.new(0.705228, 0.798384, -0.308859, 0.703116, 0.255281, -0.663671, -0.580597, 0.744954, -0.328559, 0.410529, 0.616341, 0.672005)
    }},
    { Time = 0.400, Data = {
      ["Head"] = CFrame.new(0.000000, -0.000000, -0.000000, 0.926428, 0.027085, 0.375497, -0.014422, 0.999230, -0.036493, -0.376196, 0.028393, 0.926105),
      ["LeftUpperArm"] = CFrame.new(0.091245, -0.253138, 0.033060, 0.981635, -0.125682, 0.143517, 0.140322, -0.033957, -0.989523, 0.129239, 0.991489, -0.015697),
      ["LeftUpperLeg"] = CFrame.new(-0.705259, 0.797309, -0.309536, 0.703029, -0.255180, 0.663803, 0.581354, 0.743830, -0.329764, -0.409607, 0.617738, 0.671283),
      ["LowerTorso"] = CFrame.new(0.000018, -0.356489, -0.096982, -1.000000, 0.000122, -0.000003, 0.000003, 0.046924, 0.998899, 0.000122, 0.998899, -0.046925),
      ["RightUpperArm"] = CFrame.new(-0.091246, -0.253138, 0.033060, 0.981635, 0.125682, -0.143517, -0.140322, -0.033957, -0.989523, -0.129239, 0.991489, -0.015697),
      ["RightUpperLeg"] = CFrame.new(0.705271, 0.797315, -0.309530, 0.703029, 0.255180, -0.663803, -0.581354, 0.743830, -0.329764, 0.409607, 0.617738, 0.671283)
    }},
    { Time = 0.417, Data = {
      ["Head"] = CFrame.new(0.000000, -0.000000, -0.000000, 0.926442, 0.027068, 0.375463, -0.013082, 0.999124, -0.039748, -0.376210, 0.031912, 0.925985),
      ["LeftUpperArm"] = CFrame.new(0.091241, -0.253296, 0.033054, 0.981636, -0.125700, 0.143495, 0.140222, -0.034558, -0.989517, 0.129341, 0.991466, -0.016297),
      ["LeftUpperLeg"] = CFrame.new(-0.705262, 0.796518, -0.310002, 0.703022, -0.255131, 0.663828, 0.581849, 0.743063, -0.330619, -0.408915, 0.618680, 0.670838),
      ["LowerTorso"] = CFrame.new(0.000018, -0.354722, -0.096451, -1.000000, 0.000122, -0.000003, 0.000003, 0.045971, 0.998943, 0.000122, 0.998943, -0.045971),
      ["RightUpperArm"] = CFrame.new(-0.091241, -0.253296, 0.033054, 0.981636, 0.125700, -0.143495, -0.140222, -0.034558, -0.989517, -0.129341, 0.991466, -0.016297),
      ["RightUpperLeg"] = CFrame.new(0.705274, 0.796524, -0.309995, 0.703022, 0.255131, -0.663828, -0.581849, 0.743063, -0.330619, 0.408915, 0.618680, 0.670838)
    }},
    { Time = 0.433, Data = {
      ["Head"] = CFrame.new(0.000000, 0.000000, -0.000000, 0.926454, 0.027086, 0.375432, -0.011877, 0.999015, -0.042765, -0.376220, 0.035161, 0.925863),
      ["LeftUpperArm"] = CFrame.new(0.091234, -0.253422, 0.033049, 0.981637, -0.125727, 0.143465, 0.140129, -0.035038, -0.989513, 0.129435, 0.991446, -0.016777),
      ["LeftUpperLeg"] = CFrame.new(-0.705271, 0.795993, -0.310319, 0.703004, -0.255144, 0.663842, 0.582189, 0.742569, -0.331131, -0.408462, 0.619268, 0.670571),
      ["LowerTorso"] = CFrame.new(0.000019, -0.353461, -0.096097, -1.000000, 0.000122, -0.000003, 0.000003, 0.045255, 0.998976, 0.000122, 0.998976, -0.045255),
      ["RightUpperArm"] = CFrame.new(-0.091234, -0.253422, 0.033048, 0.981637, 0.125727, -0.143465, -0.140129, -0.035038, -0.989513, -0.129435, 0.991446, -0.016777),
      ["RightUpperLeg"] = CFrame.new(0.705283, 0.795999, -0.310313, 0.703004, 0.255144, -0.663842, -0.582189, 0.742569, -0.331131, 0.408462, 0.619268, 0.670571)
    }},
    { Time = 0.450, Data = {
      ["Head"] = CFrame.new(0.000000, 0.000000, -0.000000, 0.926431, 0.027124, 0.375485, -0.010821, 0.998908, -0.045461, -0.376308, 0.038053, 0.925713),
      ["LeftUpperArm"] = CFrame.new(0.091238, -0.253485, 0.033047, 0.981637, -0.125709, 0.143481, 0.140113, -0.035278, -0.989507, 0.129452, 0.991440, -0.017017),
      ["LeftUpperLeg"] = CFrame.new(-0.705265, 0.795647, -0.310529, 0.703016, -0.255083, 0.663853, 0.582343, 0.742296, -0.331473, -0.408222, 0.619621, 0.670391),
      ["LowerTorso"] = CFrame.new(0.000019, -0.352773, -0.095878, -1.000000, 0.000122, -0.000003, 0.000003, 0.044897, 0.998992, 0.000122, 0.998992, -0.044897),
      ["RightUpperArm"] = CFrame.new(-0.091238, -0.253485, 0.033047, 0.981637, 0.125709, -0.143481, -0.140113, -0.035278, -0.989507, -0.129452, 0.991440, -0.017017),
      ["RightUpperLeg"] = CFrame.new(0.705278, 0.795654, -0.310523, 0.703016, 0.255083, -0.663853, -0.582343, 0.742296, -0.331473, 0.408222, 0.619621, 0.670391)
    }},
    { Time = 0.467, Data = {
      ["Head"] = CFrame.new(0.000000, -0.000000, -0.000000, 0.926441, 0.027095, 0.375463, -0.009833, 0.998808, -0.047817, -0.376311, 0.040607, 0.925603),
      ["LeftUpperArm"] = CFrame.new(0.091241, -0.253517, 0.033046, 0.981637, -0.125701, 0.143488, 0.140105, -0.035398, -0.989504, 0.129460, 0.991436, -0.017137),
      ["LeftUpperLeg"] = CFrame.new(-0.705285, 0.795496, -0.310640, 0.702975, -0.255056, 0.663907, 0.582473, 0.742115, -0.331648, -0.408107, 0.619848, 0.670252),
      ["LowerTorso"] = CFrame.new(0.000019, -0.352484, -0.095764, -1.000000, 0.000122, -0.000003, 0.000003, 0.044778, 0.998997, 0.000122, 0.998997, -0.044778),
      ["RightUpperArm"] = CFrame.new(-0.091241, -0.253517, 0.033046, 0.981637, 0.125701, -0.143488, -0.140105, -0.035398, -0.989504, -0.129460, 0.991436, -0.017137),
      ["RightUpperLeg"] = CFrame.new(0.705298, 0.795502, -0.310634, 0.702975, 0.255056, -0.663907, -0.582473, 0.742115, -0.331648, 0.408107, 0.619848, 0.670252)
    }},
    { Time = 0.483, Data = {
      ["Head"] = CFrame.new(0.000000, -0.000000, -0.000000, 0.926449, 0.027085, 0.375444, -0.008996, 0.998716, -0.049850, -0.376312, 0.042806, 0.925503),
      ["LeftUpperArm"] = CFrame.new(0.091243, -0.253548, 0.033045, 0.981637, -0.125692, 0.143496, 0.140097, -0.035518, -0.989500, 0.129469, 0.991433, -0.017256),
      ["LeftUpperLeg"] = CFrame.new(-0.705306, 0.795462, -0.310674, 0.702934, -0.255094, 0.663936, 0.582564, 0.742028, -0.331684, -0.408048, 0.619937, 0.670205),
      ["LowerTorso"] = CFrame.new(0.000019, -0.352302, -0.095725, -1.000000, 0.000122, -0.000003, 0.000003, 0.044659, 0.999002, 0.000122, 0.999002, -0.044659),
      ["RightUpperArm"] = CFrame.new(-0.091243, -0.253548, 0.033045, 0.981637, 0.125692, -0.143496, -0.140097, -0.035518, -0.989500, -0.129469, 0.991433, -0.017256),
      ["RightUpperLeg"] = CFrame.new(0.705319, 0.795468, -0.310667, 0.702934, 0.255094, -0.663936, -0.582564, 0.742028, -0.331684, 0.408048, 0.619937, 0.670205)
    }},
    { Time = 0.500, Data = {
      ["Head"] = CFrame.new(0.000000, -0.000000, -0.000000, 0.926456, 0.027093, 0.375428, -0.008309, 0.998635, -0.051562, -0.376312, 0.044650, 0.925416),
      ["LeftUpperArm"] = CFrame.new(0.091243, -0.253548, 0.033045, 0.981637, -0.125692, 0.143496, 0.140097, -0.035518, -0.989500, 0.129469, 0.991433, -0.017256),
      ["LeftUpperLeg"] = CFrame.new(-0.705306, 0.795450, -0.310682, 0.702934, -0.255094, 0.663936, 0.582564, 0.742028, -0.331684, -0.408048, 0.619937, 0.670205),
      ["LowerTorso"] = CFrame.new(0.000019, -0.352293, -0.095718, -1.000000, 0.000122, -0.000003, 0.000003, 0.044659, 0.999002, 0.000122, 0.999002, -0.044659),
      ["RightUpperArm"] = CFrame.new(-0.091243, -0.253548, 0.033045, 0.981637, 0.125692, -0.143496, -0.140097, -0.035518, -0.989500, -0.129469, 0.991433, -0.017256),
      ["RightUpperLeg"] = CFrame.new(0.705319, 0.795456, -0.310676, 0.702934, 0.255094, -0.663936, -0.582564, 0.742028, -0.331684, 0.408048, 0.619937, 0.670205)
    }},
    { Time = 0.517, Data = {
      ["Head"] = CFrame.new(0.000000, -0.000000, -0.000000, 0.926427, 0.027138, 0.375495, -0.007755, 0.998563, -0.053036, -0.376394, 0.046222, 0.925306),
      ["LeftUpperArm"] = CFrame.new(0.091241, -0.253517, 0.033046, 0.981637, -0.125701, 0.143488, 0.140105, -0.035398, -0.989504, 0.129460, 0.991436, -0.017137),
      ["LeftUpperLeg"] = CFrame.new(-0.705285, 0.795566, -0.310593, 0.702975, -0.255089, 0.663894, 0.582453, 0.742162, -0.331579, -0.408135, 0.619779, 0.670298),
      ["LowerTorso"] = CFrame.new(0.000019, -0.352547, -0.095807, -1.000000, 0.000122, -0.000003, 0.000003, 0.044778, 0.998997, 0.000122, 0.998997, -0.044778),
      ["RightUpperArm"] = CFrame.new(-0.091241, -0.253517, 0.033046, 0.981637, 0.125701, -0.143488, -0.140105, -0.035398, -0.989504, -0.129460, 0.991436, -0.017137),
      ["RightUpperLeg"] = CFrame.new(0.705298, 0.795572, -0.310586, 0.702975, 0.255089, -0.663894, -0.582453, 0.742162, -0.331579, 0.408135, 0.619779, 0.670298)
    }},
    { Time = 0.533, Data = {
      ["Head"] = CFrame.new(0.000000, 0.000000, -0.000000, 0.926432, 0.027099, 0.375486, -0.007285, 0.998510, -0.054087, -0.376392, 0.047372, 0.925248),
      ["LeftUpperArm"] = CFrame.new(0.091234, -0.253422, 0.033049, 0.981637, -0.125727, 0.143465, 0.140129, -0.035038, -0.989513, 0.129435, 0.991446, -0.016777),
      ["LeftUpperLeg"] = CFrame.new(-0.705271, 0.795957, -0.310340, 0.703004, -0.255112, 0.663855, 0.582209, 0.742522, -0.331201, -0.408434, 0.619337, 0.670525),
      ["LowerTorso"] = CFrame.new(0.000019, -0.353426, -0.096071, -1.000000, 0.000122, -0.000003, 0.000003, 0.045255, 0.998976, 0.000122, 0.998976, -0.045255),
      ["RightUpperArm"] = CFrame.new(-0.091234, -0.253422, 0.033049, 0.981637, 0.125727, -0.143465, -0.140129, -0.035038, -0.989513, -0.129435, 0.991446, -0.016777),
      ["RightUpperLeg"] = CFrame.new(0.705284, 0.795963, -0.310335, 0.703004, 0.255112, -0.663855, -0.582209, 0.742522, -0.331201, 0.408434, 0.619337, 0.670525)
    }},
    { Time = 0.550, Data = {
      ["Head"] = CFrame.new(0.000000, -0.000000, -0.000000, 0.926435, 0.027095, 0.375479, -0.006951, 0.998468, -0.054900, -0.376391, 0.048251, 0.925203),
      ["LeftUpperArm"] = CFrame.new(0.091241, -0.253296, 0.033054, 0.981636, -0.125700, 0.143495, 0.140222, -0.034558, -0.989517, 0.129341, 0.991466, -0.016297),
      ["LeftUpperLeg"] = CFrame.new(-0.705262, 0.796612, -0.309941, 0.703022, -0.255196, 0.663803, 0.581809, 0.743156, -0.330481, -0.408972, 0.618542, 0.670931),
      ["LowerTorso"] = CFrame.new(0.000018, -0.354930, -0.096508, -1.000000, 0.000122, -0.000003, 0.000003, 0.046090, 0.998937, 0.000122, 0.998937, -0.046090),
      ["RightUpperArm"] = CFrame.new(-0.091241, -0.253296, 0.033054, 0.981636, 0.125700, -0.143495, -0.140222, -0.034558, -0.989517, -0.129341, 0.991466, -0.016297),
      ["RightUpperLeg"] = CFrame.new(0.705274, 0.796618, -0.309934, 0.703022, 0.255196, -0.663803, -0.581809, 0.743156, -0.330481, 0.408972, 0.618542, 0.670931)
    }},
    { Time = 0.567, Data = {
      ["Head"] = CFrame.new(0.000000, 0.000000, -0.000000, 0.926436, 0.027109, 0.375474, -0.006766, 0.998442, -0.055391, -0.376391, 0.048776, 0.925176),
      ["LeftUpperArm"] = CFrame.new(0.091241, -0.253075, 0.033061, 0.981635, -0.125699, 0.143501, 0.140338, -0.033717, -0.989529, 0.129222, 0.991495, -0.015458),
      ["LeftUpperLeg"] = CFrame.new(-0.705238, 0.797507, -0.309394, 0.703070, -0.255239, 0.663737, 0.581203, 0.744056, -0.329520, -0.409751, 0.617442, 0.671469),
      ["LowerTorso"] = CFrame.new(0.000018, -0.356941, -0.097124, -1.000000, 0.000122, -0.000003, 0.000003, 0.047163, 0.998887, 0.000122, 0.998887, -0.047163),
      ["RightUpperArm"] = CFrame.new(-0.091241, -0.253075, 0.033062, 0.981635, 0.125699, -0.143501, -0.140338, -0.033717, -0.989529, -0.129222, 0.991495, -0.015458),
      ["RightUpperLeg"] = CFrame.new(0.705251, 0.797513, -0.309388, 0.703070, 0.255239, -0.663737, -0.581203, 0.744056, -0.329520, 0.409751, 0.617442, 0.671469)
    }},
    { Time = 0.583, Data = {
      ["Head"] = CFrame.new(0.000000, -0.000000, -0.000000, 0.926436, 0.027125, 0.375473, -0.006750, 0.998437, -0.055476, -0.376391, 0.048860, 0.925171),
      ["LeftUpperArm"] = CFrame.new(0.091239, -0.252822, 0.033070, 0.981634, -0.125707, 0.143500, 0.140462, -0.032756, -0.989544, 0.129093, 0.991527, -0.014497),
      ["LeftUpperLeg"] = CFrame.new(-0.705220, 0.798676, -0.308685, 0.703105, -0.255310, 0.663672, 0.580462, 0.745179, -0.328286, -0.410740, 0.616056, 0.672137),
      ["LowerTorso"] = CFrame.new(0.000018, -0.359458, -0.097916, -1.000000, 0.000122, -0.000003, 0.000003, 0.048473, 0.998825, 0.000122, 0.998825, -0.048473),
      ["RightUpperArm"] = CFrame.new(-0.091239, -0.252822, 0.033070, 0.981634, 0.125707, -0.143500, -0.140462, -0.032756, -0.989544, -0.129093, 0.991527, -0.014497),
      ["RightUpperLeg"] = CFrame.new(0.705233, 0.798681, -0.308679, 0.703105, 0.255310, -0.663672, -0.580462, 0.745179, -0.328286, 0.410740, 0.616056, 0.672137)
    }},
    { Time = 0.600, Data = {
      ["Head"] = CFrame.new(0.000000, -0.000000, -0.000000, 0.926436, 0.027076, 0.375477, -0.006800, 0.998451, -0.055222, -0.376390, 0.048607, 0.925185),
      ["LeftUpperArm"] = CFrame.new(0.091232, -0.252506, 0.033080, 0.981633, -0.125733, 0.143484, 0.140602, -0.031554, -0.989563, 0.128948, 0.991562, -0.013296),
      ["LeftUpperLeg"] = CFrame.new(-0.705209, 0.800109, -0.307828, 0.703128, -0.255442, 0.663597, 0.579564, 0.746570, -0.326708, -0.411966, 0.614314, 0.672980),
      ["LowerTorso"] = CFrame.new(0.000018, -0.362717, -0.098873, -1.000000, 0.000122, -0.000003, 0.000003, 0.050259, 0.998736, 0.000122, 0.998736, -0.050259),
      ["RightUpperArm"] = CFrame.new(-0.091232, -0.252506, 0.033079, 0.981633, 0.125733, -0.143484, -0.140602, -0.031554, -0.989563, -0.128948, 0.991562, -0.013296),
      ["RightUpperLeg"] = CFrame.new(0.705222, 0.800114, -0.307821, 0.703128, 0.255442, -0.663597, -0.579564, 0.746570, -0.326708, 0.411966, 0.614314, 0.672980)
    }},
    { Time = 0.617, Data = {
      ["Head"] = CFrame.new(0.000000, -0.000000, -0.000000, 0.926432, 0.027132, 0.375484, -0.007252, 0.998501, -0.054256, -0.376393, 0.047541, 0.925240),
      ["LeftUpperArm"] = CFrame.new(0.091255, -0.252158, 0.033094, 0.981648, -0.125646, 0.143460, 0.140751, -0.030231, -0.989583, 0.128674, 0.991615, -0.011991),
      ["LeftUpperLeg"] = CFrame.new(-0.705183, 0.801780, -0.306821, 0.703179, -0.255532, 0.663507, 0.578458, 0.748221, -0.324887, -0.413431, 0.612265, 0.673948),
      ["LowerTorso"] = CFrame.new(0.000018, -0.366480, -0.100005, -1.000000, 0.000122, -0.000003, 0.000003, 0.052280, 0.998632, 0.000122, 0.998632, -0.052280),
      ["RightUpperArm"] = CFrame.new(-0.091255, -0.252158, 0.033094, 0.981648, 0.125646, -0.143460, -0.140751, -0.030231, -0.989583, -0.128674, 0.991615, -0.011991),
      ["RightUpperLeg"] = CFrame.new(0.705196, 0.801784, -0.306815, 0.703179, 0.255532, -0.663507, -0.578458, 0.748221, -0.324887, 0.413431, 0.612265, 0.673948)
    }},
    { Time = 0.633, Data = {
      ["Head"] = CFrame.new(0.000000, 0.000000, -0.000000, 0.926427, 0.027072, 0.375500, -0.007821, 0.998580, -0.052697, -0.376393, 0.045884, 0.925323),
      ["LeftUpperArm"] = CFrame.new(0.091239, -0.251715, 0.033105, 0.981647, -0.125706, 0.143413, 0.140921, -0.028546, -0.989609, 0.128494, 0.991657, -0.010307),
      ["LeftUpperLeg"] = CFrame.new(-0.705138, 0.803716, -0.305618, 0.703270, -0.255681, 0.663354, 0.577197, 0.750089, -0.322818, -0.415036, 0.609914, 0.675093),
      ["LowerTorso"] = CFrame.new(0.000018, -0.370746, -0.101310, -1.000000, 0.000122, -0.000003, 0.000003, 0.054537, 0.998512, 0.000122, 0.998512, -0.054537),
      ["RightUpperArm"] = CFrame.new(-0.091239, -0.251715, 0.033105, 0.981647, 0.125706, -0.143413, -0.140921, -0.028546, -0.989609, -0.128494, 0.991657, -0.010307),
      ["RightUpperLeg"] = CFrame.new(0.705151, 0.803719, -0.305612, 0.703270, 0.255681, -0.663354, -0.577197, 0.750089, -0.322818, 0.415036, 0.609914, 0.675093)
    }},
    { Time = 0.650, Data = {
      ["Head"] = CFrame.new(0.000000, -0.000000, -0.000000, 0.926452, 0.027064, 0.375438, -0.008677, 0.998682, -0.050579, -0.376312, 0.043601, 0.925467),
      ["LeftUpperArm"] = CFrame.new(0.091253, -0.251239, 0.033121, 0.981644, -0.125653, 0.143479, 0.141222, -0.026737, -0.989617, 0.128184, 0.991714, -0.008501),
      ["LeftUpperLeg"] = CFrame.new(-0.705078, 0.805888, -0.304264, 0.703389, -0.255786, 0.663187, 0.575724, 0.752210, -0.320503, -0.416876, 0.607251, 0.676359),
      ["LowerTorso"] = CFrame.new(0.000017, -0.375634, -0.102779, -1.000000, 0.000122, -0.000003, 0.000003, 0.057146, 0.998366, 0.000122, 0.998366, -0.057146),
      ["RightUpperArm"] = CFrame.new(-0.091253, -0.251240, 0.033120, 0.981644, 0.125653, -0.143479, -0.141222, -0.026737, -0.989617, -0.128184, 0.991714, -0.008501),
