return {
  ["Astros carry bounce f"] = {
    { Time = 0.000, Data = {
      ["BaseOpened"] = CFrame.new(0.000000, -0.039644, -0.041389, 1.000000, 0.000000, 0.000000, 0.000000, 0.997987, -0.063415, 0.000000, 0.063415, 0.997987),
      ["Head"] = CFrame.new(0.000000, 0.000001, -0.000000, 1.000000, -0.000000, 0.000000, 0.000000, 0.948718, 0.316122, -0.000000, -0.316122, 0.948718),
      ["LeftUpperArm"] = CFrame.new(0.031175, -0.732309, 0.282632, 0.827452, -0.534664, 0.171634, -0.552149, -0.830338, 0.075304, 0.102251, -0.157078, -0.982279),
      ["LeftUpperLeg"] = CFrame.new(-0.466014, 1.182261, -0.551346, 0.989448, 0.140799, -0.034186, -0.144890, 0.961523, -0.233409, 0.000007, 0.235900, 0.971777),
      ["LowerTorso"] = CFrame.new(-0.000000, 0.682703, -0.824279, 1.000000, -0.000000, 0.000000, 0.000000, 0.997820, 0.066000, -0.000000, -0.066000, 0.997820),
      ["RightUpperArm"] = CFrame.new(-0.088901, -0.690964, 0.235408, 0.807710, 0.567698, -0.159136, 0.582031, -0.810828, 0.061625, -0.094047, -0.142397, -0.985332),
      ["RightUpperLeg"] = CFrame.new(0.447839, 1.192601, -0.661492, 0.989550, -0.142894, 0.019283, 0.144190, 0.980623, -0.132622, 0.000041, 0.134017, 0.990979),
      ["рҹҢ§пёҸрҹҳірҹ‘»рҹҸіпёҸвҖҚрҹҢҲрҹҳӮрҹ’һрҹҸҙвҖҚвҳ пёҸрҹҺёрҹҢ§пёҸрҹҳірҹ‘»рҹҸіпёҸвҖҚрҹҢҲрҹҳӮрҹ’һрҹҸҙвҖҚвҳ"] = CFrame.new(0.000000, 0.000000, -0.000000, 0.923451, -0.068047, -0.377634, 0.073491, 0.997296, 0.000007, 0.376613, -0.027759, 0.925955)
    }},
    { Time = 0.017, Data = {
      ["BaseOpened"] = CFrame.new(0.000000, -0.039648, -0.041313, 1.000000, 0.000000, 0.000000, 0.000000, 0.997987, -0.063415, 0.000000, 0.063415, 0.997987),
      ["Head"] = CFrame.new(0.000000, 0.000001, -0.000000, 1.000000, -0.000000, 0.000000, 0.000000, 0.944344, 0.328960, -0.000000, -0.328960, 0.944344),
      ["LeftUpperArm"] = CFrame.new(0.031183, -0.732300, 0.282561, 0.827440, -0.534633, 0.171788, -0.552166, -0.830306, 0.075525, 0.102258, -0.157348, -0.982234),
      ["LeftUpperLeg"] = CFrame.new(-0.466013, 1.182269, -0.551355, 0.989450, 0.141179, -0.032518, -0.144876, 0.964185, -0.222168, -0.000012, 0.224536, 0.974466),
      ["LowerTorso"] = CFrame.new(-0.000000, 0.683127, -0.824279, 1.000000, -0.000000, 0.000000, 0.000000, 0.997848, 0.065569, -0.000000, -0.065569, 0.997848),
      ["RightUpperArm"] = CFrame.new(-0.088910, -0.690954, 0.235315, 0.807698, 0.567663, -0.159320, 0.582051, -0.810791, 0.061925, -0.094023, -0.142749, -0.985283),
      ["RightUpperLeg"] = CFrame.new(0.447842, 1.192583, -0.661459, 0.989545, -0.143138, 0.017678, 0.144226, 0.982103, -0.121127, -0.000024, 0.122410, 0.992480),
      ["рҹҢ§пёҸрҹҳірҹ‘»рҹҸіпёҸвҖҚрҹҢҲрҹҳӮрҹ’һрҹҸҙвҖҚвҳ пёҸрҹҺёрҹҢ§пёҸрҹҳірҹ‘»рҹҸіпёҸвҖҚрҹҢҲрҹҳӮрҹ’һрҹҸҙвҖҚвҳ"] = CFrame.new(0.000000, 0.000000, -0.000000, 0.922525, -0.079583, -0.377644, 0.085955, 0.996299, 0.000020, 0.376245, -0.032478, 0.925951)
    }},
    { Time = 0.033, Data = {
      ["BaseOpened"] = CFrame.new(0.000000, -0.039663, -0.041087, 1.000000, 0.000000, 0.000000, 0.000000, 0.997987, -0.063415, 0.000000, 0.063415, 0.997987),
      ["Head"] = CFrame.new(0.000000, 0.000001, -0.000000, 1.000000, -0.000000, 0.000000, 0.000000, 0.939850, 0.341586, -0.000000, -0.341586, 0.939850),
      ["LeftUpperArm"] = CFrame.new(0.031231, -0.732283, 0.282306, 0.827451, -0.534451, 0.172296, -0.552152, -0.830239, 0.076360, 0.102236, -0.158318, -0.982081),
      ["LeftUpperLeg"] = CFrame.new(-0.466013, 1.182273, -0.551368, 0.989451, 0.141543, -0.030853, -0.144867, 0.966694, -0.210989, -0.000038, 0.213233, 0.977001),
      ["LowerTorso"] = CFrame.new(-0.000000, 0.684413, -0.824028, 1.000000, -0.000000, 0.000000, 0.000000, 0.997915, 0.064535, -0.000000, -0.064535, 0.997915),
      ["RightUpperArm"] = CFrame.new(-0.088954, -0.690944, 0.235081, 0.807716, 0.567497, -0.159820, 0.582029, -0.810750, 0.062669, -0.094010, -0.143639, -0.985155),
      ["RightUpperLeg"] = CFrame.new(0.447838, 1.192607, -0.661470, 0.989552, -0.143286, 0.015987, 0.144175, 0.983451, -0.109712, -0.000002, 0.110870, 0.993835),
      ["рҹҢ§пёҸрҹҳірҹ‘»рҹҸіпёҸвҖҚрҹҢҲрҹҳӮрҹ’һрҹҸҙвҖҚвҳ пёҸрҹҺёрҹҢ§пёҸрҹҳірҹ‘»рҹҸіпёҸвҖҚрҹҢҲрҹҳӮрҹ’һрҹҸҙвҖҚвҳ"] = CFrame.new(0.000000, 0.000000, -0.000000, 0.921465, -0.090956, -0.377664, 0.098223, 0.995164, -0.000020, 0.375840, -0.037077, 0.925943)
    }},
    { Time = 0.050, Data = {
      ["BaseOpened"] = CFrame.new(0.000000, -0.039687, -0.040712, 1.000000, 0.000000, 0.000000, 0.000000, 0.997987, -0.063415, 0.000000, 0.063415, 0.997987),
      ["Head"] = CFrame.new(0.000000, 0.000001, -0.000000, 1.000000, -0.000000, 0.000000, 0.000000, 0.935307, 0.353838, -0.000000, -0.353838, 0.935307),
      ["LeftUpperArm"] = CFrame.new(0.031295, -0.732247, 0.281909, 0.827438, -0.534207, 0.173113, -0.552173, -0.830107, 0.077637, 0.102228, -0.159828, -0.981837),
      ["LeftUpperLeg"] = CFrame.new(-0.466013, 1.182271, -0.551348, 0.989451, 0.141880, -0.029290, -0.144871, 0.969019, -0.200036, 0.000002, 0.202169, 0.979351),
      ["LowerTorso"] = CFrame.new(-0.000000, 0.686537, -0.823710, 1.000000, -0.000000, 0.000000, 0.000000, 0.998031, 0.062725, -0.000000, -0.062725, 0.998031),
      ["RightUpperArm"] = CFrame.new(-0.089016, -0.690915, 0.234677, 0.807699, 0.567260, -0.160745, 0.582045, -0.810641, 0.063906, -0.094055, -0.145178, -0.984925),
      ["RightUpperLeg"] = CFrame.new(0.447841, 1.192587, -0.661493, 0.989546, -0.143503, 0.014318, 0.144216, 0.984627, -0.098542, 0.000044, 0.099577, 0.995030),
      ["рҹҢ§пёҸрҹҳірҹ‘»рҹҸіпёҸвҖҚрҹҢҲрҹҳӮрҹ’һрҹҸҙвҖҚвҳ пёҸрҹҺёрҹҢ§пёҸрҹҳірҹ‘»рҹҸіпёҸвҖҚрҹҢҲрҹҳӮрҹ’һрҹҸҙвҖҚвҳ"] = CFrame.new(0.000000, 0.000000, -0.000000, 0.920310, -0.102153, -0.377616, 0.110312, 0.993897, -0.000022, 0.375314, -0.041635, 0.925962)
    }},
    { Time = 0.067, Data = {
      ["BaseOpened"] = CFrame.new(0.000000, -0.039720, -0.040193, 1.000000, 0.000000, 0.000000, 0.000000, 0.997987, -0.063415, 0.000000, 0.063415, 0.997987),
      ["Head"] = CFrame.new(0.000000, 0.000001, -0.000000, 1.000000, -0.000000, 0.000000, 0.000000, 0.930758, 0.365636, -0.000000, -0.365636, 0.930758),
      ["LeftUpperArm"] = CFrame.new(0.031395, -0.732208, 0.281370, 0.827449, -0.533826, 0.174235, -0.552154, -0.829956, 0.079364, 0.102241, -0.161874, -0.981501),
      ["LeftUpperLeg"] = CFrame.new(-0.466014, 1.182266, -0.551341, 0.989449, 0.142198, -0.027749, -0.144880, 0.971152, -0.189403, 0.000016, 0.191425, 0.981507),
      ["LowerTorso"] = CFrame.new(-0.000000, 0.689478, -0.823350, 1.000000, -0.000000, 0.000000, 0.000000, 0.998190, 0.060139, -0.000000, -0.060139, 0.998190),
      ["RightUpperArm"] = CFrame.new(-0.089092, -0.690870, 0.234137, 0.807670, 0.566971, -0.161906, 0.582091, -0.810473, 0.065606, -0.094024, -0.147232, -0.984623),
      ["RightUpperLeg"] = CFrame.new(0.447838, 1.192605, -0.661486, 0.989551, -0.143614, 0.012760, 0.144180, 0.985650, -0.087786, 0.000030, 0.088709, 0.996058),
      ["рҹҢ§пёҸрҹҳірҹ‘»рҹҸіпёҸвҖҚрҹҢҲрҹҳӮрҹ’һрҹҸҙвҖҚвҳ пёҸрҹҺёрҹҢ§пёҸрҹҳірҹ‘»рҹҸіпёҸвҖҚрҹҢҲрҹҳӮрҹ’һрҹҸҙвҖҚвҳ"] = CFrame.new(0.000000, 0.000000, -0.000000, 0.919033, -0.112931, -0.377658, 0.121950, 0.992536, -0.000031, 0.374842, -0.046027, 0.925945)
    }},
    { Time = 0.083, Data = {
      ["BaseOpened"] = CFrame.new(0.000000, -0.039761, -0.039536, 1.000000, 0.000000, 0.000000, 0.000000, 0.997987, -0.063415, 0.000000, 0.063415, 0.997987),
      ["Head"] = CFrame.new(0.000000, 0.000001, -0.000001, 1.000000, -0.000000, 0.000000, 0.000000, 0.926254, 0.376900, -0.000000, -0.376900, 0.926254),
      ["LeftUpperArm"] = CFrame.new(0.031515, -0.732147, 0.280669, 0.827435, -0.533372, 0.175689, -0.552176, -0.829724, 0.081613, 0.102243, -0.164541, -0.981057),
      ["LeftUpperLeg"] = CFrame.new(-0.466015, 1.182260, -0.551353, 0.989447, 0.142497, -0.026243, -0.144894, 0.973073, -0.179264, -0.000008, 0.181175, 0.983451),
      ["LowerTorso"] = CFrame.new(-0.000000, 0.693219, -0.822807, 1.000000, -0.000000, 0.000000, 0.000000, 0.998377, 0.056949, -0.000000, -0.056949, 0.998377),
      ["RightUpperArm"] = CFrame.new(-0.089207, -0.690821, 0.233427, 0.807657, 0.566534, -0.163488, 0.582102, -0.810284, 0.067805, -0.094058, -0.149930, -0.984212),
      ["RightUpperLeg"] = CFrame.new(0.447836, 1.192619, -0.661452, 0.989556, -0.143706, 0.011319, 0.144151, 0.986520, -0.077446, -0.000037, 0.078269, 0.996932),
      ["рҹҢ§пёҸрҹҳірҹ‘»рҹҸіпёҸвҖҚрҹҢҲрҹҳӮрҹ’һрҹҸҙвҖҚвҳ пёҸрҹҺёрҹҢ§пёҸрҹҳірҹ‘»рҹҸіпёҸвҖҚрҹҢҲрҹҳӮрҹ’һрҹҸҙвҖҚвҳ"] = CFrame.new(0.000000, 0.000000, -0.000000, 0.917736, -0.123127, -0.377625, 0.132971, 0.991120, -0.000004, 0.374272, -0.050209, 0.925959)
    }},
    { Time = 0.100, Data = {
      ["BaseOpened"] = CFrame.new(0.000000, -0.039811, -0.038747, 1.000000, 0.000000, 0.000000, 0.000000, 0.997987, -0.063415, 0.000000, 0.063415, 0.997987),
      ["Head"] = CFrame.new(0.000000, 0.000001, -0.000000, 1.000000, -0.000000, 0.000000, 0.000000, 0.921916, 0.387391, -0.000000, -0.387391, 0.921916),
      ["LeftUpperArm"] = CFrame.new(0.031669, -0.732079, 0.279834, 0.827456, -0.532784, 0.177364, -0.552155, -0.829465, 0.084337, 0.102184, -0.167718, -0.980525),
      ["LeftUpperLeg"] = CFrame.new(-0.466017, 1.182248, -0.551341, 0.989444, 0.142770, -0.024859, -0.144918, 0.974797, -0.169614, 0.000016, 0.171426, 0.985197),
      ["LowerTorso"] = CFrame.new(-0.000000, 0.697722, -0.822124, 1.000000, -0.000000, 0.000000, 0.000000, 0.998586, 0.053156, -0.000000, -0.053156, 0.998586),
      ["RightUpperArm"] = CFrame.new(-0.089354, -0.690770, 0.232605, 0.807685, 0.565976, -0.165277, 0.582066, -0.810089, 0.070392, -0.094048, -0.153057, -0.983732),
      ["RightUpperLeg"] = CFrame.new(0.447841, 1.192590, -0.661485, 0.989547, -0.143872, 0.009838, 0.144208, 0.987228, -0.067707, 0.000029, 0.068418, 0.997657),
      ["рҹҢ§пёҸрҹҳірҹ‘»рҹҸіпёҸвҖҚрҹҢҲрҹҳӮрҹ’һрҹҸҙвҖҚвҳ пёҸрҹҺёрҹҢ§пёҸрҹҳірҹ‘»рҹҸіпёҸвҖҚрҹҢҲрҹҳӮрҹ’һрҹҸҙвҖҚвҳ"] = CFrame.new(0.000000, 0.000000, -0.000000, 0.916361, -0.132822, -0.377679, 0.143458, 0.989656, 0.000032, 0.373769, -0.054210, 0.925936)
    }},
    { Time = 0.117, Data = {
      ["BaseOpened"] = CFrame.new(0.000000, -0.039869, -0.037836, 1.000000, 0.000000, 0.000000, 0.000000, 0.997987, -0.063415, 0.000000, 0.063415, 0.997987),
      ["Head"] = CFrame.new(0.000000, 0.000001, -0.000000, 1.000000, -0.000000, 0.000000, 0.000000, 0.917803, 0.397035, -0.000000, -0.397035, 0.917803),
      ["LeftUpperArm"] = CFrame.new(0.031842, -0.731993, 0.278872, 0.827438, -0.532128, 0.179405, -0.552170, -0.829138, 0.087394, 0.102246, -0.171375, -0.979886),
      ["LeftUpperLeg"] = CFrame.new(-0.466012, 1.182276, -0.551354, 0.989452, 0.142938, -0.023521, -0.144861, 0.976312, -0.160720, -0.000009, 0.162432, 0.986720),
      ["LowerTorso"] = CFrame.new(-0.000000, 0.702942, -0.821348, 1.000000, -0.000000, 0.000000, 0.000000, 0.998811, 0.048757, -0.000000, -0.048757, 0.998811),
      ["RightUpperArm"] = CFrame.new(-0.089519, -0.690697, 0.231619, 0.807687, 0.565346, -0.167407, 0.582067, -0.809812, 0.073497, -0.094017, -0.156805, -0.983145),
      ["RightUpperLeg"] = CFrame.new(0.447839, 1.192600, -0.661459, 0.989550, -0.143934, 0.008581, 0.144189, 0.987806, -0.058724, -0.000024, 0.059348, 0.998237),
      ["рҹҢ§пёҸрҹҳірҹ‘»рҹҸіпёҸвҖҚрҹҢҲрҹҳӮрҹ’һрҹҸҙвҖҚвҳ пёҸрҹҺёрҹҢ§пёҸрҹҳірҹ‘»рҹҸіпёҸвҖҚрҹҢҲрҹҳӮрҹ’һрҹҸҙвҖҚвҳ"] = CFrame.new(0.000000, 0.000000, -0.000000, 0.915042, -0.141717, -0.377644, 0.153045, 0.988219, -0.000014, 0.373197, -0.057784, 0.925951)
    }},
    { Time = 0.133, Data = {
      ["BaseOpened"] = CFrame.new(0.000000, -0.039934, -0.036812, 1.000000, 0.000000, 0.000000, 0.000000, 0.997987, -0.063415, 0.000000, 0.063415, 0.997987),
      ["Head"] = CFrame.new(0.000000, 0.000001, -0.000000, 1.000000, -0.000000, 0.000000, 0.000000, 0.913944, 0.405840, -0.000000, -0.405840, 0.913944),
      ["LeftUpperArm"] = CFrame.new(0.032051, -0.731898, 0.277776, 0.827455, -0.531334, 0.181665, -0.552144, -0.828776, 0.090925, 0.102248, -0.175542, -0.979148),
      ["LeftUpperLeg"] = CFrame.new(-0.466015, 1.182257, -0.551359, 0.989447, 0.143167, -0.022337, -0.144899, 0.977598, -0.152662, -0.000020, 0.154287, 0.988026),
      ["LowerTorso"] = CFrame.new(-0.000000, 0.708827, -0.820538, 1.000000, -0.000000, 0.000000, 0.000000, 0.999042, 0.043755, -0.000000, -0.043755, 0.999042),
      ["RightUpperArm"] = CFrame.new(-0.089699, -0.690609, 0.230534, 0.807665, 0.564664, -0.169801, 0.582094, -0.809479, 0.076874, -0.094042, -0.160929, -0.982476),
      ["RightUpperLeg"] = CFrame.new(0.447838, 1.192608, -0.661461, 0.989553, -0.143984, 0.007381, 0.144173, 0.988262, -0.050512, -0.000021, 0.051048, 0.998696),
      ["рҹҢ§пёҸрҹҳірҹ‘»рҹҸіпёҸвҖҚрҹҢҲрҹҳӮрҹ’һрҹҸҙвҖҚвҳ пёҸрҹҺёрҹҢ§пёҸрҹҳірҹ‘»рҹҸіпёҸвҖҚрҹҢҲрҹҳӮрҹ’һрҹҸҙвҖҚвҳ"] = CFrame.new(-0.000000, -0.000000, -0.000000, 0.913757, -0.149865, -0.377610, 0.161849, 0.986815, 0.000006, 0.372631, -0.061121, 0.925965)
    }},
    { Time = 0.150, Data = {
      ["BaseOpened"] = CFrame.new(0.000000, -0.040006, -0.035687, 1.000000, 0.000000, 0.000000, 0.000000, 0.997987, -0.063415, 0.000000, 0.063415, 0.997987),
      ["Head"] = CFrame.new(0.000000, 0.000001, -0.000000, 1.000000, -0.000000, 0.000000, 0.000000, 0.910472, 0.413571, -0.000000, -0.413571, 0.910472),
      ["LeftUpperArm"] = CFrame.new(0.032272, -0.731785, 0.276588, 0.827458, -0.530491, 0.184101, -0.552144, -0.828347, 0.094757, 0.102232, -0.180057, -0.978329),
      ["LeftUpperLeg"] = CFrame.new(-0.466012, 1.182277, -0.551349, 0.989452, 0.143286, -0.021293, -0.144860, 0.978704, -0.145444, -0.000000, 0.146995, 0.989137),
      ["LowerTorso"] = CFrame.new(-0.000000, 0.715324, -0.819670, 1.000000, -0.000000, 0.000000, 0.000000, 0.999269, 0.038234, -0.000000, -0.038234, 0.999269),
      ["RightUpperArm"] = CFrame.new(-0.089912, -0.690516, 0.229338, 0.807680, 0.563854, -0.172399, 0.582076, -0.809126, 0.080639, -0.094024, -0.165479, -0.981721),
      ["RightUpperLeg"] = CFrame.new(0.447837, 1.192614, -0.661454, 0.989554, -0.144021, 0.006334, 0.144160, 0.988609, -0.043237, -0.000035, 0.043699, 0.999045),
      ["рҹҢ§пёҸрҹҳірҹ‘»рҹҸіпёҸвҖҚрҹҢҲрҹҳӮрҹ’һрҹҸҙвҖҚвҳ пёҸрҹҺёрҹҢ§пёҸрҹҳірҹ‘»рҹҸіпёҸвҖҚрҹҢҲрҹҳӮрҹ’һрҹҸҙвҖҚвҳ"] = CFrame.new(-0.000000, -0.000000, -0.000000, 0.912536, -0.157045, -0.377644, 0.169589, 0.985515, -0.000036, 0.372180, -0.064012, 0.925951)
    }},
    { Time = 0.167, Data = {
      ["BaseOpened"] = CFrame.new(0.000000, -0.040083, -0.034473, 1.000000, 0.000000, 0.000000, 0.000000, 0.997987, -0.063415, 0.000000, 0.063415, 0.997987),
      ["Head"] = CFrame.new(0.000000, 0.000001, -0.000000, 1.000000, -0.000000, 0.000000, 0.000000, 0.907377, 0.420317, -0.000000, -0.420317, 0.907377),
      ["LeftUpperArm"] = CFrame.new(0.032508, -0.731653, 0.275309, 0.827445, -0.529597, 0.186712, -0.552169, -0.827848, 0.098888, 0.102198, -0.184921, -0.977425),
      ["LeftUpperLeg"] = CFrame.new(-0.466016, 1.182250, -0.551334, 0.989444, 0.143470, -0.020410, -0.144914, 0.979610, -0.139154, 0.000029, 0.140642, 0.990060),
      ["LowerTorso"] = CFrame.new(-0.000000, 0.722373, -0.818643, 1.000000, -0.000000, 0.000000, 0.000000, 0.999476, 0.032367, -0.000000, -0.032367, 0.999476),
      ["RightUpperArm"] = CFrame.new(-0.090136, -0.690409, 0.228070, 0.807682, 0.563003, -0.175152, 0.582076, -0.808719, 0.084619, -0.094008, -0.170298, -0.980898),
      ["RightUpperLeg"] = CFrame.new(0.447836, 1.192619, -0.661481, 0.989556, -0.144050, 0.005357, 0.144150, 0.988867, -0.036908, 0.000020, 0.037294, 0.999304),
      ["рҹҢ§пёҸрҹҳірҹ‘»рҹҸіпёҸвҖҚрҹҢҲрҹҳӮрҹ’һрҹҸҙвҖҚвҳ пёҸрҹҺёрҹҢ§пёҸрҹҳірҹ‘»рҹҸіпёҸвҖҚрҹҢҲрҹҳӮрҹ’һрҹҸҙвҖҚвҳ"] = CFrame.new(0.000000, -0.000000, -0.000000, 0.911437, -0.163229, -0.377676, 0.176301, 0.984336, 0.000038, 0.371754, -0.066619, 0.925938)
    }},
    { Time = 0.183, Data = {
      ["BaseOpened"] = CFrame.new(0.000000, -0.040165, -0.033183, 1.000000, 0.000000, 0.000000, 0.000000, 0.997987, -0.063415, 0.000000, 0.063415, 0.997987),
      ["Head"] = CFrame.new(0.000000, 0.000001, -0.000000, 1.000000, -0.000000, 0.000000, 0.000000, 0.904758, 0.425926, -0.000000, -0.425926, 0.904758),
      ["LeftUpperArm"] = CFrame.new(0.032776, -0.731519, 0.273955, 0.827453, -0.528575, 0.189550, -0.552145, -0.827334, 0.103221, 0.102261, -0.190070, -0.976430),
      ["LeftUpperLeg"] = CFrame.new(-0.466014, 1.182264, -0.551357, 0.989449, 0.143553, -0.019601, -0.144885, 0.980337, -0.133971, -0.000017, 0.135397, 0.990791),
      ["LowerTorso"] = CFrame.new(-0.000000, 0.729897, -0.817617, 1.000000, -0.000000, 0.000000, 0.000000, 0.999660, 0.026067, -0.000000, -0.026067, 0.999660),
      ["RightUpperArm"] = CFrame.new(-0.090397, -0.690294, 0.226684, 0.807708, 0.562011, -0.178190, 0.582036, -0.808282, 0.088960, -0.094031, -0.175567, -0.979967),
      ["RightUpperLeg"] = CFrame.new(0.447842, 1.192579, -0.661463, 0.989544, -0.144155, 0.004633, 0.144230, 0.989037, -0.031683, -0.000015, 0.032020, 0.999487),
      ["рҹҢ§пёҸрҹҳірҹ‘»рҹҸіпёҸвҖҚрҹҢҲрҹҳӮрҹ’һрҹҸҙвҖҚвҳ пёҸрҹҺёрҹҢ§пёҸрҹҳірҹ‘»рҹҸіпёҸвҖҚрҹҢҲрҹҳӮрҹ’һрҹҸҙвҖҚвҳ"] = CFrame.new(-0.000000, 0.000000, -0.000000, 0.910480, -0.168471, -0.377683, 0.181937, 0.983310, -0.000026, 0.371384, -0.068691, 0.925935)
    }},
    { Time = 0.200, Data = {
      ["BaseOpened"] = CFrame.new(0.000000, -0.040251, -0.031831, 1.000000, 0.000000, 0.000000, 0.000000, 0.997987, -0.063415, 0.000000, 0.063415, 0.997987),
      ["Head"] = CFrame.new(0.000000, 0.000001, -0.000000, 1.000000, -0.000000, 0.000000, 0.000000, 0.902713, 0.430243, -0.000000, -0.430243, 0.902713),
      ["LeftUpperArm"] = CFrame.new(0.033055, -0.731366, 0.272537, 0.827459, -0.527515, 0.192456, -0.552138, -0.826755, 0.107797, 0.102249, -0.195460, -0.975367),
      ["LeftUpperLeg"] = CFrame.new(-0.466013, 1.182273, -0.551332, 0.989451, 0.143611, -0.019038, -0.144868, 0.980900, -0.129800, 0.000034, 0.131188, 0.991357),
      ["LowerTorso"] = CFrame.new(-0.000000, 0.737824, -0.816501, 1.000000, -0.000000, 0.000000, 0.000000, 0.999810, 0.019508, -0.000000, -0.019508, 0.999810),
      ["RightUpperArm"] = CFrame.new(-0.090646, -0.690152, 0.225256, 0.807679, 0.561063, -0.181278, 0.582082, -0.807742, 0.093454, -0.093993, -0.180999, -0.978981),
      ["RightUpperLeg"] = CFrame.new(0.447842, 1.192582, -0.661483, 0.989545, -0.144170, 0.003983, 0.144225, 0.989163, -0.027491, 0.000023, 0.027778, 0.999614),
      ["рҹҢ§пёҸрҹҳірҹ‘»рҹҸіпёҸвҖҚрҹҢҲрҹҳӮрҹ’һрҹҸҙвҖҚвҳ пёҸрҹҺёрҹҢ§пёҸрҹҳірҹ‘»рҹҸіпёҸвҖҚрҹҢҲрҹҳӮрҹ’һрҹҸҙвҖҚвҳ"] = CFrame.new(-0.000000, -0.000000, -0.000000, 0.909714, -0.172572, -0.377677, 0.186365, 0.982481, -0.000026, 0.371065, -0.070363, 0.925937)
    }},
    { Time = 0.217, Data = {
      ["BaseOpened"] = CFrame.new(0.000000, -0.040340, -0.030433, 1.000000, 0.000000, 0.000000, 0.000000, 0.997987, -0.063415, 0.000000, 0.063415, 0.997987),
      ["Head"] = CFrame.new(0.000000, 0.000001, -0.000000, 1.000000, -0.000000, 0.000000, 0.000000, 0.901184, 0.433437, -0.000000, -0.433437, 0.901184),
      ["LeftUpperArm"] = CFrame.new(0.033346, -0.731195, 0.271050, 0.827448, -0.526407, 0.195511, -0.552155, -0.826105, 0.112589, 0.102245, -0.201114, -0.974217),
      ["LeftUpperLeg"] = CFrame.new(-0.466011, 1.182281, -0.551351, 0.989453, 0.143657, -0.018562, -0.144851, 0.981292, -0.126824, -0.000004, 0.128176, 0.991751),
      ["LowerTorso"] = CFrame.new(-0.000000, 0.746071, -0.815379, 1.000000, -0.000000, 0.000000, 0.000000, 0.999919, 0.012689, -0.000000, -0.012689, 0.999919),
      ["RightUpperArm"] = CFrame.new(-0.090925, -0.690010, 0.223780, 0.807687, 0.560004, -0.184491, 0.582071, -0.807200, 0.098089, -0.093992, -0.186612, -0.977927),
      ["RightUpperLeg"] = CFrame.new(0.447842, 1.192582, -0.661460, 0.989545, -0.144178, 0.003593, 0.144222, 0.989242, -0.024491, -0.000023, 0.024753, 0.999694),
      ["рҹҢ§пёҸрҹҳірҹ‘»рҹҸіпёҸвҖҚрҹҢҲрҹҳӮрҹ’һрҹҸҙвҖҚвҳ пёҸрҹҺёрҹҢ§пёҸрҹҳірҹ‘»рҹҸіпёҸвҖҚрҹҢҲрҹҳӮрҹ’һрҹҸҙвҖҚвҳ"] = CFrame.new(0.000000, 0.000000, -0.000000, 0.909171, -0.175467, -0.377650, 0.189489, 0.981883, -0.000028, 0.370813, -0.071535, 0.925949)
    }},
    { Time = 0.233, Data = {
      ["BaseOpened"] = CFrame.new(0.000000, -0.040431, -0.029003, 1.000000, 0.000000, 0.000000, 0.000000, 0.997987, -0.063415, 0.000000, 0.063415, 0.997987),
      ["Head"] = CFrame.new(0.000000, 0.000001, -0.000000, 1.000000, -0.000000, 0.000000, 0.000000, 0.900261, 0.435351, -0.000000, -0.435351, 0.900261),
      ["LeftUpperArm"] = CFrame.new(0.033644, -0.731012, 0.269543, 0.827435, -0.525276, 0.198585, -0.552181, -0.825409, 0.117460, 0.102215, -0.206846, -0.973020),
      ["LeftUpperLeg"] = CFrame.new(-0.466017, 1.182241, -0.551331, 0.989442, 0.143764, -0.018351, -0.144931, 0.981510, -0.125033, 0.000036, 0.126372, 0.991983),
      ["LowerTorso"] = CFrame.new(-0.000000, 0.754552, -0.814165, 1.000000, -0.000000, 0.000000, 0.000000, 0.999983, 0.005784, -0.000000, -0.005784, 0.999983),
      ["RightUpperArm"] = CFrame.new(-0.091212, -0.689856, 0.222276, 0.807679, 0.558912, -0.187807, 0.582073, -0.806615, 0.102775, -0.094045, -0.192327, -0.976814),
      ["RightUpperLeg"] = CFrame.new(0.447842, 1.192583, -0.661480, 0.989546, -0.144183, 0.003289, 0.144220, 0.989285, -0.022695, 0.000018, 0.022933, 0.999737),
      ["рҹҢ§пёҸрҹҳірҹ‘»рҹҸіпёҸвҖҚрҹҢҲрҹҳӮрҹ’һрҹҸҙвҖҚвҳ пёҸрҹҺёрҹҢ§пёҸрҹҳірҹ‘»рҹҸіпёҸвҖҚрҹҢҲрҹҳӮрҹ’һрҹҸҙвҖҚвҳ"] = CFrame.new(-0.000000, 0.000000, -0.000000, 0.908848, -0.177225, -0.377608, 0.191408, 0.981510, 0.000035, 0.370620, -0.072309, 0.925966)
    }},
    { Time = 0.250, Data = {
      ["BaseOpened"] = CFrame.new(0.000000, -0.040522, -0.027557, 1.000000, 0.000000, 0.000000, 0.000000, 0.997987, -0.063415, 0.000000, 0.063415, 0.997987),
      ["Head"] = CFrame.new(0.000000, 0.000001, -0.000000, 1.000000, -0.000000, 0.000000, 0.000000, 0.899952, 0.435989, -0.000000, -0.435989, 0.899952),
      ["LeftUpperArm"] = CFrame.new(0.033965, -0.730833, 0.268038, 0.827467, -0.524056, 0.201649, -0.552136, -0.824730, 0.122336, 0.102195, -0.212567, -0.971788),
      ["LeftUpperLeg"] = CFrame.new(-0.466017, 1.182244, -0.551352, 0.989443, 0.143775, -0.018221, -0.144925, 0.981586, -0.124440, -0.000006, 0.125767, 0.992060),
      ["LowerTorso"] = CFrame.new(-0.000000, 0.763176, -0.813034, 1.000000, 0.000000, 0.000000, 0.000000, 0.999999, -0.001295, 0.000000, 0.001295, 0.999999),
      ["RightUpperArm"] = CFrame.new(-0.091505, -0.689690, 0.220753, 0.807668, 0.557796, -0.191143, 0.582085, -0.805985, 0.107540, -0.094073, -0.198118, -0.975653),
      ["RightUpperLeg"] = CFrame.new(0.447841, 1.192584, -0.661458, 0.989546, -0.144184, 0.003246, 0.144220, 0.989299, -0.022093, -0.000026, 0.022330, 0.999751),
      ["рҹҢ§пёҸрҹҳірҹ‘»рҹҸіпёҸвҖҚрҹҢҲрҹҳӮрҹ’һрҹҸҙвҖҚвҳ пёҸрҹҺёрҹҢ§пёҸрҹҳірҹ‘»рҹҸіпёҸвҖҚрҹҢҲрҹҳӮрҹ’һрҹҸҙвҖҚвҳ"] = CFrame.new(-0.000000, 0.000000, -0.000000, 0.908717, -0.177876, -0.377616, 0.192093, 0.981377, -0.000014, 0.370586, -0.072524, 0.925963)
    }},
    { Time = 0.267, Data = {
      ["BaseOpened"] = CFrame.new(0.000000, -0.040614, -0.026111, 1.000000, 0.000000, 0.000000, 0.000000, 0.997987, -0.063415, 0.000000, 0.063415, 0.997987),
      ["Head"] = CFrame.new(0.000000, 0.000001, -0.000000, 1.000000, -0.000000, 0.000000, 0.000000, 0.900261, 0.435351, -0.000000, -0.435351, 0.900261),
      ["LeftUpperArm"] = CFrame.new(0.034275, -0.730630, 0.266506, 0.827434, -0.522878, 0.204819, -0.552180, -0.823956, 0.127256, 0.102223, -0.218393, -0.970492),
      ["LeftUpperLeg"] = CFrame.new(-0.466017, 1.182241, -0.551331, 0.989442, 0.143764, -0.018351, -0.144931, 0.981510, -0.125033, 0.000036, 0.126372, 0.991983),
      ["LowerTorso"] = CFrame.new(-0.000000, 0.771849, -0.811816, 1.000000, 0.000000, 0.000000, 0.000000, 0.999966, -0.008287, 0.000000, 0.008287, 0.999966),
      ["RightUpperArm"] = CFrame.new(-0.091800, -0.689517, 0.219238, 0.807666, 0.556675, -0.194393, 0.582096, -0.805324, 0.112328, -0.094019, -0.203879, -0.974471),
      ["RightUpperLeg"] = CFrame.new(0.447842, 1.192583, -0.661480, 0.989546, -0.144183, 0.003289, 0.144220, 0.989285, -0.022695, 0.000018, 0.022933, 0.999737),
      ["рҹҢ§пёҸрҹҳірҹ‘»рҹҸіпёҸвҖҚрҹҢҲрҹҳӮрҹ’һрҹҸҙвҖҚвҳ пёҸрҹҺёрҹҢ§пёҸрҹҳірҹ‘»рҹҸіпёҸвҖҚрҹҢҲрҹҳӮрҹ’һрҹҸҙвҖҚвҳ"] = CFrame.new(-0.000000, 0.000000, -0.000000, 0.908848, -0.177225, -0.377608, 0.191408, 0.981510, 0.000035, 0.370620, -0.072309, 0.925966)
    }},
    { Time = 0.283, Data = {
      ["BaseOpened"] = CFrame.new(0.000000, -0.040705, -0.024681, 1.000000, 0.000000, 0.000000, 0.000000, 0.997987, -0.063415, 0.000000, 0.063415, 0.997987),
      ["Head"] = CFrame.new(0.000000, 0.000001, -0.000000, 1.000000, -0.000000, 0.000000, 0.000000, 0.901184, 0.433437, -0.000000, -0.433437, 0.901184),
      ["LeftUpperArm"] = CFrame.new(0.034601, -0.730439, 0.265026, 0.827461, -0.521639, 0.207849, -0.552139, -0.823230, 0.132043, 0.102229, -0.224022, -0.969208),
      ["LeftUpperLeg"] = CFrame.new(-0.466011, 1.182281, -0.551351, 0.989453, 0.143657, -0.018562, -0.144851, 0.981292, -0.126824, -0.000004, 0.128176, 0.991751),
      ["LowerTorso"] = CFrame.new(-0.000000, 0.780476, -0.810688, 1.000000, 0.000000, 0.000000, 0.000000, 0.999883, -0.015279, 0.000000, 0.015279, 0.999883),
      ["RightUpperArm"] = CFrame.new(-0.092121, -0.689348, 0.217719, 0.807700, 0.555455, -0.197715, 0.582043, -0.804683, 0.117095, -0.094057, -0.209656, -0.973241),
      ["RightUpperLeg"] = CFrame.new(0.447842, 1.192582, -0.661460, 0.989545, -0.144178, 0.003593, 0.144222, 0.989242, -0.024491, -0.000023, 0.024753, 0.999694),
      ["рҹҢ§пёҸрҹҳірҹ‘»рҹҸіпёҸвҖҚрҹҢҲрҹҳӮрҹ’һрҹҸҙвҖҚвҳ пёҸрҹҺёрҹҢ§пёҸрҹҳірҹ‘»рҹҸіпёҸвҖҚрҹҢҲрҹҳӮрҹ’һрҹҸҙвҖҚвҳ"] = CFrame.new(-0.000000, 0.000000, -0.000000, 0.909171, -0.175467, -0.377650, 0.189489, 0.981883, -0.000028, 0.370813, -0.071535, 0.925949)
    }},
    { Time = 0.300, Data = {
      ["BaseOpened"] = CFrame.new(0.000000, -0.040794, -0.023283, 1.000000, 0.000000, 0.000000, 0.000000, 0.997987, -0.063415, 0.000000, 0.063415, 0.997987),
      ["Head"] = CFrame.new(0.000000, 0.000001, -0.000000, 1.000000, -0.000000, 0.000000, 0.000000, 0.902713, 0.430243, -0.000000, -0.430243, 0.902713),
      ["LeftUpperArm"] = CFrame.new(0.034910, -0.730227, 0.263545, 0.827436, -0.520461, 0.210881, -0.552178, -0.822424, 0.136817, 0.102225, -0.229650, -0.967890),
      ["LeftUpperLeg"] = CFrame.new(-0.466013, 1.182273, -0.551332, 0.989451, 0.143611, -0.019038, -0.144868, 0.980900, -0.129800, 0.000034, 0.131188, 0.991357),
      ["LowerTorso"] = CFrame.new(-0.000000, 0.788960, -0.809566, 1.000000, 0.000000, 0.000000, 0.000000, 0.999756, -0.022097, 0.000000, 0.022097, 0.999756),
      ["RightUpperArm"] = CFrame.new(-0.092419, -0.689165, 0.216249, 0.807691, 0.554321, -0.200905, 0.582055, -0.803989, 0.121714, -0.094057, -0.215245, -0.972021),
      ["RightUpperLeg"] = CFrame.new(0.447842, 1.192582, -0.661483, 0.989545, -0.144170, 0.003983, 0.144225, 0.989163, -0.027491, 0.000023, 0.027778, 0.999614),
      ["рҹҢ§пёҸрҹҳірҹ‘»рҹҸіпёҸвҖҚрҹҢҲрҹҳӮрҹ’һрҹҸҙвҖҚвҳ пёҸрҹҺёрҹҢ§пёҸрҹҳірҹ‘»рҹҸіпёҸвҖҚрҹҢҲрҹҳӮрҹ’һрҹҸҙвҖҚвҳ"] = CFrame.new(-0.000000, -0.000000, -0.000000, 0.909714, -0.172572, -0.377677, 0.186365, 0.982481, -0.000026, 0.371065, -0.070363, 0.925937)
    }},
    { Time = 0.317, Data = {
      ["BaseOpened"] = CFrame.new(0.000000, -0.040880, -0.021931, 1.000000, 0.000000, 0.000000, 0.000000, 0.997987, -0.063415, 0.000000, 0.063415, 0.997987),
      ["Head"] = CFrame.new(0.000000, 0.000001, -0.000000, 1.000000, -0.000000, 0.000000, 0.000000, 0.904758, 0.425926, -0.000000, -0.425926, 0.904758),
      ["LeftUpperArm"] = CFrame.new(0.035233, -0.730034, 0.262138, 0.827471, -0.519234, 0.213748, -0.552125, -0.821687, 0.141378, 0.102226, -0.235002, -0.966604),
      ["LeftUpperLeg"] = CFrame.new(-0.466014, 1.182264, -0.551357, 0.989449, 0.143553, -0.019601, -0.144885, 0.980337, -0.133971, -0.000017, 0.135397, 0.990791),
      ["LowerTorso"] = CFrame.new(-0.000000, 0.797203, -0.808450, 1.000000, 0.000000, 0.000000, 0.000000, 0.999589, -0.028656, 0.000000, 0.028656, 0.999589),
      ["RightUpperArm"] = CFrame.new(-0.092713, -0.688983, 0.214830, 0.807694, 0.553202, -0.203958, 0.582057, -0.803297, 0.126194, -0.094029, -0.220641, -0.970812),
      ["RightUpperLeg"] = CFrame.new(0.447842, 1.192579, -0.661463, 0.989544, -0.144155, 0.004633, 0.144230, 0.989037, -0.031683, -0.000015, 0.032020, 0.999487),
      ["рҹҢ§пёҸрҹҳірҹ‘»рҹҸіпёҸвҖҚрҹҢҲрҹҳӮрҹ’һрҹҸҙвҖҚвҳ пёҸрҹҺёрҹҢ§пёҸрҹҳірҹ‘»рҹҸіпёҸвҖҚрҹҢҲрҹҳӮрҹ’һрҹҸҙвҖҚвҳ"] = CFrame.new(-0.000000, 0.000000, -0.000000, 0.910480, -0.168471, -0.377683, 0.181937, 0.983310, -0.000026, 0.371384, -0.068691, 0.925935)
    }},
    { Time = 0.333, Data = {
      ["BaseOpened"] = CFrame.new(0.000000, -0.040962, -0.020641, 1.000000, 0.000000, 0.000000, 0.000000, 0.997987, -0.063415, 0.000000, 0.063415, 0.997987),
      ["Head"] = CFrame.new(0.000000, 0.000001, -0.000000, 1.000000, -0.000000, 0.000000, 0.000000, 0.907377, 0.420317, -0.000000, -0.420317, 0.907377),
      ["LeftUpperArm"] = CFrame.new(0.035529, -0.729833, 0.260801, 0.827469, -0.518110, 0.216466, -0.552131, -0.820927, 0.145707, 0.102211, -0.240085, -0.965356),
      ["LeftUpperLeg"] = CFrame.new(-0.466016, 1.182250, -0.551334, 0.989444, 0.143470, -0.020410, -0.144914, 0.979610, -0.139154, 0.000029, 0.140642, 0.990060),
      ["LowerTorso"] = CFrame.new(-0.000000, 0.805112, -0.807424, 1.000000, 0.000000, 0.000000, 0.000000, 0.999389, -0.034955, 0.000000, 0.034955, 0.999389),
      ["RightUpperArm"] = CFrame.new(-0.093001, -0.688806, 0.213482, 0.807706, 0.552108, -0.206851, 0.582043, -0.802625, 0.130454, -0.093999, -0.225765, -0.969636),
      ["RightUpperLeg"] = CFrame.new(0.447836, 1.192619, -0.661481, 0.989556, -0.144050, 0.005357, 0.144150, 0.988867, -0.036908, 0.000020, 0.037294, 0.999304),
      ["рҹҢ§пёҸрҹҳірҹ‘»рҹҸіпёҸвҖҚрҹҢҲрҹҳӮрҹ’һрҹҸҙвҖҚвҳ пёҸрҹҺёрҹҢ§пёҸрҹҳірҹ‘»рҹҸіпёҸвҖҚрҹҢҲрҹҳӮрҹ’һрҹҸҙвҖҚвҳ"] = CFrame.new(-0.000000, 0.000000, -0.000000, 0.911437, -0.163229, -0.377676, 0.176301, 0.984336, 0.000038, 0.371754, -0.066619, 0.925938)
    }},
    { Time = 0.350, Data = {
      ["BaseOpened"] = CFrame.new(0.000000, -0.041039, -0.019427, 1.000000, 0.000000, 0.000000, 0.000000, 0.997987, -0.063415, 0.000000, 0.063415, 0.997987),
      ["Head"] = CFrame.new(0.000000, 0.000001, -0.000000, 1.000000, -0.000000, 0.000000, 0.000000, 0.910472, 0.413571, -0.000000, -0.413571, 0.910472),
      ["LeftUpperArm"] = CFrame.new(0.035820, -0.729641, 0.259530, 0.827465, -0.517005, 0.219109, -0.552126, -0.820195, 0.149789, 0.102270, -0.244921, -0.964134),
      ["LeftUpperLeg"] = CFrame.new(-0.466012, 1.182277, -0.551349, 0.989452, 0.143286, -0.021293, -0.144860, 0.978704, -0.145444, -0.000000, 0.146995, 0.989137),
      ["LowerTorso"] = CFrame.new(-0.000000, 0.812590, -0.806396, 1.000000, 0.000000, 0.000000, 0.000000, 0.999166, -0.040822, 0.000000, 0.040822, 0.999166),
      ["RightUpperArm"] = CFrame.new(-0.093265, -0.688623, 0.212199, 0.807665, 0.551104, -0.209671, 0.582094, -0.801927, 0.134459, -0.094040, -0.230646, -0.968483),
      ["RightUpperLeg"] = CFrame.new(0.447837, 1.192614, -0.661454, 0.989554, -0.144021, 0.006334, 0.144160, 0.988609, -0.043237, -0.000035, 0.043699, 0.999045),
      ["рҹҢ§пёҸрҹҳірҹ‘»рҹҸіпёҸвҖҚрҹҢҲрҹҳӮрҹ’һрҹҸҙвҖҚвҳ пёҸрҹҺёрҹҢ§пёҸрҹҳірҹ‘»рҹҸіпёҸвҖҚрҹҢҲрҹҳӮрҹ’һрҹҸҙвҖҚвҳ"] = CFrame.new(-0.000000, -0.000000, -0.000000, 0.912536, -0.157045, -0.377644, 0.169589, 0.985515, -0.000036, 0.372180, -0.064012, 0.925951)
    }},
    { Time = 0.367, Data = {
      ["BaseOpened"] = CFrame.new(0.000000, -0.041110, -0.018302, 1.000000, 0.000000, 0.000000, 0.000000, 0.997987, -0.063415, 0.000000, 0.063415, 0.997987),
      ["Head"] = CFrame.new(0.000000, 0.000001, -0.000000, 1.000000, -0.000000, 0.000000, 0.000000, 0.913944, 0.405840, -0.000000, -0.405840, 0.913944),
      ["LeftUpperArm"] = CFrame.new(0.036077, -0.729449, 0.258355, 0.827439, -0.516026, 0.221498, -0.552167, -0.819465, 0.153585, 0.102256, -0.249386, -0.962990),
      ["LeftUpperLeg"] = CFrame.new(-0.466015, 1.182257, -0.551359, 0.989447, 0.143167, -0.022337, -0.144899, 0.977598, -0.152662, -0.000020, 0.154287, 0.988026),
      ["LowerTorso"] = CFrame.new(-0.000000, 0.819555, -0.805528, 1.000000, 0.000000, 0.000000, 0.000000, 0.998926, -0.046342, 0.000000, 0.046342, 0.998926),
      ["RightUpperArm"] = CFrame.new(-0.093533, -0.688469, 0.211036, 0.807701, 0.550085, -0.212193, 0.582041, -0.801343, 0.138121, -0.094061, -0.235065, -0.967418),
      ["RightUpperLeg"] = CFrame.new(0.447838, 1.192608, -0.661461, 0.989553, -0.143984, 0.007381, 0.144173, 0.988262, -0.050512, -0.000021, 0.051048, 0.998696),
      ["рҹҢ§пёҸрҹҳірҹ‘»рҹҸіпёҸвҖҚрҹҢҲрҹҳӮрҹ’һрҹҸҙвҖҚвҳ пёҸрҹҺёрҹҢ§пёҸрҹҳірҹ‘»рҹҸіпёҸвҖҚрҹҢҲрҹҳӮрҹ’һрҹҸҙвҖҚвҳ"] = CFrame.new(-0.000000, 0.000000, -0.000000, 0.913757, -0.149865, -0.377610, 0.161849, 0.986815, 0.000006, 0.372631, -0.061121, 0.925965)
    }},
    { Time = 0.383, Data = {
      ["BaseOpened"] = CFrame.new(0.000000, -0.041175, -0.017278, 1.000000, 0.000000, 0.000000, 0.000000, 0.997987, -0.063415, 0.000000, 0.063415, 0.997987),
      ["Head"] = CFrame.new(0.000000, 0.000001, -0.000000, 1.000000, -0.000000, 0.000000, 0.000000, 0.917803, 0.397035, -0.000000, -0.397035, 0.917803),
      ["LeftUpperArm"] = CFrame.new(0.036317, -0.729277, 0.257300, 0.827441, -0.515114, 0.223605, -0.552173, -0.818810, 0.157023, 0.102205, -0.253396, -0.961949),
      ["LeftUpperLeg"] = CFrame.new(-0.466012, 1.182276, -0.551354, 0.989452, 0.142938, -0.023521, -0.144861, 0.976312, -0.160720, -0.000009, 0.162432, 0.986720),
      ["LowerTorso"] = CFrame.new(-0.000000, 0.825912, -0.804631, 1.000000, 0.000000, 0.000000, 0.000000, 0.998685, -0.051258, 0.000000, 0.051258, 0.998685),
      ["RightUpperArm"] = CFrame.new(-0.093768, -0.688316, 0.209972, 0.807711, 0.549192, -0.214455, 0.582034, -0.800759, 0.141500, -0.094016, -0.239112, -0.966430),
      ["RightUpperLeg"] = CFrame.new(0.447839, 1.192600, -0.661459, 0.989550, -0.143934, 0.008581, 0.144189, 0.987806, -0.058724, -0.000024, 0.059348, 0.998237),
      ["рҹҢ§пёҸрҹҳірҹ‘»рҹҸіпёҸвҖҚрҹҢҲрҹҳӮрҹ’һрҹҸҙвҖҚвҳ пёҸрҹҺёрҹҢ§пёҸрҹҳірҹ‘»рҹҸіпёҸвҖҚрҹҢҲрҹҳӮрҹ’һрҹҸҙвҖҚвҳ"] = CFrame.new(-0.000000, 0.000000, -0.000000, 0.915042, -0.141717, -0.377644, 0.153045, 0.988219, -0.000014, 0.373197, -0.057784, 0.925951)
    }},
    { Time = 0.400, Data = {
      ["BaseOpened"] = CFrame.new(0.000000, -0.041233, -0.016367, 1.000000, 0.000000, 0.000000, 0.000000, 0.997987, -0.063415, 0.000000, 0.063415, 0.997987),
      ["Head"] = CFrame.new(0.000000, 0.000001, -0.000000, 1.000000, -0.000000, 0.000000, 0.000000, 0.921916, 0.387391, -0.000000, -0.387391, 0.921916),
      ["LeftUpperArm"] = CFrame.new(0.036542, -0.729125, 0.256359, 0.827457, -0.514257, 0.225511, -0.552151, -0.818232, 0.160080, 0.102198, -0.256975, -0.960999),
      ["LeftUpperLeg"] = CFrame.new(-0.466017, 1.182248, -0.551341, 0.989444, 0.142770, -0.024859, -0.144918, 0.974797, -0.169614, 0.000016, 0.171426, 0.985197),
      ["LowerTorso"] = CFrame.new(-0.000000, 0.831597, -0.803941, 1.000000, 0.000000, 0.000000, 0.000000, 0.998445, -0.055742, 0.000000, 0.055742, 0.998445),
      ["RightUpperArm"] = CFrame.new(-0.093970, -0.688167, 0.209020, 0.807682, 0.548425, -0.216516, 0.582075, -0.800195, 0.144491, -0.094012, -0.242731, -0.965528),
      ["RightUpperLeg"] = CFrame.new(0.447841, 1.192590, -0.661485, 0.989547, -0.143872, 0.009838, 0.144208, 0.987228, -0.067707, 0.000029, 0.068418, 0.997657),
      ["рҹҢ§пёҸрҹҳірҹ‘»рҹҸіпёҸвҖҚрҹҢҲрҹҳӮрҹ’һрҹҸҙвҖҚвҳ пёҸрҹҺёрҹҢ§пёҸрҹҳірҹ‘»рҹҸіпёҸвҖҚрҹҢҲрҹҳӮрҹ’һрҹҸҙвҖҚвҳ"] = CFrame.new(-0.000000, 0.000000, -0.000000, 0.916361, -0.132822, -0.377679, 0.143458, 0.989656, 0.000032, 0.373769, -0.054210, 0.925936)
    }},
    { Time = 0.417, Data = {
      ["BaseOpened"] = CFrame.new(0.000000, -0.041283, -0.015578, 1.000000, 0.000000, 0.000000, 0.000000, 0.997987, -0.063415, 0.000000, 0.063415, 0.997987),
      ["Head"] = CFrame.new(0.000000, 0.000001, -0.000001, 1.000000, -0.000000, 0.000000, 0.000000, 0.926254, 0.376900, -0.000000, -0.376900, 0.926254),
      ["LeftUpperArm"] = CFrame.new(0.036732, -0.728982, 0.255530, 0.827438, -0.513532, 0.227224, -0.552174, -0.817690, 0.162745, 0.102224, -0.260129, -0.960148),
      ["LeftUpperLeg"] = CFrame.new(-0.466015, 1.182260, -0.551353, 0.989447, 0.142497, -0.026243, -0.144894, 0.973073, -0.179264, -0.000008, 0.181175, 0.983451),
      ["LowerTorso"] = CFrame.new(-0.000000, 0.836528, -0.803257, 1.000000, 0.000000, 0.000000, 0.000000, 0.998226, -0.059536, 0.000000, 0.059536, 0.998226),
      ["RightUpperArm"] = CFrame.new(-0.094157, -0.688040, 0.208181, 0.807666, 0.547714, -0.218369, 0.582089, -0.799708, 0.147104, -0.094060, -0.245921, -0.964715),
      ["RightUpperLeg"] = CFrame.new(0.447836, 1.192619, -0.661452, 0.989556, -0.143706, 0.011319, 0.144151, 0.986520, -0.077446, -0.000037, 0.078269, 0.996932),
      ["рҹҢ§пёҸрҹҳірҹ‘»рҹҸіпёҸвҖҚрҹҢҲрҹҳӮрҹ’һрҹҸҙвҖҚвҳ пёҸрҹҺёрҹҢ§пёҸрҹҳірҹ‘»рҹҸіпёҸвҖҚрҹҢҲрҹҳӮрҹ’һрҹҸҙвҖҚвҳ"] = CFrame.new(0.000000, 0.000000, -0.000000, 0.917736, -0.123127, -0.377625, 0.132971, 0.991120, -0.000004, 0.374272, -0.050209, 0.925959)
    }},
    { Time = 0.433, Data = {
      ["BaseOpened"] = CFrame.new(0.000000, -0.041325, -0.014921, 1.000000, 0.000000, 0.000000, 0.000000, 0.997987, -0.063415, 0.000000, 0.063415, 0.997987),
      ["Head"] = CFrame.new(0.000000, 0.000001, -0.000000, 1.000000, -0.000000, 0.000000, 0.000000, 0.930758, 0.365636, -0.000000, -0.365636, 0.930758),
      ["LeftUpperArm"] = CFrame.new(0.036901, -0.728868, 0.254841, 0.827448, -0.512890, 0.228633, -0.552157, -0.817256, 0.164974, 0.102238, -0.262749, -0.959433),
      ["LeftUpperLeg"] = CFrame.new(-0.466014, 1.182266, -0.551341, 0.989449, 0.142198, -0.027749, -0.144880, 0.971152, -0.189403, 0.000016, 0.191425, 0.981507),
      ["LowerTorso"] = CFrame.new(-0.000000, 0.840651, -0.802715, 1.000000, 0.000000, 0.000000, 0.000000, 0.998031, -0.062725, 0.000000, 0.062725, 0.998031),
      ["RightUpperArm"] = CFrame.new(-0.094318, -0.687942, 0.207511, 0.807692, 0.547101, -0.219802, 0.582054, -0.799339, 0.149231, -0.094052, -0.248469, -0.964063),
      ["RightUpperLeg"] = CFrame.new(0.447838, 1.192605, -0.661486, 0.989551, -0.143614, 0.012760, 0.144180, 0.985650, -0.087786, 0.000030, 0.088709, 0.996058),
      ["рҹҢ§пёҸрҹҳірҹ‘»рҹҸіпёҸвҖҚрҹҢҲрҹҳӮрҹ’һрҹҸҙвҖҚвҳ пёҸрҹҺёрҹҢ§пёҸрҹҳірҹ‘»рҹҸіпёҸвҖҚрҹҢҲрҹҳӮрҹ’һрҹҸҙвҖҚвҳ"] = CFrame.new(0.000000, 0.000000, 0.000000, 0.919033, -0.112931, -0.377658, 0.121950, 0.992536, -0.000031, 0.374842, -0.046027, 0.925945)
    }},
    { Time = 0.450, Data = {
      ["BaseOpened"] = CFrame.new(0.000000, -0.041358, -0.014402, 1.000000, 0.000000, 0.000000, 0.000000, 0.997987, -0.063415, 0.000000, 0.063415, 0.997987),
      ["Head"] = CFrame.new(0.000000, 0.000001, -0.000000, 1.000000, -0.000000, 0.000000, 0.000000, 0.935307, 0.353838, -0.000000, -0.353838, 0.935307),
      ["LeftUpperArm"] = CFrame.new(0.037026, -0.728775, 0.254311, 0.827440, -0.512417, 0.229723, -0.552167, -0.816903, 0.166677, 0.102253, -0.264760, -0.958878),
      ["LeftUpperLeg"] = CFrame.new(-0.466013, 1.182271, -0.551348, 0.989451, 0.141880, -0.029290, -0.144871, 0.969019, -0.200036, 0.000002, 0.202169, 0.979351),
      ["LowerTorso"] = CFrame.new(-0.000000, 0.843911, -0.802268, 1.000000, 0.000000, 0.000000, 0.000000, 0.997871, -0.065225, 0.000000, 0.065225, 0.997871),
      ["RightUpperArm"] = CFrame.new(-0.094441, -0.687854, 0.206959, 0.807695, 0.546633, -0.220954, 0.582059, -0.799004, 0.150998, -0.094003, -0.250569, -0.963524),
      ["RightUpperLeg"] = CFrame.new(0.447841, 1.192587, -0.661493, 0.989546, -0.143503, 0.014318, 0.144216, 0.984627, -0.098542, 0.000044, 0.099577, 0.995030),
      ["рҹҢ§пёҸрҹҳірҹ‘»рҹҸіпёҸвҖҚрҹҢҲрҹҳӮрҹ’һрҹҸҙвҖҚвҳ пёҸрҹҺёрҹҢ§пёҸрҹҳірҹ‘»рҹҸіпёҸвҖҚрҹҢҲрҹҳӮрҹ’һрҹҸҙвҖҚвҳ"] = CFrame.new(0.000000, 0.000000, -0.000000, 0.920310, -0.102153, -0.377616, 0.110312, 0.993897, -0.000022, 0.375314, -0.041635, 0.925962)
    }},
    { Time = 0.467, Data = {
      ["BaseOpened"] = CFrame.new(0.000000, -0.041382, -0.014027, 1.000000, 0.000000, 0.000000, 0.000000, 0.997987, -0.063415, 0.000000, 0.063415, 0.997987),
      ["Head"] = CFrame.new(0.000000, 0.000001, -0.000000, 1.000000, -0.000000, 0.000000, 0.000000, 0.939850, 0.341586, -0.000000, -0.341586, 0.939850),
      ["LeftUpperArm"] = CFrame.new(0.037128, -0.728713, 0.253922, 0.827461, -0.512029, 0.230510, -0.552134, -0.816665, 0.167945, 0.102256, -0.266240, -0.958467),
