return {
  ["Astros jerk off"] = {
    { Time = 0.000, Data = {
      ["Balls"] = CFrame.new(0.000000, 0.000000, 0.000000, 0.999702, -0.024427, 0.000000, 0.024427, 0.999702, 0.000000, 0.000000, 0.000000, 1.000000),
      ["Cock"] = CFrame.new(0.000000, 0.000000, 0.000000, 0.850996, 0.525172, 0.000000, -0.525172, 0.850996, -0.000000, -0.000000, 0.000000, 1.000000),
      ["Head"] = CFrame.new(0.000000, 0.000000, -0.000000, 1.000000, -0.000000, 0.000000, 0.000000, 0.997232, 0.074358, -0.000000, -0.074358, 0.997232),
      ["LeftUpperArm"] = CFrame.new(0.115664, -0.102384, 0.086645, 0.995785, 0.073684, 0.054612, -0.076643, 0.995583, 0.054222, -0.050376, -0.058179, 0.997034),
      ["LeftUpperLeg"] = CFrame.new(-0.009821, 0.019379, -0.023922, 0.996509, 0.031438, 0.077339, -0.037674, 0.996038, 0.080549, -0.074500, -0.083182, 0.993746),
      ["LowerTorso"] = CFrame.new(0.000000, 0.002226, -0.066690, 1.000000, 0.000000, 0.000000, 0.000000, 0.997774, -0.066690, 0.000000, 0.066690, 0.997774),
      ["RightUpperArm"] = CFrame.new(-0.067338, -0.336690, 0.045533, 0.809507, 0.587110, -0.000034, -0.464222, 0.640035, -0.612253, -0.359438, 0.495639, 0.790662),
      ["RightUpperLeg"] = CFrame.new(0.009822, 0.019377, -0.023921, 0.996509, -0.031438, -0.077339, 0.037674, 0.996038, 0.080549, 0.074500, -0.083182, 0.993746)
    }},
    { Time = 0.017, Data = {
      ["Balls"] = CFrame.new(0.000000, -0.000000, 0.000000, 0.999695, -0.024686, 0.000000, 0.024686, 0.999695, 0.000000, 0.000000, 0.000000, 1.000000),
      ["Cock"] = CFrame.new(0.000000, 0.000000, 0.000000, 0.850713, 0.525630, 0.000000, -0.525630, 0.850713, -0.000000, -0.000000, 0.000000, 1.000000),
      ["Head"] = CFrame.new(0.000000, 0.000000, 0.000000, 1.000000, -0.000000, 0.000000, 0.000000, 0.997225, 0.074444, -0.000000, -0.074444, 0.997225),
      ["LeftUpperArm"] = CFrame.new(0.115663, -0.102385, 0.086622, 0.995785, 0.073682, 0.054615, -0.076645, 0.995578, 0.054308, -0.050372, -0.058265, 0.997029),
      ["LeftUpperLeg"] = CFrame.new(-0.009821, 0.019378, -0.023921, 0.996509, 0.031434, 0.077340, -0.037677, 0.996031, 0.080635, -0.074498, -0.083268, 0.993739),
      ["LowerTorso"] = CFrame.new(0.000000, 0.002232, -0.066817, 1.000000, 0.000000, 0.000000, 0.000000, 0.997768, -0.066776, 0.000000, 0.066776, 0.997768),
      ["RightUpperArm"] = CFrame.new(-0.067412, -0.336881, 0.045594, 0.809491, 0.587132, -0.000442, -0.464212, 0.639559, -0.612757, -0.359486, 0.496227, 0.790271),
      ["RightUpperLeg"] = CFrame.new(0.009822, 0.019375, -0.023921, 0.996509, -0.031434, -0.077340, 0.037677, 0.996031, 0.080635, 0.074498, -0.083268, 0.993739)
    }},
    { Time = 0.033, Data = {
      ["Balls"] = CFrame.new(0.000000, 0.000000, 0.000000, 0.999676, -0.025463, 0.000000, 0.025463, 0.999676, 0.000000, 0.000000, 0.000000, 1.000000),
      ["Cock"] = CFrame.new(0.000000, 0.000000, 0.000000, 0.849958, 0.526851, 0.000000, -0.526851, 0.849958, -0.000000, -0.000000, 0.000000, 1.000000),
      ["Head"] = CFrame.new(0.000000, -0.000000, 0.000000, 1.000000, -0.000000, 0.000000, 0.000000, 0.997212, 0.074616, -0.000000, -0.074616, 0.997212),
      ["LeftUpperArm"] = CFrame.new(0.115662, -0.102388, 0.086577, 0.995785, 0.073677, 0.054622, -0.076650, 0.995569, 0.054480, -0.050366, -0.058437, 0.997020),
      ["LeftUpperLeg"] = CFrame.new(-0.009821, 0.019369, -0.023917, 0.996509, 0.031417, 0.077347, -0.037693, 0.995996, 0.081065, -0.074490, -0.083698, 0.993703),
      ["LowerTorso"] = CFrame.new(0.000000, 0.002244, -0.067112, 1.000000, 0.000000, 0.000000, 0.000000, 0.997756, -0.066948, 0.000000, 0.066948, 0.997756),
      ["RightUpperArm"] = CFrame.new(-0.067664, -0.337442, 0.045797, 0.809528, 0.587078, -0.001790, -0.464173, 0.638179, -0.614224, -0.359455, 0.498062, 0.789130),
      ["RightUpperLeg"] = CFrame.new(0.009822, 0.019368, -0.023916, 0.996509, -0.031417, -0.077347, 0.037693, 0.995996, 0.081065, 0.074490, -0.083698, 0.993703)
    }},
    { Time = 0.050, Data = {
      ["Balls"] = CFrame.new(0.000000, 0.000000, 0.000000, 0.999644, -0.026671, 0.000000, 0.026671, 0.999644, 0.000000, 0.000000, 0.000000, 1.000000),
      ["Cock"] = CFrame.new(0.000000, 0.000000, 0.000000, 0.848631, 0.528985, 0.000000, -0.528985, 0.848631, -0.000000, -0.000000, 0.000000, 1.000000),
      ["Head"] = CFrame.new(0.000000, 0.000000, 0.000000, 1.000000, -0.000000, 0.000000, 0.000000, 0.997186, 0.074961, -0.000000, -0.074961, 0.997186),
      ["LeftUpperArm"] = CFrame.new(0.115660, -0.102391, 0.086509, 0.995785, 0.073670, 0.054631, -0.076656, 0.995554, 0.054739, -0.050356, -0.058696, 0.997005),
      ["LeftUpperLeg"] = CFrame.new(-0.009821, 0.019355, -0.023909, 0.996509, 0.031387, 0.077359, -0.037722, 0.995931, 0.081839, -0.074476, -0.084472, 0.993639),
      ["LowerTorso"] = CFrame.new(0.000000, 0.002273, -0.067748, 1.000000, 0.000000, 0.000000, 0.000000, 0.997727, -0.067379, 0.000000, 0.067379, 0.997727),
      ["RightUpperArm"] = CFrame.new(-0.068054, -0.338402, 0.046123, 0.809498, 0.587108, -0.004062, -0.464214, 0.635786, -0.616669, -0.359469, 0.501078, 0.787212),
      ["RightUpperLeg"] = CFrame.new(0.009822, 0.019353, -0.023909, 0.996509, -0.031387, -0.077359, 0.037722, 0.995931, 0.081839, 0.074476, -0.084472, 0.993639)
    }},
    { Time = 0.067, Data = {
      ["Balls"] = CFrame.new(0.000000, 0.000000, 0.000000, 0.999597, -0.028397, 0.000000, 0.028397, 0.999597, 0.000000, 0.000000, 0.000000, 1.000000),
      ["Cock"] = CFrame.new(0.000000, 0.000000, 0.000000, 0.846821, 0.531879, 0.000000, -0.531879, 0.846821, -0.000000, -0.000000, 0.000000, 1.000000),
      ["Head"] = CFrame.new(0.000000, -0.000000, 0.000000, 1.000000, -0.000000, 0.000000, 0.000000, 0.997148, 0.075478, -0.000000, -0.075478, 0.997148),
      ["LeftUpperArm"] = CFrame.new(0.115657, -0.102398, 0.086396, 0.995785, 0.073658, 0.054647, -0.076667, 0.995529, 0.055169, -0.050339, -0.059126, 0.996980),
      ["LeftUpperLeg"] = CFrame.new(-0.009822, 0.019292, -0.023897, 0.996506, 0.031433, 0.077379, -0.037847, 0.995842, 0.082868, -0.074452, -0.085507, 0.993552),
      ["LowerTorso"] = CFrame.new(0.000000, 0.002308, -0.068552, 1.000000, 0.000000, 0.000000, 0.000000, 0.997692, -0.067896, 0.000000, 0.067896, 0.997692),
      ["RightUpperArm"] = CFrame.new(-0.068625, -0.339752, 0.046605, 0.809518, 0.587049, -0.007304, -0.464210, 0.632412, -0.620132, -0.359429, 0.505398, 0.784464),
      ["RightUpperLeg"] = CFrame.new(0.009823, 0.019291, -0.023897, 0.996506, -0.031433, -0.077379, 0.037847, 0.995842, 0.082868, 0.074452, -0.085507, 0.993552)
    }},
    { Time = 0.083, Data = {
      ["Balls"] = CFrame.new(-0.000000, 0.000000, 0.000000, 0.999530, -0.030641, 0.000000, 0.030641, 0.999530, 0.000000, 0.000000, 0.000000, 1.000000),
      ["Cock"] = CFrame.new(0.000000, -0.000000, 0.000000, 0.844471, 0.535602, 0.000000, -0.535602, 0.844471, -0.000000, -0.000000, 0.000000, 1.000000),
      ["Head"] = CFrame.new(0.000000, 0.000000, 0.000000, 1.000000, -0.000000, 0.000000, 0.000000, 0.997102, 0.076081, -0.000000, -0.076081, 0.997102),
      ["LeftUpperArm"] = CFrame.new(0.115631, -0.102404, 0.086260, 0.995792, 0.073558, 0.054664, -0.076594, 0.995506, 0.055688, -0.050322, -0.059641, 0.996951),
      ["LeftUpperLeg"] = CFrame.new(-0.009824, 0.019225, -0.023883, 0.996503, 0.031469, 0.077403, -0.037982, 0.995729, 0.084155, -0.074424, -0.086801, 0.993442),
      ["LowerTorso"] = CFrame.new(0.000000, 0.002355, -0.069610, 1.000000, 0.000000, 0.000000, 0.000000, 0.997645, -0.068586, 0.000000, 0.068586, 0.997645),
      ["RightUpperArm"] = CFrame.new(-0.069350, -0.341483, 0.047185, 0.809501, 0.587009, -0.011336, -0.464208, 0.628094, -0.624507, -0.359471, 0.510801, 0.780937),
      ["RightUpperLeg"] = CFrame.new(0.009825, 0.019223, -0.023883, 0.996503, -0.031469, -0.077403, 0.037982, 0.995729, 0.084155, 0.074424, -0.086801, 0.993442)
    }},
    { Time = 0.100, Data = {
      ["Balls"] = CFrame.new(0.000000, 0.000000, 0.000000, 0.999445, -0.033316, 0.000000, 0.033316, 0.999445, 0.000000, 0.000000, 0.000000, 1.000000),
      ["Cock"] = CFrame.new(0.000000, 0.000000, 0.000000, 0.841520, 0.540226, 0.000000, -0.540226, 0.841520, -0.000000, -0.000000, 0.000000, 1.000000),
      ["Head"] = CFrame.new(0.000000, 0.000000, 0.000000, 1.000000, -0.000000, 0.000000, 0.000000, 0.997042, 0.076856, -0.000000, -0.076856, 0.997042),
      ["LeftUpperArm"] = CFrame.new(0.115625, -0.102415, 0.086078, 0.995787, 0.073536, 0.054775, -0.076614, 0.995466, 0.056374, -0.050381, -0.060333, 0.996906),
      ["LeftUpperLeg"] = CFrame.new(-0.009821, 0.019196, -0.023824, 0.996510, 0.031410, 0.077343, -0.038039, 0.995587, 0.085791, -0.074307, -0.088433, 0.993307),
      ["LowerTorso"] = CFrame.new(0.000000, 0.002414, -0.070923, 1.000000, 0.000000, 0.000000, 0.000000, 0.997586, -0.069447, 0.000000, 0.069447, 0.997586),
      ["RightUpperArm"] = CFrame.new(-0.070264, -0.343602, 0.047898, 0.809528, 0.586855, -0.016313, -0.464182, 0.622803, -0.629803, -0.359443, 0.517415, 0.776584),
      ["RightUpperLeg"] = CFrame.new(0.009822, 0.019195, -0.023824, 0.996510, -0.031410, -0.077343, 0.038039, 0.995587, 0.085791, 0.074307, -0.088433, 0.993307)
    }},
    { Time = 0.117, Data = {
      ["Balls"] = CFrame.new(0.000000, 0.000000, 0.000000, 0.999333, -0.036508, 0.000000, 0.036508, 0.999333, 0.000000, 0.000000, 0.000000, 1.000000),
      ["Cock"] = CFrame.new(0.000000, 0.000000, 0.000000, 0.838051, 0.545592, 0.000000, -0.545592, 0.838051, -0.000000, -0.000000, 0.000000, 1.000000),
      ["Head"] = CFrame.new(0.000000, 0.000000, 0.000000, 1.000000, -0.000000, 0.000000, 0.000000, 0.996969, 0.077803, -0.000000, -0.077803, 0.996969),
      ["LeftUpperArm"] = CFrame.new(0.115620, -0.102425, 0.085897, 0.995787, 0.073518, 0.054801, -0.076631, 0.995425, 0.057063, -0.050355, -0.061022, 0.996865),
      ["LeftUpperLeg"] = CFrame.new(-0.009822, 0.019118, -0.023803, 0.996507, 0.031422, 0.077376, -0.038196, 0.995416, 0.087679, -0.074267, -0.090329, 0.993139),
      ["LowerTorso"] = CFrame.new(0.000000, 0.002487, -0.072490, 1.000000, 0.000000, 0.000000, 0.000000, 0.997513, -0.070481, 0.000000, 0.070481, 0.997513),
      ["RightUpperArm"] = CFrame.new(-0.071353, -0.346146, 0.048750, 0.809545, 0.586635, -0.022294, -0.464189, 0.616399, -0.636066, -0.359397, 0.525273, 0.771312),
      ["RightUpperLeg"] = CFrame.new(0.009823, 0.019116, -0.023803, 0.996507, -0.031422, -0.077376, 0.038196, 0.995416, 0.087679, 0.074267, -0.090329, 0.993139)
    }},
    { Time = 0.133, Data = {
      ["Balls"] = CFrame.new(0.000000, 0.000000, 0.000000, 0.999191, -0.040218, 0.000000, 0.040218, 0.999191, 0.000000, 0.000000, 0.000000, 1.000000),
      ["Cock"] = CFrame.new(-0.000000, 0.000000, 0.000000, 0.833997, 0.551769, 0.000000, -0.551769, 0.833997, -0.000000, -0.000000, 0.000000, 1.000000),
      ["Head"] = CFrame.new(0.000000, 0.000000, 0.000000, 1.000000, -0.000000, 0.000000, 0.000000, 0.996888, 0.078837, -0.000000, -0.078837, 0.996888),
      ["LeftUpperArm"] = CFrame.new(0.115613, -0.102440, 0.085648, 0.995787, 0.073491, 0.054836, -0.076655, 0.995369, 0.058010, -0.050319, -0.061969, 0.996809),
      ["LeftUpperLeg"] = CFrame.new(-0.009820, 0.019037, -0.023737, 0.996510, 0.031429, 0.077328, -0.038358, 0.995218, 0.089827, -0.074135, -0.092480, 0.992951),
      ["LowerTorso"] = CFrame.new(0.000000, 0.002567, -0.074224, 1.000000, 0.000000, 0.000000, 0.000000, 0.997433, -0.071601, 0.000000, 0.071601, 0.997433),
      ["RightUpperArm"] = CFrame.new(-0.072611, -0.349095, 0.049686, 0.809514, 0.586381, -0.029071, -0.464203, 0.608958, -0.643184, -0.359448, 0.534161, 0.765160),
      ["RightUpperLeg"] = CFrame.new(0.009821, 0.019035, -0.023737, 0.996510, -0.031429, -0.077328, 0.038358, 0.995218, 0.089827, 0.074135, -0.092480, 0.992951)
    }},
    { Time = 0.150, Data = {
      ["Balls"] = CFrame.new(0.000000, 0.000000, 0.000000, 0.999012, -0.044445, 0.000000, 0.044445, 0.999012, 0.000000, 0.000000, 0.000000, 1.000000),
      ["Cock"] = CFrame.new(0.000000, 0.000000, 0.000000, 0.829390, 0.558671, 0.000000, -0.558671, 0.829390, -0.000000, -0.000000, 0.000000, 1.000000),
      ["Head"] = CFrame.new(0.000000, 0.000000, 0.000000, 1.000000, -0.000000, 0.000000, 0.000000, 0.996791, 0.080043, -0.000000, -0.080043, 0.996791),
      ["LeftUpperArm"] = CFrame.new(0.115583, -0.102454, 0.085399, 0.995789, 0.073377, 0.054954, -0.076595, 0.995318, 0.058956, -0.050371, -0.062917, 0.996747),
      ["LeftUpperLeg"] = CFrame.new(-0.009822, 0.018947, -0.023710, 0.996507, 0.031418, 0.077371, -0.038537, 0.994984, 0.092317, -0.074083, -0.094976, 0.992719),
      ["LowerTorso"] = CFrame.new(0.000000, 0.002660, -0.076213, 1.000000, 0.000000, 0.000000, 0.000000, 0.997340, -0.072894, 0.000000, 0.072894, 0.997340),
      ["RightUpperArm"] = CFrame.new(-0.074074, -0.352461, 0.050738, 0.809513, 0.585948, -0.036796, -0.464205, 0.600430, -0.651151, -0.359447, 0.544196, 0.758056),
      ["RightUpperLeg"] = CFrame.new(0.009823, 0.018945, -0.023710, 0.996507, -0.031418, -0.077371, 0.038537, 0.994984, 0.092317, 0.074083, -0.094976, 0.992719)
    }},
    { Time = 0.167, Data = {
      ["Balls"] = CFrame.new(0.000000, 0.000000, 0.000000, 0.998794, -0.049102, 0.000000, 0.049102, 0.998794, 0.000000, 0.000000, 0.000000, 1.000000),
      ["Cock"] = CFrame.new(-0.000000, 0.000000, 0.000000, 0.824105, 0.566437, 0.000000, -0.566437, 0.824105, -0.000000, -0.000000, 0.000000, 1.000000),
      ["Head"] = CFrame.new(0.000000, -0.000000, 0.000000, 1.000000, -0.000000, 0.000000, 0.000000, 0.996680, 0.081420, -0.000000, -0.081420, 0.996680),
      ["LeftUpperArm"] = CFrame.new(0.115575, -0.102472, 0.085104, 0.995789, 0.073346, 0.054995, -0.076624, 0.995249, 0.060076, -0.050328, -0.064037, 0.996678),
      ["LeftUpperLeg"] = CFrame.new(-0.009820, 0.018853, -0.023637, 0.996511, 0.031398, 0.077334, -0.038725, 0.994709, 0.095152, -0.073938, -0.097815, 0.992454),
      ["LowerTorso"] = CFrame.new(0.000000, 0.002775, -0.078543, 1.000000, 0.000000, 0.000000, 0.000000, 0.997225, -0.074444, 0.000000, 0.074444, 0.997225),
      ["RightUpperArm"] = CFrame.new(-0.075744, -0.356244, 0.051871, 0.809521, 0.585335, -0.045365, -0.464185, 0.590827, -0.659891, -0.359455, 0.555254, 0.749990),
      ["RightUpperLeg"] = CFrame.new(0.009821, 0.018851, -0.023637, 0.996511, -0.031398, -0.077334, 0.038725, 0.994709, 0.095152, 0.073938, -0.097815, 0.992454)
    }},
    { Time = 0.183, Data = {
      ["Balls"] = CFrame.new(0.000000, 0.000000, 0.000000, 0.998526, -0.054277, 0.000000, 0.054277, 0.998526, 0.000000, 0.000000, 0.000000, 1.000000),
      ["Cock"] = CFrame.new(0.000000, 0.000000, 0.000000, 0.818220, 0.574905, 0.000000, -0.574905, 0.818220, -0.000000, -0.000000, 0.000000, 1.000000),
      ["Head"] = CFrame.new(0.000000, -0.000000, 0.000000, 1.000000, -0.000000, 0.000000, 0.000000, 0.996559, 0.082884, -0.000000, -0.082884, 0.996559),
      ["LeftUpperArm"] = CFrame.new(0.115564, -0.102493, 0.084764, 0.995785, 0.073307, 0.055129, -0.076659, 0.995167, 0.061364, -0.050364, -0.065332, 0.996592),
      ["LeftUpperLeg"] = CFrame.new(-0.009823, 0.018711, -0.023603, 0.996505, 0.031453, 0.077390, -0.039009, 0.994407, 0.098153, -0.073870, -0.100829, 0.992158),
      ["LowerTorso"] = CFrame.new(0.000000, 0.002892, -0.080954, 1.000000, 0.000000, 0.000000, 0.000000, 0.997108, -0.075995, 0.000000, 0.075995, 0.997108),
      ["RightUpperArm"] = CFrame.new(-0.077617, -0.360483, 0.053099, 0.809496, 0.584551, -0.054915, -0.464229, 0.579985, -0.669410, -0.359454, 0.567378, 0.740861),
      ["RightUpperLeg"] = CFrame.new(0.009824, 0.018709, -0.023603, 0.996505, -0.031453, -0.077390, 0.039009, 0.994407, 0.098153, 0.073870, -0.100829, 0.992158)
    }},
    { Time = 0.200, Data = {
      ["Balls"] = CFrame.new(0.000000, -0.000000, 0.000000, 0.998231, -0.059450, 0.000000, 0.059450, 0.998231, 0.000000, 0.000000, 0.000000, 1.000000),
      ["Cock"] = CFrame.new(0.000000, 0.000000, 0.000000, 0.811656, 0.584136, 0.000000, -0.584136, 0.811656, -0.000000, -0.000000, 0.000000, 1.000000),
      ["Head"] = CFrame.new(0.000000, -0.000000, 0.000000, 1.000000, -0.000000, 0.000000, 0.000000, 0.996422, 0.084520, -0.000000, -0.084520, 0.996422),
      ["LeftUpperArm"] = CFrame.new(0.115532, -0.102513, 0.084424, 0.995786, 0.073183, 0.055260, -0.076608, 0.995091, 0.062655, -0.050404, -0.066624, 0.996504),
      ["LeftUpperLeg"] = CFrame.new(-0.009821, 0.018608, -0.023524, 0.996508, 0.031413, 0.077362, -0.039215, 0.994062, 0.101502, -0.073714, -0.104181, 0.991823),
      ["LowerTorso"] = CFrame.new(0.000000, 0.003031, -0.083705, 1.000000, 0.000000, 0.000000, 0.000000, 0.996969, -0.077803, 0.000000, 0.077803, 0.996969),
      ["RightUpperArm"] = CFrame.new(-0.079731, -0.365154, 0.054394, 0.809518, 0.583455, -0.065278, -0.464192, 0.568008, -0.679627, -0.359453, 0.580472, 0.730648),
      ["RightUpperLeg"] = CFrame.new(0.009822, 0.018606, -0.023524, 0.996508, -0.031413, -0.077362, 0.039215, 0.994062, 0.101502, 0.073714, -0.104181, 0.991823)
    }},
    { Time = 0.217, Data = {
      ["Balls"] = CFrame.new(0.000000, -0.000000, 0.000000, 0.997938, -0.064190, 0.000000, 0.064190, 0.997938, 0.000000, 0.000000, 0.000000, 1.000000),
      ["Cock"] = CFrame.new(0.000000, 0.000000, 0.000000, 0.804543, 0.593894, 0.000000, -0.593894, 0.804543, -0.000000, -0.000000, 0.000000, 1.000000),
      ["Head"] = CFrame.new(0.000000, 0.000000, 0.000000, 1.000000, -0.000000, 0.000000, 0.000000, 0.996267, 0.086328, -0.000000, -0.086328, 0.996267),
      ["LeftUpperArm"] = CFrame.new(0.115520, -0.102540, 0.084016, 0.995786, 0.073139, 0.055317, -0.076648, 0.994989, 0.064204, -0.050344, -0.068174, 0.996402),
      ["LeftUpperLeg"] = CFrame.new(-0.009821, 0.018456, -0.023439, 0.996509, 0.031446, 0.077343, -0.039520, 0.993667, 0.105190, -0.073545, -0.107879, 0.991440),
      ["LowerTorso"] = CFrame.new(0.000000, 0.003188, -0.086711, 1.000000, 0.000000, 0.000000, 0.000000, 0.996812, -0.079784, 0.000000, 0.079784, 0.996812),
      ["RightUpperArm"] = CFrame.new(-0.082035, -0.370202, 0.055739, 0.809528, 0.582090, -0.076398, -0.464200, 0.554974, -0.690306, -0.359421, 0.594286, 0.719472),
      ["RightUpperLeg"] = CFrame.new(0.009822, 0.018453, -0.023439, 0.996509, -0.031446, -0.077343, 0.039520, 0.993667, 0.105190, 0.073545, -0.107879, 0.991440)
    }},
    { Time = 0.233, Data = {
      ["Balls"] = CFrame.new(-0.000000, -0.000000, 0.000000, 0.997663, -0.068327, 0.000000, 0.068327, 0.997663, 0.000000, 0.000000, 0.000000, 1.000000),
      ["Cock"] = CFrame.new(0.000000, 0.000000, 0.000000, 0.797794, 0.602931, 0.000000, -0.602931, 0.797794, -0.000000, -0.000000, 0.000000, 1.000000),
      ["Head"] = CFrame.new(0.000000, -0.000000, 0.000000, 1.000000, -0.000000, 0.000000, 0.000000, 0.996101, 0.088221, -0.000000, -0.088221, 0.996101),
      ["LeftUpperArm"] = CFrame.new(0.115486, -0.102566, 0.083608, 0.995788, 0.073007, 0.055457, -0.076603, 0.994891, 0.065753, -0.050373, -0.069724, 0.996294),
      ["LeftUpperLeg"] = CFrame.new(-0.009821, 0.018299, -0.023351, 0.996509, 0.031469, 0.077329, -0.039834, 0.993228, 0.109135, -0.073371, -0.111834, 0.991015),
      ["LowerTorso"] = CFrame.new(0.000000, 0.003355, -0.089884, 1.000000, 0.000000, 0.000000, 0.000000, 0.996645, -0.081851, 0.000000, 0.081851, 0.996645),
      ["RightUpperArm"] = CFrame.new(-0.084246, -0.374977, 0.056936, 0.809539, 0.580629, -0.086706, -0.464155, 0.542599, -0.700105, -0.359455, 0.607007, 0.708756),
      ["RightUpperLeg"] = CFrame.new(0.009822, 0.018296, -0.023350, 0.996509, -0.031469, -0.077329, 0.039834, 0.993228, 0.109135, 0.073371, -0.111834, 0.991015)
    }},
    { Time = 0.250, Data = {
      ["Balls"] = CFrame.new(0.000000, -0.000000, 0.000000, 0.997402, -0.072032, 0.000000, 0.072032, 0.997402, 0.000000, 0.000000, 0.000000, 1.000000),
      ["Cock"] = CFrame.new(-0.000000, 0.000000, 0.000000, 0.791543, 0.611113, 0.000000, -0.611113, 0.791543, -0.000000, -0.000000, 0.000000, 1.000000),
      ["Head"] = CFrame.new(0.000000, -0.000000, 0.000000, 1.000000, -0.000000, 0.000000, 0.000000, 0.995916, 0.090287, -0.000000, -0.090287, 0.995916),
      ["LeftUpperArm"] = CFrame.new(0.115472, -0.102597, 0.083155, 0.995784, 0.072956, 0.055606, -0.076650, 0.994773, 0.067471, -0.050393, -0.071449, 0.996170),
      ["LeftUpperLeg"] = CFrame.new(-0.009822, 0.018178, -0.023305, 0.996506, 0.031391, 0.077400, -0.040075, 0.992748, 0.113337, -0.073281, -0.116043, 0.990537),
      ["LowerTorso"] = CFrame.new(0.000000, 0.003542, -0.093311, 1.000000, 0.000000, 0.000000, 0.000000, 0.996458, -0.084089, 0.000000, 0.084089, 0.996458),
      ["RightUpperArm"] = CFrame.new(-0.086299, -0.379378, 0.057979, 0.809519, 0.579159, -0.096192, -0.464224, 0.531148, -0.708786, -0.359408, 0.618431, 0.698834),
      ["RightUpperLeg"] = CFrame.new(0.009824, 0.018175, -0.023305, 0.996506, -0.031391, -0.077400, 0.040075, 0.992748, 0.113337, 0.073281, -0.116043, 0.990537)
    }},
    { Time = 0.267, Data = {
      ["Balls"] = CFrame.new(0.000000, -0.000000, 0.000000, 0.997160, -0.075306, 0.000000, 0.075306, 0.997160, 0.000000, 0.000000, 0.000000, 1.000000),
      ["Cock"] = CFrame.new(0.000000, 0.000000, 0.000000, 0.785763, 0.618528, 0.000000, -0.618528, 0.785763, -0.000000, -0.000000, 0.000000, 1.000000),
      ["Head"] = CFrame.new(0.000000, -0.000000, 0.000000, 1.000000, -0.000000, 0.000000, 0.000000, 0.995718, 0.092438, -0.000000, -0.092438, 0.995718),
      ["LeftUpperArm"] = CFrame.new(0.115436, -0.102629, 0.082680, 0.995790, 0.072820, 0.055670, -0.076610, 0.994651, 0.069281, -0.050327, -0.073254, 0.996043),
      ["LeftUpperLeg"] = CFrame.new(-0.009822, 0.018017, -0.023213, 0.996506, 0.031404, 0.077391, -0.040398, 0.992247, 0.117537, -0.073100, -0.120252, 0.990048),
      ["LowerTorso"] = CFrame.new(0.000000, 0.003733, -0.096738, 1.000000, 0.000000, 0.000000, 0.000000, 0.996267, -0.086328, 0.000000, 0.086328, 0.996267),
      ["RightUpperArm"] = CFrame.new(-0.088190, -0.383390, 0.058884, 0.809502, 0.577706, -0.104700, -0.464250, 0.520668, -0.716503, -0.359414, 0.628618, 0.689682),
      ["RightUpperLeg"] = CFrame.new(0.009824, 0.018014, -0.023213, 0.996506, -0.031404, -0.077391, 0.040398, 0.992247, 0.117537, 0.073100, -0.120252, 0.990048)
    }},
    { Time = 0.283, Data = {
      ["Balls"] = CFrame.new(0.000000, -0.000000, 0.000000, 0.996955, -0.077976, 0.000000, 0.077976, 0.996955, 0.000000, 0.000000, 0.000000, 1.000000),
      ["Cock"] = CFrame.new(0.000000, 0.000000, 0.000000, 0.780590, 0.625044, 0.000000, -0.625044, 0.780590, -0.000000, -0.000000, 0.000000, 1.000000),
      ["Head"] = CFrame.new(0.000000, -0.000000, 0.000000, 1.000000, -0.000000, 0.000000, 0.000000, 0.995500, 0.094761, -0.000000, -0.094761, 0.995500),
      ["LeftUpperArm"] = CFrame.new(0.115421, -0.102665, 0.082181, 0.995786, 0.072763, 0.055825, -0.076660, 0.994514, 0.071171, -0.050340, -0.075151, 0.995901),
      ["LeftUpperLeg"] = CFrame.new(-0.009822, 0.017861, -0.023124, 0.996506, 0.031427, 0.077378, -0.040710, 0.991759, 0.121477, -0.072922, -0.124203, 0.989574),
      ["LowerTorso"] = CFrame.new(0.000000, 0.003914, -0.099911, 1.000000, 0.000000, 0.000000, 0.000000, 0.996086, -0.088393, 0.000000, 0.088393, 0.996086),
      ["RightUpperArm"] = CFrame.new(-0.089910, -0.387018, 0.059675, 0.809494, 0.576296, -0.112259, -0.464208, 0.511146, -0.723354, -0.359485, 0.637662, 0.681291),
      ["RightUpperLeg"] = CFrame.new(0.009823, 0.017858, -0.023123, 0.996506, -0.031427, -0.077378, 0.040710, 0.991759, 0.121477, 0.072922, -0.124203, 0.989574)
    }},
    { Time = 0.300, Data = {
      ["Balls"] = CFrame.new(0.000000, -0.000000, 0.000000, 0.996778, -0.080215, 0.000000, 0.080215, 0.996778, 0.000000, 0.000000, 0.000000, 1.000000),
      ["Cock"] = CFrame.new(0.000000, 0.000000, 0.000000, 0.775934, 0.630815, 0.000000, -0.630815, 0.775934, -0.000000, -0.000000, 0.000000, 1.000000),
      ["Head"] = CFrame.new(0.000000, 0.000000, 0.000000, 1.000000, -0.000000, 0.000000, 0.000000, 0.995268, 0.097170, -0.000000, -0.097170, 0.995268),
      ["LeftUpperArm"] = CFrame.new(0.115384, -0.102700, 0.081683, 0.995788, 0.072621, 0.055977, -0.076625, 0.994379, 0.073063, -0.050357, -0.077045, 0.995755),
      ["LeftUpperLeg"] = CFrame.new(-0.009822, 0.017709, -0.023036, 0.996507, 0.031461, 0.077361, -0.041012, 0.991289, 0.125159, -0.072750, -0.127894, 0.989116),
      ["LowerTorso"] = CFrame.new(0.000000, 0.004092, -0.102915, 1.000000, 0.000000, 0.000000, 0.000000, 0.995908, -0.090373, 0.000000, 0.090373, 0.995908),
      ["RightUpperArm"] = CFrame.new(-0.091466, -0.390215, 0.060344, 0.809526, 0.574906, -0.118958, -0.464205, 0.502763, -0.729207, -0.359418, 0.645533, 0.673874),
      ["RightUpperLeg"] = CFrame.new(0.009823, 0.017706, -0.023036, 0.996507, -0.031461, -0.077361, 0.041012, 0.991289, 0.125159, 0.072750, -0.127894, 0.989116)
    }},
    { Time = 0.317, Data = {
      ["Balls"] = CFrame.new(-0.000000, 0.000000, 0.000000, 0.996638, -0.081937, 0.000000, 0.081937, 0.996638, 0.000000, 0.000000, 0.000000, 1.000000),
      ["Cock"] = CFrame.new(0.000000, 0.000000, 0.000000, 0.771929, 0.635709, 0.000000, -0.635709, 0.771929, -0.000000, -0.000000, 0.000000, 1.000000),
      ["Head"] = CFrame.new(0.000000, 0.000000, 0.000000, 1.000000, -0.000000, 0.000000, 0.000000, 0.995030, 0.099578, -0.000000, -0.099578, 0.995030),
      ["LeftUpperArm"] = CFrame.new(0.115349, -0.102731, 0.081253, 0.995789, 0.072485, 0.056120, -0.076584, 0.994261, 0.074697, -0.050383, -0.078681, 0.995626),
      ["LeftUpperLeg"] = CFrame.new(-0.009820, 0.017608, -0.022955, 0.996510, 0.031422, 0.077334, -0.041216, 0.990853, 0.128500, -0.072589, -0.131239, 0.988690),
      ["LowerTorso"] = CFrame.new(0.000000, 0.004250, -0.105578, 1.000000, 0.000000, 0.000000, 0.000000, 0.995750, -0.092094, 0.000000, 0.092094, 0.995750),
      ["RightUpperArm"] = CFrame.new(-0.092821, -0.393017, 0.060910, 0.809527, 0.573678, -0.124742, -0.464194, 0.495373, -0.734254, -0.359432, 0.652303, 0.667315),
      ["RightUpperLeg"] = CFrame.new(0.009822, 0.017605, -0.022955, 0.996510, -0.031422, -0.077334, 0.041216, 0.990853, 0.128500, 0.072589, -0.131239, 0.988690)
    }},
    { Time = 0.333, Data = {
      ["Balls"] = CFrame.new(0.000000, 0.000000, 0.000000, 0.996538, -0.083142, 0.000000, 0.083142, 0.996538, 0.000000, 0.000000, 0.000000, 1.000000),
      ["Cock"] = CFrame.new(0.000000, 0.000000, 0.000000, 0.768476, 0.639879, 0.000000, -0.639879, 0.768476, -0.000000, -0.000000, 0.000000, 1.000000),
      ["Head"] = CFrame.new(0.000000, -0.000000, 0.000000, 1.000000, -0.000000, 0.000000, 0.000000, 0.994812, 0.101728, -0.000000, -0.101728, 0.994812),
      ["LeftUpperArm"] = CFrame.new(0.115336, -0.102765, 0.080823, 0.995789, 0.072439, 0.056179, -0.076625, 0.994134, 0.076332, -0.050320, -0.080315, 0.995499),
      ["LeftUpperLeg"] = CFrame.new(-0.009822, 0.017510, -0.022920, 0.996507, 0.031391, 0.077387, -0.041412, 0.990451, 0.131496, -0.072520, -0.134241, 0.988292),
      ["LowerTorso"] = CFrame.new(0.000000, 0.004402, -0.108074, 1.000000, 0.000000, 0.000000, 0.000000, 0.995598, -0.093729, 0.000000, 0.093729, 0.995598),
      ["RightUpperArm"] = CFrame.new(-0.093976, -0.395400, 0.061372, 0.809512, 0.572608, -0.129659, -0.464226, 0.489081, -0.738440, -0.359423, 0.657967, 0.661737),
      ["RightUpperLeg"] = CFrame.new(0.009823, 0.017507, -0.022920, 0.996507, -0.031391, -0.077387, 0.041412, 0.990451, 0.131496, 0.072520, -0.134241, 0.988292)
    }},
    { Time = 0.350, Data = {
      ["Balls"] = CFrame.new(-0.000000, 0.000000, 0.000000, 0.996473, -0.083917, 0.000000, 0.083917, 0.996473, 0.000000, 0.000000, 0.000000, 1.000000),
      ["Cock"] = CFrame.new(0.000000, 0.000000, 0.000000, 0.765589, 0.643330, 0.000000, -0.643330, 0.765589, -0.000000, -0.000000, 0.000000, 1.000000),
      ["Head"] = CFrame.new(0.000000, 0.000000, 0.000000, 1.000000, -0.000000, 0.000000, 0.000000, 0.994599, 0.103791, -0.000000, -0.103791, 0.994599),
      ["LeftUpperArm"] = CFrame.new(0.115324, -0.102795, 0.080438, 0.995785, 0.072395, 0.056319, -0.076666, 0.994018, 0.077791, -0.050350, -0.081781, 0.995378),
      ["LeftUpperLeg"] = CFrame.new(-0.009822, 0.017375, -0.022841, 0.996507, 0.031458, 0.077357, -0.041681, 0.990061, 0.134317, -0.072363, -0.137073, 0.987914),
      ["LowerTorso"] = CFrame.new(0.000000, 0.004541, -0.110315, 1.000000, 0.000000, 0.000000, 0.000000, 0.995459, -0.095191, 0.000000, 0.095191, 0.995459),
      ["RightUpperArm"] = CFrame.new(-0.094934, -0.397339, 0.061733, 0.809526, 0.571681, -0.133597, -0.464198, 0.483969, -0.741818, -0.359426, 0.662536, 0.657159),
      ["RightUpperLeg"] = CFrame.new(0.009823, 0.017372, -0.022841, 0.996507, -0.031458, -0.077357, 0.041681, 0.990061, 0.134317, 0.072363, -0.137073, 0.987914)
    }},
    { Time = 0.367, Data = {
      ["Balls"] = CFrame.new(0.000000, -0.000000, 0.000000, 0.996451, -0.084176, 0.000000, 0.084176, 0.996451, 0.000000, 0.000000, 0.000000, 1.000000),
      ["Cock"] = CFrame.new(0.000000, 0.000000, 0.000000, 0.763397, 0.645930, 0.000000, -0.645930, 0.763397, -0.000000, -0.000000, 0.000000, 1.000000),
      ["Head"] = CFrame.new(0.000000, -0.000000, 0.000000, 1.000000, -0.000000, 0.000000, 0.000000, 0.994400, 0.105683, -0.000000, -0.105683, 0.994400),
      ["LeftUpperArm"] = CFrame.new(0.115291, -0.102823, 0.080075, 0.995787, 0.072266, 0.056451, -0.076618, 0.993913, 0.079167, -0.050387, -0.083158, 0.995262),
      ["LeftUpperLeg"] = CFrame.new(-0.009823, 0.017286, -0.022811, 0.996504, 0.031447, 0.077403, -0.041858, 0.989714, 0.136797, -0.072305, -0.139559, 0.987570),
      ["LowerTorso"] = CFrame.new(0.000000, 0.004665, -0.112302, 1.000000, 0.000000, 0.000000, 0.000000, 0.995335, -0.096482, 0.000000, 0.096482, 0.995335),
      ["RightUpperArm"] = CFrame.new(-0.095685, -0.398862, 0.062016, 0.809532, 0.570939, -0.136697, -0.464192, 0.479939, -0.744435, -0.359421, 0.666098, 0.653552),
      ["RightUpperLeg"] = CFrame.new(0.009825, 0.017283, -0.022811, 0.996504, -0.031447, -0.077403, 0.041858, 0.989714, 0.136797, 0.072305, -0.139559, 0.987570)
    }},
    { Time = 0.383, Data = {
      ["Balls"] = CFrame.new(0.000000, -0.000000, 0.000000, 0.996458, -0.084089, 0.000000, 0.084089, 0.996458, 0.000000, 0.000000, 0.000000, 1.000000),
      ["Cock"] = CFrame.new(0.000000, 0.000000, 0.000000, 0.761791, 0.647823, 0.000000, -0.647823, 0.761791, -0.000000, -0.000000, 0.000000, 1.000000),
      ["Head"] = CFrame.new(0.000000, -0.000000, 0.000000, 1.000000, -0.000000, 0.000000, 0.000000, 0.994216, 0.107402, -0.000000, -0.107402, 0.994216),
      ["LeftUpperArm"] = CFrame.new(0.115282, -0.102849, 0.079759, 0.995787, 0.072232, 0.056495, -0.076648, 0.993814, 0.080371, -0.050340, -0.084362, 0.995163),
      ["LeftUpperLeg"] = CFrame.new(-0.009822, 0.017207, -0.022742, 0.996507, 0.031455, 0.077357, -0.042016, 0.989410, 0.138936, -0.072167, -0.141701, 0.987275),
      ["LowerTorso"] = CFrame.new(0.000000, 0.004783, -0.114121, 1.000000, 0.000000, 0.000000, 0.000000, 0.995217, -0.097686, 0.000000, 0.097686, 0.995217),
      ["RightUpperArm"] = CFrame.new(-0.096215, -0.399944, 0.062202, 0.809521, 0.570434, -0.138858, -0.464187, 0.477080, -0.746274, -0.359453, 0.668580, 0.650994),
      ["RightUpperLeg"] = CFrame.new(0.009823, 0.017204, -0.022742, 0.996507, -0.031455, -0.077357, 0.042016, 0.989410, 0.138936, 0.072167, -0.141701, 0.987275)
    }},
    { Time = 0.400, Data = {
      ["Balls"] = CFrame.new(0.000000, -0.000000, 0.000000, 0.996480, -0.083831, 0.000000, 0.083831, 0.996480, 0.000000, 0.000000, 0.000000, 1.000000),
      ["Cock"] = CFrame.new(0.000000, -0.000000, 0.000000, 0.760836, 0.648944, 0.000000, -0.648944, 0.760836, -0.000000, -0.000000, 0.000000, 1.000000),
      ["Head"] = CFrame.new(0.000000, -0.000000, 0.000000, 1.000000, -0.000000, 0.000000, 0.000000, 0.994038, 0.109034, -0.000000, -0.109034, 0.994038),
      ["LeftUpperArm"] = CFrame.new(0.115250, -0.102872, 0.079464, 0.995788, 0.072110, 0.056618, -0.076594, 0.993727, 0.081488, -0.050387, -0.085481, 0.995065),
      ["LeftUpperLeg"] = CFrame.new(-0.009823, 0.017130, -0.022719, 0.996504, 0.031467, 0.077393, -0.042171, 0.989137, 0.140816, -0.072121, -0.143587, 0.987006),
      ["LowerTorso"] = CFrame.new(0.000000, 0.004876, -0.115600, 1.000000, 0.000000, 0.000000, 0.000000, 0.995124, -0.098632, 0.000000, 0.098632, 0.995124),
      ["RightUpperArm"] = CFrame.new(-0.096542, -0.400602, 0.062323, 0.809516, 0.570098, -0.140256, -0.464239, 0.475335, -0.747355, -0.359397, 0.670108, 0.649453),
      ["RightUpperLeg"] = CFrame.new(0.009825, 0.017126, -0.022718, 0.996504, -0.031467, -0.077393, 0.042171, 0.989137, 0.140816, 0.072121, -0.143587, 0.987006)
    }},
    { Time = 0.417, Data = {
      ["Balls"] = CFrame.new(0.000000, 0.000000, 0.000000, 0.996516, -0.083401, 0.000000, 0.083401, 0.996516, 0.000000, 0.000000, 0.000000, 1.000000),
      ["Cock"] = CFrame.new(0.000000, 0.000000, 0.000000, 0.760538, 0.649294, 0.000000, -0.649294, 0.760538, -0.000000, -0.000000, 0.000000, 1.000000),
      ["Head"] = CFrame.new(0.000000, -0.000000, 0.000000, 1.000000, -0.000000, 0.000000, 0.000000, 0.993867, 0.110581, -0.000000, -0.110581, 0.993867),
      ["LeftUpperArm"] = CFrame.new(0.115242, -0.102895, 0.079193, 0.995788, 0.072081, 0.056656, -0.076620, 0.993640, 0.082520, -0.050347, -0.086513, 0.994978),
      ["LeftUpperLeg"] = CFrame.new(-0.009820, 0.017103, -0.022658, 0.996510, 0.031410, 0.077333, -0.042224, 0.988902, 0.142444, -0.072000, -0.145212, 0.986777),
      ["LowerTorso"] = CFrame.new(0.000000, 0.004962, -0.116911, 1.000000, 0.000000, 0.000000, 0.000000, 0.995038, -0.099492, 0.000000, 0.099492, 0.995038),
      ["RightUpperArm"] = CFrame.new(-0.096653, -0.400818, 0.062365, 0.809538, 0.569974, -0.140633, -0.464169, 0.474764, -0.747761, -0.359437, 0.670619, 0.648904),
      ["RightUpperLeg"] = CFrame.new(0.009822, 0.017100, -0.022658, 0.996510, -0.031410, -0.077333, 0.042224, 0.988902, 0.142444, 0.072000, -0.145212, 0.986777)
    }},
    { Time = 0.433, Data = {
      ["Balls"] = CFrame.new(0.000000, -0.000000, 0.000000, 0.996566, -0.082798, 0.000000, 0.082798, 0.996566, 0.000000, 0.000000, 0.000000, 1.000000),
      ["Cock"] = CFrame.new(0.000000, 0.000000, 0.000000, 0.760657, 0.649154, 0.000000, -0.649154, 0.760657, -0.000000, -0.000000, 0.000000, 1.000000),
      ["Head"] = CFrame.new(0.000000, -0.000000, 0.000000, 1.000000, -0.000000, 0.000000, 0.000000, 0.993723, 0.111870, -0.000000, -0.111870, 0.993723),
      ["LeftUpperArm"] = CFrame.new(0.115235, -0.102914, 0.078966, 0.995784, 0.072053, 0.056773, -0.076646, 0.993566, 0.083377, -0.050400, -0.087376, 0.994900),
      ["LeftUpperLeg"] = CFrame.new(-0.009822, 0.017037, -0.022641, 0.996507, 0.031446, 0.077359, -0.042357, 0.988711, 0.143724, -0.071967, -0.146499, 0.986590),
      ["LowerTorso"] = CFrame.new(0.000000, 0.005031, -0.117968, 1.000000, 0.000000, 0.000000, 0.000000, 0.994969, -0.100180, 0.000000, 0.100180, 0.994969),
      ["RightUpperArm"] = CFrame.new(-0.096597, -0.400709, 0.062345, 0.809527, 0.570036, -0.140445, -0.464204, 0.475050, -0.747558, -0.359417, 0.670363, 0.649178),
      ["RightUpperLeg"] = CFrame.new(0.009823, 0.017033, -0.022640, 0.996507, -0.031446, -0.077359, 0.042357, 0.988711, 0.143724, 0.071967, -0.146499, 0.986590)
    }},
    { Time = 0.450, Data = {
      ["Balls"] = CFrame.new(-0.000000, 0.000000, 0.000000, 0.996623, -0.082109, 0.000000, 0.082109, 0.996623, 0.000000, 0.000000, 0.000000, 1.000000),
      ["Cock"] = CFrame.new(0.000000, 0.000000, 0.000000, 0.761194, 0.648524, 0.000000, -0.648524, 0.761194, -0.000000, -0.000000, 0.000000, 1.000000),
      ["Head"] = CFrame.new(0.000000, -0.000000, 0.000000, 1.000000, -0.000000, 0.000000, 0.000000, 0.993587, 0.113073, -0.000000, -0.113073, 0.993587),
      ["LeftUpperArm"] = CFrame.new(0.115229, -0.102932, 0.078762, 0.995784, 0.072030, 0.056801, -0.076665, 0.993499, 0.084151, -0.050370, -0.088150, 0.994833),
      ["LeftUpperLeg"] = CFrame.new(-0.009822, 0.017018, -0.022630, 0.996507, 0.031406, 0.077376, -0.042394, 0.988560, 0.144750, -0.071945, -0.147525, 0.986438),
      ["LowerTorso"] = CFrame.new(0.000000, 0.005091, -0.118857, 1.000000, 0.000000, 0.000000, 0.000000, 0.994909, -0.100782, 0.000000, 0.100782, 0.994909),
      ["RightUpperArm"] = CFrame.new(-0.096434, -0.400369, 0.062284, 0.809535, 0.570191, -0.139768, -0.464206, 0.475959, -0.746978, -0.359396, 0.669586, 0.649991),
      ["RightUpperLeg"] = CFrame.new(0.009823, 0.017015, -0.022629, 0.996507, -0.031406, -0.077376, 0.042394, 0.988560, 0.144750, 0.071945, -0.147525, 0.986438)
    }},
    { Time = 0.467, Data = {
      ["Balls"] = CFrame.new(0.000000, -0.000000, 0.000000, 0.996701, -0.081162, 0.000000, 0.081162, 0.996701, 0.000000, 0.000000, 0.000000, 1.000000),
      ["Cock"] = CFrame.new(0.000000, 0.000000, 0.000000, 0.761969, 0.647613, 0.000000, -0.647613, 0.761969, -0.000000, -0.000000, 0.000000, 1.000000),
      ["Head"] = CFrame.new(0.000000, 0.000000, -0.000000, 1.000000, -0.000000, 0.000000, 0.000000, 0.993469, 0.114104, -0.000000, -0.114104, 0.993469),
      ["LeftUpperArm"] = CFrame.new(0.115202, -0.102944, 0.078605, 0.995790, 0.071927, 0.056819, -0.076594, 0.993454, 0.084755, -0.050351, -0.088750, 0.994780),
      ["LeftUpperLeg"] = CFrame.new(-0.009823, 0.016962, -0.022619, 0.996504, 0.031465, 0.077393, -0.042505, 0.988455, 0.145431, -0.071923, -0.148213, 0.986337),
      ["LowerTorso"] = CFrame.new(0.000000, 0.005126, -0.119406, 1.000000, 0.000000, 0.000000, 0.000000, 0.994874, -0.101126, 0.000000, 0.101126, 0.994874),
      ["RightUpperArm"] = CFrame.new(-0.096152, -0.399830, 0.062190, 0.809510, 0.570495, -0.138670, -0.464222, 0.477365, -0.746070, -0.359433, 0.668324, 0.651268),
      ["RightUpperLeg"] = CFrame.new(0.009825, 0.016959, -0.022619, 0.996504, -0.031465, -0.077393, 0.042505, 0.988455, 0.145431, 0.071923, -0.148213, 0.986337)
    }},
    { Time = 0.483, Data = {
      ["Balls"] = CFrame.new(0.000000, -0.000000, 0.000000, 0.996785, -0.080129, 0.000000, 0.080129, 0.996785, 0.000000, 0.000000, 0.000000, 1.000000),
      ["Cock"] = CFrame.new(0.000000, 0.000000, 0.000000, 0.763100, 0.646281, 0.000000, -0.646281, 0.763100, -0.000000, -0.000000, 0.000000, 1.000000),
      ["Head"] = CFrame.new(0.000000, 0.000000, 0.000000, 1.000000, -0.000000, 0.000000, 0.000000, 0.993360, 0.115048, -0.000000, -0.115048, 0.993360),
      ["LeftUpperArm"] = CFrame.new(0.115197, -0.102958, 0.078446, 0.995790, 0.071910, 0.056841, -0.076610, 0.993401, 0.085357, -0.050328, -0.089352, 0.994728),
      ["LeftUpperLeg"] = CFrame.new(-0.009823, 0.016955, -0.022614, 0.996504, 0.031448, 0.077400, -0.042521, 0.988391, 0.145859, -0.071914, -0.148640, 0.986273),
      ["LowerTorso"] = CFrame.new(0.000000, 0.005153, -0.119787, 1.000000, 0.000000, 0.000000, 0.000000, 0.994847, -0.101384, 0.000000, 0.101384, 0.994847),
      ["RightUpperArm"] = CFrame.new(-0.095763, -0.399043, 0.062038, 0.809502, 0.570896, -0.137054, -0.464224, 0.479461, -0.744724, -0.359447, 0.666480, 0.653148),
      ["RightUpperLeg"] = CFrame.new(0.009825, 0.016952, -0.022614, 0.996504, -0.031448, -0.077400, 0.042521, 0.988391, 0.145859, 0.071914, -0.148640, 0.986273)
    }},
    { Time = 0.500, Data = {
      ["Balls"] = CFrame.new(0.000000, -0.000000, 0.000000, 0.996888, -0.078837, 0.000000, 0.078837, 0.996888, 0.000000, 0.000000, 0.000000, 1.000000),
      ["Cock"] = CFrame.new(-0.000000, 0.000000, 0.000000, 0.764583, 0.644525, 0.000000, -0.644525, 0.764583, -0.000000, -0.000000, 0.000000, 1.000000),
      ["Head"] = CFrame.new(0.000000, 0.000000, -0.000000, 1.000000, -0.000000, 0.000000, 0.000000, 0.993270, 0.115821, -0.000000, -0.115821, 0.993270),
      ["LeftUpperArm"] = CFrame.new(0.115193, -0.102966, 0.078355, 0.995786, 0.071896, 0.056939, -0.076622, 0.993371, 0.085697, -0.050401, -0.089699, 0.994693),
      ["LeftUpperLeg"] = CFrame.new(-0.009823, 0.016952, -0.022612, 0.996504, 0.031441, 0.077402, -0.042527, 0.988366, 0.146030, -0.071911, -0.148811, 0.986247),
      ["LowerTorso"] = CFrame.new(0.000000, 0.005161, -0.119914, 1.000000, 0.000000, 0.000000, 0.000000, 0.994839, -0.101470, 0.000000, 0.101470, 0.994839),
