return {
  ["Astros riding "] = {
    { Time = 0.000, Data = {
      ["BaseOpened"] = CFrame.new(0.000000, 0.000000, 0.000000, 1.000000, 0.000000, 0.000000, 0.000000, 0.999647, -0.026585, 0.000000, 0.026585, 0.999647),
      ["Head"] = CFrame.new(0.000000, 0.000000, 0.000000, 1.000000, -0.000000, 0.000000, 0.000000, 0.886804, 0.462146, -0.000000, -0.462146, 0.886804),
      ["LeftUpperArm"] = CFrame.new(0.091193, -0.540176, 0.256526, 0.849769, -0.370100, 0.375393, 0.145225, 0.848909, 0.508196, -0.506757, -0.377333, 0.775124),
      ["LeftUpperLeg"] = CFrame.new(-0.710053, 0.403469, -0.688451, 0.888879, 0.082545, 0.450644, -0.164039, 0.975764, 0.144830, -0.427768, -0.202659, 0.880877),
      ["LowerTorso"] = CFrame.new(0.000000, -0.527006, -0.280538, 1.000000, 0.000000, 0.000000, 0.000000, 0.966535, -0.256534, 0.000000, 0.256534, 0.966535),
      ["RightUpperArm"] = CFrame.new(-0.089002, -0.529205, 0.214457, 0.824775, 0.348599, -0.445225, -0.126196, 0.880983, 0.456009, 0.551200, -0.319919, 0.770604),
      ["RightUpperLeg"] = CFrame.new(0.710062, 0.403466, -0.688448, 0.888879, -0.082545, -0.450644, 0.164039, 0.975764, 0.144830, 0.427768, -0.202659, 0.880877),
      ["рҹҢ§пёҸрҹҳірҹ‘»рҹҸіпёҸвҖҚрҹҢҲрҹҳӮрҹ’һрҹҸҙвҖҚвҳ пёҸрҹҺёрҹҢ§пёҸрҹҳірҹ‘»рҹҸіпёҸвҖҚрҹҢҲрҹҳӮрҹ’һрҹҸҙвҖҚвҳ"] = CFrame.new(0.000000, 0.000000, 0.000000, 0.964817, -0.262924, 0.000000, 0.262924, 0.964817, 0.000000, 0.000000, 0.000000, 1.000000)
    }},
    { Time = 0.017, Data = {
      ["BaseOpened"] = CFrame.new(0.000000, 0.000000, 0.000000, 1.000000, 0.000000, 0.000000, 0.000000, 0.999647, -0.026585, 0.000000, 0.026585, 0.999647),
      ["Head"] = CFrame.new(0.000000, 0.000000, 0.000000, 1.000000, -0.000000, 0.000000, 0.000000, 0.884035, 0.467420, -0.000000, -0.467420, 0.884035),
      ["LeftUpperArm"] = CFrame.new(0.091412, -0.540618, 0.256775, 0.849793, -0.369986, 0.375450, 0.145194, 0.849015, 0.508028, -0.506726, -0.377206, 0.775206),
      ["LeftUpperLeg"] = CFrame.new(-0.710083, 0.403163, -0.688407, 0.888879, 0.082585, 0.450637, -0.164001, 0.975795, 0.144664, -0.427782, -0.202494, 0.880908),
      ["LowerTorso"] = CFrame.new(0.000000, -0.526621, -0.280502, 1.000000, 0.000000, 0.000000, 0.000000, 0.966580, -0.256365, 0.000000, 0.256365, 0.966580),
      ["RightUpperArm"] = CFrame.new(-0.089225, -0.529641, 0.214661, 0.824818, 0.348400, -0.445300, -0.126089, 0.881099, 0.455815, 0.551159, -0.319817, 0.770676),
      ["RightUpperLeg"] = CFrame.new(0.710091, 0.403116, -0.688398, 0.888879, -0.082585, -0.450637, 0.164001, 0.975795, 0.144664, 0.427782, -0.202494, 0.880908),
      ["рҹҢ§пёҸрҹҳірҹ‘»рҹҸіпёҸвҖҚрҹҢҲрҹҳӮрҹ’һрҹҸҙвҖҚвҳ пёҸрҹҺёрҹҢ§пёҸрҹҳірҹ‘»рҹҸіпёҸвҖҚрҹҢҲрҹҳӮрҹ’һрҹҸҙвҖҚвҳ"] = CFrame.new(0.000000, 0.000000, 0.000000, 0.963755, -0.266788, 0.000000, 0.266788, 0.963755, 0.000000, 0.000000, 0.000000, 1.000000)
    }},
    { Time = 0.033, Data = {
      ["BaseOpened"] = CFrame.new(0.000000, 0.000000, 0.000000, 1.000000, 0.000000, 0.000000, 0.000000, 0.999647, -0.026585, 0.000000, 0.026585, 0.999647),
      ["Head"] = CFrame.new(0.000000, 0.000000, 0.000000, 1.000000, -0.000000, 0.000000, 0.000000, 0.881233, 0.472682, -0.000000, -0.472682, 0.881233),
      ["LeftUpperArm"] = CFrame.new(0.092110, -0.541915, 0.257533, 0.849871, -0.369488, 0.375763, 0.144941, 0.849421, 0.507421, -0.506667, -0.376779, 0.775452),
      ["LeftUpperLeg"] = CFrame.new(-0.710173, 0.402238, -0.688273, 0.888879, 0.082685, 0.450618, -0.163905, 0.975872, 0.144250, -0.427819, -0.202080, 0.880985),
      ["LowerTorso"] = CFrame.new(0.000000, -0.525470, -0.280393, 1.000000, 0.000000, 0.000000, 0.000000, 0.966714, -0.255860, 0.000000, 0.255860, 0.966714),
      ["RightUpperArm"] = CFrame.new(-0.089854, -0.530956, 0.215284, 0.824906, 0.347960, -0.445481, -0.125926, 0.881402, 0.455273, 0.551065, -0.319460, 0.770891),
      ["RightUpperLeg"] = CFrame.new(0.710167, 0.402135, -0.688249, 0.888901, -0.082499, -0.450609, 0.163758, 0.975879, 0.144373, 0.427830, -0.202124, 0.880970),
      ["рҹҢ§пёҸрҹҳірҹ‘»рҹҸіпёҸвҖҚрҹҢҲрҹҳӮрҹ’һрҹҸҙвҖҚвҳ пёҸрҹҺёрҹҢ§пёҸрҹҳірҹ‘»рҹҸіпёҸвҖҚрҹҢҲрҹҳӮрҹ’һрҹҸҙвҖҚвҳ"] = CFrame.new(0.000000, 0.000000, 0.000000, 0.962678, -0.270648, 0.000000, 0.270648, 0.962678, 0.000000, 0.000000, 0.000000, 1.000000)
    }},
    { Time = 0.050, Data = {
      ["BaseOpened"] = CFrame.new(0.000000, 0.000000, 0.000000, 1.000000, 0.000000, 0.000000, 0.000000, 0.999647, -0.026585, 0.000000, 0.026585, 0.999647),
      ["Head"] = CFrame.new(0.000000, -0.000000, 0.000000, 1.000000, -0.000000, 0.000000, 0.000000, 0.878525, 0.477696, -0.000000, -0.477696, 0.878525),
      ["LeftUpperArm"] = CFrame.new(0.093243, -0.544076, 0.258777, 0.850037, -0.368746, 0.376115, 0.144648, 0.850037, 0.506471, -0.506471, -0.376115, 0.775902),
      ["LeftUpperLeg"] = CFrame.new(-0.710317, 0.400737, -0.688051, 0.888890, 0.082743, 0.450586, -0.163689, 0.975991, 0.143690, -0.427879, -0.201481, 0.881093),
      ["LowerTorso"] = CFrame.new(0.000000, -0.523566, -0.280207, 1.000000, 0.000000, 0.000000, 0.000000, 0.966936, -0.255019, 0.000000, 0.255019, 0.966936),
      ["RightUpperArm"] = CFrame.new(-0.090892, -0.533138, 0.216298, 0.825014, 0.347236, -0.445847, -0.125582, 0.881878, 0.454446, 0.550983, -0.318934, 0.771167),
      ["RightUpperLeg"] = CFrame.new(0.710300, 0.400471, -0.688003, 0.888923, -0.082493, -0.450567, 0.163439, 0.976024, 0.143751, 0.427906, -0.201423, 0.881093),
      ["рҹҢ§пёҸрҹҳірҹ‘»рҹҸіпёҸвҖҚрҹҢҲрҹҳӮрҹ’һрҹҸҙвҖҚвҳ пёҸрҹҺёрҹҢ§пёҸрҹҳірҹ‘»рҹҸіпёҸвҖҚрҹҢҲрҹҳӮрҹ’һрҹҸҙвҖҚвҳ"] = CFrame.new(0.000000, 0.000000, 0.000000, 0.961610, -0.274421, 0.000000, 0.274421, 0.961610, 0.000000, 0.000000, 0.000000, 1.000000)
    }},
    { Time = 0.067, Data = {
      ["BaseOpened"] = CFrame.new(0.000000, 0.000000, 0.000000, 1.000000, 0.000000, 0.000000, 0.000000, 0.999647, -0.026585, 0.000000, 0.026585, 0.999647),
      ["Head"] = CFrame.new(0.000000, -0.000000, 0.000000, 1.000000, -0.000000, 0.000000, 0.000000, 0.875830, 0.482620, -0.000000, -0.482620, 0.875830),
      ["LeftUpperArm"] = CFrame.new(0.094839, -0.547053, 0.260511, 0.850258, -0.367619, 0.376721, 0.144134, 0.850951, 0.505082, -0.506249, -0.375151, 0.776514),
      ["LeftUpperLeg"] = CFrame.new(-0.710523, 0.398614, -0.687741, 0.888890, 0.082964, 0.450546, -0.163479, 0.976160, 0.142779, -0.427959, -0.200570, 0.881262),
      ["LowerTorso"] = CFrame.new(0.000000, -0.520933, -0.279936, 1.000000, 0.000000, 0.000000, 0.000000, 0.967246, -0.253840, 0.000000, 0.253840, 0.967246),
      ["RightUpperArm"] = CFrame.new(-0.092344, -0.536154, 0.217706, 0.825232, 0.346178, -0.446266, -0.125123, 0.882561, 0.453245, 0.550760, -0.318194, 0.771632),
      ["RightUpperLeg"] = CFrame.new(0.710478, 0.398208, -0.687662, 0.888967, -0.082362, -0.450505, 0.162915, 0.976222, 0.143003, 0.428015, -0.200519, 0.881247),
      ["рҹҢ§пёҸрҹҳірҹ‘»рҹҸіпёҸвҖҚрҹҢҲрҹҳӮрҹ’һрҹҸҙвҖҚвҳ пёҸрҹҺёрҹҢ§пёҸрҹҳірҹ‘»рҹҸіпёҸвҖҚрҹҢҲрҹҳӮрҹ’һрҹҸҙвҖҚвҳ"] = CFrame.new(0.000000, 0.000000, 0.000000, 0.960550, -0.278108, 0.000000, 0.278108, 0.960550, 0.000000, 0.000000, 0.000000, 1.000000)
    }},
    { Time = 0.083, Data = {
      ["BaseOpened"] = CFrame.new(0.000000, 0.000000, 0.000000, 1.000000, 0.000000, 0.000000, 0.000000, 0.999647, -0.026585, 0.000000, 0.026585, 0.999647),
      ["Head"] = CFrame.new(0.000000, -0.000000, -0.000000, 1.000000, -0.000000, 0.000000, 0.000000, 0.873279, 0.487220, -0.000000, -0.487220, 0.873279),
      ["LeftUpperArm"] = CFrame.new(0.096840, -0.550833, 0.262708, 0.850524, -0.366263, 0.377439, 0.143555, 0.852072, 0.503354, -0.505965, -0.373932, 0.777287),
      ["LeftUpperLeg"] = CFrame.new(-0.710759, 0.395970, -0.687315, 0.888940, 0.083171, 0.450408, -0.163122, 0.976385, 0.141647, -0.427991, -0.199387, 0.881515),
      ["LowerTorso"] = CFrame.new(0.000000, -0.517601, -0.279570, 1.000000, 0.000000, 0.000000, 0.000000, 0.967643, -0.252325, 0.000000, 0.252325, 0.967643),
      ["RightUpperArm"] = CFrame.new(-0.094190, -0.539968, 0.219501, 0.825469, 0.344814, -0.446883, -0.124507, 0.883449, 0.451680, 0.550544, -0.317207, 0.772192),
      ["RightUpperLeg"] = CFrame.new(0.710709, 0.395299, -0.687227, 0.889011, -0.082290, -0.450432, 0.162335, 0.976464, 0.142006, 0.428144, -0.199365, 0.881445),
      ["рҹҢ§пёҸрҹҳірҹ‘»рҹҸіпёҸвҖҚрҹҢҲрҹҳӮрҹ’һрҹҸҙвҖҚвҳ пёҸрҹҺёрҹҢ§пёҸрҹҳірҹ‘»рҹҸіпёҸвҖҚрҹҢҲрҹҳӮрҹ’һрҹҸҙвҖҚвҳ"] = CFrame.new(0.000000, -0.000000, 0.000000, 0.959549, -0.281540, 0.000000, 0.281540, 0.959549, 0.000000, 0.000000, 0.000000, 1.000000)
    }},
    { Time = 0.100, Data = {
      ["BaseOpened"] = CFrame.new(0.000000, 0.000000, 0.000000, 1.000000, 0.000000, 0.000000, 0.000000, 0.999647, -0.026585, 0.000000, 0.026585, 0.999647),
      ["Head"] = CFrame.new(0.000000, -0.000000, 0.000000, 1.000000, -0.000000, 0.000000, 0.000000, 0.870834, 0.491578, -0.000000, -0.491578, 0.870834),
      ["LeftUpperArm"] = CFrame.new(0.099251, -0.555368, 0.265340, 0.850860, -0.364600, 0.378292, 0.142832, 0.853421, 0.501270, -0.505605, -0.372479, 0.778218),
      ["LeftUpperLeg"] = CFrame.new(-0.711067, 0.392778, -0.686846, 0.888951, 0.083409, 0.450343, -0.162733, 0.976638, 0.140341, -0.428116, -0.198042, 0.881757),
      ["LowerTorso"] = CFrame.new(0.000000, -0.513587, -0.279180, 1.000000, 0.000000, 0.000000, 0.000000, 0.968102, -0.250556, 0.000000, 0.250556, 0.968102),
      ["RightUpperArm"] = CFrame.new(-0.096390, -0.544552, 0.221651, 0.825747, 0.343228, -0.447588, -0.123810, 0.884484, 0.449843, 0.550284, -0.316041, 0.772856),
      ["RightUpperLeg"] = CFrame.new(0.710999, 0.391851, -0.686747, 0.889037, -0.082083, -0.450418, 0.161555, 0.976757, 0.140876, 0.428385, -0.198012, 0.881634),
      ["рҹҢ§пёҸрҹҳірҹ‘»рҹҸіпёҸвҖҚрҹҢҲрҹҳӮрҹ’һрҹҸҙвҖҚвҳ пёҸрҹҺёрҹҢ§пёҸрҹҳірҹ‘»рҹҸіпёҸвҖҚрҹҢҲрҹҳӮрҹ’һрҹҸҙвҖҚвҳ"] = CFrame.new(0.000000, -0.000000, 0.000000, 0.958586, -0.284802, 0.000000, 0.284802, 0.958586, 0.000000, 0.000000, 0.000000, 1.000000)
    }},
    { Time = 0.117, Data = {
      ["BaseOpened"] = CFrame.new(0.000000, 0.000000, 0.000000, 1.000000, 0.000000, 0.000000, 0.000000, 0.999647, -0.026585, 0.000000, 0.026585, 0.999647),
      ["Head"] = CFrame.new(0.000000, 0.000000, -0.000000, 1.000000, -0.000000, 0.000000, 0.000000, 0.868542, 0.495615, -0.000000, -0.495615, 0.868542),
      ["LeftUpperArm"] = CFrame.new(0.102025, -0.560620, 0.268370, 0.851240, -0.362724, 0.379238, 0.142021, 0.854931, 0.498923, -0.505194, -0.370843, 0.779265),
      ["LeftUpperLeg"] = CFrame.new(-0.711399, 0.389134, -0.686271, 0.889012, 0.083633, 0.450181, -0.162198, 0.976946, 0.138814, -0.428192, -0.196425, 0.882082),
      ["LowerTorso"] = CFrame.new(0.000000, -0.508962, -0.278668, 1.000000, 0.000000, 0.000000, 0.000000, 0.968645, -0.248449, 0.000000, 0.248449, 0.968645),
      ["RightUpperArm"] = CFrame.new(-0.098957, -0.549838, 0.224144, 0.826135, 0.341307, -0.448342, -0.122996, 0.885720, 0.447629, 0.549884, -0.314658, 0.773704),
      ["RightUpperLeg"] = CFrame.new(0.711317, 0.387838, -0.686145, 0.889102, -0.081945, -0.450314, 0.160712, 0.977093, 0.139505, 0.428567, -0.196405, 0.881904),
      ["рҹҢ§пёҸрҹҳірҹ‘»рҹҸіпёҸвҖҚрҹҢҲрҹҳӮрҹ’һрҹҸҙвҖҚвҳ пёҸрҹҺёрҹҢ§пёҸрҹҳірҹ‘»рҹҸіпёҸвҖҚрҹҢҲрҹҳӮрҹ’һрҹҸҙвҖҚвҳ"] = CFrame.new(0.000000, -0.000000, 0.000000, 0.957687, -0.287811, 0.000000, 0.287811, 0.957687, 0.000000, 0.000000, 0.000000, 1.000000)
    }},
    { Time = 0.133, Data = {
      ["BaseOpened"] = CFrame.new(0.000000, 0.000000, 0.000000, 1.000000, 0.000000, 0.000000, 0.000000, 0.999647, -0.026585, 0.000000, 0.026585, 0.999647),
      ["Head"] = CFrame.new(0.000000, 0.000000, -0.000000, 1.000000, -0.000000, 0.000000, 0.000000, 0.866454, 0.499257, -0.000000, -0.499257, 0.866454),
      ["LeftUpperArm"] = CFrame.new(0.105157, -0.566512, 0.271787, 0.851647, -0.360557, 0.380390, 0.141041, 0.856662, 0.496223, -0.504782, -0.368956, 0.780427),
      ["LeftUpperLeg"] = CFrame.new(-0.711800, 0.384980, -0.685661, 0.889023, 0.083971, 0.450096, -0.161714, 0.977269, 0.137093, -0.428353, -0.194665, 0.882394),
      ["LowerTorso"] = CFrame.new(0.000000, -0.503757, -0.278098, 1.000000, 0.000000, 0.000000, 0.000000, 0.969247, -0.246089, 0.000000, 0.246089, 0.969247),
      ["RightUpperArm"] = CFrame.new(-0.101828, -0.555790, 0.226932, 0.826517, 0.339198, -0.449238, -0.122052, 0.887062, 0.445224, 0.549521, -0.313155, 0.774571),
      ["RightUpperLeg"] = CFrame.new(0.711673, 0.383338, -0.685468, 0.889177, -0.081764, -0.450198, 0.159747, 0.977466, 0.137988, 0.428771, -0.194613, 0.882202),
      ["рҹҢ§пёҸрҹҳірҹ‘»рҹҸіпёҸвҖҚрҹҢҲрҹҳӮрҹ’һрҹҸҙвҖҚвҳ пёҸрҹҺёрҹҢ§пёҸрҹҳірҹ‘»рҹҸіпёҸвҖҚрҹҢҲрҹҳӮрҹ’һрҹҸҙвҖҚвҳ"] = CFrame.new(0.000000, 0.000000, 0.000000, 0.956854, -0.290568, 0.000000, 0.290568, 0.956854, 0.000000, 0.000000, 0.000000, 1.000000)
    }},
    { Time = 0.150, Data = {
      ["BaseOpened"] = CFrame.new(0.000000, 0.000000, 0.000000, 1.000000, 0.000000, 0.000000, 0.000000, 0.999647, -0.026585, 0.000000, 0.026585, 0.999647),
      ["Head"] = CFrame.new(0.000000, 0.000000, -0.000000, 1.000000, -0.000000, 0.000000, 0.000000, 0.864573, 0.502507, -0.000000, -0.502507, 0.864573),
      ["LeftUpperArm"] = CFrame.new(0.108583, -0.572998, 0.275544, 0.852114, -0.358238, 0.381533, 0.140073, 0.858525, 0.493268, -0.504263, -0.366878, 0.781741),
      ["LeftUpperLeg"] = CFrame.new(-0.712222, 0.380413, -0.684951, 0.889073, 0.084358, 0.449925, -0.161185, 0.977618, 0.135213, -0.428448, -0.192735, 0.882771),
      ["LowerTorso"] = CFrame.new(0.000000, -0.498013, -0.277535, 1.000000, 0.000000, 0.000000, 0.000000, 0.969886, -0.243559, 0.000000, 0.243559, 0.969886),
      ["RightUpperArm"] = CFrame.new(-0.104960, -0.562344, 0.229992, 0.826917, 0.336967, -0.450180, -0.121079, 0.888486, 0.442642, 0.549134, -0.311521, 0.775504),
      ["RightUpperLeg"] = CFrame.new(0.712068, 0.378364, -0.684720, 0.889253, -0.081623, -0.450075, 0.158744, 0.977866, 0.136304, 0.428988, -0.192655, 0.882527),
      ["рҹҢ§пёҸрҹҳірҹ‘»рҹҸіпёҸвҖҚрҹҢҲрҹҳӮрҹ’һрҹҸҙвҖҚвҳ пёҸрҹҺёрҹҢ§пёҸрҹҳірҹ‘»рҹҸіпёҸвҖҚрҹҢҲрҹҳӮрҹ’һрҹҸҙвҖҚвҳ"] = CFrame.new(0.000000, -0.000000, 0.000000, 0.956090, -0.293072, 0.000000, 0.293072, 0.956090, 0.000000, 0.000000, 0.000000, 1.000000)
    }},
    { Time = 0.167, Data = {
      ["BaseOpened"] = CFrame.new(0.000000, 0.000000, 0.000000, 1.000000, 0.000000, 0.000000, 0.000000, 0.999647, -0.026585, 0.000000, 0.026585, 0.999647),
      ["Head"] = CFrame.new(0.000000, 0.000000, -0.000000, 1.000000, -0.000000, 0.000000, 0.000000, 0.862906, 0.505364, -0.000000, -0.505364, 0.862906),
      ["LeftUpperArm"] = CFrame.new(0.112305, -0.579991, 0.279602, 0.852605, -0.355642, 0.382861, 0.138912, 0.860564, 0.490034, -0.503754, -0.364622, 0.783124),
      ["LeftUpperLeg"] = CFrame.new(-0.712674, 0.375524, -0.684192, 0.889134, 0.084701, 0.449740, -0.160535, 0.978003, 0.133186, -0.428566, -0.190620, 0.883174),
      ["LowerTorso"] = CFrame.new(0.000000, -0.491820, -0.276874, 1.000000, 0.000000, 0.000000, 0.000000, 0.970581, -0.240774, 0.000000, 0.240774, 0.970581),
      ["RightUpperArm"] = CFrame.new(-0.108370, -0.569406, 0.233305, 0.827330, 0.334448, -0.451298, -0.119921, 0.890069, 0.439769, 0.548766, -0.309714, 0.776488),
      ["RightUpperLeg"] = CFrame.new(0.712492, 0.373016, -0.683915, 0.889338, -0.081439, -0.449940, 0.157619, 0.978301, 0.134474, 0.429225, -0.190512, 0.882877),
      ["рҹҢ§пёҸрҹҳірҹ‘»рҹҸіпёҸвҖҚрҹҢҲрҹҳӮрҹ’һрҹҸҙвҖҚвҳ пёҸрҹҺёрҹҢ§пёҸрҹҳірҹ‘»рҹҸіпёҸвҖҚрҹҢҲрҹҳӮрҹ’һрҹҸҙвҖҚвҳ"] = CFrame.new(0.000000, 0.000000, 0.000000, 0.955448, -0.295158, 0.000000, 0.295158, 0.955448, 0.000000, 0.000000, 0.000000, 1.000000)
    }},
    { Time = 0.183, Data = {
      ["BaseOpened"] = CFrame.new(0.000000, 0.000000, 0.000000, 1.000000, 0.000000, 0.000000, 0.000000, 0.999647, -0.026585, 0.000000, 0.026585, 0.999647),
      ["Head"] = CFrame.new(0.000000, 0.000000, -0.000000, 1.000000, -0.000000, 0.000000, 0.000000, 0.861547, 0.507678, -0.000000, -0.507678, 0.861547),
      ["LeftUpperArm"] = CFrame.new(0.116252, -0.587430, 0.283908, 0.853155, -0.352911, 0.384161, 0.137739, 0.862688, 0.486619, -0.503144, -0.362248, 0.784616),
      ["LeftUpperLeg"] = CFrame.new(-0.713156, 0.370328, -0.683389, 0.889195, 0.085085, 0.449546, -0.159847, 0.978412, 0.130993, -0.428696, -0.188337, 0.883600),
      ["LowerTorso"] = CFrame.new(0.000000, -0.485230, -0.276175, 1.000000, 0.000000, 0.000000, 0.000000, 0.971309, -0.237819, 0.000000, 0.237819, 0.971309),
      ["RightUpperArm"] = CFrame.new(-0.111987, -0.576913, 0.236826, 0.827806, 0.331790, -0.452385, -0.118753, 0.891729, 0.436712, 0.548302, -0.307790, 0.777580),
      ["RightUpperLeg"] = CFrame.new(0.712940, 0.367352, -0.683059, 0.889434, -0.081191, -0.449796, 0.156391, 0.978757, 0.132580, 0.429476, -0.188265, 0.883236),
      ["рҹҢ§пёҸрҹҳірҹ‘»рҹҸіпёҸвҖҚрҹҢҲрҹҳӮрҹ’һрҹҸҙвҖҚвҳ пёҸрҹҺёрҹҢ§пёҸрҹҳірҹ‘»рҹҸіпёҸвҖҚрҹҢҲрҹҳӮрҹ’һрҹҸҙвҖҚвҳ"] = CFrame.new(0.000000, -0.000000, 0.000000, 0.954906, -0.296909, 0.000000, 0.296909, 0.954906, 0.000000, 0.000000, 0.000000, 1.000000)
    }},
    { Time = 0.200, Data = {
      ["BaseOpened"] = CFrame.new(0.000000, 0.000000, 0.000000, 1.000000, 0.000000, 0.000000, 0.000000, 0.999647, -0.026585, 0.000000, 0.026585, 0.999647),
      ["Head"] = CFrame.new(0.000000, 0.000000, -0.000000, 1.000000, -0.000000, 0.000000, 0.000000, 0.860454, 0.509527, -0.000000, -0.509527, 0.860454),
      ["LeftUpperArm"] = CFrame.new(0.120380, -0.595230, 0.288428, 0.853682, -0.350078, 0.385580, 0.136506, 0.864896, 0.483033, -0.502586, -0.359723, 0.786134),
      ["LeftUpperLeg"] = CFrame.new(-0.713683, 0.364875, -0.682586, 0.889217, 0.085479, 0.449428, -0.159145, 0.978829, 0.128709, -0.428912, -0.185975, 0.883995),
      ["LowerTorso"] = CFrame.new(0.000000, -0.478302, -0.275498, 1.000000, 0.000000, 0.000000, 0.000000, 0.972049, -0.234778, 0.000000, 0.234778, 0.972049),
      ["RightUpperArm"] = CFrame.new(-0.115777, -0.584780, 0.240525, 0.828298, 0.329008, -0.453515, -0.117554, 0.893465, 0.433475, 0.547817, -0.305734, 0.778732),
      ["RightUpperLeg"] = CFrame.new(0.713412, 0.361407, -0.682162, 0.889529, -0.080983, -0.449645, 0.155125, 0.979235, 0.130519, 0.429738, -0.185852, 0.883620),
      ["рҹҢ§пёҸрҹҳірҹ‘»рҹҸіпёҸвҖҚрҹҢҲрҹҳӮрҹ’һрҹҸҙвҖҚвҳ пёҸрҹҺёрҹҢ§пёҸрҹҳірҹ‘»рҹҸіпёҸвҖҚрҹҢҲрҹҳӮрҹ’һрҹҸҙвҖҚвҳ"] = CFrame.new(0.000000, 0.000000, 0.000000, 0.954464, -0.298326, 0.000000, 0.298326, 0.954464, 0.000000, 0.000000, 0.000000, 1.000000)
    }},
    { Time = 0.217, Data = {
      ["BaseOpened"] = CFrame.new(0.000000, 0.000000, 0.000000, 1.000000, 0.000000, 0.000000, 0.000000, 0.999647, -0.026585, 0.000000, 0.026585, 0.999647),
      ["Head"] = CFrame.new(0.000000, -0.000000, 0.000000, 1.000000, -0.000000, 0.000000, 0.000000, 0.859678, 0.510836, -0.000000, -0.510836, 0.859678),
      ["LeftUpperArm"] = CFrame.new(0.124656, -0.603299, 0.293118, 0.854225, -0.347126, 0.387044, 0.135238, 0.867185, 0.479271, -0.502006, -0.357063, 0.787716),
      ["LeftUpperLeg"] = CFrame.new(-0.714213, 0.359192, -0.681712, 0.889267, 0.085985, 0.449233, -0.158502, 0.979244, 0.126329, -0.429046, -0.183544, 0.884438),
      ["LowerTorso"] = CFrame.new(0.000000, -0.471140, -0.274732, 1.000000, 0.000000, 0.000000, 0.000000, 0.972819, -0.231566, 0.000000, 0.231566, 0.972819),
      ["RightUpperArm"] = CFrame.new(-0.119699, -0.592926, 0.244349, 0.828806, 0.326122, -0.454671, -0.116298, 0.895242, 0.430136, 0.547317, -0.303622, 0.779909),
      ["RightUpperLeg"] = CFrame.new(0.713898, 0.355276, -0.681232, 0.889633, -0.080691, -0.449490, 0.153775, 0.979718, 0.128478, 0.430007, -0.183418, 0.883998),
      ["рҹҢ§пёҸрҹҳірҹ‘»рҹҸіпёҸвҖҚрҹҢҲрҹҳӮрҹ’һрҹҸҙвҖҚвҳ пёҸрҹҺёрҹҢ§пёҸрҹҳірҹ‘»рҹҸіпёҸвҖҚрҹҢҲрҹҳӮрҹ’һрҹҸҙвҖҚвҳ"] = CFrame.new(0.000000, -0.000000, 0.000000, 0.954151, -0.299327, 0.000000, 0.299327, 0.954151, 0.000000, 0.000000, 0.000000, 1.000000)
    }},
    { Time = 0.233, Data = {
      ["BaseOpened"] = CFrame.new(0.000000, 0.000000, 0.000000, 1.000000, 0.000000, 0.000000, 0.000000, 0.999647, -0.026585, 0.000000, 0.026585, 0.999647),
      ["Head"] = CFrame.new(0.000000, 0.000000, 0.000000, 1.000000, -0.000000, 0.000000, 0.000000, 0.859220, 0.511606, -0.000000, -0.511606, 0.859220),
      ["LeftUpperArm"] = CFrame.new(0.129034, -0.611562, 0.297894, 0.854785, -0.344089, 0.388517, 0.133886, 0.869477, 0.475483, -0.501415, -0.354419, 0.789284),
      ["LeftUpperLeg"] = CFrame.new(-0.714751, 0.353415, -0.680819, 0.889328, 0.086407, 0.449031, -0.157776, 0.979663, 0.123967, -0.429188, -0.181093, 0.884875),
      ["LowerTorso"] = CFrame.new(0.000000, -0.463807, -0.273935, 1.000000, 0.000000, 0.000000, 0.000000, 0.973598, -0.228267, 0.000000, 0.228267, 0.973598),
      ["RightUpperArm"] = CFrame.new(-0.123694, -0.601269, 0.248248, 0.829307, 0.323233, -0.455817, -0.115038, 0.897003, 0.426791, 0.546823, -0.301505, 0.781076),
      ["RightUpperLeg"] = CFrame.new(0.714401, 0.348959, -0.680276, 0.889727, -0.080501, -0.449338, 0.152489, 0.980198, 0.126332, 0.430271, -0.180920, 0.884384),
      ["рҹҢ§пёҸрҹҳірҹ‘»рҹҸіпёҸвҖҚрҹҢҲрҹҳӮрҹ’һрҹҸҙвҖҚвҳ пёҸрҹҺёрҹҢ§пёҸрҹҳірҹ‘»рҹҸіпёҸвҖҚрҹҢҲрҹҳӮрҹ’һрҹҸҙвҖҚвҳ"] = CFrame.new(0.000000, -0.000000, 0.000000, 0.953968, -0.299910, 0.000000, 0.299910, 0.953968, 0.000000, 0.000000, 0.000000, 1.000000)
    }},
    { Time = 0.250, Data = {
      ["BaseOpened"] = CFrame.new(0.000000, 0.000000, 0.000000, 1.000000, 0.000000, 0.000000, 0.000000, 0.999647, -0.026585, 0.000000, 0.026585, 0.999647),
      ["Head"] = CFrame.new(0.000000, 0.000000, -0.000000, 1.000000, -0.000000, 0.000000, 0.000000, 0.859037, 0.511913, -0.000000, -0.511913, 0.859037),
      ["LeftUpperArm"] = CFrame.new(0.133462, -0.619919, 0.302732, 0.855379, -0.341013, 0.389919, 0.132575, 0.871786, 0.471606, -0.500750, -0.351708, 0.790918),
      ["LeftUpperLeg"] = CFrame.new(-0.715295, 0.347579, -0.679919, 0.889389, 0.086848, 0.448826, -0.157030, 0.980089, 0.121521, -0.429335, -0.178559, 0.885318),
      ["LowerTorso"] = CFrame.new(0.000000, -0.456373, -0.273163, 1.000000, 0.000000, 0.000000, 0.000000, 0.974366, -0.224967, 0.000000, 0.224967, 0.974366),
      ["RightUpperArm"] = CFrame.new(-0.127749, -0.609699, 0.252202, 0.829778, 0.320254, -0.457063, -0.113702, 0.898803, 0.423349, 0.546389, -0.299317, 0.782220),
      ["RightUpperLeg"] = CFrame.new(0.714905, 0.342608, -0.679310, 0.889831, -0.080229, -0.449183, 0.151119, 0.980681, 0.124206, 0.430540, -0.178402, 0.884764),
      ["рҹҢ§пёҸрҹҳірҹ‘»рҹҸіпёҸвҖҚрҹҢҲрҹҳӮрҹ’һрҹҸҙвҖҚвҳ пёҸрҹҺёрҹҢ§пёҸрҹҳірҹ‘»рҹҸіпёҸвҖҚрҹҢҲрҹҳӮрҹ’һрҹҸҙвҖҚвҳ"] = CFrame.new(0.000000, -0.000000, 0.000000, 0.953915, -0.300076, 0.000000, 0.300076, 0.953915, 0.000000, 0.000000, 0.000000, 1.000000)
    }},
    { Time = 0.267, Data = {
      ["BaseOpened"] = CFrame.new(0.000000, 0.000000, 0.000000, 1.000000, 0.000000, 0.000000, 0.000000, 0.999647, -0.026585, 0.000000, 0.026585, 0.999647),
      ["Head"] = CFrame.new(0.000000, 0.000000, 0.000000, 1.000000, -0.000000, 0.000000, 0.000000, 0.859220, 0.511606, -0.000000, -0.511606, 0.859220),
      ["LeftUpperArm"] = CFrame.new(0.137886, -0.628282, 0.307577, 0.855926, -0.337948, 0.391385, 0.131239, 0.874075, 0.467727, -0.500167, -0.348975, 0.792496),
      ["LeftUpperLeg"] = CFrame.new(-0.715839, 0.341744, -0.679019, 0.889450, 0.087289, 0.448619, -0.156284, 0.980508, 0.119075, -0.429481, -0.176023, 0.885755),
      ["LowerTorso"] = CFrame.new(0.000000, -0.448928, -0.272389, 1.000000, 0.000000, 0.000000, 0.000000, 0.975123, -0.221665, 0.000000, 0.221665, 0.975123),
      ["RightUpperArm"] = CFrame.new(-0.131808, -0.618134, 0.256154, 0.830288, 0.317257, -0.458224, -0.112383, 0.900587, 0.419897, 0.545886, -0.297139, 0.783401),
      ["RightUpperLeg"] = CFrame.new(0.715409, 0.336266, -0.678347, 0.889933, -0.079976, -0.449024, 0.149729, 0.981172, 0.121996, 0.430813, -0.175800, 0.885152),
      ["рҹҢ§пёҸрҹҳірҹ‘»рҹҸіпёҸвҖҚрҹҢҲрҹҳӮрҹ’һрҹҸҙвҖҚвҳ пёҸрҹҺёрҹҢ§пёҸрҹҳірҹ‘»рҹҸіпёҸвҖҚрҹҢҲрҹҳӮрҹ’һрҹҸҙвҖҚвҳ"] = CFrame.new(0.000000, -0.000000, 0.000000, 0.953968, -0.299910, 0.000000, 0.299910, 0.953968, 0.000000, 0.000000, 0.000000, 1.000000)
    }},
    { Time = 0.283, Data = {
      ["BaseOpened"] = CFrame.new(0.000000, 0.000000, 0.000000, 1.000000, 0.000000, 0.000000, 0.000000, 0.999647, -0.026585, 0.000000, 0.026585, 0.999647),
      ["Head"] = CFrame.new(0.000000, 0.000000, 0.000000, 1.000000, -0.000000, 0.000000, 0.000000, 0.859678, 0.510836, -0.000000, -0.510836, 0.859678),
      ["LeftUpperArm"] = CFrame.new(0.142273, -0.636551, 0.312378, 0.856467, -0.334878, 0.392838, 0.129899, 0.876344, 0.463841, -0.499591, -0.346235, 0.794059),
      ["LeftUpperLeg"] = CFrame.new(-0.716377, 0.335976, -0.678128, 0.889511, 0.087729, 0.448413, -0.155538, 0.980921, 0.116628, -0.429626, -0.173487, 0.886185),
      ["LowerTorso"] = CFrame.new(0.000000, -0.441562, -0.271586, 1.000000, 0.000000, 0.000000, 0.000000, 0.975868, -0.218360, 0.000000, 0.218360, 0.975868),
      ["RightUpperArm"] = CFrame.new(-0.135832, -0.626475, 0.260070, 0.830793, 0.314256, -0.459375, -0.111060, 0.902354, 0.416440, 0.545388, -0.294957, 0.784571),
      ["RightUpperLeg"] = CFrame.new(0.715908, 0.329992, -0.677390, 0.890035, -0.079702, -0.448871, 0.148358, 0.981642, 0.119868, 0.431077, -0.173280, 0.885521),
      ["рҹҢ§пёҸрҹҳірҹ‘»рҹҸіпёҸвҖҚрҹҢҲрҹҳӮрҹ’һрҹҸҙвҖҚвҳ пёҸрҹҺёрҹҢ§пёҸрҹҳірҹ‘»рҹҸіпёҸвҖҚрҹҢҲрҹҳӮрҹ’һрҹҸҙвҖҚвҳ"] = CFrame.new(0.000000, 0.000000, 0.000000, 0.954151, -0.299327, 0.000000, 0.299327, 0.954151, 0.000000, 0.000000, 0.000000, 1.000000)
    }},
    { Time = 0.300, Data = {
      ["BaseOpened"] = CFrame.new(0.000000, 0.000000, 0.000000, 1.000000, 0.000000, 0.000000, 0.000000, 0.999647, -0.026585, 0.000000, 0.026585, 0.999647),
      ["Head"] = CFrame.new(0.000000, 0.000000, -0.000000, 1.000000, -0.000000, 0.000000, 0.000000, 0.860454, 0.509527, -0.000000, -0.509527, 0.860454),
      ["LeftUpperArm"] = CFrame.new(0.146576, -0.644651, 0.317046, 0.857042, -0.331823, 0.394173, 0.128530, 0.878517, 0.460095, -0.498958, -0.343658, 0.795576),
      ["LeftUpperLeg"] = CFrame.new(-0.716903, 0.330335, -0.677254, 0.889571, 0.088150, 0.448210, -0.154812, 0.981314, 0.114262, -0.429763, -0.171033, 0.886596),
      ["LowerTorso"] = CFrame.new(0.000000, -0.434325, -0.270895, 1.000000, 0.000000, 0.000000, 0.000000, 0.976565, -0.215224, 0.000000, 0.215224, 0.976565),
      ["RightUpperArm"] = CFrame.new(-0.139759, -0.634641, 0.263900, 0.831273, 0.311353, -0.460483, -0.109790, 0.904054, 0.413077, 0.544915, -0.292823, 0.785699),
      ["RightUpperLeg"] = CFrame.new(0.716400, 0.323820, -0.676450, 0.890126, -0.079491, -0.448728, 0.147090, 0.982083, 0.117803, 0.431323, -0.170862, 0.885870),
      ["рҹҢ§пёҸрҹҳірҹ‘»рҹҸіпёҸвҖҚрҹҢҲрҹҳӮрҹ’һрҹҸҙвҖҚвҳ пёҸрҹҺёрҹҢ§пёҸрҹҳірҹ‘»рҹҸіпёҸвҖҚрҹҢҲрҹҳӮрҹ’һрҹҸҙвҖҚвҳ"] = CFrame.new(0.000000, -0.000000, 0.000000, 0.954464, -0.298326, 0.000000, 0.298326, 0.954464, 0.000000, 0.000000, 0.000000, 1.000000)
    }},
    { Time = 0.317, Data = {
      ["BaseOpened"] = CFrame.new(0.000000, 0.000000, 0.000000, 1.000000, 0.000000, 0.000000, 0.000000, 0.999647, -0.026585, 0.000000, 0.026585, 0.999647),
      ["Head"] = CFrame.new(0.000000, 0.000000, 0.000000, 1.000000, -0.000000, 0.000000, 0.000000, 0.861547, 0.507678, -0.000000, -0.507678, 0.861547),
      ["LeftUpperArm"] = CFrame.new(0.150718, -0.652475, 0.321598, 0.857528, -0.328940, 0.395530, 0.127296, 0.880630, 0.456385, -0.498439, -0.341013, 0.797038),
      ["LeftUpperLeg"] = CFrame.new(-0.717410, 0.324885, -0.676408, 0.889632, 0.088549, 0.448011, -0.154104, 0.981689, 0.111980, -0.429891, -0.168661, 0.886988),
      ["LowerTorso"] = CFrame.new(0.000000, -0.427344, -0.270120, 1.000000, 0.000000, 0.000000, 0.000000, 0.977251, -0.212085, 0.000000, 0.212085, 0.977251),
      ["RightUpperArm"] = CFrame.new(-0.143576, -0.642530, 0.267601, 0.831747, 0.308468, -0.461567, -0.108491, 0.905706, 0.409787, 0.544451, -0.290763, 0.786785),
      ["RightUpperLeg"] = CFrame.new(0.716895, 0.317874, -0.675583, 0.890178, -0.079273, -0.448664, 0.145826, 0.982518, 0.115730, 0.431647, -0.168447, 0.886175),
      ["рҹҢ§пёҸрҹҳірҹ‘»рҹҸіпёҸвҖҚрҹҢҲрҹҳӮрҹ’һрҹҸҙвҖҚвҳ пёҸрҹҺёрҹҢ§пёҸрҹҳірҹ‘»рҹҸіпёҸвҖҚрҹҢҲрҹҳӮрҹ’һрҹҸҙвҖҚвҳ"] = CFrame.new(0.000000, -0.000000, 0.000000, 0.954906, -0.296909, 0.000000, 0.296909, 0.954906, 0.000000, 0.000000, 0.000000, 1.000000)
    }},
    { Time = 0.333, Data = {
      ["BaseOpened"] = CFrame.new(0.000000, 0.000000, 0.000000, 1.000000, 0.000000, 0.000000, 0.000000, 0.999647, -0.026585, 0.000000, 0.026585, 0.999647),
      ["Head"] = CFrame.new(0.000000, -0.000000, -0.000000, 1.000000, -0.000000, 0.000000, 0.000000, 0.862906, 0.505364, -0.000000, -0.505364, 0.862906),
      ["LeftUpperArm"] = CFrame.new(0.154675, -0.659957, 0.325917, 0.858029, -0.326170, 0.396735, 0.126091, 0.882594, 0.452912, -0.497882, -0.338587, 0.798419),
      ["LeftUpperLeg"] = CFrame.new(-0.717892, 0.319680, -0.675597, 0.889693, 0.088908, 0.447819, -0.153435, 0.982033, 0.109863, -0.430005, -0.166455, 0.887349),
      ["LowerTorso"] = CFrame.new(0.000000, -0.420666, -0.269406, 1.000000, 0.000000, 0.000000, 0.000000, 0.977891, -0.209115, 0.000000, 0.209115, 0.977891),
      ["RightUpperArm"] = CFrame.new(-0.147201, -0.650070, 0.271131, 0.832178, 0.305783, -0.462577, -0.107300, 0.907242, 0.406692, 0.544029, -0.288805, 0.787797),
      ["RightUpperLeg"] = CFrame.new(0.717346, 0.312211, -0.674716, 0.890267, -0.079022, -0.448530, 0.144595, 0.982922, 0.113829, 0.431875, -0.166193, 0.886489),
      ["рҹҢ§пёҸрҹҳірҹ‘»рҹҸіпёҸвҖҚрҹҢҲрҹҳӮрҹ’һрҹҸҙвҖҚвҳ пёҸрҹҺёрҹҢ§пёҸрҹҳірҹ‘»рҹҸіпёҸвҖҚрҹҢҲрҹҳӮрҹ’һрҹҸҙвҖҚвҳ"] = CFrame.new(0.000000, 0.000000, 0.000000, 0.955448, -0.295158, 0.000000, 0.295158, 0.955448, 0.000000, 0.000000, 0.000000, 1.000000)
    }},
    { Time = 0.350, Data = {
      ["BaseOpened"] = CFrame.new(0.000000, 0.000000, 0.000000, 1.000000, 0.000000, 0.000000, 0.000000, 0.999647, -0.026585, 0.000000, 0.026585, 0.999647),
      ["Head"] = CFrame.new(0.000000, -0.000000, -0.000000, 1.000000, -0.000000, 0.000000, 0.000000, 0.864573, 0.502507, -0.000000, -0.502507, 0.864573),
      ["LeftUpperArm"] = CFrame.new(0.158409, -0.666998, 0.329991, 0.858464, -0.323529, 0.397956, 0.124897, 0.884449, 0.449612, -0.497434, -0.336272, 0.799675),
      ["LeftUpperLeg"] = CFrame.new(-0.718349, 0.314759, -0.674832, 0.889743, 0.089351, 0.447632, -0.152849, 0.982361, 0.107725, -0.430111, -0.164268, 0.887705),
      ["LowerTorso"] = CFrame.new(0.000000, -0.414373, -0.268728, 1.000000, 0.000000, 0.000000, 0.000000, 0.978486, -0.206313, 0.000000, 0.206313, 0.978486),
      ["RightUpperArm"] = CFrame.new(-0.150602, -0.657174, 0.274457, 0.832566, 0.303297, -0.463514, -0.106217, 0.908664, 0.403791, 0.543647, -0.286949, 0.788738),
      ["RightUpperLeg"] = CFrame.new(0.717773, 0.306865, -0.673898, 0.890347, -0.078834, -0.448406, 0.143466, 0.983298, 0.111991, 0.432088, -0.164042, 0.886786),
      ["рҹҢ§пёҸрҹҳірҹ‘»рҹҸіпёҸвҖҚрҹҢҲрҹҳӮрҹ’һрҹҸҙвҖҚвҳ пёҸрҹҺёрҹҢ§пёҸрҹҳірҹ‘»рҹҸіпёҸвҖҚрҹҢҲрҹҳӮрҹ’һрҹҸҙвҖҚвҳ"] = CFrame.new(0.000000, -0.000000, 0.000000, 0.956090, -0.293072, 0.000000, 0.293072, 0.956090, 0.000000, 0.000000, 0.000000, 1.000000)
    }},
    { Time = 0.367, Data = {
      ["BaseOpened"] = CFrame.new(0.000000, 0.000000, 0.000000, 1.000000, 0.000000, 0.000000, 0.000000, 0.999647, -0.026585, 0.000000, 0.026585, 0.999647),
      ["Head"] = CFrame.new(0.000000, 0.000000, -0.000000, 1.000000, -0.000000, 0.000000, 0.000000, 0.866454, 0.499257, -0.000000, -0.499257, 0.866454),
      ["LeftUpperArm"] = CFrame.new(0.161872, -0.673519, 0.333779, 0.858894, -0.321066, 0.399022, 0.123835, 0.886177, 0.446492, -0.496957, -0.334076, 0.800891),
      ["LeftUpperLeg"] = CFrame.new(-0.718786, 0.310231, -0.674159, 0.889764, 0.089642, 0.447531, -0.152241, 0.982659, 0.105850, -0.430281, -0.162314, 0.887982),
      ["LowerTorso"] = CFrame.new(0.000000, -0.408524, -0.268148, 1.000000, 0.000000, 0.000000, 0.000000, 0.979020, -0.203765, 0.000000, 0.203765, 0.979020),
      ["RightUpperArm"] = CFrame.new(-0.153769, -0.663753, 0.277541, 0.832932, 0.300931, -0.464397, -0.105162, 0.909994, 0.401064, 0.543291, -0.285222, 0.789609),
      ["RightUpperLeg"] = CFrame.new(0.718166, 0.301935, -0.673141, 0.890426, -0.078605, -0.448289, 0.142375, 0.983646, 0.110319, 0.432286, -0.162056, 0.887055),
      ["рҹҢ§пёҸрҹҳірҹ‘»рҹҸіпёҸвҖҚрҹҢҲрҹҳӮрҹ’һрҹҸҙвҖҚвҳ пёҸрҹҺёрҹҢ§пёҸрҹҳірҹ‘»рҹҸіпёҸвҖҚрҹҢҲрҹҳӮрҹ’һрҹҸҙвҖҚвҳ"] = CFrame.new(0.000000, -0.000000, 0.000000, 0.956854, -0.290568, 0.000000, 0.290568, 0.956854, 0.000000, 0.000000, 0.000000, 1.000000)
    }},
    { Time = 0.383, Data = {
      ["BaseOpened"] = CFrame.new(0.000000, 0.000000, 0.000000, 1.000000, 0.000000, 0.000000, 0.000000, 0.999647, -0.026585, 0.000000, 0.026585, 0.999647),
      ["Head"] = CFrame.new(0.000000, 0.000000, -0.000000, 1.000000, -0.000000, 0.000000, 0.000000, 0.868542, 0.495615, -0.000000, -0.495615, 0.868542),
      ["LeftUpperArm"] = CFrame.new(0.165001, -0.679469, 0.337215, 0.859259, -0.318913, 0.399961, 0.122920, 0.887689, 0.443733, -0.496553, -0.332118, 0.801956),
      ["LeftUpperLeg"] = CFrame.new(-0.719168, 0.306080, -0.673505, 0.889814, 0.089984, 0.447363, -0.151751, 0.982919, 0.104128, -0.430352, -0.160542, 0.888270),
      ["LowerTorso"] = CFrame.new(0.000000, -0.403209, -0.267559, 1.000000, 0.000000, 0.000000, 0.000000, 0.979512, -0.201386, 0.000000, 0.201386, 0.979512),
      ["RightUpperArm"] = CFrame.new(-0.156649, -0.669746, 0.280340, 0.833257, 0.298788, -0.465197, -0.104190, 0.911182, 0.398612, 0.542980, -0.283677, 0.790380),
      ["RightUpperLeg"] = CFrame.new(0.718526, 0.297436, -0.672450, 0.890494, -0.078420, -0.448185, 0.141407, 0.983955, 0.108793, 0.432462, -0.160256, 0.887296),
      ["рҹҢ§пёҸрҹҳірҹ‘»рҹҸіпёҸвҖҚрҹҢҲрҹҳӮрҹ’һрҹҸҙвҖҚвҳ пёҸрҹҺёрҹҢ§пёҸрҹҳірҹ‘»рҹҸіпёҸвҖҚрҹҢҲрҹҳӮрҹ’һрҹҸҙвҖҚвҳ"] = CFrame.new(0.000000, -0.000000, 0.000000, 0.957687, -0.287811, 0.000000, 0.287811, 0.957687, 0.000000, 0.000000, 0.000000, 1.000000)
    }},
    { Time = 0.400, Data = {
      ["BaseOpened"] = CFrame.new(0.000000, 0.000000, 0.000000, 1.000000, 0.000000, 0.000000, 0.000000, 0.999647, -0.026585, 0.000000, 0.026585, 0.999647),
      ["Head"] = CFrame.new(0.000000, -0.000000, -0.000000, 1.000000, -0.000000, 0.000000, 0.000000, 0.870834, 0.491578, -0.000000, -0.491578, 0.870834),
      ["LeftUpperArm"] = CFrame.new(0.167812, -0.684756, 0.340275, 0.859601, -0.316893, 0.400830, 0.122015, 0.889065, 0.441221, -0.496183, -0.330367, 0.802907),
      ["LeftUpperLeg"] = CFrame.new(-0.719505, 0.302394, -0.672919, 0.889864, 0.090286, 0.447203, -0.151299, 0.983152, 0.102572, -0.430408, -0.158937, 0.888532),
      ["LowerTorso"] = CFrame.new(0.000000, -0.398475, -0.267027, 1.000000, 0.000000, 0.000000, 0.000000, 0.979947, -0.199261, 0.000000, 0.199261, 0.979947),
      ["RightUpperArm"] = CFrame.new(-0.159198, -0.675085, 0.282830, 0.833571, 0.296935, -0.465822, -0.103402, 0.912214, 0.396451, 0.542649, -0.282303, 0.791099),
      ["RightUpperLeg"] = CFrame.new(0.718847, 0.293426, -0.671835, 0.890553, -0.078279, -0.448093, 0.140559, 0.984228, 0.107414, 0.432618, -0.158641, 0.887510),
      ["рҹҢ§пёҸрҹҳірҹ‘»рҹҸіпёҸвҖҚрҹҢҲрҹҳӮрҹ’һрҹҸҙвҖҚвҳ пёҸрҹҺёрҹҢ§пёҸрҹҳірҹ‘»рҹҸіпёҸвҖҚрҹҢҲрҹҳӮрҹ’һрҹҸҙвҖҚвҳ"] = CFrame.new(0.000000, -0.000000, 0.000000, 0.958586, -0.284802, 0.000000, 0.284802, 0.958586, 0.000000, 0.000000, 0.000000, 1.000000)
    }},
    { Time = 0.417, Data = {
      ["BaseOpened"] = CFrame.new(0.000000, 0.000000, 0.000000, 1.000000, 0.000000, 0.000000, 0.000000, 0.999647, -0.026585, 0.000000, 0.026585, 0.999647),
      ["Head"] = CFrame.new(0.000000, -0.000000, -0.000000, 1.000000, -0.000000, 0.000000, 0.000000, 0.873279, 0.487220, -0.000000, -0.487220, 0.873279),
      ["LeftUpperArm"] = CFrame.new(0.170235, -0.689339, 0.342923, 0.859881, -0.315185, 0.401576, 0.121258, 0.890232, 0.439072, -0.495884, -0.328855, 0.803712),
      ["LeftUpperLeg"] = CFrame.new(-0.719813, 0.299203, -0.672445, 0.889875, 0.090521, 0.447134, -0.150909, 0.983348, 0.101259, -0.430522, -0.157584, 0.888717),
      ["LowerTorso"] = CFrame.new(0.000000, -0.394363, -0.266621, 1.000000, 0.000000, 0.000000, 0.000000, 0.980308, -0.197475, 0.000000, 0.197475, 0.980308),
      ["RightUpperArm"] = CFrame.new(-0.161434, -0.679693, 0.285004, 0.833817, 0.295216, -0.466472, -0.102624, 0.913160, 0.394471, 0.542418, -0.281045, 0.791705),
      ["RightUpperLeg"] = CFrame.new(0.719125, 0.289941, -0.671299, 0.890602, -0.078161, -0.448017, 0.139853, 0.984454, 0.106264, 0.432747, -0.157296, 0.887687),
      ["рҹҢ§пёҸрҹҳірҹ‘»рҹҸіпёҸвҖҚрҹҢҲрҹҳӮрҹ’һрҹҸҙвҖҚвҳ пёҸрҹҺёрҹҢ§пёҸрҹҳірҹ‘»рҹҸіпёҸвҖҚрҹҢҲрҹҳӮрҹ’һрҹҸҙвҖҚвҳ"] = CFrame.new(0.000000, 0.000000, 0.000000, 0.959549, -0.281540, 0.000000, 0.281540, 0.959549, 0.000000, 0.000000, 0.000000, 1.000000)
    }},
    { Time = 0.433, Data = {
      ["BaseOpened"] = CFrame.new(0.000000, 0.000000, 0.000000, 1.000000, 0.000000, 0.000000, 0.000000, 0.999647, -0.026585, 0.000000, 0.026585, 0.999647),
      ["Head"] = CFrame.new(0.000000, 0.000000, 0.000000, 1.000000, -0.000000, 0.000000, 0.000000, 0.875830, 0.482620, -0.000000, -0.482620, 0.875830),
      ["LeftUpperArm"] = CFrame.new(0.172247, -0.693161, 0.345133, 0.860099, -0.313791, 0.402201, 0.120650, 0.891193, 0.437286, -0.495655, -0.327584, 0.804373),
      ["LeftUpperLeg"] = CFrame.new(-0.720050, 0.296559, -0.672014, 0.889925, 0.090724, 0.446994, -0.150553, 0.983519, 0.100119, -0.430544, -0.156395, 0.888917),
      ["LowerTorso"] = CFrame.new(0.000000, -0.390942, -0.266240, 1.000000, 0.000000, 0.000000, 0.000000, 0.980615, -0.195944, 0.000000, 0.195944, 0.980615),
      ["RightUpperArm"] = CFrame.new(-0.163291, -0.683540, 0.286805, 0.834054, 0.293810, -0.466937, -0.102005, 0.913923, 0.392862, 0.542171, -0.280038, 0.792231),
      ["RightUpperLeg"] = CFrame.new(0.719354, 0.287076, -0.670857, 0.890650, -0.078003, -0.447949, 0.139186, 0.984654, 0.105280, 0.432862, -0.156116, 0.887839),
      ["рҹҢ§пёҸрҹҳірҹ‘»рҹҸіпёҸвҖҚрҹҢҲрҹҳӮрҹ’һрҹҸҙвҖҚвҳ пёҸрҹҺёрҹҢ§пёҸрҹҳірҹ‘»рҹҸіпёҸвҖҚрҹҢҲрҹҳӮрҹ’һрҹҸҙвҖҚвҳ"] = CFrame.new(0.000000, -0.000000, 0.000000, 0.960550, -0.278108, 0.000000, 0.278108, 0.960550, 0.000000, 0.000000, 0.000000, 1.000000)
    }},
    { Time = 0.450, Data = {
      ["BaseOpened"] = CFrame.new(0.000000, 0.000000, 0.000000, 1.000000, 0.000000, 0.000000, 0.000000, 0.999647, -0.026585, 0.000000, 0.026585, 0.999647),
      ["Head"] = CFrame.new(0.000000, -0.000000, 0.000000, 1.000000, -0.000000, 0.000000, 0.000000, 0.878525, 0.477696, -0.000000, -0.477696, 0.878525),
      ["LeftUpperArm"] = CFrame.new(0.173855, -0.696174, 0.346874, 0.860317, -0.312614, 0.402650, 0.120131, 0.891970, 0.435841, -0.495402, -0.326591, 0.804932),
      ["LeftUpperLeg"] = CFrame.new(-0.720250, 0.294478, -0.671704, 0.889935, 0.090859, 0.446945, -0.150259, 0.983655, 0.099222, -0.430625, -0.155459, 0.889042),
      ["LowerTorso"] = CFrame.new(0.000000, -0.388236, -0.265956, 1.000000, 0.000000, 0.000000, 0.000000, 0.980852, -0.194753, 0.000000, 0.194753, 0.980852),
      ["RightUpperArm"] = CFrame.new(-0.164745, -0.686582, 0.288223, 0.834189, 0.292742, -0.467366, -0.101508, 0.914504, 0.391635, 0.542056, -0.279256, 0.792585),
      ["RightUpperLeg"] = CFrame.new(0.719539, 0.284772, -0.670503, 0.890679, -0.077952, -0.447900, 0.138743, 0.984799, 0.104507, 0.432945, -0.155225, 0.887955),
      ["рҹҢ§пёҸрҹҳірҹ‘»рҹҸіпёҸвҖҚрҹҢҲрҹҳӮрҹ’һрҹҸҙвҖҚвҳ пёҸрҹҺёрҹҢ§пёҸрҹҳірҹ‘»рҹҸіпёҸвҖҚрҹҢҲрҹҳӮрҹ’һрҹҸҙвҖҚвҳ"] = CFrame.new(0.000000, 0.000000, 0.000000, 0.961610, -0.274421, 0.000000, 0.274421, 0.961610, 0.000000, 0.000000, 0.000000, 1.000000)
    }},
    { Time = 0.467, Data = {
      ["BaseOpened"] = CFrame.new(0.000000, 0.000000, 0.000000, 1.000000, 0.000000, 0.000000, 0.000000, 0.999647, -0.026585, 0.000000, 0.026585, 0.999647),
      ["Head"] = CFrame.new(0.000000, 0.000000, 0.000000, 1.000000, -0.000000, 0.000000, 0.000000, 0.881233, 0.472682, -0.000000, -0.472682, 0.881233),
      ["LeftUpperArm"] = CFrame.new(0.174994, -0.698360, 0.348126, 0.860456, -0.311850, 0.402946, 0.119819, 0.892492, 0.434858, -0.495237, -0.325895, 0.805315),
      ["LeftUpperLeg"] = CFrame.new(-0.720394, 0.292977, -0.671479, 0.889946, 0.090915, 0.446912, -0.150042, 0.983745, 0.098659, -0.430678, -0.154856, 0.889121),
      ["LowerTorso"] = CFrame.new(0.000000, -0.386278, -0.265761, 1.000000, 0.000000, 0.000000, 0.000000, 0.981021, -0.193902, 0.000000, 0.193902, 0.981021),
