return {
  ["Astros idle 3"] = {
    { Time = 0.000, Data = {
      ["Balls"] = CFrame.new(-0.000000, -0.000001, 0.000000, 0.977417, 0.211322, 0.000000, -0.211322, 0.977417, -0.000000, -0.000000, 0.000000, 1.000000),
      ["Cock"] = CFrame.new(0.000000, 0.000000, 0.000000, 0.828582, 0.559868, 0.000000, -0.559868, 0.828582, -0.000000, -0.000000, 0.000000, 1.000000),
      ["Head"] = CFrame.new(0.000000, 0.000000, -0.000000, 1.000000, -0.000000, 0.000000, 0.000000, 0.977141, 0.212594, -0.000000, -0.212594, 0.977141),
      ["LeftUpperArm"] = CFrame.new(-0.000144, -0.000201, 0.010278, 0.995415, -0.000546, 0.095650, 0.004281, 0.999236, -0.038850, -0.095556, 0.039081, 0.994657),
      ["LeftUpperLeg"] = CFrame.new(-0.000503, -0.020212, -0.009711, 0.998994, 0.041363, 0.017330, -0.040423, 0.997857, -0.051449, -0.019421, 0.050697, 0.998525),
      ["LowerTorso"] = CFrame.new(0.000000, 0.001051, 0.802058, 1.000000, -0.000000, 0.000000, 0.000000, 0.998949, 0.045825, -0.000000, -0.045825, 0.998949),
      ["RightUpperArm"] = CFrame.new(0.090956, -0.822712, -0.470029, 0.832969, 0.488376, 0.260099, 0.360332, -0.122045, -0.924806, -0.419909, 0.864057, -0.277637),
      ["RightUpperLeg"] = CFrame.new(0.000745, -0.022652, -0.015177, 0.998512, -0.046821, -0.027958, 0.045305, 0.997587, -0.052601, 0.030354, 0.051257, 0.998224)
    }},
    { Time = 0.017, Data = {
      ["Balls"] = CFrame.new(-0.000001, -0.000003, 0.000000, 0.977141, 0.212594, 0.000000, -0.212594, 0.977141, -0.000000, -0.000000, 0.000000, 1.000000),
      ["Cock"] = CFrame.new(0.000000, 0.000000, 0.000000, 0.826351, 0.563156, 0.000000, -0.563156, 0.826351, -0.000000, -0.000000, 0.000000, 1.000000),
      ["Head"] = CFrame.new(0.000000, -0.000000, 0.000000, 1.000000, -0.000000, 0.000000, 0.000000, 0.976733, 0.214460, -0.000000, -0.214460, 0.976733),
      ["LeftUpperArm"] = CFrame.new(-0.000110, -0.000210, 0.010504, 0.995415, -0.000419, 0.095649, 0.004236, 0.999202, -0.039716, -0.095556, 0.039939, 0.994623),
      ["LeftUpperLeg"] = CFrame.new(-0.000503, -0.020212, -0.009710, 0.998994, 0.041362, 0.017332, -0.040424, 0.997862, -0.051363, -0.019420, 0.050611, 0.998530),
      ["LowerTorso"] = CFrame.new(0.000000, 0.001051, 0.802067, 1.000000, -0.000000, 0.000000, 0.000000, 0.998949, 0.045825, -0.000000, -0.045825, 0.998949),
      ["RightUpperArm"] = CFrame.new(0.090651, -0.822911, -0.469885, 0.834177, 0.487215, 0.258402, 0.358401, -0.122800, -0.925456, -0.419164, 0.864605, -0.277055),
      ["RightUpperLeg"] = CFrame.new(0.000745, -0.022652, -0.015177, 0.998512, -0.046821, -0.027958, 0.045305, 0.997587, -0.052601, 0.030354, 0.051257, 0.998224)
    }},
    { Time = 0.033, Data = {
      ["Balls"] = CFrame.new(-0.000001, -0.000002, 0.000000, 0.976863, 0.213867, 0.000000, -0.213867, 0.976863, -0.000000, -0.000000, 0.000000, 1.000000),
      ["Cock"] = CFrame.new(-0.000000, 0.000000, 0.000000, 0.824105, 0.566437, 0.000000, -0.566437, 0.824105, -0.000000, -0.000000, 0.000000, 1.000000),
      ["Head"] = CFrame.new(0.000000, 0.000000, 0.000000, 1.000000, -0.000000, 0.000000, 0.000000, 0.976321, 0.216326, -0.000000, -0.216326, 0.976321),
      ["LeftUpperArm"] = CFrame.new(-0.000099, -0.000219, 0.010730, 0.995415, -0.000377, 0.095649, 0.004278, 0.999167, -0.040577, -0.095554, 0.040800, 0.994588),
      ["LeftUpperLeg"] = CFrame.new(-0.000503, -0.020212, -0.009710, 0.998994, 0.041362, 0.017332, -0.040424, 0.997862, -0.051363, -0.019420, 0.050611, 0.998530),
      ["LowerTorso"] = CFrame.new(0.000000, 0.001051, 0.802094, 1.000000, -0.000000, 0.000000, 0.000000, 0.998949, 0.045825, -0.000000, -0.045825, 0.998949),
      ["RightUpperArm"] = CFrame.new(0.090363, -0.823123, -0.469753, 0.835330, 0.486122, 0.256728, 0.356547, -0.123605, -0.926065, -0.418447, 0.865106, -0.276577),
      ["RightUpperLeg"] = CFrame.new(0.000743, -0.022609, -0.015175, 0.998516, -0.046734, -0.027963, 0.045220, 0.997596, -0.052514, 0.030350, 0.051172, 0.998229)
    }},
    { Time = 0.050, Data = {
      ["Balls"] = CFrame.new(-0.000001, -0.000002, 0.000000, 0.976583, 0.215139, 0.000000, -0.215139, 0.976583, -0.000000, -0.000000, 0.000000, 1.000000),
      ["Cock"] = CFrame.new(0.000000, 0.000000, 0.000000, 0.821897, 0.569637, 0.000000, -0.569637, 0.821897, -0.000000, -0.000000, 0.000000, 1.000000),
      ["Head"] = CFrame.new(0.000000, -0.000000, -0.000000, 1.000000, -0.000000, 0.000000, 0.000000, 0.975925, 0.218106, -0.000000, -0.218106, 0.975925),
      ["LeftUpperArm"] = CFrame.new(-0.000066, -0.000228, 0.010956, 0.995415, -0.000250, 0.095647, 0.004233, 0.999132, -0.041443, -0.095554, 0.041658, 0.994552),
      ["LeftUpperLeg"] = CFrame.new(-0.000503, -0.020213, -0.009708, 0.998994, 0.041361, 0.017336, -0.040426, 0.997870, -0.051191, -0.019416, 0.050438, 0.998538),
      ["LowerTorso"] = CFrame.new(0.000000, 0.001043, 0.801966, 1.000000, -0.000000, 0.000000, 0.000000, 0.998957, 0.045652, -0.000000, -0.045652, 0.998957),
      ["RightUpperArm"] = CFrame.new(0.090057, -0.823319, -0.469609, 0.836527, 0.484957, 0.255029, 0.354611, -0.124351, -0.926708, -0.417700, 0.865652, -0.275994),
      ["RightUpperLeg"] = CFrame.new(0.000743, -0.022611, -0.015173, 0.998516, -0.046732, -0.027967, 0.045223, 0.997605, -0.052342, 0.030346, 0.050999, 0.998238)
    }},
    { Time = 0.067, Data = {
      ["Balls"] = CFrame.new(-0.000001, -0.000002, 0.000000, 0.976321, 0.216326, 0.000000, -0.216326, 0.976321, -0.000000, -0.000000, 0.000000, 1.000000),
      ["Cock"] = CFrame.new(0.000000, 0.000000, 0.000000, 0.819674, 0.572830, 0.000000, -0.572830, 0.819674, -0.000000, -0.000000, 0.000000, 1.000000),
      ["Head"] = CFrame.new(0.000000, 0.000000, 0.000000, 1.000000, -0.000000, 0.000000, 0.000000, 0.975526, 0.219885, -0.000000, -0.219885, 0.975526),
      ["LeftUpperArm"] = CFrame.new(-0.000056, -0.000237, 0.011160, 0.995415, -0.000213, 0.095647, 0.004270, 0.999099, -0.042219, -0.095552, 0.042433, 0.994520),
      ["LeftUpperLeg"] = CFrame.new(-0.000503, -0.020214, -0.009706, 0.998994, 0.041359, 0.017339, -0.040427, 0.997879, -0.051018, -0.019413, 0.050266, 0.998547),
      ["LowerTorso"] = CFrame.new(0.000000, 0.001039, 0.801942, 1.000000, -0.000000, 0.000000, 0.000000, 0.998961, 0.045566, -0.000000, -0.045566, 0.998961),
      ["RightUpperArm"] = CFrame.new(0.089768, -0.823528, -0.469478, 0.837670, 0.483860, 0.253354, 0.352753, -0.125146, -0.927310, -0.416983, 0.866151, -0.275514),
      ["RightUpperLeg"] = CFrame.new(0.000743, -0.022612, -0.015171, 0.998516, -0.046729, -0.027971, 0.045225, 0.997614, -0.052169, 0.030342, 0.050827, 0.998246)
    }},
    { Time = 0.083, Data = {
      ["Balls"] = CFrame.new(-0.000001, -0.000002, 0.000000, 0.976058, 0.217513, 0.000000, -0.217513, 0.976058, -0.000000, -0.000000, 0.000000, 1.000000),
      ["Cock"] = CFrame.new(0.000000, 0.000000, 0.000000, 0.817438, 0.576016, 0.000000, -0.576016, 0.817438, -0.000000, -0.000000, 0.000000, 1.000000),
      ["Head"] = CFrame.new(0.000000, 0.000000, -0.000000, 1.000000, -0.000000, 0.000000, 0.000000, 0.975123, 0.221665, -0.000000, -0.221665, 0.975123),
      ["LeftUpperArm"] = CFrame.new(-0.000022, -0.000247, 0.011386, 0.995415, -0.000085, 0.095646, 0.004225, 0.999062, -0.043084, -0.095552, 0.043291, 0.994483),
      ["LeftUpperLeg"] = CFrame.new(-0.000503, -0.020215, -0.009704, 0.998994, 0.041357, 0.017345, -0.040430, 0.997892, -0.050760, -0.019407, 0.050007, 0.998560),
      ["LowerTorso"] = CFrame.new(0.000000, 0.001031, 0.801849, 1.000000, -0.000000, 0.000000, 0.000000, 0.998969, 0.045394, -0.000000, -0.045394, 0.998969),
      ["RightUpperArm"] = CFrame.new(0.089490, -0.823696, -0.469347, 0.838760, 0.482803, 0.251759, 0.350924, -0.125785, -0.927918, -0.416334, 0.866649, -0.274930),
      ["RightUpperLeg"] = CFrame.new(0.000742, -0.022613, -0.015168, 0.998516, -0.046725, -0.027977, 0.045229, 0.997627, -0.051911, 0.030336, 0.050568, 0.998260)
    }},
    { Time = 0.100, Data = {
      ["Balls"] = CFrame.new(-0.000001, -0.000002, 0.000000, 0.975773, 0.218784, 0.000000, -0.218784, 0.975773, -0.000000, -0.000000, 0.000000, 1.000000),
      ["Cock"] = CFrame.new(-0.000000, 0.000000, 0.000000, 0.815294, 0.579048, 0.000000, -0.579048, 0.815294, -0.000000, -0.000000, 0.000000, 1.000000),
      ["Head"] = CFrame.new(0.000000, -0.000000, 0.000000, 1.000000, -0.000000, 0.000000, 0.000000, 0.974717, 0.223443, -0.000000, -0.223443, 0.974717),
      ["LeftUpperArm"] = CFrame.new(-0.000012, -0.000257, 0.011612, 0.995415, -0.000044, 0.095646, 0.004266, 0.999025, -0.043946, -0.095550, 0.044153, 0.994445),
      ["LeftUpperLeg"] = CFrame.new(-0.000503, -0.020216, -0.009701, 0.998994, 0.041355, 0.017350, -0.040432, 0.997905, -0.050501, -0.019402, 0.049749, 0.998573),
      ["LowerTorso"] = CFrame.new(0.000000, 0.001023, 0.801773, 1.000000, -0.000000, 0.000000, 0.000000, 0.998977, 0.045221, -0.000000, -0.045221, 0.998977),
      ["RightUpperArm"] = CFrame.new(0.089188, -0.823903, -0.469209, 0.839903, 0.481653, 0.250146, 0.349114, -0.126570, -0.928493, -0.415550, 0.867174, -0.274459),
      ["RightUpperLeg"] = CFrame.new(0.000743, -0.022615, -0.015165, 0.998516, -0.046722, -0.027983, 0.045233, 0.997640, -0.051652, 0.030330, 0.050310, 0.998273)
    }},
    { Time = 0.117, Data = {
      ["Balls"] = CFrame.new(-0.000001, -0.000002, 0.000000, 0.975526, 0.219885, 0.000000, -0.219885, 0.975526, -0.000000, -0.000000, 0.000000, 1.000000),
      ["Cock"] = CFrame.new(0.000000, 0.000000, 0.000000, 0.813084, 0.582147, 0.000000, -0.582147, 0.813084, -0.000000, -0.000000, 0.000000, 1.000000),
      ["Head"] = CFrame.new(0.000000, -0.000000, 0.000000, 1.000000, -0.000000, 0.000000, 0.000000, 0.974327, 0.225136, -0.000000, -0.225136, 0.974327),
      ["LeftUpperArm"] = CFrame.new(0.000021, -0.000265, 0.011815, 0.995416, 0.000080, 0.095644, 0.004217, 0.998990, -0.044725, -0.095551, 0.044924, 0.994410),
      ["LeftUpperLeg"] = CFrame.new(-0.000503, -0.020218, -0.009698, 0.998994, 0.041352, 0.017357, -0.040436, 0.997922, -0.050156, -0.019395, 0.049404, 0.998591),
      ["LowerTorso"] = CFrame.new(0.000000, 0.001011, 0.801628, 1.000000, -0.000000, 0.000000, 0.000000, 0.998989, 0.044962, -0.000000, -0.044962, 0.998989),
      ["RightUpperArm"] = CFrame.new(0.088913, -0.824096, -0.469085, 0.840984, 0.480607, 0.248522, 0.347305, -0.127304, -0.929071, -0.414880, 0.867647, -0.273978),
      ["RightUpperLeg"] = CFrame.new(0.000743, -0.022618, -0.015161, 0.998516, -0.046717, -0.027991, 0.045239, 0.997658, -0.051307, 0.030322, 0.049965, 0.998291)
    }},
    { Time = 0.133, Data = {
      ["Balls"] = CFrame.new(-0.000001, -0.000002, 0.000000, 0.975258, 0.221072, 0.000000, -0.221072, 0.975258, -0.000000, -0.000000, 0.000000, 1.000000),
      ["Cock"] = CFrame.new(0.000000, 0.000000, 0.000000, 0.810966, 0.585093, 0.000000, -0.585093, 0.810966, -0.000000, -0.000000, 0.000000, 1.000000),
      ["Head"] = CFrame.new(0.000000, 0.000000, 0.000000, 1.000000, -0.000000, 0.000000, 0.000000, 0.973935, 0.226829, -0.000000, -0.226829, 0.973935),
      ["LeftUpperArm"] = CFrame.new(0.000031, -0.000275, 0.012019, 0.995416, 0.000117, 0.095644, 0.004255, 0.998955, -0.045501, -0.095549, 0.045699, 0.994375),
      ["LeftUpperLeg"] = CFrame.new(-0.000503, -0.020220, -0.009693, 0.998994, 0.041348, 0.017366, -0.040440, 0.997944, -0.049725, -0.019387, 0.048973, 0.998612),
      ["LowerTorso"] = CFrame.new(0.000000, 0.001000, 0.801500, 1.000000, -0.000000, 0.000000, 0.000000, 0.999000, 0.044704, -0.000000, -0.044704, 0.999000),
      ["RightUpperArm"] = CFrame.new(0.088624, -0.824288, -0.468954, 0.842069, 0.479509, 0.246962, 0.345547, -0.128033, -0.929626, -0.414145, 0.868147, -0.273506),
      ["RightUpperLeg"] = CFrame.new(0.000743, -0.022622, -0.015156, 0.998516, -0.046711, -0.028001, 0.045245, 0.997680, -0.050876, 0.030313, 0.049534, 0.998312)
    }},
    { Time = 0.150, Data = {
      ["Balls"] = CFrame.new(-0.000001, -0.000002, 0.000000, 0.975007, 0.222173, 0.000000, -0.222173, 0.975007, -0.000000, -0.000000, 0.000000, 1.000000),
      ["Cock"] = CFrame.new(-0.000000, 0.000000, 0.000000, 0.808891, 0.587959, 0.000000, -0.587959, 0.808891, -0.000000, -0.000000, 0.000000, 1.000000),
      ["Head"] = CFrame.new(0.000000, 0.000000, 0.000000, 1.000000, -0.000000, 0.000000, 0.000000, 0.973539, 0.228521, -0.000000, -0.228521, 0.973539),
      ["LeftUpperArm"] = CFrame.new(0.000063, -0.000284, 0.012222, 0.995416, 0.000240, 0.095642, 0.004206, 0.998920, -0.046280, -0.095549, 0.046470, 0.994339),
      ["LeftUpperLeg"] = CFrame.new(-0.000503, -0.020222, -0.009689, 0.998994, 0.041344, 0.017375, -0.040444, 0.997965, -0.049294, -0.019378, 0.048541, 0.998633),
      ["LowerTorso"] = CFrame.new(0.000000, 0.000984, 0.801302, 1.000000, -0.000000, 0.000000, 0.000000, 0.999016, 0.044359, -0.000000, -0.044359, 0.999016),
      ["RightUpperArm"] = CFrame.new(0.088350, -0.824466, -0.468828, 0.843103, 0.478466, 0.245454, 0.343844, -0.128710, -0.930164, -0.413460, 0.868622, -0.273033),
      ["RightUpperLeg"] = CFrame.new(0.000743, -0.022625, -0.015151, 0.998516, -0.046705, -0.028011, 0.045252, 0.997701, -0.050445, 0.030303, 0.049103, 0.998334)
    }},
    { Time = 0.167, Data = {
      ["Balls"] = CFrame.new(-0.000001, -0.000002, 0.000000, 0.974756, 0.223274, 0.000000, -0.223274, 0.974756, -0.000000, -0.000000, 0.000000, 1.000000),
      ["Cock"] = CFrame.new(0.000000, 0.000000, 0.000000, 0.806857, 0.590746, 0.000000, -0.590746, 0.806857, -0.000000, -0.000000, 0.000000, 1.000000),
      ["Head"] = CFrame.new(0.000000, -0.000000, 0.000000, 1.000000, -0.000000, 0.000000, 0.000000, 0.973160, 0.230128, -0.000000, -0.230128, 0.973160),
      ["LeftUpperArm"] = CFrame.new(0.000073, -0.000294, 0.012426, 0.995416, 0.000278, 0.095642, 0.004243, 0.998883, -0.047056, -0.095548, 0.047246, 0.994303),
      ["LeftUpperLeg"] = CFrame.new(-0.000503, -0.020224, -0.009684, 0.998994, 0.041340, 0.017386, -0.040449, 0.997990, -0.048776, -0.019367, 0.048024, 0.998658),
      ["LowerTorso"] = CFrame.new(0.000000, 0.000969, 0.801120, 1.000000, -0.000000, 0.000000, 0.000000, 0.999031, 0.044014, -0.000000, -0.044014, 0.999031),
      ["RightUpperArm"] = CFrame.new(0.088090, -0.824630, -0.468709, 0.844085, 0.477477, 0.243999, 0.342194, -0.129336, -0.930685, -0.412823, 0.869073, -0.272560),
      ["RightUpperLeg"] = CFrame.new(0.000743, -0.022629, -0.015145, 0.998516, -0.046698, -0.028023, 0.045260, 0.997727, -0.049928, 0.030291, 0.048585, 0.998360)
    }},
    { Time = 0.183, Data = {
      ["Balls"] = CFrame.new(-0.000001, -0.000002, 0.000000, 0.974503, 0.224374, 0.000000, -0.224374, 0.974503, -0.000000, -0.000000, 0.000000, 1.000000),
      ["Cock"] = CFrame.new(0.000000, 0.000000, 0.000000, 0.804813, 0.593528, 0.000000, -0.593528, 0.804813, -0.000000, -0.000000, 0.000000, 1.000000),
      ["Head"] = CFrame.new(0.000000, -0.000000, 0.000000, 1.000000, -0.000000, 0.000000, 0.000000, 0.972799, 0.231651, -0.000000, -0.231651, 0.972799),
      ["LeftUpperArm"] = CFrame.new(0.000082, -0.000302, 0.012607, 0.995416, 0.000311, 0.095641, 0.004276, 0.998850, -0.047745, -0.095546, 0.047935, 0.994270),
      ["LeftUpperLeg"] = CFrame.new(-0.000503, -0.020227, -0.009678, 0.998994, 0.041335, 0.017397, -0.040454, 0.998015, -0.048259, -0.019357, 0.047507, 0.998683),
      ["LowerTorso"] = CFrame.new(0.000000, 0.000954, 0.800953, 1.000000, -0.000000, 0.000000, 0.000000, 0.999046, 0.043669, -0.000000, -0.043669, 0.999046),
      ["RightUpperArm"] = CFrame.new(0.087829, -0.824794, -0.468591, 0.845064, 0.476487, 0.242543, 0.340543, -0.129958, -0.931204, -0.412186, 0.869523, -0.272087),
      ["RightUpperLeg"] = CFrame.new(0.000743, -0.022633, -0.015140, 0.998516, -0.046690, -0.028035, 0.045267, 0.997752, -0.049411, 0.030279, 0.048068, 0.998385)
    }},
    { Time = 0.200, Data = {
      ["Balls"] = CFrame.new(-0.000001, -0.000002, 0.000000, 0.974269, 0.225390, 0.000000, -0.225390, 0.974269, -0.000000, -0.000000, 0.000000, 1.000000),
      ["Cock"] = CFrame.new(0.000000, 0.000000, 0.000000, 0.802921, 0.596085, 0.000000, -0.596085, 0.802921, -0.000000, -0.000000, 0.000000, 1.000000),
      ["Head"] = CFrame.new(0.000000, -0.000000, -0.000000, 1.000000, -0.000000, 0.000000, 0.000000, 0.972435, 0.233172, -0.000000, -0.233172, 0.972435),
      ["LeftUpperArm"] = CFrame.new(0.000113, -0.000311, 0.012787, 0.995416, 0.000430, 0.095639, 0.004223, 0.998817, -0.048438, -0.095547, 0.048620, 0.994237),
      ["LeftUpperLeg"] = CFrame.new(-0.000504, -0.020229, -0.009715, 0.998992, 0.041332, 0.017495, -0.040458, 0.998044, -0.047657, -0.019431, 0.046901, 0.998711),
      ["LowerTorso"] = CFrame.new(0.000000, 0.000935, 0.800715, 1.000000, -0.000000, 0.000000, 0.000000, 0.999065, 0.043237, -0.000000, -0.043237, 0.999065),
      ["RightUpperArm"] = CFrame.new(0.087583, -0.824944, -0.468479, 0.845991, 0.475552, 0.241141, 0.338947, -0.130529, -0.931707, -0.411599, 0.869950, -0.271614),
      ["RightUpperLeg"] = CFrame.new(0.000744, -0.022636, -0.015176, 0.998513, -0.046684, -0.028136, 0.045274, 0.997782, -0.048809, 0.030352, 0.047463, 0.998412)
    }},
    { Time = 0.217, Data = {
      ["Balls"] = CFrame.new(-0.000001, -0.000002, 0.000000, 0.974033, 0.226406, 0.000000, -0.226406, 0.974033, -0.000000, -0.000000, 0.000000, 1.000000),
      ["Cock"] = CFrame.new(0.000000, -0.000000, 0.000000, 0.801020, 0.598638, 0.000000, -0.598638, 0.801020, -0.000000, -0.000000, 0.000000, 1.000000),
      ["Head"] = CFrame.new(0.000000, 0.000000, -0.000000, 1.000000, -0.000000, 0.000000, 0.000000, 0.972090, 0.234609, -0.000000, -0.234609, 0.972090),
      ["LeftUpperArm"] = CFrame.new(0.000122, -0.000320, 0.012968, 0.995416, 0.000463, 0.095639, 0.004256, 0.998783, -0.049127, -0.095545, 0.049309, 0.994203),
      ["LeftUpperLeg"] = CFrame.new(-0.000504, -0.020232, -0.009709, 0.998992, 0.041327, 0.017508, -0.040464, 0.998072, -0.047054, -0.019419, 0.046298, 0.998739),
      ["LowerTorso"] = CFrame.new(0.000000, 0.000917, 0.800491, 1.000000, -0.000000, 0.000000, 0.000000, 0.999083, 0.042806, -0.000000, -0.042806, 0.999083),
      ["RightUpperArm"] = CFrame.new(0.087342, -0.825109, -0.468372, 0.846879, 0.474636, 0.239828, 0.337482, -0.131155, -0.932150, -0.410977, 0.870356, -0.271253),
      ["RightUpperLeg"] = CFrame.new(0.000744, -0.022641, -0.015169, 0.998513, -0.046675, -0.028150, 0.045284, 0.997810, -0.048205, 0.030338, 0.046859, 0.998441)
    }},
    { Time = 0.233, Data = {
      ["Balls"] = CFrame.new(-0.000001, -0.000002, 0.000000, 0.973816, 0.227337, 0.000000, -0.227337, 0.973816, -0.000000, -0.000000, 0.000000, 1.000000),
      ["Cock"] = CFrame.new(0.000000, 0.000000, 0.000000, 0.799219, 0.601041, 0.000000, -0.601041, 0.799219, -0.000000, -0.000000, 0.000000, 1.000000),
      ["Head"] = CFrame.new(0.000000, -0.000000, 0.000000, 1.000000, -0.000000, 0.000000, 0.000000, 0.971742, 0.236045, -0.000000, -0.236045, 0.971742),
      ["LeftUpperArm"] = CFrame.new(0.000130, -0.000329, 0.013150, 0.995416, 0.000496, 0.095639, 0.004289, 0.998749, -0.049817, -0.095544, 0.049998, 0.994169),
      ["LeftUpperLeg"] = CFrame.new(-0.000504, -0.020235, -0.009702, 0.998992, 0.041320, 0.017522, -0.040471, 0.998104, -0.046364, -0.019405, 0.045608, 0.998771),
      ["LowerTorso"] = CFrame.new(0.000000, 0.000895, 0.800195, 1.000000, -0.000000, 0.000000, 0.000000, 0.999105, 0.042288, -0.000000, -0.042288, 0.999105),
      ["RightUpperArm"] = CFrame.new(0.087114, -0.825272, -0.468272, 0.847753, 0.473769, 0.238451, 0.335963, -0.131777, -0.932611, -0.410420, 0.870734, -0.270883),
      ["RightUpperLeg"] = CFrame.new(0.000744, -0.022646, -0.015161, 0.998513, -0.046666, -0.028166, 0.045294, 0.997843, -0.047516, 0.030323, 0.046169, 0.998473)
    }},
    { Time = 0.250, Data = {
      ["Balls"] = CFrame.new(-0.000001, -0.000002, 0.000000, 0.973598, 0.228267, 0.000000, -0.228267, 0.973598, -0.000000, -0.000000, 0.000000, 1.000000),
      ["Cock"] = CFrame.new(-0.000000, 0.000000, 0.000000, 0.797519, 0.603294, 0.000000, -0.603294, 0.797519, -0.000000, -0.000000, 0.000000, 1.000000),
      ["Head"] = CFrame.new(0.000000, 0.000000, 0.000000, 1.000000, -0.000000, 0.000000, 0.000000, 0.971433, 0.237312, -0.000000, -0.237312, 0.971433),
      ["LeftUpperArm"] = CFrame.new(0.000161, -0.000337, 0.013307, 0.995416, 0.000611, 0.095637, 0.004231, 0.998719, -0.050424, -0.095545, 0.050597, 0.994138),
      ["LeftUpperLeg"] = CFrame.new(-0.000504, -0.020239, -0.009695, 0.998992, 0.041314, 0.017536, -0.040477, 0.998136, -0.045674, -0.019391, 0.044918, 0.998802),
      ["LowerTorso"] = CFrame.new(0.000000, 0.000876, 0.799998, 1.000000, -0.000000, 0.000000, 0.000000, 0.999124, 0.041857, -0.000000, -0.041857, 0.999124),
      ["RightUpperArm"] = CFrame.new(0.086902, -0.825411, -0.468179, 0.848541, 0.472963, 0.237244, 0.334608, -0.132303, -0.933024, -0.409898, 0.871092, -0.270522),
      ["RightUpperLeg"] = CFrame.new(0.000744, -0.022651, -0.015153, 0.998513, -0.046656, -0.028182, 0.045305, 0.997875, -0.046826, 0.030307, 0.045480, 0.998505)
    }},
    { Time = 0.267, Data = {
      ["Balls"] = CFrame.new(-0.000001, -0.000002, 0.000000, 0.973400, 0.229113, 0.000000, -0.229113, 0.973400, -0.000000, -0.000000, 0.000000, 1.000000),
      ["Cock"] = CFrame.new(-0.000000, 0.000000, 0.000000, 0.795868, 0.605470, 0.000000, -0.605470, 0.795868, -0.000000, -0.000000, 0.000000, 1.000000),
      ["Head"] = CFrame.new(0.000000, 0.000000, 0.000000, 1.000000, -0.000000, 0.000000, 0.000000, 0.971123, 0.238579, -0.000000, -0.238579, 0.971123),
      ["LeftUpperArm"] = CFrame.new(0.000168, -0.000345, 0.013466, 0.995416, 0.000640, 0.095636, 0.004260, 0.998688, -0.051027, -0.095544, 0.051200, 0.994108),
      ["LeftUpperLeg"] = CFrame.new(-0.000504, -0.020242, -0.009687, 0.998992, 0.041308, 0.017552, -0.040485, 0.998171, -0.044898, -0.019375, 0.044142, 0.998837),
      ["LowerTorso"] = CFrame.new(0.000000, 0.000855, 0.799728, 1.000000, -0.000000, 0.000000, 0.000000, 0.999145, 0.041339, -0.000000, -0.041339, 0.999145),
      ["RightUpperArm"] = CFrame.new(0.086677, -0.825548, -0.468077, 0.849336, 0.472106, 0.236102, 0.333307, -0.132827, -0.933415, -0.409311, 0.871477, -0.270171),
      ["RightUpperLeg"] = CFrame.new(0.000742, -0.022614, -0.015144, 0.998517, -0.046559, -0.028202, 0.045230, 0.997915, -0.046049, 0.030287, 0.044705, 0.998541)
    }},
    { Time = 0.283, Data = {
      ["Balls"] = CFrame.new(-0.000001, -0.000002, 0.000000, 0.973220, 0.229875, 0.000000, -0.229875, 0.973220, -0.000000, -0.000000, 0.000000, 1.000000),
      ["Cock"] = CFrame.new(0.000000, 0.000000, 0.000000, 0.794265, 0.607571, 0.000000, -0.607571, 0.794265, -0.000000, -0.000000, 0.000000, 1.000000),
      ["Head"] = CFrame.new(0.000000, 0.000000, -0.000000, 1.000000, -0.000000, 0.000000, 0.000000, 0.970832, 0.239761, -0.000000, -0.239761, 0.970832),
      ["LeftUpperArm"] = CFrame.new(0.000175, -0.000352, 0.013602, 0.995416, 0.000665, 0.095636, 0.004285, 0.998662, -0.051544, -0.095542, 0.051717, 0.994081),
      ["LeftUpperLeg"] = CFrame.new(-0.000502, -0.020203, -0.009679, 0.998996, 0.041215, 0.017570, -0.040406, 0.998209, -0.044121, -0.019357, 0.043367, 0.998872),
      ["LowerTorso"] = CFrame.new(0.000000, 0.000830, 0.799384, 1.000000, -0.000000, 0.000000, 0.000000, 0.999170, 0.040736, -0.000000, -0.040736, 0.999170),
      ["RightUpperArm"] = CFrame.new(0.086494, -0.825661, -0.467996, 0.850026, 0.471412, 0.235002, 0.332063, -0.133255, -0.933797, -0.408888, 0.871788, -0.269809),
      ["RightUpperLeg"] = CFrame.new(0.000743, -0.022619, -0.015178, 0.998515, -0.046550, -0.028307, 0.045240, 0.997950, -0.045275, 0.030356, 0.043927, 0.998573)
    }},
    { Time = 0.300, Data = {
      ["Balls"] = CFrame.new(-0.000001, -0.000001, 0.000000, 0.973040, 0.230636, 0.000000, -0.230636, 0.973040, -0.000000, -0.000000, 0.000000, 1.000000),
      ["Cock"] = CFrame.new(0.000000, 0.000000, 0.000000, 0.792823, 0.609452, 0.000000, -0.609452, 0.792823, -0.000000, -0.000000, 0.000000, 1.000000),
      ["Head"] = CFrame.new(0.000000, -0.000000, 0.000000, 1.000000, -0.000000, 0.000000, 0.000000, 0.970560, 0.240859, -0.000000, -0.240859, 0.970560),
      ["LeftUpperArm"] = CFrame.new(0.000204, -0.000359, 0.013736, 0.995416, 0.000776, 0.095634, 0.004224, 0.998635, -0.052064, -0.095544, 0.052230, 0.994054),
      ["LeftUpperLeg"] = CFrame.new(-0.000503, -0.020206, -0.009713, 0.998994, 0.041209, 0.017674, -0.040413, 0.998246, -0.043260, -0.019426, 0.042502, 0.998908),
      ["LowerTorso"] = CFrame.new(0.000000, 0.000809, 0.799137, 1.000000, -0.000000, 0.000000, 0.000000, 0.999191, 0.040218, -0.000000, -0.040218, 0.999191),
      ["RightUpperArm"] = CFrame.new(0.086298, -0.825773, -0.467907, 0.850725, 0.470667, 0.233967, 0.330873, -0.133682, -0.934159, -0.408400, 0.872125, -0.269458),
      ["RightUpperLeg"] = CFrame.new(0.000743, -0.022625, -0.015169, 0.998515, -0.046539, -0.028325, 0.045252, 0.997984, -0.044499, 0.030338, 0.043151, 0.998608)
    }},
    { Time = 0.317, Data = {
      ["Balls"] = CFrame.new(-0.000000, -0.000001, 0.000000, 0.972859, 0.231397, 0.000000, -0.231397, 0.972859, -0.000000, -0.000000, 0.000000, 1.000000),
      ["Cock"] = CFrame.new(0.000000, 0.000000, 0.000000, 0.791432, 0.611258, 0.000000, -0.611258, 0.791432, -0.000000, -0.000000, 0.000000, 1.000000),
      ["Head"] = CFrame.new(0.000000, -0.000000, 0.000000, 1.000000, -0.000000, 0.000000, 0.000000, 0.970287, 0.241956, -0.000000, -0.241956, 0.970287),
      ["LeftUpperArm"] = CFrame.new(0.000211, -0.000366, 0.013872, 0.995416, 0.000801, 0.095634, 0.004248, 0.998608, -0.052581, -0.095542, 0.052747, 0.994027),
      ["LeftUpperLeg"] = CFrame.new(-0.000503, -0.020210, -0.009705, 0.998994, 0.041202, 0.017690, -0.040420, 0.998279, -0.042484, -0.019410, 0.041726, 0.998941),
      ["LowerTorso"] = CFrame.new(0.000000, 0.000785, 0.798814, 1.000000, -0.000000, 0.000000, 0.000000, 0.999215, 0.039614, -0.000000, -0.039614, 0.999215),
      ["RightUpperArm"] = CFrame.new(0.086121, -0.825900, -0.467831, 0.851375, 0.469991, 0.232957, 0.329762, -0.134165, -0.934482, -0.407944, 0.872415, -0.269210),
      ["RightUpperLeg"] = CFrame.new(0.000743, -0.022631, -0.015159, 0.998515, -0.046526, -0.028345, 0.045265, 0.998022, -0.043636, 0.030319, 0.042289, 0.998645)
    }},
    { Time = 0.333, Data = {
      ["Balls"] = CFrame.new(-0.000000, -0.000001, 0.000000, 0.972718, 0.231989, 0.000000, -0.231989, 0.972718, -0.000000, -0.000000, 0.000000, 1.000000),
      ["Cock"] = CFrame.new(0.000000, 0.000000, 0.000000, 0.790203, 0.612845, 0.000000, -0.612845, 0.790203, -0.000000, -0.000000, 0.000000, 1.000000),
      ["Head"] = CFrame.new(0.000000, -0.000000, -0.000000, 1.000000, -0.000000, 0.000000, 0.000000, 0.970055, 0.242884, -0.000000, -0.242884, 0.970055),
      ["LeftUpperArm"] = CFrame.new(0.000216, -0.000372, 0.013986, 0.995416, 0.000821, 0.095633, 0.004269, 0.998585, -0.053012, -0.095542, 0.053177, 0.994004),
      ["LeftUpperLeg"] = CFrame.new(-0.000503, -0.020215, -0.009696, 0.998994, 0.041193, 0.017710, -0.040429, 0.998319, -0.041535, -0.019391, 0.040778, 0.998980),
      ["LowerTorso"] = CFrame.new(0.000000, 0.000758, 0.798415, 1.000000, -0.000000, 0.000000, 0.000000, 0.999242, 0.038924, -0.000000, -0.038924, 0.999242),
      ["RightUpperArm"] = CFrame.new(0.085973, -0.826003, -0.467767, 0.851932, 0.469428, 0.232055, 0.328763, -0.134554, -0.934778, -0.407587, 0.872658, -0.268962),
      ["RightUpperLeg"] = CFrame.new(0.000743, -0.022638, -0.015150, 0.998515, -0.046514, -0.028365, 0.045278, 0.998058, -0.042774, 0.030299, 0.041426, 0.998682)
    }},
    { Time = 0.350, Data = {
      ["Balls"] = CFrame.new(-0.000000, -0.000001, 0.000000, 0.972557, 0.232665, 0.000000, -0.232665, 0.972557, -0.000000, -0.000000, 0.000000, 1.000000),
      ["Cock"] = CFrame.new(0.000000, 0.000000, 0.000000, 0.789027, 0.614358, 0.000000, -0.614358, 0.789027, -0.000000, -0.000000, 0.000000, 1.000000),
      ["Head"] = CFrame.new(0.000000, -0.000000, 0.000000, 1.000000, -0.000000, 0.000000, 0.000000, 0.969844, 0.243728, -0.000000, -0.243728, 0.969844),
      ["LeftUpperArm"] = CFrame.new(0.000221, -0.000378, 0.014099, 0.995416, 0.000842, 0.095633, 0.004290, 0.998562, -0.053443, -0.095541, 0.053608, 0.993981),
      ["LeftUpperLeg"] = CFrame.new(-0.000503, -0.020219, -0.009687, 0.998994, 0.041186, 0.017728, -0.040438, 0.998354, -0.040673, -0.019374, 0.039915, 0.999015),
      ["LowerTorso"] = CFrame.new(0.000000, 0.000734, 0.798110, 1.000000, -0.000000, 0.000000, 0.000000, 0.999265, 0.038320, -0.000000, -0.038320, 0.999265),
      ["RightUpperArm"] = CFrame.new(0.085826, -0.826093, -0.467702, 0.852451, 0.468872, 0.231271, 0.327874, -0.134896, -0.935041, -0.407216, 0.872905, -0.268724),
      ["RightUpperLeg"] = CFrame.new(0.000743, -0.022645, -0.015139, 0.998515, -0.046501, -0.028387, 0.045292, 0.998098, -0.041825, 0.030278, 0.040478, 0.998722)
    }},
    { Time = 0.367, Data = {
      ["Balls"] = CFrame.new(-0.000000, -0.000001, 0.000000, 0.972435, 0.233172, 0.000000, -0.233172, 0.972435, -0.000000, -0.000000, 0.000000, 1.000000),
      ["Cock"] = CFrame.new(0.000000, 0.000000, 0.000000, 0.788017, 0.615654, 0.000000, -0.615654, 0.788017, -0.000000, -0.000000, 0.000000, 1.000000),
      ["Head"] = CFrame.new(0.000000, 0.000000, 0.000000, 1.000000, -0.000000, 0.000000, 0.000000, 0.969631, 0.244571, -0.000000, -0.244571, 0.969631),
      ["LeftUpperArm"] = CFrame.new(0.000248, -0.000383, 0.014188, 0.995416, 0.000945, 0.095631, 0.004220, 0.998543, -0.053791, -0.095542, 0.053948, 0.993962),
      ["LeftUpperLeg"] = CFrame.new(-0.000503, -0.020224, -0.009677, 0.998994, 0.041177, 0.017747, -0.040447, 0.998392, -0.039724, -0.019355, 0.038966, 0.999053),
      ["LowerTorso"] = CFrame.new(0.000000, 0.000712, 0.797814, 1.000000, -0.000000, 0.000000, 0.000000, 0.999288, 0.037716, -0.000000, -0.037716, 0.999288),
      ["RightUpperArm"] = CFrame.new(0.085695, -0.826170, -0.467643, 0.852924, 0.468371, 0.230540, 0.327042, -0.135192, -0.935290, -0.406896, 0.873128, -0.268485),
      ["RightUpperLeg"] = CFrame.new(0.000744, -0.022652, -0.015171, 0.998512, -0.046489, -0.028495, 0.045305, 0.998136, -0.040879, 0.030343, 0.039527, 0.998758)
    }},
    { Time = 0.383, Data = {
      ["Balls"] = CFrame.new(-0.000000, -0.000001, 0.000000, 0.972314, 0.233679, 0.000000, -0.233679, 0.972314, -0.000000, -0.000000, 0.000000, 1.000000),
      ["Cock"] = CFrame.new(0.000000, 0.000000, 0.000000, 0.787060, 0.616876, 0.000000, -0.616876, 0.787060, -0.000000, -0.000000, 0.000000, 1.000000),
      ["Head"] = CFrame.new(0.000000, -0.000000, 0.000000, 1.000000, -0.000000, 0.000000, 0.000000, 0.969461, 0.245246, -0.000000, -0.245246, 0.969461),
      ["LeftUpperArm"] = CFrame.new(0.000253, -0.000388, 0.014279, 0.995416, 0.000961, 0.095631, 0.004237, 0.998525, -0.054136, -0.095542, 0.054293, 0.993944),
      ["LeftUpperLeg"] = CFrame.new(-0.000504, -0.020227, -0.009711, 0.998993, 0.041171, 0.017853, -0.040454, 0.998429, -0.038777, -0.019422, 0.038016, 0.999088),
      ["LowerTorso"] = CFrame.new(0.000000, 0.000686, 0.797439, 1.000000, -0.000000, 0.000000, 0.000000, 0.999314, 0.037026, -0.000000, -0.037026, 0.999314),
      ["RightUpperArm"] = CFrame.new(0.085578, -0.826236, -0.467591, 0.853350, 0.467927, 0.229863, 0.326266, -0.135441, -0.935525, -0.406625, 0.873327, -0.268247),
      ["RightUpperLeg"] = CFrame.new(0.000742, -0.022616, -0.015160, 0.998516, -0.046389, -0.028519, 0.045233, 0.998178, -0.039929, 0.030319, 0.038580, 0.998795)
    }},
    { Time = 0.400, Data = {
      ["Balls"] = CFrame.new(-0.000000, -0.000001, 0.000000, 0.972232, 0.234017, 0.000000, -0.234017, 0.972232, -0.000000, -0.000000, 0.000000, 1.000000),
      ["Cock"] = CFrame.new(0.000000, 0.000000, 0.000000, 0.786214, 0.617954, 0.000000, -0.617954, 0.786214, -0.000000, -0.000000, 0.000000, 1.000000),
      ["Head"] = CFrame.new(0.000000, -0.000000, 0.000000, 1.000000, -0.000000, 0.000000, 0.000000, 0.969311, 0.245836, -0.000000, -0.245836, 0.969311),
      ["LeftUpperArm"] = CFrame.new(0.000256, -0.000392, 0.014347, 0.995416, 0.000974, 0.095630, 0.004249, 0.998510, -0.054394, -0.095541, 0.054551, 0.993930),
      ["LeftUpperLeg"] = CFrame.new(-0.000504, -0.020232, -0.009701, 0.998993, 0.041162, 0.017873, -0.040464, 0.998465, -0.037828, -0.019402, 0.037067, 0.999124),
      ["LowerTorso"] = CFrame.new(0.000000, 0.000660, 0.797070, 1.000000, -0.000000, 0.000000, 0.000000, 0.999340, 0.036336, -0.000000, -0.036336, 0.999340),
      ["RightUpperArm"] = CFrame.new(0.085466, -0.826316, -0.467543, 0.853740, 0.467503, 0.229278, 0.325624, -0.135747, -0.935704, -0.406321, 0.873507, -0.268123),
      ["RightUpperLeg"] = CFrame.new(0.000742, -0.022623, -0.015149, 0.998516, -0.046376, -0.028541, 0.045247, 0.998215, -0.038980, 0.030298, 0.037631, 0.998832)
    }},
    { Time = 0.417, Data = {
      ["Balls"] = CFrame.new(-0.000000, -0.000001, 0.000000, 0.972131, 0.234440, 0.000000, -0.234440, 0.972131, -0.000000, -0.000000, 0.000000, 1.000000),
      ["Cock"] = CFrame.new(-0.000000, 0.000000, 0.000000, 0.785537, 0.618815, 0.000000, -0.618815, 0.785537, -0.000000, -0.000000, 0.000000, 1.000000),
      ["Head"] = CFrame.new(0.000000, 0.000000, -0.000000, 1.000000, -0.000000, 0.000000, 0.000000, 0.969183, 0.246342, -0.000000, -0.246342, 0.969183),
      ["LeftUpperArm"] = CFrame.new(0.000259, -0.000396, 0.014415, 0.995416, 0.000986, 0.095630, 0.004261, 0.998496, -0.054653, -0.095540, 0.054810, 0.993915),
      ["LeftUpperLeg"] = CFrame.new(-0.000504, -0.020237, -0.009691, 0.998993, 0.041153, 0.017894, -0.040474, 0.998503, -0.036793, -0.019381, 0.036032, 0.999163),
      ["LowerTorso"] = CFrame.new(0.000000, 0.000636, 0.796707, 1.000000, -0.000000, 0.000000, 0.000000, 0.999364, 0.035645, -0.000000, -0.035645, 0.999364),
      ["RightUpperArm"] = CFrame.new(0.085384, -0.826373, -0.467509, 0.854039, 0.467192, 0.228799, 0.325095, -0.135962, -0.935857, -0.406117, 0.873639, -0.267999),
      ["RightUpperLeg"] = CFrame.new(0.000742, -0.022630, -0.015138, 0.998516, -0.046362, -0.028563, 0.045262, 0.998251, -0.038032, 0.030276, 0.036682, 0.998868)
    }},
    { Time = 0.433, Data = {
      ["Balls"] = CFrame.new(-0.000000, -0.000001, 0.000000, 0.972069, 0.234694, 0.000000, -0.234694, 0.972069, -0.000000, -0.000000, 0.000000, 1.000000),
      ["Cock"] = CFrame.new(0.000000, 0.000000, 0.000000, 0.784971, 0.619533, 0.000000, -0.619533, 0.784971, -0.000000, -0.000000, 0.000000, 1.000000),
      ["Head"] = CFrame.new(0.000000, 0.000000, -0.000000, 1.000000, -0.000000, 0.000000, 0.000000, 0.969076, 0.246764, -0.000000, -0.246764, 0.969076),
      ["LeftUpperArm"] = CFrame.new(0.000261, -0.000398, 0.014460, 0.995416, 0.000994, 0.095630, 0.004270, 0.998487, -0.054825, -0.095540, 0.054982, 0.993906),
      ["LeftUpperLeg"] = CFrame.new(-0.000504, -0.020242, -0.009681, 0.998993, 0.041144, 0.017914, -0.040483, 0.998537, -0.035844, -0.019362, 0.035083, 0.999197),
      ["LowerTorso"] = CFrame.new(0.000000, 0.000611, 0.796349, 1.000000, -0.000000, 0.000000, 0.000000, 0.999389, 0.034955, -0.000000, -0.034955, 0.999389),
      ["RightUpperArm"] = CFrame.new(0.085304, -0.826417, -0.467474, 0.854302, 0.466888, 0.228439, 0.324676, -0.136131, -0.935977, -0.405899, 0.873776, -0.267884),
      ["RightUpperLeg"] = CFrame.new(0.000744, -0.022637, -0.015170, 0.998514, -0.046349, -0.028673, 0.045276, 0.998289, -0.036999, 0.030339, 0.035645, 0.998904)
    }},
    { Time = 0.450, Data = {
      ["Balls"] = CFrame.new(-0.000000, -0.000001, 0.000000, 0.972008, 0.234947, 0.000000, -0.234947, 0.972008, -0.000000, -0.000000, 0.000000, 1.000000),
      ["Cock"] = CFrame.new(0.000000, 0.000000, 0.000000, 0.784518, 0.620106, 0.000000, -0.620106, 0.784518, -0.000000, -0.000000, 0.000000, 1.000000),
      ["Head"] = CFrame.new(0.000000, -0.000000, 0.000000, 1.000000, -0.000000, 0.000000, 0.000000, 0.968990, 0.247101, -0.000000, -0.247101, 0.968990),
      ["LeftUpperArm"] = CFrame.new(0.000264, -0.000400, 0.014505, 0.995416, 0.001003, 0.095630, 0.004278, 0.998477, -0.054997, -0.095540, 0.055154, 0.993896),
      ["LeftUpperLeg"] = CFrame.new(-0.000503, -0.020203, -0.009713, 0.998995, 0.041050, 0.018023, -0.040405, 0.998577, -0.034810, -0.019426, 0.034047, 0.999231),
      ["LowerTorso"] = CFrame.new(0.000000, 0.000587, 0.795994, 1.000000, -0.000000, 0.000000, 0.000000, 0.999413, 0.034265, -0.000000, -0.034265, 0.999413),
      ["RightUpperArm"] = CFrame.new(0.085268, -0.826438, -0.467456, 0.854463, 0.466748, 0.228122, 0.324318, -0.136209, -0.936090, -0.405846, 0.873839, -0.267760),
      ["RightUpperLeg"] = CFrame.new(0.000744, -0.022645, -0.015158, 0.998514, -0.046334, -0.028697, 0.045292, 0.998326, -0.035964, 0.030316, 0.034610, 0.998941)
    }},
    { Time = 0.467, Data = {
      ["Balls"] = CFrame.new(-0.000000, -0.000001, 0.000000, 0.971967, 0.235116, 0.000000, -0.235116, 0.971967, -0.000000, -0.000000, 0.000000, 1.000000),
      ["Cock"] = CFrame.new(0.000000, 0.000000, 0.000000, 0.784234, 0.620465, 0.000000, -0.620465, 0.784234, -0.000000, -0.000000, 0.000000, 1.000000),
      ["Head"] = CFrame.new(0.000000, 0.000000, 0.000000, 1.000000, -0.000000, 0.000000, 0.000000, 0.968925, 0.247354, -0.000000, -0.247354, 0.968925),
      ["LeftUpperArm"] = CFrame.new(0.000265, -0.000402, 0.014528, 0.995416, 0.001007, 0.095630, 0.004282, 0.998473, -0.055083, -0.095539, 0.055240, 0.993892),
      ["LeftUpperLeg"] = CFrame.new(-0.000503, -0.020208, -0.009703, 0.998995, 0.041041, 0.018044, -0.040415, 0.998612, -0.033775, -0.019405, 0.033012, 0.999267),
      ["LowerTorso"] = CFrame.new(0.000000, 0.000561, 0.795555, 1.000000, -0.000000, 0.000000, 0.000000, 0.999439, 0.033488, -0.000000, -0.033488, 0.999439),
      ["RightUpperArm"] = CFrame.new(0.085217, -0.826458, -0.467433, 0.854635, 0.466557, 0.227869, 0.324013, -0.136286, -0.936184, -0.405728, 0.873928, -0.267646),
      ["RightUpperLeg"] = CFrame.new(0.000744, -0.022653, -0.015146, 0.998514, -0.046319, -0.028721, 0.045307, 0.998362, -0.034929, 0.030292, 0.033575, 0.998977)
    }},
    { Time = 0.483, Data = {
      ["Balls"] = CFrame.new(-0.000000, -0.000001, 0.000000, 0.971947, 0.235201, 0.000000, -0.235201, 0.971947, -0.000000, -0.000000, 0.000000, 1.000000),
      ["Cock"] = CFrame.new(0.000000, 0.000000, 0.000000, 0.784007, 0.620752, 0.000000, -0.620752, 0.784007, -0.000000, -0.000000, 0.000000, 1.000000),
      ["Head"] = CFrame.new(0.000000, 0.000000, 0.000000, 1.000000, -0.000000, 0.000000, 0.000000, 0.968882, 0.247522, -0.000000, -0.247522, 0.968882),
      ["LeftUpperArm"] = CFrame.new(0.000266, -0.000403, 0.014551, 0.995416, 0.001011, 0.095630, 0.004286, 0.998468, -0.055169, -0.095539, 0.055326, 0.993887),
      ["LeftUpperLeg"] = CFrame.new(-0.000503, -0.020213, -0.009692, 0.998995, 0.041032, 0.018065, -0.040425, 0.998646, -0.032740, -0.019384, 0.031977, 0.999301),
      ["LowerTorso"] = CFrame.new(0.000000, 0.000538, 0.795205, 1.000000, -0.000000, 0.000000, 0.000000, 0.999462, 0.032798, -0.000000, -0.032798, 0.999462),
      ["RightUpperArm"] = CFrame.new(0.085188, -0.826482, -0.467420, 0.854725, 0.466443, 0.227762, 0.323899, -0.136377, -0.936211, -0.405628, 0.873975, -0.267646),
      ["RightUpperLeg"] = CFrame.new(0.000743, -0.022617, -0.015177, 0.998515, -0.046219, -0.028833, 0.045235, 0.998401, -0.033894, 0.030354, 0.032540, 0.999009)
    }},
    { Time = 0.500, Data = {
      ["Balls"] = CFrame.new(0.000000, 0.000000, 0.000000, 0.971947, 0.235201, 0.000000, -0.235201, 0.971947, -0.000000, -0.000000, 0.000000, 1.000000),
      ["Cock"] = CFrame.new(0.000000, 0.000000, 0.000000, 0.783951, 0.620823, 0.000000, -0.620823, 0.783951, -0.000000, -0.000000, 0.000000, 1.000000),
      ["Head"] = CFrame.new(0.000000, 0.000000, 0.000000, 1.000000, -0.000000, 0.000000, 0.000000, 0.968882, 0.247522, -0.000000, -0.247522, 0.968882),
      ["LeftUpperArm"] = CFrame.new(0.000267, -0.000404, 0.014573, 0.995416, 0.001015, 0.095630, 0.004290, 0.998463, -0.055255, -0.095539, 0.055412, 0.993882),
      ["LeftUpperLeg"] = CFrame.new(-0.000503, -0.020217, -0.009682, 0.998995, 0.041022, 0.018087, -0.040435, 0.998679, -0.031705, -0.019363, 0.030942, 0.999334),
