return {
  ["Astros taking it 7"] = {
    { Time = 0.000, Data = {
      ["Balls"] = CFrame.new(0.000000, -0.000001, 0.000000, 0.990246, -0.139328, 0.000000, 0.139328, 0.990246, 0.000000, 0.000000, 0.000000, 1.000000),
      ["Cock"] = CFrame.new(0.000000, 0.000000, 0.000000, 0.989634, -0.143612, 0.000000, 0.143612, 0.989634, 0.000000, 0.000000, 0.000000, 1.000000),
      ["Head"] = CFrame.new(0.000000, 0.009373, -0.018162, 1.000000, -0.000000, 0.000000, 0.000000, 0.993713, 0.111956, -0.000000, -0.111956, 0.993713),
      ["LeftUpperArm"] = CFrame.new(-0.039260, -0.245238, -0.055933, 0.960321, -0.149276, 0.235586, 0.130652, -0.505496, -0.852880, 0.246402, 0.849818, -0.465935),
      ["LeftUpperLeg"] = CFrame.new(-0.000292, 0.036142, -0.059262, 0.999419, 0.034080, 0.001040, -0.034096, 0.998949, 0.030627, 0.000005, -0.030645, 0.999530),
      ["LowerTorso"] = CFrame.new(0.000000, -1.495040, 0.112205, 1.000000, 0.000000, 0.000000, 0.000000, -0.005364, -0.999986, 0.000000, 0.999986, -0.005364),
      ["RightUpperArm"] = CFrame.new(0.039593, -0.151380, -0.051678, 0.975304, 0.150542, -0.161613, -0.072337, -0.473646, -0.877740, -0.208684, 0.867754, -0.451059),
      ["RightUpperLeg"] = CFrame.new(0.000141, 0.023282, -0.000190, 0.999718, -0.023737, 0.000000, 0.023737, 0.999718, 0.000000, 0.000000, 0.000000, 1.000000)
    }},
    { Time = 0.017, Data = {
      ["Balls"] = CFrame.new(0.000000, -0.000003, 0.000000, 0.990016, -0.140956, 0.000000, 0.140956, 0.990016, 0.000000, 0.000000, 0.000000, 1.000000),
      ["Cock"] = CFrame.new(0.000000, 0.000000, 0.000000, 0.989484, -0.144639, 0.000000, 0.144639, 0.989484, 0.000000, 0.000000, 0.000000, 1.000000),
      ["Head"] = CFrame.new(0.000000, 0.007720, -0.019945, 1.000000, -0.000000, 0.000000, 0.000000, 0.992884, 0.119085, -0.000000, -0.119085, 0.992884),
      ["LeftUpperArm"] = CFrame.new(-0.039649, -0.245282, -0.056029, 0.959586, -0.150759, 0.237628, 0.131696, -0.505665, -0.852619, 0.248700, 0.849456, -0.465374),
      ["LeftUpperLeg"] = CFrame.new(-0.000292, 0.036141, -0.059278, 0.999419, 0.034080, 0.001040, -0.034096, 0.998949, 0.030627, 0.000005, -0.030645, 0.999530),
      ["LowerTorso"] = CFrame.new(0.000000, -1.495040, 0.112205, 1.000000, 0.000000, 0.000000, 0.000000, -0.005364, -0.999986, 0.000000, 0.999986, -0.005364),
      ["RightUpperArm"] = CFrame.new(0.039905, -0.151380, -0.051733, 0.974795, 0.151729, -0.163564, -0.073538, -0.473646, -0.877640, -0.210635, 0.867547, -0.450550),
      ["RightUpperLeg"] = CFrame.new(0.000141, 0.023282, -0.000205, 0.999718, -0.023737, 0.000000, 0.023737, 0.999718, 0.000000, 0.000000, 0.000000, 1.000000)
    }},
    { Time = 0.033, Data = {
      ["Balls"] = CFrame.new(0.000000, -0.000002, 0.000000, 0.989783, -0.142584, 0.000000, 0.142584, 0.989783, 0.000000, 0.000000, 0.000000, 1.000000),
      ["Cock"] = CFrame.new(0.000000, 0.000000, 0.000000, 0.989321, -0.145752, 0.000000, 0.145752, 0.989321, 0.000000, 0.000000, 0.000000, 1.000000),
      ["Head"] = CFrame.new(0.000000, 0.006085, -0.021710, 1.000000, -0.000000, 0.000000, 0.000000, 0.992015, 0.126123, -0.000000, -0.126123, 0.992015),
      ["LeftUpperArm"] = CFrame.new(-0.040028, -0.245327, -0.056123, 0.958868, -0.152198, 0.239598, 0.132696, -0.505833, -0.852364, 0.250925, 0.849099, -0.464832),
      ["LeftUpperLeg"] = CFrame.new(-0.000292, 0.036140, -0.059326, 0.999419, 0.034080, 0.001037, -0.034096, 0.998954, 0.030455, 0.000002, -0.030473, 0.999536),
      ["LowerTorso"] = CFrame.new(0.000000, -1.495162, 0.112204, 1.000000, 0.000000, 0.000000, 0.000000, -0.005242, -0.999986, 0.000000, 0.999986, -0.005242),
      ["RightUpperArm"] = CFrame.new(0.040226, -0.151403, -0.051802, 0.974261, 0.152952, -0.165595, -0.074773, -0.473734, -0.877488, -0.212662, 0.867284, -0.450104),
      ["RightUpperLeg"] = CFrame.new(0.000141, 0.023283, -0.000253, 0.999718, -0.023737, 0.000002, 0.023737, 0.999718, -0.000173, 0.000002, 0.000173, 1.000000)
    }},
    { Time = 0.050, Data = {
      ["Balls"] = CFrame.new(0.000000, -0.000002, 0.000000, 0.989559, -0.144125, 0.000000, 0.144125, 0.989559, 0.000000, 0.000000, 0.000000, 1.000000),
      ["Cock"] = CFrame.new(0.000000, 0.000000, 0.000000, 0.989169, -0.146780, 0.000000, 0.146780, 0.989169, 0.000000, 0.000000, 0.000000, 1.000000),
      ["Head"] = CFrame.new(0.000000, 0.004486, -0.023435, 1.000000, -0.000000, 0.000000, 0.000000, 0.991118, 0.132985, -0.000000, -0.132985, 0.991118),
      ["LeftUpperArm"] = CFrame.new(-0.040376, -0.245371, -0.056212, 0.958171, -0.153521, 0.241537, 0.133726, -0.506003, -0.852102, 0.253034, 0.848759, -0.464308),
      ["LeftUpperLeg"] = CFrame.new(-0.000292, 0.036139, -0.059404, 0.999419, 0.034080, 0.001034, -0.034096, 0.998960, 0.030282, -0.000001, -0.030300, 0.999541),
      ["LowerTorso"] = CFrame.new(0.000000, -1.495284, 0.112204, 1.000000, 0.000000, 0.000000, 0.000000, -0.005121, -0.999987, 0.000000, 0.999987, -0.005121),
      ["RightUpperArm"] = CFrame.new(0.040537, -0.151426, -0.051869, 0.973740, 0.154131, -0.167552, -0.075964, -0.473823, -0.877338, -0.214615, 0.867027, -0.449672),
      ["RightUpperLeg"] = CFrame.new(0.000141, 0.023284, -0.000331, 0.999718, -0.023737, 0.000004, 0.023737, 0.999718, -0.000345, 0.000004, 0.000345, 1.000000)
    }},
    { Time = 0.067, Data = {
      ["Balls"] = CFrame.new(0.000000, -0.000002, 0.000000, 0.989334, -0.145667, 0.000000, 0.145667, 0.989334, 0.000000, 0.000000, 0.000000, 1.000000),
      ["Cock"] = CFrame.new(0.000000, 0.000000, 0.000000, 0.989029, -0.147722, 0.000000, 0.147722, 0.989029, 0.000000, 0.000000, 0.000000, 1.000000),
      ["Head"] = CFrame.new(0.000000, 0.002941, -0.025103, 1.000000, -0.000000, 0.000000, 0.000000, 0.990198, 0.139671, -0.000000, -0.139671, 0.990198),
      ["LeftUpperArm"] = CFrame.new(-0.040743, -0.245416, -0.056305, 0.957466, -0.154916, 0.243432, 0.134682, -0.506172, -0.851852, 0.255184, 0.848405, -0.463778),
      ["LeftUpperLeg"] = CFrame.new(-0.000292, 0.036137, -0.059513, 0.999419, 0.034081, 0.001030, -0.034096, 0.998967, 0.030023, -0.000006, -0.030041, 0.999549),
      ["LowerTorso"] = CFrame.new(0.000000, -1.495406, 0.112203, 1.000000, 0.000000, 0.000000, 0.000000, -0.004999, -0.999987, 0.000000, 0.999987, -0.004999),
      ["RightUpperArm"] = CFrame.new(0.040823, -0.151449, -0.051934, 0.973253, 0.155222, -0.169364, -0.077065, -0.473911, -0.877194, -0.216423, 0.866784, -0.449273),
      ["RightUpperLeg"] = CFrame.new(0.000141, 0.023286, -0.000439, 0.999718, -0.023737, 0.000007, 0.023737, 0.999718, -0.000604, 0.000007, 0.000604, 1.000000)
    }},
    { Time = 0.083, Data = {
      ["Balls"] = CFrame.new(0.000000, -0.000002, 0.000000, 0.989118, -0.147122, 0.000000, 0.147122, 0.989118, 0.000000, 0.000000, 0.000000, 1.000000),
      ["Cock"] = CFrame.new(0.000000, 0.000000, 0.000000, 0.988888, -0.148663, 0.000000, 0.148663, 0.988888, 0.000000, 0.000000, 0.000000, 1.000000),
      ["Head"] = CFrame.new(0.000000, 0.001466, -0.026694, 1.000000, -0.000000, 0.000000, 0.000000, 0.989283, 0.146009, -0.000000, -0.146009, 0.989283),
      ["LeftUpperArm"] = CFrame.new(-0.041068, -0.245460, -0.056391, 0.956808, -0.156152, 0.245225, 0.135626, -0.506341, -0.851601, 0.257147, 0.848077, -0.463293),
      ["LeftUpperLeg"] = CFrame.new(-0.000292, 0.036135, -0.059651, 0.999419, 0.034081, 0.001026, -0.034096, 0.998975, 0.029765, -0.000010, -0.029782, 0.999556),
      ["LowerTorso"] = CFrame.new(0.000000, -1.495650, 0.112202, 1.000000, 0.000000, 0.000000, 0.000000, -0.004755, -0.999989, 0.000000, 0.999989, -0.004755),
      ["RightUpperArm"] = CFrame.new(0.041093, -0.151451, -0.051983, 0.972766, 0.156248, -0.171212, -0.078251, -0.473915, -0.877087, -0.218183, 0.866597, -0.448782),
      ["RightUpperLeg"] = CFrame.new(0.000141, 0.023287, -0.000576, 0.999718, -0.023737, 0.000011, 0.023737, 0.999718, -0.000949, 0.000011, 0.000949, 1.000000)
    }},
    { Time = 0.100, Data = {
      ["Balls"] = CFrame.new(0.000000, -0.000002, 0.000000, 0.988914, -0.148492, 0.000000, 0.148492, 0.988914, 0.000000, 0.000000, 0.000000, 1.000000),
      ["Cock"] = CFrame.new(0.000000, 0.000000, 0.000000, 0.988746, -0.149605, 0.000000, 0.149605, 0.988746, 0.000000, 0.000000, 0.000000, 1.000000),
      ["Head"] = CFrame.new(0.000000, 0.000078, -0.028192, 1.000000, -0.000000, 0.000000, 0.000000, 0.988380, 0.152001, -0.000000, -0.152001, 0.988380),
      ["LeftUpperArm"] = CFrame.new(-0.041371, -0.245505, -0.056474, 0.956195, -0.157302, 0.246875, 0.136484, -0.506510, -0.851363, 0.258966, 0.847764, -0.462854),
      ["LeftUpperLeg"] = CFrame.new(-0.000292, 0.036132, -0.059816, 0.999419, 0.034081, 0.001018, -0.034096, 0.998988, 0.029333, -0.000017, -0.029351, 0.999569),
      ["LowerTorso"] = CFrame.new(0.000000, -1.496015, 0.112200, 1.000000, 0.000000, 0.000000, 0.000000, -0.004390, -0.999990, 0.000000, 0.999990, -0.004390),
      ["RightUpperArm"] = CFrame.new(0.041357, -0.151474, -0.052043, 0.972309, 0.157250, -0.172878, -0.079263, -0.474004, -0.876948, -0.219845, 0.866368, -0.448414),
      ["RightUpperLeg"] = CFrame.new(0.000140, 0.023290, -0.000740, 0.999718, -0.023737, 0.000015, 0.023737, 0.999717, -0.001295, 0.000015, 0.001295, 0.999999)
    }},
    { Time = 0.117, Data = {
      ["Balls"] = CFrame.new(0.000000, -0.000002, 0.000000, 0.988733, -0.149691, 0.000000, 0.149691, 0.988733, 0.000000, 0.000000, 0.000000, 1.000000),
      ["Cock"] = CFrame.new(0.000000, 0.000000, 0.000000, 0.988629, -0.150375, 0.000000, 0.150375, 0.988629, 0.000000, 0.000000, 0.000000, 1.000000),
      ["Head"] = CFrame.new(0.000000, -0.001209, -0.029580, 1.000000, -0.000000, 0.000000, 0.000000, 0.987523, 0.157476, -0.000000, -0.157476, 0.987523),
      ["LeftUpperArm"] = CFrame.new(-0.041665, -0.245527, -0.056542, 0.955604, -0.158421, 0.248443, 0.137311, -0.506594, -0.851180, 0.260705, 0.847505, -0.462350),
      ["LeftUpperLeg"] = CFrame.new(-0.000292, 0.036129, -0.060007, 0.999419, 0.034081, 0.001011, -0.034096, 0.999001, 0.028902, -0.000025, -0.028919, 0.999582),
      ["LowerTorso"] = CFrame.new(0.000000, -1.496381, 0.112199, 1.000000, 0.000000, 0.000000, 0.000000, -0.004025, -0.999992, 0.000000, 0.999992, -0.004025),
      ["RightUpperArm"] = CFrame.new(0.041609, -0.151497, -0.052101, 0.971869, 0.158208, -0.174472, -0.080231, -0.474092, -0.876812, -0.221434, 0.866145, -0.448062),
      ["RightUpperLeg"] = CFrame.new(0.000140, 0.023292, -0.000930, 0.999718, -0.023737, 0.000020, 0.023737, 0.999717, -0.001726, 0.000020, 0.001726, 0.999999)
    }},
    { Time = 0.133, Data = {
      ["Balls"] = CFrame.new(0.000000, -0.000002, 0.000000, 0.988551, -0.150889, 0.000000, 0.150889, 0.988551, 0.000000, 0.000000, 0.000000, 1.000000),
      ["Cock"] = CFrame.new(0.000000, 0.000000, 0.000000, 0.988512, -0.151145, 0.000000, 0.151145, 0.988512, 0.000000, 0.000000, 0.000000, 1.000000),
      ["Head"] = CFrame.new(0.000000, -0.002379, -0.030843, 1.000000, -0.000000, 0.000000, 0.000000, 0.986705, 0.162519, -0.000000, -0.162519, 0.986705),
      ["LeftUpperArm"] = CFrame.new(-0.041933, -0.245571, -0.056618, 0.955060, -0.159442, 0.249876, 0.138039, -0.506763, -0.850962, 0.262307, 0.847213, -0.461980),
      ["LeftUpperLeg"] = CFrame.new(-0.000292, 0.036125, -0.060222, 0.999419, 0.034081, 0.001002, -0.034096, 0.999015, 0.028384, -0.000034, -0.028402, 0.999597),
      ["LowerTorso"] = CFrame.new(0.000000, -1.496746, 0.112197, 1.000000, 0.000000, 0.000000, 0.000000, -0.003659, -0.999993, 0.000000, 0.999993, -0.003659),
      ["RightUpperArm"] = CFrame.new(0.041828, -0.151497, -0.052142, 0.971486, 0.159043, -0.175841, -0.081076, -0.474092, -0.876735, -0.222803, 0.865992, -0.447679),
      ["RightUpperLeg"] = CFrame.new(0.000140, 0.023296, -0.001144, 0.999718, -0.023737, 0.000027, 0.023737, 0.999716, -0.002244, 0.000027, 0.002244, 0.999997)
    }},
    { Time = 0.150, Data = {
      ["Balls"] = CFrame.new(0.000000, -0.000002, 0.000000, 0.988393, -0.151916, 0.000000, 0.151916, 0.988393, 0.000000, 0.000000, 0.000000, 1.000000),
      ["Cock"] = CFrame.new(0.000000, 0.000000, 0.000000, 0.988407, -0.151830, 0.000000, 0.151830, 0.988407, 0.000000, 0.000000, 0.000000, 1.000000),
      ["Head"] = CFrame.new(0.000000, -0.003421, -0.031968, 1.000000, -0.000000, 0.000000, 0.000000, 0.985963, 0.166962, -0.000000, -0.166962, 0.985963),
      ["LeftUpperArm"] = CFrame.new(-0.042183, -0.245593, -0.056679, 0.954566, -0.160389, 0.251157, 0.138695, -0.506847, -0.850806, 0.263758, 0.846984, -0.461573),
      ["LeftUpperLeg"] = CFrame.new(-0.000292, 0.036122, -0.060415, 0.999419, 0.034083, 0.000905, -0.034095, 0.999032, 0.027782, 0.000042, -0.027796, 0.999614),
      ["LowerTorso"] = CFrame.new(0.000000, -1.497112, 0.112196, 1.000000, 0.000000, 0.000000, 0.000000, -0.003294, -0.999995, 0.000000, 0.999995, -0.003294),
      ["RightUpperArm"] = CFrame.new(0.042034, -0.151520, -0.052192, 0.971121, 0.159825, -0.177145, -0.081866, -0.474181, -0.876613, -0.224103, 0.865800, -0.447403),
      ["RightUpperLeg"] = CFrame.new(0.000140, 0.023299, -0.001379, 0.999718, -0.023737, 0.000034, 0.023737, 0.999714, -0.002848, 0.000034, 0.002848, 0.999996)
    }},
    { Time = 0.167, Data = {
      ["Balls"] = CFrame.new(0.000000, -0.000001, 0.000000, 0.988262, -0.152771, 0.000000, 0.152771, 0.988262, 0.000000, 0.000000, 0.000000, 1.000000),
      ["Cock"] = CFrame.new(0.000000, 0.000000, 0.000000, 0.988314, -0.152429, 0.000000, 0.152429, 0.988314, 0.000000, 0.000000, 0.000000, 1.000000),
      ["Head"] = CFrame.new(0.000000, -0.004323, -0.032940, 1.000000, -0.000000, 0.000000, 0.000000, 0.985305, 0.170805, -0.000000, -0.170805, 0.985305),
      ["LeftUpperArm"] = CFrame.new(-0.042379, -0.245616, -0.056729, 0.954148, -0.161135, 0.252266, 0.139295, -0.506932, -0.850657, 0.264952, 0.846792, -0.461242),
      ["LeftUpperLeg"] = CFrame.new(-0.000292, 0.036118, -0.060670, 0.999419, 0.034083, 0.000895, -0.034095, 0.999049, 0.027178, 0.000032, -0.027192, 0.999630),
      ["LowerTorso"] = CFrame.new(0.000000, -1.497599, 0.112194, 1.000000, 0.000000, 0.000000, 0.000000, -0.002806, -0.999996, 0.000000, 0.999996, -0.002806),
      ["RightUpperArm"] = CFrame.new(0.042208, -0.151520, -0.052224, 0.970815, 0.160484, -0.178225, -0.082533, -0.474180, -0.876551, -0.225183, 0.865678, -0.447096),
      ["RightUpperLeg"] = CFrame.new(0.000140, 0.023302, -0.001632, 0.999718, -0.023737, 0.000041, 0.023737, 0.999712, -0.003453, 0.000041, 0.003453, 0.999994)
    }},
    { Time = 0.183, Data = {
      ["Balls"] = CFrame.new(0.000000, -0.000001, 0.000000, 0.988142, -0.153541, 0.000000, 0.153541, 0.988142, 0.000000, 0.000000, 0.000000, 1.000000),
      ["Cock"] = CFrame.new(0.000000, 0.000000, 0.000000, 0.988248, -0.152857, 0.000000, 0.152857, 0.988248, 0.000000, 0.000000, 0.000000, 1.000000),
      ["Head"] = CFrame.new(0.000000, -0.005074, -0.033751, 1.000000, -0.000000, 0.000000, 0.000000, 0.984737, 0.174048, -0.000000, -0.174048, 0.984737),
      ["LeftUpperArm"] = CFrame.new(-0.042560, -0.245638, -0.056777, 0.953805, -0.161825, 0.253117, 0.139692, -0.507015, -0.850542, 0.265973, 0.846610, -0.460988),
      ["LeftUpperLeg"] = CFrame.new(-0.000293, 0.036113, -0.060941, 0.999419, 0.034083, 0.000885, -0.034095, 0.999065, 0.026574, 0.000022, -0.026588, 0.999646),
      ["LowerTorso"] = CFrame.new(0.000000, -1.498087, 0.112193, 1.000000, 0.000000, 0.000000, 0.000000, -0.002318, -0.999997, 0.000000, 0.999997, -0.002318),
      ["RightUpperArm"] = CFrame.new(0.042355, -0.151543, -0.052265, 0.970548, 0.161046, -0.179168, -0.083100, -0.474269, -0.876449, -0.226123, 0.865525, -0.446918),
      ["RightUpperLeg"] = CFrame.new(0.000140, 0.023306, -0.001858, 0.999718, -0.023737, 0.000134, 0.023737, 0.999710, -0.004056, -0.000038, 0.004058, 0.999992)
    }},
    { Time = 0.200, Data = {
      ["Balls"] = CFrame.new(0.000000, -0.000001, 0.000000, 0.988049, -0.154140, 0.000000, 0.154140, 0.988049, 0.000000, 0.000000, 0.000000, 1.000000),
      ["Cock"] = CFrame.new(0.000000, 0.000000, 0.000000, 0.988182, -0.153285, 0.000000, 0.153285, 0.988182, 0.000000, 0.000000, 0.000000, 1.000000),
      ["Head"] = CFrame.new(0.000000, -0.005667, -0.034391, 1.000000, -0.000000, 0.000000, 0.000000, 0.984281, 0.176607, -0.000000, -0.176607, 0.984281),
      ["LeftUpperArm"] = CFrame.new(-0.042689, -0.245660, -0.056814, 0.953542, -0.162314, 0.253797, 0.140035, -0.507100, -0.850435, 0.266738, 0.846466, -0.460811),
      ["LeftUpperLeg"] = CFrame.new(-0.000293, 0.036109, -0.061224, 0.999419, 0.034084, 0.000873, -0.034095, 0.999083, 0.025883, 0.000010, -0.025898, 0.999665),
      ["LowerTorso"] = CFrame.new(0.000000, -1.498574, 0.112192, 1.000000, 0.000000, 0.000000, 0.000000, -0.001830, -0.999998, 0.000000, 0.999998, -0.001830),
      ["RightUpperArm"] = CFrame.new(0.042440, -0.151545, -0.052280, 0.970366, 0.161368, -0.179860, -0.083574, -0.474273, -0.876402, -0.226727, 0.865463, -0.446733),
      ["RightUpperLeg"] = CFrame.new(0.000140, 0.023310, -0.002140, 0.999718, -0.023737, 0.000143, 0.023737, 0.999707, -0.004746, -0.000030, 0.004748, 0.999989)
    }},
    { Time = 0.217, Data = {
      ["Balls"] = CFrame.new(0.000000, -0.000001, 0.000000, 0.987982, -0.154568, 0.000000, 0.154568, 0.987982, 0.000000, 0.000000, 0.000000, 1.000000),
      ["Cock"] = CFrame.new(0.000000, 0.000000, 0.000000, 0.988142, -0.153541, 0.000000, 0.153541, 0.988142, 0.000000, 0.000000, 0.000000, 1.000000),
      ["Head"] = CFrame.new(0.000000, -0.006096, -0.034854, 1.000000, -0.000000, 0.000000, 0.000000, 0.983958, 0.178398, -0.000000, -0.178398, 0.983958),
      ["LeftUpperArm"] = CFrame.new(-0.042775, -0.245682, -0.056845, 0.953331, -0.162643, 0.254377, 0.140365, -0.507185, -0.850330, 0.267316, 0.846351, -0.460686),
      ["LeftUpperLeg"] = CFrame.new(-0.000293, 0.036104, -0.061518, 0.999419, 0.034084, 0.000861, -0.034095, 0.999101, 0.025193, -0.000002, -0.025208, 0.999682),
      ["LowerTorso"] = CFrame.new(0.000000, -1.499184, 0.112191, 1.000000, 0.000000, 0.000000, 0.000000, -0.001220, -0.999999, 0.000000, 0.999999, -0.001220),
      ["RightUpperArm"] = CFrame.new(0.042533, -0.151545, -0.052298, 0.970201, 0.161720, -0.180436, -0.083930, -0.474273, -0.876368, -0.227302, 0.865397, -0.446567),
      ["RightUpperLeg"] = CFrame.new(0.000140, 0.023314, -0.002431, 0.999718, -0.023737, 0.000151, 0.023737, 0.999703, -0.005437, -0.000022, 0.005439, 0.999985)
    }},
    { Time = 0.233, Data = {
      ["Balls"] = CFrame.new(0.000000, -0.000001, 0.000000, 0.987942, -0.154824, 0.000000, 0.154824, 0.987942, 0.000000, 0.000000, 0.000000, 1.000000),
      ["Cock"] = CFrame.new(0.000000, 0.000000, 0.000000, 0.988116, -0.153712, 0.000000, 0.153712, 0.988116, 0.000000, 0.000000, 0.000000, 1.000000),
      ["Head"] = CFrame.new(0.000000, -0.006355, -0.035133, 1.000000, -0.000000, 0.000000, 0.000000, 0.983757, 0.179507, -0.000000, -0.179507, 0.983757),
      ["LeftUpperArm"] = CFrame.new(-0.042851, -0.245682, -0.056859, 0.953198, -0.162930, 0.254691, 0.140506, -0.507184, -0.850307, 0.267716, 0.846297, -0.460554),
      ["LeftUpperLeg"] = CFrame.new(-0.000293, 0.036099, -0.061818, 0.999419, 0.034084, 0.000849, -0.034095, 0.999118, 0.024503, -0.000014, -0.024517, 0.999699),
      ["LowerTorso"] = CFrame.new(0.000000, -1.499673, 0.112191, 1.000000, 0.000000, 0.000000, 0.000000, -0.000732, -1.000000, 0.000000, 1.000000, -0.000732),
      ["RightUpperArm"] = CFrame.new(0.042576, -0.151568, -0.052319, 0.970118, 0.161886, -0.180732, -0.084096, -0.474361, -0.876304, -0.227594, 0.865317, -0.446572),
      ["RightUpperLeg"] = CFrame.new(0.000140, 0.023318, -0.002729, 0.999718, -0.023737, 0.000159, 0.023737, 0.999699, -0.006127, -0.000014, 0.006129, 0.999981)
    }},
    { Time = 0.250, Data = {
      ["Balls"] = CFrame.new(0.000000, 0.000000, 0.000000, 0.987929, -0.154910, 0.000000, 0.154910, 0.987929, 0.000000, 0.000000, 0.000000, 1.000000),
      ["Cock"] = CFrame.new(0.000000, 0.000000, 0.000000, 0.988102, -0.153798, 0.000000, 0.153798, 0.988102, 0.000000, 0.000000, 0.000000, 1.000000),
      ["Head"] = CFrame.new(0.000000, -0.006441, -0.035227, 1.000000, -0.000000, 0.000000, 0.000000, 0.983694, 0.179848, -0.000000, -0.179848, 0.983694),
      ["LeftUpperArm"] = CFrame.new(-0.042862, -0.245682, -0.056861, 0.953172, -0.162973, 0.254762, 0.140549, -0.507185, -0.850300, 0.267787, 0.846289, -0.460528),
      ["LeftUpperLeg"] = CFrame.new(-0.000293, 0.036094, -0.062121, 0.999419, 0.034085, 0.000838, -0.034095, 0.999135, 0.023812, -0.000025, -0.023827, 0.999716),
      ["LowerTorso"] = CFrame.new(0.000000, -1.500405, 0.112190, 1.000000, 0.000000, 0.000000, 0.000000, 0.000000, -1.000000, 0.000000, 1.000000, 0.000000),
      ["RightUpperArm"] = CFrame.new(0.042588, -0.151568, -0.052321, 0.970097, 0.161930, -0.180804, -0.084141, -0.474362, -0.876300, -0.227666, 0.865309, -0.446552),
      ["RightUpperLeg"] = CFrame.new(0.000140, 0.023321, -0.003031, 0.999718, -0.023736, 0.000167, 0.023737, 0.999695, -0.006818, -0.000005, 0.006820, 0.999977)
    }},
    { Time = 0.267, Data = {
      ["Balls"] = CFrame.new(0.000000, -0.000001, 0.000000, 0.987942, -0.154824, 0.000000, 0.154824, 0.987942, 0.000000, 0.000000, 0.000000, 1.000000),
      ["Cock"] = CFrame.new(0.000000, 0.000000, 0.000000, 0.988116, -0.153712, 0.000000, 0.153712, 0.988116, 0.000000, 0.000000, 0.000000, 1.000000),
      ["Head"] = CFrame.new(0.000000, -0.006355, -0.035133, 1.000000, -0.000000, 0.000000, 0.000000, 0.983757, 0.179507, -0.000000, -0.179507, 0.983757),
      ["LeftUpperArm"] = CFrame.new(-0.042851, -0.245682, -0.056859, 0.953198, -0.162930, 0.254691, 0.140506, -0.507184, -0.850307, 0.267716, 0.846297, -0.460554),
      ["LeftUpperLeg"] = CFrame.new(-0.000293, 0.036089, -0.062424, 0.999419, 0.034085, 0.000824, -0.034095, 0.999153, 0.023036, -0.000039, -0.023050, 0.999734),
      ["LowerTorso"] = CFrame.new(0.000000, -1.500771, 0.112190, 1.000000, 0.000000, 0.000000, 0.000000, 0.000366, -1.000000, 0.000000, 1.000000, 0.000366),
      ["RightUpperArm"] = CFrame.new(0.042576, -0.151568, -0.052319, 0.970118, 0.161886, -0.180732, -0.084096, -0.474361, -0.876304, -0.227594, 0.865317, -0.446572),
      ["RightUpperLeg"] = CFrame.new(0.000140, 0.023326, -0.003332, 0.999718, -0.023736, 0.000176, 0.023737, 0.999689, -0.007595, 0.000004, 0.007597, 0.999971)
    }},
    { Time = 0.283, Data = {
      ["Balls"] = CFrame.new(0.000000, -0.000001, 0.000000, 0.987982, -0.154568, 0.000000, 0.154568, 0.987982, 0.000000, 0.000000, 0.000000, 1.000000),
      ["Cock"] = CFrame.new(0.000000, 0.000000, 0.000000, 0.988142, -0.153541, 0.000000, 0.153541, 0.988142, 0.000000, 0.000000, 0.000000, 1.000000),
      ["Head"] = CFrame.new(0.000000, -0.006096, -0.034854, 1.000000, -0.000000, 0.000000, 0.000000, 0.983958, 0.178398, -0.000000, -0.178398, 0.983958),
      ["LeftUpperArm"] = CFrame.new(-0.042775, -0.245682, -0.056845, 0.953331, -0.162643, 0.254377, 0.140365, -0.507185, -0.850330, 0.267316, 0.846351, -0.460686),
      ["LeftUpperLeg"] = CFrame.new(-0.000294, 0.036084, -0.062681, 0.999419, 0.034086, 0.000726, -0.034094, 0.999169, 0.022347, 0.000036, -0.022359, 0.999750),
      ["LowerTorso"] = CFrame.new(0.000000, -1.501260, 0.112191, 1.000000, 0.000000, 0.000000, 0.000000, 0.000854, -1.000000, 0.000000, 1.000000, 0.000854),
      ["RightUpperArm"] = CFrame.new(0.042533, -0.151545, -0.052298, 0.970201, 0.161720, -0.180436, -0.083930, -0.474273, -0.876368, -0.227302, 0.865397, -0.446567),
      ["RightUpperLeg"] = CFrame.new(0.000140, 0.023330, -0.003630, 0.999718, -0.023736, 0.000185, 0.023737, 0.999684, -0.008285, 0.000012, 0.008287, 0.999966)
    }},
    { Time = 0.300, Data = {
      ["Balls"] = CFrame.new(0.000000, -0.000001, 0.000000, 0.988049, -0.154140, 0.000000, 0.154140, 0.988049, 0.000000, 0.000000, 0.000000, 1.000000),
      ["Cock"] = CFrame.new(0.000000, 0.000000, 0.000000, 0.988182, -0.153285, 0.000000, 0.153285, 0.988182, 0.000000, 0.000000, 0.000000, 1.000000),
      ["Head"] = CFrame.new(0.000000, -0.005667, -0.034391, 1.000000, -0.000000, 0.000000, 0.000000, 0.984281, 0.176607, -0.000000, -0.176607, 0.984281),
      ["LeftUpperArm"] = CFrame.new(-0.042689, -0.245660, -0.056814, 0.953542, -0.162314, 0.253797, 0.140035, -0.507100, -0.850435, 0.266738, 0.846466, -0.460811),
      ["LeftUpperLeg"] = CFrame.new(-0.000294, 0.036079, -0.062975, 0.999419, 0.034086, 0.000715, -0.034094, 0.999184, 0.021657, 0.000024, -0.021668, 0.999765),
      ["LowerTorso"] = CFrame.new(0.000000, -1.501870, 0.112191, 1.000000, 0.000000, 0.000000, 0.000000, 0.001465, -0.999999, 0.000000, 0.999999, 0.001465),
      ["RightUpperArm"] = CFrame.new(0.042440, -0.151545, -0.052281, 0.970366, 0.161368, -0.179860, -0.083574, -0.474273, -0.876402, -0.226727, 0.865463, -0.446733),
      ["RightUpperLeg"] = CFrame.new(0.000139, 0.023334, -0.003922, 0.999718, -0.023736, 0.000193, 0.023737, 0.999678, -0.008976, 0.000020, 0.008978, 0.999960)
    }},
    { Time = 0.317, Data = {
      ["Balls"] = CFrame.new(0.000000, -0.000001, 0.000000, 0.988142, -0.153541, 0.000000, 0.153541, 0.988142, 0.000000, 0.000000, 0.000000, 1.000000),
      ["Cock"] = CFrame.new(0.000000, 0.000000, 0.000000, 0.988248, -0.152857, 0.000000, 0.152857, 0.988248, 0.000000, 0.000000, 0.000000, 1.000000),
      ["Head"] = CFrame.new(0.000000, -0.005074, -0.033751, 1.000000, -0.000000, 0.000000, 0.000000, 0.984737, 0.174048, -0.000000, -0.174048, 0.984737),
      ["LeftUpperArm"] = CFrame.new(-0.042560, -0.245638, -0.056777, 0.953805, -0.161825, 0.253117, 0.139692, -0.507015, -0.850542, 0.265973, 0.846610, -0.460988),
      ["LeftUpperLeg"] = CFrame.new(-0.000294, 0.036075, -0.063258, 0.999419, 0.034087, 0.000703, -0.034094, 0.999199, 0.020966, 0.000012, -0.020978, 0.999780),
      ["LowerTorso"] = CFrame.new(0.000000, -1.502358, 0.112192, 1.000000, 0.000000, 0.000000, 0.000000, 0.001952, -0.999998, 0.000000, 0.999998, 0.001952),
      ["RightUpperArm"] = CFrame.new(0.042355, -0.151543, -0.052265, 0.970548, 0.161046, -0.179168, -0.083100, -0.474269, -0.876449, -0.226123, 0.865525, -0.446918),
      ["RightUpperLeg"] = CFrame.new(0.000139, 0.023338, -0.004204, 0.999718, -0.023736, 0.000201, 0.023737, 0.999672, -0.009666, 0.000028, 0.009668, 0.999953)
    }},
    { Time = 0.333, Data = {
      ["Balls"] = CFrame.new(0.000000, -0.000001, 0.000000, 0.988262, -0.152771, 0.000000, 0.152771, 0.988262, 0.000000, 0.000000, 0.000000, 1.000000),
      ["Cock"] = CFrame.new(0.000000, 0.000000, 0.000000, 0.988314, -0.152429, 0.000000, 0.152429, 0.988314, 0.000000, 0.000000, 0.000000, 1.000000),
      ["Head"] = CFrame.new(0.000000, -0.004323, -0.032940, 1.000000, -0.000000, 0.000000, 0.000000, 0.985305, 0.170805, -0.000000, -0.170805, 0.985305),
      ["LeftUpperArm"] = CFrame.new(-0.042379, -0.245616, -0.056729, 0.954148, -0.161135, 0.252266, 0.139295, -0.506932, -0.850657, 0.264952, 0.846792, -0.461242),
      ["LeftUpperLeg"] = CFrame.new(-0.000294, 0.036070, -0.063529, 0.999419, 0.034087, 0.000693, -0.034094, 0.999211, 0.020362, 0.000002, -0.020374, 0.999792),
      ["LowerTorso"] = CFrame.new(0.000000, -1.502846, 0.112193, 1.000000, 0.000000, 0.000000, 0.000000, 0.002440, -0.999997, 0.000000, 0.999997, 0.002440),
      ["RightUpperArm"] = CFrame.new(0.042208, -0.151520, -0.052224, 0.970815, 0.160484, -0.178225, -0.082533, -0.474180, -0.876551, -0.225183, 0.865678, -0.447096),
      ["RightUpperLeg"] = CFrame.new(0.000139, 0.023341, -0.004473, 0.999718, -0.023736, 0.000208, 0.023737, 0.999665, -0.010270, 0.000036, 0.010272, 0.999947)
    }},
    { Time = 0.350, Data = {
      ["Balls"] = CFrame.new(0.000000, -0.000001, 0.000000, 0.988393, -0.151916, 0.000000, 0.151916, 0.988393, 0.000000, 0.000000, 0.000000, 1.000000),
      ["Cock"] = CFrame.new(0.000000, 0.000000, 0.000000, 0.988407, -0.151830, 0.000000, 0.151830, 0.988407, 0.000000, 0.000000, 0.000000, 1.000000),
      ["Head"] = CFrame.new(0.000000, -0.003421, -0.031968, 1.000000, -0.000000, 0.000000, 0.000000, 0.985963, 0.166962, -0.000000, -0.166962, 0.985963),
      ["LeftUpperArm"] = CFrame.new(-0.042183, -0.245593, -0.056679, 0.954566, -0.160389, 0.251157, 0.138695, -0.506847, -0.850806, 0.263758, 0.846984, -0.461573),
      ["LeftUpperLeg"] = CFrame.new(-0.000294, 0.036066, -0.063783, 0.999419, 0.034087, 0.000682, -0.034094, 0.999223, 0.019758, -0.000008, -0.019770, 0.999805),
      ["LowerTorso"] = CFrame.new(0.000000, -1.503333, 0.112195, 1.000000, 0.000000, 0.000000, 0.000000, 0.002928, -0.999996, 0.000000, 0.999996, 0.002928),
      ["RightUpperArm"] = CFrame.new(0.042034, -0.151520, -0.052192, 0.971121, 0.159825, -0.177145, -0.081866, -0.474181, -0.876613, -0.224103, 0.865800, -0.447403),
      ["RightUpperLeg"] = CFrame.new(0.000139, 0.023345, -0.004726, 0.999718, -0.023736, 0.000215, 0.023737, 0.999659, -0.010875, 0.000043, 0.010877, 0.999941)
    }},
    { Time = 0.367, Data = {
      ["Balls"] = CFrame.new(0.000000, -0.000001, 0.000000, 0.988551, -0.150889, 0.000000, 0.150889, 0.988551, 0.000000, 0.000000, 0.000000, 1.000000),
      ["Cock"] = CFrame.new(0.000000, 0.000000, 0.000000, 0.988512, -0.151145, 0.000000, 0.151145, 0.988512, 0.000000, 0.000000, 0.000000, 1.000000),
      ["Head"] = CFrame.new(0.000000, -0.002379, -0.030843, 1.000000, -0.000000, 0.000000, 0.000000, 0.986705, 0.162519, -0.000000, -0.162519, 0.986705),
      ["LeftUpperArm"] = CFrame.new(-0.041933, -0.245571, -0.056618, 0.955060, -0.159442, 0.249876, 0.138039, -0.506763, -0.850962, 0.262307, 0.847213, -0.461980),
      ["LeftUpperLeg"] = CFrame.new(-0.000294, 0.036062, -0.064019, 0.999419, 0.034087, 0.000673, -0.034094, 0.999233, 0.019240, -0.000017, -0.019252, 0.999815),
      ["LowerTorso"] = CFrame.new(0.000000, -1.503698, 0.112196, 1.000000, 0.000000, 0.000000, 0.000000, 0.003294, -0.999995, 0.000000, 0.999995, 0.003294),
      ["RightUpperArm"] = CFrame.new(0.041828, -0.151497, -0.052142, 0.971486, 0.159043, -0.175841, -0.081076, -0.474092, -0.876735, -0.222803, 0.865992, -0.447679),
      ["RightUpperLeg"] = CFrame.new(0.000139, 0.023348, -0.004918, 0.999718, -0.023736, 0.000309, 0.023737, 0.999652, -0.011478, -0.000036, 0.011482, 0.999934)
    }},
    { Time = 0.383, Data = {
      ["Balls"] = CFrame.new(0.000000, -0.000001, 0.000000, 0.988733, -0.149691, 0.000000, 0.149691, 0.988733, 0.000000, 0.000000, 0.000000, 1.000000),
      ["Cock"] = CFrame.new(0.000000, 0.000000, 0.000000, 0.988629, -0.150375, 0.000000, 0.150375, 0.988629, 0.000000, 0.000000, 0.000000, 1.000000),
      ["Head"] = CFrame.new(0.000000, -0.001209, -0.029580, 1.000000, -0.000000, 0.000000, 0.000000, 0.987523, 0.157476, -0.000000, -0.157476, 0.987523),
      ["LeftUpperArm"] = CFrame.new(-0.041665, -0.245527, -0.056542, 0.955604, -0.158421, 0.248443, 0.137311, -0.506594, -0.851180, 0.260705, 0.847505, -0.462350),
      ["LeftUpperLeg"] = CFrame.new(-0.000294, 0.036059, -0.064234, 0.999419, 0.034088, 0.000665, -0.034094, 0.999243, 0.018722, -0.000026, -0.018734, 0.999825),
      ["LowerTorso"] = CFrame.new(0.000000, -1.504063, 0.112197, 1.000000, 0.000000, 0.000000, 0.000000, 0.003659, -0.999993, 0.000000, 0.999993, 0.003659),
      ["RightUpperArm"] = CFrame.new(0.041609, -0.151497, -0.052101, 0.971869, 0.158208, -0.174472, -0.080231, -0.474092, -0.876812, -0.221434, 0.866145, -0.448062),
      ["RightUpperLeg"] = CFrame.new(0.000139, 0.023351, -0.005131, 0.999718, -0.023735, 0.000314, 0.023737, 0.999647, -0.011909, -0.000031, 0.011913, 0.999929)
    }},
    { Time = 0.400, Data = {
      ["Balls"] = CFrame.new(0.000000, -0.000001, 0.000000, 0.988914, -0.148492, 0.000000, 0.148492, 0.988914, 0.000000, 0.000000, 0.000000, 1.000000),
      ["Cock"] = CFrame.new(0.000000, 0.000000, 0.000000, 0.988746, -0.149605, 0.000000, 0.149605, 0.988746, 0.000000, 0.000000, 0.000000, 1.000000),
      ["Head"] = CFrame.new(0.000000, 0.000078, -0.028192, 1.000000, -0.000000, 0.000000, 0.000000, 0.988393, 0.151916, -0.000000, -0.151916, 0.988393),
      ["LeftUpperArm"] = CFrame.new(-0.041371, -0.245505, -0.056473, 0.956195, -0.157302, 0.246875, 0.136484, -0.506510, -0.851363, 0.258966, 0.847764, -0.462854),
      ["LeftUpperLeg"] = CFrame.new(-0.000295, 0.036055, -0.064425, 0.999419, 0.034088, 0.000657, -0.034094, 0.999251, 0.018291, -0.000033, -0.018303, 0.999833),
      ["LowerTorso"] = CFrame.new(0.000000, -1.504429, 0.112198, 1.000000, 0.000000, 0.000000, 0.000000, 0.004025, -0.999992, 0.000000, 0.999992, 0.004025),
      ["RightUpperArm"] = CFrame.new(0.041357, -0.151474, -0.052043, 0.972309, 0.157250, -0.172878, -0.079263, -0.474004, -0.876948, -0.219845, 0.866368, -0.448414),
      ["RightUpperLeg"] = CFrame.new(0.000139, 0.023353, -0.005321, 0.999718, -0.023735, 0.000320, 0.023737, 0.999641, -0.012427, -0.000025, 0.012431, 0.999923)
    }},
    { Time = 0.417, Data = {
      ["Balls"] = CFrame.new(0.000000, -0.000001, 0.000000, 0.989118, -0.147122, 0.000000, 0.147122, 0.989118, 0.000000, 0.000000, 0.000000, 1.000000),
      ["Cock"] = CFrame.new(0.000000, 0.000000, 0.000000, 0.988888, -0.148663, 0.000000, 0.148663, 0.988888, 0.000000, 0.000000, 0.000000, 1.000000),
      ["Head"] = CFrame.new(0.000000, 0.001466, -0.026694, 1.000000, -0.000000, 0.000000, 0.000000, 0.989283, 0.146009, -0.000000, -0.146009, 0.989283),
      ["LeftUpperArm"] = CFrame.new(-0.041068, -0.245460, -0.056391, 0.956808, -0.156152, 0.245225, 0.135626, -0.506341, -0.851601, 0.257147, 0.848077, -0.463293),
      ["LeftUpperLeg"] = CFrame.new(-0.000295, 0.036052, -0.064591, 0.999419, 0.034088, 0.000650, -0.034094, 0.999259, 0.017859, -0.000041, -0.017871, 0.999840),
      ["LowerTorso"] = CFrame.new(0.000000, -1.504796, 0.112200, 1.000000, 0.000000, 0.000000, 0.000000, 0.004390, -0.999990, 0.000000, 0.999990, 0.004390),
      ["RightUpperArm"] = CFrame.new(0.041093, -0.151450, -0.051983, 0.972766, 0.156248, -0.171212, -0.078251, -0.473915, -0.877087, -0.218183, 0.866597, -0.448782),
      ["RightUpperLeg"] = CFrame.new(0.000139, 0.023355, -0.005485, 0.999718, -0.023735, 0.000324, 0.023737, 0.999637, -0.012772, -0.000021, 0.012777, 0.999918)
    }},
    { Time = 0.433, Data = {
      ["Balls"] = CFrame.new(0.000000, -0.000001, 0.000000, 0.989334, -0.145667, 0.000000, 0.145667, 0.989334, 0.000000, 0.000000, 0.000000, 1.000000),
      ["Cock"] = CFrame.new(0.000000, 0.000000, 0.000000, 0.989029, -0.147722, 0.000000, 0.147722, 0.989029, 0.000000, 0.000000, 0.000000, 1.000000),
      ["Head"] = CFrame.new(0.000000, 0.002941, -0.025103, 1.000000, -0.000000, 0.000000, 0.000000, 0.990198, 0.139671, -0.000000, -0.139671, 0.990198),
      ["LeftUpperArm"] = CFrame.new(-0.040743, -0.245416, -0.056305, 0.957466, -0.154916, 0.243432, 0.134682, -0.506172, -0.851852, 0.255184, 0.848405, -0.463778),
      ["LeftUpperLeg"] = CFrame.new(-0.000295, 0.036051, -0.064686, 0.999419, 0.034089, 0.000558, -0.034093, 0.999265, 0.017516, 0.000040, -0.017525, 0.999846),
      ["LowerTorso"] = CFrame.new(0.000000, -1.505039, 0.112201, 1.000000, 0.000000, 0.000000, 0.000000, 0.004633, -0.999989, 0.000000, 0.999989, 0.004633),
      ["RightUpperArm"] = CFrame.new(0.040823, -0.151449, -0.051933, 0.973253, 0.155222, -0.169364, -0.077065, -0.473911, -0.877194, -0.216423, 0.866784, -0.449273),
      ["RightUpperLeg"] = CFrame.new(0.000139, 0.023357, -0.005623, 0.999718, -0.023735, 0.000328, 0.023738, 0.999632, -0.013118, -0.000017, 0.013122, 0.999914)
    }},
    { Time = 0.450, Data = {
      ["Balls"] = CFrame.new(0.000000, -0.000001, 0.000000, 0.989559, -0.144125, 0.000000, 0.144125, 0.989559, 0.000000, 0.000000, 0.000000, 1.000000),
      ["Cock"] = CFrame.new(0.000000, 0.000000, 0.000000, 0.989169, -0.146780, 0.000000, 0.146780, 0.989169, 0.000000, 0.000000, 0.000000, 1.000000),
      ["Head"] = CFrame.new(0.000000, 0.004486, -0.023435, 1.000000, -0.000000, 0.000000, 0.000000, 0.991118, 0.132985, -0.000000, -0.132985, 0.991118),
      ["LeftUpperArm"] = CFrame.new(-0.040376, -0.245371, -0.056212, 0.958171, -0.153521, 0.241537, 0.133726, -0.506003, -0.852102, 0.253034, 0.848759, -0.464308),
      ["LeftUpperLeg"] = CFrame.new(-0.000295, 0.036049, -0.064795, 0.999419, 0.034089, 0.000553, -0.034093, 0.999270, 0.017257, 0.000035, -0.017266, 0.999851),
      ["LowerTorso"] = CFrame.new(0.000000, -1.505160, 0.112202, 1.000000, 0.000000, 0.000000, 0.000000, 0.004755, -0.999989, 0.000000, 0.999989, 0.004755),
      ["RightUpperArm"] = CFrame.new(0.040537, -0.151426, -0.051869, 0.973740, 0.154131, -0.167552, -0.075964, -0.473823, -0.877338, -0.214615, 0.867027, -0.449672),
      ["RightUpperLeg"] = CFrame.new(0.000139, 0.023359, -0.005731, 0.999718, -0.023735, 0.000331, 0.023738, 0.999629, -0.013377, -0.000014, 0.013381, 0.999910)
    }},
    { Time = 0.467, Data = {
      ["Balls"] = CFrame.new(0.000000, -0.000001, 0.000000, 0.989783, -0.142584, 0.000000, 0.142584, 0.989783, 0.000000, 0.000000, 0.000000, 1.000000),
      ["Cock"] = CFrame.new(0.000000, 0.000000, 0.000000, 0.989321, -0.145752, 0.000000, 0.145752, 0.989321, 0.000000, 0.000000, 0.000000, 1.000000),
      ["Head"] = CFrame.new(0.000000, 0.006085, -0.021710, 1.000000, -0.000000, 0.000000, 0.000000, 0.992015, 0.126123, -0.000000, -0.126123, 0.992015),
      ["LeftUpperArm"] = CFrame.new(-0.040028, -0.245327, -0.056122, 0.958868, -0.152198, 0.239598, 0.132696, -0.505833, -0.852364, 0.250925, 0.849099, -0.464832),
      ["LeftUpperLeg"] = CFrame.new(-0.000295, 0.036047, -0.064873, 0.999419, 0.034089, 0.000550, -0.034093, 0.999273, 0.017084, 0.000032, -0.017093, 0.999854),
      ["LowerTorso"] = CFrame.new(0.000000, -1.505283, 0.112202, 1.000000, 0.000000, 0.000000, 0.000000, 0.004877, -0.999988, 0.000000, 0.999988, 0.004877),
      ["RightUpperArm"] = CFrame.new(0.040227, -0.151403, -0.051802, 0.974261, 0.152952, -0.165595, -0.074773, -0.473734, -0.877488, -0.212662, 0.867284, -0.450104),
      ["RightUpperLeg"] = CFrame.new(0.000139, 0.023360, -0.005809, 0.999718, -0.023735, 0.000333, 0.023738, 0.999626, -0.013549, -0.000012, 0.013553, 0.999908)
    }},
    { Time = 0.483, Data = {
      ["Balls"] = CFrame.new(0.000000, -0.000001, 0.000000, 0.990016, -0.140956, 0.000000, 0.140956, 0.990016, 0.000000, 0.000000, 0.000000, 1.000000),
      ["Cock"] = CFrame.new(0.000000, 0.000000, 0.000000, 0.989484, -0.144639, 0.000000, 0.144639, 0.989484, 0.000000, 0.000000, 0.000000, 1.000000),
      ["Head"] = CFrame.new(0.000000, 0.007720, -0.019945, 1.000000, -0.000000, 0.000000, 0.000000, 0.992884, 0.119085, -0.000000, -0.119085, 0.992884),
      ["LeftUpperArm"] = CFrame.new(-0.039650, -0.245282, -0.056028, 0.959586, -0.150759, 0.237628, 0.131696, -0.505665, -0.852619, 0.248700, 0.849456, -0.465374),
      ["LeftUpperLeg"] = CFrame.new(-0.000295, 0.036047, -0.064920, 0.999419, 0.034089, 0.000549, -0.034093, 0.999274, 0.016998, 0.000031, -0.017007, 0.999855),
      ["LowerTorso"] = CFrame.new(0.000000, -1.505404, 0.112203, 1.000000, 0.000000, 0.000000, 0.000000, 0.004999, -0.999987, 0.000000, 0.999987, 0.004999),
      ["RightUpperArm"] = CFrame.new(0.039905, -0.151380, -0.051732, 0.974795, 0.151729, -0.163564, -0.073538, -0.473646, -0.877640, -0.210635, 0.867547, -0.450550),
      ["RightUpperLeg"] = CFrame.new(0.000139, 0.023360, -0.005856, 0.999718, -0.023735, 0.000335, 0.023738, 0.999625, -0.013636, -0.000011, 0.013640, 0.999907)
    }},
    { Time = 0.500, Data = {
      ["Balls"] = CFrame.new(0.000000, -0.000001, 0.000000, 0.990246, -0.139328, 0.000000, 0.139328, 0.990246, 0.000000, 0.000000, 0.000000, 1.000000),
      ["Cock"] = CFrame.new(0.000000, 0.000000, 0.000000, 0.989634, -0.143612, 0.000000, 0.143612, 0.989634, 0.000000, 0.000000, 0.000000, 1.000000),
      ["Head"] = CFrame.new(0.000000, 0.009373, -0.018162, 1.000000, -0.000000, 0.000000, 0.000000, 0.993713, 0.111956, -0.000000, -0.111956, 0.993713),
      ["LeftUpperArm"] = CFrame.new(-0.039260, -0.245238, -0.055933, 0.960321, -0.149276, 0.235586, 0.130652, -0.505496, -0.852880, 0.246402, 0.849818, -0.465935),
      ["LeftUpperLeg"] = CFrame.new(-0.000295, 0.036046, -0.064937, 0.999419, 0.034089, 0.000547, -0.034093, 0.999276, 0.016912, 0.000030, -0.016920, 0.999857),
