return {
  ["Astros incredible gassy"] = {
    { Time = 0.000, Data = {
      ["Head"] = CFrame.new(0.000000, 0.000000, 0.000000, 1.000000, -0.000000, 0.000000, 0.000000, 0.914338, 0.404953, -0.000000, -0.404953, 0.914338),
      ["LeftUpperArm"] = CFrame.new(0.402339, -0.783756, 0.802806, 0.814956, 0.501273, 0.290812, 0.077527, 0.403000, -0.911911, -0.574313, 0.765713, 0.289565),
      ["LeftUpperLeg"] = CFrame.new(-0.274132, 0.133363, -0.326879, 0.958879, 0.188617, 0.212073, -0.216353, 0.969393, 0.116054, -0.183693, -0.157164, 0.970338),
      ["LowerTorso"] = CFrame.new(0.010440, -0.276666, -0.693142, -0.999921, 0.002735, -0.012292, 0.000010, 0.976301, 0.216415, 0.012592, 0.216398, -0.976224),
      ["RightUpperArm"] = CFrame.new(-0.402339, -0.783756, 0.802806, 0.814956, -0.501273, -0.290812, -0.077527, 0.403000, -0.911911, 0.574313, 0.765713, 0.289565),
      ["RightUpperLeg"] = CFrame.new(0.274136, 0.133361, -0.326879, 0.958879, -0.188617, -0.212073, 0.216353, 0.969393, 0.116054, 0.183693, -0.157164, 0.970338),
      ["рҹҢ§пёҸрҹҳірҹ‘»рҹҸіпёҸвҖҚрҹҢҲрҹҳӮрҹ’һрҹҸҙвҖҚвҳ пёҸрҹҺёрҹҢ§пёҸрҹҳірҹ‘»рҹҸіпёҸвҖҚрҹҢҲрҹҳӮрҹ’һрҹҸҙвҖҚвҳ"] = CFrame.new(-0.000000, 0.000000, 0.000000, 0.979825, -0.199856, 0.000000, 0.199856, 0.979825, 0.000000, 0.000000, 0.000000, 1.000000)
    }},
    { Time = 0.017, Data = {
      ["Head"] = CFrame.new(0.000000, 0.000000, 0.000000, 1.000000, -0.000000, 0.000000, 0.000000, 0.917663, 0.397359, -0.000000, -0.397359, 0.917663),
      ["LeftUpperArm"] = CFrame.new(0.402381, -0.783937, 0.802873, 0.815004, 0.501433, 0.290401, 0.077514, 0.402313, -0.912215, -0.574247, 0.765969, 0.289019),
      ["LeftUpperLeg"] = CFrame.new(-0.274112, 0.134434, -0.326811, 0.958879, 0.188589, 0.212098, -0.216377, 0.969357, 0.116308, -0.183664, -0.157419, 0.970302),
      ["LowerTorso"] = CFrame.new(0.010439, -0.277894, -0.693146, -0.999921, 0.002733, -0.012292, 0.000013, 0.976395, 0.215991, 0.012592, 0.215974, -0.976318),
      ["RightUpperArm"] = CFrame.new(-0.402381, -0.783937, 0.802873, 0.815004, -0.501433, -0.290401, -0.077514, 0.402313, -0.912215, 0.574247, 0.765969, 0.289019),
      ["RightUpperLeg"] = CFrame.new(0.274116, 0.134432, -0.326810, 0.958879, -0.188589, -0.212098, 0.216377, 0.969357, 0.116308, 0.183664, -0.157419, 0.970302),
      ["рҹҢ§пёҸрҹҳірҹ‘»рҹҸіпёҸвҖҚрҹҢҲрҹҳӮрҹ’һрҹҸҙвҖҚвҳ пёҸрҹҺёрҹҢ§пёҸрҹҳірҹ‘»рҹҸіпёҸвҖҚрҹҢҲрҹҳӮрҹ’һрҹҸҙвҖҚвҳ"] = CFrame.new(-0.000000, 0.000000, 0.000000, 0.983160, -0.182746, 0.000000, 0.182746, 0.983160, 0.000000, 0.000000, 0.000000, 1.000000)
    }},
    { Time = 0.033, Data = {
      ["Head"] = CFrame.new(0.000000, 0.000000, 0.000000, 1.000000, -0.000000, 0.000000, 0.000000, 0.920923, 0.389744, -0.000000, -0.389744, 0.920923),
      ["LeftUpperArm"] = CFrame.new(0.402544, -0.784533, 0.803079, 0.815078, 0.502052, 0.289122, 0.077521, 0.400045, -0.913211, -0.574141, 0.766752, 0.287148),
      ["LeftUpperLeg"] = CFrame.new(-0.274062, 0.137549, -0.326551, 0.958861, 0.188672, 0.212106, -0.216621, 0.969202, 0.117147, -0.183472, -0.158275, 0.970200),
      ["LowerTorso"] = CFrame.new(0.010436, -0.281508, -0.693407, -0.999921, 0.002726, -0.012294, 0.000020, 0.976620, 0.214973, 0.012592, 0.214956, -0.976543),
      ["RightUpperArm"] = CFrame.new(-0.402527, -0.784528, 0.803088, 0.815101, -0.501986, -0.289172, -0.077588, 0.400068, -0.913196, 0.574100, 0.766783, 0.287148),
      ["RightUpperLeg"] = CFrame.new(0.274066, 0.137547, -0.326551, 0.958861, -0.188672, -0.212106, 0.216621, 0.969202, 0.117147, 0.183472, -0.158275, 0.970200),
      ["рҹҢ§пёҸрҹҳірҹ‘»рҹҸіпёҸвҖҚрҹҢҲрҹҳӮрҹ’һрҹҸҙвҖҚвҳ пёҸрҹҺёрҹҢ§пёҸрҹҳірҹ‘»рҹҸіпёҸвҖҚрҹҢҲрҹҳӮрҹ’һрҹҸҙвҖҚвҳ"] = CFrame.new(-0.000000, 0.000000, 0.000000, 0.986165, -0.165766, 0.000000, 0.165766, 0.986165, 0.000000, 0.000000, 0.000000, 1.000000)
    }},
    { Time = 0.050, Data = {
      ["Head"] = CFrame.new(0.000000, 0.000000, 0.000000, 1.000000, -0.000000, 0.000000, 0.000000, 0.924016, 0.382353, -0.000000, -0.382353, 0.924016),
      ["LeftUpperArm"] = CFrame.new(0.402805, -0.785518, 0.803419, 0.815199, 0.503044, 0.287049, 0.077584, 0.396300, -0.914837, -0.573960, 0.768045, 0.284035),
      ["LeftUpperLeg"] = CFrame.new(-0.273973, 0.142754, -0.326152, 0.958842, 0.188690, 0.212173, -0.216920, 0.968960, 0.118580, -0.183212, -0.159724, 0.970011),
      ["LowerTorso"] = CFrame.new(0.010429, -0.287489, -0.693825, -0.999921, 0.002716, -0.012296, 0.000031, 0.976992, 0.213277, 0.012592, 0.213260, -0.976914),
      ["RightUpperArm"] = CFrame.new(-0.402759, -0.785506, 0.803443, 0.815293, -0.502869, -0.287089, -0.077667, 0.396347, -0.914810, 0.573817, 0.768135, 0.284082),
      ["RightUpperLeg"] = CFrame.new(0.273977, 0.142752, -0.326152, 0.958842, -0.188690, -0.212173, 0.216920, 0.968960, 0.118580, 0.183212, -0.159724, 0.970011),
      ["рҹҢ§пёҸрҹҳірҹ‘»рҹҸіпёҸвҖҚрҹҢҲрҹҳӮрҹ’һрҹҸҙвҖҚвҳ пёҸрҹҺёрҹҢ§пёҸрҹҳірҹ‘»рҹҸіпёҸвҖҚрҹҢҲрҹҳӮрҹ’һрҹҸҙвҖҚвҳ"] = CFrame.new(-0.000000, 0.000000, 0.000000, 0.988811, -0.149177, 0.000000, 0.149177, 0.988811, 0.000000, 0.000000, 0.000000, 1.000000)
    }},
    { Time = 0.067, Data = {
      ["Head"] = CFrame.new(0.000000, 0.000000, 0.000000, 1.000000, -0.000000, 0.000000, 0.000000, 0.926982, 0.375107, -0.000000, -0.375107, 0.926982),
      ["LeftUpperArm"] = CFrame.new(0.403158, -0.786870, 0.803881, 0.815367, 0.504385, 0.284205, 0.077674, 0.391158, -0.917040, -0.573711, 0.769799, 0.279760),
      ["LeftUpperLeg"] = CFrame.new(-0.273856, 0.149910, -0.325566, 0.958806, 0.188819, 0.212223, -0.217439, 0.968595, 0.120596, -0.182788, -0.161774, 0.969752),
      ["LowerTorso"] = CFrame.new(0.010507, -0.295789, -0.694295, -0.999921, 0.002614, -0.012309, -0.000039, 0.977526, 0.210816, 0.012583, 0.210800, -0.977449),
      ["RightUpperArm"] = CFrame.new(-0.403059, -0.786870, 0.803945, 0.815601, -0.504010, -0.284198, -0.077819, 0.391160, -0.917027, 0.573358, 0.770044, 0.279809),
      ["RightUpperLeg"] = CFrame.new(0.273860, 0.149907, -0.325566, 0.958806, -0.188819, -0.212223, 0.217439, 0.968595, 0.120596, 0.182788, -0.161774, 0.969752),
      ["рҹҢ§пёҸрҹҳірҹ‘»рҹҸіпёҸвҖҚрҹҢҲрҹҳӮрҹ’һрҹҸҙвҖҚвҳ пёҸрҹҺёрҹҢ§пёҸрҹҳірҹ‘»рҹҸіпёҸвҖҚрҹҢҲрҹҳӮрҹ’һрҹҸҙвҖҚвҳ"] = CFrame.new(0.000000, 0.000000, 0.000000, 0.991118, -0.132985, 0.000000, 0.132985, 0.991118, 0.000000, 0.000000, 0.000000, 1.000000)
    }},
    { Time = 0.083, Data = {
      ["Head"] = CFrame.new(0.000000, 0.000000, -0.000000, 1.000000, -0.000000, 0.000000, 0.000000, 0.929726, 0.368251, -0.000000, -0.368251, 0.929726),
      ["LeftUpperArm"] = CFrame.new(0.403596, -0.788570, 0.804449, 0.815578, 0.506053, 0.280610, 0.077759, 0.384695, -0.919763, -0.573398, 0.771959, 0.274399),
      ["LeftUpperLeg"] = CFrame.new(-0.273703, 0.159024, -0.324857, 0.958769, 0.188901, 0.212315, -0.217997, 0.968163, 0.123035, -0.182314, -0.164247, 0.969425),
      ["LowerTorso"] = CFrame.new(0.010497, -0.306281, -0.694948, -0.999921, 0.002595, -0.012313, -0.000020, 0.978180, 0.207761, 0.012583, 0.207744, -0.978102),
      ["RightUpperArm"] = CFrame.new(-0.403445, -0.788582, 0.804554, 0.815954, -0.505477, -0.280558, -0.077965, 0.384650, -0.919764, 0.572836, 0.772358, 0.274447),
      ["RightUpperLeg"] = CFrame.new(0.273707, 0.159022, -0.324856, 0.958769, -0.188901, -0.212315, 0.217997, 0.968163, 0.123035, 0.182314, -0.164247, 0.969425),
      ["рҹҢ§пёҸрҹҳірҹ‘»рҹҸіпёҸвҖҚрҹҢҲрҹҳӮрҹ’һрҹҸҙвҖҚвҳ пёҸрҹҺёрҹҢ§пёҸрҹҳірҹ‘»рҹҸіпёҸвҖҚрҹҢҲрҹҳӮрҹ’һрҹҸҙвҖҚвҳ"] = CFrame.new(-0.000000, 0.000000, 0.000000, 0.993058, -0.117625, 0.000000, 0.117625, 0.993058, 0.000000, 0.000000, 0.000000, 1.000000)
    }},
    { Time = 0.100, Data = {
      ["Head"] = CFrame.new(0.000000, -0.000000, 0.000000, 1.000000, -0.000000, 0.000000, 0.000000, 0.932291, 0.361708, -0.000000, -0.361708, 0.932291),
      ["LeftUpperArm"] = CFrame.new(0.404104, -0.790641, 0.805135, 0.815855, 0.507986, 0.276280, 0.077940, 0.376819, -0.923002, -0.572980, 0.774569, 0.267838),
      ["LeftUpperLeg"] = CFrame.new(-0.273516, 0.169948, -0.323973, 0.958732, 0.189009, 0.212387, -0.218689, 0.967617, 0.126067, -0.181681, -0.167312, 0.969019),
      ["LowerTorso"] = CFrame.new(0.010484, -0.318852, -0.695747, -0.999921, 0.002572, -0.012318, 0.000004, 0.978948, 0.204109, 0.012583, 0.204093, -0.978871),
      ["RightUpperArm"] = CFrame.new(-0.403917, -0.790671, 0.805273, 0.816348, -0.507274, -0.276134, -0.078139, 0.376705, -0.923032, 0.572251, 0.775092, 0.267884),
      ["RightUpperLeg"] = CFrame.new(0.273520, 0.169945, -0.323972, 0.958732, -0.189009, -0.212387, 0.218689, 0.967617, 0.126067, 0.181681, -0.167312, 0.969019),
      ["рҹҢ§пёҸрҹҳірҹ‘»рҹҸіпёҸвҖҚрҹҢҲрҹҳӮрҹ’һрҹҸҙвҖҚвҳ пёҸрҹҺёрҹҢ§пёҸрҹҳірҹ‘»рҹҸіпёҸвҖҚрҹҢҲрҹҳӮрҹ’һрҹҸҙвҖҚвҳ"] = CFrame.new(0.000000, 0.000000, 0.000000, 0.994671, -0.103103, 0.000000, 0.103103, 0.994671, 0.000000, 0.000000, 0.000000, 1.000000)
    }},
    { Time = 0.117, Data = {
      ["Head"] = CFrame.new(0.000000, -0.000000, 0.000000, 1.000000, -0.000000, 0.000000, 0.000000, 0.934590, 0.355726, -0.000000, -0.355726, 0.934590),
      ["LeftUpperArm"] = CFrame.new(0.404702, -0.793029, 0.805889, 0.816147, 0.510257, 0.271187, 0.077993, 0.367740, -0.926652, -0.572557, 0.777435, 0.260333),
      ["LeftUpperLeg"] = CFrame.new(-0.273307, 0.182562, -0.322972, 0.958677, 0.189156, 0.212507, -0.219502, 0.966977, 0.129512, -0.180991, -0.170806, 0.968539),
      ["LowerTorso"] = CFrame.new(0.010469, -0.333349, -0.696726, -0.999921, 0.002546, -0.012323, 0.000031, 0.979807, 0.199945, 0.012583, 0.199929, -0.979730),
      ["RightUpperArm"] = CFrame.new(-0.404427, -0.793059, 0.806084, 0.816828, -0.509211, -0.271102, -0.078378, 0.367625, -0.926665, 0.571532, 0.778174, 0.260375),
      ["RightUpperLeg"] = CFrame.new(0.273311, 0.182560, -0.322972, 0.958677, -0.189156, -0.212507, 0.219502, 0.966977, 0.129512, 0.180991, -0.170806, 0.968539),
      ["рҹҢ§пёҸрҹҳірҹ‘»рҹҸіпёҸвҖҚрҹҢҲрҹҳӮрҹ’һрҹҸҙвҖҚвҳ пёҸрҹҺёрҹҢ§пёҸрҹҳірҹ‘»рҹҸіпёҸвҖҚрҹҢҲрҹҳӮрҹ’һрҹҸҙвҖҚвҳ"] = CFrame.new(0.000000, 0.000000, 0.000000, 0.995978, -0.089598, 0.000000, 0.089598, 0.995978, 0.000000, 0.000000, 0.000000, 1.000000)
    }},
    { Time = 0.133, Data = {
      ["Head"] = CFrame.new(0.000000, 0.000000, 0.000000, 1.000000, -0.000000, 0.000000, 0.000000, 0.936696, 0.350143, -0.000000, -0.350143, 0.936696),
      ["LeftUpperArm"] = CFrame.new(0.405348, -0.795746, 0.806729, 0.816475, 0.512714, 0.265506, 0.078201, 0.357409, -0.930668, -0.572061, 0.780630, 0.251720),
      ["LeftUpperLeg"] = CFrame.new(-0.273068, 0.196767, -0.321865, 0.958621, 0.189256, 0.212669, -0.220354, 0.966258, 0.133379, -0.180250, -0.174723, 0.967978),
      ["LowerTorso"] = CFrame.new(0.010539, -0.349632, -0.697743, -0.999921, 0.002430, -0.012338, -0.000025, 0.980767, 0.195182, 0.012575, 0.195167, -0.980689),
      ["RightUpperArm"] = CFrame.new(-0.404976, -0.795757, 0.806979, 0.817414, -0.511299, -0.265344, -0.078569, 0.357365, -0.930654, 0.570668, 0.781577, 0.251943),
      ["RightUpperLeg"] = CFrame.new(0.273072, 0.196764, -0.321864, 0.958621, -0.189256, -0.212669, 0.220354, 0.966258, 0.133379, 0.180250, -0.174723, 0.967978),
      ["рҹҢ§пёҸрҹҳірҹ‘»рҹҸіпёҸвҖҚрҹҢҲрҹҳӮрҹ’һрҹҸҙвҖҚвҳ пёҸрҹҺёрҹҢ§пёҸрҹҳірҹ‘»рҹҸіпёҸвҖҚрҹҢҲрҹҳӮрҹ’һрҹҸҙвҖҚвҳ"] = CFrame.new(0.000000, 0.000000, 0.000000, 0.997009, -0.077287, 0.000000, 0.077287, 0.997009, 0.000000, 0.000000, 0.000000, 1.000000)
    }},
    { Time = 0.150, Data = {
      ["Head"] = CFrame.new(0.000000, 0.000000, 0.000000, 1.000000, -0.000000, 0.000000, 0.000000, 0.938496, 0.345291, -0.000000, -0.345291, 0.938496),
      ["LeftUpperArm"] = CFrame.new(0.406030, -0.798705, 0.807612, 0.816858, 0.515308, 0.259230, 0.078323, 0.346156, -0.934902, -0.571496, 0.783986, 0.242400),
      ["LeftUpperLeg"] = CFrame.new(-0.272803, 0.212364, -0.320613, 0.958564, 0.189402, 0.212796, -0.221321, 0.965435, 0.137667, -0.179366, -0.179059, 0.967350),
      ["LowerTorso"] = CFrame.new(0.010521, -0.367508, -0.698817, -0.999921, 0.002397, -0.012344, 0.000009, 0.981802, 0.189906, 0.012575, 0.189890, -0.981725),
      ["RightUpperArm"] = CFrame.new(-0.405580, -0.798748, 0.807926, 0.818009, -0.513595, -0.258999, -0.078782, 0.345994, -0.934923, 0.569784, 0.785181, 0.242564),
      ["RightUpperLeg"] = CFrame.new(0.272807, 0.212361, -0.320613, 0.958564, -0.189402, -0.212796, 0.221321, 0.965435, 0.137667, 0.179366, -0.179059, 0.967350),
      ["рҹҢ§пёҸрҹҳірҹ‘»рҹҸіпёҸвҖҚрҹҢҲрҹҳӮрҹ’һрҹҸҙвҖҚвҳ пёҸрҹҺёрҹҢ§пёҸрҹҳірҹ‘»рҹҸіпёҸвҖҚрҹҢҲрҹҳӮрҹ’һрҹҸҙвҖҚвҳ"] = CFrame.new(0.000000, 0.000000, 0.000000, 0.997797, -0.066345, 0.000000, 0.066345, 0.997797, 0.000000, 0.000000, 0.000000, 1.000000)
    }},
    { Time = 0.167, Data = {
      ["Head"] = CFrame.new(0.000000, 0.000000, -0.000000, 1.000000, -0.000000, 0.000000, 0.000000, 0.940060, 0.341010, -0.000000, -0.341010, 0.940060),
      ["LeftUpperArm"] = CFrame.new(0.406752, -0.801964, 0.808547, 0.817294, 0.518052, 0.252295, 0.078423, 0.333766, -0.939388, -0.570859, 0.787543, 0.232157),
      ["LeftUpperLeg"] = CFrame.new(-0.272524, 0.229180, -0.319277, 0.958488, 0.189604, 0.212956, -0.222393, 0.964532, 0.142198, -0.178441, -0.183654, 0.966659),
      ["LowerTorso"] = CFrame.new(0.010502, -0.386753, -0.700049, -0.999921, 0.002362, -0.012351, 0.000045, 0.982873, 0.184284, 0.012575, 0.184269, -0.982795),
      ["RightUpperArm"] = CFrame.new(-0.406214, -0.802006, 0.808918, 0.818636, -0.516005, -0.252139, -0.079053, 0.333604, -0.939393, 0.568846, 0.788953, 0.232309),
      ["RightUpperLeg"] = CFrame.new(0.272528, 0.229178, -0.319277, 0.958488, -0.189604, -0.212956, 0.222393, 0.964532, 0.142198, 0.178441, -0.183654, 0.966659),
      ["рҹҢ§пёҸрҹҳірҹ‘»рҹҸіпёҸвҖҚрҹҢҲрҹҳӮрҹ’һрҹҸҙвҖҚвҳ пёҸрҹҺёрҹҢ§пёҸрҹҳірҹ‘»рҹҸіпёҸвҖҚрҹҢҲрҹҳӮрҹ’һрҹҸҙвҖҚвҳ"] = CFrame.new(0.000000, 0.000000, 0.000000, 0.998382, -0.056863, 0.000000, 0.056863, 0.998382, 0.000000, 0.000000, 0.000000, 1.000000)
    }},
    { Time = 0.183, Data = {
      ["Head"] = CFrame.new(0.000000, 0.000000, -0.000000, 1.000000, -0.000000, 0.000000, 0.000000, 0.941338, 0.337465, -0.000000, -0.337465, 0.941338),
      ["LeftUpperArm"] = CFrame.new(0.407484, -0.805413, 0.809496, 0.817736, 0.520835, 0.245028, 0.078612, 0.320650, -0.943930, -0.570200, 0.791148, 0.221263),
      ["LeftUpperLeg"] = CFrame.new(-0.272218, 0.247070, -0.317823, 0.958430, 0.189777, 0.213067, -0.223486, 0.963547, 0.147073, -0.177389, -0.188576, 0.965905),
      ["LowerTorso"] = CFrame.new(0.010567, -0.407177, -0.701278, -0.999921, 0.002238, -0.012366, -0.000002, 0.983989, 0.178231, 0.012567, 0.178217, -0.983911),
      ["RightUpperArm"] = CFrame.new(-0.406851, -0.805462, 0.809930, 0.819336, -0.518430, -0.244782, -0.079237, 0.320464, -0.943941, 0.567811, 0.792801, 0.221489),
      ["RightUpperLeg"] = CFrame.new(0.272222, 0.247067, -0.317822, 0.958430, -0.189777, -0.213067, 0.223486, 0.963547, 0.147073, 0.177389, -0.188576, 0.965905),
      ["рҹҢ§пёҸрҹҳірҹ‘»рҹҸіпёҸвҖҚрҹҢҲрҹҳӮрҹ’һрҹҸҙвҖҚвҳ пёҸрҹҺёрҹҢ§пёҸрҹҳірҹ‘»рҹҸіпёҸвҖҚрҹҢҲрҹҳӮрҹ’һрҹҸҙвҖҚвҳ"] = CFrame.new(0.000000, 0.000000, 0.000000, 0.998802, -0.048930, 0.000000, 0.048930, 0.998802, 0.000000, 0.000000, 0.000000, 1.000000)
    }},
    { Time = 0.200, Data = {
      ["Head"] = CFrame.new(0.000000, 0.000000, -0.000000, 1.000000, -0.000000, 0.000000, 0.000000, 0.942339, 0.334660, -0.000000, -0.334660, 0.942339),
      ["LeftUpperArm"] = CFrame.new(0.408225, -0.809038, 0.810442, 0.818203, 0.523653, 0.237342, 0.078742, 0.306863, -0.948491, -0.569512, 0.794747, 0.209843),
      ["LeftUpperLeg"] = CFrame.new(-0.271913, 0.265785, -0.316345, 0.958335, 0.189998, 0.213296, -0.224689, 0.962474, 0.152179, -0.176378, -0.193763, 0.965063),
      ["LowerTorso"] = CFrame.new(0.010546, -0.428531, -0.702594, -0.999921, 0.002198, -0.012373, 0.000038, 0.985111, 0.171918, 0.012567, 0.171904, -0.985034),
      ["RightUpperArm"] = CFrame.new(-0.407497, -0.809114, 0.810949, 0.820041, -0.520883, -0.237094, -0.079504, 0.306579, -0.948519, 0.566756, 0.796675, 0.209995),
      ["RightUpperLeg"] = CFrame.new(0.271917, 0.265782, -0.316344, 0.958335, -0.189998, -0.213296, 0.224689, 0.962474, 0.152179, 0.176378, -0.193763, 0.965063),
      ["рҹҢ§пёҸрҹҳірҹ‘»рҹҸіпёҸвҖҚрҹҢҲрҹҳӮрҹ’һрҹҸҙвҖҚвҳ пёҸрҹҺёрҹҢ§пёҸрҹҳірҹ‘»рҹҸіпёҸвҖҚрҹҢҲрҹҳӮрҹ’һрҹҸҙвҖҚвҳ"] = CFrame.new(0.000000, 0.000000, 0.000000, 0.999087, -0.042720, 0.000000, 0.042720, 0.999087, 0.000000, 0.000000, 0.000000, 1.000000)
    }},
    { Time = 0.217, Data = {
      ["Head"] = CFrame.new(0.000000, 0.000000, -0.000000, 1.000000, -0.000000, 0.000000, 0.000000, 0.943070, 0.332596, -0.000000, -0.332596, 0.943070),
      ["LeftUpperArm"] = CFrame.new(0.408964, -0.812812, 0.811375, 0.818672, 0.526464, 0.229373, 0.078901, 0.292515, -0.953000, -0.568815, 0.798292, 0.197935),
      ["LeftUpperLeg"] = CFrame.new(-0.271588, 0.285167, -0.314778, 0.958256, 0.190210, 0.213460, -0.225897, 0.961341, 0.157459, -0.175258, -0.199107, 0.964179),
      ["LowerTorso"] = CFrame.new(0.010602, -0.450574, -0.703999, -0.999920, 0.002078, -0.012473, -0.000014, 0.986222, 0.165428, 0.012645, 0.165415, -0.986143),
      ["RightUpperArm"] = CFrame.new(-0.408124, -0.812887, 0.811954, 0.820793, -0.523269, -0.229101, -0.079707, 0.292230, -0.953021, 0.565637, 0.800494, 0.198152),
      ["RightUpperLeg"] = CFrame.new(0.271592, 0.285164, -0.314778, 0.958256, -0.190210, -0.213460, 0.225897, 0.961341, 0.157459, 0.175258, -0.199107, 0.964179),
      ["рҹҢ§пёҸрҹҳірҹ‘»рҹҸіпёҸвҖҚрҹҢҲрҹҳӮрҹ’һрҹҸҙвҖҚвҳ пёҸрҹҺёрҹҢ§пёҸрҹҳірҹ‘»рҹҸіпёҸвҖҚрҹҢҲрҹҳӮрҹ’һрҹҸҙвҖҚвҳ"] = CFrame.new(0.000000, 0.000000, 0.000000, 0.999269, -0.038234, 0.000000, 0.038234, 0.999269, 0.000000, 0.000000, 0.000000, 1.000000)
    }},
    { Time = 0.233, Data = {
      ["Head"] = CFrame.new(0.000000, 0.000000, -0.000000, 1.000000, -0.000000, 0.000000, 0.000000, 0.943506, 0.331356, -0.000000, -0.331356, 0.943506),
      ["LeftUpperArm"] = CFrame.new(0.409693, -0.816684, 0.812274, 0.819141, 0.529234, 0.221176, 0.079026, 0.277793, -0.957385, -0.568122, 0.801712, 0.185728),
      ["LeftUpperLeg"] = CFrame.new(-0.271254, 0.304997, -0.313182, 0.958177, 0.190412, 0.213636, -0.227109, 0.960162, 0.162821, -0.174122, -0.204529, 0.963249),
      ["LowerTorso"] = CFrame.new(0.010580, -0.473072, -0.705403, -0.999920, 0.002036, -0.012480, 0.000029, 0.987317, 0.158762, 0.012645, 0.158749, -0.987238),
      ["RightUpperArm"] = CFrame.new(-0.408744, -0.816785, 0.812932, 0.821546, -0.525627, -0.220857, -0.079900, 0.277406, -0.957424, 0.564515, 0.804215, 0.185905),
      ["RightUpperLeg"] = CFrame.new(0.271259, 0.304994, -0.313181, 0.958177, -0.190412, -0.213636, 0.227109, 0.960162, 0.162821, 0.174122, -0.204529, 0.963249),
      ["рҹҢ§пёҸрҹҳірҹ‘»рҹҸіпёҸвҖҚрҹҢҲрҹҳӮрҹ’һрҹҸҙвҖҚвҳ пёҸрҹҺёрҹҢ§пёҸрҹҳірҹ‘»рҹҸіпёҸвҖҚрҹҢҲрҹҳӮрҹ’һрҹҸҙвҖҚвҳ"] = CFrame.new(0.000000, 0.000000, 0.000000, 0.999371, -0.035473, 0.000000, 0.035473, 0.999371, 0.000000, 0.000000, 0.000000, 1.000000)
    }},
    { Time = 0.250, Data = {
      ["Head"] = CFrame.new(0.000000, 0.000000, -0.000000, 1.000000, -0.000000, 0.000000, 0.000000, 0.943651, 0.330943, -0.000000, -0.330943, 0.943651),
      ["LeftUpperArm"] = CFrame.new(0.410392, -0.820649, 0.813146, 0.819635, 0.531895, 0.212805, 0.079181, 0.262715, -0.961619, -0.567387, 0.805027, 0.173214),
      ["LeftUpperLeg"] = CFrame.new(-0.270918, 0.325053, -0.311565, 0.958097, 0.190605, 0.213823, -0.228323, 0.958935, 0.168262, -0.172971, -0.210032, 0.962272),
      ["LowerTorso"] = CFrame.new(0.010643, -0.495776, -0.706807, -0.999920, 0.001907, -0.012494, -0.000014, 0.988380, 0.152004, 0.012638, 0.151992, -0.988301),
      ["RightUpperArm"] = CFrame.new(-0.409332, -0.820751, 0.813876, 0.822324, -0.527861, -0.212475, -0.080082, 0.262328, -0.961650, 0.563356, 0.807804, 0.173446),
      ["RightUpperLeg"] = CFrame.new(0.270922, 0.325050, -0.311565, 0.958097, -0.190605, -0.213823, 0.228323, 0.958935, 0.168262, 0.172971, -0.210032, 0.962272),
      ["рҹҢ§пёҸрҹҳірҹ‘»рҹҸіпёҸвҖҚрҹҢҲрҹҳӮрҹ’һрҹҸҙвҖҚвҳ пёҸрҹҺёрҹҢ§пёҸрҹҳірҹ‘»рҹҸіпёҸвҖҚрҹҢҲрҹҳӮрҹ’һрҹҸҙвҖҚвҳ"] = CFrame.new(0.000000, 0.000000, 0.000000, 0.999401, -0.034610, 0.000000, 0.034610, 0.999401, 0.000000, 0.000000, 0.000000, 1.000000)
    }},
    { Time = 0.267, Data = {
      ["Head"] = CFrame.new(0.000000, 0.000000, -0.000000, 1.000000, -0.000000, 0.000000, 0.000000, 0.943506, 0.331356, -0.000000, -0.331356, 0.943506),
      ["LeftUpperArm"] = CFrame.new(0.411050, -0.824601, 0.813962, 0.820153, 0.534394, 0.204380, 0.079236, 0.247687, -0.965594, -0.566630, 0.808130, 0.160798),
      ["LeftUpperLeg"] = CFrame.new(-0.270581, 0.345110, -0.309947, 0.958016, 0.190798, 0.214013, -0.229533, 0.957676, 0.173698, -0.171814, -0.215529, 0.961263),
      ["LowerTorso"] = CFrame.new(0.010621, -0.518446, -0.708120, -0.999920, 0.001864, -0.012500, 0.000030, 0.989409, 0.145156, 0.012638, 0.145144, -0.989330),
      ["RightUpperArm"] = CFrame.new(-0.409860, -0.824696, 0.814773, 0.823152, -0.529871, -0.204102, -0.080218, 0.247325, -0.965606, 0.562126, 0.811213, 0.161081),
      ["RightUpperLeg"] = CFrame.new(0.270586, 0.345107, -0.309946, 0.958016, -0.190798, -0.214013, 0.229533, 0.957676, 0.173698, 0.171814, -0.215529, 0.961263),
      ["рҹҢ§пёҸрҹҳірҹ‘»рҹҸіпёҸвҖҚрҹҢҲрҹҳӮрҹ’һрҹҸҙвҖҚвҳ пёҸрҹҺёрҹҢ§пёҸрҹҳірҹ‘»рҹҸіпёҸвҖҚрҹҢҲрҹҳӮрҹ’һрҹҸҙвҖҚвҳ"] = CFrame.new(0.000000, 0.000000, 0.000000, 0.999371, -0.035473, 0.000000, 0.035473, 0.999371, 0.000000, 0.000000, 0.000000, 1.000000)
    }},
    { Time = 0.283, Data = {
      ["Head"] = CFrame.new(0.000000, 0.000000, -0.000000, 1.000000, -0.000000, 0.000000, 0.000000, 0.943070, 0.332596, -0.000000, -0.332596, 0.943070),
      ["LeftUpperArm"] = CFrame.new(0.411673, -0.828532, 0.814716, 0.820633, 0.536765, 0.196076, 0.079363, 0.232741, -0.969295, -0.565918, 0.810997, 0.148396),
      ["LeftUpperLeg"] = CFrame.new(-0.270250, 0.364944, -0.308336, 0.957934, 0.190991, 0.214206, -0.230738, 0.956385, 0.179130, -0.170651, -0.221020, 0.960223),
      ["LowerTorso"] = CFrame.new(0.010685, -0.540807, -0.709510, -0.999920, 0.001736, -0.012512, -0.000014, 0.990366, 0.138474, 0.012632, 0.138463, -0.990287),
      ["RightUpperArm"] = CFrame.new(-0.410374, -0.828654, 0.815605, 0.823915, -0.531826, -0.195769, -0.080389, 0.232275, -0.969322, 0.560983, 0.814377, 0.148622),
      ["RightUpperLeg"] = CFrame.new(0.270254, 0.364941, -0.308336, 0.957934, -0.190991, -0.214206, 0.230738, 0.956385, 0.179130, 0.170651, -0.221020, 0.960223),
      ["рҹҢ§пёҸрҹҳірҹ‘»рҹҸіпёҸвҖҚрҹҢҲрҹҳӮрҹ’һрҹҸҙвҖҚвҳ пёҸрҹҺёрҹҢ§пёҸрҹҳірҹ‘»рҹҸіпёҸвҖҚрҹҢҲрҹҳӮрҹ’һрҹҸҙвҖҚвҳ"] = CFrame.new(0.000000, 0.000000, 0.000000, 0.999269, -0.038234, 0.000000, 0.038234, 0.999269, 0.000000, 0.000000, 0.000000, 1.000000)
    }},
    { Time = 0.300, Data = {
      ["Head"] = CFrame.new(0.000000, 0.000000, -0.000000, 1.000000, -0.000000, 0.000000, 0.000000, 0.942339, 0.334660, -0.000000, -0.334660, 0.942339),
      ["LeftUpperArm"] = CFrame.new(0.412261, -0.832390, 0.815398, 0.821092, 0.539001, 0.187844, 0.079379, 0.218067, -0.972700, -0.565249, 0.813587, 0.136268),
      ["LeftUpperLeg"] = CFrame.new(-0.269917, 0.384380, -0.306761, 0.957870, 0.191120, 0.214377, -0.231840, 0.955117, 0.184398, -0.169513, -0.226331, 0.959187),
      ["LowerTorso"] = CFrame.new(0.010664, -0.562639, -0.710802, -0.999920, 0.001694, -0.012518, 0.000029, 0.991267, 0.131873, 0.012632, 0.131862, -0.991188),
      ["RightUpperArm"] = CFrame.new(-0.410834, -0.832506, 0.816367, 0.824685, -0.533573, -0.187602, -0.080471, 0.217625, -0.972709, 0.559839, 0.817275, 0.136535),
      ["RightUpperLeg"] = CFrame.new(0.269921, 0.384376, -0.306760, 0.957870, -0.191120, -0.214377, 0.231840, 0.955117, 0.184398, 0.169513, -0.226331, 0.959187),
      ["рҹҢ§пёҸрҹҳірҹ‘»рҹҸіпёҸвҖҚрҹҢҲрҹҳӮрҹ’һрҹҸҙвҖҚвҳ пёҸрҹҺёрҹҢ§пёҸрҹҳірҹ‘»рҹҸіпёҸвҖҚрҹҢҲрҹҳӮрҹ’һрҹҸҙвҖҚвҳ"] = CFrame.new(0.000000, 0.000000, 0.000000, 0.999087, -0.042720, 0.000000, 0.042720, 0.999087, 0.000000, 0.000000, 0.000000, 1.000000)
    }},
    { Time = 0.317, Data = {
      ["Head"] = CFrame.new(0.000000, 0.000000, -0.000000, 1.000000, -0.000000, 0.000000, 0.000000, 0.941338, 0.337465, -0.000000, -0.337465, 0.941338),
      ["LeftUpperArm"] = CFrame.new(0.412766, -0.836126, 0.816031, 0.821613, 0.540916, 0.179892, 0.079431, 0.203862, -0.975772, -0.564484, 0.815996, 0.124530),
      ["LeftUpperLeg"] = CFrame.new(-0.269607, 0.403117, -0.305227, 0.957787, 0.191360, 0.214534, -0.232998, 0.953855, 0.189401, -0.168391, -0.231392, 0.958177),
      ["LowerTorso"] = CFrame.new(0.010729, -0.583694, -0.712084, -0.999921, 0.001568, -0.012529, -0.000017, 0.992091, 0.125525, 0.012627, 0.125515, -0.992012),
      ["RightUpperArm"] = CFrame.new(-0.411257, -0.836277, 0.817061, 0.825418, -0.535180, -0.179631, -0.080551, 0.203287, -0.975800, 0.558745, 0.819913, 0.124688),
      ["RightUpperLeg"] = CFrame.new(0.269611, 0.403113, -0.305226, 0.957787, -0.191360, -0.214534, 0.232998, 0.953855, 0.189401, 0.168391, -0.231392, 0.958177),
      ["рҹҢ§пёҸрҹҳірҹ‘»рҹҸіпёҸвҖҚрҹҢҲрҹҳӮрҹ’һрҹҸҙвҖҚвҳ пёҸрҹҺёрҹҢ§пёҸрҹҳірҹ‘»рҹҸіпёҸвҖҚрҹҢҲрҹҳӮрҹ’һрҹҸҙвҖҚвҳ"] = CFrame.new(0.000000, 0.000000, -0.000000, 0.998802, -0.048930, 0.000000, 0.048930, 0.998802, 0.000000, 0.000000, 0.000000, 1.000000)
    }},
    { Time = 0.333, Data = {
      ["Head"] = CFrame.new(0.000000, 0.000000, -0.000000, 1.000000, -0.000000, 0.000000, 0.000000, 0.940060, 0.341010, -0.000000, -0.341010, 0.940060),
      ["LeftUpperArm"] = CFrame.new(0.413241, -0.839720, 0.816583, 0.822056, 0.542726, 0.172257, 0.079476, 0.190195, -0.978524, -0.563832, 0.818092, 0.113217),
      ["LeftUpperLeg"] = CFrame.new(-0.269311, 0.421020, -0.303792, 0.957705, 0.191526, 0.214753, -0.234063, 0.952622, 0.194231, -0.167378, -0.236281, 0.957160),
      ["LowerTorso"] = CFrame.new(0.010708, -0.603744, -0.713357, -0.999921, 0.001530, -0.012534, 0.000021, 0.992832, 0.119516, 0.012627, 0.119507, -0.992754),
      ["RightUpperArm"] = CFrame.new(-0.411633, -0.839872, 0.817676, 0.826101, -0.536609, -0.172068, -0.080649, 0.189618, -0.978540, 0.557720, 0.822250, 0.113367),
      ["RightUpperLeg"] = CFrame.new(0.269315, 0.421017, -0.303792, 0.957705, -0.191526, -0.214753, 0.234063, 0.952622, 0.194231, 0.167378, -0.236281, 0.957160),
      ["рҹҢ§пёҸрҹҳірҹ‘»рҹҸіпёҸвҖҚрҹҢҲрҹҳӮрҹ’һрҹҸҙвҖҚвҳ пёҸрҹҺёрҹҢ§пёҸрҹҳірҹ‘»рҹҸіпёҸвҖҚрҹҢҲрҹҳӮрҹ’һрҹҸҙвҖҚвҳ"] = CFrame.new(0.000000, 0.000000, 0.000000, 0.998382, -0.056863, 0.000000, 0.056863, 0.998382, 0.000000, 0.000000, 0.000000, 1.000000)
    }},
    { Time = 0.350, Data = {
      ["Head"] = CFrame.new(0.000000, 0.000000, -0.000000, 1.000000, -0.000000, 0.000000, 0.000000, 0.938496, 0.345291, -0.000000, -0.345291, 0.938496),
      ["LeftUpperArm"] = CFrame.new(0.413671, -0.843105, 0.817057, 0.822451, 0.544359, 0.165066, 0.079507, 0.177324, -0.980936, -0.563252, 0.819896, 0.102560),
      ["LeftUpperLeg"] = CFrame.new(-0.269027, 0.437896, -0.302431, 0.957641, 0.191636, 0.214939, -0.235018, 0.951441, 0.198814, -0.166402, -0.240908, 0.956177),
      ["LowerTorso"] = CFrame.new(0.010776, -0.622594, -0.714457, -0.999920, 0.001407, -0.012543, -0.000029, 0.993508, 0.113762, 0.012622, 0.113753, -0.993429),
      ["RightUpperArm"] = CFrame.new(-0.411949, -0.843257, 0.818222, 0.826780, -0.537815, -0.164896, -0.080671, 0.176747, -0.980945, 0.556711, 0.824328, 0.102745),
      ["RightUpperLeg"] = CFrame.new(0.269031, 0.437892, -0.302430, 0.957641, -0.191636, -0.214939, 0.235018, 0.951441, 0.198814, 0.166402, -0.240908, 0.956177),
      ["рҹҢ§пёҸрҹҳірҹ‘»рҹҸіпёҸвҖҚрҹҢҲрҹҳӮрҹ’һрҹҸҙвҖҚвҳ пёҸрҹҺёрҹҢ§пёҸрҹҳірҹ‘»рҹҸіпёҸвҖҚрҹҢҲрҹҳӮрҹ’һрҹҸҙвҖҚвҳ"] = CFrame.new(0.000000, 0.000000, 0.000000, 0.997797, -0.066345, 0.000000, 0.066345, 0.997797, 0.000000, 0.000000, 0.000000, 1.000000)
    }},
    { Time = 0.367, Data = {
      ["Head"] = CFrame.new(0.000000, 0.000000, -0.000000, 1.000000, -0.000000, 0.000000, 0.000000, 0.936696, 0.350143, -0.000000, -0.350143, 0.936696),
      ["LeftUpperArm"] = CFrame.new(0.414027, -0.846238, 0.817475, 0.822872, 0.545713, 0.158364, 0.079489, 0.165408, -0.983017, -0.562640, 0.821485, 0.092732),
      ["LeftUpperLeg"] = CFrame.new(-0.268766, 0.453518, -0.301157, 0.957577, 0.191793, 0.215086, -0.235934, 0.950335, 0.202976, -0.165474, -0.245111, 0.955269),
      ["LowerTorso"] = CFrame.new(0.010758, -0.640021, -0.715566, -0.999920, 0.001374, -0.012547, 0.000005, 0.994094, 0.108521, 0.012622, 0.108512, -0.994015),
      ["RightUpperArm"] = CFrame.new(-0.412234, -0.846398, 0.818687, 0.827370, -0.538898, -0.158267, -0.080699, 0.164803, -0.983020, 0.555830, 0.826093, 0.092864),
      ["RightUpperLeg"] = CFrame.new(0.268770, 0.453514, -0.301156, 0.957577, -0.191793, -0.215086, 0.235934, 0.950335, 0.202976, 0.165474, -0.245111, 0.955269),
      ["рҹҢ§пёҸрҹҳірҹ‘»рҹҸіпёҸвҖҚрҹҢҲрҹҳӮрҹ’һрҹҸҙвҖҚвҳ пёҸрҹҺёрҹҢ§пёҸрҹҳірҹ‘»рҹҸіпёҸвҖҚрҹҢҲрҹҳӮрҹ’һрҹҸҙвҖҚвҳ"] = CFrame.new(0.000000, 0.000000, 0.000000, 0.997009, -0.077287, 0.000000, 0.077287, 0.997009, 0.000000, 0.000000, 0.000000, 1.000000)
    }},
    { Time = 0.383, Data = {
      ["Head"] = CFrame.new(0.000000, -0.000000, 0.000000, 1.000000, -0.000000, 0.000000, 0.000000, 0.934590, 0.355726, -0.000000, -0.355726, 0.934590),
      ["LeftUpperArm"] = CFrame.new(0.414336, -0.849087, 0.817824, 0.823235, 0.546889, 0.152302, 0.079499, 0.154578, -0.984777, -0.562106, 0.822811, 0.083777),
      ["LeftUpperLeg"] = CFrame.new(-0.268531, 0.467706, -0.299976, 0.957512, 0.191988, 0.215201, -0.236818, 0.949290, 0.206800, -0.164585, -0.248977, 0.954423),
      ["LowerTorso"] = CFrame.new(0.010743, -0.655867, -0.716446, -0.999921, 0.001343, -0.012550, 0.000036, 0.994617, 0.103622, 0.012622, 0.103613, -0.994538),
      ["RightUpperArm"] = CFrame.new(-0.412478, -0.849290, 0.819085, 0.827918, -0.539823, -0.152131, -0.080672, 0.153808, -0.984802, 0.555018, 0.827608, 0.083791),
      ["RightUpperLeg"] = CFrame.new(0.268536, 0.467703, -0.299975, 0.957512, -0.191988, -0.215201, 0.236818, 0.949290, 0.206800, 0.164585, -0.248977, 0.954423),
      ["рҹҢ§пёҸрҹҳірҹ‘»рҹҸіпёҸвҖҚрҹҢҲрҹҳӮрҹ’һрҹҸҙвҖҚвҳ пёҸрҹҺёрҹҢ§пёҸрҹҳірҹ‘»рҹҸіпёҸвҖҚрҹҢҲрҹҳӮрҹ’һрҹҸҙвҖҚвҳ"] = CFrame.new(0.000000, 0.000000, 0.000000, 0.995978, -0.089598, 0.000000, 0.089598, 0.995978, 0.000000, 0.000000, 0.000000, 1.000000)
    }},
    { Time = 0.400, Data = {
      ["Head"] = CFrame.new(0.000000, 0.000000, 0.000000, 1.000000, -0.000000, 0.000000, 0.000000, 0.932291, 0.361708, -0.000000, -0.361708, 0.932291),
      ["LeftUpperArm"] = CFrame.new(0.414603, -0.851644, 0.818111, 0.823545, 0.547903, 0.146888, 0.079536, 0.144856, -0.986251, -0.561648, 0.823904, 0.075717),
      ["LeftUpperLeg"] = CFrame.new(-0.268316, 0.480384, -0.298953, 0.957468, 0.192052, 0.215340, -0.237505, 0.948368, 0.210211, -0.163850, -0.252415, 0.953645),
      ["LowerTorso"] = CFrame.new(0.010815, -0.669944, -0.717290, -0.999920, 0.001230, -0.012557, -0.000023, 0.995055, 0.099322, 0.012617, 0.099314, -0.994976),
      ["RightUpperArm"] = CFrame.new(-0.412658, -0.851825, 0.819424, 0.828439, -0.540508, -0.146766, -0.080666, 0.144166, -0.986260, 0.554241, 0.828895, 0.075832),
      ["RightUpperLeg"] = CFrame.new(0.268320, 0.480380, -0.298952, 0.957468, -0.192052, -0.215340, 0.237505, 0.948368, 0.210211, 0.163850, -0.252415, 0.953645),
      ["рҹҢ§пёҸрҹҳірҹ‘»рҹҸіпёҸвҖҚрҹҢҲрҹҳӮрҹ’һрҹҸҙвҖҚвҳ пёҸрҹҺёрҹҢ§пёҸрҹҳірҹ‘»рҹҸіпёҸвҖҚрҹҢҲрҹҳӮрҹ’һрҹҸҙвҖҚвҳ"] = CFrame.new(0.000000, 0.000000, 0.000000, 0.994671, -0.103103, 0.000000, 0.103103, 0.994671, 0.000000, 0.000000, 0.000000, 1.000000)
    }},
    { Time = 0.417, Data = {
      ["Head"] = CFrame.new(0.000000, 0.000000, -0.000000, 1.000000, -0.000000, 0.000000, 0.000000, 0.929726, 0.368251, -0.000000, -0.368251, 0.929726),
      ["LeftUpperArm"] = CFrame.new(0.414826, -0.853846, 0.818339, 0.823803, 0.548752, 0.142196, 0.079529, 0.136482, -0.987445, -0.561270, 0.824769, 0.068793),
      ["LeftUpperLeg"] = CFrame.new(-0.268133, 0.491332, -0.298049, 0.957423, 0.192173, 0.215430, -0.238147, 0.947558, 0.213120, -0.163177, -0.255350, 0.952979),
      ["LowerTorso"] = CFrame.new(0.010803, -0.682108, -0.718042, -0.999920, 0.001207, -0.012559, 0.000000, 0.995418, 0.095623, 0.012617, 0.095616, -0.995339),
      ["RightUpperArm"] = CFrame.new(-0.412826, -0.854042, 0.819689, 0.828839, -0.541146, -0.142083, -0.080652, 0.135736, -0.987457, 0.553644, 0.829902, 0.068859),
      ["RightUpperLeg"] = CFrame.new(0.268137, 0.491328, -0.298048, 0.957423, -0.192173, -0.215430, 0.238147, 0.947558, 0.213120, 0.163177, -0.255350, 0.952979),
      ["рҹҢ§пёҸрҹҳірҹ‘»рҹҸіпёҸвҖҚрҹҢҲрҹҳӮрҹ’һрҹҸҙвҖҚвҳ пёҸрҹҺёрҹҢ§пёҸрҹҳірҹ‘»рҹҸіпёҸвҖҚрҹҢҲрҹҳӮрҹ’һрҹҸҙвҖҚвҳ"] = CFrame.new(0.000000, 0.000000, 0.000000, 0.993058, -0.117625, 0.000000, 0.117625, 0.993058, 0.000000, 0.000000, 0.000000, 1.000000)
    }},
    { Time = 0.433, Data = {
      ["Head"] = CFrame.new(0.000000, 0.000000, 0.000000, 1.000000, -0.000000, 0.000000, 0.000000, 0.926982, 0.375107, -0.000000, -0.375107, 0.926982),
      ["LeftUpperArm"] = CFrame.new(0.415009, -0.855688, 0.818514, 0.824014, 0.549448, 0.138232, 0.079473, 0.129477, -0.988393, -0.560968, 0.825435, 0.063024),
      ["LeftUpperLeg"] = CFrame.new(-0.267983, 0.500460, -0.297312, 0.957381, 0.192247, 0.215554, -0.238678, 0.946861, 0.215608, -0.162650, -0.257867, 0.952392),
      ["LowerTorso"] = CFrame.new(0.010793, -0.692239, -0.718655, -0.999921, 0.001187, -0.012561, 0.000020, 0.995710, 0.092526, 0.012617, 0.092519, -0.995631),
      ["RightUpperArm"] = CFrame.new(-0.412938, -0.855892, 0.819910, 0.829218, -0.541574, -0.138184, -0.080653, 0.128703, -0.988398, 0.553075, 0.830743, 0.063043),
      ["RightUpperLeg"] = CFrame.new(0.267987, 0.500456, -0.297311, 0.957381, -0.192247, -0.215554, 0.238678, 0.946861, 0.215608, 0.162650, -0.257867, 0.952392),
      ["рҹҢ§пёҸрҹҳірҹ‘»рҹҸіпёҸвҖҚрҹҢҲрҹҳӮрҹ’һрҹҸҙвҖҚвҳ пёҸрҹҺёрҹҢ§пёҸрҹҳірҹ‘»рҹҸіпёҸвҖҚрҹҢҲрҹҳӮрҹ’һрҹҸҙвҖҚвҳ"] = CFrame.new(0.000000, 0.000000, 0.000000, 0.991118, -0.132985, 0.000000, 0.132985, 0.991118, 0.000000, 0.000000, 0.000000, 1.000000)
    }},
    { Time = 0.450, Data = {
      ["Head"] = CFrame.new(0.000000, 0.000000, -0.000000, 1.000000, -0.000000, 0.000000, 0.000000, 0.924016, 0.382353, -0.000000, -0.382353, 0.924016),
      ["LeftUpperArm"] = CFrame.new(0.415138, -0.857151, 0.818652, 0.824194, 0.549938, 0.135178, 0.079543, 0.123914, -0.989100, -0.560694, 0.825962, 0.058386),
      ["LeftUpperLeg"] = CFrame.new(-0.267859, 0.507677, -0.296717, 0.957357, 0.192302, 0.215609, -0.239074, 0.946324, 0.217520, -0.162206, -0.259791, 0.951944),
      ["LowerTorso"] = CFrame.new(0.010784, -0.700226, -0.719174, -0.999920, 0.001172, -0.012563, 0.000035, 0.995931, 0.090117, 0.012617, 0.090109, -0.995852),
      ["RightUpperArm"] = CFrame.new(-0.413025, -0.857348, 0.820074, 0.829511, -0.541903, -0.135103, -0.080634, 0.123167, -0.989105, 0.552639, 0.831367, 0.058472),
      ["RightUpperLeg"] = CFrame.new(0.267864, 0.507673, -0.296716, 0.957357, -0.192302, -0.215609, 0.239074, 0.946324, 0.217520, 0.162206, -0.259791, 0.951944),
      ["рҹҢ§пёҸрҹҳірҹ‘»рҹҸіпёҸвҖҚрҹҢҲрҹҳӮрҹ’һрҹҸҙвҖҚвҳ пёҸрҹҺёрҹҢ§пёҸрҹҳірҹ‘»рҹҸіпёҸвҖҚрҹҢҲрҹҳӮрҹ’һрҹҸҙвҖҚвҳ"] = CFrame.new(0.000000, 0.000000, 0.000000, 0.988811, -0.149177, 0.000000, 0.149177, 0.988811, 0.000000, 0.000000, 0.000000, 1.000000)
    }},
    { Time = 0.467, Data = {
      ["Head"] = CFrame.new(0.000000, 0.000000, -0.000000, 1.000000, -0.000000, 0.000000, 0.000000, 0.920923, 0.389744, -0.000000, -0.389744, 0.920923),
      ["LeftUpperArm"] = CFrame.new(0.415230, -0.858216, 0.818748, 0.824330, 0.550289, 0.132896, 0.079525, 0.119862, -0.989600, -0.560495, 0.826326, 0.055044),
      ["LeftUpperLeg"] = CFrame.new(-0.267774, 0.512856, -0.296257, 0.957333, 0.192415, 0.215613, -0.239427, 0.945909, 0.218931, -0.161825, -0.261214, 0.951620),
      ["LowerTorso"] = CFrame.new(0.010865, -0.705997, -0.719482, -0.999920, 0.001074, -0.012568, -0.000040, 0.996093, 0.088309, 0.012613, 0.088302, -0.996014),
      ["RightUpperArm"] = CFrame.new(-0.413102, -0.858406, 0.820178, 0.829676, -0.542195, -0.132897, -0.080654, 0.119142, -0.989596, 0.552388, 0.831763, 0.055119),
      ["RightUpperLeg"] = CFrame.new(0.267778, 0.512852, -0.296256, 0.957333, -0.192415, -0.215613, 0.239427, 0.945909, 0.218931, 0.161825, -0.261214, 0.951620),
      ["рҹҢ§пёҸрҹҳірҹ‘»рҹҸіпёҸвҖҚрҹҢҲрҹҳӮрҹ’һрҹҸҙвҖҚвҳ пёҸрҹҺёрҹҢ§пёҸрҹҳірҹ‘»рҹҸіпёҸвҖҚрҹҢҲрҹҳӮрҹ’һрҹҸҙвҖҚвҳ"] = CFrame.new(0.000000, 0.000000, 0.000000, 0.986165, -0.165766, 0.000000, 0.165766, 0.986165, 0.000000, 0.000000, 0.000000, 1.000000)
    }},
    { Time = 0.483, Data = {
      ["Head"] = CFrame.new(0.000000, 0.000000, -0.000000, 1.000000, -0.000000, 0.000000, 0.000000, 0.917663, 0.397359, -0.000000, -0.397359, 0.917663),
      ["LeftUpperArm"] = CFrame.new(0.415284, -0.858845, 0.818803, 0.824412, 0.550493, 0.131539, 0.079501, 0.117471, -0.989889, -0.560379, 0.826533, 0.053080),
      ["LeftUpperLeg"] = CFrame.new(-0.267724, 0.516015, -0.296035, 0.957314, 0.192404, 0.215708, -0.239582, 0.945678, 0.219756, -0.161708, -0.262055, 0.951408),
      ["LowerTorso"] = CFrame.new(0.010861, -0.709478, -0.719727, -0.999921, 0.001068, -0.012568, -0.000033, 0.996184, 0.087276, 0.012613, 0.087270, -0.996105),
      ["RightUpperArm"] = CFrame.new(-0.413129, -0.859057, 0.820253, 0.829828, -0.542299, -0.131523, -0.080650, 0.116667, -0.989891, 0.552161, 0.832046, 0.053077),
      ["RightUpperLeg"] = CFrame.new(0.267728, 0.516011, -0.296035, 0.957314, -0.192404, -0.215708, 0.239582, 0.945678, 0.219756, 0.161708, -0.262055, 0.951408),
      ["рҹҢ§пёҸрҹҳірҹ‘»рҹҸіпёҸвҖҚрҹҢҲрҹҳӮрҹ’һрҹҸҙвҖҚвҳ пёҸрҹҺёрҹҢ§пёҸрҹҳірҹ‘»рҹҸіпёҸвҖҚрҹҢҲрҹҳӮрҹ’һрҹҸҙвҖҚвҳ"] = CFrame.new(0.000000, 0.000000, 0.000000, 0.983160, -0.182746, 0.000000, 0.182746, 0.983160, 0.000000, 0.000000, 0.000000, 1.000000)
    }},
    { Time = 0.500, Data = {
      ["Head"] = CFrame.new(0.000000, 0.000000, 0.000000, 1.000000, -0.000000, 0.000000, 0.000000, 0.914338, 0.404953, -0.000000, -0.404953, 0.914338),
      ["LeftUpperArm"] = CFrame.new(0.415302, -0.859065, 0.818822, 0.824439, 0.550564, 0.131075, 0.079505, 0.116636, -0.989987, -0.560339, 0.826605, 0.052387),
      ["LeftUpperLeg"] = CFrame.new(-0.267706, 0.517050, -0.295917, 0.957312, 0.192471, 0.215659, -0.239678, 0.945596, 0.220007, -0.161581, -0.262304, 0.951361),
      ["LowerTorso"] = CFrame.new(0.010860, -0.710642, -0.719811, -0.999921, 0.001066, -0.012568, -0.000031, 0.996214, 0.086932, 0.012613, 0.086925, -0.996135),
      ["RightUpperArm"] = CFrame.new(-0.413147, -0.859277, 0.820271, 0.829855, -0.542369, -0.131063, -0.080650, 0.115832, -0.989989, 0.552120, 0.832117, 0.052382),
      ["RightUpperLeg"] = CFrame.new(0.267710, 0.517046, -0.295917, 0.957312, -0.192471, -0.215659, 0.239678, 0.945596, 0.220007, 0.161581, -0.262304, 0.951361),
      ["рҹҢ§пёҸрҹҳірҹ‘»рҹҸіпёҸвҖҚрҹҢҲрҹҳӮрҹ’һрҹҸҙвҖҚвҳ пёҸрҹҺёрҹҢ§пёҸрҹҳірҹ‘»рҹҸіпёҸвҖҚрҹҢҲрҹҳӮрҹ’һрҹҸҙвҖҚвҳ"] = CFrame.new(-0.000000, 0.000000, 0.000000, 0.979825, -0.199856, 0.000000, 0.199856, 0.979825, 0.000000, 0.000000, 0.000000, 1.000000)
    }},
    { Time = 0.517, Data = {
      ["Head"] = CFrame.new(0.000000, 0.000000, -0.000000, 1.000000, -0.000000, 0.000000, 0.000000, 0.910946, 0.412526, -0.000000, -0.412526, 0.910946),
      ["LeftUpperArm"] = CFrame.new(0.415284, -0.858846, 0.818803, 0.824412, 0.550493, 0.131539, 0.079501, 0.117471, -0.989889, -0.560379, 0.826533, 0.053080),
      ["LeftUpperLeg"] = CFrame.new(-0.267724, 0.516015, -0.296035, 0.957314, 0.192404, 0.215708, -0.239582, 0.945678, 0.219756, -0.161708, -0.262055, 0.951408),
      ["LowerTorso"] = CFrame.new(0.010861, -0.709478, -0.719727, -0.999921, 0.001068, -0.012568, -0.000033, 0.996184, 0.087276, 0.012613, 0.087270, -0.996105),
      ["RightUpperArm"] = CFrame.new(-0.413129, -0.859057, 0.820253, 0.829828, -0.542299, -0.131523, -0.080650, 0.116667, -0.989891, 0.552161, 0.832046, 0.053077),
      ["RightUpperLeg"] = CFrame.new(0.267728, 0.516011, -0.296035, 0.957314, -0.192404, -0.215708, 0.239582, 0.945678, 0.219756, 0.161708, -0.262055, 0.951408),
      ["рҹҢ§пёҸрҹҳірҹ‘»рҹҸіпёҸвҖҚрҹҢҲрҹҳӮрҹ’һрҹҸҙвҖҚвҳ пёҸрҹҺёрҹҢ§пёҸрҹҳірҹ‘»рҹҸіпёҸвҖҚрҹҢҲрҹҳӮрҹ’һрҹҸҙвҖҚвҳ"] = CFrame.new(-0.000000, 0.000000, 0.000000, 0.976208, -0.216834, 0.000000, 0.216834, 0.976208, 0.000000, 0.000000, 0.000000, 1.000000)
    }},
    { Time = 0.533, Data = {
