return {
  ["Astros hump 21"] = {
    { Time = 0.000, Data = {
      ["Balls"] = CFrame.new(-0.000000, -0.000001, 0.000000, 0.964862, 0.262756, 0.000000, -0.262756, 0.964862, -0.000000, -0.000000, 0.000000, 1.000000),
      ["Cock"] = CFrame.new(0.000000, 0.000000, 0.000000, 0.998211, 0.059794, 0.000000, -0.059794, 0.998211, -0.000000, -0.000000, 0.000000, 1.000000),
      ["Head"] = CFrame.new(0.000000, 0.000000, 0.000000, 1.000000, -0.000000, 0.000000, 0.000000, 0.950064, 0.312055, -0.000000, -0.312055, 0.950064),
      ["LeftUpperArm"] = CFrame.new(0.010098, -0.638162, 0.070928, 0.899027, 0.038396, 0.436207, 0.426957, 0.144384, -0.892671, -0.097256, 0.988776, 0.113412),
      ["LeftUpperLeg"] = CFrame.new(-0.000333, -0.357569, -0.571181, 1.000000, -0.000000, 0.000000, 0.000000, 0.149818, 0.988714, -0.000000, -0.988714, 0.149818),
      ["LowerTorso"] = CFrame.new(0.000132, -1.250529, -0.996883, -1.000000, -0.000130, 0.000596, -0.000042, 0.989258, 0.146181, -0.000609, 0.146181, -0.989258),
      ["RightUpperArm"] = CFrame.new(-0.009792, -0.648517, 0.072247, 0.953925, -0.037231, -0.297727, -0.292549, 0.105013, -0.950467, 0.066652, 0.993774, 0.089282),
      ["RightUpperLeg"] = CFrame.new(-0.000332, -0.357588, -0.571165, 1.000000, -0.000000, 0.000000, 0.000000, 0.149818, 0.988714, -0.000000, -0.988714, 0.149818)
    }},
    { Time = 0.017, Data = {
      ["Balls"] = CFrame.new(-0.000001, -0.000002, 0.000000, 0.967180, 0.254093, 0.000000, -0.254093, 0.967180, -0.000000, -0.000000, 0.000000, 1.000000),
      ["Cock"] = CFrame.new(0.000000, 0.000000, 0.000000, 0.998211, 0.059794, 0.000000, -0.059794, 0.998211, -0.000000, -0.000000, 0.000000, 1.000000),
      ["Head"] = CFrame.new(0.000000, 0.000000, 0.000000, 1.000000, -0.000000, 0.000000, 0.000000, 0.952009, 0.306070, -0.000000, -0.306070, 0.952009),
      ["LeftUpperArm"] = CFrame.new(0.010086, -0.638257, 0.070539, 0.899027, 0.038447, 0.436203, 0.426968, 0.144163, -0.892701, -0.097206, 0.988807, 0.113191),
      ["LeftUpperLeg"] = CFrame.new(-0.000332, -0.357645, -0.570483, 1.000000, -0.000000, 0.000000, 0.000000, 0.149705, 0.988731, -0.000000, -0.988731, 0.149705),
      ["LowerTorso"] = CFrame.new(0.000132, -1.250542, -0.996243, -1.000000, -0.000130, 0.000596, -0.000042, 0.989271, 0.146095, -0.000609, 0.146095, -0.989270),
      ["RightUpperArm"] = CFrame.new(-0.009780, -0.648598, 0.071854, 0.953925, -0.037266, -0.297723, -0.292557, 0.104784, -0.950490, 0.066617, 0.993797, 0.089053),
      ["RightUpperLeg"] = CFrame.new(-0.000332, -0.357664, -0.570467, 1.000000, -0.000000, 0.000000, 0.000000, 0.149705, 0.988731, -0.000000, -0.988731, 0.149705)
    }},
    { Time = 0.033, Data = {
      ["Balls"] = CFrame.new(-0.000001, -0.000002, 0.000000, 0.969397, 0.245499, 0.000000, -0.245499, 0.969397, -0.000000, -0.000000, 0.000000, 1.000000),
      ["Cock"] = CFrame.new(0.000000, 0.000000, 0.000000, 0.998206, 0.059881, 0.000000, -0.059881, 0.998206, -0.000000, -0.000000, 0.000000, 1.000000),
      ["Head"] = CFrame.new(0.000000, 0.000000, 0.000000, 1.000000, -0.000000, 0.000000, 0.000000, 0.953915, 0.300076, -0.000000, -0.300076, 0.953915),
      ["LeftUpperArm"] = CFrame.new(0.010070, -0.638480, 0.069365, 0.899018, 0.038669, 0.436201, 0.426982, 0.143744, -0.892762, -0.097223, 0.988859, 0.112717),
      ["LeftUpperLeg"] = CFrame.new(-0.000331, -0.357871, -0.568395, 1.000000, -0.000000, 0.000000, 0.000000, 0.149480, 0.988765, -0.000000, -0.988765, 0.149480),
      ["LowerTorso"] = CFrame.new(0.000132, -1.250592, -0.994243, -1.000000, -0.000130, 0.000596, -0.000042, 0.989321, 0.145753, -0.000609, 0.145752, -0.989321),
      ["RightUpperArm"] = CFrame.new(-0.009734, -0.648779, 0.070674, 0.953925, -0.037336, -0.297714, -0.292573, 0.104326, -0.950535, 0.066549, 0.993842, 0.088595),
      ["RightUpperLeg"] = CFrame.new(-0.000331, -0.357891, -0.568378, 1.000000, -0.000000, 0.000000, 0.000000, 0.149480, 0.988765, -0.000000, -0.988765, 0.149480)
    }},
    { Time = 0.050, Data = {
      ["Balls"] = CFrame.new(-0.000001, -0.000002, 0.000000, 0.971495, 0.237059, 0.000000, -0.237059, 0.971495, -0.000000, -0.000000, 0.000000, 1.000000),
      ["Cock"] = CFrame.new(0.000000, 0.000000, 0.000000, 0.998195, 0.060053, 0.000000, -0.060053, 0.998195, -0.000000, -0.000000, 0.000000, 1.000000),
      ["Head"] = CFrame.new(0.000000, 0.000000, 0.000000, 1.000000, -0.000000, 0.000000, 0.000000, 0.955757, 0.294157, -0.000000, -0.294157, 0.955757),
      ["LeftUpperArm"] = CFrame.new(0.010017, -0.638834, 0.067422, 0.899010, 0.038942, 0.436194, 0.427008, 0.143103, -0.892853, -0.097190, 0.988941, 0.112022),
      ["LeftUpperLeg"] = CFrame.new(-0.000329, -0.358246, -0.564941, 1.000000, -0.000000, 0.000000, 0.000000, 0.149029, 0.988833, -0.000000, -0.988833, 0.149029),
      ["LowerTorso"] = CFrame.new(0.000132, -1.250667, -0.990986, -1.000000, -0.000130, 0.000596, -0.000042, 0.989397, 0.145239, -0.000609, 0.145239, -0.989397),
      ["RightUpperArm"] = CFrame.new(-0.009703, -0.649053, 0.068718, 0.953933, -0.037625, -0.297650, -0.292528, 0.103668, -0.950621, 0.066624, 0.993900, 0.087886),
      ["RightUpperLeg"] = CFrame.new(-0.000328, -0.358265, -0.564925, 1.000000, -0.000000, 0.000000, 0.000000, 0.149029, 0.988833, -0.000000, -0.988833, 0.149029)
    }},
    { Time = 0.067, Data = {
      ["Balls"] = CFrame.new(-0.000001, -0.000002, 0.000000, 0.973459, 0.228860, 0.000000, -0.228860, 0.973459, -0.000000, -0.000000, 0.000000, 1.000000),
      ["Cock"] = CFrame.new(-0.000000, 0.000000, 0.000000, 0.998180, 0.060312, 0.000000, -0.060312, 0.998180, -0.000000, -0.000000, 0.000000, 1.000000),
      ["Head"] = CFrame.new(0.000000, -0.000000, -0.000000, 1.000000, -0.000000, 0.000000, 0.000000, 0.957486, 0.288480, -0.000000, -0.288480, 0.957486),
      ["LeftUpperArm"] = CFrame.new(0.009984, -0.639334, 0.064732, 0.899015, 0.039473, 0.436134, 0.426980, 0.142175, -0.893014, -0.097258, 0.989054, 0.110963),
      ["LeftUpperLeg"] = CFrame.new(-0.000326, -0.358765, -0.560158, 1.000000, -0.000000, 0.000000, 0.000000, 0.148579, 0.988901, -0.000000, -0.988901, 0.148579),
      ["LowerTorso"] = CFrame.new(0.000131, -1.250768, -0.986503, -1.000000, -0.000130, 0.000596, -0.000042, 0.989497, 0.144554, -0.000609, 0.144554, -0.989497),
      ["RightUpperArm"] = CFrame.new(-0.009629, -0.649460, 0.066012, 0.953927, -0.037903, -0.297635, -0.292557, 0.102651, -0.950722, 0.066588, 0.993995, 0.086833),
      ["RightUpperLeg"] = CFrame.new(-0.000325, -0.358784, -0.560142, 1.000000, -0.000000, 0.000000, 0.000000, 0.148579, 0.988901, -0.000000, -0.988901, 0.148579)
    }},
    { Time = 0.083, Data = {
      ["Balls"] = CFrame.new(-0.000001, -0.000002, 0.000000, 0.975258, 0.221072, 0.000000, -0.221072, 0.975258, -0.000000, -0.000000, 0.000000, 1.000000),
      ["Cock"] = CFrame.new(0.000000, 0.000000, 0.000000, 0.998159, 0.060656, 0.000000, -0.060656, 0.998159, -0.000000, -0.000000, 0.000000, 1.000000),
      ["Head"] = CFrame.new(0.000000, -0.000000, 0.000000, 1.000000, -0.000000, 0.000000, 0.000000, 0.959106, 0.283046, -0.000000, -0.283046, 0.959106),
      ["LeftUpperArm"] = CFrame.new(0.009926, -0.639991, 0.061327, 0.899021, 0.040082, 0.436067, 0.426971, 0.140913, -0.893219, -0.097250, 0.989210, 0.109570),
      ["LeftUpperLeg"] = CFrame.new(-0.000322, -0.359422, -0.554100, 1.000000, -0.000000, 0.000000, 0.000000, 0.147903, 0.989002, -0.000000, -0.989002, 0.147903),
      ["LowerTorso"] = CFrame.new(0.000131, -1.250905, -0.980749, -1.000000, -0.000130, 0.000596, -0.000043, 0.989634, 0.143612, -0.000609, 0.143611, -0.989634),
      ["RightUpperArm"] = CFrame.new(-0.009556, -0.649962, 0.062583, 0.953914, -0.038338, -0.297621, -0.292588, 0.101420, -0.950845, 0.066639, 0.994105, 0.085528),
      ["RightUpperLeg"] = CFrame.new(-0.000321, -0.359442, -0.554083, 1.000000, -0.000000, 0.000000, 0.000000, 0.147903, 0.989002, -0.000000, -0.989002, 0.147903)
    }},
    { Time = 0.100, Data = {
      ["Balls"] = CFrame.new(-0.000001, -0.000002, 0.000000, 0.976900, 0.213697, 0.000000, -0.213697, 0.976900, -0.000000, -0.000000, 0.000000, 1.000000),
      ["Cock"] = CFrame.new(0.000000, 0.000000, 0.000000, 0.998138, 0.061001, 0.000000, -0.061001, 0.998138, -0.000000, -0.000000, 0.000000, 1.000000),
      ["Head"] = CFrame.new(0.000000, 0.000000, 0.000000, 1.000000, -0.000000, 0.000000, 0.000000, 0.960598, 0.277940, -0.000000, -0.277940, 0.960598),
      ["LeftUpperArm"] = CFrame.new(0.009831, -0.640741, 0.057237, 0.899026, 0.040716, 0.435997, 0.426967, 0.139540, -0.893436, -0.097216, 0.989379, 0.108066),
      ["LeftUpperLeg"] = CFrame.new(-0.000317, -0.360210, -0.546831, 1.000000, -0.000000, 0.000000, 0.000000, 0.147001, 0.989136, -0.000000, -0.989136, 0.147001),
      ["LowerTorso"] = CFrame.new(0.000131, -1.251066, -0.973863, -1.000000, -0.000129, 0.000597, -0.000043, 0.989795, 0.142498, -0.000609, 0.142498, -0.989795),
      ["RightUpperArm"] = CFrame.new(-0.009444, -0.650589, 0.058471, 0.953922, -0.038767, -0.297538, -0.292574, 0.099843, -0.951016, 0.066575, 0.994248, 0.083900),
      ["RightUpperLeg"] = CFrame.new(-0.000317, -0.360230, -0.546815, 1.000000, -0.000000, 0.000000, 0.000000, 0.147001, 0.989136, -0.000000, -0.989136, 0.147001)
    }},
    { Time = 0.117, Data = {
      ["Balls"] = CFrame.new(-0.000001, -0.000002, 0.000000, 0.978360, 0.206908, 0.000000, -0.206908, 0.978360, -0.000000, -0.000000, 0.000000, 1.000000),
      ["Cock"] = CFrame.new(0.000000, 0.000000, 0.000000, 0.998111, 0.061432, 0.000000, -0.061432, 0.998111, -0.000000, -0.000000, 0.000000, 1.000000),
      ["Head"] = CFrame.new(0.000000, 0.000000, 0.000000, 1.000000, -0.000000, 0.000000, 0.000000, 0.961967, 0.273164, -0.000000, -0.273164, 0.961967),
      ["LeftUpperArm"] = CFrame.new(0.009747, -0.641635, 0.052513, 0.899023, 0.041546, 0.435926, 0.426972, 0.137856, -0.893695, -0.097225, 0.989581, 0.106196),
      ["LeftUpperLeg"] = CFrame.new(-0.000312, -0.361122, -0.538433, 1.000000, -0.000000, 0.000000, 0.000000, 0.146099, 0.989270, -0.000000, -0.989270, 0.146099),
      ["LowerTorso"] = CFrame.new(0.000130, -1.251238, -0.965994, -1.000000, -0.000129, 0.000597, -0.000043, 0.989967, 0.141299, -0.000609, 0.141299, -0.989967),
      ["RightUpperArm"] = CFrame.new(-0.009339, -0.651307, 0.053717, 0.953924, -0.039353, -0.297455, -0.292563, 0.098049, -0.951206, 0.066598, 0.994403, 0.082018),
      ["RightUpperLeg"] = CFrame.new(-0.000311, -0.361141, -0.538416, 1.000000, -0.000000, 0.000000, 0.000000, 0.146099, 0.989270, -0.000000, -0.989270, 0.146099)
    }},
    { Time = 0.133, Data = {
      ["Balls"] = CFrame.new(-0.000001, -0.000002, 0.000000, 0.979669, 0.200621, 0.000000, -0.200621, 0.979669, -0.000000, -0.000000, 0.000000, 1.000000),
      ["Cock"] = CFrame.new(-0.000000, 0.000000, 0.000000, 0.998079, 0.061949, 0.000000, -0.061949, 0.998079, -0.000000, -0.000000, 0.000000, 1.000000),
      ["Head"] = CFrame.new(0.000000, 0.000000, 0.000000, 1.000000, -0.000000, 0.000000, 0.000000, 0.963172, 0.268886, -0.000000, -0.268886, 0.963172),
      ["LeftUpperArm"] = CFrame.new(0.009639, -0.642643, 0.047205, 0.899020, 0.042429, 0.435848, 0.426989, 0.135946, -0.893980, -0.097182, 0.989807, 0.104101),
      ["LeftUpperLeg"] = CFrame.new(-0.000305, -0.362145, -0.528996, 1.000000, -0.000000, 0.000000, 0.000000, 0.144971, 0.989436, -0.000000, -0.989436, 0.144971),
      ["LowerTorso"] = CFrame.new(0.000130, -1.251444, -0.957044, -1.000000, -0.000128, 0.000597, -0.000044, 0.990174, 0.139842, -0.000609, 0.139842, -0.990174),
      ["RightUpperArm"] = CFrame.new(-0.009210, -0.652116, 0.048376, 0.953926, -0.039973, -0.297367, -0.292560, 0.096023, -0.951414, 0.066585, 0.994576, 0.079904),
      ["RightUpperLeg"] = CFrame.new(-0.000305, -0.362165, -0.528979, 1.000000, -0.000000, 0.000000, 0.000000, 0.144971, 0.989436, -0.000000, -0.989436, 0.144971)
    }},
    { Time = 0.150, Data = {
      ["Balls"] = CFrame.new(-0.000000, -0.000001, 0.000000, 0.980785, 0.195093, 0.000000, -0.195093, 0.980785, -0.000000, -0.000000, 0.000000, 1.000000),
      ["Cock"] = CFrame.new(0.000000, 0.000000, 0.000000, 0.998047, 0.062467, 0.000000, -0.062467, 0.998047, -0.000000, -0.000000, 0.000000, 1.000000),
      ["Head"] = CFrame.new(0.000000, 0.000000, 0.000000, 1.000000, -0.000000, 0.000000, 0.000000, 0.964242, 0.265024, -0.000000, -0.265024, 0.964242),
      ["LeftUpperArm"] = CFrame.new(0.009535, -0.643726, 0.041366, 0.899007, 0.043457, 0.435772, 0.427004, 0.133946, -0.894274, -0.097232, 0.990035, 0.101862),
      ["LeftUpperLeg"] = CFrame.new(-0.000299, -0.363270, -0.518625, 1.000000, -0.000000, 0.000000, 0.000000, 0.143841, 0.989601, -0.000000, -0.989601, 0.143841),
      ["LowerTorso"] = CFrame.new(0.000130, -1.251661, -0.947264, -1.000000, -0.000128, 0.000597, -0.000044, 0.990390, 0.138300, -0.000609, 0.138300, -0.990390),
      ["RightUpperArm"] = CFrame.new(-0.009074, -0.652983, 0.042502, 0.953906, -0.040670, -0.297336, -0.292618, 0.093879, -0.951610, 0.066616, 0.994753, 0.077651),
      ["RightUpperLeg"] = CFrame.new(-0.000298, -0.363290, -0.518608, 1.000000, -0.000000, 0.000000, 0.000000, 0.143841, 0.989601, -0.000000, -0.989601, 0.143841)
    }},
    { Time = 0.167, Data = {
      ["Balls"] = CFrame.new(-0.000000, -0.000001, 0.000000, 0.981721, 0.190327, 0.000000, -0.190327, 0.981721, -0.000000, -0.000000, 0.000000, 1.000000),
      ["Cock"] = CFrame.new(0.000000, 0.000000, 0.000000, 0.998009, 0.063070, 0.000000, -0.063070, 0.998009, -0.000000, -0.000000, 0.000000, 1.000000),
      ["Head"] = CFrame.new(0.000000, 0.000000, 0.000000, 1.000000, -0.000000, 0.000000, 0.000000, 0.965159, 0.261663, -0.000000, -0.261663, 0.965159),
      ["LeftUpperArm"] = CFrame.new(0.009401, -0.644911, 0.035066, 0.899026, 0.044478, 0.435631, 0.426978, 0.131720, -0.894617, -0.097172, 0.990289, 0.099428),
      ["LeftUpperLeg"] = CFrame.new(-0.000291, -0.364484, -0.507433, 1.000000, -0.000000, 0.000000, 0.000000, 0.142599, 0.989781, -0.000000, -0.989781, 0.142599),
      ["LowerTorso"] = CFrame.new(0.000129, -1.251899, -0.936662, -1.000000, -0.000127, 0.000597, -0.000045, 0.990628, 0.136586, -0.000609, 0.136586, -0.990628),
      ["RightUpperArm"] = CFrame.new(-0.008921, -0.653932, 0.036162, 0.953923, -0.041406, -0.297181, -0.292565, 0.091517, -0.951856, 0.066610, 0.994942, 0.075186),
      ["RightUpperLeg"] = CFrame.new(-0.000291, -0.364504, -0.507415, 1.000000, -0.000000, 0.000000, 0.000000, 0.142599, 0.989781, -0.000000, -0.989781, 0.142599)
    }},
    { Time = 0.183, Data = {
      ["Balls"] = CFrame.new(-0.000000, -0.000001, 0.000000, 0.982504, 0.186240, 0.000000, -0.186240, 0.982504, -0.000000, -0.000000, 0.000000, 1.000000),
      ["Cock"] = CFrame.new(0.000000, 0.000000, 0.000000, 0.997971, 0.063673, 0.000000, -0.063673, 0.997971, -0.000000, -0.000000, 0.000000, 1.000000),
      ["Head"] = CFrame.new(0.000000, 0.000000, 0.000000, 1.000000, -0.000000, 0.000000, 0.000000, 0.965907, 0.258889, -0.000000, -0.258889, 0.965907),
      ["LeftUpperArm"] = CFrame.new(0.009279, -0.646159, 0.028369, 0.899035, 0.045646, 0.435490, 0.426951, 0.129401, -0.894969, -0.097204, 0.990541, 0.096847),
      ["LeftUpperLeg"] = CFrame.new(-0.000284, -0.365774, -0.495542, 1.000000, -0.000000, 0.000000, 0.000000, 0.141241, 0.989975, -0.000000, -0.989975, 0.141241),
      ["LowerTorso"] = CFrame.new(0.000129, -1.252145, -0.925419, -1.000000, -0.000127, 0.000597, -0.000045, 0.990875, 0.134785, -0.000609, 0.134785, -0.990875),
      ["RightUpperArm"] = CFrame.new(-0.008768, -0.654932, 0.029424, 0.953918, -0.042218, -0.297084, -0.292574, 0.089036, -0.952089, 0.066647, 0.995133, 0.072581),
      ["RightUpperLeg"] = CFrame.new(-0.000283, -0.365794, -0.495524, 1.000000, -0.000000, 0.000000, 0.000000, 0.141241, 0.989975, -0.000000, -0.989975, 0.141241)
    }},
    { Time = 0.200, Data = {
      ["Balls"] = CFrame.new(-0.000000, -0.000001, 0.000000, 0.983097, 0.183087, 0.000000, -0.183087, 0.983097, -0.000000, -0.000000, 0.000000, 1.000000),
      ["Cock"] = CFrame.new(0.000000, 0.000000, 0.000000, 0.997932, 0.064277, 0.000000, -0.064277, 0.997932, -0.000000, -0.000000, 0.000000, 1.000000),
      ["Head"] = CFrame.new(0.000000, -0.000000, 0.000000, 1.000000, -0.000000, 0.000000, 0.000000, 0.966491, 0.256702, -0.000000, -0.256702, 0.966491),
      ["LeftUpperArm"] = CFrame.new(0.009151, -0.647496, 0.021355, 0.899044, 0.046865, 0.435342, 0.426936, 0.126854, -0.895340, -0.097185, 0.990814, 0.094040),
      ["LeftUpperLeg"] = CFrame.new(-0.000276, -0.367126, -0.483083, 1.000000, -0.000000, 0.000000, 0.000000, 0.139883, 0.990168, -0.000000, -0.990168, 0.139883),
      ["LowerTorso"] = CFrame.new(0.000042, -1.252388, -0.913723, -1.000000, -0.000040, 0.000603, 0.000040, 0.991118, 0.132985, -0.000603, 0.132985, -0.991118),
      ["RightUpperArm"] = CFrame.new(-0.008586, -0.655981, 0.022364, 0.953934, -0.042990, -0.296921, -0.292530, 0.086436, -0.952342, 0.066606, 0.995329, 0.069878),
      ["RightUpperLeg"] = CFrame.new(-0.000275, -0.367146, -0.483065, 1.000000, -0.000000, 0.000000, 0.000000, 0.139883, 0.990168, -0.000000, -0.990168, 0.139883)
    }},
    { Time = 0.217, Data = {
      ["Balls"] = CFrame.new(-0.000000, -0.000001, 0.000000, 0.983522, 0.180786, 0.000000, -0.180786, 0.983522, -0.000000, -0.000000, 0.000000, 1.000000),
      ["Cock"] = CFrame.new(0.000000, 0.000000, 0.000000, 0.997887, 0.064966, 0.000000, -0.064966, 0.997887, -0.000000, -0.000000, 0.000000, 1.000000),
      ["Head"] = CFrame.new(0.000000, 0.000000, 0.000000, 1.000000, -0.000000, 0.000000, 0.000000, 0.966914, 0.255103, -0.000000, -0.255103, 0.966914),
      ["LeftUpperArm"] = CFrame.new(0.009023, -0.648859, 0.014091, 0.899022, 0.048143, 0.435250, 0.426975, 0.124304, -0.895679, -0.097224, 0.991076, 0.091196),
      ["LeftUpperLeg"] = CFrame.new(-0.000267, -0.368524, -0.470193, 1.000000, -0.000000, 0.000000, 0.000000, 0.138411, 0.990375, -0.000000, -0.990375, 0.138411),
      ["LowerTorso"] = CFrame.new(0.000041, -1.252651, -0.901514, -1.000000, -0.000040, 0.000603, 0.000040, 0.991381, 0.131013, -0.000603, 0.131013, -0.991380),
      ["RightUpperArm"] = CFrame.new(-0.008411, -0.657073, 0.015056, 0.953928, -0.043838, -0.296815, -0.292548, 0.083715, -0.952579, 0.066607, 0.995525, 0.067034),
      ["RightUpperLeg"] = CFrame.new(-0.000267, -0.368544, -0.470175, 1.000000, -0.000000, 0.000000, 0.000000, 0.138411, 0.990375, -0.000000, -0.990375, 0.138411)
    }},
    { Time = 0.233, Data = {
      ["Balls"] = CFrame.new(-0.000000, -0.000001, 0.000000, 0.983772, 0.179422, 0.000000, -0.179422, 0.983772, -0.000000, -0.000000, 0.000000, 1.000000),
      ["Cock"] = CFrame.new(0.000000, 0.000000, 0.000000, 0.997848, 0.065569, 0.000000, -0.065569, 0.997848, -0.000000, -0.000000, 0.000000, 1.000000),
      ["Head"] = CFrame.new(0.000000, -0.000000, 0.000000, 1.000000, -0.000000, 0.000000, 0.000000, 0.967180, 0.254093, -0.000000, -0.254093, 0.967180),
      ["LeftUpperArm"] = CFrame.new(0.008869, -0.650238, 0.006662, 0.899030, 0.049363, 0.435096, 0.426962, 0.121748, -0.896036, -0.097203, 0.991333, 0.088379),
      ["LeftUpperLeg"] = CFrame.new(-0.000259, -0.369954, -0.457011, 1.000000, -0.000000, 0.000000, 0.000000, 0.136824, 0.990595, -0.000000, -0.990595, 0.136824),
      ["LowerTorso"] = CFrame.new(0.000041, -1.252910, -0.889074, -1.000000, -0.000039, 0.000603, 0.000039, 0.991639, 0.129040, -0.000603, 0.129040, -0.991639),
      ["RightUpperArm"] = CFrame.new(-0.008232, -0.658206, 0.007583, 0.953922, -0.044705, -0.296704, -0.292571, 0.080874, -0.952818, 0.066591, 0.995721, 0.064068),
      ["RightUpperLeg"] = CFrame.new(-0.000258, -0.369974, -0.456993, 1.000000, -0.000000, 0.000000, 0.000000, 0.136824, 0.990595, -0.000000, -0.990595, 0.136824)
    }},
    { Time = 0.250, Data = {
      ["Balls"] = CFrame.new(-0.000000, 0.000000, 0.000000, 0.983850, 0.178995, 0.000000, -0.178995, 0.983850, -0.000000, -0.000000, 0.000000, 1.000000),
      ["Cock"] = CFrame.new(0.000000, 0.000000, 0.000000, 0.997802, 0.066259, 0.000000, -0.066259, 0.997802, -0.000000, -0.000000, 0.000000, 1.000000),
      ["Head"] = CFrame.new(0.000000, 0.000000, 0.000000, 1.000000, -0.000000, 0.000000, 0.000000, 0.967268, 0.253756, -0.000000, -0.253756, 0.967268),
      ["LeftUpperArm"] = CFrame.new(0.008732, -0.651655, -0.000850, 0.899006, 0.050669, 0.434995, 0.427010, 0.119076, -0.896373, -0.097215, 0.991591, 0.085414),
      ["LeftUpperLeg"] = CFrame.new(-0.000250, -0.371400, -0.443684, 1.000000, -0.000000, 0.000000, 0.000000, 0.135349, 0.990798, -0.000000, -0.990798, 0.135349),
      ["LowerTorso"] = CFrame.new(0.000040, -1.253164, -0.876516, -1.000000, -0.000038, 0.000603, 0.000038, 0.991894, 0.127067, -0.000603, 0.127067, -0.991894),
      ["RightUpperArm"] = CFrame.new(-0.008048, -0.659345, 0.000025, 0.953916, -0.045571, -0.296592, -0.292594, 0.078028, -0.953048, 0.066574, 0.995909, 0.061099),
      ["RightUpperLeg"] = CFrame.new(-0.000250, -0.371420, -0.443666, 1.000000, -0.000000, 0.000000, 0.000000, 0.135349, 0.990798, -0.000000, -0.990798, 0.135349)
    }},
    { Time = 0.267, Data = {
      ["Balls"] = CFrame.new(-0.000000, -0.000001, 0.000000, 0.983772, 0.179422, 0.000000, -0.179422, 0.983772, -0.000000, -0.000000, 0.000000, 1.000000),
      ["Cock"] = CFrame.new(0.000000, 0.000000, 0.000000, 0.997756, 0.066948, 0.000000, -0.066948, 0.997756, -0.000000, -0.000000, 0.000000, 1.000000),
      ["Head"] = CFrame.new(0.000000, -0.000000, 0.000000, 1.000000, -0.000000, 0.000000, 0.000000, 0.967180, 0.254093, -0.000000, -0.254093, 0.967180),
      ["LeftUpperArm"] = CFrame.new(0.008596, -0.653068, -0.008366, 0.899036, 0.051976, 0.434779, 0.426944, 0.116421, -0.896752, -0.097227, 0.991839, 0.082475),
      ["LeftUpperLeg"] = CFrame.new(-0.000241, -0.372846, -0.430357, 1.000000, -0.000000, 0.000000, 0.000000, 0.133872, 0.990999, -0.000000, -0.990999, 0.133872),
      ["LowerTorso"] = CFrame.new(0.000040, -1.253425, -0.863874, -1.000000, -0.000038, 0.000603, 0.000038, 0.992156, 0.125007, -0.000603, 0.125007, -0.992156),
      ["RightUpperArm"] = CFrame.new(-0.007876, -0.660450, -0.007539, 0.953925, -0.046482, -0.296423, -0.292553, 0.075309, -0.953279, 0.066634, 0.996076, 0.058240),
      ["RightUpperLeg"] = CFrame.new(-0.000241, -0.372865, -0.430339, 1.000000, -0.000000, 0.000000, 0.000000, 0.133872, 0.990999, -0.000000, -0.990999, 0.133872)
    }},
    { Time = 0.283, Data = {
      ["Balls"] = CFrame.new(-0.000000, -0.000001, 0.000000, 0.983522, 0.180786, 0.000000, -0.180786, 0.983522, -0.000000, -0.000000, 0.000000, 1.000000),
      ["Cock"] = CFrame.new(0.000000, 0.000000, 0.000000, 0.997710, 0.067638, 0.000000, -0.067638, 0.997710, -0.000000, -0.000000, 0.000000, 1.000000),
      ["Head"] = CFrame.new(0.000000, 0.000000, 0.000000, 1.000000, -0.000000, 0.000000, 0.000000, 0.966914, 0.255103, -0.000000, -0.255103, 0.966914),
      ["LeftUpperArm"] = CFrame.new(0.008449, -0.654480, -0.015799, 0.899043, 0.053224, 0.434613, 0.426940, 0.113739, -0.897099, -0.097180, 0.992084, 0.079532),
      ["LeftUpperLeg"] = CFrame.new(-0.000233, -0.374276, -0.417176, 1.000000, -0.000000, 0.000000, 0.000000, 0.132395, 0.991197, -0.000000, -0.991197, 0.132395),
      ["LowerTorso"] = CFrame.new(0.000039, -1.253672, -0.851432, -1.000000, -0.000037, 0.000603, 0.000037, 0.992402, 0.123033, -0.000603, 0.123033, -0.992402),
      ["RightUpperArm"] = CFrame.new(-0.007697, -0.661587, -0.015019, 0.953919, -0.047350, -0.296306, -0.292577, 0.072453, -0.953493, 0.066616, 0.996247, 0.055261),
      ["RightUpperLeg"] = CFrame.new(-0.000232, -0.374295, -0.417157, 1.000000, -0.000000, 0.000000, 0.000000, 0.132395, 0.991197, -0.000000, -0.991197, 0.132395)
    }},
    { Time = 0.300, Data = {
      ["Balls"] = CFrame.new(-0.000000, -0.000001, 0.000000, 0.983097, 0.183087, 0.000000, -0.183087, 0.983097, -0.000000, -0.000000, 0.000000, 1.000000),
      ["Cock"] = CFrame.new(0.000000, 0.000000, 0.000000, 0.997663, 0.068327, 0.000000, -0.068327, 0.997663, -0.000000, -0.000000, 0.000000, 1.000000),
      ["Head"] = CFrame.new(0.000000, -0.000000, 0.000000, 1.000000, -0.000000, 0.000000, 0.000000, 0.966491, 0.256702, -0.000000, -0.256702, 0.966491),
      ["LeftUpperArm"] = CFrame.new(0.008315, -0.655819, -0.023075, 0.899018, 0.054480, 0.434510, 0.426979, 0.111277, -0.897389, -0.097240, 0.992295, 0.076779),
      ["LeftUpperLeg"] = CFrame.new(-0.000225, -0.375674, -0.404286, 1.000000, -0.000000, 0.000000, 0.000000, 0.130916, 0.991394, -0.000000, -0.991394, 0.130916),
      ["LowerTorso"] = CFrame.new(0.000038, -1.253905, -0.839306, -1.000000, -0.000037, 0.000603, 0.000037, 0.992635, 0.121145, -0.000603, 0.121145, -0.992635),
      ["RightUpperArm"] = CFrame.new(-0.007522, -0.662685, -0.022337, 0.953912, -0.048200, -0.296190, -0.292599, 0.069710, -0.953691, 0.066615, 0.996402, 0.052394),
      ["RightUpperLeg"] = CFrame.new(-0.000224, -0.375693, -0.404267, 1.000000, -0.000000, 0.000000, 0.000000, 0.130916, 0.991394, -0.000000, -0.991394, 0.130916)
    }},
    { Time = 0.317, Data = {
      ["Balls"] = CFrame.new(-0.000000, -0.000001, 0.000000, 0.982504, 0.186240, 0.000000, -0.186240, 0.982504, -0.000000, -0.000000, 0.000000, 1.000000),
      ["Cock"] = CFrame.new(0.000000, 0.000000, 0.000000, 0.997621, 0.068930, 0.000000, -0.068930, 0.997621, -0.000000, -0.000000, 0.000000, 1.000000),
      ["Head"] = CFrame.new(0.000000, 0.000000, 0.000000, 1.000000, -0.000000, 0.000000, 0.000000, 0.965907, 0.258889, -0.000000, -0.258889, 0.965907),
      ["LeftUpperArm"] = CFrame.new(0.008188, -0.657165, -0.030104, 0.899024, 0.055702, 0.434342, 0.426971, 0.108699, -0.897708, -0.097217, 0.992513, 0.073939),
      ["LeftUpperLeg"] = CFrame.new(-0.000216, -0.377025, -0.391827, 1.000000, -0.000000, 0.000000, 0.000000, 0.129550, 0.991573, -0.000000, -0.991573, 0.129550),
      ["LowerTorso"] = CFrame.new(0.000038, -1.254133, -0.827523, -1.000000, -0.000036, 0.000603, 0.000036, 0.992863, 0.119256, -0.000603, 0.119256, -0.992863),
      ["RightUpperArm"] = CFrame.new(-0.007341, -0.663742, -0.029412, 0.953927, -0.048973, -0.296015, -0.292560, 0.067080, -0.953892, 0.066571, 0.996545, 0.049662),
      ["RightUpperLeg"] = CFrame.new(-0.000216, -0.377045, -0.391807, 1.000000, -0.000000, 0.000000, 0.000000, 0.129550, 0.991573, -0.000000, -0.991573, 0.129550)
    }},
    { Time = 0.333, Data = {
      ["Balls"] = CFrame.new(-0.000000, -0.000001, 0.000000, 0.981721, 0.190327, 0.000000, -0.190327, 0.981721, -0.000000, -0.000000, 0.000000, 1.000000),
      ["Cock"] = CFrame.new(0.000000, 0.000000, 0.000000, 0.997580, 0.069533, 0.000000, -0.069533, 0.997580, -0.000000, -0.000000, 0.000000, 1.000000),
      ["Head"] = CFrame.new(0.000000, 0.000000, 0.000000, 1.000000, -0.000000, 0.000000, 0.000000, 0.965159, 0.261663, -0.000000, -0.261663, 0.965159),
      ["LeftUpperArm"] = CFrame.new(0.008051, -0.658429, -0.036816, 0.899008, 0.056813, 0.434232, 0.427013, 0.106320, -0.897973, -0.097184, 0.992708, 0.071322),
      ["LeftUpperLeg"] = CFrame.new(-0.000209, -0.378315, -0.379936, 1.000000, -0.000000, 0.000000, 0.000000, 0.128182, 0.991751, -0.000000, -0.991751, 0.128182),
      ["LowerTorso"] = CFrame.new(0.000037, -1.254348, -0.816277, -1.000000, -0.000036, 0.000603, 0.000036, 0.993078, 0.117453, -0.000603, 0.117453, -0.993078),
      ["RightUpperArm"] = CFrame.new(-0.007188, -0.664752, -0.036167, 0.953920, -0.049788, -0.295901, -0.292575, 0.064562, -0.954061, 0.066605, 0.996671, 0.047021),
      ["RightUpperLeg"] = CFrame.new(-0.000208, -0.378335, -0.379917, 1.000000, -0.000000, 0.000000, 0.000000, 0.128182, 0.991751, -0.000000, -0.991751, 0.128182)
    }},
    { Time = 0.350, Data = {
      ["Balls"] = CFrame.new(-0.000000, -0.000001, 0.000000, 0.980785, 0.195093, 0.000000, -0.195093, 0.980785, -0.000000, -0.000000, 0.000000, 1.000000),
      ["Cock"] = CFrame.new(0.000000, 0.000000, 0.000000, 0.997537, 0.070137, 0.000000, -0.070137, 0.997537, -0.000000, -0.000000, 0.000000, 1.000000),
      ["Head"] = CFrame.new(0.000000, 0.000000, 0.000000, 1.000000, -0.000000, 0.000000, 0.000000, 0.964242, 0.265024, -0.000000, -0.265024, 0.964242),
      ["LeftUpperArm"] = CFrame.new(0.007927, -0.659590, -0.043139, 0.899045, 0.057873, 0.434014, 0.426930, 0.104186, -0.898263, -0.097204, 0.992873, 0.068960),
      ["LeftUpperLeg"] = CFrame.new(-0.000201, -0.379529, -0.368744, 1.000000, -0.000000, 0.000000, 0.000000, 0.126928, 0.991912, -0.000000, -0.991912, 0.126928),
      ["LowerTorso"] = CFrame.new(0.000037, -1.254550, -0.805671, -1.000000, -0.000035, 0.000603, 0.000035, 0.993280, 0.115736, -0.000603, 0.115736, -0.993280),
      ["RightUpperArm"] = CFrame.new(-0.007032, -0.665681, -0.042527, 0.953935, -0.050508, -0.295731, -0.292525, 0.062276, -0.954228, 0.066613, 0.996780, 0.044632),
      ["RightUpperLeg"] = CFrame.new(-0.000201, -0.379549, -0.368724, 1.000000, -0.000000, 0.000000, 0.000000, 0.126928, 0.991912, -0.000000, -0.991912, 0.126928)
    }},
    { Time = 0.367, Data = {
      ["Balls"] = CFrame.new(-0.000000, -0.000001, 0.000000, 0.979669, 0.200621, 0.000000, -0.200621, 0.979669, -0.000000, -0.000000, 0.000000, 1.000000),
      ["Cock"] = CFrame.new(0.000000, 0.000000, 0.000000, 0.997501, 0.070654, 0.000000, -0.070654, 0.997501, -0.000000, -0.000000, 0.000000, 1.000000),
      ["Head"] = CFrame.new(0.000000, 0.000000, 0.000000, 1.000000, -0.000000, 0.000000, 0.000000, 0.963172, 0.268886, -0.000000, -0.268886, 0.963172),
      ["LeftUpperArm"] = CFrame.new(0.007825, -0.660684, -0.048998, 0.899028, 0.058907, 0.433910, 0.426956, 0.102141, -0.898485, -0.097247, 0.993024, 0.066677),
      ["LeftUpperLeg"] = CFrame.new(-0.000195, -0.380655, -0.358372, 1.000000, -0.000000, 0.000000, 0.000000, 0.125673, 0.992072, -0.000000, -0.992072, 0.125673),
      ["LowerTorso"] = CFrame.new(0.000036, -1.254728, -0.795888, -1.000000, -0.000035, 0.000603, 0.000035, 0.993459, 0.114189, -0.000603, 0.114189, -0.993459),
      ["RightUpperArm"] = CFrame.new(-0.006896, -0.666559, -0.048422, 0.953913, -0.051209, -0.295681, -0.292590, 0.060089, -0.954348, 0.066638, 0.996879, 0.042337),
      ["RightUpperLeg"] = CFrame.new(-0.000194, -0.380674, -0.358352, 1.000000, -0.000000, 0.000000, 0.000000, 0.125673, 0.992072, -0.000000, -0.992072, 0.125673)
    }},
    { Time = 0.383, Data = {
      ["Balls"] = CFrame.new(-0.000000, -0.000001, 0.000000, 0.978360, 0.206908, 0.000000, -0.206908, 0.978360, -0.000000, -0.000000, 0.000000, 1.000000),
      ["Cock"] = CFrame.new(0.000000, 0.000000, 0.000000, 0.997464, 0.071171, 0.000000, -0.071171, 0.997464, -0.000000, -0.000000, 0.000000, 1.000000),
      ["Head"] = CFrame.new(0.000000, 0.000000, 0.000000, 1.000000, -0.000000, 0.000000, 0.000000, 0.961967, 0.273164, -0.000000, -0.273164, 0.961967),
      ["LeftUpperArm"] = CFrame.new(0.007719, -0.661705, -0.054327, 0.899021, 0.059795, 0.433804, 0.426982, 0.100184, -0.898693, -0.097198, 0.993171, 0.064536),
      ["LeftUpperLeg"] = CFrame.new(-0.000189, -0.381678, -0.348936, 1.000000, -0.000000, 0.000000, 0.000000, 0.124645, 0.992201, -0.000000, -0.992201, 0.124645),
      ["LowerTorso"] = CFrame.new(0.000036, -1.254885, -0.787019, -1.000000, -0.000034, 0.000603, 0.000034, 0.993616, 0.112815, -0.000603, 0.112815, -0.993616),
      ["RightUpperArm"] = CFrame.new(-0.006768, -0.667380, -0.053785, 0.953913, -0.051833, -0.295573, -0.292594, 0.058017, -0.954475, 0.066621, 0.996969, 0.040177),
      ["RightUpperLeg"] = CFrame.new(-0.000188, -0.381698, -0.348916, 1.000000, -0.000000, 0.000000, 0.000000, 0.124645, 0.992201, -0.000000, -0.992201, 0.124645)
    }},
    { Time = 0.400, Data = {
      ["Balls"] = CFrame.new(-0.000000, -0.000001, 0.000000, 0.976900, 0.213697, 0.000000, -0.213697, 0.976900, -0.000000, -0.000000, 0.000000, 1.000000),
      ["Cock"] = CFrame.new(0.000000, 0.000000, 0.000000, 0.997433, 0.071601, 0.000000, -0.071601, 0.997433, -0.000000, -0.000000, 0.000000, 1.000000),
      ["Head"] = CFrame.new(0.000000, 0.000000, 0.000000, 1.000000, -0.000000, 0.000000, 0.000000, 0.960598, 0.277940, -0.000000, -0.277940, 0.960598),
      ["LeftUpperArm"] = CFrame.new(0.007629, -0.662581, -0.059075, 0.899013, 0.060605, 0.433707, 0.426992, 0.098566, -0.898867, -0.097225, 0.993283, 0.062734),
      ["LeftUpperLeg"] = CFrame.new(-0.000183, -0.382589, -0.340537, 1.000000, -0.000000, 0.000000, 0.000000, 0.123731, 0.992316, -0.000000, -0.992316, 0.123731),
      ["LowerTorso"] = CFrame.new(0.000036, -1.255031, -0.779061, -1.000000, -0.000034, 0.000603, 0.000034, 0.993761, 0.111526, -0.000603, 0.111526, -0.993761),
      ["RightUpperArm"] = CFrame.new(-0.006643, -0.668079, -0.058561, 0.953935, -0.052343, -0.295413, -0.292529, 0.056296, -0.954598, 0.066597, 0.997041, 0.038391),
      ["RightUpperLeg"] = CFrame.new(-0.000183, -0.382609, -0.340517, 1.000000, -0.000000, 0.000000, 0.000000, 0.123731, 0.992316, -0.000000, -0.992316, 0.123731)
    }},
    { Time = 0.417, Data = {
      ["Balls"] = CFrame.new(-0.000000, -0.000001, 0.000000, 0.975258, 0.221072, 0.000000, -0.221072, 0.975258, -0.000000, -0.000000, 0.000000, 1.000000),
      ["Cock"] = CFrame.new(0.000000, 0.000000, 0.000000, 0.997409, 0.071946, 0.000000, -0.071946, 0.997409, -0.000000, -0.000000, 0.000000, 1.000000),
      ["Head"] = CFrame.new(0.000000, -0.000000, 0.000000, 1.000000, -0.000000, 0.000000, 0.000000, 0.959106, 0.283046, -0.000000, -0.283046, 0.959106),
      ["LeftUpperArm"] = CFrame.new(0.007558, -0.663366, -0.063182, 0.899038, 0.061330, 0.433555, 0.426942, 0.097060, -0.899055, -0.097220, 0.993387, 0.061077),
      ["LeftUpperLeg"] = CFrame.new(-0.000178, -0.383378, -0.333269, 1.000000, -0.000000, 0.000000, 0.000000, 0.122817, 0.992429, -0.000000, -0.992429, 0.122817),
      ["LowerTorso"] = CFrame.new(0.000035, -1.255155, -0.772172, -1.000000, -0.000033, 0.000603, 0.000033, 0.993886, 0.110409, -0.000603, 0.110409, -0.993886),
      ["RightUpperArm"] = CFrame.new(-0.006548, -0.668717, -0.062693, 0.953920, -0.052834, -0.295373, -0.292579, 0.054676, -0.954677, 0.066590, 0.997105, 0.036699),
      ["RightUpperLeg"] = CFrame.new(-0.000178, -0.383398, -0.333249, 1.000000, -0.000000, 0.000000, 0.000000, 0.122817, 0.992429, -0.000000, -0.992429, 0.122817)
    }},
    { Time = 0.433, Data = {
      ["Balls"] = CFrame.new(-0.000000, -0.000001, 0.000000, 0.973459, 0.228860, 0.000000, -0.228860, 0.973459, -0.000000, -0.000000, 0.000000, 1.000000),
      ["Cock"] = CFrame.new(-0.000000, 0.000000, 0.000000, 0.997390, 0.072204, 0.000000, -0.072204, 0.997390, -0.000000, -0.000000, 0.000000, 1.000000),
      ["Head"] = CFrame.new(0.000000, 0.000000, 0.000000, 1.000000, -0.000000, 0.000000, 0.000000, 0.957486, 0.288480, -0.000000, -0.288480, 0.957486),
      ["LeftUpperArm"] = CFrame.new(0.007478, -0.664009, -0.066605, 0.899018, 0.061857, 0.433522, 0.426995, 0.095851, -0.899159, -0.097172, 0.993472, 0.059759),
      ["LeftUpperLeg"] = CFrame.new(-0.000175, -0.384035, -0.327210, 1.000000, -0.000000, 0.000000, 0.000000, 0.122131, 0.992514, -0.000000, -0.992514, 0.122131),
      ["LowerTorso"] = CFrame.new(0.000035, -1.255250, -0.766501, -1.000000, -0.000033, 0.000603, 0.000033, 0.993981, 0.109550, -0.000603, 0.109550, -0.993981),
      ["RightUpperArm"] = CFrame.new(-0.006460, -0.669228, -0.066139, 0.953927, -0.053212, -0.295282, -0.292559, 0.053409, -0.954755, 0.066575, 0.997154, 0.035380),
      ["RightUpperLeg"] = CFrame.new(-0.000174, -0.384055, -0.327190, 1.000000, -0.000000, 0.000000, 0.000000, 0.122131, 0.992514, -0.000000, -0.992514, 0.122131)
    }},
    { Time = 0.450, Data = {
      ["Balls"] = CFrame.new(-0.000000, -0.000001, 0.000000, 0.971495, 0.237059, 0.000000, -0.237059, 0.971495, -0.000000, -0.000000, 0.000000, 1.000000),
      ["Cock"] = CFrame.new(0.000000, 0.000000, 0.000000, 0.997371, 0.072463, 0.000000, -0.072463, 0.997371, -0.000000, -0.000000, 0.000000, 1.000000),
      ["Head"] = CFrame.new(0.000000, 0.000000, 0.000000, 1.000000, -0.000000, 0.000000, 0.000000, 0.955757, 0.294157, -0.000000, -0.294157, 0.955757),
      ["LeftUpperArm"] = CFrame.new(0.007446, -0.664518, -0.069310, 0.899020, 0.062391, 0.433441, 0.426976, 0.094891, -0.899270, -0.097236, 0.993531, 0.058669),
      ["LeftUpperLeg"] = CFrame.new(-0.000171, -0.384554, -0.322428, 1.000000, -0.000000, 0.000000, 0.000000, 0.121673, 0.992570, -0.000000, -0.992570, 0.121673),
      ["LowerTorso"] = CFrame.new(0.000035, -1.255336, -0.761929, -1.000000, -0.000033, 0.000603, 0.000033, 0.994066, 0.108777, -0.000603, 0.108777, -0.994066),
      ["RightUpperArm"] = CFrame.new(-0.006398, -0.669608, -0.068861, 0.953934, -0.053537, -0.295201, -0.292527, 0.052494, -0.954815, 0.066614, 0.997185, 0.034415),
      ["RightUpperLeg"] = CFrame.new(-0.000171, -0.384574, -0.322408, 1.000000, -0.000000, 0.000000, 0.000000, 0.121673, 0.992570, -0.000000, -0.992570, 0.121673)
    }},
    { Time = 0.467, Data = {
      ["Balls"] = CFrame.new(-0.000000, -0.000001, 0.000000, 0.969397, 0.245499, 0.000000, -0.245499, 0.969397, -0.000000, -0.000000, 0.000000, 1.000000),
      ["Cock"] = CFrame.new(0.000000, 0.000000, 0.000000, 0.997359, 0.072635, 0.000000, -0.072635, 0.997359, -0.000000, -0.000000, 0.000000, 1.000000),
      ["Head"] = CFrame.new(0.000000, 0.000000, 0.000000, 1.000000, -0.000000, 0.000000, 0.000000, 0.953915, 0.300076, -0.000000, -0.300076, 0.953915),
      ["LeftUpperArm"] = CFrame.new(0.007394, -0.664878, -0.071263, 0.899010, 0.062668, 0.433422, 0.427006, 0.094228, -0.899326, -0.097199, 0.993576, 0.057953),
      ["LeftUpperLeg"] = CFrame.new(-0.000169, -0.384929, -0.318974, 1.000000, -0.000000, 0.000000, 0.000000, 0.121215, 0.992626, -0.000000, -0.992626, 0.121215),
      ["LowerTorso"] = CFrame.new(0.000035, -1.255392, -0.758671, -1.000000, -0.000033, 0.000603, 0.000033, 0.994123, 0.108261, -0.000603, 0.108261, -0.994122),
      ["RightUpperArm"] = CFrame.new(-0.006356, -0.669923, -0.070825, 0.953927, -0.053783, -0.295180, -0.292552, 0.051683, -0.954852, 0.066610, 0.997214, 0.033567),
      ["RightUpperLeg"] = CFrame.new(-0.000169, -0.384948, -0.318953, 1.000000, -0.000000, 0.000000, 0.000000, 0.121215, 0.992626, -0.000000, -0.992626, 0.121215)
    }},
    { Time = 0.483, Data = {
      ["Balls"] = CFrame.new(-0.000000, -0.000001, 0.000000, 0.967180, 0.254093, 0.000000, -0.254093, 0.967180, -0.000000, -0.000000, 0.000000, 1.000000),
      ["Cock"] = CFrame.new(0.000000, 0.000000, 0.000000, 0.997346, 0.072807, 0.000000, -0.072807, 0.997346, -0.000000, -0.000000, 0.000000, 1.000000),
      ["Head"] = CFrame.new(0.000000, 0.000000, -0.000000, 1.000000, -0.000000, 0.000000, 0.000000, 0.952009, 0.306070, -0.000000, -0.306070, 0.952009),
      ["LeftUpperArm"] = CFrame.new(0.007362, -0.665104, -0.072442, 0.899032, 0.062832, 0.433352, 0.426969, 0.093794, -0.899389, -0.097156, 0.993607, 0.057496),
      ["LeftUpperLeg"] = CFrame.new(-0.000168, -0.385155, -0.316886, 1.000000, -0.000000, 0.000000, 0.000000, 0.120986, 0.992654, -0.000000, -0.992654, 0.120986),
      ["LowerTorso"] = CFrame.new(0.000035, -1.255429, -0.756669, -1.000000, -0.000033, 0.000603, 0.000033, 0.994160, 0.107917, -0.000603, 0.107917, -0.994160),
      ["RightUpperArm"] = CFrame.new(-0.006326, -0.670108, -0.072012, 0.953905, -0.053915, -0.295227, -0.292626, 0.051211, -0.954855, 0.066599, 0.997231, 0.033073),
      ["RightUpperLeg"] = CFrame.new(-0.000167, -0.385175, -0.316866, 1.000000, -0.000000, 0.000000, 0.000000, 0.120986, 0.992654, -0.000000, -0.992654, 0.120986)
    }},
    { Time = 0.500, Data = {
      ["Balls"] = CFrame.new(-0.000000, -0.000001, 0.000000, 0.964862, 0.262756, 0.000000, -0.262756, 0.964862, -0.000000, -0.000000, 0.000000, 1.000000),
      ["Cock"] = CFrame.new(0.000000, 0.000000, 0.000000, 0.997346, 0.072807, 0.000000, -0.072807, 0.997346, -0.000000, -0.000000, 0.000000, 1.000000),
      ["Head"] = CFrame.new(0.000000, 0.000000, 0.000000, 1.000000, -0.000000, 0.000000, 0.000000, 0.950064, 0.312055, -0.000000, -0.312055, 0.950064),
      ["LeftUpperArm"] = CFrame.new(0.007376, -0.665166, -0.072840, 0.899022, 0.062978, 0.433352, 0.426970, 0.093702, -0.899398, -0.097248, 0.993607, 0.057350),
