return {
  ["Astros sitting pleasing"] = {
    { Time = 0.000, Data = {
      ["Cock"] = CFrame.new(0.000000, 0.000000, 0.000000, 0.552784, 0.833324, 0.000000, -0.833324, 0.552784, -0.000000, -0.000000, 0.000000, 1.000000),
      ["Head"] = CFrame.new(0.000000, -0.002484, 0.009193, 1.000000, 0.000000, 0.000000, 0.000000, 0.863944, -0.503588, 0.000000, 0.503588, 0.863944),
      ["LeftUpperArm"] = CFrame.new(-0.011012, -0.242623, 0.027247, 0.981447, -0.041879, 0.187103, -0.083111, 0.786482, 0.611996, -0.172783, -0.616192, 0.768410),
      ["LeftUpperLeg"] = CFrame.new(-0.185071, 0.165342, -0.211802, 0.963715, 0.104753, 0.245520, 0.074300, 0.778163, -0.623651, -0.256384, 0.619264, 0.742145),
      ["LowerTorso"] = CFrame.new(-0.000003, -1.688889, 0.616336, 1.000000, 0.000000, 0.000000, 0.000000, 0.886886, -0.461988, 0.000000, 0.461988, 0.886886),
      ["RightUpperArm"] = CFrame.new(0.011012, -0.242623, 0.027247, 0.981447, 0.041879, -0.187103, 0.083111, 0.786482, 0.611996, 0.172783, -0.616192, 0.768410),
      ["RightUpperLeg"] = CFrame.new(0.185076, 0.165354, -0.211797, 0.963715, -0.104753, -0.245520, -0.074300, 0.778163, -0.623651, 0.256384, 0.619264, 0.742145)
    }},
    { Time = 0.017, Data = {
      ["Cock"] = CFrame.new(-0.000000, 0.000000, 0.000000, 0.552784, 0.833324, 0.000000, -0.833324, 0.552784, -0.000000, -0.000000, 0.000000, 1.000000),
      ["Head"] = CFrame.new(0.000000, -0.002484, 0.009193, 1.000000, 0.000000, 0.000000, 0.000000, 0.863899, -0.503665, 0.000000, 0.503665, 0.863899),
      ["LeftUpperArm"] = CFrame.new(-0.011012, -0.242623, 0.027247, 0.981447, -0.041879, 0.187103, -0.083111, 0.786482, 0.611996, -0.172783, -0.616192, 0.768410),
      ["LeftUpperLeg"] = CFrame.new(-0.185071, 0.165341, -0.211803, 0.963715, 0.104753, 0.245520, 0.074300, 0.778163, -0.623651, -0.256384, 0.619264, 0.742145),
      ["LowerTorso"] = CFrame.new(-0.000003, -1.688889, 0.616336, 1.000000, 0.000000, 0.000000, 0.000000, 0.886886, -0.461988, 0.000000, 0.461988, 0.886886),
      ["RightUpperArm"] = CFrame.new(0.011012, -0.242623, 0.027247, 0.981447, 0.041879, -0.187103, 0.083111, 0.786482, 0.611996, 0.172783, -0.616192, 0.768410),
      ["RightUpperLeg"] = CFrame.new(0.185076, 0.165353, -0.211798, 0.963715, -0.104753, -0.245520, -0.074300, 0.778163, -0.623651, 0.256384, 0.619264, 0.742145)
    }},
    { Time = 0.033, Data = {
      ["Cock"] = CFrame.new(0.000000, 0.000000, 0.000000, 0.552621, 0.833433, 0.000000, -0.833433, 0.552621, -0.000000, -0.000000, 0.000000, 1.000000),
      ["Head"] = CFrame.new(0.000000, -0.002484, 0.009193, 1.000000, 0.000000, 0.000000, 0.000000, 0.863764, -0.503897, 0.000000, 0.503897, 0.863764),
      ["LeftUpperArm"] = CFrame.new(-0.011033, -0.242623, 0.027249, 0.981449, -0.041960, 0.187075, -0.083030, 0.786484, 0.612005, -0.172811, -0.616184, 0.768410),
      ["LeftUpperLeg"] = CFrame.new(-0.185071, 0.165348, -0.211801, 0.963715, 0.104764, 0.245515, 0.074312, 0.778106, -0.623722, -0.256380, 0.619335, 0.742087),
      ["LowerTorso"] = CFrame.new(-0.000003, -1.688889, 0.616336, 1.000000, 0.000000, 0.000000, 0.000000, 0.886886, -0.461988, 0.000000, 0.461988, 0.886886),
      ["RightUpperArm"] = CFrame.new(0.011033, -0.242623, 0.027249, 0.981449, 0.041960, -0.187075, 0.083030, 0.786484, 0.612005, 0.172811, -0.616184, 0.768410),
      ["RightUpperLeg"] = CFrame.new(0.185076, 0.165360, -0.211796, 0.963715, -0.104764, -0.245515, -0.074312, 0.778106, -0.623722, 0.256380, 0.619335, 0.742087)
    }},
    { Time = 0.050, Data = {
      ["Cock"] = CFrame.new(-0.000000, 0.000000, 0.000000, 0.552049, 0.833812, 0.000000, -0.833812, 0.552049, -0.000000, -0.000000, 0.000000, 1.000000),
      ["Head"] = CFrame.new(0.000000, -0.002484, 0.009193, 1.000000, 0.000000, 0.000000, 0.000000, 0.863583, -0.504206, 0.000000, 0.504206, 0.863583),
      ["LeftUpperArm"] = CFrame.new(-0.011031, -0.242608, 0.027268, 0.981449, -0.041952, 0.187077, -0.083022, 0.786540, 0.611933, -0.172815, -0.616113, 0.768466),
      ["LeftUpperLeg"] = CFrame.new(-0.185071, 0.165359, -0.211797, 0.963715, 0.104787, 0.245505, 0.074336, 0.777991, -0.623862, -0.256373, 0.619475, 0.741972),
      ["LowerTorso"] = CFrame.new(-0.000003, -1.688971, 0.616493, 1.000000, 0.000000, 0.000000, 0.000000, 0.886968, -0.461831, 0.000000, 0.461831, 0.886968),
      ["RightUpperArm"] = CFrame.new(0.011031, -0.242608, 0.027268, 0.981449, 0.041952, -0.187077, 0.083022, 0.786540, 0.611933, 0.172815, -0.616113, 0.768466),
      ["RightUpperLeg"] = CFrame.new(0.185076, 0.165371, -0.211792, 0.963715, -0.104787, -0.245505, -0.074336, 0.777991, -0.623862, 0.256373, 0.619475, 0.741972)
    }},
    { Time = 0.067, Data = {
      ["Cock"] = CFrame.new(0.000000, 0.000000, 0.000000, 0.551068, 0.834460, 0.000000, -0.834460, 0.551068, -0.000000, -0.000000, 0.000000, 1.000000),
      ["Head"] = CFrame.new(0.000000, -0.002484, 0.009193, 1.000000, 0.000000, 0.000000, 0.000000, 0.863268, -0.504747, 0.000000, 0.504747, 0.863268),
      ["LeftUpperArm"] = CFrame.new(-0.011027, -0.242578, 0.027305, 0.981449, -0.041934, 0.187080, -0.083006, 0.786653, 0.611790, -0.172822, -0.615970, 0.768579),
      ["LeftUpperLeg"] = CFrame.new(-0.185071, 0.165377, -0.211792, 0.963715, 0.104821, 0.245491, 0.074371, 0.777819, -0.624073, -0.256363, 0.619686, 0.741800),
      ["LowerTorso"] = CFrame.new(-0.000003, -1.689053, 0.616652, 1.000000, 0.000000, 0.000000, 0.000000, 0.887050, -0.461673, 0.000000, 0.461673, 0.887050),
      ["RightUpperArm"] = CFrame.new(0.011027, -0.242578, 0.027305, 0.981449, 0.041934, -0.187080, 0.083006, 0.786653, 0.611790, 0.172822, -0.615970, 0.768579),
      ["RightUpperLeg"] = CFrame.new(0.185076, 0.165389, -0.211787, 0.963715, -0.104821, -0.245491, -0.074371, 0.777819, -0.624073, 0.256363, 0.619686, 0.741800)
    }},
    { Time = 0.083, Data = {
      ["Cock"] = CFrame.new(0.000000, -0.000000, 0.000000, 0.549431, 0.835539, 0.000000, -0.835539, 0.549431, -0.000000, -0.000000, 0.000000, 1.000000),
      ["Head"] = CFrame.new(0.000000, -0.002484, 0.009193, 1.000000, 0.000000, 0.000000, 0.000000, 0.862861, -0.505441, 0.000000, 0.505441, 0.862861),
      ["LeftUpperArm"] = CFrame.new(-0.011041, -0.242533, 0.027364, 0.981451, -0.041990, 0.187058, -0.082901, 0.786824, 0.611585, -0.172862, -0.615748, 0.768748),
      ["LeftUpperLeg"] = CFrame.new(-0.185071, 0.165419, -0.211780, 0.963715, 0.104900, 0.245457, 0.074454, 0.777416, -0.624565, -0.256339, 0.620178, 0.741397),
      ["LowerTorso"] = CFrame.new(-0.000003, -1.689258, 0.617046, 1.000000, 0.000000, 0.000000, 0.000000, 0.887255, -0.461279, 0.000000, 0.461279, 0.887255),
      ["RightUpperArm"] = CFrame.new(0.011041, -0.242533, 0.027364, 0.981451, 0.041990, -0.187058, 0.082901, 0.786824, 0.611585, 0.172862, -0.615748, 0.768748),
      ["RightUpperLeg"] = CFrame.new(0.185076, 0.165431, -0.211775, 0.963715, -0.104900, -0.245457, -0.074454, 0.777416, -0.624565, 0.256339, 0.620178, 0.741397)
    }},
    { Time = 0.100, Data = {
      ["Cock"] = CFrame.new(0.000000, 0.000000, 0.000000, 0.546969, 0.837153, 0.000000, -0.837153, 0.546969, -0.000000, -0.000000, 0.000000, 1.000000),
      ["Head"] = CFrame.new(0.000000, -0.002484, 0.009193, 1.000000, 0.000000, 0.000000, 0.000000, 0.862409, -0.506213, 0.000000, 0.506213, 0.862409),
      ["LeftUpperArm"] = CFrame.new(-0.011030, -0.242459, 0.027458, 0.981451, -0.041947, 0.187068, -0.082861, 0.787105, 0.611228, -0.172881, -0.615391, 0.769029),
      ["LeftUpperLeg"] = CFrame.new(-0.185070, 0.165512, -0.211751, 0.963717, 0.104922, 0.245442, 0.074641, 0.776899, -0.625186, -0.256279, 0.620822, 0.740878),
      ["LowerTorso"] = CFrame.new(-0.000003, -1.689504, 0.617521, 1.000000, 0.000000, 0.000000, 0.000000, 0.887501, -0.460806, 0.000000, 0.460806, 0.887501),
      ["RightUpperArm"] = CFrame.new(0.011030, -0.242459, 0.027458, 0.981451, 0.041947, -0.187068, 0.082861, 0.787105, 0.611228, 0.172881, -0.615391, 0.769029),
      ["RightUpperLeg"] = CFrame.new(0.185075, 0.165525, -0.211746, 0.963717, -0.104922, -0.245442, -0.074641, 0.776899, -0.625186, 0.256279, 0.620822, 0.740878)
    }},
    { Time = 0.117, Data = {
      ["Cock"] = CFrame.new(-0.000000, 0.000000, 0.000000, 0.543511, 0.839402, 0.000000, -0.839402, 0.543511, -0.000000, -0.000000, 0.000000, 1.000000),
      ["Head"] = CFrame.new(0.000000, -0.002484, 0.009193, 1.000000, 0.000000, 0.000000, 0.000000, 0.861819, -0.507216, 0.000000, 0.507216, 0.861819),
      ["LeftUpperArm"] = CFrame.new(-0.011036, -0.242355, 0.027592, 0.981453, -0.041968, 0.187053, -0.082725, 0.787501, 0.610736, -0.172936, -0.614883, 0.769423),
      ["LeftUpperLeg"] = CFrame.new(-0.185070, 0.165590, -0.211728, 0.963717, 0.105070, 0.245379, 0.074796, 0.776148, -0.626098, -0.256234, 0.621735, 0.740128),
      ["LowerTorso"] = CFrame.new(-0.000003, -1.689913, 0.618311, 1.000000, 0.000000, 0.000000, 0.000000, 0.887910, -0.460017, 0.000000, 0.460017, 0.887910),
      ["RightUpperArm"] = CFrame.new(0.011035, -0.242355, 0.027592, 0.981453, 0.041968, -0.187053, 0.082725, 0.787501, 0.610736, 0.172936, -0.614883, 0.769423),
      ["RightUpperLeg"] = CFrame.new(0.185075, 0.165602, -0.211723, 0.963717, -0.105070, -0.245379, -0.074796, 0.776148, -0.626098, 0.256234, 0.621735, 0.740128)
    }},
    { Time = 0.133, Data = {
      ["Cock"] = CFrame.new(-0.000000, 0.000000, 0.000000, 0.538881, 0.842382, 0.000000, -0.842382, 0.538881, -0.000000, -0.000000, 0.000000, 1.000000),
      ["Head"] = CFrame.new(0.000000, -0.002484, 0.009193, 1.000000, 0.000000, 0.000000, 0.000000, 0.861183, -0.508295, 0.000000, 0.508295, 0.861183),
      ["LeftUpperArm"] = CFrame.new(-0.011056, -0.242206, 0.027784, 0.981457, -0.042045, 0.187016, -0.082483, 0.788067, 0.610039, -0.173030, -0.614152, 0.769985),
      ["LeftUpperLeg"] = CFrame.new(-0.185070, 0.165731, -0.211684, 0.963718, 0.105182, 0.245325, 0.075078, 0.775167, -0.627279, -0.256147, 0.622939, 0.739146),
      ["LowerTorso"] = CFrame.new(-0.000003, -1.690403, 0.619259, 1.000000, 0.000000, 0.000000, 0.000000, 0.888400, -0.459070, 0.000000, 0.459070, 0.888400),
      ["RightUpperArm"] = CFrame.new(0.011055, -0.242206, 0.027785, 0.981457, 0.042045, -0.187016, 0.082483, 0.788067, 0.610039, 0.173030, -0.614152, 0.769985),
      ["RightUpperLeg"] = CFrame.new(0.185074, 0.165743, -0.211679, 0.963718, -0.105182, -0.245325, -0.075078, 0.775167, -0.627279, 0.256147, 0.622939, 0.739146)
    }},
    { Time = 0.150, Data = {
      ["Cock"] = CFrame.new(0.000000, -0.000000, 0.000000, 0.532976, 0.846130, 0.000000, -0.846130, 0.532976, -0.000000, -0.000000, 0.000000, 1.000000),
      ["Head"] = CFrame.new(0.000000, -0.002484, 0.009193, 1.000000, 0.000000, 0.000000, 0.000000, 0.860409, -0.509604, 0.000000, 0.509604, 0.860409),
      ["LeftUpperArm"] = CFrame.new(-0.011079, -0.242028, 0.028015, 0.981444, -0.042132, 0.187064, -0.082253, 0.788744, 0.609194, -0.173212, -0.613276, 0.770642),
      ["LeftUpperLeg"] = CFrame.new(-0.185068, 0.165943, -0.211617, 0.963721, 0.105271, 0.245276, 0.075499, 0.773895, -0.628798, -0.256012, 0.624503, 0.737871),
      ["LowerTorso"] = CFrame.new(-0.000003, -1.691055, 0.620525, 1.000000, 0.000000, 0.000000, 0.000000, 0.889052, -0.457807, 0.000000, 0.457807, 0.889052),
      ["RightUpperArm"] = CFrame.new(0.011078, -0.242028, 0.028015, 0.981444, 0.042132, -0.187064, 0.082253, 0.788744, 0.609194, 0.173212, -0.613276, 0.770642),
      ["RightUpperLeg"] = CFrame.new(0.185073, 0.165955, -0.211612, 0.963721, -0.105271, -0.245276, -0.075499, 0.773895, -0.628798, 0.256012, 0.624503, 0.737871)
    }},
    { Time = 0.167, Data = {
      ["Cock"] = CFrame.new(0.000000, 0.000000, 0.000000, 0.525522, 0.850780, 0.000000, -0.850780, 0.525522, -0.000000, -0.000000, 0.000000, 1.000000),
      ["Head"] = CFrame.new(0.000000, -0.002484, 0.009193, 1.000000, 0.000000, 0.000000, 0.000000, 0.859587, -0.510990, 0.000000, 0.510990, 0.859587),
      ["LeftUpperArm"] = CFrame.new(-0.011090, -0.241821, 0.028283, 0.981447, -0.042174, 0.187035, -0.081979, 0.789532, 0.608209, -0.173321, -0.612258, 0.771427),
      ["LeftUpperLeg"] = CFrame.new(-0.185068, 0.166149, -0.211553, 0.963722, 0.105508, 0.245169, 0.075912, 0.772269, -0.630744, -0.255885, 0.626474, 0.736243),
      ["LowerTorso"] = CFrame.new(-0.000003, -1.691826, 0.622029, 1.000000, 0.000000, 0.000000, 0.000000, 0.889823, -0.456306, 0.000000, 0.456306, 0.889823),
      ["RightUpperArm"] = CFrame.new(0.011090, -0.241820, 0.028284, 0.981447, 0.042174, -0.187035, 0.081979, 0.789532, 0.608209, 0.173321, -0.612258, 0.771427),
      ["RightUpperLeg"] = CFrame.new(0.185072, 0.166161, -0.211549, 0.963722, -0.105508, -0.245169, -0.075912, 0.772269, -0.630744, 0.255885, 0.626474, 0.736243)
    }},
    { Time = 0.183, Data = {
      ["Cock"] = CFrame.new(0.000000, -0.000000, 0.000000, 0.516312, 0.856401, 0.000000, -0.856401, 0.516312, -0.000000, -0.000000, 0.000000, 1.000000),
      ["Head"] = CFrame.new(0.000000, -0.002484, 0.009193, 1.000000, 0.000000, 0.000000, 0.000000, 0.858670, -0.512528, 0.000000, 0.512528, 0.858670),
      ["LeftUpperArm"] = CFrame.new(-0.011111, -0.241540, 0.028648, 0.981453, -0.042255, 0.186988, -0.081585, 0.790600, 0.606874, -0.173477, -0.610874, 0.772489),
      ["LeftUpperLeg"] = CFrame.new(-0.185066, 0.166426, -0.211466, 0.963725, 0.105723, 0.245066, 0.076464, 0.770345, -0.633026, -0.255710, 0.628801, 0.734317),
      ["LowerTorso"] = CFrame.new(-0.000003, -1.692836, 0.624009, 1.000000, 0.000000, 0.000000, 0.000000, 0.890834, -0.454330, 0.000000, 0.454330, 0.890834),
      ["RightUpperArm"] = CFrame.new(0.011111, -0.241539, 0.028649, 0.981453, 0.042255, -0.186988, 0.081585, 0.790600, 0.606874, 0.173477, -0.610874, 0.772489),
      ["RightUpperLeg"] = CFrame.new(0.185071, 0.166437, -0.211461, 0.963725, -0.105723, -0.245066, -0.076464, 0.770345, -0.633026, 0.255710, 0.628801, 0.734317)
    }},
    { Time = 0.200, Data = {
      ["Cock"] = CFrame.new(0.000000, 0.000000, 0.000000, 0.505297, 0.862945, 0.000000, -0.862945, 0.505297, -0.000000, -0.000000, 0.000000, 1.000000),
      ["Head"] = CFrame.new(0.000000, -0.002484, 0.009193, 1.000000, 0.000000, 0.000000, 0.000000, 0.857613, -0.514296, 0.000000, 0.514296, 0.857613),
      ["LeftUpperArm"] = CFrame.new(-0.011149, -0.241230, 0.029053, 0.981460, -0.042400, 0.186918, -0.081092, 0.791778, 0.605402, -0.173667, -0.609336, 0.773660),
      ["LeftUpperLeg"] = CFrame.new(-0.185076, 0.166759, -0.211405, 0.963704, 0.106046, 0.245007, 0.077128, 0.768003, -0.635786, -0.255588, 0.631606, 0.731948),
      ["LowerTorso"] = CFrame.new(-0.000003, -1.693963, 0.626229, 1.000000, 0.000000, 0.000000, 0.000000, 0.891960, -0.452114, 0.000000, 0.452114, 0.891960),
      ["RightUpperArm"] = CFrame.new(0.011149, -0.241229, 0.029054, 0.981460, 0.042400, -0.186918, 0.081092, 0.791778, 0.605402, 0.173667, -0.609336, 0.773660),
      ["RightUpperLeg"] = CFrame.new(0.185081, 0.166770, -0.211401, 0.963704, -0.106046, -0.245007, -0.077128, 0.768003, -0.635786, 0.255588, 0.631606, 0.731948)
    }},
    { Time = 0.217, Data = {
      ["Cock"] = CFrame.new(0.000000, 0.000000, 0.000000, 0.492073, 0.870554, 0.000000, -0.870554, 0.492073, -0.000000, -0.000000, 0.000000, 1.000000),
      ["Head"] = CFrame.new(0.000000, -0.002484, 0.009193, 1.000000, 0.000000, 0.000000, 0.000000, 0.856505, -0.516139, 0.000000, 0.516139, 0.856505),
      ["LeftUpperArm"] = CFrame.new(-0.011183, -0.240847, 0.029554, 0.981451, -0.042531, 0.186938, -0.080588, 0.793230, 0.603566, -0.173955, -0.607435, 0.775088),
      ["LeftUpperLeg"] = CFrame.new(-0.185075, 0.167165, -0.211275, 0.963708, 0.106350, 0.244859, 0.077938, 0.765176, -0.639086, -0.255327, 0.634976, 0.729118),
      ["LowerTorso"] = CFrame.new(-0.000004, -1.695363, 0.629007, 1.000000, 0.000000, 0.000000, 0.000000, 0.893360, -0.449342, 0.000000, 0.449342, 0.893360),
      ["RightUpperArm"] = CFrame.new(0.011183, -0.240847, 0.029555, 0.981451, 0.042531, -0.186938, 0.080588, 0.793230, 0.603566, 0.173955, -0.607435, 0.775088),
      ["RightUpperLeg"] = CFrame.new(0.185079, 0.167176, -0.211270, 0.963708, -0.106350, -0.244859, -0.077938, 0.765176, -0.639086, 0.255327, 0.634976, 0.729118)
    }},
    { Time = 0.233, Data = {
      ["Cock"] = CFrame.new(-0.000000, 0.000000, 0.000000, 0.476557, 0.879144, 0.000000, -0.879144, 0.476557, -0.000000, -0.000000, 0.000000, 1.000000),
      ["Head"] = CFrame.new(0.000000, -0.002484, 0.009193, 1.000000, 0.000000, 0.000000, 0.000000, 0.855300, -0.518133, 0.000000, 0.518133, 0.855300),
      ["LeftUpperArm"] = CFrame.new(-0.011202, -0.240409, 0.030131, 0.981457, -0.042599, 0.186886, -0.080023, 0.794898, 0.601443, -0.174177, -0.605246, 0.776750),
      ["LeftUpperLeg"] = CFrame.new(-0.185073, 0.167612, -0.211130, 0.963712, 0.106735, 0.244676, 0.078830, 0.761916, -0.642860, -0.255038, 0.638820, 0.725854),
      ["LowerTorso"] = CFrame.new(-0.000004, -1.696951, 0.632185, 1.000000, 0.000000, 0.000000, 0.000000, 0.894948, -0.446169, 0.000000, 0.446169, 0.894948),
      ["RightUpperArm"] = CFrame.new(0.011201, -0.240408, 0.030132, 0.981457, 0.042599, -0.186886, 0.080023, 0.794898, 0.601443, 0.174177, -0.605246, 0.776750),
      ["RightUpperLeg"] = CFrame.new(0.185077, 0.167623, -0.211126, 0.963712, -0.106735, -0.244676, -0.078830, 0.761916, -0.642860, 0.255038, 0.638820, 0.725854)
    }},
    { Time = 0.250, Data = {
      ["Cock"] = CFrame.new(-0.000000, 0.000000, 0.000000, 0.458474, 0.888708, 0.000000, -0.888708, 0.458474, -0.000000, -0.000000, 0.000000, 1.000000),
      ["Head"] = CFrame.new(0.000000, -0.002484, 0.009193, 1.000000, 0.000000, 0.000000, 0.000000, 0.853997, -0.520278, 0.000000, 0.520278, 0.853997),
      ["LeftUpperArm"] = CFrame.new(-0.011258, -0.239898, 0.030808, 0.981451, -0.042816, 0.186870, -0.079283, 0.796838, 0.598969, -0.174551, -0.602675, 0.778663),
      ["LeftUpperLeg"] = CFrame.new(-0.185071, 0.168113, -0.210968, 0.963716, 0.107222, 0.244448, 0.079829, 0.758093, -0.647242, -0.254713, 0.643271, 0.722027),
      ["LowerTorso"] = CFrame.new(-0.000004, -1.698763, 0.635846, 1.000000, 0.000000, 0.000000, 0.000000, 0.896761, -0.442516, 0.000000, 0.442516, 0.896761),
      ["RightUpperArm"] = CFrame.new(0.011258, -0.239897, 0.030810, 0.981451, 0.042816, -0.186870, 0.079283, 0.796838, 0.598969, 0.174551, -0.602675, 0.778663),
      ["RightUpperLeg"] = CFrame.new(0.185075, 0.168124, -0.210964, 0.963716, -0.107222, -0.244448, -0.079829, 0.758093, -0.647242, 0.254713, 0.643271, 0.722027)
    }},
    { Time = 0.267, Data = {
      ["Cock"] = CFrame.new(-0.000000, 0.000000, 0.000000, 0.440175, 0.897912, 0.000000, -0.897912, 0.440175, -0.000000, -0.000000, 0.000000, 1.000000),
      ["Head"] = CFrame.new(0.000000, -0.002484, 0.009193, 1.000000, 0.000000, 0.000000, 0.000000, 0.852594, -0.522574, 0.000000, 0.522574, 0.852594),
      ["LeftUpperArm"] = CFrame.new(-0.011308, -0.239390, 0.031486, 0.981461, -0.043005, 0.186775, -0.078515, 0.798768, 0.596494, -0.174842, -0.600100, 0.780583),
      ["LeftUpperLeg"] = CFrame.new(-0.185068, 0.168653, -0.210788, 0.963721, 0.107630, 0.244249, 0.080907, 0.754241, -0.651593, -0.254353, 0.647716, 0.718170),
      ["LowerTorso"] = CFrame.new(-0.000004, -1.700559, 0.639512, 1.000000, 0.000000, 0.000000, 0.000000, 0.898557, -0.438857, 0.000000, 0.438857, 0.898557),
      ["RightUpperArm"] = CFrame.new(0.011307, -0.239389, 0.031488, 0.981461, 0.043005, -0.186775, 0.078515, 0.798768, 0.596494, 0.174842, -0.600100, 0.780583),
      ["RightUpperLeg"] = CFrame.new(0.185073, 0.168664, -0.210784, 0.963721, -0.107630, -0.244249, -0.080907, 0.754241, -0.651593, 0.254353, 0.647716, 0.718170)
    }},
    { Time = 0.283, Data = {
      ["Cock"] = CFrame.new(0.000000, 0.000000, 0.000000, 0.424169, 0.905583, 0.000000, -0.905583, 0.424169, -0.000000, -0.000000, 0.000000, 1.000000),
      ["Head"] = CFrame.new(0.000000, -0.002484, 0.009193, 1.000000, 0.000000, 0.000000, 0.000000, 0.851138, -0.524942, 0.000000, 0.524942, 0.851138),
      ["LeftUpperArm"] = CFrame.new(-0.011333, -0.238957, 0.032067, 0.981451, -0.043102, 0.186806, -0.077976, 0.800413, 0.594356, -0.175140, -0.597897, 0.782205),
      ["LeftUpperLeg"] = CFrame.new(-0.185078, 0.169115, -0.210678, 0.963702, 0.108046, 0.244142, 0.081829, 0.750906, -0.655320, -0.254132, 0.651511, 0.714808),
      ["LowerTorso"] = CFrame.new(-0.000005, -1.702108, 0.642705, 1.000000, 0.000000, 0.000000, 0.000000, 0.900106, -0.435670, 0.000000, 0.435670, 0.900106),
      ["RightUpperArm"] = CFrame.new(0.011333, -0.238956, 0.032069, 0.981451, 0.043102, -0.186806, 0.077976, 0.800413, 0.594356, 0.175140, -0.597897, 0.782205),
      ["RightUpperLeg"] = CFrame.new(0.185083, 0.169126, -0.210674, 0.963702, -0.108046, -0.244142, -0.081829, 0.750906, -0.655320, 0.254132, 0.651511, 0.714808)
    }},
    { Time = 0.300, Data = {
      ["Cock"] = CFrame.new(0.000000, 0.000000, 0.000000, 0.410377, 0.911916, 0.000000, -0.911916, 0.410377, -0.000000, -0.000000, 0.000000, 1.000000),
      ["Head"] = CFrame.new(0.000000, -0.002484, 0.009193, 1.000000, 0.000000, 0.000000, 0.000000, 0.849532, -0.527537, 0.000000, 0.527537, 0.849532),
      ["LeftUpperArm"] = CFrame.new(-0.011361, -0.238583, 0.032572, 0.981457, -0.043206, 0.186749, -0.077442, 0.801834, 0.592507, -0.175341, -0.595982, 0.783620),
      ["LeftUpperLeg"] = CFrame.new(-0.185077, 0.169474, -0.210557, 0.963704, 0.108421, 0.243966, 0.082546, 0.748037, -0.658503, -0.253891, 0.654741, 0.711937),
      ["LowerTorso"] = CFrame.new(-0.000005, -1.703416, 0.645422, 1.000000, 0.000000, 0.000000, 0.000000, 0.901414, -0.432958, 0.000000, 0.432958, 0.901414),
      ["RightUpperArm"] = CFrame.new(0.011360, -0.238582, 0.032574, 0.981457, 0.043206, -0.186749, 0.077442, 0.801834, 0.592507, 0.175341, -0.595982, 0.783620),
      ["RightUpperLeg"] = CFrame.new(0.185081, 0.169485, -0.210554, 0.963704, -0.108421, -0.243966, -0.082546, 0.748037, -0.658503, 0.253891, 0.654741, 0.711937)
    }},
    { Time = 0.317, Data = {
      ["Cock"] = CFrame.new(0.000000, 0.000000, 0.000000, 0.398601, 0.917125, 0.000000, -0.917125, 0.398601, -0.000000, -0.000000, 0.000000, 1.000000),
      ["Head"] = CFrame.new(0.000000, -0.002484, 0.009193, 1.000000, 0.000000, 0.000000, 0.000000, 0.848060, -0.529900, 0.000000, 0.529900, 0.848060),
      ["LeftUpperArm"] = CFrame.new(-0.011407, -0.238282, 0.032982, 0.981447, -0.043380, 0.186763, -0.076975, 0.802980, 0.591015, -0.175605, -0.594426, 0.784743),
      ["LeftUpperLeg"] = CFrame.new(-0.185075, 0.169792, -0.210449, 0.963706, 0.108717, 0.243825, 0.083179, 0.745583, -0.661202, -0.253675, 0.657485, 0.709480),
      ["LowerTorso"] = CFrame.new(-0.000005, -1.704524, 0.647742, 1.000000, 0.000000, 0.000000, 0.000000, 0.902523, -0.430643, 0.000000, 0.430643, 0.902523),
      ["RightUpperArm"] = CFrame.new(0.011406, -0.238280, 0.032984, 0.981447, 0.043380, -0.186763, 0.076975, 0.802980, 0.591015, 0.175605, -0.594426, 0.784743),
      ["RightUpperLeg"] = CFrame.new(0.185080, 0.169802, -0.210446, 0.963706, -0.108717, -0.243825, -0.083179, 0.745583, -0.661202, 0.253675, 0.657485, 0.709480)
    }},
    { Time = 0.333, Data = {
      ["Cock"] = CFrame.new(0.000000, 0.000000, 0.000000, 0.388715, 0.921358, 0.000000, -0.921358, 0.388715, -0.000000, -0.000000, 0.000000, 1.000000),
      ["Head"] = CFrame.new(0.000000, -0.002484, 0.009193, 1.000000, 0.000000, 0.000000, 0.000000, 0.846630, -0.532183, 0.000000, 0.532183, 0.846630),
      ["LeftUpperArm"] = CFrame.new(-0.011428, -0.238010, 0.033351, 0.981451, -0.043462, 0.186719, -0.076577, 0.804012, 0.589661, -0.175753, -0.593023, 0.785770),
      ["LeftUpperLeg"] = CFrame.new(-0.185074, 0.170074, -0.210353, 0.963709, 0.108944, 0.243714, 0.083741, 0.743488, -0.663486, -0.253481, 0.659816, 0.707383),
      ["LowerTorso"] = CFrame.new(-0.000005, -1.705437, 0.649664, 1.000000, 0.000000, 0.000000, 0.000000, 0.903435, -0.428725, 0.000000, 0.428725, 0.903435),
      ["RightUpperArm"] = CFrame.new(0.011427, -0.238009, 0.033354, 0.981451, 0.043462, -0.186719, 0.076577, 0.804012, 0.589661, 0.175753, -0.593023, 0.785770),
      ["RightUpperLeg"] = CFrame.new(0.185079, 0.170084, -0.210349, 0.963709, -0.108944, -0.243714, -0.083741, 0.743488, -0.663486, 0.253481, 0.659816, 0.707383)
    }},
    { Time = 0.350, Data = {
      ["Cock"] = CFrame.new(0.000000, -0.000000, 0.000000, 0.380671, 0.924710, 0.000000, -0.924710, 0.380671, -0.000000, -0.000000, 0.000000, 1.000000),
      ["Head"] = CFrame.new(0.000000, -0.002484, 0.009193, 1.000000, 0.000000, 0.000000, 0.000000, 0.845288, -0.534311, 0.000000, 0.534311, 0.845288),
      ["LeftUpperArm"] = CFrame.new(-0.011438, -0.237797, 0.033643, 0.981454, -0.043498, 0.186695, -0.076294, 0.804825, 0.588589, -0.175859, -0.591917, 0.786580),
      ["LeftUpperLeg"] = CFrame.new(-0.185073, 0.170314, -0.210269, 0.963711, 0.109092, 0.243639, 0.084220, 0.741818, -0.665291, -0.253314, 0.661668, 0.705711),
      ["LowerTorso"] = CFrame.new(-0.000005, -1.706194, 0.651266, 1.000000, 0.000000, 0.000000, 0.000000, 0.904192, -0.427126, 0.000000, 0.427126, 0.904192),
      ["RightUpperArm"] = CFrame.new(0.011437, -0.237795, 0.033645, 0.981454, 0.043498, -0.186695, 0.076294, 0.804825, 0.588589, 0.175859, -0.591917, 0.786580),
      ["RightUpperLeg"] = CFrame.new(0.185078, 0.170324, -0.210265, 0.963711, -0.109092, -0.243639, -0.084220, 0.741818, -0.665291, 0.253314, 0.661668, 0.705711)
    }},
    { Time = 0.367, Data = {
      ["Cock"] = CFrame.new(-0.000000, 0.000000, 0.000000, 0.374121, 0.927380, 0.000000, -0.927380, 0.374121, -0.000000, -0.000000, 0.000000, 1.000000),
      ["Head"] = CFrame.new(0.000000, -0.002484, 0.009193, 1.000000, 0.000000, 0.000000, 0.000000, 0.844037, -0.536285, 0.000000, 0.536285, 0.844037),
      ["LeftUpperArm"] = CFrame.new(-0.011454, -0.237626, 0.033877, 0.981457, -0.043558, 0.186666, -0.076034, 0.805474, 0.587734, -0.175955, -0.591028, 0.787226),
      ["LeftUpperLeg"] = CFrame.new(-0.185072, 0.170484, -0.210210, 0.963712, 0.109263, 0.243557, 0.084561, 0.740453, -0.666767, -0.253196, 0.663167, 0.704345),
      ["LowerTorso"] = CFrame.new(-0.000005, -1.706797, 0.652548, 1.000000, 0.000000, 0.000000, 0.000000, 0.904796, -0.425845, 0.000000, 0.425845, 0.904796),
      ["RightUpperArm"] = CFrame.new(0.011453, -0.237624, 0.033879, 0.981457, 0.043558, -0.186666, 0.076034, 0.805474, 0.587734, 0.175955, -0.591028, 0.787226),
      ["RightUpperLeg"] = CFrame.new(0.185077, 0.170494, -0.210206, 0.963712, -0.109263, -0.243557, -0.084561, 0.740453, -0.666767, 0.253196, 0.663167, 0.704345)
    }},
    { Time = 0.383, Data = {
      ["Cock"] = CFrame.new(0.000000, 0.000000, 0.000000, 0.368992, 0.929432, 0.000000, -0.929432, 0.368992, -0.000000, -0.000000, 0.000000, 1.000000),
      ["Head"] = CFrame.new(0.000000, -0.002484, 0.009193, 1.000000, 0.000000, 0.000000, 0.000000, 0.842878, -0.538105, 0.000000, 0.538105, 0.842878),
      ["LeftUpperArm"] = CFrame.new(-0.011484, -0.237498, 0.034054, 0.981444, -0.043672, 0.186711, -0.075826, 0.805961, 0.587092, -0.176121, -0.590356, 0.787694),
      ["LeftUpperLeg"] = CFrame.new(-0.185072, 0.170625, -0.210161, 0.963713, 0.109377, 0.243502, 0.084842, 0.739396, -0.667904, -0.253097, 0.664327, 0.703286),
      ["LowerTorso"] = CFrame.new(-0.000005, -1.707249, 0.653511, 1.000000, 0.000000, 0.000000, 0.000000, 0.905247, -0.424885, 0.000000, 0.424885, 0.905247),
      ["RightUpperArm"] = CFrame.new(0.011483, -0.237496, 0.034057, 0.981444, 0.043672, -0.186711, 0.075826, 0.805961, 0.587092, 0.176121, -0.590356, 0.787694),
      ["RightUpperLeg"] = CFrame.new(0.185077, 0.170635, -0.210157, 0.963713, -0.109377, -0.243502, -0.084842, 0.739396, -0.667904, 0.253097, 0.664327, 0.703286)
    }},
    { Time = 0.400, Data = {
      ["Cock"] = CFrame.new(0.000000, 0.000000, 0.000000, 0.365205, 0.930927, 0.000000, -0.930927, 0.365205, -0.000000, -0.000000, 0.000000, 1.000000),
      ["Head"] = CFrame.new(0.000000, -0.002484, 0.009193, 1.000000, 0.000000, 0.000000, 0.000000, 0.841811, -0.539772, 0.000000, 0.539772, 0.841811),
      ["LeftUpperArm"] = CFrame.new(-0.011489, -0.237398, 0.034190, 0.981445, -0.043694, 0.186698, -0.075688, 0.806338, 0.586592, -0.176172, -0.589838, 0.788070),
      ["LeftUpperLeg"] = CFrame.new(-0.185072, 0.170696, -0.210137, 0.963713, 0.109513, 0.243440, 0.084984, 0.738648, -0.668713, -0.253050, 0.665136, 0.702538),
      ["LowerTorso"] = CFrame.new(-0.000005, -1.707587, 0.654233, 1.000000, 0.000000, 0.000000, 0.000000, 0.905585, -0.424164, 0.000000, 0.424164, 0.905585),
      ["RightUpperArm"] = CFrame.new(0.011488, -0.237396, 0.034193, 0.981445, 0.043694, -0.186698, 0.075688, 0.806338, 0.586592, 0.176172, -0.589838, 0.788070),
      ["RightUpperLeg"] = CFrame.new(0.185077, 0.170706, -0.210134, 0.963713, -0.109513, -0.243440, -0.084984, 0.738648, -0.668713, 0.253050, 0.665136, 0.702538)
    }},
    { Time = 0.417, Data = {
      ["Cock"] = CFrame.new(-0.000000, 0.000000, 0.000000, 0.362478, 0.931992, 0.000000, -0.931992, 0.362478, -0.000000, -0.000000, 0.000000, 1.000000),
      ["Head"] = CFrame.new(0.000000, -0.002484, 0.009193, 1.000000, 0.000000, 0.000000, 0.000000, 0.840839, -0.541286, 0.000000, 0.541286, 0.840839),
      ["LeftUpperArm"] = CFrame.new(-0.011478, -0.237328, 0.034286, 0.981445, -0.043651, 0.186708, -0.075648, 0.806607, 0.586228, -0.176189, -0.589474, 0.788338),
      ["LeftUpperLeg"] = CFrame.new(-0.185071, 0.170795, -0.210101, 0.963715, 0.109548, 0.243420, 0.085182, 0.738025, -0.669376, -0.252979, 0.665822, 0.701914),
      ["LowerTorso"] = CFrame.new(-0.000005, -1.707849, 0.654795, 1.000000, 0.000000, 0.000000, 0.000000, 0.905848, -0.423603, 0.000000, 0.423603, 0.905848),
      ["RightUpperArm"] = CFrame.new(0.011477, -0.237326, 0.034289, 0.981445, 0.043651, -0.186708, 0.075648, 0.806607, 0.586228, 0.176189, -0.589474, 0.788338),
      ["RightUpperLeg"] = CFrame.new(0.185076, 0.170806, -0.210098, 0.963715, -0.109548, -0.243420, -0.085182, 0.738025, -0.669376, 0.252979, 0.665822, 0.701914)
    }},
    { Time = 0.433, Data = {
      ["Cock"] = CFrame.new(0.000000, 0.000000, 0.000000, 0.360625, 0.932711, 0.000000, -0.932711, 0.360625, -0.000000, -0.000000, 0.000000, 1.000000),
      ["Head"] = CFrame.new(0.000000, -0.002484, 0.009193, 1.000000, 0.000000, 0.000000, 0.000000, 0.839961, -0.542647, 0.000000, 0.542647, 0.839961),
      ["LeftUpperArm"] = CFrame.new(-0.011493, -0.237285, 0.034346, 0.981447, -0.043707, 0.186687, -0.075542, 0.806769, 0.586018, -0.176227, -0.589248, 0.788499),
      ["LeftUpperLeg"] = CFrame.new(-0.185071, 0.170831, -0.210089, 0.963715, 0.109616, 0.243390, 0.085253, 0.737650, -0.669780, -0.252955, 0.666226, 0.701539),
      ["LowerTorso"] = CFrame.new(-0.000005, -1.707999, 0.655116, 1.000000, 0.000000, 0.000000, 0.000000, 0.905997, -0.423283, 0.000000, 0.423283, 0.905997),
      ["RightUpperArm"] = CFrame.new(0.011492, -0.237283, 0.034349, 0.981447, 0.043707, -0.186687, 0.075542, 0.806769, 0.586018, 0.176227, -0.589248, 0.788499),
      ["RightUpperLeg"] = CFrame.new(0.185076, 0.170841, -0.210086, 0.963715, -0.109616, -0.243390, -0.085253, 0.737650, -0.669780, 0.252955, 0.666226, 0.701539)
    }},
    { Time = 0.450, Data = {
      ["Cock"] = CFrame.new(0.000000, 0.000000, 0.000000, 0.359453, 0.933163, 0.000000, -0.933163, 0.359453, -0.000000, -0.000000, 0.000000, 1.000000),
      ["Head"] = CFrame.new(0.000000, -0.002484, 0.009193, 1.000000, 0.000000, 0.000000, 0.000000, 0.839130, -0.543931, 0.000000, 0.543931, 0.839130),
      ["LeftUpperArm"] = CFrame.new(-0.011488, -0.237257, 0.034384, 0.981447, -0.043690, 0.186691, -0.075526, 0.806877, 0.585872, -0.176234, -0.589102, 0.788607),
      ["LeftUpperLeg"] = CFrame.new(-0.185071, 0.170889, -0.210068, 0.963716, 0.109571, 0.243406, 0.085368, 0.737463, -0.669970, -0.252912, 0.666440, 0.701351),
      ["LowerTorso"] = CFrame.new(-0.000005, -1.708111, 0.655356, 1.000000, 0.000000, 0.000000, 0.000000, 0.906110, -0.423043, 0.000000, 0.423043, 0.906110),
      ["RightUpperArm"] = CFrame.new(0.011487, -0.237255, 0.034387, 0.981447, 0.043690, -0.186691, 0.075526, 0.806877, 0.585872, 0.176234, -0.589102, 0.788607),
      ["RightUpperLeg"] = CFrame.new(0.185075, 0.170899, -0.210065, 0.963716, -0.109571, -0.243406, -0.085368, 0.737463, -0.669970, 0.252912, 0.666440, 0.701351)
    }},
    { Time = 0.467, Data = {
      ["Cock"] = CFrame.new(-0.000000, 0.000000, 0.000000, 0.358867, 0.933389, 0.000000, -0.933389, 0.358867, -0.000000, -0.000000, 0.000000, 1.000000),
      ["Head"] = CFrame.new(0.000000, -0.002484, 0.009193, 1.000000, 0.000000, 0.000000, 0.000000, 0.838443, -0.544989, 0.000000, 0.544989, 0.838443),
      ["LeftUpperArm"] = CFrame.new(-0.011508, -0.237242, 0.034406, 0.981448, -0.043763, 0.186666, -0.075436, 0.806932, 0.585808, -0.176264, -0.589021, 0.788660),
      ["LeftUpperLeg"] = CFrame.new(-0.185071, 0.170901, -0.210064, 0.963716, 0.109593, 0.243395, 0.085391, 0.737338, -0.670105, -0.252904, 0.666575, 0.701226),
      ["LowerTorso"] = CFrame.new(-0.000005, -1.708186, 0.655517, 1.000000, 0.000000, 0.000000, 0.000000, 0.906185, -0.422882, 0.000000, 0.422882, 0.906185),
      ["RightUpperArm"] = CFrame.new(0.011507, -0.237240, 0.034408, 0.981448, 0.043763, -0.186666, 0.075436, 0.806932, 0.585808, 0.176264, -0.589021, 0.788660),
      ["RightUpperLeg"] = CFrame.new(0.185076, 0.170911, -0.210061, 0.963716, -0.109593, -0.243395, -0.085391, 0.737338, -0.670105, 0.252904, 0.666575, 0.701226)
    }},
    { Time = 0.483, Data = {
      ["Cock"] = CFrame.new(-0.000000, 0.000000, 0.000000, 0.358671, 0.933464, 0.000000, -0.933464, 0.358671, -0.000000, -0.000000, 0.000000, 1.000000),
      ["Head"] = CFrame.new(0.000000, -0.002484, 0.009193, 1.000000, 0.000000, 0.000000, 0.000000, 0.837805, -0.545970, 0.000000, 0.545970, 0.837805),
      ["LeftUpperArm"] = CFrame.new(-0.011505, -0.237228, 0.034425, 0.981448, -0.043755, 0.186668, -0.075428, 0.806985, 0.585735, -0.176267, -0.588948, 0.788714),
      ["LeftUpperLeg"] = CFrame.new(-0.185071, 0.170906, -0.210062, 0.963716, 0.109605, 0.243390, 0.085403, 0.737276, -0.670172, -0.252900, 0.666642, 0.701164),
      ["LowerTorso"] = CFrame.new(-0.000005, -1.708186, 0.655517, 1.000000, 0.000000, 0.000000, 0.000000, 0.906185, -0.422882, 0.000000, 0.422882, 0.906185),
      ["RightUpperArm"] = CFrame.new(0.011504, -0.237226, 0.034428, 0.981448, 0.043755, -0.186668, 0.075428, 0.806985, 0.585735, 0.176267, -0.588948, 0.788714),
      ["RightUpperLeg"] = CFrame.new(0.185076, 0.170917, -0.210058, 0.963716, -0.109605, -0.243390, -0.085403, 0.737276, -0.670172, 0.252900, 0.666642, 0.701164)
    }},
    { Time = 0.500, Data = {
      ["Cock"] = CFrame.new(0.000000, 0.000000, 0.000000, 0.358671, 0.933464, 0.000000, -0.933464, 0.358671, -0.000000, -0.000000, 0.000000, 1.000000),
      ["Head"] = CFrame.new(0.000000, -0.002484, 0.009193, 1.000000, 0.000000, 0.000000, 0.000000, 0.837313, -0.546724, 0.000000, 0.546724, 0.837313),
      ["LeftUpperArm"] = CFrame.new(-0.011505, -0.237228, 0.034425, 0.981448, -0.043755, 0.186668, -0.075428, 0.806985, 0.585735, -0.176267, -0.588948, 0.788714),
      ["LeftUpperLeg"] = CFrame.new(-0.185071, 0.170906, -0.210062, 0.963716, 0.109605, 0.243390, 0.085403, 0.737276, -0.670172, -0.252900, 0.666642, 0.701164),
      ["LowerTorso"] = CFrame.new(-0.000005, -1.708186, 0.655517, 1.000000, 0.000000, 0.000000, 0.000000, 0.906185, -0.422882, 0.000000, 0.422882, 0.906185),
      ["RightUpperArm"] = CFrame.new(0.011504, -0.237226, 0.034428, 0.981448, 0.043755, -0.186668, 0.075428, 0.806985, 0.585735, 0.176267, -0.588948, 0.788714),
      ["RightUpperLeg"] = CFrame.new(0.185076, 0.170917, -0.210058, 0.963716, -0.109605, -0.243390, -0.085403, 0.737276, -0.670172, 0.252900, 0.666642, 0.701164)
    }},
    { Time = 0.517, Data = {
      ["Cock"] = CFrame.new(0.000000, 0.000000, 0.000000, 0.359160, 0.933276, 0.000000, -0.933276, 0.359160, -0.000000, -0.000000, 0.000000, 1.000000),
      ["Head"] = CFrame.new(0.000000, -0.002484, 0.009193, 1.000000, 0.000000, 0.000000, 0.000000, 0.836869, -0.547403, 0.000000, 0.547403, 0.836869),
      ["LeftUpperArm"] = CFrame.new(-0.011486, -0.237243, 0.034403, 0.981447, -0.043682, 0.186693, -0.075518, 0.806930, 0.585799, -0.176237, -0.589029, 0.788660),
      ["LeftUpperLeg"] = CFrame.new(-0.185071, 0.170901, -0.210064, 0.963716, 0.109593, 0.243395, 0.085391, 0.737338, -0.670105, -0.252904, 0.666575, 0.701226),
      ["LowerTorso"] = CFrame.new(-0.000005, -1.708148, 0.655437, 1.000000, 0.000000, 0.000000, 0.000000, 0.906147, -0.422963, 0.000000, 0.422963, 0.906147),
      ["RightUpperArm"] = CFrame.new(0.011485, -0.237241, 0.034407, 0.981447, 0.043682, -0.186693, 0.075518, 0.806930, 0.585799, 0.176237, -0.589029, 0.788660),
      ["RightUpperLeg"] = CFrame.new(0.185076, 0.170911, -0.210060, 0.963716, -0.109593, -0.243395, -0.085391, 0.737338, -0.670105, 0.252904, 0.666575, 0.701226)
    }},
    { Time = 0.533, Data = {
      ["Cock"] = CFrame.new(-0.000000, 0.000000, 0.000000, 0.360527, 0.932749, 0.000000, -0.932749, 0.360527, -0.000000, -0.000000, 0.000000, 1.000000),
      ["Head"] = CFrame.new(0.000000, -0.002484, 0.009193, 1.000000, 0.000000, 0.000000, 0.000000, 0.836524, -0.547930, 0.000000, 0.547930, 0.836524),
      ["LeftUpperArm"] = CFrame.new(-0.011493, -0.237285, 0.034346, 0.981447, -0.043707, 0.186687, -0.075542, 0.806769, 0.586018, -0.176227, -0.589248, 0.788499),
      ["LeftUpperLeg"] = CFrame.new(-0.185071, 0.170831, -0.210089, 0.963715, 0.109616, 0.243390, 0.085253, 0.737650, -0.669780, -0.252955, 0.666226, 0.701539),
      ["LowerTorso"] = CFrame.new(-0.000005, -1.708036, 0.655196, 1.000000, 0.000000, 0.000000, 0.000000, 0.906035, -0.423203, 0.000000, 0.423203, 0.906035),
      ["RightUpperArm"] = CFrame.new(0.011492, -0.237283, 0.034349, 0.981447, 0.043707, -0.186687, 0.075542, 0.806769, 0.586018, 0.176227, -0.589248, 0.788499),
      ["RightUpperLeg"] = CFrame.new(0.185076, 0.170841, -0.210086, 0.963715, -0.109616, -0.243390, -0.085253, 0.737650, -0.669780, 0.252955, 0.666226, 0.701539)
    }},
    { Time = 0.550, Data = {
      ["Cock"] = CFrame.new(0.000000, 0.000000, 0.000000, 0.362771, 0.931878, 0.000000, -0.931878, 0.362771, -0.000000, -0.000000, 0.000000, 1.000000),
      ["Head"] = CFrame.new(0.000000, -0.002484, 0.009193, 1.000000, 0.000000, 0.000000, 0.000000, 0.836327, -0.548232, 0.000000, 0.548232, 0.836327),
      ["LeftUpperArm"] = CFrame.new(-0.011480, -0.237342, 0.034267, 0.981445, -0.043660, 0.186706, -0.075656, 0.806553, 0.586300, -0.176186, -0.589547, 0.788285),
      ["LeftUpperLeg"] = CFrame.new(-0.185071, 0.170790, -0.210103, 0.963715, 0.109536, 0.243426, 0.085170, 0.738087, -0.669308, -0.252983, 0.665755, 0.701976),
      ["LowerTorso"] = CFrame.new(-0.000005, -1.707812, 0.654714, 1.000000, 0.000000, 0.000000, 0.000000, 0.905810, -0.423684, 0.000000, 0.423684, 0.905810),
      ["RightUpperArm"] = CFrame.new(0.011479, -0.237340, 0.034270, 0.981445, 0.043660, -0.186706, 0.075656, 0.806553, 0.586300, 0.176186, -0.589547, 0.788285),
      ["RightUpperLeg"] = CFrame.new(0.185076, 0.170800, -0.210100, 0.963715, -0.109536, -0.243426, -0.085170, 0.738087, -0.669308, 0.252983, 0.665755, 0.701976)
    }},
    { Time = 0.567, Data = {
      ["Cock"] = CFrame.new(0.000000, 0.000000, 0.000000, 0.365885, 0.930660, 0.000000, -0.930660, 0.365885, -0.000000, -0.000000, 0.000000, 1.000000),
      ["Head"] = CFrame.new(0.000000, -0.002484, 0.009193, 1.000000, 0.000000, 0.000000, 0.000000, 0.836178, -0.548458, 0.000000, 0.548458, 0.836178),
      ["LeftUpperArm"] = CFrame.new(-0.011470, -0.237413, 0.034169, 0.981444, -0.043621, 0.186723, -0.075777, 0.806283, 0.586656, -0.176142, -0.589919, 0.788016),
      ["LeftUpperLeg"] = CFrame.new(-0.185072, 0.170684, -0.210141, 0.963713, 0.109491, 0.243451, 0.084960, 0.738773, -0.668578, -0.253058, 0.665001, 0.702663),
      ["LowerTorso"] = CFrame.new(-0.000005, -1.707549, 0.654153, 1.000000, 0.000000, 0.000000, 0.000000, 0.905548, -0.424244, 0.000000, 0.424244, 0.905548),
      ["RightUpperArm"] = CFrame.new(0.011469, -0.237411, 0.034172, 0.981444, 0.043621, -0.186723, 0.075777, 0.806283, 0.586656, 0.176142, -0.589919, 0.788016),
