return {
  ["Astros bouncing 4"] = {
    { Time = 0.000, Data = {
      ["Head"] = CFrame.new(0.000000, 0.084170, -0.073230, 1.000000, -0.000000, 0.000000, 0.000000, 0.745247, 0.666788, -0.000000, -0.666788, 0.745247),
      ["LeftUpperArm"] = CFrame.new(-0.002325, -0.300313, 0.111026, 0.902146, -0.431215, 0.013628, 0.350437, 0.750843, 0.559847, -0.251647, -0.500288, 0.828484),
      ["LeftUpperLeg"] = CFrame.new(-0.394363, -0.291693, -0.746625, 0.949793, 0.264121, 0.167732, -0.192255, 0.069724, 0.978865, 0.246844, -0.961966, 0.117002),
      ["LowerTorso"] = CFrame.new(-0.020584, -1.210653, -1.141952, -0.999474, 0.006388, 0.031803, -0.000033, 0.980217, -0.197925, -0.032438, -0.197822, -0.979701),
      ["RightUpperArm"] = CFrame.new(0.000000, -0.142182, 0.016397, 1.000000, -0.000000, 0.000000, 0.000000, 0.959304, 0.282377, -0.000000, -0.282377, 0.959304),
      ["RightUpperLeg"] = CFrame.new(0.401216, -0.264638, -0.746560, 0.959335, -0.247394, -0.135918, 0.166500, 0.107123, 0.980205, -0.227937, -0.962975, 0.143958),
      ["x_B1"] = CFrame.new(-0.034802, -0.034742, -0.000000, 0.995970, 0.089684, 0.000000, -0.089684, 0.995970, -0.000000, -0.000000, 0.000000, 1.000000),
      ["x_B2"] = CFrame.new(-0.034802, -0.034742, -0.000000, 0.995970, 0.089684, 0.000000, -0.089684, 0.995970, -0.000000, -0.000000, 0.000000, 1.000000)
    }},
    { Time = 0.017, Data = {
      ["Head"] = CFrame.new(0.000000, 0.084170, -0.073230, 1.000000, -0.000000, 0.000000, 0.000000, 0.745309, 0.666720, -0.000000, -0.666720, 0.745309),
      ["LeftUpperArm"] = CFrame.new(-0.002288, -0.300394, 0.111050, 0.902146, -0.431216, 0.013608, 0.350425, 0.750794, 0.559920, -0.251663, -0.500361, 0.828435),
      ["LeftUpperLeg"] = CFrame.new(-0.394420, -0.291703, -0.746384, 0.949819, 0.264071, 0.167659, -0.192210, 0.069865, 0.978864, 0.246776, -0.961970, 0.117116),
      ["LowerTorso"] = CFrame.new(-0.020580, -1.210346, -1.141982, -0.999474, 0.006391, 0.031802, -0.000036, 0.980183, -0.198095, -0.032438, -0.197992, -0.979667),
      ["RightUpperArm"] = CFrame.new(0.000000, -0.142170, 0.016339, 1.000000, -0.000000, 0.000000, 0.000000, 0.959254, 0.282544, -0.000000, -0.282544, 0.959254),
      ["RightUpperLeg"] = CFrame.new(0.401281, -0.264729, -0.746315, 0.959335, -0.247394, -0.135918, 0.166500, 0.107123, 0.980205, -0.227937, -0.962975, 0.143958),
      ["x_B1"] = CFrame.new(-0.034778, -0.034682, -0.000000, 0.995986, 0.089512, 0.000000, -0.089512, 0.995986, -0.000000, -0.000000, 0.000000, 1.000000),
      ["x_B2"] = CFrame.new(-0.034778, -0.034682, -0.000000, 0.995986, 0.089512, 0.000000, -0.089512, 0.995986, -0.000000, -0.000000, 0.000000, 1.000000)
    }},
    { Time = 0.033, Data = {
      ["Head"] = CFrame.new(0.000000, 0.084169, -0.073230, 1.000000, -0.000000, 0.000000, 0.000000, 0.745555, 0.666444, -0.000000, -0.666444, 0.745555),
      ["LeftUpperArm"] = CFrame.new(-0.002176, -0.300611, 0.111162, 0.902146, -0.431217, 0.013588, 0.350414, 0.750745, 0.559993, -0.251680, -0.500434, 0.828386),
      ["LeftUpperLeg"] = CFrame.new(-0.394630, -0.291840, -0.745597, 0.949824, 0.264024, 0.167706, -0.192282, 0.069980, 0.978841, 0.246702, -0.961974, 0.117236),
      ["LowerTorso"] = CFrame.new(-0.020656, -1.209407, -1.141984, -0.999474, 0.006486, 0.031791, 0.000040, 0.980062, -0.198692, -0.032446, -0.198586, -0.979547),
      ["RightUpperArm"] = CFrame.new(0.000000, -0.142134, 0.016167, 1.000000, -0.000000, 0.000000, 0.000000, 0.959106, 0.283046, -0.000000, -0.283046, 0.959106),
      ["RightUpperLeg"] = CFrame.new(0.401464, -0.264997, -0.745637, 0.959364, -0.247276, -0.135925, 0.166495, 0.107147, 0.980204, -0.227817, -0.963003, 0.143963),
      ["x_B1"] = CFrame.new(-0.034706, -0.034505, -0.000000, 0.996032, 0.088996, 0.000000, -0.088996, 0.996032, -0.000000, -0.000000, 0.000000, 1.000000),
      ["x_B2"] = CFrame.new(-0.034706, -0.034505, -0.000000, 0.996032, 0.088996, 0.000000, -0.088996, 0.996032, -0.000000, -0.000000, 0.000000, 1.000000)
    }},
    { Time = 0.050, Data = {
      ["Head"] = CFrame.new(0.000000, 0.084170, -0.073230, 1.000000, -0.000000, 0.000000, 0.000000, 0.745924, 0.666031, -0.000000, -0.666031, 0.745924),
      ["LeftUpperArm"] = CFrame.new(-0.001964, -0.300955, 0.111352, 0.902195, -0.431117, 0.013514, 0.350351, 0.750732, 0.560049, -0.251592, -0.500539, 0.828349),
      ["LeftUpperLeg"] = CFrame.new(-0.394957, -0.291962, -0.744291, 0.949878, 0.263923, 0.167559, -0.192191, 0.070263, 0.978839, 0.246565, -0.961981, 0.117465),
      ["LowerTorso"] = CFrame.new(-0.020640, -1.207836, -1.141959, -0.999474, 0.006503, 0.031788, 0.000024, 0.979855, -0.199712, -0.032446, -0.199606, -0.979339),
      ["RightUpperArm"] = CFrame.new(0.000000, -0.142068, 0.015901, 1.000000, -0.000000, 0.000000, 0.000000, 0.958884, 0.283799, -0.000000, -0.283799, 0.958884),
      ["RightUpperLeg"] = CFrame.new(0.401777, -0.265446, -0.744469, 0.959393, -0.247158, -0.135932, 0.166490, 0.107171, 0.980202, -0.227697, -0.963030, 0.143969),
      ["x_B1"] = CFrame.new(-0.034586, -0.034209, -0.000000, 0.996109, 0.088135, 0.000000, -0.088135, 0.996109, -0.000000, -0.000000, 0.000000, 1.000000),
      ["x_B2"] = CFrame.new(-0.034586, -0.034209, -0.000000, 0.996109, 0.088135, 0.000000, -0.088135, 0.996109, -0.000000, -0.000000, 0.000000, 1.000000)
    }},
    { Time = 0.067, Data = {
      ["Head"] = CFrame.new(0.000000, 0.084170, -0.073230, 1.000000, -0.000000, 0.000000, 0.000000, 0.746478, 0.665410, -0.000000, -0.665410, 0.746478),
      ["LeftUpperArm"] = CFrame.new(-0.001696, -0.301458, 0.111613, 0.902207, -0.431095, 0.013394, 0.350354, 0.750634, 0.560179, -0.251545, -0.500705, 0.828263),
      ["LeftUpperLeg"] = CFrame.new(-0.395436, -0.292224, -0.742449, 0.949910, 0.263846, 0.167502, -0.192246, 0.070748, 0.978793, 0.246400, -0.961967, 0.117928),
      ["LowerTorso"] = CFrame.new(-0.020619, -1.205632, -1.141909, -0.999473, 0.006526, 0.031783, -0.000000, 0.979559, -0.201157, -0.032446, -0.201051, -0.979043),
      ["RightUpperArm"] = CFrame.new(0.000000, -0.141986, 0.015498, 1.000000, -0.000000, 0.000000, 0.000000, 0.958537, 0.284970, -0.000000, -0.284970, 0.958537),
      ["RightUpperLeg"] = CFrame.new(0.402207, -0.266073, -0.742869, 0.959452, -0.246922, -0.135946, 0.166479, 0.107219, 0.980198, -0.227457, -0.963085, 0.143979),
      ["x_B1"] = CFrame.new(-0.034418, -0.033795, -0.000000, 0.996214, 0.086930, 0.000000, -0.086930, 0.996214, -0.000000, -0.000000, 0.000000, 1.000000),
      ["x_B2"] = CFrame.new(-0.034418, -0.033795, -0.000000, 0.996214, 0.086930, 0.000000, -0.086930, 0.996214, -0.000000, -0.000000, 0.000000, 1.000000)
    }},
    { Time = 0.083, Data = {
      ["Head"] = CFrame.new(0.000000, 0.084170, -0.073230, 1.000000, -0.000000, 0.000000, 0.000000, 0.747154, 0.664651, -0.000000, -0.664651, 0.747154),
      ["LeftUpperArm"] = CFrame.new(-0.001341, -0.302100, 0.111944, 0.902243, -0.431021, 0.013360, 0.350243, 0.750523, 0.560398, -0.251570, -0.500935, 0.828116),
      ["LeftUpperLeg"] = CFrame.new(-0.396044, -0.292523, -0.740086, 0.949968, 0.263708, 0.167388, -0.192242, 0.071260, 0.978757, 0.246178, -0.961967, 0.118391),
      ["LowerTorso"] = CFrame.new(-0.020591, -1.202793, -1.141830, -0.999474, 0.006557, 0.031777, -0.000031, 0.979173, -0.203026, -0.032446, -0.202920, -0.978658),
      ["RightUpperArm"] = CFrame.new(0.000000, -0.141880, 0.014980, 1.000000, -0.000000, 0.000000, 0.000000, 0.958088, 0.286474, -0.000000, -0.286474, 0.958088),
      ["RightUpperLeg"] = CFrame.new(0.402757, -0.266850, -0.740806, 0.959535, -0.246625, -0.135904, 0.166408, 0.107291, 0.980203, -0.227161, -0.963154, 0.143990),
      ["x_B1"] = CFrame.new(-0.034203, -0.033263, -0.000000, 0.996348, 0.085381, 0.000000, -0.085381, 0.996348, -0.000000, -0.000000, 0.000000, 1.000000),
      ["x_B2"] = CFrame.new(-0.034203, -0.033263, -0.000000, 0.996348, 0.085381, 0.000000, -0.085381, 0.996348, -0.000000, -0.000000, 0.000000, 1.000000)
    }},
    { Time = 0.100, Data = {
      ["Head"] = CFrame.new(0.000000, 0.084170, -0.073230, 1.000000, -0.000000, 0.000000, 0.000000, 0.748012, 0.663685, -0.000000, -0.663685, 0.748012),
      ["LeftUpperArm"] = CFrame.new(-0.000898, -0.302891, 0.112332, 0.902304, -0.430900, 0.013146, 0.350171, 0.750363, 0.560657, -0.251452, -0.501279, 0.827944),
      ["LeftUpperLeg"] = CFrame.new(-0.396780, -0.292866, -0.737207, 0.950053, 0.263520, 0.167200, -0.192191, 0.071914, 0.978719, 0.245888, -0.961970, 0.118968),
      ["LowerTorso"] = CFrame.new(-0.020641, -1.199332, -1.141814, -0.999473, 0.006678, 0.031761, 0.000018, 0.978712, -0.205236, -0.032455, -0.205127, -0.978197),
      ["RightUpperArm"] = CFrame.new(0.000000, -0.141745, 0.014369, 1.000000, -0.000000, 0.000000, 0.000000, 0.957561, 0.288229, -0.000000, -0.288229, 0.957561),
      ["RightUpperLeg"] = CFrame.new(0.403438, -0.267813, -0.738256, 0.959617, -0.246335, -0.135847, 0.166349, 0.107476, 0.980192, -0.226855, -0.963207, 0.144113),
      ["x_B1"] = CFrame.new(-0.033939, -0.032612, -0.000000, 0.996502, 0.083573, 0.000000, -0.083573, 0.996502, -0.000000, -0.000000, 0.000000, 1.000000),
      ["x_B2"] = CFrame.new(-0.033939, -0.032612, -0.000000, 0.996502, 0.083573, 0.000000, -0.083573, 0.996502, -0.000000, -0.000000, 0.000000, 1.000000)
    }},
    { Time = 0.117, Data = {
      ["Head"] = CFrame.new(0.000000, 0.084170, -0.073230, 1.000000, -0.000000, 0.000000, 0.000000, 0.748992, 0.662579, -0.000000, -0.662579, 0.748992),
      ["LeftUpperArm"] = CFrame.new(-0.000368, -0.303809, 0.112810, 0.902388, -0.430727, 0.013038, 0.349998, 0.750238, 0.560931, -0.251390, -0.501614, 0.827760),
      ["LeftUpperLeg"] = CFrame.new(-0.397657, -0.293283, -0.733784, 0.950139, 0.263341, 0.166996, -0.192155, 0.072681, 0.978669, 0.245587, -0.961961, 0.119659),
      ["LowerTorso"] = CFrame.new(-0.020600, -1.195232, -1.141770, -0.999473, 0.006721, 0.031752, -0.000026, 0.978157, -0.207868, -0.032455, -0.207759, -0.977641),
      ["RightUpperArm"] = CFrame.new(0.000000, -0.141595, 0.013621, 1.000000, -0.000000, 0.000000, 0.000000, 0.956905, 0.290401, -0.000000, -0.290401, 0.956905),
      ["RightUpperLeg"] = CFrame.new(0.404248, -0.268980, -0.735241, 0.959705, -0.245981, -0.135868, 0.166334, 0.107548, 0.980187, -0.226495, -0.963289, 0.144129),
      ["x_B1"] = CFrame.new(-0.033628, -0.031844, -0.000000, 0.996687, 0.081334, 0.000000, -0.081334, 0.996687, -0.000000, -0.000000, 0.000000, 1.000000),
      ["x_B2"] = CFrame.new(-0.033628, -0.031844, -0.000000, 0.996687, 0.081334, 0.000000, -0.081334, 0.996687, -0.000000, -0.000000, 0.000000, 1.000000)
    }},
    { Time = 0.133, Data = {
      ["Head"] = CFrame.new(0.000000, 0.084170, -0.073230, 1.000000, -0.000000, 0.000000, 0.000000, 0.750153, 0.661265, -0.000000, -0.661265, 0.750153),
      ["LeftUpperArm"] = CFrame.new(0.000218, -0.304873, 0.113378, 0.902437, -0.430629, 0.012905, 0.349901, 0.750078, 0.561207, -0.251352, -0.501938, 0.827575),
      ["LeftUpperLeg"] = CFrame.new(-0.398676, -0.293766, -0.729812, 0.950224, 0.263163, 0.166793, -0.192119, 0.073448, 0.978619, 0.245286, -0.961951, 0.120351),
      ["LowerTorso"] = CFrame.new(-0.020639, -1.190488, -1.141702, -0.999473, 0.006857, 0.031732, 0.000009, 0.977502, -0.210925, -0.032464, -0.210813, -0.976987),
      ["RightUpperArm"] = CFrame.new(0.000000, -0.141416, 0.012781, 1.000000, -0.000000, 0.000000, 0.000000, 0.956167, 0.292822, -0.000000, -0.292822, 0.956167),
      ["RightUpperLeg"] = CFrame.new(0.405174, -0.270324, -0.731796, 0.959821, -0.245510, -0.135897, 0.166313, 0.107644, 0.980180, -0.226015, -0.963399, 0.144150),
      ["x_B1"] = CFrame.new(-0.033268, -0.030956, -0.000000, 0.996888, 0.078837, 0.000000, -0.078837, 0.996888, -0.000000, -0.000000, 0.000000, 1.000000),
      ["x_B2"] = CFrame.new(-0.033268, -0.030956, -0.000000, 0.996888, 0.078837, 0.000000, -0.078837, 0.996888, -0.000000, -0.000000, 0.000000, 1.000000)
    }},
    { Time = 0.150, Data = {
      ["Head"] = CFrame.new(0.000000, 0.084170, -0.073230, 1.000000, -0.000000, 0.000000, 0.000000, 0.751493, 0.659741, -0.000000, -0.659741, 0.751493),
      ["LeftUpperArm"] = CFrame.new(0.000904, -0.306089, 0.113986, 0.902533, -0.430434, 0.012677, 0.349730, 0.749855, 0.561611, -0.251242, -0.502439, 0.827304),
      ["LeftUpperLeg"] = CFrame.new(-0.399821, -0.294330, -0.725360, 0.950340, 0.262886, 0.166565, -0.192108, 0.074470, 0.978544, 0.244842, -0.961948, 0.121275),
      ["LowerTorso"] = CFrame.new(-0.020671, -1.185095, -1.141609, -0.999473, 0.006999, 0.031710, 0.000037, 0.976745, -0.214404, -0.032474, -0.214290, -0.976230),
      ["RightUpperArm"] = CFrame.new(0.000000, -0.141216, 0.011826, 1.000000, -0.000000, 0.000000, 0.000000, 0.955319, 0.295575, -0.000000, -0.295575, 0.955319),
      ["RightUpperLeg"] = CFrame.new(0.406220, -0.271818, -0.727887, 0.959962, -0.244976, -0.135869, 0.166231, 0.107763, 0.980181, -0.225479, -0.963521, 0.144171),
      ["x_B1"] = CFrame.new(-0.032861, -0.029951, -0.000000, 0.997115, 0.075909, 0.000000, -0.075909, 0.997115, -0.000000, -0.000000, 0.000000, 1.000000),
      ["x_B2"] = CFrame.new(-0.032861, -0.029951, -0.000000, 0.997115, 0.075909, 0.000000, -0.075909, 0.997115, -0.000000, -0.000000, 0.000000, 1.000000)
    }},
    { Time = 0.167, Data = {
      ["Head"] = CFrame.new(0.000000, 0.084170, -0.073230, 1.000000, -0.000000, 0.000000, 0.000000, 0.752952, 0.658076, -0.000000, -0.658076, 0.752952),
      ["LeftUpperArm"] = CFrame.new(0.001665, -0.307442, 0.114681, 0.902630, -0.430238, 0.012449, 0.349559, 0.749631, 0.562015, -0.251133, -0.502940, 0.827033),
      ["LeftUpperLeg"] = CFrame.new(-0.401108, -0.294968, -0.720365, 0.950457, 0.262620, 0.166321, -0.192111, 0.075606, 0.978456, 0.244387, -0.961933, 0.122313),
      ["LowerTorso"] = CFrame.new(-0.020612, -1.179050, -1.141493, -0.999473, 0.007062, 0.031696, -0.000028, 0.975881, -0.218303, -0.032474, -0.218189, -0.975366),
      ["RightUpperArm"] = CFrame.new(0.000000, -0.141003, 0.010735, 1.000000, -0.000000, 0.000000, 0.000000, 0.954334, 0.298743, -0.000000, -0.298743, 0.954334),
      ["RightUpperLeg"] = CFrame.new(0.407398, -0.273492, -0.723487, 0.960102, -0.244443, -0.135841, 0.166149, 0.107882, 0.980182, -0.224943, -0.963644, 0.144192),
      ["x_B1"] = CFrame.new(-0.032406, -0.028827, -0.000000, 0.997352, 0.072721, 0.000000, -0.072721, 0.997352, -0.000000, -0.000000, 0.000000, 1.000000),
      ["x_B2"] = CFrame.new(-0.032406, -0.028827, -0.000000, 0.997352, 0.072721, 0.000000, -0.072721, 0.997352, -0.000000, -0.000000, 0.000000, 1.000000)
    }},
    { Time = 0.183, Data = {
      ["Head"] = CFrame.new(0.000000, 0.084170, -0.073230, 1.000000, -0.000000, 0.000000, 0.000000, 0.754527, 0.656269, -0.000000, -0.656269, 0.754527),
      ["LeftUpperArm"] = CFrame.new(0.002500, -0.308931, 0.115463, 0.902726, -0.430042, 0.012222, 0.349389, 0.749408, 0.562419, -0.251023, -0.503441, 0.826762),
      ["LeftUpperLeg"] = CFrame.new(-0.402522, -0.295642, -0.714848, 0.950600, 0.262292, 0.166020, -0.192054, 0.076768, 0.978377, 0.243876, -0.961930, 0.123350),
      ["LowerTorso"] = CFrame.new(-0.020630, -1.172366, -1.141438, -0.999472, 0.007217, 0.031671, -0.000012, 0.974923, -0.222540, -0.032483, -0.222423, -0.974409),
      ["RightUpperArm"] = CFrame.new(0.000000, -0.140764, 0.009551, 1.000000, -0.000000, 0.000000, 0.000000, 0.953258, 0.302159, -0.000000, -0.302159, 0.953258),
      ["RightUpperLeg"] = CFrame.new(0.408704, -0.275376, -0.718627, 0.960246, -0.243853, -0.135877, 0.166123, 0.108001, 0.980173, -0.224343, -0.963780, 0.144217),
      ["x_B1"] = CFrame.new(-0.031902, -0.027585, -0.000000, 0.997610, 0.069103, 0.000000, -0.069103, 0.997610, -0.000000, -0.000000, 0.000000, 1.000000),
      ["x_B2"] = CFrame.new(-0.031902, -0.027585, -0.000000, 0.997610, 0.069103, 0.000000, -0.069103, 0.997610, -0.000000, -0.000000, 0.000000, 1.000000)
    }},
    { Time = 0.200, Data = {
      ["Head"] = CFrame.new(0.000000, 0.084170, -0.073230, 1.000000, -0.000000, 0.000000, 0.000000, 0.756278, 0.654251, -0.000000, -0.654251, 0.756278),
      ["LeftUpperArm"] = CFrame.new(0.003410, -0.310582, 0.116294, 0.902823, -0.429846, 0.011955, 0.349195, 0.749085, 0.562970, -0.250946, -0.504087, 0.826391),
      ["LeftUpperLeg"] = CFrame.new(-0.404065, -0.296367, -0.708821, 0.950769, 0.261923, 0.165632, -0.191964, 0.078185, 0.978283, 0.243285, -0.961916, 0.124615),
      ["LowerTorso"] = CFrame.new(-0.020635, -1.165000, -1.141280, -0.999475, 0.007370, 0.031558, 0.000004, 0.973829, -0.227282, -0.032407, -0.227162, -0.973318),
      ["RightUpperArm"] = CFrame.new(0.000000, -0.140506, 0.008254, 1.000000, -0.000000, 0.000000, 0.000000, 0.952062, 0.305904, -0.000000, -0.305904, 0.952062),
      ["RightUpperLeg"] = CFrame.new(0.410130, -0.277415, -0.713309, 0.960415, -0.243209, -0.135842, 0.166049, 0.108257, 0.980157, -0.223678, -0.963914, 0.144356),
      ["x_B1"] = CFrame.new(-0.031351, -0.026225, -0.000000, 0.997871, 0.065225, 0.000000, -0.065225, 0.997871, -0.000000, -0.000000, 0.000000, 1.000000),
      ["x_B2"] = CFrame.new(-0.031351, -0.026225, -0.000000, 0.997871, 0.065225, 0.000000, -0.065225, 0.997871, -0.000000, -0.000000, 0.000000, 1.000000)
    }},
    { Time = 0.217, Data = {
      ["Head"] = CFrame.new(0.000000, 0.084170, -0.073230, 1.000000, -0.000000, 0.000000, 0.000000, 0.758202, 0.652019, -0.000000, -0.652019, 0.758202),
      ["LeftUpperArm"] = CFrame.new(0.004421, -0.312347, 0.117223, 0.902967, -0.429551, 0.011654, 0.348963, 0.748847, 0.563430, -0.250749, -0.504692, 0.826082),
      ["LeftUpperLeg"] = CFrame.new(-0.405763, -0.297188, -0.702216, 0.950912, 0.261615, 0.165301, -0.191933, 0.079573, 0.978177, 0.242752, -0.961887, 0.125879),
      ["LowerTorso"] = CFrame.new(-0.020641, -1.156986, -1.141184, -0.999475, 0.007538, 0.031529, 0.000005, 0.972631, -0.232357, -0.032417, -0.232235, -0.972120),
      ["RightUpperArm"] = CFrame.new(0.000000, -0.140232, 0.006843, 1.000000, -0.000000, 0.000000, 0.000000, 0.950744, 0.309978, -0.000000, -0.309978, 0.950744),
      ["RightUpperLeg"] = CFrame.new(0.411673, -0.279626, -0.707555, 0.960611, -0.242440, -0.135828, 0.165956, 0.108423, 0.980155, -0.222901, -0.964089, 0.144386),
      ["x_B1"] = CFrame.new(-0.030752, -0.024746, -0.000000, 0.998143, 0.060915, 0.000000, -0.060915, 0.998143, -0.000000, -0.000000, 0.000000, 1.000000),
      ["x_B2"] = CFrame.new(-0.030752, -0.024746, -0.000000, 0.998143, 0.060915, 0.000000, -0.060915, 0.998143, -0.000000, -0.000000, 0.000000, 1.000000)
    }},
    { Time = 0.233, Data = {
      ["Head"] = CFrame.new(0.000000, 0.084170, -0.073230, 1.000000, -0.000000, 0.000000, 0.000000, 0.760239, 0.649643, -0.000000, -0.649643, 0.760239),
      ["LeftUpperArm"] = CFrame.new(0.005480, -0.314284, 0.118209, 0.903064, -0.429356, 0.011367, 0.348757, 0.748474, 0.564052, -0.250687, -0.505411, 0.825661),
      ["LeftUpperLeg"] = CFrame.new(-0.407587, -0.298089, -0.695132, 0.951085, 0.261208, 0.164947, -0.191927, 0.081215, 0.978043, 0.242076, -0.961860, 0.127375),
      ["LowerTorso"] = CFrame.new(-0.020640, -1.148315, -1.141153, -0.999474, 0.007711, 0.031497, 0.000001, 0.971323, -0.237766, -0.032427, -0.237641, -0.970812),
      ["RightUpperArm"] = CFrame.new(0.000000, -0.139941, 0.005319, 1.000000, -0.000000, 0.000000, 0.000000, 0.949297, 0.314380, -0.000000, -0.314380, 0.949297),
      ["RightUpperLeg"] = CFrame.new(0.413348, -0.282017, -0.701309, 0.960807, -0.241670, -0.135815, 0.165863, 0.108589, 0.980152, -0.222125, -0.964264, 0.144417),
      ["x_B1"] = CFrame.new(-0.030105, -0.023149, -0.000000, 0.998411, 0.056346, 0.000000, -0.056346, 0.998411, -0.000000, -0.000000, 0.000000, 1.000000),
      ["x_B2"] = CFrame.new(-0.030105, -0.023149, -0.000000, 0.998411, 0.056346, 0.000000, -0.056346, 0.998411, -0.000000, -0.000000, 0.000000, 1.000000)
    }},
    { Time = 0.250, Data = {
      ["Head"] = CFrame.new(0.000000, 0.084170, -0.073230, 1.000000, -0.000000, 0.000000, 0.000000, 0.762446, 0.647052, -0.000000, -0.647052, 0.762446),
      ["LeftUpperArm"] = CFrame.new(0.006640, -0.316348, 0.119274, 0.903208, -0.429061, 0.011026, 0.348502, 0.748136, 0.564658, -0.250522, -0.506161, 0.825251),
      ["LeftUpperLeg"] = CFrame.new(-0.409540, -0.299025, -0.687526, 0.951285, 0.260739, 0.164536, -0.191859, 0.082882, 0.977917, 0.241344, -0.961845, 0.128869),
      ["LowerTorso"] = CFrame.new(-0.020634, -1.138942, -1.141020, -0.999474, 0.007893, 0.031463, -0.000012, 0.969857, -0.243675, -0.032438, -0.243547, -0.969347),
      ["RightUpperArm"] = CFrame.new(0.000000, -0.139628, 0.003703, 1.000000, -0.000000, 0.000000, 0.000000, 0.947746, 0.319025, -0.000000, -0.319025, 0.947746),
      ["RightUpperLeg"] = CFrame.new(0.415140, -0.284587, -0.694632, 0.961031, -0.240782, -0.135809, 0.165764, 0.108777, 0.980148, -0.221229, -0.964465, 0.144451),
      ["x_B1"] = CFrame.new(-0.029410, -0.021434, -0.000000, 0.998677, 0.051431, 0.000000, -0.051431, 0.998677, -0.000000, -0.000000, 0.000000, 1.000000),
      ["x_B2"] = CFrame.new(-0.029410, -0.021434, -0.000000, 0.998677, 0.051431, 0.000000, -0.051431, 0.998677, -0.000000, -0.000000, 0.000000, 1.000000)
    }},
    { Time = 0.267, Data = {
      ["Head"] = CFrame.new(0.000000, 0.084170, -0.073230, 1.000000, -0.000000, 0.000000, 0.000000, 0.764760, 0.644315, -0.000000, -0.644315, 0.764760),
      ["LeftUpperArm"] = CFrame.new(0.007874, -0.318561, 0.120406, 0.903352, -0.428766, 0.010666, 0.348235, 0.747748, 0.565337, -0.250373, -0.506984, 0.824791),
      ["LeftUpperLeg"] = CFrame.new(-0.411634, -0.300035, -0.679376, 0.951484, 0.260280, 0.164110, -0.191804, 0.084661, 0.977775, 0.240601, -0.961815, 0.130476),
      ["LowerTorso"] = CFrame.new(-0.020621, -1.128900, -1.140954, -0.999473, 0.008079, 0.031426, -0.000031, 0.968268, -0.249914, -0.032448, -0.249783, -0.967758),
      ["RightUpperArm"] = CFrame.new(0.000000, -0.139309, 0.001953, 1.000000, -0.000000, 0.000000, 0.000000, 0.946030, 0.324079, -0.000000, -0.324079, 0.946030),
      ["RightUpperLeg"] = CFrame.new(0.417064, -0.287343, -0.687468, 0.961254, -0.239901, -0.135789, 0.165678, 0.109079, 0.980129, -0.220322, -0.964650, 0.144599),
      ["x_B1"] = CFrame.new(-0.028668, -0.019601, -0.000000, 0.998934, 0.046170, 0.000000, -0.046170, 0.998934, -0.000000, -0.000000, 0.000000, 1.000000),
      ["x_B2"] = CFrame.new(-0.028668, -0.019601, -0.000000, 0.998934, 0.046170, 0.000000, -0.046170, 0.998934, -0.000000, -0.000000, 0.000000, 1.000000)
    }},
    { Time = 0.283, Data = {
      ["Head"] = CFrame.new(0.000000, 0.084170, -0.073230, 1.000000, -0.000000, 0.000000, 0.000000, 0.767241, 0.641359, -0.000000, -0.641359, 0.767241),
      ["LeftUpperArm"] = CFrame.new(0.009210, -0.320901, 0.121618, 0.903545, -0.428372, 0.010252, 0.347918, 0.747395, 0.565998, -0.250120, -0.507837, 0.824343),
      ["LeftUpperLeg"] = CFrame.new(-0.413857, -0.301088, -0.670710, 0.951710, 0.259768, 0.163614, -0.191701, 0.086578, 0.977627, 0.239791, -0.961782, 0.132195),
      ["LowerTorso"] = CFrame.new(-0.020686, -1.118161, -1.140877, -0.999473, 0.008359, 0.031376, 0.000029, 0.966526, -0.256567, -0.032470, -0.256431, -0.966017),
      ["RightUpperArm"] = CFrame.new(0.000000, -0.138970, 0.000113, 1.000000, -0.000000, 0.000000, 0.000000, 0.944200, 0.329373, -0.000000, -0.329373, 0.944200),
      ["RightUpperLeg"] = CFrame.new(0.419106, -0.290271, -0.679868, 0.961504, -0.238895, -0.135791, 0.165574, 0.109290, 0.980123, -0.219306, -0.964876, 0.144638),
      ["x_B1"] = CFrame.new(-0.027877, -0.017649, -0.000000, 0.999177, 0.040563, 0.000000, -0.040563, 0.999177, -0.000000, -0.000000, 0.000000, 1.000000),
      ["x_B2"] = CFrame.new(-0.027877, -0.017649, -0.000000, 0.999177, 0.040563, 0.000000, -0.040563, 0.999177, -0.000000, -0.000000, 0.000000, 1.000000)
    }},
    { Time = 0.300, Data = {
      ["Head"] = CFrame.new(0.000000, 0.084170, -0.073230, 1.000000, -0.000000, 0.000000, 0.000000, 0.769825, 0.638255, -0.000000, -0.638255, 0.769825),
      ["LeftUpperArm"] = CFrame.new(0.010594, -0.323400, 0.122906, 0.903688, -0.428077, 0.009873, 0.347640, 0.746955, 0.566749, -0.249987, -0.508732, 0.823832),
      ["LeftUpperLeg"] = CFrame.new(-0.416221, -0.302214, -0.661500, 0.951934, 0.259265, 0.163103, -0.191610, 0.088606, 0.977463, 0.238970, -0.961733, 0.134025),
      ["LowerTorso"] = CFrame.new(-0.020661, -1.106715, -1.140784, -0.999472, 0.008559, 0.031334, -0.000004, 0.964624, -0.263630, -0.032482, -0.263491, -0.964115),
      ["RightUpperArm"] = CFrame.new(0.000000, -0.138628, -0.001861, 1.000000, -0.000000, 0.000000, 0.000000, 0.942192, 0.335072, -0.000000, -0.335072, 0.942192),
      ["RightUpperLeg"] = CFrame.new(0.421279, -0.293379, -0.671778, 0.961753, -0.237888, -0.135792, 0.165470, 0.109501, 0.980117, -0.218289, -0.965100, 0.144676),
      ["x_B1"] = CFrame.new(-0.027038, -0.015579, -0.000000, 0.999401, 0.034610, 0.000000, -0.034610, 0.999401, -0.000000, -0.000000, 0.000000, 1.000000),
      ["x_B2"] = CFrame.new(-0.027038, -0.015579, -0.000000, 0.999401, 0.034610, 0.000000, -0.034610, 0.999401, -0.000000, -0.000000, 0.000000, 1.000000)
    }},
    { Time = 0.317, Data = {
      ["Head"] = CFrame.new(0.000000, 0.084170, -0.073230, 1.000000, -0.000000, 0.000000, 0.000000, 0.772569, 0.634930, -0.000000, -0.634930, 0.772569),
      ["LeftUpperArm"] = CFrame.new(0.012079, -0.326040, 0.124254, 0.903880, -0.427682, 0.009420, 0.347301, 0.746501, 0.567555, -0.249765, -0.509730, 0.823281),
      ["LeftUpperLeg"] = CFrame.new(-0.418726, -0.303442, -0.651776, 0.952163, 0.258715, 0.162643, -0.191588, 0.090746, 0.977271, 0.238075, -0.961682, 0.135972),
      ["LowerTorso"] = CFrame.new(-0.020616, -1.094553, -1.140680, -0.999475, 0.008754, 0.031203, -0.000033, 0.962551, -0.271102, -0.032408, -0.270960, -0.962045),
      ["RightUpperArm"] = CFrame.new(0.000000, -0.138269, -0.003925, 1.000000, -0.000000, 0.000000, 0.000000, 0.940060, 0.341010, -0.000000, -0.341010, 0.940060),
      ["RightUpperLeg"] = CFrame.new(0.423570, -0.296671, -0.663260, 0.962030, -0.236771, -0.135788, 0.165373, 0.109847, 0.980095, -0.217142, -0.965336, 0.144832),
      ["x_B1"] = CFrame.new(-0.026152, -0.013391, -0.000000, 0.999599, 0.028311, 0.000000, -0.028311, 0.999599, -0.000000, -0.000000, 0.000000, 1.000000),
      ["x_B2"] = CFrame.new(-0.026152, -0.013391, -0.000000, 0.999599, 0.028311, 0.000000, -0.028311, 0.999599, -0.000000, -0.000000, 0.000000, 1.000000)
    }},
    { Time = 0.333, Data = {
      ["Head"] = CFrame.new(0.000000, 0.084170, -0.073230, 1.000000, -0.000000, 0.000000, 0.000000, 0.775471, 0.631383, -0.000000, -0.631383, 0.775471),
      ["LeftUpperArm"] = CFrame.new(0.013639, -0.328816, 0.125689, 0.904072, -0.427287, 0.008968, 0.346962, 0.746045, 0.568362, -0.249544, -0.510728, 0.822730),
      ["LeftUpperLeg"] = CFrame.new(-0.421361, -0.304683, -0.641505, 0.952413, 0.258168, 0.162048, -0.191460, 0.093022, 0.977082, 0.237177, -0.961611, 0.138025),
      ["LowerTorso"] = CFrame.new(-0.020662, -1.081689, -1.140654, -0.999474, 0.009051, 0.031143, 0.000006, 0.960321, -0.278897, -0.032432, -0.278751, -0.959816),
      ["RightUpperArm"] = CFrame.new(0.000000, -0.137902, -0.006100, 1.000000, -0.000000, 0.000000, 0.000000, 0.937767, 0.347266, -0.000000, -0.347266, 0.937767),
      ["RightUpperLeg"] = CFrame.new(0.425993, -0.300137, -0.654246, 0.962305, -0.235646, -0.135797, 0.165263, 0.110080, 0.980087, -0.216005, -0.965585, 0.144874),
      ["x_B1"] = CFrame.new(-0.025217, -0.011084, -0.000000, 0.999765, 0.021666, 0.000000, -0.021666, 0.999765, -0.000000, -0.000000, 0.000000, 1.000000),
      ["x_B2"] = CFrame.new(-0.025217, -0.011084, -0.000000, 0.999765, 0.021666, 0.000000, -0.021666, 0.999765, -0.000000, -0.000000, 0.000000, 1.000000)
    }},
    { Time = 0.350, Data = {
      ["Head"] = CFrame.new(0.000000, 0.084170, -0.073230, 1.000000, -0.000000, 0.000000, 0.000000, 0.778469, 0.627683, -0.000000, -0.627683, 0.778469),
      ["LeftUpperArm"] = CFrame.new(0.015198, -0.331592, 0.127124, 0.904263, -0.426891, 0.008516, 0.346622, 0.745588, 0.569167, -0.249322, -0.511725, 0.822178),
      ["LeftUpperLeg"] = CFrame.new(-0.423994, -0.305951, -0.631265, 0.952666, 0.257563, 0.161518, -0.191387, 0.095296, 0.976878, 0.236216, -0.961551, 0.140079),
      ["LowerTorso"] = CFrame.new(-0.020621, -1.068761, -1.140641, -0.999474, 0.009263, 0.031094, -0.000040, 0.958027, -0.286678, -0.032444, -0.286528, -0.957523),
      ["RightUpperArm"] = CFrame.new(0.000000, -0.137530, -0.008386, 1.000000, -0.000000, 0.000000, 0.000000, 0.935307, 0.353838, -0.000000, -0.353838, 0.935307),
      ["RightUpperLeg"] = CFrame.new(0.428406, -0.303579, -0.645265, 0.962601, -0.234466, -0.135736, 0.165102, 0.110448, 0.980073, -0.214802, -0.965830, 0.145028),
      ["x_B1"] = CFrame.new(-0.024235, -0.008659, -0.000000, 0.999892, 0.014674, 0.000000, -0.014674, 0.999892, -0.000000, -0.000000, 0.000000, 1.000000),
      ["x_B2"] = CFrame.new(-0.024235, -0.008659, -0.000000, 0.999892, 0.014674, 0.000000, -0.014674, 0.999892, -0.000000, -0.000000, 0.000000, 1.000000)
    }},
    { Time = 0.367, Data = {
      ["Head"] = CFrame.new(0.000000, 0.084170, -0.073230, 1.000000, -0.000000, 0.000000, 0.000000, 0.781561, 0.623829, -0.000000, -0.623829, 0.781561),
      ["LeftUpperArm"] = CFrame.new(0.016657, -0.334242, 0.128480, 0.904406, -0.426595, 0.008118, 0.346334, 0.745094, 0.569989, -0.249203, -0.512690, 0.821612),
      ["LeftUpperLeg"] = CFrame.new(-0.426486, -0.307145, -0.621569, 0.952919, 0.256948, 0.161006, -0.191298, 0.097453, 0.976682, 0.235266, -0.961499, 0.142019),
      ["LowerTorso"] = CFrame.new(-0.020674, -1.056416, -1.140579, -0.999473, 0.009554, 0.031032, 0.000005, 0.955771, -0.294112, -0.032469, -0.293956, -0.955268),
      ["RightUpperArm"] = CFrame.new(0.000000, -0.137146, -0.010759, 1.000000, -0.000000, 0.000000, 0.000000, 0.932704, 0.360644, -0.000000, -0.360644, 0.932704),
      ["RightUpperLeg"] = CFrame.new(0.430713, -0.306867, -0.636683, 0.962846, -0.233458, -0.135739, 0.164997, 0.110656, 0.980067, -0.213784, -0.966050, 0.145065),
      ["x_B1"] = CFrame.new(-0.023204, -0.006116, -0.000000, 0.999973, 0.007337, 0.000000, -0.007337, 0.999973, -0.000000, -0.000000, 0.000000, 1.000000),
      ["x_B2"] = CFrame.new(-0.023204, -0.006116, -0.000000, 0.999973, 0.007337, 0.000000, -0.007337, 0.999973, -0.000000, -0.000000, 0.000000, 1.000000)
    }},
    { Time = 0.383, Data = {
      ["Head"] = CFrame.new(0.000000, 0.084170, -0.073230, 1.000000, -0.000000, 0.000000, 0.000000, 0.784858, 0.619676, -0.000000, -0.619676, 0.784858),
      ["LeftUpperArm"] = CFrame.new(0.018068, -0.336733, 0.129760, 0.904597, -0.426199, 0.007686, 0.346007, 0.744685, 0.570722, -0.248965, -0.513614, 0.821107),
      ["LeftUpperLeg"] = CFrame.new(-0.428852, -0.308267, -0.612357, 0.953141, 0.256439, 0.160503, -0.191198, 0.099469, 0.976498, 0.234448, -0.961428, 0.143839),
      ["LowerTorso"] = CFrame.new(-0.020645, -1.044716, -1.140629, -0.999472, 0.009752, 0.030984, -0.000027, 0.953614, -0.301031, -0.032482, -0.300873, -0.953111),
      ["RightUpperArm"] = CFrame.new(0.000000, -0.136767, -0.013264, 1.000000, -0.000000, 0.000000, 0.000000, 0.929888, 0.367843, -0.000000, -0.367843, 0.929888),
      ["RightUpperLeg"] = CFrame.new(0.432877, -0.309943, -0.628621, 0.963112, -0.232388, -0.135685, 0.164829, 0.110887, 0.980069, -0.212711, -0.966282, 0.145101),
      ["x_B1"] = CFrame.new(-0.022126, -0.003455, -0.000000, 1.000000, -0.000345, 0.000000, 0.000345, 1.000000, 0.000000, 0.000000, 0.000000, 1.000000),
      ["x_B2"] = CFrame.new(-0.022126, -0.003455, -0.000000, 1.000000, -0.000345, 0.000000, 0.000345, 1.000000, 0.000000, 0.000000, 0.000000, 1.000000)
    }},
    { Time = 0.400, Data = {
      ["Head"] = CFrame.new(0.000000, 0.084169, -0.073230, 1.000000, -0.000000, 0.000000, 0.000000, 0.788242, 0.615366, -0.000000, -0.615366, 0.788242),
      ["LeftUpperArm"] = CFrame.new(0.019378, -0.339084, 0.130981, 0.904740, -0.425901, 0.007329, 0.345742, 0.744289, 0.571398, -0.248814, -0.514433, 0.820640),
      ["LeftUpperLeg"] = CFrame.new(-0.431077, -0.309313, -0.603689, 0.953362, 0.255921, 0.160016, -0.191082, 0.101370, 0.976326, 0.233641, -0.961368, 0.145544),
      ["LowerTorso"] = CFrame.new(-0.020696, -1.033617, -1.140627, -0.999474, 0.010016, 0.030838, 0.000044, 0.951513, -0.307607, -0.032424, -0.307444, -0.951014),
      ["RightUpperArm"] = CFrame.new(0.000000, -0.136381, -0.015855, 1.000000, -0.000000, 0.000000, 0.000000, 0.926916, 0.375270, -0.000000, -0.375270, 0.926916),
      ["RightUpperLeg"] = CFrame.new(0.434923, -0.312876, -0.621026, 0.963355, -0.231388, -0.135674, 0.164736, 0.111206, 0.980049, -0.211683, -0.966485, 0.145249),
      ["x_B1"] = CFrame.new(-0.021000, -0.000675, -0.000000, 0.999966, -0.008287, 0.000000, 0.008287, 0.999966, 0.000000, 0.000000, 0.000000, 1.000000),
      ["x_B2"] = CFrame.new(-0.021000, -0.000675, -0.000000, 0.999966, -0.008287, 0.000000, 0.008287, 0.999966, 0.000000, 0.000000, 0.000000, 1.000000)
    }},
    { Time = 0.417, Data = {
      ["Head"] = CFrame.new(0.000000, 0.084170, -0.073230, 1.000000, -0.000000, 0.000000, 0.000000, 0.791710, 0.610897, -0.000000, -0.610897, 0.791710),
      ["LeftUpperArm"] = CFrame.new(0.020613, -0.341299, 0.132115, 0.904883, -0.425604, 0.006971, 0.345477, 0.743893, 0.572074, -0.248663, -0.515252, 0.820172),
      ["LeftUpperLeg"] = CFrame.new(-0.433173, -0.310323, -0.595543, 0.953557, 0.255463, 0.159587, -0.191026, 0.103242, 0.976141, 0.232891, -0.961291, 0.147247),
      ["LowerTorso"] = CFrame.new(-0.020680, -1.023154, -1.140653, -0.999474, 0.010201, 0.030792, 0.000025, 0.949504, -0.313756, -0.032437, -0.313590, -0.949004),
      ["RightUpperArm"] = CFrame.new(0.000000, -0.136005, -0.018576, 1.000000, -0.000000, 0.000000, 0.000000, 0.923713, 0.383085, -0.000000, -0.383085, 0.923713),
      ["RightUpperLeg"] = CFrame.new(0.436851, -0.315625, -0.613858, 0.963569, -0.230497, -0.135669, 0.164635, 0.111390, 0.980045, -0.210786, -0.966676, 0.145280),
      ["x_B1"] = CFrame.new(-0.019826, 0.002223, -0.000000, 0.999861, -0.016660, 0.000000, 0.016660, 0.999861, 0.000000, 0.000000, 0.000000, 1.000000),
      ["x_B2"] = CFrame.new(-0.019826, 0.002223, -0.000000, 0.999861, -0.016660, 0.000000, 0.016660, 0.999861, 0.000000, 0.000000, 0.000000, 1.000000)
    }},
    { Time = 0.433, Data = {
      ["Head"] = CFrame.new(0.000000, 0.084170, -0.073230, 1.000000, -0.000000, 0.000000, 0.000000, 0.795205, 0.606340, -0.000000, -0.606340, 0.795205),
      ["LeftUpperArm"] = CFrame.new(0.021774, -0.343365, 0.133181, 0.905025, -0.425306, 0.006633, 0.345223, 0.743546, 0.572678, -0.248495, -0.515998, 0.819754),
      ["LeftUpperLeg"] = CFrame.new(-0.435129, -0.311251, -0.587935, 0.953751, 0.254985, 0.159189, -0.190941, 0.104888, 0.975982, 0.232164, -0.961239, 0.148724),
      ["LowerTorso"] = CFrame.new(-0.020671, -1.013336, -1.140705, -0.999474, 0.010379, 0.030747, 0.000012, 0.947593, -0.319481, -0.032451, -0.319312, -0.947094),
      ["RightUpperArm"] = CFrame.new(0.000000, -0.135638, -0.021270, 1.000000, -0.000000, 0.000000, 0.000000, 0.920476, 0.390799, -0.000000, -0.390799, 0.920476),
      ["RightUpperLeg"] = CFrame.new(0.438649, -0.318193, -0.607182, 0.963782, -0.229607, -0.135665, 0.164534, 0.111573, 0.980041, -0.209888, -0.966867, 0.145310),
      ["x_B1"] = CFrame.new(-0.018652, 0.005121, -0.000000, 0.999687, -0.025031, 0.000000, 0.025031, 0.999687, 0.000000, 0.000000, 0.000000, 1.000000),
      ["x_B2"] = CFrame.new(-0.018652, 0.005121, -0.000000, 0.999687, -0.025031, 0.000000, 0.025031, 0.999687, 0.000000, 0.000000, 0.000000, 1.000000)
    }},
    { Time = 0.450, Data = {
      ["Head"] = CFrame.new(0.000000, 0.084170, -0.073230, 1.000000, -0.000000, 0.000000, 0.000000, 0.798507, 0.601986, -0.000000, -0.601986, 0.798507),
      ["LeftUpperArm"] = CFrame.new(0.022860, -0.345282, 0.134179, 0.905168, -0.425007, 0.006315, 0.344982, 0.743250, 0.573208, -0.248311, -0.516671, 0.819385),
      ["LeftUpperLeg"] = CFrame.new(-0.436957, -0.312114, -0.580817, 0.953915, 0.254624, 0.158785, -0.190861, 0.106506, 0.975822, 0.231556, -0.961157, 0.150195),
      ["LowerTorso"] = CFrame.new(-0.020668, -1.004169, -1.140780, -0.999473, 0.010550, 0.030703, 0.000006, 0.945789, -0.324782, -0.032465, -0.324611, -0.945290),
      ["RightUpperArm"] = CFrame.new(0.000000, -0.135302, -0.023846, 1.000000, -0.000000, 0.000000, 0.000000, 0.917313, 0.398168, -0.000000, -0.398168, 0.917313),
      ["RightUpperLeg"] = CFrame.new(0.440329, -0.320589, -0.600942, 0.963967, -0.228843, -0.135640, 0.164451, 0.111845, 0.980024, -0.209101, -0.967017, 0.145448),
      ["x_B1"] = CFrame.new(-0.017525, 0.007901, -0.000000, 0.999453, -0.033057, 0.000000, 0.033057, 0.999453, 0.000000, 0.000000, 0.000000, 1.000000),
      ["x_B2"] = CFrame.new(-0.017525, 0.007901, -0.000000, 0.999453, -0.033057, 0.000000, 0.033057, 0.999453, 0.000000, 0.000000, 0.000000, 1.000000)
    }},
    { Time = 0.467, Data = {
      ["Head"] = CFrame.new(0.000000, 0.084170, -0.073230, 1.000000, -0.000000, 0.000000, 0.000000, 0.801618, 0.597836, -0.000000, -0.597836, 0.801618),
      ["LeftUpperArm"] = CFrame.new(0.023846, -0.347072, 0.135098, 0.905263, -0.424809, 0.006051, 0.344790, 0.742917, 0.573755, -0.248231, -0.517313, 0.819005),
      ["LeftUpperLeg"] = CFrame.new(-0.438643, -0.312925, -0.574269, 0.954083, 0.254189, 0.158475, -0.190809, 0.107897, 0.975679, 0.230907, -0.961117, 0.151444),
      ["LowerTorso"] = CFrame.new(-0.020672, -0.995634, -1.140796, -0.999472, 0.010716, 0.030661, 0.000006, 0.944070, -0.329746, -0.032480, -0.329572, -0.943572),
      ["RightUpperArm"] = CFrame.new(0.000000, -0.134994, -0.026306, 1.000000, -0.000000, 0.000000, 0.000000, 0.914230, 0.405195, -0.000000, -0.405195, 0.914230),
      ["RightUpperLeg"] = CFrame.new(0.441889, -0.322830, -0.595160, 0.964129, -0.228133, -0.135685, 0.164417, 0.111982, 0.980014, -0.208379, -0.967169, 0.145474),
      ["x_B1"] = CFrame.new(-0.016447, 0.010562, -0.000000, 0.999173, -0.040649, 0.000000, 0.040649, 0.999173, 0.000000, 0.000000, 0.000000, 1.000000),
      ["x_B2"] = CFrame.new(-0.016447, 0.010562, -0.000000, 0.999173, -0.040649, 0.000000, 0.040649, 0.999173, 0.000000, 0.000000, 0.000000, 1.000000)
    }},
    { Time = 0.483, Data = {
      ["Head"] = CFrame.new(0.000000, 0.084170, -0.073230, 1.000000, -0.000000, 0.000000, 0.000000, 0.804597, 0.593821, -0.000000, -0.593821, 0.804597),
      ["LeftUpperArm"] = CFrame.new(0.024777, -0.348704, 0.135946, 0.905394, -0.424533, 0.005833, 0.344533, 0.742669, 0.574229, -0.248111, -0.517894, 0.818674),
      ["LeftUpperLeg"] = CFrame.new(-0.440202, -0.313671, -0.568211, 0.954220, 0.253870, 0.158158, -0.190761, 0.109262, 0.975537, 0.230379, -0.961047, 0.152688),
      ["LowerTorso"] = CFrame.new(-0.020667, -0.987763, -1.140834, -0.999475, 0.010860, 0.030535, 0.000028, 0.942470, -0.334290, -0.032409, -0.334114, -0.941976),
      ["RightUpperArm"] = CFrame.new(0.000000, -0.134712, -0.028648, 1.000000, -0.000000, 0.000000, 0.000000, 0.911237, 0.411882, -0.000000, -0.411882, 0.911237),
      ["RightUpperLeg"] = CFrame.new(0.443321, -0.324862, -0.589837, 0.964286, -0.227479, -0.135665, 0.164327, 0.112118, 0.980013, -0.207722, -0.967307, 0.145495),
      ["x_B1"] = CFrame.new(-0.015417, 0.013106, -0.000000, 0.998848, -0.047981, 0.000000, 0.047981, 0.998848, 0.000000, 0.000000, 0.000000, 1.000000),
      ["x_B2"] = CFrame.new(-0.015417, 0.013106, -0.000000, 0.998848, -0.047981, 0.000000, 0.047981, 0.998848, 0.000000, 0.000000, 0.000000, 1.000000)
    }},
    { Time = 0.500, Data = {
      ["Head"] = CFrame.new(0.000000, 0.084170, -0.073230, 1.000000, -0.000000, 0.000000, 0.000000, 0.807447, 0.589940, -0.000000, -0.589940, 0.807447),
      ["LeftUpperArm"] = CFrame.new(0.025613, -0.350208, 0.136711, 0.905488, -0.424334, 0.005589, 0.344353, 0.742386, 0.574703, -0.248015, -0.518463, 0.818343),
      ["LeftUpperLeg"] = CFrame.new(-0.441620, -0.314336, -0.562692, 0.954357, 0.253532, 0.157872, -0.190685, 0.110401, 0.975423, 0.229872, -0.961006, 0.153707),
