return {
  ["Astros 8 lay"] = {
    { Time = 0.000, Data = {
      ["Balls"] = CFrame.new(0.000000, 0.000000, 0.000000, 0.995986, -0.089512, 0.000000, 0.089512, 0.995986, 0.000000, 0.000000, 0.000000, 1.000000),
      ["Bone.001"] = CFrame.new(0.000000, 0.000000, 0.000000, 1.000000, -0.000000, 0.000000, 0.000000, 0.990354, 0.138557, -0.000000, -0.138557, 0.990354),
      ["Cock"] = CFrame.new(0.000000, 0.000000, 0.000000, 0.999292, -0.037630, 0.000000, 0.037630, 0.999292, 0.000000, 0.000000, 0.000000, 1.000000),
      ["Head"] = CFrame.new(0.000000, 0.000000, -0.000000, 1.000000, 0.000000, 0.000000, 0.000000, 0.984873, -0.173280, 0.000000, 0.173280, 0.984873),
      ["LeftUpperArm"] = CFrame.new(-0.019784, -0.348894, 0.223902, 0.992229, -0.122276, -0.023016, -0.117361, -0.858326, -0.499502, 0.041322, 0.498322, -0.866007),
      ["LeftUpperLeg"] = CFrame.new(-0.069223, -0.015727, -0.601020, 0.966586, 0.191374, 0.170548, -0.240663, 0.906586, 0.346674, -0.088271, -0.376135, 0.922351),
      ["LowerTorso"] = CFrame.new(-0.000127, -1.744342, -0.087093, -0.999999, -0.001768, -0.000113, 0.000009, 0.058330, -0.998297, 0.001771, -0.998296, -0.058331),
      ["RightUpperArm"] = CFrame.new(0.019784, -0.348894, 0.223902, 0.992229, 0.122276, 0.023016, 0.117361, -0.858326, -0.499502, -0.041322, 0.498322, -0.866007),
      ["RightUpperLeg"] = CFrame.new(0.069226, -0.015734, -0.601018, 0.966586, -0.191374, -0.170548, 0.240663, 0.906586, 0.346674, 0.088271, -0.376135, 0.922351)
    }},
    { Time = 0.017, Data = {
      ["LeftUpperArm"] = CFrame.new(-0.019767, -0.348776, 0.223812, 0.992229, -0.122277, -0.023011, -0.117363, -0.858371, -0.499425, 0.041317, 0.498245, -0.866052),
      ["LeftUpperLeg"] = CFrame.new(-0.069223, -0.015725, -0.601025, 0.966586, 0.191382, 0.170539, -0.240659, 0.906618, 0.346593, -0.088282, -0.376054, 0.922383),
      ["LowerTorso"] = CFrame.new(-0.000127, -1.744411, -0.087099, -0.999999, -0.001768, -0.000113, 0.000009, 0.058330, -0.998297, 0.001771, -0.998296, -0.058331),
      ["RightUpperArm"] = CFrame.new(0.019767, -0.348776, 0.223812, 0.992229, 0.122277, 0.023011, 0.117363, -0.858371, -0.499425, -0.041317, 0.498245, -0.866052),
      ["RightUpperLeg"] = CFrame.new(0.069226, -0.015732, -0.601024, 0.966586, -0.191382, -0.170539, 0.240659, 0.906618, 0.346593, 0.088282, -0.376054, 0.922383)
    }},
    { Time = 0.033, Data = {
      ["LeftUpperArm"] = CFrame.new(-0.019712, -0.348410, 0.223560, 0.992229, -0.122279, -0.023000, -0.117367, -0.858460, -0.499270, 0.041306, 0.498090, -0.866141),
      ["LeftUpperLeg"] = CFrame.new(-0.069219, -0.015684, -0.601097, 0.966594, 0.191313, 0.170573, -0.240576, 0.906765, 0.346266, -0.088425, -0.375734, 0.922499),
      ["LowerTorso"] = CFrame.new(-0.000127, -1.744848, -0.087129, -0.999998, -0.001768, -0.000113, 0.000009, 0.058568, -0.998283, 0.001771, -0.998282, -0.058567),
      ["RightUpperArm"] = CFrame.new(0.019712, -0.348410, 0.223560, 0.992229, 0.122279, 0.023000, 0.117367, -0.858460, -0.499270, -0.041306, 0.498090, -0.866141),
      ["RightUpperLeg"] = CFrame.new(0.069222, -0.015690, -0.601095, 0.966594, -0.191313, -0.170573, 0.240576, 0.906765, 0.346266, 0.088425, -0.375734, 0.922499)
    }},
    { Time = 0.050, Data = {
      ["LeftUpperArm"] = CFrame.new(-0.019628, -0.347809, 0.223126, 0.992228, -0.122306, -0.022895, -0.117352, -0.858639, -0.498967, 0.041368, 0.497776, -0.866319),
      ["LeftUpperLeg"] = CFrame.new(-0.069219, -0.015672, -0.601129, 0.966594, 0.191358, 0.170523, -0.240552, 0.906957, 0.345780, -0.088489, -0.375248, 0.922691),
      ["LowerTorso"] = CFrame.new(-0.000127, -1.745424, -0.087172, -0.999998, -0.001768, -0.000113, 0.000009, 0.058805, -0.998269, 0.001771, -0.998268, -0.058804),
      ["RightUpperArm"] = CFrame.new(0.019628, -0.347809, 0.223126, 0.992228, 0.122306, 0.022895, 0.117352, -0.858639, -0.498967, -0.041368, 0.497776, -0.866319),
      ["RightUpperLeg"] = CFrame.new(0.069222, -0.015678, -0.601127, 0.966594, -0.191358, -0.170523, 0.240552, 0.906957, 0.345780, 0.088489, -0.375248, 0.922691)
    }},
    { Time = 0.067, Data = {
      ["LeftUpperArm"] = CFrame.new(-0.019501, -0.346960, 0.222532, 0.992228, -0.122311, -0.022867, -0.117361, -0.858862, -0.498581, 0.041342, 0.497390, -0.866542),
      ["LeftUpperLeg"] = CFrame.new(-0.069215, -0.015622, -0.601221, 0.966602, 0.191319, 0.170523, -0.240453, 0.907231, 0.345128, -0.088675, -0.374604, 0.922935),
      ["LowerTorso"] = CFrame.new(-0.000127, -1.746252, -0.087233, -0.999998, -0.001768, -0.000113, 0.000009, 0.059160, -0.998249, 0.001771, -0.998247, -0.059160),
      ["RightUpperArm"] = CFrame.new(0.019501, -0.346960, 0.222532, 0.992228, 0.122311, 0.022867, 0.117361, -0.858862, -0.498581, -0.041342, 0.497390, -0.866542),
      ["RightUpperLeg"] = CFrame.new(0.069219, -0.015629, -0.601220, 0.966602, -0.191319, -0.170523, 0.240453, 0.907231, 0.345128, 0.088675, -0.374604, 0.922935)
    }},
    { Time = 0.083, Data = {
      ["LeftUpperArm"] = CFrame.new(-0.019339, -0.345863, 0.221778, 0.992228, -0.122317, -0.022834, -0.117372, -0.859129, -0.498117, 0.041310, 0.496926, -0.866809),
      ["LeftUpperLeg"] = CFrame.new(-0.069221, -0.015609, -0.601322, 0.966590, 0.191385, 0.170514, -0.240425, 0.907582, 0.344225, -0.088875, -0.373721, 0.923274),
      ["LowerTorso"] = CFrame.new(-0.000127, -1.747449, -0.087319, -0.999998, -0.001768, -0.000114, 0.000008, 0.059752, -0.998213, 0.001771, -0.998212, -0.059752),
      ["RightUpperArm"] = CFrame.new(0.019338, -0.345863, 0.221778, 0.992228, 0.122317, 0.022834, 0.117372, -0.859129, -0.498117, -0.041310, 0.496926, -0.866809),
      ["RightUpperLeg"] = CFrame.new(0.069224, -0.015614, -0.601320, 0.966590, -0.191385, -0.170514, 0.240425, 0.907582, 0.344225, 0.088875, -0.373721, 0.923274)
    }},
    { Time = 0.100, Data = {
      ["LeftUpperArm"] = CFrame.new(-0.019146, -0.344530, 0.220841, 0.992228, -0.122347, -0.022707, -0.117365, -0.859486, -0.497504, 0.041352, 0.496302, -0.867164),
      ["LeftUpperLeg"] = CFrame.new(-0.069223, -0.015554, -0.601488, 0.966586, 0.191375, 0.170547, -0.240318, 0.908045, 0.343076, -0.089208, -0.372598, 0.923695),
      ["LowerTorso"] = CFrame.new(-0.000127, -1.748784, -0.087418, -0.999999, -0.001767, -0.000114, 0.000008, 0.060343, -0.998178, 0.001771, -0.998176, -0.060343),
      ["RightUpperArm"] = CFrame.new(0.019146, -0.344530, 0.220841, 0.992228, 0.122347, 0.022707, 0.117365, -0.859486, -0.497504, -0.041352, 0.496302, -0.867164),
      ["RightUpperLeg"] = CFrame.new(0.069226, -0.015560, -0.601487, 0.966586, -0.191375, -0.170547, 0.240318, 0.908045, 0.343076, 0.089208, -0.372598, 0.923695)
    }},
    { Time = 0.117, Data = {
      ["LeftUpperArm"] = CFrame.new(-0.018911, -0.342961, 0.219723, 0.992228, -0.122357, -0.022653, -0.117383, -0.859930, -0.496731, 0.041299, 0.495529, -0.867609),
      ["LeftUpperLeg"] = CFrame.new(-0.069225, -0.015498, -0.601660, 0.966583, 0.191372, 0.170572, -0.240205, 0.908539, 0.341845, -0.089552, -0.371394, 0.924147),
      ["LowerTorso"] = CFrame.new(-0.000127, -1.750371, -0.087534, -0.999998, -0.001767, -0.000115, 0.000007, 0.061053, -0.998134, 0.001771, -0.998133, -0.061053),
      ["RightUpperArm"] = CFrame.new(0.018911, -0.342961, 0.219724, 0.992228, 0.122357, 0.022653, 0.117383, -0.859930, -0.496731, -0.041299, 0.495529, -0.867609),
      ["RightUpperLeg"] = CFrame.new(0.069228, -0.015504, -0.601659, 0.966583, -0.191372, -0.170572, 0.240205, 0.908539, 0.341845, 0.089552, -0.371394, 0.924147)
    }},
    { Time = 0.133, Data = {
      ["LeftUpperArm"] = CFrame.new(-0.018645, -0.341132, 0.218464, 0.992227, -0.122390, -0.022515, -0.117380, -0.860374, -0.495963, 0.041330, 0.494750, -0.868052),
      ["LeftUpperLeg"] = CFrame.new(-0.069218, -0.015393, -0.601861, 0.966598, 0.191317, 0.170549, -0.239994, 0.909176, 0.340296, -0.089954, -0.369860, 0.924722),
      ["LowerTorso"] = CFrame.new(-0.000128, -1.752210, -0.087670, -0.999999, -0.001767, -0.000116, 0.000006, 0.061881, -0.998084, 0.001771, -0.998082, -0.061881),
      ["RightUpperArm"] = CFrame.new(0.018645, -0.341132, 0.218464, 0.992227, 0.122390, 0.022515, 0.117380, -0.860374, -0.495963, -0.041330, 0.494750, -0.868052),
      ["RightUpperLeg"] = CFrame.new(0.069221, -0.015398, -0.601860, 0.966598, -0.191317, -0.170549, 0.239994, 0.909176, 0.340296, 0.089954, -0.369860, 0.924722)
    }},
    { Time = 0.150, Data = {
      ["LeftUpperArm"] = CFrame.new(-0.018344, -0.339079, 0.217003, 0.992226, -0.122425, -0.022360, -0.117382, -0.860949, -0.494962, 0.041345, 0.493739, -0.868627),
      ["LeftUpperLeg"] = CFrame.new(-0.069220, -0.015327, -0.602059, 0.966594, 0.191352, 0.170532, -0.239861, 0.909823, 0.338658, -0.090351, -0.368249, 0.925327),
      ["LowerTorso"] = CFrame.new(-0.000128, -1.754421, -0.087833, -0.999998, -0.001767, -0.000117, 0.000005, 0.062945, -0.998017, 0.001771, -0.998015, -0.062945),
      ["RightUpperArm"] = CFrame.new(0.018344, -0.339079, 0.217003, 0.992226, 0.122425, 0.022360, 0.117382, -0.860949, -0.494962, -0.041345, 0.493739, -0.868627),
      ["RightUpperLeg"] = CFrame.new(0.069223, -0.015331, -0.602058, 0.966594, -0.191352, -0.170532, 0.239861, 0.909823, 0.338658, 0.090351, -0.368249, 0.925327)
    }},
    { Time = 0.167, Data = {
      ["LeftUpperArm"] = CFrame.new(-0.017984, -0.336769, 0.215402, 0.992236, -0.122377, -0.022184, -0.117301, -0.861535, -0.493962, 0.041338, 0.492729, -0.869200),
      ["LeftUpperLeg"] = CFrame.new(-0.069218, -0.015220, -0.602322, 0.966597, 0.191311, 0.170558, -0.239648, 0.910579, 0.336772, -0.090879, -0.366397, 0.926010),
      ["LowerTorso"] = CFrame.new(-0.000128, -1.756767, -0.088009, -0.999999, -0.001767, -0.000118, 0.000004, 0.064008, -0.997949, 0.001771, -0.997948, -0.064008),
      ["RightUpperArm"] = CFrame.new(0.017984, -0.336769, 0.215402, 0.992236, 0.122377, 0.022184, 0.117301, -0.861535, -0.493962, -0.041338, 0.492729, -0.869200),
      ["RightUpperLeg"] = CFrame.new(0.069221, -0.015224, -0.602322, 0.966597, -0.191311, -0.170558, 0.239648, 0.910579, 0.336772, 0.090879, -0.366397, 0.926010)
    }},
    { Time = 0.183, Data = {
      ["LeftUpperArm"] = CFrame.new(-0.017611, -0.334230, 0.213599, 0.992235, -0.122415, -0.022013, -0.117308, -0.862240, -0.492728, 0.041337, 0.491484, -0.869905),
      ["LeftUpperLeg"] = CFrame.new(-0.069226, -0.015148, -0.602594, 0.966581, 0.191375, 0.170575, -0.239504, 0.911404, 0.334634, -0.091422, -0.364304, 0.926782),
      ["LowerTorso"] = CFrame.new(-0.000128, -1.759364, -0.088204, -0.999998, -0.001767, -0.000119, 0.000003, 0.065189, -0.997873, 0.001771, -0.997871, -0.065189),
      ["RightUpperArm"] = CFrame.new(0.017611, -0.334230, 0.213599, 0.992235, 0.122415, 0.022013, 0.117308, -0.862240, -0.492728, -0.041337, 0.491484, -0.869905),
      ["RightUpperLeg"] = CFrame.new(0.069229, -0.015151, -0.602593, 0.966581, -0.191375, -0.170575, 0.239504, 0.911404, 0.334634, 0.091422, -0.364304, 0.926782)
    }},
    { Time = 0.200, Data = {
      ["LeftUpperArm"] = CFrame.new(-0.017200, -0.331432, 0.211654, 0.992234, -0.122452, -0.021842, -0.117316, -0.862943, -0.491494, 0.041336, 0.490239, -0.870607),
      ["LeftUpperLeg"] = CFrame.new(-0.069224, -0.015030, -0.602884, 0.966585, 0.191372, 0.170559, -0.239269, 0.912306, 0.332338, -0.092002, -0.362043, 0.927610),
      ["LowerTorso"] = CFrame.new(-0.000129, -1.762214, -0.088421, -0.999999, -0.001767, -0.000120, 0.000002, 0.066487, -0.997787, 0.001771, -0.997786, -0.066487),
      ["RightUpperArm"] = CFrame.new(0.017201, -0.331432, 0.211654, 0.992234, 0.122452, 0.021842, 0.117316, -0.862943, -0.491494, -0.041336, 0.490239, -0.870607),
      ["RightUpperLeg"] = CFrame.new(0.069227, -0.015033, -0.602883, 0.966585, -0.191372, -0.170559, 0.239269, 0.912306, 0.332338, 0.092002, -0.362043, 0.927610)
    }},
    { Time = 0.217, Data = {
      ["LeftUpperArm"] = CFrame.new(-0.016754, -0.328397, 0.209528, 0.992233, -0.122492, -0.021660, -0.117327, -0.863732, -0.490103, 0.041325, 0.488838, -0.871395),
      ["LeftUpperLeg"] = CFrame.new(-0.069223, -0.014908, -0.603184, 0.966588, 0.191384, 0.170528, -0.239024, 0.913262, 0.329879, -0.092603, -0.359617, 0.928494),
      ["LowerTorso"] = CFrame.new(-0.000129, -1.765315, -0.088658, -0.999999, -0.001767, -0.000121, 0.000001, 0.067902, -0.997692, 0.001771, -0.997691, -0.067902),
      ["RightUpperArm"] = CFrame.new(0.016754, -0.328397, 0.209528, 0.992233, 0.122492, 0.021660, 0.117327, -0.863732, -0.490103, -0.041325, 0.488838, -0.871395),
      ["RightUpperLeg"] = CFrame.new(0.069225, -0.014910, -0.603183, 0.966588, -0.191384, -0.170528, 0.239024, 0.913262, 0.329879, 0.092603, -0.359617, 0.928494)
    }},
    { Time = 0.233, Data = {
      ["LeftUpperArm"] = CFrame.new(-0.016272, -0.325126, 0.207221, 0.992232, -0.122533, -0.021467, -0.117342, -0.864606, -0.488556, 0.041304, 0.487280, -0.872269),
      ["LeftUpperLeg"] = CFrame.new(-0.069218, -0.014744, -0.603549, 0.966598, 0.191320, 0.170540, -0.238697, 0.914322, 0.327169, -0.093334, -0.356949, 0.929449),
      ["LowerTorso"] = CFrame.new(-0.000129, -1.768667, -0.088916, -0.999999, -0.001767, -0.000122, -0.000000, 0.069433, -0.997587, 0.001771, -0.997585, -0.069433),
      ["RightUpperArm"] = CFrame.new(0.016272, -0.325126, 0.207221, 0.992232, 0.122533, 0.021467, 0.117342, -0.864606, -0.488556, -0.041304, 0.487280, -0.872269),
      ["RightUpperLeg"] = CFrame.new(0.069220, -0.014746, -0.603549, 0.966598, -0.191320, -0.170540, 0.238697, 0.914322, 0.327169, 0.093334, -0.356949, 0.929449)
    }},
    { Time = 0.250, Data = {
      ["LeftUpperArm"] = CFrame.new(-0.015759, -0.321605, 0.204751, 0.992230, -0.122596, -0.021185, -0.117337, -0.865521, -0.486935, 0.041360, 0.485638, -0.873181),
      ["LeftUpperLeg"] = CFrame.new(-0.069222, -0.014617, -0.603917, 0.966590, 0.191355, 0.170550, -0.238443, 0.915414, 0.324287, -0.094070, -0.354119, 0.930457),
      ["LowerTorso"] = CFrame.new(-0.000130, -1.772271, -0.089196, -0.999999, -0.001767, -0.000124, -0.000002, 0.071081, -0.997471, 0.001771, -0.997469, -0.071081),
      ["RightUpperArm"] = CFrame.new(0.015759, -0.321605, 0.204751, 0.992230, 0.122596, 0.021185, 0.117337, -0.865521, -0.486935, -0.041360, 0.485638, -0.873181),
      ["RightUpperLeg"] = CFrame.new(0.069224, -0.014618, -0.603917, 0.966590, -0.191355, -0.170550, 0.238443, 0.915414, 0.324287, 0.094070, -0.354119, 0.930457)
    }},
    { Time = 0.267, Data = {
      ["LeftUpperArm"] = CFrame.new(-0.015240, -0.318083, 0.202281, 0.992230, -0.122638, -0.020987, -0.117354, -0.866432, -0.485308, 0.041334, 0.484000, -0.874092),
      ["LeftUpperLeg"] = CFrame.new(-0.069218, -0.014448, -0.604292, 0.966600, 0.191307, 0.170547, -0.238104, 0.916516, 0.321410, -0.094821, -0.351283, 0.931455),
      ["LowerTorso"] = CFrame.new(-0.000130, -1.775874, -0.089479, -0.999998, -0.001767, -0.000125, -0.000003, 0.072728, -0.997352, 0.001771, -0.997350, -0.072728),
      ["RightUpperArm"] = CFrame.new(0.015240, -0.318083, 0.202281, 0.992230, 0.122638, 0.020987, 0.117354, -0.866432, -0.485308, -0.041334, 0.484000, -0.874092),
      ["RightUpperLeg"] = CFrame.new(0.069219, -0.014448, -0.604292, 0.966600, -0.191307, -0.170547, 0.238104, 0.916516, 0.321410, 0.094821, -0.351283, 0.931455)
    }},
    { Time = 0.283, Data = {
      ["LeftUpperArm"] = CFrame.new(-0.014757, -0.314797, 0.199993, 0.992229, -0.122677, -0.020799, -0.117368, -0.867254, -0.483835, 0.041317, 0.482516, -0.874912),
      ["LeftUpperLeg"] = CFrame.new(-0.069222, -0.014324, -0.604648, 0.966591, 0.191327, 0.170575, -0.237856, 0.917531, 0.318687, -0.095535, -0.348612, 0.932385),
      ["LowerTorso"] = CFrame.new(-0.000131, -1.779224, -0.089745, -0.999998, -0.001767, -0.000127, -0.000005, 0.074255, -0.997239, 0.001771, -0.997238, -0.074255),
      ["RightUpperArm"] = CFrame.new(0.014757, -0.314798, 0.199993, 0.992229, 0.122677, 0.020799, 0.117368, -0.867254, -0.483835, -0.041317, 0.482516, -0.874912),
      ["RightUpperLeg"] = CFrame.new(0.069224, -0.014323, -0.604648, 0.966591, -0.191327, -0.170575, 0.237856, 0.917531, 0.318687, 0.095535, -0.348612, 0.932385)
    }},
    { Time = 0.300, Data = {
      ["LeftUpperArm"] = CFrame.new(-0.014311, -0.311760, 0.197866, 0.992228, -0.122715, -0.020617, -0.117379, -0.868029, -0.482439, 0.041306, 0.481110, -0.875687),
      ["LeftUpperLeg"] = CFrame.new(-0.069221, -0.014196, -0.604952, 0.966593, 0.191348, 0.170537, -0.237600, 0.918480, 0.316136, -0.096143, -0.346094, 0.933261),
      ["LowerTorso"] = CFrame.new(-0.000131, -1.782320, -0.089995, -0.999999, -0.001767, -0.000128, -0.000006, 0.075664, -0.997133, 0.001771, -0.997132, -0.075664),
      ["RightUpperArm"] = CFrame.new(0.014311, -0.311760, 0.197866, 0.992228, 0.122715, 0.020617, 0.117379, -0.868029, -0.482439, -0.041306, 0.481110, -0.875687),
      ["RightUpperLeg"] = CFrame.new(0.069222, -0.014194, -0.604952, 0.966593, -0.191348, -0.170537, 0.237600, 0.918480, 0.316136, 0.096143, -0.346094, 0.933261)
    }},
    { Time = 0.317, Data = {
      ["LeftUpperArm"] = CFrame.new(-0.013900, -0.308969, 0.195900, 0.992227, -0.122752, -0.020441, -0.117389, -0.868760, -0.481120, 0.041301, 0.479780, -0.876416),
      ["LeftUpperLeg"] = CFrame.new(-0.069220, -0.014074, -0.605240, 0.966596, 0.191347, 0.170524, -0.237356, 0.919334, 0.313828, -0.096719, -0.343820, 0.934041),
      ["LowerTorso"] = CFrame.new(-0.000131, -1.785162, -0.090223, -0.999999, -0.001766, -0.000129, -0.000007, 0.076955, -0.997035, 0.001771, -0.997033, -0.076955),
      ["RightUpperArm"] = CFrame.new(0.013900, -0.308969, 0.195900, 0.992227, 0.122752, 0.020441, 0.117389, -0.868760, -0.481120, -0.041301, 0.479780, -0.876416),
      ["RightUpperLeg"] = CFrame.new(0.069221, -0.014072, -0.605240, 0.966596, -0.191347, -0.170524, 0.237356, 0.919334, 0.313828, 0.096719, -0.343820, 0.934041)
    }},
    { Time = 0.333, Data = {
      ["LeftUpperArm"] = CFrame.new(-0.013504, -0.306417, 0.194115, 0.992237, -0.122704, -0.020253, -0.117312, -0.869413, -0.479957, 0.041284, 0.478607, -0.877058),
      ["LeftUpperLeg"] = CFrame.new(-0.069219, -0.013958, -0.605511, 0.966598, 0.191323, 0.170537, -0.237123, 0.920095, 0.311765, -0.097263, -0.341790, 0.934730),
      ["LowerTorso"] = CFrame.new(-0.000131, -1.787751, -0.090434, -0.999999, -0.001766, -0.000130, -0.000008, 0.078127, -0.996944, 0.001771, -0.996942, -0.078127),
      ["RightUpperArm"] = CFrame.new(0.013504, -0.306417, 0.194115, 0.992237, 0.122704, 0.020253, 0.117312, -0.869413, -0.479957, -0.041284, 0.478607, -0.877058),
      ["RightUpperLeg"] = CFrame.new(0.069220, -0.013955, -0.605512, 0.966598, -0.191323, -0.170537, 0.237123, 0.920095, 0.311765, 0.097263, -0.341790, 0.934730)
    }},
    { Time = 0.350, Data = {
      ["LeftUpperArm"] = CFrame.new(-0.013166, -0.304110, 0.192491, 0.992236, -0.122738, -0.020093, -0.117317, -0.870011, -0.478870, 0.041294, 0.477510, -0.877656),
      ["LeftUpperLeg"] = CFrame.new(-0.069227, -0.013887, -0.605765, 0.966582, 0.191368, 0.170581, -0.236982, 0.920776, 0.309857, -0.097771, -0.339926, 0.935356),
      ["LowerTorso"] = CFrame.new(-0.000132, -1.790088, -0.090625, -0.999999, -0.001766, -0.000131, -0.000009, 0.079182, -0.996860, 0.001771, -0.996859, -0.079182),
      ["RightUpperArm"] = CFrame.new(0.013166, -0.304110, 0.192491, 0.992236, 0.122738, 0.020093, 0.117317, -0.870011, -0.478870, -0.041294, 0.477510, -0.877656),
      ["RightUpperLeg"] = CFrame.new(0.069228, -0.013884, -0.605766, 0.966582, -0.191368, -0.170581, 0.236982, 0.920776, 0.309857, 0.097771, -0.339926, 0.935356)
    }},
    { Time = 0.367, Data = {
      ["LeftUpperArm"] = CFrame.new(-0.012864, -0.302040, 0.191048, 0.992235, -0.122770, -0.019944, -0.117317, -0.870523, -0.477939, 0.041315, 0.476568, -0.878166),
      ["LeftUpperLeg"] = CFrame.new(-0.069220, -0.013772, -0.605974, 0.966596, 0.191330, 0.170545, -0.236752, 0.921415, 0.308129, -0.098188, -0.338213, 0.935933),
      ["LowerTorso"] = CFrame.new(-0.000132, -1.792289, -0.090806, -0.999998, -0.001766, -0.000132, -0.000010, 0.080236, -0.996776, 0.001771, -0.996774, -0.080236),
      ["RightUpperArm"] = CFrame.new(0.012864, -0.302040, 0.191048, 0.992235, 0.122770, 0.019944, 0.117317, -0.870523, -0.477939, -0.041315, 0.476568, -0.878166),
      ["RightUpperLeg"] = CFrame.new(0.069221, -0.013768, -0.605974, 0.966596, -0.191330, -0.170545, 0.236752, 0.921415, 0.308129, 0.098188, -0.338213, 0.935933)
    }},
    { Time = 0.383, Data = {
      ["LeftUpperArm"] = CFrame.new(-0.012598, -0.300218, 0.189767, 0.992234, -0.122801, -0.019800, -0.117316, -0.870991, -0.477086, 0.041341, 0.475704, -0.878634),
      ["LeftUpperLeg"] = CFrame.new(-0.069223, -0.013705, -0.606159, 0.966591, 0.191352, 0.170547, -0.236618, 0.921946, 0.306640, -0.098559, -0.336750, 0.936422),
      ["LowerTorso"] = CFrame.new(-0.000132, -1.794119, -0.090957, -0.999999, -0.001766, -0.000133, -0.000011, 0.081055, -0.996710, 0.001771, -0.996708, -0.081055),
      ["RightUpperArm"] = CFrame.new(0.012598, -0.300218, 0.189767, 0.992234, 0.122801, 0.019800, 0.117316, -0.870991, -0.477086, -0.041341, 0.475704, -0.878634),
      ["RightUpperLeg"] = CFrame.new(0.069224, -0.013701, -0.606160, 0.966591, -0.191352, -0.170547, 0.236618, 0.921946, 0.306640, 0.098559, -0.336750, 0.936422)
    }},
    { Time = 0.400, Data = {
      ["LeftUpperArm"] = CFrame.new(-0.012363, -0.298643, 0.188647, 0.992234, -0.122810, -0.019746, -0.117335, -0.871416, -0.476305, 0.041288, 0.474923, -0.879059),
      ["LeftUpperLeg"] = CFrame.new(-0.069225, -0.013642, -0.606334, 0.966586, 0.191359, 0.170566, -0.236492, 0.922418, 0.305314, -0.098909, -0.335450, 0.936851),
      ["LowerTorso"] = CFrame.new(-0.000132, -1.795698, -0.091088, -0.999999, -0.001766, -0.000133, -0.000011, 0.081757, -0.996652, 0.001771, -0.996651, -0.081757),
      ["RightUpperArm"] = CFrame.new(0.012363, -0.298643, 0.188647, 0.992234, 0.122810, 0.019746, 0.117335, -0.871416, -0.476305, -0.041288, 0.474923, -0.879059),
      ["RightUpperLeg"] = CFrame.new(0.069226, -0.013638, -0.606335, 0.966586, -0.191359, -0.170566, 0.236492, 0.922418, 0.305314, 0.098909, -0.335450, 0.936851)
    }},
    { Time = 0.417, Data = {
      ["LeftUpperArm"] = CFrame.new(-0.012169, -0.297306, 0.187708, 0.992233, -0.122838, -0.019618, -0.117328, -0.871756, -0.475685, 0.041330, 0.474292, -0.879397),
      ["LeftUpperLeg"] = CFrame.new(-0.069222, -0.013577, -0.606456, 0.966593, 0.191367, 0.170519, -0.236361, 0.922832, 0.304162, -0.099154, -0.334305, 0.937235),
      ["LowerTorso"] = CFrame.new(-0.000132, -1.797026, -0.091198, -0.999999, -0.001766, -0.000134, -0.000012, 0.082342, -0.996604, 0.001771, -0.996603, -0.082342),
      ["RightUpperArm"] = CFrame.new(0.012169, -0.297306, 0.187708, 0.992233, 0.122838, 0.019618, 0.117328, -0.871756, -0.475685, -0.041330, 0.474292, -0.879397),
      ["RightUpperLeg"] = CFrame.new(0.069223, -0.013572, -0.606457, 0.966593, -0.191367, -0.170519, 0.236361, 0.922832, 0.304162, 0.099154, -0.334305, 0.937235)
    }},
    { Time = 0.433, Data = {
      ["LeftUpperArm"] = CFrame.new(-0.012007, -0.296206, 0.186953, 0.992233, -0.122844, -0.019585, -0.117339, -0.872010, -0.475217, 0.041299, 0.473824, -0.879651),
      ["LeftUpperLeg"] = CFrame.new(-0.069224, -0.013524, -0.606605, 0.966588, 0.191336, 0.170580, -0.236256, 0.923160, 0.303246, -0.099451, -0.333414, 0.937520),
      ["LowerTorso"] = CFrame.new(-0.000133, -1.798217, -0.091297, -0.999999, -0.001766, -0.000134, -0.000012, 0.082927, -0.996556, 0.001771, -0.996554, -0.082927),
      ["RightUpperArm"] = CFrame.new(0.012006, -0.296206, 0.186953, 0.992233, 0.122844, 0.019585, 0.117339, -0.872010, -0.475217, -0.041299, 0.473824, -0.879651),
      ["RightUpperLeg"] = CFrame.new(0.069225, -0.013519, -0.606606, 0.966588, -0.191336, -0.170580, 0.236256, 0.923160, 0.303246, 0.099451, -0.333414, 0.937520)
    }},
    { Time = 0.450, Data = {
      ["LeftUpperArm"] = CFrame.new(-0.011885, -0.295353, 0.186356, 0.992232, -0.122869, -0.019474, -0.117327, -0.872221, -0.474831, 0.041356, 0.473427, -0.879862),
      ["LeftUpperLeg"] = CFrame.new(-0.069224, -0.013507, -0.606646, 0.966588, 0.191397, 0.170513, -0.236221, 0.923385, 0.302589, -0.099535, -0.332757, 0.937745),
      ["LowerTorso"] = CFrame.new(-0.000133, -1.799039, -0.091366, -0.999998, -0.001766, -0.000135, -0.000013, 0.083278, -0.996526, 0.001771, -0.996525, -0.083277),
      ["RightUpperArm"] = CFrame.new(0.011885, -0.295353, 0.186356, 0.992232, 0.122869, 0.019474, 0.117327, -0.872221, -0.474831, -0.041356, 0.473427, -0.879862),
      ["RightUpperLeg"] = CFrame.new(0.069225, -0.013501, -0.606647, 0.966588, -0.191397, -0.170513, 0.236221, 0.923385, 0.302589, 0.099535, -0.332757, 0.937745)
    }},
    { Time = 0.467, Data = {
      ["LeftUpperArm"] = CFrame.new(-0.011795, -0.294750, 0.185922, 0.992232, -0.122872, -0.019452, -0.117335, -0.872390, -0.474518, 0.041335, 0.473115, -0.880031),
      ["LeftUpperLeg"] = CFrame.new(-0.069221, -0.013458, -0.606727, 0.966595, 0.191344, 0.170533, -0.236124, 0.923572, 0.302093, -0.099696, -0.332269, 0.937901),
      ["LowerTorso"] = CFrame.new(-0.000133, -1.799728, -0.091424, -0.999999, -0.001766, -0.000135, -0.000013, 0.083628, -0.996497, 0.001771, -0.996496, -0.083628),
      ["RightUpperArm"] = CFrame.new(0.011795, -0.294750, 0.185923, 0.992232, 0.122872, 0.019452, 0.117335, -0.872390, -0.474518, -0.041335, 0.473115, -0.880031),
      ["RightUpperLeg"] = CFrame.new(0.069222, -0.013453, -0.606728, 0.966595, -0.191344, -0.170533, 0.236124, 0.923572, 0.302093, 0.099696, -0.332269, 0.937901)
    }},
    { Time = 0.483, Data = {
      ["LeftUpperArm"] = CFrame.new(-0.011741, -0.294382, 0.185670, 0.992232, -0.122874, -0.019442, -0.117339, -0.872475, -0.474362, 0.041325, 0.472958, -0.880116),
      ["LeftUpperLeg"] = CFrame.new(-0.069227, -0.013456, -0.606790, 0.966583, 0.191359, 0.170583, -0.236120, 0.923684, 0.301754, -0.099821, -0.331949, 0.938001),
      ["LowerTorso"] = CFrame.new(-0.000133, -1.800048, -0.091452, -0.999999, -0.001766, -0.000135, -0.000013, 0.083745, -0.996487, 0.001771, -0.996486, -0.083745),
      ["RightUpperArm"] = CFrame.new(0.011741, -0.294382, 0.185670, 0.992232, 0.122874, 0.019442, 0.117339, -0.872475, -0.474362, -0.041325, 0.472958, -0.880116),
      ["RightUpperLeg"] = CFrame.new(0.069227, -0.013451, -0.606791, 0.966583, -0.191359, -0.170583, 0.236120, 0.923684, 0.301754, 0.099821, -0.331949, 0.938001)
    }},
    { Time = 0.500, Data = {
      ["LeftUpperArm"] = CFrame.new(-0.011722, -0.294264, 0.185580, 0.992232, -0.122875, -0.019436, -0.117340, -0.872517, -0.474284, 0.041319, 0.472880, -0.880158),
      ["LeftUpperLeg"] = CFrame.new(-0.069227, -0.013454, -0.606795, 0.966583, 0.191367, 0.170575, -0.236116, 0.923712, 0.301672, -0.099832, -0.331866, 0.938029),
      ["LowerTorso"] = CFrame.new(-0.000133, -1.800231, -0.091466, -0.999999, -0.001766, -0.000135, -0.000013, 0.083862, -0.996478, 0.001771, -0.996476, -0.083862),
      ["RightUpperArm"] = CFrame.new(0.011722, -0.294264, 0.185580, 0.992232, 0.122875, 0.019436, 0.117340, -0.872517, -0.474284, -0.041319, 0.472880, -0.880158),
      ["RightUpperLeg"] = CFrame.new(0.069227, -0.013448, -0.606796, 0.966583, -0.191367, -0.170575, 0.236116, 0.923712, 0.301672, 0.099832, -0.331866, 0.938029)
    }},
    { Time = 0.517, Data = {
      ["LeftUpperArm"] = CFrame.new(-0.011741, -0.294382, 0.185670, 0.992232, -0.122874, -0.019442, -0.117339, -0.872475, -0.474362, 0.041325, 0.472958, -0.880116),
      ["LeftUpperLeg"] = CFrame.new(-0.069227, -0.013456, -0.606790, 0.966583, 0.191359, 0.170583, -0.236120, 0.923684, 0.301754, -0.099821, -0.331949, 0.938001),
      ["LowerTorso"] = CFrame.new(-0.000133, -1.800047, -0.091451, -0.999999, -0.001766, -0.000135, -0.000013, 0.083745, -0.996487, 0.001771, -0.996486, -0.083745),
      ["RightUpperArm"] = CFrame.new(0.011741, -0.294382, 0.185670, 0.992232, 0.122874, 0.019442, 0.117339, -0.872475, -0.474362, -0.041325, 0.472958, -0.880116),
      ["RightUpperLeg"] = CFrame.new(0.069227, -0.013451, -0.606791, 0.966583, -0.191359, -0.170583, 0.236120, 0.923684, 0.301754, 0.099821, -0.331949, 0.938001)
    }},
    { Time = 0.533, Data = {
      ["LeftUpperArm"] = CFrame.new(-0.011795, -0.294749, 0.185922, 0.992232, -0.122872, -0.019452, -0.117335, -0.872390, -0.474518, 0.041335, 0.473115, -0.880031),
      ["LeftUpperLeg"] = CFrame.new(-0.069221, -0.013458, -0.606727, 0.966595, 0.191344, 0.170533, -0.236124, 0.923572, 0.302093, -0.099696, -0.332269, 0.937901),
      ["LowerTorso"] = CFrame.new(-0.000133, -1.799728, -0.091424, -0.999999, -0.001766, -0.000135, -0.000013, 0.083628, -0.996497, 0.001771, -0.996496, -0.083628),
      ["RightUpperArm"] = CFrame.new(0.011795, -0.294749, 0.185922, 0.992232, 0.122872, 0.019452, 0.117335, -0.872390, -0.474518, -0.041335, 0.473115, -0.880031),
      ["RightUpperLeg"] = CFrame.new(0.069222, -0.013453, -0.606728, 0.966595, -0.191344, -0.170533, 0.236124, 0.923572, 0.302093, 0.099696, -0.332269, 0.937901)
    }},
    { Time = 0.550, Data = {
      ["LeftUpperArm"] = CFrame.new(-0.011885, -0.295353, 0.186356, 0.992232, -0.122869, -0.019474, -0.117327, -0.872221, -0.474831, 0.041356, 0.473427, -0.879862),
      ["LeftUpperLeg"] = CFrame.new(-0.069224, -0.013507, -0.606646, 0.966588, 0.191397, 0.170513, -0.236221, 0.923385, 0.302589, -0.099535, -0.332757, 0.937745),
      ["LowerTorso"] = CFrame.new(-0.000133, -1.799039, -0.091366, -0.999998, -0.001766, -0.000135, -0.000013, 0.083278, -0.996526, 0.001771, -0.996525, -0.083277),
      ["RightUpperArm"] = CFrame.new(0.011885, -0.295353, 0.186356, 0.992232, 0.122869, 0.019474, 0.117327, -0.872221, -0.474831, -0.041356, 0.473427, -0.879862),
      ["RightUpperLeg"] = CFrame.new(0.069225, -0.013501, -0.606647, 0.966588, -0.191397, -0.170513, 0.236221, 0.923385, 0.302589, 0.099535, -0.332757, 0.937745)
    }},
    { Time = 0.567, Data = {
      ["LeftUpperArm"] = CFrame.new(-0.012007, -0.296206, 0.186953, 0.992233, -0.122844, -0.019585, -0.117339, -0.872010, -0.475217, 0.041299, 0.473824, -0.879651),
      ["LeftUpperLeg"] = CFrame.new(-0.069224, -0.013524, -0.606605, 0.966588, 0.191336, 0.170580, -0.236256, 0.923160, 0.303246, -0.099451, -0.333414, 0.937520),
      ["LowerTorso"] = CFrame.new(-0.000133, -1.798217, -0.091297, -0.999999, -0.001766, -0.000134, -0.000012, 0.082927, -0.996556, 0.001771, -0.996554, -0.082927),
      ["RightUpperArm"] = CFrame.new(0.012006, -0.296206, 0.186953, 0.992233, 0.122844, 0.019585, 0.117339, -0.872010, -0.475217, -0.041299, 0.473824, -0.879651),
      ["RightUpperLeg"] = CFrame.new(0.069225, -0.013519, -0.606606, 0.966588, -0.191336, -0.170580, 0.236256, 0.923160, 0.303246, 0.099451, -0.333414, 0.937520)
    }},
    { Time = 0.583, Data = {
      ["LeftUpperArm"] = CFrame.new(-0.012169, -0.297306, 0.187708, 0.992233, -0.122838, -0.019618, -0.117328, -0.871756, -0.475685, 0.041330, 0.474292, -0.879397),
      ["LeftUpperLeg"] = CFrame.new(-0.069222, -0.013577, -0.606456, 0.966593, 0.191367, 0.170519, -0.236361, 0.922832, 0.304162, -0.099154, -0.334305, 0.937235),
      ["LowerTorso"] = CFrame.new(-0.000132, -1.797025, -0.091198, -0.999999, -0.001766, -0.000134, -0.000012, 0.082342, -0.996604, 0.001771, -0.996603, -0.082342),
      ["RightUpperArm"] = CFrame.new(0.012169, -0.297306, 0.187708, 0.992233, 0.122838, 0.019618, 0.117328, -0.871756, -0.475685, -0.041330, 0.474292, -0.879397),
      ["RightUpperLeg"] = CFrame.new(0.069223, -0.013572, -0.606457, 0.966593, -0.191367, -0.170519, 0.236361, 0.922832, 0.304162, 0.099154, -0.334305, 0.937235)
    }},
    { Time = 0.600, Data = {
      ["LeftUpperArm"] = CFrame.new(-0.012363, -0.298643, 0.188647, 0.992234, -0.122810, -0.019746, -0.117335, -0.871416, -0.476305, 0.041288, 0.474923, -0.879059),
      ["LeftUpperLeg"] = CFrame.new(-0.069225, -0.013642, -0.606334, 0.966586, 0.191359, 0.170566, -0.236492, 0.922418, 0.305314, -0.098909, -0.335450, 0.936851),
      ["LowerTorso"] = CFrame.new(-0.000132, -1.795698, -0.091088, -0.999999, -0.001766, -0.000133, -0.000011, 0.081757, -0.996652, 0.001771, -0.996651, -0.081757),
      ["RightUpperArm"] = CFrame.new(0.012363, -0.298643, 0.188647, 0.992234, 0.122810, 0.019746, 0.117335, -0.871416, -0.476305, -0.041288, 0.474923, -0.879059),
      ["RightUpperLeg"] = CFrame.new(0.069226, -0.013638, -0.606335, 0.966586, -0.191359, -0.170566, 0.236492, 0.922418, 0.305314, 0.098909, -0.335450, 0.936851)
    }},
    { Time = 0.617, Data = {
      ["LeftUpperArm"] = CFrame.new(-0.012598, -0.300218, 0.189767, 0.992234, -0.122801, -0.019800, -0.117316, -0.870991, -0.477086, 0.041341, 0.475704, -0.878634),
      ["LeftUpperLeg"] = CFrame.new(-0.069223, -0.013705, -0.606159, 0.966591, 0.191352, 0.170547, -0.236618, 0.921946, 0.306640, -0.098559, -0.336750, 0.936422),
      ["LowerTorso"] = CFrame.new(-0.000132, -1.794121, -0.090957, -0.999999, -0.001766, -0.000133, -0.000011, 0.081055, -0.996710, 0.001771, -0.996708, -0.081055),
      ["RightUpperArm"] = CFrame.new(0.012598, -0.300218, 0.189767, 0.992234, 0.122801, 0.019800, 0.117316, -0.870991, -0.477086, -0.041341, 0.475704, -0.878634),
      ["RightUpperLeg"] = CFrame.new(0.069224, -0.013701, -0.606160, 0.966591, -0.191352, -0.170547, 0.236618, 0.921946, 0.306640, 0.098559, -0.336750, 0.936422)
    }},
    { Time = 0.633, Data = {
      ["LeftUpperArm"] = CFrame.new(-0.012864, -0.302040, 0.191048, 0.992235, -0.122770, -0.019944, -0.117317, -0.870523, -0.477939, 0.041315, 0.476568, -0.878166),
      ["LeftUpperLeg"] = CFrame.new(-0.069220, -0.013772, -0.605974, 0.966596, 0.191330, 0.170545, -0.236752, 0.921415, 0.308129, -0.098188, -0.338213, 0.935933),
      ["LowerTorso"] = CFrame.new(-0.000132, -1.792289, -0.090806, -0.999998, -0.001766, -0.000132, -0.000010, 0.080236, -0.996776, 0.001771, -0.996774, -0.080236),
      ["RightUpperArm"] = CFrame.new(0.012864, -0.302040, 0.191048, 0.992235, 0.122770, 0.019944, 0.117317, -0.870523, -0.477939, -0.041315, 0.476568, -0.878166),
      ["RightUpperLeg"] = CFrame.new(0.069221, -0.013768, -0.605974, 0.966596, -0.191330, -0.170545, 0.236752, 0.921415, 0.308129, 0.098188, -0.338213, 0.935933)
    }},
    { Time = 0.650, Data = {
      ["LeftUpperArm"] = CFrame.new(-0.013166, -0.304110, 0.192491, 0.992236, -0.122738, -0.020093, -0.117317, -0.870011, -0.478870, 0.041294, 0.477510, -0.877656),
      ["LeftUpperLeg"] = CFrame.new(-0.069227, -0.013887, -0.605765, 0.966582, 0.191368, 0.170581, -0.236982, 0.920776, 0.309857, -0.097771, -0.339926, 0.935356),
      ["LowerTorso"] = CFrame.new(-0.000132, -1.790088, -0.090625, -0.999999, -0.001766, -0.000131, -0.000009, 0.079182, -0.996860, 0.001771, -0.996859, -0.079182),
      ["RightUpperArm"] = CFrame.new(0.013166, -0.304110, 0.192491, 0.992236, 0.122738, 0.020093, 0.117317, -0.870011, -0.478870, -0.041294, 0.477510, -0.877656),
      ["RightUpperLeg"] = CFrame.new(0.069228, -0.013884, -0.605766, 0.966582, -0.191368, -0.170581, 0.236982, 0.920776, 0.309857, 0.097771, -0.339926, 0.935356)
    }},
    { Time = 0.667, Data = {
      ["LeftUpperArm"] = CFrame.new(-0.013504, -0.306417, 0.194115, 0.992237, -0.122704, -0.020253, -0.117312, -0.869413, -0.479957, 0.041284, 0.478607, -0.877058),
      ["LeftUpperLeg"] = CFrame.new(-0.069219, -0.013958, -0.605511, 0.966598, 0.191323, 0.170537, -0.237123, 0.920095, 0.311765, -0.097263, -0.341790, 0.934730),
      ["LowerTorso"] = CFrame.new(-0.000131, -1.787751, -0.090434, -0.999999, -0.001766, -0.000130, -0.000008, 0.078127, -0.996944, 0.001771, -0.996942, -0.078127),
      ["RightUpperArm"] = CFrame.new(0.013504, -0.306417, 0.194115, 0.992237, 0.122704, 0.020253, 0.117312, -0.869413, -0.479957, -0.041284, 0.478607, -0.877058),
      ["RightUpperLeg"] = CFrame.new(0.069220, -0.013955, -0.605512, 0.966598, -0.191323, -0.170537, 0.237123, 0.920095, 0.311765, 0.097263, -0.341790, 0.934730)
    }},
    { Time = 0.683, Data = {
      ["LeftUpperArm"] = CFrame.new(-0.013900, -0.308969, 0.195900, 0.992227, -0.122752, -0.020441, -0.117389, -0.868760, -0.481120, 0.041301, 0.479780, -0.876416),
      ["LeftUpperLeg"] = CFrame.new(-0.069220, -0.014074, -0.605240, 0.966596, 0.191347, 0.170524, -0.237356, 0.919334, 0.313828, -0.096719, -0.343820, 0.934041),
      ["LowerTorso"] = CFrame.new(-0.000131, -1.785162, -0.090223, -0.999999, -0.001766, -0.000129, -0.000007, 0.076955, -0.997035, 0.001771, -0.997033, -0.076955),
      ["RightUpperArm"] = CFrame.new(0.013900, -0.308969, 0.195900, 0.992227, 0.122752, 0.020441, 0.117389, -0.868760, -0.481120, -0.041301, 0.479780, -0.876416),
      ["RightUpperLeg"] = CFrame.new(0.069221, -0.014072, -0.605240, 0.966596, -0.191347, -0.170524, 0.237356, 0.919334, 0.313828, 0.096719, -0.343820, 0.934041)
    }},
    { Time = 0.700, Data = {
      ["LeftUpperArm"] = CFrame.new(-0.014311, -0.311760, 0.197866, 0.992228, -0.122715, -0.020617, -0.117379, -0.868029, -0.482439, 0.041306, 0.481110, -0.875687),
      ["LeftUpperLeg"] = CFrame.new(-0.069221, -0.014196, -0.604952, 0.966593, 0.191348, 0.170537, -0.237600, 0.918480, 0.316136, -0.096143, -0.346094, 0.933261),
      ["LowerTorso"] = CFrame.new(-0.000131, -1.782320, -0.089995, -0.999999, -0.001767, -0.000128, -0.000006, 0.075664, -0.997133, 0.001771, -0.997132, -0.075664),
      ["RightUpperArm"] = CFrame.new(0.014311, -0.311760, 0.197866, 0.992228, 0.122715, 0.020617, 0.117379, -0.868029, -0.482439, -0.041306, 0.481110, -0.875687),
      ["RightUpperLeg"] = CFrame.new(0.069222, -0.014194, -0.604952, 0.966593, -0.191348, -0.170537, 0.237600, 0.918480, 0.316136, 0.096143, -0.346094, 0.933261)
    }},
    { Time = 0.717, Data = {
      ["LeftUpperArm"] = CFrame.new(-0.014757, -0.314798, 0.199993, 0.992229, -0.122677, -0.020799, -0.117368, -0.867254, -0.483835, 0.041317, 0.482516, -0.874912),
      ["LeftUpperLeg"] = CFrame.new(-0.069222, -0.014324, -0.604648, 0.966591, 0.191327, 0.170575, -0.237856, 0.917531, 0.318687, -0.095535, -0.348612, 0.932385),
      ["LowerTorso"] = CFrame.new(-0.000131, -1.779224, -0.089745, -0.999998, -0.001767, -0.000127, -0.000005, 0.074255, -0.997239, 0.001771, -0.997238, -0.074255),
      ["RightUpperArm"] = CFrame.new(0.014757, -0.314798, 0.199993, 0.992229, 0.122677, 0.020799, 0.117368, -0.867254, -0.483835, -0.041317, 0.482516, -0.874912),
      ["RightUpperLeg"] = CFrame.new(0.069224, -0.014323, -0.604648, 0.966591, -0.191327, -0.170575, 0.237856, 0.917531, 0.318687, 0.095535, -0.348612, 0.932385)
    }},
    { Time = 0.733, Data = {
      ["LeftUpperArm"] = CFrame.new(-0.015240, -0.318084, 0.202281, 0.992230, -0.122638, -0.020987, -0.117354, -0.866432, -0.485308, 0.041334, 0.484000, -0.874092),
      ["LeftUpperLeg"] = CFrame.new(-0.069218, -0.014448, -0.604292, 0.966600, 0.191307, 0.170547, -0.238104, 0.916516, 0.321410, -0.094821, -0.351283, 0.931455),
      ["LowerTorso"] = CFrame.new(-0.000130, -1.775875, -0.089481, -0.999998, -0.001767, -0.000125, -0.000003, 0.072728, -0.997352, 0.001771, -0.997350, -0.072728),
      ["RightUpperArm"] = CFrame.new(0.015240, -0.318084, 0.202281, 0.992230, 0.122638, 0.020987, 0.117354, -0.866432, -0.485308, -0.041334, 0.484000, -0.874092),
      ["RightUpperLeg"] = CFrame.new(0.069219, -0.014448, -0.604292, 0.966600, -0.191307, -0.170547, 0.238104, 0.916516, 0.321410, 0.094821, -0.351283, 0.931455)
    }},
    { Time = 0.750, Data = {
      ["LeftUpperArm"] = CFrame.new(-0.015759, -0.321605, 0.204751, 0.992230, -0.122596, -0.021185, -0.117337, -0.865521, -0.486935, 0.041360, 0.485638, -0.873181),
      ["LeftUpperLeg"] = CFrame.new(-0.069222, -0.014617, -0.603917, 0.966590, 0.191355, 0.170550, -0.238443, 0.915414, 0.324287, -0.094070, -0.354119, 0.930457),
      ["LowerTorso"] = CFrame.new(-0.000130, -1.772271, -0.089196, -0.999999, -0.001767, -0.000124, -0.000002, 0.071081, -0.997471, 0.001771, -0.997469, -0.071081),
      ["RightUpperArm"] = CFrame.new(0.015759, -0.321605, 0.204751, 0.992230, 0.122596, 0.021185, 0.117337, -0.865521, -0.486935, -0.041360, 0.485638, -0.873181),
      ["RightUpperLeg"] = CFrame.new(0.069224, -0.014618, -0.603917, 0.966590, -0.191355, -0.170550, 0.238443, 0.915414, 0.324287, 0.094070, -0.354119, 0.930457)
    }},
    { Time = 0.767, Data = {
