return {
  ["Astros blowjob 4"] = {
    { Time = 0.000, Data = {
      ["Head"] = CFrame.new(0.000000, -0.000000, 0.000000, 1.000000, 0.000000, 0.000000, 0.000000, 0.749603, -0.661888, 0.000000, 0.661888, 0.749603),
      ["LeftUpperArm"] = CFrame.new(0.209828, -0.372176, -0.394969, 0.880727, -0.255351, 0.398894, 0.472974, 0.430051, -0.768994, 0.024819, 0.865940, 0.499532),
      ["LeftUpperLeg"] = CFrame.new(-0.164407, -0.030267, -0.975177, 0.980674, 0.161106, 0.111014, -0.195641, 0.801897, 0.564523, 0.001926, -0.575331, 0.817918),
      ["LowerTorso"] = CFrame.new(0.000000, -0.807200, -0.735602, 1.000000, -0.000000, 0.000000, 0.000000, 0.621966, 0.783044, -0.000000, -0.783044, 0.621966),
      ["RightUpperArm"] = CFrame.new(0.098121, -0.846159, -1.249980, 0.637232, 0.716229, 0.284520, 0.403130, -0.624429, 0.669010, 0.656827, -0.311616, -0.686640),
      ["RightUpperLeg"] = CFrame.new(0.154455, -0.036003, -0.957424, 0.977264, -0.197952, -0.075964, 0.205533, 0.796447, 0.568708, -0.052076, -0.571391, 0.819024),
      ["рҹҢ§пёҸрҹҳірҹ‘»рҹҸіпёҸвҖҚрҹҢҲрҹҳӮрҹ’һрҹҸҙвҖҚвҳ пёҸрҹҺёрҹҢ§пёҸрҹҳірҹ‘»рҹҸіпёҸвҖҚрҹҢҲрҹҳӮрҹ’һрҹҸҙвҖҚвҳ"] = CFrame.new(0.000000, 0.000000, 0.000000, 0.988823, 0.149091, 0.000000, -0.149091, 0.988823, -0.000000, -0.000000, 0.000000, 1.000000)
    }},
    { Time = 0.017, Data = {
      ["Head"] = CFrame.new(0.000000, 0.000000, 0.000000, 1.000000, 0.000000, 0.000000, 0.000000, 0.752830, -0.658215, 0.000000, 0.658215, 0.752830),
      ["LeftUpperArm"] = CFrame.new(0.209823, -0.372154, -0.394982, 0.880727, -0.255372, 0.398881, 0.472976, 0.430135, -0.768946, 0.024794, 0.865892, 0.499616),
      ["LeftUpperLeg"] = CFrame.new(-0.164407, -0.030308, -0.975144, 0.980674, 0.161106, 0.111014, -0.195641, 0.801897, 0.564523, 0.001926, -0.575331, 0.817918),
      ["LowerTorso"] = CFrame.new(0.000000, -0.807255, -0.735739, 1.000000, -0.000000, 0.000000, 0.000000, 0.622041, 0.782985, -0.000000, -0.782985, 0.622041),
      ["RightUpperArm"] = CFrame.new(0.098920, -0.845820, -1.248811, 0.634993, 0.719267, 0.281850, 0.410292, -0.623139, 0.665851, 0.654557, -0.307170, -0.690798),
      ["RightUpperLeg"] = CFrame.new(0.154455, -0.036044, -0.957391, 0.977264, -0.197952, -0.075964, 0.205533, 0.796447, 0.568708, -0.052076, -0.571391, 0.819024),
      ["рҹҢ§пёҸрҹҳірҹ‘»рҹҸіпёҸвҖҚрҹҢҲрҹҳӮрҹ’һрҹҸҙвҖҚвҳ пёҸрҹҺёрҹҢ§пёҸрҹҳірҹ‘»рҹҸіпёҸвҖҚрҹҢҲрҹҳӮрҹ’һрҹҸҙвҖҚвҳ"] = CFrame.new(0.000000, 0.000000, 0.000000, 0.990438, 0.137957, 0.000000, -0.137957, 0.990438, -0.000000, -0.000000, 0.000000, 1.000000)
    }},
    { Time = 0.033, Data = {
      ["Head"] = CFrame.new(0.000000, 0.000000, 0.000000, 1.000000, 0.000000, 0.000000, 0.000000, 0.755976, -0.654599, 0.000000, 0.654599, 0.755976),
      ["LeftUpperArm"] = CFrame.new(0.209831, -0.372068, -0.395022, 0.880821, -0.255343, 0.398691, 0.472805, 0.430463, -0.768868, 0.024703, 0.865738, 0.499888),
      ["LeftUpperLeg"] = CFrame.new(-0.164407, -0.030430, -0.975045, 0.980674, 0.161106, 0.111014, -0.195641, 0.801897, 0.564523, 0.001926, -0.575331, 0.817918),
      ["LowerTorso"] = CFrame.new(0.000000, -0.807273, -0.736031, 1.000000, -0.000000, 0.000000, 0.000000, 0.622116, 0.782925, -0.000000, -0.782925, 0.622116),
      ["RightUpperArm"] = CFrame.new(0.099707, -0.845468, -1.247669, 0.632768, 0.722257, 0.279194, 0.417334, -0.621803, 0.662717, 0.652256, -0.302829, -0.694879),
      ["RightUpperLeg"] = CFrame.new(0.154455, -0.036165, -0.957287, 0.977264, -0.197949, -0.075973, 0.205530, 0.796395, 0.568781, -0.052085, -0.571464, 0.818972),
      ["рҹҢ§пёҸрҹҳірҹ‘»рҹҸіпёҸвҖҚрҹҢҲрҹҳӮрҹ’һрҹҸҙвҖҚвҳ пёҸрҹҺёрҹҢ§пёҸрҹҳірҹ‘»рҹҸіпёҸвҖҚрҹҢҲрҹҳӮрҹ’һрҹҸҙвҖҚвҳ"] = CFrame.new(0.000000, 0.000000, 0.000000, 0.991905, 0.126981, 0.000000, -0.126981, 0.991905, -0.000000, -0.000000, 0.000000, 1.000000)
    }},
    { Time = 0.050, Data = {
      ["Head"] = CFrame.new(0.000000, -0.000000, 0.000000, 1.000000, 0.000000, 0.000000, 0.000000, 0.759042, -0.651042, 0.000000, 0.651042, 0.759042),
      ["LeftUpperArm"] = CFrame.new(0.209815, -0.371937, -0.395091, 0.880934, -0.255400, 0.398404, 0.472597, 0.430958, -0.768718, 0.024635, 0.865475, 0.500347),
      ["LeftUpperLeg"] = CFrame.new(-0.164407, -0.030632, -0.974877, 0.980674, 0.161101, 0.111021, -0.195641, 0.801845, 0.564596, 0.001935, -0.575405, 0.817866),
      ["LowerTorso"] = CFrame.new(0.000000, -0.807252, -0.736475, 1.000000, -0.000000, 0.000000, 0.000000, 0.622191, 0.782865, -0.000000, -0.782865, 0.622191),
      ["RightUpperArm"] = CFrame.new(0.100465, -0.845133, -1.246537, 0.630570, 0.725139, 0.276685, 0.424192, -0.620529, 0.659549, 0.649956, -0.298524, -0.698885),
      ["RightUpperLeg"] = CFrame.new(0.154455, -0.036366, -0.957119, 0.977264, -0.197945, -0.075982, 0.205528, 0.796343, 0.568855, -0.052094, -0.571538, 0.818921),
      ["рҹҢ§пёҸрҹҳірҹ‘»рҹҸіпёҸвҖҚрҹҢҲрҹҳӮрҹ’һрҹҸҙвҖҚвҳ пёҸрҹҺёрҹҢ§пёҸрҹҳірҹ‘»рҹҸіпёҸвҖҚрҹҢҲрҹҳӮрҹ’һрҹҸҙвҖҚвҳ"] = CFrame.new(0.000000, 0.000000, 0.000000, 0.993230, 0.116165, 0.000000, -0.116165, 0.993230, -0.000000, -0.000000, 0.000000, 1.000000)
    }},
    { Time = 0.067, Data = {
      ["Head"] = CFrame.new(0.000000, 0.000000, 0.000000, 1.000000, 0.000000, 0.000000, 0.000000, 0.762029, -0.647543, 0.000000, 0.647543, 0.762029),
      ["LeftUpperArm"] = CFrame.new(0.209796, -0.371739, -0.395195, 0.881028, -0.255473, 0.398149, 0.472432, 0.431706, -0.768399, 0.024422, 0.865080, 0.501039),
      ["LeftUpperLeg"] = CFrame.new(-0.164407, -0.030911, -0.974641, 0.980674, 0.161091, 0.111036, -0.195641, 0.801741, 0.564744, 0.001953, -0.575552, 0.817763),
      ["LowerTorso"] = CFrame.new(0.000000, -0.807270, -0.737127, 1.000000, -0.000000, 0.000000, 0.000000, 0.622341, 0.782746, -0.000000, -0.782746, 0.622341),
      ["RightUpperArm"] = CFrame.new(0.101205, -0.844778, -1.245466, 0.628403, 0.727954, 0.274215, 0.430771, -0.619178, 0.656547, 0.647724, -0.294452, -0.702675),
      ["RightUpperLeg"] = CFrame.new(0.154455, -0.036644, -0.956887, 0.977264, -0.197942, -0.075991, 0.205526, 0.796291, 0.568928, -0.052104, -0.571611, 0.818869),
      ["рҹҢ§пёҸрҹҳірҹ‘»рҹҸіпёҸвҖҚрҹҢҲрҹҳӮрҹ’һрҹҸҙвҖҚвҳ пёҸрҹҺёрҹҢ§пёҸрҹҳірҹ‘»рҹҸіпёҸвҖҚрҹҢҲрҹҳӮрҹ’һрҹҸҙвҖҚвҳ"] = CFrame.new(0.000000, 0.000000, 0.000000, 0.994400, 0.105683, 0.000000, -0.105683, 0.994400, -0.000000, -0.000000, 0.000000, 1.000000)
    }},
    { Time = 0.083, Data = {
      ["Head"] = CFrame.new(0.000000, 0.000000, 0.000000, 1.000000, 0.000000, 0.000000, 0.000000, 0.764820, -0.644244, 0.000000, 0.644244, 0.764820),
      ["LeftUpperArm"] = CFrame.new(0.209766, -0.371510, -0.395317, 0.881198, -0.255588, 0.397698, 0.472122, 0.432574, -0.768101, 0.024283, 0.864612, 0.501853),
      ["LeftUpperLeg"] = CFrame.new(-0.164410, -0.031279, -0.974391, 0.980669, 0.161059, 0.111125, -0.195666, 0.801690, 0.564808, 0.001880, -0.575633, 0.817706),
      ["LowerTorso"] = CFrame.new(0.000000, -0.807252, -0.737920, 1.000000, -0.000000, 0.000000, 0.000000, 0.622491, 0.782627, -0.000000, -0.782627, 0.622491),
      ["RightUpperArm"] = CFrame.new(0.101904, -0.844444, -1.244429, 0.626328, 0.730610, 0.271887, 0.437076, -0.617909, 0.653570, 0.645506, -0.290514, -0.706346),
      ["RightUpperLeg"] = CFrame.new(0.154455, -0.036996, -0.956591, 0.977264, -0.197935, -0.076009, 0.205521, 0.796187, 0.569076, -0.052122, -0.571758, 0.818765),
      ["рҹҢ§пёҸрҹҳірҹ‘»рҹҸіпёҸвҖҚрҹҢҲрҹҳӮрҹ’һрҹҸҙвҖҚвҳ пёҸрҹҺёрҹҢ§пёҸрҹҳірҹ‘»рҹҸіпёҸвҖҚрҹҢҲрҹҳӮрҹ’һрҹҸҙвҖҚвҳ"] = CFrame.new(0.000000, 0.000000, 0.000000, 0.995409, 0.095707, 0.000000, -0.095707, 0.995409, -0.000000, -0.000000, 0.000000, 1.000000)
    }},
    { Time = 0.100, Data = {
      ["Head"] = CFrame.new(0.000000, 0.000000, 0.000000, 1.000000, 0.000000, 0.000000, 0.000000, 0.767476, -0.641077, 0.000000, 0.641077, 0.767476),
      ["LeftUpperArm"] = CFrame.new(0.209742, -0.371226, -0.395465, 0.881406, -0.255676, 0.397182, 0.471747, 0.433648, -0.767727, 0.024052, 0.864048, 0.502834),
      ["LeftUpperLeg"] = CFrame.new(-0.164410, -0.031703, -0.974038, 0.980669, 0.161049, 0.111140, -0.195666, 0.801586, 0.564956, 0.001898, -0.575781, 0.817602),
      ["LowerTorso"] = CFrame.new(0.000000, -0.807275, -0.738907, 1.000000, -0.000000, 0.000000, 0.000000, 0.622716, 0.782448, -0.000000, -0.782448, 0.622716),
      ["RightUpperArm"] = CFrame.new(0.102555, -0.844124, -1.243462, 0.624364, 0.733087, 0.269727, 0.442948, -0.616692, 0.650760, 0.643402, -0.286836, -0.709760),
      ["RightUpperLeg"] = CFrame.new(0.154455, -0.037433, -0.956283, 0.977263, -0.197905, -0.076100, 0.205544, 0.796135, 0.569140, -0.052050, -0.571841, 0.818712),
      ["рҹҢ§пёҸрҹҳірҹ‘»рҹҸіпёҸвҖҚрҹҢҲрҹҳӮрҹ’һрҹҸҙвҖҚвҳ пёҸрҹҺёрҹҢ§пёҸрҹҳірҹ‘»рҹҸіпёҸвҖҚрҹҢҲрҹҳӮрҹ’һрҹҸҙвҖҚвҳ"] = CFrame.new(0.000000, 0.000000, 0.000000, 0.996267, 0.086328, 0.000000, -0.086328, 0.996267, -0.000000, -0.000000, 0.000000, 1.000000)
    }},
    { Time = 0.117, Data = {
      ["Head"] = CFrame.new(0.000000, 0.000000, 0.000000, 1.000000, 0.000000, 0.000000, 0.000000, 0.769884, -0.638185, 0.000000, 0.638185, 0.769884),
      ["LeftUpperArm"] = CFrame.new(0.209726, -0.370889, -0.395638, 0.881650, -0.255736, 0.396601, 0.471307, 0.434925, -0.767275, 0.023728, 0.863388, 0.503982),
      ["LeftUpperLeg"] = CFrame.new(-0.164410, -0.032195, -0.973631, 0.980669, 0.161039, 0.111154, -0.195666, 0.801482, 0.565103, 0.001915, -0.575928, 0.817498),
      ["LowerTorso"] = CFrame.new(0.000000, -0.807268, -0.740020, 1.000000, -0.000000, 0.000000, 0.000000, 0.622941, 0.782269, -0.000000, -0.782269, 0.622941),
      ["RightUpperArm"] = CFrame.new(0.103160, -0.843819, -1.242564, 0.622517, 0.735386, 0.267732, 0.448392, -0.615534, 0.648123, 0.641418, -0.283419, -0.712921),
      ["RightUpperLeg"] = CFrame.new(0.154455, -0.037920, -0.955871, 0.977263, -0.197895, -0.076127, 0.205537, 0.795979, 0.569360, -0.052078, -0.572062, 0.818556),
      ["рҹҢ§пёҸрҹҳірҹ‘»рҹҸіпёҸвҖҚрҹҢҲрҹҳӮрҹ’һрҹҸҙвҖҚвҳ пёҸрҹҺёрҹҢ§пёҸрҹҳірҹ‘»рҹҸіпёҸвҖҚрҹҢҲрҹҳӮрҹ’һрҹҸҙвҖҚвҳ"] = CFrame.new(0.000000, 0.000000, 0.000000, 0.996989, 0.077545, 0.000000, -0.077545, 0.996989, -0.000000, -0.000000, 0.000000, 1.000000)
    }},
    { Time = 0.133, Data = {
      ["Head"] = CFrame.new(0.000000, 0.000000, 0.000000, 1.000000, 0.000000, 0.000000, 0.000000, 0.772103, -0.635497, 0.000000, 0.635497, 0.772103),
      ["LeftUpperArm"] = CFrame.new(0.209700, -0.370508, -0.395836, 0.881894, -0.255836, 0.395993, 0.470868, 0.436368, -0.766724, 0.023357, 0.862630, 0.505295),
      ["LeftUpperLeg"] = CFrame.new(-0.164410, -0.032747, -0.973171, 0.980669, 0.161024, 0.111176, -0.195666, 0.801326, 0.565324, 0.001942, -0.576149, 0.817342),
      ["LowerTorso"] = CFrame.new(0.000000, -0.807306, -0.741308, 1.000000, -0.000000, 0.000000, 0.000000, 0.623241, 0.782030, -0.000000, -0.782030, 0.623241),
      ["RightUpperArm"] = CFrame.new(0.103717, -0.843532, -1.241734, 0.620793, 0.737505, 0.265899, 0.453411, -0.614443, 0.645661, 0.639558, -0.280260, -0.715835),
      ["RightUpperLeg"] = CFrame.new(0.154455, -0.038470, -0.955415, 0.977263, -0.197888, -0.076145, 0.205533, 0.795875, 0.569507, -0.052097, -0.572209, 0.818452),
      ["рҹҢ§пёҸрҹҳірҹ‘»рҹҸіпёҸвҖҚрҹҢҲрҹҳӮрҹ’һрҹҸҙвҖҚвҳ пёҸрҹҺёрҹҢ§пёҸрҹҳірҹ‘»рҹҸіпёҸвҖҚрҹҢҲрҹҳӮрҹ’һрҹҸҙвҖҚвҳ"] = CFrame.new(0.000000, 0.000000, 0.000000, 0.997574, 0.069620, 0.000000, -0.069620, 0.997574, -0.000000, -0.000000, 0.000000, 1.000000)
    }},
    { Time = 0.150, Data = {
      ["Head"] = CFrame.new(0.000000, 0.000000, 0.000000, 1.000000, 0.000000, 0.000000, 0.000000, 0.774023, -0.633158, 0.000000, 0.633158, 0.774023),
      ["LeftUpperArm"] = CFrame.new(0.209680, -0.370118, -0.396039, 0.882195, -0.255912, 0.395274, 0.470322, 0.437846, -0.766217, 0.023014, 0.861859, 0.506626),
      ["LeftUpperLeg"] = CFrame.new(-0.164412, -0.033365, -0.972712, 0.980664, 0.160988, 0.111273, -0.195691, 0.801222, 0.565462, 0.001878, -0.576304, 0.817234),
      ["LowerTorso"] = CFrame.new(0.000000, -0.807244, -0.742640, 1.000000, -0.000000, 0.000000, 0.000000, 0.623466, 0.781851, -0.000000, -0.781851, 0.623466),
      ["RightUpperArm"] = CFrame.new(0.104205, -0.843272, -1.241013, 0.619272, 0.739361, 0.264285, 0.457787, -0.613455, 0.643510, 0.637913, -0.277521, -0.718365),
      ["RightUpperLeg"] = CFrame.new(0.154455, -0.039073, -0.954909, 0.977263, -0.197878, -0.076172, 0.205525, 0.795719, 0.569728, -0.052125, -0.572429, 0.818296),
      ["рҹҢ§пёҸрҹҳірҹ‘»рҹҸіпёҸвҖҚрҹҢҲрҹҳӮрҹ’һрҹҸҙвҖҚвҳ пёҸрҹҺёрҹҢ§пёҸрҹҳірҹ‘»рҹҸіпёҸвҖҚрҹҢҲрҹҳӮрҹ’һрҹҸҙвҖҚвҳ"] = CFrame.new(0.000000, 0.000000, 0.000000, 0.998042, 0.062553, 0.000000, -0.062553, 0.998042, -0.000000, -0.000000, 0.000000, 1.000000)
    }},
    { Time = 0.167, Data = {
      ["Head"] = CFrame.new(0.000000, -0.000000, 0.000000, 1.000000, 0.000000, 0.000000, 0.000000, 0.775702, -0.631099, 0.000000, 0.631099, 0.775702),
      ["LeftUpperArm"] = CFrame.new(0.209632, -0.369662, -0.396283, 0.882514, -0.256091, 0.394445, 0.469740, 0.439573, -0.765585, 0.022671, 0.860926, 0.508226),
      ["LeftUpperLeg"] = CFrame.new(-0.164412, -0.034020, -0.972168, 0.980664, 0.160972, 0.111295, -0.195691, 0.801066, 0.565683, 0.001905, -0.576524, 0.817078),
      ["LowerTorso"] = CFrame.new(0.000000, -0.807308, -0.744184, 1.000000, -0.000000, 0.000000, 0.000000, 0.623840, 0.781552, -0.000000, -0.781552, 0.623840),
      ["RightUpperArm"] = CFrame.new(0.104624, -0.843042, -1.240402, 0.617962, 0.740955, 0.262887, 0.461525, -0.612577, 0.641673, 0.636489, -0.275201, -0.720518),
      ["RightUpperLeg"] = CFrame.new(0.154456, -0.039737, -0.954406, 0.977262, -0.197841, -0.076281, 0.205544, 0.795563, 0.569939, -0.052071, -0.572659, 0.818138),
      ["рҹҢ§пёҸрҹҳірҹ‘»рҹҸіпёҸвҖҚрҹҢҲрҹҳӮрҹ’һрҹҸҙвҖҚвҳ пёҸрҹҺёрҹҢ§пёҸрҹҳірҹ‘»рҹҸіпёҸвҖҚрҹҢҲрҹҳӮрҹ’һрҹҸҙвҖҚвҳ"] = CFrame.new(0.000000, 0.000000, 0.000000, 0.998406, 0.056432, 0.000000, -0.056432, 0.998406, -0.000000, -0.000000, 0.000000, 1.000000)
    }},
    { Time = 0.183, Data = {
      ["Head"] = CFrame.new(0.000000, 0.000000, 0.000000, 1.000000, 0.000000, 0.000000, 0.000000, 0.777145, -0.629321, 0.000000, 0.629321, 0.777145),
      ["LeftUpperArm"] = CFrame.new(0.209614, -0.369196, -0.396524, 0.882851, -0.256156, 0.393648, 0.469128, 0.441335, -0.764946, 0.022215, 0.860004, 0.509803),
      ["LeftUpperLeg"] = CFrame.new(-0.164412, -0.034715, -0.971587, 0.980664, 0.160952, 0.111324, -0.195691, 0.800858, 0.565978, 0.001940, -0.576819, 0.816870),
      ["LowerTorso"] = CFrame.new(0.000000, -0.807278, -0.745745, 1.000000, -0.000000, 0.000000, 0.000000, 0.624140, 0.781313, -0.000000, -0.781313, 0.624140),
      ["RightUpperArm"] = CFrame.new(0.104967, -0.842866, -1.239866, 0.616868, 0.742259, 0.261776, 0.464692, -0.611911, 0.640021, 0.635244, -0.273163, -0.722390),
      ["RightUpperLeg"] = CFrame.new(0.154456, -0.040428, -0.953828, 0.977262, -0.197831, -0.076308, 0.205537, 0.795407, 0.570160, -0.052099, -0.572879, 0.817982),
      ["рҹҢ§пёҸрҹҳірҹ‘»рҹҸіпёҸвҖҚрҹҢҲрҹҳӮрҹ’һрҹҸҙвҖҚвҳ пёҸрҹҺёрҹҢ§пёҸрҹҳірҹ‘»рҹҸіпёҸвҖҚрҹҢҲрҹҳӮрҹ’һрҹҸҙвҖҚвҳ"] = CFrame.new(0.000000, 0.000000, 0.000000, 0.998681, 0.051345, 0.000000, -0.051345, 0.998681, -0.000000, -0.000000, 0.000000, 1.000000)
    }},
    { Time = 0.200, Data = {
      ["Head"] = CFrame.new(0.000000, 0.000000, 0.000000, 1.000000, 0.000000, 0.000000, 0.000000, 0.778239, -0.627968, 0.000000, 0.627968, 0.778239),
      ["LeftUpperArm"] = CFrame.new(0.209563, -0.368720, -0.396783, 0.883169, -0.256352, 0.392807, 0.468546, 0.443140, -0.764259, 0.021851, 0.859018, 0.511479),
      ["LeftUpperLeg"] = CFrame.new(-0.164412, -0.035444, -0.970983, 0.980664, 0.160937, 0.111346, -0.195691, 0.800702, 0.566199, 0.001967, -0.577040, 0.816714),
      ["LowerTorso"] = CFrame.new(0.000000, -0.807308, -0.747430, 1.000000, -0.000000, 0.000000, 0.000000, 0.624514, 0.781014, -0.000000, -0.781014, 0.624514),
      ["RightUpperArm"] = CFrame.new(0.105251, -0.842700, -1.239465, 0.615950, 0.743339, 0.260869, 0.467133, -0.611278, 0.638848, 0.634344, -0.271638, -0.723755),
      ["RightUpperLeg"] = CFrame.new(0.154456, -0.041153, -0.953224, 0.977262, -0.197820, -0.076335, 0.205530, 0.795251, 0.570380, -0.052127, -0.573100, 0.817826),
      ["рҹҢ§пёҸрҹҳірҹ‘»рҹҸіпёҸвҖҚрҹҢҲрҹҳӮрҹ’һрҹҸҙвҖҚвҳ пёҸрҹҺёрҹҢ§пёҸрҹҳірҹ‘»рҹҸіпёҸвҖҚрҹҢҲрҹҳӮрҹ’һрҹҸҙвҖҚвҳ"] = CFrame.new(0.000000, 0.000000, 0.000000, 0.998881, 0.047291, 0.000000, -0.047291, 0.998881, -0.000000, -0.000000, 0.000000, 1.000000)
    }},
    { Time = 0.217, Data = {
      ["Head"] = CFrame.new(0.000000, -0.000000, 0.000000, 1.000000, 0.000000, 0.000000, 0.000000, 0.779043, -0.626970, 0.000000, 0.626970, 0.779043),
      ["LeftUpperArm"] = CFrame.new(0.209542, -0.368202, -0.397054, 0.883561, -0.256429, 0.391873, 0.467829, 0.445099, -0.763560, 0.021377, 0.857981, 0.513237),
      ["LeftUpperLeg"] = CFrame.new(-0.164415, -0.036210, -0.970400, 0.980659, 0.160895, 0.111450, -0.195716, 0.800546, 0.566410, 0.001912, -0.577268, 0.816553),
      ["LowerTorso"] = CFrame.new(0.000000, -0.807325, -0.749163, 1.000000, -0.000000, 0.000000, 0.000000, 0.624888, 0.780715, -0.000000, -0.780715, 0.624888),
      ["RightUpperArm"] = CFrame.new(0.105459, -0.842580, -1.239166, 0.615304, 0.744129, 0.260141, 0.469009, -0.610822, 0.637909, 0.633586, -0.270499, -0.724844),
      ["RightUpperLeg"] = CFrame.new(0.154456, -0.041916, -0.952641, 0.977260, -0.197784, -0.076444, 0.205549, 0.795094, 0.570591, -0.052074, -0.573329, 0.817669),
      ["рҹҢ§пёҸрҹҳірҹ‘»рҹҸіпёҸвҖҚрҹҢҲрҹҳӮрҹ’һрҹҸҙвҖҚвҳ пёҸрҹҺёрҹҢ§пёҸрҹҳірҹ‘»рҹҸіпёҸвҖҚрҹҢҲрҹҳӮрҹ’һрҹҸҙвҖҚвҳ"] = CFrame.new(0.000000, 0.000000, 0.000000, 0.999016, 0.044359, 0.000000, -0.044359, 0.999016, -0.000000, -0.000000, 0.000000, 1.000000)
    }},
    { Time = 0.233, Data = {
      ["Head"] = CFrame.new(0.000000, 0.000000, 0.000000, 1.000000, 0.000000, 0.000000, 0.000000, 0.779502, -0.626400, 0.000000, 0.626400, 0.779502),
      ["LeftUpperArm"] = CFrame.new(0.209504, -0.367695, -0.397327, 0.883915, -0.256573, 0.390979, 0.467179, 0.447017, -0.762837, 0.020949, 0.856940, 0.514991),
      ["LeftUpperLeg"] = CFrame.new(-0.164407, -0.036940, -0.969771, 0.980675, 0.160794, 0.111453, -0.195635, 0.800354, 0.566710, 0.001921, -0.577562, 0.816344),
      ["LowerTorso"] = CFrame.new(0.000000, -0.807333, -0.750928, 1.000000, -0.000000, 0.000000, 0.000000, 0.625261, 0.780415, -0.000000, -0.780415, 0.625261),
      ["RightUpperArm"] = CFrame.new(0.105576, -0.842515, -1.238990, 0.614918, 0.744572, 0.259783, 0.470040, -0.610576, 0.637384, 0.633196, -0.269831, -0.725433),
      ["RightUpperLeg"] = CFrame.new(0.154456, -0.042682, -0.951998, 0.977260, -0.197770, -0.076480, 0.205539, 0.794886, 0.570885, -0.052111, -0.573623, 0.817460),
      ["рҹҢ§пёҸрҹҳірҹ‘»рҹҸіпёҸвҖҚрҹҢҲрҹҳӮрҹ’һрҹҸҙвҖҚвҳ пёҸрҹҺёрҹҢ§пёҸрҹҳірҹ‘»рҹҸіпёҸвҖҚрҹҢҲрҹҳӮрҹ’һрҹҸҙвҖҚвҳ"] = CFrame.new(0.000000, 0.000000, 0.000000, 0.999091, 0.042633, 0.000000, -0.042633, 0.999091, -0.000000, -0.000000, 0.000000, 1.000000)
    }},
    { Time = 0.250, Data = {
      ["Head"] = CFrame.new(0.000000, 0.000000, 0.000000, 1.000000, 0.000000, 0.000000, 0.000000, 0.779674, -0.626186, 0.000000, 0.626186, 0.779674),
      ["LeftUpperArm"] = CFrame.new(0.209461, -0.367168, -0.397614, 0.884268, -0.256735, 0.390073, 0.466529, 0.449015, -0.762061, 0.020499, 0.855846, 0.516824),
      ["LeftUpperLeg"] = CFrame.new(-0.164407, -0.037719, -0.969126, 0.980675, 0.160779, 0.111475, -0.195634, 0.800198, 0.566931, 0.001948, -0.577783, 0.816188),
      ["LowerTorso"] = CFrame.new(0.000000, -0.807338, -0.752709, 1.000000, -0.000000, 0.000000, 0.000000, 0.625635, 0.780116, -0.000000, -0.780116, 0.625635),
      ["RightUpperArm"] = CFrame.new(0.105623, -0.842487, -1.238923, 0.614764, 0.744753, 0.259633, 0.470446, -0.610469, 0.637188, 0.633045, -0.269577, -0.725660),
      ["RightUpperLeg"] = CFrame.new(0.154457, -0.043471, -0.951393, 0.977259, -0.197733, -0.076589, 0.205558, 0.794729, 0.571096, -0.052057, -0.573853, 0.817302),
      ["рҹҢ§пёҸрҹҳірҹ‘»рҹҸіпёҸвҖҚрҹҢҲрҹҳӮрҹ’һрҹҸҙвҖҚвҳ пёҸрҹҺёрҹҢ§пёҸрҹҳірҹ‘»рҹҸіпёҸвҖҚрҹҢҲрҹҳӮрҹ’һрҹҸҙвҖҚвҳ"] = CFrame.new(0.000000, 0.000000, 0.000000, 0.999116, 0.042030, 0.000000, -0.042030, 0.999116, -0.000000, -0.000000, 0.000000, 1.000000)
    }},
    { Time = 0.267, Data = {
      ["Head"] = CFrame.new(0.000000, 0.000000, 0.000000, 1.000000, 0.000000, 0.000000, 0.000000, 0.779502, -0.626400, 0.000000, 0.626400, 0.779502),
      ["LeftUpperArm"] = CFrame.new(0.209430, -0.366653, -0.397891, 0.884677, -0.256849, 0.389069, 0.465770, 0.450964, -0.761373, 0.020102, 0.854786, 0.518590),
      ["LeftUpperLeg"] = CFrame.new(-0.164409, -0.038512, -0.968518, 0.980670, 0.160732, 0.111586, -0.195660, 0.799989, 0.567216, 0.001902, -0.578085, 0.815975),
      ["LowerTorso"] = CFrame.new(0.000000, -0.807342, -0.754491, 1.000000, -0.000000, 0.000000, 0.000000, 0.626008, 0.779816, -0.000000, -0.779816, 0.626008),
      ["RightUpperArm"] = CFrame.new(0.105575, -0.842516, -1.238990, 0.614918, 0.744572, 0.259783, 0.470040, -0.610576, 0.637384, 0.633196, -0.269831, -0.725433),
      ["RightUpperLeg"] = CFrame.new(0.154457, -0.044245, -0.950743, 0.977259, -0.197719, -0.076625, 0.205549, 0.794521, 0.571390, -0.052095, -0.574146, 0.817094),
      ["рҹҢ§пёҸрҹҳірҹ‘»рҹҸіпёҸвҖҚрҹҢҲрҹҳӮрҹ’һрҹҸҙвҖҚвҳ пёҸрҹҺёрҹҢ§пёҸрҹҳірҹ‘»рҹҸіпёҸвҖҚрҹҢҲрҹҳӮрҹ’һрҹҸҙвҖҚвҳ"] = CFrame.new(0.000000, 0.000000, 0.000000, 0.999091, 0.042633, 0.000000, -0.042633, 0.999091, -0.000000, -0.000000, 0.000000, 1.000000)
    }},
    { Time = 0.283, Data = {
      ["Head"] = CFrame.new(0.000000, -0.000000, 0.000000, 1.000000, 0.000000, 0.000000, 0.000000, 0.779043, -0.626970, 0.000000, 0.626970, 0.779043),
      ["LeftUpperArm"] = CFrame.new(0.209388, -0.366127, -0.398180, 0.885030, -0.257007, 0.388162, 0.465119, 0.452955, -0.760589, 0.019656, 0.853686, 0.520417),
      ["LeftUpperLeg"] = CFrame.new(-0.164409, -0.039282, -0.967880, 0.980670, 0.160717, 0.111608, -0.195660, 0.799833, 0.567437, 0.001929, -0.578305, 0.815818),
      ["LowerTorso"] = CFrame.new(0.000000, -0.807351, -0.756257, 1.000000, -0.000000, 0.000000, 0.000000, 0.626382, 0.779517, -0.000000, -0.779517, 0.626382),
      ["RightUpperArm"] = CFrame.new(0.105459, -0.842580, -1.239166, 0.615304, 0.744129, 0.260141, 0.469009, -0.610822, 0.637909, 0.633586, -0.270499, -0.724844),
      ["RightUpperLeg"] = CFrame.new(0.154457, -0.045013, -0.950104, 0.977259, -0.197709, -0.076652, 0.205542, 0.794364, 0.571610, -0.052123, -0.574367, 0.816937),
      ["рҹҢ§пёҸрҹҳірҹ‘»рҹҸіпёҸвҖҚрҹҢҲрҹҳӮрҹ’һрҹҸҙвҖҚвҳ пёҸрҹҺёрҹҢ§пёҸрҹҳірҹ‘»рҹҸіпёҸвҖҚрҹҢҲрҹҳӮрҹ’һрҹҸҙвҖҚвҳ"] = CFrame.new(0.000000, 0.000000, 0.000000, 0.999016, 0.044359, 0.000000, -0.044359, 0.999016, -0.000000, -0.000000, 0.000000, 1.000000)
    }},
    { Time = 0.300, Data = {
      ["Head"] = CFrame.new(0.000000, 0.000000, 0.000000, 1.000000, 0.000000, 0.000000, 0.000000, 0.778239, -0.627968, 0.000000, 0.627968, 0.778239),
      ["LeftUpperArm"] = CFrame.new(0.209352, -0.365624, -0.398456, 0.885382, -0.257142, 0.387269, 0.464467, 0.454860, -0.759851, 0.019236, 0.852632, 0.522158),
      ["LeftUpperLeg"] = CFrame.new(-0.164411, -0.040049, -0.967297, 0.980665, 0.160675, 0.111712, -0.195685, 0.799677, 0.567648, 0.001874, -0.578533, 0.815657),
      ["LowerTorso"] = CFrame.new(0.000000, -0.807366, -0.757990, 1.000000, -0.000000, 0.000000, 0.000000, 0.626755, 0.779217, -0.000000, -0.779217, 0.626755),
      ["RightUpperArm"] = CFrame.new(0.105251, -0.842700, -1.239466, 0.615950, 0.743339, 0.260869, 0.467133, -0.611278, 0.638848, 0.634344, -0.271638, -0.723755),
      ["RightUpperLeg"] = CFrame.new(0.154457, -0.045774, -0.949516, 0.977258, -0.197669, -0.076769, 0.205558, 0.794155, 0.571895, -0.052079, -0.574669, 0.816727),
      ["рҹҢ§пёҸрҹҳірҹ‘»рҹҸіпёҸвҖҚрҹҢҲрҹҳӮрҹ’һрҹҸҙвҖҚвҳ пёҸрҹҺёрҹҢ§пёҸрҹҳірҹ‘»рҹҸіпёҸвҖҚрҹҢҲрҹҳӮрҹ’һрҹҸҙвҖҚвҳ"] = CFrame.new(0.000000, 0.000000, 0.000000, 0.998881, 0.047291, 0.000000, -0.047291, 0.998881, -0.000000, -0.000000, 0.000000, 1.000000)
    }},
    { Time = 0.317, Data = {
      ["Head"] = CFrame.new(0.000000, 0.000000, 0.000000, 1.000000, 0.000000, 0.000000, 0.000000, 0.777145, -0.629321, 0.000000, 0.629321, 0.777145),
      ["LeftUpperArm"] = CFrame.new(0.209322, -0.365144, -0.398720, 0.885733, -0.257255, 0.386390, 0.463813, 0.456679, -0.759159, 0.018841, 0.851624, 0.523814),
      ["LeftUpperLeg"] = CFrame.new(-0.164411, -0.040777, -0.966689, 0.980665, 0.160655, 0.111741, -0.195685, 0.799468, 0.567942, 0.001909, -0.578827, 0.815448),
      ["LowerTorso"] = CFrame.new(0.000000, -0.807394, -0.759676, 1.000000, -0.000000, 0.000000, 0.000000, 0.627127, 0.778917, -0.000000, -0.778917, 0.627127),
      ["RightUpperArm"] = CFrame.new(0.104971, -0.842854, -1.239884, 0.616868, 0.742272, 0.261738, 0.464660, -0.611865, 0.640088, 0.635267, -0.273230, -0.722344),
      ["RightUpperLeg"] = CFrame.new(0.154457, -0.046499, -0.948912, 0.977258, -0.197658, -0.076796, 0.205551, 0.793998, 0.572115, -0.052107, -0.574889, 0.816570),
      ["рҹҢ§пёҸрҹҳірҹ‘»рҹҸіпёҸвҖҚрҹҢҲрҹҳӮрҹ’һрҹҸҙвҖҚвҳ пёҸрҹҺёрҹҢ§пёҸрҹҳірҹ‘»рҹҸіпёҸвҖҚрҹҢҲрҹҳӮрҹ’һрҹҸҙвҖҚвҳ"] = CFrame.new(0.000000, 0.000000, 0.000000, 0.998681, 0.051345, 0.000000, -0.051345, 0.998681, -0.000000, -0.000000, 0.000000, 1.000000)
    }},
    { Time = 0.333, Data = {
      ["Head"] = CFrame.new(0.000000, -0.000000, 0.000000, 1.000000, 0.000000, 0.000000, 0.000000, 0.775702, -0.631099, 0.000000, 0.631099, 0.775702),
      ["LeftUpperArm"] = CFrame.new(0.209291, -0.364695, -0.398968, 0.886028, -0.257372, 0.385634, 0.463264, 0.458377, -0.758470, 0.018443, 0.850677, 0.525366),
      ["LeftUpperLeg"] = CFrame.new(-0.164411, -0.041472, -0.966112, 0.980665, 0.160640, 0.111763, -0.195685, 0.799311, 0.568163, 0.001936, -0.579048, 0.815291),
      ["LowerTorso"] = CFrame.new(0.000000, -0.807363, -0.761238, 1.000000, -0.000000, 0.000000, 0.000000, 0.627425, 0.778677, -0.000000, -0.778677, 0.627425),
      ["RightUpperArm"] = CFrame.new(0.104624, -0.843041, -1.240403, 0.617962, 0.740955, 0.262887, 0.461525, -0.612577, 0.641673, 0.636489, -0.275201, -0.720518),
      ["RightUpperLeg"] = CFrame.new(0.154458, -0.047205, -0.948376, 0.977257, -0.197621, -0.076905, 0.205570, 0.793842, 0.572326, -0.052053, -0.575119, 0.816412),
      ["рҹҢ§пёҸрҹҳірҹ‘»рҹҸіпёҸвҖҚрҹҢҲрҹҳӮрҹ’һрҹҸҙвҖҚвҳ пёҸрҹҺёрҹҢ§пёҸрҹҳірҹ‘»рҹҸіпёҸвҖҚрҹҢҲрҹҳӮрҹ’һрҹҸҙвҖҚвҳ"] = CFrame.new(0.000000, 0.000000, 0.000000, 0.998406, 0.056432, 0.000000, -0.056432, 0.998406, -0.000000, -0.000000, 0.000000, 1.000000)
    }},
    { Time = 0.350, Data = {
      ["Head"] = CFrame.new(0.000000, 0.000000, 0.000000, 1.000000, 0.000000, 0.000000, 0.000000, 0.774023, -0.633158, 0.000000, 0.633158, 0.774023),
      ["LeftUpperArm"] = CFrame.new(0.209267, -0.364238, -0.399220, 0.886379, -0.257462, 0.384768, 0.462608, 0.460108, -0.757822, 0.018075, 0.849714, 0.526934),
      ["LeftUpperLeg"] = CFrame.new(-0.164411, -0.042127, -0.965568, 0.980665, 0.160625, 0.111785, -0.195684, 0.799154, 0.568384, 0.001963, -0.579268, 0.815135),
      ["LowerTorso"] = CFrame.new(0.000000, -0.807351, -0.762723, 1.000000, -0.000000, 0.000000, 0.000000, 0.627723, 0.778436, -0.000000, -0.778436, 0.627723),
      ["RightUpperArm"] = CFrame.new(0.104205, -0.843273, -1.241012, 0.619272, 0.739361, 0.264285, 0.457787, -0.613455, 0.643510, 0.637913, -0.277521, -0.718365),
      ["RightUpperLeg"] = CFrame.new(0.154458, -0.047855, -0.947831, 0.977257, -0.197611, -0.076932, 0.205563, 0.793685, 0.572546, -0.052081, -0.575339, 0.816255),
      ["рҹҢ§пёҸрҹҳірҹ‘»рҹҸіпёҸвҖҚрҹҢҲрҹҳӮрҹ’һрҹҸҙвҖҚвҳ пёҸрҹҺёрҹҢ§пёҸрҹҳірҹ‘»рҹҸіпёҸвҖҚрҹҢҲрҹҳӮрҹ’һрҹҸҙвҖҚвҳ"] = CFrame.new(0.000000, 0.000000, 0.000000, 0.998042, 0.062553, 0.000000, -0.062553, 0.998042, -0.000000, -0.000000, 0.000000, 1.000000)
    }},
    { Time = 0.367, Data = {
      ["Head"] = CFrame.new(0.000000, 0.000000, 0.000000, 1.000000, 0.000000, 0.000000, 0.000000, 0.772103, -0.635497, 0.000000, 0.635497, 0.772103),
      ["LeftUpperArm"] = CFrame.new(0.209229, -0.363844, -0.399444, 0.886636, -0.257605, 0.384077, 0.462126, 0.461600, -0.757209, 0.017770, 0.848861, 0.528317),
      ["LeftUpperLeg"] = CFrame.new(-0.164414, -0.042746, -0.965109, 0.980660, 0.160588, 0.111882, -0.195710, 0.799050, 0.568522, 0.001899, -0.579423, 0.815025),
      ["LowerTorso"] = CFrame.new(0.000000, -0.807362, -0.764117, 1.000000, -0.000000, 0.000000, 0.000000, 0.628021, 0.778196, -0.000000, -0.778196, 0.628021),
      ["RightUpperArm"] = CFrame.new(0.103721, -0.843520, -1.241751, 0.620793, 0.737519, 0.265862, 0.453379, -0.614397, 0.645728, 0.639581, -0.280327, -0.715788),
      ["RightUpperLeg"] = CFrame.new(0.154458, -0.048458, -0.947326, 0.977257, -0.197600, -0.076959, 0.205556, 0.793528, 0.572766, -0.052109, -0.575559, 0.816098),
      ["рҹҢ§пёҸрҹҳірҹ‘»рҹҸіпёҸвҖҚрҹҢҲрҹҳӮрҹ’һрҹҸҙвҖҚвҳ пёҸрҹҺёрҹҢ§пёҸрҹҳірҹ‘»рҹҸіпёҸвҖҚрҹҢҲрҹҳӮрҹ’һрҹҸҙвҖҚвҳ"] = CFrame.new(0.000000, 0.000000, 0.000000, 0.997574, 0.069620, 0.000000, -0.069620, 0.997574, -0.000000, -0.000000, 0.000000, 1.000000)
    }},
    { Time = 0.383, Data = {
      ["Head"] = CFrame.new(0.000000, 0.000000, 0.000000, 1.000000, 0.000000, 0.000000, 0.000000, 0.769884, -0.638185, 0.000000, 0.638185, 0.769884),
      ["LeftUpperArm"] = CFrame.new(0.209231, -0.363484, -0.399638, 0.886912, -0.257596, 0.383447, 0.461610, 0.462964, -0.756691, 0.017398, 0.848121, 0.529517),
      ["LeftUpperLeg"] = CFrame.new(-0.164414, -0.043298, -0.964648, 0.980660, 0.160573, 0.111903, -0.195710, 0.798893, 0.568742, 0.001926, -0.579643, 0.814868),
      ["LowerTorso"] = CFrame.new(0.000000, -0.807398, -0.765407, 1.000000, -0.000000, 0.000000, 0.000000, 0.628319, 0.777956, -0.000000, -0.777956, 0.628319),
      ["RightUpperArm"] = CFrame.new(0.103160, -0.843819, -1.242564, 0.622517, 0.735386, 0.267732, 0.448392, -0.615534, 0.648123, 0.641418, -0.283419, -0.712921),
      ["RightUpperLeg"] = CFrame.new(0.154458, -0.049008, -0.946869, 0.977257, -0.197593, -0.076977, 0.205551, 0.793423, 0.572913, -0.052128, -0.575706, 0.815994),
      ["рҹҢ§пёҸрҹҳірҹ‘»рҹҸіпёҸвҖҚрҹҢҲрҹҳӮрҹ’һрҹҸҙвҖҚвҳ пёҸрҹҺёрҹҢ§пёҸрҹҳірҹ‘»рҹҸіпёҸвҖҚрҹҢҲрҹҳӮрҹ’һрҹҸҙвҖҚвҳ"] = CFrame.new(0.000000, 0.000000, 0.000000, 0.996989, 0.077545, 0.000000, -0.077545, 0.996989, -0.000000, -0.000000, 0.000000, 1.000000)
    }},
    { Time = 0.400, Data = {
      ["Head"] = CFrame.new(0.000000, 0.000000, 0.000000, 1.000000, 0.000000, 0.000000, 0.000000, 0.767476, -0.641077, 0.000000, 0.641077, 0.767476),
      ["LeftUpperArm"] = CFrame.new(0.209186, -0.363143, -0.399836, 0.887133, -0.257766, 0.382821, 0.461194, 0.464252, -0.756155, 0.017186, 0.847364, 0.530733),
      ["LeftUpperLeg"] = CFrame.new(-0.164406, -0.043748, -0.964255, 0.980676, 0.160482, 0.111892, -0.195629, 0.798805, 0.568894, 0.001917, -0.579790, 0.814764),
      ["LowerTorso"] = CFrame.new(0.000000, -0.807389, -0.766522, 1.000000, -0.000000, 0.000000, 0.000000, 0.628542, 0.777775, -0.000000, -0.777775, 0.628542),
      ["RightUpperArm"] = CFrame.new(0.102555, -0.844124, -1.243462, 0.624364, 0.733087, 0.269727, 0.442948, -0.616692, 0.650760, 0.643402, -0.286836, -0.709760),
      ["RightUpperLeg"] = CFrame.new(0.154458, -0.049510, -0.946503, 0.977256, -0.197560, -0.077077, 0.205573, 0.793318, 0.573050, -0.052065, -0.575861, 0.815888),
      ["рҹҢ§пёҸрҹҳірҹ‘»рҹҸіпёҸвҖҚрҹҢҲрҹҳӮрҹ’һрҹҸҙвҖҚвҳ пёҸрҹҺёрҹҢ§пёҸрҹҳірҹ‘»рҹҸіпёҸвҖҚрҹҢҲрҹҳӮрҹ’һрҹҸҙвҖҚвҳ"] = CFrame.new(0.000000, 0.000000, 0.000000, 0.996267, 0.086328, 0.000000, -0.086328, 0.996267, -0.000000, -0.000000, 0.000000, 1.000000)
    }},
    { Time = 0.417, Data = {
      ["Head"] = CFrame.new(0.000000, 0.000000, 0.000000, 1.000000, 0.000000, 0.000000, 0.000000, 0.764820, -0.644244, 0.000000, 0.644244, 0.764820),
      ["LeftUpperArm"] = CFrame.new(0.209179, -0.362868, -0.399988, 0.887316, -0.257791, 0.382379, 0.460852, 0.465295, -0.755722, 0.016900, 0.846785, 0.531667),
      ["LeftUpperLeg"] = CFrame.new(-0.164406, -0.044173, -0.963902, 0.980676, 0.160471, 0.111907, -0.195628, 0.798700, 0.569041, 0.001935, -0.579937, 0.814659),
      ["LowerTorso"] = CFrame.new(0.000000, -0.807411, -0.767510, 1.000000, -0.000000, 0.000000, 0.000000, 0.628766, 0.777595, -0.000000, -0.777595, 0.628766),
      ["RightUpperArm"] = CFrame.new(0.101904, -0.844444, -1.244429, 0.626328, 0.730610, 0.271887, 0.437076, -0.617909, 0.653570, 0.645506, -0.290514, -0.706346),
      ["RightUpperLeg"] = CFrame.new(0.154458, -0.049932, -0.946149, 0.977256, -0.197553, -0.077095, 0.205568, 0.793213, 0.573197, -0.052084, -0.576008, 0.815783),
      ["рҹҢ§пёҸрҹҳірҹ‘»рҹҸіпёҸвҖҚрҹҢҲрҹҳӮрҹ’һрҹҸҙвҖҚвҳ пёҸрҹҺёрҹҢ§пёҸрҹҳірҹ‘»рҹҸіпёҸвҖҚрҹҢҲрҹҳӮрҹ’һрҹҸҙвҖҚвҳ"] = CFrame.new(0.000000, 0.000000, 0.000000, 0.995409, 0.095707, 0.000000, -0.095707, 0.995409, -0.000000, -0.000000, 0.000000, 1.000000)
    }},
    { Time = 0.433, Data = {
      ["Head"] = CFrame.new(0.000000, 0.000000, 0.000000, 1.000000, 0.000000, 0.000000, 0.000000, 0.762029, -0.647543, 0.000000, 0.647543, 0.762029),
      ["LeftUpperArm"] = CFrame.new(0.209172, -0.362636, -0.400117, 0.887518, -0.257820, 0.381891, 0.460469, 0.466173, -0.755414, 0.016734, 0.846293, 0.532456),
      ["LeftUpperLeg"] = CFrame.new(-0.164408, -0.044540, -0.963647, 0.980671, 0.160435, 0.112003, -0.195654, 0.798596, 0.569179, 0.001871, -0.580091, 0.814549),
      ["LowerTorso"] = CFrame.new(0.000000, -0.807392, -0.768304, 1.000000, -0.000000, 0.000000, 0.000000, 0.628914, 0.777475, -0.000000, -0.777475, 0.628914),
      ["RightUpperArm"] = CFrame.new(0.101205, -0.844778, -1.245465, 0.628403, 0.727954, 0.274215, 0.430771, -0.619178, 0.656547, 0.647724, -0.294452, -0.702675),
      ["RightUpperLeg"] = CFrame.new(0.154458, -0.050284, -0.945853, 0.977256, -0.197546, -0.077113, 0.205563, 0.793109, 0.573343, -0.052103, -0.576155, 0.815678),
      ["рҹҢ§пёҸрҹҳірҹ‘»рҹҸіпёҸвҖҚрҹҢҲрҹҳӮрҹ’һрҹҸҙвҖҚвҳ пёҸрҹҺёрҹҢ§пёҸрҹҳірҹ‘»рҹҸіпёҸвҖҚрҹҢҲрҹҳӮрҹ’һрҹҸҙвҖҚвҳ"] = CFrame.new(0.000000, 0.000000, 0.000000, 0.994400, 0.105683, 0.000000, -0.105683, 0.994400, -0.000000, -0.000000, 0.000000, 1.000000)
    }},
    { Time = 0.450, Data = {
      ["Head"] = CFrame.new(0.000000, -0.000000, 0.000000, 1.000000, 0.000000, 0.000000, 0.000000, 0.759042, -0.651042, 0.000000, 0.651042, 0.759042),
      ["LeftUpperArm"] = CFrame.new(0.209144, -0.362445, -0.400230, 0.887628, -0.257924, 0.381565, 0.460262, 0.466897, -0.755093, 0.016605, 0.845862, 0.533144),
      ["LeftUpperLeg"] = CFrame.new(-0.164408, -0.044820, -0.963416, 0.980671, 0.160430, 0.112010, -0.195654, 0.798543, 0.569252, 0.001880, -0.580165, 0.814497),
      ["LowerTorso"] = CFrame.new(0.000000, -0.807408, -0.768956, 1.000000, -0.000000, 0.000000, 0.000000, 0.629063, 0.777354, -0.000000, -0.777354, 0.629063),
      ["RightUpperArm"] = CFrame.new(0.100465, -0.845133, -1.246536, 0.630570, 0.725139, 0.276685, 0.424192, -0.620529, 0.659549, 0.649956, -0.298524, -0.698885),
      ["RightUpperLeg"] = CFrame.new(0.154458, -0.050562, -0.945622, 0.977256, -0.197542, -0.077122, 0.205561, 0.793056, 0.573417, -0.052112, -0.576228, 0.815626),
      ["рҹҢ§пёҸрҹҳірҹ‘»рҹҸіпёҸвҖҚрҹҢҲрҹҳӮрҹ’һрҹҸҙвҖҚвҳ пёҸрҹҺёрҹҢ§пёҸрҹҳірҹ‘»рҹҸіпёҸвҖҚрҹҢҲрҹҳӮрҹ’һрҹҸҙвҖҚвҳ"] = CFrame.new(0.000000, 0.000000, 0.000000, 0.993230, 0.116165, 0.000000, -0.116165, 0.993230, -0.000000, -0.000000, 0.000000, 1.000000)
    }},
    { Time = 0.467, Data = {
      ["Head"] = CFrame.new(0.000000, -0.000000, -0.000000, 1.000000, 0.000000, 0.000000, 0.000000, 0.755976, -0.654599, 0.000000, 0.654599, 0.755976),
      ["LeftUpperArm"] = CFrame.new(0.209144, -0.362318, -0.400299, 0.887719, -0.257926, 0.381351, 0.460090, 0.467377, -0.754901, 0.016474, 0.845596, 0.533569),
      ["LeftUpperLeg"] = CFrame.new(-0.164408, -0.045022, -0.963248, 0.980671, 0.160425, 0.112018, -0.195654, 0.798491, 0.569326, 0.001889, -0.580238, 0.814445),
      ["LowerTorso"] = CFrame.new(0.000000, -0.807386, -0.769401, 1.000000, -0.000000, 0.000000, 0.000000, 0.629137, 0.777294, -0.000000, -0.777294, 0.629137),
      ["RightUpperArm"] = CFrame.new(0.099707, -0.845468, -1.247669, 0.632768, 0.722257, 0.279194, 0.417334, -0.621803, 0.662717, 0.652256, -0.302829, -0.694879),
      ["RightUpperLeg"] = CFrame.new(0.154458, -0.050763, -0.945453, 0.977256, -0.197539, -0.077131, 0.205558, 0.793004, 0.573490, -0.052121, -0.576301, 0.815574),
      ["рҹҢ§пёҸрҹҳірҹ‘»рҹҸіпёҸвҖҚрҹҢҲрҹҳӮрҹ’һрҹҸҙвҖҚвҳ пёҸрҹҺёрҹҢ§пёҸрҹҳірҹ‘»рҹҸіпёҸвҖҚрҹҢҲрҹҳӮрҹ’һрҹҸҙвҖҚвҳ"] = CFrame.new(0.000000, 0.000000, 0.000000, 0.991905, 0.126981, 0.000000, -0.126981, 0.991905, -0.000000, -0.000000, 0.000000, 1.000000)
    }},
    { Time = 0.483, Data = {
      ["Head"] = CFrame.new(0.000000, 0.000000, 0.000000, 1.000000, 0.000000, 0.000000, 0.000000, 0.752830, -0.658215, 0.000000, 0.658215, 0.752830),
      ["LeftUpperArm"] = CFrame.new(0.209153, -0.362234, -0.400342, 0.887811, -0.257889, 0.381163, 0.459917, 0.467694, -0.754811, 0.016390, 0.845432, 0.533831),
      ["LeftUpperLeg"] = CFrame.new(-0.164408, -0.045144, -0.963149, 0.980671, 0.160425, 0.112018, -0.195654, 0.798491, 0.569326, 0.001889, -0.580238, 0.814445),
      ["LowerTorso"] = CFrame.new(0.000000, -0.807403, -0.769693, 1.000000, -0.000000, 0.000000, 0.000000, 0.629212, 0.777234, -0.000000, -0.777234, 0.629212),
      ["RightUpperArm"] = CFrame.new(0.098920, -0.845820, -1.248811, 0.634993, 0.719267, 0.281850, 0.410292, -0.623139, 0.665851, 0.654557, -0.307170, -0.690798),
      ["RightUpperLeg"] = CFrame.new(0.154458, -0.050885, -0.945355, 0.977256, -0.197539, -0.077131, 0.205558, 0.793004, 0.573490, -0.052121, -0.576301, 0.815574),
      ["рҹҢ§пёҸрҹҳірҹ‘»рҹҸіпёҸвҖҚрҹҢҲрҹҳӮрҹ’һрҹҸҙвҖҚвҳ пёҸрҹҺёрҹҢ§пёҸрҹҳірҹ‘»рҹҸіпёҸвҖҚрҹҢҲрҹҳӮрҹ’һрҹҸҙвҖҚвҳ"] = CFrame.new(0.000000, 0.000000, 0.000000, 0.990438, 0.137957, 0.000000, -0.137957, 0.990438, -0.000000, -0.000000, 0.000000, 1.000000)
    }},
    { Time = 0.500, Data = {
      ["Head"] = CFrame.new(0.000000, -0.000000, 0.000000, 1.000000, 0.000000, 0.000000, 0.000000, 0.749603, -0.661888, 0.000000, 0.661888, 0.749603),
      ["LeftUpperArm"] = CFrame.new(0.209148, -0.362213, -0.400356, 0.887811, -0.257909, 0.381150, 0.459917, 0.467775, -0.754760, 0.016367, 0.845382, 0.533912),
      ["LeftUpperLeg"] = CFrame.new(-0.164408, -0.045185, -0.963115, 0.980671, 0.160425, 0.112018, -0.195654, 0.798491, 0.569326, 0.001889, -0.580238, 0.814445),
      ["LowerTorso"] = CFrame.new(0.000000, -0.807384, -0.769771, 1.000000, -0.000000, 0.000000, 0.000000, 0.629212, 0.777234, -0.000000, -0.777234, 0.629212),
      ["RightUpperArm"] = CFrame.new(0.098121, -0.846159, -1.249980, 0.637232, 0.716229, 0.284520, 0.403130, -0.624429, 0.669010, 0.656827, -0.311616, -0.686640),
      ["RightUpperLeg"] = CFrame.new(0.154458, -0.050925, -0.945317, 0.977256, -0.197535, -0.077140, 0.205556, 0.792951, 0.573563, -0.052131, -0.576375, 0.815521),
      ["рҹҢ§пёҸрҹҳірҹ‘»рҹҸіпёҸвҖҚрҹҢҲрҹҳӮрҹ’һрҹҸҙвҖҚвҳ пёҸрҹҺёрҹҢ§пёҸрҹҳірҹ‘»рҹҸіпёҸвҖҚрҹҢҲрҹҳӮрҹ’һрҹҸҙвҖҚвҳ"] = CFrame.new(0.000000, 0.000000, 0.000000, 0.988823, 0.149091, 0.000000, -0.149091, 0.988823, -0.000000, -0.000000, 0.000000, 1.000000)
    }},
    { Time = 0.517, Data = {
      ["Head"] = CFrame.new(0.000000, 0.000000, -0.000000, 1.000000, 0.000000, 0.000000, 0.000000, 0.746355, -0.665548, 0.000000, 0.665548, 0.746355),
      ["LeftUpperArm"] = CFrame.new(0.209153, -0.362234, -0.400342, 0.887811, -0.257889, 0.381163, 0.459917, 0.467694, -0.754811, 0.016390, 0.845432, 0.533831),
      ["LeftUpperLeg"] = CFrame.new(-0.164408, -0.045144, -0.963149, 0.980671, 0.160425, 0.112018, -0.195654, 0.798491, 0.569326, 0.001889, -0.580238, 0.814445),
      ["LowerTorso"] = CFrame.new(0.000000, -0.807403, -0.769693, 1.000000, -0.000000, 0.000000, 0.000000, 0.629212, 0.777234, -0.000000, -0.777234, 0.629212),
      ["RightUpperArm"] = CFrame.new(0.097323, -0.846484, -1.251150, 0.639428, 0.713193, 0.287206, 0.395945, -0.625665, 0.672139, 0.659060, -0.316067, -0.682453),
      ["RightUpperLeg"] = CFrame.new(0.154458, -0.050885, -0.945355, 0.977256, -0.197539, -0.077131, 0.205558, 0.793004, 0.573490, -0.052121, -0.576301, 0.815574),
      ["рҹҢ§пёҸрҹҳірҹ‘»рҹҸіпёҸвҖҚрҹҢҲрҹҳӮрҹ’һрҹҸҙвҖҚвҳ пёҸрҹҺёрҹҢ§пёҸрҹҳірҹ‘»рҹҸіпёҸвҖҚрҹҢҲрҹҳӮрҹ’һрҹҸҙвҖҚвҳ"] = CFrame.new(0.000000, -0.000000, 0.000000, 0.987083, 0.160212, 0.000000, -0.160212, 0.987083, -0.000000, -0.000000, 0.000000, 1.000000)
    }},
    { Time = 0.533, Data = {
