return {
  ["Astros lay 7"] = {
    { Time = 0.000, Data = {
      ["Balls"] = CFrame.new(0.000000, 0.000000, 0.000000, 0.941368, -0.337383, 0.000000, 0.337383, 0.941368, 0.000000, 0.000000, 0.000000, 1.000000),
      ["Cock"] = CFrame.new(0.000000, 0.000000, 0.000000, 0.911419, -0.411480, 0.000000, 0.411480, 0.911419, 0.000000, 0.000000, 0.000000, 1.000000),
      ["Head"] = CFrame.new(0.000000, 0.088740, -0.005930, 1.000000, -0.000000, 0.000000, 0.000000, 0.976993, 0.213273, -0.000000, -0.213273, 0.976993),
      ["LeftUpperArm"] = CFrame.new(0.169951, 0.350879, 0.141216, 0.944745, 0.304937, 0.120297, -0.295272, 0.950998, -0.091748, -0.142380, 0.051158, 0.988489),
      ["LeftUpperLeg"] = CFrame.new(-0.105955, -0.019512, -0.140031, 0.978350, 0.152590, 0.139810, -0.164248, 0.983489, 0.075969, -0.125909, -0.097288, 0.987260),
      ["LowerTorso"] = CFrame.new(-0.000001, -1.605542, -0.746903, 1.000000, 0.000000, 0.000000, 0.000000, 0.113991, -0.993482, 0.000000, 0.993482, 0.113991),
      ["RightUpperArm"] = CFrame.new(-0.071787, -0.042838, 0.098317, 0.965863, -0.229455, -0.120246, 0.219335, 0.971329, -0.091717, 0.137843, 0.062212, 0.988498),
      ["RightUpperLeg"] = CFrame.new(0.105957, -0.019513, -0.140030, 0.978350, -0.152590, -0.139810, 0.164248, 0.983489, 0.075969, 0.125909, -0.097288, 0.987260)
    }},
    { Time = 0.017, Data = {
      ["Cock"] = CFrame.new(0.000000, 0.000000, 0.000000, 0.911564, -0.411158, 0.000000, 0.411158, 0.911564, 0.000000, 0.000000, 0.000000, 1.000000)
    }},
    { Time = 0.033, Data = {
      ["Cock"] = CFrame.new(0.000000, 0.000000, 0.000000, 0.911891, -0.410433, 0.000000, 0.410433, 0.911891, 0.000000, 0.000000, 0.000000, 1.000000)
    }},
    { Time = 0.050, Data = {
      ["Cock"] = CFrame.new(0.000000, 0.000000, 0.000000, 0.912433, -0.409225, 0.000000, 0.409225, 0.912433, 0.000000, 0.000000, 0.000000, 1.000000)
    }},
    { Time = 0.067, Data = {
      ["Cock"] = CFrame.new(0.000000, 0.000000, 0.000000, 0.913226, -0.407453, 0.000000, 0.407453, 0.913226, 0.000000, 0.000000, 0.000000, 1.000000)
    }},
    { Time = 0.083, Data = {
      ["Cock"] = CFrame.new(-0.000000, 0.000000, 0.000000, 0.914230, -0.405195, 0.000000, 0.405195, 0.914230, 0.000000, 0.000000, 0.000000, 1.000000)
    }},
    { Time = 0.100, Data = {
      ["Cock"] = CFrame.new(-0.000000, 0.000000, 0.000000, 0.915442, -0.402451, 0.000000, 0.402451, 0.915442, 0.000000, 0.000000, 0.000000, 1.000000)
    }},
    { Time = 0.117, Data = {
      ["Cock"] = CFrame.new(0.000000, 0.000000, 0.000000, 0.916856, -0.399219, 0.000000, 0.399219, 0.916856, 0.000000, 0.000000, 0.000000, 1.000000)
    }},
    { Time = 0.133, Data = {
      ["Cock"] = CFrame.new(-0.000000, 0.000000, 0.000000, 0.918467, -0.395498, 0.000000, 0.395498, 0.918467, 0.000000, 0.000000, 0.000000, 1.000000)
    }},
    { Time = 0.150, Data = {
      ["Cock"] = CFrame.new(0.000000, 0.000000, 0.000000, 0.920304, -0.391204, 0.000000, 0.391204, 0.920304, 0.000000, 0.000000, 0.000000, 1.000000)
    }},
    { Time = 0.167, Data = {
      ["Cock"] = CFrame.new(-0.000000, 0.000000, 0.000000, 0.922324, -0.386417, 0.000000, 0.386417, 0.922324, 0.000000, 0.000000, 0.000000, 1.000000)
    }},
    { Time = 0.183, Data = {
      ["Cock"] = CFrame.new(-0.000000, 0.000000, 0.000000, 0.924520, -0.381133, 0.000000, 0.381133, 0.924520, 0.000000, 0.000000, 0.000000, 1.000000)
    }},
    { Time = 0.200, Data = {
      ["Cock"] = CFrame.new(0.000000, 0.000000, 0.000000, 0.926883, -0.375351, 0.000000, 0.375351, 0.926883, 0.000000, 0.000000, 0.000000, 1.000000)
    }},
    { Time = 0.217, Data = {
      ["Cock"] = CFrame.new(-0.000000, 0.000000, 0.000000, 0.929435, -0.368987, 0.000000, 0.368987, 0.929435, 0.000000, 0.000000, 0.000000, 1.000000)
    }},
    { Time = 0.233, Data = {
      ["Cock"] = CFrame.new(-0.000000, 0.000000, 0.000000, 0.932101, -0.362199, 0.000000, 0.362199, 0.932101, 0.000000, 0.000000, 0.000000, 1.000000)
    }},
    { Time = 0.250, Data = {
      ["Cock"] = CFrame.new(0.000000, 0.000000, 0.000000, 0.934933, -0.354823, 0.000000, 0.354823, 0.934933, 0.000000, 0.000000, 0.000000, 1.000000)
    }},
    { Time = 0.267, Data = {
      ["Cock"] = CFrame.new(-0.000000, 0.000000, 0.000000, 0.937919, -0.346855, 0.000000, 0.346855, 0.937919, 0.000000, 0.000000, 0.000000, 1.000000)
    }},
    { Time = 0.283, Data = {
      ["Cock"] = CFrame.new(-0.000000, 0.000000, 0.000000, 0.940983, -0.338455, 0.000000, 0.338455, 0.940983, 0.000000, 0.000000, 0.000000, 1.000000)
    }},
    { Time = 0.300, Data = {
      ["Cock"] = CFrame.new(0.000000, 0.000000, 0.000000, 0.944171, -0.329456, 0.000000, 0.329456, 0.944171, 0.000000, 0.000000, 0.000000, 1.000000)
    }},
    { Time = 0.317, Data = {
      ["Cock"] = CFrame.new(0.000000, 0.000000, 0.000000, 0.947467, -0.319854, 0.000000, 0.319854, 0.947467, 0.000000, 0.000000, 0.000000, 1.000000)
    }},
    { Time = 0.333, Data = {
      ["Cock"] = CFrame.new(0.000000, 0.000000, 0.000000, 0.950798, -0.309812, 0.000000, 0.309812, 0.950798, 0.000000, 0.000000, 0.000000, 1.000000)
    }},
    { Time = 0.350, Data = {
      ["Cock"] = CFrame.new(0.000000, 0.000000, 0.000000, 0.954046, -0.299660, 0.000000, 0.299660, 0.954046, 0.000000, 0.000000, 0.000000, 1.000000)
    }},
    { Time = 0.367, Data = {
      ["Cock"] = CFrame.new(0.000000, 0.000000, 0.000000, 0.957006, -0.290067, 0.000000, 0.290067, 0.957006, 0.000000, 0.000000, 0.000000, 1.000000)
    }},
    { Time = 0.383, Data = {
      ["Cock"] = CFrame.new(0.000000, 0.000000, 0.000000, 0.959746, -0.280870, 0.000000, 0.280870, 0.959746, 0.000000, 0.000000, 0.000000, 1.000000)
    }},
    { Time = 0.400, Data = {
      ["Cock"] = CFrame.new(0.000000, 0.000000, 0.000000, 0.962229, -0.272242, 0.000000, 0.272242, 0.962229, 0.000000, 0.000000, 0.000000, 1.000000)
    }},
    { Time = 0.417, Data = {
      ["Cock"] = CFrame.new(0.000000, 0.000000, 0.000000, 0.964495, -0.264100, 0.000000, 0.264100, 0.964495, 0.000000, 0.000000, 0.000000, 1.000000)
    }},
    { Time = 0.433, Data = {
      ["Cock"] = CFrame.new(0.000000, 0.000000, 0.000000, 0.966558, -0.256449, 0.000000, 0.256449, 0.966558, 0.000000, 0.000000, 0.000000, 1.000000)
    }},
    { Time = 0.450, Data = {
      ["Cock"] = CFrame.new(0.000000, 0.000000, 0.000000, 0.968407, -0.249376, 0.000000, 0.249376, 0.968407, 0.000000, 0.000000, 0.000000, 1.000000)
    }},
    { Time = 0.467, Data = {
      ["Cock"] = CFrame.new(0.000000, 0.000000, 0.000000, 0.970098, -0.242715, 0.000000, 0.242715, 0.970098, 0.000000, 0.000000, 0.000000, 1.000000)
    }},
    { Time = 0.483, Data = {
      ["Cock"] = CFrame.new(0.000000, 0.000000, 0.000000, 0.971598, -0.236637, 0.000000, 0.236637, 0.971598, 0.000000, 0.000000, 0.000000, 1.000000)
    }},
    { Time = 0.500, Data = {
      ["Cock"] = CFrame.new(0.000000, 0.000000, 0.000000, 0.972940, -0.231059, 0.000000, 0.231059, 0.972940, 0.000000, 0.000000, 0.000000, 1.000000)
    }},
    { Time = 0.517, Data = {
      ["Cock"] = CFrame.new(0.000000, 0.000000, 0.000000, 0.974112, -0.226067, 0.000000, 0.226067, 0.974112, 0.000000, 0.000000, 0.000000, 1.000000)
    }},
    { Time = 0.533, Data = {
      ["Cock"] = CFrame.new(0.000000, 0.000000, 0.000000, 0.975161, -0.221495, 0.000000, 0.221495, 0.975161, 0.000000, 0.000000, 0.000000, 1.000000)
    }},
    { Time = 0.550, Data = {
      ["Cock"] = CFrame.new(0.000000, 0.000000, 0.000000, 0.976058, -0.217513, 0.000000, 0.217513, 0.976058, 0.000000, 0.000000, 0.000000, 1.000000)
    }},
    { Time = 0.567, Data = {
      ["Cock"] = CFrame.new(0.000000, 0.000000, 0.000000, 0.976826, -0.214036, 0.000000, 0.214036, 0.976826, 0.000000, 0.000000, 0.000000, 1.000000)
    }},
    { Time = 0.583, Data = {
      ["Cock"] = CFrame.new(0.000000, 0.000000, 0.000000, 0.977453, -0.211152, 0.000000, 0.211152, 0.977453, 0.000000, 0.000000, 0.000000, 1.000000)
    }},
    { Time = 0.600, Data = {
      ["Cock"] = CFrame.new(0.000000, 0.000000, 0.000000, 0.977964, -0.208775, 0.000000, 0.208775, 0.977964, 0.000000, 0.000000, 0.000000, 1.000000)
    }},
    { Time = 0.617, Data = {
      ["Cock"] = CFrame.new(0.000000, 0.000000, 0.000000, 0.978360, -0.206908, 0.000000, 0.206908, 0.978360, 0.000000, 0.000000, 0.000000, 1.000000)
    }},
    { Time = 0.633, Data = {
      ["Cock"] = CFrame.new(0.000000, 0.000000, 0.000000, 0.978647, -0.205549, 0.000000, 0.205549, 0.978647, 0.000000, 0.000000, 0.000000, 1.000000)
    }},
    { Time = 0.650, Data = {
      ["Cock"] = CFrame.new(0.000000, 0.000000, 0.000000, 0.978807, -0.204784, 0.000000, 0.204784, 0.978807, 0.000000, 0.000000, 0.000000, 1.000000)
    }},
    { Time = 0.667, Data = {
      ["Cock"] = CFrame.new(0.000000, 0.000000, 0.000000, 0.978878, -0.204445, 0.000000, 0.204445, 0.978878, 0.000000, 0.000000, 0.000000, 1.000000)
    }},
    { Time = 0.683, Data = {
      ["Cock"] = CFrame.new(0.000000, 0.000000, 0.000000, 0.978843, -0.204614, 0.000000, 0.204614, 0.978843, 0.000000, 0.000000, 0.000000, 1.000000)
    }},
    { Time = 0.700, Data = {
      ["Cock"] = CFrame.new(0.000000, 0.000000, 0.000000, 0.978700, -0.205294, 0.000000, 0.205294, 0.978700, 0.000000, 0.000000, 0.000000, 1.000000)
    }},
    { Time = 0.717, Data = {
      ["Cock"] = CFrame.new(0.000000, 0.000000, 0.000000, 0.978271, -0.207332, 0.000000, 0.207332, 0.978271, 0.000000, 0.000000, 0.000000, 1.000000)
    }},
    { Time = 0.733, Data = {
      ["Cock"] = CFrame.new(0.000000, 0.000000, 0.000000, 0.977417, -0.211322, 0.000000, 0.211322, 0.977417, 0.000000, 0.000000, 0.000000, 1.000000)
    }},
    { Time = 0.750, Data = {
      ["Cock"] = CFrame.new(0.000000, 0.000000, 0.000000, 0.976001, -0.217767, 0.000000, 0.217767, 0.976001, 0.000000, 0.000000, 0.000000, 1.000000)
    }},
    { Time = 0.767, Data = {
      ["Cock"] = CFrame.new(0.000000, 0.000000, 0.000000, 0.973777, -0.227506, 0.000000, 0.227506, 0.973777, 0.000000, 0.000000, 0.000000, 1.000000)
    }},
    { Time = 0.783, Data = {
      ["Cock"] = CFrame.new(0.000000, 0.000000, 0.000000, 0.970539, -0.240943, 0.000000, 0.240943, 0.970539, 0.000000, 0.000000, 0.000000, 1.000000)
    }},
    { Time = 0.800, Data = {
      ["Cock"] = CFrame.new(0.000000, 0.000000, 0.000000, 0.965930, -0.258805, 0.000000, 0.258805, 0.965930, 0.000000, 0.000000, 0.000000, 1.000000)
    }},
    { Time = 0.817, Data = {
      ["Cock"] = CFrame.new(0.000000, 0.000000, 0.000000, 0.959549, -0.281540, 0.000000, 0.281540, 0.959549, 0.000000, 0.000000, 0.000000, 1.000000)
    }},
    { Time = 0.833, Data = {
      ["Cock"] = CFrame.new(0.000000, 0.000000, 0.000000, 0.950798, -0.309812, 0.000000, 0.309812, 0.950798, 0.000000, 0.000000, 0.000000, 1.000000)
    }},
    { Time = 0.850, Data = {
      ["Cock"] = CFrame.new(0.000000, 0.000000, 0.000000, 0.941220, -0.337795, 0.000000, 0.337795, 0.941220, 0.000000, 0.000000, 0.000000, 1.000000)
    }},
    { Time = 0.867, Data = {
      ["Cock"] = CFrame.new(-0.000000, 0.000000, 0.000000, 0.932988, -0.359906, 0.000000, 0.359906, 0.932988, 0.000000, 0.000000, 0.000000, 1.000000)
    }},
    { Time = 0.883, Data = {
      ["Cock"] = CFrame.new(-0.000000, 0.000000, 0.000000, 0.926188, -0.377063, 0.000000, 0.377063, 0.926188, 0.000000, 0.000000, 0.000000, 1.000000)
    }},
    { Time = 0.900, Data = {
      ["Cock"] = CFrame.new(-0.000000, 0.000000, 0.000000, 0.920889, -0.389825, 0.000000, 0.389825, 0.920889, 0.000000, 0.000000, 0.000000, 1.000000)
    }},
    { Time = 0.917, Data = {
      ["Cock"] = CFrame.new(-0.000000, 0.000000, 0.000000, 0.916961, -0.398976, 0.000000, 0.398976, 0.916961, 0.000000, 0.000000, 0.000000, 1.000000)
    }},
    { Time = 0.933, Data = {
      ["Cock"] = CFrame.new(-0.000000, 0.000000, 0.000000, 0.914302, -0.405034, 0.000000, 0.405034, 0.914302, 0.000000, 0.000000, 0.000000, 1.000000)
    }},
    { Time = 0.950, Data = {
      ["Cock"] = CFrame.new(0.000000, 0.000000, 0.000000, 0.912650, -0.408742, 0.000000, 0.408742, 0.912650, 0.000000, 0.000000, 0.000000, 1.000000)
    }},
    { Time = 0.967, Data = {
      ["Cock"] = CFrame.new(0.000000, 0.000000, 0.000000, 0.911782, -0.410675, 0.000000, 0.410675, 0.911782, 0.000000, 0.000000, 0.000000, 1.000000)
    }},
    { Time = 0.983, Data = {
      ["Cock"] = CFrame.new(-0.000000, 0.000000, 0.000000, 0.911492, -0.411319, 0.000000, 0.411319, 0.911492, 0.000000, 0.000000, 0.000000, 1.000000)
    }},
    { Time = 1.000, Data = {
      ["Cock"] = CFrame.new(0.000000, 0.000000, 0.000000, 0.911419, -0.411480, 0.000000, 0.411480, 0.911419, 0.000000, 0.000000, 0.000000, 1.000000)
    }}
  }
}