return {
  ["Astros dap up"] = {
    { Time = 0.000, Data = {
      ["Balls"] = CFrame.new(-0.000002, -0.000007, -0.000002, 0.988446, 0.151573, -0.000139, -0.151573, 0.988446, -0.000682, 0.000034, 0.000695, 1.000000),
      ["Cock"] = CFrame.new(0.000000, 0.000000, 0.000000, 0.955009, 0.296576, 0.000000, -0.296576, 0.955009, -0.000000, -0.000000, 0.000000, 1.000000),
      ["Head"] = CFrame.new(0.000003, -0.000000, 0.000002, 0.947277, -0.035072, 0.318489, 0.021643, 0.998725, 0.045610, -0.319683, -0.036312, 0.946828),
      ["LeftUpperArm"] = CFrame.new(-0.032621, -0.361360, -0.432339, 0.974393, -0.163642, -0.154203, -0.176740, -0.133467, -0.975166, 0.138997, 0.977450, -0.158972),
      ["LeftUpperLeg"] = CFrame.new(-0.000432, -0.017431, -0.011310, 0.999136, 0.034871, 0.022604, -0.034862, 0.999392, -0.000826, -0.022619, 0.000037, 0.999744),
      ["LowerTorso"] = CFrame.new(-2.507671, 0.000000, 0.542623, 0.048473, -0.000000, -0.998825, 0.000000, 1.000000, -0.000000, 0.998825, 0.000000, 0.048473),
      ["RightUpperArm"] = CFrame.new(0.000131, -0.000005, -0.001585, 0.996901, 0.000497, -0.078664, -0.000021, 0.999982, 0.006048, 0.078665, -0.006028, 0.996883),
      ["RightUpperLeg"] = CFrame.new(0.000359, -0.012728, -0.014027, 0.999282, -0.025465, -0.028045, 0.025456, 0.999676, -0.000702, 0.028054, -0.000012, 0.999606)
    }},
    { Time = 0.017, Data = {
      ["Balls"] = CFrame.new(-0.000003, -0.000009, -0.000002, 0.987317, 0.158758, -0.000169, -0.158758, 0.987317, -0.001026, 0.000004, 0.001039, 0.999999),
      ["Cock"] = CFrame.new(0.000000, 0.000000, 0.000000, 0.954906, 0.296909, 0.000000, -0.296909, 0.954906, -0.000000, -0.000000, 0.000000, 1.000000),
      ["Head"] = CFrame.new(0.000003, -0.000000, 0.000002, 0.947293, -0.035415, 0.318406, 0.024029, 0.998926, 0.039616, -0.319467, -0.029877, 0.947126),
      ["LeftUpperArm"] = CFrame.new(-0.032630, -0.361197, -0.432318, 0.974333, -0.163676, -0.154548, -0.177003, -0.132849, -0.975203, 0.139086, 0.977528, -0.158410),
      ["LeftUpperLeg"] = CFrame.new(-0.000432, -0.017431, -0.011310, 0.999136, 0.034872, 0.022602, -0.034861, 0.999392, -0.000912, -0.022621, 0.000123, 0.999744),
      ["LowerTorso"] = CFrame.new(-2.507794, 0.000000, 0.542626, 0.048473, 0.000122, -0.998825, -0.000003, 1.000000, 0.000122, 0.998825, -0.000003, 0.048473),
      ["RightUpperArm"] = CFrame.new(0.000080, -0.000001, -0.000883, 0.996901, 0.000305, -0.078664, -0.000040, 0.999994, 0.003371, 0.078665, -0.003357, 0.996895),
      ["RightUpperLeg"] = CFrame.new(0.000359, -0.012727, -0.014028, 0.999282, -0.025468, -0.028043, 0.025453, 0.999676, -0.000875, 0.028056, 0.000161, 0.999606)
    }},
    { Time = 0.033, Data = {
      ["Balls"] = CFrame.new(-0.000003, -0.000009, -0.000002, 0.986151, 0.165851, -0.000287, -0.165852, 0.986150, -0.001362, 0.000057, 0.001391, 0.999999),
      ["Cock"] = CFrame.new(0.000000, -0.000000, 0.000000, 0.954594, 0.297910, 0.000000, -0.297910, 0.954594, -0.000000, -0.000000, 0.000000, 1.000000),
      ["Head"] = CFrame.new(0.000002, -0.000000, 0.000002, 0.947281, -0.035688, 0.318411, 0.026314, 0.999086, 0.033694, -0.319323, -0.023539, 0.947354),
      ["LeftUpperArm"] = CFrame.new(-0.032626, -0.360748, -0.432257, 0.974191, -0.163659, -0.155460, -0.177671, -0.131143, -0.975313, 0.139231, 0.977761, -0.156836),
      ["LeftUpperLeg"] = CFrame.new(-0.000432, -0.017428, -0.011313, 0.999136, 0.034876, 0.022596, -0.034857, 0.999392, -0.001257, -0.022627, 0.000469, 0.999744),
      ["LowerTorso"] = CFrame.new(-2.508037, 0.000000, 0.542632, 0.048473, 0.000366, -0.998824, -0.000009, 1.000000, 0.000366, 0.998824, -0.000009, 0.048473),
      ["RightUpperArm"] = CFrame.new(0.000007, -0.000000, -0.000181, 0.996901, 0.000027, -0.078665, 0.000027, 1.000000, 0.000690, 0.078665, -0.000690, 0.996901),
      ["RightUpperLeg"] = CFrame.new(0.000359, -0.012724, -0.014030, 0.999282, -0.025473, -0.028039, 0.025448, 0.999675, -0.001220, 0.028061, 0.000506, 0.999606)
    }},
    { Time = 0.050, Data = {
      ["Balls"] = CFrame.new(-0.000003, -0.000009, -0.000003, 0.984948, 0.172853, -0.000322, -0.172853, 0.984946, -0.001705, 0.000022, 0.001735, 0.999999),
      ["Cock"] = CFrame.new(0.000000, 0.000000, 0.000000, 0.954046, 0.299660, 0.000000, -0.299660, 0.954046, -0.000000, -0.000000, 0.000000, 1.000000),
      ["Head"] = CFrame.new(0.000002, -0.000000, 0.000002, 0.947264, -0.036060, 0.318418, 0.028669, 0.999200, 0.027869, -0.319169, -0.017271, 0.947540),
      ["LeftUpperArm"] = CFrame.new(-0.032609, -0.360008, -0.432156, 0.973944, -0.163596, -0.157062, -0.178864, -0.128328, -0.975469, 0.139427, 0.978145, -0.154245),
      ["LeftUpperLeg"] = CFrame.new(-0.000432, -0.017425, -0.011319, 0.999136, 0.034883, 0.022586, -0.034850, 0.999391, -0.001862, -0.022637, 0.001073, 0.999743),
      ["LowerTorso"] = CFrame.new(-2.508403, 0.000000, 0.542641, 0.048473, 0.000732, -0.998824, -0.000018, 1.000000, 0.000732, 0.998825, -0.000018, 0.048473),
      ["RightUpperArm"] = CFrame.new(-0.000043, -0.000001, 0.000521, 0.996901, -0.000164, -0.078665, 0.000008, 0.999998, -0.001987, 0.078665, 0.001980, 0.996899),
      ["RightUpperLeg"] = CFrame.new(0.000360, -0.012720, -0.014034, 0.999282, -0.025481, -0.028031, 0.025440, 0.999675, -0.001824, 0.028068, 0.001110, 0.999605)
    }},
    { Time = 0.067, Data = {
      ["Balls"] = CFrame.new(-0.000003, -0.000009, -0.000003, 0.983757, 0.179507, -0.000359, -0.179507, 0.983755, -0.002048, -0.000015, 0.002079, 0.999998),
      ["Cock"] = CFrame.new(0.000000, 0.000000, 0.000000, 0.953337, 0.301909, 0.000000, -0.301909, 0.953337, -0.000000, -0.000000, 0.000000, 1.000000),
      ["Head"] = CFrame.new(0.000002, -0.000000, 0.000002, 0.947252, -0.036305, 0.318428, 0.030812, 0.999277, 0.022272, -0.319006, -0.011286, 0.947685),
      ["LeftUpperArm"] = CFrame.new(-0.032606, -0.358944, -0.432018, 0.973594, -0.163583, -0.159234, -0.180460, -0.124283, -0.975699, 0.139818, 0.978670, -0.150522),
      ["LeftUpperLeg"] = CFrame.new(-0.000432, -0.017420, -0.011326, 0.999136, 0.034893, 0.022571, -0.034840, 0.999389, -0.002725, -0.022652, 0.001936, 0.999742),
      ["LowerTorso"] = CFrame.new(-2.508892, 0.000001, 0.542653, 0.048473, 0.001220, -0.998824, -0.000030, 0.999999, 0.001220, 0.998825, -0.000030, 0.048473),
      ["RightUpperArm"] = CFrame.new(-0.000092, -0.000003, 0.001178, 0.996901, -0.000349, -0.078664, -0.000004, 0.999990, -0.004492, 0.078665, 0.004478, 0.996891),
      ["RightUpperLeg"] = CFrame.new(0.000361, -0.012757, -0.014040, 0.999280, -0.025579, -0.028020, 0.025514, 0.999671, -0.002689, 0.028079, 0.001972, 0.999604)
    }},
    { Time = 0.083, Data = {
      ["Balls"] = CFrame.new(-0.000003, -0.000009, -0.000003, 0.982569, 0.185899, -0.000483, -0.185899, 0.982566, -0.002382, 0.000032, 0.002431, 0.999997),
      ["Cock"] = CFrame.new(-0.000000, 0.000000, 0.000000, 0.952383, 0.304905, 0.000000, -0.304905, 0.952383, -0.000000, -0.000000, 0.000000, 1.000000),
      ["Head"] = CFrame.new(0.000002, -0.000000, 0.000002, 0.947238, -0.036591, 0.318437, 0.032911, 0.999315, 0.016930, -0.318838, -0.005556, 0.947793),
      ["LeftUpperArm"] = CFrame.new(-0.032575, -0.357649, -0.431852, 0.973154, -0.163467, -0.162020, -0.182531, -0.119359, -0.975928, 0.140193, 0.979302, -0.145993),
      ["LeftUpperLeg"] = CFrame.new(-0.000430, -0.017370, -0.011336, 0.999139, 0.034819, 0.022551, -0.034741, 0.999389, -0.003846, -0.022672, 0.003059, 0.999738),
      ["LowerTorso"] = CFrame.new(-2.509565, 0.000002, 0.542608, 0.048472, 0.001893, -0.998823, -0.000107, 0.999998, 0.001890, 0.998825, 0.000015, 0.048472),
      ["RightUpperArm"] = CFrame.new(-0.000140, -0.000006, 0.001812, 0.996901, -0.000531, -0.078663, -0.000013, 0.999976, -0.006911, 0.078665, 0.006890, 0.996877),
      ["RightUpperLeg"] = CFrame.new(0.000361, -0.012750, -0.014046, 0.999280, -0.025594, -0.028007, 0.025499, 0.999668, -0.003724, 0.028093, 0.003008, 0.999601)
    }},
    { Time = 0.100, Data = {
      ["Balls"] = CFrame.new(-0.000003, -0.000009, -0.000003, 0.981406, 0.191944, -0.000516, -0.191945, 0.981402, -0.002639, -0.000000, 0.002688, 0.999996),
      ["Cock"] = CFrame.new(0.000000, 0.000000, 0.000000, 0.951257, 0.308399, 0.000000, -0.308399, 0.951257, -0.000000, -0.000000, 0.000000, 1.000000),
      ["Head"] = CFrame.new(0.000001, -0.000000, 0.000002, 0.947253, -0.036834, 0.318362, 0.034884, 0.999321, 0.011827, -0.318582, -0.000098, 0.947895),
      ["LeftUpperArm"] = CFrame.new(-0.032556, -0.356056, -0.431659, 0.972603, -0.163394, -0.165367, -0.185010, -0.113301, -0.976183, 0.140766, 0.980033, -0.140427),
      ["LeftUpperLeg"] = CFrame.new(-0.000430, -0.017363, -0.011347, 0.999139, 0.034834, 0.022529, -0.034726, 0.999384, -0.005140, -0.022694, 0.004353, 0.999733),
      ["LowerTorso"] = CFrame.new(-2.510355, 0.000004, 0.542688, 0.048471, 0.002685, -0.998821, -0.000065, 0.999996, 0.002685, 0.998825, -0.000065, 0.048471),
      ["RightUpperArm"] = CFrame.new(-0.000185, -0.000011, 0.002401, 0.996901, -0.000705, -0.078662, -0.000015, 0.999958, -0.009157, 0.078665, 0.009129, 0.996859),
      ["RightUpperLeg"] = CFrame.new(0.000361, -0.012740, -0.014055, 0.999280, -0.025612, -0.027990, 0.025481, 0.999663, -0.005019, 0.028109, 0.004302, 0.999596)
    }},
    { Time = 0.117, Data = {
      ["Balls"] = CFrame.new(-0.000003, -0.000009, -0.000003, 0.980308, 0.197474, -0.000549, -0.197475, 0.980304, -0.002895, -0.000034, 0.002946, 0.999996),
      ["Cock"] = CFrame.new(0.000000, 0.000000, 0.000000, 0.949928, 0.312470, 0.000000, -0.312470, 0.949928, -0.000000, -0.000000, 0.000000, 1.000000),
      ["Head"] = CFrame.new(0.000001, -0.000000, 0.000002, 0.947243, -0.037062, 0.318366, 0.036700, 0.999301, 0.007138, -0.318408, 0.004923, 0.947941),
      ["LeftUpperArm"] = CFrame.new(-0.032518, -0.354232, -0.431449, 0.971977, -0.163250, -0.169145, -0.187785, -0.106364, -0.976434, 0.141411, 0.980835, -0.134039),
      ["LeftUpperLeg"] = CFrame.new(-0.000429, -0.017312, -0.011360, 0.999142, 0.034764, 0.022504, -0.034624, 0.999379, -0.006606, -0.022719, 0.005821, 0.999725),
      ["LowerTorso"] = CFrame.new(-2.511333, 0.000007, 0.542712, 0.048470, 0.003661, -0.998818, -0.000089, 0.999993, 0.003661, 0.998825, -0.000089, 0.048470),
      ["RightUpperArm"] = CFrame.new(-0.000230, -0.000017, 0.002967, 0.996901, -0.000876, -0.078661, -0.000014, 0.999936, -0.011316, 0.078666, 0.011282, 0.996837),
      ["RightUpperLeg"] = CFrame.new(0.000362, -0.012773, -0.014065, 0.999278, -0.025720, -0.027970, 0.025546, 0.999652, -0.006574, 0.028129, 0.005854, 0.999587)
    }},
    { Time = 0.133, Data = {
      ["Balls"] = CFrame.new(-0.000003, -0.000009, -0.000003, 0.979267, 0.202575, -0.000583, -0.202576, 0.979262, -0.003151, -0.000068, 0.003204, 0.999995),
      ["Cock"] = CFrame.new(-0.000000, 0.000000, 0.000000, 0.948442, 0.316952, 0.000000, -0.316952, 0.948442, -0.000000, -0.000000, 0.000000, 1.000000),
      ["Head"] = CFrame.new(0.000001, -0.000000, 0.000002, 0.947232, -0.037374, 0.318364, 0.038432, 0.999257, 0.002959, -0.318238, 0.009432, 0.947964),
      ["LeftUpperArm"] = CFrame.new(-0.032463, -0.352198, -0.431227, 0.971251, -0.163038, -0.173465, -0.190981, -0.098631, -0.976626, 0.142119, 0.981677, -0.126933),
      ["LeftUpperLeg"] = CFrame.new(-0.000429, -0.017302, -0.011374, 0.999142, 0.034783, 0.022475, -0.034605, 0.999367, -0.008246, -0.022748, 0.007461, 0.999713),
      ["LowerTorso"] = CFrame.new(-2.512309, 0.000011, 0.542735, 0.048468, 0.004638, -0.998814, -0.000112, 0.999989, 0.004638, 0.998825, -0.000112, 0.048468),
      ["RightUpperArm"] = CFrame.new(-0.000273, -0.000023, 0.003465, 0.996901, -0.001037, -0.078660, -0.000002, 0.999913, -0.013217, 0.078666, 0.013176, 0.996814),
      ["RightUpperLeg"] = CFrame.new(0.000362, -0.012761, -0.014075, 0.999278, -0.025743, -0.027949, 0.025523, 0.999641, -0.008213, 0.028150, 0.007494, 0.999576)
    }},
    { Time = 0.150, Data = {
      ["Balls"] = CFrame.new(-0.000003, -0.000009, -0.000003, 0.978342, 0.206992, -0.000703, -0.206993, 0.978337, -0.003398, -0.000016, 0.003470, 0.999994),
      ["Cock"] = CFrame.new(0.000000, 0.000000, 0.000000, 0.946737, 0.322008, 0.000000, -0.322008, 0.946737, -0.000000, -0.000000, 0.000000, 1.000000),
      ["Head"] = CFrame.new(0.000001, -0.000000, 0.000002, 0.947229, -0.037500, 0.318356, 0.039839, 0.999206, -0.000835, -0.318072, 0.013474, 0.947971),
      ["LeftUpperArm"] = CFrame.new(-0.032414, -0.349921, -0.431000, 0.970423, -0.162854, -0.178208, -0.194474, -0.089975, -0.976772, 0.143036, 0.982539, -0.118985),
      ["LeftUpperLeg"] = CFrame.new(-0.000427, -0.017248, -0.011390, 0.999145, 0.034718, 0.022442, -0.034497, 0.999353, -0.010144, -0.022780, 0.009361, 0.999697),
      ["LowerTorso"] = CFrame.new(-2.513470, 0.000017, 0.542703, 0.048464, 0.005798, -0.998808, -0.000202, 0.999983, 0.005795, 0.998825, -0.000080, 0.048465),
      ["RightUpperArm"] = CFrame.new(-0.000313, -0.000029, 0.003918, 0.996901, -0.001192, -0.078658, 0.000016, 0.999888, -0.014946, 0.078667, 0.014898, 0.996790),
      ["RightUpperLeg"] = CFrame.new(0.000364, -0.012791, -0.014087, 0.999276, -0.025855, -0.027925, 0.025583, 0.999622, -0.010027, 0.028174, 0.009305, 0.999560)
    }},
    { Time = 0.167, Data = {
      ["Balls"] = CFrame.new(-0.000003, -0.000009, -0.000004, 0.977508, 0.210896, -0.000728, -0.210897, 0.977502, -0.003568, -0.000041, 0.003642, 0.999993),
      ["Cock"] = CFrame.new(0.000000, -0.000000, 0.000000, 0.944890, 0.327389, 0.000000, -0.327389, 0.944890, -0.000000, -0.000000, 0.000000, 1.000000),
      ["Head"] = CFrame.new(0.000001, -0.000000, 0.000002, 0.947199, -0.037709, 0.318423, 0.041161, 0.999144, -0.004117, -0.317995, 0.017006, 0.947940),
      ["LeftUpperArm"] = CFrame.new(-0.032327, -0.347470, -0.430774, 0.969528, -0.162523, -0.183307, -0.198210, -0.080656, -0.976835, 0.143973, 0.983403, -0.110412),
      ["LeftUpperLeg"] = CFrame.new(-0.000426, -0.017194, -0.011407, 0.999148, 0.034654, 0.022408, -0.034388, 0.999335, -0.012128, -0.022814, 0.011347, 0.999675),
      ["LowerTorso"] = CFrame.new(-2.514749, 0.000025, 0.542795, 0.048580, 0.007078, -0.998794, -0.000172, 0.999975, 0.007078, 0.998819, -0.000172, 0.048580),
      ["RightUpperArm"] = CFrame.new(-0.000329, -0.000035, 0.004304, 0.996901, -0.001249, -0.078657, -0.000042, 0.999865, -0.016412, 0.078667, 0.016364, 0.996767),
      ["RightUpperLeg"] = CFrame.new(0.000365, -0.012820, -0.014100, 0.999273, -0.025969, -0.027899, 0.025642, 0.999599, -0.012013, 0.028199, 0.011289, 0.999539)
    }},
    { Time = 0.183, Data = {
      ["Balls"] = CFrame.new(-0.000003, -0.000009, -0.000004, 0.976807, 0.214120, -0.000752, -0.214121, 0.976800, -0.003739, -0.000066, 0.003813, 0.999993),
      ["Cock"] = CFrame.new(0.000000, 0.000000, 0.000000, 0.942895, 0.333091, 0.000000, -0.333091, 0.942895, -0.000000, -0.000000, 0.000000, 1.000000),
      ["Head"] = CFrame.new(0.000001, -0.000000, 0.000002, 0.947202, -0.037833, 0.318398, 0.042230, 0.999084, -0.006917, -0.317844, 0.019998, 0.947932),
      ["LeftUpperArm"] = CFrame.new(-0.032220, -0.344903, -0.430558, 0.968565, -0.162117, -0.188678, -0.202146, -0.070896, -0.976786, 0.144977, 0.984222, -0.101438),
      ["LeftUpperLeg"] = CFrame.new(-0.000426, -0.017182, -0.011425, 0.999148, 0.034677, 0.022373, -0.034364, 0.999309, -0.014199, -0.022849, 0.013418, 0.999649),
      ["LowerTorso"] = CFrame.new(-2.516033, 0.000035, 0.542765, 0.048575, 0.008361, -0.998785, -0.000264, 0.999965, 0.008358, 0.998820, -0.000142, 0.048575),
      ["RightUpperArm"] = CFrame.new(-0.000364, -0.000041, 0.004620, 0.996901, -0.001383, -0.078656, -0.000003, 0.999845, -0.017623, 0.078668, 0.017568, 0.996746),
      ["RightUpperLeg"] = CFrame.new(0.000365, -0.012805, -0.014114, 0.999273, -0.025999, -0.027871, 0.025611, 0.999572, -0.014171, 0.028227, 0.013447, 0.999511)
    }},
    { Time = 0.200, Data = {
      ["Balls"] = CFrame.new(-0.000003, -0.000009, -0.000004, 0.976246, 0.216664, -0.000767, -0.216665, 0.976238, -0.003824, -0.000080, 0.003899, 0.999992),
      ["Cock"] = CFrame.new(0.000000, 0.000000, 0.000000, 0.940775, 0.339032, 0.000000, -0.339032, 0.940775, -0.000000, -0.000000, 0.000000, 1.000000),
      ["Head"] = CFrame.new(0.000001, -0.000000, 0.000002, 0.947209, -0.037982, 0.318360, 0.043102, 0.999030, -0.009050, -0.317707, 0.022294, 0.947927),
      ["LeftUpperArm"] = CFrame.new(-0.032088, -0.342187, -0.430355, 0.967531, -0.161616, -0.194330, -0.206273, -0.060569, -0.976618, 0.146066, 0.984993, -0.091940),
      ["LeftUpperLeg"] = CFrame.new(-0.000424, -0.017126, -0.011444, 0.999151, 0.034616, 0.022334, -0.034253, 0.999278, -0.016441, -0.022887, 0.015662, 0.999615),
      ["LowerTorso"] = CFrame.new(-2.517375, 0.000047, 0.542797, 0.048568, 0.009704, -0.998773, -0.000297, 0.999953, 0.009701, 0.998820, -0.000175, 0.048569),
      ["RightUpperArm"] = CFrame.new(-0.000374, -0.000045, 0.004870, 0.996901, -0.001421, -0.078655, -0.000041, 0.999828, -0.018571, 0.078668, 0.018517, 0.996729),
      ["RightUpperLeg"] = CFrame.new(0.000366, -0.012832, -0.014129, 0.999271, -0.026116, -0.027841, 0.025666, 0.999536, -0.016416, 0.028257, 0.015689, 0.999478)
    }},
    { Time = 0.217, Data = {
      ["Balls"] = CFrame.new(-0.000003, -0.000009, -0.000004, 0.975830, 0.218529, -0.000780, -0.218530, 0.975822, -0.003909, -0.000093, 0.003985, 0.999992),
      ["Cock"] = CFrame.new(0.000000, -0.000000, 0.000000, 0.938526, 0.345209, 0.000000, -0.345209, 0.938526, -0.000000, -0.000000, 0.000000, 1.000000),
      ["Head"] = CFrame.new(0.000001, -0.000000, 0.000002, 0.947194, -0.038058, 0.318393, 0.043706, 0.998988, -0.010612, -0.317667, 0.023968, 0.947899),
      ["LeftUpperArm"] = CFrame.new(-0.031948, -0.339351, -0.430174, 0.966425, -0.161081, -0.200191, -0.210538, -0.049785, -0.976317, 0.147299, 0.985685, -0.082027),
      ["LeftUpperLeg"] = CFrame.new(-0.000424, -0.017070, -0.011506, 0.999152, 0.034555, 0.022383, -0.034140, 0.999242, -0.018686, -0.023011, 0.017906, 0.999575),
      ["LowerTorso"] = CFrame.new(-2.518840, 0.000062, 0.542833, 0.048561, 0.011168, -0.998758, -0.000332, 0.999938, 0.011165, 0.998820, -0.000210, 0.048561),
      ["RightUpperArm"] = CFrame.new(-0.000404, -0.000049, 0.005073, 0.996901, -0.001537, -0.078653, 0.000015, 0.999813, -0.019351, 0.078668, 0.019290, 0.996714),
      ["RightUpperLeg"] = CFrame.new(0.000368, -0.012859, -0.014143, 0.999269, -0.026234, -0.027811, 0.025720, 0.999495, -0.018661, 0.028286, 0.017932, 0.999439)
    }},
    { Time = 0.233, Data = {
      ["Balls"] = CFrame.new(-0.000003, -0.000009, -0.000004, 0.975583, 0.219630, -0.000791, -0.219632, 0.975575, -0.003994, -0.000105, 0.004070, 0.999992),
      ["Cock"] = CFrame.new(0.000000, 0.000000, 0.000000, 0.936204, 0.351457, 0.000000, -0.351457, 0.936204, -0.000000, -0.000000, 0.000000, 1.000000),
      ["Head"] = CFrame.new(0.000001, -0.000000, 0.000002, 0.947187, -0.038075, 0.318413, 0.044030, 0.998964, -0.011521, -0.317644, 0.024932, 0.947882),
      ["LeftUpperArm"] = CFrame.new(-0.031790, -0.336491, -0.430019, 0.965266, -0.160481, -0.206173, -0.214905, -0.038911, -0.975860, 0.148584, 0.986272, -0.072047),
      ["LeftUpperLeg"] = CFrame.new(-0.000423, -0.017012, -0.011526, 0.999155, 0.034496, 0.022342, -0.034026, 0.999198, -0.021101, -0.023052, 0.020323, 0.999528),
      ["LowerTorso"] = CFrame.new(-2.520303, 0.000080, 0.542868, 0.048552, 0.012633, -0.998741, -0.000368, 0.999920, 0.012630, 0.998821, -0.000246, 0.048553),
      ["RightUpperArm"] = CFrame.new(-0.000408, -0.000051, 0.005164, 0.996901, -0.001551, -0.078653, 0.000002, 0.999806, -0.019696, 0.078668, 0.019635, 0.996707),
      ["RightUpperLeg"] = CFrame.new(0.000368, -0.012843, -0.014158, 0.999269, -0.026266, -0.027780, 0.025687, 0.999450, -0.020991, 0.028316, 0.020262, 0.999394)
    }},
    { Time = 0.250, Data = {
      ["Balls"] = CFrame.new(-0.000003, -0.000008, -0.000004, 0.975487, 0.220054, -0.000792, -0.220055, 0.975479, -0.003994, -0.000106, 0.004070, 0.999992),
      ["Cock"] = CFrame.new(0.000000, 0.000000, 0.000000, 0.933808, 0.357776, 0.000000, -0.357776, 0.933808, -0.000000, -0.000000, 0.000000, 1.000000),
      ["Head"] = CFrame.new(0.000001, -0.000000, 0.000002, 0.947184, -0.038105, 0.318420, 0.044170, 0.998954, -0.011848, -0.317635, 0.025287, 0.947876),
      ["LeftUpperArm"] = CFrame.new(-0.031595, -0.333582, -0.429888, 0.964076, -0.159741, -0.212227, -0.219304, -0.027850, -0.975259, 0.149878, 0.986766, -0.061881),
      ["LeftUpperLeg"] = CFrame.new(-0.000421, -0.016956, -0.011546, 0.999158, 0.034436, 0.022302, -0.033912, 0.999150, -0.023430, -0.023090, 0.022654, 0.999477),
      ["LowerTorso"] = CFrame.new(-2.521768, 0.000099, 0.542904, 0.048542, 0.014097, -0.998722, -0.000403, 0.999901, 0.014094, 0.998821, -0.000281, 0.048543),
      ["RightUpperArm"] = CFrame.new(-0.000410, -0.000052, 0.005209, 0.996901, -0.001558, -0.078653, -0.000005, 0.999803, -0.019868, 0.078668, 0.019807, 0.996704),
      ["RightUpperLeg"] = CFrame.new(0.000369, -0.012868, -0.014174, 0.999267, -0.026386, -0.027747, 0.025739, 0.999395, -0.023408, 0.028348, 0.022677, 0.999341)
    }},
    { Time = 0.267, Data = {
      ["Balls"] = CFrame.new(-0.000003, -0.000009, -0.000004, 0.975583, 0.219630, -0.000791, -0.219632, 0.975575, -0.003994, -0.000105, 0.004070, 0.999992),
      ["Cock"] = CFrame.new(0.000000, 0.000000, 0.000000, 0.931367, 0.364082, 0.000000, -0.364082, 0.931367, -0.000000, -0.000000, 0.000000, 1.000000),
      ["Head"] = CFrame.new(0.000001, -0.000000, 0.000002, 0.947187, -0.038075, 0.318413, 0.044030, 0.998964, -0.011521, -0.317644, 0.024932, 0.947882),
      ["LeftUpperArm"] = CFrame.new(-0.031382, -0.330661, -0.429789, 0.962885, -0.158931, -0.218160, -0.223566, -0.016743, -0.974545, 0.151233, 0.987148, -0.051653),
      ["LeftUpperLeg"] = CFrame.new(-0.000421, -0.016942, -0.011565, 0.999158, 0.034462, 0.022262, -0.033885, 0.999094, -0.025759, -0.023130, 0.024983, 0.999420),
      ["LowerTorso"] = CFrame.new(-2.523233, 0.000121, 0.542939, 0.048531, 0.015561, -0.998700, -0.000439, 0.999879, 0.015558, 0.998822, -0.000317, 0.048532),
      ["RightUpperArm"] = CFrame.new(-0.000408, -0.000051, 0.005164, 0.996901, -0.001551, -0.078653, 0.000002, 0.999806, -0.019696, 0.078668, 0.019635, 0.996707),
      ["RightUpperLeg"] = CFrame.new(0.000370, -0.012895, -0.014190, 0.999264, -0.026505, -0.027715, 0.025793, 0.999336, -0.025739, 0.028379, 0.025005, 0.999284)
    }},
    { Time = 0.283, Data = {
      ["Balls"] = CFrame.new(-0.000003, -0.000009, -0.000004, 0.975830, 0.218529, -0.000780, -0.218530, 0.975822, -0.003909, -0.000093, 0.003985, 0.999992),
      ["Cock"] = CFrame.new(0.000000, 0.000000, 0.000000, 0.928915, 0.370293, 0.000000, -0.370293, 0.928915, -0.000000, -0.000000, 0.000000, 1.000000),
      ["Head"] = CFrame.new(0.000001, -0.000000, 0.000002, 0.947194, -0.038058, 0.318393, 0.043706, 0.998988, -0.010612, -0.317667, 0.023968, 0.947899),
      ["LeftUpperArm"] = CFrame.new(-0.031173, -0.327778, -0.429722, 0.961643, -0.158137, -0.224132, -0.227886, -0.005782, -0.973671, 0.152678, 0.987400, -0.041597),
      ["LeftUpperLeg"] = CFrame.new(-0.000419, -0.016885, -0.011585, 0.999161, 0.034402, 0.022222, -0.033771, 0.999032, -0.028174, -0.023170, 0.027400, 0.999356),
      ["LowerTorso"] = CFrame.new(-2.524760, 0.000146, 0.542915, 0.048518, 0.017088, -0.998676, -0.000537, 0.999854, 0.017082, 0.998822, -0.000293, 0.048520),
      ["RightUpperArm"] = CFrame.new(-0.000404, -0.000049, 0.005073, 0.996901, -0.001537, -0.078653, 0.000015, 0.999813, -0.019351, 0.078668, 0.019290, 0.996714),
      ["RightUpperLeg"] = CFrame.new(0.000371, -0.012878, -0.014205, 0.999264, -0.026537, -0.027684, 0.025760, 0.999274, -0.028069, 0.028409, 0.027335, 0.999223)
    }},
    { Time = 0.300, Data = {
      ["Balls"] = CFrame.new(-0.000003, -0.000009, -0.000004, 0.976246, 0.216664, -0.000767, -0.216665, 0.976238, -0.003824, -0.000080, 0.003899, 0.999992),
      ["Cock"] = CFrame.new(-0.000000, 0.000000, 0.000000, 0.926453, 0.376411, 0.000000, -0.376411, 0.926453, -0.000000, -0.000000, 0.000000, 1.000000),
      ["Head"] = CFrame.new(0.000001, -0.000000, 0.000002, 0.947209, -0.037982, 0.318360, 0.043102, 0.999030, -0.009050, -0.317707, 0.022294, 0.947927),
      ["LeftUpperArm"] = CFrame.new(-0.030943, -0.324985, -0.429684, 0.960426, -0.157260, -0.229893, -0.232038, 0.004838, -0.972695, 0.154078, 0.987545, -0.031844),
      ["LeftUpperLeg"] = CFrame.new(-0.000418, -0.016829, -0.011604, 0.999164, 0.034341, 0.022185, -0.033659, 0.998970, -0.030416, -0.023206, 0.029644, 0.999291),
      ["LowerTorso"] = CFrame.new(-2.526162, 0.000171, 0.543010, 0.048506, 0.018490, -0.998652, -0.000510, 0.999829, 0.018487, 0.998823, -0.000388, 0.048507),
      ["RightUpperArm"] = CFrame.new(-0.000374, -0.000045, 0.004870, 0.996901, -0.001421, -0.078655, -0.000041, 0.999828, -0.018571, 0.078668, 0.018517, 0.996729),
      ["RightUpperLeg"] = CFrame.new(0.000372, -0.012905, -0.014221, 0.999262, -0.026655, -0.027652, 0.025813, 0.999204, -0.030399, 0.028440, 0.029663, 0.999155)
    }},
    { Time = 0.317, Data = {
      ["Balls"] = CFrame.new(-0.000003, -0.000009, -0.000004, 0.976807, 0.214120, -0.000752, -0.214121, 0.976800, -0.003739, -0.000066, 0.003813, 0.999993),
      ["Cock"] = CFrame.new(0.000000, 0.000000, 0.000000, 0.924050, 0.382272, 0.000000, -0.382272, 0.924050, -0.000000, -0.000000, 0.000000, 1.000000),
      ["Head"] = CFrame.new(0.000001, -0.000000, 0.000002, 0.947202, -0.037833, 0.318398, 0.042230, 0.999084, -0.006917, -0.317844, 0.019998, 0.947932),
      ["LeftUpperArm"] = CFrame.new(-0.030688, -0.322252, -0.429671, 0.959237, -0.156291, -0.235453, -0.236014, 0.015231, -0.971630, 0.155443, 0.987594, -0.022277),
      ["LeftUpperLeg"] = CFrame.new(-0.000417, -0.016773, -0.011622, 0.999167, 0.034280, 0.022147, -0.033547, 0.998903, -0.032659, -0.023243, 0.031888, 0.999221),
      ["LowerTorso"] = CFrame.new(-2.527565, 0.000198, 0.542983, 0.048492, 0.019895, -0.998625, -0.000605, 0.999802, 0.019889, 0.998823, -0.000361, 0.048495),
      ["RightUpperArm"] = CFrame.new(-0.000364, -0.000041, 0.004620, 0.996901, -0.001383, -0.078656, -0.000003, 0.999845, -0.017623, 0.078668, 0.017568, 0.996746),
      ["RightUpperLeg"] = CFrame.new(0.000373, -0.012931, -0.014236, 0.999260, -0.026773, -0.027621, 0.025867, 0.999132, -0.032644, 0.028471, 0.031905, 0.999085)
    }},
    { Time = 0.333, Data = {
      ["Balls"] = CFrame.new(-0.000003, -0.000009, -0.000004, 0.977508, 0.210896, -0.000728, -0.210897, 0.977502, -0.003568, -0.000041, 0.003642, 0.999993),
      ["Cock"] = CFrame.new(0.000000, 0.000000, 0.000000, 0.921745, 0.387797, 0.000000, -0.387797, 0.921745, -0.000000, -0.000000, 0.000000, 1.000000),
      ["Head"] = CFrame.new(0.000001, -0.000000, 0.000002, 0.947199, -0.037709, 0.318423, 0.041161, 0.999144, -0.004117, -0.317995, 0.017006, 0.947940),
      ["LeftUpperArm"] = CFrame.new(-0.030455, -0.319686, -0.429687, 0.958058, -0.155407, -0.240777, -0.239848, 0.024987, -0.970489, 0.156837, 0.987535, -0.013335),
      ["LeftUpperLeg"] = CFrame.new(-0.000415, -0.016718, -0.011638, 0.999170, 0.034216, 0.022113, -0.033436, 0.998837, -0.034728, -0.023276, 0.033960, 0.999152),
      ["LowerTorso"] = CFrame.new(-2.528846, 0.000224, 0.543075, 0.048479, 0.021175, -0.998600, -0.000575, 0.999776, 0.021172, 0.998824, -0.000453, 0.048481),
      ["RightUpperArm"] = CFrame.new(-0.000329, -0.000036, 0.004304, 0.996901, -0.001249, -0.078657, -0.000042, 0.999865, -0.016412, 0.078667, 0.016364, 0.996767),
      ["RightUpperLeg"] = CFrame.new(0.000374, -0.012917, -0.014249, 0.999260, -0.026801, -0.027593, 0.025838, 0.999063, -0.034714, 0.028498, 0.033975, 0.999016)
    }},
    { Time = 0.350, Data = {
      ["Balls"] = CFrame.new(-0.000003, -0.000009, -0.000003, 0.978342, 0.206992, -0.000703, -0.206993, 0.978337, -0.003398, -0.000016, 0.003470, 0.999994),
      ["Cock"] = CFrame.new(0.000000, 0.000000, 0.000000, 0.919509, 0.393068, 0.000000, -0.393068, 0.919509, -0.000000, -0.000000, 0.000000, 1.000000),
      ["Head"] = CFrame.new(0.000001, -0.000000, 0.000002, 0.947229, -0.037500, 0.318356, 0.039839, 0.999206, -0.000835, -0.318072, 0.013474, 0.947971),
      ["LeftUpperArm"] = CFrame.new(-0.030209, -0.317237, -0.429722, 0.956942, -0.154470, -0.245764, -0.243406, 0.034297, -0.969318, 0.158160, 0.987402, -0.004779),
      ["LeftUpperLeg"] = CFrame.new(-0.000415, -0.016706, -0.011655, 0.999170, 0.034238, 0.022079, -0.033413, 0.998767, -0.036712, -0.023309, 0.035944, 0.999082),
      ["LowerTorso"] = CFrame.new(-2.530129, 0.000252, 0.543044, 0.048465, 0.022457, -0.998572, -0.000667, 0.999748, 0.022451, 0.998825, -0.000422, 0.048468),
      ["RightUpperArm"] = CFrame.new(-0.000313, -0.000029, 0.003918, 0.996901, -0.001192, -0.078658, 0.000016, 0.999888, -0.014946, 0.078667, 0.014898, 0.996790),
      ["RightUpperLeg"] = CFrame.new(0.000375, -0.012946, -0.014263, 0.999258, -0.026915, -0.027565, 0.025896, 0.998991, -0.036699, 0.028525, 0.035958, 0.998946)
    }},
    { Time = 0.367, Data = {
      ["Balls"] = CFrame.new(-0.000003, -0.000009, -0.000003, 0.979267, 0.202575, -0.000583, -0.202576, 0.979262, -0.003151, -0.000068, 0.003204, 0.999995),
      ["Cock"] = CFrame.new(0.000000, 0.000000, 0.000000, 0.917418, 0.397925, 0.000000, -0.397925, 0.917418, -0.000000, -0.000000, 0.000000, 1.000000),
      ["Head"] = CFrame.new(0.000001, -0.000000, 0.000002, 0.947232, -0.037374, 0.318364, 0.038432, 0.999257, 0.002959, -0.318238, 0.009432, 0.947964),
      ["LeftUpperArm"] = CFrame.new(-0.029978, -0.314987, -0.429773, 0.955900, -0.153590, -0.250332, -0.246656, 0.042853, -0.968155, 0.159427, 0.987205, 0.003080),
      ["LeftUpperLeg"] = CFrame.new(-0.000414, -0.016652, -0.011670, 0.999173, 0.034173, 0.022048, -0.033305, 0.998699, -0.038609, -0.023339, 0.037843, 0.999011),
      ["LowerTorso"] = CFrame.new(-2.531226, 0.000278, 0.543072, 0.048571, 0.023555, -0.998542, -0.000694, 0.999722, 0.023549, 0.998819, -0.000450, 0.048574),
      ["RightUpperArm"] = CFrame.new(-0.000273, -0.000023, 0.003465, 0.996901, -0.001037, -0.078660, -0.000002, 0.999913, -0.013217, 0.078666, 0.013176, 0.996814),
      ["RightUpperLeg"] = CFrame.new(0.000377, -0.012974, -0.014319, 0.999253, -0.027029, -0.027624, 0.025953, 0.998918, -0.038599, 0.028637, 0.037854, 0.998873)
    }},
    { Time = 0.383, Data = {
      ["Balls"] = CFrame.new(-0.000003, -0.000008, -0.000003, 0.980308, 0.197474, -0.000549, -0.197475, 0.980304, -0.002895, -0.000034, 0.002946, 0.999996),
      ["Cock"] = CFrame.new(0.000000, 0.000000, 0.000000, 0.915513, 0.402289, 0.000000, -0.402289, 0.915513, -0.000000, -0.000000, 0.000000, 1.000000),
      ["Head"] = CFrame.new(0.000001, -0.000000, 0.000002, 0.947243, -0.037062, 0.318366, 0.036700, 0.999301, 0.007138, -0.318408, 0.004923, 0.947941),
      ["LeftUpperArm"] = CFrame.new(-0.029763, -0.312932, -0.429837, 0.954934, -0.152775, -0.254482, -0.249598, 0.050668, -0.967023, 0.160631, 0.986961, 0.010252),
      ["LeftUpperLeg"] = CFrame.new(-0.000412, -0.016599, -0.011683, 0.999176, 0.034105, 0.022022, -0.033199, 0.998638, -0.040247, -0.023365, 0.039482, 0.998947),
      ["LowerTorso"] = CFrame.new(-2.532264, 0.000303, 0.543036, 0.048558, 0.024594, -0.998518, -0.000781, 0.999697, 0.024585, 0.998820, -0.000414, 0.048562),
      ["RightUpperArm"] = CFrame.new(-0.000230, -0.000017, 0.002967, 0.996901, -0.000876, -0.078661, -0.000014, 0.999936, -0.011316, 0.078666, 0.011282, 0.996837),
      ["RightUpperLeg"] = CFrame.new(0.000377, -0.012962, -0.014330, 0.999253, -0.027052, -0.027602, 0.025929, 0.998854, -0.040238, 0.028659, 0.039493, 0.998809)
    }},
    { Time = 0.400, Data = {
      ["Balls"] = CFrame.new(-0.000003, -0.000008, -0.000003, 0.981406, 0.191944, -0.000516, -0.191945, 0.981402, -0.002639, -0.000000, 0.002688, 0.999996),
      ["Cock"] = CFrame.new(0.000000, 0.000000, 0.000000, 0.913801, 0.406163, 0.000000, -0.406163, 0.913801, -0.000000, -0.000000, 0.000000, 1.000000),
      ["Head"] = CFrame.new(0.000001, -0.000000, 0.000002, 0.947253, -0.036834, 0.318362, 0.034884, 0.999321, 0.011827, -0.318582, -0.000098, 0.947895),
      ["LeftUpperArm"] = CFrame.new(-0.029556, -0.311102, -0.429906, 0.954043, -0.151986, -0.258267, -0.252304, 0.057627, -0.965931, 0.161691, 0.986701, 0.016632),
      ["LeftUpperLeg"] = CFrame.new(-0.000412, -0.016590, -0.011695, 0.999176, 0.034121, 0.021997, -0.033182, 0.998578, -0.041713, -0.023389, 0.040949, 0.998887),
      ["LowerTorso"] = CFrame.new(-2.533180, 0.000326, 0.543119, 0.048547, 0.025508, -0.998495, -0.000742, 0.999674, 0.025502, 0.998821, -0.000498, 0.048550),
      ["RightUpperArm"] = CFrame.new(-0.000185, -0.000011, 0.002401, 0.996901, -0.000705, -0.078662, -0.000015, 0.999958, -0.009157, 0.078665, 0.009129, 0.996859),
      ["RightUpperLeg"] = CFrame.new(0.000379, -0.012995, -0.014340, 0.999251, -0.027158, -0.027580, 0.025995, 0.998792, -0.041706, 0.028679, 0.040958, 0.998749)
    }},
    { Time = 0.417, Data = {
      ["Balls"] = CFrame.new(-0.000003, -0.000008, -0.000003, 0.982569, 0.185899, -0.000483, -0.185899, 0.982566, -0.002382, 0.000032, 0.002431, 0.999997),
      ["Cock"] = CFrame.new(0.000000, -0.000000, 0.000000, 0.912289, 0.409547, 0.000000, -0.409547, 0.912289, -0.000000, -0.000000, 0.000000, 1.000000),
      ["Head"] = CFrame.new(0.000002, -0.000000, 0.000002, 0.947238, -0.036591, 0.318437, 0.032911, 0.999315, 0.016930, -0.318838, -0.005556, 0.947793),
      ["LeftUpperArm"] = CFrame.new(-0.029362, -0.309522, -0.429973, 0.953295, -0.151251, -0.261443, -0.254547, 0.063635, -0.964964, 0.162589, 0.986445, 0.022163),
      ["LeftUpperLeg"] = CFrame.new(-0.000411, -0.016540, -0.011705, 0.999179, 0.034049, 0.021977, -0.033081, 0.998527, -0.043006, -0.023409, 0.042243, 0.998833),
      ["LowerTorso"] = CFrame.new(-2.534033, 0.000348, 0.543140, 0.048536, 0.026362, -0.998474, -0.000762, 0.999652, 0.026356, 0.998821, -0.000518, 0.048539),
      ["RightUpperArm"] = CFrame.new(-0.000140, -0.000006, 0.001812, 0.996901, -0.000531, -0.078663, -0.000013, 0.999976, -0.006911, 0.078665, 0.006890, 0.996877),
      ["RightUpperLeg"] = CFrame.new(0.000379, -0.012986, -0.014349, 0.999251, -0.027176, -0.027562, 0.025976, 0.998737, -0.042999, 0.028696, 0.042251, 0.998695)
    }},
    { Time = 0.433, Data = {
      ["Balls"] = CFrame.new(-0.000003, -0.000008, -0.000003, 0.983757, 0.179507, -0.000359, -0.179507, 0.983755, -0.002048, -0.000015, 0.002079, 0.999998),
      ["Cock"] = CFrame.new(0.000000, 0.000000, 0.000000, 0.911019, 0.412365, 0.000000, -0.412365, 0.911019, -0.000000, -0.000000, 0.000000, 1.000000),
      ["Head"] = CFrame.new(0.000002, -0.000000, 0.000002, 0.947252, -0.036305, 0.318428, 0.030812, 0.999277, 0.022272, -0.319006, -0.011286, 0.947685),
      ["LeftUpperArm"] = CFrame.new(-0.029221, -0.308219, -0.430039, 0.952641, -0.150712, -0.264123, -0.256455, 0.068587, -0.964120, 0.163420, 0.986196, 0.026688),
      ["LeftUpperLeg"] = CFrame.new(-0.000411, -0.016533, -0.011714, 0.999179, 0.034061, 0.021958, -0.033068, 0.998479, -0.044127, -0.023427, 0.043365, 0.998785),
      ["LowerTorso"] = CFrame.new(-2.534706, 0.000366, 0.543095, 0.048526, 0.027034, -0.998456, -0.000839, 0.999634, 0.027025, 0.998822, -0.000473, 0.048531),
      ["RightUpperArm"] = CFrame.new(-0.000092, -0.000003, 0.001178, 0.996901, -0.000349, -0.078664, -0.000004, 0.999990, -0.004492, 0.078665, 0.004478, 0.996891),
      ["RightUpperLeg"] = CFrame.new(0.000379, -0.012978, -0.014356, 0.999251, -0.027192, -0.027547, 0.025960, 0.998689, -0.044121, 0.028711, 0.043372, 0.998646)
    }},
    { Time = 0.450, Data = {
      ["Balls"] = CFrame.new(-0.000003, -0.000008, -0.000003, 0.984948, 0.172853, -0.000322, -0.172853, 0.984946, -0.001705, 0.000022, 0.001735, 0.999999),
      ["Cock"] = CFrame.new(0.000000, 0.000000, 0.000000, 0.909996, 0.414616, 0.000000, -0.414616, 0.909996, -0.000000, -0.000000, 0.000000, 1.000000),
      ["Head"] = CFrame.new(0.000002, -0.000000, 0.000002, 0.947264, -0.036060, 0.318418, 0.028669, 0.999200, 0.027869, -0.319169, -0.017271, 0.947540),
      ["LeftUpperArm"] = CFrame.new(-0.029097, -0.307161, -0.430096, 0.952137, -0.150240, -0.266199, -0.257902, 0.072610, -0.963439, 0.164076, 0.985980, 0.030388),
      ["LeftUpperLeg"] = CFrame.new(-0.000411, -0.016528, -0.011722, 0.999179, 0.034071, 0.021943, -0.033057, 0.998440, -0.044989, -0.023442, 0.044227, 0.998746),
      ["LowerTorso"] = CFrame.new(-2.535194, 0.000379, 0.543107, 0.048519, 0.027522, -0.998443, -0.000851, 0.999621, 0.027513, 0.998822, -0.000485, 0.048524),
      ["RightUpperArm"] = CFrame.new(-0.000043, -0.000001, 0.000521, 0.996901, -0.000164, -0.078665, 0.000008, 0.999998, -0.001987, 0.078665, 0.001980, 0.996899),
      ["RightUpperLeg"] = CFrame.new(0.000379, -0.012971, -0.014362, 0.999251, -0.027204, -0.027535, 0.025948, 0.998651, -0.044983, 0.028722, 0.044235, 0.998608)
    }},
    { Time = 0.467, Data = {
      ["Balls"] = CFrame.new(-0.000003, -0.000008, -0.000002, 0.986151, 0.165851, -0.000287, -0.165852, 0.986150, -0.001362, 0.000057, 0.001391, 0.999999),
      ["Cock"] = CFrame.new(0.000000, 0.000000, 0.000000, 0.909299, 0.416143, 0.000000, -0.416143, 0.909299, -0.000000, -0.000000, 0.000000, 1.000000),
      ["Head"] = CFrame.new(0.000002, -0.000000, 0.000002, 0.947281, -0.035688, 0.318411, 0.026314, 0.999086, 0.033694, -0.319323, -0.023539, 0.947354),
      ["LeftUpperArm"] = CFrame.new(-0.028984, -0.306409, -0.430135, 0.951780, -0.149812, -0.267714, -0.258971, 0.075471, -0.962932, 0.164463, 0.985830, 0.033035),
      ["LeftUpperLeg"] = CFrame.new(-0.000411, -0.016524, -0.011726, 0.999179, 0.034077, 0.021933, -0.033050, 0.998413, -0.045593, -0.023452, 0.044831, 0.998719),
      ["LowerTorso"] = CFrame.new(-2.535619, 0.000391, 0.543178, 0.048514, 0.027948, -0.998431, -0.000800, 0.999609, 0.027942, 0.998822, -0.000556, 0.048518),
      ["RightUpperArm"] = CFrame.new(0.000007, -0.000000, -0.000181, 0.996901, 0.000027, -0.078665, 0.000027, 1.000000, 0.000690, 0.078665, -0.000690, 0.996901),
      ["RightUpperLeg"] = CFrame.new(0.000380, -0.013010, -0.014367, 0.999248, -0.027298, -0.027525, 0.026025, 0.998621, -0.045588, 0.028732, 0.044837, 0.998581)
    }},
    { Time = 0.483, Data = {
      ["Balls"] = CFrame.new(-0.000003, -0.000007, -0.000002, 0.987317, 0.158758, -0.000169, -0.158758, 0.987317, -0.001026, 0.000004, 0.001039, 0.999999),
      ["Cock"] = CFrame.new(0.000000, 0.000000, 0.000000, 0.908857, 0.417107, 0.000000, -0.417107, 0.908857, -0.000000, -0.000000, 0.000000, 1.000000),
      ["Head"] = CFrame.new(0.000003, -0.000000, 0.000002, 0.947293, -0.035415, 0.318406, 0.024029, 0.998926, 0.039616, -0.319467, -0.029877, 0.947126),
      ["LeftUpperArm"] = CFrame.new(-0.028932, -0.305957, -0.430162, 0.951559, -0.149614, -0.268611, -0.259599, 0.077188, -0.962627, 0.164756, 0.985727, 0.034610),
      ["LeftUpperLeg"] = CFrame.new(-0.000409, -0.016479, -0.011728, 0.999181, 0.033995, 0.021929, -0.032960, 0.998400, -0.045937, -0.023455, 0.045177, 0.998704),
      ["LowerTorso"] = CFrame.new(-2.535803, 0.000396, 0.543121, 0.048511, 0.028132, -0.998426, -0.000866, 0.999604, 0.028123, 0.998822, -0.000500, 0.048516),
      ["RightUpperArm"] = CFrame.new(0.000080, -0.000001, -0.000883, 0.996901, 0.000305, -0.078664, -0.000040, 0.999994, 0.003371, 0.078665, -0.003357, 0.996895),
      ["RightUpperLeg"] = CFrame.new(0.000380, -0.013007, -0.014369, 0.999248, -0.027303, -0.027521, 0.026020, 0.998606, -0.045933, 0.028736, 0.045182, 0.998565)
    }},
    { Time = 0.500, Data = {
      ["Balls"] = CFrame.new(-0.000002, -0.000007, -0.000002, 0.988446, 0.151573, -0.000139, -0.151573, 0.988446, -0.000682, 0.000034, 0.000695, 1.000000),
      ["Cock"] = CFrame.new(0.000000, 0.000000, 0.000000, 0.908710, 0.417428, 0.000000, -0.417428, 0.908710, -0.000000, -0.000000, 0.000000, 1.000000),
      ["Head"] = CFrame.new(0.000003, -0.000000, 0.000002, 0.947277, -0.035072, 0.318489, 0.021643, 0.998725, 0.045610, -0.319683, -0.036312, 0.946828),
