return {
  ["Astros look them in the eye"] = {
    { Time = 0.000, Data = {
      ["Head"] = CFrame.new(0.000000, 0.000000, 0.000000, 1.000000, -0.000000, 0.000000, 0.000000, 0.977654, 0.210218, -0.000000, -0.210218, 0.977654),
      ["LeftUpperArm"] = CFrame.new(0.062221, -0.713705, 0.006409, 0.719358, 0.136755, 0.681045, 0.109067, -0.990505, 0.083693, 0.686024, 0.014075, -0.727443),
      ["LeftUpperLeg"] = CFrame.new(0.061147, 0.653264, -0.201737, 0.990907, 0.132741, -0.021991, -0.134550, 0.977560, -0.162087, -0.000018, 0.163572, 0.986531),
      ["LowerTorso"] = CFrame.new(-0.007342, -0.766978, -2.062442, -0.999996, 0.002510, -0.001302, -0.000003, 0.459460, 0.888198, 0.002828, 0.888195, -0.459458),
      ["RightUpperArm"] = CFrame.new(-0.114636, -0.412986, -0.551480, 0.938835, -0.052547, -0.340334, -0.311764, 0.290049, -0.904806, 0.146259, 0.955568, 0.255926),
      ["RightUpperLeg"] = CFrame.new(0.024274, 0.024777, -0.625118, 0.996383, -0.084973, 0.000002, 0.080768, 0.947081, 0.310667, -0.026401, -0.309543, 0.950519),
      ["рҹҢ§пёҸрҹҳірҹ‘»рҹҸіпёҸвҖҚрҹҢҲрҹҳӮрҹ’һрҹҸҙвҖҚвҳ пёҸрҹҺёрҹҢ§пёҸрҹҳірҹ‘»рҹҸіпёҸвҖҚрҹҢҲрҹҳӮрҹ’һрҹҸҙвҖҚвҳ"] = CFrame.new(0.095700, -0.130948, 0.012716, 0.166618, 0.986022, 0.000000, -0.986022, 0.166618, -0.000000, -0.000000, 0.000000, 1.000000)
    }},
    { Time = 0.017, Data = {
      ["Head"] = CFrame.new(0.000000, -0.000000, 0.000000, 1.000000, -0.000000, 0.000000, 0.000000, 0.977636, 0.210303, -0.000000, -0.210303, 0.977636),
      ["LeftUpperArm"] = CFrame.new(0.062200, -0.713708, 0.006400, 0.719370, 0.136676, 0.681049, 0.108988, -0.990516, 0.083661, 0.686024, 0.014043, -0.727443),
      ["LeftUpperLeg"] = CFrame.new(0.061149, 0.653281, -0.201733, 0.990907, 0.132741, -0.021991, -0.134550, 0.977560, -0.162087, -0.000018, 0.163572, 0.986531),
      ["LowerTorso"] = CFrame.new(-0.007342, -0.767059, -2.062414, -0.999996, 0.002510, -0.001302, -0.000003, 0.459460, 0.888198, 0.002828, 0.888195, -0.459458),
      ["RightUpperArm"] = CFrame.new(-0.114634, -0.412978, -0.551355, 0.938862, -0.052514, -0.340266, -0.311723, 0.289948, -0.904853, 0.146176, 0.955601, 0.255851),
      ["RightUpperLeg"] = CFrame.new(0.024274, 0.024810, -0.625131, 0.996383, -0.084973, 0.000002, 0.080768, 0.947081, 0.310667, -0.026401, -0.309543, 0.950519),
      ["рҹҢ§пёҸрҹҳірҹ‘»рҹҸіпёҸвҖҚрҹҢҲрҹҳӮрҹ’һрҹҸҙвҖҚвҳ пёҸрҹҺёрҹҢ§пёҸрҹҳірҹ‘»рҹҸіпёҸвҖҚрҹҢҲрҹҳӮрҹ’һрҹҸҙвҖҚвҳ"] = CFrame.new(0.095700, -0.130948, 0.012716, 0.166507, 0.986040, 0.000010, -0.986040, 0.166507, -0.000122, -0.000122, 0.000010, 1.000000)
    }},
    { Time = 0.033, Data = {
      ["Head"] = CFrame.new(0.000000, -0.000000, 0.000000, 1.000000, -0.000000, 0.000000, 0.000000, 0.977581, 0.210558, -0.000000, -0.210558, 0.977581),
      ["LeftUpperArm"] = CFrame.new(0.062145, -0.713716, 0.006356, 0.719340, 0.136468, 0.681121, 0.108713, -0.990548, 0.083651, 0.686099, 0.013873, -0.727377),
      ["LeftUpperLeg"] = CFrame.new(0.061156, 0.653331, -0.201726, 0.990907, 0.132740, -0.021997, -0.134550, 0.977546, -0.162172, -0.000023, 0.163657, 0.986517),
      ["LowerTorso"] = CFrame.new(-0.007343, -0.767120, -2.062425, -0.999996, 0.002510, -0.001302, -0.000003, 0.459281, 0.888291, 0.002828, 0.888288, -0.459279),
      ["RightUpperArm"] = CFrame.new(-0.114663, -0.412926, -0.550993, 0.938862, -0.052551, -0.340260, -0.311739, 0.289744, -0.904913, 0.146142, 0.955661, 0.255647),
      ["RightUpperLeg"] = CFrame.new(0.024275, 0.024910, -0.625175, 0.996383, -0.084973, 0.000010, 0.080770, 0.947135, 0.310501, -0.026394, -0.309377, 0.950573),
      ["рҹҢ§пёҸрҹҳірҹ‘»рҹҸіпёҸвҖҚрҹҢҲрҹҳӮрҹ’һрҹҸҙвҖҚвҳ пёҸрҹҺёрҹҢ§пёҸрҹҳірҹ‘»рҹҸіпёҸвҖҚрҹҢҲрҹҳӮрҹ’һрҹҸҙвҖҚвҳ"] = CFrame.new(0.095700, -0.130948, 0.012716, 0.166061, 0.986115, 0.000041, -0.986115, 0.166061, -0.000487, -0.000487, 0.000041, 1.000000)
    }},
    { Time = 0.050, Data = {
      ["Head"] = CFrame.new(0.000000, 0.000000, 0.000000, 1.000000, -0.000000, 0.000000, 0.000000, 0.977490, 0.210982, -0.000000, -0.210982, 0.977490),
      ["LeftUpperArm"] = CFrame.new(0.062078, -0.713727, 0.006282, 0.719322, 0.136212, 0.681192, 0.108327, -0.990587, 0.083689, 0.686179, 0.013592, -0.727306),
      ["LeftUpperLeg"] = CFrame.new(0.061167, 0.653415, -0.201712, 0.990907, 0.132739, -0.022003, -0.134550, 0.977532, -0.162257, -0.000029, 0.163742, 0.986503),
      ["LowerTorso"] = CFrame.new(-0.007343, -0.767162, -2.062474, -0.999996, 0.002511, -0.001301, -0.000004, 0.458922, 0.888477, 0.002828, 0.888473, -0.458920),
      ["RightUpperArm"] = CFrame.new(-0.114714, -0.412858, -0.550384, 0.938862, -0.052625, -0.340248, -0.311771, 0.289336, -0.905032, 0.146074, 0.955780, 0.255240),
      ["RightUpperLeg"] = CFrame.new(0.024275, 0.025074, -0.625247, 0.996383, -0.084973, 0.000021, 0.080774, 0.947217, 0.310252, -0.026383, -0.309128, 0.950654),
      ["рҹҢ§пёҸрҹҳірҹ‘»рҹҸіпёҸвҖҚрҹҢҲрҹҳӮрҹ’һрҹҸҙвҖҚвҳ пёҸрҹҺёрҹҢ§пёҸрҹҳірҹ‘»рҹҸіпёҸвҖҚрҹҢҲрҹҳӮрҹ’һрҹҸҙвҖҚвҳ"] = CFrame.new(0.095700, -0.130948, 0.012716, 0.165503, 0.986209, 0.000157, -0.986209, 0.165503, -0.001151, -0.001161, 0.000035, 0.999999)
    }},
    { Time = 0.067, Data = {
      ["Head"] = CFrame.new(0.000000, 0.000000, 0.000000, 1.000000, -0.000000, 0.000000, 0.000000, 0.977380, 0.211491, -0.000000, -0.211491, 0.977380),
      ["LeftUpperArm"] = CFrame.new(0.061948, -0.713746, 0.006184, 0.719274, 0.135717, 0.681341, 0.107698, -0.990659, 0.083637, 0.686328, 0.013221, -0.727172),
      ["LeftUpperLeg"] = CFrame.new(0.061183, 0.653532, -0.201695, 0.990907, 0.132737, -0.022014, -0.134550, 0.977504, -0.162428, -0.000041, 0.163913, 0.986475),
      ["LowerTorso"] = CFrame.new(-0.007343, -0.767363, -2.062469, -0.999996, 0.002511, -0.001301, -0.000004, 0.458562, 0.888662, 0.002828, 0.888659, -0.458560),
      ["RightUpperArm"] = CFrame.new(-0.114756, -0.412778, -0.549529, 0.938874, -0.052618, -0.340215, -0.311836, 0.288710, -0.905210, 0.145854, 0.955970, 0.254655),
      ["RightUpperLeg"] = CFrame.new(0.024280, 0.025263, -0.625338, 0.996376, -0.085058, 0.000018, 0.080862, 0.947291, 0.310003, -0.026386, -0.308878, 0.950736),
      ["рҹҢ§пёҸрҹҳірҹ‘»рҹҸіпёҸвҖҚрҹҢҲрҹҳӮрҹ’һрҹҸҙвҖҚвҳ пёҸрҹҺёрҹҢ§пёҸрҹҳірҹ‘»рҹҸіпёҸвҖҚрҹҢҲрҹҳӮрҹ’һрҹҸҙвҖҚвҳ"] = CFrame.new(0.095700, -0.130948, 0.012716, 0.164721, 0.986340, 0.000172, -0.986338, 0.164721, -0.002068, -0.002068, 0.000172, 0.999998)
    }},
    { Time = 0.083, Data = {
      ["Head"] = CFrame.new(0.000000, -0.000000, 0.000000, 1.000000, -0.000000, 0.000000, 0.000000, 0.977214, 0.212255, -0.000000, -0.212255, 0.977214),
      ["LeftUpperArm"] = CFrame.new(0.061813, -0.713766, 0.006037, 0.719174, 0.135205, 0.681549, 0.106921, -0.990737, 0.083718, 0.686555, 0.012664, -0.726968),
      ["LeftUpperLeg"] = CFrame.new(0.061203, 0.653678, -0.201628, 0.990906, 0.132728, -0.022112, -0.134557, 0.977475, -0.162592, 0.000033, 0.164089, 0.986446),
      ["LowerTorso"] = CFrame.new(-0.007343, -0.767541, -2.062503, -0.999996, 0.002511, -0.001300, -0.000005, 0.458023, 0.888940, 0.002828, 0.888937, -0.458021),
      ["RightUpperArm"] = CFrame.new(-0.114834, -0.412653, -0.548442, 0.938901, -0.052696, -0.340130, -0.311843, 0.287996, -0.905435, 0.145669, 0.956181, 0.253967),
      ["RightUpperLeg"] = CFrame.new(0.024285, 0.025522, -0.625416, 0.996368, -0.085157, 0.000109, 0.080940, 0.947419, 0.309592, -0.026467, -0.308458, 0.950870),
      ["рҹҢ§пёҸрҹҳірҹ‘»рҹҸіпёҸвҖҚрҹҢҲрҹҳӮрҹ’һрҹҸҙвҖҚвҳ пёҸрҹҺёрҹҢ§пёҸрҹҳірҹ‘»рҹҸіпёҸвҖҚрҹҢҲрҹҳӮрҹ’һрҹҸҙвҖҚвҳ"] = CFrame.new(0.095700, -0.130948, 0.012716, 0.163604, 0.986526, 0.000326, -0.986521, 0.163604, -0.003219, -0.003229, 0.000205, 0.999995)
    }},
    { Time = 0.100, Data = {
      ["Head"] = CFrame.new(0.000000, -0.000000, 0.000000, 1.000000, -0.000000, 0.000000, 0.000000, 0.977030, 0.213103, -0.000000, -0.213103, 0.977030),
      ["LeftUpperArm"] = CFrame.new(0.061658, -0.713789, 0.005882, 0.719084, 0.134614, 0.681761, 0.106065, -0.990825, 0.083767, 0.686782, 0.012075, -0.726764),
      ["LeftUpperLeg"] = CFrame.new(0.061228, 0.653861, -0.201600, 0.990906, 0.132725, -0.022129, -0.134557, 0.977433, -0.162848, 0.000016, 0.164345, 0.986403),
      ["LowerTorso"] = CFrame.new(-0.007344, -0.767784, -2.062531, -0.999996, 0.002512, -0.001299, -0.000006, 0.457394, 0.889264, 0.002828, 0.889261, -0.457392),
      ["RightUpperArm"] = CFrame.new(-0.114929, -0.412517, -0.547114, 0.938887, -0.052796, -0.340153, -0.311982, 0.287064, -0.905683, 0.145462, 0.956455, 0.253049),
      ["RightUpperLeg"] = CFrame.new(0.024289, 0.025838, -0.625566, 0.996360, -0.085242, 0.000117, 0.081032, 0.947573, 0.309093, -0.026459, -0.307959, 0.951032),
      ["рҹҢ§пёҸрҹҳірҹ‘»рҹҸіпёҸвҖҚрҹҢҲрҹҳӮрҹ’һрҹҸҙвҖҚвҳ пёҸрҹҺёрҹҢ§пёҸрҹҳірҹ‘»рҹҸіпёҸвҖҚрҹҢҲрҹҳӮрҹ’һрҹҸҙвҖҚвҳ"] = CFrame.new(0.095700, -0.130948, 0.012716, 0.162373, 0.986729, 0.000378, -0.986719, 0.162373, -0.004624, -0.004624, 0.000378, 0.999989)
    }},
    { Time = 0.117, Data = {
      ["Head"] = CFrame.new(0.000000, -0.000000, 0.000000, 1.000000, -0.000000, 0.000000, 0.000000, 0.976789, 0.214206, -0.000000, -0.214206, 0.976789),
      ["LeftUpperArm"] = CFrame.new(0.061440, -0.713821, 0.005703, 0.719026, 0.133784, 0.681985, 0.104970, -0.990945, 0.083721, 0.687010, 0.011391, -0.726559),
      ["LeftUpperLeg"] = CFrame.new(0.061257, 0.654076, -0.201566, 0.990906, 0.132722, -0.022146, -0.134557, 0.977390, -0.163104, -0.000002, 0.164600, 0.986360),
      ["LowerTorso"] = CFrame.new(-0.007344, -0.767999, -2.062598, -0.999996, 0.002512, -0.001298, -0.000008, 0.456584, 0.889680, 0.002828, 0.889677, -0.456583),
      ["RightUpperArm"] = CFrame.new(-0.115032, -0.412338, -0.545560, 0.938940, -0.052878, -0.339994, -0.311962, 0.286042, -0.906013, 0.145161, 0.956757, 0.252081),
      ["RightUpperLeg"] = CFrame.new(0.024295, 0.026224, -0.625699, 0.996352, -0.085340, 0.000215, 0.081111, 0.947755, 0.308516, -0.026533, -0.307373, 0.951219),
      ["рҹҢ§пёҸрҹҳірҹ‘»рҹҸіпёҸвҖҚрҹҢҲрҹҳӮрҹ’һрҹҸҙвҖҚвҳ пёҸрҹҺёрҹҢ§пёҸрҹҳірҹ‘»рҹҸіпёҸвҖҚрҹҢҲрҹҳӮрҹ’һрҹҸҙвҖҚвҳ"] = CFrame.new(0.095700, -0.130948, 0.012716, 0.160803, 0.986986, 0.000512, -0.986966, 0.160803, -0.006327, -0.006327, 0.000512, 0.999980)
    }},
    { Time = 0.133, Data = {
      ["Head"] = CFrame.new(0.000000, 0.000000, 0.000000, 1.000000, -0.000000, 0.000000, 0.000000, 0.976527, 0.215393, -0.000000, -0.215393, 0.976527),
      ["LeftUpperArm"] = CFrame.new(0.061217, -0.713853, 0.005474, 0.718915, 0.132937, 0.682267, 0.103727, -0.991069, 0.083807, 0.687315, 0.010520, -0.726284),
      ["LeftUpperLeg"] = CFrame.new(0.061290, 0.654322, -0.201525, 0.990906, 0.132719, -0.022164, -0.134557, 0.977347, -0.163359, -0.000019, 0.164856, 0.986318),
      ["LowerTorso"] = CFrame.new(-0.007345, -0.768366, -2.062613, -0.999996, 0.002513, -0.001297, -0.000009, 0.455774, 0.890095, 0.002828, 0.890092, -0.455772),
      ["RightUpperArm"] = CFrame.new(-0.115147, -0.412124, -0.543779, 0.938952, -0.052963, -0.339946, -0.312067, 0.284904, -0.906336, 0.144854, 0.957092, 0.250983),
      ["RightUpperLeg"] = CFrame.new(0.024300, 0.026665, -0.625901, 0.996345, -0.085425, 0.000232, 0.081206, 0.947963, 0.307851, -0.026518, -0.306707, 0.951435),
      ["рҹҢ§пёҸрҹҳірҹ‘»рҹҸіпёҸвҖҚрҹҢҲрҹҳӮрҹ’һрҹҸҙвҖҚвҳ пёҸрҹҺёрҹҢ§пёҸрҹҳірҹ‘»рҹҸіпёҸвҖҚрҹҢҲрҹҳӮрҹ’һрҹҸҙвҖҚвҳ"] = CFrame.new(0.095700, -0.130948, 0.012716, 0.159118, 0.987259, 0.000653, -0.987226, 0.159118, -0.008153, -0.008153, 0.000653, 0.999967)
    }},
    { Time = 0.150, Data = {
      ["Head"] = CFrame.new(0.000000, 0.000000, 0.000000, 1.000000, -0.000000, 0.000000, 0.000000, 0.976227, 0.216750, -0.000000, -0.216750, 0.976227),
      ["LeftUpperArm"] = CFrame.new(0.060952, -0.713892, 0.005229, 0.718761, 0.131931, 0.682625, 0.102321, -0.991212, 0.083834, 0.687687, 0.009590, -0.725944),
      ["LeftUpperLeg"] = CFrame.new(0.061334, 0.654641, -0.201478, 0.990917, 0.132630, -0.022180, -0.134471, 0.977302, -0.163701, -0.000036, 0.165197, 0.986261),
      ["LowerTorso"] = CFrame.new(-0.007346, -0.768697, -2.062670, -0.999996, 0.002514, -0.001295, -0.000010, 0.454783, 0.890602, 0.002828, 0.890599, -0.454781),
      ["RightUpperArm"] = CFrame.new(-0.115284, -0.411900, -0.541774, 0.938965, -0.053086, -0.339893, -0.312187, 0.283560, -0.906715, 0.144514, 0.957484, 0.249680),
      ["RightUpperLeg"] = CFrame.new(0.024310, 0.027130, -0.626081, 0.996329, -0.085609, 0.000324, 0.081373, 0.948190, 0.307107, -0.026598, -0.305953, 0.951675),
      ["рҹҢ§пёҸрҹҳірҹ‘»рҹҸіпёҸвҖҚрҹҢҲрҹҳӮрҹ’һрҹҸҙвҖҚвҳ пёҸрҹҺёрҹҢ§пёҸрҹҳірҹ‘»рҹҸіпёҸвҖҚрҹҢҲрҹҳӮрҹ’һрҹҸҙвҖҚвҳ"] = CFrame.new(0.095700, -0.130948, 0.012716, 0.157204, 0.987566, 0.000818, -0.987512, 0.157204, -0.010344, -0.010344, 0.000818, 0.999946)
    }},
    { Time = 0.167, Data = {
      ["Head"] = CFrame.new(0.000000, -0.000000, 0.000000, 1.000000, -0.000000, 0.000000, 0.000000, 0.975906, 0.218191, -0.000000, -0.218191, 0.975906),
      ["LeftUpperArm"] = CFrame.new(0.060667, -0.713932, 0.004976, 0.718615, 0.130846, 0.682987, 0.100835, -0.991365, 0.083829, 0.688059, 0.008629, -0.725604),
      ["LeftUpperLeg"] = CFrame.new(0.061375, 0.654944, -0.201389, 0.990916, 0.132618, -0.022294, -0.134479, 0.977231, -0.164122, 0.000021, 0.165629, 0.986188),
      ["LowerTorso"] = CFrame.new(-0.007347, -0.769080, -2.062723, -0.999996, 0.002514, -0.001294, -0.000012, 0.453701, 0.891154, 0.002828, 0.891151, -0.453699),
      ["RightUpperArm"] = CFrame.new(-0.115446, -0.411664, -0.539548, 0.939018, -0.053261, -0.339719, -0.312207, 0.282024, -0.907188, 0.144126, 0.957928, 0.248197),
      ["RightUpperLeg"] = CFrame.new(0.024319, 0.027649, -0.626327, 0.996314, -0.085779, 0.000331, 0.081553, 0.948416, 0.306359, -0.026593, -0.305203, 0.951916),
      ["рҹҢ§пёҸрҹҳірҹ‘»рҹҸіпёҸвҖҚрҹҢҲрҹҳӮрҹ’һрҹҸҙвҖҚвҳ пёҸрҹҺёрҹҢ§пёҸрҹҳірҹ‘»рҹҸіпёҸвҖҚрҹҢҲрҹҳӮрҹ’һрҹҸҙвҖҚвҳ"] = CFrame.new(0.095700, -0.130948, 0.012716, 0.155060, 0.987905, 0.000931, -0.987823, 0.155059, -0.012723, -0.012713, 0.001053, 0.999919)
    }},
    { Time = 0.183, Data = {
      ["Head"] = CFrame.new(0.000000, 0.000000, 0.000000, 1.000000, -0.000000, 0.000000, 0.000000, 0.975526, 0.219885, -0.000000, -0.219885, 0.975526),
      ["LeftUpperArm"] = CFrame.new(0.060356, -0.713975, 0.004666, 0.718425, 0.129664, 0.683413, 0.099122, -0.991530, 0.083924, 0.688506, 0.007448, -0.725192),
      ["LeftUpperLeg"] = CFrame.new(0.061421, 0.655280, -0.201336, 0.990916, 0.132613, -0.022323, -0.134479, 0.977159, -0.164548, -0.000008, 0.166055, 0.986116),
      ["LowerTorso"] = CFrame.new(-0.007347, -0.769512, -2.062773, -0.999996, 0.002515, -0.001292, -0.000014, 0.452527, 0.891751, 0.002828, 0.891747, -0.452525),
      ["RightUpperArm"] = CFrame.new(-0.115620, -0.411398, -0.537113, 0.939030, -0.053440, -0.339656, -0.312351, 0.280369, -0.907651, 0.143734, 0.958403, 0.246583),
      ["RightUpperLeg"] = CFrame.new(0.024329, 0.028231, -0.626557, 0.996298, -0.085962, 0.000430, 0.081723, 0.948695, 0.305448, -0.026665, -0.304283, 0.952209),
      ["рҹҢ§пёҸрҹҳірҹ‘»рҹҸіпёҸвҖҚрҹҢҲрҹҳӮрҹ’һрҹҸҙвҖҚвҳ пёҸрҹҺёрҹҢ§пёҸрҹҳірҹ‘»рҹҸіпёҸвҖҚрҹҢҲрҹҳӮрҹ’һрҹҸҙвҖҚвҳ"] = CFrame.new(0.095700, -0.130948, 0.012716, 0.152683, 0.988275, 0.001112, -0.988157, 0.152683, -0.015280, -0.015271, 0.001234, 0.999883)
    }},
    { Time = 0.200, Data = {
      ["Head"] = CFrame.new(0.000000, 0.000000, 0.000000, 1.000000, -0.000000, 0.000000, 0.000000, 0.975123, 0.221665, -0.000000, -0.221665, 0.975123),
      ["LeftUpperArm"] = CFrame.new(0.060004, -0.714024, 0.004338, 0.718253, 0.128324, 0.683846, 0.097249, -0.991713, 0.083954, 0.688952, 0.006203, -0.724780),
      ["LeftUpperLeg"] = CFrame.new(0.061470, 0.655644, -0.201278, 0.990916, 0.132608, -0.022352, -0.134479, 0.977087, -0.164974, -0.000037, 0.166481, 0.986045),
      ["LowerTorso"] = CFrame.new(-0.007348, -0.769986, -2.062823, -0.999996, 0.002516, -0.001290, -0.000016, 0.451262, 0.892392, 0.002828, 0.892388, -0.451260),
      ["RightUpperArm"] = CFrame.new(-0.115796, -0.411101, -0.534477, 0.939069, -0.053585, -0.339526, -0.312452, 0.278610, -0.908158, 0.143259, 0.958908, 0.244891),
      ["RightUpperLeg"] = CFrame.new(0.024339, 0.028868, -0.626812, 0.996282, -0.086145, 0.000534, 0.081893, 0.949000, 0.304455, -0.026734, -0.303279, 0.952527),
      ["рҹҢ§пёҸрҹҳірҹ‘»рҹҸіпёҸвҖҚрҹҢҲрҹҳӮрҹ’һрҹҸҙвҖҚвҳ пёҸрҹҺёрҹҢ§пёҸрҹҳірҹ‘»рҹҸіпёҸвҖҚрҹҢҲрҹҳӮрҹ’һрҹҸҙвҖҚвҳ"] = CFrame.new(0.095700, -0.130948, 0.012716, 0.150074, 0.988674, 0.001303, -0.988510, 0.150073, -0.018081, -0.018072, 0.001425, 0.999836)
    }},
    { Time = 0.217, Data = {
      ["Head"] = CFrame.new(0.000000, 0.000000, 0.000000, 1.000000, -0.000000, 0.000000, 0.000000, 0.974698, 0.223528, -0.000000, -0.223528, 0.974698),
      ["LeftUpperArm"] = CFrame.new(0.059631, -0.714074, 0.004002, 0.718088, 0.126905, 0.684284, 0.095296, -0.991903, 0.083951, 0.689397, 0.004925, -0.724367),
      ["LeftUpperLeg"] = CFrame.new(0.061523, 0.656031, -0.201174, 0.990916, 0.132595, -0.022472, -0.134486, 0.977001, -0.165479, 0.000014, 0.166998, 0.985957),
      ["LowerTorso"] = CFrame.new(-0.007349, -0.770500, -2.062872, -0.999996, 0.002517, -0.001288, -0.000018, 0.449905, 0.893077, 0.002828, 0.893073, -0.449903),
      ["RightUpperArm"] = CFrame.new(-0.115987, -0.410774, -0.531647, 0.939108, -0.053749, -0.339393, -0.312560, 0.276746, -0.908690, 0.142766, 0.959439, 0.243095),
      ["RightUpperLeg"] = CFrame.new(0.024349, 0.029559, -0.627088, 0.996267, -0.086328, 0.000638, 0.082064, 0.949304, 0.303460, -0.026803, -0.302275, 0.952844),
      ["рҹҢ§пёҸрҹҳірҹ‘»рҹҸіпёҸвҖҚрҹҢҲрҹҳӮрҹ’һрҹҸҙвҖҚвҳ пёҸрҹҺёрҹҢ§пёҸрҹҳірҹ‘»рҹҸіпёҸвҖҚрҹҢҲрҹҳӮрҹ’һрҹҸҙвҖҚвҳ"] = CFrame.new(0.095700, -0.130948, 0.012716, 0.147341, 0.989085, 0.001504, -0.988860, 0.147339, -0.021126, -0.021117, 0.001626, 0.999776)
    }},
    { Time = 0.233, Data = {
      ["Head"] = CFrame.new(0.000000, -0.000000, 0.000000, 1.000000, -0.000000, 0.000000, 0.000000, 0.974229, 0.225560, -0.000000, -0.225560, 0.974229),
      ["LeftUpperArm"] = CFrame.new(0.059245, -0.714124, 0.003638, 0.717866, 0.125438, 0.684787, 0.093227, -0.992095, 0.084000, 0.689911, 0.003540, -0.723886),
      ["LeftUpperLeg"] = CFrame.new(0.061579, 0.656449, -0.201108, 0.990916, 0.132589, -0.022507, -0.134486, 0.976914, -0.165991, -0.000022, 0.167510, 0.985870),
      ["LowerTorso"] = CFrame.new(-0.007350, -0.770954, -2.062967, -0.999996, 0.002518, -0.001286, -0.000021, 0.448364, 0.893851, 0.002828, 0.893847, -0.448363),
      ["RightUpperArm"] = CFrame.new(-0.116197, -0.410448, -0.528623, 0.939147, -0.053950, -0.339253, -0.312684, 0.274673, -0.909276, 0.142239, 0.960023, 0.241089),
      ["RightUpperLeg"] = CFrame.new(0.024359, 0.030294, -0.627431, 0.996252, -0.086498, 0.000664, 0.082251, 0.949659, 0.302296, -0.026779, -0.301108, 0.953214),
      ["рҹҢ§пёҸрҹҳірҹ‘»рҹҸіпёҸвҖҚрҹҢҲрҹҳӮрҹ’һрҹҸҙвҖҚвҳ пёҸрҹҺёрҹҢ§пёҸрҹҳірҹ‘»рҹҸіпёҸвҖҚрҹҢҲрҹҳӮрҹ’һрҹҸҙвҖҚвҳ"] = CFrame.new(0.095700, -0.130948, 0.012716, 0.144370, 0.989522, 0.001711, -0.989223, 0.144369, -0.024415, -0.024406, 0.001832, 0.999700)
    }},
    { Time = 0.250, Data = {
      ["Head"] = CFrame.new(0.000000, 0.000000, 0.000000, 1.000000, -0.000000, 0.000000, 0.000000, 0.973737, 0.227675, -0.000000, -0.227675, 0.973737),
      ["LeftUpperArm"] = CFrame.new(0.058826, -0.714178, 0.003235, 0.717660, 0.123845, 0.685293, 0.090967, -0.992300, 0.084064, 0.690427, 0.002010, -0.723399),
      ["LeftUpperLeg"] = CFrame.new(0.061639, 0.656888, -0.200997, 0.990915, 0.132575, -0.022633, -0.134493, 0.976812, -0.166581, 0.000023, 0.168112, 0.985768),
      ["LowerTorso"] = CFrame.new(-0.007351, -0.771527, -2.063020, -0.999996, 0.002519, -0.001284, -0.000023, 0.446822, 0.894623, 0.002828, 0.894619, -0.446820),
      ["RightUpperArm"] = CFrame.new(-0.116408, -0.410097, -0.525419, 0.939212, -0.054117, -0.339046, -0.312765, 0.272495, -0.909904, 0.141629, 0.960634, 0.239005),
      ["RightUpperLeg"] = CFrame.new(0.024370, 0.031085, -0.627752, 0.996236, -0.086681, 0.000776, 0.082424, 0.950013, 0.301135, -0.026840, -0.299937, 0.953581),
      ["рҹҢ§пёҸрҹҳірҹ‘»рҹҸіпёҸвҖҚрҹҢҲрҹҳӮрҹ’һрҹҸҙвҖҚвҳ пёҸрҹҺёрҹҢ§пёҸрҹҳірҹ‘»рҹҸіпёҸвҖҚрҹҢҲрҹҳӮрҹ’һрҹҸҙвҖҚвҳ"] = CFrame.new(0.095700, -0.130948, 0.012716, 0.141274, 0.989969, 0.001915, -0.989580, 0.141272, -0.027826, -0.027818, 0.002036, 0.999611)
    }},
    { Time = 0.267, Data = {
      ["Head"] = CFrame.new(0.000000, -0.000000, 0.000000, 1.000000, -0.000000, 0.000000, 0.000000, 0.973200, 0.229959, -0.000000, -0.229959, 0.973200),
      ["LeftUpperArm"] = CFrame.new(0.058386, -0.714234, 0.002826, 0.717395, 0.122172, 0.685871, 0.088622, -0.992509, 0.084098, 0.691007, 0.000452, -0.722848),
      ["LeftUpperLeg"] = CFrame.new(0.061702, 0.657354, -0.200922, 0.990915, 0.132569, -0.022667, -0.134493, 0.976725, -0.167093, -0.000012, 0.168623, 0.985681),
      ["LowerTorso"] = CFrame.new(-0.007353, -0.772119, -2.063077, -0.999996, 0.002520, -0.001282, -0.000026, 0.445186, 0.895438, 0.002828, 0.895434, -0.445185),
      ["RightUpperArm"] = CFrame.new(-0.116630, -0.409729, -0.522045, 0.939237, -0.054288, -0.338951, -0.312970, 0.270195, -0.910519, 0.141014, 0.961274, 0.236786),
      ["RightUpperLeg"] = CFrame.new(0.024384, 0.031880, -0.628087, 0.996212, -0.086948, 0.000879, 0.082684, 0.950384, 0.299890, -0.026910, -0.298682, 0.953973),
      ["рҹҢ§пёҸрҹҳірҹ‘»рҹҸіпёҸвҖҚрҹҢҲрҹҳӮрҹ’һрҹҸҙвҖҚвҳ пёҸрҹҺёрҹҢ§пёҸрҹҳірҹ‘»рҹҸіпёҸвҖҚрҹҢҲрҹҳӮрҹ’һрҹҸҙвҖҚвҳ"] = CFrame.new(0.095700, -0.130948, 0.012716, 0.138051, 0.990423, 0.002058, -0.989927, 0.138048, -0.031425, -0.031408, 0.002301, 0.999504)
    }},
    { Time = 0.283, Data = {
      ["Head"] = CFrame.new(0.000000, 0.000000, 0.000000, 1.000000, -0.000000, 0.000000, 0.000000, 0.972638, 0.232327, -0.000000, -0.232327, 0.972638),
      ["LeftUpperArm"] = CFrame.new(0.057925, -0.714290, 0.002407, 0.717134, 0.120421, 0.686453, 0.086197, -0.992722, 0.084098, 0.691584, -0.001140, -0.722295),
      ["LeftUpperLeg"] = CFrame.new(0.061768, 0.657839, -0.200804, 0.990914, 0.132554, -0.022799, -0.134500, 0.976608, -0.167768, 0.000027, 0.169310, 0.985563),
      ["LowerTorso"] = CFrame.new(-0.007354, -0.772727, -2.063139, -0.999996, 0.002522, -0.001279, -0.000028, 0.443457, 0.896296, 0.002827, 0.896292, -0.443455),
      ["RightUpperArm"] = CFrame.new(-0.116868, -0.409338, -0.518511, 0.939302, -0.054493, -0.338737, -0.313064, 0.267803, -0.911193, 0.140368, 0.961931, 0.234488),
      ["RightUpperLeg"] = CFrame.new(0.024399, 0.032720, -0.628442, 0.996189, -0.087216, 0.000986, 0.082945, 0.950779, 0.298562, -0.026977, -0.297342, 0.954390),
      ["рҹҢ§пёҸрҹҳірҹ‘»рҹҸіпёҸвҖҚрҹҢҲрҹҳӮрҹ’һрҹҸҙвҖҚвҳ пёҸрҹҺёрҹҢ§пёҸрҹҳірҹ‘»рҹҸіпёҸвҖҚрҹҢҲрҹҳӮрҹ’һрҹҸҙвҖҚвҳ"] = CFrame.new(0.095700, -0.130948, 0.012716, 0.134585, 0.990899, 0.002258, -0.990277, 0.134581, -0.035203, -0.035186, 0.002502, 0.999378)
    }},
    { Time = 0.300, Data = {
      ["Head"] = CFrame.new(0.000000, -0.000000, 0.000000, 1.000000, -0.000000, 0.000000, 0.000000, 0.972029, 0.234863, -0.000000, -0.234863, 0.972029),
      ["LeftUpperArm"] = CFrame.new(0.057431, -0.714348, 0.001952, 0.716823, 0.118543, 0.687105, 0.083576, -0.992945, 0.084117, 0.692228, -0.002871, -0.721673),
      ["LeftUpperLeg"] = CFrame.new(0.061837, 0.658349, -0.200723, 0.990914, 0.132547, -0.022839, -0.134500, 0.976506, -0.168365, -0.000013, 0.169907, 0.985460),
      ["LowerTorso"] = CFrame.new(-0.007355, -0.773341, -2.063210, -0.999996, 0.002523, -0.001277, -0.000031, 0.441634, 0.897195, 0.002827, 0.897192, -0.441632),
      ["RightUpperArm"] = CFrame.new(-0.117134, -0.408931, -0.514827, 0.939340, -0.054769, -0.338586, -0.313216, 0.265303, -0.911872, 0.139770, 0.962608, 0.232055),
      ["RightUpperLeg"] = CFrame.new(0.024414, 0.033601, -0.628813, 0.996165, -0.087484, 0.001093, 0.083206, 0.951172, 0.297233, -0.027043, -0.296003, 0.954804),
      ["рҹҢ§пёҸрҹҳірҹ‘»рҹҸіпёҸвҖҚрҹҢҲрҹҳӮрҹ’һрҹҸҙвҖҚвҳ пёҸрҹҺёрҹҢ§пёҸрҹҳірҹ‘»рҹҸіпёҸвҖҚрҹҢҲрҹҳӮрҹ’һрҹҸҙвҖҚвҳ"] = CFrame.new(0.095700, -0.130948, 0.012716, 0.130990, 0.991381, 0.002451, -0.990613, 0.130985, -0.039103, -0.039087, 0.002694, 0.999232)
    }},
    { Time = 0.317, Data = {
      ["Head"] = CFrame.new(0.000000, 0.000000, 0.000000, 1.000000, -0.000000, 0.000000, 0.000000, 0.971413, 0.237397, -0.000000, -0.237397, 0.971413),
      ["LeftUpperArm"] = CFrame.new(0.056946, -0.714404, 0.001474, 0.716569, 0.116698, 0.687685, 0.080927, -0.993156, 0.084209, 0.692806, -0.004690, -0.721109),
      ["LeftUpperLeg"] = CFrame.new(0.061909, 0.658875, -0.200597, 0.990913, 0.132532, -0.022971, -0.134508, 0.976388, -0.169040, 0.000026, 0.170594, 0.985341),
      ["LowerTorso"] = CFrame.new(-0.007356, -0.774046, -2.063246, -0.999996, 0.002524, -0.001274, -0.000034, 0.439808, 0.898092, 0.002827, 0.898088, -0.439807),
      ["RightUpperArm"] = CFrame.new(-0.117380, -0.408515, -0.510998, 0.939391, -0.054944, -0.338416, -0.313390, 0.262681, -0.912571, 0.139036, 0.963317, 0.229541),
      ["RightUpperLeg"] = CFrame.new(0.024425, 0.034564, -0.629209, 0.996149, -0.087666, 0.001217, 0.083383, 0.951597, 0.295821, -0.027092, -0.294580, 0.955243),
      ["рҹҢ§пёҸрҹҳірҹ‘»рҹҸіпёҸвҖҚрҹҢҲрҹҳӮрҹ’һрҹҸҙвҖҚвҳ пёҸрҹҺёрҹҢ§пёҸрҹҳірҹ‘»рҹҸіпёҸвҖҚрҹҢҲрҹҳӮрҹ’һрҹҸҙвҖҚвҳ"] = CFrame.new(0.095700, -0.130948, 0.012716, 0.127260, 0.991866, 0.002642, -0.990927, 0.127254, -0.043247, -0.043231, 0.002886, 0.999061)
    }},
    { Time = 0.333, Data = {
      ["Head"] = CFrame.new(0.000000, 0.000000, 0.000000, 1.000000, -0.000000, 0.000000, 0.000000, 0.970769, 0.240015, -0.000000, -0.240015, 0.970769),
      ["LeftUpperArm"] = CFrame.new(0.056440, -0.714461, 0.000988, 0.716254, 0.114774, 0.688337, 0.078193, -0.993371, 0.084271, 0.693446, -0.006537, -0.720480),
      ["LeftUpperLeg"] = CFrame.new(0.061983, 0.659423, -0.200511, 0.990913, 0.132524, -0.023017, -0.134508, 0.976270, -0.169722, -0.000021, 0.171275, 0.985223),
      ["LowerTorso"] = CFrame.new(-0.007358, -0.774746, -2.063293, -0.999996, 0.002526, -0.001271, -0.000037, 0.437888, 0.899030, 0.002827, 0.899026, -0.437886),
      ["RightUpperArm"] = CFrame.new(-0.117651, -0.408058, -0.507046, 0.939456, -0.055186, -0.338197, -0.313497, 0.260068, -0.913282, 0.138355, 0.964012, 0.227022),
      ["RightUpperLeg"] = CFrame.new(0.024441, 0.035526, -0.629570, 0.996124, -0.087946, 0.001414, 0.083633, 0.952012, 0.294412, -0.027239, -0.293152, 0.955678),
      ["рҹҢ§пёҸрҹҳірҹ‘»рҹҸіпёҸвҖҚрҹҢҲрҹҳӮрҹ’һрҹҸҙвҖҚвҳ пёҸрҹҺёрҹҢ§пёҸрҹҳірҹ‘»рҹҸіпёҸвҖҚрҹҢҲрҹҳӮрҹ’һрҹҸҙвҖҚвҳ"] = CFrame.new(0.095700, -0.130948, 0.012716, 0.123285, 0.992368, 0.002755, -0.991237, 0.123276, -0.047456, -0.047434, 0.003120, 0.998870)
    }},
    { Time = 0.350, Data = {
      ["Head"] = CFrame.new(0.000000, -0.000000, 0.000000, 1.000000, -0.000000, 0.000000, 0.000000, 0.970076, 0.242800, -0.000000, -0.242800, 0.970076),
      ["LeftUpperArm"] = CFrame.new(0.055893, -0.714520, 0.000486, 0.715884, 0.112692, 0.689065, 0.075295, -0.993594, 0.084270, 0.694147, -0.008445, -0.719784),
      ["LeftUpperLeg"] = CFrame.new(0.062059, 0.659984, -0.200378, 0.990912, 0.132508, -0.023149, -0.134515, 0.976151, -0.170397, 0.000018, 0.171962, 0.985104),
      ["LowerTorso"] = CFrame.new(-0.007359, -0.775430, -2.063352, -0.999996, 0.002527, -0.001269, -0.000040, 0.435873, 0.900008, 0.002827, 0.900005, -0.435871),
      ["RightUpperArm"] = CFrame.new(-0.117920, -0.407626, -0.502965, 0.939507, -0.055399, -0.338021, -0.313685, 0.257228, -0.914022, 0.137584, 0.964762, 0.224289),
      ["RightUpperLeg"] = CFrame.new(0.024460, 0.036472, -0.629985, 0.996093, -0.088298, 0.001522, 0.083983, 0.952469, 0.292832, -0.027306, -0.291560, 0.956163),
      ["рҹҢ§пёҸрҹҳірҹ‘»рҹҸіпёҸвҖҚрҹҢҲрҹҳӮрҹ’һрҹҸҙвҖҚвҳ пёҸрҹҺёрҹҢ§пёҸрҹҳірҹ‘»рҹҸіпёҸвҖҚрҹҢҲрҹҳӮрҹ’һрҹҸҙвҖҚвҳ"] = CFrame.new(0.095700, -0.130948, 0.012716, 0.119286, 0.992856, 0.002922, -0.991507, 0.119277, -0.051845, -0.051823, 0.003287, 0.998651)
    }},
    { Time = 0.367, Data = {
      ["Head"] = CFrame.new(0.000000, -0.000000, 0.000000, 1.000000, -0.000000, 0.000000, 0.000000, 0.969376, 0.245583, -0.000000, -0.245583, 0.969376),
      ["LeftUpperArm"] = CFrame.new(0.055354, -0.714576, -0.000039, 0.715572, 0.110644, 0.689721, 0.072369, -0.993806, 0.084343, 0.694780, -0.010440, -0.719147),
      ["LeftUpperLeg"] = CFrame.new(0.062138, 0.660564, -0.200289, 0.990912, 0.132499, -0.023201, -0.134515, 0.976017, -0.171163, -0.000035, 0.172729, 0.984969),
      ["LowerTorso"] = CFrame.new(-0.007361, -0.776092, -2.063429, -0.999996, 0.002529, -0.001266, -0.000044, 0.433762, 0.901028, 0.002827, 0.901024, -0.433760),
      ["RightUpperArm"] = CFrame.new(-0.118213, -0.407160, -0.498782, 0.939571, -0.055678, -0.337795, -0.313804, 0.254396, -0.914773, 0.136867, 0.965496, 0.221552),
      ["RightUpperLeg"] = CFrame.new(0.024475, 0.037491, -0.630417, 0.996069, -0.088565, 0.001638, 0.084248, 0.952904, 0.291335, -0.027363, -0.290052, 0.956620),
      ["рҹҢ§пёҸрҹҳірҹ‘»рҹҸіпёҸвҖҚрҹҢҲрҹҳӮрҹ’һрҹҸҙвҖҚвҳ пёҸрҹҺёрҹҢ§пёҸрҹҳірҹ‘»рҹҸіпёҸвҖҚрҹҢҲрҹҳӮрҹ’һрҹҸҙвҖҚвҳ"] = CFrame.new(0.095700, -0.130948, 0.012716, 0.115266, 0.993330, 0.003078, -0.991736, 0.115256, -0.056355, -0.056334, 0.003443, 0.998406)
    }},
    { Time = 0.383, Data = {
      ["Head"] = CFrame.new(0.000000, -0.000000, 0.000000, 1.000000, -0.000000, 0.000000, 0.000000, 0.968645, 0.248449, -0.000000, -0.248449, 0.968645),
      ["LeftUpperArm"] = CFrame.new(0.054795, -0.714631, -0.000571, 0.715195, 0.108517, 0.690449, 0.069358, -0.994017, 0.084385, 0.695475, -0.012464, -0.718442),
      ["LeftUpperLeg"] = CFrame.new(0.062218, 0.661155, -0.200153, 0.990911, 0.132482, -0.023338, -0.134522, 0.975882, -0.171924, -0.000001, 0.173501, 0.984834),
      ["LowerTorso"] = CFrame.new(-0.007362, -0.776815, -2.063478, -0.999996, 0.002530, -0.001263, -0.000047, 0.431647, 0.902043, 0.002827, 0.902039, -0.431645),
      ["RightUpperArm"] = CFrame.new(-0.118499, -0.406698, -0.494498, 0.939622, -0.055910, -0.337617, -0.313997, 0.251441, -0.915524, 0.136078, 0.966256, 0.218704),
      ["RightUpperLeg"] = CFrame.new(0.024491, 0.038537, -0.630862, 0.996045, -0.088831, 0.001759, 0.084513, 0.953363, 0.289754, -0.027416, -0.288459, 0.957100),
      ["рҹҢ§пёҸрҹҳірҹ‘»рҹҸіпёҸвҖҚрҹҢҲрҹҳӮрҹ’һрҹҸҙвҖҚвҳ пёҸрҹҺёрҹҢ§пёҸрҹҳірҹ‘»рҹҸіпёҸвҖҚрҹҢҲрҹҳӮрҹ’һрҹҸҙвҖҚвҳ"] = CFrame.new(0.095700, -0.130948, 0.012716, 0.110997, 0.993816, 0.003151, -0.991953, 0.110982, -0.060930, -0.060902, 0.003638, 0.998137)
    }},
    { Time = 0.400, Data = {
      ["Head"] = CFrame.new(0.000000, 0.000000, 0.000000, 1.000000, -0.000000, 0.000000, 0.000000, 0.967884, 0.251398, -0.000000, -0.251398, 0.967884),
      ["LeftUpperArm"] = CFrame.new(0.054236, -0.714685, -0.001104, 0.714810, 0.106392, 0.691178, 0.066347, -0.994219, 0.084424, 0.696164, -0.014490, -0.717737),
      ["LeftUpperLeg"] = CFrame.new(0.062300, 0.661757, -0.200013, 0.990910, 0.132467, -0.023470, -0.134530, 0.975762, -0.172599, 0.000038, 0.174188, 0.984712),
      ["LowerTorso"] = CFrame.new(-0.007364, -0.777593, -2.063504, -0.999996, 0.002532, -0.001260, -0.000050, 0.429528, 0.903053, 0.002827, 0.903050, -0.429526),
      ["RightUpperArm"] = CFrame.new(-0.118806, -0.406208, -0.490136, 0.939686, -0.056208, -0.337387, -0.314121, 0.248494, -0.916285, 0.135342, 0.967001, 0.215850),
      ["RightUpperLeg"] = CFrame.new(0.024506, 0.039606, -0.631318, 0.996021, -0.089098, 0.001884, 0.084780, 0.953844, 0.288088, -0.027465, -0.286782, 0.957602),
      ["рҹҢ§пёҸрҹҳірҹ‘»рҹҸіпёҸвҖҚрҹҢҲрҹҳӮрҹ’һрҹҸҙвҖҚвҳ пёҸрҹҺёрҹҢ§пёҸрҹҳірҹ‘»рҹҸіпёҸвҖҚрҹҢҲрҹҳӮрҹ’һрҹҸҙвҖҚвҳ"] = CFrame.new(0.095700, -0.130948, 0.012716, 0.106701, 0.994286, 0.003273, -0.992121, 0.106685, -0.065683, -0.065657, 0.003761, 0.997835)
    }},
    { Time = 0.417, Data = {
      ["Head"] = CFrame.new(0.000000, 0.000000, 0.000000, 1.000000, -0.000000, 0.000000, 0.000000, 0.967113, 0.254345, -0.000000, -0.254345, 0.967113),
      ["LeftUpperArm"] = CFrame.new(0.053656, -0.714738, -0.001646, 0.714425, 0.104189, 0.691912, 0.063255, -0.994420, 0.084427, 0.696847, -0.016550, -0.717029),
      ["LeftUpperLeg"] = CFrame.new(0.062383, 0.662373, -0.199918, 0.990910, 0.132457, -0.023528, -0.134530, 0.975611, -0.173450, -0.000021, 0.175039, 0.984562),
      ["LowerTorso"] = CFrame.new(-0.007365, -0.778323, -2.063552, -0.999996, 0.002533, -0.001257, -0.000054, 0.427313, 0.904104, 0.002827, 0.904100, -0.427311),
      ["RightUpperArm"] = CFrame.new(-0.119105, -0.405730, -0.485695, 0.939736, -0.056459, -0.337206, -0.314318, 0.245421, -0.917045, 0.134533, 0.967771, 0.212885),
      ["RightUpperLeg"] = CFrame.new(0.024527, 0.040659, -0.631734, 0.995988, -0.089462, 0.002083, 0.085119, 0.954314, 0.286426, -0.027612, -0.285100, 0.958100),
      ["рҹҢ§пёҸрҹҳірҹ‘»рҹҸіпёҸвҖҚрҹҢҲрҹҳӮрҹ’һрҹҸҙвҖҚвҳ пёҸрҹҺёрҹҢ§пёҸрҹҳірҹ‘»рҹҸіпёҸвҖҚрҹҢҲрҹҳӮрҹ’һрҹҸҙвҖҚвҳ"] = CFrame.new(0.095700, -0.130948, 0.012716, 0.102383, 0.994739, 0.003375, -0.992250, 0.102365, -0.070437, -0.070412, 0.003863, 0.997511)
    }},
    { Time = 0.433, Data = {
      ["Head"] = CFrame.new(0.000000, 0.000000, 0.000000, 1.000000, -0.000000, 0.000000, 0.000000, 0.966312, 0.257375, -0.000000, -0.257375, 0.966312),
      ["LeftUpperArm"] = CFrame.new(0.053065, -0.714789, -0.002218, 0.714038, 0.101939, 0.692646, 0.060051, -0.994614, 0.084476, 0.697527, -0.018725, -0.716314),
      ["LeftUpperLeg"] = CFrame.new(0.062468, 0.662994, -0.199777, 0.990909, 0.132440, -0.023665, -0.134537, 0.975474, -0.174211, 0.000013, 0.175811, 0.984424),
      ["LowerTorso"] = CFrame.new(-0.007367, -0.779091, -2.063582, -0.999996, 0.002535, -0.001253, -0.000057, 0.425094, 0.905149, 0.002827, 0.905146, -0.425092),
      ["RightUpperArm"] = CFrame.new(-0.119425, -0.405231, -0.481200, 0.939801, -0.056777, -0.336973, -0.314448, 0.242357, -0.917816, 0.133778, 0.968525, 0.209914),
      ["RightUpperLeg"] = CFrame.new(0.024543, 0.041766, -0.632206, 0.995964, -0.089728, 0.002209, 0.085387, 0.954788, 0.284760, -0.027660, -0.283422, 0.958596),
      ["рҹҢ§пёҸрҹҳірҹ‘»рҹҸіпёҸвҖҚрҹҢҲрҹҳӮрҹ’һрҹҸҙвҖҚвҳ пёҸрҹҺёрҹҢ§пёҸрҹҳірҹ‘»рҹҸіпёҸвҖҚрҹҢҲрҹҳӮрҹ’һрҹҸҙвҖҚвҳ"] = CFrame.new(0.095700, -0.130948, 0.012716, 0.097928, 0.995188, 0.003393, -0.992347, 0.097905, -0.075254, -0.075224, 0.004002, 0.997159)
    }},
    { Time = 0.450, Data = {
      ["Head"] = CFrame.new(0.000000, 0.000000, 0.000000, 1.000000, -0.000000, 0.000000, 0.000000, 0.965500, 0.260402, -0.000000, -0.260402, 0.965500),
      ["LeftUpperArm"] = CFrame.new(0.052465, -0.714839, -0.002769, 0.713642, 0.099659, 0.693386, 0.056878, -0.994804, 0.084441, 0.698198, -0.020822, -0.715602),
      ["LeftUpperLeg"] = CFrame.new(0.062553, 0.663626, -0.199677, 0.990909, 0.132430, -0.023717, -0.134537, 0.975337, -0.174977, -0.000040, 0.176577, 0.984287),
      ["LowerTorso"] = CFrame.new(-0.007441, -0.779888, -2.063595, -0.999996, 0.002609, -0.001204, 0.000012, 0.422870, 0.906190, 0.002873, 0.906187, -0.422868),
      ["RightUpperArm"] = CFrame.new(-0.119715, -0.404723, -0.476655, 0.939877, -0.056974, -0.336726, -0.314591, 0.239271, -0.918576, 0.132904, 0.969280, 0.206962),
      ["RightUpperLeg"] = CFrame.new(0.024562, 0.042844, -0.632677, 0.995932, -0.090079, 0.002323, 0.085739, 0.955252, 0.283093, -0.027720, -0.281742, 0.959090),
      ["рҹҢ§пёҸрҹҳірҹ‘»рҹҸіпёҸвҖҚрҹҢҲрҹҳӮрҹ’һрҹҸҙвҖҚвҳ пёҸрҹҺёрҹҢ§пёҸрҹҳірҹ‘»рҹҸіпёҸвҖҚрҹҢҲрҹҳӮрҹ’һрҹҸҙвҖҚвҳ"] = CFrame.new(0.095700, -0.130948, 0.012716, 0.093447, 0.995618, 0.003452, -0.992397, 0.093423, -0.080128, -0.080099, 0.004062, 0.996779)
    }},
    { Time = 0.467, Data = {
      ["Head"] = CFrame.new(0.000000, 0.000000, 0.000000, 1.000000, -0.000000, 0.000000, 0.000000, 0.964656, 0.263512, -0.000000, -0.263512, 0.964656),
      ["LeftUpperArm"] = CFrame.new(0.051874, -0.714885, -0.003342, 0.713236, 0.097412, 0.694122, 0.053673, -0.994978, 0.084483, 0.698866, -0.023001, -0.714883),
      ["LeftUpperLeg"] = CFrame.new(0.062639, 0.664259, -0.199533, 0.990907, 0.132413, -0.023855, -0.134545, 0.975200, -0.175737, -0.000007, 0.177348, 0.984148),
      ["LowerTorso"] = CFrame.new(-0.007396, -0.780613, -2.063639, -0.999996, 0.002564, -0.001128, 0.000055, 0.420549, 0.907270, 0.002801, 0.907266, -0.420548),
      ["RightUpperArm"] = CFrame.new(-0.120044, -0.404230, -0.472073, 0.939942, -0.057310, -0.336490, -0.314725, 0.236089, -0.919353, 0.132130, 0.970040, 0.203873),
      ["RightUpperLeg"] = CFrame.new(0.024578, 0.043975, -0.633160, 0.995908, -0.090344, 0.002450, 0.086006, 0.955721, 0.281426, -0.027767, -0.280063, 0.959580),
      ["рҹҢ§пёҸрҹҳірҹ‘»рҹҸіпёҸвҖҚрҹҢҲрҹҳӮрҹ’һрҹҸҙвҖҚвҳ пёҸрҹҺёрҹҢ§пёҸрҹҳірҹ‘»рҹҸіпёҸвҖҚрҹҢҲрҹҳӮрҹ’һрҹҸҙвҖҚвҳ"] = CFrame.new(0.095700, -0.130948, 0.012716, 0.088944, 0.996031, 0.003489, -0.992405, 0.088918, -0.085001, -0.084974, 0.004098, 0.996375)
    }},
    { Time = 0.483, Data = {
      ["Head"] = CFrame.new(0.000000, 0.000000, 0.000000, 1.000000, -0.000000, 0.000000, 0.000000, 0.963825, 0.266536, -0.000000, -0.266536, 0.963825),
      ["LeftUpperArm"] = CFrame.new(0.051284, -0.714929, -0.003915, 0.712756, 0.095169, 0.694926, 0.050463, -0.995143, 0.084525, 0.699594, -0.025178, -0.714097),
      ["LeftUpperLeg"] = CFrame.new(0.062726, 0.664896, -0.199391, 0.990906, 0.132395, -0.023998, -0.134553, 0.975046, -0.176582, 0.000020, 0.178205, 0.983993),
      ["LowerTorso"] = CFrame.new(-0.007397, -0.781350, -2.063671, -0.999996, 0.002565, -0.001125, 0.000051, 0.418224, 0.908344, 0.002801, 0.908341, -0.418222),
      ["RightUpperArm"] = CFrame.new(-0.120344, -0.403735, -0.467466, 0.940018, -0.057526, -0.336241, -0.314871, 0.232885, -0.920120, 0.131236, 0.970801, 0.200803),
      ["RightUpperLeg"] = CFrame.new(0.024599, 0.045075, -0.633598, 0.995874, -0.090707, 0.002655, 0.086348, 0.956203, 0.279678, -0.027907, -0.278294, 0.960090),
      ["рҹҢ§пёҸрҹҳірҹ‘»рҹҸіпёҸвҖҚрҹҢҲрҹҳӮрҹ’һрҹҸҙвҖҚвҳ пёҸрҹҺёрҹҢ§пёҸрҹҳірҹ‘»рҹҸіпёҸвҖҚрҹҢҲрҹҳӮрҹ’һрҹҸҙвҖҚвҳ"] = CFrame.new(0.095700, -0.130948, 0.012716, 0.084297, 0.996435, 0.003502, -0.992371, 0.084269, -0.089995, -0.089969, 0.004111, 0.995936)
    }},
    { Time = 0.500, Data = {
      ["Head"] = CFrame.new(0.000000, 0.000000, 0.000000, 1.000000, -0.000000, 0.000000, 0.000000, 0.962961, 0.269641, -0.000000, -0.269641, 0.962961),
      ["LeftUpperArm"] = CFrame.new(0.050673, -0.714971, -0.004498, 0.712338, 0.092846, 0.695668, 0.047177, -0.995304, 0.084529, 0.700249, -0.027394, -0.713373),
      ["LeftUpperLeg"] = CFrame.new(0.062813, 0.665539, -0.199289, 0.990906, 0.132386, -0.024050, -0.134553, 0.974907, -0.177348, -0.000032, 0.178971, 0.983854),
      ["LowerTorso"] = CFrame.new(-0.007399, -0.782184, -2.063654, -0.999996, 0.002567, -0.001121, 0.000048, 0.415987, 0.909371, 0.002801, 0.909367, -0.415985),
      ["RightUpperArm"] = CFrame.new(-0.120653, -0.403210, -0.462857, 0.940067, -0.057778, -0.336058, -0.315061, 0.229781, -0.920835, 0.130424, 0.971526, 0.197806),
      ["RightUpperLeg"] = CFrame.new(0.024615, 0.046216, -0.634087, 0.995849, -0.090972, 0.002787, 0.086617, 0.956690, 0.277925, -0.027950, -0.276530, 0.960599),
      ["рҹҢ§пёҸрҹҳірҹ‘»рҹҸіпёҸвҖҚрҹҢҲрҹҳӮрҹ’һрҹҸҙвҖҚвҳ пёҸрҹҺёрҹҢ§пёҸрҹҳірҹ‘»рҹҸіпёҸвҖҚрҹҢҲрҹҳӮрҹ’һрҹҸҙвҖҚвҳ"] = CFrame.new(0.095700, -0.130948, 0.012716, 0.079748, 0.996809, 0.003433, -0.992287, 0.079714, -0.094930, -0.094900, 0.004164, 0.995478)
    }},
    { Time = 0.517, Data = {
      ["Head"] = CFrame.new(0.000000, 0.000000, 0.000000, 1.000000, -0.000000, 0.000000, 0.000000, 0.962086, 0.272745, -0.000000, -0.272745, 0.962086),
      ["LeftUpperArm"] = CFrame.new(0.050084, -0.715009, -0.005072, 0.711904, 0.090604, 0.696407, 0.043970, -0.995448, 0.084562, 0.700899, -0.029579, -0.712648),
      ["LeftUpperLeg"] = CFrame.new(0.062906, 0.666220, -0.199143, 0.990917, 0.132282, -0.024185, -0.134475, 0.974763, -0.178194, 0.000003, 0.179827, 0.983698),
      ["LowerTorso"] = CFrame.new(-0.007400, -0.782920, -2.063673, -0.999997, 0.002568, -0.001118, 0.000044, 0.413652, 0.910435, 0.002801, 0.910432, -0.413651),
      ["RightUpperArm"] = CFrame.new(-0.120984, -0.402712, -0.458247, 0.940131, -0.058115, -0.335821, -0.315190, 0.226578, -0.921584, 0.129647, 0.972258, 0.194696),
      ["RightUpperLeg"] = CFrame.new(0.024635, 0.047314, -0.634568, 0.995817, -0.091323, 0.002903, 0.086970, 0.957141, 0.276256, -0.028007, -0.274848, 0.961080),
      ["рҹҢ§пёҸрҹҳірҹ‘»рҹҸіпёҸвҖҚрҹҢҲрҹҳӮрҹ’һрҹҸҙвҖҚвҳ пёҸрҹҺёрҹҢ§пёҸрҹҳірҹ‘»рҹҸіпёҸвҖҚрҹҢҲрҹҳӮрҹ’һрҹҸҙвҖҚвҳ"] = CFrame.new(0.095700, -0.130948, 0.012716, 0.075172, 0.997165, 0.003403, -0.992154, 0.075136, -0.099921, -0.099893, 0.004135, 0.994990)
