return {
  ["Astros taking shots (f)"] = {
    { Time = 0.000, Data = {
      ["BaseOpened"] = CFrame.new(0.000000, 0.000000, 0.000000, 0.999488, 0.032008, -0.000001, -0.031371, 0.979577, -0.198606, -0.006356, 0.198504, 0.980080),
      ["Head"] = CFrame.new(-0.000002, 0.000003, 0.000002, 0.670699, 0.164127, 0.723343, 0.252999, 0.866105, -0.431107, -0.697248, 0.472148, 0.539372),
      ["LeftUpperArm"] = CFrame.new(-0.034925, -0.278644, -0.007153, 0.971055, -0.132793, 0.198538, 0.010832, 0.854839, 0.518781, -0.238609, -0.501614, 0.831534),
      ["LeftUpperLeg"] = CFrame.new(-0.088815, -0.101516, -0.193202, 0.949219, 0.314610, -0.002019, -0.146347, 0.435850, -0.888041, -0.278506, 0.843241, 0.459759),
      ["LowerTorso"] = CFrame.new(0.000000, 0.141512, -0.682409, 1.000000, -0.000000, 0.000000, 0.000000, 0.460538, 0.887640, -0.000000, -0.887640, 0.460538),
      ["RightUpperArm"] = CFrame.new(0.033187, -0.280334, -0.010431, 0.983151, 0.126186, -0.132251, -0.037870, 0.848412, 0.527980, 0.178828, -0.514076, 0.838896),
      ["RightUpperLeg"] = CFrame.new(0.092352, -0.085271, -0.162289, 0.964881, -0.262680, 0.001712, 0.122207, 0.443104, -0.888102, 0.232528, 0.857122, 0.459644),
      ["рҹҢ§пёҸрҹҳірҹ‘»рҹҸіпёҸвҖҚрҹҢҲрҹҳӮрҹ’һрҹҸҙвҖҚвҳ пёҸрҹҺёрҹҢ§пёҸрҹҳірҹ‘»рҹҸіпёҸвҖҚрҹҢҲрҹҳӮрҹ’һрҹҸҙвҖҚвҳ"] = CFrame.new(0.000000, -0.000000, -0.000000, 0.949363, 0.137846, -0.282326, -0.126633, 0.990271, 0.057679, 0.287530, -0.019006, 0.957583)
    }},
    { Time = 0.017, Data = {
      ["Head"] = CFrame.new(-0.000002, 0.000003, 0.000002, 0.670704, 0.164112, 0.723342, 0.259662, 0.861554, -0.436235, -0.694789, 0.480409, 0.535234),
      ["LeftUpperArm"] = CFrame.new(-0.034892, -0.278890, -0.007027, 0.971108, -0.132816, 0.198265, 0.010974, 0.854786, 0.518864, -0.238388, -0.501697, 0.831547),
      ["LeftUpperLeg"] = CFrame.new(-0.088815, -0.101502, -0.193209, 0.949219, 0.314609, -0.002052, -0.146319, 0.435673, -0.888133, -0.278521, 0.843333, 0.459582),
      ["LowerTorso"] = CFrame.new(0.000000, 0.141473, -0.682465, 1.000000, -0.000000, 0.000000, 0.000000, 0.460359, 0.887733, -0.000000, -0.887733, 0.460359),
      ["RightUpperArm"] = CFrame.new(0.033162, -0.280579, -0.010299, 0.983172, 0.126229, -0.132058, -0.037992, 0.848357, 0.528059, 0.178688, -0.514156, 0.838877),
      ["RightUpperLeg"] = CFrame.new(0.092352, -0.085265, -0.162292, 0.964881, -0.262680, 0.001726, 0.122195, 0.443015, -0.888148, 0.232534, 0.857168, 0.459555),
      ["рҹҢ§пёҸрҹҳірҹ‘»рҹҸіпёҸвҖҚрҹҢҲрҹҳӮрҹ’һрҹҸҙвҖҚвҳ пёҸрҹҺёрҹҢ§пёҸрҹҳірҹ‘»рҹҸіпёҸвҖҚрҹҢҲрҹҳӮрҹ’һрҹҸҙвҖҚвҳ"] = CFrame.new(0.000000, -0.000000, 0.000000, 0.950035, 0.133108, -0.282339, -0.121699, 0.990891, 0.057651, 0.287441, -0.020410, 0.957581)
    }},
    { Time = 0.033, Data = {
      ["Head"] = CFrame.new(-0.000002, 0.000003, 0.000002, 0.670695, 0.164105, 0.723352, 0.266310, 0.856917, -0.441330, -0.692277, 0.488634, 0.531027),
      ["LeftUpperArm"] = CFrame.new(-0.034789, -0.279625, -0.006650, 0.971285, -0.132864, 0.197363, 0.011423, 0.854629, 0.519114, -0.237643, -0.501954, 0.831606),
      ["LeftUpperLeg"] = CFrame.new(-0.088808, -0.101489, -0.193192, 0.949233, 0.314566, -0.002204, -0.146293, 0.435229, -0.888355, -0.278487, 0.843578, 0.459153),
      ["LowerTorso"] = CFrame.new(0.000000, 0.141359, -0.682630, 1.000000, -0.000000, 0.000000, 0.000000, 0.459820, 0.888012, -0.000000, -0.888012, 0.459820),
      ["RightUpperArm"] = CFrame.new(0.033063, -0.281320, -0.009931, 0.983255, 0.126255, -0.131413, -0.038292, 0.848155, 0.528363, 0.178167, -0.514483, 0.838787),
      ["RightUpperLeg"] = CFrame.new(0.092361, -0.085265, -0.162332, 0.964862, -0.262751, 0.001851, 0.122196, 0.442461, -0.888423, 0.232615, 0.857432, 0.459021),
      ["рҹҢ§пёҸрҹҳірҹ‘»рҹҸіпёҸвҖҚрҹҢҲрҹҳӮрҹ’һрҹҸҙвҖҚвҳ пёҸрҹҺёрҹҢ§пёҸрҹҳірҹ‘»рҹҸіпёҸвҖҚрҹҢҲрҹҳӮрҹ’һрҹҸҙвҖҚвҳ"] = CFrame.new(0.000000, -0.000000, -0.000000, 0.950672, 0.128453, -0.282351, -0.116848, 0.991476, 0.057636, 0.287348, -0.021801, 0.957578)
    }},
    { Time = 0.050, Data = {
      ["Head"] = CFrame.new(-0.000003, 0.000003, 0.000002, 0.670680, 0.164151, 0.723355, 0.272693, 0.852345, -0.446258, -0.689802, 0.496550, 0.526888),
      ["LeftUpperArm"] = CFrame.new(-0.034625, -0.280853, -0.006046, 0.971566, -0.132966, 0.195908, 0.012146, 0.854319, 0.519607, -0.236458, -0.502453, 0.831642),
      ["LeftUpperLeg"] = CFrame.new(-0.088794, -0.101470, -0.193153, 0.949261, 0.314478, -0.002493, -0.146256, 0.434431, -0.888751, -0.278410, 0.844022, 0.458383),
      ["LowerTorso"] = CFrame.new(0.000000, 0.141178, -0.682903, 1.000000, -0.000000, 0.000000, 0.000000, 0.458923, 0.888476, -0.000000, -0.888476, 0.458923),
      ["RightUpperArm"] = CFrame.new(0.032886, -0.282526, -0.009290, 0.983400, 0.126254, -0.130328, -0.038785, 0.847897, 0.528740, 0.177260, -0.514908, 0.838719),
      ["RightUpperLeg"] = CFrame.new(0.092365, -0.085270, -0.162346, 0.964854, -0.262779, 0.002090, 0.122206, 0.441640, -0.888830, 0.232643, 0.857847, 0.458232),
      ["рҹҢ§пёҸрҹҳірҹ‘»рҹҸіпёҸвҖҚрҹҢҲрҹҳӮрҹ’һрҹҸҙвҖҚвҳ пёҸрҹҺёрҹҢ§пёҸрҹҳірҹ‘»рҹҸіпёҸвҖҚрҹҢҲрҹҳӮрҹ’һрҹҸҙвҖҚвҳ"] = CFrame.new(0.000000, -0.000000, -0.000000, 0.951276, 0.123880, -0.282362, -0.112080, 0.992026, 0.057634, 0.287250, -0.023179, 0.957575)
    }},
    { Time = 0.067, Data = {
      ["Head"] = CFrame.new(-0.000003, 0.000003, 0.000002, 0.670722, 0.164073, 0.723334, 0.278938, 0.847836, -0.450963, -0.687260, 0.504236, 0.522896),
      ["LeftUpperArm"] = CFrame.new(-0.034397, -0.282539, -0.005184, 0.971947, -0.133105, 0.193910, 0.013165, 0.853950, 0.520188, -0.234830, -0.503043, 0.831747),
      ["LeftUpperLeg"] = CFrame.new(-0.088773, -0.101445, -0.193094, 0.949304, 0.314347, -0.002919, -0.146207, 0.433277, -0.889322, -0.278291, 0.844664, 0.457271),
      ["LowerTorso"] = CFrame.new(0.000000, 0.141033, -0.683227, 1.000000, -0.000000, 0.000000, 0.000000, 0.457575, 0.889171, -0.000000, -0.889171, 0.457575),
      ["RightUpperArm"] = CFrame.new(0.032663, -0.284198, -0.008402, 0.983583, 0.126336, -0.128855, -0.039523, 0.847531, 0.529273, 0.176075, -0.515491, 0.838610),
      ["RightUpperLeg"] = CFrame.new(0.092379, -0.085293, -0.162391, 0.964826, -0.262877, 0.002414, 0.122253, 0.440531, -0.889374, 0.232732, 0.858387, 0.457174),
      ["рҹҢ§пёҸрҹҳірҹ‘»рҹҸіпёҸвҖҚрҹҢҲрҹҳӮрҹ’һрҹҸҙвҖҚвҳ пёҸрҹҺёрҹҢ§пёҸрҹҳірҹ‘»рҹҸіпёҸвҖҚрҹҢҲрҹҳӮрҹ’һрҹҸҙвҖҚвҳ"] = CFrame.new(0.000000, -0.000000, -0.000000, 0.951837, 0.119476, -0.282369, -0.107480, 0.992534, 0.057657, 0.287150, -0.024531, 0.957572)
    }},
    { Time = 0.083, Data = {
      ["Head"] = CFrame.new(-0.000003, 0.000004, 0.000002, 0.670698, 0.164110, 0.723348, 0.284831, 0.843461, -0.455461, -0.684862, 0.511509, 0.518964),
      ["LeftUpperArm"] = CFrame.new(-0.034111, -0.284677, -0.004094, 0.972427, -0.133289, 0.191365, 0.014469, 0.853474, 0.520934, -0.232760, -0.503801, 0.831870),
      ["LeftUpperLeg"] = CFrame.new(-0.088745, -0.101422, -0.193009, 0.949360, 0.314171, -0.003465, -0.146161, 0.431855, -0.890021, -0.278123, 0.845457, 0.455905),
      ["LowerTorso"] = CFrame.new(0.000000, 0.140760, -0.683686, 1.000000, -0.000000, 0.000000, 0.000000, 0.455955, 0.890003, -0.000000, -0.890003, 0.455955),
      ["RightUpperArm"] = CFrame.new(0.032376, -0.286331, -0.007299, 0.983811, 0.126424, -0.127012, -0.040417, 0.847015, 0.530031, 0.174590, -0.516317, 0.838412),
      ["RightUpperLeg"] = CFrame.new(0.092397, -0.085350, -0.162434, 0.964791, -0.263002, 0.002910, 0.122368, 0.439045, -0.890093, 0.232819, 0.859110, 0.455769),
      ["рҹҢ§пёҸрҹҳірҹ‘»рҹҸіпёҸвҖҚрҹҢҲрҹҳӮрҹ’һрҹҸҙвҖҚвҳ пёҸрҹҺёрҹҢ§пёҸрҹҳірҹ‘»рҹҸіпёҸвҖҚрҹҢҲрҹҳӮрҹ’һрҹҸҙвҖҚвҳ"] = CFrame.new(0.000000, -0.000000, 0.000000, 0.952358, 0.115227, -0.282379, -0.103060, 0.993005, 0.057620, 0.287043, -0.025773, 0.957571)
    }},
    { Time = 0.100, Data = {
      ["Head"] = CFrame.new(-0.000003, 0.000004, 0.000002, 0.670675, 0.164090, 0.723374, 0.290360, 0.839322, -0.459598, -0.682559, 0.518279, 0.515267),
      ["LeftUpperArm"] = CFrame.new(-0.033774, -0.287244, -0.002790, 0.972980, -0.133539, 0.188352, 0.016038, 0.852891, 0.521842, -0.230330, -0.504721, 0.831988),
      ["LeftUpperLeg"] = CFrame.new(-0.088728, -0.101413, -0.192958, 0.949393, 0.314065, -0.004104, -0.146144, 0.430140, -0.890854, -0.278020, 0.846370, 0.454271),
      ["LowerTorso"] = CFrame.new(0.000000, 0.140473, -0.684222, 1.000000, -0.000000, 0.000000, 0.000000, 0.453973, 0.891016, -0.000000, -0.891016, 0.453973),
      ["RightUpperArm"] = CFrame.new(0.032020, -0.288877, -0.005959, 0.984096, 0.126481, -0.124729, -0.041506, 0.846443, 0.530860, 0.172720, -0.517240, 0.838231),
      ["RightUpperLeg"] = CFrame.new(0.092420, -0.085367, -0.162522, 0.964744, -0.263170, 0.003374, 0.122403, 0.437288, -0.890953, 0.232997, 0.859954, 0.454083),
      ["рҹҢ§пёҸрҹҳірҹ‘»рҹҸіпёҸвҖҚрҹҢҲрҹҳӮрҹ’һрҹҸҙвҖҚвҳ пёҸрҹҺёрҹҢ§пёҸрҹҳірҹ‘»рҹҸіпёҸвҖҚрҹҢҲрҹҳӮрҹ’һрҹҸҙвҖҚвҳ"] = CFrame.new(0.000000, -0.000000, 0.000000, 0.952832, 0.111231, -0.282381, -0.098894, 0.993428, 0.057620, 0.286935, -0.026976, 0.957570)
    }},
    { Time = 0.117, Data = {
      ["Head"] = CFrame.new(-0.000003, 0.000004, 0.000002, 0.670730, 0.164059, 0.723330, 0.295427, 0.835437, -0.463430, -0.680327, 0.524528, 0.511885),
      ["LeftUpperArm"] = CFrame.new(-0.033371, -0.290214, -0.001291, 0.973612, -0.133771, 0.184894, 0.017788, 0.852207, 0.522903, -0.227517, -0.505815, 0.832098),
      ["LeftUpperLeg"] = CFrame.new(-0.088693, -0.101370, -0.192860, 0.949463, 0.313842, -0.004818, -0.146059, 0.428178, -0.891813, -0.277825, 0.847447, 0.452379),
      ["LowerTorso"] = CFrame.new(0.000000, 0.140108, -0.684865, 1.000000, -0.000000, 0.000000, 0.000000, 0.451715, 0.892162, -0.000000, -0.892162, 0.451715),
      ["RightUpperArm"] = CFrame.new(0.031627, -0.291824, -0.004414, 0.984413, 0.126619, -0.122058, -0.042842, 0.845760, 0.531841, 0.170573, -0.518323, 0.838002),
      ["RightUpperLeg"] = CFrame.new(0.092438, -0.085389, -0.162584, 0.964708, -0.263293, 0.003952, 0.122447, 0.435259, -0.891939, 0.233121, 0.860945, 0.452137),
      ["рҹҢ§пёҸрҹҳірҹ‘»рҹҸіпёҸвҖҚрҹҢҲрҹҳӮрҹ’һрҹҸҙвҖҚвҳ пёҸрҹҺёрҹҢ§пёҸрҹҳірҹ‘»рҹҸіпёҸвҖҚрҹҢҲрҹҳӮрҹ’һрҹҸҙвҖҚвҳ"] = CFrame.new(0.000000, -0.000000, -0.000000, 0.953253, 0.107574, -0.282375, -0.095067, 0.993799, 0.057669, 0.286828, -0.028129, 0.957569)
    }},
    { Time = 0.133, Data = {
      ["Head"] = CFrame.new(-0.000003, 0.000004, 0.000002, 0.670726, 0.164069, 0.723331, 0.300081, 0.831819, -0.466934, -0.678290, 0.530243, 0.508689),
      ["LeftUpperArm"] = CFrame.new(-0.032918, -0.293545, 0.000405, 0.974327, -0.134034, 0.180892, 0.019839, 0.851460, 0.524045, -0.224262, -0.507002, 0.832259),
      ["LeftUpperLeg"] = CFrame.new(-0.088658, -0.101306, -0.192774, 0.949533, 0.313618, -0.005580, -0.145931, 0.425945, -0.892902, -0.277653, 0.848655, 0.450216),
      ["LowerTorso"] = CFrame.new(0.000000, 0.139695, -0.685597, 1.000000, -0.000000, 0.000000, 0.000000, 0.449181, 0.893441, -0.000000, -0.893441, 0.449181),
      ["RightUpperArm"] = CFrame.new(0.031192, -0.295141, -0.002684, 0.984742, 0.126801, -0.119186, -0.044296, 0.844972, 0.532973, 0.168290, -0.519561, 0.837696),
      ["RightUpperLeg"] = CFrame.new(0.092466, -0.085434, -0.162675, 0.964652, -0.263486, 0.004602, 0.122538, 0.433028, -0.893012, 0.233303, 0.862010, 0.450009),
      ["рҹҢ§пёҸрҹҳірҹ‘»рҹҸіпёҸвҖҚрҹҢҲрҹҳӮрҹ’һрҹҸҙвҖҚвҳ пёҸрҹҺёрҹҢ§пёҸрҹҳірҹ‘»рҹҸіпёҸвҖҚрҹҢҲрҹҳӮрҹ’һрҹҸҙвҖҚвҳ"] = CFrame.new(0.000000, -0.000000, 0.000000, 0.953635, 0.104159, -0.282367, -0.091506, 0.994133, 0.057671, 0.286718, -0.029159, 0.957571)
    }},
    { Time = 0.150, Data = {
      ["Head"] = CFrame.new(-0.000003, 0.000004, 0.000002, 0.670673, 0.164120, 0.723368, 0.304183, 0.828587, -0.470017, -0.676513, 0.535264, 0.505789),
      ["LeftUpperArm"] = CFrame.new(-0.032440, -0.297204, 0.002279, 0.975066, -0.134397, 0.176589, 0.022119, 0.850649, 0.525269, -0.220810, -0.508266, 0.832411),
      ["LeftUpperLeg"] = CFrame.new(-0.088616, -0.101250, -0.192659, 0.949617, 0.313348, -0.006446, -0.145822, 0.423527, -0.894070, -0.277425, 0.849963, 0.447882),
      ["LowerTorso"] = CFrame.new(0.000000, 0.139269, -0.686399, 1.000000, -0.000000, 0.000000, 0.000000, 0.446369, 0.894849, -0.000000, -0.894849, 0.446369),
      ["RightUpperArm"] = CFrame.new(0.030679, -0.298780, -0.000778, 0.985126, 0.126866, -0.115896, -0.045866, 0.844135, 0.534166, 0.165599, -0.520905, 0.837398),
      ["RightUpperLeg"] = CFrame.new(0.092487, -0.085483, -0.162739, 0.964608, -0.263632, 0.005366, 0.122639, 0.430522, -0.894209, 0.233432, 0.863220, 0.447617),
      ["рҹҢ§пёҸрҹҳірҹ‘»рҹҸіпёҸвҖҚрҹҢҲрҹҳӮрҹ’һрҹҸҙвҖҚвҳ пёҸрҹҺёрҹҢ§пёҸрҹҳірҹ‘»рҹҸіпёҸвҖҚрҹҢҲрҹҳӮрҹ’һрҹҸҙвҖҚвҳ"] = CFrame.new(0.000000, -0.000000, 0.000000, 0.953954, 0.101241, -0.282349, -0.088468, 0.994409, 0.057662, 0.286609, -0.030028, 0.957577)
    }},
    { Time = 0.167, Data = {
      ["Head"] = CFrame.new(-0.000003, 0.000004, 0.000001, 0.670713, 0.164123, 0.723331, 0.307654, 0.825805, -0.472648, -0.674902, 0.539547, 0.503385),
      ["LeftUpperArm"] = CFrame.new(-0.031889, -0.301160, 0.004279, 0.975875, -0.134654, 0.171863, 0.024504, 0.849741, 0.526631, -0.216952, -0.509715, 0.832540),
      ["LeftUpperLeg"] = CFrame.new(-0.088567, -0.101204, -0.192516, 0.949714, 0.313031, -0.007416, -0.145730, 0.420925, -0.895313, -0.277139, 0.851371, 0.445377),
      ["LowerTorso"] = CFrame.new(0.000000, 0.138866, -0.687247, 1.000000, -0.000000, 0.000000, 0.000000, 0.443276, 0.896385, -0.000000, -0.896385, 0.443276),
      ["RightUpperArm"] = CFrame.new(0.030140, -0.302704, 0.001287, 0.985504, 0.126990, -0.112494, -0.047540, 0.843239, 0.535433, 0.162854, -0.522324, 0.837052),
      ["RightUpperLeg"] = CFrame.new(0.092515, -0.085498, -0.162846, 0.964553, -0.263821, 0.006086, 0.122669, 0.427831, -0.895496, 0.233647, 0.864500, 0.445028),
      ["рҹҢ§пёҸрҹҳірҹ‘»рҹҸіпёҸвҖҚрҹҢҲрҹҳӮрҹ’һрҹҸҙвҖҚвҳ пёҸрҹҺёрҹҢ§пёҸрҹҳірҹ‘»рҹҸіпёҸвҖҚрҹҢҲрҹҳӮрҹ’һрҹҸҙвҖҚвҳ"] = CFrame.new(0.000000, 0.000000, 0.000000, 0.954233, 0.098651, -0.282327, -0.085782, 0.994647, 0.057617, 0.286499, -0.030761, 0.957587)
    }},
    { Time = 0.183, Data = {
      ["Head"] = CFrame.new(-0.000003, 0.000004, 0.000002, 0.670701, 0.164090, 0.723350, 0.310651, 0.823426, -0.474832, -0.673540, 0.543180, 0.501298),
      ["LeftUpperArm"] = CFrame.new(-0.031325, -0.305366, 0.006408, 0.976698, -0.135008, 0.166835, 0.027121, 0.848767, 0.528071, -0.212898, -0.511241, 0.832651),
      ["LeftUpperLeg"] = CFrame.new(-0.088518, -0.101144, -0.192381, 0.949811, 0.312712, -0.008417, -0.145611, 0.418136, -0.896638, -0.276870, 0.852862, 0.442685),
      ["LowerTorso"] = CFrame.new(0.000000, 0.138346, -0.688210, 1.000000, -0.000000, 0.000000, 0.000000, 0.440084, 0.897957, -0.000000, -0.897957, 0.440084),
      ["RightUpperArm"] = CFrame.new(0.029561, -0.306874, 0.003479, 0.985912, 0.127102, -0.108731, -0.049389, 0.842284, 0.536766, 0.159807, -0.523834, 0.836696),
      ["RightUpperLeg"] = CFrame.new(0.092547, -0.085559, -0.162946, 0.964488, -0.264034, 0.006952, 0.122792, 0.424932, -0.896858, 0.233847, 0.865863, 0.442263),
      ["рҹҢ§пёҸрҹҳірҹ‘»рҹҸіпёҸвҖҚрҹҢҲрҹҳӮрҹ’һрҹҸҙвҖҚвҳ пёҸрҹҺёрҹҢ§пёҸрҹҳірҹ‘»рҹҸіпёҸвҖҚрҹҢҲрҹҳӮрҹ’һрҹҸҙвҖҚвҳ"] = CFrame.new(0.000000, 0.000000, 0.000000, 0.954439, 0.096487, -0.282375, -0.083519, 0.994838, 0.057637, 0.286479, -0.031427, 0.957571)
    }},
    { Time = 0.200, Data = {
      ["Head"] = CFrame.new(-0.000003, 0.000004, 0.000001, 0.670722, 0.164107, 0.723326, 0.312971, 0.821526, -0.476596, -0.672444, 0.546043, 0.499655),
      ["LeftUpperArm"] = CFrame.new(-0.030716, -0.309774, 0.008633, 0.977530, -0.135314, 0.161634, 0.029784, 0.847741, 0.529573, -0.208682, -0.512859, 0.832723),
      ["LeftUpperLeg"] = CFrame.new(-0.088470, -0.101077, -0.192249, 0.949907, 0.312389, -0.009434, -0.145479, 0.415250, -0.898000, -0.276608, 0.854389, 0.439895),
      ["LowerTorso"] = CFrame.new(0.000000, 0.137840, -0.689214, 1.000000, -0.000000, 0.000000, 0.000000, 0.436698, 0.899608, -0.000000, -0.899608, 0.436698),
      ["RightUpperArm"] = CFrame.new(0.028969, -0.311246, 0.005776, 0.986310, 0.127272, -0.104855, -0.051343, 0.841270, 0.538171, 0.156706, -0.525420, 0.836288),
      ["RightUpperLeg"] = CFrame.new(0.092579, -0.085613, -0.163049, 0.964424, -0.264244, 0.007832, 0.122902, 0.421935, -0.898257, 0.234055, 0.867263, 0.439401),
      ["рҹҢ§пёҸрҹҳірҹ‘»рҹҸіпёҸвҖҚрҹҢҲрҹҳӮрҹ’һрҹҸҙвҖҚвҳ пёҸрҹҺёрҹҢ§пёҸрҹҳірҹ‘»рҹҸіпёҸвҖҚрҹҢҲрҹҳӮрҹ’һрҹҸҙвҖҚвҳ"] = CFrame.new(-0.000000, -0.000000, -0.000000, 0.954628, 0.094735, -0.282332, -0.081696, 0.994990, 0.057630, 0.286377, -0.031950, 0.957584)
    }},
    { Time = 0.217, Data = {
      ["Head"] = CFrame.new(-0.000003, 0.000004, 0.000001, 0.670702, 0.164089, 0.723349, 0.314679, 0.820158, -0.477825, -0.671667, 0.548101, 0.498447),
      ["LeftUpperArm"] = CFrame.new(-0.030091, -0.314329, 0.010948, 0.978360, -0.135648, 0.156241, 0.032584, 0.846703, 0.531067, -0.204328, -0.514483, 0.832801),
      ["LeftUpperLeg"] = CFrame.new(-0.088415, -0.101019, -0.192090, 0.950017, 0.312019, -0.010554, -0.145365, 0.412175, -0.899434, -0.276290, 0.856012, 0.436929),
      ["LowerTorso"] = CFrame.new(0.000000, 0.137394, -0.690232, 1.000000, -0.000000, 0.000000, 0.000000, 0.433120, 0.901336, -0.000000, -0.901336, 0.433120),
      ["RightUpperArm"] = CFrame.new(0.028341, -0.315775, 0.008144, 0.986716, 0.127392, -0.100808, -0.053344, 0.840204, 0.539640, 0.153445, -0.527095, 0.835839),
      ["RightUpperLeg"] = CFrame.new(0.092611, -0.085661, -0.163156, 0.964359, -0.264452, 0.008728, 0.122999, 0.418840, -0.899691, 0.234270, 0.868699, 0.436440),
      ["рҹҢ§пёҸрҹҳірҹ‘»рҹҸіпёҸвҖҚрҹҢҲрҹҳӮрҹ’һрҹҸҙвҖҚвҳ пёҸрҹҺёрҹҢ§пёҸрҹҳірҹ‘»рҹҸіпёҸвҖҚрҹҢҲрҹҳӮрҹ’һрҹҸҙвҖҚвҳ"] = CFrame.new(0.000000, -0.000000, -0.000000, 0.954742, 0.093482, -0.282361, -0.080394, 0.995097, 0.057616, 0.286363, -0.032308, 0.957576)
    }},
    { Time = 0.233, Data = {
      ["Head"] = CFrame.new(-0.000003, 0.000004, 0.000001, 0.670719, 0.164082, 0.723335, 0.315679, 0.819336, -0.478575, -0.671180, 0.549331, 0.497747),
      ["LeftUpperArm"] = CFrame.new(-0.029459, -0.318997, 0.013303, 0.979186, -0.136015, 0.150650, 0.035514, 0.845605, 0.532627, -0.199836, -0.516191, 0.832834),
      ["LeftUpperLeg"] = CFrame.new(-0.088367, -0.100939, -0.191967, 0.950113, 0.311690, -0.011602, -0.145205, 0.409091, -0.900866, -0.276044, 0.857610, 0.433942),
      ["LowerTorso"] = CFrame.new(0.000000, 0.136868, -0.691324, 1.000000, -0.000000, 0.000000, 0.000000, 0.429529, 0.903053, -0.000000, -0.903053, 0.429529),
      ["RightUpperArm"] = CFrame.new(0.027698, -0.320413, 0.010555, 0.987107, 0.127508, -0.096753, -0.055344, 0.839085, 0.541177, 0.150188, -0.528845, 0.835324),
      ["RightUpperLeg"] = CFrame.new(0.092644, -0.085703, -0.163267, 0.964294, -0.264657, 0.009638, 0.123084, 0.415645, -0.901160, 0.234493, 0.870170, 0.433379),
      ["рҹҢ§пёҸрҹҳірҹ‘»рҹҸіпёҸвҖҚрҹҢҲрҹҳӮрҹ’һрҹҸҙвҖҚвҳ пёҸрҹҺёрҹҢ§пёҸрҹҳірҹ‘»рҹҸіпёҸвҖҚрҹҢҲрҹҳӮрҹ’һрҹҸҙвҖҚвҳ"] = CFrame.new(0.000000, -0.000000, -0.000000, 0.954803, 0.092826, -0.282373, -0.079688, 0.995149, 0.057688, 0.286359, -0.032579, 0.957569)
    }},
    { Time = 0.250, Data = {
      ["Head"] = CFrame.new(-0.000003, 0.000004, 0.000001, 0.670704, 0.164114, 0.723342, 0.315996, 0.819065, -0.478832, -0.671047, 0.549727, 0.497490),
      ["LeftUpperArm"] = CFrame.new(-0.028792, -0.323699, 0.015706, 0.979988, -0.136283, 0.145086, 0.038378, 0.844555, 0.534091, -0.195321, -0.517835, 0.832885),
      ["LeftUpperLeg"] = CFrame.new(-0.088312, -0.100875, -0.191812, 0.950222, 0.311313, -0.012737, -0.145079, 0.405907, -0.902326, -0.275735, 0.859258, 0.430867),
      ["LowerTorso"] = CFrame.new(0.000000, 0.136400, -0.692416, 1.000000, -0.000000, 0.000000, 0.000000, 0.425835, 0.904801, -0.000000, -0.904801, 0.425835),
      ["RightUpperArm"] = CFrame.new(0.027060, -0.325090, 0.013017, 0.987485, 0.127672, -0.092595, -0.057463, 0.838002, 0.542633, 0.146874, -0.530521, 0.834851),
      ["RightUpperLeg"] = CFrame.new(0.092686, -0.085779, -0.163401, 0.964209, -0.264931, 0.010596, 0.123238, 0.412421, -0.902619, 0.234762, 0.871619, 0.430310),
      ["рҹҢ§пёҸрҹҳірҹ‘»рҹҸіпёҸвҖҚрҹҢҲрҹҳӮрҹ’һрҹҸҙвҖҚвҳ пёҸрҹҺёрҹҢ§пёҸрҹҳірҹ‘»рҹҸіпёҸвҖҚрҹҢҲрҹҳӮрҹ’һрҹҸҙвҖҚвҳ"] = CFrame.new(0.000000, 0.000000, -0.000000, 0.954826, 0.092570, -0.282381, -0.079432, 0.995172, 0.057651, 0.286354, -0.032616, 0.957568)
    }},
    { Time = 0.267, Data = {
      ["Head"] = CFrame.new(-0.000003, 0.000004, 0.000001, 0.670719, 0.164082, 0.723335, 0.315679, 0.819336, -0.478575, -0.671180, 0.549331, 0.497747),
      ["LeftUpperArm"] = CFrame.new(-0.028147, -0.328418, 0.018091, 0.980752, -0.136630, 0.139487, 0.041323, 0.843445, 0.535624, -0.190832, -0.519550, 0.832857),
      ["LeftUpperLeg"] = CFrame.new(-0.088258, -0.100812, -0.191657, 0.950331, 0.310933, -0.013872, -0.144954, 0.402715, -0.903775, -0.275427, 0.860896, 0.427783),
      ["LowerTorso"] = CFrame.new(0.000000, 0.135852, -0.693564, 1.000000, -0.000000, 0.000000, 0.000000, 0.422222, 0.906492, -0.000000, -0.906492, 0.422222),
      ["RightUpperArm"] = CFrame.new(0.026392, -0.329766, 0.015476, 0.987865, 0.127721, -0.088379, -0.059530, 0.836923, 0.544074, 0.143456, -0.532210, 0.834370),
      ["RightUpperLeg"] = CFrame.new(0.092719, -0.085814, -0.163517, 0.964144, -0.265131, 0.011522, 0.123308, 0.409117, -0.904112, 0.234994, 0.873115, 0.427141),
      ["рҹҢ§пёҸрҹҳірҹ‘»рҹҸіпёҸвҖҚрҹҢҲрҹҳӮрҹ’һрҹҸҙвҖҚвҳ пёҸрҹҺёрҹҢ§пёҸрҹҳірҹ‘»рҹҸіпёҸвҖҚрҹҢҲрҹҳӮрҹ’һрҹҸҙвҖҚвҳ"] = CFrame.new(0.000000, -0.000000, -0.000000, 0.954803, 0.092826, -0.282373, -0.079688, 0.995149, 0.057688, 0.286359, -0.032579, 0.957569)
    }},
    { Time = 0.283, Data = {
      ["Head"] = CFrame.new(-0.000003, 0.000004, 0.000001, 0.670702, 0.164089, 0.723349, 0.314679, 0.820158, -0.477825, -0.671667, 0.548101, 0.498447),
      ["LeftUpperArm"] = CFrame.new(-0.027505, -0.333078, 0.020463, 0.981486, -0.136961, 0.133891, 0.044285, 0.842377, 0.537066, -0.186344, -0.521194, 0.832846),
      ["LeftUpperLeg"] = CFrame.new(-0.088222, -0.100767, -0.191557, 0.950402, 0.310665, -0.014965, -0.144867, 0.399581, -0.905179, -0.275228, 0.862451, 0.424768),
      ["LowerTorso"] = CFrame.new(0.000000, 0.135360, -0.694693, 1.000000, -0.000000, 0.000000, 0.000000, 0.418597, 0.908172, -0.000000, -0.908172, 0.418597),
      ["RightUpperArm"] = CFrame.new(0.025764, -0.334410, 0.017888, 0.988199, 0.127897, -0.084295, -0.061631, 0.835782, 0.545591, 0.140232, -0.533957, 0.833802),
      ["RightUpperLeg"] = CFrame.new(0.092751, -0.085860, -0.163626, 0.964078, -0.265329, 0.012423, 0.123402, 0.405988, -0.905509, 0.235214, 0.874514, 0.424146),
      ["рҹҢ§пёҸрҹҳірҹ‘»рҹҸіпёҸвҖҚрҹҢҲрҹҳӮрҹ’һрҹҸҙвҖҚвҳ пёҸрҹҺёрҹҢ§пёҸрҹҳірҹ‘»рҹҸіпёҸвҖҚрҹҢҲрҹҳӮрҹ’һрҹҸҙвҖҚвҳ"] = CFrame.new(0.000000, 0.000000, -0.000000, 0.954742, 0.093482, -0.282361, -0.080394, 0.995097, 0.057616, 0.286363, -0.032308, 0.957576)
    }},
    { Time = 0.300, Data = {
      ["Head"] = CFrame.new(-0.000003, 0.000004, 0.000001, 0.670722, 0.164107, 0.723326, 0.312971, 0.821526, -0.476596, -0.672444, 0.546043, 0.499655),
      ["LeftUpperArm"] = CFrame.new(-0.026867, -0.337640, 0.022773, 0.982169, -0.137248, 0.128479, 0.047123, 0.841311, 0.538494, -0.181998, -0.522838, 0.832777),
      ["LeftUpperLeg"] = CFrame.new(-0.088168, -0.100719, -0.191396, 0.950509, 0.310280, -0.016066, -0.144772, 0.396554, -0.906524, -0.274906, 0.863985, 0.421848),
      ["LowerTorso"] = CFrame.new(0.000000, 0.134878, -0.695815, 1.000000, -0.000000, 0.000000, 0.000000, 0.415055, 0.909797, -0.000000, -0.909797, 0.415055),
      ["RightUpperArm"] = CFrame.new(0.025126, -0.338931, 0.020274, 0.988526, 0.127976, -0.080247, -0.063667, 0.834743, 0.546946, 0.136981, -0.535561, 0.833313),
      ["RightUpperLeg"] = CFrame.new(0.092784, -0.085906, -0.163737, 0.964012, -0.265525, 0.013324, 0.123495, 0.402850, -0.906896, 0.235436, 0.875905, 0.421143),
      ["рҹҢ§пёҸрҹҳірҹ‘»рҹҸіпёҸвҖҚрҹҢҲрҹҳӮрҹ’һрҹҸҙвҖҚвҳ пёҸрҹҺёрҹҢ§пёҸрҹҳірҹ‘»рҹҸіпёҸвҖҚрҹҢҲрҹҳӮрҹ’һрҹҸҙвҖҚвҳ"] = CFrame.new(0.000000, -0.000000, -0.000000, 0.954628, 0.094735, -0.282332, -0.081696, 0.994990, 0.057630, 0.286377, -0.031950, 0.957584)
    }},
    { Time = 0.317, Data = {
      ["Head"] = CFrame.new(-0.000003, 0.000004, 0.000001, 0.670701, 0.164090, 0.723350, 0.310651, 0.823426, -0.474832, -0.673540, 0.543180, 0.501298),
      ["LeftUpperArm"] = CFrame.new(-0.026236, -0.342058, 0.024990, 0.982819, -0.137466, 0.123170, 0.049863, 0.840248, 0.539904, -0.177712, -0.524486, 0.832666),
      ["LeftUpperLeg"] = CFrame.new(-0.088121, -0.100655, -0.191267, 0.950603, 0.309939, -0.017079, -0.144645, 0.393611, -0.907826, -0.274648, 0.865453, 0.418999),
      ["LowerTorso"] = CFrame.new(0.000000, 0.134447, -0.696900, 1.000000, -0.000000, 0.000000, 0.000000, 0.411595, 0.911367, -0.000000, -0.911367, 0.411595),
      ["RightUpperArm"] = CFrame.new(0.024499, -0.343309, 0.022567, 0.988826, 0.128013, -0.076386, -0.065577, 0.833709, 0.548296, 0.133873, -0.537160, 0.832789),
      ["RightUpperLeg"] = CFrame.new(0.092817, -0.085957, -0.163845, 0.963946, -0.265719, 0.014213, 0.123599, 0.399796, -0.908233, 0.235652, 0.877244, 0.418224),
      ["рҹҢ§пёҸрҹҳірҹ‘»рҹҸіпёҸвҖҚрҹҢҲрҹҳӮрҹ’һрҹҸҙвҖҚвҳ пёҸрҹҺёрҹҢ§пёҸрҹҳірҹ‘»рҹҸіпёҸвҖҚрҹҢҲрҹҳӮрҹ’һрҹҸҙвҖҚвҳ"] = CFrame.new(0.000000, 0.000000, -0.000000, 0.954439, 0.096487, -0.282375, -0.083519, 0.994838, 0.057637, 0.286479, -0.031427, 0.957571)
    }},
    { Time = 0.333, Data = {
      ["Head"] = CFrame.new(-0.000003, 0.000004, 0.000001, 0.670713, 0.164123, 0.723331, 0.307654, 0.825805, -0.472648, -0.674902, 0.539547, 0.503385),
      ["LeftUpperArm"] = CFrame.new(-0.025628, -0.346261, 0.027128, 0.983410, -0.137654, 0.118140, 0.052469, 0.839285, 0.541154, -0.173645, -0.525977, 0.832584),
      ["LeftUpperLeg"] = CFrame.new(-0.088074, -0.100599, -0.191134, 0.950697, 0.309595, -0.018076, -0.144533, 0.390753, -0.909078, -0.274383, 0.866870, 0.416234),
      ["LowerTorso"] = CFrame.new(0.000000, 0.134016, -0.697958, 1.000000, -0.000000, 0.000000, 0.000000, 0.408313, 0.912842, -0.000000, -0.912842, 0.408313),
      ["RightUpperArm"] = CFrame.new(0.023911, -0.347488, 0.024759, 0.989095, 0.128090, -0.072694, -0.067448, 0.832721, 0.549570, 0.130928, -0.538674, 0.832279),
      ["RightUpperLeg"] = CFrame.new(0.092856, -0.085990, -0.163986, 0.963868, -0.265957, 0.015018, 0.123667, 0.396827, -0.909525, 0.235935, 0.878519, 0.415379),
      ["рҹҢ§пёҸрҹҳірҹ‘»рҹҸіпёҸвҖҚрҹҢҲрҹҳӮрҹ’һрҹҸҙвҖҚвҳ пёҸрҹҺёрҹҢ§пёҸрҹҳірҹ‘»рҹҸіпёҸвҖҚрҹҢҲрҹҳӮрҹ’һрҹҸҙвҖҚвҳ"] = CFrame.new(0.000000, 0.000000, -0.000000, 0.954233, 0.098663, -0.282322, -0.085770, 0.994643, 0.057702, 0.286503, -0.030846, 0.957583)
    }},
    { Time = 0.350, Data = {
      ["Head"] = CFrame.new(-0.000003, 0.000004, 0.000002, 0.670673, 0.164120, 0.723368, 0.304183, 0.828587, -0.470017, -0.676513, 0.535264, 0.505789),
      ["LeftUpperArm"] = CFrame.new(-0.025080, -0.350220, 0.029143, 0.983925, -0.137923, 0.113443, 0.054991, 0.838366, 0.542326, -0.169906, -0.527370, 0.832474),
      ["LeftUpperLeg"] = CFrame.new(-0.088027, -0.100557, -0.190994, 0.950790, 0.309252, -0.019039, -0.144451, 0.388073, -0.910238, -0.274104, 0.868195, 0.413647),
      ["LowerTorso"] = CFrame.new(0.000000, 0.133624, -0.698962, 1.000000, -0.000000, 0.000000, 0.000000, 0.405210, 0.914224, -0.000000, -0.914224, 0.405210),
      ["RightUpperArm"] = CFrame.new(0.023348, -0.351422, 0.026820, 0.989341, 0.128123, -0.069197, -0.069197, 0.831787, 0.550766, 0.128123, -0.540107, 0.831787),
      ["RightUpperLeg"] = CFrame.new(0.092879, -0.086030, -0.164059, 0.963821, -0.266080, 0.015807, 0.123748, 0.394149, -0.910677, 0.236083, 0.879686, 0.412816),
      ["рҹҢ§пёҸрҹҳірҹ‘»рҹҸіпёҸвҖҚрҹҢҲрҹҳӮрҹ’һрҹҸҙвҖҚвҳ пёҸрҹҺёрҹҢ§пёҸрҹҳірҹ‘»рҹҸіпёҸвҖҚрҹҢҲрҹҳӮрҹ’һрҹҸҙвҖҚвҳ"] = CFrame.new(0.000000, 0.000000, 0.000000, 0.953954, 0.101241, -0.282349, -0.088468, 0.994409, 0.057662, 0.286609, -0.030028, 0.957577)
    }},
    { Time = 0.367, Data = {
      ["Head"] = CFrame.new(-0.000003, 0.000004, 0.000002, 0.670726, 0.164069, 0.723331, 0.300081, 0.831819, -0.466934, -0.678290, 0.530243, 0.508689),
      ["LeftUpperArm"] = CFrame.new(-0.024551, -0.353903, 0.030983, 0.984399, -0.138093, 0.109038, 0.057281, 0.837461, 0.543487, -0.166367, -0.528762, 0.832306),
      ["LeftUpperLeg"] = CFrame.new(-0.087987, -0.100506, -0.190882, 0.950869, 0.308953, -0.019900, -0.144350, 0.385571, -0.911317, -0.273881, 0.869415, 0.411225),
      ["LowerTorso"] = CFrame.new(0.000000, 0.133307, -0.699882, 1.000000, -0.000000, 0.000000, 0.000000, 0.402288, 0.915513, -0.000000, -0.915513, 0.402288),
      ["RightUpperArm"] = CFrame.new(0.022837, -0.355074, 0.028725, 0.989559, 0.128197, -0.065870, -0.070907, 0.830899, 0.551887, 0.125482, -0.541454, 0.831313),
      ["RightUpperLeg"] = CFrame.new(0.092908, -0.086052, -0.164165, 0.963763, -0.266248, 0.016512, 0.123793, 0.391559, -0.911788, 0.236296, 0.880792, 0.410330),
      ["рҹҢ§пёҸрҹҳірҹ‘»рҹҸіпёҸвҖҚрҹҢҲрҹҳӮрҹ’һрҹҸҙвҖҚвҳ пёҸрҹҺёрҹҢ§пёҸрҹҳірҹ‘»рҹҸіпёҸвҖҚрҹҢҲрҹҳӮрҹ’һрҹҸҙвҖҚвҳ"] = CFrame.new(0.000000, -0.000000, -0.000000, 0.953635, 0.104159, -0.282367, -0.091506, 0.994133, 0.057671, 0.286718, -0.029159, 0.957571)
    }},
    { Time = 0.383, Data = {
      ["Head"] = CFrame.new(-0.000003, 0.000004, 0.000002, 0.670730, 0.164059, 0.723330, 0.295427, 0.835437, -0.463430, -0.680327, 0.524528, 0.511885),
      ["LeftUpperArm"] = CFrame.new(-0.024078, -0.357237, 0.032690, 0.984802, -0.138280, 0.105085, 0.059392, 0.836707, 0.544421, -0.163208, -0.529906, 0.832204),
      ["LeftUpperLeg"] = CFrame.new(-0.087954, -0.100453, -0.190795, 0.950935, 0.308701, -0.020640, -0.144246, 0.383344, -0.912272, -0.273707, 0.870489, 0.409064),
      ["LowerTorso"] = CFrame.new(0.000000, 0.133005, -0.700735, 1.000000, -0.000000, 0.000000, 0.000000, 0.399642, 0.916671, -0.000000, -0.916671, 0.399642),
      ["RightUpperArm"] = CFrame.new(0.022354, -0.358387, 0.030469, 0.989750, 0.128195, -0.062932, -0.072367, 0.830125, 0.552861, 0.123115, -0.542640, 0.830894),
      ["RightUpperLeg"] = CFrame.new(0.092931, -0.086116, -0.164227, 0.963716, -0.266371, 0.017247, 0.123922, 0.389242, -0.912762, 0.236419, 0.881781, 0.408128),
      ["рҹҢ§пёҸрҹҳірҹ‘»рҹҸіпёҸвҖҚрҹҢҲрҹҳӮрҹ’һрҹҸҙвҖҚвҳ пёҸрҹҺёрҹҢ§пёҸрҹҳірҹ‘»рҹҸіпёҸвҖҚрҹҢҲрҹҳӮрҹ’һрҹҸҙвҖҚвҳ"] = CFrame.new(0.000000, -0.000000, -0.000000, 0.953253, 0.107574, -0.282375, -0.095067, 0.993799, 0.057669, 0.286828, -0.028129, 0.957569)
    }},
    { Time = 0.400, Data = {
      ["Head"] = CFrame.new(-0.000003, 0.000004, 0.000002, 0.670675, 0.164090, 0.723374, 0.290360, 0.839322, -0.459598, -0.682559, 0.518279, 0.515267),
      ["LeftUpperArm"] = CFrame.new(-0.023642, -0.360208, 0.034198, 0.985162, -0.138389, 0.101514, 0.061251, 0.836016, 0.545275, -0.160328, -0.530966, 0.832088),
      ["LeftUpperLeg"] = CFrame.new(-0.087921, -0.100414, -0.190700, 0.951001, 0.308450, -0.021348, -0.144170, 0.381298, -0.913141, -0.273518, 0.871476, 0.407084),
      ["LowerTorso"] = CFrame.new(0.000000, 0.132655, -0.701537, 1.000000, -0.000000, 0.000000, 0.000000, 0.397370, 0.917659, -0.000000, -0.917659, 0.397370),
      ["RightUpperArm"] = CFrame.new(0.021948, -0.361346, 0.032012, 0.989901, 0.128284, -0.060329, -0.073735, 0.829399, 0.553769, 0.121076, -0.543728, 0.830482),
      ["RightUpperLeg"] = CFrame.new(0.092956, -0.086116, -0.164327, 0.963667, -0.266516, 0.017752, 0.123922, 0.387222, -0.913620, 0.236621, 0.882626, 0.406181),
      ["рҹҢ§пёҸрҹҳірҹ‘»рҹҸіпёҸвҖҚрҹҢҲрҹҳӮрҹ’һрҹҸҙвҖҚвҳ пёҸрҹҺёрҹҢ§пёҸрҹҳірҹ‘»рҹҸіпёҸвҖҚрҹҢҲрҹҳӮрҹ’һрҹҸҙвҖҚвҳ"] = CFrame.new(0.000000, -0.000000, -0.000000, 0.952832, 0.111231, -0.282381, -0.098894, 0.993428, 0.057620, 0.286935, -0.026976, 0.957570)
    }},
    { Time = 0.417, Data = {
      ["Head"] = CFrame.new(-0.000003, 0.000004, 0.000002, 0.670698, 0.164110, 0.723348, 0.284831, 0.843461, -0.455461, -0.684862, 0.511509, 0.518964),
      ["LeftUpperArm"] = CFrame.new(-0.023277, -0.362789, 0.035491, 0.985460, -0.138527, 0.098384, 0.062915, 0.835382, 0.546058, -0.157832, -0.531928, 0.831950),
      ["LeftUpperLeg"] = CFrame.new(-0.087889, -0.100397, -0.190594, 0.951067, 0.308201, -0.022008, -0.144137, 0.379528, -0.913883, -0.273307, 0.872336, 0.405380),
      ["LowerTorso"] = CFrame.new(0.000000, 0.132472, -0.702185, 1.000000, -0.000000, 0.000000, 0.000000, 0.395283, 0.918559, -0.000000, -0.918559, 0.395283),
      ["RightUpperArm"] = CFrame.new(0.021574, -0.363901, 0.033350, 0.990039, 0.128274, -0.058033, -0.074877, 0.828789, 0.554528, 0.119229, -0.544659, 0.830139),
      ["RightUpperLeg"] = CFrame.new(0.092975, -0.086152, -0.164386, 0.963629, -0.266617, 0.018300, 0.123994, 0.385386, -0.914387, 0.236739, 0.883399, 0.404428),
      ["рҹҢ§пёҸрҹҳірҹ‘»рҹҸіпёҸвҖҚрҹҢҲрҹҳӮрҹ’һрҹҸҙвҖҚвҳ пёҸрҹҺёрҹҢ§пёҸрҹҳірҹ‘»рҹҸіпёҸвҖҚрҹҢҲрҹҳӮрҹ’һрҹҸҙвҖҚвҳ"] = CFrame.new(0.000000, -0.000000, -0.000000, 0.952358, 0.115227, -0.282379, -0.103060, 0.993005, 0.057620, 0.287043, -0.025773, 0.957571)
    }},
    { Time = 0.433, Data = {
      ["Head"] = CFrame.new(-0.000003, 0.000003, 0.000002, 0.670722, 0.164073, 0.723334, 0.278938, 0.847836, -0.450963, -0.687260, 0.504236, 0.522896),
      ["LeftUpperArm"] = CFrame.new(-0.022970, -0.364939, 0.036573, 0.985699, -0.138634, 0.095807, 0.064282, 0.834861, 0.546695, -0.155776, -0.532717, 0.831833),
      ["LeftUpperLeg"] = CFrame.new(-0.087869, -0.100362, -0.190544, 0.951106, 0.308047, -0.022462, -0.144066, 0.378129, -0.914474, -0.273207, 0.872998, 0.404020),
      ["LowerTorso"] = CFrame.new(0.000000, 0.132290, -0.702742, 1.000000, -0.000000, 0.000000, 0.000000, 0.393573, 0.919293, -0.000000, -0.919293, 0.393573),
      ["RightUpperArm"] = CFrame.new(0.021270, -0.366030, 0.034471, 0.990143, 0.128297, -0.056185, -0.075823, 0.828287, 0.555150, 0.117762, -0.545418, 0.829850),
      ["RightUpperLeg"] = CFrame.new(0.092984, -0.086176, -0.164409, 0.963611, -0.266651, 0.018746, 0.124045, 0.383941, -0.914988, 0.236785, 0.884017, 0.403047),
      ["рҹҢ§пёҸрҹҳірҹ‘»рҹҸіпёҸвҖҚрҹҢҲрҹҳӮрҹ’һрҹҸҙвҖҚвҳ пёҸрҹҺёрҹҢ§пёҸрҹҳірҹ‘»рҹҸіпёҸвҖҚрҹҢҲрҹҳӮрҹ’һрҹҸҙвҖҚвҳ"] = CFrame.new(-0.000000, -0.000000, -0.000000, 0.951837, 0.119476, -0.282369, -0.107480, 0.992534, 0.057657, 0.287150, -0.024531, 0.957572)
    }},
    { Time = 0.450, Data = {
      ["Head"] = CFrame.new(-0.000003, 0.000003, 0.000002, 0.670680, 0.164151, 0.723355, 0.272693, 0.852345, -0.446258, -0.689802, 0.496550, 0.526888),
      ["LeftUpperArm"] = CFrame.new(-0.022725, -0.366634, 0.037429, 0.985882, -0.138709, 0.093784, 0.065352, 0.834455, 0.547187, -0.154158, -0.533333, 0.831740),
      ["LeftUpperLeg"] = CFrame.new(-0.087849, -0.100348, -0.190483, 0.951145, 0.307896, -0.022867, -0.144038, 0.377008, -0.914941, -0.273086, 0.873536, 0.402938),
      ["LowerTorso"] = CFrame.new(0.000000, 0.132129, -0.703192, 1.000000, -0.000000, 0.000000, 0.000000, 0.392242, 0.919862, -0.000000, -0.919862, 0.392242),
      ["RightUpperArm"] = CFrame.new(0.021028, -0.367710, 0.035355, 0.990229, 0.128306, -0.054621, -0.076624, 0.827892, 0.555629, 0.116511, -0.546014, 0.829634),
      ["RightUpperLeg"] = CFrame.new(0.092998, -0.086196, -0.164458, 0.963581, -0.266734, 0.019079, 0.124084, 0.382777, -0.915470, 0.236884, 0.884497, 0.401934),
      ["рҹҢ§пёҸрҹҳірҹ‘»рҹҸіпёҸвҖҚрҹҢҲрҹҳӮрҹ’һрҹҸҙвҖҚвҳ пёҸрҹҺёрҹҢ§пёҸрҹҳірҹ‘»рҹҸіпёҸвҖҚрҹҢҲрҹҳӮрҹ’һрҹҸҙвҖҚвҳ"] = CFrame.new(0.000000, -0.000000, -0.000000, 0.951276, 0.123880, -0.282362, -0.112080, 0.992026, 0.057634, 0.287250, -0.023179, 0.957575)
    }},
    { Time = 0.467, Data = {
      ["Head"] = CFrame.new(-0.000002, 0.000003, 0.000002, 0.670695, 0.164105, 0.723352, 0.266310, 0.856917, -0.441330, -0.692277, 0.488634, 0.531027),
      ["LeftUpperArm"] = CFrame.new(-0.022547, -0.367858, 0.038047, 0.986015, -0.138756, 0.092315, 0.066124, 0.834165, 0.547537, -0.152980, -0.533775, 0.831674),
      ["LeftUpperLeg"] = CFrame.new(-0.087836, -0.100331, -0.190446, 0.951171, 0.307794, -0.023153, -0.144005, 0.376167, -0.915293, -0.273012, 0.873934, 0.402124),
      ["LowerTorso"] = CFrame.new(0.000000, 0.132002, -0.703523, 1.000000, -0.000000, 0.000000, 0.000000, 0.391290, 0.920268, -0.000000, -0.920268, 0.391290),
      ["RightUpperArm"] = CFrame.new(0.020849, -0.368934, 0.035977, 0.990286, 0.128296, -0.053606, -0.077115, 0.827566, 0.556047, 0.115701, -0.546512, 0.829420),
      ["RightUpperLeg"] = CFrame.new(0.093019, -0.086211, -0.164533, 0.963541, -0.266865, 0.019299, 0.124114, 0.381892, -0.915835, 0.237034, 0.884840, 0.401090),
      ["рҹҢ§пёҸрҹҳірҹ‘»рҹҸіпёҸвҖҚрҹҢҲрҹҳӮрҹ’һрҹҸҙвҖҚвҳ пёҸрҹҺёрҹҢ§пёҸрҹҳірҹ‘»рҹҸіпёҸвҖҚрҹҢҲрҹҳӮрҹ’һрҹҸҙвҖҚвҳ"] = CFrame.new(0.000000, -0.000000, -0.000000, 0.950672, 0.128453, -0.282351, -0.116848, 0.991476, 0.057636, 0.287348, -0.021801, 0.957578)
    }},
    { Time = 0.483, Data = {
      ["Head"] = CFrame.new(-0.000002, 0.000003, 0.000002, 0.670704, 0.164112, 0.723342, 0.259662, 0.861554, -0.436235, -0.694789, 0.480409, 0.535234),
      ["LeftUpperArm"] = CFrame.new(-0.022442, -0.368597, 0.038422, 0.986086, -0.138798, 0.091483, 0.066573, 0.833991, 0.547748, -0.152322, -0.534036, 0.831627),
      ["LeftUpperLeg"] = CFrame.new(-0.087829, -0.100312, -0.190433, 0.951184, 0.307741, -0.023320, -0.143968, 0.375606, -0.915529, -0.272986, 0.874194, 0.401576),
      ["LowerTorso"] = CFrame.new(0.000000, 0.131922, -0.703725, 1.000000, -0.000000, 0.000000, 0.000000, 0.390718, 0.920511, -0.000000, -0.920511, 0.390718),
      ["RightUpperArm"] = CFrame.new(0.020764, -0.369669, 0.036366, 0.990312, 0.128377, -0.052938, -0.077522, 0.827388, 0.556255, 0.115210, -0.546762, 0.829324),
      ["RightUpperLeg"] = CFrame.new(0.093013, -0.086197, -0.164517, 0.963552, -0.266813, 0.019454, 0.124087, 0.381329, -0.916073, 0.237002, 0.885098, 0.400539),
      ["рҹҢ§пёҸрҹҳірҹ‘»рҹҸіпёҸвҖҚрҹҢҲрҹҳӮрҹ’һрҹҸҙвҖҚвҳ пёҸрҹҺёрҹҢ§пёҸрҹҳірҹ‘»рҹҸіпёҸвҖҚрҹҢҲрҹҳӮрҹ’һрҹҸҙвҖҚвҳ"] = CFrame.new(0.000000, -0.000000, -0.000000, 0.950035, 0.133108, -0.282339, -0.121699, 0.990891, 0.057651, 0.287441, -0.020410, 0.957581)
    }},
    { Time = 0.500, Data = {
      ["Head"] = CFrame.new(-0.000002, 0.000003, 0.000002, 0.670699, 0.164127, 0.723343, 0.252999, 0.866105, -0.431107, -0.697248, 0.472148, 0.539372),
      ["LeftUpperArm"] = CFrame.new(-0.022401, -0.368844, 0.038547, 0.986121, -0.138788, 0.091124, 0.066747, 0.833932, 0.547815, -0.152021, -0.534130, 0.831622),
      ["LeftUpperLeg"] = CFrame.new(-0.087823, -0.100329, -0.190401, 0.951198, 0.307694, -0.023407, -0.144001, 0.375513, -0.915562, -0.272923, 0.874251, 0.401495),
      ["LowerTorso"] = CFrame.new(0.000000, 0.131894, -0.703793, 1.000000, -0.000000, 0.000000, 0.000000, 0.390527, 0.920591, -0.000000, -0.920591, 0.390527),
      ["RightUpperArm"] = CFrame.new(0.020709, -0.369913, 0.036494, 0.990334, 0.128305, -0.052685, -0.077592, 0.827338, 0.556319, 0.114967, -0.546854, 0.829297),
      ["RightUpperLeg"] = CFrame.new(0.093023, -0.086226, -0.164543, 0.963532, -0.266882, 0.019515, 0.124145, 0.381215, -0.916113, 0.237054, 0.885127, 0.400445),
      ["рҹҢ§пёҸрҹҳірҹ‘»рҹҸіпёҸвҖҚрҹҢҲрҹҳӮрҹ’һрҹҸҙвҖҚвҳ пёҸрҹҺёрҹҢ§пёҸрҹҳірҹ‘»рҹҸіпёҸвҖҚрҹҢҲрҹҳӮрҹ’һрҹҸҙвҖҚвҳ"] = CFrame.new(0.000000, -0.000000, -0.000000, 0.949363, 0.137846, -0.282326, -0.126633, 0.990271, 0.057679, 0.287530, -0.019006, 0.957583)
    }},
    { Time = 0.517, Data = {
      ["Head"] = CFrame.new(-0.000002, 0.000003, 0.000002, 0.670678, 0.164116, 0.723364, 0.246290, 0.870615, -0.425876, -0.699665, 0.463783, 0.543483),
      ["LeftUpperArm"] = CFrame.new(-0.022442, -0.368597, 0.038422, 0.986086, -0.138798, 0.091483, 0.066573, 0.833991, 0.547748, -0.152322, -0.534036, 0.831627),
      ["LeftUpperLeg"] = CFrame.new(-0.087829, -0.100312, -0.190433, 0.951184, 0.307741, -0.023320, -0.143968, 0.375606, -0.915529, -0.272986, 0.874194, 0.401576),
      ["LowerTorso"] = CFrame.new(0.000000, 0.131922, -0.703725, 1.000000, -0.000000, 0.000000, 0.000000, 0.390718, 0.920511, -0.000000, -0.920511, 0.390718),
      ["RightUpperArm"] = CFrame.new(0.020764, -0.369669, 0.036366, 0.990312, 0.128377, -0.052938, -0.077522, 0.827388, 0.556255, 0.115210, -0.546762, 0.829324),
      ["RightUpperLeg"] = CFrame.new(0.093013, -0.086197, -0.164517, 0.963552, -0.266813, 0.019454, 0.124087, 0.381329, -0.916073, 0.237002, 0.885098, 0.400539),
