return {
  ["Astros hump 13"] = {
    { Time = 0.000, Data = {
      ["Balls"] = CFrame.new(0.000000, -0.000000, 0.000000, 0.939491, 0.342575, 0.000000, -0.342575, 0.939491, -0.000000, -0.000000, 0.000000, 1.000000),
      ["Cock"] = CFrame.new(0.000000, 0.000000, 0.000000, 0.602507, 0.798114, 0.000000, -0.798114, 0.602507, -0.000000, -0.000000, 0.000000, 1.000000),
      ["Head"] = CFrame.new(0.000010, 0.031477, 0.095686, 1.000000, 0.000000, 0.000000, 0.000000, 0.873627, -0.486597, 0.000000, 0.486597, 0.873627),
      ["LeftUpperArm"] = CFrame.new(-0.040305, -0.049880, 0.093027, 0.966707, -0.140426, -0.213913, -0.240113, -0.208839, -0.948015, 0.088452, 0.967816, -0.235604),
      ["LeftUpperLeg"] = CFrame.new(-0.687168, 0.678148, -0.329439, 0.951054, -0.085593, 0.296934, 0.286508, 0.604286, -0.743472, -0.115797, 0.792156, 0.599232),
      ["LowerTorso"] = CFrame.new(0.000223, 0.013876, 1.404803, 1.000000, -0.000244, -0.000010, -0.000010, -0.081407, 0.996681, -0.000244, -0.996681, -0.081407),
      ["RightUpperArm"] = CFrame.new(0.040305, -0.049880, 0.093027, 0.966707, 0.140426, 0.213913, 0.240113, -0.208839, -0.948015, -0.088452, 0.967816, -0.235604),
      ["RightUpperLeg"] = CFrame.new(0.687173, 0.678162, -0.329431, 0.951054, 0.085593, -0.296934, -0.286508, 0.604286, -0.743472, 0.115797, 0.792156, 0.599232)
    }},
    { Time = 0.017, Data = {
      ["Balls"] = CFrame.new(-0.000000, -0.000000, 0.000000, 0.939310, 0.343069, 0.000000, -0.343069, 0.939310, -0.000000, -0.000000, 0.000000, 1.000000),
      ["Head"] = CFrame.new(0.000010, 0.031477, 0.095686, 1.000000, 0.000000, 0.000000, 0.000000, 0.873843, -0.486207, 0.000000, 0.486207, 0.873843),
      ["LeftUpperArm"] = CFrame.new(-0.040295, -0.049886, 0.093044, 0.966707, -0.140414, -0.213921, -0.240109, -0.208733, -0.948040, 0.088465, 0.967841, -0.235498),
      ["LeftUpperLeg"] = CFrame.new(-0.687157, 0.678168, -0.329376, 0.951054, -0.085608, 0.296930, 0.286503, 0.604361, -0.743414, -0.115811, 0.792098, 0.599307),
      ["LowerTorso"] = CFrame.new(0.000223, 0.013795, 1.404770, 1.000000, -0.000244, -0.000010, -0.000010, -0.081407, 0.996681, -0.000244, -0.996681, -0.081407),
      ["RightUpperArm"] = CFrame.new(0.040295, -0.049886, 0.093044, 0.966707, 0.140414, 0.213921, 0.240109, -0.208733, -0.948040, -0.088465, 0.967841, -0.235498),
      ["RightUpperLeg"] = CFrame.new(0.687163, 0.678182, -0.329368, 0.951054, 0.085608, -0.296930, -0.286503, 0.604361, -0.743414, 0.115811, 0.792098, 0.599307)
    }},
    { Time = 0.033, Data = {
      ["Balls"] = CFrame.new(-0.000000, -0.000000, 0.000000, 0.938768, 0.344551, 0.000000, -0.344551, 0.938768, -0.000000, -0.000000, 0.000000, 1.000000),
      ["Head"] = CFrame.new(0.000010, 0.031477, 0.095686, 1.000000, 0.000000, 0.000000, 0.000000, 0.874493, -0.485038, 0.000000, 0.485038, 0.874493),
      ["LeftUpperArm"] = CFrame.new(-0.040240, -0.049957, 0.093146, 0.966714, -0.140396, -0.213901, -0.240026, -0.208093, -0.948201, 0.088612, 0.967980, -0.234865),
      ["LeftUpperLeg"] = CFrame.new(-0.687075, 0.678241, -0.329032, 0.951070, -0.085562, 0.296891, 0.286331, 0.605143, -0.742843, -0.116102, 0.791505, 0.600033),
      ["LowerTorso"] = CFrame.new(0.000223, 0.012523, 1.404590, 1.000000, -0.000244, -0.000010, -0.000010, -0.080705, 0.996738, -0.000244, -0.996738, -0.080705),
      ["RightUpperArm"] = CFrame.new(0.040240, -0.049957, 0.093146, 0.966714, 0.140396, 0.213901, 0.240026, -0.208093, -0.948201, -0.088612, 0.967980, -0.234865),
      ["RightUpperLeg"] = CFrame.new(0.687080, 0.678256, -0.329024, 0.951070, 0.085562, -0.296891, -0.286331, 0.605143, -0.742843, 0.116102, 0.791505, 0.600033)
    }},
    { Time = 0.050, Data = {
      ["Balls"] = CFrame.new(0.000000, -0.000000, 0.000000, 0.937889, 0.346937, 0.000000, -0.346937, 0.937889, -0.000000, -0.000000, 0.000000, 1.000000),
      ["Head"] = CFrame.new(0.000010, 0.031477, 0.095686, 1.000000, 0.000000, 0.000000, 0.000000, 0.875529, -0.483166, 0.000000, 0.483166, 0.875529),
      ["LeftUpperArm"] = CFrame.new(-0.040103, -0.050180, 0.093415, 0.966706, -0.140391, -0.213937, -0.239912, -0.206473, -0.948584, 0.089000, 0.968328, -0.233280),
      ["LeftUpperLeg"] = CFrame.new(-0.686856, 0.678488, -0.328029, 0.951102, -0.085543, 0.296794, 0.285959, 0.607077, -0.741407, -0.116754, 0.790025, 0.601854),
      ["LowerTorso"] = CFrame.new(0.000222, 0.009338, 1.404079, 1.000000, -0.000244, -0.000010, -0.000010, -0.079065, 0.996869, -0.000244, -0.996869, -0.079065),
      ["RightUpperArm"] = CFrame.new(0.040103, -0.050180, 0.093415, 0.966706, 0.140391, 0.213937, 0.239912, -0.206473, -0.948584, -0.089000, 0.968328, -0.233280),
      ["RightUpperLeg"] = CFrame.new(0.686862, 0.678503, -0.328021, 0.951102, 0.085543, -0.296794, -0.285959, 0.607077, -0.741407, 0.116754, 0.790025, 0.601854)
    }},
    { Time = 0.067, Data = {
      ["Balls"] = CFrame.new(-0.000000, -0.000000, 0.000000, 0.936604, 0.350389, 0.000000, -0.350389, 0.936604, -0.000000, -0.000000, 0.000000, 1.000000),
      ["Head"] = CFrame.new(0.000010, 0.031477, 0.095686, 1.000000, 0.000000, 0.000000, 0.000000, 0.877032, -0.480432, 0.000000, 0.480432, 0.877032),
      ["LeftUpperArm"] = CFrame.new(-0.039850, -0.050591, 0.093941, 0.966699, -0.140433, -0.213944, -0.239629, -0.203227, -0.949356, 0.089842, 0.969008, -0.230111),
      ["LeftUpperLeg"] = CFrame.new(-0.686429, 0.678978, -0.326034, 0.951168, -0.085619, 0.296561, 0.285253, 0.610912, -0.738524, -0.117942, 0.787056, 0.605503),
      ["LowerTorso"] = CFrame.new(0.000222, 0.003044, 1.403083, 1.000000, -0.000244, -0.000009, -0.000009, -0.075782, 0.997124, -0.000244, -0.997124, -0.075782),
      ["RightUpperArm"] = CFrame.new(0.039850, -0.050591, 0.093941, 0.966699, 0.140433, 0.213944, 0.239629, -0.203227, -0.949356, -0.089842, 0.969008, -0.230111),
      ["RightUpperLeg"] = CFrame.new(0.686435, 0.678992, -0.326027, 0.951168, 0.085619, -0.296561, -0.285253, 0.610912, -0.738524, 0.117942, 0.787056, 0.605503)
    }},
    { Time = 0.083, Data = {
      ["Balls"] = CFrame.new(0.000000, -0.000000, 0.000000, 0.934965, 0.354741, 0.000000, -0.354741, 0.934965, -0.000000, -0.000000, 0.000000, 1.000000),
      ["Head"] = CFrame.new(0.000010, 0.031477, 0.095686, 1.000000, 0.000000, 0.000000, 0.000000, 0.878908, -0.476991, 0.000000, 0.476991, 0.878908),
      ["LeftUpperArm"] = CFrame.new(-0.039406, -0.051255, 0.094807, 0.966711, -0.140400, -0.213909, -0.239083, -0.197831, -0.950633, 0.091151, 0.970130, -0.224813),
      ["LeftUpperLeg"] = CFrame.new(-0.685723, 0.679743, -0.322806, 0.951281, -0.085582, 0.296211, 0.284008, 0.617188, -0.733770, -0.120020, 0.782148, 0.611424),
      ["LowerTorso"] = CFrame.new(0.000222, -0.007444, 1.401426, 1.000000, -0.000244, -0.000009, -0.000009, -0.070258, 0.997529, -0.000244, -0.997529, -0.070258),
      ["RightUpperArm"] = CFrame.new(0.039406, -0.051256, 0.094807, 0.966711, 0.140400, 0.213909, 0.239083, -0.197831, -0.950633, -0.091151, 0.970130, -0.224813),
      ["RightUpperLeg"] = CFrame.new(0.685728, 0.679757, -0.322799, 0.951281, 0.085582, -0.296211, -0.284008, 0.617188, -0.733770, 0.120020, 0.782148, 0.611424)
    }},
    { Time = 0.100, Data = {
      ["Balls"] = CFrame.new(-0.000000, -0.000000, 0.000000, 0.932925, 0.360070, 0.000000, -0.360070, 0.932925, -0.000000, -0.000000, 0.000000, 1.000000),
      ["Head"] = CFrame.new(0.000010, 0.031477, 0.095686, 1.000000, 0.000000, 0.000000, 0.000000, 0.881191, -0.472760, 0.000000, 0.472760, 0.881191),
      ["LeftUpperArm"] = CFrame.new(-0.038763, -0.052249, 0.096081, 0.966708, -0.140426, -0.213906, -0.238322, -0.189788, -0.952462, 0.093153, 0.971731, -0.216936),
      ["LeftUpperLeg"] = CFrame.new(-0.684684, 0.680928, -0.317961, 0.951420, -0.085634, 0.295748, 0.282234, 0.626478, -0.726546, -0.123063, 0.774721, 0.620212),
      ["LowerTorso"] = CFrame.new(0.000221, -0.022870, 1.398882, 1.000000, -0.000244, -0.000008, -0.000008, -0.062237, 0.998061, -0.000244, -0.998061, -0.062237),
      ["RightUpperArm"] = CFrame.new(0.038762, -0.052249, 0.096081, 0.966708, 0.140426, 0.213906, 0.238322, -0.189788, -0.952462, -0.093153, 0.971731, -0.216936),
      ["RightUpperLeg"] = CFrame.new(0.684690, 0.680942, -0.317954, 0.951420, 0.085634, -0.295748, -0.282234, 0.626478, -0.726546, 0.123063, 0.774721, 0.620212)
    }},
    { Time = 0.117, Data = {
      ["Balls"] = CFrame.new(0.000000, -0.000000, 0.000000, 0.930469, 0.366372, 0.000000, -0.366372, 0.930469, -0.000000, -0.000000, 0.000000, 1.000000),
      ["Head"] = CFrame.new(0.000010, 0.031477, 0.095686, 1.000000, 0.000000, 0.000000, 0.000000, 0.883869, -0.467735, 0.000000, 0.467735, 0.883869),
      ["LeftUpperArm"] = CFrame.new(-0.037848, -0.053657, 0.097827, 0.966709, -0.140398, -0.213919, -0.237247, -0.178646, -0.954882, 0.095847, 0.973845, -0.206008),
      ["LeftUpperLeg"] = CFrame.new(-0.683224, 0.682494, -0.311242, 0.951633, -0.085554, 0.295085, 0.279581, 0.639380, -0.716260, -0.127393, 0.764117, 0.632374),
      ["LowerTorso"] = CFrame.new(0.000220, -0.044587, 1.395233, 1.000000, -0.000244, -0.000006, -0.000006, -0.050853, 0.998706, -0.000244, -0.998706, -0.050853),
      ["RightUpperArm"] = CFrame.new(0.037848, -0.053657, 0.097827, 0.966709, 0.140398, 0.213919, 0.237247, -0.178646, -0.954882, -0.095847, 0.973845, -0.206008),
      ["RightUpperLeg"] = CFrame.new(0.683230, 0.682507, -0.311235, 0.951633, 0.085554, -0.295085, -0.279581, 0.639380, -0.716260, 0.127393, 0.764117, 0.632374)
    }},
    { Time = 0.133, Data = {
      ["Balls"] = CFrame.new(-0.000000, -0.000000, 0.000000, 0.927574, 0.373639, 0.000000, -0.373639, 0.927574, -0.000000, -0.000000, 0.000000, 1.000000),
      ["Head"] = CFrame.new(0.000010, 0.031476, 0.095686, 1.000000, 0.000000, 0.000000, 0.000000, 0.886927, -0.461910, 0.000000, 0.461910, 0.886927),
      ["LeftUpperArm"] = CFrame.new(-0.036646, -0.055490, 0.100102, 0.966705, -0.140416, -0.213928, -0.235758, -0.163662, -0.957932, 0.099497, 0.976472, -0.191317),
      ["LeftUpperLeg"] = CFrame.new(-0.681282, 0.684553, -0.302197, 0.951917, -0.085538, 0.294172, 0.276005, 0.656163, -0.702333, -0.132949, 0.749755, 0.648222),
      ["LowerTorso"] = CFrame.new(0.000219, -0.073383, 1.390173, 1.000000, -0.000244, -0.000004, -0.000004, -0.035809, 0.999359, -0.000244, -0.999359, -0.035809),
      ["RightUpperArm"] = CFrame.new(0.036646, -0.055490, 0.100102, 0.966705, 0.140416, 0.213928, 0.235758, -0.163662, -0.957932, -0.099497, 0.976472, -0.191317),
      ["RightUpperLeg"] = CFrame.new(0.681288, 0.684566, -0.302191, 0.951917, 0.085538, -0.294172, -0.276005, 0.656163, -0.702333, 0.132949, 0.749755, 0.648222)
    }},
    { Time = 0.150, Data = {
      ["Balls"] = CFrame.new(0.000000, -0.000000, 0.000000, 0.924252, 0.381784, 0.000000, -0.381784, 0.924252, -0.000000, -0.000000, 0.000000, 1.000000),
      ["Head"] = CFrame.new(0.000010, 0.031476, 0.095686, 1.000000, 0.000000, 0.000000, 0.000000, 0.890349, -0.455279, 0.000000, 0.455279, 0.890349),
      ["LeftUpperArm"] = CFrame.new(-0.035090, -0.057872, 0.102929, 0.966713, -0.140391, -0.213909, -0.233744, -0.144531, -0.961496, 0.104069, 0.979490, -0.172536),
      ["LeftUpperLeg"] = CFrame.new(-0.678790, 0.687121, -0.290517, 0.952278, -0.085516, 0.293009, 0.271259, 0.677236, -0.683937, -0.139949, 0.730780, 0.668113),
      ["LowerTorso"] = CFrame.new(0.000217, -0.110436, 1.383344, 1.000000, -0.000244, -0.000002, -0.000002, -0.016412, 0.999865, -0.000244, -0.999865, -0.016412),
      ["RightUpperArm"] = CFrame.new(0.035090, -0.057872, 0.102929, 0.966713, 0.140391, 0.213909, 0.233744, -0.144531, -0.961496, -0.104069, 0.979490, -0.172536),
      ["RightUpperLeg"] = CFrame.new(0.678795, 0.687134, -0.290510, 0.952278, 0.085516, -0.293009, -0.271259, 0.677236, -0.683937, 0.139949, 0.730780, 0.668113)
    }},
    { Time = 0.167, Data = {
      ["Balls"] = CFrame.new(-0.000000, -0.000000, 0.000000, 0.920407, 0.390961, 0.000000, -0.390961, 0.920407, -0.000000, -0.000000, 0.000000, 1.000000),
      ["Head"] = CFrame.new(0.000010, 0.031476, 0.095686, 1.000000, 0.000000, 0.000000, 0.000000, 0.894076, -0.447915, 0.000000, 0.447915, 0.894076),
      ["LeftUpperArm"] = CFrame.new(-0.033164, -0.060783, 0.106323, 0.966692, -0.140428, -0.213977, -0.231187, -0.120399, -0.965431, 0.109811, 0.982743, -0.148854),
      ["LeftUpperLeg"] = CFrame.new(-0.675665, 0.690140, -0.275847, 0.952753, -0.085363, 0.291506, 0.264957, 0.702837, -0.660165, -0.148527, 0.706210, 0.692248),
      ["LowerTorso"] = CFrame.new(0.000215, -0.156697, 1.374288, 1.000000, -0.000244, 0.000001, 0.000001, 0.007798, 0.999970, -0.000244, -0.999970, 0.007798),
      ["RightUpperArm"] = CFrame.new(0.033164, -0.060783, 0.106323, 0.966692, 0.140428, 0.213977, 0.231187, -0.120399, -0.965431, -0.109811, 0.982743, -0.148854),
      ["RightUpperLeg"] = CFrame.new(0.675671, 0.690152, -0.275842, 0.952753, 0.085363, -0.291506, -0.264957, 0.702837, -0.660165, 0.148527, 0.706210, 0.692248)
    }},
    { Time = 0.183, Data = {
      ["Balls"] = CFrame.new(-0.000000, -0.000000, 0.000000, 0.916115, 0.400916, 0.000000, -0.400916, 0.916115, -0.000000, -0.000000, 0.000000, 1.000000),
      ["Head"] = CFrame.new(0.000010, 0.031476, 0.095686, 1.000000, 0.000000, 0.000000, 0.000000, 0.898168, -0.439652, 0.000000, 0.439652, 0.898168),
      ["LeftUpperArm"] = CFrame.new(-0.030783, -0.064332, 0.110260, 0.966708, -0.140365, -0.213949, -0.227758, -0.090899, -0.969466, 0.116632, 0.985918, -0.119842),
      ["LeftUpperLeg"] = CFrame.new(-0.671864, 0.693668, -0.257793, 0.953302, -0.085129, 0.289772, 0.256943, 0.732856, -0.630001, -0.158730, 0.675037, 0.720507),
      ["LowerTorso"] = CFrame.new(0.000212, -0.213198, 1.362430, 1.000000, -0.000244, 0.000005, 0.000005, 0.037366, 0.999302, -0.000244, -0.999302, 0.037366),
      ["RightUpperArm"] = CFrame.new(0.030783, -0.064332, 0.110260, 0.966708, 0.140365, 0.213949, 0.227758, -0.090899, -0.969466, -0.116632, 0.985918, -0.119842),
      ["RightUpperLeg"] = CFrame.new(0.671870, 0.693680, -0.257788, 0.953302, 0.085129, -0.289772, -0.256943, 0.732856, -0.630001, 0.158730, 0.675037, 0.720507)
    }},
    { Time = 0.200, Data = {
      ["Balls"] = CFrame.new(-0.000000, -0.000000, 0.000000, 0.911237, 0.411882, 0.000000, -0.411882, 0.911237, -0.000000, -0.000000, 0.000000, 1.000000),
      ["Head"] = CFrame.new(0.000010, 0.031476, 0.095686, 1.000000, 0.000000, 0.000000, 0.000000, 0.902561, -0.430563, 0.000000, 0.430563, 0.902561),
      ["LeftUpperArm"] = CFrame.new(-0.027942, -0.068554, 0.114673, 0.966713, -0.140342, -0.213940, -0.223405, -0.055383, -0.973151, 0.124726, 0.988553, -0.084893),
      ["LeftUpperLeg"] = CFrame.new(-0.667301, 0.697593, -0.235911, 0.953970, -0.084708, 0.287692, 0.246716, 0.767061, -0.592241, -0.170510, 0.635958, 0.752651),
      ["LowerTorso"] = CFrame.new(0.000209, -0.280981, 1.347052, 1.000000, -0.000244, 0.000009, 0.000009, 0.072846, 0.997343, -0.000244, -0.997343, 0.072846),
      ["RightUpperArm"] = CFrame.new(0.027942, -0.068554, 0.114673, 0.966713, 0.140342, 0.213940, 0.223405, -0.055383, -0.973151, -0.124726, 0.988553, -0.084893),
      ["RightUpperLeg"] = CFrame.new(0.667307, 0.697605, -0.235906, 0.953970, 0.084708, -0.287692, -0.246716, 0.767061, -0.592241, 0.170510, 0.635958, 0.752651)
    }},
    { Time = 0.217, Data = {
      ["Balls"] = CFrame.new(-0.000000, -0.000000, 0.000000, 0.905810, 0.423684, 0.000000, -0.423684, 0.905810, -0.000000, -0.000000, 0.000000, 1.000000),
      ["Head"] = CFrame.new(0.000010, 0.031476, 0.095686, 1.000000, 0.000000, 0.000000, 0.000000, 0.907229, -0.420638, 0.000000, 0.420638, 0.907229),
      ["LeftUpperArm"] = CFrame.new(-0.024724, -0.073342, 0.119269, 0.966709, -0.140335, -0.213960, -0.218164, -0.015103, -0.975795, 0.133707, 0.989989, -0.045217),
      ["LeftUpperLeg"] = CFrame.new(-0.662119, 0.701687, -0.210706, 0.954741, -0.084140, 0.285288, 0.234402, 0.803282, -0.547534, -0.183098, 0.589626, 0.786649),
      ["LowerTorso"] = CFrame.new(0.000205, -0.357612, 1.328101, 1.000000, -0.000244, 0.000014, 0.000014, 0.112841, 0.993613, -0.000244, -0.993613, 0.112841),
      ["RightUpperArm"] = CFrame.new(0.024724, -0.073342, 0.119269, 0.966709, 0.140335, 0.213960, 0.218164, -0.015103, -0.975795, -0.133707, 0.989989, -0.045217),
      ["RightUpperLeg"] = CFrame.new(0.662124, 0.701697, -0.210702, 0.954741, 0.084140, -0.285288, -0.234402, 0.803282, -0.547534, 0.183098, 0.589626, 0.786649)
    }},
    { Time = 0.233, Data = {
      ["Balls"] = CFrame.new(-0.000000, -0.000000, 0.000000, 0.899798, 0.436308, 0.000000, -0.436308, 0.899798, -0.000000, -0.000000, 0.000000, 1.000000),
      ["Head"] = CFrame.new(0.000010, 0.031476, 0.095686, 1.000000, 0.000000, 0.000000, 0.000000, 0.912144, -0.409869, 0.000000, 0.409869, 0.912144),
      ["LeftUpperArm"] = CFrame.new(-0.021907, -0.077538, 0.122961, 0.966695, -0.140406, -0.213977, -0.213232, 0.020512, -0.976786, 0.141535, 0.989882, -0.010110),
      ["LeftUpperLeg"] = CFrame.new(-0.657560, 0.704987, -0.188230, 0.955400, -0.083472, 0.283273, 0.222925, 0.832979, -0.506410, -0.193690, 0.546973, 0.814436),
      ["LowerTorso"] = CFrame.new(0.000202, -0.425090, 1.310053, 1.000000, -0.000243, 0.000018, 0.000018, 0.148016, 0.988985, -0.000243, -0.988985, 0.148016),
      ["RightUpperArm"] = CFrame.new(0.021907, -0.077538, 0.122961, 0.966695, 0.140406, 0.213977, 0.213232, 0.020512, -0.976786, -0.141535, 0.989882, -0.010110),
      ["RightUpperLeg"] = CFrame.new(0.657565, 0.704997, -0.188226, 0.955400, 0.083472, -0.283273, -0.222925, 0.832979, -0.506410, 0.193690, 0.546973, 0.814436)
    }},
    { Time = 0.250, Data = {
      ["Balls"] = CFrame.new(-0.000000, -0.000000, 0.000000, 0.893121, 0.449818, 0.000000, -0.449818, 0.893121, -0.000000, -0.000000, 0.000000, 1.000000),
      ["Head"] = CFrame.new(0.000010, 0.031476, 0.095686, 1.000000, 0.000000, 0.000000, 0.000000, 0.917277, -0.398249, 0.000000, 0.398249, 0.917277),
      ["LeftUpperArm"] = CFrame.new(-0.019533, -0.081044, 0.125785, 0.966710, -0.140367, -0.213936, -0.208852, 0.050177, -0.976659, 0.147826, 0.988827, 0.019191),
      ["LeftUpperLeg"] = CFrame.new(-0.653755, 0.707531, -0.169225, 0.955958, -0.082836, 0.281571, 0.212940, 0.855975, -0.471130, -0.201991, 0.510338, 0.835916),
      ["LowerTorso"] = CFrame.new(0.000199, -0.481290, 1.294039, 1.000000, -0.000243, 0.000022, 0.000022, 0.177282, 0.984160, -0.000243, -0.984160, 0.177282),
      ["RightUpperArm"] = CFrame.new(0.019533, -0.081044, 0.125785, 0.966710, 0.140367, 0.213936, 0.208852, 0.050177, -0.976659, -0.147826, 0.988827, 0.019191),
      ["RightUpperLeg"] = CFrame.new(0.653760, 0.707540, -0.169222, 0.955958, 0.082836, -0.281571, -0.212940, 0.855975, -0.471130, 0.201991, 0.510338, 0.835916)
    }},
    { Time = 0.267, Data = {
      ["Balls"] = CFrame.new(-0.000000, -0.000000, 0.000000, 0.885733, 0.464194, 0.000000, -0.464194, 0.885733, -0.000000, -0.000000, 0.000000, 1.000000),
      ["Head"] = CFrame.new(0.000010, 0.031476, 0.095686, 1.000000, 0.000000, 0.000000, 0.000000, 0.922256, -0.386579, 0.000000, 0.386579, 0.922256),
      ["LeftUpperArm"] = CFrame.new(-0.017603, -0.083925, 0.127922, 0.966701, -0.140386, -0.213965, -0.205190, 0.074423, -0.975888, 0.152925, 0.987296, 0.043139),
      ["LeftUpperLeg"] = CFrame.new(-0.650647, 0.709516, -0.153494, 0.956400, -0.082330, 0.280215, 0.204571, 0.873606, -0.441547, -0.208445, 0.479619, 0.852359),
      ["LowerTorso"] = CFrame.new(0.000197, -0.527084, 1.280304, 1.000000, -0.000243, 0.000025, 0.000025, 0.201026, 0.979586, -0.000243, -0.979586, 0.201026),
      ["RightUpperArm"] = CFrame.new(0.017603, -0.083925, 0.127922, 0.966701, 0.140386, 0.213965, 0.205190, 0.074423, -0.975888, -0.152925, 0.987296, 0.043139),
      ["RightUpperLeg"] = CFrame.new(0.650652, 0.709525, -0.153491, 0.956400, 0.082330, -0.280215, -0.204571, 0.873606, -0.441547, 0.208445, 0.479619, 0.852359)
    }},
    { Time = 0.283, Data = {
      ["Balls"] = CFrame.new(-0.000000, -0.000000, 0.000000, 0.877630, 0.479338, 0.000000, -0.479338, 0.877630, -0.000000, -0.000000, 0.000000, 1.000000),
      ["Head"] = CFrame.new(0.000010, 0.031476, 0.095686, 1.000000, 0.000000, 0.000000, 0.000000, 0.926751, -0.375677, 0.000000, 0.375677, 0.926751),
      ["LeftUpperArm"] = CFrame.new(-0.016055, -0.086243, 0.129520, 0.966700, -0.140392, -0.213963, -0.202145, 0.093799, -0.974854, 0.156932, 0.985643, 0.062296),
      ["LeftUpperLeg"] = CFrame.new(-0.648165, 0.710991, -0.140845, 0.956740, -0.081799, 0.279208, 0.197641, 0.886977, -0.417385, -0.213510, 0.454512, 0.864773),
      ["LowerTorso"] = CFrame.new(0.000195, -0.563724, 1.268880, 1.000000, -0.000243, 0.000027, 0.000027, 0.220008, 0.975498, -0.000243, -0.975498, 0.220008),
      ["RightUpperArm"] = CFrame.new(0.016054, -0.086243, 0.129520, 0.966700, 0.140392, 0.213963, 0.202145, 0.093799, -0.974854, -0.156932, 0.985643, 0.062296),
      ["RightUpperLeg"] = CFrame.new(0.648170, 0.710999, -0.140843, 0.956740, 0.081799, -0.279208, -0.197641, 0.886977, -0.417385, 0.213510, 0.454512, 0.864773)
    }},
    { Time = 0.300, Data = {
      ["Balls"] = CFrame.new(-0.000000, -0.000000, 0.000000, 0.868896, 0.494994, 0.000000, -0.494994, 0.868896, -0.000000, -0.000000, 0.000000, 1.000000),
      ["Head"] = CFrame.new(0.000010, 0.031476, 0.095686, 1.000000, 0.000000, 0.000000, 0.000000, 0.930822, -0.365472, 0.000000, 0.365472, 0.930822),
      ["LeftUpperArm"] = CFrame.new(-0.014826, -0.088041, 0.130698, 0.966713, -0.140312, -0.213958, -0.199715, 0.108915, -0.973782, 0.159936, 0.984099, 0.077267),
      ["LeftUpperLeg"] = CFrame.new(-0.646222, 0.712121, -0.130852, 0.957024, -0.081462, 0.278333, 0.192206, 0.896848, -0.398397, -0.217168, 0.434772, 0.873963),
      ["LowerTorso"] = CFrame.new(0.000193, -0.592175, 1.259735, 1.000000, -0.000242, 0.000029, 0.000029, 0.234709, 0.972066, -0.000242, -0.972066, 0.234709),
      ["RightUpperArm"] = CFrame.new(0.014826, -0.088041, 0.130698, 0.966713, 0.140312, 0.213958, 0.199715, 0.108915, -0.973782, -0.159936, 0.984099, 0.077267),
      ["RightUpperLeg"] = CFrame.new(0.646228, 0.712129, -0.130850, 0.957024, 0.081462, -0.278333, -0.192206, 0.896848, -0.398397, 0.217168, 0.434772, 0.873963)
    }},
    { Time = 0.317, Data = {
      ["Balls"] = CFrame.new(-0.000000, -0.000000, 0.000000, 0.860318, 0.509758, 0.000000, -0.509758, 0.860318, -0.000000, -0.000000, 0.000000, 1.000000),
      ["Head"] = CFrame.new(0.000010, 0.031476, 0.095686, 1.000000, 0.000000, 0.000000, 0.000000, 0.934434, -0.356136, 0.000000, 0.356136, 0.934434),
      ["LeftUpperArm"] = CFrame.new(-0.013925, -0.089405, 0.131540, 0.966706, -0.140333, -0.213979, -0.197881, 0.120225, -0.972825, 0.162245, 0.982778, 0.088453),
      ["LeftUpperLeg"] = CFrame.new(-0.644765, 0.712927, -0.123326, 0.957232, -0.081136, 0.277710, 0.188033, 0.903976, -0.384020, -0.219886, 0.419815, 0.880571),
      ["LowerTorso"] = CFrame.new(0.000192, -0.613469, 1.252730, 1.000000, -0.000242, 0.000030, 0.000030, 0.245669, 0.969354, -0.000242, -0.969354, 0.245669),
      ["RightUpperArm"] = CFrame.new(0.013925, -0.089405, 0.131540, 0.966706, 0.140333, 0.213979, 0.197881, 0.120225, -0.972825, -0.162245, 0.982778, 0.088453),
      ["RightUpperLeg"] = CFrame.new(0.644771, 0.712934, -0.123324, 0.957232, 0.081136, -0.277710, -0.188033, 0.903976, -0.384020, 0.219886, 0.419815, 0.880571)
    }},
    { Time = 0.333, Data = {
      ["Balls"] = CFrame.new(-0.000000, -0.000000, 0.000000, 0.851984, 0.523567, 0.000000, -0.523567, 0.851984, -0.000000, -0.000000, 0.000000, 1.000000),
      ["Head"] = CFrame.new(0.000010, 0.031476, 0.095686, 1.000000, 0.000000, 0.000000, 0.000000, 0.937675, -0.347512, 0.000000, 0.347512, 0.937675),
      ["LeftUpperArm"] = CFrame.new(-0.013276, -0.090401, 0.132126, 0.966701, -0.140338, -0.213995, -0.196563, 0.128259, -0.972066, 0.163864, 0.981761, 0.096403),
      ["LeftUpperLeg"] = CFrame.new(-0.643720, 0.713471, -0.117922, 0.957384, -0.080861, 0.277269, 0.184979, 0.908943, -0.373637, -0.221809, 0.409003, 0.885165),
      ["LowerTorso"] = CFrame.new(0.000191, -0.628805, 1.247609, 1.000000, -0.000242, 0.000031, 0.000031, 0.253600, 0.967309, -0.000242, -0.967309, 0.253600),
      ["RightUpperArm"] = CFrame.new(0.013276, -0.090401, 0.132126, 0.966701, 0.140338, 0.213995, 0.196563, 0.128259, -0.972066, -0.163864, 0.981761, 0.096403),
      ["RightUpperLeg"] = CFrame.new(0.643725, 0.713479, -0.117920, 0.957384, 0.080861, -0.277269, -0.184979, 0.908943, -0.373637, 0.221809, 0.409003, 0.885165)
    }},
    { Time = 0.350, Data = {
      ["Balls"] = CFrame.new(-0.000000, -0.000000, 0.000000, 0.843989, 0.536361, 0.000000, -0.536361, 0.843989, -0.000000, -0.000000, 0.000000, 1.000000),
      ["Head"] = CFrame.new(0.000010, 0.031476, 0.095686, 1.000000, 0.000000, 0.000000, 0.000000, 0.940537, -0.339691, 0.000000, 0.339691, 0.940537),
      ["LeftUpperArm"] = CFrame.new(-0.012850, -0.091041, 0.132503, 0.966708, -0.140372, -0.213940, -0.195585, 0.133748, -0.971524, 0.164989, 0.981024, 0.101841),
      ["LeftUpperLeg"] = CFrame.new(-0.643032, 0.713865, -0.114314, 0.957460, -0.080735, 0.277043, 0.182988, 0.912217, -0.366571, -0.223128, 0.401673, 0.888185),
      ["LowerTorso"] = CFrame.new(0.000190, -0.639032, 1.244152, 1.000000, -0.000242, 0.000032, 0.000032, 0.258864, 0.965914, -0.000242, -0.965914, 0.258864),
      ["RightUpperArm"] = CFrame.new(0.012850, -0.091041, 0.132503, 0.966708, 0.140372, 0.213940, 0.195585, 0.133748, -0.971524, -0.164989, 0.981024, 0.101841),
      ["RightUpperLeg"] = CFrame.new(0.643038, 0.713872, -0.114312, 0.957460, 0.080735, -0.277043, -0.182988, 0.912217, -0.366571, 0.223128, 0.401673, 0.888185)
    }},
    { Time = 0.367, Data = {
      ["Balls"] = CFrame.new(0.000000, -0.000000, 0.000000, 0.836376, 0.548156, 0.000000, -0.548156, 0.836376, -0.000000, -0.000000, 0.000000, 1.000000),
      ["Head"] = CFrame.new(0.000010, 0.031476, 0.095686, 1.000000, 0.000000, 0.000000, 0.000000, 0.943040, -0.332678, 0.000000, 0.332678, 0.943040),
      ["LeftUpperArm"] = CFrame.new(-0.012593, -0.091465, 0.132733, 0.966702, -0.140401, -0.213948, -0.195052, 0.136941, -0.971186, 0.165654, 0.980579, 0.104996),
      ["LeftUpperLeg"] = CFrame.new(-0.642608, 0.714080, -0.112107, 0.957521, -0.080616, 0.276867, 0.181734, 0.914159, -0.362333, -0.223891, 0.397258, 0.889977),
      ["LowerTorso"] = CFrame.new(0.000190, -0.645193, 1.242051, 1.000000, -0.000242, 0.000032, 0.000032, 0.262014, 0.965064, -0.000242, -0.965064, 0.262014),
      ["RightUpperArm"] = CFrame.new(0.012593, -0.091465, 0.132733, 0.966702, 0.140401, 0.213948, 0.195052, 0.136941, -0.971186, -0.165654, 0.980579, 0.104996),
      ["RightUpperLeg"] = CFrame.new(0.642613, 0.714086, -0.112105, 0.957521, 0.080616, -0.276867, -0.181734, 0.914159, -0.362333, 0.223891, 0.397258, 0.889977)
    }},
    { Time = 0.383, Data = {
      ["Balls"] = CFrame.new(-0.000000, -0.000000, 0.000000, 0.829188, 0.558970, 0.000000, -0.558970, 0.829188, -0.000000, -0.000000, 0.000000, 1.000000),
      ["Head"] = CFrame.new(0.000010, 0.031476, 0.095686, 1.000000, 0.000000, 0.000000, 0.000000, 0.945205, -0.326479, 0.000000, 0.326479, 0.945205),
      ["LeftUpperArm"] = CFrame.new(-0.012442, -0.091665, 0.132850, 0.966709, -0.140343, -0.213958, -0.194779, 0.138647, -0.970998, 0.165938, 0.980347, 0.106696),
      ["LeftUpperLeg"] = CFrame.new(-0.642387, 0.714173, -0.110976, 0.957557, -0.080526, 0.276768, 0.181054, 0.915161, -0.360138, -0.224287, 0.394962, 0.890898),
      ["LowerTorso"] = CFrame.new(0.000190, -0.648415, 1.240952, 1.000000, -0.000242, 0.000032, 0.000032, 0.263691, 0.964607, -0.000242, -0.964607, 0.263691),
      ["RightUpperArm"] = CFrame.new(0.012442, -0.091665, 0.132850, 0.966709, 0.140343, 0.213958, 0.194779, 0.138647, -0.970998, -0.165938, 0.980347, 0.106696),
      ["RightUpperLeg"] = CFrame.new(0.642393, 0.714179, -0.110974, 0.957557, 0.080526, -0.276768, -0.181054, 0.915161, -0.360138, 0.224287, 0.394962, 0.890898)
    }},
    { Time = 0.400, Data = {
      ["Balls"] = CFrame.new(-0.000000, -0.000000, 0.000000, 0.822463, 0.568819, 0.000000, -0.568819, 0.822463, -0.000000, -0.000000, 0.000000, 1.000000),
      ["Head"] = CFrame.new(0.000010, 0.031476, 0.095686, 1.000000, 0.000000, 0.000000, 0.000000, 0.947046, -0.321097, 0.000000, 0.321097, 0.947046),
      ["LeftUpperArm"] = CFrame.new(-0.012389, -0.091725, 0.132890, 0.966712, -0.140333, -0.213950, -0.194657, 0.139330, -0.970925, 0.166062, 0.980252, 0.107375),
      ["LeftUpperLeg"] = CFrame.new(-0.642307, 0.714240, -0.110535, 0.957568, -0.080566, 0.276717, 0.180871, 0.915509, -0.359346, -0.224385, 0.394149, 0.891234),
      ["LowerTorso"] = CFrame.new(0.000190, -0.649509, 1.240572, 1.000000, -0.000242, 0.000033, 0.000033, 0.264215, 0.964464, -0.000242, -0.964464, 0.264215),
      ["RightUpperArm"] = CFrame.new(0.012389, -0.091725, 0.132890, 0.966712, 0.140333, 0.213950, 0.194657, 0.139330, -0.970925, -0.166062, 0.980252, 0.107375),
      ["RightUpperLeg"] = CFrame.new(0.642312, 0.714247, -0.110533, 0.957568, 0.080566, -0.276717, -0.180871, 0.915509, -0.359346, 0.224385, 0.394149, 0.891234)
    }},
    { Time = 0.417, Data = {
      ["Balls"] = CFrame.new(-0.000000, -0.000000, 0.000000, 0.816185, 0.577791, 0.000000, -0.577791, 0.816185, -0.000000, -0.000000, 0.000000, 1.000000),
      ["Head"] = CFrame.new(0.000010, 0.031476, 0.095686, 1.000000, 0.000000, 0.000000, 0.000000, 0.948580, -0.316537, 0.000000, 0.316537, 0.948580),
      ["LeftUpperArm"] = CFrame.new(-0.012382, -0.091759, 0.132900, 0.966712, -0.140333, -0.213950, -0.194657, 0.139330, -0.970925, 0.166062, 0.980252, 0.107375),
      ["LeftUpperLeg"] = CFrame.new(-0.642296, 0.714253, -0.110474, 0.957568, -0.080591, 0.276709, 0.180851, 0.915576, -0.359186, -0.224401, 0.393988, 0.891301),
      ["LowerTorso"] = CFrame.new(0.000190, -0.649695, 1.240510, 1.000000, -0.000242, 0.000033, 0.000033, 0.264319, 0.964435, -0.000242, -0.964435, 0.264319),
      ["RightUpperArm"] = CFrame.new(0.012382, -0.091759, 0.132900, 0.966712, 0.140333, 0.213950, 0.194657, 0.139330, -0.970925, -0.166062, 0.980252, 0.107375),
      ["RightUpperLeg"] = CFrame.new(0.642302, 0.714260, -0.110472, 0.957568, 0.080591, -0.276709, -0.180851, 0.915576, -0.359186, 0.224401, 0.393988, 0.891301)
    }},
    { Time = 0.433, Data = {
      ["Balls"] = CFrame.new(-0.000000, -0.000000, 0.000000, 0.810435, 0.585828, 0.000000, -0.585828, 0.810435, -0.000000, -0.000000, 0.000000, 1.000000),
      ["Head"] = CFrame.new(0.000010, 0.031476, 0.095686, 1.000000, 0.000000, 0.000000, 0.000000, 0.949818, -0.312802, 0.000000, 0.312802, 0.949818),
      ["LeftUpperArm"] = CFrame.new(-0.012427, -0.091691, 0.132861, 0.966709, -0.140331, -0.213966, -0.194769, 0.138761, -0.970984, 0.165949, 0.980333, 0.106809),
      ["LeftUpperLeg"] = CFrame.new(-0.642370, 0.714199, -0.110871, 0.957557, -0.080551, 0.276761, 0.181034, 0.915229, -0.359977, -0.224303, 0.394802, 0.890966),
      ["LowerTorso"] = CFrame.new(0.000190, -0.648652, 1.240869, 1.000000, -0.000242, 0.000032, 0.000032, 0.263795, 0.964579, -0.000242, -0.964579, 0.263795),
      ["RightUpperArm"] = CFrame.new(0.012427, -0.091691, 0.132861, 0.966709, 0.140331, 0.213966, 0.194769, 0.138761, -0.970984, -0.165949, 0.980333, 0.106809),
      ["RightUpperLeg"] = CFrame.new(0.642375, 0.714206, -0.110869, 0.957557, 0.080551, -0.276761, -0.181034, 0.915229, -0.359977, 0.224303, 0.394802, 0.890966)
    }},
    { Time = 0.450, Data = {
      ["Balls"] = CFrame.new(-0.000000, -0.000000, 0.000000, 0.805245, 0.592943, 0.000000, -0.592943, 0.805245, -0.000000, -0.000000, 0.000000, 1.000000),
      ["Head"] = CFrame.new(0.000010, 0.031476, 0.095686, 1.000000, 0.000000, 0.000000, 0.000000, 0.950798, -0.309812, 0.000000, 0.309812, 0.950798),
      ["LeftUpperArm"] = CFrame.new(-0.012576, -0.091456, 0.132739, 0.966702, -0.140376, -0.213965, -0.195032, 0.137168, -0.971158, 0.165677, 0.980551, 0.105223),
      ["LeftUpperLeg"] = CFrame.new(-0.642592, 0.714104, -0.112011, 0.957521, -0.080640, 0.276860, 0.181714, 0.914227, -0.362173, -0.223907, 0.397097, 0.890045),
      ["LowerTorso"] = CFrame.new(0.000190, -0.645418, 1.241973, 1.000000, -0.000242, 0.000032, 0.000032, 0.262119, 0.965036, -0.000242, -0.965036, 0.262119),
      ["RightUpperArm"] = CFrame.new(0.012576, -0.091456, 0.132739, 0.966702, 0.140376, 0.213965, 0.195032, 0.137168, -0.971158, -0.165677, 0.980551, 0.105223),
      ["RightUpperLeg"] = CFrame.new(0.642597, 0.714111, -0.112009, 0.957521, 0.080640, -0.276860, -0.181714, 0.914227, -0.362173, 0.223907, 0.397097, 0.890045)
    }},
    { Time = 0.467, Data = {
      ["Balls"] = CFrame.new(-0.000000, -0.000000, 0.000000, 0.800584, 0.599221, 0.000000, -0.599221, 0.800584, -0.000000, -0.000000, 0.000000, 1.000000),
      ["Head"] = CFrame.new(0.000010, 0.031476, 0.095686, 1.000000, 0.000000, 0.000000, 0.000000, 0.951473, -0.307733, 0.000000, 0.307733, 0.951473),
      ["LeftUpperArm"] = CFrame.new(-0.012786, -0.091117, 0.132547, 0.966709, -0.140310, -0.213981, -0.195537, 0.134316, -0.971455, 0.165046, 0.980955, 0.102409),
      ["LeftUpperLeg"] = CFrame.new(-0.642950, 0.713887, -0.113907, 0.957483, -0.080680, 0.276978, 0.182732, 0.912549, -0.365874, -0.223237, 0.400931, 0.888493),
      ["LowerTorso"] = CFrame.new(0.000190, -0.640095, 1.243788, 1.000000, -0.000242, 0.000032, 0.000032, 0.259390, 0.965773, -0.000242, -0.965773, 0.259390),
      ["RightUpperArm"] = CFrame.new(0.012786, -0.091117, 0.132547, 0.966709, 0.140310, 0.213981, 0.195537, 0.134316, -0.971455, -0.165046, 0.980955, 0.102409),
      ["RightUpperLeg"] = CFrame.new(0.642955, 0.713894, -0.113905, 0.957483, 0.080680, -0.276978, -0.182732, 0.912549, -0.365874, 0.223237, 0.400931, 0.888493)
    }},
    { Time = 0.483, Data = {
      ["Balls"] = CFrame.new(-0.000000, -0.000000, 0.000000, 0.796529, 0.604600, 0.000000, -0.604600, 0.796529, -0.000000, -0.000000, 0.000000, 1.000000),
      ["Head"] = CFrame.new(0.000010, 0.031476, 0.095686, 1.000000, 0.000000, 0.000000, 0.000000, 0.951875, -0.306486, 0.000000, 0.306486, 0.951875),
      ["LeftUpperArm"] = CFrame.new(-0.013104, -0.090643, 0.132271, 0.966711, -0.140305, -0.213972, -0.196199, 0.130318, -0.971866, 0.164242, 0.981495, 0.098452),
      ["LeftUpperLeg"] = CFrame.new(-0.643468, 0.713634, -0.116583, 0.957398, -0.080829, 0.277227, 0.184260, 0.910184, -0.370963, -0.222344, 0.406241, 0.886302),
      ["LowerTorso"] = CFrame.new(0.000191, -0.632570, 1.246334, 1.000000, -0.000242, 0.000031, 0.000031, 0.255497, 0.966810, -0.000242, -0.966810, 0.255497),
      ["RightUpperArm"] = CFrame.new(0.013104, -0.090643, 0.132271, 0.966711, 0.140305, 0.213972, 0.196199, 0.130318, -0.971866, -0.164242, 0.981495, 0.098452),
      ["RightUpperLeg"] = CFrame.new(0.643474, 0.713641, -0.116581, 0.957398, 0.080829, -0.277227, -0.184260, 0.910184, -0.370963, 0.222344, 0.406241, 0.886302)
    }},
    { Time = 0.500, Data = {
      ["Balls"] = CFrame.new(-0.000000, -0.000000, 0.000000, 0.793045, 0.609163, 0.000000, -0.609163, 0.793045, -0.000000, -0.000000, 0.000000, 1.000000),
      ["Head"] = CFrame.new(0.000010, 0.031476, 0.095686, 1.000000, 0.000000, 0.000000, 0.000000, 0.952009, -0.306070, 0.000000, 0.306070, 0.952009),
      ["LeftUpperArm"] = CFrame.new(-0.013528, -0.090037, 0.131907, 0.966710, -0.140362, -0.213939, -0.197019, 0.125167, -0.972377, 0.163263, 0.982157, 0.093346),
      ["LeftUpperLeg"] = CFrame.new(-0.644124, 0.713258, -0.120010, 0.957311, -0.080926, 0.277501, 0.186121, 0.907095, -0.377542, -0.221167, 0.413074, 0.883434),
      ["LowerTorso"] = CFrame.new(0.000191, -0.622941, 1.249571, 1.000000, -0.000242, 0.000031, 0.000031, 0.250539, 0.968107, -0.000242, -0.968107, 0.250539),
      ["RightUpperArm"] = CFrame.new(0.013529, -0.090037, 0.131907, 0.966710, 0.140362, 0.213939, 0.197019, 0.125167, -0.972377, -0.163263, 0.982157, 0.093346),
      ["RightUpperLeg"] = CFrame.new(0.644129, 0.713266, -0.120008, 0.957311, 0.080926, -0.277501, -0.186121, 0.907095, -0.377542, 0.221167, 0.413074, 0.883434)
    }},
    { Time = 0.517, Data = {
      ["Balls"] = CFrame.new(-0.000000, 0.000000, 0.000000, 0.790203, 0.612845, 0.000000, -0.612845, 0.790203, -0.000000, -0.000000, 0.000000, 1.000000),
      ["Head"] = CFrame.new(0.000010, 0.031476, 0.095686, 1.000000, 0.000000, 0.000000, 0.000000, 0.951875, -0.306486, 0.000000, 0.306486, 0.951875),
      ["LeftUpperArm"] = CFrame.new(-0.014025, -0.089273, 0.131453, 0.966699, -0.140344, -0.214003, -0.198113, 0.118959, -0.972934, 0.162003, 0.982930, 0.087194),
      ["LeftUpperLeg"] = CFrame.new(-0.644928, 0.712835, -0.124169, 0.957196, -0.081150, 0.277831, 0.188469, 0.903257, -0.385495, -0.219670, 0.421357, 0.879888),
      ["LowerTorso"] = CFrame.new(0.000192, -0.611197, 1.253484, 1.000000, -0.000242, 0.000030, 0.000030, 0.244502, 0.969649, -0.000242, -0.969649, 0.244502),
      ["RightUpperArm"] = CFrame.new(0.014025, -0.089273, 0.131453, 0.966699, 0.140344, 0.214003, 0.198113, 0.118959, -0.972934, -0.162003, 0.982930, 0.087194),
      ["RightUpperLeg"] = CFrame.new(0.644933, 0.712842, -0.124167, 0.957196, 0.081150, -0.277831, -0.188469, 0.903257, -0.385495, 0.219670, 0.421357, 0.879888)
    }},
    { Time = 0.533, Data = {
      ["Balls"] = CFrame.new(-0.000000, -0.000000, 0.000000, 0.787961, 0.615726, 0.000000, -0.615726, 0.787961, -0.000000, -0.000000, 0.000000, 1.000000),
      ["Head"] = CFrame.new(0.000010, 0.031476, 0.095686, 1.000000, 0.000000, 0.000000, 0.000000, 0.951473, -0.307733, 0.000000, 0.307733, 0.951473),
      ["LeftUpperArm"] = CFrame.new(-0.014614, -0.088383, 0.130904, 0.966705, -0.140334, -0.213980, -0.199302, 0.111576, -0.973565, 0.160499, 0.983797, 0.079892),
      ["LeftUpperLeg"] = CFrame.new(-0.645871, 0.712288, -0.129066, 0.957077, -0.081307, 0.278195, 0.191150, 0.898578, -0.394993, -0.217864, 0.431216, 0.875550),
      ["LowerTorso"] = CFrame.new(0.000193, -0.597218, 1.258082, 1.000000, -0.000242, 0.000029, 0.000029, 0.237270, 0.971444, -0.000242, -0.971444, 0.237270),
      ["RightUpperArm"] = CFrame.new(0.014614, -0.088383, 0.130904, 0.966705, 0.140334, 0.213980, 0.199302, 0.111576, -0.973565, -0.160499, 0.983797, 0.079892),
      ["RightUpperLeg"] = CFrame.new(0.645876, 0.712296, -0.129064, 0.957077, 0.081307, -0.278195, -0.191150, 0.898578, -0.394993, 0.217864, 0.431216, 0.875550)
    }},
    { Time = 0.550, Data = {
      ["Balls"] = CFrame.new(-0.000000, -0.000000, 0.000000, 0.786384, 0.617738, 0.000000, -0.617738, 0.786384, -0.000000, -0.000000, 0.000000, 1.000000),
      ["Head"] = CFrame.new(0.000010, 0.031476, 0.095686, 1.000000, 0.000000, 0.000000, 0.000000, 0.950798, -0.309812, 0.000000, 0.309812, 0.950798),
      ["LeftUpperArm"] = CFrame.new(-0.015309, -0.087339, 0.130249, 0.966707, -0.140379, -0.213943, -0.200632, 0.103118, -0.974225, 0.158822, 0.984713, 0.071520),
      ["LeftUpperLeg"] = CFrame.new(-0.646976, 0.711692, -0.134730, 0.956906, -0.081579, 0.278704, 0.194314, 0.893092, -0.405745, -0.215807, 0.442416, 0.870457),
      ["LowerTorso"] = CFrame.new(0.000194, -0.581202, 1.263290, 1.000000, -0.000243, 0.000028, 0.000028, 0.229038, 0.973417, -0.000243, -0.973417, 0.229038),
      ["RightUpperArm"] = CFrame.new(0.015309, -0.087339, 0.130249, 0.966707, 0.140379, 0.213943, 0.200632, 0.103118, -0.974225, -0.158822, 0.984713, 0.071520),
      ["RightUpperLeg"] = CFrame.new(0.646981, 0.711700, -0.134728, 0.956906, 0.081579, -0.278704, -0.194314, 0.893092, -0.405745, 0.215807, 0.442416, 0.870457)
    }},
    { Time = 0.567, Data = {
      ["Balls"] = CFrame.new(-0.000000, -0.000000, 0.000000, 0.785367, 0.619031, 0.000000, -0.619031, 0.785367, -0.000000, -0.000000, 0.000000, 1.000000),
      ["Head"] = CFrame.new(0.000010, 0.031476, 0.095686, 1.000000, 0.000000, 0.000000, 0.000000, 0.949818, -0.312802, 0.000000, 0.312802, 0.949818),
      ["LeftUpperArm"] = CFrame.new(-0.016081, -0.086179, 0.129487, 0.966697, -0.140368, -0.213996, -0.202236, 0.093447, -0.974868, 0.156837, 0.985680, 0.061947),
      ["LeftUpperLeg"] = CFrame.new(-0.648209, 0.710952, -0.141084, 0.956750, -0.081814, 0.279171, 0.197772, 0.886690, -0.417931, -0.213346, 0.455068, 0.864521),
