return {
  ["Astros Doggy5"] = {
    { Time = 0.000, Data = {
      ["BaseMoreOpened"] = CFrame.new(-0.000000, -0.058157, 0.092764, 1.000000, -0.000000, 0.000000, 0.000000, 0.947411, 0.320020, -0.000000, -0.320020, 0.947411),
      ["BaseOpened"] = CFrame.new(0.000000, -0.100647, -0.028942, 1.000000, -0.000000, 0.000000, 0.000000, 0.935369, 0.353674, -0.000000, -0.353674, 0.935369),
      ["Head"] = CFrame.new(0.000005, -0.165747, 0.108452, 0.361746, -0.391449, -0.846113, -0.665006, 0.527725, -0.528464, 0.653382, 0.753840, -0.069414),
      ["LeftUpperArm"] = CFrame.new(-1.135608, 0.423917, 0.004341, -0.934938, -0.354404, 0.016997, 0.209461, -0.589969, -0.779784, 0.286386, -0.725489, 0.625818),
      ["LeftUpperLeg"] = CFrame.new(-0.001540, 0.114885, -0.114559, 0.862102, 0.505748, 0.031613, 0.352803, -0.554269, -0.753867, -0.363745, 0.661063, -0.656266),
      ["LowerTorso"] = CFrame.new(0.000000, -0.266419, -1.635853, 1.000000, 0.000000, 0.000000, 0.000000, -0.748441, 0.663201, 0.000000, -0.663201, -0.748441),
      ["RightUpperArm"] = CFrame.new(1.174206, 0.167100, -0.438444, -0.941878, 0.335931, 0.004019, -0.215772, -0.595720, -0.773667, -0.257504, -0.729567, 0.633580),
      ["RightUpperLeg"] = CFrame.new(0.038769, 0.134218, -0.138730, 0.922462, -0.386082, -0.002189, -0.268409, -0.637212, -0.722439, 0.277526, 0.667010, -0.691431),
      ["рҹҢ§пёҸрҹҳірҹ‘»рҹҸіпёҸвҖҚрҹҢҲрҹҳӮрҹ’һрҹҸҙвҖҚвҳ пёҸрҹҺёрҹҢ§пёҸрҹҳірҹ‘»рҹҸіпёҸвҖҚрҹҢҲрҹҳӮрҹ’һрҹҸҙвҖҚвҳ"] = CFrame.new(0.000000, 0.000000, 0.000000, 1.000000, 0.000432, 0.000000, -0.000432, 1.000000, -0.000000, -0.000000, 0.000000, 1.000000)
    }},
    { Time = 0.017, Data = {
      ["Head"] = CFrame.new(0.000005, -0.165747, 0.108452, 0.361718, -0.391432, -0.846133, -0.669544, 0.522488, -0.527937, 0.648746, 0.757487, -0.073088),
      ["LeftUpperArm"] = CFrame.new(-1.135447, 0.423748, 0.004400, -0.935184, -0.353790, 0.016224, 0.209916, -0.590610, -0.779176, 0.285247, -0.725268, 0.626595),
      ["LeftUpperLeg"] = CFrame.new(-0.001540, 0.114893, -0.114551, 0.862102, 0.505750, 0.031588, 0.352821, -0.554338, -0.753808, -0.363728, 0.661004, -0.656335),
      ["LowerTorso"] = CFrame.new(0.000000, -0.266358, -1.636004, 1.000000, 0.000000, 0.000000, 0.000000, -0.748503, 0.663132, 0.000000, -0.663132, -0.748503),
      ["RightUpperArm"] = CFrame.new(1.174574, 0.166987, -0.438182, -0.941373, 0.337327, 0.005150, -0.217848, -0.596149, -0.772753, -0.257600, -0.728571, 0.634686),
      ["RightUpperLeg"] = CFrame.new(0.038769, 0.134218, -0.138731, 0.922462, -0.386082, -0.002189, -0.268409, -0.637212, -0.722439, 0.277526, 0.667010, -0.691431),
      ["рҹҢ§пёҸрҹҳірҹ‘»рҹҸіпёҸвҖҚрҹҢҲрҹҳӮрҹ’һрҹҸҙвҖҚвҳ пёҸрҹҺёрҹҢ§пёҸрҹҳірҹ‘»рҹҸіпёҸвҖҚрҹҢҲрҹҳӮрҹ’һрҹҸҙвҖҚвҳ"] = CFrame.new(0.000000, 0.000000, 0.000000, 1.000000, 0.000432, 0.000000, -0.000432, 1.000000, -0.000000, -0.000000, 0.000000, 1.000000)
    }},
    { Time = 0.033, Data = {
      ["Head"] = CFrame.new(0.000005, -0.165747, 0.108453, 0.361692, -0.391485, -0.846119, -0.674006, 0.517233, -0.527434, 0.644123, 0.761058, -0.076784),
      ["LeftUpperArm"] = CFrame.new(-1.135305, 0.423587, 0.004461, -0.935401, -0.353252, 0.015412, 0.210445, -0.591222, -0.778569, 0.284143, -0.725031, 0.627370),
      ["LeftUpperLeg"] = CFrame.new(-0.001549, 0.114893, -0.114571, 0.862085, 0.505786, 0.031463, 0.352820, -0.554478, -0.753706, -0.363768, 0.660860, -0.656458),
      ["LowerTorso"] = CFrame.new(0.000000, -0.266113, -1.636521, 1.000000, 0.000000, 0.000000, 0.000000, -0.748747, 0.662856, 0.000000, -0.662856, -0.748747),
      ["RightUpperArm"] = CFrame.new(1.174941, 0.166895, -0.437936, -0.940866, 0.338722, 0.006295, -0.219912, -0.596502, -0.771897, -0.257704, -0.727636, 0.635716),
      ["RightUpperLeg"] = CFrame.new(0.038760, 0.134177, -0.138740, 0.922480, -0.386039, -0.002040, -0.268326, -0.637376, -0.722325, 0.277545, 0.666878, -0.691551),
      ["рҹҢ§пёҸрҹҳірҹ‘»рҹҸіпёҸвҖҚрҹҢҲрҹҳӮрҹ’һрҹҸҙвҖҚвҳ пёҸрҹҺёрҹҢ§пёҸрҹҳірҹ‘»рҹҸіпёҸвҖҚрҹҢҲрҹҳӮрҹ’һрҹҸҙвҖҚвҳ"] = CFrame.new(0.000000, 0.000000, 0.000000, 1.000000, 0.000432, 0.000000, -0.000432, 1.000000, -0.000000, -0.000000, 0.000000, 1.000000)
    }},
    { Time = 0.050, Data = {
      ["Head"] = CFrame.new(0.000005, -0.165748, 0.108452, 0.361748, -0.391393, -0.846138, -0.678331, 0.512108, -0.526889, 0.639535, 0.764563, -0.080240),
      ["LeftUpperArm"] = CFrame.new(-1.135164, 0.423427, 0.004525, -0.935618, -0.352714, 0.014600, 0.210973, -0.591834, -0.777961, 0.283038, -0.724794, 0.628143),
      ["LeftUpperLeg"] = CFrame.new(-0.001536, 0.114876, -0.114557, 0.862111, 0.505755, 0.031252, 0.352785, -0.554799, -0.753486, -0.363741, 0.660614, -0.656721),
      ["LowerTorso"] = CFrame.new(0.000000, -0.265808, -1.637265, 1.000000, 0.000000, 0.000000, 0.000000, -0.749053, 0.662510, 0.000000, -0.662510, -0.749053),
      ["RightUpperArm"] = CFrame.new(1.175308, 0.166803, -0.437690, -0.940353, 0.340119, 0.007439, -0.221975, -0.596848, -0.771038, -0.257805, -0.726699, 0.636745),
      ["RightUpperLeg"] = CFrame.new(0.038760, 0.134190, -0.138727, 0.922480, -0.386039, -0.002003, -0.268352, -0.637509, -0.722197, 0.277520, 0.666750, -0.691684),
      ["рҹҢ§пёҸрҹҳірҹ‘»рҹҸіпёҸвҖҚрҹҢҲрҹҳӮрҹ’һрҹҸҙвҖҚвҳ пёҸрҹҺёрҹҢ§пёҸрҹҳірҹ‘»рҹҸіпёҸвҖҚрҹҢҲрҹҳӮрҹ’һрҹҸҙвҖҚвҳ"] = CFrame.new(0.000000, 0.000000, 0.000000, 1.000000, 0.000518, 0.000000, -0.000518, 1.000000, -0.000000, -0.000000, 0.000000, 1.000000)
    }},
    { Time = 0.067, Data = {
      ["Head"] = CFrame.new(0.000005, -0.165748, 0.108453, 0.361749, -0.391477, -0.846099, -0.682462, 0.507088, -0.526409, 0.635124, 0.767859, -0.083730),
      ["LeftUpperArm"] = CFrame.new(-1.135022, 0.423283, 0.004571, -0.935832, -0.352177, 0.013769, 0.211486, -0.592372, -0.777412, 0.281943, -0.724615, 0.628841),
      ["LeftUpperLeg"] = CFrame.new(-0.001531, 0.114858, -0.114564, 0.862121, 0.505759, 0.030916, 0.352748, -0.555259, -0.753165, -0.363754, 0.660224, -0.657106),
      ["LowerTorso"] = CFrame.new(0.000000, -0.265257, -1.638438, 1.000000, 0.000000, 0.000000, 0.000000, -0.749603, 0.661888, 0.000000, -0.661888, -0.749603),
      ["RightUpperArm"] = CFrame.new(1.175645, 0.166699, -0.437446, -0.939880, 0.341402, 0.008429, -0.223851, -0.597244, -0.770188, -0.257910, -0.725771, 0.637761),
      ["RightUpperLeg"] = CFrame.new(0.038767, 0.134193, -0.138747, 0.922467, -0.386071, -0.001870, -0.268358, -0.637709, -0.722019, 0.277558, 0.666541, -0.691870),
      ["рҹҢ§пёҸрҹҳірҹ‘»рҹҸіпёҸвҖҚрҹҢҲрҹҳӮрҹ’һрҹҸҙвҖҚвҳ пёҸрҹҺёрҹҢ§пёҸрҹҳірҹ‘»рҹҸіпёҸвҖҚрҹҢҲрҹҳӮрҹ’һрҹҸҙвҖҚвҳ"] = CFrame.new(-0.000000, 0.000000, 0.000000, 1.000000, 0.000604, 0.000000, -0.000604, 1.000000, -0.000000, -0.000000, 0.000000, 1.000000)
    }},
    { Time = 0.083, Data = {
      ["Head"] = CFrame.new(0.000004, -0.165748, 0.108454, 0.361757, -0.391464, -0.846102, -0.686397, 0.502308, -0.525876, 0.630865, 0.771001, -0.086987),
      ["LeftUpperArm"] = CFrame.new(-1.134871, 0.423115, 0.004635, -0.936059, -0.351601, 0.013069, 0.211900, -0.593010, -0.776812, 0.280878, -0.724373, 0.629597),
      ["LeftUpperLeg"] = CFrame.new(-0.001547, 0.114883, -0.114578, 0.862088, 0.505835, 0.030592, 0.352799, -0.555745, -0.752781, -0.363782, 0.659756, -0.657560),
      ["LowerTorso"] = CFrame.new(0.000000, -0.264647, -1.639832, 1.000000, 0.000000, 0.000000, 0.000000, -0.750214, 0.661196, 0.000000, -0.661196, -0.750214),
      ["RightUpperArm"] = CFrame.new(1.175983, 0.166614, -0.437217, -0.939403, 0.342686, 0.009435, -0.225714, -0.597564, -0.769396, -0.258023, -0.724902, 0.638702),
      ["RightUpperLeg"] = CFrame.new(0.038773, 0.134202, -0.138760, 0.922454, -0.386104, -0.001719, -0.268376, -0.637974, -0.721778, 0.277584, 0.666268, -0.692123),
      ["рҹҢ§пёҸрҹҳірҹ‘»рҹҸіпёҸвҖҚрҹҢҲрҹҳӮрҹ’һрҹҸҙвҖҚвҳ пёҸрҹҺёрҹҢ§пёҸрҹҳірҹ‘»рҹҸіпёҸвҖҚрҹҢҲрҹҳӮрҹ’һрҹҸҙвҖҚвҳ"] = CFrame.new(0.000000, 0.000000, 0.000000, 1.000000, 0.000691, 0.000000, -0.000691, 1.000000, -0.000000, -0.000000, 0.000000, 1.000000)
    }},
    { Time = 0.100, Data = {
      ["Head"] = CFrame.new(0.000004, -0.165748, 0.108454, 0.361695, -0.391459, -0.846130, -0.690116, 0.497790, -0.525304, 0.626831, 0.773928, -0.090104),
      ["LeftUpperArm"] = CFrame.new(-1.134749, 0.422993, 0.004676, -0.936243, -0.351136, 0.012373, 0.212322, -0.593475, -0.776342, 0.279944, -0.724218, 0.630190),
      ["LeftUpperLeg"] = CFrame.new(-0.001543, 0.114892, -0.114558, 0.862097, 0.505843, 0.030181, 0.352817, -0.556413, -0.752280, -0.363743, 0.659187, -0.658152),
      ["LowerTorso"] = CFrame.new(0.000000, -0.263916, -1.641500, 1.000000, 0.000000, 0.000000, 0.000000, -0.750945, 0.660365, 0.000000, -0.660365, -0.750945),
      ["RightUpperArm"] = CFrame.new(1.176301, 0.166543, -0.437008, -0.938951, 0.343895, 0.010418, -0.227489, -0.597836, -0.768662, -0.258111, -0.724106, 0.639570),
      ["RightUpperLeg"] = CFrame.new(0.038764, 0.134180, -0.138750, 0.922472, -0.386061, -0.001515, -0.268334, -0.638338, -0.721472, 0.277566, 0.665944, -0.692442),
      ["рҹҢ§пёҸрҹҳірҹ‘»рҹҸіпёҸвҖҚрҹҢҲрҹҳӮрҹ’һрҹҸҙвҖҚвҳ пёҸрҹҺёрҹҢ§пёҸрҹҳірҹ‘»рҹҸіпёҸвҖҚрҹҢҲрҹҳӮрҹ’һрҹҸҙвҖҚвҳ"] = CFrame.new(-0.000000, 0.000000, 0.000000, 1.000000, 0.000777, 0.000000, -0.000777, 1.000000, -0.000000, -0.000000, 0.000000, 1.000000)
    }},
    { Time = 0.117, Data = {
      ["Head"] = CFrame.new(0.000004, -0.165748, 0.108454, 0.361681, -0.391466, -0.846133, -0.693532, 0.493560, -0.524798, 0.623058, 0.776630, -0.092983),
      ["LeftUpperArm"] = CFrame.new(-1.134627, 0.422851, 0.004732, -0.936426, -0.350671, 0.011693, 0.212757, -0.594012, -0.775812, 0.279000, -0.724002, 0.630856),
      ["LeftUpperLeg"] = CFrame.new(-0.001546, 0.114890, -0.114567, 0.862090, 0.505885, 0.029671, 0.352815, -0.557150, -0.751735, -0.363761, 0.658532, -0.658797),
      ["LowerTorso"] = CFrame.new(0.000000, -0.263063, -1.643439, 1.000000, 0.000000, 0.000000, 0.000000, -0.751797, 0.659394, 0.000000, -0.659394, -0.751797),
      ["RightUpperArm"] = CFrame.new(1.176589, 0.166457, -0.436800, -0.938539, 0.344991, 0.011250, -0.229078, -0.598159, -0.767938, -0.258202, -0.723317, 0.640425),
      ["RightUpperLeg"] = CFrame.new(0.038771, 0.134196, -0.138757, 0.922459, -0.386093, -0.001345, -0.268365, -0.638670, -0.721166, 0.277579, 0.665607, -0.692760),
      ["рҹҢ§пёҸрҹҳірҹ‘»рҹҸіпёҸвҖҚрҹҢҲрҹҳӮрҹ’һрҹҸҙвҖҚвҳ пёҸрҹҺёрҹҢ§пёҸрҹҳірҹ‘»рҹҸіпёҸвҖҚрҹҢҲрҹҳӮрҹ’һрҹҸҙвҖҚвҳ"] = CFrame.new(0.000000, 0.000000, 0.000000, 1.000000, 0.000950, 0.000000, -0.000950, 1.000000, -0.000000, -0.000000, 0.000000, 1.000000)
    }},
    { Time = 0.133, Data = {
      ["Head"] = CFrame.new(0.000004, -0.165748, 0.108454, 0.361737, -0.391482, -0.846102, -0.696551, 0.489726, -0.524390, 0.619647, 0.779044, -0.095535),
      ["LeftUpperArm"] = CFrame.new(-1.134523, 0.422748, 0.004766, -0.936580, -0.350277, 0.011130, 0.213089, -0.594404, -0.775421, 0.278228, -0.723872, 0.631347),
      ["LeftUpperLeg"] = CFrame.new(-0.001528, 0.114863, -0.114551, 0.862125, 0.505859, 0.029098, 0.352761, -0.557997, -0.751132, -0.363730, 0.657835, -0.659511),
      ["LowerTorso"] = CFrame.new(0.000000, -0.262091, -1.645638, 1.000000, 0.000000, 0.000000, 0.000000, -0.752770, 0.658284, 0.000000, -0.658284, -0.752770),
      ["RightUpperArm"] = CFrame.new(1.176858, 0.166404, -0.436628, -0.938153, 0.346011, 0.012076, -0.230567, -0.598363, -0.767334, -0.258280, -0.722660, 0.641134),
      ["RightUpperLeg"] = CFrame.new(0.038762, 0.134188, -0.138734, 0.922477, -0.386051, -0.001104, -0.268349, -0.639165, -0.720733, 0.277534, 0.665156, -0.693212),
      ["рҹҢ§пёҸрҹҳірҹ‘»рҹҸіпёҸвҖҚрҹҢҲрҹҳӮрҹ’һрҹҸҙвҖҚвҳ пёҸрҹҺёрҹҢ§пёҸрҹҳірҹ‘»рҹҸіпёҸвҖҚрҹҢҲрҹҳӮрҹ’һрҹҸҙвҖҚвҳ"] = CFrame.new(-0.000000, -0.000000, 0.000000, 0.999999, 0.001036, 0.000000, -0.001036, 0.999999, -0.000000, -0.000000, 0.000000, 1.000000)
    }},
    { Time = 0.150, Data = {
      ["Head"] = CFrame.new(0.000004, -0.165748, 0.108455, 0.361750, -0.391446, -0.846113, -0.699227, 0.486361, -0.523961, 0.616618, 0.781168, -0.097769),
      ["LeftUpperArm"] = CFrame.new(-1.134439, 0.422633, 0.004820, -0.936706, -0.349958, 0.010547, 0.213509, -0.594840, -0.774970, 0.277481, -0.723668, 0.631909),
      ["LeftUpperLeg"] = CFrame.new(-0.001540, 0.114871, -0.114572, 0.862102, 0.505937, 0.028439, 0.352776, -0.558939, -0.750424, -0.363771, 0.656974, -0.660345),
      ["LowerTorso"] = CFrame.new(0.000000, -0.261000, -1.648086, 1.000000, 0.000000, 0.000000, 0.000000, -0.753861, 0.657034, 0.000000, -0.657034, -0.753861),
      ["RightUpperArm"] = CFrame.new(1.177087, 0.166336, -0.436461, -0.937821, 0.346883, 0.012828, -0.231907, -0.598620, -0.766729, -0.258287, -0.722029, 0.641843),
      ["RightUpperLeg"] = CFrame.new(0.038768, 0.134217, -0.138728, 0.922464, -0.386083, -0.000897, -0.268408, -0.639630, -0.720300, 0.277522, 0.664691, -0.693663),
      ["рҹҢ§пёҸрҹҳірҹ‘»рҹҸіпёҸвҖҚрҹҢҲрҹҳӮрҹ’һрҹҸҙвҖҚвҳ пёҸрҹҺёрҹҢ§пёҸрҹҳірҹ‘»рҹҸіпёҸвҖҚрҹҢҲрҹҳӮрҹ’һрҹҸҙвҖҚвҳ"] = CFrame.new(-0.000000, 0.000000, 0.000000, 0.999999, 0.001209, 0.000000, -0.001209, 0.999999, -0.000000, -0.000000, 0.000000, 1.000000)
    }},
    { Time = 0.167, Data = {
      ["Head"] = CFrame.new(0.000004, -0.165748, 0.108455, 0.361723, -0.391411, -0.846141, -0.701603, 0.483384, -0.523539, 0.613929, 0.783031, -0.099764),
      ["LeftUpperArm"] = CFrame.new(-1.134355, 0.422550, 0.004848, -0.936831, -0.349636, 0.010120, 0.213752, -0.595158, -0.774659, 0.276872, -0.723562, 0.632298),
      ["LeftUpperLeg"] = CFrame.new(-0.001544, 0.114897, -0.114556, 0.862095, 0.505982, 0.027854, 0.352828, -0.559881, -0.749697, -0.363738, 0.656137, -0.661195),
      ["LowerTorso"] = CFrame.new(0.000000, -0.259911, -1.650628, 1.000000, 0.000000, 0.000000, 0.000000, -0.754950, 0.655782, 0.000000, -0.655782, -0.754950),
      ["RightUpperArm"] = CFrame.new(1.177295, 0.166291, -0.436325, -0.937519, 0.347676, 0.013385, -0.232998, -0.598788, -0.766267, -0.258398, -0.721509, 0.642383),
      ["RightUpperLeg"] = CFrame.new(0.038766, 0.134191, -0.138745, 0.922468, -0.386072, -0.000579, -0.268357, -0.640124, -0.719879, 0.277555, 0.664221, -0.694100),
      ["рҹҢ§пёҸрҹҳірҹ‘»рҹҸіпёҸвҖҚрҹҢҲрҹҳӮрҹ’һрҹҸҙвҖҚвҳ пёҸрҹҺёрҹҢ§пёҸрҹҳірҹ‘»рҹҸіпёҸвҖҚрҹҢҲрҹҳӮрҹ’һрҹҸҙвҖҚвҳ"] = CFrame.new(-0.000000, 0.000000, 0.000000, 0.999999, 0.001381, 0.000000, -0.001381, 0.999999, -0.000000, -0.000000, 0.000000, 1.000000)
    }},
    { Time = 0.183, Data = {
      ["Head"] = CFrame.new(0.000004, -0.165748, 0.108455, 0.361698, -0.391486, -0.846117, -0.703571, 0.480840, -0.523240, 0.611688, 0.784558, -0.101519),
      ["LeftUpperArm"] = CFrame.new(-1.134280, 0.422466, 0.004880, -0.936942, -0.349349, 0.009768, 0.213957, -0.595477, -0.774358, 0.276338, -0.723439, 0.632672),
      ["LeftUpperLeg"] = CFrame.new(-0.001534, 0.114878, -0.114552, 0.862113, 0.505989, 0.027132, 0.352791, -0.560932, -0.748928, -0.363731, 0.655233, -0.662095),
      ["LowerTorso"] = CFrame.new(0.000000, -0.258704, -1.653393, 1.000000, 0.000000, 0.000000, 0.000000, -0.756157, 0.654390, 0.000000, -0.654390, -0.756157),
      ["RightUpperArm"] = CFrame.new(1.177455, 0.166252, -0.436215, -0.937286, 0.348284, 0.013961, -0.233966, -0.598939, -0.765855, -0.258373, -0.721090, 0.642862),
      ["RightUpperLeg"] = CFrame.new(0.038763, 0.134172, -0.138755, 0.922473, -0.386061, -0.000242, -0.268320, -0.640685, -0.719394, 0.277575, 0.663686, -0.694602),
      ["рҹҢ§пёҸрҹҳірҹ‘»рҹҸіпёҸвҖҚрҹҢҲрҹҳӮрҹ’һрҹҸҙвҖҚвҳ пёҸрҹҺёрҹҢ§пёҸрҹҳірҹ‘»рҹҸіпёҸвҖҚрҹҢҲрҹҳӮрҹ’һрҹҸҙвҖҚвҳ"] = CFrame.new(0.000000, 0.000000, 0.000000, 0.999999, 0.001554, 0.000000, -0.001554, 0.999999, -0.000000, -0.000000, 0.000000, 1.000000)
    }},
    { Time = 0.200, Data = {
      ["Head"] = CFrame.new(0.000004, -0.165748, 0.108455, 0.361752, -0.391451, -0.846110, -0.705075, 0.478885, -0.523008, 0.609922, 0.785770, -0.102765),
      ["LeftUpperArm"] = CFrame.new(-1.134233, 0.422408, 0.004905, -0.937011, -0.349172, 0.009438, 0.214185, -0.595695, -0.774127, 0.275926, -0.723344, 0.632960),
      ["LeftUpperLeg"] = CFrame.new(-0.001526, 0.114869, -0.114539, 0.862131, 0.505998, 0.026386, 0.352772, -0.562051, -0.748098, -0.363706, 0.654267, -0.663064),
      ["LowerTorso"] = CFrame.new(0.000000, -0.257379, -1.656363, 1.000000, 0.000000, 0.000000, 0.000000, -0.757481, 0.652857, 0.000000, -0.652857, -0.757481),
      ["RightUpperArm"] = CFrame.new(1.177594, 0.166216, -0.436118, -0.937083, 0.348812, 0.014326, -0.234697, -0.599072, -0.765526, -0.258443, -0.720723, 0.643246),
      ["RightUpperLeg"] = CFrame.new(0.038770, 0.134208, -0.138742, 0.922460, -0.386093, -0.000017, -0.268391, -0.641214, -0.718896, 0.277550, 0.663157, -0.695118),
      ["рҹҢ§пёҸрҹҳірҹ‘»рҹҸіпёҸвҖҚрҹҢҲрҹҳӮрҹ’һрҹҸҙвҖҚвҳ пёҸрҹҺёрҹҢ§пёҸрҹҳірҹ‘»рҹҸіпёҸвҖҚрҹҢҲрҹҳӮрҹ’һрҹҸҙвҖҚвҳ"] = CFrame.new(-0.000000, 0.000000, 0.000000, 0.999998, 0.001813, 0.000000, -0.001813, 0.999998, -0.000000, -0.000000, 0.000000, 1.000000)
    }},
    { Time = 0.217, Data = {
      ["Head"] = CFrame.new(0.000004, -0.165749, 0.108455, 0.361695, -0.391408, -0.846154, -0.706186, 0.477524, -0.522755, 0.608669, 0.786620, -0.103689),
      ["LeftUpperArm"] = CFrame.new(-1.134185, 0.422362, 0.004919, -0.937080, -0.348992, 0.009281, 0.214250, -0.595867, -0.773977, 0.275642, -0.723289, 0.633146),
      ["LeftUpperLeg"] = CFrame.new(-0.001546, 0.114885, -0.114572, 0.862090, 0.506109, 0.025577, 0.352804, -0.563194, -0.747222, -0.363771, 0.653197, -0.664082),
      ["LowerTorso"] = CFrame.new(0.000000, -0.256120, -1.659319, 1.000000, 0.000000, 0.000000, 0.000000, -0.758743, 0.651391, 0.000000, -0.651391, -0.758743),
      ["RightUpperArm"] = CFrame.new(1.177694, 0.166185, -0.436044, -0.936938, 0.349192, 0.014634, -0.235268, -0.599191, -0.765258, -0.258453, -0.720442, 0.643557),
      ["RightUpperLeg"] = CFrame.new(0.038768, 0.134196, -0.138746, 0.922465, -0.386081, 0.000338, -0.268367, -0.641840, -0.718346, 0.277557, 0.662558, -0.695686),
      ["рҹҢ§пёҸрҹҳірҹ‘»рҹҸіпёҸвҖҚрҹҢҲрҹҳӮрҹ’һрҹҸҙвҖҚвҳ пёҸрҹҺёрҹҢ§пёҸрҹҳірҹ‘»рҹҸіпёҸвҖҚрҹҢҲрҹҳӮрҹ’һрҹҸҙвҖҚвҳ"] = CFrame.new(-0.000000, 0.000000, 0.000000, 0.999998, 0.001985, 0.000000, -0.001985, 0.999998, -0.000000, -0.000000, 0.000000, 1.000000)
    }},
    { Time = 0.233, Data = {
      ["Head"] = CFrame.new(0.000004, -0.165748, 0.108455, 0.361742, -0.391419, -0.846129, -0.706861, 0.476607, -0.522679, 0.607858, 0.787170, -0.104270),
      ["LeftUpperArm"] = CFrame.new(-1.134167, 0.422343, 0.004926, -0.937108, -0.348921, 0.009146, 0.214338, -0.595940, -0.773896, 0.275479, -0.723264, 0.633247),
      ["LeftUpperLeg"] = CFrame.new(-0.001537, 0.114884, -0.114551, 0.862108, 0.506117, 0.024806, 0.352804, -0.564378, -0.746329, -0.363730, 0.652168, -0.665115),
      ["LowerTorso"] = CFrame.new(0.000000, -0.254741, -1.662445, 1.000000, 0.000000, 0.000000, 0.000000, -0.760120, 0.649783, 0.000000, -0.649783, -0.760120),
      ["RightUpperArm"] = CFrame.new(1.177744, 0.166170, -0.436007, -0.936864, 0.349381, 0.014787, -0.235553, -0.599250, -0.765124, -0.258459, -0.720301, 0.643713),
      ["RightUpperLeg"] = CFrame.new(0.038765, 0.134183, -0.138749, 0.922469, -0.386070, 0.000693, -0.268343, -0.642465, -0.717796, 0.277565, 0.661959, -0.696253),
      ["рҹҢ§пёҸрҹҳірҹ‘»рҹҸіпёҸвҖҚрҹҢҲрҹҳӮрҹ’һрҹҸҙвҖҚвҳ пёҸрҹҺёрҹҢ§пёҸрҹҳірҹ‘»рҹҸіпёҸвҖҚрҹҢҲрҹҳӮрҹ’һрҹҸҙвҖҚвҳ"] = CFrame.new(-0.000000, 0.000000, 0.000000, 0.999998, 0.002158, 0.000000, -0.002158, 0.999998, -0.000000, -0.000000, 0.000000, 1.000000)
    }},
    { Time = 0.250, Data = {
      ["Head"] = CFrame.new(0.000004, -0.165748, 0.108455, 0.361700, -0.391476, -0.846120, -0.707090, 0.476308, -0.522642, 0.607615, 0.787323, -0.104528),
      ["LeftUpperArm"] = CFrame.new(-1.134158, 0.422343, 0.004921, -0.937121, -0.348886, 0.009070, 0.214376, -0.595940, -0.773886, 0.275403, -0.723280, 0.633260),
      ["LeftUpperLeg"] = CFrame.new(-0.001536, 0.114866, -0.114568, 0.862109, 0.506156, 0.023960, 0.352766, -0.565560, -0.745451, -0.363764, 0.651113, -0.666129),
      ["LowerTorso"] = CFrame.new(0.000000, -0.253428, -1.665523, 1.000000, 0.000000, 0.000000, 0.000000, -0.761433, 0.648244, 0.000000, -0.648244, -0.761433),
      ["RightUpperArm"] = CFrame.new(1.177763, 0.166177, -0.436004, -0.936836, 0.349456, 0.014825, -0.235627, -0.599221, -0.765123, -0.258494, -0.720288, 0.643713),
      ["RightUpperLeg"] = CFrame.new(0.038756, 0.134189, -0.138715, 0.922487, -0.386026, 0.000971, -0.268354, -0.643090, -0.717233, 0.277495, 0.661377, -0.696834),
      ["рҹҢ§пёҸрҹҳірҹ‘»рҹҸіпёҸвҖҚрҹҢҲрҹҳӮрҹ’һрҹҸҙвҖҚвҳ пёҸрҹҺёрҹҢ§пёҸрҹҳірҹ‘»рҹҸіпёҸвҖҚрҹҢҲрҹҳӮрҹ’һрҹҸҙвҖҚвҳ"] = CFrame.new(-0.000000, -0.000000, 0.000000, 0.999997, 0.002417, 0.000000, -0.002417, 0.999997, -0.000000, -0.000000, 0.000000, 1.000000)
    }},
    { Time = 0.267, Data = {
      ["Head"] = CFrame.new(0.000004, -0.165748, 0.108455, 0.361742, -0.391419, -0.846129, -0.706861, 0.476607, -0.522679, 0.607858, 0.787170, -0.104270),
      ["LeftUpperArm"] = CFrame.new(-1.134167, 0.422343, 0.004926, -0.937108, -0.348921, 0.009146, 0.214338, -0.595940, -0.773896, 0.275479, -0.723264, 0.633247),
      ["LeftUpperLeg"] = CFrame.new(-0.001528, 0.114865, -0.114548, 0.862127, 0.506162, 0.023190, 0.352765, -0.566740, -0.744555, -0.363723, 0.650082, -0.667158),
      ["LowerTorso"] = CFrame.new(0.000000, -0.252059, -1.668673, 1.000000, 0.000000, 0.000000, 0.000000, -0.762803, 0.646632, 0.000000, -0.646632, -0.762803),
      ["RightUpperArm"] = CFrame.new(1.177744, 0.166169, -0.436007, -0.936864, 0.349381, 0.014787, -0.235553, -0.599250, -0.765124, -0.258459, -0.720301, 0.643713),
      ["RightUpperLeg"] = CFrame.new(0.038769, 0.134213, -0.138734, 0.922461, -0.386089, 0.001292, -0.268404, -0.643682, -0.716682, 0.277534, 0.660764, -0.697399),
      ["рҹҢ§пёҸрҹҳірҹ‘»рҹҸіпёҸвҖҚрҹҢҲрҹҳӮрҹ’һрҹҸҙвҖҚвҳ пёҸрҹҺёрҹҢ§пёҸрҹҳірҹ‘»рҹҸіпёҸвҖҚрҹҢҲрҹҳӮрҹ’һрҹҸҙвҖҚвҳ"] = CFrame.new(-0.000000, 0.000000, -0.000000, 0.999997, 0.002590, 0.000000, -0.002590, 0.999997, -0.000000, -0.000000, 0.000000, 1.000000)
    }},
    { Time = 0.283, Data = {
      ["Head"] = CFrame.new(0.000004, -0.165749, 0.108455, 0.361695, -0.391408, -0.846154, -0.706186, 0.477524, -0.522755, 0.608669, 0.786620, -0.103689),
      ["LeftUpperArm"] = CFrame.new(-1.134186, 0.422363, 0.004919, -0.937080, -0.348992, 0.009281, 0.214250, -0.595867, -0.773977, 0.275642, -0.723289, 0.633146),
      ["LeftUpperLeg"] = CFrame.new(-0.001540, 0.114899, -0.114543, 0.862102, 0.506237, 0.022456, 0.352835, -0.567876, -0.743656, -0.363714, 0.649031, -0.668185),
      ["LowerTorso"] = CFrame.new(0.000000, -0.250752, -1.671737, 1.000000, 0.000000, 0.000000, 0.000000, -0.764109, 0.645087, 0.000000, -0.645087, -0.764109),
      ["RightUpperArm"] = CFrame.new(1.177694, 0.166186, -0.436044, -0.936938, 0.349192, 0.014634, -0.235268, -0.599191, -0.765258, -0.258453, -0.720442, 0.643557),
      ["RightUpperLeg"] = CFrame.new(0.038767, 0.134195, -0.138745, 0.922465, -0.386077, 0.001629, -0.268367, -0.644240, -0.716194, 0.277555, 0.660227, -0.697899),
      ["рҹҢ§пёҸрҹҳірҹ‘»рҹҸіпёҸвҖҚрҹҢҲрҹҳӮрҹ’һрҹҸҙвҖҚвҳ пёҸрҹҺёрҹҢ§пёҸрҹҳірҹ‘»рҹҸіпёҸвҖҚрҹҢҲрҹҳӮрҹ’һрҹҸҙвҖҚвҳ"] = CFrame.new(-0.000000, 0.000000, -0.000000, 0.999996, 0.002849, 0.000000, -0.002849, 0.999996, -0.000000, -0.000000, 0.000000, 1.000000)
    }},
    { Time = 0.300, Data = {
      ["Head"] = CFrame.new(0.000004, -0.165748, 0.108455, 0.361752, -0.391451, -0.846110, -0.705075, 0.478885, -0.523008, 0.609922, 0.785770, -0.102765),
      ["LeftUpperArm"] = CFrame.new(-1.134233, 0.422408, 0.004905, -0.937011, -0.349172, 0.009438, 0.214185, -0.595695, -0.774127, 0.275926, -0.723344, 0.632960),
      ["LeftUpperLeg"] = CFrame.new(-0.001540, 0.114872, -0.114569, 0.862102, 0.506272, 0.021635, 0.352780, -0.568984, -0.742835, -0.363767, 0.648033, -0.669125),
      ["LowerTorso"] = CFrame.new(0.000000, -0.249451, -1.674773, 1.000000, 0.000000, 0.000000, 0.000000, -0.765411, 0.643541, 0.000000, -0.643541, -0.765411),
      ["RightUpperArm"] = CFrame.new(1.177594, 0.166216, -0.436118, -0.937083, 0.348812, 0.014326, -0.234697, -0.599072, -0.765526, -0.258443, -0.720723, 0.643246),
      ["RightUpperLeg"] = CFrame.new(0.038765, 0.134182, -0.138748, 0.922470, -0.386064, 0.001984, -0.268343, -0.644863, -0.715643, 0.277563, 0.659627, -0.698464),
      ["рҹҢ§пёҸрҹҳірҹ‘»рҹҸіпёҸвҖҚрҹҢҲрҹҳӮрҹ’һрҹҸҙвҖҚвҳ пёҸрҹҺёрҹҢ§пёҸрҹҳірҹ‘»рҹҸіпёҸвҖҚрҹҢҲрҹҳӮрҹ’һрҹҸҙвҖҚвҳ"] = CFrame.new(-0.000000, 0.000000, -0.000000, 0.999995, 0.003021, 0.000000, -0.003021, 0.999995, -0.000000, -0.000000, 0.000000, 1.000000)
    }},
    { Time = 0.317, Data = {
      ["Head"] = CFrame.new(0.000004, -0.165748, 0.108455, 0.361698, -0.391486, -0.846117, -0.703571, 0.480840, -0.523240, 0.611688, 0.784558, -0.101519),
      ["LeftUpperArm"] = CFrame.new(-1.134280, 0.422466, 0.004880, -0.936942, -0.349349, 0.009768, 0.213957, -0.595477, -0.774358, 0.276338, -0.723439, 0.632672),
      ["LeftUpperLeg"] = CFrame.new(-0.001531, 0.114863, -0.114558, 0.862119, 0.506274, 0.020890, 0.352761, -0.570090, -0.741995, -0.363744, 0.647058, -0.670080),
      ["LowerTorso"] = CFrame.new(0.000000, -0.248211, -1.677687, 1.000000, 0.000000, 0.000000, 0.000000, -0.766651, 0.642064, 0.000000, -0.642064, -0.766651),
      ["RightUpperArm"] = CFrame.new(1.177456, 0.166252, -0.436215, -0.937286, 0.348284, 0.013961, -0.233966, -0.598939, -0.765855, -0.258373, -0.721090, 0.642862),
      ["RightUpperLeg"] = CFrame.new(0.038756, 0.134181, -0.138720, 0.922488, -0.386020, 0.002243, -0.268340, -0.645419, -0.715142, 0.277506, 0.659108, -0.698976),
      ["рҹҢ§пёҸрҹҳірҹ‘»рҹҸіпёҸвҖҚрҹҢҲрҹҳӮрҹ’һрҹҸҙвҖҚвҳ пёҸрҹҺёрҹҢ§пёҸрҹҳірҹ‘»рҹҸіпёҸвҖҚрҹҢҲрҹҳӮрҹ’һрҹҸҙвҖҚвҳ"] = CFrame.new(-0.000000, -0.000000, 0.000000, 0.999995, 0.003194, 0.000000, -0.003194, 0.999995, -0.000000, -0.000000, 0.000000, 1.000000)
    }},
    { Time = 0.333, Data = {
      ["Head"] = CFrame.new(0.000004, -0.165748, 0.108455, 0.361723, -0.391411, -0.846141, -0.701603, 0.483384, -0.523539, 0.613929, 0.783031, -0.099764),
      ["LeftUpperArm"] = CFrame.new(-1.134355, 0.422549, 0.004848, -0.936831, -0.349636, 0.010120, 0.213752, -0.595158, -0.774659, 0.276872, -0.723562, 0.632298),
      ["LeftUpperLeg"] = CFrame.new(-0.001544, 0.114880, -0.114572, 0.862094, 0.506345, 0.020206, 0.352795, -0.571085, -0.741214, -0.363771, 0.646125, -0.670965),
      ["LowerTorso"] = CFrame.new(0.000000, -0.247032, -1.680467, 1.000000, 0.000000, 0.000000, 0.000000, -0.767829, 0.640655, 0.000000, -0.640655, -0.767829),
      ["RightUpperArm"] = CFrame.new(1.177295, 0.166291, -0.436325, -0.937519, 0.347676, 0.013385, -0.232998, -0.598788, -0.766267, -0.258398, -0.721509, 0.642383),
      ["RightUpperLeg"] = CFrame.new(0.038769, 0.134200, -0.138747, 0.922461, -0.386082, 0.002545, -0.268378, -0.645944, -0.714654, 0.277559, 0.658557, -0.699474),
      ["рҹҢ§пёҸрҹҳірҹ‘»рҹҸіпёҸвҖҚрҹҢҲрҹҳӮрҹ’һрҹҸҙвҖҚвҳ пёҸрҹҺёрҹҢ§пёҸрҹҳірҹ‘»рҹҸіпёҸвҖҚрҹҢҲрҹҳӮрҹ’һрҹҸҙвҖҚвҳ"] = CFrame.new(-0.000000, 0.000000, -0.000000, 0.999994, 0.003367, 0.000000, -0.003367, 0.999994, -0.000000, -0.000000, 0.000000, 1.000000)
    }},
    { Time = 0.350, Data = {
      ["Head"] = CFrame.new(0.000004, -0.165748, 0.108455, 0.361750, -0.391446, -0.846113, -0.699227, 0.486361, -0.523961, 0.616618, 0.781168, -0.097769),
      ["LeftUpperArm"] = CFrame.new(-1.134439, 0.422633, 0.004820, -0.936706, -0.349958, 0.010547, 0.213509, -0.594840, -0.774970, 0.277481, -0.723668, 0.631909),
      ["LeftUpperLeg"] = CFrame.new(-0.001535, 0.114861, -0.114569, 0.862111, 0.506345, 0.019486, 0.352759, -0.572119, -0.740433, -0.363766, 0.645209, -0.671848),
      ["LowerTorso"] = CFrame.new(0.000000, -0.245917, -1.683100, 1.000000, 0.000000, 0.000000, 0.000000, -0.768946, 0.639314, 0.000000, -0.639314, -0.768946),
      ["RightUpperArm"] = CFrame.new(1.177087, 0.166336, -0.436461, -0.937821, 0.346883, 0.012828, -0.231907, -0.598620, -0.766729, -0.258287, -0.722029, 0.641843),
      ["RightUpperLeg"] = CFrame.new(0.038760, 0.134198, -0.138718, 0.922479, -0.386037, 0.002804, -0.268375, -0.646499, -0.714152, 0.277502, 0.658038, -0.699985),
      ["рҹҢ§пёҸрҹҳірҹ‘»рҹҸіпёҸвҖҚрҹҢҲрҹҳӮрҹ’һрҹҸҙвҖҚвҳ пёҸрҹҺёрҹҢ§пёҸрҹҳірҹ‘»рҹҸіпёҸвҖҚрҹҢҲрҹҳӮрҹ’һрҹҸҙвҖҚвҳ"] = CFrame.new(-0.000000, 0.000000, -0.000000, 0.999994, 0.003539, 0.000000, -0.003539, 0.999994, -0.000000, -0.000000, 0.000000, 1.000000)
    }},
    { Time = 0.367, Data = {
      ["Head"] = CFrame.new(0.000004, -0.165748, 0.108454, 0.361737, -0.391482, -0.846102, -0.696551, 0.489726, -0.524390, 0.619647, 0.779044, -0.095535),
      ["LeftUpperArm"] = CFrame.new(-1.134524, 0.422748, 0.004766, -0.936580, -0.350277, 0.011130, 0.213089, -0.594404, -0.775421, 0.278228, -0.723872, 0.631347),
      ["LeftUpperLeg"] = CFrame.new(-0.001539, 0.114879, -0.114562, 0.862102, 0.506380, 0.018926, 0.352794, -0.572976, -0.739754, -0.363753, 0.644421, -0.672611),
      ["LowerTorso"] = CFrame.new(0.000000, -0.244861, -1.685568, 1.000000, 0.000000, 0.000000, 0.000000, -0.770001, 0.638043, 0.000000, -0.638043, -0.770001),
      ["RightUpperArm"] = CFrame.new(1.176858, 0.166404, -0.436628, -0.938153, 0.346011, 0.012076, -0.230567, -0.598363, -0.767334, -0.258280, -0.722660, 0.641134),
      ["RightUpperLeg"] = CFrame.new(0.038758, 0.134172, -0.138735, 0.922483, -0.386024, 0.003122, -0.268325, -0.646989, -0.713728, 0.277536, 0.657564, -0.700417),
      ["рҹҢ§пёҸрҹҳірҹ‘»рҹҸіпёҸвҖҚрҹҢҲрҹҳӮрҹ’һрҹҸҙвҖҚвҳ пёҸрҹҺёрҹҢ§пёҸрҹҳірҹ‘»рҹҸіпёҸвҖҚрҹҢҲрҹҳӮрҹ’һрҹҸҙвҖҚвҳ"] = CFrame.new(-0.000000, 0.000000, 0.000000, 0.999993, 0.003712, 0.000000, -0.003712, 0.999993, -0.000000, -0.000000, 0.000000, 1.000000)
    }},
    { Time = 0.383, Data = {
      ["Head"] = CFrame.new(0.000004, -0.165748, 0.108454, 0.361681, -0.391466, -0.846133, -0.693532, 0.493560, -0.524798, 0.623058, 0.776630, -0.092983),
      ["LeftUpperArm"] = CFrame.new(-1.134627, 0.422852, 0.004732, -0.936426, -0.350671, 0.011693, 0.212757, -0.594012, -0.775812, 0.279000, -0.724002, 0.630856),
      ["LeftUpperLeg"] = CFrame.new(-0.001544, 0.114896, -0.114555, 0.862094, 0.506416, 0.018367, 0.352829, -0.573830, -0.739074, -0.363739, 0.643632, -0.673374),
      ["LowerTorso"] = CFrame.new(0.000000, -0.243927, -1.687788, 1.000000, 0.000000, 0.000000, 0.000000, -0.770936, 0.636912, 0.000000, -0.636912, -0.770936),
      ["RightUpperArm"] = CFrame.new(1.176589, 0.166457, -0.436800, -0.938539, 0.344991, 0.011250, -0.229078, -0.598159, -0.767938, -0.258202, -0.723317, 0.640425),
      ["RightUpperLeg"] = CFrame.new(0.038765, 0.134195, -0.138735, 0.922470, -0.386055, 0.003310, -0.268370, -0.647382, -0.713354, 0.277537, 0.657160, -0.700796),
      ["рҹҢ§пёҸрҹҳірҹ‘»рҹҸіпёҸвҖҚрҹҢҲрҹҳӮрҹ’һрҹҸҙвҖҚвҳ пёҸрҹҺёрҹҢ§пёҸрҹҳірҹ‘»рҹҸіпёҸвҖҚрҹҢҲрҹҳӮрҹ’һрҹҸҙвҖҚвҳ"] = CFrame.new(-0.000000, -0.000000, 0.000000, 0.999992, 0.003884, 0.000000, -0.003884, 0.999992, -0.000000, -0.000000, 0.000000, 1.000000)
    }},
    { Time = 0.400, Data = {
      ["Head"] = CFrame.new(0.000004, -0.165748, 0.108454, 0.361695, -0.391459, -0.846130, -0.690116, 0.497790, -0.525304, 0.626831, 0.773928, -0.090104),
      ["LeftUpperArm"] = CFrame.new(-1.134750, 0.422993, 0.004676, -0.936243, -0.351136, 0.012373, 0.212322, -0.593475, -0.776342, 0.279944, -0.724218, 0.630190),
      ["LeftUpperLeg"] = CFrame.new(-0.001527, 0.114860, -0.114550, 0.862127, 0.506378, 0.017821, 0.352758, -0.574591, -0.738517, -0.363729, 0.642982, -0.673999),
      ["LowerTorso"] = CFrame.new(0.000000, -0.243108, -1.689746, 1.000000, 0.000000, 0.000000, 0.000000, -0.771754, 0.635922, 0.000000, -0.635922, -0.771754),
      ["RightUpperArm"] = CFrame.new(1.176301, 0.166543, -0.437008, -0.938951, 0.343895, 0.010418, -0.227489, -0.597836, -0.768662, -0.258111, -0.724106, 0.639570),
      ["RightUpperLeg"] = CFrame.new(0.038756, 0.134180, -0.138720, 0.922488, -0.386010, 0.003532, -0.268341, -0.647806, -0.712981, 0.277506, 0.656768, -0.701175),
      ["рҹҢ§пёҸрҹҳірҹ‘»рҹҸіпёҸвҖҚрҹҢҲрҹҳӮрҹ’һрҹҸҙвҖҚвҳ пёҸрҹҺёрҹҢ§пёҸрҹҳірҹ‘»рҹҸіпёҸвҖҚрҹҢҲрҹҳӮрҹ’һрҹҸҙвҖҚвҳ"] = CFrame.new(-0.000000, 0.000000, 0.000000, 0.999992, 0.003971, 0.000000, -0.003971, 0.999992, -0.000000, -0.000000, 0.000000, 1.000000)
    }},
    { Time = 0.417, Data = {
      ["Head"] = CFrame.new(0.000004, -0.165748, 0.108454, 0.361757, -0.391464, -0.846102, -0.686397, 0.502308, -0.525876, 0.630865, 0.771001, -0.086987),
      ["LeftUpperArm"] = CFrame.new(-1.134871, 0.423115, 0.004635, -0.936059, -0.351601, 0.013069, 0.211900, -0.593010, -0.776812, 0.280878, -0.724373, 0.629597),
      ["LeftUpperLeg"] = CFrame.new(-0.001544, 0.114904, -0.114548, 0.862093, 0.506449, 0.017448, 0.352845, -0.575199, -0.738001, -0.363724, 0.642382, -0.674574),
      ["LowerTorso"] = CFrame.new(0.000000, -0.242409, -1.691436, 1.000000, 0.000000, 0.000000, 0.000000, -0.772453, 0.635072, 0.000000, -0.635072, -0.772453),
      ["RightUpperArm"] = CFrame.new(1.175983, 0.166615, -0.437217, -0.939403, 0.342686, 0.009435, -0.225714, -0.597564, -0.769396, -0.258023, -0.724902, 0.638702),
      ["RightUpperLeg"] = CFrame.new(0.038762, 0.134196, -0.138726, 0.922474, -0.386041, 0.003702, -0.268373, -0.648132, -0.712672, 0.277519, 0.656428, -0.701488),
      ["рҹҢ§пёҸрҹҳірҹ‘»рҹҸіпёҸвҖҚрҹҢҲрҹҳӮрҹ’һрҹҸҙвҖҚвҳ пёҸрҹҺёрҹҢ§пёҸрҹҳірҹ‘»рҹҸіпёҸвҖҚрҹҢҲрҹҳӮрҹ’һрҹҸҙвҖҚвҳ"] = CFrame.new(-0.000000, -0.000000, -0.000000, 0.999991, 0.004143, 0.000000, -0.004143, 0.999991, -0.000000, -0.000000, 0.000000, 1.000000)
    }},
    { Time = 0.433, Data = {
      ["Head"] = CFrame.new(0.000005, -0.165748, 0.108453, 0.361749, -0.391477, -0.846099, -0.682462, 0.507088, -0.526409, 0.635124, 0.767859, -0.083730),
      ["LeftUpperArm"] = CFrame.new(-1.135023, 0.423283, 0.004571, -0.935832, -0.352177, 0.013769, 0.211486, -0.592372, -0.777412, 0.281943, -0.724615, 0.628841),
      ["LeftUpperLeg"] = CFrame.new(-0.001540, 0.114896, -0.114547, 0.862101, 0.506448, 0.017088, 0.352828, -0.575714, -0.737609, -0.363722, 0.641923, -0.675013),
      ["LowerTorso"] = CFrame.new(0.000000, -0.241827, -1.692842, 1.000000, 0.000000, 0.000000, 0.000000, -0.773035, 0.634363, 0.000000, -0.634363, -0.773035),
      ["RightUpperArm"] = CFrame.new(1.175645, 0.166698, -0.437446, -0.939880, 0.341402, 0.008429, -0.223851, -0.597244, -0.770188, -0.257910, -0.725771, 0.637761),
      ["RightUpperLeg"] = CFrame.new(0.038769, 0.134205, -0.138740, 0.922461, -0.386071, 0.003853, -0.268392, -0.648393, -0.712427, 0.277546, 0.656152, -0.701736),
      ["рҹҢ§пёҸрҹҳірҹ‘»рҹҸіпёҸвҖҚрҹҢҲрҹҳӮрҹ’һрҹҸҙвҖҚвҳ пёҸрҹҺёрҹҢ§пёҸрҹҳірҹ‘»рҹҸіпёҸвҖҚрҹҢҲрҹҳӮрҹ’һрҹҸҙвҖҚвҳ"] = CFrame.new(-0.000000, -0.000000, 0.000000, 0.999991, 0.004230, 0.000000, -0.004230, 0.999991, -0.000000, -0.000000, 0.000000, 1.000000)
    }},
    { Time = 0.450, Data = {
      ["Head"] = CFrame.new(0.000005, -0.165747, 0.108453, 0.361748, -0.391393, -0.846138, -0.678331, 0.512108, -0.526889, 0.639535, 0.764563, -0.080240),
      ["LeftUpperArm"] = CFrame.new(-1.135164, 0.423426, 0.004525, -0.935618, -0.352714, 0.014600, 0.210973, -0.591834, -0.777961, 0.283038, -0.724794, 0.628143),
      ["LeftUpperLeg"] = CFrame.new(-0.001536, 0.114878, -0.114555, 0.862110, 0.506445, 0.016753, 0.352792, -0.576161, -0.737276, -0.363738, 0.641523, -0.675383),
      ["LowerTorso"] = CFrame.new(0.000000, -0.241363, -1.693962, 1.000000, 0.000000, 0.000000, 0.000000, -0.773500, 0.633796, 0.000000, -0.633796, -0.773500),
      ["RightUpperArm"] = CFrame.new(1.175308, 0.166804, -0.437689, -0.940353, 0.340119, 0.007439, -0.221975, -0.596848, -0.771038, -0.257805, -0.726699, 0.636745),
      ["RightUpperLeg"] = CFrame.new(0.038760, 0.134171, -0.138744, 0.922479, -0.386027, 0.004020, -0.268323, -0.648620, -0.712246, 0.277553, 0.655953, -0.701918),
      ["рҹҢ§пёҸрҹҳірҹ‘»рҹҸіпёҸвҖҚрҹҢҲрҹҳӮрҹ’һрҹҸҙвҖҚвҳ пёҸрҹҺёрҹҢ§пёҸрҹҳірҹ‘»рҹҸіпёҸвҖҚрҹҢҲрҹҳӮрҹ’һрҹҸҙвҖҚвҳ"] = CFrame.new(-0.000000, 0.000000, -0.000000, 0.999991, 0.004316, 0.000000, -0.004316, 0.999991, -0.000000, -0.000000, 0.000000, 1.000000)
    }},
    { Time = 0.467, Data = {
      ["Head"] = CFrame.new(0.000005, -0.165747, 0.108452, 0.361692, -0.391485, -0.846119, -0.674006, 0.517233, -0.527434, 0.644123, 0.761058, -0.076784),
      ["LeftUpperArm"] = CFrame.new(-1.135305, 0.423586, 0.004461, -0.935401, -0.353252, 0.015412, 0.210445, -0.591222, -0.778569, 0.284143, -0.725031, 0.627370),
      ["LeftUpperLeg"] = CFrame.new(-0.001544, 0.114895, -0.114557, 0.862093, 0.506480, 0.016579, 0.352827, -0.576430, -0.737049, -0.363744, 0.641254, -0.675636),
      ["LowerTorso"] = CFrame.new(0.000000, -0.241014, -1.694785, 1.000000, 0.000000, 0.000000, 0.000000, -0.773849, 0.633371, 0.000000, -0.633371, -0.773849),
      ["RightUpperArm"] = CFrame.new(1.174941, 0.166895, -0.437936, -0.940866, 0.338722, 0.006295, -0.219912, -0.596502, -0.771897, -0.257704, -0.727636, 0.635716),
      ["RightUpperLeg"] = CFrame.new(0.038760, 0.134184, -0.138731, 0.922479, -0.386027, 0.004057, -0.268349, -0.648751, -0.712117, 0.277528, 0.655825, -0.702049),
      ["рҹҢ§пёҸрҹҳірҹ‘»рҹҸіпёҸвҖҚрҹҢҲрҹҳӮрҹ’һрҹҸҙвҖҚвҳ пёҸрҹҺёрҹҢ§пёҸрҹҳірҹ‘»рҹҸіпёҸвҖҚрҹҢҲрҹҳӮрҹ’һрҹҸҙвҖҚвҳ"] = CFrame.new(-0.000000, 0.000000, -0.000000, 0.999991, 0.004316, 0.000000, -0.004316, 0.999991, -0.000000, -0.000000, 0.000000, 1.000000)
    }},
    { Time = 0.483, Data = {
      ["Head"] = CFrame.new(0.000005, -0.165747, 0.108452, 0.361718, -0.391432, -0.846133, -0.669544, 0.522488, -0.527937, 0.648746, 0.757487, -0.073088),
      ["LeftUpperArm"] = CFrame.new(-1.135447, 0.423748, 0.004400, -0.935184, -0.353790, 0.016224, 0.209916, -0.590610, -0.779176, 0.285247, -0.725268, 0.626595),
      ["LeftUpperLeg"] = CFrame.new(-0.001532, 0.114860, -0.114562, 0.862118, 0.506442, 0.016418, 0.352756, -0.576608, -0.736945, -0.363753, 0.641124, -0.675754),
      ["LowerTorso"] = CFrame.new(0.000000, -0.240781, -1.695310, 1.000000, 0.000000, 0.000000, 0.000000, -0.774081, 0.633087, 0.000000, -0.633087, -0.774081),
      ["RightUpperArm"] = CFrame.new(1.174574, 0.166988, -0.438182, -0.941373, 0.337327, 0.005150, -0.217848, -0.596149, -0.772753, -0.257600, -0.728571, 0.634686),
      ["RightUpperLeg"] = CFrame.new(0.038760, 0.134197, -0.138718, 0.922479, -0.386026, 0.004093, -0.268376, -0.648882, -0.711988, 0.277502, 0.655696, -0.702180),
      ["рҹҢ§пёҸрҹҳірҹ‘»рҹҸіпёҸвҖҚрҹҢҲрҹҳӮрҹ’һрҹҸҙвҖҚвҳ пёҸрҹҺёрҹҢ§пёҸрҹҳірҹ‘»рҹҸіпёҸвҖҚрҹҢҲрҹҳӮрҹ’һрҹҸҙвҖҚвҳ"] = CFrame.new(-0.000000, -0.000000, -0.000000, 0.999990, 0.004402, 0.000000, -0.004402, 0.999990, -0.000000, -0.000000, 0.000000, 1.000000)
    }},
    { Time = 0.500, Data = {
      ["Head"] = CFrame.new(0.000005, -0.165747, 0.108452, 0.361746, -0.391449, -0.846113, -0.665006, 0.527725, -0.528464, 0.653382, 0.753840, -0.069414),
      ["LeftUpperArm"] = CFrame.new(-1.135608, 0.423917, 0.004341, -0.934938, -0.354404, 0.016997, 0.209461, -0.589969, -0.779784, 0.286386, -0.725489, 0.625818),
      ["LeftUpperLeg"] = CFrame.new(-0.001532, 0.114869, -0.114554, 0.862118, 0.506443, 0.016393, 0.352774, -0.576675, -0.736883, -0.363736, 0.641063, -0.675821),
      ["LowerTorso"] = CFrame.new(0.000000, -0.240724, -1.695463, 1.000000, 0.000000, 0.000000, 0.000000, -0.774139, 0.633016, 0.000000, -0.633016, -0.774139),
      ["RightUpperArm"] = CFrame.new(1.174206, 0.167100, -0.438444, -0.941878, 0.335931, 0.004019, -0.215772, -0.595720, -0.773667, -0.257504, -0.729567, 0.633580),
      ["RightUpperLeg"] = CFrame.new(0.038767, 0.134180, -0.138757, 0.922465, -0.386057, 0.004171, -0.268342, -0.648882, -0.712001, 0.277580, 0.655677, -0.702166),
      ["рҹҢ§пёҸрҹҳірҹ‘»рҹҸіпёҸвҖҚрҹҢҲрҹҳӮрҹ’һрҹҸҙвҖҚвҳ пёҸрҹҺёрҹҢ§пёҸрҹҳірҹ‘»рҹҸіпёҸвҖҚрҹҢҲрҹҳӮрҹ’һрҹҸҙвҖҚвҳ"] = CFrame.new(-0.000000, -0.000000, -0.000000, 0.999990, 0.004402, 0.000000, -0.004402, 0.999990, -0.000000, -0.000000, 0.000000, 1.000000)
    }},
    { Time = 0.517, Data = {
      ["Head"] = CFrame.new(0.000005, -0.165747, 0.108451, 0.361758, -0.391425, -0.846119, -0.660406, 0.533006, -0.528931, 0.658024, 0.750127, -0.065680),
      ["LeftUpperArm"] = CFrame.new(-1.135759, 0.424079, 0.004284, -0.934703, -0.354979, 0.017884, 0.208892, -0.589356, -0.780400, 0.287565, -0.725706, 0.625025),
      ["LeftUpperLeg"] = CFrame.new(-0.001532, 0.114860, -0.114562, 0.862118, 0.506442, 0.016418, 0.352756, -0.576608, -0.736945, -0.363753, 0.641124, -0.675754),
      ["LowerTorso"] = CFrame.new(0.000000, -0.240781, -1.695310, 1.000000, 0.000000, 0.000000, 0.000000, -0.774081, 0.633087, 0.000000, -0.633087, -0.774081),
