return {
  ["Astros laying dance"] = {
    { Time = 0.000, Data = {
      ["Cock"] = CFrame.new(0.000015, -0.000030, -0.000000, 0.887337, 0.461121, 0.000000, -0.461121, 0.887337, -0.000000, -0.000000, 0.000000, 1.000000),
      ["Head"] = CFrame.new(0.000000, 0.000006, -0.000004, 1.000000, -0.000000, 0.000000, 0.000000, 0.819156, 0.573571, -0.000000, -0.573571, 0.819156),
      ["LeftUpperArm"] = CFrame.new(0.262028, -0.562207, 0.659383, 0.933001, 0.236038, 0.271653, 0.006267, 0.744086, -0.668055, -0.359819, 0.624998, 0.692753),
      ["LeftUpperLeg"] = CFrame.new(-0.446802, 0.220150, -0.502984, 0.906327, -0.144516, 0.397098, 0.298800, 0.883651, -0.360388, -0.298814, 0.445282, 0.844058),
      ["LowerTorso"] = CFrame.new(0.000000, -1.907146, 1.072480, 1.000000, 0.000000, 0.000000, 0.000000, 0.707134, -0.707079, 0.000000, 0.707079, 0.707134),
      ["RightUpperArm"] = CFrame.new(-0.280470, -0.566975, 0.656568, 0.851640, -0.306125, -0.425437, -0.079634, 0.726707, -0.682317, 0.518042, 0.614968, 0.594514),
      ["RightUpperLeg"] = CFrame.new(0.548545, 0.247944, -0.475044, 0.902864, 0.225893, -0.365799, -0.354694, 0.872199, -0.336842, 0.242960, 0.433869, 0.867599)
    }},
    { Time = 0.017, Data = {
      ["Cock"] = CFrame.new(0.000014, -0.000030, -0.000000, 0.887132, 0.461515, 0.000000, -0.461515, 0.887132, -0.000000, -0.000000, 0.000000, 1.000000),
      ["Head"] = CFrame.new(0.000000, 0.000006, -0.000004, 1.000000, 0.000299, -0.000087, -0.000195, 0.819519, 0.573052, 0.000242, -0.573052, 0.819519),
      ["LeftUpperArm"] = CFrame.new(0.262017, -0.562391, 0.659379, 0.933012, 0.235997, 0.271651, 0.006397, 0.743914, -0.668245, -0.359789, 0.625218, 0.692571),
      ["LeftUpperLeg"] = CFrame.new(-0.446786, 0.220382, -0.503309, 0.906307, -0.144525, 0.397140, 0.298936, 0.883485, -0.360683, -0.298739, 0.445609, 0.843912),
      ["LowerTorso"] = CFrame.new(0.000000, -1.907344, 1.072674, 1.000000, 0.000000, 0.000000, 0.000000, 0.707332, -0.706881, 0.000000, 0.706881, 0.707332),
      ["RightUpperArm"] = CFrame.new(-0.280467, -0.567159, 0.656563, 0.851651, -0.306110, -0.425426, -0.079786, 0.726529, -0.682488, 0.518001, 0.615185, 0.594326),
      ["RightUpperLeg"] = CFrame.new(0.548505, 0.248164, -0.475322, 0.902865, 0.225927, -0.365775, -0.354802, 0.872033, -0.337156, 0.242796, 0.434184, 0.867487)
    }},
    { Time = 0.033, Data = {
      ["Cock"] = CFrame.new(0.000015, -0.000030, -0.000000, 0.886475, 0.462776, 0.000000, -0.462776, 0.886475, -0.000000, -0.000000, 0.000000, 1.000000),
      ["Head"] = CFrame.new(0.000000, 0.000007, -0.000001, 0.999999, 0.001195, -0.000349, -0.000781, 0.820554, 0.571568, 0.000969, -0.571568, 0.820554),
      ["LeftUpperArm"] = CFrame.new(0.262036, -0.562961, 0.659372, 0.932993, 0.236075, 0.271648, 0.006676, 0.743316, -0.668907, -0.359833, 0.625899, 0.691933),
      ["LeftUpperLeg"] = CFrame.new(-0.446696, 0.221021, -0.504215, 0.906330, -0.144512, 0.397093, 0.299227, 0.883006, -0.361613, -0.298378, 0.446561, 0.843536),
      ["LowerTorso"] = CFrame.new(0.000000, -1.908005, 1.073323, 1.000000, 0.000000, 0.000000, 0.000000, 0.707992, -0.706220, 0.000000, 0.706220, 0.707992),
      ["RightUpperArm"] = CFrame.new(-0.280464, -0.567712, 0.656544, 0.851638, -0.306096, -0.425462, -0.080275, 0.725995, -0.682998, 0.517946, 0.615821, 0.593714),
      ["RightUpperLeg"] = CFrame.new(0.548385, 0.248793, -0.476207, 0.902868, 0.225928, -0.365769, -0.355064, 0.871561, -0.338099, 0.242404, 0.435130, 0.867123)
    }},
    { Time = 0.050, Data = {
      ["Cock"] = CFrame.new(0.000015, -0.000029, -0.000000, 0.885362, 0.464903, 0.000000, -0.464903, 0.885362, -0.000000, -0.000000, 0.000000, 1.000000),
      ["Head"] = CFrame.new(0.000001, 0.000008, 0.000003, 0.999996, 0.002662, -0.000706, -0.001787, 0.822255, 0.569117, 0.002096, -0.569114, 0.822256),
      ["LeftUpperArm"] = CFrame.new(0.262034, -0.563898, 0.659356, 0.932995, 0.236073, 0.271641, 0.007215, 0.742373, -0.669948, -0.359816, 0.627018, 0.690928),
      ["LeftUpperLeg"] = CFrame.new(-0.446574, 0.222123, -0.505773, 0.906312, -0.144517, 0.397131, 0.299789, 0.882192, -0.363131, -0.297867, 0.448166, 0.842866),
      ["LowerTorso"] = CFrame.new(0.000000, -1.909060, 1.074361, 1.000000, 0.000000, 0.000000, 0.000000, 0.709047, -0.705161, 0.000000, 0.705161, 0.709047),
      ["RightUpperArm"] = CFrame.new(-0.280480, -0.568653, 0.656524, 0.851636, -0.306150, -0.425427, -0.081015, 0.725031, -0.683935, 0.517834, 0.616930, 0.592660),
      ["RightUpperLeg"] = CFrame.new(0.548185, 0.249830, -0.477699, 0.902871, 0.225897, -0.365779, -0.355478, 0.870781, -0.339670, 0.241783, 0.436704, 0.866505)
    }},
    { Time = 0.067, Data = {
      ["Cock"] = CFrame.new(0.000015, -0.000029, -0.000000, 0.883827, 0.467813, 0.000000, -0.467813, 0.883827, -0.000000, -0.000000, 0.000000, 1.000000),
      ["Head"] = CFrame.new(0.000001, 0.000009, 0.000009, 0.999988, 0.004642, -0.001272, -0.003108, 0.824660, 0.565621, 0.003675, -0.565610, 0.824665),
      ["LeftUpperArm"] = CFrame.new(0.262012, -0.565218, 0.659348, 0.933020, 0.236002, 0.271620, 0.008030, 0.741021, -0.671433, -0.359736, 0.628641, 0.689492),
      ["LeftUpperLeg"] = CFrame.new(-0.446379, 0.223632, -0.507910, 0.906337, -0.144499, 0.397080, 0.300505, 0.881059, -0.365283, -0.297068, 0.450394, 0.841960),
      ["LowerTorso"] = CFrame.new(0.000000, -1.910573, 1.075856, 1.000000, 0.000000, 0.000000, 0.000000, 0.710560, -0.703637, 0.000000, 0.703637, 0.710560),
      ["RightUpperArm"] = CFrame.new(-0.280477, -0.569961, 0.656497, 0.851621, -0.306129, -0.425473, -0.082169, 0.723718, -0.685187, 0.517678, 0.618480, 0.591179),
      ["RightUpperLeg"] = CFrame.new(0.547918, 0.251315, -0.479786, 0.902850, 0.225914, -0.365822, -0.356123, 0.869663, -0.341851, 0.240913, 0.438918, 0.865628)
    }},
    { Time = 0.083, Data = {
      ["Cock"] = CFrame.new(0.000015, -0.000029, -0.000000, 0.881822, 0.471583, 0.000000, -0.471583, 0.881822, -0.000000, -0.000000, 0.000000, 1.000000),
      ["Head"] = CFrame.new(0.000002, 0.000011, 0.000017, 0.999971, 0.007297, -0.002004, -0.004916, 0.827752, 0.561073, 0.005753, -0.561047, 0.827764),
      ["LeftUpperArm"] = CFrame.new(0.262015, -0.566895, 0.659301, 0.933014, 0.236026, 0.271620, 0.008961, 0.739359, -0.673252, -0.359729, 0.630587, 0.687717),
      ["LeftUpperLeg"] = CFrame.new(-0.446152, 0.225597, -0.510704, 0.906322, -0.144518, 0.397109, 0.301476, 0.879620, -0.367942, -0.296130, 0.453193, 0.840787),
      ["LowerTorso"] = CFrame.new(0.000000, -1.912474, 1.077744, 1.000000, 0.000000, 0.000000, 0.000000, 0.712461, -0.701712, 0.000000, 0.701712, 0.712461),
      ["RightUpperArm"] = CFrame.new(-0.280478, -0.571642, 0.656456, 0.851662, -0.306126, -0.425393, -0.083517, 0.722031, -0.686802, 0.517395, 0.620450, 0.589359),
      ["RightUpperLeg"] = CFrame.new(0.547559, 0.253199, -0.482439, 0.902856, 0.225919, -0.365803, -0.356903, 0.868228, -0.344675, 0.239732, 0.441748, 0.864516)
    }},
    { Time = 0.100, Data = {
      ["Cock"] = CFrame.new(0.000016, -0.000028, -0.000000, 0.879333, 0.476208, 0.000000, -0.476208, 0.879333, -0.000000, -0.000000, 0.000000, 1.000000),
      ["Head"] = CFrame.new(0.000002, 0.000013, 0.000026, 0.999940, 0.010543, -0.002936, -0.007135, 0.831408, 0.555617, 0.008298, -0.555562, 0.831434),
      ["LeftUpperArm"] = CFrame.new(0.262010, -0.568974, 0.659276, 0.932999, 0.236025, 0.271671, 0.010218, 0.737218, -0.675578, -0.359734, 0.633089, 0.685412),
      ["LeftUpperLeg"] = CFrame.new(-0.445868, 0.227981, -0.514109, 0.906317, -0.144477, 0.397135, 0.302629, 0.877813, -0.371295, -0.294967, 0.456696, 0.839299),
      ["LowerTorso"] = CFrame.new(0.000000, -1.914826, 1.080095, 1.000000, 0.000000, 0.000000, 0.000000, 0.714813, -0.699316, 0.000000, 0.699316, 0.714813),
      ["RightUpperArm"] = CFrame.new(-0.280489, -0.573695, 0.656395, 0.851632, -0.306155, -0.425431, -0.085235, 0.719977, -0.688744, 0.517163, 0.622818, 0.587060),
      ["RightUpperLeg"] = CFrame.new(0.547119, 0.255483, -0.485706, 0.902863, 0.225908, -0.365793, -0.357820, 0.866505, -0.348043, 0.238336, 0.445123, 0.863170)
    }},
    { Time = 0.117, Data = {
      ["Cock"] = CFrame.new(0.000017, -0.000028, -0.000000, 0.876389, 0.481604, 0.000000, -0.481604, 0.876389, -0.000000, -0.000000, 0.000000, 1.000000),
      ["Head"] = CFrame.new(0.000003, 0.000015, 0.000037, 0.999889, 0.014292, -0.004105, -0.009692, 0.835754, 0.549019, 0.011277, -0.548918, 0.835800),
      ["LeftUpperArm"] = CFrame.new(0.262004, -0.571425, 0.659236, 0.932995, 0.236023, 0.271688, 0.011655, 0.734706, -0.678285, -0.359702, 0.636003, 0.682726),
      ["LeftUpperLeg"] = CFrame.new(-0.445521, 0.230810, -0.518083, 0.906333, -0.144494, 0.397091, 0.304013, 0.875647, -0.375257, -0.293489, 0.460829, 0.837556),
      ["LowerTorso"] = CFrame.new(0.000000, -1.917558, 1.082844, 1.000000, 0.000000, 0.000000, 0.000000, 0.717544, -0.696513, 0.000000, 0.696513, 0.717544),
      ["RightUpperArm"] = CFrame.new(-0.280479, -0.576135, 0.656345, 0.851634, -0.306102, -0.425467, -0.087357, 0.717498, -0.691061, 0.516806, 0.625699, 0.584305),
      ["RightUpperLeg"] = CFrame.new(0.546614, 0.258218, -0.489557, 0.902843, 0.225929, -0.365828, -0.358973, 0.864389, -0.352094, 0.236669, 0.449208, 0.861510)
    }},
    { Time = 0.133, Data = {
      ["Cock"] = CFrame.new(0.000017, -0.000027, -0.000000, 0.872975, 0.487765, 0.000000, -0.487765, 0.872975, -0.000000, -0.000000, 0.000000, 1.000000),
      ["Head"] = CFrame.new(0.000004, 0.000018, 0.000050, 0.999811, 0.018623, -0.005500, -0.012680, 0.840657, 0.541419, 0.014706, -0.541248, 0.840735),
      ["LeftUpperArm"] = CFrame.new(0.261997, -0.574252, 0.659179, 0.933000, 0.236021, 0.271670, 0.013274, 0.731818, -0.681371, -0.359631, 0.639326, 0.679653),
      ["LeftUpperLeg"] = CFrame.new(-0.445143, 0.234092, -0.522709, 0.906308, -0.144548, 0.397130, 0.305647, 0.873151, -0.379719, -0.291867, 0.465524, 0.835524),
      ["LowerTorso"] = CFrame.new(0.000000, -1.920728, 1.086063, 1.000000, 0.000000, 0.000000, 0.000000, 0.720715, -0.693232, 0.000000, 0.693232, 0.720715),
      ["RightUpperArm"] = CFrame.new(-0.280483, -0.578952, 0.656274, 0.851644, -0.306099, -0.425448, -0.089706, 0.714629, -0.693728, 0.516386, 0.628975, 0.581151),
      ["RightUpperLeg"] = CFrame.new(0.546003, 0.261309, -0.493982, 0.902877, 0.225860, -0.365788, -0.360174, 0.861958, -0.356796, 0.234708, 0.453890, 0.859591)
    }},
    { Time = 0.150, Data = {
      ["Cock"] = CFrame.new(0.000018, -0.000026, -0.000000, 0.868985, 0.494839, 0.000000, -0.494839, 0.868985, -0.000000, -0.000000, 0.000000, 1.000000),
      ["Head"] = CFrame.new(0.000005, 0.000021, 0.000065, 0.999697, 0.023589, -0.007029, -0.016219, 0.846128, 0.532733, 0.018514, -0.532458, 0.846254),
      ["LeftUpperArm"] = CFrame.new(0.261990, -0.577454, 0.659104, 0.933016, 0.236019, 0.271619, 0.015073, 0.728545, -0.684832, -0.359520, 0.643053, 0.676187),
      ["LeftUpperLeg"] = CFrame.new(-0.444692, 0.237782, -0.527904, 0.906323, -0.144563, 0.397091, 0.307439, 0.870258, -0.384879, -0.289932, 0.470906, 0.833179),
      ["LowerTorso"] = CFrame.new(0.000000, -1.924266, 1.089689, 1.000000, 0.000000, 0.000000, 0.000000, 0.724252, -0.689536, 0.000000, 0.689536, 0.724252),
      ["RightUpperArm"] = CFrame.new(-0.280501, -0.582148, 0.656182, 0.851664, -0.306146, -0.425374, -0.092282, 0.711365, -0.696738, 0.515900, 0.632641, 0.577592),
      ["RightUpperLeg"] = CFrame.new(0.545340, 0.264876, -0.498997, 0.902857, 0.225936, -0.365791, -0.361664, 0.859159, -0.362001, 0.232484, 0.459128, 0.857410)
    }},
    { Time = 0.167, Data = {
      ["Cock"] = CFrame.new(0.000019, -0.000026, -0.000000, 0.864484, 0.502661, 0.000000, -0.502661, 0.864484, -0.000000, -0.000000, 0.000000, 1.000000),
      ["Head"] = CFrame.new(0.000007, 0.000025, 0.000081, 0.999539, 0.029043, -0.008841, -0.020132, 0.852080, 0.523024, 0.022724, -0.522605, 0.852272),
      ["LeftUpperArm"] = CFrame.new(0.261993, -0.581053, 0.659024, 0.933011, 0.236061, 0.271600, 0.017102, 0.724818, -0.688728, -0.359442, 0.647235, 0.672226),
      ["LeftUpperLeg"] = CFrame.new(-0.444200, 0.241883, -0.533759, 0.906315, -0.144532, 0.397119, 0.309395, 0.867033, -0.390550, -0.287868, 0.476828, 0.830522),
      ["LowerTorso"] = CFrame.new(0.000000, -1.928226, 1.093794, 1.000000, 0.000000, 0.000000, 0.000000, 0.728212, -0.685352, 0.000000, 0.685352, 0.728212),
      ["RightUpperArm"] = CFrame.new(-0.280501, -0.585720, 0.656076, 0.851667, -0.306123, -0.425385, -0.095271, 0.707718, -0.700042, 0.515352, 0.636730, 0.573575),
      ["RightUpperLeg"] = CFrame.new(0.544585, 0.268809, -0.504614, 0.902861, 0.225884, -0.365811, -0.363222, 0.855986, -0.367911, 0.230024, 0.465043, 0.854882)
    }},
    { Time = 0.183, Data = {
      ["Cock"] = CFrame.new(0.000020, -0.000025, -0.000000, 0.859449, 0.511221, 0.000000, -0.511221, 0.859449, -0.000000, -0.000000, 0.000000, 1.000000),
      ["Head"] = CFrame.new(0.000008, 0.000029, 0.000099, 0.999325, 0.035060, -0.010932, -0.024517, 0.858514, 0.512204, 0.027344, -0.511590, 0.858794),
      ["LeftUpperArm"] = CFrame.new(0.261986, -0.585045, 0.658943, 0.932995, 0.236070, 0.271644, 0.019442, 0.720638, -0.693039, -0.359363, 0.651883, 0.667762),
      ["LeftUpperLeg"] = CFrame.new(-0.443647, 0.246422, -0.540176, 0.906326, -0.144563, 0.397083, 0.311569, 0.863402, -0.396813, -0.285478, 0.483361, 0.827565),
      ["LowerTorso"] = CFrame.new(0.000000, -1.932601, 1.098385, 1.000000, 0.000000, 0.000000, 0.000000, 0.732585, -0.680675, 0.000000, 0.680675, 0.732585),
      ["RightUpperArm"] = CFrame.new(-0.280503, -0.589672, 0.655949, 0.851641, -0.306108, -0.425446, -0.098596, 0.703668, -0.703654, 0.514768, 0.641209, 0.569092),
      ["RightUpperLeg"] = CFrame.new(0.543752, 0.273168, -0.510788, 0.902864, 0.225920, -0.365782, -0.364966, 0.852445, -0.374349, 0.227236, 0.471484, 0.852095)
    }},
    { Time = 0.200, Data = {
      ["Cock"] = CFrame.new(0.000021, -0.000024, -0.000000, 0.853857, 0.520508, 0.000000, -0.520508, 0.853857, -0.000000, -0.000000, 0.000000, 1.000000),
      ["Head"] = CFrame.new(0.000010, 0.000033, 0.000119, 0.999046, 0.041610, -0.013241, -0.029413, 0.865376, 0.500260, 0.032274, -0.499393, 0.865774),
      ["LeftUpperArm"] = CFrame.new(0.261968, -0.589405, 0.658826, 0.933019, 0.236038, 0.271592, 0.021912, 0.716111, -0.697643, -0.359160, 0.656865, 0.662972),
      ["LeftUpperLeg"] = CFrame.new(-0.443100, 0.250923, -0.546637, 0.906324, -0.144491, 0.397114, 0.313669, 0.859740, -0.403062, -0.283175, 0.489868, 0.824525),
      ["LowerTorso"] = CFrame.new(0.000000, -1.937315, 1.103398, 1.000000, 0.000000, 0.000000, 0.000000, 0.737299, -0.675566, 0.000000, 0.675566, 0.737299),
      ["RightUpperArm"] = CFrame.new(-0.280512, -0.594010, 0.655800, 0.851669, -0.306116, -0.425386, -0.102113, 0.699198, -0.707598, 0.514036, 0.646077, 0.564227),
      ["RightUpperLeg"] = CFrame.new(0.542934, 0.277531, -0.516988, 0.902837, 0.225920, -0.365848, -0.366722, 0.848813, -0.380830, 0.224500, 0.477992, 0.849190)
    }},
    { Time = 0.217, Data = {
      ["Cock"] = CFrame.new(0.000022, -0.000023, -0.000000, 0.847632, 0.530585, 0.000000, -0.530585, 0.847632, -0.000000, -0.000000, 0.000000, 1.000000),
      ["Head"] = CFrame.new(0.000011, 0.000037, 0.000139, 0.998716, 0.048149, -0.015725, -0.034356, 0.872066, 0.488182, 0.037219, -0.487015, 0.872600),
      ["LeftUpperArm"] = CFrame.new(0.261960, -0.593775, 0.658699, 0.933010, 0.236042, 0.271618, 0.024417, 0.711542, -0.702219, -0.359020, 0.661810, 0.658113),
      ["LeftUpperLeg"] = CFrame.new(-0.442607, 0.255045, -0.552416, 0.906320, -0.144546, 0.397103, 0.315668, 0.856313, -0.408758, -0.280960, 0.495818, 0.821721),
      ["LowerTorso"] = CFrame.new(0.000000, -1.941988, 1.108437, 1.000000, 0.000000, 0.000000, 0.000000, 0.741971, -0.670432, 0.000000, 0.670432, 0.741971),
      ["RightUpperArm"] = CFrame.new(-0.280511, -0.598357, 0.655647, 0.851657, -0.306086, -0.425432, -0.105739, 0.694696, -0.711489, 0.513323, 0.650929, 0.559277),
      ["RightUpperLeg"] = CFrame.new(0.542169, 0.281431, -0.522559, 0.902862, 0.225911, -0.365793, -0.368212, 0.845538, -0.386633, 0.221947, 0.483766, 0.846587)
    }},
    { Time = 0.233, Data = {
      ["Cock"] = CFrame.new(0.000023, -0.000022, -0.000000, 0.840741, 0.541437, 0.000000, -0.541437, 0.840741, -0.000000, -0.000000, 0.000000, 1.000000),
      ["Head"] = CFrame.new(0.000013, 0.000041, 0.000157, 0.998373, 0.054078, -0.018059, -0.038926, 0.877969, 0.477133, 0.041658, -0.475654, 0.878646),
      ["LeftUpperArm"] = CFrame.new(0.261945, -0.597781, 0.658585, 0.933021, 0.236018, 0.271603, 0.026709, 0.707315, -0.706394, -0.358831, 0.666334, 0.653635),
      ["LeftUpperLeg"] = CFrame.new(-0.442166, 0.258674, -0.557643, 0.906314, -0.144478, 0.397140, 0.317337, 0.853280, -0.413775, -0.279090, 0.501038, 0.819189),
      ["LowerTorso"] = CFrame.new(0.000000, -1.946249, 1.113096, 1.000000, 0.000000, 0.000000, 0.000000, 0.746232, -0.665686, 0.000000, 0.665686, 0.746232),
      ["RightUpperArm"] = CFrame.new(-0.280530, -0.602341, 0.655499, 0.851658, -0.306131, -0.425397, -0.108952, 0.690527, -0.715053, 0.512649, 0.655329, 0.554740),
      ["RightUpperLeg"] = CFrame.new(0.541498, 0.284930, -0.527563, 0.902858, 0.225914, -0.365802, -0.369566, 0.842568, -0.391790, 0.219702, 0.488919, 0.844209)
    }},
    { Time = 0.250, Data = {
      ["Cock"] = CFrame.new(0.000024, -0.000021, -0.000000, 0.833350, 0.552746, 0.000000, -0.552746, 0.833350, -0.000000, -0.000000, 0.000000, 1.000000),
      ["Head"] = CFrame.new(0.000014, 0.000045, 0.000173, 0.998029, 0.059405, -0.020222, -0.043105, 0.883180, 0.467050, 0.045605, -0.465258, 0.884000),
      ["LeftUpperArm"] = CFrame.new(0.261931, -0.601418, 0.658484, 0.933019, 0.235998, 0.271624, 0.028821, 0.703437, -0.710173, -0.358670, 0.670434, 0.649519),
      ["LeftUpperLeg"] = CFrame.new(-0.441779, 0.261920, -0.562199, 0.906308, -0.144556, 0.397127, 0.318898, 0.850551, -0.418171, -0.277328, 0.505635, 0.816959),
      ["LowerTorso"] = CFrame.new(0.000000, -1.950048, 1.117301, 1.000000, 0.000000, 0.000000, 0.000000, 0.750030, -0.661403, 0.000000, 0.661403, 0.750030),
      ["RightUpperArm"] = CFrame.new(-0.280536, -0.605955, 0.655367, 0.851647, -0.306131, -0.425419, -0.111937, 0.686721, -0.718251, 0.512024, 0.659316, 0.550577),
      ["RightUpperLeg"] = CFrame.new(0.540906, 0.288022, -0.531961, 0.902852, 0.225949, -0.365793, -0.370770, 0.839916, -0.396322, 0.217687, 0.493445, 0.842095)
    }},
    { Time = 0.267, Data = {
      ["Cock"] = CFrame.new(0.000026, -0.000020, -0.000000, 0.826198, 0.563380, 0.000000, -0.563380, 0.826198, -0.000000, -0.000000, 0.000000, 1.000000),
      ["Head"] = CFrame.new(0.000015, 0.000048, 0.000187, 0.997694, 0.064138, -0.022194, -0.046878, 0.887703, 0.458023, 0.049078, -0.455927, 0.888663),
      ["LeftUpperArm"] = CFrame.new(0.261937, -0.604671, 0.658375, 0.932998, 0.236046, 0.271657, 0.030658, 0.699974, -0.713510, -0.358574, 0.674032, 0.645837),
      ["LeftUpperLeg"] = CFrame.new(-0.441427, 0.264672, -0.566160, 0.906332, -0.144515, 0.397086, 0.320129, 0.848199, -0.421990, -0.275824, 0.509582, 0.815014),
      ["LowerTorso"] = CFrame.new(0.000000, -1.953456, 1.121114, 1.000000, 0.000000, 0.000000, 0.000000, 0.753437, -0.657520, 0.000000, 0.657520, 0.753437),
      ["RightUpperArm"] = CFrame.new(-0.280534, -0.609180, 0.655234, 0.851660, -0.306108, -0.425409, -0.114559, 0.683345, -0.721052, 0.511421, 0.662826, 0.546910),
      ["RightUpperLeg"] = CFrame.new(0.540394, 0.290682, -0.535797, 0.902847, 0.225898, -0.365838, -0.371774, 0.837579, -0.400307, 0.215990, 0.497425, 0.840188)
    }},
    { Time = 0.283, Data = {
      ["Cock"] = CFrame.new(0.000027, -0.000019, -0.000000, 0.819467, 0.573126, 0.000000, -0.573126, 0.819467, -0.000000, -0.000000, 0.000000, 1.000000),
      ["Head"] = CFrame.new(0.000016, 0.000051, 0.000200, 0.997373, 0.068365, -0.023937, -0.050317, 0.891617, 0.449986, 0.052106, -0.447599, 0.892715),
      ["LeftUpperArm"] = CFrame.new(0.261935, -0.607552, 0.658284, 0.932995, 0.236064, 0.271649, 0.032281, 0.696878, -0.716462, -0.358438, 0.677225, 0.642564),
      ["LeftUpperLeg"] = CFrame.new(-0.441149, 0.267029, -0.569534, 0.906316, -0.144474, 0.397138, 0.321227, 0.846149, -0.425259, -0.274599, 0.512990, 0.813287),
      ["LowerTorso"] = CFrame.new(0.000000, -1.956477, 1.124530, 1.000000, 0.000000, 0.000000, 0.000000, 0.756458, -0.654042, 0.000000, 0.654042, 0.756458),
      ["RightUpperArm"] = CFrame.new(-0.280540, -0.612033, 0.655112, 0.851653, -0.306112, -0.425420, -0.116879, 0.680338, -0.723519, 0.510908, 0.665910, 0.543634),
      ["RightUpperLeg"] = CFrame.new(0.539961, 0.292933, -0.539038, 0.902842, 0.225895, -0.365853, -0.372624, 0.835620, -0.403598, 0.214543, 0.500710, 0.838606)
    }},
    { Time = 0.300, Data = {
      ["Cock"] = CFrame.new(0.000028, -0.000018, -0.000000, 0.813189, 0.582000, 0.000000, -0.582000, 0.813189, -0.000000, -0.000000, 0.000000, 1.000000),
      ["Head"] = CFrame.new(0.000017, 0.000053, 0.000211, 0.997081, 0.071948, -0.025560, -0.053220, 0.894928, 0.443025, 0.054749, -0.440372, 0.896145),
      ["LeftUpperArm"] = CFrame.new(0.261923, -0.610041, 0.658195, 0.933013, 0.236039, 0.271612, 0.033673, 0.694223, -0.718972, -0.358264, 0.679956, 0.639771),
      ["LeftUpperLeg"] = CFrame.new(-0.440912, 0.268959, -0.572261, 0.906320, -0.144517, 0.397113, 0.322129, 0.844494, -0.427858, -0.273527, 0.515698, 0.811935),
      ["LowerTorso"] = CFrame.new(0.000000, -1.959002, 1.127407, 1.000000, 0.000000, 0.000000, 0.000000, 0.758982, -0.651111, 0.000000, 0.651111, 0.758982),
      ["RightUpperArm"] = CFrame.new(-0.280544, -0.614513, 0.655008, 0.851672, -0.306111, -0.425383, -0.118860, 0.677708, -0.725662, 0.510418, 0.668587, 0.540800),
      ["RightUpperLeg"] = CFrame.new(0.539607, 0.294785, -0.541668, 0.902836, 0.225907, -0.365858, -0.373340, 0.833965, -0.406349, 0.213316, 0.503456, 0.837274)
    }},
    { Time = 0.317, Data = {
      ["Cock"] = CFrame.new(0.000029, -0.000017, -0.000000, 0.807340, 0.590087, 0.000000, -0.590087, 0.807340, -0.000000, -0.000000, 0.000000, 1.000000),
      ["Head"] = CFrame.new(0.000018, 0.000056, 0.000221, 0.996823, 0.074952, -0.026947, -0.055684, 0.897703, 0.437069, 0.056950, -0.434180, 0.899024),
      ["LeftUpperArm"] = CFrame.new(0.261912, -0.612156, 0.658123, 0.933020, 0.236014, 0.271608, 0.034885, 0.691947, -0.721105, -0.358130, 0.682280, 0.637367),
      ["LeftUpperLeg"] = CFrame.new(-0.440737, 0.270455, -0.574414, 0.906305, -0.144479, 0.397161, 0.322820, 0.843176, -0.429931, -0.272760, 0.517861, 0.810816),
      ["LowerTorso"] = CFrame.new(0.000000, -1.961214, 1.129949, 1.000000, 0.000000, 0.000000, 0.000000, 0.761194, -0.648524, 0.000000, 0.648524, 0.761194),
      ["RightUpperArm"] = CFrame.new(-0.280535, -0.616614, 0.654926, 0.851681, -0.306062, -0.425401, -0.120615, 0.675469, -0.727457, 0.509992, 0.670871, 0.538368),
      ["RightUpperLeg"] = CFrame.new(0.539318, 0.296191, -0.543716, 0.902859, 0.225889, -0.365814, -0.373827, 0.832731, -0.408427, 0.212366, 0.505503, 0.836282)
    }},
    { Time = 0.333, Data = {
      ["Cock"] = CFrame.new(0.000030, -0.000016, -0.000000, 0.801999, 0.597326, 0.000000, -0.597326, 0.801999, -0.000000, -0.000000, 0.000000, 1.000000),
      ["Head"] = CFrame.new(0.000018, 0.000057, 0.000229, 0.996600, 0.077470, -0.028065, -0.057783, 0.899923, 0.432202, 0.058739, -0.429111, 0.901340),
      ["LeftUpperArm"] = CFrame.new(0.261919, -0.613878, 0.658049, 0.933008, 0.236055, 0.271615, 0.035821, 0.690115, -0.722813, -0.358069, 0.684120, 0.635427),
      ["LeftUpperLeg"] = CFrame.new(-0.440603, 0.271526, -0.575921, 0.906312, -0.144525, 0.397129, 0.323318, 0.842265, -0.431340, -0.272149, 0.519328, 0.810083),
      ["LowerTorso"] = CFrame.new(0.000000, -1.962941, 1.131944, 1.000000, 0.000000, 0.000000, 0.000000, 0.762921, -0.646491, 0.000000, 0.646491, 0.762921),
      ["RightUpperArm"] = CFrame.new(-0.280551, -0.618341, 0.654852, 0.851662, -0.306113, -0.425403, -0.121993, 0.673608, -0.728951, 0.509696, 0.672716, 0.536343),
      ["RightUpperLeg"] = CFrame.new(0.539122, 0.297208, -0.545193, 0.902856, 0.225862, -0.365838, -0.374202, 0.831813, -0.409952, 0.211717, 0.507025, 0.835525)
    }},
    { Time = 0.350, Data = {
      ["Cock"] = CFrame.new(0.000031, -0.000016, -0.000000, 0.797190, 0.603729, 0.000000, -0.603729, 0.797190, -0.000000, -0.000000, 0.000000, 1.000000),
      ["Head"] = CFrame.new(0.000019, 0.000058, 0.000235, 0.996428, 0.079335, -0.028944, -0.059342, 0.901625, 0.428429, 0.060086, -0.425181, 0.903112),
      ["LeftUpperArm"] = CFrame.new(0.261922, -0.615239, 0.658012, 0.933016, 0.236076, 0.271569, 0.036560, 0.688603, -0.724216, -0.357973, 0.685634, 0.633847),
      ["LeftUpperLeg"] = CFrame.new(-0.440531, 0.272164, -0.576857, 0.906299, -0.144491, 0.397170, 0.323607, 0.841700, -0.432226, -0.271845, 0.520253, 0.809591),
      ["LowerTorso"] = CFrame.new(0.000000, -1.964306, 1.133529, 1.000000, 0.000000, 0.000000, 0.000000, 0.764287, -0.644877, 0.000000, 0.644877, 0.764287),
      ["RightUpperArm"] = CFrame.new(-0.280539, -0.619669, 0.654788, 0.851679, -0.306061, -0.425406, -0.123084, 0.672218, -0.730050, 0.509405, 0.674129, 0.534843),
      ["RightUpperLeg"] = CFrame.new(0.539004, 0.297825, -0.546069, 0.902854, 0.225866, -0.365841, -0.374439, 0.831255, -0.410866, 0.211306, 0.507937, 0.835074)
    }},
    { Time = 0.367, Data = {
      ["Cock"] = CFrame.new(0.000031, -0.000015, -0.000000, 0.792879, 0.609380, 0.000000, -0.609380, 0.792879, -0.000000, -0.000000, 0.000000, 1.000000),
      ["Head"] = CFrame.new(0.000019, 0.000059, 0.000239, 0.996299, 0.080721, -0.029538, -0.060524, 0.902813, 0.425754, 0.061034, -0.422390, 0.904357),
      ["LeftUpperArm"] = CFrame.new(0.261898, -0.616184, 0.657966, 0.933024, 0.235994, 0.271613, 0.037162, 0.687629, -0.725111, -0.357890, 0.686639, 0.632804),
      ["LeftUpperLeg"] = CFrame.new(-0.440500, 0.272383, -0.577139, 0.906309, -0.144522, 0.397137, 0.323717, 0.841504, -0.432525, -0.271683, 0.520561, 0.809447),
      ["LowerTorso"] = CFrame.new(0.000000, -1.965313, 1.134704, 1.000000, 0.000000, 0.000000, 0.000000, 0.765293, -0.643682, 0.000000, 0.643682, 0.765293),
      ["RightUpperArm"] = CFrame.new(-0.280559, -0.620638, 0.654750, 0.851669, -0.306129, -0.425377, -0.123823, 0.671144, -0.730913, 0.509243, 0.675167, 0.533687),
      ["RightUpperLeg"] = CFrame.new(0.538965, 0.298041, -0.546344, 0.902853, 0.225901, -0.365822, -0.374538, 0.831059, -0.411171, 0.211135, 0.508241, 0.834933)
    }},
    { Time = 0.383, Data = {
      ["Cock"] = CFrame.new(0.000032, -0.000014, -0.000000, 0.789083, 0.614286, 0.000000, -0.614286, 0.789083, -0.000000, -0.000000, 0.000000, 1.000000),
      ["Head"] = CFrame.new(0.000019, 0.000060, 0.000241, 0.996218, 0.081562, -0.029949, -0.061225, 0.903543, 0.424101, 0.061650, -0.420664, 0.905119),
      ["LeftUpperArm"] = CFrame.new(0.261919, -0.616773, 0.657948, 0.933003, 0.236079, 0.271609, 0.037446, 0.686962, -0.725727, -0.357914, 0.687277, 0.632098),
      ["LeftUpperLeg"] = CFrame.new(-0.440509, 0.272322, -0.577024, 0.906309, -0.144540, 0.397131, 0.323705, 0.841548, -0.432449, -0.271698, 0.520486, 0.809490),
      ["LowerTorso"] = CFrame.new(0.000000, -1.965904, 1.135395, 1.000000, 0.000000, 0.000000, 0.000000, 0.765884, -0.642979, 0.000000, 0.642979, 0.765884),
      ["RightUpperArm"] = CFrame.new(-0.280558, -0.621209, 0.654721, 0.851650, -0.306126, -0.425417, -0.124311, 0.670546, -0.731379, 0.509156, 0.675762, 0.533015),
      ["RightUpperLeg"] = CFrame.new(0.538978, 0.297980, -0.546232, 0.902853, 0.225918, -0.365811, -0.374528, 0.831101, -0.411095, 0.211152, 0.508165, 0.834975)
    }},
    { Time = 0.400, Data = {
      ["Cock"] = CFrame.new(0.000032, -0.000014, -0.000000, 0.785876, 0.618385, 0.000000, -0.618385, 0.785876, -0.000000, -0.000000, 0.000000, 1.000000),
      ["Head"] = CFrame.new(0.000019, 0.000060, 0.000242, 0.996191, 0.081842, -0.030086, -0.061459, 0.903785, 0.423551, 0.061855, -0.420088, 0.905373),
      ["LeftUpperArm"] = CFrame.new(0.261909, -0.616962, 0.657940, 0.933013, 0.236040, 0.271610, 0.037575, 0.686769, -0.725904, -0.357876, 0.687483, 0.631895),
      ["LeftUpperLeg"] = CFrame.new(-0.440540, 0.272101, -0.576741, 0.906299, -0.144509, 0.397163, 0.323595, 0.841744, -0.432150, -0.271860, 0.520178, 0.809634),
      ["LowerTorso"] = CFrame.new(0.000000, -1.966081, 1.135602, 1.000000, 0.000000, 0.000000, 0.000000, 0.766061, -0.642768, 0.000000, 0.642768, 0.766061),
      ["RightUpperArm"] = CFrame.new(-0.280556, -0.621399, 0.654712, 0.851659, -0.306114, -0.425408, -0.124462, 0.670347, -0.731536, 0.509104, 0.675966, 0.532807),
      ["RightUpperLeg"] = CFrame.new(0.539018, 0.297764, -0.545955, 0.902854, 0.225883, -0.365831, -0.374429, 0.831297, -0.410790, 0.211323, 0.507861, 0.835116)
    }},
    { Time = 0.417, Data = {
      ["Cock"] = CFrame.new(0.000033, -0.000014, -0.000000, 0.783269, 0.621683, 0.000000, -0.621683, 0.783269, -0.000000, -0.000000, 0.000000, 1.000000),
      ["Head"] = CFrame.new(0.000019, 0.000060, 0.000242, 0.996202, 0.081743, -0.030010, -0.061385, 0.903679, 0.423787, 0.061761, -0.420335, 0.905265),
      ["LeftUpperArm"] = CFrame.new(0.261905, -0.616883, 0.657951, 0.933013, 0.236027, 0.271622, 0.037558, 0.686837, -0.725841, -0.357878, 0.687420, 0.631963),
      ["LeftUpperLeg"] = CFrame.new(-0.440588, 0.271753, -0.576236, 0.906290, -0.144533, 0.397176, 0.323448, 0.842070, -0.431625, -0.272066, 0.519643, 0.809909),
      ["LowerTorso"] = CFrame.new(0.000000, -1.965904, 1.135441, 1.000000, 0.000000, 0.000000, 0.000000, 0.765884, -0.642979, 0.000000, 0.642979, 0.765884),
      ["RightUpperArm"] = CFrame.new(-0.280550, -0.621319, 0.654724, 0.851659, -0.306093, -0.425423, -0.124437, 0.670416, -0.731476, 0.509110, 0.675906, 0.532876),
      ["RightUpperLeg"] = CFrame.new(0.539083, 0.297421, -0.545462, 0.902855, 0.225897, -0.365819, -0.374301, 0.831618, -0.410257, 0.211546, 0.507329, 0.835384)
    }},
    { Time = 0.433, Data = {
      ["Cock"] = CFrame.new(0.000033, -0.000013, -0.000000, 0.781161, 0.624329, 0.000000, -0.624329, 0.781161, -0.000000, -0.000000, 0.000000, 1.000000),
      ["Head"] = CFrame.new(0.000019, 0.000060, 0.000241, 0.996235, 0.081382, -0.029884, -0.061062, 0.903368, 0.424496, 0.061543, -0.421073, 0.904936),
      ["LeftUpperArm"] = CFrame.new(0.261909, -0.616612, 0.657946, 0.933003, 0.236040, 0.271643, 0.037394, 0.687165, -0.725538, -0.357920, 0.687087, 0.632301),
      ["LeftUpperLeg"] = CFrame.new(-0.440643, 0.271241, -0.575515, 0.906302, -0.144513, 0.397155, 0.323195, 0.842504, -0.430966, -0.272325, 0.518944, 0.810269),
      ["LowerTorso"] = CFrame.new(0.000000, -1.965372, 1.134958, 1.000000, 0.000000, 0.000000, 0.000000, 0.765352, -0.643612, 0.000000, 0.643612, 0.765352),
      ["RightUpperArm"] = CFrame.new(-0.280567, -0.621068, 0.654731, 0.851641, -0.306159, -0.425411, -0.124186, 0.670676, -0.731281, 0.509202, 0.675618, 0.533154),
      ["RightUpperLeg"] = CFrame.new(0.539189, 0.296967, -0.544784, 0.902830, 0.225922, -0.365866, -0.374172, 0.832022, -0.409554, 0.211882, 0.506654, 0.835708)
    }},
    { Time = 0.450, Data = {
      ["Cock"] = CFrame.new(0.000033, -0.000013, -0.000000, 0.779674, 0.626186, 0.000000, -0.626186, 0.779674, -0.000000, -0.000000, 0.000000, 1.000000),
      ["Head"] = CFrame.new(0.000019, 0.000059, 0.000239, 0.996299, 0.080721, -0.029538, -0.060524, 0.902813, 0.425754, 0.061034, -0.422390, 0.904357),
      ["LeftUpperArm"] = CFrame.new(0.261898, -0.616185, 0.657966, 0.933024, 0.235994, 0.271613, 0.037162, 0.687629, -0.725111, -0.357890, 0.686639, 0.632804),
      ["LeftUpperLeg"] = CFrame.new(-0.440716, 0.270600, -0.574573, 0.906314, -0.144547, 0.397115, 0.322905, 0.843068, -0.430079, -0.272628, 0.518018, 0.810760),
      ["LowerTorso"] = CFrame.new(0.000000, -1.964543, 1.134225, 1.000000, 0.000000, 0.000000, 0.000000, 0.764524, -0.644596, 0.000000, 0.644596, 0.764524),
      ["RightUpperArm"] = CFrame.new(-0.280559, -0.620639, 0.654750, 0.851669, -0.306129, -0.425377, -0.123823, 0.671144, -0.730913, 0.509243, 0.675167, 0.533687),
      ["RightUpperLeg"] = CFrame.new(0.539307, 0.296348, -0.543902, 0.902832, 0.225918, -0.365864, -0.373935, 0.832579, -0.408639, 0.212292, 0.505741, 0.836157)
    }},
    { Time = 0.467, Data = {
      ["Cock"] = CFrame.new(0.000033, -0.000013, -0.000000, 0.778814, 0.627256, 0.000000, -0.627256, 0.778814, -0.000000, -0.000000, 0.000000, 1.000000),
      ["Head"] = CFrame.new(0.000019, 0.000059, 0.000236, 0.996375, 0.079898, -0.029212, -0.059806, 0.902079, 0.427408, 0.060501, -0.424112, 0.903587),
      ["LeftUpperArm"] = CFrame.new(0.261906, -0.615583, 0.657984, 0.933005, 0.236019, 0.271656, 0.036836, 0.688285, -0.724504, -0.357974, 0.685973, 0.633479),
      ["LeftUpperLeg"] = CFrame.new(-0.440811, 0.269800, -0.573462, 0.906317, -0.144532, 0.397114, 0.322517, 0.843782, -0.428969, -0.273078, 0.516858, 0.811348),
      ["LowerTorso"] = CFrame.new(0.000000, -1.963297, 1.133102, 1.000000, 0.000000, 0.000000, 0.000000, 0.763278, -0.646070, 0.000000, 0.646070, 0.763278),
      ["RightUpperArm"] = CFrame.new(-0.280562, -0.620036, 0.654767, 0.851642, -0.306145, -0.425420, -0.123346, 0.671811, -0.730380, 0.509404, 0.674496, 0.534381),
      ["RightUpperLeg"] = CFrame.new(0.539439, 0.295563, -0.542816, 0.902861, 0.225884, -0.365812, -0.373589, 0.833286, -0.407511, 0.212776, 0.504589, 0.836730)
    }},
    { Time = 0.483, Data = {
      ["Cock"] = CFrame.new(0.000034, -0.000013, -0.000000, 0.778526, 0.627612, 0.000000, -0.627612, 0.778526, -0.000000, -0.000000, 0.000000, 1.000000),
      ["Head"] = CFrame.new(0.000019, 0.000058, 0.000233, 0.996480, 0.078775, -0.028669, -0.058874, 0.901094, 0.429609, 0.059676, -0.426409, 0.902560),
      ["LeftUpperArm"] = CFrame.new(0.261919, -0.614827, 0.658022, 0.933006, 0.236063, 0.271613, 0.036363, 0.689066, -0.723786, -0.358018, 0.685173, 0.634319),
      ["LeftUpperLeg"] = CFrame.new(-0.440923, 0.268877, -0.572122, 0.906320, -0.144553, 0.397100, 0.322104, 0.844580, -0.427707, -0.273557, 0.515547, 0.812021),
      ["LowerTorso"] = CFrame.new(0.000000, -1.961809, 1.131775, 1.000000, 0.000000, 0.000000, 0.000000, 0.761791, -0.647823, 0.000000, 0.647823, 0.761791),
      ["RightUpperArm"] = CFrame.new(-0.280545, -0.619274, 0.654812, 0.851661, -0.306085, -0.425424, -0.122783, 0.672616, -0.729734, 0.509508, 0.673721, 0.535258),
      ["RightUpperLeg"] = CFrame.new(0.539610, 0.294666, -0.541544, 0.902864, 0.225861, -0.365819, -0.373241, 0.834076, -0.406213, 0.213373, 0.503294, 0.837357)
    }},
    { Time = 0.500, Data = {
      ["Cock"] = CFrame.new(0.000033, -0.000014, -0.000000, 0.779101, 0.626899, 0.000000, -0.626899, 0.779101, -0.000000, -0.000000, 0.000000, 1.000000),
      ["Head"] = CFrame.new(0.000018, 0.000057, 0.000229, 0.996600, 0.077470, -0.028065, -0.057783, 0.899923, 0.432202, 0.058739, -0.429111, 0.901340),
      ["LeftUpperArm"] = CFrame.new(0.261919, -0.613878, 0.658049, 0.933008, 0.236055, 0.271615, 0.035821, 0.690115, -0.722813, -0.358069, 0.684120, 0.635427),
      ["LeftUpperLeg"] = CFrame.new(-0.441057, 0.267801, -0.570604, 0.906313, -0.144507, 0.397132, 0.321604, 0.845484, -0.426295, -0.274166, 0.514076, 0.812748),
      ["LowerTorso"] = CFrame.new(0.000000, -1.960557, 1.130657, 1.000000, 0.000000, 0.000000, 0.000000, 0.760538, -0.649294, 0.000000, 0.649294, 0.760538),
      ["RightUpperArm"] = CFrame.new(-0.280551, -0.618341, 0.654852, 0.851662, -0.306113, -0.425403, -0.121993, 0.673608, -0.728951, 0.509696, 0.672716, 0.536343),
      ["RightUpperLeg"] = CFrame.new(0.539808, 0.293642, -0.540056, 0.902866, 0.225889, -0.365796, -0.372864, 0.834987, -0.404685, 0.214021, 0.501769, 0.838107)
    }},
    { Time = 0.517, Data = {
      ["Cock"] = CFrame.new(0.000031, -0.000015, -0.000000, 0.780876, 0.624686, 0.000000, -0.624686, 0.780876, -0.000000, -0.000000, 0.000000, 1.000000),
      ["Head"] = CFrame.new(0.000018, 0.000056, 0.000224, 0.996742, 0.075881, -0.027331, -0.056464, 0.898492, 0.435343, 0.057591, -0.432382, 0.899850),
      ["LeftUpperArm"] = CFrame.new(0.261913, -0.612771, 0.658096, 0.933009, 0.236021, 0.271639, 0.035246, 0.691296, -0.721712, -0.358123, 0.682938, 0.636666),
      ["LeftUpperLeg"] = CFrame.new(-0.441209, 0.266589, -0.568873, 0.906306, -0.144534, 0.397138, 0.321053, 0.846556, -0.424579, -0.274834, 0.512301, 0.813642),
      ["LowerTorso"] = CFrame.new(0.000000, -1.959719, 1.129929, 1.000000, 0.000000, 0.000000, 0.000000, 0.759701, -0.650273, 0.000000, 0.650273, 0.759701),
      ["RightUpperArm"] = CFrame.new(-0.280540, -0.617231, 0.654899, 0.851662, -0.306079, -0.425426, -0.121129, 0.674806, -0.727986, 0.509901, 0.671530, 0.537632),
      ["RightUpperLeg"] = CFrame.new(0.540046, 0.292507, -0.538383, 0.902842, 0.225926, -0.365832, -0.372484, 0.835977, -0.402986, 0.214782, 0.500099, 0.838910)
    }},
    { Time = 0.533, Data = {
      ["Cock"] = CFrame.new(0.000029, -0.000018, -0.000000, 0.783894, 0.620895, 0.000000, -0.620895, 0.783894, -0.000000, -0.000000, 0.000000, 1.000000),
      ["Head"] = CFrame.new(0.000017, 0.000055, 0.000218, 0.996906, 0.074006, -0.026474, -0.054920, 0.896831, 0.438950, 0.056228, -0.436138, 0.898121),
      ["LeftUpperArm"] = CFrame.new(0.261917, -0.611492, 0.658144, 0.933001, 0.236027, 0.271663, 0.034541, 0.692666, -0.720431, -0.358213, 0.681547, 0.638105),
      ["LeftUpperLeg"] = CFrame.new(-0.441369, 0.265214, -0.566924, 0.906321, -0.144517, 0.397112, 0.320396, 0.847731, -0.422728, -0.275553, 0.510360, 0.814618),
      ["LowerTorso"] = CFrame.new(0.000000, -1.959180, 1.129450, 1.000000, 0.000000, 0.000000, 0.000000, 0.759162, -0.650902, 0.000000, 0.650902, 0.759162),
      ["RightUpperArm"] = CFrame.new(-0.280558, -0.615969, 0.654956, 0.851644, -0.306153, -0.425409, -0.120063, 0.676121, -0.726942, 0.510183, 0.670172, 0.539057),
      ["RightUpperLeg"] = CFrame.new(0.540296, 0.291204, -0.536505, 0.902846, 0.225935, -0.365819, -0.371995, 0.837114, -0.401073, 0.215615, 0.498190, 0.839832)
    }},
    { Time = 0.550, Data = {
      ["Cock"] = CFrame.new(0.000026, -0.000022, -0.000000, 0.788017, 0.615654, 0.000000, -0.615654, 0.788017, -0.000000, -0.000000, 0.000000, 1.000000),
      ["Head"] = CFrame.new(0.000017, 0.000053, 0.000211, 0.997081, 0.071948, -0.025560, -0.053220, 0.894928, 0.443025, 0.054749, -0.440372, 0.896145),
      ["LeftUpperArm"] = CFrame.new(0.261923, -0.610041, 0.658195, 0.933013, 0.236039, 0.271612, 0.033673, 0.694223, -0.718972, -0.358264, 0.679956, 0.639771),
      ["LeftUpperLeg"] = CFrame.new(-0.441561, 0.263718, -0.564792, 0.906304, -0.144531, 0.397145, 0.319720, 0.849028, -0.420632, -0.276393, 0.508195, 0.815686),
      ["LowerTorso"] = CFrame.new(0.000000, -1.959000, 1.129291, 1.000000, 0.000000, 0.000000, 0.000000, 0.758982, -0.651111, 0.000000, 0.651111, 0.758982),
      ["RightUpperArm"] = CFrame.new(-0.280544, -0.614513, 0.655008, 0.851672, -0.306111, -0.425383, -0.118860, 0.677708, -0.725662, 0.510418, 0.668587, 0.540800),
      ["RightUpperLeg"] = CFrame.new(0.540573, 0.289745, -0.534461, 0.902849, 0.225892, -0.365836, -0.371413, 0.838396, -0.398929, 0.216601, 0.496049, 0.840845)
    }},
    { Time = 0.567, Data = {
      ["Cock"] = CFrame.new(0.000022, -0.000026, -0.000000, 0.792990, 0.609235, 0.000000, -0.609235, 0.792990, -0.000000, -0.000000, 0.000000, 1.000000),
      ["Head"] = CFrame.new(0.000016, 0.000052, 0.000204, 0.997273, 0.069601, -0.024529, -0.051300, 0.892780, 0.447564, 0.053049, -0.445085, 0.893916),
      ["LeftUpperArm"] = CFrame.new(0.261920, -0.608417, 0.658250, 0.933024, 0.236013, 0.271594, 0.032754, 0.695976, -0.717318, -0.358319, 0.678171, 0.641632),
      ["LeftUpperLeg"] = CFrame.new(-0.441760, 0.262059, -0.562444, 0.906308, -0.144501, 0.397147, 0.318936, 0.850424, -0.418400, -0.277284, 0.505863, 0.816833),
      ["RightUpperArm"] = CFrame.new(-0.280548, -0.612902, 0.655073, 0.851644, -0.306137, -0.425420, -0.117568, 0.679417, -0.724272, 0.510764, 0.666838, 0.542630),
