return {
  ["Astros on his back"] = {
    { Time = 0.000, Data = {
      ["Balls"] = CFrame.new(-0.000001, 0.000006, 0.000001, 0.972815, -0.231556, -0.003682, 0.228383, 0.961876, -0.150449, 0.038379, 0.145518, 0.988611),
      ["FloatingCock"] = CFrame.new(0.109544, -2.747720, 0.071546, 0.052884, -0.142322, 0.988407, -0.306582, 0.939677, 0.151709, -0.950374, -0.311051, 0.006060),
      ["Head"] = CFrame.new(-0.000000, -0.000000, 0.000000, 0.996107, 0.087910, -0.006580, -0.066102, 0.794213, 0.604033, 0.058327, -0.601247, 0.796932),
      ["LeftUpperArm"] = CFrame.new(-0.081930, -0.243703, 0.764321, 0.959767, 0.140097, -0.243353, -0.260475, 0.767903, -0.585216, 0.104885, 0.625058, 0.773499),
      ["LeftUpperLeg"] = CFrame.new(-0.027412, 0.554825, -1.275226, 0.899916, 0.435930, -0.010803, -0.395891, 0.827145, 0.398874, 0.182817, -0.354676, 0.916942),
      ["LowerTorso"] = CFrame.new(0.089707, -1.628392, 0.371637, 0.980058, -0.121905, 0.156923, 0.198710, 0.601210, -0.773990, 0.000010, 0.789738, 0.613445),
      ["RightUpperArm"] = CFrame.new(0.343611, -1.226153, 0.061021, 0.637255, 0.627513, 0.447363, 0.753807, -0.628261, -0.192518, 0.160253, 0.459908, -0.873387),
      ["RightUpperLeg"] = CFrame.new(0.298502, 0.341544, -1.072490, 0.956641, -0.191857, -0.219155, 0.263733, 0.889907, 0.372170, 0.123624, -0.413832, 0.901920),
      ["рҹҢ§пёҸрҹҳірҹ‘»рҹҸіпёҸвҖҚрҹҢҲрҹҳӮрҹ’һрҹҸҙвҖҚвҳ пёҸрҹҺёрҹҢ§пёҸрҹҳірҹ‘»рҹҸіпёҸвҖҚрҹҢҲрҹҳӮрҹ’һрҹҸҙвҖҚвҳ"] = CFrame.new(0.000000, 0.000000, 0.000000, 0.927316, -0.237080, 0.289617, 0.247712, 0.968834, -0.000054, -0.280577, 0.071792, 0.957143)
    }},
    { Time = 0.017, Data = {
      ["Balls"] = CFrame.new(-0.000001, 0.000006, 0.000001, 0.969702, -0.244264, -0.003744, 0.240940, 0.958812, -0.150426, 0.040334, 0.144967, 0.988614),
      ["FloatingCock"] = CFrame.new(0.109479, -2.747322, 0.072123, 0.052962, -0.142242, 0.988414, -0.306989, 0.939552, 0.151659, -0.950238, -0.311465, 0.006094),
      ["Head"] = CFrame.new(0.000000, -0.000000, 0.000000, 0.996106, 0.087950, -0.006197, -0.066111, 0.791561, 0.607504, 0.058336, -0.604728, 0.794293),
      ["LeftUpperArm"] = CFrame.new(-0.081927, -0.243689, 0.764303, 0.959767, 0.140108, -0.243347, -0.260470, 0.767959, -0.585145, 0.104897, 0.624987, 0.773555),
      ["LeftUpperLeg"] = CFrame.new(-0.027412, 0.554829, -1.275217, 0.899916, 0.435931, -0.010783, -0.395883, 0.827111, 0.398953, 0.182835, -0.354755, 0.916908),
      ["LowerTorso"] = CFrame.new(0.089700, -1.628385, 0.371628, 0.980058, -0.121897, 0.156928, 0.198710, 0.601134, -0.774049, 0.000019, 0.789796, 0.613369),
      ["RightUpperArm"] = CFrame.new(0.343470, -1.225848, 0.061629, 0.638837, 0.626975, 0.445858, 0.753434, -0.627098, -0.197700, 0.155643, 0.462223, -0.872998),
      ["RightUpperLeg"] = CFrame.new(0.298502, 0.341538, -1.072479, 0.956641, -0.191838, -0.219172, 0.263744, 0.889837, 0.372330, 0.123600, -0.413991, 0.901850),
      ["рҹҢ§пёҸрҹҳірҹ‘»рҹҸіпёҸвҖҚрҹҢҲрҹҳӮрҹ’һрҹҸҙвҖҚвҳ пёҸрҹҺёрҹҢ§пёҸрҹҳірҹ‘»рҹҸіпёҸвҖҚрҹҢҲрҹҳӮрҹ’һрҹҸҙвҖҚвҳ"] = CFrame.new(0.000000, 0.000000, -0.000000, 0.928410, -0.232758, 0.289617, 0.243192, 0.969978, -0.000041, -0.280912, 0.070470, 0.957143)
    }},
    { Time = 0.033, Data = {
      ["Balls"] = CFrame.new(-0.000001, 0.000006, 0.000001, 0.966466, -0.256766, -0.003734, 0.253304, 0.955624, -0.150399, 0.042186, 0.144410, 0.988618),
      ["FloatingCock"] = CFrame.new(0.109286, -2.746131, 0.073848, 0.053088, -0.142201, 0.988413, -0.308275, 0.939129, 0.151668, -0.949815, -0.312755, 0.006019),
      ["Head"] = CFrame.new(-0.000000, -0.000000, 0.000000, 0.996107, 0.087962, -0.005732, -0.066148, 0.788891, 0.610962, 0.058263, -0.608205, 0.791639),
      ["LeftUpperArm"] = CFrame.new(-0.081927, -0.243689, 0.764303, 0.959767, 0.140108, -0.243347, -0.260470, 0.767959, -0.585145, 0.104897, 0.624987, 0.773555),
      ["LeftUpperLeg"] = CFrame.new(-0.027389, 0.554879, -1.275221, 0.899962, 0.435839, -0.010620, -0.395782, 0.826978, 0.399329, 0.182826, -0.355177, 0.916746),
      ["LowerTorso"] = CFrame.new(0.089677, -1.628363, 0.371599, 0.980058, -0.121875, 0.156946, 0.198710, 0.600908, -0.774225, 0.000048, 0.789972, 0.613142),
      ["RightUpperArm"] = CFrame.new(0.343331, -1.225538, 0.062238, 0.640407, 0.626446, 0.444348, 0.753040, -0.625917, -0.202878, 0.151033, 0.464536, -0.872580),
      ["RightUpperLeg"] = CFrame.new(0.298490, 0.341601, -1.072515, 0.956666, -0.191615, -0.219256, 0.263618, 0.889737, 0.372657, 0.123673, -0.414308, 0.901695),
      ["рҹҢ§пёҸрҹҳірҹ‘»рҹҸіпёҸвҖҚрҹҢҲрҹҳӮрҹ’һрҹҸҙвҖҚвҳ пёҸрҹҺёрҹҢ§пёҸрҹҳірҹ‘»рҹҸіпёҸвҖҚрҹҢҲрҹҳӮрҹ’һрҹҸҙвҖҚвҳ"] = CFrame.new(0.000000, 0.000000, -0.000000, 0.929484, -0.228431, 0.289618, 0.238668, 0.971101, -0.000027, -0.281243, 0.069148, 0.957142)
    }},
    { Time = 0.050, Data = {
      ["Balls"] = CFrame.new(-0.000001, 0.000006, 0.000001, 0.963114, -0.269068, -0.003737, 0.265469, 0.952320, -0.150378, 0.044020, 0.143839, 0.988621),
      ["FloatingCock"] = CFrame.new(0.108966, -2.744161, 0.076703, 0.053377, -0.142060, 0.988418, -0.310314, 0.938462, 0.151638, -0.949134, -0.314814, 0.006009),
      ["Head"] = CFrame.new(0.000000, -0.000000, 0.000000, 0.996106, 0.088000, -0.005352, -0.066160, 0.786260, 0.614343, 0.058270, -0.611597, 0.789021),
      ["LeftUpperArm"] = CFrame.new(-0.081900, -0.243664, 0.764267, 0.959748, 0.140210, -0.243361, -0.260540, 0.768052, -0.584991, 0.104892, 0.624850, 0.773667),
      ["LeftUpperLeg"] = CFrame.new(-0.027361, 0.554929, -1.275249, 0.900017, 0.435732, -0.010336, -0.395682, 0.826777, 0.399844, 0.182771, -0.355777, 0.916525),
      ["LowerTorso"] = CFrame.new(0.089677, -1.628324, 0.371556, 0.980066, -0.121875, 0.156899, 0.198672, 0.600530, -0.774528, 0.000173, 0.790260, 0.612772),
      ["RightUpperArm"] = CFrame.new(0.343209, -1.225212, 0.062836, 0.641868, 0.625985, 0.442887, 0.752689, -0.624684, -0.207919, 0.146510, 0.466812, -0.872136),
      ["RightUpperLeg"] = CFrame.new(0.298477, 0.341656, -1.072533, 0.956692, -0.191364, -0.219365, 0.263509, 0.889532, 0.373224, 0.123711, -0.414865, 0.901434),
      ["рҹҢ§пёҸрҹҳірҹ‘»рҹҸіпёҸвҖҚрҹҢҲрҹҳӮрҹ’һрҹҸҙвҖҚвҳ пёҸрҹҺёрҹҢ§пёҸрҹҳірҹ‘»рҹҸіпёҸвҖҚрҹҢҲрҹҳӮрҹ’һрҹҸҙвҖҚвҳ"] = CFrame.new(0.000000, 0.000000, 0.000000, 0.930496, -0.224268, 0.289622, 0.234307, 0.972163, 0.000012, -0.281562, 0.067849, 0.957141)
    }},
    { Time = 0.067, Data = {
      ["Balls"] = CFrame.new(-0.000001, 0.000005, 0.000001, 0.959748, -0.280837, -0.003778, 0.277101, 0.949003, -0.150362, 0.045813, 0.143263, 0.988624),
      ["FloatingCock"] = CFrame.new(0.108524, -2.741434, 0.080654, 0.053828, -0.141939, 0.988411, -0.313221, 0.937488, 0.151684, -0.948153, -0.317756, 0.006005),
      ["Head"] = CFrame.new(0.000000, -0.000000, 0.000000, 0.996102, 0.088064, -0.005061, -0.066150, 0.783726, 0.617574, 0.058352, -0.614832, 0.786497),
      ["LeftUpperArm"] = CFrame.new(-0.081887, -0.243635, 0.764228, 0.959764, 0.140261, -0.243268, -0.260503, 0.768164, -0.584861, 0.104836, 0.624701, 0.773794),
      ["LeftUpperLeg"] = CFrame.new(-0.027311, 0.555022, -1.275299, 0.900118, 0.435532, -0.009929, -0.395498, 0.826510, 0.400578, 0.182671, -0.356641, 0.916209),
      ["LowerTorso"] = CFrame.new(0.089731, -1.628171, 0.371431, 0.980058, -0.121929, 0.156906, 0.198711, 0.599909, -0.774999, 0.000365, 0.790723, 0.612175),
      ["RightUpperArm"] = CFrame.new(0.343090, -1.224901, 0.063412, 0.643261, 0.625529, 0.441508, 0.752325, -0.623499, -0.212737, 0.142207, 0.469002, -0.871674),
      ["RightUpperLeg"] = CFrame.new(0.298452, 0.341776, -1.072594, 0.956742, -0.190900, -0.219550, 0.263268, 0.889261, 0.374038, 0.123833, -0.415658, 0.901051),
      ["рҹҢ§пёҸрҹҳірҹ‘»рҹҸіпёҸвҖҚрҹҢҲрҹҳӮрҹ’һрҹҸҙвҖҚвҳ пёҸрҹҺёрҹҢ§пёҸрҹҳірҹ‘»рҹҸіпёҸвҖҚрҹҢҲрҹҳӮрҹ’һрҹҸҙвҖҚвҳ"] = CFrame.new(0.000000, -0.000000, 0.000000, 0.931469, -0.220173, 0.289636, 0.230039, 0.973181, -0.000020, -0.281864, 0.066646, 0.957137)
    }},
    { Time = 0.083, Data = {
      ["Balls"] = CFrame.new(-0.000001, 0.000005, 0.000001, 0.956415, -0.291985, -0.003780, 0.288125, 0.945718, -0.150338, 0.047471, 0.142697, 0.988627),
      ["FloatingCock"] = CFrame.new(0.107963, -2.737979, 0.085660, 0.054436, -0.141717, 0.988409, -0.316879, 0.936257, 0.151692, -0.946903, -0.321463, 0.006058),
      ["Head"] = CFrame.new(0.000000, -0.000000, 0.000000, 0.996101, 0.088098, -0.004697, -0.066173, 0.781290, 0.620651, 0.058348, -0.617920, 0.784073),
      ["LeftUpperArm"] = CFrame.new(-0.081878, -0.243591, 0.764171, 0.959764, 0.140295, -0.243249, -0.260489, 0.768331, -0.584648, 0.104872, 0.624488, 0.773962),
      ["LeftUpperLeg"] = CFrame.new(-0.027237, 0.555156, -1.275371, 0.900266, 0.435239, -0.009399, -0.395228, 0.826177, 0.401530, 0.182526, -0.357769, 0.915798),
      ["LowerTorso"] = CFrame.new(0.089701, -1.628084, 0.371338, 0.980066, -0.121899, 0.156882, 0.198673, 0.599228, -0.775535, 0.000528, 0.791243, 0.611501),
      ["RightUpperArm"] = CFrame.new(0.342976, -1.224603, 0.063957, 0.644616, 0.625099, 0.440138, 0.751939, -0.622366, -0.217368, 0.138050, 0.471075, -0.871224),
      ["RightUpperLeg"] = CFrame.new(0.298426, 0.341889, -1.072638, 0.956792, -0.190406, -0.219759, 0.263044, 0.888884, 0.375092, 0.123921, -0.416691, 0.900562),
      ["рҹҢ§пёҸрҹҳірҹ‘»рҹҸіпёҸвҖҚрҹҢҲрҹҳӮрҹ’һрҹҸҙвҖҚвҳ пёҸрҹҺёрҹҢ§пёҸрҹҳірҹ‘»рҹҸіпёҸвҖҚрҹҢҲрҹҳӮрҹ’һрҹҸҙвҖҚвҳ"] = CFrame.new(0.000000, 0.000000, 0.000000, 0.932385, -0.216242, 0.289652, 0.225935, 0.974142, -0.000027, -0.282157, 0.065468, 0.957132)
    }},
    { Time = 0.100, Data = {
      ["Balls"] = CFrame.new(-0.000001, 0.000005, 0.000001, 0.953137, -0.302516, -0.003743, 0.298545, 0.942486, -0.150305, 0.048997, 0.142144, 0.988633),
      ["FloatingCock"] = CFrame.new(0.107290, -2.733834, 0.091666, 0.055076, -0.141414, 0.988417, -0.321294, 0.934760, 0.151640, -0.945377, -0.325924, 0.006048),
      ["Head"] = CFrame.new(0.000000, 0.000000, 0.000000, 0.996106, 0.088050, -0.004369, -0.066121, 0.778961, 0.623577, 0.058309, -0.620860, 0.781750),
      ["LeftUpperArm"] = CFrame.new(-0.081866, -0.243532, 0.764096, 0.959764, 0.140340, -0.243223, -0.260469, 0.768554, -0.584363, 0.104921, 0.624203, 0.774185),
      ["LeftUpperLeg"] = CFrame.new(-0.027163, 0.555299, -1.275426, 0.900413, 0.434946, -0.008830, -0.394943, 0.825774, 0.402639, 0.182417, -0.359054, 0.915316),
      ["LowerTorso"] = CFrame.new(0.089725, -1.627871, 0.371156, 0.980058, -0.121922, 0.156914, 0.198712, 0.598304, -0.776238, 0.000759, 0.791939, 0.610600),
      ["RightUpperArm"] = CFrame.new(0.342870, -1.224328, 0.064461, 0.645905, 0.624694, 0.438820, 0.751538, -0.621320, -0.221703, 0.134151, 0.472989, -0.870795),
      ["RightUpperLeg"] = CFrame.new(0.298389, 0.342069, -1.072730, 0.956868, -0.189709, -0.220034, 0.262683, 0.888474, 0.376312, 0.124105, -0.417880, 0.899986),
      ["рҹҢ§пёҸрҹҳірҹ‘»рҹҸіпёҸвҖҚрҹҢҲрҹҳӮрҹ’һрҹҸҙвҖҚвҳ пёҸрҹҺёрҹҢ§пёҸрҹҳірҹ‘»рҹҸіпёҸвҖҚрҹҢҲрҹҳӮрҹ’һрҹҸҙвҖҚвҳ"] = CFrame.new(0.000000, 0.000000, 0.000000, 0.933232, -0.212645, 0.289586, 0.222163, 0.975010, 0.000007, -0.282351, 0.064329, 0.957152)
    }},
    { Time = 0.117, Data = {
      ["Balls"] = CFrame.new(-0.000001, 0.000004, 0.000001, 0.949985, -0.312274, -0.003764, 0.308193, 0.939380, -0.150275, 0.050463, 0.141599, 0.988637),
      ["FloatingCock"] = CFrame.new(0.106513, -2.729044, 0.098606, 0.055885, -0.141130, 0.988412, -0.326334, 0.933007, 0.151670, -0.943601, -0.331028, 0.006085),
      ["Head"] = CFrame.new(-0.000000, 0.000000, 0.000000, 0.996105, 0.088082, -0.004024, -0.066158, 0.776784, 0.626283, 0.058290, -0.623577, 0.779586),
      ["LeftUpperArm"] = CFrame.new(-0.081825, -0.243478, 0.764021, 0.959762, 0.140493, -0.243144, -0.260503, 0.768758, -0.584080, 0.104860, 0.623917, 0.774424),
      ["LeftUpperLeg"] = CFrame.new(-0.027085, 0.555445, -1.275495, 0.900569, 0.434637, -0.008120, -0.394652, 0.825265, 0.403965, 0.182279, -0.360594, 0.914738),
      ["LowerTorso"] = CFrame.new(0.089664, -1.627708, 0.370996, 0.980065, -0.121862, 0.156913, 0.198674, 0.597318, -0.777007, 0.000960, 0.792692, 0.609621),
      ["RightUpperArm"] = CFrame.new(0.342758, -1.224067, 0.064949, 0.647102, 0.624269, 0.437661, 0.751143, -0.620329, -0.225779, 0.130547, 0.474848, -0.870332),
      ["RightUpperLeg"] = CFrame.new(0.298351, 0.342244, -1.072811, 0.956942, -0.188992, -0.220325, 0.262334, 0.887992, 0.377692, 0.124266, -0.419228, 0.899336),
      ["рҹҢ§пёҸрҹҳірҹ‘»рҹҸіпёҸвҖҚрҹҢҲрҹҳӮрҹ’һрҹҸҙвҖҚвҳ пёҸрҹҺёрҹҢ§пёҸрҹҳірҹ‘»рҹҸіпёҸвҖҚрҹҢҲрҹҳӮрҹ’һрҹҸҙвҖҚвҳ"] = CFrame.new(0.000000, -0.000000, 0.000000, 0.934002, -0.209199, 0.289614, 0.218568, 0.975822, -0.000008, -0.282610, 0.063308, 0.957144)
    }},
    { Time = 0.133, Data = {
      ["Balls"] = CFrame.new(-0.000001, 0.000004, 0.000001, 0.947069, -0.321009, -0.003766, 0.316828, 0.936496, -0.150318, 0.051780, 0.141168, 0.988631),
      ["FloatingCock"] = CFrame.new(0.105640, -2.723663, 0.106403, 0.056726, -0.140765, 0.988417, -0.332008, 0.931007, 0.151643, -0.941569, -0.336765, 0.006077),
      ["Head"] = CFrame.new(-0.000000, 0.000000, 0.000000, 0.996101, 0.088140, -0.003777, -0.066177, 0.774826, 0.628701, 0.058340, -0.626000, 0.777638),
      ["LeftUpperArm"] = CFrame.new(-0.081814, -0.243420, 0.763946, 0.959762, 0.140538, -0.243118, -0.260483, 0.768981, -0.583795, 0.104908, 0.623632, 0.774647),
      ["LeftUpperLeg"] = CFrame.new(-0.026985, 0.555628, -1.275596, 0.900770, 0.434234, -0.007307, -0.394284, 0.824722, 0.405431, 0.182078, -0.362319, 0.914096),
      ["LowerTorso"] = CFrame.new(0.089711, -1.627554, 0.370858, 0.980065, -0.121909, 0.156880, 0.198674, 0.596239, -0.777835, 0.001287, 0.793497, 0.608573),
      ["RightUpperArm"] = CFrame.new(0.342680, -1.223832, 0.065360, 0.648170, 0.623970, 0.436506, 0.750788, -0.619432, -0.229394, 0.127251, 0.476410, -0.869967),
      ["RightUpperLeg"] = CFrame.new(0.298312, 0.342442, -1.072926, 0.957022, -0.188144, -0.220706, 0.261936, 0.887420, 0.379308, 0.124495, -0.420817, 0.898562),
      ["рҹҢ§пёҸрҹҳірҹ‘»рҹҸіпёҸвҖҚрҹҢҲрҹҳӮрҹ’һрҹҸҙвҖҚвҳ пёҸрҹҺёрҹҢ§пёҸрҹҳірҹ‘»рҹҸіпёҸвҖҚрҹҢҲрҹҳӮрҹ’һрҹҸҙвҖҚвҳ"] = CFrame.new(0.000000, 0.000000, 0.000000, 0.934685, -0.206086, 0.289642, 0.215307, 0.976546, 0.000027, -0.282855, 0.062336, 0.957135)
    }},
    { Time = 0.150, Data = {
      ["Balls"] = CFrame.new(-0.000001, 0.000004, 0.000001, 0.944388, -0.328811, -0.003768, 0.324545, 0.933858, -0.150263, 0.052927, 0.140684, 0.988639),
      ["FloatingCock"] = CFrame.new(0.104680, -2.717749, 0.114973, 0.057617, -0.140439, 0.988411, -0.338195, 0.928772, 0.151679, -0.939311, -0.343015, 0.006017),
      ["Head"] = CFrame.new(0.000000, 0.000000, 0.000000, 0.996107, 0.088088, -0.003493, -0.066154, 0.773098, 0.630827, 0.058269, -0.628140, 0.775915),
      ["LeftUpperArm"] = CFrame.new(-0.081771, -0.243351, 0.763852, 0.959759, 0.140703, -0.243032, -0.260512, 0.769241, -0.583439, 0.104859, 0.623274, 0.774941),
      ["LeftUpperLeg"] = CFrame.new(-0.026865, 0.555859, -1.275687, 0.901009, 0.433752, -0.006474, -0.393823, 0.824143, 0.407053, 0.181895, -0.364209, 0.913382),
      ["LowerTorso"] = CFrame.new(0.089704, -1.627337, 0.370665, 0.980057, -0.121902, 0.156935, 0.198711, 0.595006, -0.778769, 0.001556, 0.794423, 0.607363),
      ["RightUpperArm"] = CFrame.new(0.342594, -1.223620, 0.065745, 0.649123, 0.623645, 0.435553, 0.750450, -0.618630, -0.232643, 0.124360, 0.477874, -0.869581),
      ["RightUpperLeg"] = CFrame.new(0.298262, 0.342680, -1.073044, 0.957120, -0.187204, -0.221078, 0.261463, 0.886829, 0.381013, 0.124731, -0.422479, 0.897749),
      ["рҹҢ§пёҸрҹҳірҹ‘»рҹҸіпёҸвҖҚрҹҢҲрҹҳӮрҹ’һрҹҸҙвҖҚвҳ пёҸрҹҺёрҹҢ§пёҸрҹҳірҹ‘»рҹҸіпёҸвҖҚрҹҢҲрҹҳӮрҹ’һрҹҸҙвҖҚвҳ"] = CFrame.new(0.000000, 0.000000, -0.000000, 0.935291, -0.203368, 0.289606, 0.212489, 0.977164, -0.000053, -0.282982, 0.061587, 0.957146)
    }},
    { Time = 0.167, Data = {
      ["Balls"] = CFrame.new(-0.000001, 0.000004, 0.000001, 0.941996, -0.335602, -0.003751, 0.331263, 0.931494, -0.150278, 0.053928, 0.140319, 0.988637),
      ["FloatingCock"] = CFrame.new(0.103644, -2.711366, 0.124221, 0.058658, -0.140010, 0.988411, -0.344883, 0.926309, 0.151680, -0.936811, -0.349784, 0.006048),
      ["Head"] = CFrame.new(0.000000, -0.000000, 0.000000, 0.996102, 0.088144, -0.003278, -0.066195, 0.771588, 0.632670, 0.058295, -0.629987, 0.774415),
      ["LeftUpperArm"] = CFrame.new(-0.081756, -0.243278, 0.763759, 0.959759, 0.140759, -0.243000, -0.260488, 0.769519, -0.583083, 0.104919, 0.622918, 0.775219),
      ["LeftUpperLeg"] = CFrame.new(-0.026761, 0.556045, -1.275803, 0.901218, 0.433330, -0.005522, -0.393451, 0.823488, 0.408735, 0.181664, -0.366187, 0.912636),
      ["LowerTorso"] = CFrame.new(0.089721, -1.627046, 0.370421, 0.980056, -0.121918, 0.156925, 0.198711, 0.593619, -0.779827, 0.001921, 0.795457, 0.606007),
      ["RightUpperArm"] = CFrame.new(0.342530, -1.223427, 0.066079, 0.649922, 0.623400, 0.434711, 0.750175, -0.617893, -0.235469, 0.121814, 0.479145, -0.869242),
      ["RightUpperLeg"] = CFrame.new(0.298213, 0.342910, -1.073151, 0.957219, -0.186243, -0.221464, 0.261001, 0.886163, 0.382877, 0.124945, -0.424299, 0.896861),
      ["рҹҢ§пёҸрҹҳірҹ‘»рҹҸіпёҸвҖҚрҹҢҲрҹҳӮрҹ’һрҹҸҙвҖҚвҳ пёҸрҹҺёрҹҢ§пёҸрҹҳірҹ‘»рҹҸіпёҸвҖҚрҹҢҲрҹҳӮрҹ’һрҹҸҙвҖҚвҳ"] = CFrame.new(-0.000000, 0.000000, 0.000000, 0.935792, -0.200994, 0.289645, 0.209992, 0.977703, 0.000013, -0.283189, 0.060811, 0.957134)
    }},
    { Time = 0.183, Data = {
      ["Balls"] = CFrame.new(-0.000001, 0.000004, 0.000001, 0.939974, -0.341224, -0.003756, 0.336826, 0.929511, -0.150194, 0.054741, 0.139914, 0.988649),
      ["FloatingCock"] = CFrame.new(0.102543, -2.704585, 0.134046, 0.059737, -0.139499, 0.988419, -0.351963, 0.923651, 0.151630, -0.934106, -0.356945, 0.006078),
      ["Head"] = CFrame.new(0.000000, 0.000000, 0.000000, 0.996105, 0.088118, -0.003108, -0.066165, 0.770312, 0.634225, 0.058281, -0.631550, 0.773142),
      ["LeftUpperArm"] = CFrame.new(-0.081710, -0.243195, 0.763646, 0.959757, 0.140934, -0.242908, -0.260512, 0.769834, -0.582657, 0.104883, 0.622489, 0.775569),
      ["LeftUpperLeg"] = CFrame.new(-0.026637, 0.556282, -1.275900, 0.901464, 0.432829, -0.004530, -0.392977, 0.822760, 0.410652, 0.181469, -0.368408, 0.911781),
      ["LowerTorso"] = CFrame.new(0.089737, -1.626822, 0.370229, 0.980056, -0.121935, 0.156916, 0.198709, 0.592230, -0.780883, 0.002287, 0.796489, 0.604648),
      ["RightUpperArm"] = CFrame.new(0.342470, -1.223268, 0.066361, 0.650637, 0.623172, 0.433968, 0.749906, -0.617291, -0.237893, 0.119636, 0.480217, -0.868953),
      ["RightUpperLeg"] = CFrame.new(0.298162, 0.343168, -1.073298, 0.957320, -0.185160, -0.221931, 0.260486, 0.885439, 0.384896, 0.125239, -0.426279, 0.895880),
      ["рҹҢ§пёҸрҹҳірҹ‘»рҹҸіпёҸвҖҚрҹҢҲрҹҳӮрҹ’һрҹҸҙвҖҚвҳ пёҸрҹҺёрҹҢ§пёҸрҹҳірҹ‘»рҹҸіпёҸвҖҚрҹҢҲрҹҳӮрҹ’һрҹҸҙвҖҚвҳ"] = CFrame.new(0.000000, 0.000000, 0.000000, 0.936223, -0.199017, 0.289618, 0.207940, 0.978142, -0.000038, -0.283280, 0.060258, 0.957142)
    }},
    { Time = 0.200, Data = {
      ["Balls"] = CFrame.new(-0.000001, 0.000004, 0.000001, 0.938374, -0.345600, -0.003760, 0.341153, 0.927934, -0.150178, 0.055391, 0.139641, 0.988652),
      ["FloatingCock"] = CFrame.new(0.101390, -2.697480, 0.144341, 0.060875, -0.139086, 0.988407, -0.359368, 0.920783, 0.151704, -0.931208, -0.364437, 0.006070),
      ["Head"] = CFrame.new(-0.000000, 0.000000, 0.000000, 0.996105, 0.088121, -0.003035, -0.066117, 0.769265, 0.635499, 0.058335, -0.632824, 0.772095),
      ["LeftUpperArm"] = CFrame.new(-0.081684, -0.243108, 0.763532, 0.959773, 0.141030, -0.242789, -0.260456, 0.770167, -0.582241, 0.104875, 0.622055, 0.775918),
      ["LeftUpperLeg"] = CFrame.new(-0.026515, 0.556519, -1.275998, 0.901710, 0.432327, -0.003540, -0.392503, 0.822028, 0.412567, 0.181274, -0.370627, 0.910920),
      ["LowerTorso"] = CFrame.new(0.089739, -1.626498, 0.369963, 0.980055, -0.121936, 0.156918, 0.198707, 0.590685, -0.782053, 0.002671, 0.797636, 0.603134),
      ["RightUpperArm"] = CFrame.new(0.342429, -1.223146, 0.066570, 0.651148, 0.623017, 0.433424, 0.749718, -0.616829, -0.239678, 0.118025, 0.481012, -0.868734),
      ["RightUpperLeg"] = CFrame.new(0.298112, 0.343425, -1.073445, 0.957422, -0.184076, -0.222395, 0.259971, 0.884710, 0.386915, 0.125534, -0.428257, 0.894895),
      ["рҹҢ§пёҸрҹҳірҹ‘»рҹҸіпёҸвҖҚрҹҢҲрҹҳӮрҹ’һрҹҸҙвҖҚвҳ пёҸрҹҺёрҹҢ§пёҸрҹҳірҹ‘»рҹҸіпёҸвҖҚрҹҢҲрҹҳӮрҹ’һрҹҸҙвҖҚвҳ"] = CFrame.new(0.000000, 0.000000, 0.000000, 0.936579, -0.197375, 0.289592, 0.206222, 0.978505, -0.000037, -0.283360, 0.059755, 0.957150)
    }},
    { Time = 0.217, Data = {
      ["Balls"] = CFrame.new(-0.000001, 0.000003, 0.000001, 0.937183, -0.348817, -0.003756, 0.344332, 0.926750, -0.150230, 0.055884, 0.139500, 0.988644),
      ["FloatingCock"] = CFrame.new(0.100197, -2.690129, 0.154992, 0.061938, -0.138554, 0.988416, -0.366995, 0.917778, 0.151649, -0.928159, -0.372137, 0.005997),
      ["Head"] = CFrame.new(-0.000000, -0.000000, 0.000000, 0.996108, 0.088093, -0.002905, -0.066114, 0.768566, 0.636345, 0.058291, -0.633676, 0.771399),
      ["LeftUpperArm"] = CFrame.new(-0.081646, -0.243025, 0.763420, 0.959754, 0.141177, -0.242777, -0.260507, 0.770482, -0.581802, 0.104918, 0.621632, 0.776251),
      ["LeftUpperLeg"] = CFrame.new(-0.026370, 0.556789, -1.276138, 0.902001, 0.431727, -0.002467, -0.391963, 0.821292, 0.414542, 0.180996, -0.372950, 0.910027),
      ["LowerTorso"] = CFrame.new(0.089740, -1.626213, 0.369731, 0.980055, -0.121937, 0.156921, 0.198705, 0.589137, -0.783220, 0.003056, 0.798779, 0.601616),
      ["RightUpperArm"] = CFrame.new(0.342392, -1.223061, 0.066727, 0.651577, 0.622877, 0.432980, 0.749540, -0.616505, -0.241063, 0.116782, 0.481607, -0.868572),
      ["RightUpperLeg"] = CFrame.new(0.298052, 0.343718, -1.073592, 0.957542, -0.182889, -0.222857, 0.259387, 0.883922, 0.389101, 0.125826, -0.430387, 0.893832),
      ["рҹҢ§пёҸрҹҳірҹ‘»рҹҸіпёҸвҖҚрҹҢҲрҹҳӮрҹ’һрҹҸҙвҖҚвҳ пёҸрҹҺёрҹҢ§пёҸрҹҳірҹ‘»рҹҸіпёҸвҖҚрҹҢҲрҹҳӮрҹ’һрҹҸҙвҖҚвҳ"] = CFrame.new(0.000000, -0.000000, -0.000000, 0.936783, -0.196306, 0.289658, 0.205105, 0.978740, -0.000023, -0.283495, 0.059432, 0.957130)
    }},
    { Time = 0.233, Data = {
      ["Balls"] = CFrame.new(-0.000001, 0.000003, 0.000001, 0.936475, -0.350714, -0.003789, 0.346206, 0.926060, -0.150180, 0.056179, 0.139328, 0.988651),
      ["FloatingCock"] = CFrame.new(0.098977, -2.682611, 0.165883, 0.063184, -0.138035, 0.988410, -0.374761, 0.914629, 0.151688, -0.924966, -0.380001, 0.006059),
      ["Head"] = CFrame.new(0.000000, 0.000000, 0.000000, 0.996101, 0.088175, -0.002844, -0.066174, 0.768092, 0.636911, 0.058344, -0.634239, 0.770932),
      ["LeftUpperArm"] = CFrame.new(-0.081600, -0.242942, 0.763307, 0.959752, 0.141353, -0.242684, -0.260531, 0.770796, -0.581375, 0.104881, 0.621203, 0.776600),
      ["LeftUpperLeg"] = CFrame.new(-0.026243, 0.557024, -1.276260, 0.902253, 0.431204, -0.001358, -0.391494, 0.820476, 0.416594, 0.180751, -0.375342, 0.909092),
      ["LowerTorso"] = CFrame.new(0.089741, -1.625952, 0.369521, 0.980054, -0.121939, 0.156924, 0.198702, 0.587586, -0.784385, 0.003441, 0.799921, 0.600096),
      ["RightUpperArm"] = CFrame.new(0.342369, -1.223005, 0.066829, 0.651804, 0.622787, 0.432767, 0.749453, -0.616290, -0.241883, 0.116068, 0.481998, -0.868450),
      ["RightUpperLeg"] = CFrame.new(0.298002, 0.343968, -1.073729, 0.957641, -0.181784, -0.223333, 0.258886, 0.883109, 0.391276, 0.126100, -0.432520, 0.892763),
      ["рҹҢ§пёҸрҹҳірҹ‘»рҹҸіпёҸвҖҚрҹҢҲрҹҳӮрҹ’һрҹҸҙвҖҚвҳ пёҸрҹҺёрҹҢ§пёҸрҹҳірҹ‘»рҹҸіпёҸвҖҚрҹҢҲрҹҳӮрҹ’һрҹҸҙвҖҚвҳ"] = CFrame.new(0.000000, 0.000000, -0.000000, 0.936941, -0.195575, 0.289641, 0.204324, 0.978903, 0.000032, -0.283537, 0.059151, 0.957135)
    }},
    { Time = 0.250, Data = {
      ["Balls"] = CFrame.new(-0.000000, 0.000002, 0.000000, 0.936229, -0.351370, -0.003736, 0.346861, 0.925815, -0.150181, 0.056228, 0.139308, 0.988651),
      ["FloatingCock"] = CFrame.new(0.097744, -2.675011, 0.176895, 0.064377, -0.137517, 0.988405, -0.382624, 0.911362, 0.151719, -0.921658, -0.387955, 0.006053),
      ["Head"] = CFrame.new(-0.000000, -0.000000, 0.000000, 0.996101, 0.088176, -0.002836, -0.066168, 0.767976, 0.637052, 0.058350, -0.634380, 0.770816),
      ["LeftUpperArm"] = CFrame.new(-0.081572, -0.242840, 0.763174, 0.959768, 0.141459, -0.242559, -0.260470, 0.771184, -0.580888, 0.104885, 0.620697, 0.777004),
      ["LeftUpperLeg"] = CFrame.new(-0.026098, 0.557297, -1.276392, 0.902543, 0.430600, -0.000269, -0.390948, 0.819693, 0.418645, 0.180489, -0.377740, 0.908150),
      ["LowerTorso"] = CFrame.new(0.089735, -1.625627, 0.369266, 0.980053, -0.121933, 0.156933, 0.198698, 0.585956, -0.785605, 0.003835, 0.801117, 0.598495),
      ["RightUpperArm"] = CFrame.new(0.342370, -1.222986, 0.066852, 0.651858, 0.622792, 0.432679, 0.749440, -0.616220, -0.242101, 0.115847, 0.482082, -0.868433),
      ["RightUpperLeg"] = CFrame.new(0.297943, 0.344257, -1.073871, 0.957760, -0.180585, -0.223798, 0.258309, 0.882272, 0.393538, 0.126384, -0.434724, 0.891651),
      ["рҹҢ§пёҸрҹҳірҹ‘»рҹҸіпёҸвҖҚрҹҢҲрҹҳӮрҹ’һрҹҸҙвҖҚвҳ пёҸрҹҺёрҹҢ§пёҸрҹҳірҹ‘»рҹҸіпёҸвҖҚрҹҢҲрҹҳӮрҹ’һрҹҸҙвҖҚвҳ"] = CFrame.new(0.000000, 0.000000, -0.000000, 0.936994, -0.195323, 0.289641, 0.204072, 0.978956, -0.000006, -0.283545, 0.059113, 0.957135)
    }},
    { Time = 0.267, Data = {
      ["Balls"] = CFrame.new(-0.000001, 0.000003, 0.000001, 0.936475, -0.350714, -0.003789, 0.346206, 0.926060, -0.150180, 0.056179, 0.139328, 0.988651),
      ["FloatingCock"] = CFrame.new(0.096510, -2.667411, 0.187907, 0.065530, -0.136937, 0.988410, -0.390413, 0.908057, 0.151689, -0.918305, -0.395828, 0.006043),
      ["Head"] = CFrame.new(0.000000, 0.000000, 0.000000, 0.996101, 0.088175, -0.002844, -0.066174, 0.768092, 0.636911, 0.058344, -0.634239, 0.770932),
      ["LeftUpperArm"] = CFrame.new(-0.081525, -0.242758, 0.763061, 0.959765, 0.141635, -0.242466, -0.260494, 0.771498, -0.580460, 0.104849, 0.620267, 0.777352),
      ["LeftUpperLeg"] = CFrame.new(-0.025954, 0.557569, -1.276523, 0.902831, 0.429995, 0.000820, -0.390404, 0.818903, 0.420694, 0.180225, -0.380136, 0.907202),
      ["LowerTorso"] = CFrame.new(0.089729, -1.625299, 0.369014, 0.980053, -0.121926, 0.156942, 0.198693, 0.584321, -0.786822, 0.004230, 0.802311, 0.596892),
      ["RightUpperArm"] = CFrame.new(0.342369, -1.223005, 0.066830, 0.651804, 0.622787, 0.432767, 0.749453, -0.616290, -0.241883, 0.116068, 0.481998, -0.868450),
      ["RightUpperLeg"] = CFrame.new(0.297884, 0.344547, -1.074019, 0.957877, -0.179395, -0.224252, 0.257728, 0.881466, 0.395720, 0.126680, -0.436847, 0.890571),
      ["рҹҢ§пёҸрҹҳірҹ‘»рҹҸіпёҸвҖҚрҹҢҲрҹҳӮрҹ’һрҹҸҙвҖҚвҳ пёҸрҹҺёрҹҢ§пёҸрҹҳірҹ‘»рҹҸіпёҸвҖҚрҹҢҲрҹҳӮрҹ’һрҹҸҙвҖҚвҳ"] = CFrame.new(0.000000, 0.000000, 0.000000, 0.936941, -0.195575, 0.289641, 0.204324, 0.978903, 0.000032, -0.283537, 0.059151, 0.957135)
    }},
    { Time = 0.283, Data = {
      ["Balls"] = CFrame.new(-0.000001, 0.000003, 0.000001, 0.937183, -0.348817, -0.003756, 0.344332, 0.926750, -0.150230, 0.055884, 0.139500, 0.988644),
      ["FloatingCock"] = CFrame.new(0.095290, -2.659894, 0.198798, 0.066661, -0.136417, 0.988406, -0.398123, 0.904699, 0.151715, -0.914907, -0.403620, 0.005997),
      ["Head"] = CFrame.new(-0.000000, 0.000000, 0.000000, 0.996108, 0.088093, -0.002905, -0.066114, 0.768566, 0.636345, 0.058291, -0.633676, 0.771399),
      ["LeftUpperArm"] = CFrame.new(-0.081487, -0.242676, 0.762950, 0.959747, 0.141782, -0.242454, -0.260545, 0.771811, -0.580021, 0.104892, 0.619843, 0.777684),
      ["LeftUpperLeg"] = CFrame.new(-0.025829, 0.557802, -1.276647, 0.903082, 0.429465, 0.001925, -0.389938, 0.818069, 0.422742, 0.179978, -0.382521, 0.906248),
      ["LowerTorso"] = CFrame.new(0.089731, -1.625030, 0.368812, 0.980052, -0.121928, 0.156946, 0.198689, 0.582761, -0.787980, 0.004615, 0.803444, 0.595362),
      ["RightUpperArm"] = CFrame.new(0.342392, -1.223061, 0.066727, 0.651577, 0.622877, 0.432980, 0.749540, -0.616505, -0.241063, 0.116782, 0.481607, -0.868572),
      ["RightUpperLeg"] = CFrame.new(0.297826, 0.344838, -1.074168, 0.957994, -0.178204, -0.224703, 0.257148, 0.880653, 0.397901, 0.126978, -0.438968, 0.889485),
      ["рҹҢ§пёҸрҹҳірҹ‘»рҹҸіпёҸвҖҚрҹҢҲрҹҳӮрҹ’һрҹҸҙвҖҚвҳ пёҸрҹҺёрҹҢ§пёҸрҹҳірҹ‘»рҹҸіпёҸвҖҚрҹҢҲрҹҳӮрҹ’һрҹҸҙвҖҚвҳ"] = CFrame.new(0.000000, -0.000000, 0.000000, 0.936783, -0.196306, 0.289658, 0.205105, 0.978740, -0.000023, -0.283495, 0.059432, 0.957130)
    }},
    { Time = 0.300, Data = {
      ["Balls"] = CFrame.new(-0.000001, 0.000004, 0.000001, 0.938374, -0.345600, -0.003760, 0.341153, 0.927934, -0.150178, 0.055391, 0.139641, 0.988652),
      ["FloatingCock"] = CFrame.new(0.094097, -2.652543, 0.209450, 0.067770, -0.135836, 0.988411, -0.405642, 0.901358, 0.151685, -0.911516, -0.411221, 0.005984),
      ["Head"] = CFrame.new(0.000000, 0.000000, 0.000000, 0.996105, 0.088121, -0.003035, -0.066117, 0.769265, 0.635499, 0.058335, -0.632824, 0.772095),
      ["LeftUpperArm"] = CFrame.new(-0.081461, -0.242588, 0.762836, 0.959763, 0.141877, -0.242335, -0.260489, 0.772143, -0.579604, 0.104884, 0.619408, 0.778031),
      ["LeftUpperLeg"] = CFrame.new(-0.025686, 0.558069, -1.276789, 0.903369, 0.428854, 0.002991, -0.389403, 0.817304, 0.424711, 0.179694, -0.384835, 0.905324),
      ["LowerTorso"] = CFrame.new(0.089732, -1.624729, 0.368591, 0.980051, -0.121929, 0.156950, 0.198683, 0.581198, -0.789135, 0.005000, 0.804576, 0.593829),
      ["RightUpperArm"] = CFrame.new(0.342429, -1.223146, 0.066570, 0.651148, 0.623017, 0.433424, 0.749718, -0.616829, -0.239678, 0.118025, 0.481012, -0.868734),
      ["RightUpperLeg"] = CFrame.new(0.297768, 0.345128, -1.074318, 0.958109, -0.177012, -0.225152, 0.256568, 0.879835, 0.400080, 0.127278, -0.441087, 0.888393),
      ["рҹҢ§пёҸрҹҳірҹ‘»рҹҸіпёҸвҖҚрҹҢҲрҹҳӮрҹ’һрҹҸҙвҖҚвҳ пёҸрҹҺёрҹҢ§пёҸрҹҳірҹ‘»рҹҸіпёҸвҖҚрҹҢҲрҹҳӮрҹ’һрҹҸҙвҖҚвҳ"] = CFrame.new(0.000000, 0.000000, 0.000000, 0.936579, -0.197375, 0.289592, 0.206222, 0.978505, -0.000037, -0.283360, 0.059755, 0.957150)
    }},
    { Time = 0.317, Data = {
      ["Balls"] = CFrame.new(-0.000001, 0.000003, 0.000001, 0.939974, -0.341224, -0.003756, 0.336826, 0.929511, -0.150194, 0.054741, 0.139914, 0.988649),
      ["FloatingCock"] = CFrame.new(0.092944, -2.645438, 0.219744, 0.068893, -0.135250, 0.988413, -0.412797, 0.898107, 0.151665, -0.908214, -0.418463, 0.006042),
      ["Head"] = CFrame.new(0.000000, 0.000000, 0.000000, 0.996105, 0.088118, -0.003108, -0.066165, 0.770312, 0.634225, 0.058281, -0.631550, 0.773142),
      ["LeftUpperArm"] = CFrame.new(-0.081415, -0.242506, 0.762722, 0.959760, 0.142053, -0.242242, -0.260513, 0.772455, -0.579177, 0.104848, 0.618978, 0.778379),
      ["LeftUpperLeg"] = CFrame.new(-0.025565, 0.558303, -1.276891, 0.903610, 0.428338, 0.003974, -0.388937, 0.816533, 0.426618, 0.179492, -0.387042, 0.904423),
      ["LowerTorso"] = CFrame.new(0.089741, -1.624462, 0.368400, 0.980050, -0.121939, 0.156948, 0.198678, 0.579710, -0.790230, 0.005375, 0.805647, 0.592371),
      ["RightUpperArm"] = CFrame.new(0.342470, -1.223269, 0.066361, 0.650637, 0.623172, 0.433968, 0.749906, -0.617291, -0.237893, 0.119636, 0.480217, -0.868953),
      ["RightUpperLeg"] = CFrame.new(0.297720, 0.345379, -1.074464, 0.958204, -0.175912, -0.225609, 0.256067, 0.879028, 0.402168, 0.127570, -0.443130, 0.887334),
      ["рҹҢ§пёҸрҹҳірҹ‘»рҹҸіпёҸвҖҚрҹҢҲрҹҳӮрҹ’һрҹҸҙвҖҚвҳ пёҸрҹҺёрҹҢ§пёҸрҹҳірҹ‘»рҹҸіпёҸвҖҚрҹҢҲрҹҳӮрҹ’һрҹҸҙвҖҚвҳ"] = CFrame.new(0.000000, 0.000000, 0.000000, 0.936223, -0.199017, 0.289618, 0.207940, 0.978142, -0.000038, -0.283280, 0.060258, 0.957142)
    }},
    { Time = 0.333, Data = {
      ["Balls"] = CFrame.new(-0.000001, 0.000004, 0.000001, 0.941996, -0.335602, -0.003751, 0.331263, 0.931494, -0.150278, 0.053928, 0.140319, 0.988637),
      ["FloatingCock"] = CFrame.new(0.091843, -2.638657, 0.229569, 0.069900, -0.134688, 0.988419, -0.419713, 0.894902, 0.151627, -0.904961, -0.425452, 0.006023),
      ["Head"] = CFrame.new(0.000000, -0.000000, 0.000000, 0.996102, 0.088144, -0.003278, -0.066195, 0.771588, 0.632670, 0.058295, -0.629987, 0.774415),
      ["LeftUpperArm"] = CFrame.new(-0.081398, -0.242419, 0.762610, 0.959760, 0.142120, -0.242203, -0.260484, 0.772786, -0.578748, 0.104920, 0.618549, 0.778710),
      ["LeftUpperLeg"] = CFrame.new(-0.025444, 0.558532, -1.277002, 0.903851, 0.427820, 0.004936, -0.388479, 0.815793, 0.428445, 0.179270, -0.389168, 0.903554),
      ["LowerTorso"] = CFrame.new(0.089675, -1.624151, 0.368170, 0.980065, -0.121872, 0.156908, 0.198595, 0.578234, -0.791331, 0.005712, 0.806717, 0.590910),
      ["RightUpperArm"] = CFrame.new(0.342530, -1.223427, 0.066079, 0.649922, 0.623400, 0.434711, 0.750175, -0.617893, -0.235469, 0.121814, 0.479145, -0.869242),
      ["RightUpperLeg"] = CFrame.new(0.297665, 0.345644, -1.074582, 0.958315, -0.174850, -0.225965, 0.255536, 0.878292, 0.404109, 0.127805, -0.445006, 0.886361),
      ["рҹҢ§пёҸрҹҳірҹ‘»рҹҸіпёҸвҖҚрҹҢҲрҹҳӮрҹ’һрҹҸҙвҖҚвҳ пёҸрҹҺёрҹҢ§пёҸрҹҳірҹ‘»рҹҸіпёҸвҖҚрҹҢҲрҹҳӮрҹ’һрҹҸҙвҖҚвҳ"] = CFrame.new(0.000000, 0.000000, 0.000000, 0.935792, -0.200994, 0.289645, 0.209992, 0.977703, 0.000013, -0.283189, 0.060811, 0.957134)
    }},
    { Time = 0.350, Data = {
      ["Balls"] = CFrame.new(-0.000001, 0.000004, 0.000001, 0.944388, -0.328811, -0.003768, 0.324545, 0.933858, -0.150263, 0.052927, 0.140684, 0.988639),
      ["FloatingCock"] = CFrame.new(0.090807, -2.632274, 0.238818, 0.070849, -0.134267, 0.988409, -0.426160, 0.891838, 0.151696, -0.901869, -0.431968, 0.005967),
      ["Head"] = CFrame.new(0.000000, 0.000000, 0.000000, 0.996107, 0.088088, -0.003493, -0.066154, 0.773098, 0.630827, 0.058269, -0.628140, 0.775915),
      ["LeftUpperArm"] = CFrame.new(-0.081355, -0.242351, 0.762515, 0.959758, 0.142284, -0.242117, -0.260513, 0.773044, -0.578391, 0.104871, 0.618190, 0.779001),
      ["LeftUpperLeg"] = CFrame.new(-0.025325, 0.558756, -1.277121, 0.904091, 0.427300, 0.005878, -0.388031, 0.815086, 0.430194, 0.179031, -0.391215, 0.902717),
      ["LowerTorso"] = CFrame.new(0.089699, -1.623909, 0.368007, 0.980064, -0.121897, 0.156894, 0.198589, 0.576896, -0.792309, 0.006068, 0.807671, 0.589602),
      ["RightUpperArm"] = CFrame.new(0.342594, -1.223620, 0.065745, 0.649123, 0.623645, 0.435553, 0.750450, -0.618630, -0.232643, 0.124360, 0.477874, -0.869581),
      ["RightUpperLeg"] = CFrame.new(0.297620, 0.345871, -1.074695, 0.958405, -0.173881, -0.226330, 0.255083, 0.877570, 0.405959, 0.128032, -0.446806, 0.885422),
      ["рҹҢ§пёҸрҹҳірҹ‘»рҹҸіпёҸвҖҚрҹҢҲрҹҳӮрҹ’һрҹҸҙвҖҚвҳ пёҸрҹҺёрҹҢ§пёҸрҹҳірҹ‘»рҹҸіпёҸвҖҚрҹҢҲрҹҳӮрҹ’һрҹҸҙвҖҚвҳ"] = CFrame.new(0.000000, 0.000000, 0.000000, 0.935291, -0.203380, 0.289597, 0.212476, 0.977166, 0.000032, -0.282991, 0.061502, 0.957149)
    }},
    { Time = 0.367, Data = {
      ["Balls"] = CFrame.new(-0.000001, 0.000004, 0.000001, 0.947069, -0.321009, -0.003766, 0.316828, 0.936496, -0.150318, 0.051780, 0.141168, 0.988631),
      ["FloatingCock"] = CFrame.new(0.089848, -2.626360, 0.247387, 0.071826, -0.133720, 0.988413, -0.432138, 0.888962, 0.151668, -0.898943, -0.438024, 0.006065),
      ["Head"] = CFrame.new(0.000000, 0.000000, 0.000000, 0.996101, 0.088140, -0.003777, -0.066177, 0.774826, 0.628701, 0.058340, -0.626000, 0.777638),
      ["LeftUpperArm"] = CFrame.new(-0.081333, -0.242279, 0.762419, 0.959774, 0.142368, -0.242004, -0.260462, 0.773319, -0.578046, 0.104851, 0.617826, 0.779293),
      ["LeftUpperLeg"] = CFrame.new(-0.025227, 0.558943, -1.277210, 0.904286, 0.426875, 0.006718, -0.387657, 0.814413, 0.431803, 0.178855, -0.393077, 0.901943),
      ["LowerTorso"] = CFrame.new(0.089692, -1.623663, 0.367839, 0.980056, -0.121890, 0.156951, 0.198622, 0.575634, -0.793218, 0.006339, 0.808572, 0.588363),
      ["RightUpperArm"] = CFrame.new(0.342680, -1.223832, 0.065360, 0.648170, 0.623970, 0.436506, 0.750788, -0.619432, -0.229394, 0.127251, 0.476410, -0.869967),
      ["RightUpperLeg"] = CFrame.new(0.297575, 0.346102, -1.074821, 0.958495, -0.172930, -0.226677, 0.254619, 0.876921, 0.407651, 0.128282, -0.448447, 0.884556),
      ["рҹҢ§пёҸрҹҳірҹ‘»рҹҸіпёҸвҖҚрҹҢҲрҹҳӮрҹ’һрҹҸҙвҖҚвҳ пёҸрҹҺёрҹҢ§пёҸрҹҳірҹ‘»рҹҸіпёҸвҖҚрҹҢҲрҹҳӮрҹ’һрҹҸҙвҖҚвҳ"] = CFrame.new(0.000000, 0.000000, 0.000000, 0.934685, -0.206086, 0.289642, 0.215307, 0.976546, 0.000027, -0.282855, 0.062336, 0.957135)
    }},
    { Time = 0.383, Data = {
      ["Balls"] = CFrame.new(-0.000001, 0.000004, 0.000001, 0.949985, -0.312274, -0.003764, 0.308193, 0.939380, -0.150275, 0.050463, 0.141599, 0.988637),
      ["FloatingCock"] = CFrame.new(0.088974, -2.620978, 0.255184, 0.072659, -0.133277, 0.988412, -0.437491, 0.886339, 0.151674, -0.896283, -0.443441, 0.006093),
      ["Head"] = CFrame.new(-0.000000, 0.000000, 0.000000, 0.996105, 0.088082, -0.004024, -0.066158, 0.776784, 0.626283, 0.058290, -0.623577, 0.779586),
      ["LeftUpperArm"] = CFrame.new(-0.081297, -0.242211, 0.762327, 0.959755, 0.142503, -0.241997, -0.260518, 0.773576, -0.577677, 0.104882, 0.617473, 0.779568),
      ["LeftUpperLeg"] = CFrame.new(-0.025130, 0.559121, -1.277315, 0.904480, 0.426449, 0.007518, -0.387301, 0.813810, 0.433256, 0.178644, -0.394783, 0.901240),
      ["LowerTorso"] = CFrame.new(0.089732, -1.623401, 0.367669, 0.980055, -0.121929, 0.156926, 0.198615, 0.574448, -0.794079, 0.006676, 0.809409, 0.587207),
      ["RightUpperArm"] = CFrame.new(0.342758, -1.224067, 0.064949, 0.647102, 0.624269, 0.437661, 0.751143, -0.620329, -0.225779, 0.130547, 0.474848, -0.870332),
      ["RightUpperLeg"] = CFrame.new(0.297540, 0.346296, -1.074942, 0.958565, -0.172072, -0.227033, 0.254232, 0.876287, 0.409252, 0.128525, -0.450014, 0.883724),
      ["рҹҢ§пёҸрҹҳірҹ‘»рҹҸіпёҸвҖҚрҹҢҲрҹҳӮрҹ’һрҹҸҙвҖҚвҳ пёҸрҹҺёрҹҢ§пёҸрҹҳірҹ‘»рҹҸіпёҸвҖҚрҹҢҲрҹҳӮрҹ’һрҹҸҙвҖҚвҳ"] = CFrame.new(0.000000, -0.000000, 0.000000, 0.934002, -0.209199, 0.289614, 0.218568, 0.975822, -0.000008, -0.282610, 0.063308, 0.957144)
    }},
    { Time = 0.400, Data = {
      ["Balls"] = CFrame.new(-0.000001, 0.000004, 0.000001, 0.953137, -0.302516, -0.003743, 0.298545, 0.942486, -0.150305, 0.048997, 0.142144, 0.988633),
      ["FloatingCock"] = CFrame.new(0.088197, -2.616189, 0.262124, 0.073336, -0.132881, 0.988415, -0.442281, 0.883962, 0.151653, -0.893873, -0.448279, 0.006055),
      ["Head"] = CFrame.new(0.000000, 0.000000, 0.000000, 0.996106, 0.088050, -0.004369, -0.066121, 0.778961, 0.623577, 0.058309, -0.620860, 0.781750),
      ["LeftUpperArm"] = CFrame.new(-0.081285, -0.242153, 0.762251, 0.959755, 0.142548, -0.241971, -0.260499, 0.773796, -0.577391, 0.104930, 0.617187, 0.779788),
      ["LeftUpperLeg"] = CFrame.new(-0.025037, 0.559297, -1.277407, 0.904666, 0.426042, 0.008178, -0.386950, 0.813318, 0.434492, 0.178461, -0.396235, 0.900639),
      ["LowerTorso"] = CFrame.new(0.089672, -1.623208, 0.367533, 0.980062, -0.121869, 0.156927, 0.198572, 0.573432, -0.794824, 0.006878, 0.810138, 0.586199),
      ["RightUpperArm"] = CFrame.new(0.342870, -1.224328, 0.064460, 0.645905, 0.624694, 0.438820, 0.751538, -0.621320, -0.221703, 0.134151, 0.472989, -0.870795),
      ["RightUpperLeg"] = CFrame.new(0.297507, 0.346466, -1.075030, 0.958632, -0.171346, -0.227301, 0.253892, 0.875746, 0.410618, 0.128700, -0.451342, 0.883021),
      ["рҹҢ§пёҸрҹҳірҹ‘»рҹҸіпёҸвҖҚрҹҢҲрҹҳӮрҹ’һрҹҸҙвҖҚвҳ пёҸрҹҺёрҹҢ§пёҸрҹҳірҹ‘»рҹҸіпёҸвҖҚрҹҢҲрҹҳӮрҹ’һрҹҸҙвҖҚвҳ"] = CFrame.new(0.000000, 0.000000, 0.000000, 0.933232, -0.212645, 0.289586, 0.222163, 0.975010, 0.000007, -0.282351, 0.064329, 0.957152)
    }},
    { Time = 0.417, Data = {
      ["Balls"] = CFrame.new(-0.000001, 0.000005, 0.000001, 0.956415, -0.291985, -0.003780, 0.288125, 0.945718, -0.150338, 0.047471, 0.142697, 0.988627),
      ["FloatingCock"] = CFrame.new(0.087524, -2.612044, 0.268130, 0.073997, -0.132561, 0.988409, -0.446444, 0.881859, 0.151694, -0.891747, -0.452495, 0.006074),
      ["Head"] = CFrame.new(0.000000, -0.000000, 0.000000, 0.996101, 0.088098, -0.004697, -0.066173, 0.781290, 0.620651, 0.058348, -0.617920, 0.784073),
      ["LeftUpperArm"] = CFrame.new(-0.081269, -0.242110, 0.762193, 0.959771, 0.142610, -0.241871, -0.260458, 0.773961, -0.577188, 0.104886, 0.616966, 0.779969),
      ["LeftUpperLeg"] = CFrame.new(-0.024966, 0.559439, -1.277457, 0.904808, 0.425730, 0.008755, -0.386666, 0.812825, 0.435667, 0.178360, -0.397580, 0.900065),
      ["LowerTorso"] = CFrame.new(0.089703, -1.623043, 0.367432, 0.980054, -0.121900, 0.156955, 0.198606, 0.572555, -0.795447, 0.007100, 0.810753, 0.585345),
