return {
  ["Astros play with it 2"] = {
    { Time = 0.000, Data = {
      ["Head"] = CFrame.new(0.000000, -0.000000, -0.000000, 0.807222, 0.320822, 0.495445, -0.069545, 0.885234, -0.459919, -0.586137, 0.336801, 0.736892),
      ["LeftUpperArm"] = CFrame.new(-0.593096, -0.644143, 0.205817, 0.711813, -0.518859, -0.473400, -0.701161, -0.485427, -0.522240, 0.041168, 0.703667, -0.709337),
      ["LeftUpperLeg"] = CFrame.new(-0.313317, -0.123160, -0.214481, 0.863244, -0.297201, 0.408021, -0.111807, 0.675652, 0.728693, -0.492249, -0.674659, 0.550024),
      ["LowerTorso"] = CFrame.new(0.830865, -1.459110, -3.242586, -0.639673, 0.001142, 0.768646, 0.596002, 0.632217, 0.495059, -0.485385, 0.774791, -0.405093),
      ["RightUpperArm"] = CFrame.new(-0.627407, -0.297923, -0.789533, 0.847446, 0.177740, -0.500244, 0.031387, -0.957415, -0.287004, -0.529953, 0.227519, -0.816936),
      ["RightUpperLeg"] = CFrame.new(-0.210005, -0.193935, -0.246707, 0.789645, -0.430628, 0.437059, 0.152468, 0.827703, 0.540057, -0.594319, -0.359816, 0.719248),
      ["рҹҢ§пёҸрҹҳірҹ‘»рҹҸіпёҸвҖҚрҹҢҲрҹҳӮрҹ’һрҹҸҙвҖҚвҳ пёҸрҹҺёрҹҢ§пёҸрҹҳірҹ‘»рҹҸіпёҸвҖҚрҹҢҲрҹҳӮрҹ’һрҹҸҙвҖҚвҳ"] = CFrame.new(-0.000000, -0.000000, 0.000000, 0.846460, 0.100512, 0.522880, -0.117928, 0.993022, 0.000021, -0.519229, -0.061680, 0.852407)
    }},
    { Time = 0.017, Data = {
      ["Head"] = CFrame.new(0.000000, 0.000000, 0.000000, 0.807234, 0.319489, 0.496286, -0.069563, 0.886471, -0.457526, -0.586118, 0.334808, 0.737814),
      ["LeftUpperArm"] = CFrame.new(-0.593319, -0.644404, 0.205471, 0.712667, -0.519708, -0.471179, -0.700220, -0.486417, -0.522580, 0.042400, 0.702354, -0.710564),
      ["LeftUpperLeg"] = CFrame.new(-0.313314, -0.123166, -0.214475, 0.863244, -0.297201, 0.408021, -0.111807, 0.675652, 0.728693, -0.492249, -0.674659, 0.550024),
      ["LowerTorso"] = CFrame.new(0.830927, -1.459152, -3.242561, -0.639705, 0.001075, 0.768620, 0.595935, 0.632248, 0.495099, -0.485426, 0.774765, -0.405093),
      ["RightUpperArm"] = CFrame.new(-0.627362, -0.297902, -0.789480, 0.847343, 0.177911, -0.500358, 0.031371, -0.957335, -0.287271, -0.530119, 0.227721, -0.816772),
      ["RightUpperLeg"] = CFrame.new(-0.209978, -0.193927, -0.246669, 0.789596, -0.430645, 0.437130, 0.152442, 0.827703, 0.540064, -0.594390, -0.359796, 0.719199),
      ["рҹҢ§пёҸрҹҳірҹ‘»рҹҸіпёҸвҖҚрҹҢҲрҹҳӮрҹ’һрҹҸҙвҖҚвҳ пёҸрҹҺёрҹҢ§пёҸрҹҳірҹ‘»рҹҸіпёҸвҖҚрҹҢҲрҹҳӮрҹ’һрҹҸҙвҖҚвҳ"] = CFrame.new(0.000000, -0.000000, 0.000000, 0.846713, 0.098551, 0.522844, -0.115592, 0.993297, -0.000032, -0.519342, -0.060410, 0.852429)
    }},
    { Time = 0.033, Data = {
      ["Head"] = CFrame.new(0.000000, 0.000000, 0.000000, 0.807195, 0.318192, 0.497181, -0.069532, 0.887665, -0.455211, -0.586175, 0.332874, 0.738643),
      ["LeftUpperArm"] = CFrame.new(-0.593542, -0.644631, 0.205148, 0.713432, -0.520555, -0.469080, -0.699364, -0.487284, -0.522919, 0.043633, 0.701125, -0.711702),
      ["LeftUpperLeg"] = CFrame.new(-0.313306, -0.123185, -0.214457, 0.863244, -0.297201, 0.408021, -0.111807, 0.675652, 0.728693, -0.492249, -0.674659, 0.550024),
      ["LowerTorso"] = CFrame.new(0.830910, -1.459112, -3.242616, -0.639771, 0.001075, 0.768565, 0.595935, 0.632181, 0.495186, -0.485340, 0.774820, -0.405092),
      ["RightUpperArm"] = CFrame.new(-0.627222, -0.297833, -0.789300, 0.847034, 0.178446, -0.500691, 0.031298, -0.957073, -0.288153, -0.530617, 0.228404, -0.816258),
      ["RightUpperLeg"] = CFrame.new(-0.209970, -0.193942, -0.246662, 0.789596, -0.430645, 0.437130, 0.152442, 0.827703, 0.540064, -0.594390, -0.359796, 0.719199),
      ["рҹҢ§пёҸрҹҳірҹ‘»рҹҸіпёҸвҖҚрҹҢҲрҹҳӮрҹ’һрҹҸҙвҖҚвҳ пёҸрҹҺёрҹҢ§пёҸрҹҳірҹ‘»рҹҸіпёҸвҖҚрҹҢҲрҹҳӮрҹ’һрҹҸҙвҖҚвҳ"] = CFrame.new(0.000000, 0.000000, -0.000000, 0.846904, 0.096646, 0.522889, -0.113362, 0.993554, -0.000030, -0.519522, -0.059251, 0.852400)
    }},
    { Time = 0.050, Data = {
      ["Head"] = CFrame.new(0.000000, 0.000000, 0.000000, 0.807188, 0.316958, 0.497981, -0.069601, 0.888834, -0.452913, -0.586177, 0.330926, 0.739517),
      ["LeftUpperArm"] = CFrame.new(-0.593757, -0.644875, 0.204818, 0.714277, -0.521374, -0.466882, -0.698421, -0.488211, -0.523314, 0.044906, 0.699871, -0.712856),
      ["LeftUpperLeg"] = CFrame.new(-0.313293, -0.123202, -0.214429, 0.863244, -0.297181, 0.408035, -0.111783, 0.675721, 0.728633, -0.492254, -0.674599, 0.550093),
      ["LowerTorso"] = CFrame.new(0.830882, -1.459161, -3.242617, -0.639771, 0.001075, 0.768565, 0.595935, 0.632181, 0.495186, -0.485340, 0.774820, -0.405092),
      ["RightUpperArm"] = CFrame.new(-0.626966, -0.297713, -0.788998, 0.846555, 0.179417, -0.501153, 0.031261, -0.956616, -0.289669, -0.531382, 0.229554, -0.815437),
      ["RightUpperLeg"] = CFrame.new(-0.209933, -0.193954, -0.246616, 0.789547, -0.430662, 0.437201, 0.152417, 0.827703, 0.540072, -0.594461, -0.359775, 0.719151),
      ["рҹҢ§пёҸрҹҳірҹ‘»рҹҸіпёҸвҖҚрҹҢҲрҹҳӮрҹ’һрҹҸҙвҖҚвҳ пёҸрҹҺёрҹҢ§пёҸрҹҳірҹ‘»рҹҸіпёҸвҖҚрҹҢҲрҹҳӮрҹ’һрҹҸҙвҖҚвҳ"] = CFrame.new(-0.000000, -0.000000, -0.000000, 0.847137, 0.094743, 0.522859, -0.111132, 0.993806, -0.000023, -0.519623, -0.058087, 0.852419)
    }},
    { Time = 0.067, Data = {
      ["Head"] = CFrame.new(0.000000, 0.000000, 0.000000, 0.807198, 0.315666, 0.498784, -0.069564, 0.889979, -0.450665, -0.586167, 0.329079, 0.740348),
      ["LeftUpperArm"] = CFrame.new(-0.593987, -0.645103, 0.204488, 0.715054, -0.522249, -0.464707, -0.697540, -0.489076, -0.523683, 0.046216, 0.698613, -0.714005),
      ["LeftUpperLeg"] = CFrame.new(-0.313252, -0.123227, -0.214352, 0.863288, -0.297148, 0.407966, -0.111747, 0.675721, 0.728638, -0.492185, -0.674614, 0.550137),
      ["LowerTorso"] = CFrame.new(0.830950, -1.459193, -3.242644, -0.639803, 0.000967, 0.768539, 0.595894, 0.632145, 0.495281, -0.485349, 0.774849, -0.405025),
      ["RightUpperArm"] = CFrame.new(-0.626642, -0.297552, -0.788584, 0.845878, 0.180649, -0.501853, 0.031107, -0.956005, -0.291696, -0.532468, 0.231128, -0.814283),
      ["RightUpperLeg"] = CFrame.new(-0.209904, -0.193952, -0.246577, 0.789526, -0.430582, 0.437318, 0.152343, 0.827773, 0.539985, -0.594508, -0.359710, 0.719144),
      ["рҹҢ§пёҸрҹҳірҹ‘»рҹҸіпёҸвҖҚрҹҢҲрҹҳӮрҹ’һрҹҸҙвҖҚвҳ пёҸрҹҺёрҹҢ§пёҸрҹҳірҹ‘»рҹҸіпёҸвҖҚрҹҢҲрҹҳӮрҹ’һрҹҸҙвҖҚвҳ"] = CFrame.new(0.000000, -0.000000, 0.000000, 0.847310, 0.092920, 0.522906, -0.108984, 0.994044, -0.000045, -0.519796, -0.056950, 0.852390)
    }},
    { Time = 0.083, Data = {
      ["Head"] = CFrame.new(0.000000, 0.000000, -0.000000, 0.807208, 0.314350, 0.499599, -0.069554, 0.891153, -0.448339, -0.586155, 0.327154, 0.741210),
      ["LeftUpperArm"] = CFrame.new(-0.594191, -0.645346, 0.204164, 0.715868, -0.523026, -0.462577, -0.696624, -0.490001, -0.524037, 0.047421, 0.697383, -0.715128),
      ["LeftUpperLeg"] = CFrame.new(-0.313206, -0.123251, -0.214266, 0.863333, -0.297095, 0.407911, -0.111687, 0.675790, 0.728583, -0.492121, -0.674568, 0.550250),
      ["LowerTorso"] = CFrame.new(0.830967, -1.459244, -3.242673, -0.639900, 0.000901, 0.768458, 0.595826, 0.632110, 0.495408, -0.485304, 0.774878, -0.405024),
      ["RightUpperArm"] = CFrame.new(-0.626222, -0.297341, -0.788045, 0.844992, 0.182248, -0.502766, 0.030891, -0.955203, -0.294335, -0.533886, 0.233180, -0.812769),
      ["RightUpperLeg"] = CFrame.new(-0.209857, -0.193984, -0.246522, 0.789477, -0.430599, 0.437390, 0.152318, 0.827773, 0.539992, -0.594579, -0.359689, 0.719096),
      ["рҹҢ§пёҸрҹҳірҹ‘»рҹҸіпёҸвҖҚрҹҢҲрҹҳӮрҹ’һрҹҸҙвҖҚвҳ пёҸрҹҺёрҹҢ§пёҸрҹҳірҹ‘»рҹҸіпёҸвҖҚрҹҢҲрҹҳӮрҹ’һрҹҸҙвҖҚвҳ"] = CFrame.new(0.000000, 0.000000, -0.000000, 0.847535, 0.091017, 0.522877, -0.106753, 0.994286, -0.000039, -0.519893, -0.055786, 0.852408)
    }},
    { Time = 0.100, Data = {
      ["Head"] = CFrame.new(0.000000, 0.000000, -0.000000, 0.807199, 0.313135, 0.500376, -0.069596, 0.892268, -0.446110, -0.586162, 0.325276, 0.742031),
      ["LeftUpperArm"] = CFrame.new(-0.594411, -0.645573, 0.203839, 0.716615, -0.523859, -0.460472, -0.695769, -0.490864, -0.524365, 0.048664, 0.696150, -0.716246),
      ["LeftUpperLeg"] = CFrame.new(-0.313182, -0.123267, -0.214219, 0.863323, -0.297151, 0.407890, -0.111588, 0.675850, 0.728543, -0.492159, -0.674484, 0.550319),
      ["LowerTorso"] = CFrame.new(0.831014, -1.459247, -3.242757, -0.639998, 0.000793, 0.768376, 0.595784, 0.632007, 0.495589, -0.485226, 0.774962, -0.404956),
      ["RightUpperArm"] = CFrame.new(-0.625691, -0.297083, -0.787404, 0.843932, 0.184265, -0.503810, 0.030728, -0.954219, -0.297526, -0.535569, 0.235611, -0.810959),
      ["RightUpperLeg"] = CFrame.new(-0.209794, -0.193988, -0.246440, 0.789407, -0.430536, 0.437578, 0.152218, 0.827843, 0.539913, -0.594698, -0.359604, 0.719041),
      ["рҹҢ§пёҸрҹҳірҹ‘»рҹҸіпёҸвҖҚрҹҢҲрҹҳӮрҹ’һрҹҸҙвҖҚвҳ пёҸрҹҺёрҹҢ§пёҸрҹҳірҹ‘»рҹҸіпёҸвҖҚрҹҢҲрҹҳӮрҹ’һрҹҸҙвҖҚвҳ"] = CFrame.new(0.000000, 0.000000, 0.000000, 0.847746, 0.089172, 0.522853, -0.104627, 0.994512, 0.000027, -0.519981, -0.054728, 0.852423)
    }},
    { Time = 0.117, Data = {
      ["Head"] = CFrame.new(0.000000, 0.000000, 0.000000, 0.807207, 0.311863, 0.501157, -0.069531, 0.893359, -0.443932, -0.586159, 0.323500, 0.742810),
      ["LeftUpperArm"] = CFrame.new(-0.594604, -0.645816, 0.203522, 0.717399, -0.524594, -0.458410, -0.694880, -0.491788, -0.524678, 0.049802, 0.694944, -0.717338),
      ["LeftUpperLeg"] = CFrame.new(-0.313125, -0.123315, -0.214110, 0.863368, -0.297097, 0.407835, -0.111528, 0.675919, 0.728488, -0.492095, -0.674438, 0.550432),
      ["LowerTorso"] = CFrame.new(0.831011, -1.459334, -3.242788, -0.640096, 0.000727, 0.768295, 0.595716, 0.631972, 0.495716, -0.485181, 0.774991, -0.404956),
      ["RightUpperArm"] = CFrame.new(-0.625084, -0.296774, -0.786634, 0.842669, 0.186571, -0.505074, 0.030415, -0.953043, -0.301304, -0.537572, 0.238538, -0.808775),
      ["RightUpperLeg"] = CFrame.new(-0.209726, -0.194002, -0.246353, 0.789337, -0.430473, 0.437767, 0.152119, 0.827913, 0.539833, -0.594816, -0.359518, 0.718986),
      ["рҹҢ§пёҸрҹҳірҹ‘»рҹҸіпёҸвҖҚрҹҢҲрҹҳӮрҹ’һрҹҸҙвҖҚвҳ пёҸрҹҺёрҹҢ§пёҸрҹҳірҹ‘»рҹҸіпёҸвҖҚрҹҢҲрҹҳӮрҹ’һрҹҸҙвҖҚвҳ"] = CFrame.new(-0.000000, -0.000000, 0.000000, 0.847906, 0.087349, 0.522902, -0.102478, 0.994735, 0.000006, -0.520148, -0.053591, 0.852393)
    }},
    { Time = 0.133, Data = {
      ["Head"] = CFrame.new(0.000000, 0.000000, 0.000000, 0.807197, 0.310645, 0.501929, -0.069572, 0.894461, -0.441699, -0.586168, 0.321618, 0.743619),
      ["LeftUpperArm"] = CFrame.new(-0.594806, -0.646026, 0.203220, 0.718117, -0.525363, -0.456400, -0.694050, -0.492587, -0.525027, 0.051013, 0.693795, -0.718363),
      ["LeftUpperLeg"] = CFrame.new(-0.313064, -0.123374, -0.213989, 0.863412, -0.297044, 0.407780, -0.111468, 0.675988, 0.728434, -0.492031, -0.674392, 0.550545),
      ["LowerTorso"] = CFrame.new(0.831035, -1.459373, -3.242870, -0.640193, 0.000619, 0.768214, 0.595674, 0.631869, 0.495897, -0.485104, 0.775075, -0.404887),
      ["RightUpperArm"] = CFrame.new(-0.624388, -0.296416, -0.785760, 0.841238, 0.189218, -0.506474, 0.030065, -0.951682, -0.305609, -0.539829, 0.241862, -0.806280),
      ["RightUpperLeg"] = CFrame.new(-0.209639, -0.194049, -0.246250, 0.789240, -0.430507, 0.437909, 0.152068, 0.827913, 0.539848, -0.594959, -0.359477, 0.718888),
      ["рҹҢ§пёҸрҹҳірҹ‘»рҹҸіпёҸвҖҚрҹҢҲрҹҳӮрҹ’һрҹҸҙвҖҚвҳ пёҸрҹҺёрҹҢ§пёҸрҹҳірҹ‘»рҹҸіпёҸвҖҚрҹҢҲрҹҳӮрҹ’һрҹҸҙвҖҚвҳ"] = CFrame.new(0.000000, 0.000000, -0.000000, 0.848100, 0.085610, 0.522875, -0.100411, 0.994946, -0.000035, -0.520235, -0.052473, 0.852410)
    }},
    { Time = 0.150, Data = {
      ["Head"] = CFrame.new(0.000000, 0.000000, 0.000000, 0.807186, 0.309473, 0.502670, -0.069559, 0.895488, -0.439617, -0.586184, 0.319888, 0.744352),
      ["LeftUpperArm"] = CFrame.new(-0.595014, -0.646252, 0.202902, 0.718832, -0.526152, -0.454362, -0.693222, -0.493447, -0.525312, 0.052190, 0.692585, -0.719446),
      ["LeftUpperLeg"] = CFrame.new(-0.312998, -0.123444, -0.213857, 0.863456, -0.296991, 0.407725, -0.111408, 0.676057, 0.728379, -0.491967, -0.674347, 0.550658),
      ["LowerTorso"] = CFrame.new(0.831118, -1.459462, -3.242929, -0.640322, 0.000445, 0.768106, 0.595565, 0.631798, 0.496119, -0.485067, 0.775133, -0.404819),
      ["RightUpperArm"] = CFrame.new(-0.623599, -0.296008, -0.784785, 0.839588, 0.192218, -0.508080, 0.029662, -0.950131, -0.310439, -0.542414, 0.245570, -0.803419),
      ["RightUpperLeg"] = CFrame.new(-0.209561, -0.194081, -0.246155, 0.789170, -0.430444, 0.438098, 0.151969, 0.827983, 0.539768, -0.595077, -0.359392, 0.718833),
      ["рҹҢ§пёҸрҹҳірҹ‘»рҹҸіпёҸвҖҚрҹҢҲрҹҳӮрҹ’һрҹҸҙвҖҚвҳ пёҸрҹҺёрҹҢ§пёҸрҹҳірҹ‘»рҹҸіпёҸвҖҚрҹҢҲрҹҳӮрҹ’һрҹҸҙвҖҚвҳ"] = CFrame.new(0.000000, -0.000000, 0.000000, 0.848290, 0.083847, 0.522852, -0.098367, 0.995150, 0.000007, -0.520315, -0.051438, 0.852424)
    }},
    { Time = 0.167, Data = {
      ["Head"] = CFrame.new(0.000000, 0.000000, -0.000000, 0.807226, 0.308284, 0.503336, -0.069566, 0.896509, -0.437530, -0.586129, 0.318170, 0.745131),
      ["LeftUpperArm"] = CFrame.new(-0.595205, -0.646462, 0.202606, 0.719522, -0.526881, -0.452421, -0.692419, -0.494246, -0.525621, 0.053332, 0.691461, -0.720443),
      ["LeftUpperLeg"] = CFrame.new(-0.312905, -0.123495, -0.213682, 0.863544, -0.296885, 0.407616, -0.111288, 0.676194, 0.728270, -0.491840, -0.674256, 0.550884),
      ["LowerTorso"] = CFrame.new(0.831150, -1.459567, -3.242988, -0.640518, 0.000311, 0.767944, 0.595429, 0.631727, 0.496372, -0.484976, 0.775191, -0.404818),
      ["RightUpperArm"] = CFrame.new(-0.622719, -0.295547, -0.783708, 0.837763, 0.195564, -0.509811, 0.029214, -0.948379, -0.315792, -0.545251, 0.249665, -0.800230),
      ["RightUpperLeg"] = CFrame.new(-0.209468, -0.194071, -0.246029, 0.789078, -0.430321, 0.438383, 0.151767, 0.828080, 0.539675, -0.595250, -0.359314, 0.718729),
      ["рҹҢ§пёҸрҹҳірҹ‘»рҹҸіпёҸвҖҚрҹҢҲрҹҳӮрҹ’һрҹҸҙвҖҚвҳ пёҸрҹҺёрҹҢ§пёҸрҹҳірҹ‘»рҹҸіпёҸвҖҚрҹҢҲрҹҳӮрҹ’һрҹҸҙвҖҚвҳ"] = CFrame.new(0.000000, 0.000000, 0.000000, 0.848421, 0.082164, 0.522906, -0.096406, 0.995342, 0.000022, -0.520468, -0.050429, 0.852391)
    }},
    { Time = 0.183, Data = {
      ["Head"] = CFrame.new(0.000000, -0.000000, 0.000000, 0.807214, 0.307133, 0.504058, -0.069525, 0.897490, -0.435520, -0.586150, 0.316513, 0.745820),
      ["LeftUpperArm"] = CFrame.new(-0.595381, -0.646656, 0.202333, 0.720188, -0.527549, -0.450579, -0.691640, -0.494982, -0.525954, 0.054438, 0.690424, -0.721354),
      ["LeftUpperLeg"] = CFrame.new(-0.312829, -0.123587, -0.213529, 0.863589, -0.296832, 0.407561, -0.111228, 0.676263, 0.728215, -0.491776, -0.674210, 0.550997),
      ["LowerTorso"] = CFrame.new(0.831252, -1.459622, -3.243100, -0.640646, 0.000097, 0.767836, 0.595346, 0.631588, 0.496649, -0.484908, 0.775304, -0.404682),
      ["RightUpperArm"] = CFrame.new(-0.621748, -0.295032, -0.782530, 0.835762, 0.199258, -0.511662, 0.028714, -0.946418, -0.321665, -0.548340, 0.254143, -0.796702),
      ["RightUpperLeg"] = CFrame.new(-0.209357, -0.194108, -0.245891, 0.788959, -0.430275, 0.438642, 0.151642, 0.828150, 0.539603, -0.595439, -0.359208, 0.718625),
      ["рҹҢ§пёҸрҹҳірҹ‘»рҹҸіпёҸвҖҚрҹҢҲрҹҳӮрҹ’һрҹҸҙвҖҚвҳ пёҸрҹҺёрҹҢ§пёҸрҹҳірҹ‘»рҹҸіпёҸвҖҚрҹҢҲрҹҳӮрҹ’һрҹҸҙвҖҚвҳ"] = CFrame.new(-0.000000, -0.000000, 0.000000, 0.848596, 0.080484, 0.522884, -0.094444, 0.995530, 0.000040, -0.520543, -0.049418, 0.852404)
    }},
    { Time = 0.200, Data = {
      ["Head"] = CFrame.new(0.000000, 0.000000, 0.000000, 0.807235, 0.306069, 0.504671, -0.069556, 0.898414, -0.433605, -0.586117, 0.314918, 0.746521),
      ["LeftUpperArm"] = CFrame.new(-0.595553, -0.646865, 0.202052, 0.720831, -0.528203, -0.448781, -0.690890, -0.495778, -0.526189, 0.055439, 0.689352, -0.722303),
      ["LeftUpperLeg"] = CFrame.new(-0.312732, -0.123621, -0.213349, 0.863668, -0.296801, 0.407415, -0.111033, 0.676392, 0.728125, -0.491681, -0.674094, 0.551223),
      ["LowerTorso"] = CFrame.new(0.831265, -1.459760, -3.243158, -0.640841, -0.000037, 0.767674, 0.595210, 0.631517, 0.496902, -0.484817, 0.775362, -0.404680),
      ["RightUpperArm"] = CFrame.new(-0.620711, -0.294469, -0.781267, 0.833591, 0.203200, -0.513650, 0.028100, -0.944277, -0.327952, -0.551667, 0.258944, -0.792850),
      ["RightUpperLeg"] = CFrame.new(-0.209242, -0.194167, -0.245753, 0.788840, -0.430208, 0.438922, 0.151546, 0.828263, 0.539458, -0.595622, -0.359029, 0.718563),
      ["рҹҢ§пёҸрҹҳірҹ‘»рҹҸіпёҸвҖҚрҹҢҲрҹҳӮрҹ’һрҹҸҙвҖҚвҳ пёҸрҹҺёрҹҢ§пёҸрҹҳірҹ‘»рҹҸіпёҸвҖҚрҹҢҲрҹҳӮрҹ’һрҹҸҙвҖҚвҳ"] = CFrame.new(-0.000000, 0.000000, 0.000000, 0.848751, 0.078969, 0.522862, -0.092648, 0.995699, 0.000012, -0.520612, -0.048452, 0.852417)
    }},
    { Time = 0.217, Data = {
      ["Head"] = CFrame.new(0.000000, 0.000000, 0.000000, 0.807205, 0.305018, 0.505355, -0.069568, 0.899334, -0.431692, -0.586157, 0.313308, 0.747167),
      ["LeftUpperArm"] = CFrame.new(-0.595719, -0.647058, 0.201785, 0.721471, -0.528832, -0.447008, -0.690137, -0.496513, -0.526484, 0.056476, 0.688340, -0.723186),
      ["LeftUpperLeg"] = CFrame.new(-0.312647, -0.123720, -0.213179, 0.863712, -0.296728, 0.407375, -0.110949, 0.676530, 0.728010, -0.491622, -0.673988, 0.551405),
      ["LowerTorso"] = CFrame.new(0.831309, -1.459846, -3.243271, -0.641036, -0.000211, 0.767511, 0.595100, 0.631378, 0.497210, -0.484694, 0.775475, -0.404611),
      ["RightUpperArm"] = CFrame.new(-0.619559, -0.293843, -0.779914, 0.831225, 0.207578, -0.515729, 0.027505, -0.941896, -0.334776, -0.555256, 0.264089, -0.788637),
      ["RightUpperLeg"] = CFrame.new(-0.209111, -0.194169, -0.245581, 0.788699, -0.430102, 0.439279, 0.151319, 0.828360, 0.539372, -0.595866, -0.358931, 0.718410),
      ["рҹҢ§пёҸрҹҳірҹ‘»рҹҸіпёҸвҖҚрҹҢҲрҹҳӮрҹ’һрҹҸҙвҖҚвҳ пёҸрҹҺёрҹҢ§пёҸрҹҳірҹ‘»рҹҸіпёҸвҖҚрҹҢҲрҹҳӮрҹ’һрҹҸҙвҖҚвҳ"] = CFrame.new(-0.000000, -0.000000, 0.000000, 0.848904, 0.077453, 0.522841, -0.090851, 0.995864, -0.000016, -0.520680, -0.047487, 0.852430)
    }},
    { Time = 0.233, Data = {
      ["Head"] = CFrame.new(-0.000000, 0.000000, 0.000000, 0.807225, 0.303999, 0.505936, -0.069544, 0.900181, -0.429928, -0.586132, 0.311864, 0.747790),
      ["LeftUpperArm"] = CFrame.new(-0.595874, -0.647251, 0.201526, 0.722089, -0.529424, -0.445307, -0.689411, -0.497248, -0.526742, 0.057442, 0.687354, -0.724048),
      ["LeftUpperLeg"] = CFrame.new(-0.312536, -0.123812, -0.212964, 0.863800, -0.296622, 0.407265, -0.110829, 0.676667, 0.727900, -0.491494, -0.673897, 0.551631),
      ["LowerTorso"] = CFrame.new(0.831344, -1.459949, -3.243384, -0.641231, -0.000385, 0.767348, 0.594990, 0.631240, 0.497517, -0.484572, 0.775588, -0.404541),
      ["RightUpperArm"] = CFrame.new(-0.618368, -0.293174, -0.778493, 0.828692, 0.212105, -0.517958, 0.026727, -0.939354, -0.341906, -0.559066, 0.269492, -0.784105),
      ["RightUpperLeg"] = CFrame.new(-0.208987, -0.194230, -0.245432, 0.788580, -0.430056, 0.439538, 0.151194, 0.828430, 0.539299, -0.596055, -0.358825, 0.718305),
      ["рҹҢ§пёҸрҹҳірҹ‘»рҹҸіпёҸвҖҚрҹҢҲрҹҳӮрҹ’һрҹҸҙвҖҚвҳ пёҸрҹҺёрҹҢ§пёҸрҹҳірҹ‘»рҹҸіпёҸвҖҚрҹҢҲрҹҳӮрҹ’һрҹҸҙвҖҚвҳ"] = CFrame.new(0.000000, 0.000000, -0.000000, 0.848999, 0.075995, 0.522900, -0.089161, 0.996017, 0.000011, -0.520817, -0.046631, 0.852394)
    }},
    { Time = 0.250, Data = {
      ["Head"] = CFrame.new(-0.000000, -0.000000, -0.000000, 0.807228, 0.303058, 0.506496, -0.069600, 0.901007, -0.428186, -0.586122, 0.310391, 0.748411),
      ["LeftUpperArm"] = CFrame.new(-0.596036, -0.647428, 0.201273, 0.722623, -0.530040, -0.443704, -0.688774, -0.497920, -0.526941, 0.058371, 0.686391, -0.724887),
      ["LeftUpperLeg"] = CFrame.new(-0.312422, -0.123912, -0.212740, 0.863888, -0.296516, 0.407155, -0.110709, 0.676805, 0.727790, -0.491366, -0.673805, 0.551857),
      ["LowerTorso"] = CFrame.new(0.831479, -1.460028, -3.243526, -0.641457, -0.000666, 0.767159, 0.594838, 0.631065, 0.497920, -0.484459, 0.775730, -0.404405),
      ["RightUpperArm"] = CFrame.new(-0.617086, -0.292440, -0.776976, 0.826018, 0.216983, -0.520205, 0.025888, -0.936563, -0.349543, -0.563049, 0.275261, -0.779235),
      ["RightUpperLeg"] = CFrame.new(-0.208849, -0.194262, -0.245257, 0.788439, -0.429929, 0.439915, 0.150996, 0.828570, 0.539140, -0.596292, -0.358654, 0.718194),
      ["рҹҢ§пёҸрҹҳірҹ‘»рҹҸіпёҸвҖҚрҹҢҲрҹҳӮрҹ’һрҹҸҙвҖҚвҳ пёҸрҹҺёрҹҢ§пёҸрҹҳірҹ‘»рҹҸіпёҸвҖҚрҹҢҲрҹҳӮрҹ’һрҹҸҙвҖҚвҳ"] = CFrame.new(-0.000000, -0.000000, 0.000000, 0.849139, 0.074562, 0.522880, -0.087447, 0.996169, -0.000041, -0.520880, -0.045689, 0.852406)
    }},
    { Time = 0.267, Data = {
      ["Head"] = CFrame.new(0.000000, 0.000000, -0.000000, 0.807179, 0.302179, 0.507099, -0.069582, 0.901761, -0.426599, -0.586191, 0.309057, 0.748909),
      ["LeftUpperArm"] = CFrame.new(-0.596183, -0.647589, 0.201042, 0.723135, -0.530599, -0.442200, -0.688159, -0.498531, -0.527166, 0.059263, 0.685516, -0.725642),
      ["LeftUpperLeg"] = CFrame.new(-0.312308, -0.123983, -0.212524, 0.863967, -0.296485, 0.407010, -0.110514, 0.676933, 0.727701, -0.491271, -0.673690, 0.552083),
      ["LowerTorso"] = CFrame.new(0.831565, -1.460189, -3.243613, -0.641683, -0.000907, 0.766969, 0.594661, 0.630957, 0.498268, -0.484377, 0.775817, -0.404335),
      ["RightUpperArm"] = CFrame.new(-0.615719, -0.291653, -0.775408, 0.823148, 0.222179, -0.522555, 0.025016, -0.933569, -0.357525, -0.567276, 0.281224, -0.774023),
      ["RightUpperLeg"] = CFrame.new(-0.208693, -0.194324, -0.245067, 0.788270, -0.429900, 0.440245, 0.150846, 0.828640, 0.539075, -0.596553, -0.358527, 0.718041),
      ["рҹҢ§пёҸрҹҳірҹ‘»рҹҸіпёҸвҖҚрҹҢҲрҹҳӮрҹ’һрҹҸҙвҖҚвҳ пёҸрҹҺёрҹҢ§пёҸрҹҳірҹ‘»рҹҸіпёҸвҖҚрҹҢҲрҹҳӮрҹ’һрҹҸҙвҖҚвҳ"] = CFrame.new(0.000000, 0.000000, 0.000000, 0.849262, 0.073247, 0.522867, -0.085945, 0.996300, 0.000026, -0.520930, -0.044960, 0.852414)
    }},
    { Time = 0.283, Data = {
      ["Head"] = CFrame.new(-0.000000, 0.000000, 0.000000, 0.807181, 0.301284, 0.507628, -0.069583, 0.902511, -0.425007, -0.586188, 0.307736, 0.749455),
      ["LeftUpperArm"] = CFrame.new(-0.596324, -0.647733, 0.200828, 0.723645, -0.531133, -0.440721, -0.687542, -0.499080, -0.527451, 0.060191, 0.684702, -0.726333),
      ["LeftUpperLeg"] = CFrame.new(-0.312186, -0.124100, -0.212283, 0.864056, -0.296379, 0.406900, -0.110394, 0.677071, 0.727591, -0.491143, -0.673598, 0.552308),
      ["LowerTorso"] = CFrame.new(0.831616, -1.460264, -3.243780, -0.641878, -0.001121, 0.766806, 0.594576, 0.630751, 0.498630, -0.484223, 0.775985, -0.404199),
      ["RightUpperArm"] = CFrame.new(-0.614286, -0.290805, -0.773760, 0.820140, 0.227626, -0.524935, 0.024014, -0.930344, -0.365904, -0.571659, 0.287486, -0.768478),
      ["RightUpperLeg"] = CFrame.new(-0.208522, -0.194357, -0.244850, 0.788080, -0.429790, 0.440693, 0.150622, 0.828780, 0.538922, -0.596861, -0.358336, 0.717881),
      ["рҹҢ§пёҸрҹҳірҹ‘»рҹҸіпёҸвҖҚрҹҢҲрҹҳӮрҹ’һрҹҸҙвҖҚвҳ пёҸрҹҺёрҹҢ§пёҸрҹҳірҹ‘»рҹҸіпёҸвҖҚрҹҢҲрҹҳӮрҹ’һрҹҸҙвҖҚвҳ"] = CFrame.new(-0.000000, 0.000000, 0.000000, 0.849375, 0.072039, 0.522851, -0.084503, 0.996423, -0.000014, -0.520981, -0.044171, 0.852424)
    }},
    { Time = 0.300, Data = {
      ["Head"] = CFrame.new(0.000000, 0.000000, 0.000000, 0.807234, 0.300421, 0.508056, -0.069550, 0.903192, -0.423565, -0.586120, 0.306581, 0.749981),
      ["LeftUpperArm"] = CFrame.new(-0.596452, -0.647894, 0.200612, 0.724115, -0.531619, -0.439361, -0.686982, -0.499691, -0.527604, 0.060940, 0.683879, -0.727046),
      ["LeftUpperLeg"] = CFrame.new(-0.312061, -0.124212, -0.212037, 0.864144, -0.296253, 0.406804, -0.110250, 0.677277, 0.727421, -0.491020, -0.673446, 0.552603),
      ["LowerTorso"] = CFrame.new(0.831648, -1.460450, -3.243869, -0.642170, -0.001321, 0.766561, 0.594373, 0.630643, 0.499009, -0.484086, 0.776072, -0.404194),
      ["RightUpperArm"] = CFrame.new(-0.612799, -0.289909, -0.772076, 0.816991, 0.233280, -0.527358, 0.022927, -0.926936, -0.374517, -0.576195, 0.293886, -0.762647),
      ["RightUpperLeg"] = CFrame.new(-0.208373, -0.194394, -0.244662, 0.787939, -0.429684, 0.441049, 0.150395, 0.828877, 0.538836, -0.597105, -0.358238, 0.717727),
      ["рҹҢ§пёҸрҹҳірҹ‘»рҹҸіпёҸвҖҚрҹҢҲрҹҳӮрҹ’һрҹҸҙвҖҚвҳ пёҸрҹҺёрҹҢ§пёҸрҹҳірҹ‘»рҹҸіпёҸвҖҚрҹҢҲрҹҳӮрҹ’һрҹҸҙвҖҚвҳ"] = CFrame.new(0.000000, 0.000000, 0.000000, 0.849440, 0.070805, 0.522914, -0.083083, 0.996543, 0.000026, -0.521104, -0.043468, 0.852385)
    }},
    { Time = 0.317, Data = {
      ["Head"] = CFrame.new(0.000000, 0.000000, 0.000000, 0.807218, 0.299675, 0.508522, -0.069549, 0.903818, -0.422226, -0.586142, 0.305462, 0.750420),
      ["LeftUpperArm"] = CFrame.new(-0.596564, -0.648038, 0.200419, 0.724564, -0.532048, -0.438100, -0.686444, -0.500239, -0.527783, 0.061651, 0.683144, -0.727677),
      ["LeftUpperLeg"] = CFrame.new(-0.311937, -0.124306, -0.211798, 0.864223, -0.296223, 0.406659, -0.110055, 0.677405, 0.727331, -0.490925, -0.673330, 0.552828),
      ["LowerTorso"] = CFrame.new(0.831752, -1.460579, -3.244010, -0.642395, -0.001603, 0.766372, 0.594221, 0.630468, 0.499412, -0.483973, 0.776214, -0.404057),
      ["RightUpperArm"] = CFrame.new(-0.611219, -0.288945, -0.770327, 0.813634, 0.239287, -0.529851, 0.021760, -0.923266, -0.383544, -0.580970, 0.300535, -0.756408),
      ["RightUpperLeg"] = CFrame.new(-0.208196, -0.194439, -0.244440, 0.787748, -0.429574, 0.441496, 0.150172, 0.829017, 0.538684, -0.597412, -0.358047, 0.717566),
      ["рҹҢ§пёҸрҹҳірҹ‘»рҹҸіпёҸвҖҚрҹҢҲрҹҳӮрҹ’һрҹҸҙвҖҚвҳ пёҸрҹҺёрҹҢ§пёҸрҹҳірҹ‘»рҹҸіпёҸвҖҚрҹҢҲрҹҳӮрҹ’һрҹҸҙвҖҚвҳ"] = CFrame.new(0.000000, -0.000000, 0.000000, 0.849535, 0.069739, 0.522901, -0.081830, 0.996646, 0.000023, -0.521146, -0.042808, 0.852393)
    }},
    { Time = 0.333, Data = {
      ["Head"] = CFrame.new(-0.000000, 0.000000, -0.000000, 0.807185, 0.299032, 0.508953, -0.069600, 0.904393, -0.420987, -0.586181, 0.304391, 0.750824),
      ["LeftUpperArm"] = CFrame.new(-0.596678, -0.648150, 0.200248, 0.724932, -0.532480, -0.436965, -0.685992, -0.500666, -0.527967, 0.062358, 0.682494, -0.728226),
      ["LeftUpperLeg"] = CFrame.new(-0.311783, -0.124415, -0.211504, 0.864355, -0.296064, 0.406494, -0.109876, 0.677612, 0.727166, -0.490732, -0.673193, 0.553167),
      ["LowerTorso"] = CFrame.new(0.831811, -1.460719, -3.244153, -0.642687, -0.001843, 0.766127, 0.594042, 0.630292, 0.499846, -0.483805, 0.776356, -0.403986),
      ["RightUpperArm"] = CFrame.new(-0.609619, -0.287938, -0.768554, 0.810244, 0.245373, -0.532256, 0.020478, -0.919441, -0.392694, -0.585735, 0.307278, -0.749996),
      ["RightUpperLeg"] = CFrame.new(-0.208017, -0.194489, -0.244216, 0.787557, -0.429464, 0.441943, 0.149948, 0.829156, 0.538531, -0.597720, -0.357856, 0.717405),
      ["рҹҢ§пёҸрҹҳірҹ‘»рҹҸіпёҸвҖҚрҹҢҲрҹҳӮрҹ’һрҹҸҙвҖҚвҳ пёҸрҹҺёрҹҢ§пёҸрҹҳірҹ‘»рҹҸіпёҸвҖҚрҹҢҲрҹҳӮрҹ’һрҹҸҙвҖҚвҳ"] = CFrame.new(-0.000000, -0.000000, 0.000000, 0.849623, 0.068756, 0.522889, -0.080659, 0.996742, -0.000004, -0.521186, -0.042172, 0.852401)
    }},
    { Time = 0.350, Data = {
      ["Head"] = CFrame.new(-0.000000, 0.000000, -0.000000, 0.807219, 0.298342, 0.509302, -0.069537, 0.904915, -0.419873, -0.586141, 0.303515, 0.751211),
      ["LeftUpperArm"] = CFrame.new(-0.596767, -0.648278, 0.200084, 0.725341, -0.532816, -0.435876, -0.685505, -0.501153, -0.528137, 0.062959, 0.681874, -0.728755),
      ["LeftUpperLeg"] = CFrame.new(-0.311649, -0.124559, -0.211236, 0.864443, -0.295958, 0.406383, -0.109756, 0.677749, 0.727056, -0.490604, -0.673101, 0.553392),
      ["LowerTorso"] = CFrame.new(0.831971, -1.460900, -3.244269, -0.642944, -0.002191, 0.765910, 0.593823, 0.630148, 0.500288, -0.483733, 0.776472, -0.403849),
      ["RightUpperArm"] = CFrame.new(-0.607930, -0.286867, -0.766740, 0.806639, 0.251793, -0.534728, 0.019128, -0.915365, -0.402171, -0.590735, 0.314179, -0.743186),
      ["RightUpperLeg"] = CFrame.new(-0.207834, -0.194544, -0.243989, 0.787366, -0.429354, 0.442391, 0.149724, 0.829296, 0.538378, -0.598028, -0.357664, 0.717244),
      ["рҹҢ§пёҸрҹҳірҹ‘»рҹҸіпёҸвҖҚрҹҢҲрҹҳӮрҹ’һрҹҸҙвҖҚвҳ пёҸрҹҺёрҹҢ§пёҸрҹҳірҹ‘»рҹҸіпёҸвҖҚрҹҢҲрҹҳӮрҹ’һрҹҸҙвҖҚвҳ"] = CFrame.new(-0.000000, -0.000000, 0.000000, 0.849703, 0.067855, 0.522877, -0.079571, 0.996829, -0.000054, -0.521223, -0.041559, 0.852408)
    }},
    { Time = 0.367, Data = {
      ["Head"] = CFrame.new(0.000000, 0.000000, -0.000000, 0.807237, 0.297755, 0.509619, -0.069526, 0.905385, -0.418860, -0.586119, 0.302688, 0.751562),
      ["LeftUpperArm"] = CFrame.new(-0.596862, -0.648391, 0.199928, 0.725669, -0.533179, -0.434885, -0.685106, -0.501579, -0.528250, 0.063522, 0.681277, -0.729264),
      ["LeftUpperLeg"] = CFrame.new(-0.311496, -0.124642, -0.210946, 0.864566, -0.295875, 0.406183, -0.109502, 0.677946, 0.726910, -0.490444, -0.672939, 0.553730),
      ["LowerTorso"] = CFrame.new(0.832059, -1.460991, -3.244466, -0.643235, -0.002472, 0.765665, 0.593670, 0.629905, 0.500776, -0.483534, 0.776669, -0.403709),
      ["RightUpperArm"] = CFrame.new(-0.606210, -0.285741, -0.764885, 0.802945, 0.258335, -0.537162, 0.017609, -0.911085, -0.411842, -0.595793, 0.321228, -0.736100),
      ["RightUpperLeg"] = CFrame.new(-0.207649, -0.194604, -0.243761, 0.787175, -0.429244, 0.442838, 0.149501, 0.829435, 0.538226, -0.598335, -0.357473, 0.717083),
      ["рҹҢ§пёҸрҹҳірҹ‘»рҹҸіпёҸвҖҚрҹҢҲрҹҳӮрҹ’һрҹҸҙвҖҚвҳ пёҸрҹҺёрҹҢ§пёҸрҹҳірҹ‘»рҹҸіпёҸвҖҚрҹҢҲрҹҳӮрҹ’һрҹҸҙвҖҚвҳ"] = CFrame.new(0.000000, -0.000000, -0.000000, 0.849776, 0.067014, 0.522868, -0.078589, 0.996907, -0.000045, -0.521254, -0.041053, 0.852414)
    }},
    { Time = 0.383, Data = {
      ["Head"] = CFrame.new(0.000000, -0.000000, -0.000000, 0.807186, 0.297285, 0.509973, -0.069548, 0.905804, -0.417950, -0.586186, 0.301896, 0.751828),
      ["LeftUpperArm"] = CFrame.new(-0.596933, -0.648486, 0.199801, 0.725958, -0.533451, -0.434068, -0.684757, -0.501944, -0.528356, 0.063974, 0.680795, -0.729675),
      ["LeftUpperLeg"] = CFrame.new(-0.311357, -0.124785, -0.210670, 0.864654, -0.295749, 0.406087, -0.109358, 0.678152, 0.726740, -0.490321, -0.672787, 0.554024),
      ["LowerTorso"] = CFrame.new(0.832102, -1.461157, -3.244607, -0.643526, -0.002712, 0.765419, 0.593491, 0.629728, 0.501209, -0.483365, 0.776811, -0.403637),
      ["RightUpperArm"] = CFrame.new(-0.604434, -0.284557, -0.763000, 0.799146, 0.265081, -0.539534, 0.015994, -0.906582, -0.421728, -0.600924, 0.328393, -0.728731),
      ["RightUpperLeg"] = CFrame.new(-0.207462, -0.194654, -0.243527, 0.786983, -0.429155, 0.443265, 0.149249, 0.829532, 0.538146, -0.598650, -0.357355, 0.716879),
      ["рҹҢ§пёҸрҹҳірҹ‘»рҹҸіпёҸвҖҚрҹҢҲрҹҳӮрҹ’һрҹҸҙвҖҚвҳ пёҸрҹҺёрҹҢ§пёҸрҹҳірҹ‘»рҹҸіпёҸвҖҚрҹҢҲрҹҳӮрҹ’һрҹҸҙвҖҚвҳ"] = CFrame.new(0.000000, -0.000000, -0.000000, 0.849841, 0.066232, 0.522862, -0.077713, 0.996976, 0.000023, -0.521279, -0.040653, 0.852417)
    }},
    { Time = 0.400, Data = {
      ["Head"] = CFrame.new(-0.000000, -0.000000, -0.000000, 0.807186, 0.296824, 0.510241, -0.069562, 0.906188, -0.417114, -0.586184, 0.301195, 0.752110),
      ["LeftUpperArm"] = CFrame.new(-0.597015, -0.648550, 0.199690, 0.726187, -0.533762, -0.433303, -0.684466, -0.502188, -0.528502, 0.064494, 0.680372, -0.730024),
      ["LeftUpperLeg"] = CFrame.new(-0.311195, -0.124914, -0.210355, 0.864786, -0.295590, 0.405922, -0.109179, 0.678358, 0.726575, -0.490128, -0.672649, 0.554362),
      ["LowerTorso"] = CFrame.new(0.832249, -1.461360, -3.244724, -0.643783, -0.003060, 0.765202, 0.593271, 0.629583, 0.501651, -0.483294, 0.776927, -0.403499),
      ["RightUpperArm"] = CFrame.new(-0.602620, -0.283330, -0.761128, 0.795242, 0.271983, -0.541863, 0.014335, -0.901918, -0.431671, -0.606123, 0.335515, -0.721141),
      ["RightUpperLeg"] = CFrame.new(-0.207273, -0.194721, -0.243295, 0.786792, -0.429044, 0.443712, 0.149026, 0.829672, 0.537993, -0.598958, -0.357164, 0.716717),
      ["рҹҢ§пёҸрҹҳірҹ‘»рҹҸіпёҸвҖҚрҹҢҲрҹҳӮрҹ’һрҹҸҙвҖҚвҳ пёҸрҹҺёрҹҢ§пёҸрҹҳірҹ‘»рҹҸіпёҸвҖҚрҹҢҲрҹҳӮрҹ’һрҹҸҙвҖҚвҳ"] = CFrame.new(0.000000, 0.000000, 0.000000, 0.849892, 0.065639, 0.522853, -0.076980, 0.997033, -0.000038, -0.521304, -0.040217, 0.852423)
    }},
    { Time = 0.417, Data = {
      ["Head"] = CFrame.new(-0.000000, -0.000000, -0.000000, 0.807237, 0.296396, 0.510409, -0.069541, 0.906506, -0.416427, -0.586116, 0.300661, 0.752377),
      ["LeftUpperArm"] = CFrame.new(-0.597063, -0.648631, 0.199593, 0.726438, -0.533943, -0.432658, -0.684167, -0.502492, -0.528600, 0.064835, 0.680006, -0.730335),
      ["LeftUpperLeg"] = CFrame.new(-0.311057, -0.125028, -0.210087, 0.864864, -0.295540, 0.405790, -0.108960, 0.678555, 0.726424, -0.490038, -0.672473, 0.554656),
      ["LowerTorso"] = CFrame.new(0.832326, -1.461470, -3.244923, -0.644074, -0.003341, 0.764956, 0.593118, 0.629339, 0.502139, -0.483095, 0.777124, -0.403360),
      ["RightUpperArm"] = CFrame.new(-0.600775, -0.282045, -0.759216, 0.791296, 0.278997, -0.544069, 0.012513, -0.897029, -0.441795, -0.611305, 0.342783, -0.713307),
      ["RightUpperLeg"] = CFrame.new(-0.207071, -0.194740, -0.243035, 0.786578, -0.428874, 0.444255, 0.148700, 0.829838, 0.537826, -0.599319, -0.356981, 0.716506),
      ["рҹҢ§пёҸрҹҳірҹ‘»рҹҸіпёҸвҖҚрҹҢҲрҹҳӮрҹ’һрҹҸҙвҖҚвҳ пёҸрҹҺёрҹҢ§пёҸрҹҳірҹ‘»рҹҸіпёҸвҖҚрҹҢҲрҹҳӮрҹ’һрҹҸҙвҖҚвҳ"] = CFrame.new(-0.000000, 0.000000, 0.000000, 0.849937, 0.065106, 0.522847, -0.076353, 0.997081, -0.000040, -0.521323, -0.039887, 0.852427)
    }},
    { Time = 0.433, Data = {
      ["Head"] = CFrame.new(0.000000, -0.000000, 0.000000, 0.807220, 0.296109, 0.510603, -0.069526, 0.906739, -0.415922, -0.586141, 0.300240, 0.752525),
      ["LeftUpperArm"] = CFrame.new(-0.597108, -0.648694, 0.199510, 0.726591, -0.534117, -0.432186, -0.683982, -0.502735, -0.528608, 0.065063, 0.679689, -0.730609),
      ["LeftUpperLeg"] = CFrame.new(-0.310892, -0.125165, -0.209764, 0.864996, -0.295382, 0.405625, -0.108781, 0.678760, 0.726258, -0.489846, -0.672335, 0.554993),
      ["LowerTorso"] = CFrame.new(0.832424, -1.461685, -3.245038, -0.644396, -0.003648, 0.764683, 0.592871, 0.629194, 0.502612, -0.482967, 0.777240, -0.403287),
      ["RightUpperArm"] = CFrame.new(-0.598891, -0.280725, -0.757341, 0.787187, 0.286158, -0.546305, 0.010648, -0.892007, -0.451896, -0.616622, 0.349910, -0.705224),
      ["RightUpperLeg"] = CFrame.new(-0.206879, -0.194814, -0.242801, 0.786386, -0.428764, 0.444701, 0.148477, 0.829977, 0.537673, -0.599627, -0.356790, 0.716344),
      ["рҹҢ§пёҸрҹҳірҹ‘»рҹҸіпёҸвҖҚрҹҢҲрҹҳӮрҹ’һрҹҸҙвҖҚвҳ пёҸрҹҺёрҹҢ§пёҸрҹҳірҹ‘»рҹҸіпёҸвҖҚрҹҢҲрҹҳӮрҹ’һрҹҸҙвҖҚвҳ"] = CFrame.new(0.000000, -0.000000, 0.000000, 0.849975, 0.064632, 0.522844, -0.075832, 0.997121, 0.000018, -0.521337, -0.039664, 0.852428)
    }},
    { Time = 0.450, Data = {
      ["Head"] = CFrame.new(-0.000000, -0.000000, -0.000000, 0.807186, 0.295925, 0.510763, -0.069563, 0.906922, -0.415517, -0.586184, 0.299869, 0.752640),
      ["LeftUpperArm"] = CFrame.new(-0.597143, -0.648726, 0.199459, 0.726745, -0.534247, -0.431767, -0.683791, -0.502857, -0.528739, 0.065360, 0.679497, -0.730762),
      ["LeftUpperLeg"] = CFrame.new(-0.310725, -0.125304, -0.209439, 0.865128, -0.295223, 0.405459, -0.108602, 0.678966, 0.726093, -0.489653, -0.672197, 0.555331),
      ["LowerTorso"] = CFrame.new(0.832496, -1.461804, -3.245236, -0.644687, -0.003928, 0.764437, 0.592718, 0.628949, 0.503099, -0.482768, 0.777437, -0.403147),
      ["RightUpperArm"] = CFrame.new(-0.596989, -0.279353, -0.755446, 0.783090, 0.293390, -0.548354, 0.008664, -0.886789, -0.462094, -0.621848, 0.357111, -0.696977),
      ["RightUpperLeg"] = CFrame.new(-0.206661, -0.194876, -0.242530, 0.786144, -0.428670, 0.445219, 0.148228, 0.830117, 0.537527, -0.600005, -0.356579, 0.716132),
      ["рҹҢ§пёҸрҹҳірҹ‘»рҹҸіпёҸвҖҚрҹҢҲрҹҳӮрҹ’һрҹҸҙвҖҚвҳ пёҸрҹҺёрҹҢ§пёҸрҹҳірҹ‘»рҹҸіпёҸвҖҚрҹҢҲрҹҳӮрҹ’һрҹҸҙвҖҚвҳ"] = CFrame.new(-0.000000, -0.000000, 0.000000, 0.850006, 0.064264, 0.522838, -0.075371, 0.997156, -0.000031, -0.521353, -0.039381, 0.852432)
    }},
    { Time = 0.467, Data = {
      ["Head"] = CFrame.new(0.000000, 0.000000, -0.000000, 0.807203, 0.295751, 0.510837, -0.069592, 0.907071, -0.415185, -0.586157, 0.299589, 0.752773),
      ["LeftUpperArm"] = CFrame.new(-0.597181, -0.648758, 0.199406, 0.726800, -0.534392, -0.431494, -0.683718, -0.502978, -0.528718, 0.065511, 0.679292, -0.730938),
      ["LeftUpperLeg"] = CFrame.new(-0.310584, -0.125425, -0.209164, 0.865206, -0.295173, 0.405328, -0.108383, 0.679163, 0.725942, -0.489562, -0.672020, 0.555624),
      ["LowerTorso"] = CFrame.new(0.832630, -1.461957, -3.245405, -0.645008, -0.004276, 0.764164, 0.592497, 0.628735, 0.503627, -0.482610, 0.777608, -0.403006),
      ["RightUpperArm"] = CFrame.new(-0.595066, -0.277938, -0.753560, 0.778895, 0.300702, -0.550364, 0.006544, -0.881407, -0.472312, -0.627120, 0.364280, -0.688491),
      ["RightUpperLeg"] = CFrame.new(-0.206480, -0.194929, -0.242307, 0.785978, -0.428462, 0.445711, 0.147957, 0.830325, 0.537279, -0.600289, -0.356344, 0.716011),
      ["рҹҢ§пёҸрҹҳірҹ‘»рҹҸіпёҸвҖҚрҹҢҲрҹҳӮрҹ’һрҹҸҙвҖҚвҳ пёҸрҹҺёрҹҢ§пёҸрҹҳірҹ‘»рҹҸіпёҸвҖҚрҹҢҲрҹҳӮрҹ’һрҹҸҙвҖҚвҳ"] = CFrame.new(0.000000, -0.000000, -0.000000, 0.849978, 0.064037, 0.522912, -0.075099, 0.997176, -0.000047, -0.521438, -0.039230, 0.852387)
    }},
    { Time = 0.483, Data = {
      ["Head"] = CFrame.new(-0.000000, 0.000000, 0.000000, 0.807220, 0.295624, 0.510884, -0.069567, 0.907154, -0.415008, -0.586136, 0.299462, 0.752839),
      ["LeftUpperArm"] = CFrame.new(-0.597189, -0.648790, 0.199376, 0.726897, -0.534421, -0.431294, -0.683607, -0.503099, -0.528746, 0.065589, 0.679180, -0.731035),
      ["LeftUpperLeg"] = CFrame.new(-0.310416, -0.125567, -0.208836, 0.865338, -0.295015, 0.405162, -0.108205, 0.679368, 0.725776, -0.489369, -0.671882, 0.555961),
      ["LowerTorso"] = CFrame.new(0.832726, -1.462179, -3.245523, -0.645330, -0.004583, 0.763891, 0.592250, 0.628589, 0.504099, -0.482484, 0.777724, -0.402933),
      ["RightUpperArm"] = CFrame.new(-0.593107, -0.276475, -0.751689, 0.774642, 0.308153, -0.552242, 0.004386, -0.875846, -0.482572, -0.632385, 0.371399, -0.679819),
      ["RightUpperLeg"] = CFrame.new(-0.206260, -0.194994, -0.242035, 0.785736, -0.428368, 0.446229, 0.147709, 0.830464, 0.537133, -0.600667, -0.356133, 0.715799),
      ["рҹҢ§пёҸрҹҳірҹ‘»рҹҸіпёҸвҖҚрҹҢҲрҹҳӮрҹ’һрҹҸҙвҖҚвҳ пёҸрҹҺёрҹҢ§пёҸрҹҳірҹ‘»рҹҸіпёҸвҖҚрҹҢҲрҹҳӮрҹ’һрҹҸҙвҖҚвҳ"] = CFrame.new(0.000000, 0.000000, 0.000000, 0.849990, 0.063872, 0.522912, -0.074933, 0.997189, 0.000000, -0.521442, -0.039184, 0.852387)
    }},
    { Time = 0.500, Data = {
      ["Head"] = CFrame.new(0.000000, -0.000000, -0.000000, 0.807220, 0.295600, 0.510897, -0.069594, 0.907187, -0.414931, -0.586133, 0.299385, 0.752872),
      ["LeftUpperArm"] = CFrame.new(-0.597197, -0.648790, 0.199369, 0.726916, -0.534455, -0.431221, -0.683580, -0.503100, -0.528781, 0.065662, 0.679153, -0.731054),
      ["LeftUpperLeg"] = CFrame.new(-0.310253, -0.125672, -0.208523, 0.865460, -0.294932, 0.404961, -0.107950, 0.679564, 0.725630, -0.489209, -0.671720, 0.556298),
      ["LowerTorso"] = CFrame.new(0.832791, -1.462305, -3.245718, -0.645620, -0.004863, 0.763644, 0.592095, 0.628344, 0.504586, -0.482284, 0.777921, -0.402792),
      ["RightUpperArm"] = CFrame.new(-0.591165, -0.274993, -0.749853, 0.770360, 0.315536, -0.554059, 0.002094, -0.870212, -0.492673, -0.637605, 0.378376, -0.671038),
      ["RightUpperLeg"] = CFrame.new(-0.206040, -0.195059, -0.241763, 0.785493, -0.428274, 0.446746, 0.147460, 0.830603, 0.536986, -0.601046, -0.355922, 0.715586),
      ["рҹҢ§пёҸрҹҳірҹ‘»рҹҸіпёҸвҖҚрҹҢҲрҹҳӮрҹ’һрҹҸҙвҖҚвҳ пёҸрҹҺёрҹҢ§пёҸрҹҳірҹ‘»рҹҸіпёҸвҖҚрҹҢҲрҹҳӮрҹ’һрҹҸҙвҖҚвҳ"] = CFrame.new(-0.000000, -0.000000, 0.000000, 0.849997, 0.063789, 0.522912, -0.074850, 0.997195, 0.000024, -0.521443, -0.039160, 0.852387)
    }},
    { Time = 0.517, Data = {
      ["Head"] = CFrame.new(-0.000000, 0.000000, 0.000000, 0.807220, 0.295624, 0.510884, -0.069567, 0.907154, -0.415008, -0.586136, 0.299462, 0.752839),
      ["LeftUpperArm"] = CFrame.new(-0.597188, -0.648790, 0.199376, 0.726897, -0.534421, -0.431294, -0.683607, -0.503099, -0.528746, 0.065589, 0.679180, -0.731035),
      ["LeftUpperLeg"] = CFrame.new(-0.310106, -0.125833, -0.208229, 0.865548, -0.294807, 0.404865, -0.107807, 0.679770, 0.725459, -0.489085, -0.671567, 0.556591),
      ["LowerTorso"] = CFrame.new(0.832925, -1.462460, -3.245890, -0.645941, -0.005210, 0.763370, 0.591874, 0.628129, 0.505113, -0.482126, 0.778092, -0.402651),
      ["RightUpperArm"] = CFrame.new(-0.589193, -0.273475, -0.748051, 0.766020, 0.323032, -0.555755, -0.000207, -0.864438, -0.502740, -0.642817, 0.385224, -0.662110),
