return {
  ["Astros laying down 4"] = {
    { Time = 0.000, Data = {
      ["Balls"] = CFrame.new(0.000000, 0.000000, 0.000000, 0.931846, -0.362854, 0.000000, 0.362854, 0.931846, 0.000000, 0.000000, 0.000000, 1.000000),
      ["Cock"] = CFrame.new(0.000000, -0.000000, 0.000000, 0.998914, -0.046601, 0.000000, 0.046601, 0.998914, 0.000000, 0.000000, 0.000000, 1.000000),
      ["Head"] = CFrame.new(0.000000, -0.000000, 0.000000, 1.000000, -0.000000, 0.000000, 0.000000, 0.958387, 0.285471, -0.000000, -0.285471, 0.958387),
      ["LeftUpperArm"] = CFrame.new(0.108703, -0.026331, -0.036615, 0.898644, 0.413319, 0.146991, -0.427783, 0.899881, 0.084950, -0.097162, -0.139220, 0.985483),
      ["LeftUpperLeg"] = CFrame.new(-0.022715, -0.130514, -0.071871, 0.954570, 0.235855, 0.182124, -0.261027, 0.956639, 0.129252, -0.143742, -0.170919, 0.974743),
      ["LowerTorso"] = CFrame.new(0.000000, -1.505037, 0.221758, 1.000000, 0.000000, 0.000000, 0.000000, -0.013262, -0.999912, 0.000000, 0.999912, -0.013262),
      ["RightUpperArm"] = CFrame.new(-0.054560, -0.005962, -0.011122, 0.974638, -0.207451, -0.083932, 0.210202, 0.977331, 0.025289, 0.076783, -0.042290, 0.996151),
      ["RightUpperLeg"] = CFrame.new(0.013795, -0.016126, -0.381063, 0.972413, -0.204118, -0.112910, 0.228350, 0.931819, 0.282081, 0.047634, -0.300082, 0.952723)
    }},
    { Time = 0.017, Data = {
      ["Balls"] = CFrame.new(0.000000, -0.000001, 0.000000, 0.931687, -0.363263, 0.000000, 0.363263, 0.931687, 0.000000, 0.000000, 0.000000, 1.000000),
      ["Head"] = CFrame.new(0.000000, 0.000000, 0.000000, 1.000000, -0.000000, 0.000000, 0.000000, 0.957561, 0.288229, -0.000000, -0.288229, 0.957561),
      ["LeftUpperArm"] = CFrame.new(0.108726, -0.026339, -0.036594, 0.898607, 0.413405, 0.146976, -0.427858, 0.899853, 0.084860, -0.097175, -0.139141, 0.985493),
      ["LeftUpperLeg"] = CFrame.new(-0.022715, -0.130535, -0.071830, 0.954584, 0.235871, 0.182029, -0.261015, 0.956653, 0.129179, -0.143669, -0.170824, 0.974771),
      ["LowerTorso"] = CFrame.new(0.000000, -1.505037, 0.221793, 1.000000, 0.000000, 0.000000, 0.000000, -0.013262, -0.999912, 0.000000, 0.999912, -0.013262),
      ["RightUpperArm"] = CFrame.new(-0.054582, -0.005967, -0.011129, 0.974620, -0.207532, -0.083942, 0.210290, 0.977310, 0.025371, 0.076772, -0.042379, 0.996148),
      ["RightUpperLeg"] = CFrame.new(0.013796, -0.016131, -0.381061, 0.972413, -0.204118, -0.112910, 0.228350, 0.931819, 0.282081, 0.047634, -0.300082, 0.952723)
    }},
    { Time = 0.033, Data = {
      ["Balls"] = CFrame.new(0.000000, -0.000001, 0.000000, 0.931207, -0.364491, 0.000000, 0.364491, 0.931207, 0.000000, 0.000000, 0.000000, 1.000000),
      ["Head"] = CFrame.new(0.000000, 0.000000, 0.000000, 1.000000, -0.000000, 0.000000, 0.000000, 0.956753, 0.290902, -0.000000, -0.290902, 0.956753),
      ["LeftUpperArm"] = CFrame.new(0.108771, -0.026356, -0.036570, 0.898543, 0.413578, 0.146882, -0.428010, 0.899788, 0.084783, -0.097098, -0.139048, 0.985514),
      ["LeftUpperLeg"] = CFrame.new(-0.022736, -0.130611, -0.071829, 0.954584, 0.235887, 0.182008, -0.261002, 0.956679, 0.129010, -0.143692, -0.170655, 0.974797),
      ["LowerTorso"] = CFrame.new(0.000000, -1.505159, 0.221898, 1.000000, 0.000000, 0.000000, 0.000000, -0.013141, -0.999914, 0.000000, 0.999914, -0.013141),
      ["RightUpperArm"] = CFrame.new(-0.054630, -0.005976, -0.011104, 0.974584, -0.207698, -0.083953, 0.210463, 0.977270, 0.025449, 0.076759, -0.042472, 0.996145),
      ["RightUpperLeg"] = CFrame.new(0.013800, -0.016144, -0.381067, 0.972413, -0.204128, -0.112892, 0.228346, 0.931870, 0.281915, 0.047654, -0.299916, 0.952775)
    }},
    { Time = 0.050, Data = {
      ["Balls"] = CFrame.new(0.000000, -0.000001, 0.000000, 0.930436, -0.366453, 0.000000, 0.366453, 0.930436, 0.000000, 0.000000, 0.000000, 1.000000),
      ["Head"] = CFrame.new(0.000000, 0.000000, 0.000000, 1.000000, -0.000000, 0.000000, 0.000000, 0.955962, 0.293490, -0.000000, -0.293490, 0.955962),
      ["LeftUpperArm"] = CFrame.new(0.108835, -0.026383, -0.036551, 0.898431, 0.413824, 0.146875, -0.428245, 0.899686, 0.084679, -0.097099, -0.138977, 0.985524),
      ["LeftUpperLeg"] = CFrame.new(-0.022781, -0.130777, -0.071827, 0.954562, 0.236002, 0.181973, -0.261061, 0.956710, 0.128663, -0.143730, -0.170323, 0.974850),
      ["LowerTorso"] = CFrame.new(0.000000, -1.505281, 0.222073, 1.000000, 0.000000, 0.000000, 0.000000, -0.013020, -0.999915, 0.000000, 0.999915, -0.013020),
      ["RightUpperArm"] = CFrame.new(-0.054702, -0.005990, -0.011070, 0.974529, -0.207945, -0.083975, 0.210724, 0.977210, 0.025610, 0.076735, -0.042653, 0.996139),
      ["RightUpperLeg"] = CFrame.new(0.013815, -0.016210, -0.381062, 0.972394, -0.204222, -0.112887, 0.228426, 0.931902, 0.281744, 0.047661, -0.299753, 0.952826)
    }},
    { Time = 0.067, Data = {
      ["Balls"] = CFrame.new(0.000000, -0.000001, 0.000000, 0.929337, -0.369232, 0.000000, 0.369232, 0.929337, 0.000000, 0.000000, 0.000000, 1.000000),
      ["Head"] = CFrame.new(0.000000, 0.000000, 0.000000, 1.000000, -0.000000, 0.000000, 0.000000, 0.955165, 0.296076, -0.000000, -0.296076, 0.955165),
      ["LeftUpperArm"] = CFrame.new(0.108925, -0.026417, -0.036507, 0.898292, 0.414162, 0.146769, -0.428552, 0.899557, 0.084505, -0.097028, -0.138808, 0.985555),
      ["LeftUpperLeg"] = CFrame.new(-0.022821, -0.130948, -0.071784, 0.954576, 0.236049, 0.181837, -0.261024, 0.956775, 0.128252, -0.143703, -0.169890, 0.974929),
      ["LowerTorso"] = CFrame.new(0.000000, -1.505523, 0.222313, 1.000000, 0.000000, 0.000000, 0.000000, -0.012777, -0.999918, 0.000000, 0.999918, -0.012777),
      ["RightUpperArm"] = CFrame.new(-0.054798, -0.006009, -0.011027, 0.974456, -0.208274, -0.084006, 0.211073, 0.977128, 0.025853, 0.076700, -0.042924, 0.996130),
      ["RightUpperLeg"] = CFrame.new(0.013819, -0.016236, -0.381029, 0.972401, -0.204255, -0.112766, 0.228405, 0.932004, 0.281423, 0.047616, -0.299412, 0.952935)
    }},
    { Time = 0.083, Data = {
      ["Balls"] = CFrame.new(0.000000, -0.000001, 0.000000, 0.927935, -0.372742, 0.000000, 0.372742, 0.927935, 0.000000, 0.000000, 0.000000, 1.000000),
      ["Head"] = CFrame.new(0.000000, 0.000000, 0.000000, 1.000000, -0.000000, 0.000000, 0.000000, 0.954412, 0.298493, -0.000000, -0.298493, 0.954412),
      ["LeftUpperArm"] = CFrame.new(0.109035, -0.026461, -0.036463, 0.898116, 0.414580, 0.146668, -0.428939, 0.899389, 0.084324, -0.096952, -0.138644, 0.985585),
      ["LeftUpperLeg"] = CFrame.new(-0.022884, -0.131207, -0.071736, 0.954569, 0.236188, 0.181696, -0.261064, 0.956831, 0.127748, -0.143680, -0.169378, 0.975022),
      ["LowerTorso"] = CFrame.new(0.000000, -1.505767, 0.222618, 1.000000, 0.000000, 0.000000, 0.000000, -0.012534, -0.999921, 0.000000, 0.999921, -0.012534),
      ["RightUpperArm"] = CFrame.new(-0.054940, -0.006037, -0.010979, 0.974347, -0.208768, -0.084049, 0.211595, 0.977007, 0.026174, 0.076653, -0.043287, 0.996118),
      ["RightUpperLeg"] = CFrame.new(0.013829, -0.016277, -0.381035, 0.972401, -0.204274, -0.112730, 0.228396, 0.932107, 0.281092, 0.047657, -0.299081, 0.953037)
    }},
    { Time = 0.100, Data = {
      ["Balls"] = CFrame.new(0.000000, -0.000001, 0.000000, 0.926254, -0.376900, 0.000000, 0.376900, 0.926254, 0.000000, 0.000000, 0.000000, 1.000000),
      ["Head"] = CFrame.new(0.000000, 0.000000, 0.000000, 1.000000, -0.000000, 0.000000, 0.000000, 0.953705, 0.300743, -0.000000, -0.300743, 0.953705),
      ["LeftUpperArm"] = CFrame.new(0.109186, -0.026524, -0.036422, 0.897864, 0.415158, 0.146573, -0.429485, 0.899147, 0.084130, -0.096864, -0.138489, 0.985616),
      ["LeftUpperLeg"] = CFrame.new(-0.022949, -0.131467, -0.071695, 0.954583, 0.236259, 0.181528, -0.261008, 0.956935, 0.127083, -0.143687, -0.168691, 0.975140),
      ["LowerTorso"] = CFrame.new(0.000000, -1.506131, 0.222984, 1.000000, 0.000000, 0.000000, 0.000000, -0.012171, -0.999926, 0.000000, 0.999926, -0.012171),
      ["RightUpperArm"] = CFrame.new(-0.055105, -0.006070, -0.010927, 0.974212, -0.209341, -0.084188, 0.212207, 0.976864, 0.026567, 0.076679, -0.043748, 0.996096),
      ["RightUpperLeg"] = CFrame.new(0.013838, -0.016320, -0.381002, 0.972408, -0.204312, -0.112601, 0.228374, 0.932234, 0.280687, 0.047622, -0.298658, 0.953171)
    }},
    { Time = 0.117, Data = {
      ["Balls"] = CFrame.new(0.000000, -0.000001, 0.000000, 0.924252, -0.381784, 0.000000, 0.381784, 0.924252, 0.000000, 0.000000, 0.000000, 1.000000),
      ["Head"] = CFrame.new(0.000000, -0.000000, 0.000000, 1.000000, -0.000000, 0.000000, 0.000000, 0.953046, 0.302825, -0.000000, -0.302825, 0.953046),
      ["LeftUpperArm"] = CFrame.new(0.109340, -0.026586, -0.036360, 0.897613, 0.415741, 0.146460, -0.430026, 0.898914, 0.083853, -0.096794, -0.138249, 0.985656),
      ["LeftUpperLeg"] = CFrame.new(-0.023036, -0.131810, -0.071649, 0.954576, 0.236422, 0.181356, -0.261030, 0.957030, 0.126325, -0.143697, -0.167926, 0.975270),
      ["LowerTorso"] = CFrame.new(0.000000, -1.506496, 0.223407, 1.000000, 0.000000, 0.000000, 0.000000, -0.011807, -0.999930, 0.000000, 0.999930, -0.011807),
      ["RightUpperArm"] = CFrame.new(-0.055296, -0.006108, -0.010848, 0.974065, -0.210001, -0.084243, 0.212901, 0.976701, 0.026967, 0.076617, -0.044203, 0.996080),
      ["RightUpperLeg"] = CFrame.new(0.013852, -0.016377, -0.381012, 0.972408, -0.204342, -0.112547, 0.228361, 0.932387, 0.280190, 0.047682, -0.298160, 0.953324)
    }},
    { Time = 0.133, Data = {
      ["Balls"] = CFrame.new(0.000000, -0.000001, 0.000000, 0.922018, -0.387147, 0.000000, 0.387147, 0.922018, 0.000000, 0.000000, 0.000000, 1.000000),
      ["Head"] = CFrame.new(0.000000, -0.000000, 0.000000, 1.000000, -0.000000, 0.000000, 0.000000, 0.952436, 0.304739, -0.000000, -0.304739, 0.952436),
      ["LeftUpperArm"] = CFrame.new(0.109537, -0.026664, -0.036277, 0.897285, 0.416491, 0.146336, -0.430723, 0.898615, 0.083479, -0.096732, -0.137935, 0.985706),
      ["LeftUpperLeg"] = CFrame.new(-0.023133, -0.132190, -0.071603, 0.954568, 0.236592, 0.181174, -0.261045, 0.957136, 0.125482, -0.143720, -0.167076, 0.975413),
      ["LowerTorso"] = CFrame.new(0.000000, -1.506981, 0.223882, 1.000000, 0.000000, 0.000000, 0.000000, -0.011321, -0.999936, 0.000000, 0.999936, -0.011321),
      ["RightUpperArm"] = CFrame.new(-0.055508, -0.006151, -0.010789, 0.973899, -0.210738, -0.084318, 0.213687, 0.976514, 0.027534, 0.076535, -0.044833, 0.996058),
      ["RightUpperLeg"] = CFrame.new(0.013873, -0.016476, -0.380977, 0.972396, -0.204473, -0.112411, 0.228418, 0.932545, 0.279615, 0.047655, -0.297573, 0.953509)
    }},
    { Time = 0.150, Data = {
      ["Balls"] = CFrame.new(0.000000, -0.000001, 0.000000, 0.919475, -0.393149, 0.000000, 0.393149, 0.919475, 0.000000, 0.000000, 0.000000, 1.000000),
      ["Head"] = CFrame.new(0.000000, 0.000000, -0.000000, 1.000000, -0.000000, 0.000000, 0.000000, 0.951875, 0.306486, -0.000000, -0.306486, 0.951875),
      ["LeftUpperArm"] = CFrame.new(0.109736, -0.026743, -0.036189, 0.896968, 0.417247, 0.146129, -0.431416, 0.898316, 0.083124, -0.096586, -0.137602, 0.985767),
      ["LeftUpperLeg"] = CFrame.new(-0.023233, -0.132602, -0.071514, 0.954575, 0.236778, 0.180896, -0.261048, 0.957255, 0.124566, -0.143669, -0.166130, 0.975582),
      ["LowerTorso"] = CFrame.new(0.000000, -1.507469, 0.224405, 1.000000, 0.000000, 0.000000, 0.000000, -0.010835, -0.999941, 0.000000, 0.999941, -0.010835),
      ["RightUpperArm"] = CFrame.new(-0.055746, -0.006199, -0.010689, 0.973708, -0.211561, -0.084471, 0.214556, 0.976310, 0.028002, 0.076545, -0.045390, 0.996032),
      ["RightUpperLeg"] = CFrame.new(0.013887, -0.016539, -0.380951, 0.972403, -0.204526, -0.112255, 0.228389, 0.932748, 0.278962, 0.047651, -0.296901, 0.953719)
    }},
    { Time = 0.167, Data = {
      ["Balls"] = CFrame.new(0.000000, -0.000001, 0.000000, 0.916715, -0.399542, 0.000000, 0.399542, 0.916715, 0.000000, 0.000000, 0.000000, 1.000000),
      ["Head"] = CFrame.new(0.000000, 0.000000, 0.000000, 1.000000, -0.000000, 0.000000, 0.000000, 0.951392, 0.307983, -0.000000, -0.307983, 0.951392),
      ["LeftUpperArm"] = CFrame.new(0.109954, -0.026832, -0.036108, 0.896602, 0.418076, 0.146008, -0.432192, 0.897978, 0.082744, -0.096518, -0.137292, 0.985817),
      ["LeftUpperLeg"] = CFrame.new(-0.023347, -0.133046, -0.071469, 0.954567, 0.236964, 0.180693, -0.261051, 0.957385, 0.123554, -0.143715, -0.165111, 0.975748),
      ["LowerTorso"] = CFrame.new(0.000000, -1.507954, 0.224969, 1.000000, 0.000000, 0.000000, 0.000000, -0.010350, -0.999946, 0.000000, 0.999946, -0.010350),
      ["RightUpperArm"] = CFrame.new(-0.056006, -0.006252, -0.010613, 0.973503, -0.212464, -0.084558, 0.215515, 0.976080, 0.028647, 0.076449, -0.046112, 0.996007),
      ["RightUpperLeg"] = CFrame.new(0.013902, -0.016609, -0.380924, 0.972410, -0.204578, -0.112098, 0.228360, 0.932950, 0.278309, 0.047646, -0.296229, 0.953928)
    }},
    { Time = 0.183, Data = {
      ["Balls"] = CFrame.new(0.000000, -0.000001, 0.000000, 0.913729, -0.406324, 0.000000, 0.406324, 0.913729, 0.000000, 0.000000, 0.000000, 1.000000),
      ["Head"] = CFrame.new(0.000000, 0.000000, -0.000000, 1.000000, -0.000000, 0.000000, 0.000000, 0.951014, 0.309147, -0.000000, -0.309147, 0.951014),
      ["LeftUpperArm"] = CFrame.new(0.110173, -0.026921, -0.036021, 0.896245, 0.418910, 0.145803, -0.432964, 0.897639, 0.082383, -0.096367, -0.136963, 0.985878),
      ["LeftUpperLeg"] = CFrame.new(-0.023461, -0.133514, -0.071377, 0.954574, 0.237157, 0.180405, -0.261049, 0.957515, 0.122553, -0.143676, -0.164081, 0.975928),
      ["LowerTorso"] = CFrame.new(0.000000, -1.508563, 0.225569, 1.000000, 0.000000, 0.000000, 0.000000, -0.009742, -0.999953, 0.000000, 0.999953, -0.009742),
      ["RightUpperArm"] = CFrame.new(-0.056267, -0.006305, -0.010501, 0.973291, -0.213368, -0.084722, 0.216471, 0.975852, 0.029197, 0.076446, -0.046757, 0.995977),
      ["RightUpperLeg"] = CFrame.new(0.013928, -0.016726, -0.380888, 0.972398, -0.204715, -0.111954, 0.228415, 0.933133, 0.277651, 0.047629, -0.295559, 0.954137)
    }},
    { Time = 0.200, Data = {
      ["Balls"] = CFrame.new(0.000000, -0.000001, 0.000000, 0.910581, -0.413330, 0.000000, 0.413330, 0.910581, 0.000000, 0.000000, 0.000000, 1.000000),
      ["Head"] = CFrame.new(0.000000, 0.000000, 0.000000, 1.000000, -0.000000, 0.000000, 0.000000, 0.950690, 0.310144, -0.000000, -0.310144, 0.950690),
      ["LeftUpperArm"] = CFrame.new(0.110416, -0.027018, -0.035914, 0.895850, 0.419831, 0.145583, -0.433811, 0.897271, 0.081932, -0.096229, -0.136554, 0.985948),
      ["LeftUpperLeg"] = CFrame.new(-0.023588, -0.134005, -0.071330, 0.954566, 0.237350, 0.180190, -0.261045, 0.957655, 0.121457, -0.143733, -0.162976, 0.976104),
      ["LowerTorso"] = CFrame.new(0.000000, -1.509171, 0.226198, 1.000000, 0.000000, 0.000000, 0.000000, -0.009135, -0.999958, 0.000000, 0.999958, -0.009135),
      ["RightUpperArm"] = CFrame.new(-0.056552, -0.006364, -0.010395, 0.973067, -0.214355, -0.084812, 0.217514, 0.975601, 0.029839, 0.076346, -0.047483, 0.995950),
      ["RightUpperLeg"] = CFrame.new(0.013945, -0.016803, -0.380862, 0.972405, -0.204772, -0.111788, 0.228384, 0.933359, 0.276914, 0.047635, -0.294803, 0.954370)
    }},
    { Time = 0.217, Data = {
      ["Balls"] = CFrame.new(0.000000, -0.000001, 0.000000, 0.907229, -0.420638, 0.000000, 0.420638, 0.907229, 0.000000, 0.000000, 0.000000, 1.000000),
      ["Head"] = CFrame.new(0.000000, 0.000000, -0.000000, 1.000000, -0.000000, 0.000000, 0.000000, 0.950472, 0.310809, -0.000000, -0.310809, 0.950472),
      ["LeftUpperArm"] = CFrame.new(0.110654, -0.027117, -0.035833, 0.895444, 0.420738, 0.145464, -0.434666, 0.896892, 0.081546, -0.096156, -0.136248, 0.985997),
      ["LeftUpperLeg"] = CFrame.new(-0.023713, -0.134508, -0.071243, 0.954573, 0.237558, 0.179881, -0.261030, 0.957807, 0.120286, -0.143716, -0.161776, 0.976306),
      ["LowerTorso"] = CFrame.new(0.000000, -1.509779, 0.226849, 1.000000, 0.000000, 0.000000, 0.000000, -0.008527, -0.999964, 0.000000, 0.999964, -0.008527),
      ["RightUpperArm"] = CFrame.new(-0.056858, -0.006428, -0.010306, 0.972815, -0.215421, -0.084998, 0.218646, 0.975326, 0.030552, 0.076320, -0.048306, 0.995913),
      ["RightUpperLeg"] = CFrame.new(0.013962, -0.016885, -0.380836, 0.972412, -0.204829, -0.111623, 0.228353, 0.933585, 0.276178, 0.047640, -0.294048, 0.954603)
    }},
    { Time = 0.233, Data = {
      ["Balls"] = CFrame.new(0.000000, -0.000001, 0.000000, 0.903738, -0.428085, 0.000000, 0.428085, 0.903738, 0.000000, 0.000000, 0.000000, 1.000000),
      ["Head"] = CFrame.new(0.000000, 0.000000, -0.000000, 1.000000, -0.000000, 0.000000, 0.000000, 0.950309, 0.311307, -0.000000, -0.311307, 0.950309),
      ["LeftUpperArm"] = CFrame.new(0.110917, -0.027225, -0.035727, 0.895009, 0.421738, 0.145247, -0.435593, 0.896484, 0.081089, -0.096013, -0.135844, 0.986067),
      ["LeftUpperLeg"] = CFrame.new(-0.023840, -0.135021, -0.071155, 0.954579, 0.237766, 0.179572, -0.261015, 0.957957, 0.119116, -0.143700, -0.160576, 0.976507),
      ["LowerTorso"] = CFrame.new(0.000000, -1.510388, 0.227515, 1.000000, 0.000000, 0.000000, 0.000000, -0.007919, -0.999969, 0.000000, 0.999969, -0.007919),
      ["RightUpperArm"] = CFrame.new(-0.057143, -0.006487, -0.010184, 0.972588, -0.216407, -0.085090, 0.219689, 0.975071, 0.031194, 0.076218, -0.049032, 0.995885),
      ["RightUpperLeg"] = CFrame.new(0.013990, -0.017009, -0.380807, 0.972400, -0.204974, -0.111460, 0.228403, 0.933816, 0.275353, 0.047643, -0.293211, 0.954860)
    }},
    { Time = 0.250, Data = {
      ["Balls"] = CFrame.new(0.000000, -0.000001, 0.000000, 0.900184, -0.435510, 0.000000, 0.435510, 0.900184, 0.000000, 0.000000, 0.000000, 1.000000),
      ["Head"] = CFrame.new(0.000000, -0.000000, -0.000000, 1.000000, -0.000000, 0.000000, 0.000000, 0.950282, 0.311390, -0.000000, -0.311390, 0.950282),
      ["LeftUpperArm"] = CFrame.new(0.111180, -0.027332, -0.035621, 0.894573, 0.422737, 0.145029, -0.436519, 0.896075, 0.080632, -0.095871, -0.135440, 0.986136),
      ["LeftUpperLeg"] = CFrame.new(-0.023969, -0.135541, -0.071065, 0.954585, 0.237974, 0.179262, -0.261001, 0.958106, 0.117945, -0.143684, -0.159376, 0.976706),
      ["LowerTorso"] = CFrame.new(0.000000, -1.510998, 0.228189, 1.000000, 0.000000, 0.000000, 0.000000, -0.007311, -0.999973, 0.000000, 0.999973, -0.007311),
      ["RightUpperArm"] = CFrame.new(-0.057450, -0.006553, -0.010084, 0.972334, -0.217472, -0.085278, 0.220820, 0.974792, 0.031907, 0.076189, -0.049855, 0.995846),
      ["RightUpperLeg"] = CFrame.new(0.014009, -0.017092, -0.380784, 0.972407, -0.205036, -0.111285, 0.228370, 0.934066, 0.274533, 0.047659, -0.292373, 0.955116)
    }},
    { Time = 0.267, Data = {
      ["Balls"] = CFrame.new(0.000001, -0.000001, 0.000000, 0.896525, -0.442993, 0.000000, 0.442993, 0.896525, 0.000000, 0.000000, 0.000000, 1.000000),
      ["Head"] = CFrame.new(0.000000, 0.000000, -0.000000, 1.000000, -0.000000, 0.000000, 0.000000, 0.950309, 0.311307, -0.000000, -0.311307, 0.950309),
      ["LeftUpperArm"] = CFrame.new(0.111442, -0.027440, -0.035514, 0.894136, 0.423735, 0.144811, -0.437445, 0.895664, 0.080176, -0.095729, -0.135035, 0.986206),
      ["LeftUpperLeg"] = CFrame.new(-0.024104, -0.136063, -0.071018, 0.954578, 0.238174, 0.179037, -0.260991, 0.958254, 0.116763, -0.143753, -0.158187, 0.976889),
      ["LowerTorso"] = CFrame.new(0.000000, -1.511607, 0.228863, 1.000000, 0.000000, 0.000000, 0.000000, -0.006703, -0.999978, 0.000000, 0.999978, -0.006703),
      ["RightUpperArm"] = CFrame.new(-0.057758, -0.006618, -0.009981, 0.972086, -0.218539, -0.085381, 0.221950, 0.974512, 0.032630, 0.076074, -0.050669, 0.995814),
      ["RightUpperLeg"] = CFrame.new(0.014037, -0.017219, -0.380750, 0.972395, -0.205177, -0.111132, 0.228423, 0.934270, 0.273792, 0.047651, -0.291619, 0.955347)
    }},
    { Time = 0.283, Data = {
      ["Balls"] = CFrame.new(0.000001, -0.000001, 0.000000, 0.892881, -0.450293, 0.000000, 0.450293, 0.892881, 0.000000, 0.000000, 0.000000, 1.000000),
      ["Head"] = CFrame.new(0.000000, 0.000000, -0.000000, 1.000000, -0.000000, 0.000000, 0.000000, 0.950472, 0.310809, -0.000000, -0.310809, 0.950472),
      ["LeftUpperArm"] = CFrame.new(0.111684, -0.027539, -0.035407, 0.893736, 0.424654, 0.144589, -0.438291, 0.895290, 0.079726, -0.095593, -0.134626, 0.986275),
      ["LeftUpperLeg"] = CFrame.new(-0.024242, -0.136618, -0.070927, 0.954562, 0.238465, 0.178732, -0.261060, 0.958378, 0.115585, -0.143730, -0.156992, 0.977085),
      ["LowerTorso"] = CFrame.new(0.000000, -1.512216, 0.229531, 1.000000, 0.000000, 0.000000, 0.000000, -0.006095, -0.999981, 0.000000, 0.999981, -0.006095),
      ["RightUpperArm"] = CFrame.new(-0.058043, -0.006679, -0.009861, 0.971848, -0.219523, -0.085560, 0.222994, 0.974252, 0.033261, 0.076056, -0.051404, 0.995778),
      ["RightUpperLeg"] = CFrame.new(0.014055, -0.017302, -0.380728, 0.972402, -0.205238, -0.110957, 0.228390, 0.934518, 0.272972, 0.047667, -0.290780, 0.955602)
    }},
    { Time = 0.300, Data = {
      ["Balls"] = CFrame.new(0.000001, -0.000001, 0.000000, 0.889214, -0.457491, 0.000000, 0.457491, 0.889214, 0.000000, 0.000000, 0.000000, 1.000000),
      ["Head"] = CFrame.new(0.000000, 0.000000, 0.000000, 1.000000, -0.000000, 0.000000, 0.000000, 0.950690, 0.310144, -0.000000, -0.310144, 0.950690),
      ["LeftUpperArm"] = CFrame.new(0.111946, -0.027647, -0.035300, 0.893296, 0.425651, 0.144370, -0.439216, 0.894877, 0.079270, -0.095452, -0.134221, 0.986344),
      ["LeftUpperLeg"] = CFrame.new(-0.024367, -0.137121, -0.070840, 0.954569, 0.238672, 0.178422, -0.261046, 0.958522, 0.114414, -0.143714, -0.155792, 0.977280),
      ["LowerTorso"] = CFrame.new(0.000000, -1.512825, 0.230183, 1.000000, 0.000000, 0.000000, 0.000000, -0.005486, -0.999985, 0.000000, 0.999985, -0.005486),
      ["RightUpperArm"] = CFrame.new(-0.058349, -0.006746, -0.009769, 0.971598, -0.220589, -0.085665, 0.224123, 0.973968, 0.033983, 0.075939, -0.052217, 0.995744),
      ["RightUpperLeg"] = CFrame.new(0.014073, -0.017383, -0.380701, 0.972409, -0.205295, -0.110791, 0.228359, 0.934741, 0.272234, 0.047673, -0.290023, 0.955831)
    }},
    { Time = 0.317, Data = {
      ["Balls"] = CFrame.new(0.000001, -0.000001, 0.000000, 0.885651, -0.464352, 0.000000, 0.464352, 0.885651, 0.000000, 0.000000, 0.000000, 1.000000),
      ["Head"] = CFrame.new(0.000000, 0.000000, -0.000000, 1.000000, -0.000000, 0.000000, 0.000000, 0.951014, 0.309147, -0.000000, -0.309147, 0.951014),
      ["LeftUpperArm"] = CFrame.new(0.112184, -0.027749, -0.035220, 0.892884, 0.426557, 0.144249, -0.440069, 0.894492, 0.078885, -0.095381, -0.133915, 0.986392),
      ["LeftUpperLeg"] = CFrame.new(-0.024487, -0.137609, -0.070751, 0.954575, 0.238871, 0.178122, -0.261038, 0.958653, 0.113327, -0.143686, -0.154676, 0.977461),
      ["LowerTorso"] = CFrame.new(0.000000, -1.513435, 0.230815, 1.000000, 0.000000, 0.000000, 0.000000, -0.004877, -0.999988, 0.000000, 0.999988, -0.004877),
      ["RightUpperArm"] = CFrame.new(-0.058632, -0.006807, -0.009666, 0.971358, -0.221572, -0.085846, 0.225166, 0.973705, 0.034614, 0.075919, -0.052952, 0.995707),
      ["RightUpperLeg"] = CFrame.new(0.014099, -0.017503, -0.380669, 0.972397, -0.205435, -0.110637, 0.228412, 0.934944, 0.271492, 0.047665, -0.289269, 0.956060)
    }},
    { Time = 0.333, Data = {
      ["Balls"] = CFrame.new(0.000001, -0.000001, 0.000000, 0.882199, -0.470877, 0.000000, 0.470877, 0.882199, 0.000000, 0.000000, 0.000000, 1.000000),
      ["Head"] = CFrame.new(0.000000, 0.000000, 0.000000, 1.000000, -0.000000, 0.000000, 0.000000, 0.951392, 0.307983, -0.000000, -0.307983, 0.951392),
      ["LeftUpperArm"] = CFrame.new(0.112403, -0.027840, -0.035133, 0.892520, 0.427388, 0.144041, -0.440839, 0.894144, 0.078526, -0.095233, -0.133585, 0.986451),
      ["LeftUpperLeg"] = CFrame.new(-0.024608, -0.138081, -0.070701, 0.954567, 0.239055, 0.177917, -0.261041, 0.958772, 0.112314, -0.143732, -0.153655, 0.977615),
      ["LowerTorso"] = CFrame.new(0.000000, -1.514045, 0.231418, 1.000000, 0.000000, 0.000000, 0.000000, -0.004268, -0.999991, 0.000000, 0.999991, -0.004268),
      ["RightUpperArm"] = CFrame.new(-0.058894, -0.006863, -0.009551, 0.971144, -0.222476, -0.085930, 0.226120, 0.973464, 0.035172, 0.075825, -0.053588, 0.995680),
      ["RightUpperLeg"] = CFrame.new(0.014116, -0.017578, -0.380640, 0.972404, -0.205487, -0.110480, 0.228384, 0.935140, 0.270838, 0.047661, -0.288596, 0.956264)
    }},
    { Time = 0.350, Data = {
      ["Balls"] = CFrame.new(0.000001, -0.000001, 0.000000, 0.878908, -0.476991, 0.000000, 0.476991, 0.878908, 0.000000, 0.000000, 0.000000, 1.000000),
      ["Head"] = CFrame.new(0.000000, -0.000000, -0.000000, 1.000000, -0.000000, 0.000000, 0.000000, 0.951875, 0.306486, -0.000000, -0.306486, 0.951875),
      ["LeftUpperArm"] = CFrame.new(0.112624, -0.027929, -0.035024, 0.892155, 0.428226, 0.143814, -0.441605, 0.893805, 0.078083, -0.095105, -0.133171, 0.986519),
      ["LeftUpperLeg"] = CFrame.new(-0.024716, -0.138523, -0.070613, 0.954573, 0.239245, 0.177627, -0.261040, 0.958889, 0.111312, -0.143693, -0.152623, 0.977782),
      ["LowerTorso"] = CFrame.new(0.000000, -1.514533, 0.231985, 1.000000, 0.000000, 0.000000, 0.000000, -0.003781, -0.999993, 0.000000, 0.999993, -0.003781),
      ["RightUpperArm"] = CFrame.new(-0.059152, -0.006921, -0.009478, 0.970922, -0.223374, -0.086110, 0.227078, 0.973218, 0.035806, 0.075806, -0.054319, 0.995642),
      ["RightUpperLeg"] = CFrame.new(0.014131, -0.017647, -0.380612, 0.972411, -0.205538, -0.110323, 0.228355, 0.935337, 0.270183, 0.047657, -0.287922, 0.956467)
    }},
    { Time = 0.367, Data = {
      ["Balls"] = CFrame.new(0.000001, -0.000001, 0.000000, 0.875787, -0.482698, 0.000000, 0.482698, 0.875787, 0.000000, 0.000000, 0.000000, 1.000000),
      ["Head"] = CFrame.new(0.000000, 0.000000, -0.000000, 1.000000, -0.000000, 0.000000, 0.000000, 0.952436, 0.304739, -0.000000, -0.304739, 0.952436),
      ["LeftUpperArm"] = CFrame.new(0.112818, -0.028013, -0.034963, 0.891817, 0.428965, 0.143705, -0.442303, 0.893485, 0.077795, -0.095027, -0.132939, 0.986558),
      ["LeftUpperLeg"] = CFrame.new(-0.024823, -0.138938, -0.070568, 0.954566, 0.239421, 0.177432, -0.261050, 0.958994, 0.110383, -0.143728, -0.151687, 0.977923),
      ["LowerTorso"] = CFrame.new(0.000000, -1.515021, 0.232512, 1.000000, 0.000000, 0.000000, 0.000000, -0.003294, -0.999995, 0.000000, 0.999995, -0.003294),
      ["RightUpperArm"] = CFrame.new(-0.059389, -0.006973, -0.009375, 0.970726, -0.224197, -0.086184, 0.227943, 0.972998, 0.036282, 0.075723, -0.054865, 0.995618),
      ["RightUpperLeg"] = CFrame.new(0.014154, -0.017753, -0.380580, 0.972399, -0.205673, -0.110178, 0.228410, 0.935514, 0.269524, 0.047639, -0.287250, 0.956670)
    }},
    { Time = 0.383, Data = {
      ["Balls"] = CFrame.new(0.000001, -0.000001, 0.000000, 0.872975, -0.487765, 0.000000, 0.487765, 0.872975, 0.000000, 0.000000, 0.000000, 1.000000),
      ["Head"] = CFrame.new(0.000000, -0.000000, 0.000000, 1.000000, -0.000000, 0.000000, 0.000000, 0.953046, 0.302825, -0.000000, -0.302825, 0.953046),
      ["LeftUpperArm"] = CFrame.new(0.112993, -0.028085, -0.034879, 0.891518, 0.429632, 0.143572, -0.442918, 0.893213, 0.077429, -0.094975, -0.132620, 0.986606),
      ["LeftUpperLeg"] = CFrame.new(-0.024913, -0.139316, -0.070479, 0.954572, 0.239596, 0.177163, -0.261061, 0.959086, 0.109551, -0.143666, -0.150824, 0.978065),
      ["LowerTorso"] = CFrame.new(0.000000, -1.515387, 0.232991, 1.000000, 0.000000, 0.000000, 0.000000, -0.002928, -0.999996, 0.000000, 0.999996, -0.002928),
      ["RightUpperArm"] = CFrame.new(-0.059601, -0.007021, -0.009319, 0.970541, -0.224929, -0.086352, 0.228728, 0.972793, 0.036838, 0.075717, -0.055504, 0.995583),
      ["RightUpperLeg"] = CFrame.new(0.014166, -0.017810, -0.380551, 0.972406, -0.205720, -0.110030, 0.228384, 0.935685, 0.268952, 0.047625, -0.286660, 0.956848)
    }},
    { Time = 0.400, Data = {
      ["Balls"] = CFrame.new(0.000001, -0.000001, 0.000000, 0.870395, -0.492355, 0.000000, 0.492355, 0.870395, 0.000000, 0.000000, 0.000000, 1.000000),
      ["Head"] = CFrame.new(0.000000, 0.000000, 0.000000, 1.000000, -0.000000, 0.000000, 0.000000, 0.953705, 0.300743, -0.000000, -0.300743, 0.953705),
      ["LeftUpperArm"] = CFrame.new(0.113168, -0.028159, -0.034812, 0.891228, 0.430297, 0.143376, -0.443533, 0.892930, 0.077167, -0.094820, -0.132365, 0.986655),
      ["LeftUpperLeg"] = CFrame.new(-0.024989, -0.139618, -0.070437, 0.954586, 0.239672, 0.176984, -0.260999, 0.959188, 0.108800, -0.143684, -0.150051, 0.978182),
      ["LowerTorso"] = CFrame.new(0.000000, -1.515877, 0.233418, 1.000000, 0.000000, 0.000000, 0.000000, -0.002440, -0.999997, 0.000000, 0.999997, -0.002440),
      ["RightUpperArm"] = CFrame.new(-0.059791, -0.007063, -0.009239, 0.970383, -0.225586, -0.086414, 0.229421, 0.972615, 0.037236, 0.075648, -0.055958, 0.995563),
      ["RightUpperLeg"] = CFrame.new(0.014180, -0.017867, -0.380562, 0.972406, -0.205749, -0.109976, 0.228371, 0.935831, 0.268454, 0.047685, -0.286161, 0.956994)
    }},
    { Time = 0.417, Data = {
      ["Balls"] = CFrame.new(0.000001, -0.000001, 0.000000, 0.868144, -0.496313, 0.000000, 0.496313, 0.868144, 0.000000, 0.000000, 0.000000, 1.000000),
      ["Head"] = CFrame.new(0.000000, 0.000000, 0.000000, 1.000000, -0.000000, 0.000000, 0.000000, 0.954412, 0.298493, -0.000000, -0.298493, 0.954412),
      ["LeftUpperArm"] = CFrame.new(0.113300, -0.028214, -0.034748, 0.891006, 0.430798, 0.143255, -0.443992, 0.892725, 0.076897, -0.094760, -0.132120, 0.986694),
      ["LeftUpperLeg"] = CFrame.new(-0.025065, -0.139919, -0.070393, 0.954578, 0.239824, 0.176820, -0.261028, 0.959257, 0.108125, -0.143685, -0.149369, 0.978286),
      ["LowerTorso"] = CFrame.new(0.000000, -1.516120, 0.233787, 1.000000, 0.000000, 0.000000, 0.000000, -0.002196, -0.999998, 0.000000, 0.999998, -0.002196),
      ["RightUpperArm"] = CFrame.new(-0.059956, -0.007101, -0.009185, 0.970244, -0.226159, -0.086475, 0.230029, 0.972456, 0.037638, 0.075581, -0.056409, 0.995543),
      ["RightUpperLeg"] = CFrame.new(0.014188, -0.017911, -0.380528, 0.972413, -0.205785, -0.109846, 0.228349, 0.935952, 0.268048, 0.047651, -0.285737, 0.957123)
    }},
    { Time = 0.433, Data = {
      ["Balls"] = CFrame.new(0.000001, -0.000001, 0.000000, 0.866275, -0.499567, 0.000000, 0.499567, 0.866275, 0.000000, 0.000000, 0.000000, 1.000000),
      ["Head"] = CFrame.new(0.000000, 0.000000, -0.000000, 1.000000, -0.000000, 0.000000, 0.000000, 0.955165, 0.296076, -0.000000, -0.296076, 0.955165),
      ["LeftUpperArm"] = CFrame.new(0.113428, -0.028270, -0.034710, 0.890772, 0.431286, 0.143237, -0.444460, 0.892510, 0.076692, -0.094764, -0.131978, 0.986712),
      ["LeftUpperLeg"] = CFrame.new(-0.025125, -0.140140, -0.070390, 0.954578, 0.239871, 0.176757, -0.260990, 0.959324, 0.107616, -0.143753, -0.148860, 0.978354),
      ["LowerTorso"] = CFrame.new(0.000000, -1.516486, 0.234095, 1.000000, 0.000000, 0.000000, 0.000000, -0.001830, -0.999998, 0.000000, 0.999998, -0.001830),
      ["RightUpperArm"] = CFrame.new(-0.060075, -0.007127, -0.009135, 0.970145, -0.226567, -0.086522, 0.230465, 0.972340, 0.037961, 0.075528, -0.056768, 0.995526),
      ["RightUpperLeg"] = CFrame.new(0.014208, -0.017994, -0.380528, 0.972393, -0.205889, -0.109822, 0.228424, 0.936031, 0.267711, 0.047678, -0.285406, 0.957220)
    }},
    { Time = 0.450, Data = {
      ["Balls"] = CFrame.new(0.000001, -0.000001, 0.000000, 0.864798, -0.502120, 0.000000, 0.502120, 0.864798, 0.000000, 0.000000, 0.000000, 1.000000),
      ["Head"] = CFrame.new(0.000000, 0.000000, 0.000000, 1.000000, -0.000000, 0.000000, 0.000000, 0.955962, 0.293490, -0.000000, -0.293490, 0.955962),
      ["LeftUpperArm"] = CFrame.new(0.113517, -0.028306, -0.034666, 0.890627, 0.431622, 0.143129, -0.444765, 0.892373, 0.076519, -0.094697, -0.131809, 0.986742),
      ["LeftUpperLeg"] = CFrame.new(-0.025176, -0.140353, -0.070344, 0.954570, 0.240000, 0.176625, -0.261038, 0.959358, 0.107196, -0.143719, -0.148432, 0.978424),
      ["LowerTorso"] = CFrame.new(0.000000, -1.516730, 0.234338, 1.000000, 0.000000, 0.000000, 0.000000, -0.001586, -0.999999, 0.000000, 0.999999, -0.001586),
      ["RightUpperArm"] = CFrame.new(-0.060192, -0.007154, -0.009096, 0.970039, -0.226975, -0.086646, 0.230899, 0.972228, 0.038189, 0.075571, -0.057051, 0.995507),
      ["RightUpperLeg"] = CFrame.new(0.014212, -0.018019, -0.380495, 0.972400, -0.205920, -0.109701, 0.228404, 0.936128, 0.267388, 0.047633, -0.285065, 0.957324)
    }},
    { Time = 0.467, Data = {
      ["Balls"] = CFrame.new(0.000001, -0.000001, 0.000000, 0.863719, -0.503974, 0.000000, 0.503974, 0.863719, 0.000000, 0.000000, 0.000000, 1.000000),
      ["Head"] = CFrame.new(0.000000, 0.000000, 0.000000, 1.000000, -0.000000, 0.000000, 0.000000, 0.956753, 0.290902, -0.000000, -0.290902, 0.956753),
      ["LeftUpperArm"] = CFrame.new(0.113582, -0.028334, -0.034642, 0.890521, 0.431872, 0.143037, -0.444995, 0.892265, 0.076437, -0.094616, -0.131719, 0.986761),
      ["LeftUpperLeg"] = CFrame.new(-0.025203, -0.140474, -0.070304, 0.954584, 0.240037, 0.176498, -0.261008, 0.959403, 0.106868, -0.143680, -0.148082, 0.978482),
      ["LowerTorso"] = CFrame.new(0.000000, -1.516852, 0.234514, 1.000000, 0.000000, 0.000000, 0.000000, -0.001465, -0.999999, 0.000000, 0.999999, -0.001465),
      ["RightUpperArm"] = CFrame.new(-0.060264, -0.007170, -0.009062, 0.969979, -0.227221, -0.086671, 0.231159, 0.972160, 0.038349, 0.075544, -0.057232, 0.995499),
      ["RightUpperLeg"] = CFrame.new(0.014218, -0.018043, -0.380497, 0.972400, -0.205930, -0.109683, 0.228400, 0.936176, 0.267222, 0.047654, -0.284898, 0.957372)
    }},
    { Time = 0.483, Data = {
      ["Balls"] = CFrame.new(0.000001, -0.000001, 0.000000, 0.863042, -0.505133, 0.000000, 0.505133, 0.863042, 0.000000, 0.000000, 0.000000, 1.000000),
      ["Head"] = CFrame.new(0.000000, 0.000000, 0.000000, 1.000000, -0.000000, 0.000000, 0.000000, 0.957561, 0.288229, -0.000000, -0.288229, 0.957561),
      ["LeftUpperArm"] = CFrame.new(0.113626, -0.028352, -0.034622, 0.890443, 0.432037, 0.143024, -0.445150, 0.892196, 0.076340, -0.094624, -0.131644, 0.986771),
      ["LeftUpperLeg"] = CFrame.new(-0.025224, -0.140551, -0.070303, 0.954584, 0.240052, 0.176477, -0.260996, 0.959425, 0.106699, -0.143703, -0.147913, 0.978505),
      ["LowerTorso"] = CFrame.new(0.000000, -1.516975, 0.234620, 1.000000, 0.000000, 0.000000, 0.000000, -0.001343, -0.999999, 0.000000, 0.999999, -0.001343),
      ["RightUpperArm"] = CFrame.new(-0.060311, -0.007180, -0.009036, 0.969939, -0.227386, -0.086684, 0.231331, 0.972116, 0.038427, 0.075529, -0.057325, 0.995494),
      ["RightUpperLeg"] = CFrame.new(0.014222, -0.018057, -0.380502, 0.972400, -0.205940, -0.109665, 0.228396, 0.936225, 0.267056, 0.047674, -0.284732, 0.957421)
    }},
    { Time = 0.500, Data = {
      ["Balls"] = CFrame.new(-0.000000, 0.000000, 0.000000, 0.862861, -0.505441, 0.000000, 0.505441, 0.862861, 0.000000, 0.000000, 0.000000, 1.000000),
      ["Head"] = CFrame.new(0.000000, -0.000000, 0.000000, 1.000000, -0.000000, 0.000000, 0.000000, 0.958387, 0.285471, -0.000000, -0.285471, 0.958387),
      ["LeftUpperArm"] = CFrame.new(0.113626, -0.028352, -0.034622, 0.890443, 0.432037, 0.143024, -0.445150, 0.892196, 0.076340, -0.094624, -0.131644, 0.986771),
      ["LeftUpperLeg"] = CFrame.new(-0.025231, -0.140575, -0.070304, 0.954584, 0.240060, 0.176467, -0.260989, 0.959436, 0.106614, -0.143715, -0.147828, 0.978516),
      ["LowerTorso"] = CFrame.new(0.000000, -1.516975, 0.234655, 1.000000, 0.000000, 0.000000, 0.000000, -0.001343, -0.999999, 0.000000, 0.999999, -0.001343),
      ["RightUpperArm"] = CFrame.new(-0.060334, -0.007186, -0.009043, 0.969919, -0.227467, -0.086695, 0.231419, 0.972092, 0.038509, 0.075516, -0.057413, 0.995490),
      ["RightUpperLeg"] = CFrame.new(0.014223, -0.018062, -0.380501, 0.972400, -0.205940, -0.109665, 0.228396, 0.936225, 0.267056, 0.047674, -0.284732, 0.957421)
    }},
    { Time = 0.517, Data = {
      ["Balls"] = CFrame.new(0.000001, -0.000001, 0.000000, 0.863042, -0.505133, 0.000000, 0.505133, 0.863042, 0.000000, 0.000000, 0.000000, 1.000000),
      ["Head"] = CFrame.new(0.000000, 0.000000, 0.000000, 1.000000, -0.000000, 0.000000, 0.000000, 0.959205, 0.282711, -0.000000, -0.282711, 0.959205),
      ["LeftUpperArm"] = CFrame.new(0.113626, -0.028352, -0.034622, 0.890443, 0.432037, 0.143024, -0.445150, 0.892196, 0.076340, -0.094624, -0.131644, 0.986771),
      ["LeftUpperLeg"] = CFrame.new(-0.025224, -0.140551, -0.070303, 0.954584, 0.240052, 0.176477, -0.260996, 0.959425, 0.106699, -0.143703, -0.147913, 0.978505),
      ["LowerTorso"] = CFrame.new(0.000000, -1.516974, 0.234620, 1.000000, 0.000000, 0.000000, 0.000000, -0.001343, -0.999999, 0.000000, 0.999999, -0.001343),
      ["RightUpperArm"] = CFrame.new(-0.060311, -0.007180, -0.009036, 0.969939, -0.227386, -0.086684, 0.231331, 0.972116, 0.038427, 0.075529, -0.057325, 0.995494),
      ["RightUpperLeg"] = CFrame.new(0.014222, -0.018057, -0.380502, 0.972400, -0.205940, -0.109665, 0.228396, 0.936225, 0.267056, 0.047674, -0.284732, 0.957421)
    }},
    { Time = 0.533, Data = {
      ["Balls"] = CFrame.new(0.000001, -0.000001, 0.000000, 0.863719, -0.503974, 0.000000, 0.503974, 0.863719, 0.000000, 0.000000, 0.000000, 1.000000),
      ["Head"] = CFrame.new(0.000000, 0.000000, -0.000000, 1.000000, -0.000000, 0.000000, 0.000000, 0.959990, 0.280033, -0.000000, -0.280033, 0.959990),
      ["LeftUpperArm"] = CFrame.new(0.113582, -0.028334, -0.034642, 0.890521, 0.431872, 0.143037, -0.444995, 0.892265, 0.076437, -0.094616, -0.131719, 0.986761),
      ["LeftUpperLeg"] = CFrame.new(-0.025203, -0.140474, -0.070304, 0.954584, 0.240037, 0.176498, -0.261008, 0.959403, 0.106868, -0.143680, -0.148082, 0.978482),
      ["LowerTorso"] = CFrame.new(0.000000, -1.516852, 0.234514, 1.000000, 0.000000, 0.000000, 0.000000, -0.001465, -0.999999, 0.000000, 0.999999, -0.001465),
      ["RightUpperArm"] = CFrame.new(-0.060264, -0.007170, -0.009062, 0.969979, -0.227221, -0.086671, 0.231159, 0.972160, 0.038349, 0.075544, -0.057232, 0.995499),
      ["RightUpperLeg"] = CFrame.new(0.014218, -0.018043, -0.380497, 0.972400, -0.205930, -0.109683, 0.228400, 0.936176, 0.267222, 0.047654, -0.284898, 0.957372)
    }},
    { Time = 0.550, Data = {
      ["Balls"] = CFrame.new(0.000001, -0.000001, 0.000000, 0.864798, -0.502120, 0.000000, 0.502120, 0.864798, 0.000000, 0.000000, 0.000000, 1.000000),
      ["Head"] = CFrame.new(0.000000, 0.000000, 0.000000, 1.000000, -0.000000, 0.000000, 0.000000, 0.960744, 0.277438, -0.000000, -0.277438, 0.960744),
      ["LeftUpperArm"] = CFrame.new(0.113517, -0.028306, -0.034666, 0.890627, 0.431622, 0.143129, -0.444765, 0.892373, 0.076519, -0.094697, -0.131809, 0.986742),
      ["LeftUpperLeg"] = CFrame.new(-0.025176, -0.140353, -0.070344, 0.954570, 0.240000, 0.176625, -0.261038, 0.959358, 0.107196, -0.143719, -0.148432, 0.978424),
      ["LowerTorso"] = CFrame.new(0.000000, -1.516730, 0.234338, 1.000000, 0.000000, 0.000000, 0.000000, -0.001586, -0.999999, 0.000000, 0.999999, -0.001586),
      ["RightUpperArm"] = CFrame.new(-0.060192, -0.007154, -0.009096, 0.970039, -0.226975, -0.086646, 0.230899, 0.972228, 0.038189, 0.075571, -0.057051, 0.995507),
      ["RightUpperLeg"] = CFrame.new(0.014212, -0.018019, -0.380495, 0.972400, -0.205920, -0.109701, 0.228404, 0.936128, 0.267388, 0.047633, -0.285065, 0.957324)
    }},
    { Time = 0.567, Data = {
      ["Balls"] = CFrame.new(0.000001, -0.000001, 0.000000, 0.866275, -0.499567, 0.000000, 0.499567, 0.866275, 0.000000, 0.000000, 0.000000, 1.000000),
      ["Head"] = CFrame.new(0.000000, 0.000000, 0.000000, 1.000000, -0.000000, 0.000000, 0.000000, 0.961490, 0.274840, -0.000000, -0.274840, 0.961490),
      ["LeftUpperArm"] = CFrame.new(0.113428, -0.028270, -0.034710, 0.890772, 0.431286, 0.143237, -0.444460, 0.892510, 0.076692, -0.094764, -0.131978, 0.986712),
