return {
  ["Astros doggy 6"] = {
    { Time = 0.000, Data = {
      ["Head"] = CFrame.new(0.000011, 0.110162, 0.087886, 0.635118, -0.021584, -0.772114, -0.505013, 0.744759, -0.436228, 0.584455, 0.666984, 0.462110),
      ["LeftUpperArm"] = CFrame.new(-0.075826, -0.337190, -0.308921, 0.765044, -0.622402, 0.165296, -0.623185, -0.780236, -0.053583, 0.162320, -0.062017, -0.984787),
      ["LeftUpperLeg"] = CFrame.new(-0.470848, 0.471565, -0.411192, 0.904270, 0.172883, 0.390393, -0.126989, 0.981878, -0.140672, -0.407638, 0.077630, 0.909838),
      ["LowerTorso"] = CFrame.new(-0.000618, -1.324653, -1.556917, 1.000000, 0.000000, 0.000000, 0.000000, -0.066724, 0.997772, 0.000000, -0.997772, -0.066724),
      ["RightUpperArm"] = CFrame.new(-0.120656, -0.326531, -0.294423, 0.970308, 0.081182, -0.227841, 0.095399, -0.994076, 0.052077, -0.222263, -0.072267, -0.972305),
      ["RightUpperLeg"] = CFrame.new(0.470855, 0.471568, -0.411190, 0.904270, -0.172883, -0.390393, 0.126989, 0.981878, -0.140672, 0.407638, 0.077630, 0.909838)
    }},
    { Time = 0.017, Data = {
      ["Head"] = CFrame.new(0.000011, 0.110162, 0.087886, 0.635212, -0.021581, -0.772036, -0.504890, 0.744841, -0.436232, 0.584459, 0.666893, 0.462235),
      ["LeftUpperArm"] = CFrame.new(-0.075824, -0.337341, -0.308897, 0.765059, -0.622398, 0.165244, -0.623195, -0.780236, -0.053473, 0.162211, -0.062069, -0.984802),
      ["LeftUpperLeg"] = CFrame.new(-0.470841, 0.471484, -0.411166, 0.904284, 0.172816, 0.390392, -0.126887, 0.981882, -0.140739, -0.407641, 0.077732, 0.909828),
      ["LowerTorso"] = CFrame.new(-0.000618, -1.324535, -1.557104, 1.000000, 0.000000, 0.000000, 0.000000, -0.066841, 0.997764, 0.000000, -0.997764, -0.066841),
      ["RightUpperArm"] = CFrame.new(-0.120635, -0.326659, -0.294392, 0.970308, 0.081173, -0.227844, 0.095409, -0.994071, 0.052163, -0.222259, -0.072352, -0.972300),
      ["RightUpperLeg"] = CFrame.new(0.470848, 0.471487, -0.411164, 0.904284, -0.172816, -0.390392, 0.126887, 0.981882, -0.140739, 0.407641, 0.077732, 0.909828)
    }},
    { Time = 0.033, Data = {
      ["Head"] = CFrame.new(0.000011, 0.110162, 0.087886, 0.635495, -0.021572, -0.771804, -0.504521, 0.745084, -0.436243, 0.584470, 0.666621, 0.462613),
      ["LeftUpperArm"] = CFrame.new(-0.075821, -0.337796, -0.308818, 0.765074, -0.622385, 0.165221, -0.623213, -0.780235, -0.053282, 0.162073, -0.062203, -0.984816),
      ["LeftUpperLeg"] = CFrame.new(-0.470841, 0.471115, -0.411092, 0.904284, 0.172868, 0.390369, -0.126833, 0.981853, -0.140990, -0.407657, 0.077983, 0.909799),
      ["LowerTorso"] = CFrame.new(-0.000618, -1.324299, -1.557655, 1.000000, 0.000000, 0.000000, 0.000000, -0.067077, 0.997748, 0.000000, -0.997748, -0.067077),
      ["RightUpperArm"] = CFrame.new(-0.120593, -0.327046, -0.294274, 0.970316, 0.081067, -0.227849, 0.095343, -0.994067, 0.052344, -0.222254, -0.072514, -0.972288),
      ["RightUpperLeg"] = CFrame.new(0.470849, 0.471118, -0.411091, 0.904284, -0.172868, -0.390369, 0.126833, 0.981853, -0.140990, 0.407657, 0.077983, 0.909799)
    }},
    { Time = 0.050, Data = {
      ["Head"] = CFrame.new(0.000011, 0.110162, 0.087886, 0.635965, -0.021518, -0.771418, -0.503877, 0.745546, -0.436198, 0.584514, 0.666106, 0.463299),
      ["LeftUpperArm"] = CFrame.new(-0.075833, -0.338540, -0.308707, 0.765032, -0.622429, 0.165252, -0.623316, -0.780177, -0.052937, 0.161875, -0.062506, -0.984830),
      ["LeftUpperLeg"] = CFrame.new(-0.470852, 0.470554, -0.411011, 0.904261, 0.172892, 0.390409, -0.126635, 0.981808, -0.141481, -0.407768, 0.078497, 0.909705),
      ["LowerTorso"] = CFrame.new(-0.000618, -1.323946, -1.558572, 1.000000, 0.000000, 0.000000, 0.000000, -0.067431, 0.997724, 0.000000, -0.997724, -0.067431),
      ["RightUpperArm"] = CFrame.new(-0.120490, -0.327685, -0.294119, 0.970316, 0.081018, -0.227866, 0.095391, -0.994040, 0.052771, -0.222233, -0.072941, -0.972261),
      ["RightUpperLeg"] = CFrame.new(0.470860, 0.470557, -0.411010, 0.904261, -0.172892, -0.390409, 0.126635, 0.981808, -0.141481, 0.407768, 0.078497, 0.909705)
    }},
    { Time = 0.067, Data = {
      ["Head"] = CFrame.new(0.000011, 0.110162, 0.087886, 0.636579, -0.021525, -0.770911, -0.502908, 0.746251, -0.436111, 0.584681, 0.665316, 0.464223),
      ["LeftUpperArm"] = CFrame.new(-0.075822, -0.339602, -0.308553, 0.765062, -0.622389, 0.165263, -0.623365, -0.780174, -0.052393, 0.161543, -0.062935, -0.984857),
      ["LeftUpperLeg"] = CFrame.new(-0.470839, 0.469786, -0.410839, 0.904288, 0.172863, 0.390361, -0.126323, 0.981756, -0.142117, -0.407806, 0.079203, 0.909627),
      ["LowerTorso"] = CFrame.new(-0.000618, -1.323355, -1.559861, 1.000000, 0.000000, 0.000000, 0.000000, -0.068020, 0.997684, 0.000000, -0.997684, -0.068020),
      ["RightUpperArm"] = CFrame.new(-0.120366, -0.328582, -0.293878, 0.970304, 0.080870, -0.227970, 0.095366, -0.994015, 0.053290, -0.222296, -0.073448, -0.972209),
      ["RightUpperLeg"] = CFrame.new(0.470846, 0.469789, -0.410837, 0.904288, -0.172863, -0.390361, 0.126323, 0.981756, -0.142117, 0.407806, 0.079203, 0.909627)
    }},
    { Time = 0.083, Data = {
      ["Head"] = CFrame.new(0.000011, 0.110162, 0.087886, 0.637355, -0.021495, -0.770271, -0.501793, 0.747036, -0.436052, 0.584793, 0.664436, 0.465340),
      ["LeftUpperArm"] = CFrame.new(-0.075827, -0.340953, -0.308359, 0.765050, -0.622408, 0.165248, -0.623503, -0.780112, -0.051666, 0.161069, -0.063506, -0.984898),
      ["LeftUpperLeg"] = CFrame.new(-0.470843, 0.468775, -0.410658, 0.904279, 0.172873, 0.390377, -0.125969, 0.981684, -0.142926, -0.407935, 0.080070, 0.909493),
      ["LowerTorso"] = CFrame.new(-0.000618, -1.322765, -1.561507, 1.000000, 0.000000, 0.000000, 0.000000, -0.068610, 0.997644, 0.000000, -0.997644, -0.068610),
      ["RightUpperArm"] = CFrame.new(-0.120200, -0.329735, -0.293574, 0.970312, 0.080705, -0.227996, 0.095358, -0.993978, 0.053985, -0.222266, -0.074123, -0.972164),
      ["RightUpperLeg"] = CFrame.new(0.470851, 0.468778, -0.410656, 0.904279, -0.172873, -0.390377, 0.125969, 0.981684, -0.142926, 0.407935, 0.080070, 0.909493)
    }},
    { Time = 0.100, Data = {
      ["Head"] = CFrame.new(0.000011, 0.110162, 0.087886, 0.638410, -0.021460, -0.769397, -0.500310, 0.748061, -0.435999, 0.584912, 0.663283, 0.466833),
      ["LeftUpperArm"] = CFrame.new(-0.075830, -0.342606, -0.308111, 0.765037, -0.622420, 0.165262, -0.623647, -0.780050, -0.050858, 0.160568, -0.064157, -0.984938),
      ["LeftUpperLeg"] = CFrame.new(-0.470841, 0.467569, -0.410429, 0.904283, 0.172850, 0.390377, -0.125477, 0.981595, -0.143969, -0.408077, 0.081206, 0.909329),
      ["LowerTorso"] = CFrame.new(-0.000619, -1.321823, -1.563537, 1.000000, 0.000000, 0.000000, 0.000000, -0.069552, 0.997578, 0.000000, -0.997578, -0.069552),
      ["RightUpperArm"] = CFrame.new(-0.119992, -0.331143, -0.293209, 0.970319, 0.080520, -0.228028, 0.095369, -0.993930, 0.054850, -0.222228, -0.074969, -0.972109),
      ["RightUpperLeg"] = CFrame.new(0.470849, 0.467572, -0.410427, 0.904283, -0.172850, -0.390377, 0.125477, 0.981595, -0.143969, 0.408077, 0.081206, 0.909329)
    }},
    { Time = 0.117, Data = {
      ["Head"] = CFrame.new(0.000011, 0.110162, 0.087886, 0.639558, -0.021347, -0.768447, -0.498643, 0.749276, -0.435822, 0.585082, 0.661914, 0.468561),
      ["LeftUpperArm"] = CFrame.new(-0.075830, -0.344563, -0.307822, 0.765040, -0.622419, 0.165253, -0.623808, -0.779986, -0.049859, 0.159928, -0.064942, -0.984990),
      ["LeftUpperLeg"] = CFrame.new(-0.470839, 0.466117, -0.410150, 0.904288, 0.172863, 0.390362, -0.124949, 0.981484, -0.145180, -0.408230, 0.082509, 0.909143),
      ["LowerTorso"] = CFrame.new(-0.000619, -1.320879, -1.565922, 1.000000, 0.000000, 0.000000, 0.000000, -0.070494, 0.997512, 0.000000, -0.997512, -0.070494),
      ["RightUpperArm"] = CFrame.new(-0.119741, -0.332808, -0.292760, 0.970307, 0.080322, -0.228149, 0.095393, -0.993875, 0.055797, -0.222270, -0.075904, -0.972026),
      ["RightUpperLeg"] = CFrame.new(0.470846, 0.466120, -0.410148, 0.904288, -0.172863, -0.390362, 0.124949, 0.981484, -0.145180, 0.408230, 0.082509, 0.909143)
    }},
    { Time = 0.133, Data = {
      ["Head"] = CFrame.new(0.000011, 0.110162, 0.087886, 0.640845, -0.021338, -0.767374, -0.496680, 0.750673, -0.435659, 0.585343, 0.660329, 0.470466),
      ["LeftUpperArm"] = CFrame.new(-0.075826, -0.346822, -0.307499, 0.765042, -0.622403, 0.165301, -0.623984, -0.779919, -0.048698, 0.159230, -0.065889, -0.985041),
      ["LeftUpperLeg"] = CFrame.new(-0.470848, 0.464465, -0.409860, 0.904270, 0.172830, 0.390418, -0.124294, 0.981364, -0.146546, -0.408470, 0.083990, 0.908899),
      ["LowerTorso"] = CFrame.new(-0.000619, -1.319702, -1.568683, 1.000000, 0.000000, 0.000000, 0.000000, -0.071670, 0.997429, 0.000000, -0.997429, -0.071670),
      ["RightUpperArm"] = CFrame.new(-0.119474, -0.334729, -0.292267, 0.970323, 0.080012, -0.228193, 0.095357, -0.993809, 0.057014, -0.222218, -0.077082, -0.971945),
      ["RightUpperLeg"] = CFrame.new(0.470855, 0.464467, -0.409858, 0.904270, -0.172830, -0.390418, 0.124294, 0.981364, -0.146546, 0.408470, 0.083990, 0.908899)
    }},
    { Time = 0.150, Data = {
      ["Head"] = CFrame.new(0.000011, 0.110163, 0.087886, 0.642384, -0.021297, -0.766087, -0.494449, 0.752225, -0.435520, 0.585545, 0.658562, 0.472687),
      ["LeftUpperArm"] = CFrame.new(-0.075822, -0.349385, -0.307106, 0.765075, -0.622386, 0.165216, -0.624170, -0.779850, -0.047398, 0.158344, -0.066860, -0.985118),
      ["LeftUpperLeg"] = CFrame.new(-0.470840, 0.462563, -0.409481, 0.904287, 0.172828, 0.390379, -0.123609, 0.981221, -0.148073, -0.408639, 0.085646, 0.908669),
      ["LowerTorso"] = CFrame.new(-0.000619, -1.318406, -1.571811, 1.000000, 0.000000, 0.000000, 0.000000, -0.072964, 0.997335, 0.000000, -0.997335, -0.072964),
      ["RightUpperArm"] = CFrame.new(-0.119163, -0.336906, -0.291692, 0.970318, 0.079689, -0.228324, 0.095334, -0.993736, 0.058313, -0.222247, -0.078349, -0.971838),
      ["RightUpperLeg"] = CFrame.new(0.470847, 0.462566, -0.409479, 0.904287, -0.172828, -0.390379, 0.123609, 0.981221, -0.148073, 0.408639, 0.085646, 0.908669)
    }},
    { Time = 0.167, Data = {
      ["Head"] = CFrame.new(0.000011, 0.110163, 0.087886, 0.644080, -0.021149, -0.764666, -0.492012, 0.753963, -0.435275, 0.585735, 0.656576, 0.475207),
      ["LeftUpperArm"] = CFrame.new(-0.075831, -0.352235, -0.306688, 0.765034, -0.622422, 0.165267, -0.624439, -0.779720, -0.045972, 0.157476, -0.068029, -0.985177),
      ["LeftUpperLeg"] = CFrame.new(-0.470849, 0.460428, -0.409095, 0.904269, 0.172882, 0.390398, -0.122863, 0.981044, -0.149857, -0.408905, 0.087546, 0.908368),
      ["LowerTorso"] = CFrame.new(-0.000620, -1.316877, -1.575315, 1.000000, 0.000000, 0.000000, 0.000000, -0.074491, 0.997222, 0.000000, -0.997222, -0.074491),
      ["RightUpperArm"] = CFrame.new(-0.118810, -0.339338, -0.291053, 0.970314, 0.079346, -0.228463, 0.095330, -0.993649, 0.059782, -0.222268, -0.079787, -0.971716),
      ["RightUpperLeg"] = CFrame.new(0.470856, 0.460430, -0.409093, 0.904269, -0.172882, -0.390398, 0.122863, 0.981044, -0.149857, 0.408905, 0.087546, 0.908368)
    }},
    { Time = 0.183, Data = {
      ["Head"] = CFrame.new(0.000011, 0.110163, 0.087886, 0.645911, -0.021110, -0.763121, -0.489278, 0.755877, -0.435038, 0.586009, 0.654374, 0.477900),
      ["LeftUpperArm"] = CFrame.new(-0.075837, -0.355389, -0.306230, 0.765009, -0.622446, 0.165295, -0.624723, -0.779586, -0.044356, 0.156471, -0.069331, -0.985246),
      ["LeftUpperLeg"] = CFrame.new(-0.470851, 0.458089, -0.408657, 0.904263, 0.172888, 0.390408, -0.121997, 0.980855, -0.151791, -0.409176, 0.089631, 0.908043),
      ["LowerTorso"] = CFrame.new(-0.000620, -1.315231, -1.579185, 1.000000, 0.000000, 0.000000, 0.000000, -0.076134, 0.997098, 0.000000, -0.997098, -0.076134),
      ["RightUpperArm"] = CFrame.new(-0.118417, -0.342024, -0.290354, 0.970309, 0.078982, -0.228607, 0.095345, -0.993548, 0.061423, -0.222281, -0.081396, -0.971579),
      ["RightUpperLeg"] = CFrame.new(0.470859, 0.458092, -0.408655, 0.904263, -0.172888, -0.390408, 0.121997, 0.980855, -0.151791, 0.409176, 0.089631, 0.908043)
    }},
    { Time = 0.200, Data = {
      ["Head"] = CFrame.new(0.000011, 0.110163, 0.087886, 0.648012, -0.021118, -0.761338, -0.486202, 0.757963, -0.434855, 0.586249, 0.651955, 0.480901),
      ["LeftUpperArm"] = CFrame.new(-0.075824, -0.358859, -0.305707, 0.765054, -0.622396, 0.165274, -0.624944, -0.779506, -0.042622, 0.155359, -0.070679, -0.985327),
      ["LeftUpperLeg"] = CFrame.new(-0.470848, 0.455546, -0.408167, 0.904270, 0.172844, 0.390410, -0.121010, 0.980652, -0.153875, -0.409453, 0.091901, 0.907691),
      ["LowerTorso"] = CFrame.new(-0.000621, -1.313470, -1.583426, 1.000000, 0.000000, 0.000000, 0.000000, -0.077894, 0.996962, 0.000000, -0.996962, -0.077894),
      ["RightUpperArm"] = CFrame.new(-0.117980, -0.344966, -0.289570, 0.970305, 0.078609, -0.228755, 0.095370, -0.993437, 0.063149, -0.222290, -0.083090, -0.971434),
      ["RightUpperLeg"] = CFrame.new(0.470855, 0.455549, -0.408165, 0.904270, -0.172844, -0.390410, 0.121010, 0.980652, -0.153875, 0.409453, 0.091901, 0.907691)
    }},
    { Time = 0.217, Data = {
      ["Head"] = CFrame.new(0.000011, 0.110163, 0.087886, 0.650196, -0.021059, -0.759474, -0.482943, 0.760228, -0.434534, 0.586525, 0.649315, 0.484127),
      ["LeftUpperArm"] = CFrame.new(-0.075824, -0.362617, -0.305166, 0.765057, -0.622397, 0.165256, -0.625258, -0.779361, -0.040623, 0.154078, -0.072248, -0.985414),
      ["LeftUpperLeg"] = CFrame.new(-0.470844, 0.452767, -0.407630, 0.904278, 0.172853, 0.390390, -0.119969, 0.980411, -0.156209, -0.409743, 0.094421, 0.907301),
      ["LowerTorso"] = CFrame.new(-0.000621, -1.311593, -1.588036, 1.000000, 0.000000, 0.000000, 0.000000, -0.079768, 0.996813, 0.000000, -0.996813, -0.079768),
      ["RightUpperArm"] = CFrame.new(-0.117524, -0.348164, -0.288721, 0.970308, 0.078130, -0.228906, 0.095330, -0.993318, 0.065055, -0.222294, -0.084945, -0.971273),
      ["RightUpperLeg"] = CFrame.new(0.470852, 0.452770, -0.407628, 0.904278, -0.172853, -0.390390, 0.119969, 0.980411, -0.156209, 0.409743, 0.094421, 0.907301)
    }},
    { Time = 0.233, Data = {
      ["Head"] = CFrame.new(0.000012, 0.110163, 0.087886, 0.652555, -0.020974, -0.757451, -0.479405, 0.762692, -0.434133, 0.586808, 0.646422, 0.487643),
      ["LeftUpperArm"] = CFrame.new(-0.075825, -0.366677, -0.304550, 0.765060, -0.622398, 0.165238, -0.625569, -0.779212, -0.038625, 0.152795, -0.073818, -0.985497),
      ["LeftUpperLeg"] = CFrame.new(-0.470841, 0.449732, -0.407039, 0.904284, 0.172880, 0.390362, -0.118908, 0.980152, -0.158625, -0.410037, 0.097025, 0.906893),
      ["LowerTorso"] = CFrame.new(-0.000621, -1.309485, -1.593026, 1.000000, 0.000000, 0.000000, 0.000000, -0.081875, 0.996643, 0.000000, -0.996643, -0.081875),
      ["RightUpperArm"] = CFrame.new(-0.117004, -0.351615, -0.287813, 0.970304, 0.077716, -0.229066, 0.095394, -0.993174, 0.067123, -0.222286, -0.086981, -0.971094),
      ["RightUpperLeg"] = CFrame.new(0.470848, 0.449736, -0.407038, 0.904284, -0.172880, -0.390362, 0.118908, 0.980152, -0.158625, 0.410037, 0.097025, 0.906893)
    }},
    { Time = 0.250, Data = {
      ["Head"] = CFrame.new(0.000012, 0.110163, 0.087886, 0.655084, -0.020944, -0.755266, -0.475648, 0.765243, -0.433777, 0.587047, 0.643401, 0.491336),
      ["LeftUpperArm"] = CFrame.new(-0.075819, -0.371038, -0.303920, 0.765062, -0.622378, 0.165306, -0.625900, -0.779055, -0.036383, 0.151426, -0.075630, -0.985571),
      ["LeftUpperLeg"] = CFrame.new(-0.470849, 0.446517, -0.406442, 0.904268, 0.172896, 0.390392, -0.117684, 0.979853, -0.161364, -0.410426, 0.099973, 0.906397),
      ["LowerTorso"] = CFrame.new(-0.000622, -1.307260, -1.598386, 1.000000, 0.000000, 0.000000, 0.000000, -0.084096, 0.996458, 0.000000, -0.996458, -0.084096),
      ["RightUpperArm"] = CFrame.new(-0.116465, -0.355321, -0.286840, 0.970306, 0.077196, -0.229229, 0.095392, -0.993020, 0.069371, -0.222274, -0.089178, -0.970897),
      ["RightUpperLeg"] = CFrame.new(0.470856, 0.446520, -0.406440, 0.904268, -0.172896, -0.390392, 0.117684, 0.979853, -0.161364, 0.410426, 0.099973, 0.906397)
    }},
    { Time = 0.267, Data = {
      ["Head"] = CFrame.new(0.000012, 0.110163, 0.087886, 0.657805, -0.020929, -0.752897, -0.471511, 0.768063, -0.433309, 0.587341, 0.640032, 0.495368),
      ["LeftUpperArm"] = CFrame.new(-0.075836, -0.375384, -0.303263, 0.765020, -0.622440, 0.165263, -0.626293, -0.778837, -0.034201, 0.150001, -0.077339, -0.985656),
      ["LeftUpperLeg"] = CFrame.new(-0.470839, 0.443289, -0.405800, 0.904287, 0.172892, 0.390350, -0.116484, 0.979557, -0.164013, -0.410726, 0.102845, 0.905940),
      ["LowerTorso"] = CFrame.new(-0.000622, -1.304922, -1.603761, 1.000000, 0.000000, 0.000000, 0.000000, -0.086432, 0.996258, 0.000000, -0.996258, -0.086432),
      ["RightUpperArm"] = CFrame.new(-0.115927, -0.359025, -0.285867, 0.970309, 0.076677, -0.229392, 0.095390, -0.992861, 0.071619, -0.222263, -0.091374, -0.970696),
      ["RightUpperLeg"] = CFrame.new(0.470847, 0.443292, -0.405798, 0.904287, -0.172892, -0.390350, 0.116484, 0.979557, -0.164013, 0.410726, 0.102845, 0.905940)
    }},
    { Time = 0.283, Data = {
      ["Head"] = CFrame.new(0.000012, 0.110163, 0.087887, 0.660692, -0.020937, -0.750365, -0.467124, 0.771017, -0.432813, 0.587606, 0.636470, 0.499625),
      ["LeftUpperArm"] = CFrame.new(-0.075835, -0.379441, -0.302667, 0.765021, -0.622436, 0.165275, -0.626605, -0.778675, -0.032121, 0.148689, -0.078989, -0.985724),
      ["LeftUpperLeg"] = CFrame.new(-0.470830, 0.440297, -0.405204, 0.904306, 0.172835, 0.390332, -0.115338, 0.979288, -0.166409, -0.411009, 0.105465, 0.905510),
      ["LowerTorso"] = CFrame.new(-0.000623, -1.302937, -1.608754, 1.000000, 0.000000, 0.000000, 0.000000, -0.088414, 0.996084, 0.000000, -0.996084, -0.088414),
      ["RightUpperArm"] = CFrame.new(-0.115429, -0.362474, -0.284956, 0.970312, 0.076177, -0.229547, 0.095369, -0.992710, 0.073695, -0.222259, -0.093399, -0.970504),
      ["RightUpperLeg"] = CFrame.new(0.470838, 0.440300, -0.405202, 0.904306, -0.172835, -0.390332, 0.115338, 0.979288, -0.166409, 0.411009, 0.105465, 0.905510)
    }},
    { Time = 0.300, Data = {
      ["Head"] = CFrame.new(0.000012, 0.110163, 0.087887, 0.663607, -0.020899, -0.747789, -0.462815, 0.773875, -0.432342, 0.587731, 0.632994, 0.503877),
      ["LeftUpperArm"] = CFrame.new(-0.075838, -0.383193, -0.302105, 0.765022, -0.622448, 0.165229, -0.626902, -0.778513, -0.030203, 0.147433, -0.080476, -0.985793),
      ["LeftUpperLeg"] = CFrame.new(-0.470845, 0.437523, -0.404701, 0.904276, 0.172851, 0.390395, -0.114286, 0.979012, -0.168744, -0.411369, 0.107975, 0.905051),
      ["LowerTorso"] = CFrame.new(-0.000623, -1.300955, -1.613394, 1.000000, 0.000000, 0.000000, 0.000000, -0.090394, 0.995906, 0.000000, -0.995906, -0.090394),
      ["RightUpperArm"] = CFrame.new(-0.114976, -0.365665, -0.284129, 0.970315, 0.075686, -0.229697, 0.095339, -0.992564, 0.075686, -0.222261, -0.095339, -0.970315),
      ["RightUpperLeg"] = CFrame.new(0.470853, 0.437526, -0.404700, 0.904276, -0.172851, -0.390395, 0.114286, 0.979012, -0.168744, 0.411369, 0.107975, 0.905051)
    }},
    { Time = 0.317, Data = {
      ["Head"] = CFrame.new(0.000012, 0.110163, 0.087887, 0.666284, -0.020942, -0.745404, -0.458672, 0.776637, -0.431805, 0.587951, 0.629601, 0.507855),
      ["LeftUpperArm"] = CFrame.new(-0.075822, -0.386658, -0.301611, 0.765050, -0.622389, 0.165317, -0.627115, -0.778408, -0.028417, 0.146370, -0.081932, -0.985831),
      ["LeftUpperLeg"] = CFrame.new(-0.470825, 0.434979, -0.404165, 0.904316, 0.172804, 0.390321, -0.113303, 0.978766, -0.170818, -0.411551, 0.110249, 0.904694),
      ["LowerTorso"] = CFrame.new(-0.000624, -1.299206, -1.617657, 1.000000, 0.000000, 0.000000, 0.000000, -0.092140, 0.995746, 0.000000, -0.995746, -0.092140),
      ["RightUpperArm"] = CFrame.new(-0.114539, -0.368601, -0.283345, 0.970310, 0.075311, -0.229841, 0.095365, -0.992428, 0.077411, -0.222271, -0.097031, -0.970145),
      ["RightUpperLeg"] = CFrame.new(0.470832, 0.434982, -0.404163, 0.904316, -0.172804, -0.390321, 0.113303, 0.978766, -0.170818, 0.411551, 0.110249, 0.904694)
    }},
    { Time = 0.333, Data = {
      ["Head"] = CFrame.new(0.000012, 0.110163, 0.087887, 0.668746, -0.020960, -0.743195, -0.454876, 0.779156, -0.431283, 0.588104, 0.626480, 0.511524),
      ["LeftUpperArm"] = CFrame.new(-0.075833, -0.389805, -0.301123, 0.765036, -0.622428, 0.165237, -0.627380, -0.778250, -0.026852, 0.145309, -0.083124, -0.985888),
      ["LeftUpperLeg"] = CFrame.new(-0.470829, 0.432642, -0.403719, 0.904309, 0.172812, 0.390336, -0.112431, 0.978528, -0.172746, -0.411807, 0.112330, 0.904321),
      ["LowerTorso"] = CFrame.new(-0.000624, -1.297576, -1.621557, 1.000000, 0.000000, 0.000000, 0.000000, -0.093768, 0.995594, 0.000000, -0.995594, -0.093768),
      ["RightUpperArm"] = CFrame.new(-0.114146, -0.371279, -0.282644, 0.970305, 0.074946, -0.229981, 0.095381, -0.992297, 0.079050, -0.222285, -0.098638, -0.969980),
      ["RightUpperLeg"] = CFrame.new(0.470836, 0.432645, -0.403717, 0.904309, -0.172812, -0.390336, 0.112431, 0.978528, -0.172746, 0.411807, 0.112330, 0.904321)
    }},
    { Time = 0.350, Data = {
      ["Head"] = CFrame.new(0.000012, 0.110164, 0.087887, 0.671109, -0.021026, -0.741060, -0.451231, 0.781531, -0.430812, 0.588220, 0.623512, 0.515005),
      ["LeftUpperArm"] = CFrame.new(-0.075824, -0.392663, -0.300704, 0.765049, -0.622397, 0.165291, -0.627564, -0.778151, -0.025419, 0.144442, -0.084284, -0.985918),
      ["LeftUpperLeg"] = CFrame.new(-0.470839, 0.430509, -0.403325, 0.904288, 0.172869, 0.390358, -0.111680, 0.978299, -0.174524, -0.412057, 0.114225, 0.903970),
      ["LowerTorso"] = CFrame.new(-0.000624, -1.296065, -1.625092, 1.000000, 0.000000, 0.000000, 0.000000, -0.095278, 0.995451, 0.000000, -0.995451, -0.095278),
      ["RightUpperArm"] = CFrame.new(-0.113794, -0.373703, -0.282005, 0.970320, 0.074605, -0.230029, 0.095375, -0.992180, 0.080522, -0.222223, -0.100071, -0.969847),
      ["RightUpperLeg"] = CFrame.new(0.470847, 0.430513, -0.403323, 0.904288, -0.172869, -0.390358, 0.111680, 0.978299, -0.174524, 0.412057, 0.114225, 0.903970)
    }},
    { Time = 0.367, Data = {
      ["Head"] = CFrame.new(0.000012, 0.110163, 0.087887, 0.673264, -0.021060, -0.739103, -0.447936, 0.783671, -0.430364, 0.588277, 0.620819, 0.518183),
      ["LeftUpperArm"] = CFrame.new(-0.075837, -0.395203, -0.300341, 0.765006, -0.622444, 0.165316, -0.627810, -0.777994, -0.024074, 0.143599, -0.085370, -0.985947),
      ["LeftUpperLeg"] = CFrame.new(-0.470832, 0.428610, -0.402938, 0.904303, 0.172869, 0.390324, -0.110991, 0.978105, -0.176046, -0.412211, 0.115876, 0.903690),
      ["LowerTorso"] = CFrame.new(-0.000625, -1.294786, -1.628248, 1.000000, 0.000000, 0.000000, 0.000000, -0.096555, 0.995328, 0.000000, -0.995328, -0.096555),
      ["RightUpperArm"] = CFrame.new(-0.113483, -0.375872, -0.281429, 0.970315, 0.074280, -0.230155, 0.095352, -0.992076, 0.081819, -0.222254, -0.101336, -0.969709),
      ["RightUpperLeg"] = CFrame.new(0.470839, 0.428613, -0.402936, 0.904303, -0.172869, -0.390324, 0.110991, 0.978105, -0.176046, 0.412211, 0.115876, 0.903690)
    }},
    { Time = 0.383, Data = {
      ["Head"] = CFrame.new(0.000012, 0.110164, 0.087887, 0.675234, -0.021096, -0.737302, -0.444887, 0.785652, -0.429915, 0.588332, 0.618309, 0.521113),
      ["LeftUpperArm"] = CFrame.new(-0.075837, -0.397457, -0.299989, 0.765019, -0.622444, 0.165256, -0.627965, -0.777902, -0.022964, 0.142847, -0.086207, -0.985983),
      ["LeftUpperLeg"] = CFrame.new(-0.470842, 0.426960, -0.402640, 0.904282, 0.172840, 0.390385, -0.110330, 0.977934, -0.177405, -0.412434, 0.117353, 0.903397),
      ["LowerTorso"] = CFrame.new(-0.000625, -1.293626, -1.631040, 1.000000, 0.000000, 0.000000, 0.000000, -0.097715, 0.995215, 0.000000, -0.995215, -0.097715),
      ["RightUpperArm"] = CFrame.new(-0.113192, -0.377784, -0.280917, 0.970303, 0.074059, -0.230278, 0.095396, -0.991979, 0.082935, -0.222289, -0.102440, -0.969585),
      ["RightUpperLeg"] = CFrame.new(0.470850, 0.426964, -0.402638, 0.904282, -0.172840, -0.390385, 0.110330, 0.977934, -0.177405, 0.412434, 0.117353, 0.903397)
    }},
    { Time = 0.400, Data = {
      ["Head"] = CFrame.new(0.000012, 0.110164, 0.087887, 0.677043, -0.021203, -0.735638, -0.442013, 0.787497, -0.429504, 0.588419, 0.615954, 0.523797),
      ["LeftUpperArm"] = CFrame.new(-0.075838, -0.399406, -0.299699, 0.765018, -0.622447, 0.165247, -0.628112, -0.777813, -0.021965, 0.142204, -0.086990, -0.986008),
      ["LeftUpperLeg"] = CFrame.new(-0.470841, 0.425511, -0.402354, 0.904284, 0.172854, 0.390374, -0.109797, 0.977775, -0.178610, -0.412571, 0.118652, 0.903165),
      ["LowerTorso"] = CFrame.new(-0.000625, -1.292580, -1.633461, 1.000000, 0.000000, 0.000000, 0.000000, -0.098758, 0.995112, 0.000000, -0.995112, -0.098758),
      ["RightUpperArm"] = CFrame.new(-0.112966, -0.379442, -0.280486, 0.970317, 0.073768, -0.230309, 0.095342, -0.991896, 0.083980, -0.222248, -0.103445, -0.969487),
      ["RightUpperLeg"] = CFrame.new(0.470849, 0.425514, -0.402352, 0.904284, -0.172854, -0.390374, 0.109797, 0.977775, -0.178610, 0.412571, 0.118652, 0.903165)
    }},
    { Time = 0.417, Data = {
      ["Head"] = CFrame.new(0.000012, 0.110164, 0.087887, 0.678651, -0.021271, -0.734153, -0.439488, 0.789114, -0.429126, 0.588459, 0.613878, 0.526185),
      ["LeftUpperArm"] = CFrame.new(-0.075821, -0.401068, -0.299470, 0.765061, -0.622383, 0.165292, -0.628181, -0.777782, -0.021068, 0.141674, -0.087715, -0.986020),
      ["LeftUpperLeg"] = CFrame.new(-0.470840, 0.424307, -0.402117, 0.904286, 0.172834, 0.390379, -0.109301, 0.977640, -0.179648, -0.412699, 0.119785, 0.902957),
      ["LowerTorso"] = CFrame.new(-0.000625, -1.291768, -1.635505, 1.000000, 0.000000, 0.000000, 0.000000, -0.099569, 0.995031, 0.000000, -0.995031, -0.099569),
      ["RightUpperArm"] = CFrame.new(-0.112760, -0.380843, -0.280121, 0.970305, 0.073578, -0.230422, 0.095357, -0.991822, 0.084839, -0.222295, -0.104292, -0.969386),
      ["RightUpperLeg"] = CFrame.new(0.470848, 0.424311, -0.402115, 0.904286, -0.172834, -0.390379, 0.109301, 0.977640, -0.179648, 0.412699, 0.119785, 0.902957)
    }},
    { Time = 0.433, Data = {
      ["Head"] = CFrame.new(0.000012, 0.110164, 0.087887, 0.680080, -0.021369, -0.732827, -0.437240, 0.790528, -0.428820, 0.588483, 0.612053, 0.528279),
      ["LeftUpperArm"] = CFrame.new(-0.075829, -0.402414, -0.299255, 0.765045, -0.622413, 0.165250, -0.628300, -0.777703, -0.020422, 0.141226, -0.088203, -0.986040),
      ["LeftUpperLeg"] = CFrame.new(-0.470828, 0.423294, -0.401890, 0.904311, 0.172841, 0.390318, -0.108951, 0.977532, -0.180448, -0.412737, 0.120656, 0.902824),
      ["LowerTorso"] = CFrame.new(-0.000626, -1.291073, -1.637182, 1.000000, 0.000000, 0.000000, 0.000000, -0.100264, 0.994961, 0.000000, -0.994961, -0.100264),
      ["RightUpperArm"] = CFrame.new(-0.112593, -0.381991, -0.279817, 0.970312, 0.073412, -0.230444, 0.095349, -0.991763, 0.085532, -0.222267, -0.104966, -0.969319),
      ["RightUpperLeg"] = CFrame.new(0.470835, 0.423297, -0.401888, 0.904311, -0.172841, -0.390318, 0.108951, 0.977532, -0.180448, 0.412737, 0.120656, 0.902824)
    }},
    { Time = 0.450, Data = {
      ["Head"] = CFrame.new(0.000012, 0.110164, 0.087887, 0.681377, -0.021319, -0.731622, -0.435262, 0.791822, -0.428444, 0.588449, 0.610379, 0.530250),
      ["LeftUpperArm"] = CFrame.new(-0.075838, -0.403456, -0.299103, 0.765016, -0.622447, 0.165260, -0.628412, -0.777627, -0.019885, 0.140888, -0.088639, -0.986050),
      ["LeftUpperLeg"] = CFrame.new(-0.470833, 0.422531, -0.401753, 0.904300, 0.172817, 0.390353, -0.108629, 0.977450, -0.181085, -0.412845, 0.121352, 0.902681),
      ["LowerTorso"] = CFrame.new(-0.000626, -1.290493, -1.638489, 1.000000, 0.000000, 0.000000, 0.000000, -0.100843, 0.994902, 0.000000, -0.994902, -0.100843),
      ["RightUpperArm"] = CFrame.new(-0.112446, -0.382881, -0.279577, 0.970312, 0.073352, -0.230463, 0.095407, -0.991713, 0.086045, -0.222242, -0.105478, -0.969269),
      ["RightUpperLeg"] = CFrame.new(0.470841, 0.422534, -0.401751, 0.904300, -0.172817, -0.390353, 0.108629, 0.977450, -0.181085, 0.412845, 0.121352, 0.902681)
    }},
    { Time = 0.467, Data = {
      ["Head"] = CFrame.new(0.000012, 0.110164, 0.087887, 0.682453, -0.021400, -0.730616, -0.433510, 0.792937, -0.428159, 0.588495, 0.608927, 0.531865),
      ["LeftUpperArm"] = CFrame.new(-0.075831, -0.404212, -0.298990, 0.765030, -0.622420, 0.165294, -0.628438, -0.777614, -0.019532, 0.140692, -0.088934, -0.986051),
      ["LeftUpperLeg"] = CFrame.new(-0.470827, 0.421967, -0.401628, 0.904313, 0.172838, 0.390315, -0.108436, 0.977381, -0.181569, -0.412868, 0.121871, 0.902600),
      ["LowerTorso"] = CFrame.new(-0.000626, -1.290145, -1.639416, 1.000000, 0.000000, 0.000000, 0.000000, -0.101190, 0.994867, 0.000000, -0.994867, -0.101190),
      ["RightUpperArm"] = CFrame.new(-0.112363, -0.383521, -0.279397, 0.970320, 0.073227, -0.230472, 0.095360, -0.991687, 0.086396, -0.222230, -0.105810, -0.969236),
      ["RightUpperLeg"] = CFrame.new(0.470834, 0.421971, -0.401626, 0.904313, -0.172838, -0.390315, 0.108436, 0.977381, -0.181569, 0.412868, 0.121871, 0.902600)
    }},
    { Time = 0.483, Data = {
      ["Head"] = CFrame.new(0.000012, 0.110164, 0.087887, 0.683421, -0.021476, -0.729709, -0.432013, 0.793853, -0.427974, 0.588473, 0.607730, 0.533258),
      ["LeftUpperArm"] = CFrame.new(-0.075826, -0.404666, -0.298932, 0.765044, -0.622402, 0.165299, -0.628459, -0.777604, -0.019260, 0.140525, -0.089149, -0.986055),
      ["LeftUpperLeg"] = CFrame.new(-0.470838, 0.421645, -0.401591, 0.904290, 0.172812, 0.390380, -0.108289, 0.977354, -0.181806, -0.412957, 0.122132, 0.902524),
      ["LowerTorso"] = CFrame.new(-0.000626, -1.289913, -1.639975, 1.000000, 0.000000, 0.000000, 0.000000, -0.101421, 0.994844, 0.000000, -0.994844, -0.101421),
      ["RightUpperArm"] = CFrame.new(-0.112301, -0.383902, -0.279304, 0.970320, 0.073196, -0.230482, 0.095389, -0.991662, 0.086652, -0.222217, -0.106066, -0.969211),
      ["RightUpperLeg"] = CFrame.new(0.470846, 0.421648, -0.401589, 0.904290, -0.172812, -0.390380, 0.108289, 0.977354, -0.181806, 0.412957, 0.122132, 0.902524)
    }},
    { Time = 0.500, Data = {
      ["Head"] = CFrame.new(0.000012, 0.110164, 0.087887, 0.684129, -0.021497, -0.729044, -0.430859, 0.794603, -0.427745, 0.588496, 0.606748, 0.534349),
      ["LeftUpperArm"] = CFrame.new(-0.075825, -0.404816, -0.298908, 0.765058, -0.622398, 0.165247, -0.628466, -0.777602, -0.019150, 0.140415, -0.089201, -0.986067),
      ["LeftUpperLeg"] = CFrame.new(-0.470839, 0.421522, -0.401566, 0.904290, 0.172829, 0.390372, -0.108271, 0.977340, -0.181890, -0.412962, 0.122215, 0.902511),
      ["LowerTorso"] = CFrame.new(-0.000626, -1.289798, -1.640166, 1.000000, 0.000000, 0.000000, 0.000000, -0.101537, 0.994832, 0.000000, -0.994832, -0.101537),
      ["RightUpperArm"] = CFrame.new(-0.112280, -0.384029, -0.279273, 0.970320, 0.073186, -0.230485, 0.095399, -0.991653, 0.086738, -0.222213, -0.106151, -0.969203),
      ["RightUpperLeg"] = CFrame.new(0.470846, 0.421525, -0.401564, 0.904290, -0.172829, -0.390372, 0.108271, 0.977340, -0.181890, 0.412962, 0.122215, 0.902511)
    }},
    { Time = 0.517, Data = {
      ["Head"] = CFrame.new(0.000012, 0.110164, 0.087887, 0.684750, -0.021549, -0.728459, -0.429859, 0.795229, -0.427590, 0.588506, 0.605927, 0.535270),
      ["LeftUpperArm"] = CFrame.new(-0.075826, -0.404665, -0.298932, 0.765044, -0.622402, 0.165299, -0.628459, -0.777604, -0.019260, 0.140525, -0.089149, -0.986055),
      ["LeftUpperLeg"] = CFrame.new(-0.470838, 0.421644, -0.401591, 0.904290, 0.172812, 0.390380, -0.108289, 0.977354, -0.181806, -0.412957, 0.122132, 0.902524),
      ["LowerTorso"] = CFrame.new(-0.000626, -1.289913, -1.639975, 1.000000, 0.000000, 0.000000, 0.000000, -0.101421, 0.994844, 0.000000, -0.994844, -0.101421),
      ["RightUpperArm"] = CFrame.new(-0.112301, -0.383902, -0.279304, 0.970320, 0.073196, -0.230482, 0.095389, -0.991662, 0.086652, -0.222217, -0.106066, -0.969211),
      ["RightUpperLeg"] = CFrame.new(0.470846, 0.421648, -0.401589, 0.904290, -0.172812, -0.390380, 0.108289, 0.977354, -0.181806, 0.412957, 0.122132, 0.902524)
    }},
    { Time = 0.533, Data = {
      ["Head"] = CFrame.new(0.000012, 0.110164, 0.087887, 0.685179, -0.021549, -0.728056, -0.429209, 0.795638, -0.427480, 0.588481, 0.605389, 0.535905),
      ["LeftUpperArm"] = CFrame.new(-0.075831, -0.404212, -0.298990, 0.765030, -0.622420, 0.165294, -0.628438, -0.777614, -0.019532, 0.140692, -0.088934, -0.986051),
      ["LeftUpperLeg"] = CFrame.new(-0.470827, 0.421967, -0.401628, 0.904313, 0.172838, 0.390315, -0.108436, 0.977381, -0.181569, -0.412868, 0.121871, 0.902600),
      ["LowerTorso"] = CFrame.new(-0.000626, -1.290145, -1.639416, 1.000000, 0.000000, 0.000000, 0.000000, -0.101190, 0.994867, 0.000000, -0.994867, -0.101190),
      ["RightUpperArm"] = CFrame.new(-0.112363, -0.383521, -0.279397, 0.970320, 0.073227, -0.230472, 0.095360, -0.991687, 0.086396, -0.222230, -0.105810, -0.969236),
      ["RightUpperLeg"] = CFrame.new(0.470834, 0.421971, -0.401626, 0.904313, -0.172838, -0.390315, 0.108436, 0.977381, -0.181569, 0.412868, 0.121871, 0.902600)
    }},
    { Time = 0.550, Data = {
      ["Head"] = CFrame.new(0.000012, 0.110164, 0.087887, 0.685436, -0.021571, -0.727814, -0.428837, 0.795853, -0.427454, 0.588453, 0.605106, 0.536255),
      ["LeftUpperArm"] = CFrame.new(-0.075838, -0.403456, -0.299103, 0.765016, -0.622447, 0.165260, -0.628412, -0.777627, -0.019885, 0.140888, -0.088639, -0.986050),
      ["LeftUpperLeg"] = CFrame.new(-0.470833, 0.422531, -0.401753, 0.904300, 0.172817, 0.390353, -0.108629, 0.977450, -0.181085, -0.412845, 0.121352, 0.902681),
      ["LowerTorso"] = CFrame.new(-0.000626, -1.290494, -1.638489, 1.000000, 0.000000, 0.000000, 0.000000, -0.100843, 0.994902, 0.000000, -0.994902, -0.100843),
      ["RightUpperArm"] = CFrame.new(-0.112446, -0.382882, -0.279577, 0.970312, 0.073352, -0.230463, 0.095407, -0.991713, 0.086045, -0.222242, -0.105478, -0.969269),
      ["RightUpperLeg"] = CFrame.new(0.470841, 0.422534, -0.401751, 0.904300, -0.172817, -0.390353, 0.108629, 0.977450, -0.181085, 0.412845, 0.121352, 0.902681)
    }},
    { Time = 0.567, Data = {
      ["Head"] = CFrame.new(0.000012, 0.110164, 0.087887, 0.685521, -0.021542, -0.727734, -0.428683, 0.795976, -0.427380, 0.588465, 0.604945, 0.536423),
      ["LeftUpperArm"] = CFrame.new(-0.075829, -0.402414, -0.299255, 0.765045, -0.622413, 0.165250, -0.628300, -0.777703, -0.020422, 0.141226, -0.088203, -0.986040),
      ["LeftUpperLeg"] = CFrame.new(-0.470828, 0.423294, -0.401890, 0.904311, 0.172841, 0.390318, -0.108951, 0.977532, -0.180448, -0.412737, 0.120656, 0.902824),
      ["LowerTorso"] = CFrame.new(-0.000626, -1.291073, -1.637182, 1.000000, 0.000000, 0.000000, 0.000000, -0.100264, 0.994961, 0.000000, -0.994961, -0.100264),
      ["RightUpperArm"] = CFrame.new(-0.112593, -0.381991, -0.279817, 0.970312, 0.073412, -0.230444, 0.095349, -0.991763, 0.085532, -0.222267, -0.104966, -0.969319),
      ["RightUpperLeg"] = CFrame.new(0.470835, 0.423297, -0.401888, 0.904311, -0.172841, -0.390318, 0.108951, 0.977532, -0.180448, 0.412737, 0.120656, 0.902824)
    }},
    { Time = 0.583, Data = {
      ["Head"] = CFrame.new(0.000012, 0.110164, 0.087887, 0.685284, -0.021594, -0.727955, -0.428982, 0.795781, -0.427442, 0.588523, 0.605199, 0.536073),
      ["LeftUpperArm"] = CFrame.new(-0.075821, -0.401068, -0.299470, 0.765061, -0.622383, 0.165292, -0.628181, -0.777782, -0.021068, 0.141674, -0.087715, -0.986020),
      ["LeftUpperLeg"] = CFrame.new(-0.470840, 0.424307, -0.402117, 0.904286, 0.172834, 0.390379, -0.109301, 0.977640, -0.179648, -0.412699, 0.119785, 0.902957),
      ["LowerTorso"] = CFrame.new(-0.000625, -1.291768, -1.635505, 1.000000, 0.000000, 0.000000, 0.000000, -0.099569, 0.995031, 0.000000, -0.995031, -0.099569),
      ["RightUpperArm"] = CFrame.new(-0.112760, -0.380843, -0.280121, 0.970305, 0.073578, -0.230422, 0.095357, -0.991822, 0.084839, -0.222295, -0.104292, -0.969386),
      ["RightUpperLeg"] = CFrame.new(0.470848, 0.424311, -0.402115, 0.904286, -0.172834, -0.390379, 0.109301, 0.977640, -0.179648, 0.412699, 0.119785, 0.902957)
    }},
    { Time = 0.600, Data = {
      ["Head"] = CFrame.new(0.000012, 0.110164, 0.087887, 0.685093, -0.021541, -0.728137, -0.429333, 0.795566, -0.427489, 0.588490, 0.605483, 0.535788),
      ["LeftUpperArm"] = CFrame.new(-0.075838, -0.399406, -0.299699, 0.765018, -0.622447, 0.165247, -0.628112, -0.777813, -0.021965, 0.142204, -0.086990, -0.986008),
      ["LeftUpperLeg"] = CFrame.new(-0.470841, 0.425511, -0.402354, 0.904284, 0.172854, 0.390374, -0.109797, 0.977775, -0.178610, -0.412571, 0.118652, 0.903165),
      ["LowerTorso"] = CFrame.new(-0.000625, -1.292581, -1.633462, 1.000000, 0.000000, 0.000000, 0.000000, -0.098758, 0.995112, 0.000000, -0.995112, -0.098758),
      ["RightUpperArm"] = CFrame.new(-0.112966, -0.379441, -0.280486, 0.970317, 0.073768, -0.230309, 0.095342, -0.991896, 0.083980, -0.222248, -0.103445, -0.969487),
      ["RightUpperLeg"] = CFrame.new(0.470849, 0.425514, -0.402352, 0.904284, -0.172854, -0.390374, 0.109797, 0.977775, -0.178610, 0.412571, 0.118652, 0.903165)
    }},
    { Time = 0.617, Data = {
      ["Head"] = CFrame.new(0.000012, 0.110164, 0.087887, 0.684921, -0.021563, -0.728298, -0.429611, 0.795372, -0.427573, 0.588487, 0.605738, 0.535504),
      ["LeftUpperArm"] = CFrame.new(-0.075837, -0.397456, -0.299989, 0.765019, -0.622444, 0.165256, -0.627965, -0.777902, -0.022964, 0.142847, -0.086207, -0.985983),
      ["LeftUpperLeg"] = CFrame.new(-0.470842, 0.426960, -0.402640, 0.904282, 0.172840, 0.390385, -0.110330, 0.977934, -0.177405, -0.412434, 0.117353, 0.903397),
      ["LowerTorso"] = CFrame.new(-0.000625, -1.293626, -1.631040, 1.000000, 0.000000, 0.000000, 0.000000, -0.097715, 0.995215, 0.000000, -0.995215, -0.097715),
      ["RightUpperArm"] = CFrame.new(-0.113192, -0.377784, -0.280917, 0.970303, 0.074059, -0.230278, 0.095396, -0.991979, 0.082935, -0.222289, -0.102440, -0.969585),
      ["RightUpperLeg"] = CFrame.new(0.470850, 0.426964, -0.402638, 0.904282, -0.172840, -0.390385, 0.110330, 0.977934, -0.177405, 0.412434, 0.117353, 0.903397)
    }},
    { Time = 0.633, Data = {
      ["Head"] = CFrame.new(0.000012, 0.110164, 0.087887, 0.684407, -0.021556, -0.728782, -0.430384, 0.794890, -0.427690, 0.588521, 0.606370, 0.534751),
      ["LeftUpperArm"] = CFrame.new(-0.075837, -0.395203, -0.300341, 0.765006, -0.622444, 0.165316, -0.627810, -0.777994, -0.024074, 0.143599, -0.085370, -0.985947),
      ["LeftUpperLeg"] = CFrame.new(-0.470832, 0.428610, -0.402938, 0.904303, 0.172869, 0.390324, -0.110991, 0.978105, -0.176046, -0.412211, 0.115876, 0.903690),
      ["LowerTorso"] = CFrame.new(-0.000625, -1.294786, -1.628248, 1.000000, 0.000000, 0.000000, 0.000000, -0.096555, 0.995328, 0.000000, -0.995328, -0.096555),
      ["RightUpperArm"] = CFrame.new(-0.113483, -0.375872, -0.281429, 0.970315, 0.074280, -0.230155, 0.095352, -0.992076, 0.081819, -0.222254, -0.101336, -0.969709),
      ["RightUpperLeg"] = CFrame.new(0.470839, 0.428613, -0.402936, 0.904303, -0.172869, -0.390324, 0.110991, 0.978105, -0.176046, 0.412211, 0.115876, 0.903690)
    }},
    { Time = 0.650, Data = {
      ["Head"] = CFrame.new(0.000012, 0.110164, 0.087887, 0.683593, -0.021454, -0.729548, -0.431736, 0.794049, -0.427891, 0.588477, 0.607475, 0.533544),
      ["LeftUpperArm"] = CFrame.new(-0.075824, -0.392663, -0.300704, 0.765049, -0.622397, 0.165291, -0.627564, -0.778151, -0.025419, 0.144442, -0.084284, -0.985918),
      ["LeftUpperLeg"] = CFrame.new(-0.470839, 0.430509, -0.403325, 0.904288, 0.172869, 0.390358, -0.111680, 0.978299, -0.174524, -0.412057, 0.114225, 0.903970),
      ["LowerTorso"] = CFrame.new(-0.000624, -1.296065, -1.625092, 1.000000, 0.000000, 0.000000, 0.000000, -0.095278, 0.995451, 0.000000, -0.995451, -0.095278),
