return {
  ["Astros side hump 3"] = {
    { Time = 0.000, Data = {
      ["Head"] = CFrame.new(0.000000, -0.000000, 0.000000, 0.864079, 0.445725, -0.233873, -0.298898, 0.828194, 0.474082, 0.405003, -0.339740, 0.848852),
      ["LeftUpperArm"] = CFrame.new(0.190392, -0.240789, -0.303585, 0.991950, 0.083410, 0.095278, 0.021512, 0.630478, -0.775909, -0.124789, 0.771713, 0.623608),
      ["LeftUpperLeg"] = CFrame.new(-0.237413, 0.218455, -0.158618, 0.999011, -0.007689, 0.043804, 0.000743, 0.987691, 0.156419, -0.044468, -0.156231, 0.986719),
      ["LowerTorso"] = CFrame.new(0.130213, -1.051568, -0.991231, 0.105389, -0.130215, 0.985869, 0.994394, 0.022400, -0.103342, -0.008627, 0.991233, 0.131845),
      ["RightUpperArm"] = CFrame.new(-0.301983, -0.303139, 0.076290, 0.892474, 0.008518, 0.451018, 0.133532, 0.950024, -0.282175, -0.430882, 0.312059, 0.846735),
      ["RightUpperLeg"] = CFrame.new(0.027949, 0.098071, -0.204996, 0.989010, 0.147814, -0.003156, -0.145834, 0.978827, 0.143636, 0.024320, -0.141597, 0.989626),
      ["рҹҢ§пёҸрҹҳірҹ‘»рҹҸіпёҸвҖҚрҹҢҲрҹҳӮрҹ’һрҹҸҙвҖҚвҳ пёҸрҹҺёрҹҢ§пёҸрҹҳірҹ‘»рҹҸіпёҸвҖҚрҹҢҲрҹҳӮрҹ’һрҹҸҙвҖҚвҳ"] = CFrame.new(0.000000, -0.000000, -0.000000, 0.989102, 0.142461, 0.037178, -0.147072, 0.944203, 0.294703, 0.006880, -0.296959, 0.954865)
    }},
    { Time = 0.017, Data = {
      ["Head"] = CFrame.new(0.000000, -0.000000, 0.000000, 0.864108, 0.445579, -0.234046, -0.297912, 0.827613, 0.475715, 0.405668, -0.341344, 0.847890),
      ["LeftUpperArm"] = CFrame.new(0.190392, -0.240789, -0.303585, 0.991950, 0.083410, 0.095278, 0.021512, 0.630478, -0.775909, -0.124789, 0.771713, 0.623608),
      ["LeftUpperLeg"] = CFrame.new(-0.237413, 0.218455, -0.158618, 0.999011, -0.007689, 0.043804, 0.000743, 0.987691, 0.156419, -0.044468, -0.156231, 0.986719),
      ["LowerTorso"] = CFrame.new(0.130224, -1.051568, -0.991231, 0.105389, -0.130215, 0.985869, 0.994394, 0.022400, -0.103342, -0.008627, 0.991233, 0.131845),
      ["RightUpperArm"] = CFrame.new(-0.301552, -0.303043, 0.075987, 0.891336, 0.010156, 0.453229, 0.132323, 0.950386, -0.281528, -0.433602, 0.310909, 0.845769),
      ["RightUpperLeg"] = CFrame.new(0.027949, 0.098071, -0.204996, 0.989010, 0.147814, -0.003156, -0.145834, 0.978827, 0.143636, 0.024320, -0.141597, 0.989626),
      ["рҹҢ§пёҸрҹҳірҹ‘»рҹҸіпёҸвҖҚрҹҢҲрҹҳӮрҹ’һрҹҸҙвҖҚвҳ пёҸрҹҺёрҹҢ§пёҸрҹҳірҹ‘»рҹҸіпёҸвҖҚрҹҢҲрҹҳӮрҹ’һрҹҸҙвҖҚвҳ"] = CFrame.new(0.000000, -0.000000, -0.000000, 0.988851, 0.144193, 0.037181, -0.148726, 0.943948, 0.294690, 0.007395, -0.296934, 0.954869)
    }},
    { Time = 0.033, Data = {
      ["Head"] = CFrame.new(0.000000, -0.000000, 0.000000, 0.864166, 0.445417, -0.234140, -0.296945, 0.827029, 0.477333, 0.406253, -0.342968, 0.846954),
      ["LeftUpperArm"] = CFrame.new(0.190392, -0.240789, -0.303585, 0.991950, 0.083410, 0.095278, 0.021512, 0.630478, -0.775909, -0.124789, 0.771713, 0.623608),
      ["LeftUpperLeg"] = CFrame.new(-0.237413, 0.218456, -0.158618, 0.999011, -0.007687, 0.043804, 0.000745, 0.987704, 0.156333, -0.044468, -0.156146, 0.986733),
      ["LowerTorso"] = CFrame.new(0.130259, -1.051568, -0.991231, 0.105389, -0.130215, 0.985869, 0.994394, 0.022400, -0.103342, -0.008627, 0.991233, 0.131845),
      ["RightUpperArm"] = CFrame.new(-0.301131, -0.302942, 0.075662, 0.890229, 0.011757, 0.455361, 0.131080, 0.950770, -0.280809, -0.436246, 0.309673, 0.844862),
      ["RightUpperLeg"] = CFrame.new(0.027949, 0.098072, -0.204993, 0.989010, 0.147814, -0.003162, -0.145835, 0.978839, 0.143550, 0.024314, -0.141512, 0.989638),
      ["рҹҢ§пёҸрҹҳірҹ‘»рҹҸіпёҸвҖҚрҹҢҲрҹҳӮрҹ’һрҹҸҙвҖҚвҳ пёҸрҹҺёрҹҢ§пёҸрҹҳірҹ‘»рҹҸіпёҸвҖҚрҹҢҲрҹҳӮрҹ’һрҹҸҙвҖҚвҳ"] = CFrame.new(0.000000, 0.000000, -0.000000, 0.988584, 0.146009, 0.037197, -0.150464, 0.943677, 0.294675, 0.007924, -0.296908, 0.954873)
    }},
    { Time = 0.050, Data = {
      ["Head"] = CFrame.new(0.000000, -0.000000, 0.000000, 0.864193, 0.445261, -0.234334, -0.295975, 0.826479, 0.478886, 0.406901, -0.344493, 0.846024),
      ["LeftUpperArm"] = CFrame.new(0.190393, -0.240808, -0.303569, 0.991950, 0.083415, 0.095274, 0.021518, 0.630403, -0.775969, -0.124788, 0.771773, 0.623534),
      ["LeftUpperLeg"] = CFrame.new(-0.237413, 0.218457, -0.158618, 0.999011, -0.007685, 0.043805, 0.000747, 0.987718, 0.156248, -0.044467, -0.156060, 0.986746),
      ["LowerTorso"] = CFrame.new(0.130316, -1.051567, -0.991231, 0.105389, -0.130215, 0.985869, 0.994394, 0.022400, -0.103342, -0.008627, 0.991233, 0.131845),
      ["RightUpperArm"] = CFrame.new(-0.300705, -0.302848, 0.075357, 0.889113, 0.013376, 0.457492, 0.129855, 0.951126, -0.280175, -0.438880, 0.308514, 0.843921),
      ["RightUpperLeg"] = CFrame.new(0.027949, 0.098072, -0.204990, 0.989010, 0.147814, -0.003168, -0.145836, 0.978851, 0.143465, 0.024308, -0.141426, 0.989650),
      ["рҹҢ§пёҸрҹҳірҹ‘»рҹҸіпёҸвҖҚрҹҢҲрҹҳӮрҹ’һрҹҸҙвҖҚвҳ пёҸрҹҺёрҹҢ§пёҸрҹҳірҹ‘»рҹҸіпёҸвҖҚрҹҢҲрҹҳӮрҹ’һрҹҸҙвҖҚвҳ"] = CFrame.new(0.000000, -0.000000, -0.000000, 0.988326, 0.147738, 0.037206, -0.152117, 0.943390, 0.294746, 0.008446, -0.296965, 0.954851)
    }},
    { Time = 0.067, Data = {
      ["Head"] = CFrame.new(0.000001, -0.000000, 0.000000, 0.864250, 0.445101, -0.234430, -0.295007, 0.825888, 0.480501, 0.407484, -0.346115, 0.845081),
      ["LeftUpperArm"] = CFrame.new(0.190394, -0.240828, -0.303553, 0.991950, 0.083419, 0.095270, 0.021524, 0.630329, -0.776030, -0.124787, 0.771833, 0.623460),
      ["LeftUpperLeg"] = CFrame.new(-0.237413, 0.218459, -0.158618, 0.999011, -0.007681, 0.043805, 0.000751, 0.987745, 0.156077, -0.044467, -0.155889, 0.986773),
      ["LowerTorso"] = CFrame.new(0.130548, -1.051652, -0.991209, 0.105466, -0.130367, 0.985840, 0.994385, 0.022484, -0.103407, -0.008685, 0.991211, 0.132006),
      ["RightUpperArm"] = CFrame.new(-0.300302, -0.302756, 0.075057, 0.887983, 0.014909, 0.459634, 0.128710, 0.951473, -0.279523, -0.441497, 0.307371, 0.842973),
      ["RightUpperLeg"] = CFrame.new(0.027949, 0.098074, -0.204983, 0.989010, 0.147813, -0.003181, -0.145838, 0.978876, 0.143294, 0.024295, -0.141255, 0.989675),
      ["рҹҢ§пёҸрҹҳірҹ‘»рҹҸіпёҸвҖҚрҹҢҲрҹҳӮрҹ’һрҹҸҙвҖҚвҳ пёҸрҹҺёрҹҢ§пёҸрҹҳірҹ‘»рҹҸіпёҸвҖҚрҹҢҲрҹҳӮрҹ’һрҹҸҙвҖҚвҳ"] = CFrame.new(0.000000, -0.000000, -0.000000, 0.988066, 0.149468, 0.037209, -0.153769, 0.943126, 0.294733, 0.008961, -0.296938, 0.954855)
    }},
    { Time = 0.083, Data = {
      ["Head"] = CFrame.new(0.000001, -0.000000, 0.000000, 0.864272, 0.445008, -0.234524, -0.294134, 0.825297, 0.482048, 0.408067, -0.347640, 0.844173),
      ["LeftUpperArm"] = CFrame.new(0.190396, -0.240867, -0.303522, 0.991950, 0.083429, 0.095262, 0.021536, 0.630181, -0.776150, -0.124785, 0.771953, 0.623311),
      ["LeftUpperLeg"] = CFrame.new(-0.237413, 0.218461, -0.158618, 0.999011, -0.007677, 0.043806, 0.000754, 0.987772, 0.155906, -0.044467, -0.155718, 0.986800),
      ["LowerTorso"] = CFrame.new(0.130659, -1.051566, -0.991210, 0.105379, -0.130377, 0.985848, 0.994395, 0.022398, -0.103331, -0.008609, 0.991212, 0.132006),
      ["RightUpperArm"] = CFrame.new(-0.299903, -0.302665, 0.074755, 0.886886, 0.016426, 0.461697, 0.127551, 0.951817, -0.278880, -0.444032, 0.306225, 0.842058),
      ["RightUpperLeg"] = CFrame.new(0.027949, 0.098075, -0.204977, 0.989010, 0.147813, -0.003194, -0.145840, 0.978901, 0.143123, 0.024282, -0.141085, 0.989700),
      ["рҹҢ§пёҸрҹҳірҹ‘»рҹҸіпёҸвҖҚрҹҢҲрҹҳӮрҹ’һрҹҸҙвҖҚвҳ пёҸрҹҺёрҹҢ§пёҸрҹҳірҹ‘»рҹҸіпёҸвҖҚрҹҢҲрҹҳӮрҹ’һрҹҸҙвҖҚвҳ"] = CFrame.new(0.000000, -0.000000, -0.000000, 0.987816, 0.151114, 0.037199, -0.155337, 0.942873, 0.294723, 0.009463, -0.296910, 0.954859)
    }},
    { Time = 0.100, Data = {
      ["Head"] = CFrame.new(0.000001, -0.000000, 0.000000, 0.864299, 0.444854, -0.234719, -0.293160, 0.824737, 0.483597, 0.408711, -0.349162, 0.843232),
      ["LeftUpperArm"] = CFrame.new(0.190397, -0.240886, -0.303506, 0.991950, 0.083433, 0.095258, 0.021542, 0.630107, -0.776210, -0.124784, 0.772013, 0.623237),
      ["LeftUpperLeg"] = CFrame.new(-0.237413, 0.218463, -0.158617, 0.999011, -0.007673, 0.043807, 0.000758, 0.987799, 0.155735, -0.044467, -0.155547, 0.986827),
      ["LowerTorso"] = CFrame.new(0.130859, -1.051649, -0.991198, 0.105379, -0.130452, 0.985838, 0.994394, 0.022482, -0.103319, -0.008685, 0.991200, 0.132090),
      ["RightUpperArm"] = CFrame.new(-0.299499, -0.302581, 0.074474, 0.885780, 0.017961, 0.463758, 0.126411, 0.952133, -0.278321, -0.446559, 0.305156, 0.841110),
      ["RightUpperLeg"] = CFrame.new(0.027950, 0.098073, -0.205014, 0.989009, 0.147819, -0.003293, -0.145836, 0.978925, 0.142959, 0.024355, -0.140907, 0.989723),
      ["рҹҢ§пёҸрҹҳірҹ‘»рҹҸіпёҸвҖҚрҹҢҲрҹҳӮрҹ’һрҹҸҙвҖҚвҳ пёҸрҹҺёрҹҢ§пёҸрҹҳірҹ‘»рҹҸіпёҸвҖҚрҹҢҲрҹҳӮрҹ’һрҹҸҙвҖҚвҳ"] = CFrame.new(0.000000, -0.000000, 0.000000, 0.987550, 0.152844, 0.037202, -0.156989, 0.942603, 0.294711, 0.009978, -0.296882, 0.954862)
    }},
    { Time = 0.117, Data = {
      ["Head"] = CFrame.new(0.000001, -0.000000, 0.000000, 0.864354, 0.444673, -0.234856, -0.292226, 0.824212, 0.485055, 0.409262, -0.350628, 0.842357),
      ["LeftUpperArm"] = CFrame.new(0.190400, -0.240925, -0.303475, 0.991950, 0.083442, 0.095250, 0.021553, 0.629958, -0.776330, -0.124782, 0.772133, 0.623089),
      ["LeftUpperLeg"] = CFrame.new(-0.237413, 0.218466, -0.158617, 0.999011, -0.007668, 0.043808, 0.000764, 0.987839, 0.155478, -0.044467, -0.155291, 0.986867),
      ["LowerTorso"] = CFrame.new(0.131081, -1.051650, -0.991188, 0.105456, -0.130529, 0.985820, 0.994386, 0.022482, -0.103396, -0.008667, 0.991190, 0.132167),
      ["RightUpperArm"] = CFrame.new(-0.299102, -0.302492, 0.074170, 0.884666, 0.019473, 0.465819, 0.125249, 0.952472, -0.277685, -0.449087, 0.304002, 0.840181),
      ["RightUpperLeg"] = CFrame.new(0.027950, 0.098074, -0.205004, 0.989009, 0.147818, -0.003312, -0.145839, 0.978962, 0.142703, 0.024336, -0.140651, 0.989760),
      ["рҹҢ§пёҸрҹҳірҹ‘»рҹҸіпёҸвҖҚрҹҢҲрҹҳӮрҹ’һрҹҸҙвҖҚвҳ пёҸрҹҺёрҹҢ§пёҸрҹҳірҹ‘»рҹҸіпёҸвҖҚрҹҢҲрҹҳӮрҹ’һрҹҸҙвҖҚвҳ"] = CFrame.new(0.000000, -0.000000, 0.000000, 0.987294, 0.154489, 0.037192, -0.158557, 0.942344, 0.294701, 0.010481, -0.296853, 0.954866)
    }},
    { Time = 0.133, Data = {
      ["Head"] = CFrame.new(0.000001, -0.000000, 0.000000, 0.864375, 0.444571, -0.234972, -0.291370, 0.823650, 0.486522, 0.409828, -0.352074, 0.841478),
      ["LeftUpperArm"] = CFrame.new(0.190404, -0.240984, -0.303427, 0.991950, 0.083456, 0.095238, 0.021571, 0.629736, -0.776510, -0.124779, 0.772314, 0.622866),
      ["LeftUpperLeg"] = CFrame.new(-0.237413, 0.218469, -0.158617, 0.999011, -0.007662, 0.043809, 0.000770, 0.987879, 0.155222, -0.044467, -0.155034, 0.986908),
      ["LowerTorso"] = CFrame.new(0.131334, -1.051647, -0.991177, 0.105369, -0.130614, 0.985818, 0.994395, 0.022480, -0.103308, -0.008667, 0.991178, 0.132251),
      ["RightUpperArm"] = CFrame.new(-0.298706, -0.302410, 0.073888, 0.883626, 0.020976, 0.467723, 0.124081, 0.952783, -0.277143, -0.451452, 0.302927, 0.839301),
      ["RightUpperLeg"] = CFrame.new(0.027950, 0.098077, -0.204992, 0.989009, 0.147818, -0.003338, -0.145843, 0.979011, 0.142361, 0.024311, -0.140309, 0.989809),
      ["рҹҢ§пёҸрҹҳірҹ‘»рҹҸіпёҸвҖҚрҹҢҲрҹҳӮрҹ’һрҹҸҙвҖҚвҳ пёҸрҹҺёрҹҢ§пёҸрҹҳірҹ‘»рҹҸіпёҸвҖҚрҹҢҲрҹҳӮрҹ’һрҹҸҙвҖҚвҳ"] = CFrame.new(0.000000, -0.000000, -0.000000, 0.987049, 0.156036, 0.037254, -0.160052, 0.942096, 0.294685, 0.010885, -0.296831, 0.954868)
    }},
    { Time = 0.150, Data = {
      ["Head"] = CFrame.new(0.000001, -0.000000, 0.000000, 0.864430, 0.444392, -0.235110, -0.290434, 0.823120, 0.487977, 0.410377, -0.353538, 0.840596),
      ["LeftUpperArm"] = CFrame.new(0.190406, -0.241023, -0.303396, 0.991950, 0.083465, 0.095230, 0.021583, 0.629587, -0.776630, -0.124777, 0.772434, 0.622718),
      ["LeftUpperLeg"] = CFrame.new(-0.237413, 0.218473, -0.158617, 0.999011, -0.007654, 0.043810, 0.000778, 0.987933, 0.154880, -0.044467, -0.154692, 0.986961),
      ["LowerTorso"] = CFrame.new(0.131598, -1.051647, -0.991167, 0.105446, -0.130691, 0.985800, 0.994387, 0.022480, -0.103384, -0.008649, 0.991168, 0.132327),
      ["RightUpperArm"] = CFrame.new(-0.298339, -0.302323, 0.073588, 0.882575, 0.022372, 0.469639, 0.122973, 0.953113, -0.276503, -0.453805, 0.301788, 0.838442),
      ["RightUpperLeg"] = CFrame.new(0.027950, 0.098078, -0.204982, 0.989009, 0.147817, -0.003357, -0.145846, 0.979048, 0.142105, 0.024292, -0.140053, 0.989846),
      ["рҹҢ§пёҸрҹҳірҹ‘»рҹҸіпёҸвҖҚрҹҢҲрҹҳӮрҹ’һрҹҸҙвҖҚвҳ пёҸрҹҺёрҹҢ§пёҸрҹҳірҹ‘»рҹҸіпёҸвҖҚрҹҢҲрҹҳӮрҹ’һрҹҸҙвҖҚвҳ"] = CFrame.new(0.000000, -0.000000, -0.000000, 0.986802, 0.157596, 0.037231, -0.161534, 0.941845, 0.294677, 0.011374, -0.296802, 0.954871)
    }},
    { Time = 0.167, Data = {
      ["Head"] = CFrame.new(0.000001, -0.000000, 0.000000, 0.864480, 0.444264, -0.235168, -0.289617, 0.822591, 0.489352, 0.410849, -0.354927, 0.839780),
      ["LeftUpperArm"] = CFrame.new(0.190430, -0.241082, -0.303350, 0.991947, 0.083556, 0.095180, 0.021524, 0.629362, -0.776815, -0.124811, 0.772608, 0.622495),
      ["LeftUpperLeg"] = CFrame.new(-0.237413, 0.218434, -0.158614, 0.999011, -0.007561, 0.043818, 0.000699, 0.987987, 0.154536, -0.044460, -0.154352, 0.987015),
      ["LowerTorso"] = CFrame.new(0.131968, -1.051645, -0.991146, 0.105436, -0.130852, 0.985779, 0.994389, 0.022477, -0.103373, -0.008631, 0.991147, 0.132488),
      ["RightUpperArm"] = CFrame.new(-0.297989, -0.302244, 0.073314, 0.881512, 0.023705, 0.471566, 0.121968, 0.953409, -0.275925, -0.456137, 0.300747, 0.837551),
      ["RightUpperLeg"] = CFrame.new(0.027950, 0.098077, -0.205012, 0.989008, 0.147823, -0.003468, -0.145844, 0.979097, 0.141769, 0.024353, -0.139705, 0.989894),
      ["рҹҢ§пёҸрҹҳірҹ‘»рҹҸіпёҸвҖҚрҹҢҲрҹҳӮрҹ’һрҹҸҙвҖҚвҳ пёҸрҹҺёрҹҢ§пёҸрҹҳірҹ‘»рҹҸіпёҸвҖҚрҹҢҲрҹҳӮрҹ’һрҹҸҙвҖҚвҳ"] = CFrame.new(0.000000, -0.000000, -0.000000, 0.986552, 0.159154, 0.037215, -0.163015, 0.941566, 0.294752, 0.011870, -0.296855, 0.954849)
    }},
    { Time = 0.183, Data = {
      ["Head"] = CFrame.new(0.000001, -0.000000, 0.000000, 0.864500, 0.444142, -0.235325, -0.288795, 0.822099, 0.490663, 0.411385, -0.356218, 0.838971),
      ["LeftUpperArm"] = CFrame.new(0.190434, -0.241140, -0.303302, 0.991947, 0.083570, 0.095168, 0.021542, 0.629139, -0.776994, -0.124808, 0.772787, 0.622272),
      ["LeftUpperLeg"] = CFrame.new(-0.237413, 0.218439, -0.158614, 0.999011, -0.007551, 0.043820, 0.000709, 0.988054, 0.154108, -0.044460, -0.153924, 0.987082),
      ["LowerTorso"] = CFrame.new(0.132282, -1.051642, -0.991135, 0.105349, -0.130938, 0.985777, 0.994398, 0.022475, -0.103285, -0.008631, 0.991136, 0.132572),
      ["RightUpperArm"] = CFrame.new(-0.297640, -0.302173, 0.073061, 0.880526, 0.025030, 0.473336, 0.120956, 0.953678, -0.275440, -0.458305, 0.299785, 0.836711),
      ["RightUpperLeg"] = CFrame.new(0.027950, 0.098080, -0.204996, 0.989008, 0.147822, -0.003501, -0.145850, 0.979158, 0.141342, 0.024321, -0.139278, 0.989955),
      ["рҹҢ§пёҸрҹҳірҹ‘»рҹҸіпёҸвҖҚрҹҢҲрҹҳӮрҹ’һрҹҸҙвҖҚвҳ пёҸрҹҺёрҹҢ§пёҸрҹҳірҹ‘»рҹҸіпёҸвҖҚрҹҢҲрҹҳӮрҹ’һрҹҸҙвҖҚвҳ"] = CFrame.new(0.000000, -0.000000, 0.000000, 0.986313, 0.160615, 0.037265, -0.164425, 0.941325, 0.294739, 0.012261, -0.296832, 0.954851)
    }},
    { Time = 0.200, Data = {
      ["Head"] = CFrame.new(0.000001, -0.000000, 0.000000, 0.864549, 0.444004, -0.235404, -0.287995, 0.821604, 0.491960, 0.411841, -0.357529, 0.838189),
      ["LeftUpperArm"] = CFrame.new(0.190438, -0.241219, -0.303239, 0.991947, 0.083588, 0.095152, 0.021566, 0.628841, -0.777235, -0.124804, 0.773028, 0.621975),
      ["LeftUpperLeg"] = CFrame.new(-0.237413, 0.218443, -0.158614, 0.999011, -0.007542, 0.043821, 0.000718, 0.988120, 0.153680, -0.044460, -0.153497, 0.987148),
      ["LowerTorso"] = CFrame.new(0.132681, -1.051726, -0.991112, 0.105426, -0.131090, 0.985749, 0.994389, 0.022559, -0.103350, -0.008689, 0.991114, 0.132733),
      ["RightUpperArm"] = CFrame.new(-0.297298, -0.302096, 0.072787, 0.879534, 0.026332, 0.475106, 0.119923, 0.953971, -0.274878, -0.460476, 0.298741, 0.835892),
      ["RightUpperLeg"] = CFrame.new(0.027950, 0.098082, -0.204981, 0.989008, 0.147821, -0.003533, -0.145855, 0.979219, 0.140915, 0.024289, -0.138851, 0.990015),
      ["рҹҢ§пёҸрҹҳірҹ‘»рҹҸіпёҸвҖҚрҹҢҲрҹҳӮрҹ’һрҹҸҙвҖҚвҳ пёҸрҹҺёрҹҢ§пёҸрҹҳірҹ‘»рҹҸіпёҸвҖҚрҹҢҲрҹҳӮрҹ’һрҹҸҙвҖҚвҳ"] = CFrame.new(-0.000000, -0.000000, 0.000000, 0.986073, 0.162090, 0.037229, -0.165822, 0.941082, 0.294732, 0.012738, -0.296801, 0.954854)
    }},
    { Time = 0.217, Data = {
      ["Head"] = CFrame.new(0.000001, -0.000000, 0.000000, 0.864565, 0.443933, -0.235481, -0.287292, 0.821113, 0.493190, 0.412300, -0.358743, 0.837444),
      ["LeftUpperArm"] = CFrame.new(0.190442, -0.241277, -0.303192, 0.991947, 0.083602, 0.095140, 0.021583, 0.628618, -0.777414, -0.124800, 0.773207, 0.621752),
      ["LeftUpperLeg"] = CFrame.new(-0.237413, 0.218448, -0.158614, 0.999011, -0.007532, 0.043823, 0.000728, 0.988187, 0.153253, -0.044460, -0.153069, 0.987215),
      ["LowerTorso"] = CFrame.new(0.133109, -1.051725, -0.991091, 0.105416, -0.131252, 0.985728, 0.994390, 0.022557, -0.103339, -0.008671, 0.991092, 0.132893),
      ["RightUpperArm"] = CFrame.new(-0.296979, -0.302027, 0.072538, 0.878617, 0.027543, 0.476732, 0.118967, 0.954232, -0.274388, -0.462471, 0.297797, 0.835127),
      ["RightUpperLeg"] = CFrame.new(0.027951, 0.098082, -0.205008, 0.989007, 0.147827, -0.003651, -0.145854, 0.979279, 0.140494, 0.024344, -0.138417, 0.990075),
      ["рҹҢ§пёҸрҹҳірҹ‘»рҹҸіпёҸвҖҚрҹҢҲрҹҳӮрҹ’һрҹҸҙвҖҚвҳ пёҸрҹҺёрҹҢ§пёҸрҹҳірҹ‘»рҹҸіпёҸвҖҚрҹҢҲрҹҳӮрҹ’һрҹҸҙвҖҚвҳ"] = CFrame.new(-0.000000, -0.000000, 0.000000, 0.985859, 0.163382, 0.037253, -0.167062, 0.940866, 0.294723, 0.013103, -0.296779, 0.954856)
    }},
    { Time = 0.233, Data = {
      ["Head"] = CFrame.new(0.000001, -0.000000, 0.000000, 0.864584, 0.443790, -0.235680, -0.286506, 0.820693, 0.494346, 0.412807, -0.359880, 0.836706),
      ["LeftUpperArm"] = CFrame.new(0.190467, -0.241356, -0.303131, 0.991944, 0.083698, 0.095087, 0.021530, 0.628318, -0.777659, -0.124833, 0.773441, 0.621454),
      ["LeftUpperLeg"] = CFrame.new(-0.237413, 0.218454, -0.158614, 0.999011, -0.007521, 0.043825, 0.000740, 0.988266, 0.152740, -0.044459, -0.152556, 0.987294),
      ["LowerTorso"] = CFrame.new(0.133554, -1.051723, -0.991070, 0.105406, -0.131414, 0.985708, 0.994392, 0.022554, -0.103327, -0.008653, 0.991071, 0.133054),
      ["RightUpperArm"] = CFrame.new(-0.296655, -0.301965, 0.072311, 0.877694, 0.028775, 0.478357, 0.118032, 0.954465, -0.273980, -0.464458, 0.296932, 0.834332),
      ["RightUpperLeg"] = CFrame.new(0.027945, 0.098043, -0.204986, 0.989019, 0.147740, -0.003695, -0.145775, 0.979365, 0.139981, 0.024300, -0.137905, 0.990147),
      ["рҹҢ§пёҸрҹҳірҹ‘»рҹҸіпёҸвҖҚрҹҢҲрҹҳӮрҹ’һрҹҸҙвҖҚвҳ пёҸрҹҺёрҹҢ§пёҸрҹҳірҹ‘»рҹҸіпёҸвҖҚрҹҢҲрҹҳӮрҹ’һрҹҸҙвҖҚвҳ"] = CFrame.new(0.000000, -0.000000, -0.000000, 0.985644, 0.164687, 0.037191, -0.168290, 0.940648, 0.294720, 0.013553, -0.296748, 0.954860)
    }},
    { Time = 0.250, Data = {
      ["Head"] = CFrame.new(0.000001, -0.000000, 0.000000, 0.864629, 0.443693, -0.235699, -0.285842, 0.820237, 0.495486, 0.413172, -0.361038, 0.836026),
      ["LeftUpperArm"] = CFrame.new(0.190473, -0.241454, -0.303052, 0.991944, 0.083721, 0.095067, 0.021560, 0.627946, -0.777958, -0.124828, 0.773741, 0.621082),
      ["LeftUpperLeg"] = CFrame.new(-0.237413, 0.218460, -0.158614, 0.999011, -0.007510, 0.043827, 0.000751, 0.988345, 0.152226, -0.044459, -0.152043, 0.987373),
      ["LowerTorso"] = CFrame.new(0.134016, -1.051720, -0.991048, 0.105395, -0.131575, 0.985687, 0.994393, 0.022552, -0.103316, -0.008635, 0.991050, 0.133214),
      ["RightUpperArm"] = CFrame.new(-0.296388, -0.301899, 0.072073, 0.876844, 0.029791, 0.479852, 0.117214, 0.954714, -0.273461, -0.466268, 0.296028, 0.833643),
      ["RightUpperLeg"] = CFrame.new(0.027945, 0.098043, -0.205010, 0.989018, 0.147745, -0.003819, -0.145775, 0.979437, 0.139475, 0.024348, -0.137386, 0.990218),
      ["рҹҢ§пёҸрҹҳірҹ‘»рҹҸіпёҸвҖҚрҹҢҲрҹҳӮрҹ’һрҹҸҙвҖҚвҳ пёҸрҹҺёрҹҢ§пёҸрҹҳірҹ‘»рҹҸіпёҸвҖҚрҹҢҲрҹҳӮрҹ’һрҹҸҙвҖҚвҳ"] = CFrame.new(-0.000000, -0.000000, -0.000000, 0.985427, 0.165979, 0.037215, -0.169530, 0.940428, 0.294710, 0.013918, -0.296725, 0.954862)
    }},
    { Time = 0.267, Data = {
      ["Head"] = CFrame.new(0.000001, -0.000000, 0.000000, 0.864643, 0.443601, -0.235818, -0.285175, 0.819818, 0.496561, 0.413603, -0.362099, 0.835354),
      ["LeftUpperArm"] = CFrame.new(0.190478, -0.241532, -0.302989, 0.991944, 0.083739, 0.095051, 0.021584, 0.627649, -0.778198, -0.124824, 0.773980, 0.620785),
      ["LeftUpperLeg"] = CFrame.new(-0.237413, 0.218466, -0.158613, 0.999011, -0.007498, 0.043829, 0.000763, 0.988424, 0.151713, -0.044459, -0.151529, 0.987452),
      ["LowerTorso"] = CFrame.new(0.134495, -1.051717, -0.991027, 0.105385, -0.131737, 0.985667, 0.994394, 0.022549, -0.103305, -0.008617, 0.991028, 0.133375),
      ["RightUpperArm"] = CFrame.new(-0.296091, -0.301846, 0.071872, 0.876036, 0.030919, 0.481254, 0.116344, 0.954915, -0.273132, -0.468002, 0.295264, 0.832943),
      ["RightUpperLeg"] = CFrame.new(0.027945, 0.098046, -0.204991, 0.989018, 0.147744, -0.003858, -0.145782, 0.979509, 0.138962, 0.024310, -0.136873, 0.990290),
      ["рҹҢ§пёҸрҹҳірҹ‘»рҹҸіпёҸвҖҚрҹҢҲрҹҳӮрҹ’һрҹҸҙвҖҚвҳ пёҸрҹҺёрҹҢ§пёҸрҹҳірҹ‘»рҹҸіпёҸвҖҚрҹҢҲрҹҳӮрҹ’һрҹҸҙвҖҚвҳ"] = CFrame.new(-0.000000, 0.000000, -0.000000, 0.985237, 0.167102, 0.037213, -0.170601, 0.940237, 0.294704, 0.014257, -0.296702, 0.954864)
    }},
    { Time = 0.283, Data = {
      ["Head"] = CFrame.new(0.000001, -0.000000, 0.000000, 0.864688, 0.443482, -0.235878, -0.284549, 0.819438, 0.497547, 0.413941, -0.363104, 0.834751),
      ["LeftUpperArm"] = CFrame.new(0.190494, -0.241631, -0.302911, 0.991952, 0.083802, 0.094916, 0.021499, 0.627273, -0.778503, -0.124779, 0.774278, 0.620423),
      ["LeftUpperLeg"] = CFrame.new(-0.237413, 0.218472, -0.158613, 0.999011, -0.007485, 0.043831, 0.000776, 0.988516, 0.151114, -0.044459, -0.150931, 0.987544),
      ["LowerTorso"] = CFrame.new(0.134989, -1.051715, -0.991005, 0.105375, -0.131899, 0.985646, 0.994395, 0.022547, -0.103293, -0.008599, 0.991007, 0.133536),
      ["RightUpperArm"] = CFrame.new(-0.295848, -0.301788, 0.071661, 0.875259, 0.031845, 0.482605, 0.115604, 0.955133, -0.272686, -0.469635, 0.294462, 0.832307),
      ["RightUpperLeg"] = CFrame.new(0.027945, 0.098050, -0.204969, 0.989018, 0.147743, -0.003903, -0.145789, 0.979592, 0.138364, 0.024265, -0.136275, 0.990374),
      ["рҹҢ§пёҸрҹҳірҹ‘»рҹҸіпёҸвҖҚрҹҢҲрҹҳӮрҹ’һрҹҸҙвҖҚвҳ пёҸрҹҺёрҹҢ§пёҸрҹҳірҹ‘»рҹҸіпёҸвҖҚрҹҢҲрҹҳӮрҹ’һрҹҸҙвҖҚвҳ"] = CFrame.new(-0.000000, -0.000000, -0.000000, 0.985046, 0.168225, 0.037211, -0.171672, 0.940044, 0.294698, 0.014596, -0.296679, 0.954866)
    }},
    { Time = 0.300, Data = {
      ["Head"] = CFrame.new(0.000001, -0.000000, 0.000000, 0.864698, 0.443430, -0.235937, -0.284019, 0.819063, 0.498467, 0.414282, -0.364013, 0.834185),
      ["LeftUpperArm"] = CFrame.new(0.190499, -0.241709, -0.302848, 0.991952, 0.083821, 0.094900, 0.021522, 0.626975, -0.778742, -0.124775, 0.774517, 0.620125),
      ["LeftUpperLeg"] = CFrame.new(-0.237412, 0.218436, -0.158610, 0.999011, -0.007386, 0.043840, 0.000704, 0.988608, 0.150513, -0.044452, -0.150334, 0.987635),
      ["LowerTorso"] = CFrame.new(0.135573, -1.051796, -0.990972, 0.105365, -0.132136, 0.985616, 0.994396, 0.022629, -0.103270, -0.008657, 0.990973, 0.133780),
      ["RightUpperArm"] = CFrame.new(-0.295602, -0.301738, 0.071471, 0.874522, 0.032779, 0.483876, 0.114872, 0.955323, -0.272327, -0.471185, 0.293740, 0.831686),
      ["RightUpperLeg"] = CFrame.new(0.027946, 0.098051, -0.204989, 0.989017, 0.147748, -0.004033, -0.145790, 0.979676, 0.137772, 0.024307, -0.135670, 0.990456),
      ["рҹҢ§пёҸрҹҳірҹ‘»рҹҸіпёҸвҖҚрҹҢҲрҹҳӮрҹ’һрҹҸҙвҖҚвҳ пёҸрҹҺёрҹҢ§пёҸрҹҳірҹ‘»рҹҸіпёҸвҖҚрҹҢҲрҹҳӮрҹ’һрҹҸҙвҖҚвҳ"] = CFrame.new(0.000000, -0.000000, -0.000000, 0.984869, 0.169264, 0.037196, -0.172659, 0.939864, 0.294694, 0.014922, -0.296657, 0.954868)
    }},
    { Time = 0.317, Data = {
      ["Head"] = CFrame.new(0.000001, -0.000000, 0.000000, 0.864709, 0.443368, -0.236016, -0.283508, 0.818726, 0.499310, 0.414610, -0.364846, 0.833658),
      ["LeftUpperArm"] = CFrame.new(0.190505, -0.241806, -0.302769, 0.991952, 0.083843, 0.094880, 0.021552, 0.626603, -0.779041, -0.124769, 0.774816, 0.619753),
      ["LeftUpperLeg"] = CFrame.new(-0.237412, 0.218443, -0.158610, 0.999011, -0.007372, 0.043842, 0.000717, 0.988699, 0.149914, -0.044452, -0.149735, 0.987726),
      ["LowerTorso"] = CFrame.new(0.136094, -1.051795, -0.990950, 0.105355, -0.132298, 0.985595, 0.994397, 0.022626, -0.103259, -0.008639, 0.990952, 0.133941),
      ["RightUpperArm"] = CFrame.new(-0.295380, -0.301695, 0.071308, 0.873865, 0.033624, 0.485004, 0.114219, 0.955484, -0.272037, -0.472561, 0.293121, 0.831124),
      ["RightUpperLeg"] = CFrame.new(0.027947, 0.098052, -0.205010, 0.989016, 0.147752, -0.004164, -0.145792, 0.979758, 0.137180, 0.024349, -0.135066, 0.990537),
      ["рҹҢ§пёҸрҹҳірҹ‘»рҹҸіпёҸвҖҚрҹҢҲрҹҳӮрҹ’һрҹҸҙвҖҚвҳ пёҸрҹҺёрҹҢ§пёҸрҹҳірҹ‘»рҹҸіпёҸвҖҚрҹҢҲрҹҳӮрҹ’һрҹҸҙвҖҚвҳ"] = CFrame.new(0.000000, -0.000000, -0.000000, 0.984704, 0.170204, 0.037253, -0.173573, 0.939699, 0.294683, 0.015150, -0.296642, 0.954869)
    }},
    { Time = 0.333, Data = {
      ["Head"] = CFrame.new(0.000001, -0.000000, 0.000000, 0.864719, 0.443294, -0.236115, -0.283015, 0.818428, 0.500077, 0.414925, -0.365602, 0.833170),
      ["LeftUpperArm"] = CFrame.new(0.190532, -0.241905, -0.302692, 0.991949, 0.083944, 0.094822, 0.021505, 0.626227, -0.779344, -0.124801, 0.775108, 0.619380),
      ["LeftUpperLeg"] = CFrame.new(-0.237412, 0.218450, -0.158610, 0.999011, -0.007359, 0.043844, 0.000731, 0.988789, 0.149315, -0.044452, -0.149136, 0.987817),
      ["LowerTorso"] = CFrame.new(0.136704, -1.051792, -0.990919, 0.105421, -0.132536, 0.985556, 0.994390, 0.022624, -0.103324, -0.008603, 0.990920, 0.134178),
      ["RightUpperArm"] = CFrame.new(-0.295183, -0.301654, 0.071152, 0.873245, 0.034373, 0.486067, 0.113636, 0.955640, -0.271733, -0.473846, 0.292524, 0.830602),
      ["RightUpperLeg"] = CFrame.new(0.027947, 0.098056, -0.204988, 0.989016, 0.147751, -0.004209, -0.145799, 0.979841, 0.136581, 0.024304, -0.134467, 0.990620),
      ["рҹҢ§пёҸрҹҳірҹ‘»рҹҸіпёҸвҖҚрҹҢҲрҹҳӮрҹ’һрҹҸҙвҖҚвҳ пёҸрҹҺёрҹҢ§пёҸрҹҳірҹ‘»рҹҸіпёҸвҖҚрҹҢҲрҹҳӮрҹ’һрҹҸҙвҖҚвҳ"] = CFrame.new(0.000000, -0.000000, -0.000000, 0.984555, 0.171074, 0.037212, -0.174391, 0.939548, 0.294682, 0.015450, -0.296620, 0.954871)
    }},
    { Time = 0.350, Data = {
      ["Head"] = CFrame.new(0.000001, -0.000000, 0.000000, 0.864760, 0.443193, -0.236157, -0.282565, 0.818170, 0.500755, 0.415148, -0.366303, 0.832751),
      ["LeftUpperArm"] = CFrame.new(0.190539, -0.242023, -0.302598, 0.991949, 0.083971, 0.094798, 0.021541, 0.625780, -0.779703, -0.124795, 0.775467, 0.618932),
      ["LeftUpperLeg"] = CFrame.new(-0.237412, 0.218457, -0.158610, 0.999011, -0.007344, 0.043847, 0.000746, 0.988892, 0.148631, -0.044451, -0.148451, 0.987920),
      ["LowerTorso"] = CFrame.new(0.137326, -1.051873, -0.990885, 0.105411, -0.132773, 0.985525, 0.994391, 0.022705, -0.103300, -0.008661, 0.990886, 0.134422),
      ["RightUpperArm"] = CFrame.new(-0.294993, -0.301613, 0.070995, 0.872710, 0.035095, 0.486977, 0.113028, 0.955796, -0.271439, -0.474976, 0.291929, 0.830166),
      ["RightUpperLeg"] = CFrame.new(0.027947, 0.098057, -0.205006, 0.989014, 0.147755, -0.004346, -0.145802, 0.979935, 0.135904, 0.024340, -0.133777, 0.990713),
      ["рҹҢ§пёҸрҹҳірҹ‘»рҹҸіпёҸвҖҚрҹҢҲрҹҳӮрҹ’һрҹҸҙвҖҚвҳ пёҸрҹҺёрҹҢ§пёҸрҹҳірҹ‘»рҹҸіпёҸвҖҚрҹҢҲрҹҳӮрҹ’һрҹҸҙвҖҚвҳ"] = CFrame.new(0.000000, -0.000000, -0.000000, 0.984420, 0.171846, 0.037243, -0.175137, 0.939411, 0.294675, 0.015652, -0.296607, 0.954871)
    }},
    { Time = 0.367, Data = {
      ["Head"] = CFrame.new(0.000001, -0.000000, 0.000000, 0.864737, 0.443187, -0.236254, -0.282169, 0.817877, 0.501456, 0.415465, -0.366964, 0.832302),
      ["LeftUpperArm"] = CFrame.new(0.190545, -0.242121, -0.302519, 0.991949, 0.083994, 0.094778, 0.021571, 0.625406, -0.780001, -0.124790, 0.775765, 0.618559),
      ["LeftUpperLeg"] = CFrame.new(-0.237412, 0.218465, -0.158609, 0.999011, -0.007329, 0.043849, 0.000761, 0.988995, 0.147946, -0.044451, -0.147766, 0.988023),
      ["LowerTorso"] = CFrame.new(0.137881, -1.051870, -0.990864, 0.105401, -0.132935, 0.985505, 0.994392, 0.022703, -0.103289, -0.008643, 0.990865, 0.134582),
      ["RightUpperArm"] = CFrame.new(-0.294844, -0.301581, 0.070871, 0.872209, 0.035660, 0.487832, 0.112594, 0.955918, -0.271187, -0.475998, 0.291459, 0.829746),
      ["RightUpperLeg"] = CFrame.new(0.027947, 0.098061, -0.204980, 0.989014, 0.147754, -0.004398, -0.145810, 0.980028, 0.135220, 0.024289, -0.133093, 0.990806),
      ["рҹҢ§пёҸрҹҳірҹ‘»рҹҸіпёҸвҖҚрҹҢҲрҹҳӮрҹ’һрҹҸҙвҖҚвҳ пёҸрҹҺёрҹҢ§пёҸрҹҳірҹ‘»рҹҸіпёҸвҖҚрҹҢҲрҹҳӮрҹ’һрҹҸҙвҖҚвҳ"] = CFrame.new(0.000000, -0.000000, -0.000000, 0.984299, 0.172533, 0.037261, -0.175799, 0.939289, 0.294670, 0.015841, -0.296593, 0.954872)
    }},
    { Time = 0.383, Data = {
      ["Head"] = CFrame.new(0.000001, -0.000000, 0.000000, 0.864807, 0.443048, -0.236259, -0.281779, 0.817697, 0.501968, 0.415584, -0.367533, 0.831992),
      ["LeftUpperArm"] = CFrame.new(0.190573, -0.242239, -0.302427, 0.991946, 0.084099, 0.094717, 0.021529, 0.624955, -0.780364, -0.124821, 0.776118, 0.618111),
      ["LeftUpperLeg"] = CFrame.new(-0.237412, 0.218473, -0.158609, 0.999011, -0.007313, 0.043852, 0.000777, 0.989097, 0.147261, -0.044451, -0.147082, 0.988125),
      ["LowerTorso"] = CFrame.new(0.138522, -1.051952, -0.990830, 0.105390, -0.133172, 0.985474, 0.994393, 0.022784, -0.103265, -0.008701, 0.990831, 0.134827),
      ["RightUpperArm"] = CFrame.new(-0.294699, -0.301548, 0.070748, 0.871751, 0.036211, 0.488609, 0.112148, 0.956041, -0.270941, -0.476942, 0.290990, 0.829368),
      ["RightUpperLeg"] = CFrame.new(0.027948, 0.098063, -0.204998, 0.989013, 0.147758, -0.004535, -0.145813, 0.980121, 0.134542, 0.024324, -0.132403, 0.990897),
      ["рҹҢ§пёҸрҹҳірҹ‘»рҹҸіпёҸвҖҚрҹҢҲрҹҳӮрҹ’һрҹҸҙвҖҚвҳ пёҸрҹҺёрҹҢ§пёҸрҹҳірҹ‘»рҹҸіпёҸвҖҚрҹҢҲрҹҳӮрҹ’һрҹҸҙвҖҚвҳ"] = CFrame.new(0.000000, -0.000000, -0.000000, 0.984194, 0.173149, 0.037182, -0.176363, 0.939182, 0.294674, 0.016102, -0.296573, 0.954874)
    }},
    { Time = 0.400, Data = {
      ["Head"] = CFrame.new(0.000001, -0.000000, 0.000000, 0.864780, 0.443069, -0.236316, -0.281541, 0.817490, 0.502439, 0.415801, -0.367967, 0.831691),
      ["LeftUpperArm"] = CFrame.new(0.190579, -0.242337, -0.302348, 0.991946, 0.084121, 0.094696, 0.021559, 0.624582, -0.780662, -0.124816, 0.776416, 0.617737),
      ["LeftUpperLeg"] = CFrame.new(-0.237412, 0.218438, -0.158606, 0.999012, -0.007212, 0.043861, 0.000706, 0.989199, 0.146575, -0.044444, -0.146399, 0.988227),
      ["LowerTorso"] = CFrame.new(0.139171, -1.051950, -0.990798, 0.105456, -0.133410, 0.985434, 0.994386, 0.022781, -0.103330, -0.008664, 0.990799, 0.135064),
      ["RightUpperArm"] = CFrame.new(-0.294581, -0.301524, 0.070653, 0.871419, 0.036663, 0.489167, 0.111769, 0.956134, -0.270769, -0.477636, 0.290627, 0.829095),
      ["RightUpperLeg"] = CFrame.new(0.027948, 0.098067, -0.204973, 0.989013, 0.147757, -0.004586, -0.145821, 0.980213, 0.133858, 0.024274, -0.131719, 0.990990),
      ["рҹҢ§пёҸрҹҳірҹ‘»рҹҸіпёҸвҖҚрҹҢҲрҹҳӮрҹ’һрҹҸҙвҖҚвҳ пёҸрҹҺёрҹҢ§пёҸрҹҳірҹ‘»рҹҸіпёҸвҖҚрҹҢҲрҹҳӮрҹ’һрҹҸҙвҖҚвҳ"] = CFrame.new(0.000000, 0.000000, -0.000000, 0.984101, 0.173654, 0.037267, -0.176868, 0.939064, 0.294747, 0.016188, -0.296652, 0.954848)
    }},
    { Time = 0.417, Data = {
      ["Head"] = CFrame.new(0.000001, -0.000000, 0.000000, 0.864817, 0.442986, -0.236338, -0.281267, 0.817356, 0.502810, 0.415910, -0.368364, 0.831461),
      ["LeftUpperArm"] = CFrame.new(0.190586, -0.242455, -0.302254, 0.991946, 0.084149, 0.094672, 0.021595, 0.624133, -0.781020, -0.124810, 0.776773, 0.617289),
      ["LeftUpperLeg"] = CFrame.new(-0.237414, 0.218443, -0.158649, 0.999008, -0.007203, 0.043949, 0.000715, 0.989301, 0.145890, -0.044530, -0.145714, 0.988324),
      ["LowerTorso"] = CFrame.new(0.139837, -1.051945, -0.990765, 0.105360, -0.133657, 0.985411, 0.994397, 0.022776, -0.103231, -0.008646, 0.990766, 0.135308),
      ["RightUpperArm"] = CFrame.new(-0.294478, -0.301507, 0.070584, 0.871083, 0.037053, 0.489736, 0.111493, 0.956198, -0.270656, -0.478313, 0.290366, 0.828797),
      ["RightUpperLeg"] = CFrame.new(0.027948, 0.098068, -0.204990, 0.989012, 0.147761, -0.004723, -0.145824, 0.980305, 0.133180, 0.024309, -0.131028, 0.991081),
      ["рҹҢ§пёҸрҹҳірҹ‘»рҹҸіпёҸвҖҚрҹҢҲрҹҳӮрҹ’һрҹҸҙвҖҚвҳ пёҸрҹҺёрҹҢ§пёҸрҹҳірҹ‘»рҹҸіпёҸвҖҚрҹҢҲрҹҳӮрҹ’һрҹҸҙвҖҚвҳ"] = CFrame.new(0.000000, -0.000000, -0.000000, 0.984041, 0.174004, 0.037234, -0.177192, 0.939003, 0.294748, 0.016325, -0.296642, 0.954849)
    }},
    { Time = 0.433, Data = {
      ["Head"] = CFrame.new(0.000001, -0.000000, 0.000000, 0.864820, 0.442969, -0.236358, -0.281089, 0.817229, 0.503115, 0.416023, -0.368667, 0.831270),
      ["LeftUpperArm"] = CFrame.new(0.190604, -0.242574, -0.302161, 0.991953, 0.084216, 0.094533, 0.021516, 0.623681, -0.781383, -0.124764, 0.777129, 0.616851),
      ["LeftUpperLeg"] = CFrame.new(-0.237414, 0.218451, -0.158649, 0.999008, -0.007186, 0.043952, 0.000732, 0.989414, 0.145119, -0.044530, -0.144943, 0.988437),
      ["LowerTorso"] = CFrame.new(0.140499, -1.051943, -0.990733, 0.105426, -0.133895, 0.985372, 0.994390, 0.022774, -0.103296, -0.008610, 0.990734, 0.135545),
      ["RightUpperArm"] = CFrame.new(-0.294407, -0.301490, 0.070522, 0.870875, 0.037322, 0.490086, 0.111264, 0.956259, -0.270536, -0.478746, 0.290132, 0.828629),
      ["RightUpperLeg"] = CFrame.new(0.027949, 0.098071, -0.205005, 0.989011, 0.147764, -0.004867, -0.145828, 0.980408, 0.132417, 0.024338, -0.130252, 0.991182),
      ["рҹҢ§пёҸрҹҳірҹ‘»рҹҸіпёҸвҖҚрҹҢҲрҹҳӮрҹ’һрҹҸҙвҖҚвҳ пёҸрҹҺёрҹҢ§пёҸрҹҳірҹ‘»рҹҸіпёҸвҖҚрҹҢҲрҹҳӮрҹ’һрҹҸҙвҖҚвҳ"] = CFrame.new(0.000000, -0.000000, -0.000000, 0.983980, 0.174354, 0.037200, -0.177517, 0.938941, 0.294749, 0.016462, -0.296631, 0.954850)
    }},
    { Time = 0.450, Data = {
      ["Head"] = CFrame.new(0.000001, -0.000000, 0.000000, 0.864823, 0.442930, -0.236418, -0.280950, 0.817182, 0.503269, 0.416110, -0.368817, 0.831160),
      ["LeftUpperArm"] = CFrame.new(0.190611, -0.242692, -0.302067, 0.991953, 0.084243, 0.094509, 0.021552, 0.623232, -0.781740, -0.124757, 0.777486, 0.616401),
      ["LeftUpperLeg"] = CFrame.new(-0.237414, 0.218459, -0.158649, 0.999008, -0.007171, 0.043955, 0.000748, 0.989514, 0.144434, -0.044530, -0.144258, 0.988538),
      ["LowerTorso"] = CFrame.new(0.141166, -1.052023, -0.990699, 0.105415, -0.134132, 0.985341, 0.994390, 0.022855, -0.103272, -0.008668, 0.990700, 0.135789),
      ["RightUpperArm"] = CFrame.new(-0.294340, -0.301475, 0.070461, 0.870710, 0.037578, 0.490360, 0.111022, 0.956319, -0.270422, -0.479102, 0.289899, 0.828504),
      ["RightUpperLeg"] = CFrame.new(0.027949, 0.098074, -0.204980, 0.989011, 0.147763, -0.004918, -0.145836, 0.980499, 0.131733, 0.024287, -0.129568, 0.991273),
      ["рҹҢ§пёҸрҹҳірҹ‘»рҹҸіпёҸвҖҚрҹҢҲрҹҳӮрҹ’һрҹҸҙвҖҚвҳ пёҸрҹҺёрҹҢ§пёҸрҹҳірҹ‘»рҹҸіпёҸвҖҚрҹҢҲрҹҳӮрҹ’һрҹҸҙвҖҚвҳ"] = CFrame.new(-0.000000, 0.000000, -0.000000, 0.983934, 0.174607, 0.037239, -0.177770, 0.938895, 0.294745, 0.016501, -0.296629, 0.954850)
    }},
    { Time = 0.467, Data = {
      ["Head"] = CFrame.new(0.000001, -0.000000, 0.000000, 0.864793, 0.442969, -0.236455, -0.280889, 0.817102, 0.503434, 0.416214, -0.368949, 0.831049),
      ["LeftUpperArm"] = CFrame.new(0.190638, -0.242811, -0.301975, 0.991950, 0.084348, 0.094447, 0.021510, 0.622780, -0.782102, -0.124788, 0.777837, 0.615952),
      ["LeftUpperLeg"] = CFrame.new(-0.237414, 0.218468, -0.158648, 0.999008, -0.007154, 0.043957, 0.000765, 0.989626, 0.143664, -0.044529, -0.143488, 0.988650),
      ["LowerTorso"] = CFrame.new(0.141760, -1.052020, -0.990677, 0.105405, -0.134294, 0.985320, 0.994392, 0.022852, -0.103261, -0.008650, 0.990678, 0.135949),
      ["RightUpperArm"] = CFrame.new(-0.294308, -0.301474, 0.070454, 0.870582, 0.037699, 0.490578, 0.110976, 0.956322, -0.270429, -0.479346, 0.289872, 0.828373),
      ["RightUpperLeg"] = CFrame.new(0.027950, 0.098077, -0.204994, 0.989009, 0.147766, -0.005062, -0.145840, 0.980601, 0.130970, 0.024316, -0.128792, 0.991373),
      ["рҹҢ§пёҸрҹҳірҹ‘»рҹҸіпёҸвҖҚрҹҢҲрҹҳӮрҹ’һрҹҸҙвҖҚвҳ пёҸрҹҺёрҹҢ§пёҸрҹҳірҹ‘»рҹҸіпёҸвҖҚрҹҢҲрҹҳӮрҹ’һрҹҸҙвҖҚвҳ"] = CFrame.new(-0.000000, -0.000000, -0.000000, 0.983903, 0.174775, 0.037265, -0.177938, 0.938864, 0.294741, 0.016527, -0.296628, 0.954850)
    }},
    { Time = 0.483, Data = {
      ["Head"] = CFrame.new(0.000001, -0.000000, 0.000000, 0.864793, 0.442980, -0.236435, -0.280870, 0.817062, 0.503510, 0.416227, -0.369025, 0.831009),
      ["LeftUpperArm"] = CFrame.new(0.190645, -0.242929, -0.301881, 0.991950, 0.084375, 0.094423, 0.021546, 0.622330, -0.782458, -0.124782, 0.778194, 0.615502),
      ["LeftUpperLeg"] = CFrame.new(-0.237414, 0.218433, -0.158645, 0.999008, -0.007051, 0.043966, 0.000697, 0.989738, 0.142891, -0.044523, -0.142719, 0.988761),
      ["LowerTorso"] = CFrame.new(0.142519, -1.052015, -0.990634, 0.105384, -0.134617, 0.985278, 0.994394, 0.022847, -0.103238, -0.008613, 0.990634, 0.136270),
      ["RightUpperArm"] = CFrame.new(-0.294311, -0.301467, 0.070432, 0.870538, 0.037690, 0.490656, 0.110966, 0.956348, -0.270343, -0.479427, 0.289790, 0.828354),
      ["RightUpperLeg"] = CFrame.new(0.027950, 0.098079, -0.205009, 0.989008, 0.147770, -0.005205, -0.145844, 0.980702, 0.130206, 0.024345, -0.128016, 0.991473),
      ["рҹҢ§пёҸрҹҳірҹ‘»рҹҸіпёҸвҖҚрҹҢҲрҹҳӮрҹ’һрҹҸҙвҖҚвҳ пёҸрҹҺёрҹҢ§пёҸрҹҳірҹ‘»рҹҸіпёҸвҖҚрҹҢҲрҹҳӮрҹ’һрҹҸҙвҖҚвҳ"] = CFrame.new(-0.000000, -0.000000, 0.000000, 0.983903, 0.174775, 0.037265, -0.177938, 0.938864, 0.294741, 0.016527, -0.296628, 0.954850)
    }},
    { Time = 0.500, Data = {
      ["Head"] = CFrame.new(0.000001, -0.000000, 0.000000, 0.864793, 0.442969, -0.236455, -0.280889, 0.817102, 0.503434, 0.416214, -0.368949, 0.831049),
      ["LeftUpperArm"] = CFrame.new(0.190652, -0.243047, -0.301787, 0.991950, 0.084403, 0.094398, 0.021582, 0.621880, -0.782815, -0.124776, 0.778551, 0.615053),
      ["LeftUpperLeg"] = CFrame.new(-0.237414, 0.218441, -0.158645, 0.999008, -0.007035, 0.043969, 0.000712, 0.989837, 0.142206, -0.044522, -0.142034, 0.988860),
      ["LowerTorso"] = CFrame.new(0.143117, -1.052013, -0.990612, 0.105374, -0.134778, 0.985257, 0.994395, 0.022844, -0.103226, -0.008595, 0.990612, 0.136430),
      ["RightUpperArm"] = CFrame.new(-0.294308, -0.301474, 0.070454, 0.870582, 0.037699, 0.490578, 0.110976, 0.956322, -0.270429, -0.479346, 0.289872, 0.828373),
      ["RightUpperLeg"] = CFrame.new(0.027950, 0.098083, -0.204983, 0.989008, 0.147768, -0.005256, -0.145852, 0.980791, 0.129522, 0.024295, -0.127331, 0.991563),
      ["рҹҢ§пёҸрҹҳірҹ‘»рҹҸіпёҸвҖҚрҹҢҲрҹҳӮрҹ’һрҹҸҙвҖҚвҳ пёҸрҹҺёрҹҢ§пёҸрҹҳірҹ‘»рҹҸіпёҸвҖҚрҹҢҲрҹҳӮрҹ’һрҹҸҙвҖҚвҳ"] = CFrame.new(-0.000000, -0.000000, -0.000000, 0.983903, 0.174775, 0.037265, -0.177938, 0.938864, 0.294741, 0.016527, -0.296628, 0.954850)
    }},
    { Time = 0.517, Data = {
      ["Head"] = CFrame.new(0.000001, -0.000000, 0.000000, 0.864823, 0.442941, -0.236398, -0.280931, 0.817142, 0.503345, 0.416123, -0.368893, 0.831120),
      ["LeftUpperArm"] = CFrame.new(0.190680, -0.243166, -0.301694, 0.991947, 0.084507, 0.094336, 0.021540, 0.621427, -0.783176, -0.124807, 0.778901, 0.614602),
      ["LeftUpperLeg"] = CFrame.new(-0.237414, 0.218450, -0.158645, 0.999008, -0.007018, 0.043972, 0.000729, 0.989947, 0.141435, -0.044522, -0.141263, 0.988970),
      ["LowerTorso"] = CFrame.new(0.143866, -1.052094, -0.990567, 0.105440, -0.135091, 0.985207, 0.994388, 0.022925, -0.103279, -0.008634, 0.990568, 0.136751),
      ["RightUpperArm"] = CFrame.new(-0.294336, -0.301474, 0.070460, 0.870666, 0.037591, 0.490437, 0.111034, 0.956319, -0.270416, -0.479179, 0.289898, 0.828461),
      ["RightUpperLeg"] = CFrame.new(0.027951, 0.098085, -0.204998, 0.989007, 0.147772, -0.005400, -0.145856, 0.980891, 0.128758, 0.024324, -0.126555, 0.991661),
      ["рҹҢ§пёҸрҹҳірҹ‘»рҹҸіпёҸвҖҚрҹҢҲрҹҳӮрҹ’һрҹҸҙвҖҚвҳ пёҸрҹҺёрҹҢ§пёҸрҹҳірҹ‘»рҹҸіпёҸвҖҚрҹҢҲрҹҳӮрҹ’һрҹҸҙвҖҚвҳ"] = CFrame.new(0.000000, -0.000000, -0.000000, 0.983934, 0.174607, 0.037239, -0.177770, 0.938895, 0.294745, 0.016501, -0.296629, 0.954850)
    }},
    { Time = 0.533, Data = {
