return {
  ["Astros doggy hump"] = {
    { Time = 0.000, Data = {
      ["Balls"] = CFrame.new(0.000000, 0.000000, 0.000000, 0.886640, 0.462461, 0.000000, -0.462461, 0.886640, -0.000000, -0.000000, 0.000000, 1.000000),
      ["Cock"] = CFrame.new(0.000000, 0.000000, 0.000000, 0.951122, 0.308814, 0.000000, -0.308814, 0.951122, -0.000000, -0.000000, 0.000000, 1.000000),
      ["Head"] = CFrame.new(0.000000, 0.000000, 0.000000, 1.000000, -0.000000, 0.000000, 0.000000, 0.952036, 0.305987, -0.000000, -0.305987, 0.952036),
      ["LeftUpperArm"] = CFrame.new(0.004423, -0.955625, -0.236321, 0.984214, -0.105924, 0.141782, 0.166387, 0.280805, -0.945232, 0.060309, 0.953902, 0.293997),
      ["LeftUpperLeg"] = CFrame.new(-0.515660, 0.115839, -1.145808, 0.997492, 0.069010, -0.015725, -0.022189, 0.515872, 0.856378, 0.067211, -0.853881, 0.516110),
      ["LowerTorso"] = CFrame.new(-0.001459, -0.833180, -2.280627, -1.000000, 0.000170, -0.000586, 0.000001, 0.960840, 0.277103, 0.000610, 0.277103, -0.960840),
      ["RightUpperArm"] = CFrame.new(0.004205, -0.926540, -0.217513, 0.964767, 0.105094, -0.241205, -0.262116, 0.304480, -0.915744, -0.022797, 0.946703, 0.321299),
      ["RightUpperLeg"] = CFrame.new(0.515660, 0.115822, -1.145798, 0.997492, -0.069010, 0.015725, 0.022189, 0.515872, 0.856378, -0.067211, -0.853881, 0.516110)
    }},
    { Time = 0.017, Data = {
      ["Balls"] = CFrame.new(-0.000001, -0.000001, 0.000000, 0.886598, 0.462540, 0.000000, -0.462540, 0.886598, -0.000000, -0.000000, 0.000000, 1.000000),
      ["Cock"] = CFrame.new(-0.000000, 0.000000, 0.000000, 0.951176, 0.308648, 0.000000, -0.308648, 0.951176, -0.000000, -0.000000, 0.000000, 1.000000),
      ["Head"] = CFrame.new(0.000000, -0.000000, 0.000000, 1.000000, -0.000000, 0.000000, 0.000000, 0.953653, 0.300909, -0.000000, -0.300909, 0.953653),
      ["LeftUpperArm"] = CFrame.new(0.004401, -0.955511, -0.236080, 0.984210, -0.105880, 0.141845, 0.166441, 0.280908, -0.945192, 0.060232, 0.953876, 0.294095),
      ["LeftUpperLeg"] = CFrame.new(-0.515679, 0.115703, -1.145520, 0.997496, 0.068970, -0.015643, -0.022225, 0.515703, 0.856479, 0.067138, -0.853987, 0.515944),
      ["LowerTorso"] = CFrame.new(-0.001459, -0.833304, -2.280242, -1.000000, 0.000170, -0.000586, 0.000001, 0.960889, 0.276935, 0.000610, 0.276935, -0.960888),
      ["RightUpperArm"] = CFrame.new(0.004265, -0.926396, -0.217287, 0.964747, 0.105188, -0.241243, -0.262187, 0.304660, -0.915664, -0.022819, 0.946635, 0.321499),
      ["RightUpperLeg"] = CFrame.new(0.515679, 0.115683, -1.145501, 0.997496, -0.068970, 0.015643, 0.022225, 0.515703, 0.856479, -0.067138, -0.853987, 0.515944)
    }},
    { Time = 0.033, Data = {
      ["Balls"] = CFrame.new(-0.000001, -0.000001, 0.000000, 0.886598, 0.462540, 0.000000, -0.462540, 0.886598, -0.000000, -0.000000, 0.000000, 1.000000),
      ["Cock"] = CFrame.new(-0.000000, 0.000000, 0.000000, 0.951284, 0.308315, 0.000000, -0.308315, 0.951284, -0.000000, -0.000000, 0.000000, 1.000000),
      ["Head"] = CFrame.new(0.000000, 0.000000, 0.000000, 1.000000, -0.000000, 0.000000, 0.000000, 0.955216, 0.295909, -0.000000, -0.295909, 0.955216),
      ["LeftUpperArm"] = CFrame.new(0.004255, -0.955149, -0.235373, 0.984181, -0.106047, 0.141924, 0.166591, 0.281288, -0.945053, 0.060298, 0.953746, 0.294505),
      ["LeftUpperLeg"] = CFrame.new(-0.515740, 0.115357, -1.144547, 0.997496, 0.068973, -0.015630, -0.022212, 0.515363, 0.856684, 0.067143, -0.854192, 0.515605),
      ["LowerTorso"] = CFrame.new(-0.001458, -0.833625, -2.279258, -1.000000, 0.000170, -0.000586, 0.000001, 0.960985, 0.276600, 0.000610, 0.276600, -0.960985),
      ["RightUpperArm"] = CFrame.new(0.004404, -0.925975, -0.216601, 0.964759, 0.105303, -0.241146, -0.262144, 0.305159, -0.915510, -0.022818, 0.946461, 0.322010),
      ["RightUpperLeg"] = CFrame.new(0.515742, 0.115329, -1.144498, 0.997496, -0.068973, 0.015626, 0.022209, 0.515278, 0.856735, -0.067144, -0.854243, 0.515520)
    }},
    { Time = 0.050, Data = {
      ["Balls"] = CFrame.new(-0.000001, -0.000001, 0.000000, 0.886598, 0.462540, 0.000000, -0.462540, 0.886598, -0.000000, -0.000000, 0.000000, 1.000000),
      ["Cock"] = CFrame.new(-0.000000, 0.000000, 0.000000, 0.951473, 0.307733, 0.000000, -0.307733, 0.951473, -0.000000, -0.000000, 0.000000, 1.000000),
      ["Head"] = CFrame.new(0.000000, -0.000000, 0.000000, 1.000000, -0.000000, 0.000000, 0.000000, 0.956753, 0.290902, -0.000000, -0.290902, 0.956753),
      ["LeftUpperArm"] = CFrame.new(0.004047, -0.954505, -0.234204, 0.984147, -0.106193, 0.142049, 0.166804, 0.282078, -0.944779, 0.060260, 0.953496, 0.295320),
      ["LeftUpperLeg"] = CFrame.new(-0.515842, 0.114782, -1.142927, 0.997496, 0.068978, -0.015606, -0.022189, 0.514769, 0.857042, 0.067150, -0.854549, 0.515011),
      ["LowerTorso"] = CFrame.new(-0.001458, -0.834168, -2.277587, -1.000000, 0.000170, -0.000586, 0.000001, 0.961154, 0.276014, 0.000610, 0.276013, -0.961154),
      ["RightUpperArm"] = CFrame.new(0.004675, -0.925294, -0.215456, 0.964743, 0.105644, -0.241061, -0.262192, 0.305918, -0.915243, -0.022945, 0.946178, 0.322832),
      ["RightUpperLeg"] = CFrame.new(0.515842, 0.114753, -1.142889, 0.997505, -0.068861, 0.015570, 0.022153, 0.514689, 0.857091, -0.067034, -0.854607, 0.514930)
    }},
    { Time = 0.067, Data = {
      ["Balls"] = CFrame.new(-0.000001, -0.000001, 0.000000, 0.886598, 0.462540, 0.000000, -0.462540, 0.886598, -0.000000, -0.000000, 0.000000, 1.000000),
      ["Cock"] = CFrame.new(0.000000, 0.000000, 0.000000, 0.951741, 0.306902, 0.000000, -0.306902, 0.951741, -0.000000, -0.000000, 0.000000, 1.000000),
      ["Head"] = CFrame.new(0.000000, -0.000000, 0.000000, 1.000000, -0.000000, 0.000000, 0.000000, 0.958263, 0.285889, -0.000000, -0.285889, 0.958263),
      ["LeftUpperArm"] = CFrame.new(0.003731, -0.953642, -0.232565, 0.984083, -0.106492, 0.142265, 0.167161, 0.283043, -0.944428, 0.060307, 0.953177, 0.296339),
      ["LeftUpperLeg"] = CFrame.new(-0.515983, 0.113959, -1.140703, 0.997500, 0.068943, -0.015496, -0.022198, 0.513919, 0.857551, 0.067086, -0.855064, 0.514165),
      ["LowerTorso"] = CFrame.new(-0.001458, -0.834955, -2.275155, -1.000000, 0.000169, -0.000586, 0.000002, 0.961418, 0.275092, 0.000610, 0.275092, -0.961418),
      ["RightUpperArm"] = CFrame.new(0.005009, -0.924338, -0.213857, 0.964747, 0.105956, -0.240909, -0.262175, 0.306996, -0.914887, -0.022979, 0.945794, 0.323952),
      ["RightUpperLeg"] = CFrame.new(0.515985, 0.113944, -1.140620, 0.997513, -0.068752, 0.015500, 0.022084, 0.513759, 0.857651, -0.066929, -0.855175, 0.513999)
    }},
    { Time = 0.083, Data = {
      ["Balls"] = CFrame.new(-0.000001, -0.000001, 0.000000, 0.886598, 0.462540, 0.000000, -0.462540, 0.886598, -0.000000, -0.000000, 0.000000, 1.000000),
      ["Cock"] = CFrame.new(0.000000, 0.000000, 0.000000, 0.952062, 0.305904, 0.000000, -0.305904, 0.952062, -0.000000, -0.000000, 0.000000, 1.000000),
      ["Head"] = CFrame.new(0.000000, 0.000000, 0.000000, 1.000000, -0.000000, 0.000000, 0.000000, 0.959721, 0.280954, -0.000000, -0.280954, 0.959721),
      ["LeftUpperArm"] = CFrame.new(0.003327, -0.952559, -0.230459, 0.984005, -0.106874, 0.142519, 0.167593, 0.284196, -0.944005, 0.060387, 0.952791, 0.297562),
      ["LeftUpperLeg"] = CFrame.new(-0.516163, 0.112910, -1.137843, 0.997504, 0.068911, -0.015377, -0.022197, 0.512814, 0.858213, 0.067026, -0.855730, 0.513064),
      ["LowerTorso"] = CFrame.new(-0.001458, -0.835911, -2.272216, -1.000000, 0.000169, -0.000586, 0.000002, 0.961705, 0.274086, 0.000610, 0.274086, -0.961705),
      ["RightUpperArm"] = CFrame.new(0.005472, -0.923094, -0.211818, 0.964754, 0.106488, -0.240646, -0.262134, 0.308451, -0.914409, -0.023146, 0.945261, 0.325493),
      ["RightUpperLeg"] = CFrame.new(0.516166, 0.112882, -1.137733, 0.997526, -0.068603, 0.015344, 0.022048, 0.512572, 0.858361, -0.066751, -0.855899, 0.512817)
    }},
    { Time = 0.100, Data = {
      ["Balls"] = CFrame.new(-0.000001, -0.000001, 0.000000, 0.886598, 0.462540, 0.000000, -0.462540, 0.886598, -0.000000, -0.000000, 0.000000, 1.000000),
      ["Cock"] = CFrame.new(0.000000, 0.000000, 0.000000, 0.952489, 0.304573, 0.000000, -0.304573, 0.952489, -0.000000, -0.000000, 0.000000, 1.000000),
      ["Head"] = CFrame.new(0.000000, 0.000000, -0.000000, 1.000000, -0.000000, 0.000000, 0.000000, 0.961130, 0.276097, -0.000000, -0.276097, 0.961130),
      ["LeftUpperArm"] = CFrame.new(0.002832, -0.951204, -0.227909, 0.983912, -0.107356, 0.142801, 0.168106, 0.285742, -0.943447, 0.060481, 0.952274, 0.299192),
      ["LeftUpperLeg"] = CFrame.new(-0.516381, 0.111676, -1.134376, 0.997513, 0.068806, -0.015290, -0.022112, 0.511456, 0.859025, 0.066926, -0.856550, 0.511706),
      ["LowerTorso"] = CFrame.new(-0.001457, -0.837107, -2.268521, -1.000000, 0.000169, -0.000587, 0.000002, 0.962086, 0.272745, 0.000610, 0.272745, -0.962086),
      ["RightUpperArm"] = CFrame.new(0.006020, -0.921591, -0.209334, 0.964729, 0.107076, -0.240482, -0.262214, 0.310183, -0.913800, -0.023253, 0.944628, 0.327319),
      ["RightUpperLeg"] = CFrame.new(0.516385, 0.111629, -1.134222, 0.997543, -0.068381, 0.015222, 0.021927, 0.511133, 0.859222, -0.066535, -0.856777, 0.511377)
    }},
    { Time = 0.117, Data = {
      ["Balls"] = CFrame.new(-0.000001, -0.000001, 0.000000, 0.886598, 0.462540, 0.000000, -0.462540, 0.886598, -0.000000, -0.000000, 0.000000, 1.000000),
      ["Cock"] = CFrame.new(0.000000, -0.000000, 0.000000, 0.952967, 0.303074, 0.000000, -0.303074, 0.952967, -0.000000, -0.000000, 0.000000, 1.000000),
      ["Head"] = CFrame.new(0.000000, 0.000000, 0.000000, 1.000000, -0.000000, 0.000000, 0.000000, 0.962489, 0.271319, -0.000000, -0.271319, 0.962489),
      ["LeftUpperArm"] = CFrame.new(0.002263, -0.949634, -0.224905, 0.983799, -0.107871, 0.143191, 0.168745, 0.287474, -0.942807, 0.060538, 0.951695, 0.301019),
      ["LeftUpperLeg"] = CFrame.new(-0.516640, 0.110184, -1.130271, 0.997517, 0.068777, -0.015153, -0.022095, 0.509921, 0.859937, 0.066871, -0.857467, 0.510175),
      ["LowerTorso"] = CFrame.new(-0.001457, -0.838515, -2.264160, -1.000000, 0.000168, -0.000587, 0.000003, 0.962537, 0.271151, 0.000610, 0.271151, -0.962537),
      ["RightUpperArm"] = CFrame.new(0.006674, -0.919826, -0.206416, 0.964728, 0.107803, -0.240162, -0.262201, 0.312210, -0.913113, -0.023455, 0.943877, 0.329464),
      ["RightUpperLeg"] = CFrame.new(0.516645, 0.110148, -1.130074, 0.997560, -0.068160, 0.015093, 0.021800, 0.509521, 0.860182, -0.066321, -0.857754, 0.509764)
    }},
    { Time = 0.133, Data = {
      ["Balls"] = CFrame.new(-0.000001, -0.000001, 0.000000, 0.886598, 0.462540, 0.000000, -0.462540, 0.886598, -0.000000, -0.000000, 0.000000, 1.000000),
      ["Cock"] = CFrame.new(0.000000, 0.000000, 0.000000, 0.953495, 0.301409, 0.000000, -0.301409, 0.953495, -0.000000, -0.000000, 0.000000, 1.000000),
      ["Head"] = CFrame.new(0.000000, 0.000000, 0.000000, 1.000000, -0.000000, 0.000000, 0.000000, 0.963802, 0.266620, -0.000000, -0.266620, 0.963802),
      ["LeftUpperArm"] = CFrame.new(0.001624, -0.947820, -0.221465, 0.983686, -0.108410, 0.143562, 0.169394, 0.289509, -0.942067, 0.060567, 0.951016, 0.303150),
      ["LeftUpperLeg"] = CFrame.new(-0.516935, 0.108516, -1.125581, 0.997526, 0.068675, -0.015050, -0.021993, 0.508132, 0.860998, 0.066776, -0.858537, 0.508385),
      ["LowerTorso"] = CFrame.new(-0.001456, -0.840107, -2.259226, -1.000000, 0.000168, -0.000587, 0.000003, 0.963031, 0.269390, 0.000610, 0.269390, -0.963031),
      ["RightUpperArm"] = CFrame.new(0.007423, -0.917808, -0.203070, 0.964707, 0.108637, -0.239873, -0.262261, 0.314512, -0.912306, -0.023667, 0.943017, 0.331903),
      ["RightUpperLeg"] = CFrame.new(0.516942, 0.108426, -1.125339, 0.997581, -0.067900, 0.014876, 0.021703, 0.507565, 0.861340, -0.066036, -0.858934, 0.507811)
    }},
    { Time = 0.150, Data = {
      ["Balls"] = CFrame.new(-0.000001, -0.000001, 0.000000, 0.886598, 0.462540, 0.000000, -0.462540, 0.886598, -0.000000, -0.000000, 0.000000, 1.000000),
      ["Cock"] = CFrame.new(0.000000, 0.000000, 0.000000, 0.954098, 0.299493, 0.000000, -0.299493, 0.954098, -0.000000, -0.000000, 0.000000, 1.000000),
      ["Head"] = CFrame.new(0.000000, 0.000000, 0.000000, 1.000000, -0.000000, 0.000000, 0.000000, 0.965068, 0.262000, -0.000000, -0.262000, 0.965068),
      ["LeftUpperArm"] = CFrame.new(0.000880, -0.945775, -0.217600, 0.983542, -0.109110, 0.144015, 0.170190, 0.291816, -0.941211, 0.060669, 0.950231, 0.305583),
      ["LeftUpperLeg"] = CFrame.new(-0.517267, 0.106576, -1.120313, 0.997534, 0.068606, -0.014821, -0.022002, 0.506163, 0.862157, 0.066652, -0.859705, 0.506425),
      ["LowerTorso"] = CFrame.new(-0.001456, -0.841902, -2.253644, -1.000000, 0.000167, -0.000587, 0.000004, 0.963592, 0.267375, 0.000610, 0.267375, -0.963592),
      ["RightUpperArm"] = CFrame.new(0.008261, -0.915537, -0.199308, 0.964697, 0.109558, -0.239494, -0.262276, 0.317106, -0.911403, -0.023906, 0.942041, 0.334645),
      ["RightUpperLeg"] = CFrame.new(0.517275, 0.106525, -1.120015, 0.997607, -0.067566, 0.014693, 0.021521, 0.505351, 0.862645, -0.065711, -0.860265, 0.505596)
    }},
    { Time = 0.167, Data = {
      ["Balls"] = CFrame.new(-0.000001, -0.000001, 0.000000, 0.886598, 0.462540, 0.000000, -0.462540, 0.886598, -0.000000, -0.000000, 0.000000, 1.000000),
      ["Cock"] = CFrame.new(0.000000, 0.000000, 0.000000, 0.954776, 0.297326, 0.000000, -0.297326, 0.954776, -0.000000, -0.000000, 0.000000, 1.000000),
      ["Head"] = CFrame.new(0.000000, 0.000000, 0.000000, 1.000000, -0.000000, 0.000000, 0.000000, 0.966267, 0.257543, -0.000000, -0.257543, 0.966267),
      ["LeftUpperArm"] = CFrame.new(0.000054, -0.943527, -0.213314, 0.983382, -0.109895, 0.144506, 0.171061, 0.294305, -0.940278, 0.060803, 0.949372, 0.308214),
      ["LeftUpperLeg"] = CFrame.new(-0.517634, 0.104469, -1.114488, 0.997546, 0.068465, -0.014626, -0.021927, 0.503938, 0.863461, 0.066487, -0.861022, 0.504203),
      ["LowerTorso"] = CFrame.new(-0.001455, -0.843874, -2.247507, -1.000000, 0.000166, -0.000587, 0.000005, 0.964196, 0.265192, 0.000610, 0.265192, -0.964196),
      ["RightUpperArm"] = CFrame.new(0.009187, -0.913018, -0.195142, 0.964698, 0.110566, -0.239027, -0.262248, 0.319990, -0.910402, -0.024173, 0.940947, 0.337690),
      ["RightUpperLeg"] = CFrame.new(0.517645, 0.104410, -1.114095, 0.997632, -0.067234, 0.014503, 0.021335, 0.502961, 0.864046, -0.065388, -0.861690, 0.503204)
    }},
    { Time = 0.183, Data = {
      ["Balls"] = CFrame.new(-0.000001, -0.000001, 0.000000, 0.886598, 0.462540, 0.000000, -0.462540, 0.886598, -0.000000, -0.000000, 0.000000, 1.000000),
      ["Cock"] = CFrame.new(0.000000, 0.000000, 0.000000, 0.955500, 0.294991, 0.000000, -0.294991, 0.955500, -0.000000, -0.000000, 0.000000, 1.000000),
      ["Head"] = CFrame.new(0.000000, 0.000000, 0.000000, 1.000000, -0.000000, 0.000000, 0.000000, 0.967423, 0.253167, -0.000000, -0.253167, 0.967423),
      ["LeftUpperArm"] = CFrame.new(-0.000843, -0.941052, -0.208625, 0.983203, -0.110722, 0.145097, 0.172062, 0.297078, -0.939223, 0.060887, 0.948412, 0.311138),
      ["LeftUpperLeg"] = CFrame.new(-0.518039, 0.102185, -1.108062, 0.997555, 0.068368, -0.014495, -0.021799, 0.501449, 0.864912, 0.066401, -0.862481, 0.501714),
      ["LowerTorso"] = CFrame.new(-0.001454, -0.846039, -2.240738, -1.000000, 0.000166, -0.000587, 0.000005, 0.964862, 0.262756, 0.000610, 0.262756, -0.964862),
      ["RightUpperArm"] = CFrame.new(0.010203, -0.910261, -0.190583, 0.964678, 0.111679, -0.238587, -0.262294, 0.323143, -0.909275, -0.024449, 0.939737, 0.341022),
      ["RightUpperLeg"] = CFrame.new(0.518050, 0.102069, -1.107633, 0.997661, -0.066860, 0.014230, 0.021182, 0.500306, 0.865590, -0.064993, -0.863263, 0.500552)
    }},
    { Time = 0.200, Data = {
      ["Balls"] = CFrame.new(-0.000001, -0.000001, 0.000000, 0.886598, 0.462540, 0.000000, -0.462540, 0.886598, -0.000000, -0.000000, 0.000000, 1.000000),
      ["Cock"] = CFrame.new(0.000000, -0.000000, 0.000000, 0.956295, 0.292405, 0.000000, -0.292405, 0.956295, -0.000000, -0.000000, 0.000000, 1.000000),
      ["Head"] = CFrame.new(0.000000, 0.000000, -0.000000, 1.000000, -0.000000, 0.000000, 0.000000, 0.968515, 0.248955, -0.000000, -0.248955, 0.968515),
      ["LeftUpperArm"] = CFrame.new(-0.001801, -0.938380, -0.203541, 0.983022, -0.111567, 0.145674, 0.173070, 0.300044, -0.938094, 0.060951, 0.947379, 0.314259),
      ["LeftUpperLeg"] = CFrame.new(-0.518476, 0.099626, -1.101145, 0.997567, 0.068261, -0.014166, -0.021826, 0.498777, 0.866455, 0.066211, -0.864038, 0.499054),
      ["LowerTorso"] = CFrame.new(-0.001453, -0.848391, -2.233356, -1.000000, 0.000165, -0.000588, 0.000006, 0.965591, 0.260066, 0.000610, 0.260066, -0.965591),
      ["RightUpperArm"] = CFrame.new(0.011300, -0.907292, -0.185638, 0.964669, 0.112865, -0.238064, -0.262296, 0.326485, -0.908079, -0.024767, 0.938440, 0.344554),
      ["RightUpperLeg"] = CFrame.new(0.518491, 0.099528, -1.100611, 0.997690, -0.066487, 0.013952, 0.021025, 0.497471, 0.867226, -0.064599, -0.864929, 0.497719)
    }},
    { Time = 0.217, Data = {
      ["Balls"] = CFrame.new(-0.000001, -0.000001, 0.000000, 0.886598, 0.462540, 0.000000, -0.462540, 0.886598, -0.000000, -0.000000, 0.000000, 1.000000),
      ["Cock"] = CFrame.new(0.000000, 0.000000, 0.000000, 0.957108, 0.289733, 0.000000, -0.289733, 0.957108, -0.000000, -0.000000, 0.000000, 1.000000),
      ["Head"] = CFrame.new(0.000000, -0.000000, 0.000000, 1.000000, -0.000000, 0.000000, 0.000000, 0.969546, 0.244908, -0.000000, -0.244908, 0.969546),
      ["LeftUpperArm"] = CFrame.new(-0.002839, -0.935493, -0.198086, 0.982825, -0.112506, 0.146281, 0.174156, 0.303290, -0.936848, 0.061035, 0.946233, 0.317675),
      ["LeftUpperLeg"] = CFrame.new(-0.518945, 0.096939, -1.093686, 0.997579, 0.068124, -0.013948, -0.021729, 0.495930, 0.868091, 0.066055, -0.865686, 0.496209),
      ["LowerTorso"] = CFrame.new(-0.001453, -0.850902, -2.225449, -1.000000, 0.000164, -0.000588, 0.000007, 0.966356, 0.257207, 0.000610, 0.257207, -0.966356),
      ["RightUpperArm"] = CFrame.new(0.012485, -0.904072, -0.180339, 0.964640, 0.114169, -0.237560, -0.262375, 0.330188, -0.906717, -0.025079, 0.936985, 0.348468),
      ["RightUpperLeg"] = CFrame.new(0.518963, 0.096831, -1.093069, 0.997723, -0.066040, 0.013708, 0.020784, 0.494372, 0.869002, -0.064166, -0.866738, 0.494619)
    }},
    { Time = 0.233, Data = {
      ["Balls"] = CFrame.new(-0.000001, -0.000001, 0.000000, 0.886598, 0.462540, 0.000000, -0.462540, 0.886598, -0.000000, -0.000000, 0.000000, 1.000000),
      ["Cock"] = CFrame.new(0.000000, 0.000000, 0.000000, 0.957988, 0.286809, 0.000000, -0.286809, 0.957988, -0.000000, -0.000000, 0.000000, 1.000000),
      ["Head"] = CFrame.new(0.000000, -0.000000, 0.000000, 1.000000, -0.000000, 0.000000, 0.000000, 0.970539, 0.240943, -0.000000, -0.240943, 0.970539),
      ["LeftUpperArm"] = CFrame.new(-0.003970, -0.932427, -0.192268, 0.982596, -0.113600, 0.146973, 0.175388, 0.306697, -0.935509, 0.061197, 0.945004, 0.321283),
      ["LeftUpperLeg"] = CFrame.new(-0.519447, 0.094071, -1.085722, 0.997592, 0.067987, -0.013723, -0.021626, 0.492900, 0.869817, 0.065900, -0.867426, 0.493183),
      ["LowerTorso"] = CFrame.new(-0.001452, -0.853566, -2.217036, -1.000000, 0.000163, -0.000588, 0.000008, 0.967158, 0.254177, 0.000610, 0.254177, -0.967158),
      ["RightUpperArm"] = CFrame.new(0.013747, -0.900653, -0.174684, 0.964621, 0.115545, -0.236971, -0.262410, 0.334075, -0.905282, -0.025434, 0.935437, 0.352576),
      ["RightUpperLeg"] = CFrame.new(0.519469, 0.093949, -1.085007, 0.997756, -0.065595, 0.013458, 0.020538, 0.491089, 0.870867, -0.063734, -0.868636, 0.491334)
    }},
    { Time = 0.250, Data = {
      ["Balls"] = CFrame.new(-0.000001, -0.000001, 0.000000, 0.886598, 0.462540, 0.000000, -0.462540, 0.886598, -0.000000, -0.000000, 0.000000, 1.000000),
      ["Cock"] = CFrame.new(0.000000, -0.000000, 0.000000, 0.958909, 0.283715, 0.000000, -0.283715, 0.958909, -0.000000, -0.000000, 0.000000, 1.000000),
      ["Head"] = CFrame.new(0.000000, -0.000000, 0.000000, 1.000000, -0.000000, 0.000000, 0.000000, 0.971454, 0.237228, -0.000000, -0.237228, 0.971454),
      ["LeftUpperArm"] = CFrame.new(-0.005144, -0.929183, -0.186101, 0.982360, -0.114662, 0.147719, 0.176677, 0.310292, -0.934079, 0.061267, 0.943701, 0.325077),
      ["LeftUpperLeg"] = CFrame.new(-0.519977, 0.091012, -1.077313, 0.997608, 0.067808, -0.013414, -0.021558, 0.489600, 0.871681, 0.065674, -0.869307, 0.489891),
      ["LowerTorso"] = CFrame.new(-0.001451, -0.856375, -2.208132, -1.000000, 0.000162, -0.000588, 0.000009, 0.967993, 0.250977, 0.000610, 0.250977, -0.967993),
      ["RightUpperArm"] = CFrame.new(0.015080, -0.897042, -0.168692, 0.964613, 0.116992, -0.236295, -0.262402, 0.338144, -0.903772, -0.025833, 0.933794, 0.356877),
      ["RightUpperLeg"] = CFrame.new(0.520003, 0.090868, -1.076487, 0.997792, -0.065106, 0.013130, 0.020332, 0.487621, 0.872818, -0.063228, -0.870624, 0.487868)
    }},
    { Time = 0.267, Data = {
      ["Balls"] = CFrame.new(-0.000001, -0.000001, 0.000000, 0.886598, 0.462540, 0.000000, -0.462540, 0.886598, -0.000000, -0.000000, 0.000000, 1.000000),
      ["Cock"] = CFrame.new(0.000000, 0.000000, 0.000000, 0.959868, 0.280452, 0.000000, -0.280452, 0.959868, -0.000000, -0.000000, 0.000000, 1.000000),
      ["Head"] = CFrame.new(0.000000, 0.000000, 0.000000, 1.000000, -0.000000, 0.000000, 0.000000, 0.972293, 0.233764, -0.000000, -0.233764, 0.972293),
      ["LeftUpperArm"] = CFrame.new(-0.006384, -0.925764, -0.179607, 0.982128, -0.115793, 0.148380, 0.177923, 0.314075, -0.932577, 0.061384, 0.942310, 0.329064),
      ["LeftUpperLeg"] = CFrame.new(-0.520538, 0.087810, -1.068408, 0.997621, 0.067672, -0.013177, -0.021442, 0.486202, 0.873583, 0.065524, -0.871222, 0.486496),
      ["LowerTorso"] = CFrame.new(-0.001450, -0.859323, -2.198749, -1.000000, 0.000161, -0.000589, 0.000010, 0.968861, 0.247607, 0.000610, 0.247607, -0.968861),
      ["RightUpperArm"] = CFrame.new(0.016478, -0.893197, -0.162397, 0.964603, 0.118486, -0.235588, -0.262404, 0.342587, -0.902097, -0.026177, 0.931985, 0.361552),
      ["RightUpperLeg"] = CFrame.new(0.520568, 0.087619, -1.067493, 0.997828, -0.064619, 0.012794, 0.020118, 0.483878, 0.874904, -0.062726, -0.872746, 0.484127)
    }},
    { Time = 0.283, Data = {
      ["Balls"] = CFrame.new(-0.000001, -0.000001, 0.000000, 0.886598, 0.462540, 0.000000, -0.462540, 0.886598, -0.000000, -0.000000, 0.000000, 1.000000),
      ["Cock"] = CFrame.new(0.000000, 0.000000, 0.000000, 0.960864, 0.277019, 0.000000, -0.277019, 0.960864, -0.000000, -0.000000, 0.000000, 1.000000),
      ["Head"] = CFrame.new(0.000000, -0.000000, 0.000000, 1.000000, -0.000000, 0.000000, 0.000000, 0.973100, 0.230382, -0.000000, -0.230382, 0.973100),
      ["LeftUpperArm"] = CFrame.new(-0.007700, -0.922163, -0.172814, 0.981858, -0.117039, 0.149186, 0.179368, 0.318112, -0.930931, 0.061497, 0.940801, 0.333334),
      ["LeftUpperLeg"] = CFrame.new(-0.521125, 0.084431, -1.059105, 0.997637, 0.067494, -0.012859, -0.021365, 0.482617, 0.875571, 0.065301, -0.873227, 0.482919),
      ["LowerTorso"] = CFrame.new(-0.001449, -0.862402, -2.188905, -1.000000, 0.000160, -0.000589, 0.000011, 0.969759, 0.244065, 0.000610, 0.244065, -0.969759),
      ["RightUpperArm"] = CFrame.new(0.017944, -0.889208, -0.155791, 0.964572, 0.120058, -0.234918, -0.262479, 0.347089, -0.900352, -0.026557, 0.930116, 0.366305),
      ["RightUpperLeg"] = CFrame.new(0.521156, 0.084225, -1.058111, 0.997872, -0.064013, 0.012423, 0.019869, 0.479950, 0.877071, -0.062106, -0.874957, 0.480200)
    }},
    { Time = 0.300, Data = {
      ["Balls"] = CFrame.new(-0.000001, -0.000001, 0.000000, 0.886598, 0.462540, 0.000000, -0.462540, 0.886598, -0.000000, -0.000000, 0.000000, 1.000000),
      ["Cock"] = CFrame.new(0.000000, 0.000000, 0.000000, 0.961896, 0.273415, 0.000000, -0.273415, 0.961896, -0.000000, -0.000000, 0.000000, 1.000000),
      ["Head"] = CFrame.new(0.000000, -0.000000, 0.000000, 1.000000, -0.000000, 0.000000, 0.000000, 0.973836, 0.227252, -0.000000, -0.227252, 0.973836),
      ["LeftUpperArm"] = CFrame.new(-0.009061, -0.918429, -0.165722, 0.981586, -0.118296, 0.149982, 0.180817, 0.322233, -0.929232, 0.061595, 0.939240, 0.337689),
      ["LeftUpperLeg"] = CFrame.new(-0.521737, 0.080907, -1.049393, 0.997653, 0.067315, -0.012535, -0.021282, 0.478844, 0.877642, 0.065081, -0.875316, 0.479153),
      ["LowerTorso"] = CFrame.new(-0.001447, -0.865603, -2.178616, -1.000000, 0.000159, -0.000589, 0.000013, 0.970686, 0.240352, 0.000610, 0.240352, -0.970686),
      ["RightUpperArm"] = CFrame.new(0.019492, -0.885055, -0.148905, 0.964531, 0.121769, -0.234205, -0.262582, 0.351746, -0.898513, -0.027030, 0.928142, 0.371244),
      ["RightUpperLeg"] = CFrame.new(0.521774, 0.080701, -1.048272, 0.997911, -0.063451, 0.012126, 0.019577, 0.475918, 0.879272, -0.061561, -0.877198, 0.476166)
    }},
    { Time = 0.317, Data = {
      ["Balls"] = CFrame.new(-0.000001, -0.000001, 0.000000, 0.886598, 0.462540, 0.000000, -0.462540, 0.886598, -0.000000, -0.000000, 0.000000, 1.000000),
      ["Cock"] = CFrame.new(0.000000, -0.000000, 0.000000, 0.962937, 0.269725, 0.000000, -0.269725, 0.962937, -0.000000, -0.000000, 0.000000, 1.000000),
      ["Head"] = CFrame.new(0.000000, -0.000000, -0.000000, 1.000000, -0.000000, 0.000000, 0.000000, 0.974503, 0.224374, -0.000000, -0.224374, 0.974503),
      ["LeftUpperArm"] = CFrame.new(-0.010486, -0.914549, -0.158364, 0.981296, -0.119642, 0.150810, 0.182342, 0.326519, -0.927436, 0.061718, 0.937588, 0.342227),
      ["LeftUpperLeg"] = CFrame.new(-0.522373, 0.077247, -1.039299, 0.997669, 0.067137, -0.012205, -0.021194, 0.474880, 0.879795, 0.064863, -0.877486, 0.475196),
      ["LowerTorso"] = CFrame.new(-0.001446, -0.868920, -2.167900, -1.000000, 0.000158, -0.000590, 0.000014, 0.971639, 0.236468, 0.000610, 0.236468, -0.971639),
      ["RightUpperArm"] = CFrame.new(0.021087, -0.880713, -0.141770, 0.964520, 0.123491, -0.233349, -0.262577, 0.356691, -0.896563, -0.027484, 0.926024, 0.376462),
      ["RightUpperLeg"] = CFrame.new(0.522414, 0.077015, -1.038078, 0.997954, -0.062844, 0.011750, 0.019324, 0.471693, 0.881551, -0.060943, -0.879521, 0.471942)
    }},
    { Time = 0.333, Data = {
      ["Balls"] = CFrame.new(-0.000001, -0.000001, 0.000000, 0.886598, 0.462540, 0.000000, -0.462540, 0.886598, -0.000000, -0.000000, 0.000000, 1.000000),
      ["Cock"] = CFrame.new(0.000000, 0.000000, 0.000000, 0.964011, 0.265864, 0.000000, -0.265864, 0.964011, -0.000000, -0.000000, 0.000000, 1.000000),
      ["Head"] = CFrame.new(0.000000, 0.000000, -0.000000, 1.000000, -0.000000, 0.000000, 0.000000, 0.975123, 0.221665, -0.000000, -0.221665, 0.975123),
      ["LeftUpperArm"] = CFrame.new(-0.011953, -0.910526, -0.150759, 0.981004, -0.121008, 0.151619, 0.183876, 0.330984, -0.925548, 0.061815, 0.935846, 0.346947),
      ["LeftUpperLeg"] = CFrame.new(-0.523032, 0.073461, -1.028851, 0.997685, 0.066958, -0.011872, -0.021103, 0.470812, 0.881981, 0.064645, -0.879689, 0.471135),
      ["LowerTorso"] = CFrame.new(-0.001445, -0.872343, -2.156776, -1.000000, 0.000156, -0.000590, 0.000015, 0.972618, 0.232411, 0.000610, 0.232411, -0.972617),
      ["RightUpperArm"] = CFrame.new(0.022731, -0.876227, -0.134395, 0.964476, 0.125254, -0.232590, -0.262696, 0.361786, -0.894484, -0.027890, 0.923809, 0.381837),
      ["RightUpperLeg"] = CFrame.new(0.523078, 0.073197, -1.027519, 0.997997, -0.062238, 0.011372, 0.019069, 0.467272, 0.883908, -0.060326, -0.881920, 0.467523)
    }},
    { Time = 0.350, Data = {
      ["Balls"] = CFrame.new(-0.000001, -0.000001, 0.000000, 0.886598, 0.462540, 0.000000, -0.462540, 0.886598, -0.000000, -0.000000, 0.000000, 1.000000),
      ["Cock"] = CFrame.new(0.000000, 0.000000, 0.000000, 0.965114, 0.261831, 0.000000, -0.261831, 0.965114, -0.000000, -0.000000, 0.000000, 1.000000),
      ["Head"] = CFrame.new(0.000000, 0.000000, -0.000000, 1.000000, -0.000000, 0.000000, 0.000000, 0.975678, 0.219208, -0.000000, -0.219208, 0.975678),
      ["LeftUpperArm"] = CFrame.new(-0.013463, -0.906400, -0.142921, 0.980688, -0.122406, 0.152536, 0.185531, 0.335512, -0.923585, 0.061875, 0.934050, 0.351742),
      ["LeftUpperLeg"] = CFrame.new(-0.523712, 0.069558, -1.018079, 0.997701, 0.066779, -0.011536, -0.021010, 0.466640, 0.884198, 0.064429, -0.881923, 0.466970),
      ["LowerTorso"] = CFrame.new(-0.001444, -0.875844, -2.145348, -1.000000, 0.000155, -0.000590, 0.000016, 0.973598, 0.228267, 0.000610, 0.228267, -0.973598),
      ["RightUpperArm"] = CFrame.new(0.024439, -0.871626, -0.126796, 0.964452, 0.127121, -0.231675, -0.262727, 0.366952, -0.892368, -0.028425, 0.921513, 0.387306),
      ["RightUpperLeg"] = CFrame.new(0.523763, 0.069259, -1.016627, 0.998039, -0.061630, 0.010993, 0.018813, 0.462744, 0.886292, -0.059709, -0.884347, 0.462995)
    }},
    { Time = 0.367, Data = {
      ["Balls"] = CFrame.new(-0.000001, -0.000001, 0.000000, 0.886598, 0.462540, 0.000000, -0.462540, 0.886598, -0.000000, -0.000000, 0.000000, 1.000000),
      ["Cock"] = CFrame.new(0.000000, -0.000000, 0.000000, 0.966200, 0.257796, 0.000000, -0.257796, 0.966200, -0.000000, -0.000000, 0.000000, 1.000000),
      ["Head"] = CFrame.new(0.000000, -0.000000, 0.000000, 1.000000, -0.000000, 0.000000, 0.000000, 0.976190, 0.216919, -0.000000, -0.216919, 0.976190),
      ["LeftUpperArm"] = CFrame.new(-0.015019, -0.902174, -0.134875, 0.980375, -0.123866, 0.153370, 0.187143, 0.340117, -0.921574, 0.061988, 0.932190, 0.356623),
      ["LeftUpperLeg"] = CFrame.new(-0.524409, 0.065551, -1.007012, 0.997717, 0.066600, -0.011195, -0.020911, 0.462272, 0.886492, 0.064215, -0.884234, 0.462609),
      ["LowerTorso"] = CFrame.new(-0.001442, -0.879415, -2.133635, -1.000000, 0.000154, -0.000591, 0.000018, 0.974581, 0.224036, 0.000610, 0.224036, -0.974581),
      ["RightUpperArm"] = CFrame.new(0.026172, -0.866893, -0.119002, 0.964415, 0.128958, -0.230810, -0.262812, 0.372284, -0.890132, -0.028863, 0.919116, 0.392928),
      ["RightUpperLeg"] = CFrame.new(0.524467, 0.065213, -1.005431, 0.998080, -0.061022, 0.010610, 0.018555, 0.458016, 0.888750, -0.059093, -0.886847, 0.458269)
    }},
    { Time = 0.383, Data = {
      ["Balls"] = CFrame.new(-0.000001, -0.000001, 0.000000, 0.886598, 0.462540, 0.000000, -0.462540, 0.886598, -0.000000, -0.000000, 0.000000, 1.000000),
      ["Cock"] = CFrame.new(0.000000, 0.000000, 0.000000, 0.967312, 0.253588, 0.000000, -0.253588, 0.967312, -0.000000, -0.000000, 0.000000, 1.000000),
      ["Head"] = CFrame.new(0.000000, 0.000000, 0.000000, 1.000000, -0.000000, 0.000000, 0.000000, 0.976621, 0.214969, -0.000000, -0.214969, 0.976621),
      ["LeftUpperArm"] = CFrame.new(-0.016615, -0.897835, -0.126652, 0.980038, -0.125367, 0.154303, 0.188880, 0.344879, -0.919447, 0.062052, 0.930237, 0.361674),
      ["LeftUpperLeg"] = CFrame.new(-0.525120, 0.061464, -0.995739, 0.997741, 0.066301, -0.010822, -0.020781, 0.457801, 0.888812, 0.063883, -0.886579, 0.458145),
      ["LowerTorso"] = CFrame.new(-0.001441, -0.883047, -2.121658, -1.000000, 0.000153, -0.000591, 0.000019, 0.975564, 0.219716, 0.000610, 0.219716, -0.975564),
      ["RightUpperArm"] = CFrame.new(0.027948, -0.862063, -0.111029, 0.964388, 0.130850, -0.229858, -0.262858, 0.377685, -0.887840, -0.029360, 0.916642, 0.398629),
      ["RightUpperLeg"] = CFrame.new(0.525185, 0.061080, -0.994023, 0.998129, -0.060294, 0.010203, 0.018271, 0.453271, 0.891186, -0.058358, -0.889331, 0.453524)
    }},
    { Time = 0.400, Data = {
      ["Balls"] = CFrame.new(-0.000001, -0.000001, 0.000000, 0.886598, 0.462540, 0.000000, -0.462540, 0.886598, -0.000000, -0.000000, 0.000000, 1.000000),
      ["Cock"] = CFrame.new(0.000000, 0.000000, 0.000000, 0.968428, 0.249292, 0.000000, -0.249292, 0.968428, -0.000000, -0.000000, 0.000000, 1.000000),
      ["Head"] = CFrame.new(0.000000, 0.000000, 0.000000, 1.000000, -0.000000, 0.000000, 0.000000, 0.976993, 0.213273, -0.000000, -0.213273, 0.976993),
      ["LeftUpperArm"] = CFrame.new(-0.018251, -0.893414, -0.118269, 0.979702, -0.126929, 0.155152, 0.190573, 0.349716, -0.917268, 0.062169, 0.928217, 0.366807),
      ["LeftUpperLeg"] = CFrame.new(-0.525849, 0.057278, -0.984175, 0.997757, 0.066120, -0.010479, -0.020681, 0.453307, 0.891115, 0.063670, -0.888899, 0.453658),
      ["LowerTorso"] = CFrame.new(-0.001440, -0.886751, -2.109351, -1.000000, 0.000151, -0.000591, 0.000020, 0.976565, 0.215224, 0.000610, 0.215223, -0.976565),
      ["RightUpperArm"] = CFrame.new(0.029756, -0.857122, -0.102911, 0.964359, 0.132759, -0.228884, -0.262912, 0.383246, -0.885438, -0.029831, 0.914056, 0.404490),
      ["RightUpperLeg"] = CFrame.new(0.525919, 0.056885, -0.982340, 0.998173, -0.059610, 0.009866, 0.017940, 0.448324, 0.893691, -0.057697, -0.891882, 0.448574)
    }},
    { Time = 0.417, Data = {
      ["Balls"] = CFrame.new(-0.000001, -0.000001, 0.000000, 0.886598, 0.462540, 0.000000, -0.462540, 0.886598, -0.000000, -0.000000, 0.000000, 1.000000),
      ["Cock"] = CFrame.new(0.000000, 0.000000, 0.000000, 0.969546, 0.244908, 0.000000, -0.244908, 0.969546, -0.000000, -0.000000, 0.000000, 1.000000),
      ["Head"] = CFrame.new(0.000000, 0.000000, 0.000000, 1.000000, -0.000000, 0.000000, 0.000000, 0.977306, 0.211831, -0.000000, -0.211831, 0.977306),
      ["LeftUpperArm"] = CFrame.new(-0.019900, -0.888895, -0.109758, 0.979359, -0.128464, 0.156052, 0.192323, 0.354722, -0.914978, 0.062187, 0.926104, 0.372107),
      ["LeftUpperLeg"] = CFrame.new(-0.526591, 0.053021, -0.972410, 0.997772, 0.065938, -0.010129, -0.020576, 0.448613, 0.893489, 0.063459, -0.891290, 0.448970),
      ["LowerTorso"] = CFrame.new(-0.001438, -0.890481, -2.096908, -1.000000, 0.000150, -0.000592, 0.000022, 0.977545, 0.210728, 0.000610, 0.210727, -0.977545),
      ["RightUpperArm"] = CFrame.new(0.031618, -0.852110, -0.094664, 0.964317, 0.134791, -0.227868, -0.262997, 0.388851, -0.882965, -0.030409, 0.911387, 0.410425),
      ["RightUpperLeg"] = CFrame.new(0.526668, 0.052553, -0.970464, 0.998216, -0.058953, 0.009415, 0.017731, 0.443350, 0.896173, -0.057006, -0.894408, 0.443604)
    }},
    { Time = 0.433, Data = {
      ["Balls"] = CFrame.new(-0.000001, -0.000001, 0.000000, 0.886598, 0.462540, 0.000000, -0.462540, 0.886598, -0.000000, -0.000000, 0.000000, 1.000000),
      ["Cock"] = CFrame.new(0.000000, 0.000000, 0.000000, 0.970644, 0.240521, 0.000000, -0.240521, 0.970644, -0.000000, -0.000000, 0.000000, 1.000000),
      ["Head"] = CFrame.new(0.000000, -0.000000, 0.000000, 1.000000, -0.000000, 0.000000, 0.000000, 0.977581, 0.210558, -0.000000, -0.210558, 0.977581),
      ["LeftUpperArm"] = CFrame.new(-0.021587, -0.884342, -0.101127, 0.978997, -0.130074, 0.156992, 0.194143, 0.359686, -0.912652, 0.062245, 0.923962, 0.377385),
      ["LeftUpperLeg"] = CFrame.new(-0.527340, 0.048717, -0.960537, 0.997796, 0.065637, -0.009753, -0.020444, 0.443904, 0.895841, 0.063129, -0.893667, 0.444267),
      ["LowerTorso"] = CFrame.new(-0.001437, -0.894246, -2.084264, -1.000000, 0.000148, -0.000592, 0.000023, 0.978522, 0.206143, 0.000610, 0.206143, -0.978522),
      ["RightUpperArm"] = CFrame.new(0.033469, -0.847026, -0.086307, 0.964284, 0.136710, -0.226861, -0.263066, 0.394541, -0.880417, -0.030856, 0.908652, 0.416413),
      ["RightUpperLeg"] = CFrame.new(0.527425, 0.048196, -0.958439, 0.998263, -0.058222, 0.009006, 0.017448, 0.438174, 0.898721, -0.056272, -0.897003, 0.438429)
    }},
    { Time = 0.450, Data = {
      ["Balls"] = CFrame.new(-0.000001, -0.000001, 0.000000, 0.886598, 0.462540, 0.000000, -0.462540, 0.886598, -0.000000, -0.000000, 0.000000, 1.000000),
      ["Cock"] = CFrame.new(0.000000, 0.000000, 0.000000, 0.971763, 0.235961, 0.000000, -0.235961, 0.971763, -0.000000, -0.000000, 0.000000, 1.000000),
      ["Head"] = CFrame.new(0.000000, 0.000000, -0.000000, 1.000000, -0.000000, 0.000000, 0.000000, 0.977782, 0.209624, -0.000000, -0.209624, 0.977782),
      ["LeftUpperArm"] = CFrame.new(-0.023289, -0.879758, -0.092399, 0.978630, -0.131690, 0.157925, 0.195964, 0.364625, -0.910300, 0.062294, 0.921795, 0.382639),
      ["LeftUpperLeg"] = CFrame.new(-0.528099, 0.044328, -0.948505, 0.997815, 0.065407, -0.009329, -0.020384, 0.439078, 0.898218, 0.062846, -0.896065, 0.439452),
      ["LowerTorso"] = CFrame.new(-0.001436, -0.898038, -2.071443, -1.000000, 0.000147, -0.000592, 0.000025, 0.979495, 0.201471, 0.000610, 0.201471, -0.979495),
      ["RightUpperArm"] = CFrame.new(0.035368, -0.841891, -0.077872, 0.964239, 0.138752, -0.225812, -0.263166, 0.400272, -0.877796, -0.031410, 0.905831, 0.422473),
      ["RightUpperLeg"] = CFrame.new(0.528192, 0.043785, -0.946276, 0.998309, -0.057488, 0.008605, 0.017171, 0.433065, 0.901199, -0.055535, -0.899527, 0.433320)
    }},
    { Time = 0.467, Data = {
      ["Balls"] = CFrame.new(-0.000001, -0.000001, 0.000000, 0.886598, 0.462540, 0.000000, -0.462540, 0.886598, -0.000000, -0.000000, 0.000000, 1.000000),
      ["Cock"] = CFrame.new(0.000000, -0.000000, 0.000000, 0.972839, 0.231481, 0.000000, -0.231481, 0.972839, -0.000000, -0.000000, 0.000000, 1.000000),
      ["Head"] = CFrame.new(0.000000, -0.000000, 0.000000, 1.000000, -0.000000, 0.000000, 0.000000, 0.977927, 0.208945, -0.000000, -0.208945, 0.977927),
      ["LeftUpperArm"] = CFrame.new(-0.025008, -0.875104, -0.083620, 0.978261, -0.133327, 0.158836, 0.197793, 0.369729, -0.907843, 0.062313, 0.919524, 0.388062),
      ["LeftUpperLeg"] = CFrame.new(-0.528866, 0.039923, -0.936336, 0.997830, 0.065221, -0.008983, -0.020282, 0.434323, 0.900529, 0.062635, -0.898393, 0.434704),
      ["LowerTorso"] = CFrame.new(-0.001434, -0.901831, -2.058549, -1.000000, 0.000146, -0.000593, 0.000026, 0.980445, 0.196795, 0.000610, 0.196794, -0.980445),
      ["RightUpperArm"] = CFrame.new(0.037275, -0.836733, -0.069369, 0.964192, 0.140786, -0.224752, -0.263273, 0.405972, -0.875143, -0.031965, 0.902976, 0.428500),
      ["RightUpperLeg"] = CFrame.new(0.528965, 0.039336, -0.934008, 0.998355, -0.056753, 0.008204, 0.016895, 0.427841, 0.903696, -0.054798, -0.902071, 0.428096)
    }},
    { Time = 0.483, Data = {
      ["Balls"] = CFrame.new(-0.000001, -0.000001, 0.000000, 0.886598, 0.462540, 0.000000, -0.462540, 0.886598, -0.000000, -0.000000, 0.000000, 1.000000),
      ["Cock"] = CFrame.new(0.000000, 0.000000, 0.000000, 0.973915, 0.226914, 0.000000, -0.226914, 0.973915, -0.000000, -0.000000, 0.000000, 1.000000),
      ["Head"] = CFrame.new(0.000000, -0.000000, 0.000000, 1.000000, -0.000000, 0.000000, 0.000000, 0.978000, 0.208606, -0.000000, -0.208606, 0.978000),
      ["LeftUpperArm"] = CFrame.new(-0.026733, -0.870464, -0.074787, 0.977889, -0.134960, 0.159747, 0.199619, 0.374710, -0.905397, 0.062334, 0.917267, 0.393366),
      ["LeftUpperLeg"] = CFrame.new(-0.529635, 0.035510, -0.924157, 0.997854, 0.064916, -0.008604, -0.020148, 0.429369, 0.902904, 0.062307, -0.900793, 0.429755),
      ["LowerTorso"] = CFrame.new(-0.001433, -0.905634, -2.045521, -1.000000, 0.000144, -0.000593, 0.000028, 0.981389, 0.192030, 0.000610, 0.192030, -0.981389),
      ["RightUpperArm"] = CFrame.new(0.039174, -0.831534, -0.060835, 0.964163, 0.142754, -0.223630, -0.263316, 0.411753, -0.872424, -0.032462, 0.900045, 0.434586),
      ["RightUpperLeg"] = CFrame.new(0.529745, 0.034884, -0.921634, 0.998396, -0.056063, 0.007878, 0.016574, 0.422500, 0.906211, -0.054133, -0.904628, 0.422751)
    }},
    { Time = 0.500, Data = {
      ["Balls"] = CFrame.new(-0.000001, -0.000001, 0.000000, 0.886598, 0.462540, 0.000000, -0.462540, 0.886598, -0.000000, -0.000000, 0.000000, 1.000000),
      ["Cock"] = CFrame.new(-0.000000, 0.000000, 0.000000, 0.974969, 0.222342, 0.000000, -0.222342, 0.974969, -0.000000, -0.000000, 0.000000, 1.000000),
      ["Head"] = CFrame.new(0.000000, 0.000000, -0.000000, 1.000000, -0.000000, 0.000000, 0.000000, 0.978036, 0.208436, -0.000000, -0.208436, 0.978036),
      ["LeftUpperArm"] = CFrame.new(-0.028465, -0.865797, -0.065945, 0.977513, -0.136607, 0.160643, 0.201450, 0.379760, -0.902885, 0.062335, 0.914943, 0.398740),
