return {
  ["Astros lay 10"] = {
    { Time = 0.000, Data = {
      ["Balls"] = CFrame.new(0.000000, 0.000001, 0.000000, 0.976640, 0.214884, 0.000000, -0.214884, 0.976640, -0.000000, -0.000000, 0.000000, 1.000000),
      ["Balls2"] = CFrame.new(0.000002, 0.000002, 0.000000, 0.878781, 0.477226, 0.000000, -0.477226, 0.878781, -0.000000, -0.000000, 0.000000, 1.000000),
      ["FloatingCock"] = CFrame.new(-0.002298, -2.313772, -0.875546, -0.002998, 0.000562, 0.999995, 0.169137, 0.985593, -0.000046, -0.985588, 0.169136, -0.003050),
      ["FloatingCock2"] = CFrame.new(-0.000872, -1.884496, 1.774262, -0.001972, -0.007258, -0.999972, 0.964163, -0.265310, 0.000024, -0.265303, -0.964136, 0.007521),
      ["Head"] = CFrame.new(0.000000, 0.000000, 0.000000, 1.000000, -0.000000, 0.000000, 0.000000, 0.988849, 0.148920, -0.000000, -0.148920, 0.988849),
      ["LeftUpperArm"] = CFrame.new(0.012811, 0.007193, 0.048207, 0.716334, -0.661514, 0.221958, 0.685748, 0.726200, -0.048808, -0.128898, 0.187170, 0.973834),
      ["LeftUpperLeg"] = CFrame.new(-0.118362, -0.001843, -0.392954, 0.882833, 0.406468, 0.235351, -0.469687, 0.764596, 0.441346, -0.000555, -0.500176, 0.865923),
      ["LowerTorso"] = CFrame.new(0.000000, -1.419490, -0.417771, 1.000000, 0.000000, 0.000000, 0.000000, -0.012898, -0.999917, 0.000000, 0.999917, -0.012898),
      ["RightUpperArm"] = CFrame.new(0.004789, -0.041108, 0.044956, 0.695276, 0.684184, -0.220191, -0.705195, 0.708572, -0.025031, 0.138896, 0.172681, 0.975136),
      ["RightUpperLeg"] = CFrame.new(0.114500, 0.009610, -0.375381, 0.893986, -0.406295, -0.188980, 0.446758, 0.775618, 0.445896, -0.034589, -0.483053, 0.874907),
      ["рҹҢ§пёҸрҹҳірҹ‘»рҹҸіпёҸвҖҚрҹҢҲрҹҳӮрҹ’һрҹҸҙвҖҚвҳ пёҸрҹҺёрҹҢ§пёҸрҹҳірҹ‘»рҹҸіпёҸвҖҚрҹҢҲрҹҳӮрҹ’һрҹҸҙвҖҚвҳ"] = CFrame.new(0.000000, -0.000000, 0.000000, 0.944976, -0.327140, 0.000000, 0.327140, 0.944976, 0.000000, 0.000000, 0.000000, 1.000000)
    }},
    { Time = 0.017, Data = {
      ["Balls"] = CFrame.new(0.000000, 0.000002, 0.000000, 0.981737, 0.190242, 0.000000, -0.190242, 0.981737, -0.000000, -0.000000, 0.000000, 1.000000),
      ["Balls2"] = CFrame.new(0.000002, 0.000003, 0.000000, 0.880052, 0.474877, 0.000000, -0.474877, 0.880052, -0.000000, -0.000000, 0.000000, 1.000000),
      ["FloatingCock"] = CFrame.new(-0.002298, -2.313786, -0.874152, -0.003030, 0.000564, 0.999995, 0.168775, 0.985655, -0.000044, -0.985650, 0.168774, -0.003081),
      ["FloatingCock2"] = CFrame.new(-0.000235, -1.847140, 1.753240, -0.002107, -0.007305, -0.999971, 0.960204, -0.279301, 0.000017, -0.279293, -0.960176, 0.007603),
      ["Head"] = CFrame.new(0.000000, 0.000000, 0.000000, 1.000000, -0.000000, 0.000000, 0.000000, 0.987097, 0.160126, -0.000000, -0.160126, 0.987097),
      ["LeftUpperLeg"] = CFrame.new(-0.118341, -0.001805, -0.392966, 0.882873, 0.406392, 0.235331, -0.469611, 0.764637, 0.441357, -0.000578, -0.500176, 0.865923),
      ["LowerTorso"] = CFrame.new(0.000000, -1.419490, -0.417706, 1.000000, 0.000000, 0.000000, 0.000000, -0.012898, -0.999917, 0.000000, 0.999917, -0.012898),
      ["RightUpperLeg"] = CFrame.new(0.114500, 0.009610, -0.375382, 0.893986, -0.406295, -0.188980, 0.446758, 0.775618, 0.445896, -0.034589, -0.483053, 0.874907),
      ["рҹҢ§пёҸрҹҳірҹ‘»рҹҸіпёҸвҖҚрҹҢҲрҹҳӮрҹ’һрҹҸҙвҖҚвҳ пёҸрҹҺёрҹҢ§пёҸрҹҳірҹ‘»рҹҸіпёҸвҖҚрҹҢҲрҹҳӮрҹ’һрҹҸҙвҖҚвҳ"] = CFrame.new(0.000000, -0.000000, 0.000000, 0.944027, -0.329869, 0.000000, 0.329869, 0.944027, 0.000000, 0.000000, 0.000000, 1.000000)
    }},
    { Time = 0.033, Data = {
      ["Balls"] = CFrame.new(0.000000, 0.000002, 0.000000, 0.986179, 0.165681, 0.000000, -0.165681, 0.986179, -0.000000, -0.000000, 0.000000, 1.000000),
      ["Balls2"] = CFrame.new(0.000002, 0.000002, 0.000000, 0.883827, 0.467813, 0.000000, -0.467813, 0.883827, -0.000000, -0.000000, 0.000000, 1.000000),
      ["FloatingCock"] = CFrame.new(-0.002298, -2.313828, -0.869984, -0.003001, 0.000499, 0.999995, 0.167748, 0.985830, 0.000012, -0.985825, 0.167747, -0.003042),
      ["FloatingCock2"] = CFrame.new(0.000396, -1.810194, 1.732450, -0.002235, -0.007194, -0.999972, 0.956109, -0.293013, -0.000029, -0.293004, -0.956082, 0.007533),
      ["Head"] = CFrame.new(0.000000, -0.000000, 0.000000, 1.000000, -0.000000, 0.000000, 0.000000, 0.985216, 0.171317, -0.000000, -0.171317, 0.985216),
      ["LeftUpperLeg"] = CFrame.new(-0.118321, -0.001767, -0.392956, 0.882913, 0.406294, 0.235348, -0.469535, 0.764590, 0.441518, -0.000558, -0.500327, 0.865837),
      ["LowerTorso"] = CFrame.new(0.000000, -1.419369, -0.417509, 1.000000, 0.000000, 0.000000, 0.000000, -0.013020, -0.999915, 0.000000, 0.999915, -0.013020),
      ["RightUpperLeg"] = CFrame.new(0.114484, 0.009640, -0.375413, 0.894018, -0.406179, -0.189078, 0.446699, 0.775572, 0.446036, -0.034527, -0.483225, 0.874815),
      ["рҹҢ§пёҸрҹҳірҹ‘»рҹҸіпёҸвҖҚрҹҢҲрҹҳӮрҹ’һрҹҸҙвҖҚвҳ пёҸрҹҺёрҹҢ§пёҸрҹҳірҹ‘»рҹҸіпёҸвҖҚрҹҢҲрҹҳӮрҹ’һрҹҸҙвҖҚвҳ"] = CFrame.new(-0.000000, -0.000000, 0.000000, 0.943070, -0.332596, 0.000000, 0.332596, 0.943070, 0.000000, 0.000000, 0.000000, 1.000000)
    }},
    { Time = 0.050, Data = {
      ["Balls"] = CFrame.new(0.000000, 0.000002, 0.000000, 0.989930, 0.141556, 0.000000, -0.141556, 0.989930, -0.000000, -0.000000, 0.000000, 1.000000),
      ["Balls2"] = CFrame.new(0.000002, 0.000003, 0.000000, 0.889904, 0.456148, 0.000000, -0.456148, 0.889904, -0.000000, -0.000000, 0.000000, 1.000000),
      ["FloatingCock"] = CFrame.new(-0.002298, -2.313896, -0.863088, -0.003033, 0.000498, 0.999995, 0.165936, 0.986136, 0.000012, -0.986132, 0.165935, -0.003074),
      ["FloatingCock2"] = CFrame.new(0.001011, -1.774060, 1.712116, -0.002311, -0.007197, -0.999971, 0.951887, -0.306448, 0.000005, -0.306439, -0.951860, 0.007559),
      ["Head"] = CFrame.new(0.000000, -0.000000, 0.000000, 1.000000, -0.000000, 0.000000, 0.000000, 0.983271, 0.182150, -0.000000, -0.182150, 0.983271),
      ["LeftUpperLeg"] = CFrame.new(-0.118286, -0.001701, -0.392998, 0.882983, 0.406098, 0.235425, -0.469404, 0.764584, 0.441668, -0.000642, -0.500495, 0.865739),
      ["LowerTorso"] = CFrame.new(0.000000, -1.419248, -0.417184, 1.000000, 0.000000, 0.000000, 0.000000, -0.013141, -0.999914, 0.000000, 0.999914, -0.013141),
      ["RightUpperLeg"] = CFrame.new(0.114429, 0.009747, -0.375466, 0.894128, -0.405910, -0.189135, 0.446487, 0.775604, 0.446192, -0.034420, -0.483399, 0.874723),
      ["рҹҢ§пёҸрҹҳірҹ‘»рҹҸіпёҸвҖҚрҹҢҲрҹҳӮрҹ’һрҹҸҙвҖҚвҳ пёҸрҹҺёрҹҢ§пёҸрҹҳірҹ‘»рҹҸіпёҸвҖҚрҹҢҲрҹҳӮрҹ’һрҹҸҙвҖҚвҳ"] = CFrame.new(0.000000, -0.000000, 0.000000, 0.942134, -0.335237, 0.000000, 0.335237, 0.942134, 0.000000, 0.000000, 0.000000, 1.000000)
    }},
    { Time = 0.067, Data = {
      ["Balls"] = CFrame.new(0.000000, 0.000002, 0.000000, 0.992987, 0.118226, 0.000000, -0.118226, 0.992987, -0.000000, -0.000000, 0.000000, 1.000000),
      ["Balls2"] = CFrame.new(0.000002, 0.000003, 0.000000, 0.898090, 0.439812, 0.000000, -0.439812, 0.898090, -0.000000, -0.000000, 0.000000, 1.000000),
      ["FloatingCock"] = CFrame.new(-0.002298, -2.313991, -0.853539, -0.002992, 0.000491, 0.999995, 0.163520, 0.986540, 0.000005, -0.986535, 0.163519, -0.003033),
      ["FloatingCock2"] = CFrame.new(0.001607, -1.739137, 1.692465, -0.002371, -0.007114, -0.999972, 0.947668, -0.319257, 0.000024, -0.319248, -0.947642, 0.007499),
      ["Head"] = CFrame.new(0.000000, 0.000000, -0.000000, 1.000000, -0.000000, 0.000000, 0.000000, 0.981272, 0.192626, -0.000000, -0.192626, 0.981272),
      ["LeftUpperLeg"] = CFrame.new(-0.118257, -0.001646, -0.393069, 0.883042, 0.405868, 0.235602, -0.469293, 0.764534, 0.441872, -0.000784, -0.500758, 0.865587),
      ["LowerTorso"] = CFrame.new(0.000000, -1.419005, -0.416733, 1.000000, 0.000000, 0.000000, 0.000000, -0.013383, -0.999910, 0.000000, 0.999910, -0.013383),
      ["RightUpperLeg"] = CFrame.new(0.114374, 0.009854, -0.375499, 0.894238, -0.405624, -0.189229, 0.446271, 0.775551, 0.446501, -0.034354, -0.483726, 0.874545),
      ["рҹҢ§пёҸрҹҳірҹ‘»рҹҸіпёҸвҖҚрҹҢҲрҹҳӮрҹ’һрҹҸҙвҖҚвҳ пёҸрҹҺёрҹҢ§пёҸрҹҳірҹ‘»рҹҸіпёҸвҖҚрҹҢҲрҹҳӮрҹ’һрҹҸҙвҖҚвҳ"] = CFrame.new(0.000000, -0.000000, 0.000000, 0.941249, -0.337713, 0.000000, 0.337713, 0.941249, 0.000000, 0.000000, 0.000000, 1.000000)
    }},
    { Time = 0.083, Data = {
      ["Balls"] = CFrame.new(0.000000, 0.000002, 0.000000, 0.995401, 0.095793, 0.000000, -0.095793, 0.995401, -0.000000, -0.000000, 0.000000, 1.000000),
      ["Balls2"] = CFrame.new(0.000002, 0.000002, 0.000000, 0.908008, 0.418953, 0.000000, -0.418953, 0.908008, -0.000000, -0.000000, 0.000000, 1.000000),
      ["FloatingCock"] = CFrame.new(-0.002298, -2.314112, -0.841443, -0.002998, 0.000487, 0.999995, 0.160498, 0.987036, 0.000000, -0.987032, 0.160497, -0.003037),
      ["FloatingCock2"] = CFrame.new(0.002175, -1.705807, 1.673709, -0.002452, -0.007124, -0.999972, 0.943472, -0.331452, 0.000048, -0.331443, -0.943445, 0.007534),
      ["Head"] = CFrame.new(0.000000, 0.000000, 0.000000, 1.000000, -0.000000, 0.000000, 0.000000, 0.979267, 0.202575, -0.000000, -0.202575, 0.979267),
      ["LeftUpperLeg"] = CFrame.new(-0.118207, -0.001552, -0.393141, 0.883141, 0.405550, 0.235776, -0.469106, 0.764482, 0.442162, -0.000928, -0.501096, 0.865391),
      ["LowerTorso"] = CFrame.new(0.000000, -1.418642, -0.416160, 1.000000, 0.000000, 0.000000, 0.000000, -0.013747, -0.999906, 0.000000, 0.999906, -0.013747),
      ["RightUpperLeg"] = CFrame.new(0.114306, 0.009980, -0.375624, 0.894373, -0.405216, -0.189465, 0.446020, 0.775536, 0.446777, -0.034104, -0.484090, 0.874353),
      ["рҹҢ§пёҸрҹҳірҹ‘»рҹҸіпёҸвҖҚрҹҢҲрҹҳӮрҹ’һрҹҸҙвҖҚвҳ пёҸрҹҺёрҹҢ§пёҸрҹҳірҹ‘»рҹҸіпёҸвҖҚрҹҢҲрҹҳӮрҹ’һрҹҸҙвҖҚвҳ"] = CFrame.new(-0.000000, 0.000000, 0.000000, 0.940358, -0.340186, 0.000000, 0.340186, 0.940358, 0.000000, 0.000000, 0.000000, 1.000000)
    }},
    { Time = 0.100, Data = {
      ["Balls"] = CFrame.new(0.000000, 0.000002, 0.000000, 0.997206, 0.074703, 0.000000, -0.074703, 0.997206, -0.000000, -0.000000, 0.000000, 1.000000),
      ["Balls2"] = CFrame.new(0.000002, 0.000002, 0.000000, 0.919301, 0.393554, 0.000000, -0.393554, 0.919301, -0.000000, -0.000000, 0.000000, 1.000000),
      ["FloatingCock"] = CFrame.new(-0.002298, -2.314257, -0.826932, -0.003056, 0.000486, 0.999995, 0.156750, 0.987638, -0.000001, -0.987634, 0.156749, -0.003095),
      ["FloatingCock2"] = CFrame.new(0.002709, -1.674434, 1.656054, -0.002568, -0.007085, -0.999972, 0.939369, -0.342907, 0.000017, -0.342897, -0.939343, 0.007536),
      ["Head"] = CFrame.new(0.000000, -0.000000, 0.000000, 1.000000, -0.000000, 0.000000, 0.000000, 0.977288, 0.211915, -0.000000, -0.211915, 0.977288),
      ["LeftUpperLeg"] = CFrame.new(-0.118138, -0.001421, -0.393213, 0.883281, 0.405146, 0.235949, -0.468844, 0.764426, 0.442537, -0.001073, -0.501508, 0.865152),
      ["LowerTorso"] = CFrame.new(0.000000, -1.418278, -0.415474, 1.000000, 0.000000, 0.000000, 0.000000, -0.014111, -0.999900, 0.000000, 0.999900, -0.014111),
      ["RightUpperLeg"] = CFrame.new(0.114216, 0.010155, -0.375709, 0.894554, -0.404745, -0.189618, 0.445670, 0.775518, 0.447157, -0.033933, -0.484513, 0.874125),
      ["рҹҢ§пёҸрҹҳірҹ‘»рҹҸіпёҸвҖҚрҹҢҲрҹҳӮрҹ’һрҹҸҙвҖҚвҳ пёҸрҹҺёрҹҢ§пёҸрҹҳірҹ‘»рҹҸіпёҸвҖҚрҹҢҲрҹҳӮрҹ’һрҹҸҙвҖҚвҳ"] = CFrame.new(-0.000000, -0.000000, 0.000000, 0.939551, -0.342410, 0.000000, 0.342410, 0.939551, 0.000000, 0.000000, 0.000000, 1.000000)
    }},
    { Time = 0.117, Data = {
      ["Balls"] = CFrame.new(0.000000, 0.000001, 0.000000, 0.998479, 0.055139, 0.000000, -0.055139, 0.998479, -0.000000, -0.000000, 0.000000, 1.000000),
      ["Balls2"] = CFrame.new(0.000002, 0.000002, 0.000000, 0.931431, 0.363918, 0.000000, -0.363918, 0.931431, -0.000000, -0.000000, 0.000000, 1.000000),
      ["FloatingCock"] = CFrame.new(-0.002298, -2.314425, -0.810164, -0.003024, 0.000477, 0.999995, 0.152516, 0.988301, -0.000010, -0.988296, 0.152515, -0.003061),
      ["FloatingCock2"] = CFrame.new(0.003205, -1.645363, 1.639695, -0.002693, -0.007129, -0.999971, 0.935435, -0.353500, 0.000001, -0.353490, -0.935407, 0.007621),
      ["Head"] = CFrame.new(0.000000, 0.000000, 0.000000, 1.000000, -0.000000, 0.000000, 0.000000, 0.975373, 0.220563, -0.000000, -0.220563, 0.975373),
      ["LeftUpperLeg"] = CFrame.new(-0.118053, -0.001262, -0.393327, 0.883449, 0.404632, 0.236201, -0.468526, 0.764366, 0.442977, -0.001301, -0.502014, 0.864859),
      ["LowerTorso"] = CFrame.new(0.000000, -1.417793, -0.414681, 1.000000, 0.000000, 0.000000, 0.000000, -0.014596, -0.999893, 0.000000, 0.999893, -0.014596),
      ["RightUpperLeg"] = CFrame.new(0.114129, 0.010320, -0.375825, 0.894727, -0.404243, -0.189870, 0.445340, 0.775456, 0.447593, -0.033701, -0.485031, 0.873848),
      ["рҹҢ§пёҸрҹҳірҹ‘»рҹҸіпёҸвҖҚрҹҢҲрҹҳӮрҹ’һрҹҸҙвҖҚвҳ пёҸрҹҺёрҹҢ§пёҸрҹҳірҹ‘»рҹҸіпёҸвҖҚрҹҢҲрҹҳӮрҹ’һрҹҸҙвҖҚвҳ"] = CFrame.new(-0.000000, -0.000000, 0.000000, 0.938768, -0.344551, 0.000000, 0.344551, 0.938768, 0.000000, 0.000000, 0.000000, 1.000000)
    }},
    { Time = 0.133, Data = {
      ["Balls"] = CFrame.new(0.000000, 0.000001, 0.000000, 0.999305, 0.037285, 0.000000, -0.037285, 0.999305, -0.000000, -0.000000, 0.000000, 1.000000),
      ["Balls2"] = CFrame.new(0.000002, 0.000002, 0.000000, 0.943940, 0.330117, 0.000000, -0.330117, 0.943940, -0.000000, -0.000000, 0.000000, 1.000000),
      ["FloatingCock"] = CFrame.new(-0.002298, -2.314612, -0.791324, -0.003027, 0.000470, 0.999995, 0.147674, 0.989036, -0.000017, -0.989032, 0.147673, -0.003063),
      ["FloatingCock2"] = CFrame.new(0.003656, -1.618912, 1.624811, -0.002741, -0.007049, -0.999972, 0.931746, -0.363112, 0.000006, -0.363101, -0.931719, 0.007563),
      ["Head"] = CFrame.new(0.000000, -0.000000, 0.000000, 1.000000, -0.000000, 0.000000, 0.000000, 0.973559, 0.228437, -0.000000, -0.228437, 0.973559),
      ["LeftUpperLeg"] = CFrame.new(-0.117969, -0.001103, -0.393430, 0.883617, 0.404107, 0.236471, -0.468208, 0.764262, 0.443492, -0.001507, -0.502595, 0.864521),
      ["LowerTorso"] = CFrame.new(0.000000, -1.417308, -0.413790, 1.000000, 0.000000, 0.000000, 0.000000, -0.015080, -0.999886, 0.000000, 0.999886, -0.015080),
      ["RightUpperLeg"] = CFrame.new(0.114023, 0.010524, -0.375953, 0.894939, -0.403665, -0.190101, 0.444933, 0.775433, 0.448038, -0.033447, -0.485549, 0.873569),
      ["рҹҢ§пёҸрҹҳірҹ‘»рҹҸіпёҸвҖҚрҹҢҲрҹҳӮрҹ’һрҹҸҙвҖҚвҳ пёҸрҹҺёрҹҢ§пёҸрҹҳірҹ‘»рҹҸіпёҸвҖҚрҹҢҲрҹҳӮрҹ’һрҹҸҙвҖҚвҳ"] = CFrame.new(-0.000000, 0.000000, 0.000000, 0.938071, -0.346443, 0.000000, 0.346443, 0.938071, 0.000000, 0.000000, 0.000000, 1.000000)
    }},
    { Time = 0.150, Data = {
      ["Balls"] = CFrame.new(0.000000, 0.000001, 0.000000, 0.999771, 0.021407, 0.000000, -0.021407, 0.999771, -0.000000, -0.000000, 0.000000, 1.000000),
      ["Balls2"] = CFrame.new(0.000002, 0.000002, 0.000000, 0.956269, 0.292488, 0.000000, -0.292488, 0.956269, -0.000000, -0.000000, 0.000000, 1.000000),
      ["FloatingCock"] = CFrame.new(-0.002298, -2.314819, -0.770618, -0.003054, 0.000402, 0.999995, 0.142406, 0.989808, 0.000037, -0.989804, 0.142405, -0.003080),
      ["FloatingCock2"] = CFrame.new(0.004057, -1.595371, 1.611563, -0.002790, -0.006974, -0.999972, 0.928410, -0.371557, 0.000001, -0.371547, -0.928384, 0.007512),
      ["Head"] = CFrame.new(0.000000, 0.000000, 0.000000, 1.000000, -0.000000, 0.000000, 0.000000, 0.971886, 0.235454, -0.000000, -0.235454, 0.971886),
      ["LeftUpperLeg"] = CFrame.new(-0.117885, -0.000944, -0.393534, 0.883785, 0.403582, 0.236740, -0.467890, 0.764157, 0.444007, -0.001714, -0.503175, 0.864183),
      ["LowerTorso"] = CFrame.new(0.000000, -1.416824, -0.412812, 1.000000, 0.000000, 0.000000, 0.000000, -0.015565, -0.999879, 0.000000, 0.999879, -0.015565),
      ["RightUpperLeg"] = CFrame.new(0.113901, 0.010757, -0.376111, 0.895183, -0.402970, -0.190429, 0.444467, 0.775363, 0.448623, -0.033130, -0.486239, 0.873198),
      ["рҹҢ§пёҸрҹҳірҹ‘»рҹҸіпёҸвҖҚрҹҢҲрҹҳӮрҹ’һрҹҸҙвҖҚвҳ пёҸрҹҺёрҹҢ§пёҸрҹҳірҹ‘»рҹҸіпёҸвҖҚрҹҢҲрҹҳӮрҹ’һрҹҸҙвҖҚвҳ"] = CFrame.new(0.000000, 0.000000, -0.000000, 0.937431, -0.348170, 0.000000, 0.348170, 0.937431, 0.000000, 0.000000, 0.000000, 1.000000)
    }},
    { Time = 0.167, Data = {
      ["Balls"] = CFrame.new(-0.000000, 0.000001, 0.000000, 0.999970, 0.007683, 0.000000, -0.007683, 0.999970, -0.000000, -0.000000, 0.000000, 1.000000),
      ["Balls2"] = CFrame.new(0.000002, 0.000002, 0.000000, 0.967884, 0.251398, 0.000000, -0.251398, 0.967884, -0.000000, -0.000000, 0.000000, 1.000000),
      ["FloatingCock"] = CFrame.new(-0.002298, -2.315042, -0.748272, -0.003091, 0.000396, 0.999995, 0.136710, 0.990611, 0.000030, -0.990606, 0.136710, -0.003116),
      ["FloatingCock2"] = CFrame.new(0.004405, -1.574998, 1.600098, -0.002858, -0.006990, -0.999972, 0.925427, -0.378926, 0.000004, -0.378915, -0.925401, 0.007552),
      ["Head"] = CFrame.new(0.000000, -0.000000, 0.000000, 1.000000, -0.000000, 0.000000, 0.000000, 0.970413, 0.241449, -0.000000, -0.241449, 0.970413),
      ["LeftUpperLeg"] = CFrame.new(-0.117787, -0.000757, -0.393678, 0.883982, 0.402946, 0.237088, -0.467517, 0.764049, 0.444586, -0.002002, -0.503849, 0.863790),
      ["LowerTorso"] = CFrame.new(0.000000, -1.416218, -0.411754, 1.000000, 0.000000, 0.000000, 0.000000, -0.016171, -0.999869, 0.000000, 0.999869, -0.016171),
      ["RightUpperLeg"] = CFrame.new(0.113761, 0.011028, -0.376281, 0.895464, -0.402198, -0.190737, 0.443924, 0.775330, 0.449216, -0.032790, -0.486929, 0.872826),
      ["рҹҢ§пёҸрҹҳірҹ‘»рҹҸіпёҸвҖҚрҹҢҲрҹҳӮрҹ’һрҹҸҙвҖҚвҳ пёҸрҹҺёрҹҢ§пёҸрҹҳірҹ‘»рҹҸіпёҸвҖҚрҹҢҲрҹҳӮрҹ’һрҹҸҙвҖҚвҳ"] = CFrame.new(-0.000000, 0.000000, -0.000000, 0.936880, -0.349650, 0.000000, 0.349650, 0.936880, 0.000000, 0.000000, 0.000000, 1.000000)
    }},
    { Time = 0.183, Data = {
      ["Balls"] = CFrame.new(-0.000000, 0.000001, 0.000000, 0.999993, -0.003798, 0.000000, 0.003798, 0.999993, 0.000000, 0.000000, 0.000000, 1.000000),
      ["Balls2"] = CFrame.new(0.000001, 0.000002, 0.000000, 0.978307, 0.207162, 0.000000, -0.207162, 0.978307, -0.000000, -0.000000, 0.000000, 1.000000),
      ["FloatingCock"] = CFrame.new(-0.002298, -2.315279, -0.724532, -0.003014, 0.000381, 0.999996, 0.130648, 0.991429, 0.000016, -0.991424, 0.130647, -0.003038),
      ["FloatingCock2"] = CFrame.new(0.004694, -1.558015, 1.590541, -0.002891, -0.006914, -0.999972, 0.922931, -0.384966, -0.000006, -0.384955, -0.922905, 0.007494),
      ["Head"] = CFrame.new(0.000000, 0.000000, 0.000000, 1.000000, -0.000000, 0.000000, 0.000000, 0.969140, 0.246511, -0.000000, -0.246511, 0.969140),
      ["LeftUpperLeg"] = CFrame.new(-0.117683, -0.000561, -0.393782, 0.884189, 0.402334, 0.237355, -0.467124, 0.763939, 0.445187, -0.002211, -0.504504, 0.863407),
      ["LowerTorso"] = CFrame.new(0.000000, -1.415493, -0.410628, 1.000000, 0.000000, 0.000000, 0.000000, -0.016897, -0.999857, 0.000000, 0.999857, -0.016897),
      ["RightUpperLeg"] = CFrame.new(0.113620, 0.011300, -0.376451, 0.895746, -0.401425, -0.191043, 0.443381, 0.775297, 0.449809, -0.032449, -0.487619, 0.872453),
      ["рҹҢ§пёҸрҹҳірҹ‘»рҹҸіпёҸвҖҚрҹҢҲрҹҳӮрҹ’һрҹҸҙвҖҚвҳ пёҸрҹҺёрҹҢ§пёҸрҹҳірҹ‘»рҹҸіпёҸвҖҚрҹҢҲрҹҳӮрҹ’һрҹҸҙвҖҚвҳ"] = CFrame.new(-0.000000, -0.000000, -0.000000, 0.936450, -0.350800, 0.000000, 0.350800, 0.936450, 0.000000, 0.000000, 0.000000, 1.000000)
    }},
    { Time = 0.200, Data = {
      ["Balls"] = CFrame.new(-0.000000, 0.000001, 0.000000, 0.999917, -0.012862, 0.000000, 0.012862, 0.999917, 0.000000, 0.000000, 0.000000, 1.000000),
      ["Balls2"] = CFrame.new(0.000001, 0.000002, 0.000000, 0.987041, 0.160468, 0.000000, -0.160468, 0.987041, -0.000000, -0.000000, 0.000000, 1.000000),
      ["FloatingCock"] = CFrame.new(-0.002298, -2.315528, -0.699658, -0.003062, 0.000374, 0.999995, 0.124217, 0.992255, 0.000009, -0.992250, 0.124217, -0.003085),
      ["FloatingCock2"] = CFrame.new(0.004922, -1.544609, 1.582998, -0.002935, -0.006997, -0.999971, 0.920915, -0.389763, 0.000025, -0.389752, -0.920889, 0.007587),
      ["Head"] = CFrame.new(0.000000, 0.000000, 0.000000, 1.000000, -0.000000, 0.000000, 0.000000, 0.968124, 0.250472, -0.000000, -0.250472, 0.968124),
      ["LeftUpperLeg"] = CFrame.new(-0.117565, -0.000336, -0.393939, 0.884425, 0.401622, 0.237681, -0.466676, 0.763869, 0.445777, -0.002524, -0.505177, 0.863012),
      ["LowerTorso"] = CFrame.new(0.000000, -1.414888, -0.409451, 1.000000, 0.000000, 0.000000, 0.000000, -0.017502, -0.999847, 0.000000, 0.999847, -0.017502),
      ["RightUpperLeg"] = CFrame.new(0.113479, 0.011571, -0.376612, 0.896026, -0.400644, -0.191368, 0.442837, 0.775219, 0.450478, -0.032129, -0.488385, 0.872037),
      ["рҹҢ§пёҸрҹҳірҹ‘»рҹҸіпёҸвҖҚрҹҢҲрҹҳӮрҹ’һрҹҸҙвҖҚвҳ пёҸрҹҺёрҹҢ§пёҸрҹҳірҹ‘»рҹҸіпёҸвҖҚрҹҢҲрҹҳӮрҹ’һрҹҸҙвҖҚвҳ"] = CFrame.new(-0.000000, -0.000000, -0.000000, 0.936081, -0.351786, 0.000000, 0.351786, 0.936081, 0.000000, 0.000000, 0.000000, 1.000000)
    }},
    { Time = 0.217, Data = {
      ["Balls"] = CFrame.new(-0.000000, 0.000001, 0.000000, 0.999811, -0.019422, 0.000000, 0.019422, 0.999811, 0.000000, 0.000000, 0.000000, 1.000000),
      ["Balls2"] = CFrame.new(0.000001, 0.000002, 0.000000, 0.993742, 0.111698, 0.000000, -0.111698, 0.993742, -0.000000, -0.000000, 0.000000, 1.000000),
      ["FloatingCock"] = CFrame.new(-0.002298, -2.315785, -0.673922, -0.003097, 0.000366, 0.999995, 0.117661, 0.993054, 0.000001, -0.993049, 0.117661, -0.003119),
      ["FloatingCock2"] = CFrame.new(0.005087, -1.534927, 1.577550, -0.002967, -0.006931, -0.999972, 0.919454, -0.393197, -0.000003, -0.393186, -0.919428, 0.007540),
      ["Head"] = CFrame.new(0.000000, 0.000000, 0.000000, 1.000000, -0.000000, 0.000000, 0.000000, 0.967379, 0.253335, -0.000000, -0.253335, 0.967379),
      ["LeftUpperLeg"] = CFrame.new(-0.117448, -0.000112, -0.394085, 0.884660, 0.400898, 0.238026, -0.466227, 0.763755, 0.446442, -0.002815, -0.505924, 0.862573),
      ["LowerTorso"] = CFrame.new(0.000000, -1.414161, -0.408231, 1.000000, 0.000000, 0.000000, 0.000000, -0.018228, -0.999834, 0.000000, 0.999834, -0.018228),
      ["RightUpperLeg"] = CFrame.new(0.113343, 0.011833, -0.376812, 0.896299, -0.399840, -0.191773, 0.442315, 0.775141, 0.451126, -0.031727, -0.489168, 0.871612),
      ["рҹҢ§пёҸрҹҳірҹ‘»рҹҸіпёҸвҖҚрҹҢҲрҹҳӮрҹ’һрҹҸҙвҖҚвҳ пёҸрҹҺёрҹҢ§пёҸрҹҳірҹ‘»рҹҸіпёҸвҖҚрҹҢҲрҹҳӮрҹ’һрҹҸҙвҖҚвҳ"] = CFrame.new(-0.000000, -0.000000, -0.000000, 0.935802, -0.352525, 0.000000, 0.352525, 0.935802, 0.000000, 0.000000, 0.000000, 1.000000)
    }},
    { Time = 0.233, Data = {
      ["Balls"] = CFrame.new(-0.000000, 0.000001, 0.000000, 0.999726, -0.023392, 0.000000, 0.023392, 0.999726, 0.000000, 0.000000, 0.000000, 1.000000),
      ["Balls2"] = CFrame.new(0.000001, 0.000002, 0.000000, 0.998101, 0.061605, 0.000000, -0.061605, 0.998101, -0.000000, -0.000000, 0.000000, 1.000000),
      ["FloatingCock"] = CFrame.new(-0.002298, -2.316047, -0.647606, -0.003124, 0.000296, 0.999995, 0.110919, 0.993829, 0.000052, -0.993825, 0.110919, -0.003138),
      ["FloatingCock2"] = CFrame.new(0.005187, -1.529075, 1.574257, -0.003031, -0.006964, -0.999971, 0.918532, -0.395347, -0.000031, -0.395336, -0.918505, 0.007595),
      ["Head"] = CFrame.new(0.000000, -0.000000, 0.000000, 1.000000, -0.000000, 0.000000, 0.000000, 0.966936, 0.255019, -0.000000, -0.255019, 0.966936),
      ["LeftUpperLeg"] = CFrame.new(-0.117330, 0.000112, -0.394231, 0.884896, 0.400175, 0.238370, -0.465779, 0.763639, 0.447107, -0.003107, -0.506671, 0.862134),
      ["LowerTorso"] = CFrame.new(0.000000, -1.413556, -0.406986, 1.000000, 0.000000, 0.000000, 0.000000, -0.018833, -0.999823, 0.000000, 0.999823, -0.018833),
      ["RightUpperLeg"] = CFrame.new(0.113184, 0.012143, -0.376985, 0.896617, -0.398981, -0.192076, 0.441694, 0.775100, 0.451804, -0.031383, -0.489934, 0.871195),
      ["рҹҢ§пёҸрҹҳірҹ‘»рҹҸіпёҸвҖҚрҹҢҲрҹҳӮрҹ’һрҹҸҙвҖҚвҳ пёҸрҹҺёрҹҢ§пёҸрҹҳірҹ‘»рҹҸіпёҸвҖҚрҹҢҲрҹҳӮрҹ’һрҹҸҙвҖҚвҳ"] = CFrame.new(-0.000000, -0.000000, -0.000000, 0.935648, -0.352935, 0.000000, 0.352935, 0.935648, 0.000000, 0.000000, 0.000000, 1.000000)
    }},
    { Time = 0.250, Data = {
      ["Balls"] = CFrame.new(-0.000000, -0.000000, -0.000000, 0.999695, -0.024686, 0.000000, 0.024686, 0.999695, 0.000000, 0.000000, 0.000000, 1.000000),
      ["Balls2"] = CFrame.new(0.000001, 0.000002, 0.000000, 0.999943, 0.010704, 0.000000, -0.010704, 0.999943, -0.000000, -0.000000, 0.000000, 1.000000),
      ["FloatingCock"] = CFrame.new(-0.002298, -2.316313, -0.620999, -0.003006, 0.000340, 0.999995, 0.104052, 0.994572, -0.000026, -0.994567, 0.104051, -0.003025),
      ["FloatingCock2"] = CFrame.new(0.005220, -1.527117, 1.573155, -0.002961, -0.006916, -0.999972, 0.918243, -0.396018, 0.000020, -0.396007, -0.918217, 0.007523),
      ["Head"] = CFrame.new(0.000000, 0.000000, 0.000000, 1.000000, -0.000000, 0.000000, 0.000000, 0.966781, 0.255608, -0.000000, -0.255608, 0.966781),
      ["LeftUpperLeg"] = CFrame.new(-0.117218, 0.000326, -0.394406, 0.885119, 0.399416, 0.238812, -0.465352, 0.763478, 0.447826, -0.003459, -0.507511, 0.861638),
      ["LowerTorso"] = CFrame.new(0.000000, -1.412831, -0.405724, 1.000000, 0.000000, 0.000000, 0.000000, -0.019558, -0.999809, 0.000000, 0.999809, -0.019558),
      ["RightUpperLeg"] = CFrame.new(0.113030, 0.012443, -0.377197, 0.896926, -0.398099, -0.192459, 0.441095, 0.775057, 0.452462, -0.030957, -0.490718, 0.870769),
      ["рҹҢ§пёҸрҹҳірҹ‘»рҹҸіпёҸвҖҚрҹҢҲрҹҳӮрҹ’һрҹҸҙвҖҚвҳ пёҸрҹҺёрҹҢ§пёҸрҹҳірҹ‘»рҹҸіпёҸвҖҚрҹҢҲрҹҳӮрҹ’һрҹҸҙвҖҚвҳ"] = CFrame.new(-0.000000, -0.000000, -0.000000, 0.935586, -0.353100, 0.000000, 0.353100, 0.935586, 0.000000, 0.000000, 0.000000, 1.000000)
    }},
    { Time = 0.267, Data = {
      ["Balls"] = CFrame.new(-0.000000, 0.000001, 0.000000, 0.999726, -0.023392, 0.000000, 0.023392, 0.999726, 0.000000, 0.000000, 0.000000, 1.000000),
      ["Balls2"] = CFrame.new(0.000001, 0.000002, 0.000000, 0.999194, -0.040132, 0.000000, 0.040132, 0.999194, 0.000000, 0.000000, 0.000000, 1.000000),
      ["FloatingCock"] = CFrame.new(-0.002298, -2.316579, -0.594391, -0.003108, 0.000335, 0.999995, 0.097242, 0.995261, -0.000031, -0.995256, 0.097241, -0.003125),
      ["FloatingCock2"] = CFrame.new(0.005193, -1.528506, 1.574384, -0.003032, -0.006967, -0.999971, 0.918705, -0.394944, -0.000034, -0.394933, -0.918679, 0.007598),
      ["Head"] = CFrame.new(0.000000, -0.000000, 0.000000, 1.000000, -0.000000, 0.000000, 0.000000, 0.966936, 0.255019, -0.000000, -0.255019, 0.966936),
      ["LeftUpperLeg"] = CFrame.new(-0.117101, 0.000550, -0.394553, 0.885353, 0.398692, 0.239155, -0.464905, 0.763361, 0.448491, -0.003752, -0.508257, 0.861197),
      ["LowerTorso"] = CFrame.new(0.000000, -1.412105, -0.404462, 1.000000, 0.000000, 0.000000, 0.000000, -0.020283, -0.999794, 0.000000, 0.999794, -0.020283),
      ["RightUpperLeg"] = CFrame.new(0.112871, 0.012753, -0.377370, 0.897243, -0.397239, -0.192761, 0.440475, 0.775014, 0.453139, -0.030612, -0.491483, 0.870349),
      ["рҹҢ§пёҸрҹҳірҹ‘»рҹҸіпёҸвҖҚрҹҢҲрҹҳӮрҹ’һрҹҸҙвҖҚвҳ пёҸрҹҺёрҹҢ§пёҸрҹҳірҹ‘»рҹҸіпёҸвҖҚрҹҢҲрҹҳӮрҹ’һрҹҸҙвҖҚвҳ"] = CFrame.new(-0.000000, -0.000000, -0.000000, 0.935648, -0.352935, 0.000000, 0.352935, 0.935648, 0.000000, 0.000000, 0.000000, 1.000000)
    }},
    { Time = 0.283, Data = {
      ["Balls"] = CFrame.new(-0.000000, 0.000001, 0.000000, 0.999811, -0.019422, 0.000000, 0.019422, 0.999811, 0.000000, 0.000000, 0.000000, 1.000000),
      ["Balls2"] = CFrame.new(0.000001, 0.000002, 0.000000, 0.995908, -0.090373, 0.000000, 0.090373, 0.995908, 0.000000, 0.000000, 0.000000, 1.000000),
      ["FloatingCock"] = CFrame.new(-0.002298, -2.316841, -0.568075, -0.003064, 0.000261, 0.999995, 0.090489, 0.995897, 0.000017, -0.995893, 0.090488, -0.003075),
      ["FloatingCock2"] = CFrame.new(0.005111, -1.532657, 1.578058, -0.002935, -0.006916, -0.999972, 0.920086, -0.391717, 0.000009, -0.391706, -0.920060, 0.007513),
      ["Head"] = CFrame.new(0.000000, 0.000000, 0.000000, 1.000000, -0.000000, 0.000000, 0.000000, 0.967379, 0.253335, -0.000000, -0.253335, 0.967379),
      ["LeftUpperLeg"] = CFrame.new(-0.116985, 0.000774, -0.394699, 0.885586, 0.397967, 0.239497, -0.464457, 0.763242, 0.449156, -0.004045, -0.509003, 0.860755),
      ["LowerTorso"] = CFrame.new(0.000000, -1.411381, -0.403212, 1.000000, 0.000000, 0.000000, 0.000000, -0.021008, -0.999779, 0.000000, 0.999779, -0.021008),
      ["RightUpperLeg"] = CFrame.new(0.112736, 0.013015, -0.377562, 0.897512, -0.396424, -0.193182, 0.439952, 0.774887, 0.453864, -0.030228, -0.492339, 0.869878),
      ["рҹҢ§пёҸрҹҳірҹ‘»рҹҸіпёҸвҖҚрҹҢҲрҹҳӮрҹ’һрҹҸҙвҖҚвҳ пёҸрҹҺёрҹҢ§пёҸрҹҳірҹ‘»рҹҸіпёҸвҖҚрҹҢҲрҹҳӮрҹ’һрҹҸҙвҖҚвҳ"] = CFrame.new(-0.000000, 0.000000, 0.000000, 0.935802, -0.352525, 0.000000, 0.352525, 0.935802, 0.000000, 0.000000, 0.000000, 1.000000)
    }},
    { Time = 0.300, Data = {
      ["Balls"] = CFrame.new(-0.000000, 0.000001, 0.000000, 0.999917, -0.012862, 0.000000, 0.012862, 0.999917, 0.000000, 0.000000, 0.000000, 1.000000),
      ["Balls2"] = CFrame.new(0.000000, 0.000002, 0.000000, 0.990258, -0.139242, 0.000000, 0.139242, 0.990258, 0.000000, 0.000000, 0.000000, 1.000000),
      ["FloatingCock"] = CFrame.new(-0.002298, -2.317098, -0.542339, -0.003109, 0.000253, 0.999995, 0.083915, 0.996473, 0.000009, -0.996468, 0.083915, -0.003119),
      ["FloatingCock2"] = CFrame.new(0.004976, -1.539523, 1.584137, -0.002962, -0.006956, -0.999972, 0.922365, -0.386319, -0.000045, -0.386308, -0.922339, 0.007561),
      ["Head"] = CFrame.new(0.000000, 0.000000, 0.000000, 1.000000, -0.000000, 0.000000, 0.000000, 0.968124, 0.250472, -0.000000, -0.250472, 0.968124),
      ["LeftUpperLeg"] = CFrame.new(-0.116868, 0.000997, -0.394846, 0.885819, 0.397242, 0.239839, -0.464010, 0.763122, 0.449821, -0.004339, -0.509748, 0.860313),
      ["LowerTorso"] = CFrame.new(0.000000, -1.410777, -0.401992, 1.000000, 0.000000, 0.000000, 0.000000, -0.021612, -0.999766, 0.000000, 0.999766, -0.021612),
      ["RightUpperLeg"] = CFrame.new(0.112579, 0.013325, -0.377735, 0.897828, -0.395564, -0.193482, 0.439332, 0.774841, 0.454542, -0.029882, -0.493103, 0.869458),
      ["рҹҢ§пёҸрҹҳірҹ‘»рҹҸіпёҸвҖҚрҹҢҲрҹҳӮрҹ’һрҹҸҙвҖҚвҳ пёҸрҹҺёрҹҢ§пёҸрҹҳірҹ‘»рҹҸіпёҸвҖҚрҹҢҲрҹҳӮрҹ’һрҹҸҙвҖҚвҳ"] = CFrame.new(-0.000000, 0.000000, -0.000000, 0.936081, -0.351786, 0.000000, 0.351786, 0.936081, 0.000000, 0.000000, 0.000000, 1.000000)
    }},
    { Time = 0.317, Data = {
      ["Balls"] = CFrame.new(-0.000000, 0.000001, 0.000000, 0.999993, -0.003798, 0.000000, 0.003798, 0.999993, 0.000000, 0.000000, 0.000000, 1.000000),
      ["Balls2"] = CFrame.new(0.000000, 0.000002, 0.000000, 0.982520, -0.186155, 0.000000, 0.186155, 0.982520, 0.000000, 0.000000, 0.000000, 1.000000),
      ["FloatingCock"] = CFrame.new(-0.002298, -2.317346, -0.517465, -0.003127, 0.000243, 0.999995, 0.077461, 0.996995, -0.000001, -0.996990, 0.077461, -0.003136),
      ["FloatingCock2"] = CFrame.new(0.004788, -1.549031, 1.592554, -0.002858, -0.006990, -0.999972, 0.925427, -0.378926, 0.000004, -0.378915, -0.925401, 0.007552),
      ["Head"] = CFrame.new(0.000000, 0.000000, 0.000000, 1.000000, -0.000000, 0.000000, 0.000000, 0.969140, 0.246511, -0.000000, -0.246511, 0.969140),
      ["LeftUpperLeg"] = CFrame.new(-0.116772, 0.001183, -0.394992, 0.886012, 0.396604, 0.240183, -0.463639, 0.763006, 0.450401, -0.004630, -0.510419, 0.859914),
      ["LowerTorso"] = CFrame.new(0.000000, -1.410053, -0.400809, 1.000000, 0.000000, 0.000000, 0.000000, -0.022336, -0.999750, 0.000000, 0.999750, -0.022336),
      ["RightUpperLeg"] = CFrame.new(0.112445, 0.013585, -0.377948, 0.898096, -0.394765, -0.193865, 0.438812, 0.774799, 0.455115, -0.029457, -0.493808, 0.869072),
      ["рҹҢ§пёҸрҹҳірҹ‘»рҹҸіпёҸвҖҚрҹҢҲрҹҳӮрҹ’һрҹҸҙвҖҚвҳ пёҸрҹҺёрҹҢ§пёҸрҹҳірҹ‘»рҹҸіпёҸвҖҚрҹҢҲрҹҳӮрҹ’һрҹҸҙвҖҚвҳ"] = CFrame.new(-0.000000, -0.000000, -0.000000, 0.936450, -0.350800, 0.000000, 0.350800, 0.936450, 0.000000, 0.000000, 0.000000, 1.000000)
    }},
    { Time = 0.333, Data = {
      ["Balls"] = CFrame.new(-0.000000, 0.000001, 0.000000, 0.999970, 0.007683, 0.000000, -0.007683, 0.999970, -0.000000, -0.000000, 0.000000, 1.000000),
      ["Balls2"] = CFrame.new(0.000000, 0.000002, 0.000000, 0.973060, -0.230551, 0.000000, 0.230551, 0.973060, 0.000000, 0.000000, 0.000000, 1.000000),
      ["FloatingCock"] = CFrame.new(-0.002298, -2.317583, -0.493725, -0.003111, 0.000233, 0.999995, 0.071370, 0.997450, -0.000011, -0.997445, 0.071370, -0.003119),
      ["FloatingCock2"] = CFrame.new(0.004552, -1.561077, 1.603217, -0.002867, -0.007035, -0.999971, 0.929230, -0.369503, -0.000064, -0.369492, -0.929203, 0.007596),
      ["Head"] = CFrame.new(0.000000, -0.000000, 0.000000, 1.000000, -0.000000, 0.000000, 0.000000, 0.970413, 0.241449, -0.000000, -0.241449, 0.970413),
      ["LeftUpperLeg"] = CFrame.new(-0.116655, 0.001406, -0.395139, 0.886244, 0.395878, 0.240524, -0.463192, 0.762885, 0.451066, -0.004925, -0.511163, 0.859470),
      ["LowerTorso"] = CFrame.new(0.000000, -1.409450, -0.399682, 1.000000, 0.000000, 0.000000, 0.000000, -0.022940, -0.999737, 0.000000, 0.999737, -0.022940),
      ["RightUpperLeg"] = CFrame.new(0.112307, 0.013857, -0.378110, 0.898371, -0.393981, -0.194185, 0.438270, 0.774713, 0.455785, -0.029132, -0.494570, 0.868650),
      ["рҹҢ§пёҸрҹҳірҹ‘»рҹҸіпёҸвҖҚрҹҢҲрҹҳӮрҹ’һрҹҸҙвҖҚвҳ пёҸрҹҺёрҹҢ§пёҸрҹҳірҹ‘»рҹҸіпёҸвҖҚрҹҢҲрҹҳӮрҹ’һрҹҸҙвҖҚвҳ"] = CFrame.new(-0.000000, -0.000000, -0.000000, 0.936880, -0.349650, 0.000000, 0.349650, 0.936880, 0.000000, 0.000000, 0.000000, 1.000000)
    }},
    { Time = 0.350, Data = {
      ["Balls"] = CFrame.new(-0.000000, 0.000001, 0.000000, 0.999771, 0.021407, 0.000000, -0.021407, 0.999771, -0.000000, -0.000000, 0.000000, 1.000000),
      ["Balls2"] = CFrame.new(0.000000, 0.000001, 0.000000, 0.962324, -0.271906, 0.000000, 0.271906, 0.962324, 0.000000, 0.000000, 0.000000, 1.000000),
      ["FloatingCock"] = CFrame.new(-0.002298, -2.317806, -0.471379, -0.003064, 0.000223, 0.999995, 0.065643, 0.997843, -0.000021, -0.997839, 0.065642, -0.003072),
      ["FloatingCock2"] = CFrame.new(0.004267, -1.575527, 1.616009, -0.002754, -0.007078, -0.999971, 0.933667, -0.358142, -0.000036, -0.358132, -0.933640, 0.007595),
      ["Head"] = CFrame.new(0.000000, 0.000000, 0.000000, 1.000000, -0.000000, 0.000000, 0.000000, 0.971886, 0.235454, -0.000000, -0.235454, 0.971886),
      ["LeftUpperLeg"] = CFrame.new(-0.116554, 0.001603, -0.395256, 0.886448, 0.395273, 0.240768, -0.462800, 0.762812, 0.451592, -0.005158, -0.511740, 0.859125),
      ["LowerTorso"] = CFrame.new(0.000000, -1.408847, -0.398620, 1.000000, 0.000000, 0.000000, 0.000000, -0.023543, -0.999723, 0.000000, 0.999723, -0.023543),
      ["RightUpperLeg"] = CFrame.new(0.112169, 0.014126, -0.378292, 0.898646, -0.393214, -0.194469, 0.437730, 0.774713, 0.456303, -0.028767, -0.495180, 0.868314),
      ["рҹҢ§пёҸрҹҳірҹ‘»рҹҸіпёҸвҖҚрҹҢҲрҹҳӮрҹ’һрҹҸҙвҖҚвҳ пёҸрҹҺёрҹҢ§пёҸрҹҳірҹ‘»рҹҸіпёҸвҖҚрҹҢҲрҹҳӮрҹ’һрҹҸҙвҖҚвҳ"] = CFrame.new(-0.000000, -0.000000, -0.000000, 0.937431, -0.348170, 0.000000, 0.348170, 0.937431, 0.000000, 0.000000, 0.000000, 1.000000)
    }},
    { Time = 0.367, Data = {
      ["Balls"] = CFrame.new(0.000000, 0.000001, 0.000000, 0.999305, 0.037285, 0.000000, -0.037285, 0.999305, -0.000000, -0.000000, 0.000000, 1.000000),
      ["Balls2"] = CFrame.new(-0.000000, 0.000001, 0.000000, 0.950825, -0.309728, 0.000000, 0.309728, 0.950825, 0.000000, 0.000000, 0.000000, 1.000000),
      ["FloatingCock"] = CFrame.new(-0.002298, -2.318012, -0.450673, -0.003112, 0.000216, 0.999995, 0.060279, 0.998182, -0.000028, -0.998177, 0.060279, -0.003119),
      ["FloatingCock2"] = CFrame.new(0.003938, -1.592224, 1.630791, -0.002554, -0.007067, -0.999972, 0.938652, -0.344865, 0.000040, -0.344855, -0.938626, 0.007515),
      ["Head"] = CFrame.new(0.000000, -0.000000, 0.000000, 1.000000, -0.000000, 0.000000, 0.000000, 0.973559, 0.228437, -0.000000, -0.228437, 0.973559),
      ["LeftUpperLeg"] = CFrame.new(-0.116472, 0.001761, -0.395351, 0.886611, 0.394734, 0.241051, -0.462484, 0.762654, 0.452181, -0.005347, -0.512391, 0.858736),
      ["LowerTorso"] = CFrame.new(0.000000, -1.408364, -0.397637, 1.000000, 0.000000, 0.000000, 0.000000, -0.024025, -0.999711, 0.000000, 0.999711, -0.024025),
      ["RightUpperLeg"] = CFrame.new(0.112067, 0.014331, -0.378402, 0.898852, -0.392613, -0.194730, 0.437322, 0.774592, 0.456899, -0.028548, -0.495845, 0.867942),
      ["рҹҢ§пёҸрҹҳірҹ‘»рҹҸіпёҸвҖҚрҹҢҲрҹҳӮрҹ’һрҹҸҙвҖҚвҳ пёҸрҹҺёрҹҢ§пёҸрҹҳірҹ‘»рҹҸіпёҸвҖҚрҹҢҲрҹҳӮрҹ’һрҹҸҙвҖҚвҳ"] = CFrame.new(-0.000000, -0.000000, -0.000000, 0.938071, -0.346443, 0.000000, 0.346443, 0.938071, 0.000000, 0.000000, 0.000000, 1.000000)
    }},
    { Time = 0.383, Data = {
      ["Balls"] = CFrame.new(0.000000, 0.000001, 0.000000, 0.998479, 0.055139, 0.000000, -0.055139, 0.998479, -0.000000, -0.000000, 0.000000, 1.000000),
      ["Balls2"] = CFrame.new(-0.000000, 0.000001, 0.000000, 0.939039, -0.343810, 0.000000, 0.343810, 0.939039, 0.000000, 0.000000, 0.000000, 1.000000),
      ["FloatingCock"] = CFrame.new(-0.002298, -2.318201, -0.431833, -0.003131, 0.000148, 0.999995, 0.055463, 0.998461, 0.000026, -0.998456, 0.055463, -0.003135),
      ["FloatingCock2"] = CFrame.new(0.003569, -1.610984, 1.647398, -0.002537, -0.007115, -0.999972, 0.943992, -0.329969, -0.000047, -0.329959, -0.943965, 0.007554),
      ["Head"] = CFrame.new(0.000000, 0.000000, 0.000000, 1.000000, -0.000000, 0.000000, 0.000000, 0.975373, 0.220563, -0.000000, -0.220563, 0.975373),
      ["LeftUpperLeg"] = CFrame.new(-0.116390, 0.001919, -0.395466, 0.886775, 0.394216, 0.241297, -0.462168, 0.762584, 0.452621, -0.005579, -0.512893, 0.858435),
      ["LowerTorso"] = CFrame.new(0.000000, -1.407881, -0.396742, 1.000000, 0.000000, 0.000000, 0.000000, -0.024508, -0.999700, 0.000000, 0.999700, -0.024508),
      ["RightUpperLeg"] = CFrame.new(0.111945, 0.014572, -0.378543, 0.899095, -0.391954, -0.194935, 0.436839, 0.774596, 0.457354, -0.028266, -0.496360, 0.867657),
      ["рҹҢ§пёҸрҹҳірҹ‘»рҹҸіпёҸвҖҚрҹҢҲрҹҳӮрҹ’һрҹҸҙвҖҚвҳ пёҸрҹҺёрҹҢ§пёҸрҹҳірҹ‘»рҹҸіпёҸвҖҚрҹҢҲрҹҳӮрҹ’һрҹҸҙвҖҚвҳ"] = CFrame.new(-0.000000, -0.000000, -0.000000, 0.938768, -0.344551, 0.000000, 0.344551, 0.938768, 0.000000, 0.000000, 0.000000, 1.000000)
    }},
    { Time = 0.400, Data = {
      ["Balls"] = CFrame.new(0.000000, 0.000001, 0.000000, 0.997206, 0.074703, 0.000000, -0.074703, 0.997206, -0.000000, -0.000000, 0.000000, 1.000000),
      ["Balls2"] = CFrame.new(-0.000000, 0.000001, 0.000000, 0.927541, -0.373721, 0.000000, 0.373721, 0.927541, 0.000000, 0.000000, 0.000000, 1.000000),
      ["FloatingCock"] = CFrame.new(-0.002298, -2.318368, -0.415065, -0.003124, 0.000202, 0.999995, 0.051134, 0.998692, -0.000042, -0.998687, 0.051134, -0.003130),
      ["FloatingCock2"] = CFrame.new(0.003162, -1.631603, 1.665651, -0.002393, -0.007229, -0.999971, 0.949596, -0.313475, -0.000007, -0.313466, -0.949569, 0.007614),
      ["Head"] = CFrame.new(0.000000, -0.000000, 0.000000, 1.000000, -0.000000, 0.000000, 0.000000, 0.977288, 0.211915, -0.000000, -0.211915, 0.977288),
      ["LeftUpperLeg"] = CFrame.new(-0.116309, 0.002077, -0.395582, 0.886938, 0.393698, 0.241543, -0.461852, 0.762514, 0.453061, -0.005810, -0.513394, 0.858133),
      ["LowerTorso"] = CFrame.new(0.000000, -1.407398, -0.395944, 1.000000, 0.000000, 0.000000, 0.000000, -0.024990, -0.999688, 0.000000, 0.999688, -0.024990),
      ["RightUpperLeg"] = CFrame.new(0.111862, 0.014736, -0.378661, 0.899262, -0.391448, -0.195181, 0.436511, 0.774523, 0.457790, -0.028029, -0.496872, 0.867371),
      ["рҹҢ§пёҸрҹҳірҹ‘»рҹҸіпёҸвҖҚрҹҢҲрҹҳӮрҹ’һрҹҸҙвҖҚвҳ пёҸрҹҺёрҹҢ§пёҸрҹҳірҹ‘»рҹҸіпёҸвҖҚрҹҢҲрҹҳӮрҹ’һрҹҸҙвҖҚвҳ"] = CFrame.new(-0.000000, -0.000000, 0.000000, 0.939551, -0.342410, 0.000000, 0.342410, 0.939551, 0.000000, 0.000000, 0.000000, 1.000000)
    }},
    { Time = 0.417, Data = {
      ["Balls"] = CFrame.new(0.000000, 0.000001, 0.000000, 0.995401, 0.095793, 0.000000, -0.095793, 0.995401, -0.000000, -0.000000, 0.000000, 1.000000),
      ["Balls2"] = CFrame.new(-0.000000, 0.000001, 0.000000, 0.916820, -0.399300, 0.000000, 0.399300, 0.916820, 0.000000, 0.000000, 0.000000, 1.000000),
      ["FloatingCock"] = CFrame.new(-0.002298, -2.318512, -0.400554, -0.003095, 0.000134, 0.999995, 0.047414, 0.998875, 0.000012, -0.998871, 0.047414, -0.003098),
      ["FloatingCock2"] = CFrame.new(0.002724, -1.653854, 1.685349, -0.002201, -0.007235, -0.999971, 0.955327, -0.295550, 0.000036, -0.295542, -0.955300, 0.007562),
