return {
  ["Astros sitting down"] = {
    { Time = 0.000, Data = {
      ["Head"] = CFrame.new(-0.000000, 0.000000, 0.000000, 1.000000, -0.000000, 0.000000, 0.000000, 0.968233, 0.250050, -0.000000, -0.250050, 0.968233),
      ["LeftUpperArm"] = CFrame.new(-0.156968, -0.224531, -0.207000, 0.876866, 0.002067, 0.480730, -0.188585, 0.921314, 0.340023, -0.442201, -0.388813, 0.808259),
      ["LeftUpperLeg"] = CFrame.new(0.019491, 0.208724, -0.286803, 0.994857, 0.092080, -0.042199, -0.059813, 0.197846, -0.978407, -0.081742, 0.975899, 0.202336),
      ["LowerTorso"] = CFrame.new(-0.000000, -1.859090, -0.236637, 1.000000, 0.000000, 0.000000, 0.000000, 0.971598, -0.236637, 0.000000, 0.236637, 0.971598),
      ["RightUpperArm"] = CFrame.new(0.104448, -0.231006, 0.054638, 0.412723, 0.855144, 0.313669, 0.178160, 0.261926, -0.948501, -0.893263, 0.447352, -0.044250),
      ["RightUpperLeg"] = CFrame.new(0.046004, 1.579770, -0.593712, 0.984110, -0.156725, -0.083461, 0.138819, 0.972172, -0.188711, 0.110714, 0.174126, 0.978480)
    }},
    { Time = 0.042, Data = {
      ["Head"] = CFrame.new(-0.000000, 0.000000, -0.000000, 1.000000, -0.000000, 0.000000, 0.000000, 0.968233, 0.250050, -0.000000, -0.250050, 0.968233),
      ["LeftUpperArm"] = CFrame.new(-0.156968, -0.224440, -0.206921, 0.876866, 0.002067, 0.480730, -0.188585, 0.921314, 0.340023, -0.442201, -0.388813, 0.808259),
      ["LeftUpperLeg"] = CFrame.new(0.020167, 0.214046, -0.286125, 0.994854, 0.092404, -0.041549, -0.059707, 0.203404, -0.977273, -0.081853, 0.974725, 0.207874),
      ["LowerTorso"] = CFrame.new(-0.000000, -1.858490, -0.239086, 1.000000, 0.000000, 0.000000, 0.000000, 0.970998, -0.239086, 0.000000, 0.239086, 0.970998),
      ["RightUpperArm"] = CFrame.new(0.104515, -0.231002, 0.053675, 0.412723, 0.855144, 0.313669, 0.178160, 0.261926, -0.948501, -0.893263, 0.447352, -0.044250),
      ["RightUpperLeg"] = CFrame.new(0.046046, 1.578704, -0.597605, 0.984084, -0.156735, -0.083745, 0.139201, 0.972833, -0.184982, 0.110463, 0.170381, 0.979167)
    }},
    { Time = 0.083, Data = {
      ["Head"] = CFrame.new(-0.000000, 0.000000, -0.000000, 1.000000, -0.000000, 0.000000, 0.000000, 0.968233, 0.250050, -0.000000, -0.250050, 0.968233),
      ["LeftUpperArm"] = CFrame.new(-0.156968, -0.224173, -0.206688, 0.876866, 0.002067, 0.480730, -0.188585, 0.921314, 0.340023, -0.442201, -0.388813, 0.808259),
      ["LeftUpperLeg"] = CFrame.new(0.020787, 0.218734, -0.285438, 0.994852, 0.092718, -0.040912, -0.059587, 0.208618, -0.976180, -0.081974, 0.973592, 0.213068),
      ["LowerTorso"] = CFrame.new(-0.000000, -1.857926, -0.241365, 1.000000, 0.000000, 0.000000, 0.000000, 0.970434, -0.241365, 0.000000, 0.241365, 0.970434),
      ["RightUpperArm"] = CFrame.new(0.104710, -0.230988, 0.052753, 0.412723, 0.855144, 0.313669, 0.178160, 0.261926, -0.948501, -0.893263, 0.447352, -0.044250),
      ["RightUpperLeg"] = CFrame.new(0.046078, 1.577699, -0.601295, 0.984079, -0.156659, -0.083938, 0.139496, 0.973463, -0.181412, 0.110130, 0.166815, 0.979818)
    }},
    { Time = 0.125, Data = {
      ["Head"] = CFrame.new(-0.000000, 0.000000, -0.000000, 1.000000, -0.000000, 0.000000, 0.000000, 0.968233, 0.250050, -0.000000, -0.250050, 0.968233),
      ["LeftUpperArm"] = CFrame.new(-0.156968, -0.223738, -0.206309, 0.876866, 0.002067, 0.480730, -0.188585, 0.921314, 0.340023, -0.442201, -0.388813, 0.808259),
      ["LeftUpperLeg"] = CFrame.new(0.021355, 0.222849, -0.284743, 0.994848, 0.093020, -0.040296, -0.059450, 0.213383, -0.975158, -0.082111, 0.972530, 0.217814),
      ["LowerTorso"] = CFrame.new(-0.000000, -1.857356, -0.243643, 1.000000, 0.000000, 0.000000, 0.000000, 0.969865, -0.243643, 0.000000, 0.243643, 0.969865),
      ["RightUpperArm"] = CFrame.new(0.105029, -0.230966, 0.051868, 0.412723, 0.855144, 0.313669, 0.178160, 0.261926, -0.948501, -0.893263, 0.447352, -0.044250),
      ["RightUpperLeg"] = CFrame.new(0.046121, 1.576681, -0.604879, 0.984054, -0.156683, -0.084195, 0.139857, 0.974037, -0.178019, 0.109902, 0.163405, 0.980418)
    }},
    { Time = 0.167, Data = {
      ["Head"] = CFrame.new(-0.000000, 0.000000, -0.000000, 1.000000, -0.000000, 0.000000, 0.000000, 0.968233, 0.250050, -0.000000, -0.250050, 0.968233),
      ["LeftUpperArm"] = CFrame.new(-0.156968, -0.223142, -0.205789, 0.876866, 0.002067, 0.480730, -0.188585, 0.921314, 0.340023, -0.442201, -0.388813, 0.808259),
      ["LeftUpperLeg"] = CFrame.new(0.021877, 0.226421, -0.284004, 0.994848, 0.093257, -0.039766, -0.059349, 0.217703, -0.974209, -0.082194, 0.971550, 0.222116),
      ["LowerTorso"] = CFrame.new(-0.000000, -1.856824, -0.245752, 1.000000, 0.000000, 0.000000, 0.000000, 0.969333, -0.245752, 0.000000, 0.245752, 0.969333),
      ["RightUpperArm"] = CFrame.new(0.105467, -0.230935, 0.051021, 0.412723, 0.855144, 0.313669, 0.178160, 0.261926, -0.948501, -0.893263, 0.447352, -0.044250),
      ["RightUpperLeg"] = CFrame.new(0.046153, 1.575727, -0.608267, 0.984049, -0.156622, -0.084361, 0.140132, 0.974584, -0.174786, 0.109592, 0.160176, 0.980986)
    }},
    { Time = 0.208, Data = {
      ["Head"] = CFrame.new(-0.000000, 0.000000, -0.000000, 1.000000, -0.000000, 0.000000, 0.000000, 0.968233, 0.250050, -0.000000, -0.250050, 0.968233),
      ["LeftUpperArm"] = CFrame.new(-0.156968, -0.222393, -0.205134, 0.876866, 0.002067, 0.480730, -0.188585, 0.921314, 0.340023, -0.442201, -0.388813, 0.808259),
      ["LeftUpperLeg"] = CFrame.new(0.022350, 0.229488, -0.283281, 0.994838, 0.093552, -0.039306, -0.059302, 0.221681, -0.973314, -0.082343, 0.970621, 0.226084),
      ["LowerTorso"] = CFrame.new(-0.000000, -1.856309, -0.247775, 1.000000, 0.000000, 0.000000, 0.000000, 0.968818, -0.247775, 0.000000, 0.247775, 0.968818),
      ["RightUpperArm"] = CFrame.new(0.106017, -0.230897, 0.050211, 0.412723, 0.855144, 0.313669, 0.178160, 0.261926, -0.948501, -0.893263, 0.447352, -0.044250),
      ["RightUpperLeg"] = CFrame.new(0.046196, 1.574759, -0.611551, 0.984023, -0.156657, -0.084598, 0.140478, 0.975092, -0.171646, 0.109380, 0.157019, 0.981520)
    }},
    { Time = 0.250, Data = {
      ["Head"] = CFrame.new(-0.000000, -0.000000, -0.000000, 1.000000, -0.000000, 0.000000, 0.000000, 0.968233, 0.250050, -0.000000, -0.250050, 0.968233),
      ["LeftUpperArm"] = CFrame.new(-0.156967, -0.221488, -0.204332, 0.876824, 0.002071, 0.480807, -0.188580, 0.921347, 0.339936, -0.442286, -0.388735, 0.808250),
      ["LeftUpperLeg"] = CFrame.new(0.022786, 0.232154, -0.282521, 0.994837, 0.093773, -0.038807, -0.059175, 0.225335, -0.972483, -0.082448, 0.969758, 0.229721),
      ["LowerTorso"] = CFrame.new(-0.000000, -1.855811, -0.249713, 1.000000, 0.000000, 0.000000, 0.000000, 0.968320, -0.249713, 0.000000, 0.249713, 0.968320),
      ["RightUpperArm"] = CFrame.new(0.106674, -0.230851, 0.049437, 0.412723, 0.855144, 0.313669, 0.178160, 0.261926, -0.948501, -0.893263, 0.447352, -0.044250),
      ["RightUpperLeg"] = CFrame.new(0.046231, 1.573861, -0.614688, 0.984010, -0.156613, -0.084829, 0.140730, 0.975574, -0.168671, 0.109173, 0.154036, 0.982015)
    }},
    { Time = 0.292, Data = {
      ["Head"] = CFrame.new(-0.000000, 0.000000, -0.000000, 1.000000, -0.000000, 0.000000, 0.000000, 0.968233, 0.250050, -0.000000, -0.250050, 0.968233),
      ["LeftUpperArm"] = CFrame.new(-0.156967, -0.220454, -0.203430, 0.876824, 0.002071, 0.480807, -0.188580, 0.921347, 0.339936, -0.442286, -0.388735, 0.808250),
      ["LeftUpperLeg"] = CFrame.new(0.023181, 0.234360, -0.281744, 0.994830, 0.093999, -0.038443, -0.059155, 0.228652, -0.971709, -0.082549, 0.968959, 0.233031),
      ["LowerTorso"] = CFrame.new(-0.000000, -1.855331, -0.251567, 1.000000, 0.000000, 0.000000, 0.000000, 0.967840, -0.251567, 0.000000, 0.251567, 0.967840),
      ["RightUpperArm"] = CFrame.new(0.107432, -0.230798, 0.048699, 0.412723, 0.855144, 0.313669, 0.178160, 0.261926, -0.948501, -0.893263, 0.447352, -0.044250),
      ["RightUpperLeg"] = CFrame.new(0.046263, 1.572986, -0.617639, 0.984006, -0.156566, -0.084967, 0.140983, 0.976034, -0.165774, 0.108886, 0.151144, 0.982497)
    }},
    { Time = 0.333, Data = {
      ["Head"] = CFrame.new(-0.000000, 0.000000, -0.000000, 1.000000, -0.000000, 0.000000, 0.000000, 0.968233, 0.250050, -0.000000, -0.250050, 0.968233),
      ["LeftUpperArm"] = CFrame.new(-0.156967, -0.219288, -0.202413, 0.876824, 0.002071, 0.480807, -0.188580, 0.921347, 0.339936, -0.442286, -0.388735, 0.808250),
      ["LeftUpperLeg"] = CFrame.new(0.023545, 0.236232, -0.280930, 0.994831, 0.094150, -0.038042, -0.059054, 0.231651, -0.971005, -0.082608, 0.968232, 0.236013),
      ["LowerTorso"] = CFrame.new(-0.000000, -1.854870, -0.253335, 1.000000, 0.000000, 0.000000, 0.000000, 0.967379, -0.253335, 0.000000, 0.253335, 0.967379),
      ["RightUpperArm"] = CFrame.new(0.108288, -0.230738, 0.047994, 0.412723, 0.855144, 0.313669, 0.178160, 0.261926, -0.948501, -0.893263, 0.447352, -0.044250),
      ["RightUpperLeg"] = CFrame.new(0.046298, 1.572145, -0.620496, 0.983993, -0.156533, -0.085178, 0.141220, 0.976458, -0.163053, 0.108696, 0.148414, 0.982934)
    }},
    { Time = 0.375, Data = {
      ["Head"] = CFrame.new(-0.000000, 0.000000, 0.000000, 1.000000, -0.000000, 0.000000, 0.000000, 0.968233, 0.250050, -0.000000, -0.250050, 0.968233),
      ["LeftUpperArm"] = CFrame.new(-0.156961, -0.217991, -0.201267, 0.876824, 0.002093, 0.480807, -0.188560, 0.921380, 0.339858, -0.442295, -0.388656, 0.808283),
      ["LeftUpperLeg"] = CFrame.new(0.023870, 0.237728, -0.280133, 0.994824, 0.094364, -0.037704, -0.059012, 0.234422, -0.970342, -0.082727, 0.967544, 0.238777),
      ["LowerTorso"] = CFrame.new(-0.000000, -1.854428, -0.255019, 1.000000, 0.000000, 0.000000, 0.000000, 0.966936, -0.255019, 0.000000, 0.255019, 0.966936),
      ["RightUpperArm"] = CFrame.new(0.109233, -0.230672, 0.047323, 0.412723, 0.855144, 0.313669, 0.178160, 0.261926, -0.948501, -0.893263, 0.447352, -0.044250),
      ["RightUpperLeg"] = CFrame.new(0.046332, 1.571332, -0.623219, 0.983980, -0.156507, -0.085375, 0.141447, 0.976848, -0.160501, 0.108518, 0.145853, 0.983337)
    }},
    { Time = 0.417, Data = {
      ["Head"] = CFrame.new(-0.000000, -0.000000, -0.000000, 1.000000, -0.000000, 0.000000, 0.000000, 0.968233, 0.250050, -0.000000, -0.250050, 0.968233),
      ["LeftUpperArm"] = CFrame.new(-0.156983, -0.216584, -0.200036, 0.876833, 0.002011, 0.480791, -0.188478, 0.921389, 0.339880, -0.442312, -0.388636, 0.808283),
      ["LeftUpperLeg"] = CFrame.new(0.024168, 0.238942, -0.279302, 0.994824, 0.094503, -0.037328, -0.058889, 0.236877, -0.969753, -0.082803, 0.966932, 0.241217),
      ["LowerTorso"] = CFrame.new(-0.000000, -1.854004, -0.256618, 1.000000, 0.000000, 0.000000, 0.000000, 0.966513, -0.256618, 0.000000, 0.256618, 0.966513),
      ["RightUpperArm"] = CFrame.new(0.110264, -0.230601, 0.046685, 0.412723, 0.855144, 0.313669, 0.178160, 0.261926, -0.948501, -0.893263, 0.447352, -0.044250),
      ["RightUpperLeg"] = CFrame.new(0.046373, 1.570503, -0.625808, 0.983954, -0.156566, -0.085565, 0.141759, 0.977218, -0.157952, 0.108346, 0.143288, 0.983733)
    }},
    { Time = 0.458, Data = {
      ["Head"] = CFrame.new(-0.000000, 0.000000, 0.000000, 1.000000, -0.000000, 0.000000, 0.000000, 0.968233, 0.250050, -0.000000, -0.250050, 0.968233),
      ["LeftUpperArm"] = CFrame.new(-0.156977, -0.215061, -0.198694, 0.876833, 0.002033, 0.480791, -0.188458, 0.921422, 0.339801, -0.442321, -0.388558, 0.808316),
      ["LeftUpperLeg"] = CFrame.new(0.024433, 0.239802, -0.278456, 0.994819, 0.094652, -0.037083, -0.058878, 0.239108, -0.969206, -0.082871, 0.966369, 0.243442),
      ["LowerTorso"] = CFrame.new(-0.000000, -1.853601, -0.258132, 1.000000, 0.000000, 0.000000, 0.000000, 0.966110, -0.258132, 0.000000, 0.258132, 0.966110),
      ["RightUpperArm"] = CFrame.new(0.111374, -0.230523, 0.046079, 0.412723, 0.855144, 0.313669, 0.178160, 0.261926, -0.948501, -0.893263, 0.447352, -0.044250),
      ["RightUpperLeg"] = CFrame.new(0.046402, 1.569747, -0.628228, 0.983950, -0.156545, -0.085657, 0.141978, 0.977556, -0.155648, 0.108100, 0.140988, 0.984092)
    }},
    { Time = 0.500, Data = {
      ["Head"] = CFrame.new(-0.000000, 0.000000, -0.000000, 1.000000, -0.000000, 0.000000, 0.000000, 0.968233, 0.250050, -0.000000, -0.250050, 0.968233),
      ["LeftUpperArm"] = CFrame.new(-0.156977, -0.213446, -0.197285, 0.876833, 0.002033, 0.480791, -0.188458, 0.921422, 0.339801, -0.442321, -0.388558, 0.808316),
      ["LeftUpperLeg"] = CFrame.new(0.024669, 0.240386, -0.277607, 0.994814, 0.094795, -0.036854, -0.058854, 0.241018, -0.968735, -0.082949, 0.965880, 0.245347),
      ["LowerTorso"] = CFrame.new(-0.000000, -1.853218, -0.259562, 1.000000, 0.000000, 0.000000, 0.000000, 0.965727, -0.259562, 0.000000, 0.259562, 0.965727),
      ["RightUpperArm"] = CFrame.new(0.112559, -0.230440, 0.045504, 0.412723, 0.855144, 0.313669, 0.178160, 0.261926, -0.948501, -0.893263, 0.447352, -0.044250),
      ["RightUpperLeg"] = CFrame.new(0.046435, 1.569022, -0.630564, 0.983937, -0.156533, -0.085827, 0.142185, 0.977876, -0.153435, 0.107946, 0.138767, 0.984424)
    }},
    { Time = 0.542, Data = {
      ["Head"] = CFrame.new(-0.000000, 0.000000, -0.000000, 1.000000, -0.000000, 0.000000, 0.000000, 0.968233, 0.250050, -0.000000, -0.250050, 0.968233),
      ["LeftUpperArm"] = CFrame.new(-0.156971, -0.211729, -0.195774, 0.876833, 0.002055, 0.480791, -0.188438, 0.921455, 0.339722, -0.442329, -0.388479, 0.808349),
      ["LeftUpperLeg"] = CFrame.new(0.024879, 0.240675, -0.276721, 0.994812, 0.094880, -0.036703, -0.058874, 0.242713, -0.968310, -0.082965, 0.965447, 0.247040),
      ["LowerTorso"] = CFrame.new(-0.000000, -1.852833, -0.260991, 1.000000, 0.000000, 0.000000, 0.000000, 0.965341, -0.260991, 0.000000, 0.260991, 0.965341),
      ["RightUpperArm"] = CFrame.new(0.113812, -0.230353, 0.044959, 0.412723, 0.855144, 0.313669, 0.178160, 0.261926, -0.948501, -0.893263, 0.447352, -0.044250),
      ["RightUpperLeg"] = CFrame.new(0.046460, 1.568369, -0.632773, 0.983937, -0.156440, -0.085997, 0.142302, 0.978191, -0.151303, 0.107791, 0.136635, 0.984740)
    }},
    { Time = 0.583, Data = {
      ["Head"] = CFrame.new(-0.000000, 0.000000, -0.000000, 1.000000, -0.000000, 0.000000, 0.000000, 0.968233, 0.250050, -0.000000, -0.250050, 0.968233),
      ["LeftUpperArm"] = CFrame.new(-0.156965, -0.209926, -0.194187, 0.876833, 0.002077, 0.480791, -0.188418, 0.921488, 0.339644, -0.442338, -0.388400, 0.808383),
      ["LeftUpperLeg"] = CFrame.new(0.025067, 0.240791, -0.275837, 0.994815, 0.094948, -0.036436, -0.058768, 0.244309, -0.967915, -0.083000, 0.965038, 0.248622),
      ["LowerTorso"] = CFrame.new(-0.000000, -1.852491, -0.262252, 1.000000, 0.000000, 0.000000, 0.000000, 0.964999, -0.262252, 0.000000, 0.262252, 0.964999),
      ["RightUpperArm"] = CFrame.new(0.115129, -0.230261, 0.044443, 0.412723, 0.855144, 0.313669, 0.178160, 0.261926, -0.948501, -0.893263, 0.447352, -0.044250),
      ["RightUpperLeg"] = CFrame.new(0.046491, 1.567702, -0.634865, 0.983924, -0.156435, -0.086153, 0.142500, 0.978476, -0.149259, 0.107648, 0.134583, 0.985038)
    }},
    { Time = 0.625, Data = {
      ["Head"] = CFrame.new(-0.000000, 0.000000, 0.000000, 1.000000, -0.000000, 0.000000, 0.000000, 0.968233, 0.250050, -0.000000, -0.250050, 0.968233),
      ["LeftUpperArm"] = CFrame.new(-0.156965, -0.208053, -0.192553, 0.876833, 0.002077, 0.480791, -0.188418, 0.921488, 0.339644, -0.442338, -0.388400, 0.808383),
      ["LeftUpperLeg"] = CFrame.new(0.025229, 0.240635, -0.274945, 0.994813, 0.095024, -0.036305, -0.058770, 0.245578, -0.967594, -0.083029, 0.964708, 0.249889),
      ["LowerTorso"] = CFrame.new(-0.000000, -1.852148, -0.263512, 1.000000, 0.000000, 0.000000, 0.000000, 0.964656, -0.263512, 0.000000, 0.263512, 0.964656),
      ["RightUpperArm"] = CFrame.new(0.116503, -0.230165, 0.043956, 0.412723, 0.855144, 0.313669, 0.178160, 0.261926, -0.948501, -0.893263, 0.447352, -0.044250),
      ["RightUpperLeg"] = CFrame.new(0.046517, 1.567063, -0.636800, 0.983919, -0.156432, -0.086211, 0.142694, 0.978733, -0.147380, 0.107432, 0.132708, 0.985316)
    }},
    { Time = 0.667, Data = {
      ["Head"] = CFrame.new(-0.000000, 0.000000, 0.000000, 1.000000, -0.000000, 0.000000, 0.000000, 0.968233, 0.250050, -0.000000, -0.250050, 0.968233),
      ["LeftUpperArm"] = CFrame.new(-0.156960, -0.206100, -0.190835, 0.876833, 0.002098, 0.480791, -0.188398, 0.921521, 0.339565, -0.442347, -0.388322, 0.808416),
      ["LeftUpperLeg"] = CFrame.new(0.025369, 0.240276, -0.274051, 0.994810, 0.095099, -0.036180, -0.058767, 0.246740, -0.967298, -0.083062, 0.964404, 0.251048),
      ["LowerTorso"] = CFrame.new(-0.000000, -1.851849, -0.264604, 1.000000, 0.000000, 0.000000, 0.000000, 0.964357, -0.264604, 0.000000, 0.264604, 0.964357),
      ["RightUpperArm"] = CFrame.new(0.117929, -0.230066, 0.043497, 0.412723, 0.855144, 0.313669, 0.178160, 0.261926, -0.948501, -0.893263, 0.447352, -0.044250),
      ["RightUpperLeg"] = CFrame.new(0.046546, 1.566456, -0.638665, 0.983906, -0.156439, -0.086347, 0.142877, 0.978974, -0.145592, 0.107308, 0.130911, 0.985569)
    }},
    { Time = 0.708, Data = {
      ["Head"] = CFrame.new(-0.000000, 0.000000, 0.000000, 1.000000, -0.000000, 0.000000, 0.000000, 0.968233, 0.250050, -0.000000, -0.250050, 0.968233),
      ["LeftUpperArm"] = CFrame.new(-0.156975, -0.204081, -0.189057, 0.876841, 0.002039, 0.480775, -0.188296, 0.921563, 0.339508, -0.442373, -0.388223, 0.808449),
      ["LeftUpperLeg"] = CFrame.new(0.025487, 0.239733, -0.273159, 0.994808, 0.095170, -0.036065, -0.058755, 0.247691, -0.967056, -0.083101, 0.964154, 0.251996),
      ["LowerTorso"] = CFrame.new(-0.000000, -1.851548, -0.265696, 1.000000, 0.000000, 0.000000, 0.000000, 0.964057, -0.265696, 0.000000, 0.265696, 0.964057),
      ["RightUpperArm"] = CFrame.new(0.119403, -0.229963, 0.043065, 0.412723, 0.855144, 0.313669, 0.178160, 0.261926, -0.948501, -0.893263, 0.447352, -0.044250),
      ["RightUpperLeg"] = CFrame.new(0.046573, 1.565881, -0.640423, 0.983893, -0.156453, -0.086470, 0.143051, 0.979187, -0.143974, 0.107195, 0.129285, 0.985796)
    }},
    { Time = 0.750, Data = {
      ["Head"] = CFrame.new(-0.000000, 0.000000, 0.000000, 1.000000, -0.000000, 0.000000, 0.000000, 0.968233, 0.250050, -0.000000, -0.250050, 0.968233),
      ["LeftUpperArm"] = CFrame.new(-0.156975, -0.202016, -0.187256, 0.876841, 0.002039, 0.480775, -0.188296, 0.921563, 0.339508, -0.442373, -0.388223, 0.808449),
      ["LeftUpperLeg"] = CFrame.new(0.025586, 0.239018, -0.272269, 0.994805, 0.095238, -0.035955, -0.058738, 0.248535, -0.966840, -0.083144, 0.963930, 0.252838),
      ["LowerTorso"] = CFrame.new(-0.000000, -1.851270, -0.266704, 1.000000, 0.000000, 0.000000, 0.000000, 0.963779, -0.266704, 0.000000, 0.266704, 0.963779),
      ["RightUpperArm"] = CFrame.new(0.120917, -0.229857, 0.042659, 0.412723, 0.855144, 0.313669, 0.178160, 0.261926, -0.948501, -0.893263, 0.447352, -0.044250),
      ["RightUpperLeg"] = CFrame.new(0.046594, 1.565374, -0.642068, 0.983893, -0.156381, -0.086599, 0.143140, 0.979412, -0.142352, 0.107077, 0.127663, 0.986021)
    }},
    { Time = 0.792, Data = {
      ["Head"] = CFrame.new(-0.000000, 0.000000, -0.000000, 1.000000, -0.000000, 0.000000, 0.000000, 0.968233, 0.250050, -0.000000, -0.250050, 0.968233),
      ["LeftUpperArm"] = CFrame.new(-0.156970, -0.199895, -0.185391, 0.876841, 0.002060, 0.480775, -0.188276, 0.921596, 0.339430, -0.442381, -0.388144, 0.808482),
      ["LeftUpperLeg"] = CFrame.new(0.025665, 0.238145, -0.271383, 0.994802, 0.095302, -0.035856, -0.058713, 0.249168, -0.966679, -0.083193, 0.963760, 0.253468),
      ["LowerTorso"] = CFrame.new(-0.000000, -1.851014, -0.267627, 1.000000, 0.000000, 0.000000, 0.000000, 0.963523, -0.267627, 0.000000, 0.267627, 0.963523),
      ["RightUpperArm"] = CFrame.new(0.122467, -0.229749, 0.042279, 0.412723, 0.855144, 0.313669, 0.178160, 0.261926, -0.948501, -0.893263, 0.447352, -0.044250),
      ["RightUpperLeg"] = CFrame.new(0.046620, 1.564855, -0.643616, 0.983880, -0.156403, -0.086708, 0.143304, 0.979597, -0.140904, 0.106977, 0.126207, 0.986219)
    }},
    { Time = 0.833, Data = {
      ["Head"] = CFrame.new(-0.000000, -0.000000, 0.000000, 1.000000, -0.000000, 0.000000, 0.000000, 0.968233, 0.250050, -0.000000, -0.250050, 0.968233),
      ["LeftUpperArm"] = CFrame.new(-0.156964, -0.197732, -0.183491, 0.876841, 0.002082, 0.480775, -0.188256, 0.921629, 0.339351, -0.442390, -0.388066, 0.808515),
      ["LeftUpperLeg"] = CFrame.new(0.025729, 0.237102, -0.270470, 0.994802, 0.095310, -0.035835, -0.058731, 0.249589, -0.966569, -0.083180, 0.963650, 0.253890),
      ["LowerTorso"] = CFrame.new(-0.000000, -1.850757, -0.268550, 1.000000, 0.000000, 0.000000, 0.000000, 0.963266, -0.268550, 0.000000, 0.268550, 0.963266),
      ["RightUpperArm"] = CFrame.new(0.124047, -0.229639, 0.041923, 0.412723, 0.855144, 0.313669, 0.178160, 0.261926, -0.948501, -0.893263, 0.447352, -0.044250),
      ["RightUpperLeg"] = CFrame.new(0.046645, 1.564361, -0.645060, 0.983867, -0.156424, -0.086818, 0.143468, 0.979780, -0.139456, 0.106877, 0.124751, 0.986415)
    }},
    { Time = 0.875, Data = {
      ["Head"] = CFrame.new(-0.000000, 0.000000, -0.000000, 1.000000, -0.000000, 0.000000, 0.000000, 0.968233, 0.250050, -0.000000, -0.250050, 0.968233),
      ["LeftUpperArm"] = CFrame.new(-0.156958, -0.195536, -0.181561, 0.876841, 0.002104, 0.480775, -0.188236, 0.921662, 0.339272, -0.442398, -0.387987, 0.808548),
      ["LeftUpperLeg"] = CFrame.new(0.025775, 0.235927, -0.269564, 0.994802, 0.095316, -0.035819, -0.058744, 0.249906, -0.966487, -0.083170, 0.963567, 0.254206),
      ["LowerTorso"] = CFrame.new(-0.000000, -1.850523, -0.269390, 1.000000, 0.000000, 0.000000, 0.000000, 0.963031, -0.269390, 0.000000, 0.269390, 0.963031),
      ["RightUpperArm"] = CFrame.new(0.125652, -0.229527, 0.041591, 0.412723, 0.855144, 0.313669, 0.178160, 0.261926, -0.948501, -0.893263, 0.447352, -0.044250),
      ["RightUpperLeg"] = CFrame.new(0.046658, 1.563937, -0.646366, 0.983875, -0.156362, -0.086834, 0.143544, 0.979951, -0.138169, 0.106698, 0.123476, 0.986595)
    }},
    { Time = 0.917, Data = {
      ["Head"] = CFrame.new(-0.000000, 0.000000, -0.000000, 1.000000, -0.000000, 0.000000, 0.000000, 0.968233, 0.250050, -0.000000, -0.250050, 0.968233),
      ["LeftUpperArm"] = CFrame.new(-0.156980, -0.193319, -0.179624, 0.876850, 0.002022, 0.480760, -0.188154, 0.921671, 0.339294, -0.442416, -0.387967, 0.808548),
      ["LeftUpperLeg"] = CFrame.new(0.025806, 0.234630, -0.268667, 0.994802, 0.095320, -0.035809, -0.058753, 0.250116, -0.966432, -0.083164, 0.963513, 0.254417),
      ["LowerTorso"] = CFrame.new(-0.000000, -1.850311, -0.270145, 1.000000, 0.000000, 0.000000, 0.000000, 0.962820, -0.270145, 0.000000, 0.270145, 0.962820),
      ["RightUpperArm"] = CFrame.new(0.127277, -0.229414, 0.041281, 0.412723, 0.855144, 0.313669, 0.178160, 0.261926, -0.948501, -0.893263, 0.447352, -0.044250),
      ["RightUpperLeg"] = CFrame.new(0.046682, 1.563501, -0.647625, 0.983862, -0.156394, -0.086923, 0.143694, 0.980097, -0.136977, 0.106616, 0.122276, 0.986753)
    }},
    { Time = 0.958, Data = {
      ["Head"] = CFrame.new(-0.000000, 0.000000, -0.000000, 1.000000, -0.000000, 0.000000, 0.000000, 0.968233, 0.250050, -0.000000, -0.250050, 0.968233),
      ["LeftUpperArm"] = CFrame.new(-0.156974, -0.191078, -0.177655, 0.876850, 0.002044, 0.480759, -0.188134, 0.921704, 0.339215, -0.442425, -0.387888, 0.808581),
      ["LeftUpperLeg"] = CFrame.new(0.025819, 0.233190, -0.267808, 0.994794, 0.095390, -0.035857, -0.058826, 0.250213, -0.966402, -0.083213, 0.963480, 0.254522),
      ["LowerTorso"] = CFrame.new(-0.000000, -1.850099, -0.270900, 1.000000, 0.000000, 0.000000, 0.000000, 0.962608, -0.270900, 0.000000, 0.270900, 0.962608),
      ["RightUpperArm"] = CFrame.new(0.128914, -0.229299, 0.040994, 0.412723, 0.855144, 0.313669, 0.178160, 0.261926, -0.948501, -0.893263, 0.447352, -0.044250),
      ["RightUpperLeg"] = CFrame.new(0.046697, 1.563133, -0.648791, 0.983862, -0.156345, -0.087012, 0.143754, 0.980242, -0.135866, 0.106535, 0.121166, 0.986899)
    }},
    { Time = 1.000, Data = {
      ["Head"] = CFrame.new(-0.000000, 0.000000, -0.000000, 1.000000, -0.000000, 0.000000, 0.000000, 0.968233, 0.250050, -0.000000, -0.250050, 0.968233),
      ["LeftUpperArm"] = CFrame.new(-0.156968, -0.188825, -0.175676, 0.876850, 0.002066, 0.480759, -0.188114, 0.921737, 0.339137, -0.442433, -0.387810, 0.808614),
      ["LeftUpperLeg"] = CFrame.new(0.025821, 0.231686, -0.266934, 0.994794, 0.095390, -0.035857, -0.058826, 0.250213, -0.966402, -0.083213, 0.963480, 0.254522),
      ["LowerTorso"] = CFrame.new(-0.000000, -1.849910, -0.271571, 1.000000, 0.000000, 0.000000, 0.000000, 0.962418, -0.271571, 0.000000, 0.271571, 0.962418),
      ["RightUpperArm"] = CFrame.new(0.130561, -0.229185, 0.040728, 0.412723, 0.855144, 0.313669, 0.178160, 0.261926, -0.948501, -0.893263, 0.447352, -0.044250),
      ["RightUpperLeg"] = CFrame.new(0.046718, 1.562748, -0.649874, 0.983849, -0.156385, -0.087087, 0.143895, 0.980363, -0.134845, 0.106465, 0.120136, 0.987032)
    }},
    { Time = 1.042, Data = {
      ["Head"] = CFrame.new(-0.000000, -0.000000, 0.000000, 1.000000, -0.000000, 0.000000, 0.000000, 0.968233, 0.250050, -0.000000, -0.250050, 0.968233),
      ["LeftUpperArm"] = CFrame.new(-0.156962, -0.186569, -0.173694, 0.876850, 0.002088, 0.480759, -0.188094, 0.921770, 0.339058, -0.442442, -0.387731, 0.808647),
      ["LeftUpperLeg"] = CFrame.new(0.025812, 0.230098, -0.266076, 0.994794, 0.095386, -0.035867, -0.058817, 0.250003, -0.966457, -0.083220, 0.963535, 0.254311),
      ["LowerTorso"] = CFrame.new(-0.000000, -1.849744, -0.272158, 1.000000, 0.000000, 0.000000, 0.000000, 0.962253, -0.272158, 0.000000, 0.272158, 0.962253),
      ["RightUpperArm"] = CFrame.new(0.132210, -0.229070, 0.040482, 0.412723, 0.855144, 0.313669, 0.178160, 0.261926, -0.948501, -0.893263, 0.447352, -0.044250),
      ["RightUpperLeg"] = CFrame.new(0.046731, 1.562431, -0.650872, 0.983849, -0.156344, -0.087162, 0.143946, 0.980484, -0.133905, 0.106396, 0.119196, 0.987154)
    }},
    { Time = 1.083, Data = {
      ["Head"] = CFrame.new(-0.000000, -0.000000, 0.000000, 1.000000, -0.000000, 0.000000, 0.000000, 0.968233, 0.250050, -0.000000, -0.250050, 0.968233),
      ["LeftUpperArm"] = CFrame.new(-0.156962, -0.184325, -0.171736, 0.876850, 0.002088, 0.480759, -0.188094, 0.921770, 0.339058, -0.442442, -0.387731, 0.808647),
      ["LeftUpperLeg"] = CFrame.new(0.025790, 0.228434, -0.265233, 0.994794, 0.095382, -0.035877, -0.058808, 0.249792, -0.966512, -0.083226, 0.963590, 0.254101),
      ["LowerTorso"] = CFrame.new(-0.000000, -1.849578, -0.272745, 1.000000, 0.000000, 0.000000, 0.000000, 0.962086, -0.272745, 0.000000, 0.272745, 0.962086),
      ["RightUpperArm"] = CFrame.new(0.133856, -0.228955, 0.040257, 0.412723, 0.855144, 0.313669, 0.178160, 0.261926, -0.948501, -0.893263, 0.447352, -0.044250),
      ["RightUpperLeg"] = CFrame.new(0.046744, 1.562137, -0.651786, 0.983849, -0.156302, -0.087237, 0.143997, 0.980605, -0.132965, 0.106327, 0.118256, 0.987274)
    }},
    { Time = 1.125, Data = {
      ["Head"] = CFrame.new(-0.000000, 0.000000, 0.000000, 1.000000, -0.000000, 0.000000, 0.000000, 0.968233, 0.250050, -0.000000, -0.250050, 0.968233),
      ["LeftUpperArm"] = CFrame.new(-0.156978, -0.182081, -0.169762, 0.876859, 0.002028, 0.480744, -0.187992, 0.921812, 0.339001, -0.442468, -0.387632, 0.808680),
      ["LeftUpperLeg"] = CFrame.new(0.025759, 0.226680, -0.264374, 0.994797, 0.095324, -0.035961, -0.058847, 0.249476, -0.966591, -0.083167, 0.963678, 0.253787),
      ["LowerTorso"] = CFrame.new(-0.000000, -1.849435, -0.273248, 1.000000, 0.000000, 0.000000, 0.000000, 0.961944, -0.273248, 0.000000, 0.273248, 0.961944),
      ["RightUpperArm"] = CFrame.new(0.135494, -0.228840, 0.040050, 0.412723, 0.855144, 0.313669, 0.178160, 0.261926, -0.948501, -0.893263, 0.447352, -0.044250),
      ["RightUpperLeg"] = CFrame.new(0.046762, 1.561826, -0.652631, 0.983836, -0.156353, -0.087292, 0.144123, 0.980689, -0.132200, 0.106276, 0.117482, 0.987372)
    }},
    { Time = 1.167, Data = {
      ["Head"] = CFrame.new(-0.000000, 0.000000, -0.000000, 1.000000, -0.000000, 0.000000, 0.000000, 0.968233, 0.250050, -0.000000, -0.250050, 0.968233),
      ["LeftUpperArm"] = CFrame.new(-0.156972, -0.179859, -0.167809, 0.876859, 0.002050, 0.480744, -0.187972, 0.921845, 0.338923, -0.442476, -0.387554, 0.808713),
      ["LeftUpperLeg"] = CFrame.new(0.025717, 0.224901, -0.263569, 0.994797, 0.095316, -0.035982, -0.058829, 0.249054, -0.966701, -0.083180, 0.963788, 0.253365),
      ["LowerTorso"] = CFrame.new(-0.000000, -1.849292, -0.273751, 1.000000, 0.000000, 0.000000, 0.000000, 0.961801, -0.273751, 0.000000, 0.273751, 0.961801),
      ["RightUpperArm"] = CFrame.new(0.137118, -0.228727, 0.039860, 0.412723, 0.855144, 0.313669, 0.178160, 0.261926, -0.948501, -0.893263, 0.447352, -0.044250),
      ["RightUpperLeg"] = CFrame.new(0.046772, 1.561578, -0.653398, 0.983836, -0.156319, -0.087353, 0.144165, 0.980787, -0.131431, 0.106220, 0.116713, 0.987469)
    }},
    { Time = 1.208, Data = {
      ["Head"] = CFrame.new(-0.000000, 0.000000, 0.000000, 1.000000, -0.000000, 0.000000, 0.000000, 0.968233, 0.250050, -0.000000, -0.250050, 0.968233),
      ["LeftUpperArm"] = CFrame.new(-0.156967, -0.177662, -0.165879, 0.876859, 0.002072, 0.480744, -0.187952, 0.921878, 0.338844, -0.442485, -0.387475, 0.808746),
      ["LeftUpperLeg"] = CFrame.new(0.025663, 0.223019, -0.262776, 0.994791, 0.095323, -0.036124, -0.058931, 0.248623, -0.966806, -0.083178, 0.963898, 0.252946),
      ["LowerTorso"] = CFrame.new(-0.000000, -1.849173, -0.274170, 1.000000, 0.000000, 0.000000, 0.000000, 0.961681, -0.274170, 0.000000, 0.274170, 0.961681),
      ["RightUpperArm"] = CFrame.new(0.138723, -0.228615, 0.039688, 0.412723, 0.855144, 0.313669, 0.178160, 0.261926, -0.948501, -0.893263, 0.447352, -0.044250),
      ["RightUpperLeg"] = CFrame.new(0.046782, 1.561356, -0.654098, 0.983836, -0.156292, -0.087400, 0.144197, 0.980862, -0.130832, 0.106176, 0.116115, 0.987544)
    }},
    { Time = 1.250, Data = {
      ["Head"] = CFrame.new(-0.000000, 0.000000, -0.000000, 1.000000, -0.000000, 0.000000, 0.000000, 0.968233, 0.250050, -0.000000, -0.250050, 0.968233),
      ["LeftUpperArm"] = CFrame.new(-0.156967, -0.175508, -0.164000, 0.876859, 0.002072, 0.480744, -0.187952, 0.921878, 0.338844, -0.442485, -0.387475, 0.808746),
      ["LeftUpperLeg"] = CFrame.new(0.025606, 0.221141, -0.261980, 0.994793, 0.095261, -0.036218, -0.058961, 0.248096, -0.966939, -0.083126, 0.964040, 0.252421),
      ["LowerTorso"] = CFrame.new(-0.000000, -1.849077, -0.274505, 1.000000, 0.000000, 0.000000, 0.000000, 0.961586, -0.274505, 0.000000, 0.274505, 0.961586),
      ["RightUpperArm"] = CFrame.new(0.140303, -0.228505, 0.039533, 0.412723, 0.855144, 0.313669, 0.178160, 0.261926, -0.948501, -0.893263, 0.447352, -0.044250),
      ["RightUpperLeg"] = CFrame.new(0.046786, 1.561146, -0.654684, 0.983845, -0.156257, -0.087369, 0.144240, 0.980947, -0.130142, 0.106040, 0.115438, 0.987638)
    }},
    { Time = 1.292, Data = {
      ["Head"] = CFrame.new(-0.000000, 0.000000, 0.000000, 1.000000, -0.000000, 0.000000, 0.000000, 0.968233, 0.250050, -0.000000, -0.250050, 0.968233),
      ["LeftUpperArm"] = CFrame.new(-0.156961, -0.173387, -0.162135, 0.876859, 0.002094, 0.480744, -0.187932, 0.921911, 0.338765, -0.442493, -0.387396, 0.808779),
      ["LeftUpperLeg"] = CFrame.new(0.025542, 0.219246, -0.261210, 0.994796, 0.095196, -0.036317, -0.058987, 0.247463, -0.967100, -0.083077, 0.964209, 0.251790),
      ["LowerTorso"] = CFrame.new(-0.000000, -1.848981, -0.274840, 1.000000, 0.000000, 0.000000, 0.000000, 0.961490, -0.274840, 0.000000, 0.274840, 0.961490),
      ["RightUpperArm"] = CFrame.new(0.141853, -0.228397, 0.039393, 0.412723, 0.855144, 0.313669, 0.178160, 0.261926, -0.948501, -0.893263, 0.447352, -0.044250),
      ["RightUpperLeg"] = CFrame.new(0.046801, 1.560920, -0.655256, 0.983832, -0.156320, -0.087404, 0.144353, 0.980998, -0.129633, 0.106008, 0.114920, 0.987702)
    }},
    { Time = 1.333, Data = {
      ["Head"] = CFrame.new(-0.000000, 0.000000, 0.000000, 1.000000, -0.000000, 0.000000, 0.000000, 0.968233, 0.250050, -0.000000, -0.250050, 0.968233),
      ["LeftUpperArm"] = CFrame.new(-0.156977, -0.171311, -0.160308, 0.876867, 0.002034, 0.480728, -0.187830, 0.921953, 0.338709, -0.442520, -0.387298, 0.808812),
      ["LeftUpperLeg"] = CFrame.new(0.025470, 0.217369, -0.260499, 0.994796, 0.095184, -0.036349, -0.058960, 0.246829, -0.967264, -0.083096, 0.964373, 0.251157),
      ["LowerTorso"] = CFrame.new(-0.000000, -1.848885, -0.275176, 1.000000, 0.000000, 0.000000, 0.000000, 0.961394, -0.275176, 0.000000, 0.275176, 0.961394),
      ["RightUpperArm"] = CFrame.new(0.143368, -0.228291, 0.039268, 0.412723, 0.855144, 0.313669, 0.178160, 0.261926, -0.948501, -0.893263, 0.447352, -0.044250),
      ["RightUpperLeg"] = CFrame.new(0.046808, 1.560755, -0.655764, 0.983832, -0.156297, -0.087445, 0.144380, 0.981062, -0.129120, 0.105970, 0.114407, 0.987766)
    }},
    { Time = 1.375, Data = {
      ["Head"] = CFrame.new(-0.000000, 0.000000, 0.000000, 1.000000, -0.000000, 0.000000, 0.000000, 0.968233, 0.250050, -0.000000, -0.250050, 0.968233),
      ["LeftUpperArm"] = CFrame.new(-0.156971, -0.169295, -0.158535, 0.876867, 0.002056, 0.480728, -0.187810, 0.921986, 0.338630, -0.442528, -0.387219, 0.808845),
      ["LeftUpperLeg"] = CFrame.new(0.025391, 0.215437, -0.259810, 0.994790, 0.095185, -0.036506, -0.059049, 0.246081, -0.967449, -0.083103, 0.964564, 0.250420),
      ["LowerTorso"] = CFrame.new(-0.000000, -1.848790, -0.275511, 1.000000, 0.000000, 0.000000, 0.000000, 0.961298, -0.275511, 0.000000, 0.275511, 0.961298),
      ["RightUpperArm"] = CFrame.new(0.144841, -0.228188, 0.039156, 0.412723, 0.855144, 0.313669, 0.178160, 0.261926, -0.948501, -0.893263, 0.447352, -0.044250),
      ["RightUpperLeg"] = CFrame.new(0.046814, 1.560608, -0.656216, 0.983832, -0.156278, -0.087479, 0.144403, 0.981115, -0.128693, 0.105939, 0.113980, 0.987819)
    }},
    { Time = 1.417, Data = {
      ["Head"] = CFrame.new(-0.000000, 0.000000, 0.000000, 1.000000, -0.000000, 0.000000, 0.000000, 0.968233, 0.250050, -0.000000, -0.250050, 0.968233),
      ["LeftUpperArm"] = CFrame.new(-0.156971, -0.167350, -0.156838, 0.876867, 0.002056, 0.480728, -0.187810, 0.921986, 0.338630, -0.442528, -0.387219, 0.808845),
      ["LeftUpperLeg"] = CFrame.new(0.025312, 0.213552, -0.259121, 0.994793, 0.095121, -0.036605, -0.059074, 0.245447, -0.967609, -0.083055, 0.964732, 0.249788),
      ["LowerTorso"] = CFrame.new(-0.000000, -1.848742, -0.275678, 1.000000, 0.000000, 0.000000, 0.000000, 0.961250, -0.275678, 0.000000, 0.275678, 0.961250),
      ["RightUpperArm"] = CFrame.new(0.146267, -0.228089, 0.039058, 0.412723, 0.855144, 0.313669, 0.178160, 0.261926, -0.948501, -0.893263, 0.447352, -0.044250),
      ["RightUpperLeg"] = CFrame.new(0.046820, 1.560479, -0.656617, 0.983832, -0.156263, -0.087506, 0.144422, 0.981157, -0.128351, 0.105914, 0.113638, 0.987861)
    }},
    { Time = 1.458, Data = {
      ["Head"] = CFrame.new(-0.000000, 0.000000, -0.000000, 1.000000, -0.000000, 0.000000, 0.000000, 0.968233, 0.250050, -0.000000, -0.250050, 0.968233),
      ["LeftUpperArm"] = CFrame.new(-0.156965, -0.165468, -0.155183, 0.876867, 0.002077, 0.480728, -0.187789, 0.922019, 0.338551, -0.442537, -0.387140, 0.808878),
      ["LeftUpperLeg"] = CFrame.new(0.025230, 0.211697, -0.258465, 0.994795, 0.095054, -0.036710, -0.059096, 0.244707, -0.967794, -0.083009, 0.964927, 0.249051),
      ["LowerTorso"] = CFrame.new(-0.000000, -1.848669, -0.275930, 1.000000, 0.000000, 0.000000, 0.000000, 0.961178, -0.275930, 0.000000, 0.275930, 0.961178),
      ["RightUpperArm"] = CFrame.new(0.147642, -0.227993, 0.038972, 0.412723, 0.855144, 0.313669, 0.178160, 0.261926, -0.948501, -0.893263, 0.447352, -0.044250),
      ["RightUpperLeg"] = CFrame.new(0.046825, 1.560365, -0.656966, 0.983832, -0.156247, -0.087533, 0.144440, 0.981199, -0.128009, 0.105889, 0.113296, 0.987903)
    }},
    { Time = 1.500, Data = {
      ["Head"] = CFrame.new(-0.000000, 0.000000, -0.000000, 1.000000, -0.000000, 0.000000, 0.000000, 0.968233, 0.250050, -0.000000, -0.250050, 0.968233),
      ["LeftUpperArm"] = CFrame.new(-0.156965, -0.163674, -0.153617, 0.876867, 0.002077, 0.480728, -0.187789, 0.922019, 0.338551, -0.442537, -0.387140, 0.808878),
      ["LeftUpperLeg"] = CFrame.new(0.025147, 0.209880, -0.257842, 0.994798, 0.094987, -0.036814, -0.059117, 0.243966, -0.967980, -0.082964, 0.965121, 0.248313),
      ["LowerTorso"] = CFrame.new(-0.000000, -1.848621, -0.276097, 1.000000, 0.000000, 0.000000, 0.000000, 0.961130, -0.276097, 0.000000, 0.276097, 0.961130),
      ["RightUpperArm"] = CFrame.new(0.148958, -0.227901, 0.038897, 0.412723, 0.855144, 0.313669, 0.178160, 0.261926, -0.948501, -0.893263, 0.447352, -0.044250),
      ["RightUpperLeg"] = CFrame.new(0.046836, 1.560222, -0.657269, 0.983819, -0.156318, -0.087555, 0.144544, 0.981227, -0.127671, 0.105868, 0.112950, 0.987944)
    }},
    { Time = 1.542, Data = {
      ["Head"] = CFrame.new(-0.000000, 0.000000, 0.000000, 1.000000, -0.000000, 0.000000, 0.000000, 0.968233, 0.250050, -0.000000, -0.250050, 0.968233),
      ["LeftUpperArm"] = CFrame.new(-0.156960, -0.161957, -0.152106, 0.876867, 0.002099, 0.480728, -0.187769, 0.922051, 0.338473, -0.442545, -0.387062, 0.808911),
      ["LeftUpperLeg"] = CFrame.new(0.025063, 0.208116, -0.257252, 0.994800, 0.094920, -0.036919, -0.059138, 0.243226, -0.968165, -0.082918, 0.965314, 0.247574),
      ["LowerTorso"] = CFrame.new(-0.000000, -1.848573, -0.276265, 1.000000, 0.000000, 0.000000, 0.000000, 0.961082, -0.276265, 0.000000, 0.276265, 0.961082),
      ["RightUpperArm"] = CFrame.new(0.150211, -0.227814, 0.038833, 0.412723, 0.855144, 0.313669, 0.178160, 0.261926, -0.948501, -0.893263, 0.447352, -0.044250),
      ["RightUpperLeg"] = CFrame.new(0.046839, 1.560137, -0.657529, 0.983819, -0.156306, -0.087575, 0.144558, 0.981259, -0.127414, 0.105850, 0.112693, 0.987976)
    }},
    { Time = 1.583, Data = {
      ["Head"] = CFrame.new(-0.000000, -0.000000, 0.000000, 1.000000, -0.000000, 0.000000, 0.000000, 0.968233, 0.250050, -0.000000, -0.250050, 0.968233),
      ["LeftUpperArm"] = CFrame.new(-0.156954, -0.160333, -0.150676, 0.876867, 0.002121, 0.480728, -0.187749, 0.922084, 0.338394, -0.442554, -0.386983, 0.808944),
      ["LeftUpperLeg"] = CFrame.new(0.024973, 0.206409, -0.256759, 0.994792, 0.094973, -0.037008, -0.059174, 0.242476, -0.968351, -0.082994, 0.965497, 0.246833),
      ["LowerTorso"] = CFrame.new(-0.000000, -1.848525, -0.276432, 1.000000, 0.000000, 0.000000, 0.000000, 0.961033, -0.276432, 0.000000, 0.276432, 0.961033),
      ["RightUpperArm"] = CFrame.new(0.151396, -0.227731, 0.038779, 0.412723, 0.855144, 0.313669, 0.178160, 0.261926, -0.948501, -0.893263, 0.447352, -0.044250),
      ["RightUpperLeg"] = CFrame.new(0.046843, 1.560066, -0.657750, 0.983819, -0.156299, -0.087589, 0.144567, 0.981280, -0.127243, 0.105837, 0.112522, 0.987997)
    }},
    { Time = 1.625, Data = {
      ["Head"] = CFrame.new(-0.000000, 0.000000, -0.000000, 1.000000, -0.000000, 0.000000, 0.000000, 0.968233, 0.250050, -0.000000, -0.250050, 0.968233),
      ["LeftUpperArm"] = CFrame.new(-0.156975, -0.158817, -0.149350, 0.876876, 0.002039, 0.480712, -0.187668, 0.922093, 0.338416, -0.442571, -0.386963, 0.808944),
      ["LeftUpperLeg"] = CFrame.new(0.024891, 0.204787, -0.256243, 0.994794, 0.094906, -0.037113, -0.059195, 0.241734, -0.968535, -0.082949, 0.965690, 0.246094),
      ["LowerTorso"] = CFrame.new(-0.000000, -1.848501, -0.276516, 1.000000, 0.000000, 0.000000, 0.000000, 0.961009, -0.276516, 0.000000, 0.276516, 0.961009),
      ["RightUpperArm"] = CFrame.new(0.152506, -0.227654, 0.038734, 0.412723, 0.855144, 0.313669, 0.178160, 0.261926, -0.948501, -0.893263, 0.447352, -0.044250),
      ["RightUpperLeg"] = CFrame.new(0.046845, 1.560006, -0.657933, 0.983819, -0.156291, -0.087602, 0.144576, 0.981300, -0.127072, 0.105824, 0.112351, 0.988017)
    }},
    { Time = 1.667, Data = {
