return {
  ["Astros Lay hump 3"] = {
    { Time = 0.000, Data = {
      ["Balls"] = CFrame.new(-0.000000, -0.000000, 0.000000, 0.887173, -0.461437, 0.000000, 0.461437, 0.887173, 0.000000, 0.000000, 0.000000, 1.000000),
      ["Cock"] = CFrame.new(0.000009, -0.000013, -0.000001, 0.631883, 0.775064, 0.000000, -0.775064, 0.631883, -0.000000, -0.000000, 0.000000, 1.000000),
      ["Head"] = CFrame.new(0.000000, 0.068463, -0.015882, 1.000000, 0.000000, 0.000000, 0.000000, 0.975887, -0.218275, 0.000000, 0.218275, 0.975887),
      ["LeftUpperArm"] = CFrame.new(-0.086877, -0.477908, 0.132332, 0.938460, -0.330345, 0.100824, 0.205687, 0.300027, -0.931492, 0.277464, 0.894906, 0.349511),
      ["LeftUpperLeg"] = CFrame.new(-0.123507, 0.163298, -0.410789, 0.946002, 0.027178, 0.323020, -0.077234, 0.986680, 0.143171, -0.314826, -0.160388, 0.935500),
      ["LowerTorso"] = CFrame.new(-0.000006, -1.752404, -0.700858, 1.000000, 0.000000, 0.000000, 0.000000, 0.119842, -0.992793, 0.000000, 0.992793, 0.119842),
      ["RightUpperArm"] = CFrame.new(0.194389, -0.419631, -0.703680, 0.364412, 0.896777, -0.250988, -0.049684, -0.250414, -0.966863, -0.929911, 0.364807, -0.046698),
      ["RightUpperLeg"] = CFrame.new(0.123511, 0.162424, -0.341638, 0.946002, -0.027228, -0.323014, 0.057824, 0.994658, 0.085506, 0.318960, -0.099567, 0.942524)
    }},
    { Time = 0.017, Data = {
      ["Balls"] = CFrame.new(-0.000000, -0.000000, 0.000000, 0.887665, -0.460490, 0.000000, 0.460490, 0.887665, 0.000000, 0.000000, 0.000000, 1.000000),
      ["Cock"] = CFrame.new(0.000009, -0.000013, -0.000001, 0.631883, 0.775064, 0.000000, -0.775064, 0.631883, -0.000000, -0.000000, 0.000000, 1.000000),
      ["Head"] = CFrame.new(0.000000, 0.068463, -0.015882, 1.000000, 0.000000, 0.000000, 0.000000, 0.976095, -0.217343, 0.000000, 0.217343, 0.976095),
      ["LeftUpperArm"] = CFrame.new(-0.086879, -0.477891, 0.132330, 0.938460, -0.330351, 0.100806, 0.205702, 0.300125, -0.931457, 0.277453, 0.894871, 0.349609),
      ["LeftUpperLeg"] = CFrame.new(-0.123509, 0.163177, -0.410702, 0.945997, 0.027249, 0.323028, -0.077332, 0.986662, 0.143241, -0.314816, -0.160486, 0.935487),
      ["LowerTorso"] = CFrame.new(-0.000006, -1.752227, -0.700838, 1.000000, 0.000000, 0.000000, 0.000000, 0.119727, -0.992807, 0.000000, 0.992807, 0.119727),
      ["RightUpperArm"] = CFrame.new(0.194393, -0.419698, -0.703644, 0.364412, 0.896794, -0.250928, -0.049747, -0.250325, -0.966883, -0.929908, 0.364827, -0.046609),
      ["RightUpperLeg"] = CFrame.new(0.123511, 0.162342, -0.341571, 0.946002, -0.027199, -0.323016, 0.057852, 0.994642, 0.085676, 0.318955, -0.099737, 0.942507)
    }},
    { Time = 0.033, Data = {
      ["Balls"] = CFrame.new(-0.000000, -0.000000, 0.000000, 0.889052, -0.457807, 0.000000, 0.457807, 0.889052, 0.000000, 0.000000, 0.000000, 1.000000),
      ["Cock"] = CFrame.new(0.000009, -0.000013, -0.000001, 0.631661, 0.775245, 0.000000, -0.775245, 0.631661, -0.000000, -0.000000, 0.000000, 1.000000),
      ["Head"] = CFrame.new(0.000000, 0.068463, -0.015882, 1.000000, 0.000000, 0.000000, 0.000000, 0.976733, -0.214460, 0.000000, 0.214460, 0.976733),
      ["LeftUpperArm"] = CFrame.new(-0.086874, -0.477800, 0.132324, 0.938469, -0.330335, 0.100769, 0.205841, 0.300713, -0.931237, 0.277318, 0.894679, 0.350206),
      ["LeftUpperLeg"] = CFrame.new(-0.123511, 0.162561, -0.410102, 0.945993, 0.027192, 0.323046, -0.077555, 0.986524, 0.144070, -0.314775, -0.161343, 0.935353),
      ["LowerTorso"] = CFrame.new(-0.000006, -1.751213, -0.700674, 1.000000, 0.000000, 0.000000, 0.000000, 0.119154, -0.992876, 0.000000, 0.992876, 0.119154),
      ["RightUpperArm"] = CFrame.new(0.194397, -0.420289, -0.703417, 0.364367, 0.896811, -0.250933, -0.050145, -0.250171, -0.966902, -0.929904, 0.364891, -0.046183),
      ["RightUpperLeg"] = CFrame.new(0.123514, 0.161694, -0.341102, 0.945995, -0.027214, -0.323037, 0.058176, 0.994545, 0.086581, 0.318918, -0.100698, 0.942418)
    }},
    { Time = 0.050, Data = {
      ["Balls"] = CFrame.new(-0.000000, -0.000000, 0.000000, 0.891357, -0.453301, 0.000000, 0.453301, 0.891357, 0.000000, 0.000000, 0.000000, 1.000000),
      ["Cock"] = CFrame.new(0.000009, -0.000013, -0.000001, 0.630994, 0.775788, 0.000000, -0.775788, 0.630994, -0.000000, -0.000000, 0.000000, 1.000000),
      ["Head"] = CFrame.new(0.000000, 0.068463, -0.015883, 1.000000, 0.000000, 0.000000, 0.000000, 0.977764, -0.209709, 0.000000, 0.209709, 0.977764),
      ["LeftUpperArm"] = CFrame.new(-0.086863, -0.477595, 0.132324, 0.938478, -0.330291, 0.100829, 0.206330, 0.302152, -0.930662, 0.276923, 0.894210, 0.351712),
      ["LeftUpperLeg"] = CFrame.new(-0.123509, 0.160797, -0.408427, 0.945997, 0.027240, 0.323027, -0.078346, 0.986136, 0.146280, -0.314564, -0.163689, 0.935016),
      ["LowerTorso"] = CFrame.new(-0.000006, -1.748296, -0.700244, 1.000000, 0.000000, 0.000000, 0.000000, 0.117435, -0.993081, 0.000000, 0.993081, 0.117435),
      ["RightUpperArm"] = CFrame.new(0.194387, -0.421898, -0.702747, 0.364448, 0.896772, -0.250955, -0.051253, -0.249765, -0.966949, -0.929812, 0.365265, -0.045064),
      ["RightUpperLeg"] = CFrame.new(0.123509, 0.159957, -0.339787, 0.946004, -0.027219, -0.323009, 0.059016, 0.994276, 0.089058, 0.318736, -0.103312, 0.942196)
    }},
    { Time = 0.067, Data = {
      ["Balls"] = CFrame.new(-0.000000, -0.000000, 0.000000, 0.894552, -0.446963, 0.000000, 0.446963, 0.894552, 0.000000, 0.000000, 0.000000, 1.000000),
      ["Cock"] = CFrame.new(0.000009, -0.000013, -0.000001, 0.629732, 0.776813, 0.000000, -0.776813, 0.629732, -0.000000, -0.000000, 0.000000, 1.000000),
      ["Head"] = CFrame.new(0.000000, 0.068463, -0.015884, 1.000000, 0.000000, 0.000000, 0.000000, 0.979161, -0.203085, 0.000000, 0.203085, 0.979161),
      ["LeftUpperArm"] = CFrame.new(-0.086866, -0.477151, 0.132296, 0.938477, -0.330304, 0.100796, 0.207222, 0.305124, -0.929494, 0.276260, 0.893196, 0.354798),
      ["LeftUpperLeg"] = CFrame.new(-0.123500, 0.157440, -0.405167, 0.946016, 0.027196, 0.322977, -0.079729, 0.985381, 0.150558, -0.314160, -0.168181, 0.934355),
      ["LowerTorso"] = CFrame.new(-0.000006, -1.742636, -0.699397, 1.000000, 0.000000, 0.000000, 0.000000, 0.114106, -0.993469, 0.000000, 0.993469, 0.114106),
      ["RightUpperArm"] = CFrame.new(0.194395, -0.424995, -0.701487, 0.364415, 0.896801, -0.250898, -0.053453, -0.248836, -0.967070, -0.929702, 0.365825, -0.042743),
      ["RightUpperLeg"] = CFrame.new(0.123515, 0.156557, -0.337261, 0.945994, -0.027238, -0.323037, 0.060686, 0.993728, 0.093924, 0.318453, -0.108455, 0.941714)
    }},
    { Time = 0.083, Data = {
      ["Balls"] = CFrame.new(-0.000000, -0.000000, 0.000000, 0.898596, -0.438777, 0.000000, 0.438777, 0.898596, 0.000000, 0.000000, 0.000000, 1.000000),
      ["Cock"] = CFrame.new(0.000009, -0.000013, -0.000001, 0.627723, 0.778436, 0.000000, -0.778436, 0.627723, -0.000000, -0.000000, 0.000000, 1.000000),
      ["Head"] = CFrame.new(0.000000, 0.068463, -0.015886, 1.000000, 0.000000, 0.000000, 0.000000, 0.980903, -0.194498, 0.000000, 0.194498, 0.980903),
      ["LeftUpperArm"] = CFrame.new(-0.086871, -0.476431, 0.132248, 0.938465, -0.330321, 0.100856, 0.208787, 0.309977, -0.927536, 0.275121, 0.891517, 0.359869),
      ["LeftUpperLeg"] = CFrame.new(-0.123505, 0.151873, -0.399839, 0.946006, 0.027192, 0.323008, -0.082074, 0.984098, 0.157527, -0.313588, -0.175532, 0.933194),
      ["LowerTorso"] = CFrame.new(-0.000006, -1.733384, -0.697968, 1.000000, 0.000000, 0.000000, 0.000000, 0.108697, -0.994075, 0.000000, 0.994075, 0.108697),
      ["RightUpperArm"] = CFrame.new(0.194393, -0.430133, -0.699398, 0.364412, 0.896795, -0.250923, -0.057100, -0.247426, -0.967223, -0.929486, 0.366796, -0.038958),
      ["RightUpperLeg"] = CFrame.new(0.123504, 0.150985, -0.333038, 0.946016, -0.027254, -0.322972, 0.063371, 0.992780, 0.101844, 0.317865, -0.116813, 0.940913)
    }},
    { Time = 0.100, Data = {
      ["Balls"] = CFrame.new(-0.000000, -0.000000, 0.000000, 0.903435, -0.428725, 0.000000, 0.428725, 0.903435, 0.000000, 0.000000, 0.000000, 1.000000),
      ["Cock"] = CFrame.new(0.000009, -0.000013, -0.000001, 0.624663, 0.780894, 0.000000, -0.780894, 0.624663, -0.000000, -0.000000, 0.000000, 1.000000),
      ["Head"] = CFrame.new(0.000000, 0.068463, -0.015888, 1.000000, 0.000000, 0.000000, 0.000000, 0.982922, -0.184025, 0.000000, 0.184025, 0.982922),
      ["LeftUpperArm"] = CFrame.new(-0.086879, -0.475361, 0.132164, 0.938460, -0.330351, 0.100805, 0.210975, 0.317201, -0.924594, 0.273465, 0.888961, 0.367376),
      ["LeftUpperLeg"] = CFrame.new(-0.123500, 0.143569, -0.391836, 0.946015, 0.027202, 0.322979, -0.085572, 0.982078, 0.167930, -0.312623, -0.186502, 0.931388),
      ["LowerTorso"] = CFrame.new(-0.000006, -1.719565, -0.695781, 1.000000, 0.000000, 0.000000, 0.000000, 0.100611, -0.994926, 0.000000, 0.994926, 0.100611),
      ["RightUpperArm"] = CFrame.new(0.194392, -0.437785, -0.696278, 0.364388, 0.896792, -0.250971, -0.062662, -0.245277, -0.967426, -0.929137, 0.368244, -0.033181),
      ["RightUpperLeg"] = CFrame.new(0.123508, 0.142704, -0.326784, 0.946007, -0.027185, -0.323004, 0.067315, 0.991229, 0.113723, 0.317080, -0.129326, 0.939540)
    }},
    { Time = 0.117, Data = {
      ["Balls"] = CFrame.new(-0.000000, -0.000000, 0.000000, 0.909005, -0.416786, 0.000000, 0.416786, 0.909005, 0.000000, 0.000000, 0.000000, 1.000000),
      ["Cock"] = CFrame.new(0.000009, -0.000013, -0.000001, 0.620313, 0.784354, 0.000000, -0.784354, 0.620313, -0.000000, -0.000000, 0.000000, 1.000000),
      ["Head"] = CFrame.new(0.000000, 0.068463, -0.015890, 1.000000, 0.000000, 0.000000, 0.000000, 0.985171, -0.171573, 0.000000, 0.171573, 0.985171),
      ["LeftUpperArm"] = CFrame.new(-0.086879, -0.473889, 0.132028, 0.938458, -0.330351, 0.100820, 0.214059, 0.327203, -0.920390, 0.271063, 0.885329, 0.377781),
      ["LeftUpperLeg"] = CFrame.new(-0.123504, 0.131991, -0.380666, 0.946008, 0.027173, 0.323003, -0.090430, 0.979041, 0.182486, -0.311275, -0.201842, 0.928638),
      ["LowerTorso"] = CFrame.new(-0.000006, -1.700298, -0.692617, 1.000000, 0.000000, 0.000000, 0.000000, 0.089346, -0.996001, 0.000000, 0.996001, 0.089346),
      ["RightUpperArm"] = CFrame.new(0.194385, -0.448455, -0.691916, 0.364464, 0.896767, -0.250949, -0.070247, -0.242240, -0.967670, -0.928564, 0.370310, -0.025293),
      ["RightUpperLeg"] = CFrame.new(0.123509, 0.131117, -0.317988, 0.946006, -0.027170, -0.323007, 0.072879, 0.988796, 0.130270, 0.315849, -0.146777, 0.937388)
    }},
    { Time = 0.133, Data = {
      ["Balls"] = CFrame.new(-0.000000, -0.000001, 0.000000, 0.915228, -0.402935, 0.000000, 0.402935, 0.915228, 0.000000, 0.000000, 0.000000, 1.000000),
      ["Cock"] = CFrame.new(0.000009, -0.000013, -0.000001, 0.614574, 0.788859, 0.000000, -0.788859, 0.614574, -0.000000, -0.000000, 0.000000, 1.000000),
      ["Head"] = CFrame.new(0.000000, 0.068463, -0.015893, 1.000000, 0.000000, 0.000000, 0.000000, 0.987577, -0.157134, 0.000000, 0.157134, 0.987577),
      ["LeftUpperArm"] = CFrame.new(-0.086881, -0.471939, 0.131798, 0.938457, -0.330359, 0.100806, 0.218101, 0.340481, -0.914606, 0.267826, 0.880304, 0.391578),
      ["LeftUpperLeg"] = CFrame.new(-0.123510, 0.116586, -0.365743, 0.945995, 0.027184, 0.323038, -0.096892, 0.974638, 0.201726, -0.309362, -0.222131, 0.924637),
      ["LowerTorso"] = CFrame.new(-0.000005, -1.674560, -0.688215, 1.000000, 0.000000, 0.000000, 0.000000, 0.074256, -0.997239, 0.000000, 0.997239, 0.074256),
      ["RightUpperArm"] = CFrame.new(0.194389, -0.462656, -0.686158, 0.364417, 0.896783, -0.250959, -0.080338, -0.238210, -0.967885, -0.927764, 0.372876, -0.014762),
      ["RightUpperLeg"] = CFrame.new(0.123511, 0.115717, -0.306213, 0.946002, -0.027181, -0.323019, 0.080245, 0.985100, 0.152116, 0.314071, -0.169823, 0.934087)
    }},
    { Time = 0.150, Data = {
      ["Balls"] = CFrame.new(-0.000000, -0.000001, 0.000000, 0.922052, -0.387066, 0.000000, 0.387066, 0.922052, 0.000000, 0.000000, 0.000000, 1.000000),
      ["Cock"] = CFrame.new(0.000009, -0.000013, -0.000001, 0.607188, 0.794558, 0.000000, -0.794558, 0.607188, -0.000000, -0.000000, 0.000000, 1.000000),
      ["Head"] = CFrame.new(0.000000, 0.068464, -0.015896, 1.000000, 0.000000, 0.000000, 0.000000, 0.990028, -0.140870, 0.000000, 0.140870, 0.990028),
      ["LeftUpperArm"] = CFrame.new(-0.086873, -0.469447, 0.131423, 0.938467, -0.330327, 0.100811, 0.223243, 0.357481, -0.906846, 0.263518, 0.873551, 0.409228),
      ["LeftUpperLeg"] = CFrame.new(-0.123512, 0.096840, -0.346467, 0.945991, 0.027214, 0.323049, -0.105120, 0.968381, 0.226249, -0.306677, -0.247989, 0.918940),
      ["LowerTorso"] = CFrame.new(-0.000005, -1.641525, -0.682226, 1.000000, 0.000000, 0.000000, 0.000000, 0.054893, -0.998492, 0.000000, 0.998492, 0.054893),
      ["RightUpperArm"] = CFrame.new(0.194394, -0.480864, -0.678771, 0.364382, 0.896805, -0.250932, -0.093329, -0.232933, -0.968004, -0.926561, 0.376143, -0.001179),
      ["RightUpperLeg"] = CFrame.new(0.123512, 0.095937, -0.290951, 0.946000, -0.027224, -0.323020, 0.089716, 0.979532, 0.180190, 0.311503, -0.199440, 0.929080)
    }},
    { Time = 0.167, Data = {
      ["Balls"] = CFrame.new(-0.000001, -0.000001, 0.000000, 0.929305, -0.369313, 0.000000, 0.369313, 0.929305, 0.000000, 0.000000, 0.000000, 1.000000),
      ["Cock"] = CFrame.new(0.000009, -0.000013, -0.000001, 0.597875, 0.801589, 0.000000, -0.801589, 0.597875, -0.000000, -0.000000, 0.000000, 1.000000),
      ["Head"] = CFrame.new(0.000000, 0.068464, -0.015900, 1.000000, 0.000000, 0.000000, 0.000000, 0.992466, -0.122518, 0.000000, 0.122518, 0.992466),
      ["LeftUpperArm"] = CFrame.new(-0.086864, -0.466419, 0.130848, 0.938482, -0.330291, 0.100791, 0.229482, 0.378397, -0.896746, 0.258048, 0.864710, 0.430915),
      ["LeftUpperLeg"] = CFrame.new(-0.123506, 0.072237, -0.322214, 0.946003, 0.027214, 0.323014, -0.115284, 0.959569, 0.256783, -0.302966, -0.280156, 0.910892),
      ["LowerTorso"] = CFrame.new(-0.000005, -1.600205, -0.674218, 1.000000, 0.000000, 0.000000, 0.000000, 0.030647, -0.999530, 0.000000, 0.999530, 0.030647),
      ["RightUpperArm"] = CFrame.new(0.194392, -0.503592, -0.669557, 0.364399, 0.896798, -0.250933, -0.109562, -0.226303, -0.967876, -0.924775, 0.380186, 0.015790),
      ["RightUpperLeg"] = CFrame.new(0.123506, 0.071346, -0.271688, 0.946012, -0.027222, -0.322986, 0.101321, 0.971367, 0.214896, 0.307888, -0.236019, 0.921683)
    }},
    { Time = 0.183, Data = {
      ["Balls"] = CFrame.new(-0.000001, -0.000001, 0.000000, 0.936972, -0.349403, 0.000000, 0.349403, 0.936972, 0.000000, 0.000000, 0.000000, 1.000000),
      ["Cock"] = CFrame.new(0.000009, -0.000013, -0.000001, 0.586337, 0.810068, 0.000000, -0.810068, 0.586337, -0.000000, -0.000000, 0.000000, 1.000000),
      ["Head"] = CFrame.new(-0.000000, 0.068465, -0.015903, 1.000000, 0.000000, 0.000000, 0.000000, 0.994759, -0.102244, 0.000000, 0.102244, 0.994759),
      ["LeftUpperArm"] = CFrame.new(-0.086867, -0.462765, 0.129946, 0.938477, -0.330301, 0.100806, 0.237023, 0.403770, -0.883623, 0.251159, 0.853154, 0.457217),
      ["LeftUpperLeg"] = CFrame.new(-0.123504, 0.042298, -0.292392, 0.946006, 0.027197, 0.323005, -0.127474, 0.947401, 0.293569, -0.298031, -0.318893, 0.899714),
      ["LowerTorso"] = CFrame.new(-0.000004, -1.549801, -0.663640, 1.000000, 0.000000, 0.000000, 0.000000, 0.001098, -0.999999, 0.000000, 0.999999, 0.001098),
      ["RightUpperArm"] = CFrame.new(0.194387, -0.531331, -0.658339, 0.364435, 0.896778, -0.250951, -0.129345, -0.218125, -0.967311, -0.922202, 0.384981, 0.036501),
      ["RightUpperLeg"] = CFrame.new(0.123511, 0.041403, -0.247900, 0.946003, -0.027186, -0.323016, 0.115310, 0.959521, 0.256949, 0.302956, -0.280321, 0.910845)
    }},
    { Time = 0.200, Data = {
      ["Balls"] = CFrame.new(-0.000001, -0.000001, 0.000000, 0.944861, -0.327471, 0.000000, 0.327471, 0.944861, 0.000000, 0.000000, 0.000000, 1.000000),
      ["Cock"] = CFrame.new(0.000009, -0.000013, -0.000001, 0.572322, 0.820029, 0.000000, -0.820029, 0.572322, -0.000000, -0.000000, 0.000000, 1.000000),
      ["Head"] = CFrame.new(-0.000000, 0.068465, -0.015908, 1.000000, 0.000000, 0.000000, 0.000000, 0.996798, -0.079956, 0.000000, 0.079956, 0.996798),
      ["LeftUpperArm"] = CFrame.new(-0.086877, -0.458535, 0.128618, 0.938467, -0.330338, 0.100781, 0.245735, 0.433625, -0.866940, 0.242682, 0.838359, 0.488118),
      ["LeftUpperLeg"] = CFrame.new(-0.123512, 0.006492, -0.256314, 0.945990, 0.027192, 0.323053, -0.141889, 0.930696, 0.337153, -0.291496, -0.364781, 0.884288),
      ["LowerTorso"] = CFrame.new(-0.000004, -1.489320, -0.649799, 1.000000, 0.000000, 0.000000, 0.000000, -0.034370, -0.999409, 0.000000, 0.999409, -0.034370),
      ["RightUpperArm"] = CFrame.new(0.194392, -0.564573, -0.644978, 0.364378, 0.896802, -0.250947, -0.152893, -0.208206, -0.966061, -0.918614, 0.390380, 0.061249),
      ["RightUpperLeg"] = CFrame.new(0.123507, 0.005625, -0.218910, 0.946011, -0.027199, -0.322991, 0.131819, 0.942632, 0.306706, 0.296120, -0.332723, 0.895326)
    }},
    { Time = 0.217, Data = {
      ["Balls"] = CFrame.new(-0.000001, -0.000001, 0.000000, 0.952861, -0.303407, 0.000000, 0.303407, 0.952861, 0.000000, 0.000000, 0.000000, 1.000000),
      ["Cock"] = CFrame.new(0.000009, -0.000013, -0.000001, 0.556288, 0.830990, 0.000000, -0.830990, 0.556288, -0.000000, -0.000000, 0.000000, 1.000000),
      ["Head"] = CFrame.new(-0.000000, 0.068465, -0.015912, 1.000000, 0.000000, 0.000000, 0.000000, 0.998445, -0.055742, 0.000000, 0.055742, 0.998445),
      ["LeftUpperArm"] = CFrame.new(-0.086875, -0.453901, 0.126780, 0.938462, -0.330331, 0.100847, 0.255316, 0.466864, -0.846671, 0.232599, 0.820317, 0.522473),
      ["LeftUpperLeg"] = CFrame.new(-0.123503, -0.033876, -0.214935, 0.946009, 0.027203, 0.322995, -0.157757, 0.909130, 0.385480, -0.283159, -0.415623, 0.864337),
      ["LowerTorso"] = CFrame.new(-0.000003, -1.420714, -0.632575, 1.000000, 0.000000, 0.000000, 0.000000, -0.074609, -0.997213, 0.000000, 0.997213, -0.074609),
      ["RightUpperArm"] = CFrame.new(0.194394, -0.602216, -0.629890, 0.364359, 0.896813, -0.250935, -0.179574, -0.196741, -0.963871, -0.913781, 0.396256, 0.089360),
      ["RightUpperLeg"] = CFrame.new(0.123513, -0.034717, -0.185519, 0.945998, -0.027232, -0.323026, 0.150069, 0.920050, 0.361923, 0.287344, -0.390855, 0.874452)
    }},
    { Time = 0.233, Data = {
      ["Balls"] = CFrame.new(-0.000001, -0.000001, 0.000000, 0.960792, -0.277270, 0.000000, 0.277270, 0.960792, 0.000000, 0.000000, 0.000000, 1.000000),
      ["Cock"] = CFrame.new(0.000009, -0.000013, -0.000001, 0.542026, 0.840362, 0.000000, -0.840362, 0.542026, -0.000000, -0.000000, 0.000000, 1.000000),
      ["Head"] = CFrame.new(-0.000000, 0.068466, -0.015917, 1.000000, 0.000000, 0.000000, 0.000000, 0.999564, -0.029519, 0.000000, 0.029519, 0.999564),
      ["LeftUpperArm"] = CFrame.new(-0.086875, -0.449975, 0.124870, 0.938465, -0.330328, 0.100827, 0.263356, 0.495561, -0.827685, 0.223442, 0.803307, 0.552061),
      ["LeftUpperLeg"] = CFrame.new(-0.123507, -0.069311, -0.178110, 0.946000, 0.027235, 0.323021, -0.171431, 0.887755, 0.427202, -0.275129, -0.459509, 0.844486),
      ["LowerTorso"] = CFrame.new(-0.000002, -1.360345, -0.616047, 1.000000, 0.000000, 0.000000, 0.000000, -0.109965, -0.993936, 0.000000, 0.993936, -0.109965),
      ["RightUpperArm"] = CFrame.new(0.194388, -0.635378, -0.616643, 0.364426, 0.896791, -0.250915, -0.202868, -0.186520, -0.961278, -0.908866, 0.401217, 0.113957),
      ["RightUpperLeg"] = CFrame.new(0.123507, -0.070014, -0.155590, 0.946011, -0.027235, -0.322989, 0.165616, 0.897187, 0.409424, 0.278631, -0.440811, 0.853259)
    }},
    { Time = 0.250, Data = {
      ["Balls"] = CFrame.new(-0.000001, -0.000002, 0.000000, 0.968537, -0.248871, 0.000000, 0.248871, 0.968537, 0.000000, 0.000000, 0.000000, 1.000000),
      ["Cock"] = CFrame.new(0.000009, -0.000013, -0.000001, 0.529884, 0.848070, 0.000000, -0.848070, 0.529884, -0.000000, -0.000000, 0.000000, 1.000000),
      ["Head"] = CFrame.new(-0.000000, 0.068466, -0.015922, 1.000000, 0.000000, 0.000000, 0.000000, 0.999999, -0.001381, 0.000000, 0.001381, 0.999999),
      ["LeftUpperArm"] = CFrame.new(-0.086859, -0.446824, 0.123081, 0.938487, -0.330268, 0.100822, 0.269786, 0.519024, -0.811067, 0.215540, 0.788376, 0.576199),
      ["LeftUpperLeg"] = CFrame.new(-0.123508, -0.098672, -0.147162, 0.945998, 0.027209, 0.323029, -0.182465, 0.868326, 0.461213, -0.267945, -0.495248, 0.826399),
      ["LowerTorso"] = CFrame.new(-0.000002, -1.310137, -0.601312, 1.000000, 0.000000, 0.000000, 0.000000, -0.139317, -0.990248, 0.000000, 0.990248, -0.139317),
      ["RightUpperArm"] = CFrame.new(0.194387, -0.663004, -0.605666, 0.364386, 0.896793, -0.250968, -0.222370, -0.177909, -0.958593, -0.904309, 0.405105, 0.134592),
      ["RightUpperLeg"] = CFrame.new(0.123516, -0.099280, -0.130345, 0.945993, -0.027228, -0.323042, 0.178251, 0.876005, 0.448155, 0.270784, -0.481534, 0.833548)
    }},
    { Time = 0.267, Data = {
      ["Balls"] = CFrame.new(-0.000001, -0.000002, 0.000000, 0.975430, -0.220309, 0.000000, 0.220309, 0.975430, 0.000000, 0.000000, 0.000000, 1.000000),
      ["Cock"] = CFrame.new(0.000009, -0.000013, -0.000001, 0.519956, 0.854193, 0.000000, -0.854193, 0.519956, -0.000000, -0.000000, 0.000000, 1.000000),
      ["Head"] = CFrame.new(-0.000000, 0.068467, -0.015927, 1.000000, -0.000000, 0.000000, 0.000000, 0.999640, 0.026844, -0.000000, -0.026844, 0.999640),
      ["LeftUpperArm"] = CFrame.new(-0.086863, -0.444338, 0.121479, 0.938483, -0.330281, 0.100813, 0.274904, 0.537876, -0.796942, 0.208990, 0.775631, 0.595584),
      ["LeftUpperLeg"] = CFrame.new(-0.123506, -0.122617, -0.121637, 0.946002, 0.027255, 0.323013, -0.191311, 0.851361, 0.488452, -0.261688, -0.523872, 0.810603),
      ["LowerTorso"] = CFrame.new(-0.000002, -1.269109, -0.588600, 1.000000, 0.000000, 0.000000, 0.000000, -0.163272, -0.986581, 0.000000, 0.986581, -0.163272),
      ["RightUpperArm"] = CFrame.new(0.194386, -0.685598, -0.596708, 0.364404, 0.896790, -0.250952, -0.238165, -0.170771, -0.956093, -0.900271, 0.408172, 0.151355),
      ["RightUpperLeg"] = CFrame.new(0.123515, -0.123076, -0.109450, 0.945996, -0.027198, -0.323035, 0.188266, 0.857305, 0.479149, 0.263908, -0.514089, 0.816128)
    }},
    { Time = 0.283, Data = {
      ["Balls"] = CFrame.new(-0.000002, -0.000002, 0.000000, 0.981088, -0.193562, 0.000000, 0.193562, 0.981088, 0.000000, 0.000000, 0.000000, 1.000000),
      ["Cock"] = CFrame.new(0.000009, -0.000013, -0.000001, 0.511972, 0.859002, 0.000000, -0.859002, 0.511972, -0.000000, -0.000000, 0.000000, 1.000000),
      ["Head"] = CFrame.new(-0.000000, 0.068467, -0.015932, 1.000000, -0.000000, 0.000000, 0.000000, 0.998591, 0.053069, -0.000000, -0.053069, 0.998591),
      ["LeftUpperArm"] = CFrame.new(-0.086876, -0.442398, 0.120100, 0.938472, -0.330329, 0.100767, 0.278888, 0.552781, -0.785274, 0.203697, 0.765060, 0.610894),
      ["LeftUpperLeg"] = CFrame.new(-0.123505, -0.141688, -0.101114, 0.946004, 0.027216, 0.323011, -0.198190, 0.837086, 0.509909, -0.256510, -0.546394, 0.797281),
      ["LowerTorso"] = CFrame.new(-0.000001, -1.236341, -0.578006, 1.000000, 0.000000, 0.000000, 0.000000, -0.182368, -0.983230, 0.000000, 0.983230, -0.182368),
      ["RightUpperArm"] = CFrame.new(0.194390, -0.703682, -0.589569, 0.364390, 0.896806, -0.250918, -0.250712, -0.165021, -0.953893, -0.896863, 0.410497, 0.164708),
      ["RightUpperLeg"] = CFrame.new(0.123519, -0.142066, -0.092581, 0.945988, -0.027224, -0.323056, 0.196156, 0.841441, 0.503487, 0.258125, -0.539662, 0.801334)
    }},
    { Time = 0.300, Data = {
      ["Balls"] = CFrame.new(-0.000002, -0.000002, 0.000000, 0.985673, -0.168670, 0.000000, 0.168670, 0.985673, 0.000000, 0.000000, 0.000000, 1.000000),
      ["Cock"] = CFrame.new(0.000009, -0.000013, -0.000001, 0.505641, 0.862744, 0.000000, -0.862744, 0.505641, -0.000000, -0.000000, 0.000000, 1.000000),
      ["Head"] = CFrame.new(-0.000000, 0.068467, -0.015937, 1.000000, -0.000000, 0.000000, 0.000000, 0.997009, 0.077287, -0.000000, -0.077287, 0.997009),
      ["LeftUpperArm"] = CFrame.new(-0.086868, -0.440925, 0.118981, 0.938475, -0.330300, 0.100828, 0.281957, 0.564244, -0.775970, 0.199412, 0.756657, 0.622660),
      ["LeftUpperLeg"] = CFrame.new(-0.123513, -0.156519, -0.085081, 0.945988, 0.027225, 0.323057, -0.203502, 0.825570, 0.526328, -0.252377, -0.563643, 0.786519),
      ["LowerTorso"] = CFrame.new(-0.000001, -1.210859, -0.569498, 1.000000, 0.000000, 0.000000, 0.000000, -0.197203, -0.980363, 0.000000, 0.980363, -0.197203),
      ["RightUpperArm"] = CFrame.new(0.194392, -0.717765, -0.584026, 0.364362, 0.896816, -0.250920, -0.260479, -0.160542, -0.952038, -0.894087, 0.412246, 0.175106),
      ["RightUpperLeg"] = CFrame.new(0.123506, -0.156744, -0.079342, 0.946014, -0.027209, -0.322982, 0.202080, 0.828605, 0.522089, 0.253419, -0.559172, 0.789370)
    }},
    { Time = 0.317, Data = {
      ["Balls"] = CFrame.new(-0.000002, -0.000002, 0.000000, 0.989334, -0.145667, 0.000000, 0.145667, 0.989334, 0.000000, 0.000000, 0.000000, 1.000000),
      ["Cock"] = CFrame.new(0.000009, -0.000013, -0.000001, 0.500909, 0.865500, 0.000000, -0.865500, 0.500909, -0.000000, -0.000000, 0.000000, 1.000000),
      ["Head"] = CFrame.new(-0.000000, 0.068468, -0.015941, 1.000000, -0.000000, 0.000000, 0.000000, 0.995030, 0.099578, -0.000000, -0.099578, 0.995030),
      ["LeftUpperArm"] = CFrame.new(-0.086883, -0.439844, 0.118106, 0.938460, -0.330356, 0.100789, 0.284198, 0.572756, -0.768884, 0.196278, 0.750211, 0.631395),
      ["LeftUpperLeg"] = CFrame.new(-0.123500, -0.167590, -0.072957, 0.946015, 0.027209, 0.322978, -0.207349, 0.816695, 0.538532, -0.249121, -0.576428, 0.778247),
      ["LowerTorso"] = CFrame.new(-0.000001, -1.191739, -0.562957, 1.000000, 0.000000, 0.000000, 0.000000, -0.208320, -0.978061, 0.000000, 0.978061, -0.208320),
      ["RightUpperArm"] = CFrame.new(0.194392, -0.728342, -0.579863, 0.364362, 0.896816, -0.250923, -0.267820, -0.157152, -0.950566, -0.891916, 0.413552, 0.182925),
      ["RightUpperLeg"] = CFrame.new(0.123512, -0.167766, -0.069386, 0.946001, -0.027192, -0.323021, 0.206514, 0.818646, 0.535882, 0.249868, -0.573654, 0.780056)
    }},
    { Time = 0.333, Data = {
      ["Balls"] = CFrame.new(-0.000002, -0.000003, 0.000000, 0.992210, -0.124578, 0.000000, 0.124578, 0.992210, 0.000000, 0.000000, 0.000000, 1.000000),
      ["Cock"] = CFrame.new(0.000009, -0.000013, -0.000001, 0.497539, 0.867441, 0.000000, -0.867441, 0.497539, -0.000000, -0.000000, 0.000000, 1.000000),
      ["Head"] = CFrame.new(-0.000000, 0.068468, -0.015945, 1.000000, -0.000000, 0.000000, 0.000000, 0.992791, 0.119857, -0.000000, -0.119857, 0.992791),
      ["LeftUpperArm"] = CFrame.new(-0.086866, -0.439083, 0.117475, 0.938478, -0.330292, 0.100831, 0.285767, 0.578810, -0.763752, 0.193899, 0.745578, 0.637586),
      ["LeftUpperLeg"] = CFrame.new(-0.123503, -0.175548, -0.064269, 0.946008, 0.027229, 0.322996, -0.210154, 0.810183, 0.547211, -0.246786, -0.585545, 0.772162),
      ["LowerTorso"] = CFrame.new(-0.000001, -1.178096, -0.558202, 1.000000, 0.000000, 0.000000, 0.000000, -0.216230, -0.976342, 0.000000, 0.976342, -0.216230),
      ["RightUpperArm"] = CFrame.new(0.194386, -0.735914, -0.576870, 0.364417, 0.896794, -0.250919, -0.273061, -0.154699, -0.949476, -0.890302, 0.414521, 0.188505),
      ["RightUpperLeg"] = CFrame.new(0.123513, -0.175640, -0.062217, 0.946000, -0.027164, -0.323028, 0.209643, 0.811318, 0.545723, 0.247254, -0.583974, 0.773201)
    }},
    { Time = 0.350, Data = {
      ["Balls"] = CFrame.new(-0.000002, -0.000003, 0.000000, 0.994427, -0.105425, 0.000000, 0.105425, 0.994427, 0.000000, 0.000000, 0.000000, 1.000000),
      ["Cock"] = CFrame.new(0.000009, -0.000013, -0.000001, 0.495200, 0.868779, 0.000000, -0.868779, 0.495200, -0.000000, -0.000000, 0.000000, 1.000000),
      ["Head"] = CFrame.new(-0.000000, 0.068468, -0.015948, 1.000000, -0.000000, 0.000000, 0.000000, 0.990414, 0.138128, -0.000000, -0.138128, 0.990414),
      ["LeftUpperArm"] = CFrame.new(-0.086882, -0.438577, 0.117033, 0.938463, -0.330352, 0.100773, 0.286810, 0.582846, -0.760283, 0.192426, 0.742400, 0.641727),
      ["LeftUpperLeg"] = CFrame.new(-0.123509, -0.180867, -0.058457, 0.945997, 0.027195, 0.323033, -0.212003, 0.805746, 0.553016, -0.245244, -0.591636, 0.767999),
      ["LowerTorso"] = CFrame.new(-0.000001, -1.168857, -0.554955, 1.000000, 0.000000, 0.000000, 0.000000, -0.221625, -0.975132, 0.000000, 0.975132, -0.221625),
      ["RightUpperArm"] = CFrame.new(0.194382, -0.740986, -0.574864, 0.364463, 0.896777, -0.250914, -0.276590, -0.153038, -0.948724, -0.889193, 0.415175, 0.192262),
      ["RightUpperLeg"] = CFrame.new(0.123503, -0.180906, -0.057364, 0.946019, -0.027197, -0.322969, 0.211718, 0.806347, 0.552249, 0.245406, -0.590816, 0.768578)
    }},
    { Time = 0.367, Data = {
      ["Balls"] = CFrame.new(-0.000002, -0.000003, 0.000000, 0.996093, -0.088307, 0.000000, 0.088307, 0.996093, 0.000000, 0.000000, 0.000000, 1.000000),
      ["Cock"] = CFrame.new(0.000009, -0.000013, -0.000001, 0.493812, 0.869569, 0.000000, -0.869569, 0.493812, -0.000000, -0.000000, 0.000000, 1.000000),
      ["Head"] = CFrame.new(-0.000000, 0.068469, -0.015951, 1.000000, -0.000000, 0.000000, 0.000000, 0.987996, 0.154482, -0.000000, -0.154482, 0.987996),
      ["LeftUpperArm"] = CFrame.new(-0.086879, -0.438272, 0.116766, 0.938464, -0.330341, 0.100802, 0.287459, 0.585291, -0.758157, 0.191452, 0.740479, 0.644234),
      ["LeftUpperLeg"] = CFrame.new(-0.123501, -0.184080, -0.054892, 0.946013, 0.027220, 0.322984, -0.213098, 0.803069, 0.556480, -0.244231, -0.595265, 0.765514),
      ["LowerTorso"] = CFrame.new(-0.000001, -1.163300, -0.552981, 1.000000, 0.000000, 0.000000, 0.000000, -0.224852, -0.974393, 0.000000, 0.974393, -0.224852),
      ["RightUpperArm"] = CFrame.new(0.194387, -0.744089, -0.573676, 0.364383, 0.896800, -0.250950, -0.278647, -0.152134, -0.948268, -0.888584, 0.415459, 0.194455),
      ["RightUpperLeg"] = CFrame.new(0.123514, -0.184106, -0.054470, 0.945998, -0.027186, -0.323031, 0.212987, 0.803345, 0.556124, 0.244386, -0.594894, 0.765753)
    }},
    { Time = 0.383, Data = {
      ["Balls"] = CFrame.new(-0.000002, -0.000003, 0.000000, 0.997321, -0.073152, 0.000000, 0.073152, 0.997321, 0.000000, 0.000000, 0.000000, 1.000000),
      ["Cock"] = CFrame.new(0.000009, -0.000013, -0.000001, 0.493117, 0.869963, 0.000000, -0.869963, 0.493117, -0.000000, -0.000000, 0.000000, 1.000000),
      ["Head"] = CFrame.new(-0.000000, 0.068469, -0.015954, 1.000000, -0.000000, 0.000000, 0.000000, 0.985643, 0.168841, -0.000000, -0.168841, 0.985643),
      ["LeftUpperArm"] = CFrame.new(-0.086863, -0.438120, 0.116639, 0.938481, -0.330280, 0.100837, 0.287763, 0.586526, -0.757087, 0.190907, 0.739529, 0.645486),
      ["LeftUpperLeg"] = CFrame.new(-0.123510, -0.185737, -0.053105, 0.945995, 0.027197, 0.323039, -0.213675, 0.801696, 0.558235, -0.243796, -0.597113, 0.764212),
      ["LowerTorso"] = CFrame.new(-0.000001, -1.160491, -0.551974, 1.000000, 0.000000, 0.000000, 0.000000, -0.226464, -0.974020, 0.000000, 0.974020, -0.226464),
      ["RightUpperArm"] = CFrame.new(0.194391, -0.745660, -0.573060, 0.364365, 0.896814, -0.250923, -0.279773, -0.151583, -0.948024, -0.888237, 0.415629, 0.195673),
      ["RightUpperLeg"] = CFrame.new(0.123515, -0.185762, -0.052957, 0.945995, -0.027212, -0.323038, 0.213664, 0.801749, 0.558163, 0.243806, -0.597041, 0.764265)
    }},
    { Time = 0.400, Data = {
      ["Balls"] = CFrame.new(-0.000002, -0.000003, 0.000000, 0.998200, -0.059967, 0.000000, 0.059967, 0.998200, 0.000000, 0.000000, 0.000000, 1.000000),
      ["Cock"] = CFrame.new(0.000009, -0.000013, -0.000001, 0.492856, 0.870111, 0.000000, -0.870111, 0.492856, -0.000000, -0.000000, 0.000000, 1.000000),
      ["Head"] = CFrame.new(-0.000000, 0.068469, -0.015956, 1.000000, -0.000000, 0.000000, 0.000000, 0.983428, 0.181297, -0.000000, -0.181297, 0.983428),
      ["LeftUpperArm"] = CFrame.new(-0.086863, -0.438051, 0.116579, 0.938486, -0.330279, 0.100802, 0.287865, 0.587033, -0.756654, 0.190733, 0.739126, 0.645998),
      ["LeftUpperLeg"] = CFrame.new(-0.123508, -0.186365, -0.052410, 0.945999, 0.027237, 0.323024, -0.213923, 0.801141, 0.558936, -0.243564, -0.597855, 0.763705),
      ["LowerTorso"] = CFrame.new(-0.000001, -1.159406, -0.551590, 1.000000, 0.000000, 0.000000, 0.000000, -0.227108, -0.973870, 0.000000, 0.973870, -0.227108),
      ["RightUpperArm"] = CFrame.new(0.194386, -0.746236, -0.572818, 0.364419, 0.896794, -0.250919, -0.280189, -0.151371, -0.947935, -0.888084, 0.415750, 0.196110),
      ["RightUpperLeg"] = CFrame.new(0.123513, -0.186377, -0.052384, 0.945999, -0.027237, -0.323024, 0.213923, 0.801141, 0.558936, 0.243564, -0.597855, 0.763705)
    }},
    { Time = 0.417, Data = {
      ["Balls"] = CFrame.new(-0.000002, -0.000003, 0.000000, 0.998806, -0.048844, 0.000000, 0.048844, 0.998806, 0.000000, 0.000000, 0.000000, 1.000000),
      ["Cock"] = CFrame.new(0.000009, -0.000013, -0.000001, 0.492856, 0.870111, 0.000000, -0.870111, 0.492856, -0.000000, -0.000000, 0.000000, 1.000000),
      ["Head"] = CFrame.new(-0.000000, 0.068469, -0.015958, 1.000000, -0.000000, 0.000000, 0.000000, 0.981439, 0.191775, -0.000000, -0.191775, 0.981439),
      ["LeftUpperArm"] = CFrame.new(-0.086864, -0.438041, 0.116570, 0.938486, -0.330284, 0.100786, 0.287874, 0.587106, -0.756595, 0.190719, 0.739067, 0.646070),
      ["LeftUpperLeg"] = CFrame.new(-0.123508, -0.186443, -0.052322, 0.945999, 0.027222, 0.323025, -0.213934, 0.801088, 0.559008, -0.243554, -0.597927, 0.763652),
      ["LowerTorso"] = CFrame.new(-0.000001, -1.159342, -0.551557, 1.000000, 0.000000, 0.000000, 0.000000, -0.227108, -0.973870, 0.000000, 0.973870, -0.227108),
      ["RightUpperArm"] = CFrame.new(0.194386, -0.746327, -0.572787, 0.364419, 0.896794, -0.250919, -0.280189, -0.151371, -0.947935, -0.888084, 0.415750, 0.196110),
      ["RightUpperLeg"] = CFrame.new(0.123513, -0.186452, -0.052315, 0.945999, -0.027222, -0.323025, 0.213934, 0.801088, 0.559008, 0.243554, -0.597927, 0.763652)
    }},
    { Time = 0.433, Data = {
      ["Balls"] = CFrame.new(-0.000002, -0.000003, 0.000000, 0.999212, -0.039700, 0.000000, 0.039700, 0.999212, 0.000000, 0.000000, 0.000000, 1.000000),
      ["Cock"] = CFrame.new(0.000009, -0.000013, -0.000001, 0.492856, 0.870111, 0.000000, -0.870111, 0.492856, -0.000000, -0.000000, 0.000000, 1.000000),
      ["Head"] = CFrame.new(-0.000000, 0.068470, -0.015960, 1.000000, -0.000000, 0.000000, 0.000000, 0.979721, 0.200366, -0.000000, -0.200366, 0.979721),
      ["LeftUpperArm"] = CFrame.new(-0.086863, -0.438057, 0.116583, 0.938486, -0.330279, 0.100802, 0.287865, 0.587033, -0.756654, 0.190733, 0.739126, 0.645998),
      ["LeftUpperLeg"] = CFrame.new(-0.123508, -0.186417, -0.052353, 0.945999, 0.027222, 0.323025, -0.213934, 0.801088, 0.559008, -0.243554, -0.597927, 0.763652),
      ["LowerTorso"] = CFrame.new(-0.000001, -1.159365, -0.551569, 1.000000, 0.000000, 0.000000, 0.000000, -0.227108, -0.973870, 0.000000, 0.973870, -0.227108),
      ["RightUpperArm"] = CFrame.new(0.194386, -0.746294, -0.572798, 0.364419, 0.896794, -0.250919, -0.280189, -0.151371, -0.947935, -0.888084, 0.415750, 0.196110),
      ["RightUpperLeg"] = CFrame.new(0.123513, -0.186426, -0.052339, 0.945999, -0.027222, -0.323025, 0.213934, 0.801088, 0.559008, 0.243554, -0.597927, 0.763652)
    }},
    { Time = 0.450, Data = {
      ["Balls"] = CFrame.new(-0.000002, -0.000003, 0.000000, 0.999468, -0.032625, 0.000000, 0.032625, 0.999468, 0.000000, 0.000000, 0.000000, 1.000000),
      ["Cock"] = CFrame.new(0.000009, -0.000013, -0.000001, 0.492943, 0.870062, 0.000000, -0.870062, 0.492943, -0.000000, -0.000000, 0.000000, 1.000000),
      ["Head"] = CFrame.new(-0.000000, 0.068470, -0.015961, 1.000000, -0.000000, 0.000000, 0.000000, 0.978325, 0.207077, -0.000000, -0.207077, 0.978325),
      ["LeftUpperArm"] = CFrame.new(-0.086870, -0.438071, 0.116594, 0.938481, -0.330305, 0.100757, 0.287809, 0.586888, -0.756788, 0.190838, 0.739230, 0.645849),
      ["LeftUpperLeg"] = CFrame.new(-0.123502, -0.186170, -0.052597, 0.946010, 0.027201, 0.322995, -0.213809, 0.801312, 0.558735, -0.243621, -0.597628, 0.763865),
      ["LowerTorso"] = CFrame.new(-0.000001, -1.159742, -0.551704, 1.000000, 0.000000, 0.000000, 0.000000, -0.226893, -0.973920, 0.000000, 0.973920, -0.226893),
      ["RightUpperArm"] = CFrame.new(0.194389, -0.746089, -0.572891, 0.364372, 0.896806, -0.250943, -0.280056, -0.151470, -0.947959, -0.888145, 0.415688, 0.195964),
      ["RightUpperLeg"] = CFrame.new(0.123508, -0.186187, -0.052536, 0.946010, -0.027201, -0.322995, 0.213809, 0.801312, 0.558735, 0.243621, -0.597628, 0.763865)
    }},
    { Time = 0.467, Data = {
      ["Balls"] = CFrame.new(-0.000002, -0.000003, 0.000000, 0.999618, -0.027620, 0.000000, 0.027620, 0.999618, 0.000000, 0.000000, 0.000000, 1.000000),
      ["Cock"] = CFrame.new(0.000009, -0.000013, -0.000001, 0.493203, 0.869914, 0.000000, -0.869914, 0.493203, -0.000000, -0.000000, 0.000000, 1.000000),
      ["Head"] = CFrame.new(-0.000000, 0.068470, -0.015962, 1.000000, -0.000000, 0.000000, 0.000000, 0.977306, 0.211831, -0.000000, -0.211831, 0.977306),
      ["LeftUpperArm"] = CFrame.new(-0.086872, -0.438123, 0.116639, 0.938477, -0.330311, 0.100776, 0.287717, 0.586453, -0.757160, 0.190998, 0.739572, 0.645409),
      ["LeftUpperLeg"] = CFrame.new(-0.123510, -0.185594, -0.053266, 0.945995, 0.027227, 0.323036, -0.213653, 0.801803, 0.558091, -0.243816, -0.596969, 0.764318),
      ["LowerTorso"] = CFrame.new(-0.000001, -1.160821, -0.552085, 1.000000, 0.000000, 0.000000, 0.000000, -0.226249, -0.974070, 0.000000, 0.974070, -0.226249),
      ["RightUpperArm"] = CFrame.new(0.194382, -0.745498, -0.573098, 0.364451, 0.896780, -0.250920, -0.279693, -0.151597, -0.948046, -0.888227, 0.415696, 0.195574),
      ["RightUpperLeg"] = CFrame.new(0.123510, -0.185577, -0.053103, 0.946006, -0.027176, -0.323008, 0.213550, 0.801920, 0.557961, 0.243863, -0.596813, 0.764425)
    }},
    { Time = 0.483, Data = {
      ["Balls"] = CFrame.new(-0.000002, -0.000003, 0.000000, 0.999699, -0.024514, 0.000000, 0.024514, 0.999699, 0.000000, 0.000000, 0.000000, 1.000000),
      ["Cock"] = CFrame.new(0.000009, -0.000013, -0.000001, 0.493725, 0.869618, 0.000000, -0.869618, 0.493725, -0.000000, -0.000000, 0.000000, 1.000000),
      ["Head"] = CFrame.new(-0.000000, 0.068470, -0.015963, 1.000000, -0.000000, 0.000000, 0.000000, 0.976695, 0.214630, -0.000000, -0.214630, 0.976695),
      ["LeftUpperArm"] = CFrame.new(-0.086874, -0.438248, 0.116747, 0.938468, -0.330320, 0.100831, 0.287523, 0.585509, -0.757964, 0.191333, 0.740316, 0.644456),
      ["LeftUpperLeg"] = CFrame.new(-0.123506, -0.184413, -0.054550, 0.946002, 0.027226, 0.323016, -0.213235, 0.802792, 0.556826, -0.244154, -0.595637, 0.765249),
      ["LowerTorso"] = CFrame.new(-0.000001, -1.162852, -0.552809, 1.000000, 0.000000, 0.000000, 0.000000, -0.225067, -0.974343, 0.000000, 0.974343, -0.225067),
      ["RightUpperArm"] = CFrame.new(0.194385, -0.744392, -0.573550, 0.364390, 0.896791, -0.250969, -0.278929, -0.152021, -0.948203, -0.888492, 0.415518, 0.194747),
      ["RightUpperLeg"] = CFrame.new(0.123506, -0.184422, -0.054151, 0.946013, -0.027205, -0.322985, 0.213109, 0.803016, 0.556552, 0.244221, -0.595337, 0.765461)
    }},
    { Time = 0.500, Data = {
      ["Balls"] = CFrame.new(-0.000002, -0.000003, 0.000000, 0.999722, -0.023564, 0.000000, 0.023564, 0.999722, 0.000000, 0.000000, 0.000000, 1.000000),
      ["Cock"] = CFrame.new(0.000009, -0.000013, -0.000001, 0.494506, 0.869174, 0.000000, -0.869174, 0.494506, -0.000000, -0.000000, 0.000000, 1.000000),
      ["Head"] = CFrame.new(-0.000000, 0.068470, -0.015963, 1.000000, -0.000000, 0.000000, 0.000000, 0.976490, 0.215563, -0.000000, -0.215563, 0.976490),
      ["LeftUpperArm"] = CFrame.new(-0.086867, -0.438420, 0.116903, 0.938480, -0.330292, 0.100807, 0.287116, 0.584085, -0.759216, 0.191883, 0.741453, 0.642984),
