return {
  ["Astros Bouncing 2"] = {
    { Time = 0.000, Data = {
      ["Head"] = CFrame.new(0.000000, -0.000000, 0.000000, 0.979158, -0.067554, 0.191536, -0.062837, 0.796030, 0.601986, -0.193135, -0.601475, 0.775194),
      ["LeftUpperArm"] = CFrame.new(0.074187, -0.066725, 0.553653, 0.927439, -0.252707, 0.275674, 0.179350, 0.947397, 0.265088, -0.328162, -0.196411, 0.923976),
      ["LeftUpperLeg"] = CFrame.new(-0.222747, 0.297085, -0.389299, 0.829968, 0.386329, 0.402372, -0.535974, 0.752174, 0.383361, -0.154550, -0.533838, 0.831343),
      ["LowerTorso"] = CFrame.new(0.043881, -0.766783, -0.774821, -0.986709, 0.070808, 0.146259, -0.000033, 0.899982, -0.435926, -0.162498, -0.430137, -0.888018),
      ["RightUpperArm"] = CFrame.new(-0.056239, -0.139821, 0.298774, 0.961487, 0.069494, -0.265919, -0.005035, 0.971798, 0.235759, 0.274804, -0.225341, 0.934722),
      ["RightUpperLeg"] = CFrame.new(0.365419, 0.237561, -0.501307, 0.941607, -0.268476, -0.203217, 0.332533, 0.836273, 0.435969, 0.052897, -0.478087, 0.876718),
      ["рҹҢ§пёҸрҹҳірҹ‘»рҹҸіпёҸвҖҚрҹҢҲрҹҳӮрҹ’һрҹҸҙвҖҚвҳ пёҸрҹҺёрҹҢ§пёҸрҹҳірҹ‘»рҹҸіпёҸвҖҚрҹҢҲрҹҳӮрҹ’һрҹҸҙвҖҚвҳ"] = CFrame.new(-0.000000, 0.000000, -0.000000, 0.947914, -0.318527, 0.000000, 0.318527, 0.947914, 0.000000, 0.000000, 0.000000, 1.000000)
    }},
    { Time = 0.017, Data = {
      ["Head"] = CFrame.new(-0.000000, 0.000000, 0.000000, 0.979155, -0.069458, 0.190870, -0.062801, 0.790141, 0.609699, -0.193163, -0.608977, 0.769308),
      ["LeftUpperArm"] = CFrame.new(0.073924, -0.067631, 0.553034, 0.927366, -0.252881, 0.275759, 0.179322, 0.947255, 0.265614, -0.328383, -0.196872, 0.923800),
      ["LeftUpperLeg"] = CFrame.new(-0.223006, 0.296596, -0.388994, 0.830028, 0.386175, 0.402396, -0.535837, 0.752303, 0.383300, -0.154703, -0.533768, 0.831360),
      ["LowerTorso"] = CFrame.new(0.043875, -0.766061, -0.775072, -0.986709, 0.070814, 0.146256, -0.000040, 0.899944, -0.436006, -0.162498, -0.430216, -0.887980),
      ["RightUpperArm"] = CFrame.new(-0.056036, -0.140684, 0.298107, 0.961416, 0.069582, -0.266153, -0.004944, 0.971697, 0.236178, 0.275054, -0.225750, 0.934549),
      ["RightUpperLeg"] = CFrame.new(0.365605, 0.236986, -0.501014, 0.941650, -0.268303, -0.203247, 0.332390, 0.836369, 0.435895, 0.053038, -0.478017, 0.876748),
      ["рҹҢ§пёҸрҹҳірҹ‘»рҹҸіпёҸвҖҚрҹҢҲрҹҳӮрҹ’һрҹҸҙвҖҚвҳ пёҸрҹҺёрҹҢ§пёҸрҹҳірҹ‘»рҹҸіпёҸвҖҚрҹҢҲрҹҳӮрҹ’һрҹҸҙвҖҚвҳ"] = CFrame.new(0.000000, 0.000000, 0.000000, 0.944229, -0.329290, 0.000000, 0.329290, 0.944229, 0.000000, 0.000000, 0.000000, 1.000000)
    }},
    { Time = 0.033, Data = {
      ["Head"] = CFrame.new(-0.000000, -0.000000, 0.000000, 0.979169, -0.071241, 0.190141, -0.062811, 0.784224, 0.617290, -0.193090, -0.616374, 0.763413),
      ["LeftUpperArm"] = CFrame.new(0.073177, -0.070339, 0.551151, 0.927187, -0.253248, 0.276026, 0.179058, 0.946846, 0.267248, -0.329034, -0.198364, 0.923249),
      ["LeftUpperLeg"] = CFrame.new(-0.223775, 0.295113, -0.387981, 0.830217, 0.385818, 0.402348, -0.535471, 0.752604, 0.383221, -0.154955, -0.533602, 0.831419),
      ["LowerTorso"] = CFrame.new(0.043758, -0.763820, -0.775673, -0.986706, 0.070930, 0.146221, 0.000007, 0.899748, -0.436409, -0.162517, -0.430606, -0.887787),
      ["RightUpperArm"] = CFrame.new(-0.055432, -0.143265, 0.296112, 0.961226, 0.069837, -0.266773, -0.004680, 0.971392, 0.237435, 0.275723, -0.226980, 0.934054),
      ["RightUpperLeg"] = CFrame.new(0.366165, 0.235246, -0.500029, 0.941774, -0.267889, -0.203219, 0.332006, 0.836546, 0.435848, 0.053243, -0.477940, 0.876777),
      ["рҹҢ§пёҸрҹҳірҹ‘»рҹҸіпёҸвҖҚрҹҢҲрҹҳӮрҹ’һрҹҸҙвҖҚвҳ пёҸрҹҺёрҹҢ§пёҸрҹҳірҹ‘»рҹҸіпёҸвҖҚрҹҢҲрҹҳӮрҹ’һрҹҸҙвҖҚвҳ"] = CFrame.new(-0.000000, 0.000000, -0.000000, 0.940477, -0.339856, 0.000000, 0.339856, 0.940477, 0.000000, 0.000000, 0.000000, 1.000000)
    }},
    { Time = 0.050, Data = {
      ["Head"] = CFrame.new(0.000000, 0.000000, 0.000000, 0.979164, -0.073023, 0.189488, -0.062827, 0.778397, 0.624621, -0.193108, -0.623511, 0.757590),
      ["LeftUpperArm"] = CFrame.new(0.071934, -0.074823, 0.548024, 0.926907, -0.253885, 0.276380, 0.178649, 0.946144, 0.269994, -0.330043, -0.200884, 0.922343),
      ["LeftUpperLeg"] = CFrame.new(-0.225016, 0.292723, -0.386348, 0.830595, 0.385104, 0.402252, -0.534738, 0.753206, 0.383063, -0.155460, -0.533269, 0.831538),
      ["LowerTorso"] = CFrame.new(0.043732, -0.760166, -0.776753, -0.986719, 0.070957, 0.146116, -0.000024, 0.899478, -0.436965, -0.162434, -0.431165, -0.887531),
      ["RightUpperArm"] = CFrame.new(-0.054414, -0.147538, 0.292808, 0.960936, 0.070336, -0.267684, -0.004336, 0.970877, 0.239540, 0.276736, -0.229022, 0.933256),
      ["RightUpperLeg"] = CFrame.new(0.367096, 0.232350, -0.498406, 0.941967, -0.267213, -0.203213, 0.331400, 0.836803, 0.435814, 0.053594, -0.477868, 0.876795),
      ["рҹҢ§пёҸрҹҳірҹ‘»рҹҸіпёҸвҖҚрҹҢҲрҹҳӮрҹ’һрҹҸҙвҖҚвҳ пёҸрҹҺёрҹҢ§пёҸрҹҳірҹ‘»рҹҸіпёҸвҖҚрҹҢҲрҹҳӮрҹ’һрҹҸҙвҖҚвҳ"] = CFrame.new(0.000000, -0.000000, -0.000000, 0.936666, -0.350225, 0.000000, 0.350225, 0.936666, 0.000000, 0.000000, 0.000000, 1.000000)
    }},
    { Time = 0.067, Data = {
      ["Head"] = CFrame.new(0.000000, 0.000000, 0.000000, 0.979158, -0.074766, 0.188836, -0.062809, 0.772724, 0.631627, -0.193143, -0.630324, 0.751923),
      ["LeftUpperArm"] = CFrame.new(0.070229, -0.081026, 0.543725, 0.926491, -0.254704, 0.277018, 0.178016, 0.945201, 0.273687, -0.331547, -0.204255, 0.921062),
      ["LeftUpperLeg"] = CFrame.new(-0.226741, 0.289391, -0.384053, 0.831101, 0.384205, 0.402067, -0.533768, 0.754020, 0.382813, -0.156088, -0.532767, 0.831743),
      ["LowerTorso"] = CFrame.new(0.043583, -0.755091, -0.778234, -0.986716, 0.071105, 0.146065, -0.000012, 0.899089, -0.437766, -0.162453, -0.431952, -0.887145),
      ["RightUpperArm"] = CFrame.new(-0.053010, -0.153453, 0.288248, 0.960501, 0.071003, -0.269065, -0.003816, 0.970170, 0.242396, 0.278249, -0.231795, 0.932120),
      ["RightUpperLeg"] = CFrame.new(0.368383, 0.228348, -0.496139, 0.942240, -0.266314, -0.203125, 0.330549, 0.837224, 0.435653, 0.054041, -0.477633, 0.876896),
      ["рҹҢ§пёҸрҹҳірҹ‘»рҹҸіпёҸвҖҚрҹҢҲрҹҳӮрҹ’һрҹҸҙвҖҚвҳ пёҸрҹҺёрҹҢ§пёҸрҹҳірҹ‘»рҹҸіпёҸвҖҚрҹҢҲрҹҳӮрҹ’һрҹҸҙвҖҚвҳ"] = CFrame.new(0.000000, 0.000000, -0.000000, 0.932894, -0.360152, 0.000000, 0.360152, 0.932894, 0.000000, 0.000000, 0.000000, 1.000000)
    }},
    { Time = 0.083, Data = {
      ["Head"] = CFrame.new(-0.000000, 0.000000, -0.000000, 0.979170, -0.076362, 0.188135, -0.062811, 0.767214, 0.638308, -0.193083, -0.636829, 0.746437),
      ["LeftUpperArm"] = CFrame.new(0.068057, -0.088894, 0.538268, 0.925974, -0.255785, 0.277751, 0.177246, 0.943967, 0.278405, -0.333400, -0.208566, 0.919426),
      ["LeftUpperLeg"] = CFrame.new(-0.228945, 0.285148, -0.381149, 0.831707, 0.383077, 0.401889, -0.532586, 0.755004, 0.382520, -0.156893, -0.532185, 0.831964),
      ["LowerTorso"] = CFrame.new(0.043415, -0.748650, -0.780083, -0.986713, 0.071274, 0.146004, -0.000022, 0.898583, -0.438804, -0.162472, -0.432977, -0.886642),
      ["RightUpperArm"] = CFrame.new(-0.051235, -0.160949, 0.282474, 0.959943, 0.071834, -0.270830, -0.003126, 0.969264, 0.246003, 0.280177, -0.235302, 0.930663),
      ["RightUpperLeg"] = CFrame.new(0.370016, 0.223274, -0.493273, 0.942582, -0.265143, -0.203072, 0.329478, 0.837683, 0.435582, 0.054619, -0.477480, 0.876944),
      ["рҹҢ§пёҸрҹҳірҹ‘»рҹҸіпёҸвҖҚрҹҢҲрҹҳӮрҹ’һрҹҸҙвҖҚвҳ пёҸрҹҺёрҹҢ§пёҸрҹҳірҹ‘»рҹҸіпёҸвҖҚрҹҢҲрҹҳӮрҹ’һрҹҸҙвҖҚвҳ"] = CFrame.new(-0.000000, 0.000000, -0.000000, 0.929208, -0.369558, 0.000000, 0.369558, 0.929208, 0.000000, 0.000000, 0.000000, 1.000000)
    }},
    { Time = 0.100, Data = {
      ["Head"] = CFrame.new(0.000000, 0.000000, -0.000000, 0.979163, -0.077941, 0.187521, -0.062799, 0.761936, 0.644600, -0.193120, -0.642945, 0.741166),
      ["LeftUpperArm"] = CFrame.new(0.065443, -0.098342, 0.531724, 0.925354, -0.257118, 0.278586, 0.176349, 0.942449, 0.284062, -0.335591, -0.213729, 0.917441),
      ["LeftUpperLeg"] = CFrame.new(-0.231577, 0.280086, -0.377698, 0.832457, 0.381664, 0.401682, -0.531108, 0.756242, 0.382129, -0.157924, -0.531442, 0.832243),
      ["LowerTorso"] = CFrame.new(0.043144, -0.740902, -0.782277, -0.986707, 0.071545, 0.145914, 0.000030, 0.897956, -0.440086, -0.162511, -0.434232, -0.886021),
      ["RightUpperArm"] = CFrame.new(-0.049086, -0.169949, 0.275540, 0.959280, 0.072906, -0.272885, -0.002358, 0.968148, 0.250369, 0.282446, -0.239530, 0.928897),
      ["RightUpperLeg"] = CFrame.new(0.371975, 0.217193, -0.489865, 0.942991, -0.263727, -0.203019, 0.328180, 0.838303, 0.435369, 0.055373, -0.477176, 0.877062),
      ["рҹҢ§пёҸрҹҳірҹ‘»рҹҸіпёҸвҖҚрҹҢҲрҹҳӮрҹ’һрҹҸҙвҖҚвҳ пёҸрҹҺёрҹҢ§пёҸрҹҳірҹ‘»рҹҸіпёҸвҖҚрҹҢҲрҹҳӮрҹ’һрҹҸҙвҖҚвҳ"] = CFrame.new(0.000000, 0.000000, -0.000000, 0.925623, -0.378447, 0.000000, 0.378447, 0.925623, 0.000000, 0.000000, 0.000000, 1.000000)
    }},
    { Time = 0.117, Data = {
      ["Head"] = CFrame.new(-0.000000, 0.000000, 0.000000, 0.979157, -0.079367, 0.186957, -0.062799, 0.757081, 0.650296, -0.193154, -0.648482, 0.736317),
      ["LeftUpperArm"] = CFrame.new(0.062413, -0.109271, 0.524172, 0.924629, -0.258695, 0.279532, 0.175334, 0.940653, 0.290570, -0.338111, -0.219658, 0.915113),
      ["LeftUpperLeg"] = CFrame.new(-0.234628, 0.274229, -0.373718, 0.833304, 0.380021, 0.401483, -0.529417, 0.757646, 0.381694, -0.159130, -0.530619, 0.832539),
      ["LowerTorso"] = CFrame.new(0.042963, -0.731971, -0.784838, -0.986718, 0.071726, 0.145754, 0.000003, 0.897252, -0.441520, -0.162447, -0.435655, -0.885334),
      ["RightUpperArm"] = CFrame.new(-0.046607, -0.180354, 0.267532, 0.958513, 0.074129, -0.275241, -0.001434, 0.966836, 0.255396, 0.285045, -0.244405, 0.926831),
      ["RightUpperLeg"] = CFrame.new(0.374238, 0.210177, -0.485941, 0.943465, -0.262048, -0.202989, 0.326660, 0.839000, 0.435168, 0.056273, -0.476875, 0.877168),
      ["рҹҢ§пёҸрҹҳірҹ‘»рҹҸіпёҸвҖҚрҹҢҲрҹҳӮрҹ’һрҹҸҙвҖҚвҳ пёҸрҹҺёрҹҢ§пёҸрҹҳірҹ‘»рҹҸіпёҸвҖҚрҹҢҲрҹҳӮрҹ’һрҹҸҙвҖҚвҳ"] = CFrame.new(0.000000, 0.000000, -0.000000, 0.922222, -0.386660, 0.000000, 0.386660, 0.922222, 0.000000, 0.000000, 0.000000, 1.000000)
    }},
    { Time = 0.133, Data = {
      ["Head"] = CFrame.new(0.000000, -0.000000, 0.000000, 0.979168, -0.080629, 0.186357, -0.062797, 0.752542, 0.655544, -0.193097, -0.653590, 0.731801),
      ["LeftUpperArm"] = CFrame.new(0.059041, -0.121554, 0.515693, 0.923836, -0.260341, 0.280623, 0.174043, 0.938623, 0.297818, -0.340933, -0.226295, 0.912445),
      ["LeftUpperLeg"] = CFrame.new(-0.238048, 0.267664, -0.369231, 0.834273, 0.378192, 0.401197, -0.527486, 0.759256, 0.381167, -0.160457, -0.529623, 0.832918),
      ["LowerTorso"] = CFrame.new(0.042666, -0.721938, -0.787743, -0.986711, 0.072023, 0.145651, 0.000026, 0.896464, -0.443117, -0.162485, -0.437225, -0.884552),
      ["RightUpperArm"] = CFrame.new(-0.043823, -0.192052, 0.258544, 0.957640, 0.075494, -0.277898, -0.000362, 0.965339, 0.260997, 0.287969, -0.249841, 0.924474),
      ["RightUpperLeg"] = CFrame.new(0.376785, 0.202281, -0.481498, 0.943989, -0.260207, -0.202921, 0.324978, 0.839747, 0.434987, 0.057216, -0.476568, 0.877274),
      ["рҹҢ§пёҸрҹҳірҹ‘»рҹҸіпёҸвҖҚрҹҢҲрҹҳӮрҹ’һрҹҸҙвҖҚвҳ пёҸрҹҺёрҹҢ§пёҸрҹҳірҹ‘»рҹҸіпёҸвҖҚрҹҢҲрҹҳӮрҹ’һрҹҸҙвҖҚвҳ"] = CFrame.new(-0.000000, 0.000000, -0.000000, 0.919093, -0.394040, 0.000000, 0.394040, 0.919093, 0.000000, 0.000000, 0.000000, 1.000000)
    }},
    { Time = 0.150, Data = {
      ["Head"] = CFrame.new(0.000000, 0.000000, -0.000000, 0.979162, -0.081761, 0.185895, -0.062826, 0.748512, 0.660139, -0.193118, -0.658062, 0.727777),
      ["LeftUpperArm"] = CFrame.new(0.055293, -0.135081, 0.506374, 0.922916, -0.262309, 0.281815, 0.172720, 0.936285, 0.305839, -0.344083, -0.233589, 0.909419),
      ["LeftUpperLeg"] = CFrame.new(-0.241815, 0.260430, -0.364259, 0.835322, 0.376210, 0.400877, -0.525402, 0.760945, 0.380677, -0.161831, -0.528610, 0.833296),
      ["LowerTorso"] = CFrame.new(0.042459, -0.710912, -0.790925, -0.986722, 0.072230, 0.145477, -0.000029, 0.895597, -0.444865, -0.162422, -0.438963, -0.883703),
      ["RightUpperArm"] = CFrame.new(-0.040761, -0.204920, 0.248662, 0.956656, 0.077007, -0.280855, 0.000866, 0.963649, 0.267171, 0.291219, -0.255834, 0.921814),
      ["RightUpperLeg"] = CFrame.new(0.379573, 0.193642, -0.476608, 0.944588, -0.258133, -0.202783, 0.323051, 0.840611, 0.434755, 0.058237, -0.476173, 0.877421),
      ["рҹҢ§пёҸрҹҳірҹ‘»рҹҸіпёҸвҖҚрҹҢҲрҹҳӮрҹ’һрҹҸҙвҖҚвҳ пёҸрҹҺёрҹҢ§пёҸрҹҳірҹ‘»рҹҸіпёҸвҖҚрҹҢҲрҹҳӮрҹ’һрҹҸҙвҖҚвҳ"] = CFrame.new(0.000000, 0.000000, -0.000000, 0.916221, -0.400674, 0.000000, 0.400674, 0.916221, 0.000000, 0.000000, 0.000000, 1.000000)
    }},
    { Time = 0.167, Data = {
      ["Head"] = CFrame.new(0.000000, 0.000000, -0.000000, 0.979156, -0.082814, 0.185461, -0.062777, 0.745004, 0.664099, -0.193166, -0.661899, 0.724276),
      ["LeftUpperArm"] = CFrame.new(0.051281, -0.149688, 0.496323, 0.921981, -0.264308, 0.283005, 0.171166, 0.933728, 0.314411, -0.347351, -0.241441, 0.906120),
      ["LeftUpperLeg"] = CFrame.new(-0.245874, 0.252652, -0.358937, 0.836464, 0.374016, 0.400550, -0.523094, 0.762837, 0.380068, -0.163403, -0.527439, 0.833731),
      ["LowerTorso"] = CFrame.new(0.042136, -0.698995, -0.794349, -0.986715, 0.072553, 0.145360, -0.000035, 0.894645, -0.446777, -0.162461, -0.440847, -0.882757),
      ["RightUpperArm"] = CFrame.new(-0.037456, -0.218819, 0.237996, 0.955610, 0.078639, -0.283946, 0.002218, 0.961776, 0.273830, 0.294626, -0.262304, 0.918908),
      ["RightUpperLeg"] = CFrame.new(0.382601, 0.184275, -0.471341, 0.945196, -0.255955, -0.202709, 0.321061, 0.841495, 0.434518, 0.059361, -0.475787, 0.877555),
      ["рҹҢ§пёҸрҹҳірҹ‘»рҹҸіпёҸвҖҚрҹҢҲрҹҳӮрҹ’һрҹҸҙвҖҚвҳ пёҸрҹҺёрҹҢ§пёҸрҹҳірҹ‘»рҹҸіпёҸвҖҚрҹҢҲрҹҳӮрҹ’һрҹҸҙвҖҚвҳ"] = CFrame.new(0.000000, 0.000000, -0.000000, 0.913729, -0.406324, 0.000000, 0.406324, 0.913729, 0.000000, 0.000000, 0.000000, 1.000000)
    }},
    { Time = 0.183, Data = {
      ["Head"] = CFrame.new(0.000000, -0.000000, 0.000000, 0.979169, -0.083589, 0.185046, -0.062767, 0.742094, 0.667351, -0.193104, -0.665064, 0.721388),
      ["LeftUpperArm"] = CFrame.new(0.046994, -0.165238, 0.485642, 0.920935, -0.266528, 0.284326, 0.169513, 0.930896, 0.323570, -0.350919, -0.249790, 0.902475),
      ["LeftUpperLeg"] = CFrame.new(-0.250219, 0.244348, -0.353283, 0.837613, 0.371719, 0.400286, -0.520725, 0.764762, 0.379453, -0.165073, -0.526274, 0.834138),
      ["LowerTorso"] = CFrame.new(0.041723, -0.686346, -0.798034, -0.986706, 0.072965, 0.145220, 0.000035, 0.893646, -0.448773, -0.162520, -0.442801, -0.881768),
      ["RightUpperArm"] = CFrame.new(-0.033920, -0.233594, 0.226694, 0.954471, 0.080466, -0.287247, 0.003600, 0.959754, 0.280818, 0.298283, -0.269067, 0.915768),
      ["RightUpperLeg"] = CFrame.new(0.385819, 0.174333, -0.465779, 0.945839, -0.253603, -0.202667, 0.318925, 0.842467, 0.434208, 0.060624, -0.475326, 0.877719),
      ["рҹҢ§пёҸрҹҳірҹ‘»рҹҸіпёҸвҖҚрҹҢҲрҹҳӮрҹ’һрҹҸҙвҖҚвҳ пёҸрҹҺёрҹҢ§пёҸрҹҳірҹ‘»рҹҸіпёҸвҖҚрҹҢҲрҹҳӮрҹ’һрҹҸҙвҖҚвҳ"] = CFrame.new(0.000000, 0.000000, -0.000000, 0.911637, -0.410997, 0.000000, 0.410997, 0.911637, 0.000000, 0.000000, 0.000000, 1.000000)
    }},
    { Time = 0.200, Data = {
      ["Head"] = CFrame.new(-0.000000, 0.000000, -0.000000, 0.979165, -0.084236, 0.184773, -0.062789, 0.739729, 0.669969, -0.193117, -0.667612, 0.719028),
      ["LeftUpperArm"] = CFrame.new(0.042507, -0.181545, 0.474481, 0.919852, -0.268831, 0.285662, 0.167749, 0.927872, 0.333037, -0.354588, -0.258426, 0.898601),
      ["LeftUpperLeg"] = CFrame.new(-0.254749, 0.235679, -0.347315, 0.838864, 0.369313, 0.399894, -0.518177, 0.766802, 0.378824, -0.166735, -0.524997, 0.834612),
      ["LowerTorso"] = CFrame.new(0.041402, -0.673060, -0.801824, -0.986713, 0.073287, 0.145009, 0.000027, 0.892565, -0.450918, -0.162476, -0.444923, -0.880708),
      ["RightUpperArm"] = CFrame.new(-0.030231, -0.249096, 0.214831, 0.953268, 0.082323, -0.290694, 0.005188, 0.957559, 0.288189, 0.302081, -0.276230, 0.912384),
      ["RightUpperLeg"] = CFrame.new(0.389190, 0.163916, -0.459884, 0.946513, -0.251182, -0.202536, 0.316690, 0.843417, 0.433999, 0.061810, -0.474927, 0.877852),
      ["рҹҢ§пёҸрҹҳірҹ‘»рҹҸіпёҸвҖҚрҹҢҲрҹҳӮрҹ’һрҹҸҙвҖҚвҳ пёҸрҹҺёрҹҢ§пёҸрҹҳірҹ‘»рҹҸіпёҸвҖҚрҹҢҲрҹҳӮрҹ’һрҹҸҙвҖҚвҳ"] = CFrame.new(-0.000000, -0.000000, -0.000000, 0.909923, -0.414777, 0.000000, 0.414777, 0.909923, 0.000000, 0.000000, 0.000000, 1.000000)
    }},
    { Time = 0.217, Data = {
      ["Head"] = CFrame.new(-0.000000, 0.000000, -0.000000, 0.979162, -0.084708, 0.184573, -0.062791, 0.738042, 0.671827, -0.193132, -0.669417, 0.717343),
      ["LeftUpperArm"] = CFrame.new(0.037843, -0.198448, 0.462941, 0.918711, -0.271300, 0.286994, 0.165953, 0.924625, 0.342823, -0.358370, -0.267328, 0.894487),
      ["LeftUpperLeg"] = CFrame.new(-0.259434, 0.226739, -0.341184, 0.840161, 0.366748, 0.399531, -0.515483, 0.768957, 0.378132, -0.168543, -0.523643, 0.835099),
      ["LowerTorso"] = CFrame.new(0.041073, -0.659306, -0.805740, -0.986720, 0.073615, 0.144794, 0.000012, 0.891439, -0.453140, -0.162433, -0.447121, -0.879601),
      ["RightUpperArm"] = CFrame.new(-0.026384, -0.265151, 0.202569, 0.951993, 0.084358, -0.294267, 0.006790, 0.955225, 0.295802, 0.306044, -0.283600, 0.908795),
      ["RightUpperLeg"] = CFrame.new(0.392687, 0.153132, -0.453823, 0.947194, -0.248665, -0.202457, 0.314389, 0.844427, 0.433707, 0.063112, -0.474455, 0.878014),
      ["рҹҢ§пёҸрҹҳірҹ‘»рҹҸіпёҸвҖҚрҹҢҲрҹҳӮрҹ’һрҹҸҙвҖҚвҳ пёҸрҹҺёрҹҢ§пёҸрҹҳірҹ‘»рҹҸіпёҸвҖҚрҹҢҲрҹҳӮрҹ’һрҹҸҙвҖҚвҳ"] = CFrame.new(0.000000, 0.000000, -0.000000, 0.908710, -0.417428, 0.000000, 0.417428, 0.908710, 0.000000, 0.000000, 0.000000, 1.000000)
    }},
    { Time = 0.233, Data = {
      ["Head"] = CFrame.new(0.000000, 0.000000, 0.000000, 0.979160, -0.085006, 0.184447, -0.062775, 0.737039, 0.672928, -0.193147, -0.670483, 0.716343),
      ["LeftUpperArm"] = CFrame.new(0.033091, -0.215756, 0.451139, 0.917552, -0.273760, 0.288364, 0.163971, 0.921214, 0.352816, -0.362232, -0.276444, 0.890150),
      ["LeftUpperLeg"] = CFrame.new(-0.264244, 0.217571, -0.334893, 0.841448, 0.364178, 0.399173, -0.512783, 0.771099, 0.377438, -0.170347, -0.522284, 0.835584),
      ["LowerTorso"] = CFrame.new(0.040726, -0.645261, -0.809800, -0.986713, 0.073963, 0.144661, -0.000023, 0.890307, -0.455360, -0.162473, -0.449313, -0.878476),
      ["RightUpperArm"] = CFrame.new(-0.022473, -0.281577, 0.190055, 0.950704, 0.086354, -0.297833, 0.008524, 0.952805, 0.303464, 0.309982, -0.291043, 0.905100),
      ["RightUpperLeg"] = CFrame.new(0.396261, 0.142120, -0.447620, 0.947893, -0.246067, -0.202361, 0.312005, 0.845456, 0.433425, 0.064435, -0.473978, 0.878176),
      ["рҹҢ§пёҸрҹҳірҹ‘»рҹҸіпёҸвҖҚрҹҢҲрҹҳӮрҹ’һрҹҸҙвҖҚвҳ пёҸрҹҺёрҹҢ§пёҸрҹҳірҹ‘»рҹҸіпёҸвҖҚрҹҢҲрҹҳӮрҹ’һрҹҸҙвҖҚвҳ"] = CFrame.new(0.000000, 0.000000, -0.000000, 0.907971, -0.419034, 0.000000, 0.419034, 0.907971, 0.000000, 0.000000, 0.000000, 1.000000)
    }},
    { Time = 0.250, Data = {
      ["Head"] = CFrame.new(-0.000000, 0.000000, -0.000000, 0.979160, -0.085049, 0.184427, -0.062820, 0.736726, 0.673267, -0.193133, -0.670821, 0.716030),
      ["LeftUpperArm"] = CFrame.new(0.028262, -0.233286, 0.439224, 0.916363, -0.276339, 0.289682, 0.162015, 0.917647, 0.362870, -0.366101, -0.285588, 0.885669),
      ["LeftUpperLeg"] = CFrame.new(-0.269119, 0.208288, -0.328520, 0.842726, 0.361604, 0.398818, -0.510078, 0.773230, 0.376744, -0.172146, -0.520920, 0.836067),
      ["LowerTorso"] = CFrame.new(0.040315, -0.631064, -0.813935, -0.986717, 0.074374, 0.144425, 0.000045, 0.889166, -0.457585, -0.162450, -0.451500, -0.877359),
      ["RightUpperArm"] = CFrame.new(-0.018483, -0.298209, 0.177391, 0.949368, 0.088505, -0.301443, 0.010249, 0.950263, 0.311281, 0.314000, -0.298609, 0.901242),
      ["RightUpperLeg"] = CFrame.new(0.399883, 0.130975, -0.441347, 0.948585, -0.243476, -0.202254, 0.309615, 0.846518, 0.433066, 0.065771, -0.473421, 0.878377),
      ["рҹҢ§пёҸрҹҳірҹ‘»рҹҸіпёҸвҖҚрҹҢҲрҹҳӮрҹ’һрҹҸҙвҖҚвҳ пёҸрҹҺёрҹҢ§пёҸрҹҳірҹ‘»рҹҸіпёҸвҖҚрҹҢҲрҹҳӮрҹ’һрҹҸҙвҖҚвҳ"] = CFrame.new(0.000000, 0.000000, -0.000000, 0.907711, -0.419595, 0.000000, 0.419595, 0.907711, 0.000000, 0.000000, 0.000000, 1.000000)
    }},
    { Time = 0.267, Data = {
      ["Head"] = CFrame.new(0.000000, 0.000000, 0.000000, 0.979160, -0.085006, 0.184447, -0.062775, 0.737039, 0.672928, -0.193147, -0.670483, 0.716343),
      ["LeftUpperArm"] = CFrame.new(0.023448, -0.250840, 0.427315, 0.915184, -0.278859, 0.290992, 0.159936, 0.913993, 0.372877, -0.369945, -0.294711, 0.881071),
      ["LeftUpperLeg"] = CFrame.new(-0.273979, 0.199050, -0.322168, 0.844033, 0.358970, 0.398433, -0.507283, 0.775431, 0.375992, -0.173988, -0.519468, 0.836589),
      ["LowerTorso"] = CFrame.new(0.039961, -0.616823, -0.817989, -0.986710, 0.074728, 0.144287, 0.000002, 0.887982, -0.459879, -0.162490, -0.453767, -0.876181),
      ["RightUpperArm"] = CFrame.new(-0.014488, -0.314852, 0.164755, 0.948013, 0.090676, -0.305040, 0.011997, 0.947681, 0.318993, 0.318006, -0.306069, 0.897326),
      ["RightUpperLeg"] = CFrame.new(0.403496, 0.119871, -0.435077, 0.949293, -0.240793, -0.202141, 0.307146, 0.847556, 0.432794, 0.067112, -0.472935, 0.878538),
      ["рҹҢ§пёҸрҹҳірҹ‘»рҹҸіпёҸвҖҚрҹҢҲрҹҳӮрҹ’һрҹҸҙвҖҚвҳ пёҸрҹҺёрҹҢ§пёҸрҹҳірҹ‘»рҹҸіпёҸвҖҚрҹҢҲрҹҳӮрҹ’һрҹҸҙвҖҚвҳ"] = CFrame.new(0.000000, 0.000000, -0.000000, 0.907971, -0.419034, 0.000000, 0.419034, 0.907971, 0.000000, 0.000000, 0.000000, 1.000000)
    }},
    { Time = 0.283, Data = {
      ["Head"] = CFrame.new(-0.000000, 0.000000, -0.000000, 0.979162, -0.084708, 0.184573, -0.062791, 0.738042, 0.671827, -0.193132, -0.669417, 0.717343),
      ["LeftUpperArm"] = CFrame.new(0.018680, -0.268232, 0.415538, 0.914024, -0.281377, 0.292210, 0.157851, 0.910262, 0.382762, -0.373688, -0.303728, 0.876417),
      ["LeftUpperLeg"] = CFrame.new(-0.278804, 0.189890, -0.315870, 0.845290, 0.356388, 0.398086, -0.504566, 0.777539, 0.375295, -0.175777, -0.518094, 0.837067),
      ["LowerTorso"] = CFrame.new(0.039634, -0.602761, -0.822052, -0.986717, 0.075055, 0.144070, -0.000013, 0.886832, -0.462092, -0.162448, -0.455956, -0.875051),
      ["RightUpperArm"] = CFrame.new(-0.010526, -0.331338, 0.152242, 0.946668, 0.092867, -0.308537, 0.013766, 0.945033, 0.326684, 0.321915, -0.313509, 0.893355),
      ["RightUpperLeg"] = CFrame.new(0.407093, 0.108822, -0.428861, 0.949945, -0.238271, -0.202068, 0.304836, 0.848537, 0.432504, 0.068409, -0.472453, 0.878697),
      ["рҹҢ§пёҸрҹҳірҹ‘»рҹҸіпёҸвҖҚрҹҢҲрҹҳӮрҹ’һрҹҸҙвҖҚвҳ пёҸрҹҺёрҹҢ§пёҸрҹҳірҹ‘»рҹҸіпёҸвҖҚрҹҢҲрҹҳӮрҹ’һрҹҸҙвҖҚвҳ"] = CFrame.new(0.000000, 0.000000, -0.000000, 0.908710, -0.417428, 0.000000, 0.417428, 0.908710, 0.000000, 0.000000, 0.000000, 1.000000)
    }},
    { Time = 0.300, Data = {
      ["Head"] = CFrame.new(0.000000, -0.000000, 0.000000, 0.979165, -0.084236, 0.184773, -0.062789, 0.739729, 0.669969, -0.193117, -0.667612, 0.719028),
      ["LeftUpperArm"] = CFrame.new(0.014011, -0.285257, 0.404063, 0.912856, -0.283864, 0.293456, 0.155793, 0.906552, 0.392291, -0.377390, -0.312387, 0.871775),
      ["LeftUpperLeg"] = CFrame.new(-0.283534, 0.180923, -0.309704, 0.846497, 0.353859, 0.397776, -0.501927, 0.779554, 0.374653, -0.177514, -0.516798, 0.837502),
      ["LowerTorso"] = CFrame.new(0.039294, -0.589018, -0.826062, -0.986711, 0.075395, 0.143938, -0.000041, 0.885717, -0.464225, -0.162489, -0.458062, -0.873943),
      ["RightUpperArm"] = CFrame.new(-0.006663, -0.347469, 0.140028, 0.945310, 0.094964, -0.312043, 0.015611, 0.942411, 0.334094, 0.325799, -0.320693, 0.889388),
      ["RightUpperLeg"] = CFrame.new(0.410596, 0.098084, -0.422807, 0.950614, -0.235666, -0.201977, 0.302443, 0.849536, 0.432224, 0.069726, -0.471965, 0.878856),
      ["рҹҢ§пёҸрҹҳірҹ‘»рҹҸіпёҸвҖҚрҹҢҲрҹҳӮрҹ’һрҹҸҙвҖҚвҳ пёҸрҹҺёрҹҢ§пёҸрҹҳірҹ‘»рҹҸіпёҸвҖҚрҹҢҲрҹҳӮрҹ’һрҹҸҙвҖҚвҳ"] = CFrame.new(-0.000000, -0.000000, -0.000000, 0.909923, -0.414777, 0.000000, 0.414777, 0.909923, 0.000000, 0.000000, 0.000000, 1.000000)
    }},
    { Time = 0.317, Data = {
      ["Head"] = CFrame.new(0.000000, -0.000000, 0.000000, 0.979169, -0.083589, 0.185046, -0.062767, 0.742094, 0.667351, -0.193104, -0.665064, 0.721388),
      ["LeftUpperArm"] = CFrame.new(0.009510, -0.301740, 0.392957, 0.911758, -0.286222, 0.294575, 0.153704, 0.902860, 0.401521, -0.380884, -0.320813, 0.867183),
      ["LeftUpperLeg"] = CFrame.new(-0.288096, 0.172277, -0.303731, 0.847683, 0.351444, 0.397393, -0.499333, 0.781560, 0.373940, -0.179168, -0.515414, 0.838002),
      ["LowerTorso"] = CFrame.new(0.038891, -0.575689, -0.829872, -0.986714, 0.075798, 0.143702, 0.000034, 0.884594, -0.466362, -0.162467, -0.460161, -0.872844),
      ["RightUpperArm"] = CFrame.new(-0.002903, -0.363076, 0.128231, 0.944017, 0.097090, -0.315286, 0.017316, 0.939812, 0.341253, 0.329442, -0.327608, 0.885517),
      ["RightUpperLeg"] = CFrame.new(0.413998, 0.087665, -0.416955, 0.951227, -0.233222, -0.201926, 0.300210, 0.850479, 0.431926, 0.071000, -0.471480, 0.879014),
      ["рҹҢ§пёҸрҹҳірҹ‘»рҹҸіпёҸвҖҚрҹҢҲрҹҳӮрҹ’һрҹҸҙвҖҚвҳ пёҸрҹҺёрҹҢ§пёҸрҹҳірҹ‘»рҹҸіпёҸвҖҚрҹҢҲрҹҳӮрҹ’һрҹҸҙвҖҚвҳ"] = CFrame.new(0.000000, 0.000000, -0.000000, 0.911637, -0.410997, 0.000000, 0.410997, 0.911637, 0.000000, 0.000000, 0.000000, 1.000000)
    }},
    { Time = 0.333, Data = {
      ["Head"] = CFrame.new(0.000000, 0.000000, -0.000000, 0.979156, -0.082814, 0.185461, -0.062777, 0.745004, 0.664099, -0.193166, -0.661899, 0.724276),
      ["LeftUpperArm"] = CFrame.new(0.005181, -0.317501, 0.382371, 0.910663, -0.288601, 0.295639, 0.151766, 0.899221, 0.410327, -0.384266, -0.328802, 0.862687),
      ["LeftUpperLeg"] = CFrame.new(-0.292448, 0.164042, -0.298032, 0.848819, 0.349065, 0.397063, -0.496826, 0.783434, 0.373357, -0.180747, -0.514184, 0.838418),
      ["LowerTorso"] = CFrame.new(0.038563, -0.562998, -0.833567, -0.986708, 0.076125, 0.143575, 0.000020, 0.883551, -0.468334, -0.162508, -0.462106, -0.871808),
      ["RightUpperArm"] = CFrame.new(0.000674, -0.377986, 0.116974, 0.942770, 0.099074, -0.318384, 0.019045, 0.937280, 0.348056, 0.332898, -0.334200, 0.881753),
      ["RightUpperLeg"] = CFrame.new(0.417240, 0.077743, -0.411347, 0.951823, -0.230879, -0.201814, 0.298036, 0.851392, 0.431632, 0.072168, -0.470985, 0.879184),
      ["рҹҢ§пёҸрҹҳірҹ‘»рҹҸіпёҸвҖҚрҹҢҲрҹҳӮрҹ’һрҹҸҙвҖҚвҳ пёҸрҹҺёрҹҢ§пёҸрҹҳірҹ‘»рҹҸіпёҸвҖҚрҹҢҲрҹҳӮрҹ’һрҹҸҙвҖҚвҳ"] = CFrame.new(0.000000, 0.000000, -0.000000, 0.913729, -0.406324, 0.000000, 0.406324, 0.913729, 0.000000, 0.000000, 0.000000, 1.000000)
    }},
    { Time = 0.350, Data = {
      ["Head"] = CFrame.new(0.000000, 0.000000, 0.000000, 0.979162, -0.081761, 0.185895, -0.062826, 0.748512, 0.660139, -0.193118, -0.658062, 0.727777),
      ["LeftUpperArm"] = CFrame.new(0.001119, -0.332347, 0.372427, 0.909641, -0.290793, 0.296635, 0.149874, 0.895755, 0.418521, -0.387415, -0.336246, 0.858398),
      ["LeftUpperLeg"] = CFrame.new(-0.296553, 0.156290, -0.292688, 0.849870, 0.346833, 0.396771, -0.494466, 0.785220, 0.372737, -0.182275, -0.512968, 0.838832),
      ["LowerTorso"] = CFrame.new(0.038264, -0.551028, -0.837008, -0.986714, 0.076425, 0.143369, 0.000034, 0.882546, -0.470226, -0.162467, -0.463974, -0.870823),
      ["RightUpperArm"] = CFrame.new(0.004051, -0.392031, 0.106385, 0.941569, 0.100982, -0.321327, 0.020696, 0.934851, 0.354436, 0.336185, -0.340376, 0.878137),
      ["RightUpperLeg"] = CFrame.new(0.420301, 0.068385, -0.406074, 0.952365, -0.228687, -0.201752, 0.296027, 0.852211, 0.431399, 0.073280, -0.470573, 0.879313),
      ["рҹҢ§пёҸрҹҳірҹ‘»рҹҸіпёҸвҖҚрҹҢҲрҹҳӮрҹ’һрҹҸҙвҖҚвҳ пёҸрҹҺёрҹҢ§пёҸрҹҳірҹ‘»рҹҸіпёҸвҖҚрҹҢҲрҹҳӮрҹ’һрҹҸҙвҖҚвҳ"] = CFrame.new(0.000000, 0.000000, -0.000000, 0.916221, -0.400674, 0.000000, 0.400674, 0.916221, 0.000000, 0.000000, 0.000000, 1.000000)
    }},
    { Time = 0.367, Data = {
      ["Head"] = CFrame.new(-0.000000, 0.000000, 0.000000, 0.979168, -0.080629, 0.186357, -0.062797, 0.752542, 0.655544, -0.193097, -0.653590, 0.731801),
      ["LeftUpperArm"] = CFrame.new(-0.002630, -0.346113, 0.363227, 0.908726, -0.292765, 0.297498, 0.148071, 0.892513, 0.426023, -0.390246, -0.343088, 0.854400),
      ["LeftUpperLeg"] = CFrame.new(-0.300380, 0.149078, -0.287744, 0.850797, 0.344808, 0.396550, -0.492337, 0.786841, 0.372136, -0.183706, -0.511848, 0.839204),
      ["LowerTorso"] = CFrame.new(0.038039, -0.539945, -0.840214, -0.986711, 0.076649, 0.143273, -0.000043, 0.881623, -0.471954, -0.162487, -0.465688, -0.869904),
      ["RightUpperArm"] = CFrame.new(0.007189, -0.405056, 0.096583, 0.940443, 0.102781, -0.324042, 0.022233, 0.932565, 0.360318, 0.339224, -0.346063, 0.874739),
      ["RightUpperLeg"] = CFrame.new(0.423125, 0.059757, -0.401177, 0.952890, -0.226597, -0.201628, 0.294078, 0.853001, 0.431170, 0.074287, -0.470152, 0.879454),
      ["рҹҢ§пёҸрҹҳірҹ‘»рҹҸіпёҸвҖҚрҹҢҲрҹҳӮрҹ’һрҹҸҙвҖҚвҳ пёҸрҹҺёрҹҢ§пёҸрҹҳірҹ‘»рҹҸіпёҸвҖҚрҹҢҲрҹҳӮрҹ’һрҹҸҙвҖҚвҳ"] = CFrame.new(-0.000000, 0.000000, -0.000000, 0.919093, -0.394040, 0.000000, 0.394040, 0.919093, 0.000000, 0.000000, 0.000000, 1.000000)
    }},
    { Time = 0.383, Data = {
      ["Head"] = CFrame.new(-0.000000, 0.000000, 0.000000, 0.979157, -0.079367, 0.186957, -0.062799, 0.757081, 0.650296, -0.193154, -0.648482, 0.736317),
      ["LeftUpperArm"] = CFrame.new(-0.006059, -0.358666, 0.354839, 0.907868, -0.294625, 0.298281, 0.146407, 0.889455, 0.432938, -0.392862, -0.349380, 0.850643),
      ["LeftUpperLeg"] = CFrame.new(-0.303850, 0.142537, -0.283223, 0.851668, 0.342919, 0.396318, -0.490358, 0.788296, 0.371671, -0.184963, -0.510878, 0.839519),
      ["LowerTorso"] = CFrame.new(0.037766, -0.529854, -0.843137, -0.986717, 0.076923, 0.143079, 0.000000, 0.880778, -0.473530, -0.162446, -0.467240, -0.869079),
      ["RightUpperArm"] = CFrame.new(0.010052, -0.416922, 0.087656, 0.939426, 0.104448, -0.326450, 0.023634, 0.930430, 0.365706, 0.341936, -0.351269, 0.871602),
      ["RightUpperLeg"] = CFrame.new(0.425709, 0.051871, -0.396727, 0.953341, -0.224741, -0.201573, 0.292374, 0.853676, 0.430992, 0.075216, -0.469817, 0.879554),
      ["рҹҢ§пёҸрҹҳірҹ‘»рҹҸіпёҸвҖҚрҹҢҲрҹҳӮрҹ’һрҹҸҙвҖҚвҳ пёҸрҹҺёрҹҢ§пёҸрҹҳірҹ‘»рҹҸіпёҸвҖҚрҹҢҲрҹҳӮрҹ’һрҹҸҙвҖҚвҳ"] = CFrame.new(0.000000, 0.000000, -0.000000, 0.922222, -0.386660, 0.000000, 0.386660, 0.922222, 0.000000, 0.000000, 0.000000, 1.000000)
    }},
    { Time = 0.400, Data = {
      ["Head"] = CFrame.new(0.000000, 0.000000, -0.000000, 0.979163, -0.077941, 0.187521, -0.062799, 0.761936, 0.644600, -0.193120, -0.642945, 0.741166),
      ["LeftUpperArm"] = CFrame.new(-0.009119, -0.369846, 0.347393, 0.907099, -0.296313, 0.298948, 0.144962, 0.886702, 0.439028, -0.395167, -0.354905, 0.847281),
      ["LeftUpperLeg"] = CFrame.new(-0.306936, 0.136721, -0.279192, 0.852445, 0.341280, 0.396062, -0.488586, 0.789629, 0.371173, -0.186068, -0.509915, 0.839860),
      ["LowerTorso"] = CFrame.new(0.037484, -0.520863, -0.845729, -0.986711, 0.077205, 0.142975, 0.000036, 0.880013, -0.474949, -0.162488, -0.468632, -0.868322),
      ["RightUpperArm"] = CFrame.new(0.012609, -0.427483, 0.079729, 0.938490, 0.105967, -0.328644, 0.024881, 0.928522, 0.370442, 0.344408, -0.355833, 0.868773),
      ["RightUpperLeg"] = CFrame.new(0.428020, 0.044826, -0.392786, 0.953719, -0.223128, -0.201577, 0.290914, 0.854279, 0.430786, 0.076082, -0.469491, 0.879653),
      ["рҹҢ§пёҸрҹҳірҹ‘»рҹҸіпёҸвҖҚрҹҢҲрҹҳӮрҹ’һрҹҸҙвҖҚвҳ пёҸрҹҺёрҹҢ§пёҸрҹҳірҹ‘»рҹҸіпёҸвҖҚрҹҢҲрҹҳӮрҹ’һрҹҸҙвҖҚвҳ"] = CFrame.new(0.000000, 0.000000, -0.000000, 0.925623, -0.378447, 0.000000, 0.378447, 0.925623, 0.000000, 0.000000, 0.000000, 1.000000)
    }},
    { Time = 0.417, Data = {
      ["Head"] = CFrame.new(-0.000000, 0.000000, -0.000000, 0.979170, -0.076362, 0.188135, -0.062811, 0.767214, 0.638308, -0.193083, -0.636829, 0.746437),
      ["LeftUpperArm"] = CFrame.new(-0.011755, -0.379520, 0.340969, 0.906441, -0.297730, 0.299534, 0.143678, 0.884328, 0.444207, -0.397141, -0.359611, 0.844369),
      ["LeftUpperLeg"] = CFrame.new(-0.309614, 0.131685, -0.275720, 0.853104, 0.339831, 0.395890, -0.487057, 0.790762, 0.370771, -0.187056, -0.509127, 0.840119),
      ["LowerTorso"] = CFrame.new(0.037305, -0.513106, -0.848013, -0.986707, 0.077384, 0.142901, 0.000011, 0.879377, -0.476126, -0.162509, -0.469795, -0.867688),
      ["RightUpperArm"] = CFrame.new(0.014805, -0.436629, 0.072869, 0.937703, 0.107217, -0.330482, 0.026017, 0.926855, 0.374518, 0.346463, -0.359784, 0.866325),
      ["RightUpperLeg"] = CFrame.new(0.430001, 0.038796, -0.389382, 0.954084, -0.221617, -0.201518, 0.289514, 0.854855, 0.430586, 0.076844, -0.469157, 0.879765),
      ["рҹҢ§пёҸрҹҳірҹ‘»рҹҸіпёҸвҖҚрҹҢҲрҹҳӮрҹ’һрҹҸҙвҖҚвҳ пёҸрҹҺёрҹҢ§пёҸрҹҳірҹ‘»рҹҸіпёҸвҖҚрҹҢҲрҹҳӮрҹ’һрҹҸҙвҖҚвҳ"] = CFrame.new(0.000000, 0.000000, -0.000000, 0.929208, -0.369558, 0.000000, 0.369558, 0.929208, 0.000000, 0.000000, 0.000000, 1.000000)
    }},
    { Time = 0.433, Data = {
      ["Head"] = CFrame.new(0.000000, 0.000000, -0.000000, 0.979158, -0.074766, 0.188836, -0.062809, 0.772724, 0.631627, -0.193143, -0.630324, 0.751923),
      ["LeftUpperArm"] = CFrame.new(-0.013968, -0.387599, 0.335606, 0.905876, -0.298969, 0.300012, 0.142625, 0.882292, 0.448574, -0.398808, -0.363563, 0.841887),
      ["LeftUpperLeg"] = CFrame.new(-0.311836, 0.127502, -0.272810, 0.853672, 0.338595, 0.395724, -0.485754, 0.791696, 0.370486, -0.187848, -0.508498, 0.840323),
      ["LowerTorso"] = CFrame.new(0.037159, -0.506617, -0.849876, -0.986717, 0.077529, 0.142752, 0.000021, 0.878824, -0.477147, -0.162447, -0.470806, -0.867152),
      ["RightUpperArm"] = CFrame.new(0.016644, -0.444260, 0.067143, 0.937032, 0.108293, -0.332031, 0.026972, 0.925433, 0.377950, 0.348201, -0.363106, 0.864239),
      ["RightUpperLeg"] = CFrame.new(0.431663, 0.033732, -0.386517, 0.954368, -0.220442, -0.201464, 0.288423, 0.855297, 0.430440, 0.077425, -0.468905, 0.879849),
      ["рҹҢ§пёҸрҹҳірҹ‘»рҹҸіпёҸвҖҚрҹҢҲрҹҳӮрҹ’һрҹҸҙвҖҚвҳ пёҸрҹҺёрҹҢ§пёҸрҹҳірҹ‘»рҹҸіпёҸвҖҚрҹҢҲрҹҳӮрҹ’һрҹҸҙвҖҚвҳ"] = CFrame.new(0.000000, 0.000000, -0.000000, 0.932894, -0.360152, 0.000000, 0.360152, 0.932894, 0.000000, 0.000000, 0.000000, 1.000000)
    }},
    { Time = 0.450, Data = {
      ["Head"] = CFrame.new(0.000000, 0.000000, 0.000000, 0.979164, -0.073023, 0.189488, -0.062827, 0.778397, 0.624621, -0.193108, -0.623511, 0.757590),
      ["LeftUpperArm"] = CFrame.new(-0.015710, -0.393982, 0.331367, 0.905423, -0.299931, 0.300416, 0.141743, 0.880663, 0.452041, -0.400147, -0.366707, 0.839886),
      ["LeftUpperLeg"] = CFrame.new(-0.313595, 0.124189, -0.270498, 0.854113, 0.337669, 0.395564, -0.484747, 0.792435, 0.370226, -0.188445, -0.507964, 0.840513),
      ["LowerTorso"] = CFrame.new(0.037012, -0.501504, -0.851371, -0.986714, 0.077677, 0.142696, 0.000032, 0.878396, -0.477933, -0.162468, -0.471579, -0.866728),
      ["RightUpperArm"] = CFrame.new(0.018097, -0.450278, 0.062644, 0.936510, 0.109144, -0.333222, 0.027692, 0.924332, 0.380583, 0.349546, -0.365648, 0.862624),
      ["RightUpperLeg"] = CFrame.new(0.432973, 0.029736, -0.384238, 0.954594, -0.219523, -0.201397, 0.287560, 0.855629, 0.430357, 0.077848, -0.468730, 0.879905),
      ["рҹҢ§пёҸрҹҳірҹ‘»рҹҸіпёҸвҖҚрҹҢҲрҹҳӮрҹ’һрҹҸҙвҖҚвҳ пёҸрҹҺёрҹҢ§пёҸрҹҳірҹ‘»рҹҸіпёҸвҖҚрҹҢҲрҹҳӮрҹ’һрҹҸҙвҖҚвҳ"] = CFrame.new(0.000000, 0.000000, -0.000000, 0.936666, -0.350225, 0.000000, 0.350225, 0.936666, 0.000000, 0.000000, 0.000000, 1.000000)
    }},
    { Time = 0.467, Data = {
      ["Head"] = CFrame.new(-0.000000, 0.000000, 0.000000, 0.979169, -0.071241, 0.190141, -0.062811, 0.784224, 0.617290, -0.193090, -0.616374, 0.763413),
      ["LeftUpperArm"] = CFrame.new(-0.016958, -0.398591, 0.328303, 0.905117, -0.300584, 0.300686, 0.141076, 0.879489, 0.454529, -0.401074, -0.368983, 0.838446),
      ["LeftUpperLeg"] = CFrame.new(-0.314861, 0.121814, -0.268854, 0.854439, 0.336934, 0.395487, -0.483985, 0.792977, 0.370062, -0.188926, -0.507606, 0.840621),
      ["LowerTorso"] = CFrame.new(0.036961, -0.497781, -0.852387, -0.986714, 0.077728, 0.142669, -0.000026, 0.878056, -0.478557, -0.162468, -0.472203, -0.866389),
      ["RightUpperArm"] = CFrame.new(0.019161, -0.454637, 0.059373, 0.936109, 0.109814, -0.334128, 0.028222, 0.923491, 0.382580, 0.350577, -0.367566, 0.861389),
      ["RightUpperLeg"] = CFrame.new(0.433923, 0.026847, -0.382619, 0.954750, -0.218849, -0.201387, 0.286941, 0.855892, 0.430248, 0.078207, -0.468566, 0.879960),
      ["рҹҢ§пёҸрҹҳірҹ‘»рҹҸіпёҸвҖҚрҹҢҲрҹҳӮрҹ’һрҹҸҙвҖҚвҳ пёҸрҹҺёрҹҢ§пёҸрҹҳірҹ‘»рҹҸіпёҸвҖҚрҹҢҲрҹҳӮрҹ’һрҹҸҙвҖҚвҳ"] = CFrame.new(0.000000, 0.000000, -0.000000, 0.940477, -0.339856, 0.000000, 0.339856, 0.940477, 0.000000, 0.000000, 0.000000, 1.000000)
    }},
    { Time = 0.483, Data = {
      ["Head"] = CFrame.new(0.000000, -0.000000, 0.000000, 0.979155, -0.069458, 0.190870, -0.062801, 0.790141, 0.609699, -0.193163, -0.608977, 0.769308),
      ["LeftUpperArm"] = CFrame.new(-0.017716, -0.401372, 0.326468, 0.904938, -0.300995, 0.300815, 0.140726, 0.878796, 0.455977, -0.401601, -0.370298, 0.837613),
      ["LeftUpperLeg"] = CFrame.new(-0.315643, 0.120342, -0.267846, 0.854601, 0.336585, 0.395434, -0.483595, 0.793288, 0.369905, -0.189189, -0.507351, 0.840716),
      ["LowerTorso"] = CFrame.new(0.036852, -0.495562, -0.853072, -0.986710, 0.077836, 0.142633, 0.000028, 0.877883, -0.478875, -0.162489, -0.472507, -0.866218),
      ["RightUpperArm"] = CFrame.new(0.019782, -0.457262, 0.057416, 0.935894, 0.110139, -0.334622, 0.028562, 0.923021, 0.383689, 0.351122, -0.368649, 0.860704),
      ["RightUpperLeg"] = CFrame.new(0.434494, 0.025110, -0.381632, 0.954851, -0.218430, -0.201363, 0.286550, 0.856046, 0.430202, 0.078407, -0.468480, 0.879988),
      ["рҹҢ§пёҸрҹҳірҹ‘»рҹҸіпёҸвҖҚрҹҢҲрҹҳӮрҹ’һрҹҸҙвҖҚвҳ пёҸрҹҺёрҹҢ§пёҸрҹҳірҹ‘»рҹҸіпёҸвҖҚрҹҢҲрҹҳӮрҹ’һрҹҸҙвҖҚвҳ"] = CFrame.new(0.000000, 0.000000, -0.000000, 0.944229, -0.329290, 0.000000, 0.329290, 0.944229, 0.000000, 0.000000, 0.000000, 1.000000)
    }},
    { Time = 0.500, Data = {
      ["Head"] = CFrame.new(0.000000, -0.000000, 0.000000, 0.979158, -0.067554, 0.191536, -0.062837, 0.796030, 0.601986, -0.193135, -0.601475, 0.775194),
      ["LeftUpperArm"] = CFrame.new(-0.017967, -0.402311, 0.325833, 0.904874, -0.301124, 0.300877, 0.140557, 0.878533, 0.456534, -0.401804, -0.370816, 0.837287),
      ["LeftUpperLeg"] = CFrame.new(-0.315908, 0.119857, -0.267538, 0.854650, 0.336427, 0.395462, -0.483451, 0.793404, 0.369843, -0.189336, -0.507273, 0.840729),
      ["LowerTorso"] = CFrame.new(0.036840, -0.494793, -0.853248, -0.986711, 0.077849, 0.142626, 0.000014, 0.877798, -0.479031, -0.162489, -0.472663, -0.866134),
      ["RightUpperArm"] = CFrame.new(0.019994, -0.458143, 0.056755, 0.935802, 0.110263, -0.334839, 0.028692, 0.922852, 0.384084, 0.351357, -0.369034, 0.860443),
      ["RightUpperLeg"] = CFrame.new(0.434686, 0.024535, -0.381330, 0.954884, -0.218246, -0.201407, 0.286407, 0.856092, 0.430207, 0.078532, -0.468483, 0.879975),
      ["рҹҢ§пёҸрҹҳірҹ‘»рҹҸіпёҸвҖҚрҹҢҲрҹҳӮрҹ’һрҹҸҙвҖҚвҳ пёҸрҹҺёрҹҢ§пёҸрҹҳірҹ‘»рҹҸіпёҸвҖҚрҹҢҲрҹҳӮрҹ’һрҹҸҙвҖҚвҳ"] = CFrame.new(-0.000000, 0.000000, -0.000000, 0.947914, -0.318527, 0.000000, 0.318527, 0.947914, 0.000000, 0.000000, 0.000000, 1.000000)
    }},
    { Time = 0.517, Data = {
      ["Head"] = CFrame.new(-0.000000, 0.000000, -0.000000, 0.979160, -0.065728, 0.192161, -0.062795, 0.801834, 0.594238, -0.193139, -0.593920, 0.780997),
      ["LeftUpperArm"] = CFrame.new(-0.017716, -0.401373, 0.326468, 0.904938, -0.300995, 0.300815, 0.140726, 0.878796, 0.455977, -0.401601, -0.370298, 0.837613),
      ["LeftUpperLeg"] = CFrame.new(-0.315643, 0.120342, -0.267846, 0.854601, 0.336585, 0.395434, -0.483595, 0.793288, 0.369905, -0.189189, -0.507351, 0.840716),
      ["LowerTorso"] = CFrame.new(0.036852, -0.495562, -0.853072, -0.986710, 0.077836, 0.142633, 0.000028, 0.877883, -0.478875, -0.162489, -0.472507, -0.866218),
      ["RightUpperArm"] = CFrame.new(0.019782, -0.457262, 0.057416, 0.935894, 0.110139, -0.334622, 0.028562, 0.923021, 0.383689, 0.351122, -0.368649, 0.860704),
      ["RightUpperLeg"] = CFrame.new(0.434494, 0.025110, -0.381632, 0.954851, -0.218430, -0.201363, 0.286550, 0.856046, 0.430202, 0.078407, -0.468480, 0.879988),
      ["рҹҢ§пёҸрҹҳірҹ‘»рҹҸіпёҸвҖҚрҹҢҲрҹҳӮрҹ’һрҹҸҙвҖҚвҳ пёҸрҹҺёрҹҢ§пёҸрҹҳірҹ‘»рҹҸіпёҸвҖҚрҹҢҲрҹҳӮрҹ’һрҹҸҙвҖҚвҳ"] = CFrame.new(0.000000, 0.000000, -0.000000, 0.951500, -0.307650, 0.000000, 0.307650, 0.951500, 0.000000, 0.000000, 0.000000, 1.000000)
    }},
    { Time = 0.533, Data = {
