return {
  ["Astros missionary 2"] = {
    { Time = 0.000, Data = {
      ["Head"] = CFrame.new(0.000000, 0.075795, -0.011388, 1.000000, -0.000000, 0.000000, 0.000000, 0.988901, 0.148578, -0.000000, -0.148578, 0.988901),
      ["LeftUpperArm"] = CFrame.new(0.013922, -0.241551, 0.135667, 0.992986, -0.101465, -0.060691, -0.109692, -0.982167, -0.152697, -0.044115, 0.158283, -0.986408),
      ["LeftUpperLeg"] = CFrame.new(-0.292315, 0.173777, -0.119200, 0.852749, 0.383262, 0.354866, 0.329438, 0.132570, -0.934824, -0.405327, 0.914077, -0.013212),
      ["LowerTorso"] = CFrame.new(0.000827, -1.406418, 0.534205, -0.999999, -0.001694, 0.000255, 0.000012, -0.155436, -0.987846, 0.001713, -0.987845, 0.155435),
      ["RightUpperArm"] = CFrame.new(-0.013922, -0.241551, 0.135667, 0.992986, 0.101465, 0.060691, 0.109692, -0.982167, -0.152697, 0.044115, 0.158283, -0.986408),
      ["RightUpperLeg"] = CFrame.new(0.292322, 0.173795, -0.119180, 0.852749, -0.383262, -0.354866, -0.329438, 0.132570, -0.934824, 0.405327, 0.914077, -0.013212),
      ["­¤ī¦’ĖÅ­¤ś│­¤æ╗­¤Å│’ĖÅŌĆŹ­¤īł­¤śé­¤Æ×­¤Å┤ŌĆŹŌśĀ’ĖÅ­¤ÄĖ­¤ī¦’ĖÅ­¤ś│­¤æ╗­¤Å│’ĖÅŌĆŹ­¤īł­¤śé­¤Æ×­¤Å┤ŌĆŹŌś"] = CFrame.new(0.026767, -0.080321, 0.010226, 0.925155, -0.232802, -0.299819, 0.190192, 0.967845, -0.164629, 0.328504, 0.095285, 0.939684)
    }},
    { Time = 0.017, Data = {
      ["Head"] = CFrame.new(0.000000, 0.075795, -0.011388, 1.000000, -0.000000, 0.000000, 0.000000, 0.988888, 0.148663, -0.000000, -0.148663, 0.988888),
      ["LeftUpperArm"] = CFrame.new(0.013922, -0.241556, 0.135667, 0.992986, -0.101465, -0.060691, -0.109692, -0.982167, -0.152697, -0.044115, 0.158283, -0.986408),
      ["LeftUpperLeg"] = CFrame.new(-0.292313, 0.173807, -0.119172, 0.852752, 0.383201, 0.354923, 0.329499, 0.132573, -0.934802, -0.405270, 0.914101, -0.013212),
      ["LowerTorso"] = CFrame.new(0.000827, -1.406427, 0.534202, -0.999999, -0.001694, 0.000255, 0.000012, -0.155436, -0.987846, 0.001713, -0.987845, 0.155435),
      ["RightUpperArm"] = CFrame.new(-0.013922, -0.241556, 0.135667, 0.992986, 0.101465, 0.060691, 0.109692, -0.982167, -0.152697, 0.044115, 0.158283, -0.986408),
      ["RightUpperLeg"] = CFrame.new(0.292320, 0.173825, -0.119152, 0.852752, -0.383201, -0.354923, -0.329499, 0.132573, -0.934802, 0.405270, 0.914101, -0.013212)
    }},
    { Time = 0.033, Data = {
      ["Head"] = CFrame.new(0.000000, 0.075795, -0.011388, 1.000000, -0.000000, 0.000000, 0.000000, 0.988823, 0.149091, -0.000000, -0.149091, 0.988823),
      ["LeftUpperArm"] = CFrame.new(0.013922, -0.241601, 0.135648, 0.992986, -0.101468, -0.060686, -0.109690, -0.982180, -0.152612, -0.044120, 0.158198, -0.986421),
      ["LeftUpperLeg"] = CFrame.new(-0.292312, 0.173875, -0.119113, 0.852756, 0.383206, 0.354910, 0.329634, 0.132235, -0.934802, -0.405153, 0.914148, -0.013553),
      ["LowerTorso"] = CFrame.new(0.000827, -1.406600, 0.534189, -0.999999, -0.001694, 0.000255, 0.000011, -0.155324, -0.987864, 0.001713, -0.987862, 0.155323),
      ["RightUpperArm"] = CFrame.new(-0.013922, -0.241601, 0.135648, 0.992986, 0.101468, 0.060686, 0.109690, -0.982180, -0.152612, 0.044120, 0.158198, -0.986421),
      ["RightUpperLeg"] = CFrame.new(0.292319, 0.173893, -0.119094, 0.852756, -0.383206, -0.354910, -0.329634, 0.132235, -0.934802, 0.405153, 0.914148, -0.013553)
    }},
    { Time = 0.050, Data = {
      ["Head"] = CFrame.new(0.000000, 0.075795, -0.011388, 1.000000, -0.000000, 0.000000, 0.000000, 0.988733, 0.149691, -0.000000, -0.149691, 0.988733),
      ["LeftUpperArm"] = CFrame.new(0.013920, -0.241721, 0.135613, 0.992986, -0.101473, -0.060677, -0.109687, -0.982207, -0.152441, -0.044129, 0.158027, -0.986448),
      ["LeftUpperLeg"] = CFrame.new(-0.292310, 0.173967, -0.119034, 0.852759, 0.383254, 0.354850, 0.329819, 0.131670, -0.934817, -0.404996, 0.914209, -0.014122),
      ["LowerTorso"] = CFrame.new(0.000826, -1.406882, 0.534121, -0.999999, -0.001694, 0.000255, 0.000011, -0.155212, -0.987881, 0.001713, -0.987880, 0.155211),
      ["RightUpperArm"] = CFrame.new(-0.013920, -0.241721, 0.135613, 0.992986, 0.101473, 0.060677, 0.109687, -0.982207, -0.152441, 0.044129, 0.158027, -0.986448),
      ["RightUpperLeg"] = CFrame.new(0.292317, 0.173985, -0.119015, 0.852759, -0.383254, -0.354850, -0.329819, 0.131670, -0.934817, 0.404996, 0.914209, -0.014122)
    }},
    { Time = 0.067, Data = {
      ["Head"] = CFrame.new(0.000000, 0.075795, -0.011388, 1.000000, -0.000000, 0.000000, 0.000000, 0.988590, 0.150632, -0.000000, -0.150632, 0.988590),
      ["LeftUpperArm"] = CFrame.new(0.013919, -0.241953, 0.135543, 0.992982, -0.101477, -0.060746, -0.109686, -0.982261, -0.152095, -0.044234, 0.157690, -0.986498),
      ["LeftUpperLeg"] = CFrame.new(-0.292305, 0.174133, -0.118890, 0.852769, 0.383204, 0.354881, 0.330150, 0.130998, -0.934794, -0.404705, 0.914327, -0.014804),
      ["LowerTorso"] = CFrame.new(0.000826, -1.407661, 0.534026, -0.999999, -0.001694, 0.000254, 0.000011, -0.154763, -0.987952, 0.001713, -0.987950, 0.154762),
      ["RightUpperArm"] = CFrame.new(-0.013919, -0.241953, 0.135543, 0.992982, 0.101477, 0.060746, 0.109686, -0.982261, -0.152095, 0.044234, 0.157690, -0.986498),
      ["RightUpperLeg"] = CFrame.new(0.292312, 0.174151, -0.118870, 0.852769, -0.383204, -0.354881, -0.330150, 0.130998, -0.934794, 0.404705, 0.914327, -0.014804)
    }},
    { Time = 0.083, Data = {
      ["Head"] = CFrame.new(0.000000, 0.075795, -0.011388, 1.000000, -0.000000, 0.000000, 0.000000, 0.988407, 0.151830, -0.000000, -0.151830, 0.988407),
      ["LeftUpperArm"] = CFrame.new(0.013914, -0.242341, 0.135395, 0.992982, -0.101498, -0.060711, -0.109670, -0.982368, -0.151412, -0.044272, 0.157007, -0.986605),
      ["LeftUpperLeg"] = CFrame.new(-0.292300, 0.174336, -0.118713, 0.852778, 0.383219, 0.354841, 0.330556, 0.129983, -0.934793, -0.404354, 0.914466, -0.015828),
      ["LowerTorso"] = CFrame.new(0.000825, -1.408762, 0.533844, -0.999999, -0.001695, 0.000254, 0.000010, -0.154201, -0.988039, 0.001713, -0.988038, 0.154201),
      ["RightUpperArm"] = CFrame.new(-0.013914, -0.242341, 0.135395, 0.992982, 0.101498, 0.060711, 0.109670, -0.982368, -0.151412, 0.044272, 0.157007, -0.986605),
      ["RightUpperLeg"] = CFrame.new(0.292307, 0.174353, -0.118694, 0.852778, -0.383219, -0.354841, -0.330556, 0.129983, -0.934793, 0.404354, 0.914466, -0.015828)
    }},
    { Time = 0.100, Data = {
      ["Head"] = CFrame.new(0.000000, 0.075795, -0.011388, 1.000000, -0.000000, 0.000000, 0.000000, 0.988195, 0.153199, -0.000000, -0.153199, 0.988195),
      ["LeftUpperArm"] = CFrame.new(0.013908, -0.242917, 0.135196, 0.992977, -0.101520, -0.060748, -0.109656, -0.982515, -0.150468, -0.044410, 0.156072, -0.986747),
      ["LeftUpperLeg"] = CFrame.new(-0.292293, 0.174581, -0.118499, 0.852791, 0.383195, 0.354835, 0.331047, 0.128858, -0.934775, -0.403925, 0.914635, -0.016967),
      ["LowerTorso"] = CFrame.new(0.000824, -1.410582, 0.533596, -0.999999, -0.001695, 0.000253, 0.000010, -0.153191, -0.988197, 0.001713, -0.988195, 0.153190),
      ["RightUpperArm"] = CFrame.new(-0.013908, -0.242917, 0.135196, 0.992977, 0.101520, 0.060748, 0.109656, -0.982515, -0.150468, 0.044410, 0.156072, -0.986747),
      ["RightUpperLeg"] = CFrame.new(0.292300, 0.174599, -0.118479, 0.852791, -0.383195, -0.354835, -0.331047, 0.128858, -0.934775, 0.403925, 0.914635, -0.016967)
    }},
    { Time = 0.117, Data = {
      ["Head"] = CFrame.new(0.000000, 0.075795, -0.011388, 1.000000, -0.000000, 0.000000, 0.000000, 0.987929, 0.154910, -0.000000, -0.154910, 0.987929),
      ["LeftUpperArm"] = CFrame.new(0.013920, -0.243722, 0.134923, 0.992986, -0.101474, -0.060675, -0.109541, -0.982723, -0.149189, -0.044488, 0.154789, -0.986946),
      ["LeftUpperLeg"] = CFrame.new(-0.292308, 0.174910, -0.118261, 0.852761, 0.383212, 0.354892, 0.331705, 0.127506, -0.934727, -0.403449, 0.914817, -0.018381),
      ["LowerTorso"] = CFrame.new(0.000823, -1.412947, 0.533223, -0.999999, -0.001695, 0.000252, 0.000009, -0.151955, -0.988388, 0.001713, -0.988386, 0.151954),
      ["RightUpperArm"] = CFrame.new(-0.013920, -0.243722, 0.134923, 0.992986, 0.101474, 0.060675, 0.109541, -0.982723, -0.149189, 0.044488, 0.154789, -0.986946),
      ["RightUpperLeg"] = CFrame.new(0.292315, 0.174928, -0.118242, 0.852761, -0.383212, -0.354892, -0.331705, 0.127506, -0.934727, 0.403449, 0.914817, -0.018381)
    }},
    { Time = 0.133, Data = {
      ["Head"] = CFrame.new(0.000000, 0.075795, -0.011388, 1.000000, -0.000000, 0.000000, 0.000000, 0.987632, 0.156792, -0.000000, -0.156792, 0.987632),
      ["LeftUpperArm"] = CFrame.new(0.013908, -0.244788, 0.134561, 0.992982, -0.101520, -0.060673, -0.109509, -0.982985, -0.147476, -0.044669, 0.153085, -0.987203),
      ["LeftUpperLeg"] = CFrame.new(-0.292300, 0.175235, -0.117977, 0.852776, 0.383216, 0.354849, 0.332355, 0.125925, -0.934710, -0.402881, 0.915034, -0.019977),
      ["LowerTorso"] = CFrame.new(0.000820, -1.416249, 0.532745, -0.999999, -0.001695, 0.000250, 0.000007, -0.150155, -0.988663, 0.001713, -0.988661, 0.150154),
      ["RightUpperArm"] = CFrame.new(-0.013908, -0.244788, 0.134561, 0.992982, 0.101520, 0.060673, 0.109509, -0.982985, -0.147476, 0.044669, 0.153085, -0.987203),
      ["RightUpperLeg"] = CFrame.new(0.292307, 0.175253, -0.117957, 0.852776, -0.383216, -0.354849, -0.332355, 0.125925, -0.934710, 0.402881, 0.915034, -0.019977)
    }},
    { Time = 0.150, Data = {
      ["Head"] = CFrame.new(0.000000, 0.075795, -0.011388, 1.000000, -0.000000, 0.000000, 0.000000, 0.987276, 0.159015, -0.000000, -0.159015, 0.987276),
      ["LeftUpperArm"] = CFrame.new(0.013916, -0.246161, 0.134090, 0.992982, -0.101489, -0.060724, -0.109385, -0.983330, -0.145248, -0.044971, 0.150871, -0.987530),
      ["LeftUpperLeg"] = CFrame.new(-0.292314, 0.175631, -0.117679, 0.852748, 0.383239, 0.354892, 0.333147, 0.124232, -0.934655, -0.402285, 0.915256, -0.021737),
      ["LowerTorso"] = CFrame.new(0.000818, -1.420314, 0.532106, -0.999999, -0.001695, 0.000249, 0.000005, -0.148015, -0.988985, 0.001713, -0.988984, 0.148015),
      ["RightUpperArm"] = CFrame.new(-0.013916, -0.246161, 0.134090, 0.992982, 0.101489, 0.060724, 0.109385, -0.983330, -0.145248, 0.044971, 0.150871, -0.987530),
      ["RightUpperLeg"] = CFrame.new(0.292321, 0.175649, -0.117659, 0.852748, -0.383239, -0.354892, -0.333147, 0.124232, -0.934655, 0.402285, 0.915256, -0.021737)
    }},
    { Time = 0.167, Data = {
      ["Head"] = CFrame.new(0.000000, 0.075795, -0.011388, 1.000000, -0.000000, 0.000000, 0.000000, 0.986888, 0.161408, -0.000000, -0.161408, 0.986888),
      ["LeftUpperArm"] = CFrame.new(0.013918, -0.247870, 0.133510, 0.992986, -0.101481, -0.060663, -0.109243, -0.983746, -0.142511, -0.045215, 0.148138, -0.987933),
      ["LeftUpperLeg"] = CFrame.new(-0.292303, 0.176066, -0.117296, 0.852770, 0.383212, 0.354870, 0.334016, 0.122197, -0.934613, -0.401519, 0.915542, -0.023793),
      ["LowerTorso"] = CFrame.new(0.000814, -1.425541, 0.531320, -0.999999, -0.001696, 0.000246, 0.000003, -0.145196, -0.989403, 0.001713, -0.989402, 0.145195),
      ["RightUpperArm"] = CFrame.new(-0.013918, -0.247870, 0.133510, 0.992986, 0.101481, 0.060663, 0.109243, -0.983746, -0.142511, 0.045215, 0.148138, -0.987933),
      ["RightUpperLeg"] = CFrame.new(0.292310, 0.176084, -0.117276, 0.852770, -0.383212, -0.354870, -0.334016, 0.122197, -0.934613, 0.401519, 0.915542, -0.023793)
    }},
    { Time = 0.183, Data = {
      ["Head"] = CFrame.new(0.000000, 0.075795, -0.011388, 1.000000, -0.000000, 0.000000, 0.000000, 0.986437, 0.164143, -0.000000, -0.164143, 0.986437),
      ["LeftUpperArm"] = CFrame.new(0.013918, -0.249958, 0.132782, 0.992981, -0.101482, -0.060739, -0.109097, -0.984253, -0.139079, -0.045668, 0.144730, -0.988417),
      ["LeftUpperLeg"] = CFrame.new(-0.292292, 0.176512, -0.116901, 0.852791, 0.383207, 0.354824, 0.334909, 0.120044, -0.934572, -0.400729, 0.915828, -0.025967),
      ["LowerTorso"] = CFrame.new(0.000810, -1.431871, 0.530340, -0.999999, -0.001696, 0.000243, -0.000000, -0.141806, -0.989894, 0.001713, -0.989893, 0.141806),
      ["RightUpperArm"] = CFrame.new(-0.013918, -0.249958, 0.132782, 0.992981, 0.101482, 0.060739, 0.109097, -0.984253, -0.139079, 0.045668, 0.144730, -0.988417),
      ["RightUpperLeg"] = CFrame.new(0.292298, 0.176530, -0.116881, 0.852791, -0.383207, -0.354824, -0.334909, 0.120044, -0.934572, 0.400729, 0.915828, -0.025967)
    }},
    { Time = 0.200, Data = {
      ["Head"] = CFrame.new(0.000000, 0.075795, -0.011388, 1.000000, -0.000000, 0.000000, 0.000000, 0.985949, 0.167047, -0.000000, -0.167047, 0.985949),
      ["LeftUpperArm"] = CFrame.new(0.013911, -0.252454, 0.131930, 0.992981, -0.101507, -0.060698, -0.108930, -0.984833, -0.135053, -0.046068, 0.140717, -0.988978),
      ["LeftUpperLeg"] = CFrame.new(-0.292301, 0.177084, -0.116443, 0.852771, 0.383206, 0.354874, 0.336053, 0.117550, -0.934479, -0.399813, 0.916152, -0.028534),
      ["LowerTorso"] = CFrame.new(0.000806, -1.439473, 0.529153, -0.999999, -0.001697, 0.000240, -0.000004, -0.137730, -0.990470, 0.001713, -0.990468, 0.137730),
      ["RightUpperArm"] = CFrame.new(-0.013911, -0.252454, 0.131930, 0.992981, 0.101507, 0.060698, 0.108930, -0.984833, -0.135053, 0.046068, 0.140717, -0.988978),
      ["RightUpperLeg"] = CFrame.new(0.292308, 0.177102, -0.116423, 0.852771, -0.383206, -0.354874, -0.336053, 0.117550, -0.934479, 0.399813, 0.916152, -0.028534)
    }},
    { Time = 0.217, Data = {
      ["Head"] = CFrame.new(0.000000, 0.075795, -0.011388, 1.000000, -0.000000, 0.000000, 0.000000, 0.985394, 0.170292, -0.000000, -0.170292, 0.985394),
      ["LeftUpperArm"] = CFrame.new(0.013922, -0.255400, 0.130912, 0.992986, -0.101465, -0.060698, -0.108663, -0.985508, -0.130252, -0.046602, 0.135934, -0.989621),
      ["LeftUpperLeg"] = CFrame.new(-0.292311, 0.177668, -0.115973, 0.852750, 0.383228, 0.354900, 0.337221, 0.114938, -0.934383, -0.398873, 0.916475, -0.031219),
      ["LowerTorso"] = CFrame.new(0.000800, -1.448408, 0.527720, -0.999999, -0.001697, 0.000236, -0.000008, -0.132963, -0.991121, 0.001713, -0.991120, 0.132962),
      ["RightUpperArm"] = CFrame.new(-0.013922, -0.255400, 0.130912, 0.992986, 0.101465, 0.060698, 0.108663, -0.985508, -0.130252, 0.046602, 0.135934, -0.989621),
      ["RightUpperLeg"] = CFrame.new(0.292318, 0.177686, -0.115953, 0.852750, -0.383228, -0.354900, -0.337221, 0.114938, -0.934383, 0.398873, 0.916475, -0.031219)
    }},
    { Time = 0.233, Data = {
      ["Head"] = CFrame.new(0.000000, 0.075795, -0.011388, 1.000000, -0.000000, 0.000000, 0.000000, 0.984782, 0.173792, -0.000000, -0.173792, 0.984782),
      ["LeftUpperArm"] = CFrame.new(0.013906, -0.258826, 0.129732, 0.992976, -0.101528, -0.060750, -0.108467, -0.986252, -0.124671, -0.047257, 0.130384, -0.990337),
      ["LeftUpperLeg"] = CFrame.new(-0.292298, 0.178235, -0.115465, 0.852775, 0.383217, 0.354851, 0.338354, 0.112205, -0.934305, -0.397858, 0.916818, -0.033977),
      ["LowerTorso"] = CFrame.new(0.000793, -1.458846, 0.526021, -0.999999, -0.001698, 0.000231, -0.000013, -0.127384, -0.991854, 0.001713, -0.991852, 0.127383),
      ["RightUpperArm"] = CFrame.new(-0.013906, -0.258826, 0.129732, 0.992976, 0.101528, 0.060750, 0.108467, -0.986252, -0.124671, 0.047257, 0.130384, -0.990337),
      ["RightUpperLeg"] = CFrame.new(0.292305, 0.178253, -0.115445, 0.852775, -0.383217, -0.354851, -0.338354, 0.112205, -0.934305, 0.397858, 0.916818, -0.033977)
    }},
    { Time = 0.250, Data = {
      ["Head"] = CFrame.new(0.000000, 0.075795, -0.011388, 1.000000, -0.000000, 0.000000, 0.000000, 0.984128, 0.177460, -0.000000, -0.177460, 0.984128),
      ["LeftUpperArm"] = CFrame.new(0.013904, -0.262771, 0.128346, 0.992976, -0.101534, -0.060749, -0.108160, -0.987088, -0.118147, -0.047969, 0.123887, -0.991136),
      ["LeftUpperLeg"] = CFrame.new(-0.292306, 0.178927, -0.114892, 0.852759, 0.383211, 0.354897, 0.339738, 0.109128, -0.934168, -0.396712, 0.917192, -0.037131),
      ["LowerTorso"] = CFrame.new(0.000785, -1.470963, 0.524033, -0.999999, -0.001699, 0.000225, -0.000018, -0.120872, -0.992668, 0.001713, -0.992667, 0.120871),
      ["RightUpperArm"] = CFrame.new(-0.013904, -0.262771, 0.128346, 0.992976, 0.101534, 0.060749, 0.108160, -0.987088, -0.118147, 0.047969, 0.123887, -0.991136),
      ["RightUpperLeg"] = CFrame.new(0.292312, 0.178945, -0.114872, 0.852759, -0.383211, -0.354897, -0.339738, 0.109128, -0.934168, 0.396712, 0.917192, -0.037131)
    }},
    { Time = 0.267, Data = {
      ["Head"] = CFrame.new(0.000000, 0.075795, -0.011388, 1.000000, -0.000000, 0.000000, 0.000000, 0.983397, 0.181468, -0.000000, -0.181468, 0.983397),
      ["LeftUpperArm"] = CFrame.new(0.013924, -0.266705, 0.126980, 0.992989, -0.101458, -0.060662, -0.107761, -0.987881, -0.111712, -0.048593, 0.117466, -0.991887),
      ["LeftUpperLeg"] = CFrame.new(-0.292290, 0.179601, -0.114281, 0.852788, 0.383172, 0.354869, 0.341086, 0.105929, -0.934045, -0.395490, 0.917583, -0.040360),
      ["LowerTorso"] = CFrame.new(0.000777, -1.483104, 0.522004, -0.999999, -0.001699, 0.000220, -0.000024, -0.114335, -0.993442, 0.001713, -0.993441, 0.114335),
      ["RightUpperArm"] = CFrame.new(-0.013924, -0.266705, 0.126980, 0.992989, 0.101458, 0.060662, 0.107761, -0.987881, -0.111712, 0.048593, 0.117466, -0.991887),
      ["RightUpperLeg"] = CFrame.new(0.292297, 0.179619, -0.114261, 0.852788, -0.383172, -0.354869, -0.341086, 0.105929, -0.934045, 0.395490, 0.917583, -0.040360)
    }},
    { Time = 0.283, Data = {
      ["Head"] = CFrame.new(0.000000, 0.075795, -0.011388, 1.000000, -0.000000, 0.000000, 0.000000, 0.982617, 0.185643, -0.000000, -0.185643, 0.982617),
      ["LeftUpperArm"] = CFrame.new(0.013906, -0.270102, 0.125797, 0.992979, -0.101523, -0.060716, -0.107556, -0.988519, -0.106121, -0.049245, 0.111907, -0.992498),
      ["LeftUpperLeg"] = CFrame.new(-0.292298, 0.180358, -0.113642, 0.852772, 0.383177, 0.354902, 0.342600, 0.102494, -0.933874, -0.394214, 0.917971, -0.043872),
      ["LowerTorso"] = CFrame.new(0.000835, -1.493486, 0.520194, -0.999998, -0.001764, 0.000157, 0.000036, -0.108812, -0.994062, 0.001771, -0.994061, 0.108811),
      ["RightUpperArm"] = CFrame.new(-0.013906, -0.270102, 0.125797, 0.992979, 0.101523, 0.060716, 0.107556, -0.988519, -0.106121, 0.049245, 0.111907, -0.992498),
      ["RightUpperLeg"] = CFrame.new(0.292304, 0.180376, -0.113622, 0.852772, -0.383177, -0.354902, -0.342600, 0.102494, -0.933874, 0.394214, 0.917971, -0.043872)
    }},
    { Time = 0.300, Data = {
      ["Head"] = CFrame.new(0.000000, 0.075795, -0.011388, 1.000000, -0.000000, 0.000000, 0.000000, 0.981770, 0.190072, -0.000000, -0.190072, 0.981770),
      ["LeftUpperArm"] = CFrame.new(0.013917, -0.273012, 0.124776, 0.992982, -0.101485, -0.060718, -0.107278, -0.989054, -0.101308, -0.049773, 0.107111, -0.993001),
      ["LeftUpperLeg"] = CFrame.new(-0.292305, 0.181138, -0.112980, 0.852755, 0.383229, 0.354886, 0.344161, 0.098821, -0.933696, -0.392889, 0.918352, -0.047622),
      ["LowerTorso"] = CFrame.new(0.000829, -1.502499, 0.518629, -0.999999, -0.001765, 0.000153, 0.000031, -0.103965, -0.994581, 0.001771, -0.994579, 0.103965),
      ["RightUpperArm"] = CFrame.new(-0.013917, -0.273012, 0.124776, 0.992982, 0.101485, 0.060718, 0.107278, -0.989054, -0.101308, 0.049773, 0.107111, -0.993001),
      ["RightUpperLeg"] = CFrame.new(0.292312, 0.181156, -0.112960, 0.852755, -0.383229, -0.354886, -0.344161, 0.098821, -0.933696, 0.392889, 0.918352, -0.047622)
    }},
    { Time = 0.317, Data = {
      ["Head"] = CFrame.new(0.000000, 0.075795, -0.011388, 1.000000, -0.000000, 0.000000, 0.000000, 0.980937, 0.194328, -0.000000, -0.194328, 0.980937),
      ["LeftUpperArm"] = CFrame.new(0.013909, -0.275470, 0.123897, 0.992982, -0.101516, -0.060675, -0.107097, -0.989488, -0.097181, -0.050172, 0.102997, -0.993415),
      ["LeftUpperLeg"] = CFrame.new(-0.292290, 0.181864, -0.112311, 0.852784, 0.383182, 0.354868, 0.345611, 0.095370, -0.933519, -0.391551, 0.918736, -0.051102),
      ["LowerTorso"] = CFrame.new(0.000824, -1.510191, 0.517291, -0.999998, -0.001765, 0.000149, 0.000027, -0.099800, -0.995008, 0.001771, -0.995006, 0.099800),
      ["RightUpperArm"] = CFrame.new(-0.013909, -0.275470, 0.123897, 0.992982, 0.101516, 0.060675, 0.107097, -0.989488, -0.097181, 0.050172, 0.102997, -0.993415),
      ["RightUpperLeg"] = CFrame.new(0.292297, 0.181882, -0.112291, 0.852784, -0.383182, -0.354868, -0.345611, 0.095370, -0.933519, 0.391551, 0.918736, -0.051102)
    }},
    { Time = 0.333, Data = {
      ["Head"] = CFrame.new(0.000000, 0.075795, -0.011388, 1.000000, -0.000000, 0.000000, 0.000000, 0.980153, 0.198240, -0.000000, -0.198240, 0.980153),
      ["LeftUpperArm"] = CFrame.new(0.013906, -0.277514, 0.123187, 0.992981, -0.101524, -0.060672, -0.106934, -0.989829, -0.093826, -0.050529, 0.099656, -0.993738),
      ["LeftUpperLeg"] = CFrame.new(-0.292300, 0.182563, -0.111715, 0.852763, 0.383209, 0.354889, 0.347009, 0.092142, -0.933324, -0.390359, 0.919054, -0.054402),
      ["LowerTorso"] = CFrame.new(0.000819, -1.516493, 0.516153, -0.999998, -0.001765, 0.000146, 0.000024, -0.096438, -0.995339, 0.001771, -0.995337, 0.096438),
      ["RightUpperArm"] = CFrame.new(-0.013906, -0.277514, 0.123187, 0.992981, 0.101524, 0.060672, 0.106934, -0.989829, -0.093826, 0.050529, 0.099656, -0.993738),
      ["RightUpperLeg"] = CFrame.new(0.292307, 0.182581, -0.111695, 0.852763, -0.383209, -0.354889, -0.347009, 0.092142, -0.933324, 0.390359, 0.919054, -0.054402)
    }},
    { Time = 0.350, Data = {
      ["Head"] = CFrame.new(0.000000, 0.075795, -0.011388, 1.000000, -0.000000, 0.000000, 0.000000, 0.979390, 0.201981, -0.000000, -0.201981, 0.979390),
      ["LeftUpperArm"] = CFrame.new(0.013908, -0.279187, 0.122582, 0.992981, -0.101516, -0.060695, -0.106784, -0.990111, -0.090986, -0.050858, 0.096829, -0.994001),
      ["LeftUpperLeg"] = CFrame.new(-0.292288, 0.183178, -0.111142, 0.852785, 0.383196, 0.354849, 0.348239, 0.089138, -0.933158, -0.389214, 0.919356, -0.057428),
      ["LowerTorso"] = CFrame.new(0.000816, -1.521689, 0.515214, -0.999998, -0.001765, 0.000144, 0.000022, -0.093651, -0.995605, 0.001771, -0.995604, 0.093650),
      ["RightUpperArm"] = CFrame.new(-0.013908, -0.279187, 0.122582, 0.992981, 0.101516, 0.060695, 0.106784, -0.990111, -0.090986, 0.050858, 0.096829, -0.994001),
      ["RightUpperLeg"] = CFrame.new(0.292295, 0.183195, -0.111122, 0.852785, -0.383196, -0.354849, -0.348239, 0.089138, -0.933158, 0.389214, 0.919356, -0.057428)
    }},
    { Time = 0.367, Data = {
      ["Head"] = CFrame.new(0.000000, 0.075795, -0.011388, 1.000000, -0.000000, 0.000000, 0.000000, 0.978683, 0.205379, -0.000000, -0.205379, 0.978683),
      ["LeftUpperArm"] = CFrame.new(0.013916, -0.280524, 0.122130, 0.992980, -0.101488, -0.060753, -0.106651, -0.990320, -0.088832, -0.051150, 0.094688, -0.994192),
      ["LeftUpperLeg"] = CFrame.new(-0.292301, 0.183809, -0.110603, 0.852760, 0.383221, 0.354883, 0.349501, 0.086245, -0.932958, -0.388136, 0.919621, -0.060389),
      ["LowerTorso"] = CFrame.new(0.000813, -1.525825, 0.514456, -0.999998, -0.001765, 0.000142, 0.000020, -0.091441, -0.995810, 0.001771, -0.995809, 0.091441),
      ["RightUpperArm"] = CFrame.new(-0.013916, -0.280524, 0.122130, 0.992980, 0.101488, 0.060753, 0.106651, -0.990320, -0.088832, 0.051150, 0.094688, -0.994192),
      ["RightUpperLeg"] = CFrame.new(0.292307, 0.183827, -0.110583, 0.852760, -0.383221, -0.354883, -0.349501, 0.086245, -0.932958, 0.388136, 0.919621, -0.060389)
    }},
    { Time = 0.383, Data = {
      ["Head"] = CFrame.new(0.000000, 0.075795, -0.011388, 1.000000, -0.000000, 0.000000, 0.000000, 0.978000, 0.208606, -0.000000, -0.208606, 0.978000),
      ["LeftUpperArm"] = CFrame.new(0.013925, -0.281567, 0.121743, 0.992984, -0.101453, -0.060743, -0.106522, -0.990494, -0.087026, -0.051336, 0.092886, -0.994352),
      ["LeftUpperLeg"] = CFrame.new(-0.292291, 0.184343, -0.110100, 0.852779, 0.383181, 0.354881, 0.350570, 0.083695, -0.932789, -0.387129, 0.919874, -0.062958),
      ["LowerTorso"] = CFrame.new(0.000811, -1.529073, 0.513863, -0.999999, -0.001766, 0.000140, 0.000018, -0.089695, -0.995969, 0.001771, -0.995968, 0.089695),
      ["RightUpperArm"] = CFrame.new(-0.013925, -0.281567, 0.121743, 0.992984, 0.101453, 0.060743, 0.106522, -0.990494, -0.087026, 0.051336, 0.092886, -0.994352),
      ["RightUpperLeg"] = CFrame.new(0.292297, 0.184361, -0.110080, 0.852779, -0.383181, -0.354881, -0.350570, 0.083695, -0.932789, 0.387129, 0.919874, -0.062958)
    }},
    { Time = 0.400, Data = {
      ["Head"] = CFrame.new(0.000000, 0.075795, -0.011388, 1.000000, -0.000000, 0.000000, 0.000000, 0.977380, 0.211491, -0.000000, -0.211491, 0.977380),
      ["LeftUpperArm"] = CFrame.new(0.013914, -0.282348, 0.121469, 0.992984, -0.101492, -0.060677, -0.106489, -0.990610, -0.085738, -0.051406, 0.091597, -0.994468),
      ["LeftUpperLeg"] = CFrame.new(-0.292305, 0.184865, -0.109660, 0.852748, 0.383237, 0.354894, 0.351614, 0.081257, -0.932612, -0.386249, 0.920069, -0.065460),
      ["LowerTorso"] = CFrame.new(0.000809, -1.531483, 0.513413, -0.999999, -0.001766, 0.000139, 0.000017, -0.088413, -0.996084, 0.001771, -0.996082, 0.088413),
      ["RightUpperArm"] = CFrame.new(-0.013915, -0.282348, 0.121469, 0.992984, 0.101492, 0.060677, 0.106489, -0.990610, -0.085738, 0.051406, 0.091597, -0.994468),
      ["RightUpperLeg"] = CFrame.new(0.292312, 0.184883, -0.109639, 0.852748, -0.383237, -0.354894, -0.351614, 0.081257, -0.932612, 0.386249, 0.920069, -0.065460)
    }},
    { Time = 0.417, Data = {
      ["Head"] = CFrame.new(0.000000, 0.075795, -0.011388, 1.000000, -0.000000, 0.000000, 0.000000, 0.976789, 0.214206, -0.000000, -0.214206, 0.976789),
      ["LeftUpperArm"] = CFrame.new(0.013908, -0.282908, 0.121268, 0.992979, -0.101517, -0.060715, -0.106468, -0.990695, -0.084788, -0.051542, 0.090657, -0.994548),
      ["LeftUpperLeg"] = CFrame.new(-0.292297, 0.185332, -0.109215, 0.852764, 0.383192, 0.354905, 0.352549, 0.079048, -0.932449, -0.385361, 0.920280, -0.067685),
      ["LowerTorso"] = CFrame.new(0.000808, -1.533223, 0.513092, -0.999999, -0.001766, 0.000138, 0.000017, -0.087481, -0.996166, 0.001771, -0.996165, 0.087480),
      ["RightUpperArm"] = CFrame.new(-0.013908, -0.282908, 0.121268, 0.992979, 0.101517, 0.060715, 0.106468, -0.990695, -0.084788, 0.051542, 0.090657, -0.994548),
      ["RightUpperLeg"] = CFrame.new(0.292304, 0.185350, -0.109195, 0.852764, -0.383192, -0.354905, -0.352549, 0.079048, -0.932449, 0.385361, 0.920280, -0.067685)
    }},
    { Time = 0.433, Data = {
      ["Head"] = CFrame.new(0.000000, 0.075795, -0.011388, 1.000000, -0.000000, 0.000000, 0.000000, 0.976265, 0.216580, -0.000000, -0.216580, 0.976265),
      ["LeftUpperArm"] = CFrame.new(0.013903, -0.283281, 0.121141, 0.992979, -0.101536, -0.060684, -0.106452, -0.990748, -0.084186, -0.051575, 0.090055, -0.994601),
      ["LeftUpperLeg"] = CFrame.new(-0.292291, 0.185716, -0.108851, 0.852775, 0.383220, 0.354847, 0.353316, 0.077067, -0.932324, -0.384632, 0.920436, -0.069677),
      ["LowerTorso"] = CFrame.new(0.000807, -1.534465, 0.512882, -0.999998, -0.001766, 0.000138, 0.000016, -0.086781, -0.996227, 0.001771, -0.996226, 0.086780),
      ["RightUpperArm"] = CFrame.new(-0.013903, -0.283281, 0.121141, 0.992979, 0.101536, 0.060684, 0.106452, -0.990748, -0.084186, 0.051575, 0.090055, -0.994601),
      ["RightUpperLeg"] = CFrame.new(0.292298, 0.185734, -0.108831, 0.852775, -0.383220, -0.354847, -0.353316, 0.077067, -0.932324, 0.384632, 0.920436, -0.069677)
    }},
    { Time = 0.450, Data = {
      ["Head"] = CFrame.new(0.000000, 0.075795, -0.011388, 1.000000, -0.000000, 0.000000, 0.000000, 0.975773, 0.218784, -0.000000, -0.218784, 0.975773),
      ["LeftUpperArm"] = CFrame.new(0.013924, -0.283510, 0.121070, 0.992983, -0.101457, -0.060749, -0.106361, -0.990787, -0.083841, -0.051683, 0.089714, -0.994626),
      ["LeftUpperLeg"] = CFrame.new(-0.292285, 0.186087, -0.108497, 0.852787, 0.383227, 0.354813, 0.354058, 0.075201, -0.932195, -0.383924, 0.920588, -0.071554),
      ["LowerTorso"] = CFrame.new(0.000807, -1.535144, 0.512748, -0.999998, -0.001766, 0.000138, 0.000016, -0.086431, -0.996258, 0.001771, -0.996256, 0.086431),
      ["RightUpperArm"] = CFrame.new(-0.013924, -0.283510, 0.121070, 0.992983, 0.101457, 0.060749, 0.106361, -0.990787, -0.083841, 0.051683, 0.089714, -0.994626),
      ["RightUpperLeg"] = CFrame.new(0.292292, 0.186105, -0.108476, 0.852787, -0.383227, -0.354813, -0.354058, 0.075201, -0.932195, 0.383924, 0.920588, -0.071554)
    }},
    { Time = 0.467, Data = {
      ["Head"] = CFrame.new(0.000000, 0.075795, -0.011388, 1.000000, -0.000000, 0.000000, 0.000000, 0.975354, 0.220648, -0.000000, -0.220648, 0.975354),
      ["LeftUpperArm"] = CFrame.new(0.013922, -0.283628, 0.121012, 0.992983, -0.101464, -0.060736, -0.106355, -0.990809, -0.083583, -0.051697, 0.089456, -0.994648),
      ["LeftUpperLeg"] = CFrame.new(-0.292303, 0.186451, -0.108200, 0.852751, 0.383225, 0.354901, 0.354786, 0.073685, -0.932039, -0.383332, 0.920711, -0.073127),
      ["LowerTorso"] = CFrame.new(0.000807, -1.535547, 0.512683, -0.999999, -0.001766, 0.000137, 0.000015, -0.086197, -0.996278, 0.001771, -0.996277, 0.086197),
      ["RightUpperArm"] = CFrame.new(-0.013922, -0.283628, 0.121012, 0.992983, 0.101464, 0.060736, 0.106355, -0.990809, -0.083583, 0.051697, 0.089456, -0.994648),
      ["RightUpperLeg"] = CFrame.new(0.292309, 0.186469, -0.108180, 0.852751, -0.383225, -0.354901, -0.354786, 0.073685, -0.932039, 0.383332, 0.920711, -0.073127)
    }},
    { Time = 0.483, Data = {
      ["Head"] = CFrame.new(0.000000, 0.075795, -0.011388, 1.000000, -0.000000, 0.000000, 0.000000, 0.974969, 0.222342, -0.000000, -0.222342, 0.974969),
      ["LeftUpperArm"] = CFrame.new(0.013922, -0.283669, 0.121016, 0.992983, -0.101464, -0.060736, -0.106355, -0.990809, -0.083583, -0.051697, 0.089456, -0.994648),
      ["LeftUpperLeg"] = CFrame.new(-0.292299, 0.186712, -0.107951, 0.852758, 0.383256, 0.354851, 0.355308, 0.072305, -0.931949, -0.382832, 0.920808, -0.074515),
      ["LowerTorso"] = CFrame.new(0.000807, -1.535608, 0.512653, -0.999999, -0.001766, 0.000137, 0.000015, -0.086197, -0.996278, 0.001771, -0.996277, 0.086197),
      ["RightUpperArm"] = CFrame.new(-0.013922, -0.283669, 0.121016, 0.992983, 0.101464, 0.060736, 0.106355, -0.990809, -0.083583, 0.051697, 0.089456, -0.994648),
      ["RightUpperLeg"] = CFrame.new(0.292305, 0.186730, -0.107930, 0.852758, -0.383256, -0.354851, -0.355308, 0.072305, -0.931949, 0.382832, 0.920808, -0.074515)
    }},
    { Time = 0.500, Data = {
      ["Head"] = CFrame.new(0.000000, 0.075796, -0.011388, 1.000000, -0.000000, 0.000000, 0.000000, 0.974659, 0.223697, -0.000000, -0.223697, 0.974659),
      ["LeftUpperArm"] = CFrame.new(0.013921, -0.283677, 0.120994, 0.992983, -0.101467, -0.060731, -0.106352, -0.990817, -0.083497, -0.051701, 0.089370, -0.994656),
      ["LeftUpperLeg"] = CFrame.new(-0.292295, 0.186951, -0.107721, 0.852765, 0.383247, 0.354843, 0.355786, 0.071131, -0.931856, -0.382372, 0.920903, -0.075696),
      ["LowerTorso"] = CFrame.new(0.000807, -1.535617, 0.512649, -0.999999, -0.001766, 0.000137, 0.000015, -0.086197, -0.996278, 0.001771, -0.996277, 0.086197),
      ["RightUpperArm"] = CFrame.new(-0.013921, -0.283677, 0.120994, 0.992983, 0.101467, 0.060731, 0.106352, -0.990817, -0.083497, 0.051701, 0.089370, -0.994656),
      ["RightUpperLeg"] = CFrame.new(0.292302, 0.186969, -0.107700, 0.852765, -0.383247, -0.354843, -0.355786, 0.071131, -0.931856, 0.382372, 0.920903, -0.075696)
    }},
    { Time = 0.517, Data = {
      ["Head"] = CFrame.new(0.000000, 0.075796, -0.011388, 1.000000, -0.000000, 0.000000, 0.000000, 0.974386, 0.224882, -0.000000, -0.224882, 0.974386),
      ["LeftUpperArm"] = CFrame.new(0.013923, -0.283584, 0.121031, 0.992983, -0.101462, -0.060740, -0.106357, -0.990802, -0.083669, -0.051692, 0.089542, -0.994641),
      ["LeftUpperLeg"] = CFrame.new(-0.292291, 0.187166, -0.107513, 0.852772, 0.383193, 0.354884, 0.356216, 0.070193, -0.931764, -0.381956, 0.920997, -0.076641),
      ["LowerTorso"] = CFrame.new(0.000807, -1.535367, 0.512705, -0.999999, -0.001766, 0.000137, 0.000015, -0.086314, -0.996268, 0.001771, -0.996266, 0.086314),
      ["RightUpperArm"] = CFrame.new(-0.013923, -0.283584, 0.121031, 0.992983, 0.101462, 0.060740, 0.106357, -0.990802, -0.083669, 0.051692, 0.089542, -0.994641),
      ["RightUpperLeg"] = CFrame.new(0.292298, 0.187184, -0.107492, 0.852772, -0.383193, -0.354884, -0.356216, 0.070193, -0.931764, 0.381956, 0.920997, -0.076641)
    }},
    { Time = 0.533, Data = {
      ["Head"] = CFrame.new(0.000000, 0.075796, -0.011388, 1.000000, -0.000000, 0.000000, 0.000000, 0.974190, 0.225729, -0.000000, -0.225729, 0.974190),
      ["LeftUpperArm"] = CFrame.new(0.013903, -0.283305, 0.121143, 0.992979, -0.101536, -0.060684, -0.106452, -0.990748, -0.084186, -0.051575, 0.090055, -0.994601),
      ["LeftUpperLeg"] = CFrame.new(-0.292289, 0.187298, -0.107386, 0.852775, 0.383212, 0.354856, 0.356479, 0.069489, -0.931716, -0.381703, 0.921043, -0.077348),
      ["LowerTorso"] = CFrame.new(0.000807, -1.534501, 0.512864, -0.999998, -0.001766, 0.000138, 0.000016, -0.086781, -0.996227, 0.001771, -0.996226, 0.086780),
      ["RightUpperArm"] = CFrame.new(-0.013903, -0.283305, 0.121143, 0.992979, 0.101536, 0.060684, 0.106452, -0.990748, -0.084186, 0.051575, 0.090055, -0.994601),
      ["RightUpperLeg"] = CFrame.new(0.292296, 0.187316, -0.107365, 0.852775, -0.383212, -0.354856, -0.356479, 0.069489, -0.931716, 0.381703, 0.921043, -0.077348)
    }},
    { Time = 0.550, Data = {
      ["Head"] = CFrame.new(0.000000, 0.075795, -0.011388, 1.000000, -0.000000, 0.000000, 0.000000, 0.974033, 0.226406, -0.000000, -0.226406, 0.974033),
      ["LeftUpperArm"] = CFrame.new(0.013909, -0.282844, 0.121308, 0.992979, -0.101512, -0.060724, -0.106473, -0.990680, -0.084960, -0.051533, 0.090829, -0.994533),
      ["LeftUpperLeg"] = CFrame.new(-0.292288, 0.187417, -0.107271, 0.852779, 0.383207, 0.354853, 0.356717, 0.068903, -0.931668, -0.381472, 0.921089, -0.077938),
      ["LowerTorso"] = CFrame.new(0.000808, -1.533134, 0.513137, -0.999999, -0.001766, 0.000138, 0.000017, -0.087481, -0.996166, 0.001771, -0.996165, 0.087480),
      ["RightUpperArm"] = CFrame.new(-0.013909, -0.282844, 0.121308, 0.992979, 0.101512, 0.060724, 0.106473, -0.990680, -0.084960, 0.051533, 0.090829, -0.994533),
      ["RightUpperLeg"] = CFrame.new(0.292295, 0.187435, -0.107250, 0.852779, -0.383207, -0.354853, -0.356717, 0.068903, -0.931668, 0.381472, 0.921089, -0.077938)
    }},
    { Time = 0.567, Data = {
      ["Head"] = CFrame.new(0.000000, 0.075795, -0.011388, 1.000000, -0.000000, 0.000000, 0.000000, 0.973954, 0.226744, -0.000000, -0.226744, 0.973954),
      ["LeftUpperArm"] = CFrame.new(0.013917, -0.282200, 0.121524, 0.992984, -0.101485, -0.060690, -0.106496, -0.990588, -0.085995, -0.051392, 0.091855, -0.994446),
      ["LeftUpperLeg"] = CFrame.new(-0.292287, 0.187471, -0.107219, 0.852780, 0.383194, 0.354863, 0.356825, 0.068668, -0.931644, -0.381368, 0.921112, -0.078174),
      ["LowerTorso"] = CFrame.new(0.000810, -1.531036, 0.513500, -0.999999, -0.001766, 0.000140, 0.000018, -0.088646, -0.996063, 0.001771, -0.996062, 0.088646),
      ["RightUpperArm"] = CFrame.new(-0.013917, -0.282200, 0.121524, 0.992984, 0.101485, 0.060690, 0.106496, -0.990588, -0.085995, 0.051392, 0.091855, -0.994446),
      ["RightUpperLeg"] = CFrame.new(0.292294, 0.187488, -0.107198, 0.852780, -0.383194, -0.354863, -0.356825, 0.068668, -0.931644, 0.381368, 0.921112, -0.078174)
    }},
    { Time = 0.583, Data = {
      ["Head"] = CFrame.new(0.000000, 0.075795, -0.011388, 1.000000, -0.000000, 0.000000, 0.000000, 0.973915, 0.226914, -0.000000, -0.226914, 0.973915),
      ["LeftUpperArm"] = CFrame.new(0.013904, -0.281368, 0.121816, 0.992980, -0.101532, -0.060678, -0.106613, -0.990454, -0.087372, -0.051228, 0.093228, -0.994326),
      ["LeftUpperLeg"] = CFrame.new(-0.292287, 0.187483, -0.107208, 0.852780, 0.383216, 0.354839, 0.356849, 0.068551, -0.931643, -0.381346, 0.921111, -0.078291),
      ["LowerTorso"] = CFrame.new(0.000811, -1.528440, 0.513973, -0.999999, -0.001766, 0.000141, 0.000019, -0.090044, -0.995938, 0.001771, -0.995936, 0.090044),
      ["RightUpperArm"] = CFrame.new(-0.013904, -0.281368, 0.121816, 0.992980, 0.101532, 0.060678, 0.106613, -0.990454, -0.087372, 0.051228, 0.093228, -0.994326),
      ["RightUpperLeg"] = CFrame.new(0.292294, 0.187500, -0.107187, 0.852780, -0.383216, -0.354839, -0.356849, 0.068551, -0.931643, 0.381346, 0.921111, -0.078291)
    }},
    { Time = 0.600, Data = {
      ["Head"] = CFrame.new(0.000000, 0.075795, -0.011388, 1.000000, -0.000000, 0.000000, 0.000000, 0.973974, 0.226660, -0.000000, -0.226660, 0.973974),
      ["LeftUpperArm"] = CFrame.new(0.013917, -0.280353, 0.122183, 0.992985, -0.101484, -0.060680, -0.106654, -0.990297, -0.089094, -0.051050, 0.094941, -0.994173),
      ["LeftUpperLeg"] = CFrame.new(-0.292287, 0.187459, -0.107230, 0.852780, 0.383172, 0.354888, 0.356801, 0.068786, -0.931645, -0.381391, 0.921113, -0.078057),
      ["LowerTorso"] = CFrame.new(0.000814, -1.525344, 0.514558, -0.999998, -0.001765, 0.000142, 0.000020, -0.091674, -0.995789, 0.001771, -0.995788, 0.091674),
      ["RightUpperArm"] = CFrame.new(-0.013917, -0.280353, 0.122183, 0.992985, 0.101484, 0.060680, 0.106654, -0.990297, -0.089094, 0.051050, 0.094941, -0.994173),
      ["RightUpperLeg"] = CFrame.new(0.292294, 0.187476, -0.107210, 0.852780, -0.383172, -0.354888, -0.356801, 0.068786, -0.931645, 0.381391, 0.921113, -0.078057)
    }},
    { Time = 0.617, Data = {
      ["Head"] = CFrame.new(0.000000, 0.075795, -0.011388, 1.000000, -0.000000, 0.000000, 0.000000, 0.974151, 0.225898, -0.000000, -0.225898, 0.974151),
      ["LeftUpperArm"] = CFrame.new(0.013909, -0.279150, 0.122602, 0.992981, -0.101514, -0.060699, -0.106786, -0.990102, -0.091072, -0.050853, 0.096914, -0.993993),
      ["LeftUpperLeg"] = CFrame.new(-0.292289, 0.187339, -0.107345, 0.852777, 0.383176, 0.354891, 0.356562, 0.069372, -0.931693, -0.381622, 0.921067, -0.077467),
      ["LowerTorso"] = CFrame.new(0.000816, -1.521519, 0.515229, -0.999999, -0.001765, 0.000144, 0.000022, -0.093767, -0.995594, 0.001771, -0.995593, 0.093767),
      ["RightUpperArm"] = CFrame.new(-0.013909, -0.279150, 0.122602, 0.992981, 0.101514, 0.060699, 0.106786, -0.990102, -0.091072, 0.050853, 0.096914, -0.993993),
      ["RightUpperLeg"] = CFrame.new(0.292295, 0.187357, -0.107325, 0.852777, -0.383176, -0.354891, -0.356562, 0.069372, -0.931693, 0.381622, 0.921067, -0.077467)
    }},
    { Time = 0.633, Data = {
      ["Head"] = CFrame.new(0.000000, 0.075795, -0.011388, 1.000000, -0.000000, 0.000000, 0.000000, 0.974445, 0.224628, -0.000000, -0.224628, 0.974445),
      ["LeftUpperArm"] = CFrame.new(0.013904, -0.277761, 0.123096, 0.992976, -0.101533, -0.060736, -0.106927, -0.989871, -0.093392, -0.050638, 0.099231, -0.993775),
      ["LeftUpperLeg"] = CFrame.new(-0.292292, 0.187112, -0.107565, 0.852770, 0.383207, 0.354874, 0.356109, 0.070427, -0.931787, -0.382060, 0.920974, -0.076405),
      ["LowerTorso"] = CFrame.new(0.000819, -1.517198, 0.516008, -0.999999, -0.001765, 0.000146, 0.000024, -0.096090, -0.995373, 0.001771, -0.995371, 0.096090),
      ["RightUpperArm"] = CFrame.new(-0.013904, -0.277761, 0.123096, 0.992976, 0.101533, 0.060736, 0.106927, -0.989871, -0.093392, 0.050638, 0.099231, -0.993775),
      ["RightUpperLeg"] = CFrame.new(0.292299, 0.187130, -0.107544, 0.852770, -0.383207, -0.354874, -0.356109, 0.070427, -0.931787, 0.382060, 0.920974, -0.076405)
    }},
    { Time = 0.650, Data = {
      ["Head"] = CFrame.new(0.000000, 0.075795, -0.011388, 1.000000, -0.000000, 0.000000, 0.000000, 0.974833, 0.222935, -0.000000, -0.222935, 0.974833),
      ["LeftUpperArm"] = CFrame.new(0.013923, -0.276186, 0.123663, 0.992986, -0.101460, -0.060700, -0.106987, -0.989609, -0.096063, -0.050323, 0.101884, -0.993523),
      ["LeftUpperLeg"] = CFrame.new(-0.292297, 0.186820, -0.107847, 0.852761, 0.383229, 0.354871, 0.355523, 0.071836, -0.931903, -0.382624, 0.920856, -0.074988),
