return {
  ["Astros hump 23"] = {
    { Time = 0.000, Data = {
      ["Balls"] = CFrame.new(-0.000000, -0.000001, 0.000000, 0.999958, 0.009150, 0.000000, -0.009150, 0.999958, -0.000000, -0.000000, 0.000000, 1.000000),
      ["Cock"] = CFrame.new(0.000000, 0.000000, 0.000000, 0.997610, 0.069103, 0.000000, -0.069103, 0.997610, -0.000000, -0.000000, 0.000000, 1.000000),
      ["Head"] = CFrame.new(0.000000, 0.000000, 0.000000, 1.000000, -0.000000, 0.000000, 0.000000, 0.989820, 0.142327, -0.000000, -0.142327, 0.989820),
      ["LeftUpperArm"] = CFrame.new(-0.043982, -0.877063, 0.544842, 0.983747, -0.167231, 0.065383, 0.039981, -0.150982, -0.987728, 0.175050, 0.974289, -0.141842),
      ["LeftUpperLeg"] = CFrame.new(-0.000507, -0.019080, -0.011936, 0.998986, 0.039640, 0.021325, -0.038161, 0.997101, -0.065821, -0.023872, 0.064940, 0.997604),
      ["LowerTorso"] = CFrame.new(0.000000, 0.002487, 0.803370, 1.000000, -0.000000, 0.000000, 0.000000, 0.997513, 0.070481, -0.000000, -0.070481, 0.997513),
      ["RightUpperArm"] = CFrame.new(0.039435, -0.872896, 0.546190, 0.988007, 0.149943, -0.036860, -0.016451, -0.135138, -0.990690, -0.153528, 0.979416, -0.131051),
      ["RightUpperLeg"] = CFrame.new(0.001218, -0.024421, -0.024892, 0.997565, -0.052035, -0.046440, 0.048845, 0.996533, -0.067349, 0.049784, 0.064916, 0.996648)
    }},
    { Time = 0.017, Data = {
      ["Balls"] = CFrame.new(-0.000000, -0.000003, 0.000000, 0.999982, -0.006043, 0.000000, 0.006043, 0.999982, 0.000000, 0.000000, 0.000000, 1.000000),
      ["Cock"] = CFrame.new(0.000000, 0.000000, 0.000000, 0.997651, 0.068499, 0.000000, -0.068499, 0.997651, -0.000000, -0.000000, 0.000000, 1.000000),
      ["Head"] = CFrame.new(0.000000, -0.000000, 0.000000, 1.000000, -0.000000, 0.000000, 0.000000, 0.989696, 0.143183, -0.000000, -0.143183, 0.989696),
      ["LeftUpperArm"] = CFrame.new(-0.043987, -0.876973, 0.544855, 0.983754, -0.167251, 0.065233, 0.039890, -0.150638, -0.987784, 0.175035, 0.974338, -0.141520),
      ["LeftUpperLeg"] = CFrame.new(-0.000507, -0.019084, -0.011930, 0.998986, 0.039634, 0.021337, -0.038168, 0.997141, -0.065218, -0.023861, 0.064337, 0.997643),
      ["LowerTorso"] = CFrame.new(0.000000, 0.002463, 0.803025, 1.000000, -0.000000, 0.000000, 0.000000, 0.997537, 0.070137, -0.000000, -0.070137, 0.997537),
      ["RightUpperArm"] = CFrame.new(0.039424, -0.872804, 0.546205, 0.988022, 0.149901, -0.036648, -0.016299, -0.134790, -0.990740, -0.153453, 0.979470, -0.130733),
      ["RightUpperLeg"] = CFrame.new(0.001218, -0.024429, -0.024884, 0.997565, -0.052020, -0.046456, 0.048860, 0.996573, -0.066746, 0.049769, 0.064313, 0.996688)
    }},
    { Time = 0.033, Data = {
      ["Balls"] = CFrame.new(-0.000000, -0.000002, 0.000000, 0.999776, -0.021148, 0.000000, 0.021148, 0.999776, 0.000000, 0.000000, 0.000000, 1.000000),
      ["Cock"] = CFrame.new(0.000000, 0.000000, 0.000000, 0.997785, 0.066517, 0.000000, -0.066517, 0.997785, -0.000000, -0.000000, 0.000000, 1.000000),
      ["Head"] = CFrame.new(0.000000, -0.000000, 0.000000, 1.000000, -0.000000, 0.000000, 0.000000, 0.989346, 0.145581, -0.000000, -0.145581, 0.989346),
      ["LeftUpperArm"] = CFrame.new(-0.044006, -0.876699, 0.544894, 0.983780, -0.167321, 0.064663, 0.039494, -0.149598, -0.987958, 0.174980, 0.974486, -0.140564),
      ["LeftUpperLeg"] = CFrame.new(-0.000506, -0.019050, -0.011956, 0.998988, 0.039532, 0.021460, -0.038099, 0.997255, -0.063495, -0.023911, 0.062613, 0.997751),
      ["LowerTorso"] = CFrame.new(0.000000, 0.002379, 0.801819, 1.000000, -0.000000, 0.000000, 0.000000, 0.997621, 0.068930, -0.000000, -0.068930, 0.997621),
      ["RightUpperArm"] = CFrame.new(0.039454, -0.872556, 0.546234, 0.988027, 0.150015, -0.036037, -0.015819, -0.133845, -0.990876, -0.153470, 0.979582, -0.129870),
      ["RightUpperLeg"] = CFrame.new(0.001218, -0.024451, -0.024862, 0.997565, -0.051978, -0.046503, 0.048906, 0.996690, -0.064937, 0.049725, 0.062504, 0.996805)
    }},
    { Time = 0.050, Data = {
      ["Balls"] = CFrame.new(-0.000000, -0.000002, 0.000000, 0.999358, -0.035818, 0.000000, 0.035818, 0.999358, 0.000000, 0.000000, 0.000000, 1.000000),
      ["Cock"] = CFrame.new(0.000000, 0.000000, 0.000000, 0.997998, 0.063242, 0.000000, -0.063242, 0.997998, -0.000000, -0.000000, 0.000000, 1.000000),
      ["Head"] = CFrame.new(0.000000, -0.000000, 0.000000, 1.000000, -0.000000, 0.000000, 0.000000, 0.988759, 0.149519, -0.000000, -0.149519, 0.988759),
      ["LeftUpperArm"] = CFrame.new(-0.044036, -0.876272, 0.544954, 0.983824, -0.167436, 0.063683, 0.038784, -0.147973, -0.988231, 0.174889, 0.974715, -0.139086),
      ["LeftUpperLeg"] = CFrame.new(-0.000506, -0.019068, -0.011927, 0.998988, 0.039500, 0.021520, -0.038136, 0.997441, -0.060479, -0.023854, 0.059597, 0.997938),
      ["LowerTorso"] = CFrame.new(0.000000, 0.002238, 0.799751, 1.000000, -0.000000, 0.000000, 0.000000, 0.997762, 0.066862, -0.000000, -0.066862, 0.997762),
      ["RightUpperArm"] = CFrame.new(0.039477, -0.872094, 0.546293, 0.988049, 0.150103, -0.035058, -0.015101, -0.132090, -0.991123, -0.153401, 0.979807, -0.128245),
      ["RightUpperLeg"] = CFrame.new(0.001218, -0.024444, -0.024868, 0.997565, -0.051826, -0.046668, 0.048890, 0.996878, -0.062008, 0.049736, 0.059575, 0.996984)
    }},
    { Time = 0.067, Data = {
      ["Balls"] = CFrame.new(-0.000000, -0.000002, 0.000000, 0.998747, -0.050051, 0.000000, 0.050051, 0.998747, 0.000000, 0.000000, 0.000000, 1.000000),
      ["Cock"] = CFrame.new(0.000000, 0.000000, 0.000000, 0.998277, 0.058674, 0.000000, -0.058674, 0.998277, -0.000000, -0.000000, 0.000000, 1.000000),
      ["Head"] = CFrame.new(0.000000, 0.000000, 0.000000, 1.000000, -0.000000, 0.000000, 0.000000, 0.987955, 0.154739, -0.000000, -0.154739, 0.987955),
      ["LeftUpperArm"] = CFrame.new(-0.044093, -0.875660, 0.545036, 0.983873, -0.167653, 0.062345, 0.037827, -0.145649, -0.988613, 0.174825, 0.975028, -0.136958),
      ["LeftUpperLeg"] = CFrame.new(-0.000505, -0.019048, -0.011930, 0.998989, 0.039372, 0.021689, -0.038095, 0.997680, -0.056428, -0.023860, 0.055545, 0.998171),
      ["LowerTorso"] = CFrame.new(0.000000, 0.002057, 0.796993, 1.000000, -0.000000, 0.000000, 0.000000, 0.997943, 0.064104, -0.000000, -0.064104, 0.997943),
      ["RightUpperArm"] = CFrame.new(0.039523, -0.871507, 0.546365, 0.988068, 0.150277, -0.033745, -0.014110, -0.129855, -0.991433, -0.153371, 0.980079, -0.126185),
      ["RightUpperLeg"] = CFrame.new(0.001218, -0.024450, -0.024860, 0.997565, -0.051648, -0.046862, 0.048902, 0.997121, -0.057959, 0.049721, 0.055526, 0.997218)
    }},
    { Time = 0.083, Data = {
      ["Balls"] = CFrame.new(-0.000000, -0.000002, 0.000000, 0.997971, -0.063673, 0.000000, 0.063673, 0.997971, 0.000000, 0.000000, 0.000000, 1.000000),
      ["Cock"] = CFrame.new(0.000000, 0.000000, 0.000000, 0.998595, 0.052983, 0.000000, -0.052983, 0.998595, -0.000000, -0.000000, 0.000000, 1.000000),
      ["Head"] = CFrame.new(0.000000, 0.000000, 0.000000, 1.000000, -0.000000, 0.000000, 0.000000, 0.986944, 0.161066, -0.000000, -0.161066, 0.986944),
      ["LeftUpperArm"] = CFrame.new(-0.044176, -0.874894, 0.545135, 0.983924, -0.167968, 0.060661, 0.036612, -0.142735, -0.989084, 0.174792, 0.975404, -0.134290),
      ["LeftUpperLeg"] = CFrame.new(-0.000506, -0.019078, -0.011923, 0.998987, 0.039317, 0.021879, -0.038156, 0.997961, -0.051171, -0.023846, 0.050285, 0.998450),
      ["LowerTorso"] = CFrame.new(0.000000, 0.001836, 0.793459, 1.000000, -0.000000, 0.000000, 0.000000, 0.998164, 0.060570, -0.000000, -0.060570, 0.998164),
      ["RightUpperArm"] = CFrame.new(0.039562, -0.870732, 0.546460, 0.988105, 0.150426, -0.031951, -0.012751, -0.126910, -0.991832, -0.153253, 0.980442, -0.123482),
      ["RightUpperLeg"] = CFrame.new(0.001218, -0.024427, -0.024880, 0.997566, -0.051356, -0.047175, 0.048856, 0.997414, -0.052702, 0.049760, 0.050269, 0.997495)
    }},
    { Time = 0.100, Data = {
      ["Balls"] = CFrame.new(-0.000000, -0.000002, 0.000000, 0.997075, -0.076425, 0.000000, 0.076425, 0.997075, 0.000000, 0.000000, 0.000000, 1.000000),
      ["Cock"] = CFrame.new(0.000000, 0.000000, 0.000000, 0.998938, 0.046084, 0.000000, -0.046084, 0.998938, -0.000000, -0.000000, 0.000000, 1.000000),
      ["Head"] = CFrame.new(0.000000, 0.000000, 0.000000, 1.000000, -0.000000, 0.000000, 0.000000, 0.985760, 0.168158, -0.000000, -0.168158, 0.985760),
      ["LeftUpperArm"] = CFrame.new(-0.044234, -0.873975, 0.545258, 0.984007, -0.168190, 0.058677, 0.035213, -0.139241, -0.989632, 0.174617, 0.975871, -0.131092),
      ["LeftUpperLeg"] = CFrame.new(-0.000507, -0.019070, -0.011949, 0.998987, 0.039166, 0.022175, -0.038140, 0.998260, -0.044965, -0.023898, 0.044074, 0.998742),
      ["LowerTorso"] = CFrame.new(0.000000, 0.001589, 0.789234, 1.000000, -0.000000, 0.000000, 0.000000, 0.998411, 0.056346, -0.000000, -0.056346, 0.998411),
      ["RightUpperArm"] = CFrame.new(0.039621, -0.869802, 0.546570, 0.988134, 0.150652, -0.029933, -0.011250, -0.123373, -0.992297, -0.153184, 0.980859, -0.120214),
      ["RightUpperLeg"] = CFrame.new(0.001220, -0.024459, -0.024889, 0.997562, -0.051127, -0.047509, 0.048920, 0.997720, -0.046499, 0.049778, 0.044061, 0.997788)
    }},
    { Time = 0.117, Data = {
      ["Balls"] = CFrame.new(-0.000000, -0.000002, 0.000000, 0.996101, -0.088221, 0.000000, 0.088221, 0.996101, 0.000000, 0.000000, 0.000000, 1.000000),
      ["Cock"] = CFrame.new(0.000000, 0.000000, 0.000000, 0.999272, 0.038147, 0.000000, -0.038147, 0.999272, -0.000000, -0.000000, 0.000000, 1.000000),
      ["Head"] = CFrame.new(0.000000, -0.000000, 0.000000, 1.000000, -0.000000, 0.000000, 0.000000, 0.984434, 0.175754, -0.000000, -0.175754, 0.984434),
      ["LeftUpperArm"] = CFrame.new(-0.044349, -0.872897, 0.545390, 0.984068, -0.168625, 0.056352, 0.033549, -0.135143, -0.990258, 0.174598, 0.976372, -0.127333),
      ["LeftUpperLeg"] = CFrame.new(-0.000506, -0.019069, -0.011922, 0.998988, 0.039001, 0.022405, -0.038138, 0.998560, -0.037722, -0.023844, 0.036829, 0.999037),
      ["LowerTorso"] = CFrame.new(0.000000, 0.001323, 0.784319, 1.000000, -0.000000, 0.000000, 0.000000, 0.998677, 0.051431, -0.000000, -0.051431, 0.998677),
      ["RightUpperArm"] = CFrame.new(0.039687, -0.868712, 0.546695, 0.988166, 0.150900, -0.027507, -0.009429, -0.119231, -0.992822, -0.153097, 0.981332, -0.116397),
      ["RightUpperLeg"] = CFrame.new(0.001220, -0.024461, -0.024885, 0.997562, -0.050785, -0.047870, 0.048925, 0.998031, -0.039257, 0.049769, 0.036819, 0.998082)
    }},
    { Time = 0.133, Data = {
      ["Balls"] = CFrame.new(-0.000000, -0.000002, 0.000000, 0.995090, -0.098976, 0.000000, 0.098976, 0.995090, 0.000000, 0.000000, 0.000000, 1.000000),
      ["Cock"] = CFrame.new(0.000000, 0.000000, 0.000000, 0.999574, 0.029174, 0.000000, -0.029174, 0.999574, -0.000000, -0.000000, 0.000000, 1.000000),
      ["Head"] = CFrame.new(0.000000, 0.000000, 0.000000, 1.000000, -0.000000, 0.000000, 0.000000, 0.983017, 0.183513, -0.000000, -0.183513, 0.983017),
      ["LeftUpperArm"] = CFrame.new(-0.044436, -0.871695, 0.545538, 0.984157, -0.168959, 0.053736, 0.031690, -0.130571, -0.990932, 0.174443, 0.976936, -0.123148),
      ["LeftUpperLeg"] = CFrame.new(-0.000506, -0.019073, -0.011930, 0.998987, 0.038826, 0.022737, -0.038146, 0.998833, -0.029615, -0.023860, 0.028718, 0.999303),
      ["LowerTorso"] = CFrame.new(0.000000, 0.001055, 0.778800, 1.000000, -0.000000, 0.000000, 0.000000, 0.998946, 0.045911, -0.000000, -0.045911, 0.998946),
      ["RightUpperArm"] = CFrame.new(0.039754, -0.867525, 0.546825, 0.988198, 0.151158, -0.024810, -0.007392, -0.114718, -0.993371, -0.153002, 0.981830, -0.112247),
      ["RightUpperLeg"] = CFrame.new(0.001218, -0.024432, -0.024869, 0.997566, -0.050334, -0.048252, 0.048865, 0.998320, -0.031149, 0.049739, 0.028715, 0.998349)
    }},
    { Time = 0.150, Data = {
      ["Balls"] = CFrame.new(-0.000000, -0.000002, 0.000000, 0.994094, -0.108519, 0.000000, 0.108519, 0.994094, 0.000000, 0.000000, 0.000000, 1.000000),
      ["Cock"] = CFrame.new(-0.000000, 0.000000, 0.000000, 0.999813, 0.019335, 0.000000, -0.019335, 0.999813, -0.000000, -0.000000, 0.000000, 1.000000),
      ["Head"] = CFrame.new(0.000000, 0.000000, 0.000000, 1.000000, -0.000000, 0.000000, 0.000000, 0.981572, 0.191094, -0.000000, -0.191094, 0.981572),
      ["LeftUpperArm"] = CFrame.new(-0.044543, -0.870365, 0.545694, 0.984238, -0.169365, 0.050901, 0.029686, -0.125513, -0.991648, 0.174340, 0.977528, -0.118507),
      ["LeftUpperLeg"] = CFrame.new(-0.000507, -0.019082, -0.011931, 0.998987, 0.038640, 0.023083, -0.038163, 0.999056, -0.020730, -0.023862, 0.019829, 0.999519),
      ["LowerTorso"] = CFrame.new(0.000000, 0.000795, 0.772761, 1.000000, -0.000000, 0.000000, 0.000000, 0.999205, 0.039873, -0.000000, -0.039873, 0.999205),
      ["RightUpperArm"] = CFrame.new(0.039824, -0.866179, 0.546968, 0.988228, 0.151424, -0.021824, -0.005157, -0.109600, -0.993962, -0.152902, 0.982374, -0.107529),
      ["RightUpperLeg"] = CFrame.new(0.001220, -0.024455, -0.024889, 0.997562, -0.049949, -0.048736, 0.048911, 0.998555, -0.022268, 0.049778, 0.019830, 0.998563)
    }},
    { Time = 0.167, Data = {
      ["Balls"] = CFrame.new(0.000000, -0.000002, 0.000000, 0.993159, -0.116766, 0.000000, 0.116766, 0.993159, 0.000000, 0.000000, 0.000000, 1.000000),
      ["Cock"] = CFrame.new(0.000000, 0.000000, 0.000000, 0.999962, 0.008718, 0.000000, -0.008718, 0.999962, -0.000000, -0.000000, 0.000000, 1.000000),
      ["Head"] = CFrame.new(0.000000, 0.000000, -0.000000, 1.000000, -0.000000, 0.000000, 0.000000, 0.980171, 0.198155, -0.000000, -0.198155, 0.980171),
      ["LeftUpperArm"] = CFrame.new(-0.044653, -0.868935, 0.545854, 0.984322, -0.169782, 0.047790, 0.027470, -0.120079, -0.992384, 0.174228, 0.978139, -0.113533),
      ["LeftUpperLeg"] = CFrame.new(-0.000505, -0.019052, -0.011925, 0.998989, 0.038357, 0.023441, -0.038104, 0.999212, -0.011153, -0.023851, 0.010249, 0.999663),
      ["LowerTorso"] = CFrame.new(0.000000, 0.000555, 0.766204, 1.000000, -0.000000, 0.000000, 0.000000, 0.999445, 0.033316, -0.000000, -0.033316, 0.999445),
      ["RightUpperArm"] = CFrame.new(0.039878, -0.864766, 0.547114, 0.988262, 0.151628, -0.018633, -0.002760, -0.104225, -0.994550, -0.152743, 0.982927, -0.102584),
      ["RightUpperLeg"] = CFrame.new(0.001218, -0.024444, -0.024857, 0.997566, -0.049457, -0.049149, 0.048889, 0.998724, -0.012691, 0.049714, 0.010257, 0.998711)
    }},
    { Time = 0.183, Data = {
      ["Balls"] = CFrame.new(0.000000, -0.000001, 0.000000, 0.992317, -0.123720, 0.000000, 0.123720, 0.992317, 0.000000, 0.000000, 0.000000, 1.000000),
      ["Cock"] = CFrame.new(0.000000, 0.000000, 0.000000, 0.999997, -0.002503, 0.000000, 0.002503, 0.999997, 0.000000, 0.000000, 0.000000, 1.000000),
      ["Head"] = CFrame.new(0.000000, -0.000000, 0.000000, 1.000000, -0.000000, 0.000000, 0.000000, 0.978878, 0.204445, -0.000000, -0.204445, 0.978878),
      ["LeftUpperArm"] = CFrame.new(-0.044747, -0.867439, 0.546018, 0.984416, -0.170139, 0.044472, 0.025095, -0.114388, -0.993119, 0.174055, 0.978758, -0.108336),
      ["LeftUpperLeg"] = CFrame.new(-0.000507, -0.019070, -0.011957, 0.998986, 0.038150, 0.023897, -0.038139, 0.999272, -0.000888, -0.023913, -0.000025, 0.999714),
      ["LowerTorso"] = CFrame.new(0.000000, 0.000349, 0.759301, 1.000000, -0.000000, 0.000000, 0.000000, 0.999651, 0.026412, -0.000000, -0.026412, 0.999651),
      ["RightUpperArm"] = CFrame.new(0.039947, -0.863221, 0.547263, 0.988280, 0.151888, -0.015225, -0.000215, -0.098352, -0.995152, -0.152649, 0.983492, -0.097166),
      ["RightUpperLeg"] = CFrame.new(0.001218, -0.024442, -0.024860, 0.997566, -0.048945, -0.049662, 0.048885, 0.998801, -0.002425, 0.049721, -0.000009, 0.998763)
    }},
    { Time = 0.200, Data = {
      ["Balls"] = CFrame.new(0.000000, -0.000001, 0.000000, 0.991628, -0.129126, 0.000000, 0.129126, 0.991628, 0.000000, 0.000000, 0.000000, 1.000000),
      ["Cock"] = CFrame.new(0.000000, 0.000000, 0.000000, 0.999897, -0.014329, 0.000000, 0.014329, 0.999897, 0.000000, 0.000000, 0.000000, 1.000000),
      ["Head"] = CFrame.new(0.000000, 0.000000, 0.000000, 1.000000, -0.000000, 0.000000, 0.000000, 0.977782, 0.209624, -0.000000, -0.209624, 0.977782),
      ["LeftUpperArm"] = CFrame.new(-0.044855, -0.865843, 0.546180, 0.984493, -0.170550, 0.041063, 0.022688, -0.108323, -0.993857, 0.173950, 0.979377, -0.102773),
      ["LeftUpperLeg"] = CFrame.new(-0.000506, -0.019048, -0.011941, 0.998989, 0.037848, 0.024273, -0.038095, 0.999226, 0.009812, -0.023882, -0.010727, 0.999657),
      ["LowerTorso"] = CFrame.new(0.000000, 0.000184, 0.752051, 1.000000, -0.000000, 0.000000, 0.000000, 0.999816, 0.019163, -0.000000, -0.019163, 0.999816),
      ["RightUpperArm"] = CFrame.new(0.040012, -0.861637, 0.547406, 0.988290, 0.152137, -0.011683, 0.002442, -0.092330, -0.995725, -0.152566, 0.984037, -0.091621),
      ["RightUpperLeg"] = CFrame.new(0.001218, -0.024446, -0.024859, 0.997566, -0.048418, -0.050181, 0.048893, 0.998770, 0.008273, 0.049718, -0.010706, 0.998706)
    }},
    { Time = 0.217, Data = {
      ["Balls"] = CFrame.new(0.000000, -0.000001, 0.000000, 0.991118, -0.132985, 0.000000, 0.132985, 0.991118, 0.000000, 0.000000, 0.000000, 1.000000),
      ["Cock"] = CFrame.new(0.000000, 0.000000, 0.000000, 0.999647, -0.026585, 0.000000, 0.026585, 0.999647, 0.000000, 0.000000, 0.000000, 1.000000),
      ["Head"] = CFrame.new(0.000000, -0.000000, 0.000000, 1.000000, -0.000000, 0.000000, 0.000000, 0.976956, 0.213442, -0.000000, -0.213442, 0.976956),
      ["LeftUpperArm"] = CFrame.new(-0.044977, -0.864177, 0.546338, 0.984556, -0.171016, 0.037451, 0.020118, -0.101984, -0.994583, 0.173909, 0.979976, -0.096969),
      ["LeftUpperLeg"] = CFrame.new(-0.000506, -0.019071, -0.011922, 0.998988, 0.037625, 0.024653, -0.038142, 0.999055, 0.020855, -0.023845, -0.021775, 0.999479),
      ["LowerTorso"] = CFrame.new(0.000000, 0.000067, 0.744455, 1.000000, -0.000000, 0.000000, 0.000000, 0.999933, 0.011567, -0.000000, -0.011567, 0.999933),
      ["RightUpperArm"] = CFrame.new(0.040074, -0.859984, 0.547546, 0.988291, 0.152372, -0.007999, 0.005202, -0.086044, -0.996278, -0.152494, 0.984571, -0.085829),
      ["RightUpperLeg"] = CFrame.new(0.001218, -0.024456, -0.024854, 0.997565, -0.047879, -0.050704, 0.048911, 0.998616, 0.019315, 0.049709, -0.021748, 0.998527)
    }},
    { Time = 0.233, Data = {
      ["Balls"] = CFrame.new(0.000000, -0.000001, 0.000000, 0.990793, -0.135386, 0.000000, 0.135386, 0.990793, 0.000000, 0.000000, 0.000000, 1.000000),
      ["Cock"] = CFrame.new(0.000000, 0.000000, 0.000000, 0.999235, -0.039096, 0.000000, 0.039096, 0.999235, 0.000000, 0.000000, 0.000000, 1.000000),
      ["Head"] = CFrame.new(0.000000, 0.000000, 0.000000, 1.000000, -0.000000, 0.000000, 0.000000, 0.976434, 0.215817, -0.000000, -0.215817, 0.976434),
      ["LeftUpperArm"] = CFrame.new(-0.045063, -0.862505, 0.546491, 0.984631, -0.171340, 0.033829, 0.017554, -0.095628, -0.995262, 0.173764, 0.980560, -0.091151),
      ["LeftUpperLeg"] = CFrame.new(-0.000506, -0.019055, -0.011944, 0.998988, 0.037307, 0.025123, -0.038109, 0.998753, 0.032241, -0.023889, -0.033166, 0.999164),
      ["LowerTorso"] = CFrame.new(0.000000, 0.000008, 0.736773, 1.000000, -0.000000, 0.000000, 0.000000, 0.999992, 0.003884, -0.000000, -0.003884, 0.999992),
      ["RightUpperArm"] = CFrame.new(0.040131, -0.858291, 0.547680, 0.988281, 0.152591, -0.004182, 0.008073, -0.079605, -0.996794, -0.152435, 0.985078, -0.079904),
      ["RightUpperLeg"] = CFrame.new(0.001219, -0.024426, -0.024891, 0.997565, -0.047240, -0.051313, 0.048852, 0.998337, 0.030613, 0.049782, -0.033045, 0.998213)
    }},
    { Time = 0.250, Data = {
      ["Balls"] = CFrame.new(0.000000, 0.000000, 0.000000, 0.990687, -0.136157, 0.000000, 0.136157, 0.990687, 0.000000, 0.000000, 0.000000, 1.000000),
      ["Cock"] = CFrame.new(0.000000, 0.000000, 0.000000, 0.998663, -0.051690, 0.000000, 0.051690, 0.998663, 0.000000, 0.000000, 0.000000, 1.000000),
      ["Head"] = CFrame.new(0.000000, -0.000000, 0.000000, 1.000000, -0.000000, 0.000000, 0.000000, 0.976246, 0.216665, -0.000000, -0.216665, 0.976246),
      ["LeftUpperArm"] = CFrame.new(-0.045176, -0.860791, 0.546633, 0.984677, -0.171772, 0.030077, 0.014875, -0.089112, -0.995910, 0.173750, 0.981098, -0.085192),
      ["LeftUpperLeg"] = CFrame.new(-0.000507, -0.019081, -0.011923, 0.998987, 0.037073, 0.025506, -0.038162, 0.998319, 0.043624, -0.023846, -0.044553, 0.998722),
      ["LowerTorso"] = CFrame.new(0.000000, 0.000008, 0.729004, 1.000000, 0.000000, 0.000000, 0.000000, 0.999992, -0.003884, 0.000000, 0.003884, 0.999992),
      ["RightUpperArm"] = CFrame.new(0.040183, -0.856590, 0.547803, 0.988259, 0.152788, -0.000361, 0.010943, -0.073140, -0.997262, -0.152396, 0.985549, -0.073953),
      ["RightUpperLeg"] = CFrame.new(0.001219, -0.024442, -0.024882, 0.997564, -0.046680, -0.051837, 0.048884, 0.997918, 0.042081, 0.049765, -0.044513, 0.997769)
    }},
    { Time = 0.267, Data = {
      ["Balls"] = CFrame.new(0.000000, -0.000001, 0.000000, 0.990793, -0.135386, 0.000000, 0.135386, 0.990793, 0.000000, 0.000000, 0.000000, 1.000000),
      ["Cock"] = CFrame.new(0.000000, 0.000000, 0.000000, 0.997932, -0.064277, 0.000000, 0.064277, 0.997932, 0.000000, 0.000000, 0.000000, 1.000000),
      ["Head"] = CFrame.new(0.000000, 0.000000, 0.000000, 1.000000, -0.000000, 0.000000, 0.000000, 0.976321, 0.216326, -0.000000, -0.216326, 0.976321),
      ["LeftUpperArm"] = CFrame.new(-0.045267, -0.859073, 0.546767, 0.984723, -0.172119, 0.026379, 0.012261, -0.082578, -0.996509, 0.173697, 0.981609, -0.079206),
      ["LeftUpperLeg"] = CFrame.new(-0.000506, -0.019066, -0.011945, 0.998987, 0.036746, 0.025972, -0.038133, 0.997753, 0.055089, -0.023890, -0.056023, 0.998144),
      ["LowerTorso"] = CFrame.new(0.000000, 0.000068, 0.721235, 1.000000, 0.000000, 0.000000, 0.000000, 0.999932, -0.011653, 0.000000, 0.011653, 0.999932),
      ["RightUpperArm"] = CFrame.new(0.040229, -0.854883, 0.547917, 0.988226, 0.152961, 0.003462, 0.013812, -0.066648, -0.997681, -0.152376, 0.985982, -0.067976),
      ["RightUpperLeg"] = CFrame.new(0.001219, -0.024460, -0.024874, 0.997563, -0.046116, -0.052356, 0.048917, 0.997367, 0.053545, 0.049749, -0.055976, 0.997192)
    }},
    { Time = 0.283, Data = {
      ["Balls"] = CFrame.new(0.000000, -0.000001, 0.000000, 0.991118, -0.132985, 0.000000, 0.132985, 0.991118, 0.000000, 0.000000, 0.000000, 1.000000),
      ["Cock"] = CFrame.new(0.000000, 0.000000, 0.000000, 0.997049, -0.076770, 0.000000, 0.076770, 0.997049, 0.000000, 0.000000, 0.000000, 1.000000),
      ["Head"] = CFrame.new(0.000000, 0.000000, 0.000000, 1.000000, -0.000000, 0.000000, 0.000000, 0.976527, 0.215393, -0.000000, -0.215393, 0.976527),
      ["LeftUpperArm"] = CFrame.new(-0.045336, -0.857380, 0.546892, 0.984768, -0.172380, 0.022746, 0.009701, -0.076143, -0.997050, 0.173603, 0.982083, -0.073311),
      ["LeftUpperLeg"] = CFrame.new(-0.000505, -0.019050, -0.011926, 0.998989, 0.036421, 0.026347, -0.038101, 0.997067, 0.066377, -0.023852, -0.067314, 0.997447),
      ["LowerTorso"] = CFrame.new(0.000000, 0.000187, 0.713553, 1.000000, 0.000000, 0.000000, 0.000000, 0.999813, -0.019335, 0.000000, 0.019335, 0.999813),
      ["RightUpperArm"] = CFrame.new(0.040268, -0.853169, 0.548021, 0.988182, 0.153111, 0.007289, 0.016678, -0.060129, -0.998051, -0.152375, 0.986378, -0.061972),
      ["RightUpperLeg"] = CFrame.new(0.001218, -0.024432, -0.024870, 0.997566, -0.045465, -0.052863, 0.048862, 0.996699, 0.064834, 0.049741, -0.067259, 0.996495)
    }},
    { Time = 0.300, Data = {
      ["Balls"] = CFrame.new(0.000000, -0.000001, 0.000000, 0.991628, -0.129126, 0.000000, 0.129126, 0.991628, 0.000000, 0.000000, 0.000000, 1.000000),
      ["Cock"] = CFrame.new(0.000000, 0.000000, 0.000000, 0.996032, -0.088996, 0.000000, 0.088996, 0.996032, 0.000000, 0.000000, 0.000000, 1.000000),
      ["Head"] = CFrame.new(0.000000, -0.000000, 0.000000, 1.000000, -0.000000, 0.000000, 0.000000, 0.976881, 0.213782, -0.000000, -0.213782, 0.976881),
      ["LeftUpperArm"] = CFrame.new(-0.045415, -0.855740, 0.547000, 0.984793, -0.172680, 0.019071, 0.007060, -0.069907, -0.997529, 0.173587, 0.982494, -0.067625),
      ["LeftUpperLeg"] = CFrame.new(-0.000507, -0.019078, -0.011951, 0.998986, 0.036177, 0.026805, -0.038157, 0.996263, 0.077484, -0.023901, -0.078428, 0.996633),
      ["LowerTorso"] = CFrame.new(0.000000, 0.000363, 0.705958, 1.000000, 0.000000, 0.000000, 0.000000, 0.999637, -0.026930, 0.000000, 0.026930, 0.999637),
      ["RightUpperArm"] = CFrame.new(0.040301, -0.851512, 0.548112, 0.988129, 0.153236, 0.010978, 0.019439, -0.053830, -0.998361, -0.152394, 0.986722, -0.056170),
      ["RightUpperLeg"] = CFrame.new(0.001218, -0.024445, -0.024869, 0.997565, -0.044904, -0.053363, 0.048887, 0.995920, 0.075855, 0.049739, -0.078279, 0.995690)
    }},
    { Time = 0.317, Data = {
      ["Balls"] = CFrame.new(0.000000, -0.000001, 0.000000, 0.992317, -0.123720, 0.000000, 0.123720, 0.992317, 0.000000, 0.000000, 0.000000, 1.000000),
      ["Cock"] = CFrame.new(0.000000, 0.000000, 0.000000, 0.994917, -0.100696, 0.000000, 0.100696, 0.994917, 0.000000, 0.000000, 0.000000, 1.000000),
      ["Head"] = CFrame.new(0.000000, -0.000000, 0.000000, 1.000000, -0.000000, 0.000000, 0.000000, 0.977343, 0.211661, -0.000000, -0.211661, 0.977343),
      ["LeftUpperArm"] = CFrame.new(-0.045486, -0.854130, 0.547097, 0.984806, -0.172950, 0.015646, 0.004653, -0.063784, -0.997953, 0.173594, 0.982863, -0.062010),
      ["LeftUpperLeg"] = CFrame.new(-0.000506, -0.019060, -0.011938, 0.998988, 0.035853, 0.027163, -0.038120, 0.995377, 0.088156, -0.023877, -0.089102, 0.995736),
      ["LowerTorso"] = CFrame.new(0.000000, 0.000584, 0.698710, 1.000000, 0.000000, 0.000000, 0.000000, 0.999416, -0.034179, 0.000000, 0.034179, 0.999416),
      ["RightUpperArm"] = CFrame.new(0.040313, -0.849914, 0.548193, 0.988075, 0.153280, 0.014591, 0.022155, -0.047754, -0.998613, -0.152370, 0.987028, -0.050581),
      ["RightUpperLeg"] = CFrame.new(0.001219, -0.024455, -0.024873, 0.997564, -0.044347, -0.053850, 0.048906, 0.995048, 0.086526, 0.049746, -0.088949, 0.994793)
    }},
    { Time = 0.333, Data = {
      ["Balls"] = CFrame.new(0.000000, -0.000001, 0.000000, 0.993159, -0.116766, 0.000000, 0.116766, 0.993159, 0.000000, 0.000000, 0.000000, 1.000000),
      ["Cock"] = CFrame.new(0.000000, 0.000000, 0.000000, 0.993713, -0.111956, 0.000000, 0.111956, 0.993713, 0.000000, 0.000000, 0.000000, 1.000000),
      ["Head"] = CFrame.new(0.000000, -0.000000, 0.000000, 1.000000, -0.000000, 0.000000, 0.000000, 0.977946, 0.208860, -0.000000, -0.208860, 0.977946),
      ["LeftUpperArm"] = CFrame.new(-0.045535, -0.852609, 0.547183, 0.984821, -0.173138, 0.012308, 0.002280, -0.058002, -0.998314, 0.173559, 0.983188, -0.056726),
      ["LeftUpperLeg"] = CFrame.new(-0.000507, -0.019082, -0.011929, 0.998987, 0.035619, 0.027513, -0.038164, 0.994424, 0.098304, -0.023859, -0.099254, 0.994776),
      ["LowerTorso"] = CFrame.new(0.000000, 0.000844, 0.691808, 1.000000, 0.000000, 0.000000, 0.000000, 0.999156, -0.041081, 0.000000, 0.041081, 0.999156),
      ["RightUpperArm"] = CFrame.new(0.040334, -0.848376, 0.548259, 0.988006, 0.153361, 0.018004, 0.024706, -0.041904, -0.998816, -0.152425, 0.987281, -0.045191),
      ["RightUpperLeg"] = CFrame.new(0.001220, -0.024459, -0.024883, 0.997562, -0.043801, -0.054321, 0.048913, 0.994114, 0.096673, 0.049767, -0.099095, 0.993833)
    }},
    { Time = 0.350, Data = {
      ["Balls"] = CFrame.new(0.000000, -0.000001, 0.000000, 0.994094, -0.108519, 0.000000, 0.108519, 0.994094, 0.000000, 0.000000, 0.000000, 1.000000),
      ["Cock"] = CFrame.new(0.000000, 0.000000, 0.000000, 0.992466, -0.122518, 0.000000, 0.122518, 0.992466, 0.000000, 0.000000, 0.000000, 1.000000),
      ["Head"] = CFrame.new(0.000000, -0.000000, 0.000000, 1.000000, -0.000000, 0.000000, 0.000000, 0.978647, 0.205549, -0.000000, -0.205549, 0.978647),
      ["LeftUpperArm"] = CFrame.new(-0.045594, -0.851179, 0.547253, 0.984816, -0.173361, 0.009182, 0.000058, -0.052564, -0.998618, 0.173604, 0.983455, -0.051756),
      ["LeftUpperLeg"] = CFrame.new(-0.000506, -0.019057, -0.011928, 0.998989, 0.035305, 0.027847, -0.038115, 0.993437, 0.107843, -0.023857, -0.108796, 0.993778),
      ["LowerTorso"] = CFrame.new(0.000000, 0.001135, 0.685252, 1.000000, 0.000000, 0.000000, 0.000000, 0.998865, -0.047636, 0.000000, 0.047636, 0.998865),
      ["RightUpperArm"] = CFrame.new(0.040351, -0.846963, 0.548313, 0.987934, 0.153425, 0.021139, 0.027049, -0.036533, -0.998966, -0.152494, 0.987485, -0.040242),
      ["RightUpperLeg"] = CFrame.new(0.001218, -0.024454, -0.024858, 0.997565, -0.043269, -0.054691, 0.048905, 0.993131, 0.106300, 0.049716, -0.108716, 0.992829)
    }},
    { Time = 0.367, Data = {
      ["Balls"] = CFrame.new(0.000000, -0.000001, 0.000000, 0.995090, -0.098976, 0.000000, 0.098976, 0.995090, 0.000000, 0.000000, 0.000000, 1.000000),
      ["Cock"] = CFrame.new(-0.000000, -0.000000, 0.000000, 0.991221, -0.132213, 0.000000, 0.132213, 0.991221, 0.000000, 0.000000, 0.000000, 1.000000),
      ["Head"] = CFrame.new(0.000000, 0.000000, 0.000000, 1.000000, -0.000000, 0.000000, 0.000000, 0.979442, 0.201726, -0.000000, -0.201726, 0.979442),
      ["LeftUpperArm"] = CFrame.new(-0.045647, -0.849843, 0.547311, 0.984803, -0.173562, 0.006328, -0.001951, -0.047486, -0.998870, 0.173666, 0.983677, -0.047103),
      ["LeftUpperLeg"] = CFrame.new(-0.000507, -0.019072, -0.011932, 0.998987, 0.035084, 0.028171, -0.038145, 0.992436, 0.116688, -0.023864, -0.117644, 0.992769),
      ["LowerTorso"] = CFrame.new(0.000000, 0.001442, 0.679215, 1.000000, 0.000000, 0.000000, 0.000000, 0.998559, -0.053673, 0.000000, 0.053673, 0.998559),
      ["RightUpperArm"] = CFrame.new(0.040348, -0.845611, 0.548359, 0.987866, 0.153415, 0.024197, 0.029347, -0.031393, -0.999076, -0.152513, 0.987663, -0.035514),
      ["RightUpperLeg"] = CFrame.new(0.001219, -0.024443, -0.024885, 0.997564, -0.042752, -0.055126, 0.048883, 0.992145, 0.115144, 0.049771, -0.117559, 0.991818)
    }},
    { Time = 0.383, Data = {
      ["Balls"] = CFrame.new(-0.000000, -0.000001, 0.000000, 0.996101, -0.088221, 0.000000, 0.088221, 0.996101, 0.000000, 0.000000, 0.000000, 1.000000),
      ["Cock"] = CFrame.new(0.000000, 0.000000, 0.000000, 0.989991, -0.141127, 0.000000, 0.141127, 0.989991, 0.000000, 0.000000, 0.000000, 1.000000),
      ["Head"] = CFrame.new(0.000000, -0.000000, 0.000000, 1.000000, -0.000000, 0.000000, 0.000000, 0.980308, 0.197475, -0.000000, -0.197475, 0.980308),
      ["LeftUpperArm"] = CFrame.new(-0.045679, -0.848634, 0.547361, 0.984794, -0.173685, 0.003694, -0.003816, -0.042889, -0.999073, 0.173682, 0.983867, -0.042899),
      ["LeftUpperLeg"] = CFrame.new(-0.000507, -0.019083, -0.011943, 0.998986, 0.034872, 0.028480, -0.038166, 0.991454, 0.124753, -0.023887, -0.125713, 0.991779),
      ["LowerTorso"] = CFrame.new(0.000000, 0.001753, 0.673697, 1.000000, 0.000000, 0.000000, 0.000000, 0.998247, -0.059191, 0.000000, 0.059191, 0.998247),
      ["RightUpperArm"] = CFrame.new(0.040342, -0.844390, 0.548396, 0.987801, 0.153391, 0.026853, 0.031316, -0.026751, -0.999151, -0.152543, 0.987803, -0.031228),
      ["RightUpperLeg"] = CFrame.new(0.001220, -0.024464, -0.024877, 0.997563, -0.042344, -0.055461, 0.048923, 0.991174, 0.123210, 0.049755, -0.125623, 0.990830)
    }},
    { Time = 0.400, Data = {
      ["Balls"] = CFrame.new(-0.000000, -0.000001, 0.000000, 0.997075, -0.076425, 0.000000, 0.076425, 0.997075, 0.000000, 0.000000, 0.000000, 1.000000),
      ["Cock"] = CFrame.new(0.000000, 0.000000, 0.000000, 0.988836, -0.149006, 0.000000, 0.149006, 0.988836, 0.000000, 0.000000, 0.000000, 1.000000),
      ["Head"] = CFrame.new(0.000000, -0.000000, 0.000000, 1.000000, -0.000000, 0.000000, 0.000000, 0.981256, 0.192711, -0.000000, -0.192711, 0.981256),
      ["LeftUpperArm"] = CFrame.new(-0.045707, -0.847553, 0.547401, 0.984782, -0.173791, 0.001345, -0.005479, -0.038777, -0.999233, 0.173710, 0.984019, -0.039139),
      ["LeftUpperLeg"] = CFrame.new(-0.000508, -0.019089, -0.011963, 0.998985, 0.034671, 0.028773, -0.038178, 0.990520, 0.131954, -0.023926, -0.132919, 0.990838),
      ["LowerTorso"] = CFrame.new(0.000000, 0.002057, 0.668784, 1.000000, 0.000000, 0.000000, 0.000000, 0.997943, -0.064104, 0.000000, 0.064104, 0.997943),
      ["RightUpperArm"] = CFrame.new(0.040350, -0.843327, 0.548422, 0.987727, 0.153423, 0.029281, 0.033148, -0.022708, -0.999192, -0.152634, 0.987900, -0.027515),
      ["RightUpperLeg"] = CFrame.new(0.001218, -0.024430, -0.024884, 0.997565, -0.041875, -0.055768, 0.048855, 0.990266, 0.130329, 0.049768, -0.132736, 0.989901)
    }},
    { Time = 0.417, Data = {
      ["Balls"] = CFrame.new(-0.000000, -0.000001, 0.000000, 0.997971, -0.063673, 0.000000, 0.063673, 0.997971, 0.000000, 0.000000, 0.000000, 1.000000),
      ["Cock"] = CFrame.new(0.000000, 0.000000, 0.000000, 0.987794, -0.155765, 0.000000, 0.155765, 0.987794, 0.000000, 0.000000, 0.000000, 1.000000),
      ["Head"] = CFrame.new(0.000000, -0.000000, 0.000000, 1.000000, -0.000000, 0.000000, 0.000000, 0.982245, 0.187603, -0.000000, -0.187603, 0.982245),
      ["LeftUpperArm"] = CFrame.new(-0.045732, -0.846600, 0.547432, 0.984766, -0.173885, -0.000721, -0.006939, -0.035154, -0.999358, 0.173748, 0.984138, -0.035825),
      ["LeftUpperLeg"] = CFrame.new(-0.000507, -0.019086, -0.011949, 0.998985, 0.034489, 0.028961, -0.038172, 0.989679, 0.138124, -0.023899, -0.139090, 0.989991),
      ["LowerTorso"] = CFrame.new(0.000000, 0.002337, 0.664561, 1.000000, 0.000000, 0.000000, 0.000000, 0.997663, -0.068327, 0.000000, 0.068327, 0.997663),
      ["RightUpperArm"] = CFrame.new(0.040342, -0.842397, 0.548443, 0.987668, 0.153391, 0.031368, 0.034712, -0.019171, -0.999214, -0.152669, 0.987980, -0.024259),
      ["RightUpperLeg"] = CFrame.new(0.001217, -0.024424, -0.024856, 0.997568, -0.041523, -0.055973, 0.048843, 0.989435, 0.136500, 0.049713, -0.138902, 0.989057)
    }},
    { Time = 0.433, Data = {
      ["Balls"] = CFrame.new(-0.000000, -0.000001, 0.000000, 0.998747, -0.050051, 0.000000, 0.050051, 0.998747, 0.000000, 0.000000, 0.000000, 1.000000),
      ["Cock"] = CFrame.new(0.000000, 0.000000, 0.000000, 0.986874, -0.161494, 0.000000, 0.161494, 0.986874, 0.000000, 0.000000, 0.000000, 1.000000),
      ["Head"] = CFrame.new(0.000000, -0.000000, 0.000000, 1.000000, -0.000000, 0.000000, 0.000000, 0.983271, 0.182150, -0.000000, -0.182150, 0.983271),
      ["LeftUpperArm"] = CFrame.new(-0.045753, -0.845843, 0.547455, 0.984749, -0.173967, -0.002360, -0.008097, -0.032275, -0.999446, 0.173794, 0.984223, -0.033191),
      ["LeftUpperLeg"] = CFrame.new(-0.000507, -0.019077, -0.011946, 0.998986, 0.034321, 0.029131, -0.038154, 0.988949, 0.143263, -0.023892, -0.144229, 0.989256),
      ["LowerTorso"] = CFrame.new(0.000000, 0.002585, 0.661029, 1.000000, 0.000000, 0.000000, 0.000000, 0.997415, -0.071860, 0.000000, 0.071860, 0.997415),
      ["RightUpperArm"] = CFrame.new(0.040349, -0.841597, 0.548456, 0.987607, 0.153417, 0.033113, 0.036009, -0.016131, -0.999221, -0.152764, 0.988030, -0.021455),
      ["RightUpperLeg"] = CFrame.new(0.001219, -0.024452, -0.024882, 0.997563, -0.041279, -0.056246, 0.048899, 0.988710, 0.141636, 0.049764, -0.144041, 0.988320)
    }},
    { Time = 0.450, Data = {
      ["Balls"] = CFrame.new(-0.000000, -0.000001, 0.000000, 0.999358, -0.035818, 0.000000, 0.035818, 0.999358, 0.000000, 0.000000, 0.000000, 1.000000),
      ["Cock"] = CFrame.new(0.000000, 0.000000, 0.000000, 0.986136, -0.165937, 0.000000, 0.165937, 0.986136, 0.000000, 0.000000, 0.000000, 1.000000),
      ["Head"] = CFrame.new(0.000000, 0.000000, 0.000000, 1.000000, -0.000000, 0.000000, 0.000000, 0.984312, 0.176437, -0.000000, -0.176437, 0.984312),
      ["LeftUpperArm"] = CFrame.new(-0.045757, -0.845219, 0.547474, 0.984742, -0.173981, -0.003654, -0.008992, -0.029902, -0.999512, 0.173787, 0.984295, -0.031010),
      ["LeftUpperLeg"] = CFrame.new(-0.000506, -0.019062, -0.011952, 0.998987, 0.034168, 0.029282, -0.038124, 0.988346, 0.147372, -0.023905, -0.148339, 0.988648),
      ["LowerTorso"] = CFrame.new(0.000000, 0.002788, 0.658272, 1.000000, 0.000000, 0.000000, 0.000000, 0.997212, -0.074616, 0.000000, 0.074616, 0.997212),
      ["RightUpperArm"] = CFrame.new(0.040341, -0.840996, 0.548466, 0.987563, 0.153389, 0.034499, 0.037057, -0.013845, -0.999217, -0.152791, 0.988069, -0.019357),
      ["RightUpperLeg"] = CFrame.new(0.001220, -0.024464, -0.024877, 0.997563, -0.041070, -0.056411, 0.048922, 0.988112, 0.145744, 0.049755, -0.148149, 0.987713)
    }},
    { Time = 0.467, Data = {
      ["Balls"] = CFrame.new(-0.000000, -0.000001, 0.000000, 0.999776, -0.021148, 0.000000, 0.021148, 0.999776, 0.000000, 0.000000, 0.000000, 1.000000),
      ["Cock"] = CFrame.new(0.000000, 0.000000, 0.000000, 0.985585, -0.169182, 0.000000, 0.169182, 0.985585, 0.000000, 0.000000, 0.000000, 1.000000),
      ["Head"] = CFrame.new(0.000000, 0.000000, -0.000000, 1.000000, -0.000000, 0.000000, 0.000000, 0.985349, 0.170548, -0.000000, -0.170548, 0.985349),
      ["LeftUpperArm"] = CFrame.new(-0.045759, -0.844757, 0.547487, 0.984737, -0.173990, -0.004653, -0.009696, -0.028148, -0.999557, 0.173781, 0.984345, -0.029405),
      ["LeftUpperLeg"] = CFrame.new(-0.000506, -0.019080, -0.011924, 0.998987, 0.034125, 0.029332, -0.038159, 0.987907, 0.150281, -0.023849, -0.151248, 0.988208),
      ["LowerTorso"] = CFrame.new(0.000000, 0.002945, 0.656205, 1.000000, 0.000000, 0.000000, 0.000000, 0.997055, -0.076684, 0.000000, 0.076684, 0.997055),
      ["RightUpperArm"] = CFrame.new(0.040335, -0.840530, 0.548473, 0.987532, 0.153365, 0.035482, 0.037777, -0.012073, -0.999213, -0.152816, 0.988096, -0.017717),
      ["RightUpperLeg"] = CFrame.new(0.001220, -0.024461, -0.024887, 0.997562, -0.040894, -0.056551, 0.048916, 0.987679, 0.148653, 0.049775, -0.151057, 0.987271)
    }},
    { Time = 0.483, Data = {
      ["Balls"] = CFrame.new(-0.000000, -0.000001, 0.000000, 0.999982, -0.006043, 0.000000, 0.006043, 0.999982, 0.000000, 0.000000, 0.000000, 1.000000),
      ["Cock"] = CFrame.new(0.000000, 0.000000, 0.000000, 0.985246, -0.171146, 0.000000, 0.171146, 0.985246, 0.000000, 0.000000, 0.000000, 1.000000),
      ["Head"] = CFrame.new(0.000000, 0.000000, 0.000000, 1.000000, -0.000000, 0.000000, 0.000000, 0.986380, 0.164485, -0.000000, -0.164485, 0.986380),
      ["LeftUpperArm"] = CFrame.new(-0.045777, -0.844491, 0.547491, 0.984722, -0.174055, -0.005284, -0.010159, -0.027133, -0.999580, 0.173839, 0.984362, -0.028486),
      ["LeftUpperLeg"] = CFrame.new(-0.000506, -0.019051, -0.011953, 0.998988, 0.034006, 0.029442, -0.038101, 0.987634, 0.152077, -0.023907, -0.153045, 0.987930),
      ["LowerTorso"] = CFrame.new(0.000000, 0.003038, 0.654999, 1.000000, 0.000000, 0.000000, 0.000000, 0.996962, -0.077890, 0.000000, 0.077890, 0.996962),
      ["RightUpperArm"] = CFrame.new(0.040331, -0.840263, 0.548477, 0.987514, 0.153350, 0.036044, 0.038189, -0.011060, -0.999209, -0.152830, 0.988110, -0.016778),
      ["RightUpperLeg"] = CFrame.new(0.001218, -0.024441, -0.024869, 0.997566, -0.040757, -0.056582, 0.048875, 0.987408, 0.150452, 0.049738, -0.152851, 0.986997)
    }},
    { Time = 0.500, Data = {
      ["Balls"] = CFrame.new(-0.000000, -0.000001, 0.000000, 0.999958, 0.009150, 0.000000, -0.009150, 0.999958, -0.000000, -0.000000, 0.000000, 1.000000),
      ["Cock"] = CFrame.new(0.000000, 0.000000, 0.000000, 0.985142, -0.171744, 0.000000, 0.171744, 0.985142, 0.000000, 0.000000, 0.000000, 1.000000),
      ["Head"] = CFrame.new(0.000000, 0.000000, 0.000000, 1.000000, -0.000000, 0.000000, 0.000000, 0.987386, 0.158331, -0.000000, -0.158331, 0.987386),
      ["LeftUpperArm"] = CFrame.new(-0.045777, -0.844424, 0.547493, 0.984721, -0.174056, -0.005426, -0.010260, -0.026882, -0.999586, 0.173838, 0.984369, -0.028257),
      ["LeftUpperLeg"] = CFrame.new(-0.000506, -0.019054, -0.011948, 0.998988, 0.033997, 0.029453, -0.038109, 0.987541, 0.152676, -0.023895, -0.153644, 0.987837),
