return {
  ["Astros hump10"] = {
    { Time = 0.000, Data = {
      ["Balls"] = CFrame.new(0.066798, 0.011257, 0.000000, 0.996124, -0.087963, 0.000000, 0.087963, 0.996124, 0.000000, 0.000000, 0.000000, 1.000000),
      ["Cock"] = CFrame.new(0.000000, 0.000000, 0.000000, 0.808464, 0.588546, 0.000000, -0.588546, 0.808464, -0.000000, -0.000000, 0.000000, 1.000000),
      ["Head"] = CFrame.new(0.000000, 0.013282, 0.024529, 0.999475, -0.021350, -0.024356, 0.007653, 0.886364, -0.462927, 0.031472, 0.462497, 0.886062),
      ["LeftUpperArm"] = CFrame.new(0.038480, -0.470295, -0.369361, 0.981643, -0.051271, -0.183705, -0.188005, -0.098017, -0.977265, 0.032099, 0.993863, -0.105857),
      ["LeftUpperLeg"] = CFrame.new(-0.435022, 0.070611, -0.334626, 0.942575, -0.094310, 0.320402, 0.257450, 0.816283, -0.517108, -0.212771, 0.569901, 0.793689),
      ["LowerTorso"] = CFrame.new(-0.000008, -0.093849, 1.660430, 1.000000, -0.000000, 0.000000, 0.000000, 0.166284, 0.986078, -0.000000, -0.986078, 0.166284),
      ["RightUpperArm"] = CFrame.new(0.240013, -0.493835, -0.211539, 0.548576, 0.812444, 0.197482, 0.698240, -0.315237, -0.642718, -0.459919, 0.490469, -0.740212),
      ["RightUpperLeg"] = CFrame.new(0.435028, 0.070620, -0.334623, 0.942575, 0.094310, -0.320402, -0.257450, 0.816283, -0.517108, 0.212771, 0.569901, 0.793689)
    }},
    { Time = 0.017, Data = {
      ["Balls"] = CFrame.new(0.066798, 0.011257, 0.000000, 0.996162, -0.087533, 0.000000, 0.087533, 0.996162, 0.000000, 0.000000, 0.000000, 1.000000),
      ["Head"] = CFrame.new(0.000000, 0.013253, 0.024474, 0.999477, -0.021262, -0.024380, 0.007575, 0.886529, -0.462610, 0.031450, 0.462184, 0.886226),
      ["LeftUpperArm"] = CFrame.new(0.038486, -0.470237, -0.369334, 0.981643, -0.051250, -0.183711, -0.188001, -0.097787, -0.977289, 0.032121, 0.993887, -0.105627),
      ["LeftUpperLeg"] = CFrame.new(-0.435087, 0.070652, -0.334639, 0.942551, -0.094313, 0.320473, 0.257455, 0.816383, -0.516949, -0.212874, 0.569758, 0.793764),
      ["LowerTorso"] = CFrame.new(-0.000008, -0.093908, 1.660403, 1.000000, -0.000000, 0.000000, 0.000000, 0.166284, 0.986078, -0.000000, -0.986078, 0.166284),
      ["RightUpperArm"] = CFrame.new(0.240010, -0.493841, -0.211501, 0.548576, 0.812434, 0.197525, 0.698215, -0.315176, -0.642774, -0.459956, 0.490526, -0.740152),
      ["RightUpperLeg"] = CFrame.new(0.435093, 0.070662, -0.334635, 0.942551, 0.094313, -0.320473, -0.257455, 0.816383, -0.516949, 0.212874, 0.569758, 0.793764)
    }},
    { Time = 0.033, Data = {
      ["Balls"] = CFrame.new(0.066798, 0.011257, 0.000000, 0.996282, -0.086155, 0.000000, 0.086155, 0.996282, 0.000000, 0.000000, 0.000000, 1.000000),
      ["Head"] = CFrame.new(0.000000, 0.013164, 0.024311, 0.999477, -0.021248, -0.024392, 0.007593, 0.887063, -0.461586, 0.031445, 0.461159, 0.886760),
      ["LeftUpperArm"] = CFrame.new(0.038489, -0.470039, -0.369166, 0.981629, -0.051238, -0.183789, -0.188051, -0.096967, -0.977361, 0.032256, 0.993968, -0.104821),
      ["LeftUpperLeg"] = CFrame.new(-0.435514, 0.070954, -0.334590, 0.942437, -0.094481, 0.320759, 0.257503, 0.817013, -0.515928, -0.213319, 0.568826, 0.794312),
      ["LowerTorso"] = CFrame.new(-0.000008, -0.094992, 1.660103, 1.000000, -0.000000, 0.000000, 0.000000, 0.166952, 0.985965, -0.000000, -0.985965, 0.166952),
      ["RightUpperArm"] = CFrame.new(0.240008, -0.493920, -0.211286, 0.548600, 0.812429, 0.197476, 0.697884, -0.314893, -0.643273, -0.460430, 0.490715, -0.739732),
      ["RightUpperLeg"] = CFrame.new(0.435520, 0.070964, -0.334586, 0.942437, 0.094481, -0.320759, -0.257503, 0.817013, -0.515928, 0.213319, 0.568826, 0.794312)
    }},
    { Time = 0.050, Data = {
      ["Balls"] = CFrame.new(0.066798, 0.011257, 0.000000, 0.996480, -0.083831, 0.000000, 0.083831, 0.996480, 0.000000, 0.000000, 0.000000, 1.000000),
      ["Head"] = CFrame.new(0.000000, 0.013017, 0.024038, 0.999477, -0.021225, -0.024412, 0.007622, 0.887923, -0.459930, 0.031438, 0.459503, 0.887620),
      ["LeftUpperArm"] = CFrame.new(0.038501, -0.469447, -0.368709, 0.981633, -0.051191, -0.183782, -0.187960, -0.094533, -0.977617, 0.032672, 0.994205, -0.102419),
      ["LeftUpperLeg"] = CFrame.new(-0.436689, 0.071797, -0.334498, 0.942095, -0.094925, 0.321632, 0.257685, 0.818699, -0.513158, -0.214608, 0.566323, 0.795752),
      ["LowerTorso"] = CFrame.new(-0.000008, -0.097790, 1.659310, 1.000000, -0.000000, 0.000000, 0.000000, 0.168623, 0.985681, -0.000000, -0.985681, 0.168623),
      ["RightUpperArm"] = CFrame.new(0.240018, -0.494087, -0.210692, 0.548540, 0.812466, 0.197492, 0.697074, -0.313942, -0.644615, -0.461727, 0.491264, -0.738558),
      ["RightUpperLeg"] = CFrame.new(0.436695, 0.071806, -0.334494, 0.942095, 0.094925, -0.321632, -0.257685, 0.818699, -0.513158, 0.214608, 0.566323, 0.795752)
    }},
    { Time = 0.067, Data = {
      ["Balls"] = CFrame.new(0.066798, 0.011257, 0.000000, 0.996750, -0.080559, 0.000000, 0.080559, 0.996750, 0.000000, 0.000000, 0.000000, 1.000000),
      ["Head"] = CFrame.new(0.000000, 0.012810, 0.023656, 0.999474, -0.021214, -0.024523, 0.007643, 0.889104, -0.457641, 0.031512, 0.457213, 0.888799),
      ["LeftUpperArm"] = CFrame.new(0.038535, -0.468320, -0.367824, 0.981632, -0.051061, -0.183826, -0.187837, -0.089887, -0.978079, 0.033419, 0.994642, -0.097827),
      ["LeftUpperLeg"] = CFrame.new(-0.438964, 0.073425, -0.334262, 0.941456, -0.095845, 0.323226, 0.258011, 0.821945, -0.507777, -0.217006, 0.561445, 0.798553),
      ["LowerTorso"] = CFrame.new(-0.000008, -0.103209, 1.657761, 1.000000, -0.000000, 0.000000, 0.000000, 0.171848, 0.985124, -0.000000, -0.985124, 0.171848),
      ["RightUpperArm"] = CFrame.new(0.240005, -0.494473, -0.209524, 0.548607, 0.812417, 0.197506, 0.695474, -0.312316, -0.647129, -0.464054, 0.492380, -0.736354),
      ["RightUpperLeg"] = CFrame.new(0.438970, 0.073435, -0.334258, 0.941456, 0.095845, -0.323226, -0.258011, 0.821945, -0.507777, 0.217006, 0.561445, 0.798553)
    }},
    { Time = 0.083, Data = {
      ["Balls"] = CFrame.new(0.066798, 0.011257, 0.000000, 0.997082, -0.076339, 0.000000, 0.076339, 0.997082, 0.000000, 0.000000, 0.000000, 1.000000),
      ["Head"] = CFrame.new(0.000000, 0.012544, 0.023166, 0.999475, -0.021089, -0.024579, 0.007612, 0.890644, -0.454638, 0.031479, 0.454212, 0.890337),
      ["LeftUpperArm"] = CFrame.new(0.038564, -0.466449, -0.366378, 0.981628, -0.050950, -0.183875, -0.187611, -0.082184, -0.978799, 0.034759, 0.995314, -0.090232),
      ["LeftUpperLeg"] = CFrame.new(-0.442728, 0.076109, -0.333902, 0.940374, -0.097370, 0.325907, 0.258548, 0.827213, -0.498871, -0.221019, 0.553388, 0.803064),
      ["LowerTorso"] = CFrame.new(-0.000008, -0.112261, 1.655163, 1.000000, -0.000000, 0.000000, 0.000000, 0.177282, 0.984160, -0.000000, -0.984160, 0.177282),
      ["RightUpperArm"] = CFrame.new(0.240016, -0.495083, -0.207637, 0.548565, 0.812456, 0.197464, 0.692866, -0.309535, -0.651249, -0.467989, 0.494068, -0.732723),
      ["RightUpperLeg"] = CFrame.new(0.442735, 0.076119, -0.333898, 0.940374, 0.097370, -0.325907, -0.258548, 0.827213, -0.498871, 0.221019, 0.553388, 0.803064)
    }},
    { Time = 0.100, Data = {
      ["Balls"] = CFrame.new(0.066798, 0.011257, 0.000000, 0.997458, -0.071257, 0.000000, 0.071257, 0.997458, 0.000000, 0.000000, 0.000000, 1.000000),
      ["Head"] = CFrame.new(0.000000, 0.012220, 0.022566, 0.999477, -0.020956, -0.024641, 0.007591, 0.892453, -0.451076, 0.031444, 0.450653, 0.892145),
      ["LeftUpperArm"] = CFrame.new(0.038640, -0.463626, -0.364245, 0.981605, -0.050662, -0.184078, -0.187372, -0.070568, -0.979751, 0.036646, 0.996220, -0.078762),
      ["LeftUpperLeg"] = CFrame.new(-0.448353, 0.080083, -0.333363, 0.938744, -0.099708, 0.329876, 0.259288, 0.834892, -0.485516, -0.227001, 0.541308, 0.809603),
      ["LowerTorso"] = CFrame.new(-0.000008, -0.125611, 1.651258, 1.000000, -0.000000, 0.000000, 0.000000, 0.185236, 0.982694, -0.000000, -0.982694, 0.185236),
      ["RightUpperArm"] = CFrame.new(0.240020, -0.495970, -0.204802, 0.548535, 0.812474, 0.197472, 0.688885, -0.305305, -0.657439, -0.473863, 0.496664, -0.727172),
      ["RightUpperLeg"] = CFrame.new(0.448359, 0.080092, -0.333359, 0.938744, 0.099708, -0.329876, -0.259288, 0.834892, -0.485516, 0.227001, 0.541308, 0.809603)
    }},
    { Time = 0.117, Data = {
      ["Balls"] = CFrame.new(0.066798, 0.011257, 0.000000, 0.997871, -0.065225, 0.000000, 0.065225, 0.997871, 0.000000, 0.000000, 0.000000, 1.000000),
      ["Head"] = CFrame.new(0.000000, 0.011836, 0.021858, 0.999475, -0.020831, -0.024796, 0.007564, 0.894644, -0.446715, 0.031489, 0.446293, 0.894332),
      ["LeftUpperArm"] = CFrame.new(0.038714, -0.459722, -0.361333, 0.981596, -0.050381, -0.184202, -0.186863, -0.054495, -0.980873, 0.039379, 0.997242, -0.062906),
      ["LeftUpperLeg"] = CFrame.new(-0.456205, 0.085514, -0.332609, 0.936464, -0.103028, 0.335293, 0.260092, 0.845316, -0.466683, -0.235347, 0.524239, 0.818404),
      ["LowerTorso"] = CFrame.new(-0.000008, -0.144345, 1.645678, 1.000000, -0.000000, 0.000000, 0.000000, 0.196437, 0.980517, -0.000000, -0.980517, 0.196437),
      ["RightUpperArm"] = CFrame.new(0.240013, -0.497210, -0.200847, 0.548552, 0.812446, 0.197542, 0.683265, -0.299407, -0.665962, -0.481912, 0.500288, -0.719356),
      ["RightUpperLeg"] = CFrame.new(0.456211, 0.085523, -0.332606, 0.936464, 0.103028, -0.335293, -0.260092, 0.845316, -0.466683, 0.235347, 0.524239, 0.818404)
    }},
    { Time = 0.133, Data = {
      ["Balls"] = CFrame.new(0.066798, 0.011257, 0.000000, 0.998302, -0.058243, 0.000000, 0.058243, 0.998302, 0.000000, 0.000000, 0.000000, 1.000000),
      ["Head"] = CFrame.new(0.000000, 0.011393, 0.021040, 0.999475, -0.020763, -0.024853, 0.007650, 0.897085, -0.441791, 0.031468, 0.441369, 0.896774),
      ["LeftUpperArm"] = CFrame.new(0.038855, -0.454504, -0.357561, 0.981575, -0.049844, -0.184463, -0.186211, -0.033018, -0.981955, 0.042854, 0.998211, -0.041691),
      ["LeftUpperLeg"] = CFrame.new(-0.466669, 0.092580, -0.331598, 0.933398, -0.107627, 0.342322, 0.260840, 0.858630, -0.441269, -0.246436, 0.501171, 0.829517),
      ["LowerTorso"] = CFrame.new(-0.000008, -0.169073, 1.638088, 1.000000, -0.000000, 0.000000, 0.000000, 0.211142, 0.977455, -0.000000, -0.977455, 0.211142),
      ["RightUpperArm"] = CFrame.new(0.240009, -0.498869, -0.195634, 0.548592, 0.812431, 0.197491, 0.675597, -0.291586, -0.677161, -0.492561, 0.504909, -0.708838),
      ["RightUpperLeg"] = CFrame.new(0.466676, 0.092588, -0.331594, 0.933398, 0.107627, -0.342322, -0.260840, 0.858630, -0.441269, 0.246436, 0.501171, 0.829517)
    }},
    { Time = 0.150, Data = {
      ["Balls"] = CFrame.new(0.066798, 0.011257, 0.000000, 0.998729, -0.050396, 0.000000, 0.050396, 0.998729, 0.000000, 0.000000, 0.000000, 1.000000),
      ["Head"] = CFrame.new(0.000000, 0.010891, 0.020113, 0.999474, -0.020619, -0.025023, 0.007647, 0.899886, -0.436059, 0.031509, 0.435638, 0.899570),
      ["LeftUpperArm"] = CFrame.new(0.039001, -0.447810, -0.352897, 0.981558, -0.049293, -0.184698, -0.185185, -0.005461, -0.982689, 0.047431, 0.998769, -0.014488),
      ["LeftUpperLeg"] = CFrame.new(-0.480155, 0.101428, -0.330328, 0.929363, -0.113839, 0.351176, 0.261350, 0.874736, -0.408084, -0.260731, 0.471038, 0.842700),
      ["LowerTorso"] = CFrame.new(-0.000008, -0.200911, 1.627983, 1.000000, -0.000000, 0.000000, 0.000000, 0.230110, 0.973165, -0.000000, -0.973165, 0.230110),
      ["RightUpperArm"] = CFrame.new(0.240013, -0.500943, -0.188988, 0.548577, 0.812444, 0.197477, 0.665525, -0.281338, -0.691321, -0.506102, 0.510669, -0.695038),
      ["RightUpperLeg"] = CFrame.new(0.480161, 0.101436, -0.330325, 0.929363, 0.113839, -0.351176, -0.261350, 0.874736, -0.408084, 0.260731, 0.471038, 0.842700)
    }},
    { Time = 0.167, Data = {
      ["Balls"] = CFrame.new(0.066798, 0.011257, 0.000000, 0.999138, -0.041512, 0.000000, 0.041512, 0.999138, 0.000000, 0.000000, 0.000000, 1.000000),
      ["Head"] = CFrame.new(0.000000, 0.010331, 0.019078, 0.999477, -0.020363, -0.025133, 0.007589, 0.902915, -0.429753, 0.031444, 0.429337, 0.902597),
      ["LeftUpperArm"] = CFrame.new(0.039215, -0.439463, -0.347352, 0.981542, -0.048478, -0.185002, -0.183763, 0.028901, -0.982546, 0.052978, 0.998406, 0.019460),
      ["LeftUpperLeg"] = CFrame.new(-0.497059, 0.112136, -0.328714, 0.924198, -0.122106, 0.361867, 0.261304, 0.893189, -0.365970, -0.278528, 0.432786, 0.857390),
      ["LowerTorso"] = CFrame.new(-0.000007, -0.240473, 1.614866, 1.000000, -0.000000, 0.000000, 0.000000, 0.253600, 0.967309, -0.000000, -0.967309, 0.253600),
      ["RightUpperArm"] = CFrame.new(0.240011, -0.503492, -0.180757, 0.548571, 0.812440, 0.197514, 0.652600, -0.268381, -0.708580, -0.522669, 0.517604, -0.677424),
      ["RightUpperLeg"] = CFrame.new(0.497066, 0.112143, -0.328711, 0.924198, 0.122106, -0.361867, -0.261304, 0.893189, -0.365970, 0.278528, 0.432786, 0.857390)
    }},
    { Time = 0.183, Data = {
      ["Balls"] = CFrame.new(0.066798, 0.011257, 0.000000, 0.999495, -0.031762, 0.000000, 0.031762, 0.999495, 0.000000, 0.000000, 0.000000, 1.000000),
      ["Head"] = CFrame.new(0.000000, 0.009711, 0.017933, 0.999475, -0.020199, -0.025315, 0.007608, 0.906233, -0.422711, 0.031480, 0.422297, 0.905911),
      ["LeftUpperArm"] = CFrame.new(0.039456, -0.429251, -0.341005, 0.981532, -0.047564, -0.185293, -0.181715, 0.070938, -0.980789, 0.059794, 0.996346, 0.060985),
      ["LeftUpperLeg"] = CFrame.new(-0.517769, 0.124577, -0.326712, 0.917765, -0.132757, 0.374277, 0.259971, 0.913300, -0.313526, -0.300204, 0.385044, 0.872708),
      ["LowerTorso"] = CFrame.new(-0.000007, -0.288620, 1.598068, 1.000000, -0.000000, 0.000000, 0.000000, 0.282115, 0.959380, -0.000000, -0.959380, 0.282115),
      ["RightUpperArm"] = CFrame.new(0.240012, -0.506554, -0.170827, 0.548575, 0.812441, 0.197497, 0.636223, -0.252361, -0.729064, -0.542481, 0.525598, -0.655333),
      ["RightUpperLeg"] = CFrame.new(0.517776, 0.124583, -0.326709, 0.917765, 0.132757, -0.374277, -0.259971, 0.913300, -0.313526, 0.300204, 0.385044, 0.872708)
    }},
    { Time = 0.200, Data = {
      ["Balls"] = CFrame.new(0.066798, 0.011257, 0.000000, 0.999778, -0.021061, 0.000000, 0.021061, 0.999778, 0.000000, 0.000000, 0.000000, 1.000000),
      ["Head"] = CFrame.new(0.000000, 0.009032, 0.016679, 0.999474, -0.020024, -0.025504, 0.007640, 0.909823, -0.414927, 0.031513, 0.414514, 0.909497),
      ["LeftUpperArm"] = CFrame.new(0.039755, -0.417031, -0.334007, 0.981514, -0.046426, -0.185674, -0.178963, 0.121248, -0.976356, 0.067841, 0.991536, 0.110698),
      ["LeftUpperLeg"] = CFrame.new(-0.542706, 0.138703, -0.324175, 0.909853, -0.146548, 0.388189, 0.256781, 0.933750, -0.249348, -0.325931, 0.326550, 0.887206),
      ["LowerTorso"] = CFrame.new(-0.000007, -0.345994, 1.576828, 1.000000, -0.000000, 0.000000, 0.000000, 0.315944, 0.948778, -0.000000, -0.948778, 0.315944),
      ["RightUpperArm"] = CFrame.new(0.240010, -0.510145, -0.159087, 0.548588, 0.812436, 0.197482, 0.615788, -0.232837, -0.752723, -0.565558, 0.534541, -0.628020),
      ["RightUpperLeg"] = CFrame.new(0.542713, 0.138708, -0.324172, 0.909853, 0.146548, -0.388189, -0.256781, 0.933750, -0.249348, 0.325931, 0.326550, 0.887206)
    }},
    { Time = 0.217, Data = {
      ["Balls"] = CFrame.new(0.066798, 0.011257, 0.000000, 0.999956, -0.009409, 0.000000, 0.009409, 0.999956, 0.000000, 0.000000, 0.000000, 1.000000),
      ["Head"] = CFrame.new(0.000000, 0.008294, 0.015317, 0.999477, -0.019738, -0.025631, 0.007616, 0.913595, -0.406553, 0.031441, 0.406145, 0.913268),
      ["LeftUpperArm"] = CFrame.new(0.040127, -0.403325, -0.326867, 0.981520, -0.045013, -0.185991, -0.175342, 0.177723, -0.968333, 0.076642, 0.983051, 0.166546),
      ["LeftUpperLeg"] = CFrame.new(-0.571102, 0.153600, -0.321133, 0.900651, -0.163200, 0.402732, 0.250916, 0.951993, -0.175357, -0.354780, 0.258988, 0.898363),
      ["LowerTorso"] = CFrame.new(-0.000006, -0.410625, 1.551279, 1.000000, -0.000000, 0.000000, 0.000000, 0.353872, 0.935294, -0.000000, -0.935294, 0.353872),
      ["RightUpperArm"] = CFrame.new(0.240005, -0.514113, -0.145996, 0.548612, 0.812417, 0.197494, 0.591603, -0.210295, -0.778321, -0.590789, 0.543834, -0.595998),
      ["RightUpperLeg"] = CFrame.new(0.571110, 0.153603, -0.321132, 0.900651, 0.163200, -0.402732, -0.250916, 0.951993, -0.175357, 0.354780, 0.258988, 0.898363)
    }},
    { Time = 0.233, Data = {
      ["Balls"] = CFrame.new(0.066798, 0.011257, 0.000000, 0.999995, 0.003108, 0.000000, -0.003108, 0.999995, -0.000000, -0.000000, 0.000000, 1.000000),
      ["Head"] = CFrame.new(0.000000, 0.007497, 0.013845, 0.999476, -0.019458, -0.025850, 0.007588, 0.917638, -0.397345, 0.031452, 0.396941, 0.917305),
      ["LeftUpperArm"] = CFrame.new(0.040427, -0.391332, -0.321283, 0.981533, -0.043874, -0.186193, -0.171689, 0.227169, -0.958602, 0.084355, 0.972867, 0.215441),
      ["LeftUpperLeg"] = CFrame.new(-0.596193, 0.165776, -0.318155, 0.892431, -0.178798, 0.414243, 0.243828, 0.963632, -0.109367, -0.379624, 0.198606, 0.903572),
      ["LowerTorso"] = CFrame.new(-0.000006, -0.467103, 1.527509, 1.000000, -0.000000, 0.000000, 0.000000, 0.386805, 0.922162, -0.000000, -0.922162, 0.386805),
      ["RightUpperArm"] = CFrame.new(0.240011, -0.517519, -0.134673, 0.548567, 0.812443, 0.197510, 0.569440, -0.190064, -0.799759, -0.612219, 0.551191, -0.566900),
      ["RightUpperLeg"] = CFrame.new(0.596201, 0.165779, -0.318153, 0.892431, 0.178798, -0.414243, -0.243828, 0.963632, -0.109367, 0.379624, 0.198606, 0.903572)
    }},
    { Time = 0.250, Data = {
      ["Balls"] = CFrame.new(0.066798, 0.011257, 0.000000, 0.999861, 0.016660, 0.000000, -0.016660, 0.999861, -0.000000, -0.000000, 0.000000, 1.000000),
      ["Head"] = CFrame.new(0.000000, 0.006641, 0.012264, 0.999476, -0.019166, -0.026073, 0.007570, 0.921857, -0.387457, 0.031462, 0.387057, 0.921519),
      ["LeftUpperArm"] = CFrame.new(0.040697, -0.381447, -0.317126, 0.981545, -0.042849, -0.186367, -0.168413, 0.267963, -0.948595, 0.090586, 0.962476, 0.255801),
      ["LeftUpperLeg"] = CFrame.new(-0.617159, 0.175267, -0.315464, 0.885485, -0.192418, 0.422955, 0.236596, 0.970107, -0.053991, -0.399922, 0.147878, 0.904541),
      ["LowerTorso"] = CFrame.new(-0.000006, -0.513863, 1.506785, 1.000000, -0.000000, 0.000000, 0.000000, 0.413934, 0.910307, -0.000000, -0.910307, 0.413934),
      ["RightUpperArm"] = CFrame.new(0.240013, -0.520320, -0.125382, 0.548569, 0.812450, 0.197477, 0.550338, -0.173053, -0.816812, -0.629445, 0.556757, -0.542054),
      ["RightUpperLeg"] = CFrame.new(0.617167, 0.175269, -0.315463, 0.885485, 0.192418, -0.422955, -0.236596, 0.970107, -0.053991, 0.399922, 0.147878, 0.904541)
    }},
    { Time = 0.267, Data = {
      ["Balls"] = CFrame.new(0.066798, 0.011257, 0.000000, 0.999546, 0.030123, 0.000000, -0.030123, 0.999546, -0.000000, -0.000000, 0.000000, 1.000000),
      ["Head"] = CFrame.new(0.000000, 0.005785, 0.010684, 0.999475, -0.018958, -0.026277, 0.007638, 0.925963, -0.377537, 0.031489, 0.377138, 0.925622),
      ["LeftUpperArm"] = CFrame.new(0.040907, -0.373445, -0.314058, 0.981561, -0.042050, -0.186467, -0.165515, 0.301013, -0.939146, 0.095620, 0.952692, 0.288503),
      ["LeftUpperLeg"] = CFrame.new(-0.634351, 0.182619, -0.313091, 0.879745, -0.203959, 0.429475, 0.229837, 0.973191, -0.008630, -0.416201, 0.106301, 0.903038),
      ["LowerTorso"] = CFrame.new(-0.000006, -0.551875, 1.489225, 1.000000, -0.000000, 0.000000, 0.000000, 0.435874, 0.900008, -0.000000, -0.900008, 0.435874),
      ["RightUpperArm"] = CFrame.new(0.240010, -0.522573, -0.117869, 0.548588, 0.812438, 0.197472, 0.534281, -0.158971, -0.830224, -0.643114, 0.560956, -0.521280),
      ["RightUpperLeg"] = CFrame.new(0.634359, 0.182620, -0.313089, 0.879745, 0.203959, -0.429475, -0.229837, 0.973191, -0.008630, 0.416201, 0.106301, 0.903038)
    }},
    { Time = 0.283, Data = {
      ["Balls"] = CFrame.new(0.066798, 0.011257, 0.000000, 0.999087, 0.042720, 0.000000, -0.042720, 0.999087, -0.000000, -0.000000, 0.000000, 1.000000),
      ["Head"] = CFrame.new(0.000000, 0.004988, 0.009212, 0.999475, -0.018673, -0.026488, 0.007610, 0.929702, -0.368235, 0.031502, 0.367840, 0.929355),
      ["LeftUpperArm"] = CFrame.new(0.041077, -0.367114, -0.311814, 0.981584, -0.041406, -0.186492, -0.163040, 0.327186, -0.930789, 0.099558, 0.944052, 0.314410),
      ["LeftUpperLeg"] = CFrame.new(-0.648117, 0.188211, -0.311056, 0.875149, -0.213446, 0.434229, 0.223835, 0.974231, 0.027765, -0.428966, 0.072897, 0.900374),
      ["LowerTorso"] = CFrame.new(-0.000005, -0.582122, 1.474785, 1.000000, -0.000000, 0.000000, 0.000000, 0.453251, 0.891383, -0.000000, -0.891383, 0.453251),
      ["RightUpperArm"] = CFrame.new(0.240015, -0.524369, -0.111935, 0.548562, 0.812458, 0.197464, 0.521261, -0.147664, -0.840525, -0.653733, 0.564010, -0.504506),
      ["RightUpperLeg"] = CFrame.new(0.648125, 0.188211, -0.311054, 0.875149, 0.213446, -0.434229, -0.223835, 0.974231, 0.027765, 0.428966, 0.072897, 0.900374)
    }},
    { Time = 0.300, Data = {
      ["Balls"] = CFrame.new(0.066798, 0.011257, 0.000000, 0.998526, 0.054277, 0.000000, -0.054277, 0.998526, -0.000000, -0.000000, 0.000000, 1.000000),
      ["Head"] = CFrame.new(0.000000, 0.004250, 0.007849, 0.999477, -0.018380, -0.026606, 0.007585, 0.933059, -0.359643, 0.031435, 0.359253, 0.932711),
      ["LeftUpperArm"] = CFrame.new(0.041211, -0.362248, -0.310190, 0.981601, -0.040896, -0.186512, -0.161061, 0.347328, -0.923809, 0.102561, 0.936852, 0.334351),
      ["LeftUpperLeg"] = CFrame.new(-0.658844, 0.192391, -0.309396, 0.871558, -0.220922, 0.437699, 0.218810, 0.974160, 0.055991, -0.438758, 0.046973, 0.897377),
      ["LowerTorso"] = CFrame.new(-0.000005, -0.605512, 1.463333, 1.000000, -0.000000, 0.000000, 0.000000, 0.466618, 0.884459, -0.000000, -0.884459, 0.466618),
      ["RightUpperArm"] = CFrame.new(0.240011, -0.525735, -0.107338, 0.548557, 0.812443, 0.197538, 0.510961, -0.138733, -0.848335, -0.661819, 0.566294, -0.491230),
      ["RightUpperLeg"] = CFrame.new(0.658852, 0.192390, -0.309394, 0.871558, 0.220922, -0.437699, -0.218810, 0.974160, 0.055991, 0.438758, 0.046973, 0.897377)
    }},
    { Time = 0.317, Data = {
      ["Balls"] = CFrame.new(0.066798, 0.011257, 0.000000, 0.997887, 0.064966, 0.000000, -0.064966, 0.997887, -0.000000, -0.000000, 0.000000, 1.000000),
      ["Head"] = CFrame.new(0.000000, 0.003571, 0.006595, 0.999476, -0.018197, -0.026784, 0.007619, 0.936087, -0.351686, 0.031472, 0.351298, 0.935735),
      ["LeftUpperArm"] = CFrame.new(0.041304, -0.358587, -0.309057, 0.981607, -0.040543, -0.186560, -0.159545, 0.362478, -0.918235, 0.104852, 0.931110, 0.349343),
      ["LeftUpperLeg"] = CFrame.new(-0.666893, 0.195413, -0.308084, 0.868883, -0.226587, 0.440114, 0.214796, 0.973604, 0.077192, -0.445988, 0.027464, 0.894618),
      ["LowerTorso"] = CFrame.new(-0.000005, -0.623071, 1.454567, 1.000000, -0.000000, 0.000000, 0.000000, 0.476645, 0.879096, -0.000000, -0.879096, 0.476645),
      ["RightUpperArm"] = CFrame.new(0.240008, -0.526788, -0.103915, 0.548588, 0.812431, 0.197503, 0.503141, -0.132123, -0.854045, -0.667758, 0.567890, -0.481249),
      ["RightUpperLeg"] = CFrame.new(0.666902, 0.195412, -0.308082, 0.868883, 0.226587, -0.440114, -0.214796, 0.973604, 0.077192, 0.445988, 0.027464, 0.894618)
    }},
    { Time = 0.333, Data = {
      ["Balls"] = CFrame.new(0.066798, 0.011257, 0.000000, 0.997206, 0.074703, 0.000000, -0.074703, 0.997206, -0.000000, -0.000000, 0.000000, 1.000000),
      ["Head"] = CFrame.new(0.000000, 0.002952, 0.005451, 0.999474, -0.018023, -0.026955, 0.007641, 0.938803, -0.344368, 0.031512, 0.343981, 0.938448),
      ["LeftUpperArm"] = CFrame.new(0.041381, -0.356002, -0.308275, 0.981617, -0.040250, -0.186571, -0.158442, 0.373189, -0.914126, 0.106420, 0.926882, 0.359952),
      ["LeftUpperLeg"] = CFrame.new(-0.672666, 0.197560, -0.307110, 0.866957, -0.230714, 0.441765, 0.211883, 0.972927, 0.092298, -0.451100, 0.013584, 0.892370),
      ["LowerTorso"] = CFrame.new(-0.000005, -0.635597, 1.448225, 1.000000, -0.000000, 0.000000, 0.000000, 0.483774, 0.875193, -0.000000, -0.875193, 0.483774),
      ["RightUpperArm"] = CFrame.new(0.240007, -0.527527, -0.101474, 0.548601, 0.812427, 0.197482, 0.497453, -0.127328, -0.858096, -0.671995, 0.568990, -0.473997),
      ["RightUpperLeg"] = CFrame.new(0.672674, 0.197559, -0.307108, 0.866957, 0.230714, -0.441765, -0.211883, 0.972927, 0.092298, 0.451100, 0.013584, 0.892370)
    }},
    { Time = 0.350, Data = {
      ["Balls"] = CFrame.new(0.066798, 0.011257, 0.000000, 0.996502, 0.083573, 0.000000, -0.083573, 0.996502, -0.000000, -0.000000, 0.000000, 1.000000),
      ["Head"] = CFrame.new(0.000000, 0.002391, 0.004415, 0.999476, -0.017757, -0.027049, 0.007583, 0.941226, -0.337693, 0.031455, 0.337311, 0.940868),
      ["LeftUpperArm"] = CFrame.new(0.041436, -0.354250, -0.307779, 0.981623, -0.040041, -0.186583, -0.157691, 0.380439, -0.911263, 0.107471, 0.923939, 0.367134),
      ["LeftUpperLeg"] = CFrame.new(-0.676549, 0.198973, -0.306472, 0.865638, -0.233508, 0.442882, 0.209878, 0.972346, 0.102447, -0.454557, 0.004269, 0.890708),
      ["LowerTorso"] = CFrame.new(-0.000005, -0.643941, 1.443962, 1.000000, -0.000000, 0.000000, 0.000000, 0.488500, 0.872564, -0.000000, -0.872564, 0.488500),
      ["RightUpperArm"] = CFrame.new(0.240020, -0.528008, -0.099861, 0.548530, 0.812478, 0.197470, 0.493632, -0.124058, -0.860777, -0.674865, 0.569640, -0.469114),
      ["RightUpperLeg"] = CFrame.new(0.676557, 0.198971, -0.306470, 0.865638, 0.233508, -0.442882, -0.209878, 0.972346, 0.102447, 0.454557, 0.004269, 0.890708)
    }},
    { Time = 0.367, Data = {
      ["Balls"] = CFrame.new(0.066798, 0.011257, 0.000000, 0.995814, 0.091406, 0.000000, -0.091406, 0.995814, -0.000000, -0.000000, 0.000000, 1.000000),
      ["Head"] = CFrame.new(0.000000, 0.001889, 0.003489, 0.999475, -0.017602, -0.027203, 0.007581, 0.943308, -0.331832, 0.031502, 0.331452, 0.942946),
      ["LeftUpperArm"] = CFrame.new(0.041464, -0.353205, -0.307480, 0.981632, -0.039936, -0.186558, -0.157200, 0.384771, -0.909527, 0.108104, 0.922148, 0.371426),
      ["LeftUpperLeg"] = CFrame.new(-0.678896, 0.199796, -0.306076, 0.864855, -0.235160, 0.443537, 0.208593, 0.971956, 0.108587, -0.456633, -0.001393, 0.889654),
      ["LowerTorso"] = CFrame.new(-0.000005, -0.649012, 1.441354, 1.000000, -0.000000, 0.000000, 0.000000, 0.491377, 0.870947, -0.000000, -0.870947, 0.491377),
      ["RightUpperArm"] = CFrame.new(0.240009, -0.528319, -0.098860, 0.548589, 0.812434, 0.197485, 0.491333, -0.122147, -0.862364, -0.676492, 0.570115, -0.466185),
      ["RightUpperLeg"] = CFrame.new(0.678904, 0.199794, -0.306074, 0.864855, 0.235160, -0.443537, -0.208593, 0.971956, 0.108587, 0.456633, -0.001393, 0.889654)
    }},
    { Time = 0.383, Data = {
      ["Balls"] = CFrame.new(0.066798, 0.011257, 0.000000, 0.995149, 0.098374, 0.000000, -0.098374, 0.995149, -0.000000, -0.000000, 0.000000, 1.000000),
      ["Head"] = CFrame.new(0.000000, 0.001446, 0.002671, 0.999476, -0.017441, -0.027267, 0.007585, 0.945153, -0.326541, 0.031466, 0.326163, 0.944790),
      ["LeftUpperArm"] = CFrame.new(0.041485, -0.352673, -0.307327, 0.981644, -0.039854, -0.186511, -0.156928, 0.386979, -0.908637, 0.108389, 0.921227, 0.373622),
      ["LeftUpperLeg"] = CFrame.new(-0.680101, 0.200230, -0.305864, 0.864453, -0.236060, 0.443843, 0.207956, 0.971729, 0.111790, -0.457684, -0.004337, 0.889104),
      ["LowerTorso"] = CFrame.new(-0.000005, -0.651618, 1.440008, 1.000000, -0.000000, 0.000000, 0.000000, 0.492856, 0.870111, -0.000000, -0.870111, 0.492856),
      ["RightUpperArm"] = CFrame.new(0.240011, -0.528463, -0.098356, 0.548565, 0.812444, 0.197513, 0.490156, -0.121108, -0.863180, -0.677365, 0.570323, -0.464660),
      ["RightUpperLeg"] = CFrame.new(0.680110, 0.200228, -0.305862, 0.864453, 0.236060, -0.443843, -0.207956, 0.971729, 0.111790, 0.457684, -0.004337, 0.889104)
    }},
    { Time = 0.400, Data = {
      ["Balls"] = CFrame.new(0.066798, 0.011257, 0.000000, 0.994536, 0.104393, 0.000000, -0.104393, 0.994536, -0.000000, -0.000000, 0.000000, 1.000000),
      ["Head"] = CFrame.new(0.000000, 0.001063, 0.001962, 0.999477, -0.017290, -0.027323, 0.007575, 0.946714, -0.321987, 0.031434, 0.321612, 0.946350),
      ["LeftUpperArm"] = CFrame.new(0.041477, -0.352464, -0.307277, 0.981635, -0.039886, -0.186553, -0.156853, 0.387844, -0.908281, 0.108581, 0.920862, 0.374465),
      ["LeftUpperLeg"] = CFrame.new(-0.680541, 0.200408, -0.305771, 0.864312, -0.236400, 0.443936, 0.207757, 0.971641, 0.112920, -0.458041, -0.005367, 0.888915),
      ["LowerTorso"] = CFrame.new(-0.000005, -0.652642, 1.439476, 1.000000, -0.000000, 0.000000, 0.000000, 0.493464, 0.869766, -0.000000, -0.869766, 0.493464),
      ["RightUpperArm"] = CFrame.new(0.240007, -0.528524, -0.098166, 0.548606, 0.812429, 0.197459, 0.489633, -0.120754, -0.863527, -0.677710, 0.570418, -0.464038),
      ["RightUpperLeg"] = CFrame.new(0.680550, 0.200405, -0.305768, 0.864312, 0.236400, -0.443936, -0.207757, 0.971641, 0.112920, 0.458041, -0.005367, 0.888915)
    }},
    { Time = 0.417, Data = {
      ["Balls"] = CFrame.new(0.066798, 0.011257, 0.000000, 0.993991, 0.109464, 0.000000, -0.109464, 0.993991, -0.000000, -0.000000, 0.000000, 1.000000),
      ["Head"] = CFrame.new(0.000000, 0.000738, 0.001363, 0.999475, -0.017248, -0.027443, 0.007626, 0.948029, -0.318092, 0.031503, 0.317716, 0.947662),
      ["LeftUpperArm"] = CFrame.new(0.041479, -0.352441, -0.307267, 0.981635, -0.039877, -0.186555, -0.156847, 0.387939, -0.908241, 0.108589, 0.920822, 0.374560),
      ["LeftUpperLeg"] = CFrame.new(-0.680594, 0.200427, -0.305741, 0.864312, -0.236440, 0.443915, 0.207716, 0.971630, 0.113086, -0.458059, -0.005533, 0.888904),
      ["LowerTorso"] = CFrame.new(-0.000005, -0.652788, 1.439400, 1.000000, -0.000000, 0.000000, 0.000000, 0.493551, 0.869717, -0.000000, -0.869717, 0.493551),
      ["RightUpperArm"] = CFrame.new(0.240005, -0.528524, -0.098133, 0.548606, 0.812418, 0.197507, 0.489593, -0.120669, -0.863561, -0.677739, 0.570453, -0.463953),
      ["RightUpperLeg"] = CFrame.new(0.680603, 0.200425, -0.305739, 0.864312, 0.236440, -0.443915, -0.207716, 0.971630, 0.113086, 0.458059, -0.005533, 0.888904)
    }},
    { Time = 0.433, Data = {
      ["Balls"] = CFrame.new(0.066798, 0.011257, 0.000000, 0.993518, 0.113674, 0.000000, -0.113674, 0.993518, -0.000000, -0.000000, 0.000000, 1.000000),
      ["Head"] = CFrame.new(0.000000, 0.000472, 0.000872, 0.999476, -0.017117, -0.027486, 0.007593, 0.949081, -0.314939, 0.031477, 0.314565, 0.948714),
      ["LeftUpperArm"] = CFrame.new(0.041478, -0.352627, -0.307315, 0.981629, -0.039883, -0.186585, -0.156964, 0.387170, -0.908549, 0.108476, 0.921145, 0.373797),
      ["LeftUpperLeg"] = CFrame.new(-0.680187, 0.200264, -0.305815, 0.864453, -0.236119, 0.443811, 0.207895, 0.971713, 0.112040, -0.457712, -0.004587, 0.889089),
      ["LowerTorso"] = CFrame.new(-0.000005, -0.651888, 1.439866, 1.000000, -0.000000, 0.000000, 0.000000, 0.493030, 0.870013, -0.000000, -0.870013, 0.493030),
      ["RightUpperArm"] = CFrame.new(0.240003, -0.528474, -0.098302, 0.548614, 0.812414, 0.197498, 0.489985, -0.121016, -0.863290, -0.677449, 0.570384, -0.464462),
      ["RightUpperLeg"] = CFrame.new(0.680195, 0.200262, -0.305813, 0.864453, 0.236119, -0.443811, -0.207895, 0.971713, 0.112040, 0.457712, -0.004587, 0.889089)
    }},
    { Time = 0.450, Data = {
      ["Balls"] = CFrame.new(0.066798, 0.011257, 0.000000, 0.993149, 0.116852, 0.000000, -0.116852, 0.993149, -0.000000, -0.000000, 0.000000, 1.000000),
      ["Head"] = CFrame.new(0.000000, 0.000266, 0.000491, 0.999476, -0.017082, -0.027507, 0.007633, 0.949877, -0.312532, 0.031467, 0.312158, 0.949509),
      ["LeftUpperArm"] = CFrame.new(0.041469, -0.353159, -0.307470, 0.981632, -0.039916, -0.186562, -0.157189, 0.384962, -0.909448, 0.108121, 0.922069, 0.371617),
      ["LeftUpperLeg"] = CFrame.new(-0.678974, 0.199824, -0.306032, 0.864855, -0.235219, 0.443505, 0.208532, 0.971941, 0.108837, -0.456661, -0.001643, 0.889639),
      ["LowerTorso"] = CFrame.new(-0.000005, -0.649274, 1.441215, 1.000000, -0.000000, 0.000000, 0.000000, 0.491551, 0.870849, -0.000000, -0.870849, 0.491551),
      ["RightUpperArm"] = CFrame.new(0.240011, -0.528307, -0.098820, 0.548561, 0.812445, 0.197521, 0.491202, -0.121978, -0.862463, -0.676610, 0.570136, -0.465987),
      ["RightUpperLeg"] = CFrame.new(0.678983, 0.199822, -0.306030, 0.864855, 0.235219, -0.443505, -0.208532, 0.971941, 0.108837, 0.456661, -0.001643, 0.889639)
    }},
    { Time = 0.467, Data = {
      ["Balls"] = CFrame.new(0.066798, 0.011257, 0.000000, 0.992874, 0.119170, 0.000000, -0.119170, 0.992874, -0.000000, -0.000000, 0.000000, 1.000000),
      ["Head"] = CFrame.new(0.000000, 0.000118, 0.000218, 0.999477, -0.016970, -0.027537, 0.007578, 0.950477, -0.310703, 0.031446, 0.310332, 0.950108),
      ["LeftUpperArm"] = CFrame.new(0.041438, -0.354064, -0.307726, 0.981629, -0.040034, -0.186552, -0.157575, 0.381212, -0.910960, 0.107585, 0.923621, 0.367900),
      ["LeftUpperLeg"] = CFrame.new(-0.676958, 0.199095, -0.306395, 0.865518, -0.233765, 0.442982, 0.209600, 0.972288, 0.103558, -0.454914, 0.003218, 0.890530),
      ["LowerTorso"] = CFrame.new(-0.000005, -0.644856, 1.443492, 1.000000, -0.000000, 0.000000, 0.000000, 0.489023, 0.872271, -0.000000, -0.872271, 0.489023),
      ["RightUpperArm"] = CFrame.new(0.240008, -0.528060, -0.099666, 0.548600, 0.812430, 0.197476, 0.493161, -0.123706, -0.861098, -0.675152, 0.569785, -0.468523),
      ["RightUpperLeg"] = CFrame.new(0.676966, 0.199093, -0.306393, 0.865518, 0.233765, -0.442982, -0.209600, 0.972288, 0.103558, 0.454914, 0.003218, 0.890530)
    }},
    { Time = 0.483, Data = {
      ["Balls"] = CFrame.new(0.066798, 0.011257, 0.000000, 0.992708, 0.120544, 0.000000, -0.120544, 0.992708, -0.000000, -0.000000, 0.000000, 1.000000),
      ["Head"] = CFrame.new(0.000000, 0.000029, 0.000054, 0.999477, -0.016956, -0.027546, 0.007594, 0.950802, -0.309706, 0.031442, 0.309335, 0.950433),
      ["LeftUpperArm"] = CFrame.new(0.041416, -0.355347, -0.308084, 0.981629, -0.040118, -0.186535, -0.158143, 0.375899, -0.913066, 0.106749, 0.925792, 0.362649),
      ["LeftUpperLeg"] = CFrame.new(-0.674118, 0.198084, -0.306859, 0.866478, -0.231741, 0.442167, 0.211113, 0.972725, 0.096108, -0.452379, 0.010072, 0.891769),
      ["LowerTorso"] = CFrame.new(-0.000005, -0.638712, 1.446639, 1.000000, -0.000000, 0.000000, 0.000000, 0.485527, 0.874222, -0.000000, -0.874222, 0.485527),
      ["RightUpperArm"] = CFrame.new(0.240007, -0.527715, -0.100860, 0.548601, 0.812428, 0.197479, 0.496025, -0.126123, -0.859100, -0.673050, 0.569258, -0.472176),
      ["RightUpperLeg"] = CFrame.new(0.674127, 0.198083, -0.306857, 0.866478, 0.231741, -0.442167, -0.211113, 0.972725, 0.096108, 0.452379, 0.010072, 0.891769)
    }},
    { Time = 0.500, Data = {
      ["Balls"] = CFrame.new(0.066798, 0.011257, 0.000000, 0.992645, 0.121059, 0.000000, -0.121059, 0.992645, -0.000000, -0.000000, 0.000000, 1.000000),
      ["Head"] = CFrame.new(-0.000000, 0.000000, 0.000000, 0.999477, -0.016950, -0.027550, 0.007601, 0.950937, -0.309291, 0.031441, 0.308920, 0.950568),
      ["LeftUpperArm"] = CFrame.new(0.041357, -0.356960, -0.308574, 0.981629, -0.040341, -0.186488, -0.158787, 0.369210, -0.915681, 0.105792, 0.928470, 0.356021),
      ["LeftUpperLeg"] = CFrame.new(-0.670497, 0.196769, -0.307505, 0.867654, -0.229177, 0.441197, 0.213028, 0.973202, 0.086585, -0.449217, 0.018861, 0.893224),
      ["LowerTorso"] = CFrame.new(-0.000005, -0.630832, 1.450647, 1.000000, -0.000000, 0.000000, 0.000000, 0.481051, 0.876692, -0.000000, -0.876692, 0.481051),
      ["RightUpperArm"] = CFrame.new(0.240011, -0.527244, -0.102402, 0.548584, 0.812445, 0.197458, 0.499566, -0.129131, -0.856597, -0.670440, 0.568559, -0.476709),
      ["RightUpperLeg"] = CFrame.new(0.670506, 0.196768, -0.307503, 0.867654, 0.229177, -0.441197, -0.213028, 0.973202, 0.086585, 0.449217, 0.018861, 0.893224)
    }},
    { Time = 0.517, Data = {
      ["Balls"] = CFrame.new(0.066798, 0.011257, 0.000000, 0.992708, 0.120544, 0.000000, -0.120544, 0.992708, -0.000000, -0.000000, 0.000000, 1.000000),
      ["Head"] = CFrame.new(0.000000, 0.000029, 0.000054, 0.999477, -0.016956, -0.027546, 0.007594, 0.950802, -0.309706, 0.031442, 0.309335, 0.950433),
      ["LeftUpperArm"] = CFrame.new(0.041310, -0.358990, -0.309169, 0.981609, -0.040520, -0.186551, -0.159732, 0.360811, -0.918859, 0.104541, 0.931758, 0.347703),
      ["LeftUpperLeg"] = CFrame.new(-0.666027, 0.195104, -0.308212, 0.869180, -0.226003, 0.439829, 0.215254, 0.973679, 0.074936, -0.445188, 0.029542, 0.894950),
      ["LowerTorso"] = CFrame.new(-0.000005, -0.621205, 1.455506, 1.000000, -0.000000, 0.000000, 0.000000, 0.475585, 0.879670, -0.000000, -0.879670, 0.475585),
      ["RightUpperArm"] = CFrame.new(0.240007, -0.526668, -0.104276, 0.548599, 0.812427, 0.197489, 0.503914, -0.132803, -0.853484, -0.667166, 0.567737, -0.482249),
      ["RightUpperLeg"] = CFrame.new(0.666035, 0.195103, -0.308210, 0.869180, 0.226003, -0.439829, -0.215254, 0.973679, 0.074936, 0.445188, 0.029542, 0.894950)
    }},
    { Time = 0.533, Data = {
      ["Balls"] = CFrame.new(0.066798, 0.011257, 0.000000, 0.992874, 0.119170, 0.000000, -0.119170, 0.992874, -0.000000, -0.000000, 0.000000, 1.000000),
      ["Head"] = CFrame.new(0.000000, 0.000118, 0.000218, 0.999477, -0.016970, -0.027537, 0.007578, 0.950477, -0.310703, 0.031446, 0.310332, 0.950108),
      ["LeftUpperArm"] = CFrame.new(0.041239, -0.361364, -0.309913, 0.981605, -0.040791, -0.186515, -0.160697, 0.350984, -0.922489, 0.103093, 0.935493, 0.337972),
      ["LeftUpperLeg"] = CFrame.new(-0.660779, 0.193124, -0.309089, 0.870912, -0.222292, 0.438291, 0.217860, 0.974064, 0.061122, -0.440511, 0.042254, 0.896752),
      ["LowerTorso"] = CFrame.new(-0.000005, -0.609726, 1.461243, 1.000000, -0.000000, 0.000000, 0.000000, 0.469022, 0.883187, -0.000000, -0.883187, 0.469022),
      ["RightUpperArm"] = CFrame.new(0.240006, -0.526005, -0.106511, 0.548613, 0.812422, 0.197469, 0.509044, -0.137210, -0.849734, -0.663248, 0.566696, -0.488834),
      ["RightUpperLeg"] = CFrame.new(0.660788, 0.193123, -0.309087, 0.870912, 0.222292, -0.438291, -0.217860, 0.974064, 0.061122, 0.440511, 0.042254, 0.896752)
    }},
    { Time = 0.550, Data = {
      ["Balls"] = CFrame.new(0.066798, 0.011257, 0.000000, 0.993149, 0.116852, 0.000000, -0.116852, 0.993149, -0.000000, -0.000000, 0.000000, 1.000000),
      ["Head"] = CFrame.new(0.000000, 0.000266, 0.000491, 0.999476, -0.017082, -0.027507, 0.007633, 0.949877, -0.312532, 0.031467, 0.312158, 0.949509),
      ["LeftUpperArm"] = CFrame.new(0.041164, -0.364118, -0.310803, 0.981587, -0.041076, -0.186547, -0.161876, 0.339584, -0.926541, 0.101407, 0.939678, 0.326682),
      ["LeftUpperLeg"] = CFrame.new(-0.654708, 0.190777, -0.310056, 0.872943, -0.217982, 0.436411, 0.220742, 0.974289, 0.045101, -0.435022, 0.056963, 0.898616),
      ["LowerTorso"] = CFrame.new(-0.000005, -0.596464, 1.467794, 1.000000, -0.000000, 0.000000, 0.000000, 0.461434, 0.887174, -0.000000, -0.887174, 0.461434),
      ["RightUpperArm"] = CFrame.new(0.240016, -0.525208, -0.109110, 0.548543, 0.812461, 0.197502, 0.514944, -0.142173, -0.845352, -0.658736, 0.565415, -0.496360),
      ["RightUpperLeg"] = CFrame.new(0.654716, 0.190776, -0.310054, 0.872943, 0.217982, -0.436411, -0.220742, 0.974289, 0.045101, 0.435022, 0.056963, 0.898616)
    }},
    { Time = 0.567, Data = {
      ["Balls"] = CFrame.new(0.066798, 0.011257, 0.000000, 0.993518, 0.113674, 0.000000, -0.113674, 0.993518, -0.000000, -0.000000, 0.000000, 1.000000),
      ["Head"] = CFrame.new(0.000000, 0.000472, 0.000872, 0.999476, -0.017117, -0.027486, 0.007593, 0.949081, -0.314939, 0.031477, 0.314565, 0.948714),
      ["LeftUpperArm"] = CFrame.new(0.041079, -0.367262, -0.311854, 0.981577, -0.041396, -0.186528, -0.163141, 0.326580, -0.930983, 0.099455, 0.944263, 0.313810),
      ["LeftUpperLeg"] = CFrame.new(-0.647827, 0.188076, -0.311111, 0.875245, -0.213196, 0.434158, 0.223927, 0.974232, 0.026974, -0.428721, 0.073611, 0.900433),
