return {
  ["Astros hump 24"] = {
    { Time = 0.000, Data = {
      ["Balls"] = CFrame.new(-0.000000, 0.000000, 0.034546, 1.000000, 0.000000, 0.000000, 0.000000, 1.000000, 0.000000, 0.000000, 0.000000, 1.000000),
      ["Cock"] = CFrame.new(0.000000, -0.000000, 0.038330, 0.999275, 0.038061, 0.000000, -0.038061, 0.999275, -0.000000, -0.000000, 0.000000, 1.000000),
      ["Head"] = CFrame.new(0.000000, -0.000010, 0.000000, 1.000000, -0.000172, -0.000019, 0.000172, 0.975526, 0.219885, -0.000019, -0.219885, 0.975526),
      ["LeftUpperArm"] = CFrame.new(-0.058508, -0.894135, -0.871209, 0.025112, -0.883290, -0.468154, -0.998250, 0.002925, -0.059066, 0.053542, 0.468818, -0.881670),
      ["LeftUpperLeg"] = CFrame.new(-0.000388, -0.405415, -0.541077, 0.999224, 0.039397, -0.000013, -0.003305, 0.084143, 0.996448, 0.039258, -0.995675, 0.084208),
      ["LowerTorso"] = CFrame.new(-0.006611, -1.249073, -1.337855, -0.999995, -0.000206, 0.003188, 0.000034, 0.997167, 0.075220, -0.003195, 0.075219, -0.997162),
      ["RightUpperArm"] = CFrame.new(-0.000042, -0.000025, 0.004063, 0.997055, -0.000162, -0.076685, -0.001024, 0.999881, -0.015423, 0.076678, 0.015456, 0.996936),
      ["RightUpperLeg"] = CFrame.new(0.001382, -0.406900, -0.523670, 0.997236, -0.074298, 0.000021, 0.006237, 0.084000, 0.996446, -0.074036, -0.993692, 0.084231)
    }},
    { Time = 0.017, Data = {
      ["Balls"] = CFrame.new(-0.000000, -0.000004, 0.034546, 0.999693, -0.024773, 0.000001, 0.024773, 0.999693, -0.000086, 0.000001, 0.000086, 1.000000),
      ["Cock"] = CFrame.new(0.000000, -0.000000, 0.038330, 0.999288, 0.037716, 0.000000, -0.037716, 0.999288, -0.000000, -0.000000, 0.000000, 1.000000),
      ["Head"] = CFrame.new(0.000000, -0.000010, 0.000000, 1.000000, -0.000172, -0.000019, 0.000172, 0.976471, 0.215647, -0.000019, -0.215647, 0.976471),
      ["LeftUpperArm"] = CFrame.new(-0.058506, -0.894115, -0.870592, 0.025216, -0.883290, -0.468149, -0.998221, 0.003058, -0.059535, 0.054018, 0.468817, -0.881642),
      ["LeftUpperLeg"] = CFrame.new(-0.000386, -0.405430, -0.540369, 0.999224, 0.039397, -0.000010, -0.003303, 0.084026, 0.996458, 0.039258, -0.995684, 0.084091),
      ["LowerTorso"] = CFrame.new(-0.006611, -1.249079, -1.337211, -0.999995, -0.000206, 0.003188, 0.000034, 0.997173, 0.075133, -0.003195, 0.075133, -0.997169),
      ["RightUpperArm"] = CFrame.new(-0.000050, 0.000005, 0.000701, 0.997055, -0.000189, -0.076684, -0.000016, 0.999996, -0.002677, 0.076684, 0.002671, 0.997052),
      ["RightUpperLeg"] = CFrame.new(0.001384, -0.406915, -0.522962, 0.997236, -0.074298, 0.000017, 0.006233, 0.083883, 0.996456, -0.074036, -0.993702, 0.084115)
    }},
    { Time = 0.033, Data = {
      ["Balls"] = CFrame.new(0.000000, -0.000006, 0.034546, 0.998789, -0.049189, 0.000004, 0.049189, 0.998789, -0.000173, 0.000004, 0.000173, 1.000000),
      ["Cock"] = CFrame.new(0.000000, -0.000000, 0.038330, 0.999327, 0.036681, 0.000000, -0.036681, 0.999327, -0.000000, -0.000000, 0.000000, 1.000000),
      ["Head"] = CFrame.new(0.000000, -0.000011, 0.000001, 1.000000, -0.000172, -0.000018, 0.000172, 0.977398, 0.211406, -0.000018, -0.211406, 0.977398),
      ["LeftUpperArm"] = CFrame.new(-0.058501, -0.893961, -0.868755, 0.025173, -0.883295, -0.468142, -0.998140, 0.003807, -0.060856, 0.055537, 0.468803, -0.881556),
      ["LeftUpperLeg"] = CFrame.new(-0.000379, -0.405476, -0.538254, 0.999224, 0.039397, -0.000003, -0.003296, 0.083676, 0.996488, 0.039259, -0.995714, 0.083741),
      ["LowerTorso"] = CFrame.new(-0.006611, -1.249112, -1.335110, -0.999995, -0.000206, 0.003188, 0.000033, 0.997206, 0.074703, -0.003195, 0.074702, -0.997201),
      ["RightUpperArm"] = CFrame.new(-0.000058, -0.000007, -0.002616, 0.997055, -0.000223, -0.076686, 0.000985, 0.999951, 0.009896, 0.076680, -0.009943, 0.997006),
      ["RightUpperLeg"] = CFrame.new(0.001391, -0.406957, -0.520847, 0.997236, -0.074298, 0.000004, 0.006220, 0.083533, 0.996486, -0.074037, -0.993731, 0.083764)
    }},
    { Time = 0.050, Data = {
      ["Balls"] = CFrame.new(0.000000, -0.000009, 0.034546, 0.997321, -0.073152, -0.000077, 0.073152, 0.997321, -0.000262, 0.000096, 0.000256, 1.000000),
      ["Cock"] = CFrame.new(0.000000, -0.000000, 0.038330, 0.999392, 0.034869, 0.000000, -0.034869, 0.999392, -0.000000, -0.000000, 0.000000, 1.000000),
      ["Head"] = CFrame.new(0.000000, -0.000011, 0.000001, 1.000000, -0.000086, -0.000009, 0.000086, 0.978271, 0.207332, -0.000009, -0.207332, 0.978271),
      ["LeftUpperArm"] = CFrame.new(-0.058493, -0.893741, -0.865713, 0.025191, -0.883301, -0.468130, -0.998004, 0.004910, -0.062969, 0.057919, 0.468782, -0.881414),
      ["LeftUpperLeg"] = CFrame.new(-0.000368, -0.405552, -0.534755, 0.999224, 0.039397, 0.000008, -0.003284, 0.083091, 0.996537, 0.039260, -0.995763, 0.083156),
      ["LowerTorso"] = CFrame.new(-0.006613, -1.249169, -1.331573, -0.999995, -0.000204, 0.003189, 0.000032, 0.997264, 0.073927, -0.003195, 0.073927, -0.997259),
      ["RightUpperArm"] = CFrame.new(-0.000070, -0.000059, -0.005865, 0.997055, -0.000267, -0.076691, 0.001976, 0.999751, 0.022210, 0.076666, -0.022296, 0.996807),
      ["RightUpperLeg"] = CFrame.new(0.001402, -0.407028, -0.517347, 0.997236, -0.074298, -0.000018, 0.006198, 0.082949, 0.996535, -0.074039, -0.993780, 0.083180)
    }},
    { Time = 0.067, Data = {
      ["Balls"] = CFrame.new(0.000000, -0.000011, 0.034546, 0.995368, -0.096138, -0.000074, 0.096138, 0.995368, -0.000263, 0.000099, 0.000255, 1.000000),
      ["Cock"] = CFrame.new(0.000000, -0.000001, 0.038330, 0.999473, 0.032453, 0.000000, -0.032453, 0.999473, -0.000000, -0.000000, 0.000000, 1.000000),
      ["Head"] = CFrame.new(0.000000, -0.000012, 0.000001, 1.000000, -0.000086, -0.000009, 0.000086, 0.979108, 0.203340, -0.000009, -0.203340, 0.979108),
      ["LeftUpperArm"] = CFrame.new(-0.058482, -0.893417, -0.861504, 0.025175, -0.883309, -0.468115, -0.997801, 0.006518, -0.065960, 0.061315, 0.468746, -0.881203),
      ["LeftUpperLeg"] = CFrame.new(-0.000353, -0.405656, -0.529909, 0.999224, 0.039397, 0.000024, -0.003268, 0.082273, 0.996604, 0.039261, -0.995831, 0.082338),
      ["LowerTorso"] = CFrame.new(-0.006614, -1.249238, -1.326801, -0.999995, -0.000203, 0.003189, 0.000030, 0.997333, 0.072980, -0.003195, 0.072980, -0.997329),
      ["RightUpperArm"] = CFrame.new(-0.000085, -0.000149, -0.009023, 0.997054, -0.000324, -0.076701, 0.002954, 0.999411, 0.034177, 0.076644, -0.034302, 0.996468),
      ["RightUpperLeg"] = CFrame.new(0.001415, -0.407093, -0.512530, 0.997241, -0.074235, 0.000010, 0.006104, 0.082136, 0.996602, -0.073983, -0.993852, 0.082362)
    }},
    { Time = 0.083, Data = {
      ["Balls"] = CFrame.new(0.000000, -0.000014, 0.034546, 0.992997, -0.118140, -0.000066, 0.118140, 0.992997, -0.000350, 0.000107, 0.000340, 1.000000),
      ["Cock"] = CFrame.new(0.000000, -0.000001, 0.038330, 0.999569, 0.029346, 0.000000, -0.029346, 0.999569, -0.000000, -0.000000, 0.000000, 1.000000),
      ["Head"] = CFrame.new(0.000000, -0.000012, 0.000001, 1.000000, -0.000086, -0.000009, 0.000086, 0.979895, 0.199516, -0.000009, -0.199516, 0.979895),
      ["LeftUpperArm"] = CFrame.new(-0.058460, -0.893024, -0.856156, 0.025187, -0.883289, -0.468153, -0.997533, 0.008486, -0.069678, 0.065518, 0.468753, -0.880896),
      ["LeftUpperLeg"] = CFrame.new(-0.000332, -0.405758, -0.523800, 0.999226, 0.039333, -0.000016, -0.003186, 0.081340, 0.996681, 0.039204, -0.995910, 0.081402),
      ["LowerTorso"] = CFrame.new(-0.006616, -1.249326, -1.320748, -0.999995, -0.000201, 0.003189, 0.000028, 0.997421, 0.071774, -0.003195, 0.071773, -0.997416),
      ["RightUpperArm"] = CFrame.new(-0.000106, -0.000269, -0.012021, 0.997053, -0.000404, -0.076713, 0.003908, 0.998955, 0.045536, 0.076614, -0.045702, 0.996013),
      ["RightUpperLeg"] = CFrame.new(0.001434, -0.407217, -0.506391, 0.997241, -0.074235, -0.000029, 0.006065, 0.081084, 0.996689, -0.073987, -0.993939, 0.081310)
    }},
    { Time = 0.100, Data = {
      ["Balls"] = CFrame.new(0.000001, -0.000016, 0.034546, 0.990331, -0.138728, -0.000056, 0.138728, 0.990330, -0.000437, 0.000116, 0.000425, 1.000000),
      ["Cock"] = CFrame.new(0.000000, -0.000001, 0.038330, 0.999671, 0.025636, 0.000000, -0.025636, 0.999671, -0.000000, -0.000000, 0.000000, 1.000000),
      ["Head"] = CFrame.new(0.000000, -0.000013, 0.000002, 1.000000, -0.000086, -0.000008, 0.000086, 0.980615, 0.195944, -0.000008, -0.195944, 0.980615),
      ["LeftUpperArm"] = CFrame.new(-0.058442, -0.892560, -0.849761, 0.025272, -0.883298, -0.468130, -0.997181, 0.010818, -0.074245, 0.070645, 0.468687, -0.880535),
      ["LeftUpperLeg"] = CFrame.new(-0.000310, -0.405887, -0.516405, 0.999224, 0.039392, -0.000054, -0.003102, 0.080053, 0.996786, 0.039270, -0.996012, 0.080113),
      ["LowerTorso"] = CFrame.new(-0.006618, -1.249428, -1.313470, -0.999995, -0.000199, 0.003189, 0.000026, 0.997525, 0.070309, -0.003195, 0.070309, -0.997520),
      ["RightUpperArm"] = CFrame.new(-0.000111, -0.000413, -0.014835, 0.997052, -0.000424, -0.076726, 0.004750, 0.998408, 0.056205, 0.076580, -0.056404, 0.995467),
      ["RightUpperLeg"] = CFrame.new(0.001460, -0.407337, -0.498994, 0.997236, -0.074293, -0.000010, 0.005963, 0.079914, 0.996784, -0.074053, -0.994029, 0.080136)
    }},
    { Time = 0.117, Data = {
      ["Balls"] = CFrame.new(0.000001, -0.000018, 0.034546, 0.987468, -0.157818, -0.000045, 0.157818, 0.987468, -0.000523, 0.000127, 0.000509, 1.000000),
      ["Cock"] = CFrame.new(0.000000, -0.000002, 0.038330, 0.999771, 0.021407, -0.000001, -0.021407, 0.999771, -0.000086, -0.000001, 0.000086, 1.000000),
      ["Head"] = CFrame.new(0.000000, -0.000013, 0.000002, 1.000000, -0.000086, -0.000008, 0.000086, 0.981272, 0.192626, -0.000008, -0.192626, 0.981272),
      ["LeftUpperArm"] = CFrame.new(-0.058421, -0.891999, -0.842375, 0.025256, -0.883308, -0.468113, -0.996746, 0.013606, -0.079451, 0.076549, 0.468596, -0.880090),
      ["LeftUpperLeg"] = CFrame.new(-0.000283, -0.406071, -0.507897, 0.999224, 0.039392, -0.000026, -0.003075, 0.078647, 0.996898, 0.039272, -0.996124, 0.078707),
      ["LowerTorso"] = CFrame.new(-0.006621, -1.249547, -1.305029, -0.999995, -0.000196, 0.003189, 0.000023, 0.997645, 0.068586, -0.003195, 0.068585, -0.997640),
      ["RightUpperArm"] = CFrame.new(-0.000125, -0.000573, -0.017445, 0.997051, -0.000474, -0.076742, 0.005561, 0.997798, 0.066094, 0.076541, -0.066326, 0.994858),
      ["RightUpperLeg"] = CFrame.new(0.001484, -0.407477, -0.490514, 0.997241, -0.074230, -0.000003, 0.005848, 0.078514, 0.996896, -0.073999, -0.994146, 0.078732)
    }},
    { Time = 0.133, Data = {
      ["Balls"] = CFrame.new(0.000001, -0.000020, 0.034546, 0.984556, -0.175072, -0.000040, 0.175072, 0.984556, -0.000524, 0.000132, 0.000508, 1.000000),
      ["Cock"] = CFrame.new(0.000001, -0.000003, 0.038330, 0.999863, 0.016573, -0.000001, -0.016573, 0.999863, -0.000086, -0.000001, 0.000086, 1.000000),
      ["Head"] = CFrame.new(0.000000, -0.000014, 0.000002, 1.000000, -0.000086, -0.000008, 0.000086, 0.981869, 0.189561, -0.000008, -0.189561, 0.981869),
      ["LeftUpperArm"] = CFrame.new(-0.058389, -0.891369, -0.834066, 0.025225, -0.883287, -0.468154, -0.996218, 0.016738, -0.085259, 0.083144, 0.468535, -0.879524),
      ["LeftUpperLeg"] = CFrame.new(-0.000253, -0.406277, -0.498336, 0.999224, 0.039392, 0.000007, -0.003042, 0.077006, 0.997026, 0.039274, -0.996252, 0.077067),
      ["LowerTorso"] = CFrame.new(-0.006538, -1.249675, -1.295587, -0.999995, -0.000279, 0.003186, -0.000066, 0.997774, 0.066690, -0.003198, 0.066689, -0.997769),
      ["RightUpperArm"] = CFrame.new(-0.000124, -0.000742, -0.019826, 0.997050, -0.000470, -0.076756, 0.006253, 0.997155, 0.075121, 0.076502, -0.075379, 0.994216),
      ["RightUpperLeg"] = CFrame.new(0.001517, -0.407639, -0.480921, 0.997237, -0.074288, -0.000001, 0.005728, 0.076874, 0.997024, -0.074067, -0.994269, 0.077088)
    }},
    { Time = 0.150, Data = {
      ["Balls"] = CFrame.new(0.000001, -0.000021, 0.034546, 0.981704, -0.190413, -0.000114, 0.190413, 0.981704, -0.000618, 0.000230, 0.000585, 1.000000),
      ["Cock"] = CFrame.new(0.000001, -0.000003, 0.038330, 0.999936, 0.011308, -0.000000, -0.011308, 0.999936, -0.000086, -0.000000, 0.000086, 1.000000),
      ["Head"] = CFrame.new(0.000000, -0.000014, 0.000002, 1.000000, -0.000086, -0.000008, 0.000086, 0.982391, 0.186836, -0.000008, -0.186836, 0.982391),
      ["LeftUpperArm"] = CFrame.new(-0.058362, -0.890706, -0.824953, 0.025316, -0.883292, -0.468138, -0.995584, 0.020068, -0.091704, 0.090396, 0.468393, -0.878884),
      ["LeftUpperLeg"] = CFrame.new(-0.000220, -0.406443, -0.487827, 0.999224, 0.039387, -0.000081, -0.002886, 0.075249, 0.997161, 0.039282, -0.996387, 0.075305),
      ["LowerTorso"] = CFrame.new(-0.006541, -1.249815, -1.285137, -0.999995, -0.000276, 0.003187, -0.000069, 0.997915, 0.064535, -0.003198, 0.064535, -0.997910),
      ["RightUpperArm"] = CFrame.new(-0.000133, -0.000911, -0.021934, 0.997049, -0.000506, -0.076772, 0.006905, 0.996516, 0.083111, 0.076462, -0.083395, 0.993579),
      ["RightUpperLeg"] = CFrame.new(0.001550, -0.407851, -0.470412, 0.997237, -0.074288, -0.000067, 0.005663, 0.075116, 0.997159, -0.074072, -0.994404, 0.075329)
    }},
    { Time = 0.167, Data = {
      ["Balls"] = CFrame.new(0.000001, -0.000023, 0.034546, 0.979038, -0.203680, -0.000110, 0.203680, 0.979037, -0.000619, 0.000234, 0.000583, 1.000000),
      ["Cock"] = CFrame.new(0.000001, -0.000004, 0.038330, 0.999984, 0.005611, -0.000000, -0.005611, 0.999984, -0.000086, -0.000000, 0.000086, 1.000000),
      ["Head"] = CFrame.new(0.000000, -0.000014, 0.000002, 1.000000, -0.000086, -0.000008, 0.000086, 0.982826, 0.184536, -0.000008, -0.184536, 0.982826),
      ["LeftUpperArm"] = CFrame.new(-0.058331, -0.889945, -0.815127, 0.025261, -0.883296, -0.468135, -0.994835, 0.023839, -0.098662, 0.098307, 0.468209, -0.878132),
      ["LeftUpperLeg"] = CFrame.new(-0.000184, -0.406688, -0.476488, 0.999224, 0.039387, -0.000043, -0.002849, 0.073371, 0.997301, 0.039284, -0.996527, 0.073426),
      ["LowerTorso"] = CFrame.new(-0.006545, -1.249956, -1.273945, -0.999995, -0.000272, 0.003187, -0.000073, 0.998058, 0.062294, -0.003198, 0.062294, -0.998053),
      ["RightUpperArm"] = CFrame.new(-0.000131, -0.001068, -0.023746, 0.997048, -0.000499, -0.076785, 0.007428, 0.995916, 0.089982, 0.076426, -0.090286, 0.992979),
      ["RightUpperLeg"] = CFrame.new(0.001585, -0.408018, -0.459069, 0.997237, -0.074284, -0.000015, 0.005471, 0.073242, 0.997299, -0.074082, -0.994544, 0.073446)
    }},
    { Time = 0.183, Data = {
      ["Balls"] = CFrame.new(0.000001, -0.000024, 0.034546, 0.976695, -0.214630, -0.000097, 0.214630, 0.976695, -0.000705, 0.000246, 0.000668, 1.000000),
      ["Cock"] = CFrame.new(0.000001, -0.000005, 0.038330, 1.000000, -0.000518, 0.000000, 0.000518, 1.000000, -0.000086, 0.000000, 0.000086, 1.000000),
      ["Head"] = CFrame.new(0.000000, -0.000015, 0.000002, 1.000000, -0.000086, -0.000008, 0.000086, 0.983192, 0.182576, -0.000008, -0.182576, 0.983192),
      ["LeftUpperArm"] = CFrame.new(-0.058298, -0.889197, -0.804690, 0.025383, -0.883296, -0.468129, -0.993984, 0.027609, -0.105991, 0.106546, 0.468003, -0.877281),
      ["LeftUpperLeg"] = CFrame.new(-0.000146, -0.406948, -0.464442, 0.999224, 0.039387, -0.000004, -0.002809, 0.071372, 0.997446, 0.039287, -0.996672, 0.071427),
      ["LowerTorso"] = CFrame.new(-0.006549, -1.250103, -1.262021, -0.999995, -0.000268, 0.003187, -0.000077, 0.998206, 0.059881, -0.003198, 0.059880, -0.998201),
      ["RightUpperArm"] = CFrame.new(-0.000141, -0.001213, -0.025286, 0.997053, -0.000536, -0.076712, 0.007907, 0.995367, 0.095818, 0.076305, -0.096143, 0.992438),
      ["RightUpperLeg"] = CFrame.new(0.001621, -0.408230, -0.447049, 0.997242, -0.074221, -0.000031, 0.005334, 0.071250, 0.997444, -0.074029, -0.994693, 0.071449)
    }},
    { Time = 0.200, Data = {
      ["Balls"] = CFrame.new(0.000001, -0.000025, 0.034546, 0.974756, -0.223274, -0.000094, 0.223274, 0.974756, -0.000706, 0.000249, 0.000667, 1.000000),
      ["Cock"] = CFrame.new(0.000001, -0.000005, 0.038330, 0.999977, -0.006819, 0.000001, 0.006819, 0.999977, -0.000173, 0.000001, 0.000173, 1.000000),
      ["Head"] = CFrame.new(0.000000, -0.000015, 0.000003, 1.000000, -0.000086, -0.000008, 0.000086, 0.983475, 0.181042, -0.000008, -0.181042, 0.983475),
      ["LeftUpperArm"] = CFrame.new(-0.058270, -0.888355, -0.793781, 0.025298, -0.883320, -0.468087, -0.993012, 0.031785, -0.113651, 0.115268, 0.467691, -0.876343),
      ["LeftUpperLeg"] = CFrame.new(-0.000106, -0.407160, -0.451818, 0.999224, 0.039383, -0.000084, -0.002646, 0.069256, 0.997595, 0.039294, -0.996821, 0.069307),
      ["LowerTorso"] = CFrame.new(-0.006553, -1.250253, -1.249470, -0.999995, -0.000264, 0.003188, -0.000081, 0.998357, 0.057294, -0.003198, 0.057294, -0.998352),
      ["RightUpperArm"] = CFrame.new(-0.000140, -0.001331, -0.026486, 0.997052, -0.000533, -0.076722, 0.008255, 0.994916, 0.100367, 0.076278, -0.100704, 0.991988),
      ["RightUpperLeg"] = CFrame.new(0.001663, -0.408454, -0.434394, 0.997238, -0.074279, -0.000047, 0.005196, 0.069133, 0.997594, -0.074097, -0.994838, 0.069328)
    }},
    { Time = 0.217, Data = {
      ["Balls"] = CFrame.new(0.000001, -0.000026, 0.034546, 0.973300, -0.229536, -0.000092, 0.229536, 0.973300, -0.000706, 0.000251, 0.000666, 1.000000),
      ["Cock"] = CFrame.new(0.000001, -0.000006, 0.038330, 0.999910, -0.013380, 0.000001, 0.013380, 0.999910, -0.000173, 0.000001, 0.000173, 1.000000),
      ["Head"] = CFrame.new(0.000000, -0.000015, 0.000003, 1.000000, -0.000000, 0.000000, 0.000000, 0.983679, 0.179933, -0.000000, -0.179933, 0.983679),
      ["LeftUpperArm"] = CFrame.new(-0.058231, -0.887521, -0.782483, 0.025365, -0.883311, -0.468101, -0.991926, 0.035965, -0.121616, 0.124260, 0.467406, -0.875266),
      ["LeftUpperLeg"] = CFrame.new(-0.000065, -0.407441, -0.438758, 0.999224, 0.039383, -0.000040, -0.002602, 0.067018, 0.997748, 0.039297, -0.996974, 0.067068),
      ["LowerTorso"] = CFrame.new(-0.006557, -1.250396, -1.236574, -0.999995, -0.000260, 0.003188, -0.000085, 0.998502, 0.054708, -0.003197, 0.054707, -0.998497),
      ["RightUpperArm"] = CFrame.new(-0.000152, -0.001420, -0.027346, 0.997052, -0.000579, -0.076732, 0.008552, 0.994580, 0.103625, 0.076256, -0.103976, 0.991652),
      ["RightUpperLeg"] = CFrame.new(0.001704, -0.408655, -0.421331, 0.997238, -0.074275, -0.000008, 0.004991, 0.066900, 0.997747, -0.074107, -0.994991, 0.067086)
    }},
    { Time = 0.233, Data = {
      ["Balls"] = CFrame.new(0.000001, -0.000026, 0.034546, 0.972395, -0.233341, -0.000090, 0.233341, 0.972395, -0.000706, 0.000253, 0.000666, 1.000000),
      ["Cock"] = CFrame.new(0.000002, -0.000007, 0.038330, 0.999798, -0.020112, 0.000002, 0.020112, 0.999798, -0.000173, 0.000002, 0.000173, 1.000000),
      ["Head"] = CFrame.new(0.000000, -0.000015, 0.000003, 1.000000, -0.000000, 0.000000, 0.000000, 0.983803, 0.179251, -0.000000, -0.179251, 0.983803),
      ["LeftUpperArm"] = CFrame.new(-0.058191, -0.886661, -0.770940, 0.025432, -0.883296, -0.468125, -0.990723, 0.040262, -0.129793, 0.133493, 0.467083, -0.874078),
      ["LeftUpperLeg"] = CFrame.new(-0.000023, -0.407668, -0.425403, 0.999224, 0.039379, -0.000118, -0.002435, 0.064779, 0.997897, 0.039304, -0.997122, 0.064825),
      ["LowerTorso"] = CFrame.new(-0.006561, -1.250538, -1.223358, -0.999995, -0.000256, 0.003188, -0.000089, 0.998645, 0.052035, -0.003197, 0.052034, -0.998640),
      ["RightUpperArm"] = CFrame.new(-0.000155, -0.001475, -0.027867, 0.997051, -0.000589, -0.076737, 0.008714, 0.994371, 0.105598, 0.076243, -0.105955, 0.991444),
      ["RightUpperLeg"] = CFrame.new(0.001746, -0.408924, -0.407975, 0.997238, -0.074275, -0.000092, 0.004908, 0.064660, 0.997895, -0.074113, -0.995139, 0.064846)
    }},
    { Time = 0.250, Data = {
      ["Balls"] = CFrame.new(0.000001, -0.000025, 0.034546, 0.972090, -0.234609, -0.000090, 0.234609, 0.972090, -0.000706, 0.000253, 0.000665, 1.000000),
      ["Cock"] = CFrame.new(0.000002, -0.000008, 0.038330, 0.999637, -0.026930, 0.000002, 0.026930, 0.999637, -0.000173, 0.000002, 0.000173, 1.000000),
      ["Head"] = CFrame.new(0.000000, -0.000015, 0.000003, 1.000000, -0.000000, 0.000000, 0.000000, 0.983834, 0.179081, -0.000000, -0.179081, 0.983834),
      ["LeftUpperArm"] = CFrame.new(-0.058156, -0.885780, -0.759291, 0.025426, -0.883306, -0.468107, -0.989425, 0.044653, -0.138000, 0.142798, 0.466666, -0.872830),
      ["LeftUpperLeg"] = CFrame.new(0.000020, -0.407960, -0.411901, 0.999224, 0.039379, -0.000073, -0.002391, 0.062535, 0.998040, 0.039307, -0.997266, 0.062581),
      ["LowerTorso"] = CFrame.new(-0.006566, -1.250676, -1.209939, -0.999995, -0.000251, 0.003189, -0.000094, 0.998785, 0.049275, -0.003197, 0.049275, -0.998780),
      ["RightUpperArm"] = CFrame.new(-0.000148, -0.001494, -0.028047, 0.997051, -0.000562, -0.076737, 0.008741, 0.994297, 0.106285, 0.076240, -0.106642, 0.991370),
      ["RightUpperLeg"] = CFrame.new(0.001789, -0.409135, -0.394470, 0.997238, -0.074271, -0.000053, 0.004702, 0.062421, 0.998039, -0.074122, -0.995283, 0.062598)
    }},
    { Time = 0.267, Data = {
      ["Balls"] = CFrame.new(0.000001, -0.000026, 0.034546, 0.972496, -0.232919, -0.000090, 0.232919, 0.972496, -0.000706, 0.000252, 0.000666, 1.000000),
      ["Cock"] = CFrame.new(0.000002, -0.000008, 0.038330, 0.999430, -0.033747, 0.000004, 0.033747, 0.999430, -0.000259, 0.000004, 0.000259, 1.000000),
      ["Head"] = CFrame.new(0.000000, -0.000015, 0.000003, 1.000000, -0.000000, 0.000000, 0.000000, 0.983803, 0.179251, -0.000000, -0.179251, 0.983803),
      ["LeftUpperArm"] = CFrame.new(-0.058128, -0.884911, -0.747665, 0.025426, -0.883340, -0.468043, -0.988049, 0.048997, -0.146147, 0.152030, 0.466165, -0.871537),
      ["LeftUpperLeg"] = CFrame.new(0.000063, -0.408252, -0.398400, 0.999224, 0.039380, -0.000029, -0.002347, 0.060289, 0.998178, 0.039310, -0.997404, 0.060334),
      ["LowerTorso"] = CFrame.new(-0.006570, -1.250803, -1.196607, -0.999995, -0.000247, 0.003189, -0.000098, 0.998914, 0.046601, -0.003197, 0.046601, -0.998908),
      ["RightUpperArm"] = CFrame.new(-0.000155, -0.001475, -0.027867, 0.997051, -0.000589, -0.076737, 0.008714, 0.994371, 0.105598, 0.076243, -0.105955, 0.991444),
      ["RightUpperLeg"] = CFrame.new(0.001831, -0.409346, -0.380965, 0.997238, -0.074267, -0.000015, 0.004497, 0.060180, 0.998177, -0.074131, -0.995421, 0.060348)
    }},
    { Time = 0.283, Data = {
      ["Balls"] = CFrame.new(0.000001, -0.000025, 0.034546, 0.973698, -0.227845, -0.000092, 0.227844, 0.973697, -0.000706, 0.000251, 0.000666, 1.000000),
      ["Cock"] = CFrame.new(0.000002, -0.000009, 0.038330, 0.999180, -0.040477, 0.000005, 0.040477, 0.999180, -0.000259, 0.000005, 0.000259, 1.000000),
      ["Head"] = CFrame.new(0.000000, -0.000015, 0.000003, 1.000000, -0.000000, 0.000000, 0.000000, 0.983679, 0.179933, -0.000000, -0.179933, 0.983679),
      ["LeftUpperArm"] = CFrame.new(-0.058091, -0.884057, -0.736160, 0.025470, -0.883340, -0.468040, -0.986597, 0.053276, -0.154237, 0.161179, 0.465695, -0.870144),
      ["LeftUpperLeg"] = CFrame.new(0.000105, -0.408479, -0.385045, 0.999224, 0.039376, -0.000107, -0.002181, 0.058042, 0.998312, 0.039316, -0.997537, 0.058082),
      ["LowerTorso"] = CFrame.new(-0.006574, -1.250926, -1.183305, -0.999995, -0.000243, 0.003189, -0.000103, 0.999039, 0.043841, -0.003197, 0.043841, -0.999034),
      ["RightUpperArm"] = CFrame.new(-0.000152, -0.001420, -0.027346, 0.997052, -0.000579, -0.076732, 0.008552, 0.994580, 0.103625, 0.076256, -0.103976, 0.991652),
      ["RightUpperLeg"] = CFrame.new(0.001873, -0.409614, -0.367610, 0.997238, -0.074267, -0.000099, 0.004413, 0.057932, 0.998311, -0.074136, -0.995554, 0.058100)
    }},
    { Time = 0.300, Data = {
      ["Balls"] = CFrame.new(0.000001, -0.000025, 0.034546, 0.975640, -0.219377, -0.000095, 0.219377, 0.975640, -0.000705, 0.000248, 0.000667, 1.000000),
      ["Cock"] = CFrame.new(0.000002, -0.000010, 0.038330, 0.998893, -0.047032, 0.000006, 0.047032, 0.998893, -0.000259, 0.000006, 0.000259, 1.000000),
      ["Head"] = CFrame.new(0.000000, -0.000015, 0.000003, 1.000000, -0.000086, -0.000008, 0.000086, 0.983475, 0.181042, -0.000008, -0.181042, 0.983475),
      ["LeftUpperArm"] = CFrame.new(-0.058047, -0.883218, -0.724902, 0.025518, -0.883307, -0.468100, -0.985091, 0.057471, -0.162150, 0.170131, 0.465259, -0.868671),
      ["LeftUpperLeg"] = CFrame.new(0.000146, -0.408760, -0.371986, 0.999224, 0.039376, -0.000062, -0.002136, 0.055790, 0.998440, 0.039318, -0.997666, 0.055830),
      ["LowerTorso"] = CFrame.new(-0.006579, -1.251035, -1.170407, -0.999995, -0.000239, 0.003190, -0.000107, 0.999149, 0.041253, -0.003197, 0.041253, -0.999144),
      ["RightUpperArm"] = CFrame.new(-0.000140, -0.001331, -0.026486, 0.997052, -0.000533, -0.076722, 0.008255, 0.994916, 0.100367, 0.076278, -0.100704, 0.991988),
      ["RightUpperLeg"] = CFrame.new(0.001914, -0.409815, -0.354547, 0.997239, -0.074264, -0.000061, 0.004208, 0.055686, 0.998439, -0.074144, -0.995683, 0.055845)
    }},
    { Time = 0.317, Data = {
      ["Balls"] = CFrame.new(0.000002, -0.000023, 0.034546, 0.978199, -0.207672, -0.000109, 0.207672, 0.978198, -0.000619, 0.000235, 0.000583, 1.000000),
      ["Cock"] = CFrame.new(0.000003, -0.000011, 0.038330, 0.998577, -0.053328, 0.000007, 0.053328, 0.998577, -0.000259, 0.000007, 0.000259, 1.000000),
      ["Head"] = CFrame.new(0.000000, -0.000015, 0.000003, 1.000000, -0.000086, -0.000008, 0.000086, 0.983192, 0.182576, -0.000008, -0.182576, 0.983192),
      ["LeftUpperArm"] = CFrame.new(-0.058010, -0.882423, -0.714040, 0.025604, -0.883301, -0.468107, -0.983561, 0.061471, -0.169791, 0.178751, 0.464759, -0.867206),
      ["LeftUpperLeg"] = CFrame.new(0.000186, -0.408971, -0.359363, 0.999225, 0.039373, -0.000142, -0.001972, 0.053656, 0.998558, 0.039324, -0.997783, 0.053692),
      ["LowerTorso"] = CFrame.new(-0.006583, -1.251134, -1.157941, -0.999995, -0.000235, 0.003190, -0.000111, 0.999249, 0.038752, -0.003197, 0.038751, -0.999244),
      ["RightUpperArm"] = CFrame.new(-0.000141, -0.001213, -0.025286, 0.997053, -0.000536, -0.076712, 0.007907, 0.995367, 0.095818, 0.076305, -0.096143, 0.992438),
      ["RightUpperLeg"] = CFrame.new(0.001954, -0.410069, -0.341924, 0.997239, -0.074264, -0.000140, 0.004128, 0.053551, 0.998557, -0.074149, -0.995800, 0.053710)
    }},
    { Time = 0.333, Data = {
      ["Balls"] = CFrame.new(0.000002, -0.000022, 0.034546, 0.981239, -0.192796, -0.000113, 0.192796, 0.981239, -0.000618, 0.000230, 0.000585, 1.000000),
      ["Cock"] = CFrame.new(0.000003, -0.000012, 0.038330, 0.998236, -0.059363, 0.000010, 0.059363, 0.998236, -0.000345, 0.000010, 0.000345, 1.000000),
      ["Head"] = CFrame.new(0.000000, -0.000014, 0.000002, 1.000000, -0.000086, -0.000008, 0.000086, 0.982826, 0.184536, -0.000008, -0.184536, 0.982826),
      ["LeftUpperArm"] = CFrame.new(-0.057982, -0.881640, -0.703700, 0.025566, -0.883320, -0.468074, -0.982035, 0.065375, -0.177011, 0.186958, 0.464190, -0.865780),
      ["LeftUpperLeg"] = CFrame.new(0.000224, -0.409232, -0.347316, 0.999225, 0.039373, -0.000102, -0.001932, 0.051637, 0.998664, 0.039326, -0.997889, 0.051673),
      ["LowerTorso"] = CFrame.new(-0.006587, -1.251226, -1.145928, -0.999995, -0.000231, 0.003190, -0.000115, 0.999343, 0.036250, -0.003197, 0.036249, -0.999338),
      ["RightUpperArm"] = CFrame.new(-0.000131, -0.001068, -0.023746, 0.997048, -0.000499, -0.076785, 0.007428, 0.995916, 0.089982, 0.076426, -0.090286, 0.992979),
      ["RightUpperLeg"] = CFrame.new(0.001992, -0.410250, -0.329875, 0.997239, -0.074260, -0.000093, 0.003931, 0.051538, 0.998663, -0.074156, -0.995906, 0.051687)
    }},
    { Time = 0.350, Data = {
      ["Balls"] = CFrame.new(0.000003, -0.000020, 0.034546, 0.984586, -0.174901, -0.000041, 0.174901, 0.984586, -0.000524, 0.000131, 0.000508, 1.000000),
      ["Cock"] = CFrame.new(0.000003, -0.000012, 0.038330, 0.997876, -0.065139, 0.000011, 0.065139, 0.997876, -0.000345, 0.000011, 0.000345, 1.000000),
      ["Head"] = CFrame.new(0.000000, -0.000014, 0.000002, 1.000000, -0.000086, -0.000008, 0.000086, 0.982391, 0.186836, -0.000008, -0.186836, 0.982391),
      ["LeftUpperArm"] = CFrame.new(-0.057948, -0.880932, -0.693957, 0.025672, -0.883310, -0.468085, -0.980530, 0.068940, -0.183871, 0.194685, 0.463692, -0.864342),
      ["LeftUpperLeg"] = CFrame.new(0.000260, -0.409476, -0.335978, 0.999225, 0.039373, -0.000065, -0.001895, 0.049734, 0.998761, 0.039327, -0.997986, 0.049770),
      ["LowerTorso"] = CFrame.new(-0.006590, -1.251303, -1.134734, -0.999995, -0.000227, 0.003191, -0.000118, 0.999422, 0.034006, -0.003196, 0.034006, -0.999417),
      ["RightUpperArm"] = CFrame.new(-0.000133, -0.000911, -0.021934, 0.997049, -0.000506, -0.076772, 0.006905, 0.996516, 0.083111, 0.076462, -0.083395, 0.993579),
      ["RightUpperLeg"] = CFrame.new(0.002030, -0.410449, -0.318503, 0.997234, -0.074320, -0.000102, 0.003801, 0.049636, 0.998760, -0.074222, -0.995998, 0.049781)
    }},
    { Time = 0.367, Data = {
      ["Balls"] = CFrame.new(0.000003, -0.000018, 0.034546, 0.988049, -0.154140, -0.000046, 0.154140, 0.988049, -0.000523, 0.000126, 0.000510, 1.000000),
      ["Cock"] = CFrame.new(0.000003, -0.000013, 0.038330, 0.997519, -0.070395, 0.000012, 0.070395, 0.997519, -0.000345, 0.000012, 0.000345, 1.000000),
      ["Head"] = CFrame.new(0.000000, -0.000014, 0.000002, 1.000000, -0.000086, -0.000008, 0.000086, 0.981869, 0.189561, -0.000008, -0.189561, 0.981869),
      ["LeftUpperArm"] = CFrame.new(-0.057924, -0.880234, -0.684954, 0.025601, -0.883326, -0.468059, -0.979074, 0.072403, -0.190191, 0.201890, 0.463133, -0.862988),
      ["LeftUpperLeg"] = CFrame.new(0.000293, -0.409643, -0.325470, 0.999225, 0.039370, -0.000154, -0.001740, 0.048070, 0.998843, 0.039332, -0.998068, 0.048101),
      ["LowerTorso"] = CFrame.new(-0.006594, -1.251373, -1.124281, -0.999995, -0.000223, 0.003191, -0.000122, 0.999493, 0.031849, -0.003196, 0.031848, -0.999488),
      ["RightUpperArm"] = CFrame.new(-0.000124, -0.000742, -0.019826, 0.997050, -0.000470, -0.076756, 0.006253, 0.997155, 0.075121, 0.076502, -0.075379, 0.994216),
      ["RightUpperLeg"] = CFrame.new(0.002061, -0.410628, -0.308025, 0.997239, -0.074257, -0.000109, 0.003672, 0.047856, 0.998847, -0.074166, -0.996090, 0.047996)
    }},
    { Time = 0.383, Data = {
      ["Balls"] = CFrame.new(0.000004, -0.000016, 0.034546, 0.991415, -0.130755, -0.000058, 0.130755, 0.991415, -0.000436, 0.000114, 0.000425, 1.000000),
      ["Cock"] = CFrame.new(0.000003, -0.000013, 0.038330, 0.997167, -0.075219, 0.000013, 0.075219, 0.997167, -0.000345, 0.000013, 0.000345, 1.000000),
      ["Head"] = CFrame.new(0.000000, -0.000013, 0.000002, 1.000000, -0.000086, -0.000008, 0.000086, 0.981272, 0.192626, -0.000008, -0.192626, 0.981272),
      ["LeftUpperArm"] = CFrame.new(-0.057903, -0.879643, -0.676763, 0.025652, -0.883347, -0.468017, -0.977726, 0.075389, -0.195880, 0.208313, 0.462617, -0.861737),
      ["LeftUpperLeg"] = CFrame.new(0.000323, -0.409849, -0.315910, 0.999225, 0.039370, -0.000121, -0.001707, 0.046402, 0.998921, 0.039333, -0.998147, 0.046433),
      ["LowerTorso"] = CFrame.new(-0.006597, -1.251431, -1.114835, -0.999995, -0.000220, 0.003191, -0.000125, 0.999551, 0.029951, -0.003196, 0.029950, -0.999546),
      ["RightUpperArm"] = CFrame.new(-0.000125, -0.000573, -0.017445, 0.997051, -0.000474, -0.076742, 0.005561, 0.997798, 0.066094, 0.076541, -0.066326, 0.994858),
      ["RightUpperLeg"] = CFrame.new(0.002091, -0.410822, -0.298464, 0.997239, -0.074257, -0.000166, 0.003615, 0.046308, 0.998921, -0.074169, -0.996163, 0.046448)
    }},
    { Time = 0.400, Data = {
      ["Balls"] = CFrame.new(0.000005, -0.000014, 0.034546, 0.994473, -0.104995, -0.000068, 0.104995, 0.994473, -0.000349, 0.000104, 0.000340, 1.000000),
      ["Cock"] = CFrame.new(0.000003, -0.000014, 0.038330, 0.996840, -0.079440, 0.000014, 0.079440, 0.996840, -0.000345, 0.000014, 0.000345, 1.000000),
      ["Head"] = CFrame.new(0.000000, -0.000013, 0.000002, 1.000000, -0.000086, -0.000008, 0.000086, 0.980615, 0.195944, -0.000008, -0.195944, 0.980615),
      ["LeftUpperArm"] = CFrame.new(-0.057870, -0.879093, -0.669455, 0.025671, -0.883309, -0.468087, -0.976470, 0.078138, -0.201002, 0.214122, 0.462233, -0.860519),
      ["LeftUpperLeg"] = CFrame.new(0.000350, -0.410032, -0.307402, 0.999225, 0.039370, -0.000093, -0.001679, 0.044971, 0.998987, 0.039335, -0.998212, 0.045003),
      ["LowerTorso"] = CFrame.new(-0.006599, -1.251480, -1.106393, -0.999995, -0.000218, 0.003191, -0.000128, 0.999602, 0.028225, -0.003196, 0.028224, -0.999597),
      ["RightUpperArm"] = CFrame.new(-0.000111, -0.000413, -0.014835, 0.997052, -0.000424, -0.076726, 0.004750, 0.998408, 0.056205, 0.076580, -0.056404, 0.995467),
      ["RightUpperLeg"] = CFrame.new(0.002118, -0.410932, -0.289954, 0.997239, -0.074254, -0.000097, 0.003440, 0.044882, 0.998986, -0.074174, -0.996229, 0.045014)
    }},
    { Time = 0.417, Data = {
      ["Balls"] = CFrame.new(0.000006, -0.000011, 0.034546, 0.997029, -0.077028, -0.000076, 0.077028, 0.997029, -0.000262, 0.000096, 0.000255, 1.000000),
      ["Cock"] = CFrame.new(0.000003, -0.000014, 0.038330, 0.996538, -0.083142, 0.000014, 0.083142, 0.996538, -0.000345, 0.000014, 0.000345, 1.000000),
      ["Head"] = CFrame.new(0.000000, -0.000012, 0.000001, 1.000000, -0.000086, -0.000009, 0.000086, 0.979895, 0.199516, -0.000009, -0.199516, 0.979895),
      ["LeftUpperArm"] = CFrame.new(-0.057856, -0.878641, -0.663159, 0.025712, -0.883336, -0.468035, -0.975374, 0.080424, -0.205371, 0.219053, 0.461790, -0.859515),
      ["LeftUpperLeg"] = CFrame.new(0.000372, -0.410162, -0.300008, 0.999222, 0.039430, -0.000132, -0.001596, 0.043778, 0.999040, 0.039398, -0.998263, 0.043807),
      ["LowerTorso"] = CFrame.new(-0.006602, -1.251520, -1.099112, -0.999995, -0.000215, 0.003191, -0.000130, 0.999642, 0.026758, -0.003196, 0.026757, -0.999637),
      ["RightUpperArm"] = CFrame.new(-0.000106, -0.000269, -0.012021, 0.997053, -0.000404, -0.076713, 0.003908, 0.998955, 0.045536, 0.076614, -0.045702, 0.996013),
      ["RightUpperLeg"] = CFrame.new(0.002141, -0.411081, -0.282590, 0.997239, -0.074254, -0.000142, 0.003395, 0.043690, 0.999039, -0.074176, -0.996282, 0.043821)
    }},
    { Time = 0.433, Data = {
      ["Balls"] = CFrame.new(0.000007, -0.000008, 0.034546, 0.998881, -0.047291, 0.000004, 0.047291, 0.998881, -0.000173, 0.000004, 0.000173, 1.000000),
      ["Cock"] = CFrame.new(0.000004, -0.000015, 0.038330, 0.996274, -0.086242, 0.000019, 0.086242, 0.996274, -0.000431, 0.000019, 0.000431, 1.000000),
      ["Head"] = CFrame.new(0.000000, -0.000012, 0.000001, 1.000000, -0.000086, -0.000009, 0.000086, 0.979108, 0.203340, -0.000009, -0.203340, 0.979108),
      ["LeftUpperArm"] = CFrame.new(-0.057839, -0.878223, -0.657908, 0.025667, -0.883333, -0.468042, -0.974406, 0.082487, -0.209113, 0.223323, 0.461431, -0.858608),
      ["LeftUpperLeg"] = CFrame.new(0.000393, -0.410263, -0.293900, 0.999225, 0.039368, -0.000170, -0.001512, 0.042706, 0.999086, 0.039339, -0.998312, 0.042733),
      ["LowerTorso"] = CFrame.new(-0.006604, -1.251550, -1.093058, -0.999995, -0.000213, 0.003191, -0.000132, 0.999674, 0.025549, -0.003196, 0.025549, -0.999669),
      ["RightUpperArm"] = CFrame.new(-0.000085, -0.000149, -0.009023, 0.997054, -0.000324, -0.076701, 0.002954, 0.999411, 0.034177, 0.076644, -0.034302, 0.996468),
      ["RightUpperLeg"] = CFrame.new(0.002163, -0.411174, -0.276420, 0.997235, -0.074313, -0.000120, 0.003295, 0.042616, 0.999086, -0.074240, -0.996324, 0.042743)
    }},
    { Time = 0.450, Data = {
      ["Balls"] = CFrame.new(0.000008, -0.000005, 0.034546, 0.999870, -0.016142, 0.000001, 0.016142, 0.999870, -0.000086, 0.000001, 0.000086, 1.000000),
      ["Cock"] = CFrame.new(0.000004, -0.000015, 0.038330, 0.996063, -0.088652, 0.000019, 0.088652, 0.996063, -0.000431, 0.000019, 0.000431, 1.000000),
      ["Head"] = CFrame.new(0.000000, -0.000011, 0.000001, 1.000000, -0.000086, -0.000009, 0.000086, 0.978271, 0.207332, -0.000009, -0.207332, 0.978271),
      ["LeftUpperArm"] = CFrame.new(-0.057827, -0.877936, -0.653762, 0.025748, -0.883341, -0.468023, -0.973654, 0.083952, -0.212015, 0.226573, 0.461152, -0.857907),
      ["LeftUpperLeg"] = CFrame.new(0.000408, -0.410367, -0.289055, 0.999225, 0.039368, -0.000154, -0.001496, 0.041870, 0.999122, 0.039340, -0.998347, 0.041897),
      ["LowerTorso"] = CFrame.new(-0.006605, -1.251574, -1.088283, -0.999995, -0.000212, 0.003192, -0.000133, 0.999697, 0.024600, -0.003196, 0.024600, -0.999692),
      ["RightUpperArm"] = CFrame.new(-0.000070, -0.000059, -0.005865, 0.997055, -0.000267, -0.076691, 0.001976, 0.999751, 0.022210, 0.076666, -0.022296, 0.996807),
      ["RightUpperLeg"] = CFrame.new(0.002176, -0.411240, -0.271605, 0.997240, -0.074251, -0.000091, 0.003202, 0.041785, 0.999121, -0.074182, -0.996364, 0.041907)
    }},
    { Time = 0.467, Data = {
      ["Balls"] = CFrame.new(0.000009, -0.000002, 0.034546, 0.999870, 0.016142, 0.000001, -0.016142, 0.999870, 0.000086, 0.000001, -0.000086, 1.000000),
      ["Cock"] = CFrame.new(0.000004, -0.000015, 0.038330, 0.995908, -0.090373, 0.000020, 0.090373, 0.995908, -0.000431, 0.000020, 0.000431, 1.000000),
      ["Head"] = CFrame.new(0.000000, -0.000011, 0.000001, 1.000000, -0.000172, -0.000018, 0.000172, 0.977398, 0.211406, -0.000018, -0.211406, 0.977398),
      ["LeftUpperArm"] = CFrame.new(-0.057813, -0.877716, -0.650759, 0.025762, -0.883324, -0.468055, -0.973106, 0.085056, -0.214080, 0.228913, 0.460982, -0.857376),
      ["LeftUpperLeg"] = CFrame.new(0.000419, -0.410443, -0.285556, 0.999225, 0.039368, -0.000142, -0.001484, 0.041273, 0.999147, 0.039340, -0.998372, 0.041299),
      ["LowerTorso"] = CFrame.new(-0.006606, -1.251592, -1.084744, -0.999995, -0.000211, 0.003192, -0.000135, 0.999716, 0.023823, -0.003196, 0.023823, -0.999711),
      ["RightUpperArm"] = CFrame.new(-0.000058, -0.000007, -0.002616, 0.997055, -0.000223, -0.076686, 0.000985, 0.999951, 0.009896, 0.076680, -0.009943, 0.997006),
      ["RightUpperLeg"] = CFrame.new(0.002187, -0.411310, -0.268105, 0.997240, -0.074251, -0.000113, 0.003180, 0.041188, 0.999146, -0.074183, -0.996389, 0.041310)
    }},
    { Time = 0.483, Data = {
      ["Balls"] = CFrame.new(0.000009, 0.000001, 0.034546, 0.998789, 0.049189, 0.000004, -0.049189, 0.998789, 0.000173, 0.000004, -0.000173, 1.000000),
      ["Cock"] = CFrame.new(0.000004, -0.000015, 0.038330, 0.995806, -0.091492, 0.000020, 0.091492, 0.995806, -0.000431, 0.000020, 0.000431, 1.000000),
      ["Head"] = CFrame.new(0.000000, -0.000010, 0.000000, 1.000000, -0.000172, -0.000019, 0.000172, 0.976471, 0.215647, -0.000019, -0.215647, 0.976471),
      ["LeftUpperArm"] = CFrame.new(-0.057812, -0.877589, -0.648959, 0.025778, -0.883343, -0.468018, -0.972772, 0.085703, -0.215336, 0.230326, 0.460826, -0.857082),
      ["LeftUpperLeg"] = CFrame.new(0.000426, -0.410488, -0.283441, 0.999225, 0.039368, -0.000135, -0.001477, 0.040914, 0.999162, 0.039340, -0.998387, 0.040940),
      ["LowerTorso"] = CFrame.new(-0.006607, -1.251602, -1.082643, -0.999995, -0.000210, 0.003192, -0.000135, 0.999726, 0.023392, -0.003196, 0.023391, -0.999721),
      ["RightUpperArm"] = CFrame.new(-0.000050, 0.000005, 0.000701, 0.997055, -0.000189, -0.076684, -0.000016, 0.999996, -0.002677, 0.076684, 0.002671, 0.997052),
      ["RightUpperLeg"] = CFrame.new(0.002193, -0.411353, -0.265990, 0.997240, -0.074251, -0.000126, 0.003167, 0.040829, 0.999161, -0.074184, -0.996403, 0.040952)
    }},
    { Time = 0.500, Data = {
      ["Balls"] = CFrame.new(0.000010, 0.000004, 0.034546, 0.996595, 0.082454, 0.000097, -0.082454, 0.996595, 0.000255, -0.000076, -0.000262, 1.000000),
      ["Cock"] = CFrame.new(0.000004, -0.000015, 0.038330, 0.995774, -0.091836, 0.000020, 0.091836, 0.995774, -0.000431, 0.000020, 0.000431, 1.000000),
      ["Head"] = CFrame.new(0.000000, -0.000010, 0.000000, 1.000000, -0.000172, -0.000019, 0.000172, 0.975526, 0.219885, -0.000019, -0.219885, 0.975526),
