return {
  ["Astros laying jerk 2"] = {
    { Time = 0.000, Data = {
      ["Head"] = CFrame.new(0.000000, 0.000000, 0.000000, 1.000000, -0.000000, 0.000000, 0.000000, 0.764405, 0.644736, -0.000000, -0.644736, 0.764405),
      ["LeftUpperArm"] = CFrame.new(0.025373, -0.024335, 0.292328, 0.987200, 0.150956, 0.051462, -0.141644, 0.978160, -0.152120, -0.073301, 0.142883, 0.987021),
      ["LeftUpperLeg"] = CFrame.new(-0.282749, 0.278641, -0.715331, 0.976081, 0.116852, 0.183331, -0.180609, 0.905240, 0.384604, -0.121017, -0.408516, 0.904693),
      ["LowerTorso"] = CFrame.new(0.000000, -1.445520, 0.035973, 1.000000, 0.000000, 0.000000, 0.000000, 0.156222, -0.987722, 0.000000, 0.987722, 0.156222),
      ["RightUpperArm"] = CFrame.new(-0.112707, -0.448831, -0.288715, 0.719578, 0.581411, -0.379694, -0.676927, 0.709239, -0.196850, 0.154843, 0.398674, 0.903926),
      ["RightUpperLeg"] = CFrame.new(0.163566, -0.043151, 0.054084, 0.970449, -0.136679, -0.198864, 0.133898, 0.990615, -0.027428, 0.200747, -0.000010, 0.979643),
      ["SexToy"] = CFrame.new(-0.028127, -0.875517, 0.722569, 0.871595, 0.257222, 0.417325, -0.216438, -0.561914, 0.798378, 0.439861, -0.786187, -0.434089),
      ["рҹҢ§пёҸрҹҳірҹ‘»рҹҸіпёҸвҖҚрҹҢҲрҹҳӮрҹ’һрҹҸҙвҖҚвҳ пёҸрҹҺёрҹҢ§пёҸрҹҳірҹ‘»рҹҸіпёҸвҖҚрҹҢҲрҹҳӮрҹ’һрҹҸҙвҖҚвҳ"] = CFrame.new(-0.000000, -0.000000, 0.000000, 0.935611, -0.345784, 0.071177, 0.344778, 0.938314, 0.026366, -0.075903, -0.000128, 0.997115)
    }},
    { Time = 0.017, Data = {
      ["Head"] = CFrame.new(0.000000, -0.000000, 0.000000, 1.000000, -0.000000, 0.000000, 0.000000, 0.763515, 0.645790, -0.000000, -0.645790, 0.763515),
      ["LeftUpperArm"] = CFrame.new(0.025373, -0.024335, 0.292328, 0.987200, 0.150956, 0.051462, -0.141644, 0.978160, -0.152120, -0.073301, 0.142883, 0.987021),
      ["LeftUpperLeg"] = CFrame.new(-0.282754, 0.278604, -0.715314, 0.976081, 0.116852, 0.183331, -0.180609, 0.905240, 0.384604, -0.121017, -0.408516, 0.904693),
      ["LowerTorso"] = CFrame.new(0.000000, -1.445520, 0.035987, 1.000000, 0.000000, 0.000000, 0.000000, 0.156222, -0.987722, 0.000000, 0.987722, 0.156222),
      ["RightUpperArm"] = CFrame.new(-0.112684, -0.448831, -0.288746, 0.719494, 0.581496, -0.379725, -0.676989, 0.709236, -0.196647, 0.154965, 0.398557, 0.903957),
      ["RightUpperLeg"] = CFrame.new(0.163570, -0.043182, 0.054085, 0.970449, -0.136679, -0.198864, 0.133898, 0.990615, -0.027428, 0.200747, -0.000010, 0.979643),
      ["SexToy"] = CFrame.new(-0.028143, -0.875451, 0.722466, 0.871455, 0.257592, 0.417388, -0.216223, -0.562067, 0.798328, 0.440243, -0.785956, -0.434119),
      ["рҹҢ§пёҸрҹҳірҹ‘»рҹҸіпёҸвҖҚрҹҢҲрҹҳӮрҹ’һрҹҸҙвҖҚвҳ пёҸрҹҺёрҹҢ§пёҸрҹҳірҹ‘»рҹҸіпёҸвҖҚрҹҢҲрҹҳӮрҹ’һрҹҸҙвҖҚвҳ"] = CFrame.new(0.000000, 0.000000, 0.000000, 0.935338, -0.346524, 0.071166, 0.345518, 0.938041, 0.026394, -0.075903, -0.000098, 0.997115)
    }},
    { Time = 0.033, Data = {
      ["Head"] = CFrame.new(0.000000, 0.000000, -0.000000, 1.000000, -0.000000, 0.000000, 0.000000, 0.762565, 0.646912, -0.000000, -0.646912, 0.762565),
      ["LeftUpperArm"] = CFrame.new(0.025373, -0.024335, 0.292328, 0.987200, 0.150956, 0.051462, -0.141644, 0.978160, -0.152120, -0.073301, 0.142883, 0.987021),
      ["LeftUpperLeg"] = CFrame.new(-0.282768, 0.278494, -0.715264, 0.976081, 0.116852, 0.183331, -0.180609, 0.905240, 0.384604, -0.121017, -0.408516, 0.904693),
      ["LowerTorso"] = CFrame.new(0.000000, -1.445520, 0.036027, 1.000000, 0.000000, 0.000000, 0.000000, 0.156222, -0.987722, 0.000000, 0.987722, 0.156222),
      ["RightUpperArm"] = CFrame.new(-0.112675, -0.448802, -0.288811, 0.719443, 0.581530, -0.379769, -0.676979, 0.709348, -0.196278, 0.155247, 0.398307, 0.904019),
      ["RightUpperLeg"] = CFrame.new(0.163583, -0.043278, 0.054087, 0.970449, -0.136679, -0.198864, 0.133898, 0.990615, -0.027428, 0.200747, -0.000010, 0.979643),
      ["SexToy"] = CFrame.new(-0.028193, -0.875256, 0.722160, 0.871084, 0.258494, 0.417605, -0.215660, -0.562611, 0.798097, 0.441252, -0.785271, -0.434334),
      ["рҹҢ§пёҸрҹҳірҹ‘»рҹҸіпёҸвҖҚрҹҢҲрҹҳӮрҹ’һрҹҸҙвҖҚвҳ пёҸрҹҺёрҹҢ§пёҸрҹҳірҹ‘»рҹҸіпёҸвҖҚрҹҢҲрҹҳӮрҹ’һрҹҸҙвҖҚвҳ"] = CFrame.new(0.000000, -0.000000, 0.000000, 0.935094, -0.347182, 0.071157, 0.346175, 0.937798, 0.026419, -0.075903, -0.000072, 0.997115)
    }},
    { Time = 0.050, Data = {
      ["Head"] = CFrame.new(0.000000, 0.000000, 0.000000, 1.000000, -0.000000, 0.000000, 0.000000, 0.761672, 0.647963, -0.000000, -0.647963, 0.761672),
      ["LeftUpperArm"] = CFrame.new(0.025373, -0.024335, 0.292328, 0.987200, 0.150956, 0.051462, -0.141644, 0.978160, -0.152120, -0.073301, 0.142883, 0.987021),
      ["LeftUpperLeg"] = CFrame.new(-0.282791, 0.278312, -0.715180, 0.976081, 0.116852, 0.183331, -0.180609, 0.905240, 0.384604, -0.121017, -0.408516, 0.904693),
      ["LowerTorso"] = CFrame.new(0.000000, -1.445520, 0.036095, 1.000000, 0.000000, 0.000000, 0.000000, 0.156222, -0.987722, 0.000000, 0.987722, 0.156222),
      ["RightUpperArm"] = CFrame.new(-0.112617, -0.448774, -0.288946, 0.719248, 0.581752, -0.379798, -0.677083, 0.709454, -0.195536, 0.155696, 0.397793, 0.904168),
      ["RightUpperLeg"] = CFrame.new(0.163604, -0.043441, 0.054094, 0.970449, -0.136670, -0.198870, 0.133907, 0.990617, -0.027342, 0.200741, -0.000096, 0.979644),
      ["SexToy"] = CFrame.new(-0.028275, -0.874931, 0.721650, 0.870430, 0.260114, 0.417963, -0.214644, -0.563538, 0.797717, 0.443035, -0.784070, -0.434689),
      ["рҹҢ§пёҸрҹҳірҹ‘»рҹҸіпёҸвҖҚрҹҢҲрҹҳӮрҹ’һрҹҸҙвҖҚвҳ пёҸрҹҺёрҹҢ§пёҸрҹҳірҹ‘»рҹҸіпёҸвҖҚрҹҢҲрҹҳӮрҹ’һрҹҸҙвҖҚвҳ"] = CFrame.new(-0.000000, -0.000000, -0.000000, 0.934814, -0.347918, 0.071247, 0.346917, 0.937525, 0.026378, -0.075973, 0.000058, 0.997110)
    }},
    { Time = 0.067, Data = {
      ["Head"] = CFrame.new(0.000000, -0.000000, 0.000000, 1.000000, -0.000000, 0.000000, 0.000000, 0.760777, 0.649014, -0.000000, -0.649014, 0.760777),
      ["LeftUpperArm"] = CFrame.new(0.025373, -0.024335, 0.292328, 0.987200, 0.150956, 0.051462, -0.141644, 0.978160, -0.152120, -0.073301, 0.142883, 0.987021),
      ["LeftUpperLeg"] = CFrame.new(-0.282817, 0.278096, -0.715068, 0.976095, 0.116761, 0.183319, -0.180531, 0.905218, 0.384692, -0.121027, -0.408591, 0.904658),
      ["LowerTorso"] = CFrame.new(0.000000, -1.445408, 0.036172, 1.000000, 0.000000, 0.000000, 0.000000, 0.156109, -0.987740, 0.000000, 0.987740, 0.156109),
      ["RightUpperArm"] = CFrame.new(-0.112559, -0.448732, -0.289107, 0.719002, 0.581973, -0.379925, -0.677190, 0.709615, -0.194577, 0.156362, 0.397183, 0.904321),
      ["RightUpperLeg"] = CFrame.new(0.163634, -0.043668, 0.054102, 0.970449, -0.136661, -0.198876, 0.133916, 0.990618, -0.027256, 0.200735, -0.000182, 0.979646),
      ["SexToy"] = CFrame.new(-0.028390, -0.874478, 0.720938, 0.869537, 0.262264, 0.418478, -0.213277, -0.564850, 0.797156, 0.445442, -0.782408, -0.435223),
      ["рҹҢ§пёҸрҹҳірҹ‘»рҹҸіпёҸвҖҚрҹҢҲрҹҳӮрҹ’һрҹҸҙвҖҚвҳ пёҸрҹҺёрҹҢ§пёҸрҹҳірҹ‘»рҹҸіпёҸвҖҚрҹҢҲрҹҳӮрҹ’һрҹҸҙвҖҚвҳ"] = CFrame.new(-0.000000, 0.000000, 0.000000, 0.934570, -0.348575, 0.071237, 0.347574, 0.937281, 0.026403, -0.075973, 0.000085, 0.997110)
    }},
    { Time = 0.083, Data = {
      ["Head"] = CFrame.new(0.000000, -0.000000, 0.000000, 1.000000, -0.000000, 0.000000, 0.000000, 0.759880, 0.650063, -0.000000, -0.650063, 0.759880),
      ["LeftUpperArm"] = CFrame.new(0.025373, -0.024335, 0.292328, 0.987200, 0.150956, 0.051462, -0.141644, 0.978160, -0.152120, -0.073301, 0.142883, 0.987021),
      ["LeftUpperLeg"] = CFrame.new(-0.282859, 0.277770, -0.714917, 0.976095, 0.116761, 0.183319, -0.180531, 0.905218, 0.384692, -0.121027, -0.408591, 0.904658),
      ["LowerTorso"] = CFrame.new(0.000000, -1.445296, 0.036276, 1.000000, 0.000000, 0.000000, 0.000000, 0.155997, -0.987758, 0.000000, 0.987758, 0.155997),
      ["RightUpperArm"] = CFrame.new(-0.112491, -0.448668, -0.289321, 0.718731, 0.582229, -0.380046, -0.677284, 0.709859, -0.193357, 0.157201, 0.396370, 0.904532),
      ["RightUpperLeg"] = CFrame.new(0.163680, -0.043956, 0.054069, 0.970432, -0.136653, -0.198967, 0.133923, 0.990619, -0.027177, 0.200814, -0.000273, 0.979629),
      ["SexToy"] = CFrame.new(-0.028537, -0.873896, 0.720026, 0.868353, 0.265056, 0.419176, -0.211525, -0.566538, 0.796424, 0.448576, -0.780244, -0.435889),
      ["рҹҢ§пёҸрҹҳірҹ‘»рҹҸіпёҸвҖҚрҹҢҲрҹҳӮрҹ’һрҹҸҙвҖҚвҳ пёҸрҹҺёрҹҢ§пёҸрҹҳірҹ‘»рҹҸіпёҸвҖҚрҹҢҲрҹҳӮрҹ’һрҹҸҙвҖҚвҳ"] = CFrame.new(-0.000000, 0.000000, 0.000000, 0.934325, -0.349233, 0.071228, 0.348231, 0.937036, 0.026428, -0.075973, 0.000112, 0.997110)
    }},
    { Time = 0.100, Data = {
      ["Head"] = CFrame.new(0.000000, 0.000000, 0.000000, 1.000000, -0.000000, 0.000000, 0.000000, 0.759042, 0.651042, -0.000000, -0.651042, 0.759042),
      ["LeftUpperArm"] = CFrame.new(0.025372, -0.024332, 0.292306, 0.987200, 0.150954, 0.051468, -0.141647, 0.978173, -0.152035, -0.073295, 0.142798, 0.987034),
      ["LeftUpperLeg"] = CFrame.new(-0.282910, 0.277370, -0.714731, 0.976095, 0.116753, 0.183325, -0.180537, 0.905183, 0.384773, -0.121019, -0.408671, 0.904623),
      ["LowerTorso"] = CFrame.new(0.000000, -1.445295, 0.036423, 1.000000, 0.000000, 0.000000, 0.000000, 0.155997, -0.987758, 0.000000, 0.987758, 0.155997),
      ["RightUpperArm"] = CFrame.new(-0.112406, -0.448605, -0.289558, 0.718349, 0.582552, -0.380274, -0.677448, 0.710098, -0.191901, 0.158239, 0.395468, 0.904746),
      ["RightUpperLeg"] = CFrame.new(0.163726, -0.044311, 0.054083, 0.970432, -0.136635, -0.198979, 0.133941, 0.990621, -0.027005, 0.200802, -0.000445, 0.979632),
      ["SexToy"] = CFrame.new(-0.028716, -0.873189, 0.718917, 0.866914, 0.268468, 0.419982, -0.209367, -0.568515, 0.795586, 0.452355, -0.777635, -0.436646),
      ["рҹҢ§пёҸрҹҳірҹ‘»рҹҸіпёҸвҖҚрҹҢҲрҹҳӮрҹ’һрҹҸҙвҖҚвҳ пёҸрҹҺёрҹҢ§пёҸрҹҳірҹ‘»рҹҸіпёҸвҖҚрҹҢҲрҹҳӮрҹ’һрҹҸҙвҖҚвҳ"] = CFrame.new(-0.000000, 0.000000, -0.000000, 0.934049, -0.349972, 0.071218, 0.348970, 0.936760, 0.026456, -0.075973, 0.000142, 0.997110)
    }},
    { Time = 0.117, Data = {
      ["Head"] = CFrame.new(0.000000, -0.000000, 0.000000, 1.000000, -0.000000, 0.000000, 0.000000, 0.758142, 0.652089, -0.000000, -0.652089, 0.758142),
      ["LeftUpperArm"] = CFrame.new(0.025372, -0.024332, 0.292306, 0.987200, 0.150954, 0.051468, -0.141647, 0.978173, -0.152035, -0.073295, 0.142798, 0.987034),
      ["LeftUpperLeg"] = CFrame.new(-0.282970, 0.276904, -0.714516, 0.976095, 0.116753, 0.183325, -0.180537, 0.905183, 0.384773, -0.121019, -0.408671, 0.904623),
      ["LowerTorso"] = CFrame.new(0.000000, -1.445183, 0.036578, 1.000000, 0.000000, 0.000000, 0.000000, 0.155885, -0.987775, 0.000000, 0.987775, 0.155885),
      ["RightUpperArm"] = CFrame.new(-0.112290, -0.448529, -0.289866, 0.717881, 0.582995, -0.380478, -0.677656, 0.710386, -0.190090, 0.159464, 0.394295, 0.905043),
      ["RightUpperLeg"] = CFrame.new(0.163780, -0.044726, 0.054098, 0.970432, -0.136618, -0.198991, 0.133958, 0.990624, -0.026834, 0.200791, -0.000616, 0.979634),
      ["SexToy"] = CFrame.new(-0.028926, -0.872358, 0.717613, 0.865211, 0.272478, 0.420909, -0.206776, -0.570853, 0.794589, 0.456785, -0.774521, -0.437566),
      ["рҹҢ§пёҸрҹҳірҹ‘»рҹҸіпёҸвҖҚрҹҢҲрҹҳӮрҹ’һрҹҸҙвҖҚвҳ пёҸрҹҺёрҹҢ§пёҸрҹҳірҹ‘»рҹҸіпёҸвҖҚрҹҢҲрҹҳӮрҹ’һрҹҸҙвҖҚвҳ"] = CFrame.new(0.000000, 0.000000, 0.000000, 0.933803, -0.350625, 0.071224, 0.349631, 0.936516, 0.026396, -0.075957, 0.000253, 0.997111)
    }},
    { Time = 0.133, Data = {
      ["Head"] = CFrame.new(0.000000, -0.000000, 0.000000, 1.000000, -0.000000, 0.000000, 0.000000, 0.757301, 0.653066, -0.000000, -0.653066, 0.757301),
      ["LeftUpperArm"] = CFrame.new(0.025371, -0.024329, 0.292283, 0.987200, 0.150952, 0.051475, -0.141651, 0.978185, -0.151949, -0.073289, 0.142713, 0.987047),
      ["LeftUpperLeg"] = CFrame.new(-0.283038, 0.276367, -0.714266, 0.976095, 0.116745, 0.183330, -0.180542, 0.905148, 0.384853, -0.121011, -0.408751, 0.904588),
      ["LowerTorso"] = CFrame.new(0.000000, -1.445071, 0.036759, 1.000000, 0.000000, 0.000000, 0.000000, 0.155773, -0.987793, 0.000000, 0.987793, 0.155773),
      ["RightUpperArm"] = CFrame.new(-0.112173, -0.448440, -0.290201, 0.717361, 0.583439, -0.380778, -0.677866, 0.710726, -0.188061, 0.160907, 0.393024, 0.905340),
      ["RightUpperLeg"] = CFrame.new(0.163837, -0.045158, 0.054115, 0.970444, -0.136515, -0.199004, 0.133890, 0.990638, -0.026654, 0.200779, -0.000779, 0.979636),
      ["SexToy"] = CFrame.new(-0.029167, -0.871405, 0.716118, 0.863237, 0.277010, 0.422004, -0.203821, -0.573544, 0.793413, 0.461821, -0.770917, -0.438644),
      ["рҹҢ§пёҸрҹҳірҹ‘»рҹҸіпёҸвҖҚрҹҢҲрҹҳӮрҹ’һрҹҸҙвҖҚвҳ пёҸрҹҺёрҹҢ§пёҸрҹҳірҹ‘»рҹҸіпёҸвҖҚрҹҢҲрҹҳӮрҹ’һрҹҸҙвҖҚвҳ"] = CFrame.new(-0.000000, -0.000000, 0.000000, 0.933557, -0.351282, 0.071214, 0.350287, 0.936270, 0.026421, -0.075957, 0.000280, 0.997111)
    }},
    { Time = 0.150, Data = {
      ["Head"] = CFrame.new(0.000000, 0.000000, 0.000000, 1.000000, -0.000000, 0.000000, 0.000000, 0.756519, 0.653972, -0.000000, -0.653972, 0.756519),
      ["LeftUpperArm"] = CFrame.new(0.025373, -0.024325, 0.292259, 0.987195, 0.150956, 0.051567, -0.141647, 0.978198, -0.151870, -0.073368, 0.142621, 0.987054),
      ["LeftUpperLeg"] = CFrame.new(-0.283115, 0.275762, -0.713985, 0.976095, 0.116736, 0.183335, -0.180547, 0.905113, 0.384933, -0.121003, -0.408832, 0.904552),
      ["LowerTorso"] = CFrame.new(0.000000, -1.444847, 0.036947, 1.000000, 0.000000, 0.000000, 0.000000, 0.155549, -0.987828, 0.000000, 0.987828, 0.155549),
      ["RightUpperArm"] = CFrame.new(-0.112024, -0.448345, -0.290593, 0.716781, 0.584004, -0.381004, -0.678117, 0.711085, -0.185785, 0.162427, 0.391532, 0.905715),
      ["RightUpperLeg"] = CFrame.new(0.163906, -0.045692, 0.054132, 0.970444, -0.136498, -0.199015, 0.133908, 0.990640, -0.026483, 0.200767, -0.000950, 0.979638),
      ["SexToy"] = CFrame.new(-0.029438, -0.870334, 0.714436, 0.860981, 0.282058, 0.423268, -0.200498, -0.576579, 0.792060, 0.467454, -0.766812, -0.439871),
      ["рҹҢ§пёҸрҹҳірҹ‘»рҹҸіпёҸвҖҚрҹҢҲрҹҳӮрҹ’һрҹҸҙвҖҚвҳ пёҸрҹҺёрҹҢ§пёҸрҹҳірҹ‘»рҹҸіпёҸвҖҚрҹҢҲрҹҳӮрҹ’һрҹҸҙвҖҚвҳ"] = CFrame.new(-0.000000, 0.000000, 0.000000, 0.933342, -0.351857, 0.071206, 0.350862, 0.936054, 0.026443, -0.075957, 0.000303, 0.997111)
    }},
    { Time = 0.167, Data = {
      ["Head"] = CFrame.new(0.000000, -0.000000, 0.000000, 1.000000, -0.000000, 0.000000, 0.000000, 0.755675, 0.654947, -0.000000, -0.654947, 0.755675),
      ["LeftUpperArm"] = CFrame.new(0.025373, -0.024325, 0.292259, 0.987195, 0.150956, 0.051567, -0.141647, 0.978198, -0.151870, -0.073368, 0.142621, 0.987054),
      ["LeftUpperLeg"] = CFrame.new(-0.283200, 0.275093, -0.713674, 0.976095, 0.116728, 0.183340, -0.180553, 0.905078, 0.385013, -0.120995, -0.408912, 0.904517),
      ["LowerTorso"] = CFrame.new(0.000000, -1.444735, 0.037177, 1.000000, 0.000000, 0.000000, 0.000000, 0.155436, -0.987846, 0.000000, 0.987846, 0.155436),
      ["RightUpperArm"] = CFrame.new(-0.111876, -0.448237, -0.291011, 0.716148, 0.584570, -0.381326, -0.678367, 0.711493, -0.183290, 0.164165, 0.389942, 0.906088),
      ["RightUpperLeg"] = CFrame.new(0.163984, -0.046282, 0.054152, 0.970444, -0.136481, -0.199027, 0.133925, 0.990642, -0.026311, 0.200756, -0.001121, 0.979641),
      ["SexToy"] = CFrame.new(-0.029739, -0.869146, 0.712572, 0.858429, 0.287663, 0.424676, -0.196848, -0.579786, 0.790633, 0.473657, -0.762299, -0.441079),
      ["рҹҢ§пёҸрҹҳірҹ‘»рҹҸіпёҸвҖҚрҹҢҲрҹҳӮрҹ’һрҹҸҙвҖҚвҳ пёҸрҹҺёрҹҢ§пёҸрҹҳірҹ‘»рҹҸіпёҸвҖҚрҹҢҲрҹҳӮрҹ’һрҹҸҙвҖҚвҳ"] = CFrame.new(-0.000000, -0.000000, 0.000000, 0.933095, -0.352510, 0.071213, 0.351522, 0.935808, 0.026383, -0.075942, 0.000415, 0.997112)
    }},
    { Time = 0.183, Data = {
      ["Head"] = CFrame.new(0.000000, 0.000000, 0.000000, 1.000000, -0.000000, 0.000000, 0.000000, 0.754889, 0.655852, -0.000000, -0.655852, 0.754889),
      ["LeftUpperArm"] = CFrame.new(0.025372, -0.024322, 0.292237, 0.987195, 0.150954, 0.051574, -0.141650, 0.978211, -0.151785, -0.073362, 0.142536, 0.987067),
      ["LeftUpperLeg"] = CFrame.new(-0.283294, 0.274360, -0.713334, 0.976095, 0.116720, 0.183345, -0.180558, 0.905042, 0.385094, -0.120987, -0.408992, 0.904482),
      ["LowerTorso"] = CFrame.new(0.000000, -1.444622, 0.037430, 1.000000, 0.000000, 0.000000, 0.000000, 0.155324, -0.987864, 0.000000, 0.987864, 0.155324),
      ["RightUpperArm"] = CFrame.new(-0.111717, -0.448110, -0.291483, 0.715487, 0.585173, -0.381641, -0.678599, 0.711978, -0.180532, 0.166077, 0.388150, 0.906509),
      ["RightUpperLeg"] = CFrame.new(0.164069, -0.046932, 0.054175, 0.970444, -0.136455, -0.199045, 0.133952, 0.990645, -0.026054, 0.200738, -0.001378, 0.979644),
      ["SexToy"] = CFrame.new(-0.030068, -0.867844, 0.710531, 0.855609, 0.293790, 0.426171, -0.192682, -0.583384, 0.789010, 0.480424, -0.757199, -0.442541),
      ["рҹҢ§пёҸрҹҳірҹ‘»рҹҸіпёҸвҖҚрҹҢҲрҹҳӮрҹ’һрҹҸҙвҖҚвҳ пёҸрҹҺёрҹҢ§пёҸрҹҳірҹ‘»рҹҸіпёҸвҖҚрҹҢҲрҹҳӮрҹ’һрҹҸҙвҖҚвҳ"] = CFrame.new(-0.000000, 0.000000, 0.000000, 0.932878, -0.353084, 0.071204, 0.352096, 0.935591, 0.026405, -0.075941, 0.000438, 0.997112)
    }},
    { Time = 0.200, Data = {
      ["Head"] = CFrame.new(0.000000, -0.000000, 0.000000, 1.000000, -0.000000, 0.000000, 0.000000, 0.754164, 0.656686, -0.000000, -0.656686, 0.754164),
      ["LeftUpperArm"] = CFrame.new(0.025371, -0.024318, 0.292214, 0.987195, 0.150951, 0.051580, -0.141654, 0.978224, -0.151699, -0.073356, 0.142450, 0.987080),
      ["LeftUpperLeg"] = CFrame.new(-0.283395, 0.273563, -0.712962, 0.976095, 0.116704, 0.183356, -0.180569, 0.904972, 0.385254, -0.120971, -0.409153, 0.904411),
      ["LowerTorso"] = CFrame.new(0.000000, -1.444398, 0.037689, 1.000000, 0.000000, 0.000000, 0.000000, 0.155100, -0.987899, 0.000000, 0.987899, 0.155100),
      ["RightUpperArm"] = CFrame.new(-0.111535, -0.447979, -0.291998, 0.714714, 0.585863, -0.382033, -0.678886, 0.712476, -0.177461, 0.168221, 0.386191, 0.906950),
      ["RightUpperLeg"] = CFrame.new(0.164164, -0.047592, 0.054157, 0.970438, -0.136344, -0.199149, 0.133891, 0.990660, -0.025794, 0.200806, -0.001633, 0.979630),
      ["SexToy"] = CFrame.new(-0.030425, -0.866434, 0.708318, 0.852463, 0.300442, 0.427833, -0.188156, -0.587207, 0.787264, 0.487754, -0.751613, -0.444042),
      ["рҹҢ§пёҸрҹҳірҹ‘»рҹҸіпёҸвҖҚрҹҢҲрҹҳӮрҹ’һрҹҸҙвҖҚвҳ пёҸрҹҺёрҹҢ§пёҸрҹҳірҹ‘»рҹҸіпёҸвҖҚрҹҢҲрҹҳӮрҹ’һрҹҸҙвҖҚвҳ"] = CFrame.new(-0.000000, 0.000000, 0.000000, 0.932661, -0.353658, 0.071196, 0.352670, 0.935374, 0.026427, -0.075941, 0.000461, 0.997112)
    }},
    { Time = 0.217, Data = {
      ["Head"] = CFrame.new(0.000000, 0.000000, -0.000000, 1.000000, -0.000000, 0.000000, 0.000000, 0.753376, 0.657590, -0.000000, -0.657590, 0.753376),
      ["LeftUpperArm"] = CFrame.new(0.025371, -0.024315, 0.292192, 0.987195, 0.150949, 0.051587, -0.141657, 0.978236, -0.151614, -0.073350, 0.142365, 0.987093),
      ["LeftUpperLeg"] = CFrame.new(-0.283510, 0.272701, -0.712608, 0.976081, 0.116678, 0.183444, -0.180591, 0.904937, 0.385326, -0.121046, -0.409238, 0.904363),
      ["LowerTorso"] = CFrame.new(0.000000, -1.444174, 0.037970, 1.000000, 0.000000, 0.000000, 0.000000, 0.154875, -0.987934, 0.000000, 0.987934, 0.154875),
      ["RightUpperArm"] = CFrame.new(-0.111326, -0.447852, -0.292551, 0.713878, 0.586658, -0.382375, -0.679219, 0.712958, -0.174217, 0.170412, 0.384086, 0.907435),
      ["RightUpperLeg"] = CFrame.new(0.164262, -0.048347, 0.054183, 0.970438, -0.136318, -0.199167, 0.133918, 0.990663, -0.025537, 0.200788, -0.001890, 0.979633),
      ["SexToy"] = CFrame.new(-0.030809, -0.864919, 0.705940, 0.848982, 0.307541, 0.429706, -0.183336, -0.591245, 0.785377, 0.495597, -0.745552, -0.445573),
      ["рҹҢ§пёҸрҹҳірҹ‘»рҹҸіпёҸвҖҚрҹҢҲрҹҳӮрҹ’һрҹҸҙвҖҚвҳ пёҸрҹҺёрҹҢ§пёҸрҹҳірҹ‘»рҹҸіпёҸвҖҚрҹҢҲрҹҳӮрҹ’һрҹҸҙвҖҚвҳ"] = CFrame.new(-0.000000, 0.000000, 0.000000, 0.932444, -0.354233, 0.071188, 0.353244, 0.935157, 0.026449, -0.075941, 0.000485, 0.997112)
    }},
    { Time = 0.233, Data = {
      ["Head"] = CFrame.new(0.000000, 0.000000, 0.000000, 1.000000, -0.000000, 0.000000, 0.000000, 0.752709, 0.658354, -0.000000, -0.658354, 0.752709),
      ["LeftUpperArm"] = CFrame.new(0.025370, -0.024312, 0.292169, 0.987195, 0.150947, 0.051593, -0.141660, 0.978249, -0.151529, -0.073344, 0.142280, 0.987105),
      ["LeftUpperLeg"] = CFrame.new(-0.283627, 0.271788, -0.712182, 0.976081, 0.116661, 0.183455, -0.180602, 0.904866, 0.385487, -0.121030, -0.409399, 0.904292),
      ["LowerTorso"] = CFrame.new(0.000000, -1.444062, 0.038289, 1.000000, 0.000000, 0.000000, 0.000000, 0.154763, -0.987952, 0.000000, 0.987952, 0.154763),
      ["RightUpperArm"] = CFrame.new(-0.111130, -0.447698, -0.293140, 0.713073, 0.587406, -0.382728, -0.679470, 0.713545, -0.170804, 0.172762, 0.381848, 0.907935),
      ["RightUpperLeg"] = CFrame.new(0.164368, -0.049155, 0.054213, 0.970438, -0.136283, -0.199190, 0.133952, 0.990667, -0.025195, 0.200765, -0.002232, 0.979637),
      ["SexToy"] = CFrame.new(-0.031218, -0.863302, 0.703403, 0.845245, 0.315005, 0.431662, -0.178138, -0.595483, 0.783369, 0.503813, -0.739034, -0.447215),
      ["рҹҢ§пёҸрҹҳірҹ‘»рҹҸіпёҸвҖҚрҹҢҲрҹҳӮрҹ’һрҹҸҙвҖҚвҳ пёҸрҹҺёрҹҢ§пёҸрҹҳірҹ‘»рҹҸіпёҸвҖҚрҹҢҲрҹҳӮрҹ’һрҹҸҙвҖҚвҳ"] = CFrame.new(-0.000000, 0.000000, 0.000000, 0.932226, -0.354803, 0.071196, 0.353821, 0.934941, 0.026386, -0.075925, 0.000593, 0.997113)
    }},
    { Time = 0.250, Data = {
      ["Head"] = CFrame.new(0.000000, 0.000000, 0.000000, 1.000000, -0.000000, 0.000000, 0.000000, 0.752041, 0.659117, -0.000000, -0.659117, 0.752041),
      ["LeftUpperArm"] = CFrame.new(0.025369, -0.024308, 0.292147, 0.987195, 0.150945, 0.051600, -0.141663, 0.978262, -0.151443, -0.073338, 0.142194, 0.987118),
      ["LeftUpperLeg"] = CFrame.new(-0.283750, 0.270823, -0.711735, 0.976081, 0.116653, 0.183460, -0.180607, 0.904831, 0.385567, -0.121022, -0.409479, 0.904257),
      ["LowerTorso"] = CFrame.new(0.000000, -1.443837, 0.038611, 1.000000, 0.000000, 0.000000, 0.000000, 0.154539, -0.987987, 0.000000, 0.987987, 0.154539),
      ["RightUpperArm"] = CFrame.new(-0.110897, -0.447564, -0.293750, 0.712093, 0.588292, -0.383192, -0.679849, 0.714053, -0.167135, 0.175295, 0.379529, 0.908422),
      ["RightUpperLeg"] = CFrame.new(0.164474, -0.049965, 0.054241, 0.970450, -0.136172, -0.199209, 0.133893, 0.990682, -0.024929, 0.200748, -0.002481, 0.979640),
      ["SexToy"] = CFrame.new(-0.031652, -0.861588, 0.700714, 0.841181, 0.322939, 0.433733, -0.172523, -0.599900, 0.781253, 0.512493, -0.732004, -0.448910),
      ["рҹҢ§пёҸрҹҳірҹ‘»рҹҸіпёҸвҖҚрҹҢҲрҹҳӮрҹ’һрҹҸҙвҖҚвҳ пёҸрҹҺёрҹҢ§пёҸрҹҳірҹ‘»рҹҸіпёҸвҖҚрҹҢҲрҹҳӮрҹ’һрҹҸҙвҖҚвҳ"] = CFrame.new(-0.000000, 0.000000, 0.000000, 0.932039, -0.355295, 0.071189, 0.354313, 0.934754, 0.026405, -0.075925, 0.000613, 0.997113)
    }},
    { Time = 0.267, Data = {
      ["Head"] = CFrame.new(0.000000, -0.000000, 0.000000, 1.000000, -0.000000, 0.000000, 0.000000, 0.751372, 0.659879, -0.000000, -0.659879, 0.751372),
      ["LeftUpperArm"] = CFrame.new(0.025369, -0.024305, 0.292125, 0.987195, 0.150943, 0.051606, -0.141666, 0.978275, -0.151358, -0.073332, 0.142109, 0.987131),
      ["LeftUpperLeg"] = CFrame.new(-0.283873, 0.269847, -0.711270, 0.976094, 0.116554, 0.183453, -0.180535, 0.904773, 0.385736, -0.121025, -0.409634, 0.904186),
      ["LowerTorso"] = CFrame.new(0.000000, -1.443612, 0.038952, 1.000000, 0.000000, 0.000000, 0.000000, 0.154314, -0.988022, 0.000000, 0.988022, 0.154314),
      ["RightUpperArm"] = CFrame.new(-0.110676, -0.447404, -0.294395, 0.711144, 0.589131, -0.383665, -0.680143, 0.714661, -0.163297, 0.177987, 0.377075, 0.908920),
      ["RightUpperLeg"] = CFrame.new(0.164600, -0.050865, 0.054231, 0.970432, -0.136137, -0.199318, 0.133927, 0.990686, -0.024592, 0.200809, -0.002829, 0.979626),
      ["SexToy"] = CFrame.new(-0.032109, -0.859782, 0.697881, 0.836838, 0.331154, 0.435935, -0.166593, -0.604493, 0.778996, 0.521487, -0.724517, -0.450695),
      ["рҹҢ§пёҸрҹҳірҹ‘»рҹҸіпёҸвҖҚрҹҢҲрҹҳӮрҹ’һрҹҸҙвҖҚвҳ пёҸрҹҺёрҹҢ§пёҸрҹҳірҹ‘»рҹҸіпёҸвҖҚрҹҢҲрҹҳӮрҹ’һрҹҸҙвҖҚвҳ"] = CFrame.new(0.000000, -0.000000, 0.000000, 0.931852, -0.355787, 0.071182, 0.354805, 0.934567, 0.026423, -0.075925, 0.000633, 0.997113)
    }},
    { Time = 0.283, Data = {
      ["Head"] = CFrame.new(0.000000, -0.000000, 0.000000, 1.000000, -0.000000, 0.000000, 0.000000, 0.750762, 0.660572, -0.000000, -0.660572, 0.750762),
      ["LeftUpperArm"] = CFrame.new(0.025368, -0.024302, 0.292102, 0.987195, 0.150940, 0.051613, -0.141669, 0.978287, -0.151273, -0.073325, 0.142024, 0.987144),
      ["LeftUpperLeg"] = CFrame.new(-0.284009, 0.268781, -0.710777, 0.976094, 0.116545, 0.183458, -0.180540, 0.904738, 0.385816, -0.121017, -0.409715, 0.904151),
      ["LowerTorso"] = CFrame.new(0.000000, -1.443276, 0.039294, 1.000000, 0.000000, 0.000000, 0.000000, 0.153977, -0.988074, 0.000000, 0.988074, 0.153977),
      ["RightUpperArm"] = CFrame.new(-0.110422, -0.447243, -0.295099, 0.710132, 0.590095, -0.384059, -0.680470, 0.715272, -0.159207, 0.180759, 0.374399, 0.909479),
      ["RightUpperLeg"] = CFrame.new(0.164718, -0.051766, 0.054264, 0.970444, -0.136017, -0.199342, 0.133877, 0.990701, -0.024241, 0.200786, -0.003163, 0.979630),
      ["SexToy"] = CFrame.new(-0.032588, -0.857889, 0.694910, 0.832143, 0.339753, 0.438299, -0.160307, -0.609238, 0.776615, 0.530886, -0.716517, -0.452508),
      ["рҹҢ§пёҸрҹҳірҹ‘»рҹҸіпёҸвҖҚрҹҢҲрҹҳӮрҹ’һрҹҸҙвҖҚвҳ пёҸрҹҺёрҹҢ§пёҸрҹҳірҹ‘»рҹҸіпёҸвҖҚрҹҢҲрҹҳӮрҹ’һрҹҸҙвҖҚвҳ"] = CFrame.new(-0.000000, 0.000000, 0.000000, 0.931696, -0.356197, 0.071176, 0.355215, 0.934411, 0.026439, -0.075925, 0.000650, 0.997113)
    }},
    { Time = 0.300, Data = {
      ["Head"] = CFrame.new(0.000000, -0.000000, 0.000000, 1.000000, -0.000000, 0.000000, 0.000000, 0.750214, 0.661196, -0.000000, -0.661196, 0.750214),
      ["LeftUpperArm"] = CFrame.new(0.025368, -0.024298, 0.292080, 0.987195, 0.150938, 0.051619, -0.141673, 0.978300, -0.151187, -0.073319, 0.141938, 0.987156),
      ["LeftUpperLeg"] = CFrame.new(-0.284150, 0.267667, -0.710259, 0.976094, 0.116529, 0.183469, -0.180551, 0.904668, 0.385977, -0.121001, -0.409875, 0.904080),
      ["LowerTorso"] = CFrame.new(0.000000, -1.443051, 0.039671, 1.000000, 0.000000, 0.000000, 0.000000, 0.153753, -0.988109, 0.000000, 0.988109, 0.153753),
      ["RightUpperArm"] = CFrame.new(-0.110168, -0.447079, -0.295816, 0.709088, 0.591063, -0.384498, -0.680786, 0.715894, -0.155006, 0.183641, 0.371673, 0.910019),
      ["RightUpperLeg"] = CFrame.new(0.164846, -0.052751, 0.054298, 0.970444, -0.135982, -0.199366, 0.133912, 0.990705, -0.023898, 0.200763, -0.003506, 0.979634),
      ["SexToy"] = CFrame.new(-0.033088, -0.855914, 0.691811, 0.827078, 0.348728, 0.440829, -0.153661, -0.614118, 0.774110, 0.540676, -0.707988, -0.454338),
      ["рҹҢ§пёҸрҹҳірҹ‘»рҹҸіпёҸвҖҚрҹҢҲрҹҳӮрҹ’һрҹҸҙвҖҚвҳ пёҸрҹҺёрҹҢ§пёҸрҹҳірҹ‘»рҹҸіпёҸвҖҚрҹҢҲрҹҳӮрҹ’һрҹҸҙвҖҚвҳ"] = CFrame.new(-0.000000, 0.000000, -0.000000, 0.931540, -0.356604, 0.071186, 0.355628, 0.934255, 0.026370, -0.075909, 0.000751, 0.997114)
    }},
    { Time = 0.317, Data = {
      ["Head"] = CFrame.new(0.000000, 0.000000, -0.000000, 1.000000, -0.000000, 0.000000, 0.000000, 0.749725, 0.661749, -0.000000, -0.661749, 0.749725),
      ["LeftUpperArm"] = CFrame.new(0.025367, -0.024295, 0.292057, 0.987195, 0.150936, 0.051626, -0.141676, 0.978313, -0.151102, -0.073313, 0.141853, 0.987169),
      ["LeftUpperLeg"] = CFrame.new(-0.284298, 0.266510, -0.709721, 0.976094, 0.116513, 0.183479, -0.180562, 0.904597, 0.386137, -0.120985, -0.410036, 0.904010),
      ["LowerTorso"] = CFrame.new(0.000000, -1.442826, 0.040064, 1.000000, 0.000000, 0.000000, 0.000000, 0.153528, -0.988144, 0.000000, 0.988144, 0.153528),
      ["RightUpperArm"] = CFrame.new(-0.109894, -0.446923, -0.296556, 0.707927, 0.592103, -0.385036, -0.681155, 0.716490, -0.150565, 0.186724, 0.368859, 0.910537),
      ["RightUpperLeg"] = CFrame.new(0.164980, -0.053777, 0.054336, 0.970444, -0.135939, -0.199396, 0.133955, 0.990709, -0.023470, 0.200734, -0.003934, 0.979638),
      ["SexToy"] = CFrame.new(-0.033607, -0.853862, 0.688591, 0.821797, 0.357841, 0.443396, -0.146706, -0.619061, 0.771519, 0.550570, -0.699080, -0.456245),
      ["рҹҢ§пёҸрҹҳірҹ‘»рҹҸіпёҸвҖҚрҹҢҲрҹҳӮрҹ’һрҹҸҙвҖҚвҳ пёҸрҹҺёрҹҢ§пёҸрҹҳірҹ‘»рҹҸіпёҸвҖҚрҹҢҲрҹҳӮрҹ’һрҹҸҙвҖҚвҳ"] = CFrame.new(-0.000000, 0.000000, 0.000000, 0.931383, -0.357013, 0.071180, 0.356038, 0.934099, 0.026385, -0.075909, 0.000768, 0.997114)
    }},
    { Time = 0.333, Data = {
      ["Head"] = CFrame.new(0.000000, 0.000000, 0.000000, 1.000000, -0.000000, 0.000000, 0.000000, 0.749236, 0.662303, -0.000000, -0.662303, 0.749236),
      ["LeftUpperArm"] = CFrame.new(0.025367, -0.024291, 0.292035, 0.987195, 0.150934, 0.051633, -0.141679, 0.978326, -0.151017, -0.073307, 0.141768, 0.987182),
      ["LeftUpperLeg"] = CFrame.new(-0.284450, 0.265313, -0.709164, 0.976094, 0.116497, 0.183489, -0.180572, 0.904526, 0.386298, -0.120969, -0.410196, 0.903939),
      ["LowerTorso"] = CFrame.new(0.000000, -1.442602, 0.040471, 1.000000, 0.000000, 0.000000, 0.000000, 0.153303, -0.988179, 0.000000, 0.988179, 0.153303),
      ["RightUpperArm"] = CFrame.new(-0.109628, -0.446748, -0.297326, 0.706849, 0.593115, -0.385458, -0.681430, 0.717154, -0.146095, 0.189782, 0.365930, 0.911086),
      ["RightUpperLeg"] = CFrame.new(0.165121, -0.054790, 0.054329, 0.970439, -0.135819, -0.199505, 0.133904, 0.990725, -0.023124, 0.200795, -0.004274, 0.979624),
      ["SexToy"] = CFrame.new(-0.034144, -0.851739, 0.685261, 0.816126, 0.367265, 0.446157, -0.139482, -0.624042, 0.768841, 0.560789, -0.689701, -0.458070),
      ["рҹҢ§пёҸрҹҳірҹ‘»рҹҸіпёҸвҖҚрҹҢҲрҹҳӮрҹ’һрҹҸҙвҖҚвҳ пёҸрҹҺёрҹҢ§пёҸрҹҳірҹ‘»рҹҸіпёҸвҖҚрҹҢҲрҹҳӮрҹ’һрҹҸҙвҖҚвҳ"] = CFrame.new(-0.000000, -0.000000, 0.000000, 0.931227, -0.357423, 0.071174, 0.356447, 0.933942, 0.026401, -0.075909, 0.000784, 0.997114)
    }},
    { Time = 0.350, Data = {
      ["Head"] = CFrame.new(0.000000, 0.000000, -0.000000, 1.000000, -0.000000, 0.000000, 0.000000, 0.748747, 0.662856, -0.000000, -0.662856, 0.748747),
      ["LeftUpperArm"] = CFrame.new(0.025365, -0.024285, 0.291990, 0.987195, 0.150929, 0.051646, -0.141685, 0.978351, -0.150846, -0.073295, 0.141597, 0.987207),
      ["LeftUpperLeg"] = CFrame.new(-0.284614, 0.264071, -0.708633, 0.976081, 0.116462, 0.183583, -0.180600, 0.904456, 0.386450, -0.121036, -0.410362, 0.903855),
      ["LowerTorso"] = CFrame.new(0.000000, -1.442264, 0.040875, 1.000000, 0.000000, 0.000000, 0.000000, 0.152967, -0.988231, 0.000000, 0.988231, 0.152967),
      ["RightUpperArm"] = CFrame.new(-0.109342, -0.446581, -0.298120, 0.705652, 0.594201, -0.385980, -0.681755, 0.717788, -0.141385, 0.193040, 0.362912, 0.911608),
      ["RightUpperLeg"] = CFrame.new(0.165264, -0.055883, 0.054368, 0.970439, -0.135775, -0.199535, 0.133948, 0.990728, -0.022696, 0.200766, -0.004703, 0.979628),
      ["SexToy"] = CFrame.new(-0.034698, -0.849551, 0.681828, 0.810150, 0.376898, 0.449005, -0.131879, -0.629119, 0.766040, 0.571197, -0.679821, -0.459975),
      ["рҹҢ§пёҸрҹҳірҹ‘»рҹҸіпёҸвҖҚрҹҢҲрҹҳӮрҹ’һрҹҸҙвҖҚвҳ пёҸрҹҺёрҹҢ§пёҸрҹҳірҹ‘»рҹҸіпёҸвҖҚрҹҢҲрҹҳӮрҹ’һрҹҸҙвҖҚвҳ"] = CFrame.new(-0.000000, 0.000000, 0.000000, 0.931101, -0.357751, 0.071170, 0.356775, 0.933817, 0.026414, -0.075909, 0.000798, 0.997114)
    }},
    { Time = 0.367, Data = {
      ["Head"] = CFrame.new(0.000000, 0.000000, -0.000000, 1.000000, -0.000000, 0.000000, 0.000000, 0.748380, 0.663270, -0.000000, -0.663270, 0.748380),
      ["LeftUpperArm"] = CFrame.new(0.025366, -0.024281, 0.291966, 0.987189, 0.150933, 0.051738, -0.141682, 0.978364, -0.150767, -0.073374, 0.141505, 0.987215),
      ["LeftUpperLeg"] = CFrame.new(-0.284776, 0.262805, -0.708044, 0.976081, 0.116446, 0.183593, -0.180611, 0.904385, 0.386611, -0.121020, -0.410522, 0.903784),
      ["LowerTorso"] = CFrame.new(0.000000, -1.442040, 0.041308, 1.000000, 0.000000, 0.000000, 0.000000, 0.152742, -0.988266, 0.000000, 0.988266, 0.152742),
      ["RightUpperArm"] = CFrame.new(-0.109051, -0.446412, -0.298934, 0.704450, 0.595309, -0.386467, -0.682059, 0.718428, -0.136595, 0.196333, 0.359818, 0.912132),
      ["RightUpperLeg"] = CFrame.new(0.165405, -0.056958, 0.054405, 0.970450, -0.135655, -0.199559, 0.133897, 0.990743, -0.022344, 0.200743, -0.005037, 0.979631),
      ["SexToy"] = CFrame.new(-0.035267, -0.847304, 0.678302, 0.803920, 0.386673, 0.451881, -0.123986, -0.634142, 0.763212, 0.581670, -0.669588, -0.461857),
      ["рҹҢ§пёҸрҹҳірҹ‘»рҹҸіпёҸвҖҚрҹҢҲрҹҳӮрҹ’һрҹҸҙвҖҚвҳ пёҸрҹҺёрҹҢ§пёҸрҹҳірҹ‘»рҹҸіпёҸвҖҚрҹҢҲрҹҳӮрҹ’һрҹҸҙвҖҚвҳ"] = CFrame.new(-0.000000, 0.000000, 0.000000, 0.930976, -0.358078, 0.071165, 0.357103, 0.933691, 0.026426, -0.075909, 0.000811, 0.997114)
    }},
    { Time = 0.383, Data = {
      ["Head"] = CFrame.new(0.000000, -0.000000, 0.000000, 1.000000, -0.000000, 0.000000, 0.000000, 0.748012, 0.663685, -0.000000, -0.663685, 0.748012),
      ["LeftUpperArm"] = CFrame.new(0.025366, -0.024278, 0.291943, 0.987189, 0.150931, 0.051745, -0.141685, 0.978376, -0.150681, -0.073368, 0.141420, 0.987227),
      ["LeftUpperLeg"] = CFrame.new(-0.284934, 0.261550, -0.707451, 0.976094, 0.116346, 0.183587, -0.180538, 0.904327, 0.386779, -0.121022, -0.410677, 0.903713),
      ["LowerTorso"] = CFrame.new(0.000000, -1.441703, 0.041736, 1.000000, 0.000000, 0.000000, 0.000000, 0.152405, -0.988318, 0.000000, 0.988318, 0.152405),
      ["RightUpperArm"] = CFrame.new(-0.108735, -0.446253, -0.299779, 0.703155, 0.596509, -0.386976, -0.682403, 0.719033, -0.131597, 0.199750, 0.356606, 0.912651),
      ["RightUpperLeg"] = CFrame.new(0.165563, -0.058105, 0.054403, 0.970433, -0.135612, -0.199673, 0.133940, 0.990747, -0.021922, 0.200799, -0.005471, 0.979617),
      ["SexToy"] = CFrame.new(-0.035849, -0.845004, 0.674693, 0.797336, 0.396556, 0.454972, -0.115921, -0.639184, 0.760267, 0.592299, -0.658929, -0.463675),
      ["рҹҢ§пёҸрҹҳірҹ‘»рҹҸіпёҸвҖҚрҹҢҲрҹҳӮрҹ’һрҹҸҙвҖҚвҳ пёҸрҹҺёрҹҢ§пёҸрҹҳірҹ‘»рҹҸіпёҸвҖҚрҹҢҲрҹҳӮрҹ’һрҹҸҙвҖҚвҳ"] = CFrame.new(-0.000000, 0.000000, 0.000000, 0.930881, -0.358324, 0.071161, 0.357348, 0.933597, 0.026435, -0.075909, 0.000821, 0.997114)
    }},
    { Time = 0.400, Data = {
      ["Head"] = CFrame.new(0.000000, -0.000000, 0.000000, 1.000000, -0.000000, 0.000000, 0.000000, 0.747706, 0.664030, -0.000000, -0.664030, 0.747706),
      ["LeftUpperArm"] = CFrame.new(0.025365, -0.024275, 0.291921, 0.987189, 0.150928, 0.051751, -0.141688, 0.978389, -0.150596, -0.073362, 0.141334, 0.987240),
      ["LeftUpperLeg"] = CFrame.new(-0.285103, 0.260227, -0.706837, 0.976094, 0.116330, 0.183597, -0.180549, 0.904256, 0.386940, -0.121006, -0.410838, 0.903643),
      ["LowerTorso"] = CFrame.new(0.000000, -1.441365, 0.042173, 1.000000, 0.000000, 0.000000, 0.000000, 0.152067, -0.988370, 0.000000, 0.988370, 0.152067),
      ["RightUpperArm"] = CFrame.new(-0.108432, -0.446077, -0.300646, 0.701915, 0.597664, -0.387444, -0.682655, 0.719702, -0.126536, 0.203218, 0.353308, 0.913168),
      ["RightUpperLeg"] = CFrame.new(0.165711, -0.059232, 0.054444, 0.970445, -0.135483, -0.199704, 0.133898, 0.990762, -0.021484, 0.200770, -0.005891, 0.979621),
      ["SexToy"] = CFrame.new(-0.036443, -0.842656, 0.671010, 0.790477, 0.406544, 0.458115, -0.107532, -0.644219, 0.757244, 0.602979, -0.647846, -0.465524),
      ["рҹҢ§пёҸрҹҳірҹ‘»рҹҸіпёҸвҖҚрҹҢҲрҹҳӮрҹ’һрҹҸҙвҖҚвҳ пёҸрҹҺёрҹҢ§пёҸрҹҳірҹ‘»рҹҸіпёҸвҖҚрҹҢҲрҹҳӮрҹ’һрҹҸҙвҖҚвҳ"] = CFrame.new(-0.000000, 0.000000, 0.000000, 0.930787, -0.358570, 0.071158, 0.357594, 0.933503, 0.026445, -0.075908, 0.000831, 0.997114)
    }},
    { Time = 0.417, Data = {
      ["Head"] = CFrame.new(0.000000, -0.000000, -0.000000, 1.000000, -0.000000, 0.000000, 0.000000, 0.747460, 0.664306, -0.000000, -0.664306, 0.747460),
      ["LeftUpperArm"] = CFrame.new(0.025364, -0.024268, 0.291876, 0.987189, 0.150924, 0.051764, -0.141695, 0.978414, -0.150425, -0.073350, 0.141164, 0.987265),
      ["LeftUpperLeg"] = CFrame.new(-0.285274, 0.258882, -0.706212, 0.976094, 0.116313, 0.183607, -0.180560, 0.904186, 0.387100, -0.120990, -0.410998, 0.903572),
      ["LowerTorso"] = CFrame.new(0.000000, -1.441141, 0.042636, 1.000000, 0.000000, 0.000000, 0.000000, 0.151843, -0.988405, 0.000000, 0.988405, 0.151843),
      ["RightUpperArm"] = CFrame.new(-0.108113, -0.445923, -0.301503, 0.700581, 0.598876, -0.387988, -0.682966, 0.720288, -0.121421, 0.206747, 0.350048, 0.913631),
      ["RightUpperLeg"] = CFrame.new(0.165866, -0.060423, 0.054486, 0.970445, -0.135440, -0.199733, 0.133942, 0.990765, -0.021056, 0.200741, -0.006319, 0.979624),
      ["SexToy"] = CFrame.new(-0.037047, -0.840270, 0.667265, 0.783364, 0.416509, 0.461368, -0.098993, -0.649194, 0.754153, 0.613629, -0.636449, -0.467324),
      ["рҹҢ§пёҸрҹҳірҹ‘»рҹҸіпёҸвҖҚрҹҢҲрҹҳӮрҹ’һрҹҸҙвҖҚвҳ пёҸрҹҺёрҹҢ§пёҸрҹҳірҹ‘»рҹҸіпёҸвҖҚрҹҢҲрҹҳӮрҹ’һрҹҸҙвҖҚвҳ"] = CFrame.new(-0.000000, 0.000000, 0.000000, 0.930724, -0.358730, 0.071171, 0.357761, 0.933441, 0.026366, -0.075893, 0.000923, 0.997116)
    }},
    { Time = 0.433, Data = {
      ["Head"] = CFrame.new(0.000000, -0.000000, 0.000000, 1.000000, -0.000000, 0.000000, 0.000000, 0.747215, 0.664582, -0.000000, -0.664582, 0.747215),
      ["LeftUpperArm"] = CFrame.new(0.025364, -0.024265, 0.291854, 0.987189, 0.150922, 0.051771, -0.141698, 0.978427, -0.150340, -0.073343, 0.141078, 0.987278),
      ["LeftUpperLeg"] = CFrame.new(-0.285448, 0.257518, -0.705579, 0.976094, 0.116297, 0.183617, -0.180570, 0.904115, 0.387261, -0.120974, -0.411159, 0.903501),
      ["LowerTorso"] = CFrame.new(0.000000, -1.440804, 0.043089, 1.000000, 0.000000, 0.000000, 0.000000, 0.151505, -0.988456, 0.000000, 0.988456, 0.151505),
      ["RightUpperArm"] = CFrame.new(-0.107806, -0.445753, -0.302383, 0.699301, 0.600043, -0.388492, -0.683184, 0.720935, -0.116244, 0.210326, 0.346701, 0.914090),
      ["RightUpperLeg"] = CFrame.new(0.166027, -0.061586, 0.054485, 0.970439, -0.135311, -0.199848, 0.133900, 0.990780, -0.020625, 0.200797, -0.006744, 0.979610),
      ["SexToy"] = CFrame.new(-0.037660, -0.837849, 0.663466, 0.775961, 0.426590, 0.464657, -0.090157, -0.654068, 0.751044, 0.624305, -0.624673, -0.469071),
      ["рҹҢ§пёҸрҹҳірҹ‘»рҹҸіпёҸвҖҚрҹҢҲрҹҳӮрҹ’һрҹҸҙвҖҚвҳ пёҸрҹҺёрҹҢ§пёҸрҹҳірҹ‘»рҹҸіпёҸвҖҚрҹҢҲрҹҳӮрҹ’һрҹҸҙвҖҚвҳ"] = CFrame.new(-0.000000, 0.000000, 0.000000, 0.930661, -0.358894, 0.071169, 0.357925, 0.933378, 0.026373, -0.075893, 0.000929, 0.997116)
    }},
    { Time = 0.450, Data = {
      ["Head"] = CFrame.new(0.000000, 0.000000, 0.000000, 1.000000, -0.000000, 0.000000, 0.000000, 0.747031, 0.664789, -0.000000, -0.664789, 0.747031),
      ["LeftUpperArm"] = CFrame.new(0.025362, -0.024258, 0.291809, 0.987189, 0.150917, 0.051784, -0.141704, 0.978452, -0.150169, -0.073331, 0.140908, 0.987303),
      ["LeftUpperLeg"] = CFrame.new(-0.285630, 0.256130, -0.704980, 0.976081, 0.116263, 0.183711, -0.180598, 0.904044, 0.387413, -0.121041, -0.411324, 0.903417),
      ["LowerTorso"] = CFrame.new(0.000000, -1.440466, 0.043547, 1.000000, 0.000000, 0.000000, 0.000000, 0.151168, -0.988508, 0.000000, 0.988508, 0.151168),
      ["RightUpperArm"] = CFrame.new(-0.107475, -0.445599, -0.303281, 0.697956, 0.601301, -0.388967, -0.683443, 0.721520, -0.110968, 0.213922, 0.343287, 0.914544),
      ["RightUpperLeg"] = CFrame.new(0.166187, -0.062810, 0.054531, 0.970439, -0.135259, -0.199884, 0.133952, 0.990784, -0.020111, 0.200762, -0.007259, 0.979613),
      ["SexToy"] = CFrame.new(-0.038279, -0.835401, 0.659625, 0.768346, 0.436607, 0.467995, -0.081132, -0.658863, 0.747875, 0.634872, -0.612596, -0.470812),
      ["рҹҢ§пёҸрҹҳірҹ‘»рҹҸіпёҸвҖҚрҹҢҲрҹҳӮрҹ’һрҹҸҙвҖҚвҳ пёҸрҹҺёрҹҢ§пёҸрҹҳірҹ‘»рҹҸіпёҸвҖҚрҹҢҲрҹҳӮрҹ’һрҹҸҙвҖҚвҳ"] = CFrame.new(-0.000000, 0.000000, 0.000000, 0.930598, -0.359058, 0.071167, 0.358089, 0.933315, 0.026379, -0.075892, 0.000936, 0.997116)
    }},
    { Time = 0.467, Data = {
      ["Head"] = CFrame.new(0.000000, -0.000000, 0.000000, 1.000000, -0.000000, 0.000000, 0.000000, 0.746908, 0.664927, -0.000000, -0.664927, 0.746908),
      ["LeftUpperArm"] = CFrame.new(0.025362, -0.024255, 0.291786, 0.987189, 0.150915, 0.051790, -0.141708, 0.978465, -0.150084, -0.073325, 0.140822, 0.987316),
      ["LeftUpperLeg"] = CFrame.new(-0.285801, 0.254778, -0.704339, 0.976094, 0.116155, 0.183709, -0.180531, 0.903951, 0.387662, -0.121036, -0.411559, 0.903310),
      ["LowerTorso"] = CFrame.new(0.000000, -1.440241, 0.044027, 1.000000, 0.000000, 0.000000, 0.000000, 0.150943, -0.988542, 0.000000, 0.988542, 0.150943),
