return {
  ["Astros laying down idle"] = {
    { Time = 0.000, Data = {
      ["Cock"] = CFrame.new(-0.000050, 0.000025, 0.000006, -0.185506, 0.708142, -0.681265, -0.156593, 0.663135, 0.731936, 0.970086, 0.242460, -0.012125),
      ["Head"] = CFrame.new(-0.001060, 0.074732, 0.107354, 0.705064, 0.387105, 0.594167, -0.015946, 0.846308, -0.532455, -0.708965, 0.365940, 0.602874),
      ["LeftUpperArm"] = CFrame.new(0.194991, -0.705321, 0.851561, -0.335667, 0.916541, -0.217440, -0.940910, -0.315225, 0.123784, 0.044911, 0.246142, 0.968193),
      ["LeftUpperLeg"] = CFrame.new(0.008294, -0.253153, 0.071373, 0.974327, -0.225136, 0.000000, 0.225136, 0.974327, 0.000000, 0.000000, 0.000000, 1.000000),
      ["LowerTorso"] = CFrame.new(-1.197137, -1.092529, -2.264810, -0.801866, 0.367235, -0.471329, -0.402562, 0.250876, 0.880344, 0.441538, 0.895656, -0.053334),
      ["RightUpperArm"] = CFrame.new(-0.085768, -0.347453, -0.589301, 0.854937, -0.307022, 0.418114, -0.224031, -0.945523, -0.236213, 0.467859, 0.108277, -0.877146),
      ["RightUpperLeg"] = CFrame.new(0.500276, -0.036487, 0.239151, 0.932479, 0.338071, -0.127242, -0.354349, 0.924497, -0.140506, 0.070134, 0.176107, 0.981870),
      ["рҹҢ§пёҸрҹҳірҹ‘»рҹҸіпёҸвҖҚрҹҢҲрҹҳӮрҹ’һрҹҸҙвҖҚвҳ пёҸрҹҺёрҹҢ§пёҸрҹҳірҹ‘»рҹҸіпёҸвҖҚрҹҢҲрҹҳӮрҹ’һрҹҸҙвҖҚвҳ"] = CFrame.new(-0.015718, 0.000000, 0.305307, 1.000000, 0.000000, 0.000000, 0.000000, 1.000000, 0.000000, 0.000000, 0.000000, 1.000000)
    }},
    { Time = 0.017, Data = {
      ["Cock"] = CFrame.new(-0.000050, 0.000025, 0.000006, -0.185506, 0.708142, -0.681265, -0.156593, 0.663135, 0.731936, 0.970086, 0.242460, -0.012125),
      ["Head"] = CFrame.new(-0.000950, 0.074713, 0.107273, 0.705083, 0.387030, 0.594193, -0.015871, 0.846328, -0.532426, -0.708947, 0.365974, 0.602874),
      ["LeftUpperArm"] = CFrame.new(0.194984, -0.705316, 0.851592, -0.335657, 0.916516, -0.217558, -0.940914, -0.315205, 0.123802, 0.044891, 0.246259, 0.968164),
      ["LeftUpperLeg"] = CFrame.new(0.008302, -0.253186, 0.071372, 0.974327, -0.225136, 0.000010, 0.225136, 0.974327, -0.000086, 0.000010, 0.000086, 1.000000),
      ["LowerTorso"] = CFrame.new(-1.197166, -1.092424, -2.264827, -0.801865, 0.367263, -0.471307, -0.402588, 0.250771, 0.880362, 0.441514, 0.895674, -0.053228),
      ["RightUpperArm"] = CFrame.new(-0.085778, -0.347449, -0.589278, 0.854937, -0.307022, 0.418114, -0.224031, -0.945523, -0.236213, 0.467859, 0.108277, -0.877146),
      ["RightUpperLeg"] = CFrame.new(0.500265, -0.036517, 0.239148, 0.932479, 0.338065, -0.127257, -0.354353, 0.924483, -0.140590, 0.070118, 0.176191, 0.981856),
      ["рҹҢ§пёҸрҹҳірҹ‘»рҹҸіпёҸвҖҚрҹҢҲрҹҳӮрҹ’һрҹҸҙвҖҚвҳ пёҸрҹҺёрҹҢ§пёҸрҹҳірҹ‘»рҹҸіпёҸвҖҚрҹҢҲрҹҳӮрҹ’һрҹҸҙвҖҚвҳ"] = CFrame.new(-0.000002, -0.000011, -0.000009, -0.060818, 0.000000, -0.998149, 0.000000, 1.000000, 0.000000, 0.998149, 0.000000, -0.060818)
    }},
    { Time = 0.033, Data = {
      ["Cock"] = CFrame.new(-0.000050, 0.000025, 0.000006, -0.185506, 0.708142, -0.681265, -0.156593, 0.663135, 0.731936, 0.970086, 0.242460, -0.012125),
      ["Head"] = CFrame.new(-0.000620, 0.074656, 0.107033, 0.705059, 0.386954, 0.594271, -0.015625, 0.846280, -0.532510, -0.708976, 0.366165, 0.602724),
      ["LeftUpperArm"] = CFrame.new(0.194962, -0.705295, 0.851703, -0.335630, 0.916430, -0.217963, -0.940924, -0.315126, 0.123925, 0.044883, 0.246679, 0.968057),
      ["LeftUpperLeg"] = CFrame.new(0.008326, -0.253289, 0.071371, 0.974327, -0.225136, 0.000039, 0.225136, 0.974327, -0.000343, 0.000039, 0.000343, 1.000000),
      ["LowerTorso"] = CFrame.new(-1.197257, -1.092320, -2.264820, -0.801868, 0.367354, -0.471232, -0.402552, 0.250667, 0.880408, 0.441544, 0.895666, -0.053123),
      ["RightUpperArm"] = CFrame.new(-0.085799, -0.347445, -0.589251, 0.854937, -0.306985, 0.418141, -0.224074, -0.945554, -0.236049, 0.467839, 0.108113, -0.877177),
      ["RightUpperLeg"] = CFrame.new(0.500235, -0.036604, 0.239095, 0.932471, 0.338041, -0.127386, -0.354368, 0.924441, -0.140826, 0.070156, 0.176457, 0.981805),
      ["рҹҢ§пёҸрҹҳірҹ‘»рҹҸіпёҸвҖҚрҹҢҲрҹҳӮрҹ’һрҹҸҙвҖҚвҳ пёҸрҹҺёрҹҢ§пёҸрҹҳірҹ‘»рҹҸіпёҸвҖҚрҹҢҲрҹҳӮрҹ’һрҹҸҙвҖҚвҳ"] = CFrame.new(-0.000002, -0.000011, -0.000009, -0.060818, 0.000000, -0.998149, 0.000000, 1.000000, 0.000000, 0.998149, 0.000000, -0.060818)
    }},
    { Time = 0.050, Data = {
      ["Cock"] = CFrame.new(-0.000050, 0.000025, 0.000005, -0.185401, 0.708158, -0.681278, -0.156639, 0.663135, 0.731926, 0.970098, 0.242415, -0.012021),
      ["Head"] = CFrame.new(-0.000070, 0.074560, 0.106632, 0.705094, 0.386624, 0.594445, -0.015188, 0.846334, -0.532436, -0.708952, 0.366389, 0.602617),
      ["LeftUpperArm"] = CFrame.new(0.194918, -0.705285, 0.851881, -0.335692, 0.916262, -0.218576, -0.940899, -0.315087, 0.124215, 0.044943, 0.247356, 0.967882),
      ["LeftUpperLeg"] = CFrame.new(0.008366, -0.253460, 0.071327, 0.974327, -0.225136, 0.000174, 0.225136, 0.974327, -0.000762, 0.000002, 0.000782, 1.000000),
      ["LowerTorso"] = CFrame.new(-1.197403, -1.092005, -2.264847, -0.801870, 0.367500, -0.471115, -0.402568, 0.250352, 0.880490, 0.441525, 0.895694, -0.052806),
      ["RightUpperArm"] = CFrame.new(-0.085821, -0.347441, -0.589177, 0.854922, -0.306871, 0.418258, -0.224024, -0.945609, -0.235876, 0.467892, 0.107956, -0.877168),
      ["RightUpperLeg"] = CFrame.new(0.500184, -0.036753, 0.239028, 0.932462, 0.338010, -0.127529, -0.354387, 0.924385, -0.141146, 0.070177, 0.176808, 0.981740),
      ["рҹҢ§пёҸрҹҳірҹ‘»рҹҸіпёҸвҖҚрҹҢҲрҹҳӮрҹ’һрҹҸҙвҖҚвҳ пёҸрҹҺёрҹҢ§пёҸрҹҳірҹ‘»рҹҸіпёҸвҖҚрҹҢҲрҹҳӮрҹ’һрҹҸҙвҖҚвҳ"] = CFrame.new(-0.000002, -0.000011, -0.000009, -0.060699, 0.000000, -0.998156, 0.000000, 1.000000, 0.000000, 0.998156, 0.000000, -0.060699)
    }},
    { Time = 0.067, Data = {
      ["Cock"] = CFrame.new(-0.000050, 0.000025, 0.000006, -0.185366, 0.708254, -0.681187, -0.156647, 0.663038, 0.732012, 0.970104, 0.242396, -0.011959),
      ["Head"] = CFrame.new(0.000700, 0.074427, 0.106071, 0.705065, 0.386369, 0.594645, -0.014656, 0.846300, -0.532504, -0.708992, 0.366735, 0.602359),
      ["LeftUpperArm"] = CFrame.new(0.194865, -0.705238, 0.852133, -0.335627, 0.916064, -0.219503, -0.940924, -0.314908, 0.124480, 0.044908, 0.248314, 0.967638),
      ["LeftUpperLeg"] = CFrame.new(0.008421, -0.253699, 0.071276, 0.974327, -0.225136, 0.000318, 0.225136, 0.974326, -0.001267, -0.000025, 0.001306, 0.999999),
      ["LowerTorso"] = CFrame.new(-1.197612, -1.091692, -2.264849, -0.801874, 0.367710, -0.470944, -0.402522, 0.250039, 0.880600, 0.441560, 0.895695, -0.052489),
      ["RightUpperArm"] = CFrame.new(-0.085852, -0.347436, -0.589095, 0.854945, -0.306715, 0.418323, -0.224027, -0.945694, -0.235529, 0.467846, 0.107649, -0.877229),
      ["RightUpperLeg"] = CFrame.new(0.500095, -0.037002, 0.238957, 0.932484, 0.337881, -0.127712, -0.354333, 0.924317, -0.141724, 0.070160, 0.177408, 0.981633),
      ["рҹҢ§пёҸрҹҳірҹ‘»рҹҸіпёҸвҖҚрҹҢҲрҹҳӮрҹ’һрҹҸҙвҖҚвҳ пёҸрҹҺёрҹҢ§пёҸрҹҳірҹ‘»рҹҸіпёҸвҖҚрҹҢҲрҹҳӮрҹ’һрҹҸҙвҖҚвҳ"] = CFrame.new(-0.000002, -0.000011, -0.000009, -0.060699, 0.000000, -0.998156, 0.000000, 1.000000, 0.000000, 0.998156, 0.000000, -0.060699)
    }},
    { Time = 0.083, Data = {
      ["Cock"] = CFrame.new(-0.000050, 0.000025, 0.000006, -0.185227, 0.708323, -0.681153, -0.156640, 0.663003, 0.732045, 0.970132, 0.242290, -0.011855),
      ["Head"] = CFrame.new(0.001690, 0.074255, 0.105349, 0.705030, 0.385935, 0.594968, -0.013837, 0.846281, -0.532557, -0.709042, 0.367236, 0.601994),
      ["LeftUpperArm"] = CFrame.new(0.194788, -0.705201, 0.852465, -0.335642, 0.915769, -0.220708, -0.940920, -0.314768, 0.124861, 0.044872, 0.249578, 0.967315),
      ["LeftUpperLeg"] = CFrame.new(0.008492, -0.254007, 0.071230, 0.974327, -0.225136, 0.000492, 0.225136, 0.974325, -0.002029, -0.000023, 0.002088, 0.999998),
      ["LowerTorso"] = CFrame.new(-1.197878, -1.091167, -2.264886, -0.801878, 0.367975, -0.470730, -0.402528, 0.249514, 0.880746, 0.441546, 0.895733, -0.051960),
      ["RightUpperArm"] = CFrame.new(-0.085905, -0.347424, -0.588971, 0.854929, -0.306563, 0.418467, -0.224020, -0.945780, -0.235192, 0.467879, 0.107328, -0.877251),
      ["RightUpperLeg"] = CFrame.new(0.499998, -0.037272, 0.238875, 0.932475, 0.337828, -0.127915, -0.354364, 0.924205, -0.142380, 0.070120, 0.178095, 0.981512),
      ["рҹҢ§пёҸрҹҳірҹ‘»рҹҸіпёҸвҖҚрҹҢҲрҹҳӮрҹ’һрҹҸҙвҖҚвҳ пёҸрҹҺёрҹҢ§пёҸрҹҳірҹ‘»рҹҸіпёҸвҖҚрҹҢҲрҹҳӮрҹ’һрҹҸҙвҖҚвҳ"] = CFrame.new(-0.000002, -0.000011, -0.000009, -0.060699, 0.000000, -0.998156, 0.000000, 1.000000, 0.000000, 0.998156, 0.000000, -0.060699)
    }},
    { Time = 0.100, Data = {
      ["Cock"] = CFrame.new(-0.000050, 0.000025, 0.000006, -0.185088, 0.708393, -0.681119, -0.156632, 0.662969, 0.732079, 0.970159, 0.242184, -0.011750),
      ["Head"] = CFrame.new(0.002900, 0.074045, 0.104467, 0.705014, 0.385426, 0.595316, -0.012942, 0.846281, -0.532580, -0.709075, 0.367772, 0.601629),
      ["LeftUpperArm"] = CFrame.new(0.194697, -0.705148, 0.852864, -0.335647, 0.915423, -0.222130, -0.940916, -0.314566, 0.125396, 0.044916, 0.251094, 0.966920),
      ["LeftUpperLeg"] = CFrame.new(0.008579, -0.254383, 0.071178, 0.974327, -0.225136, 0.000676, 0.225137, 0.974323, -0.002877, -0.000011, 0.002955, 0.999996),
      ["LowerTorso"] = CFrame.new(-1.198171, -1.090537, -2.264941, -0.801882, 0.368268, -0.470493, -0.402561, 0.248884, 0.880910, 0.441509, 0.895787, -0.051326),
      ["RightUpperArm"] = CFrame.new(-0.085973, -0.347408, -0.588819, 0.854953, -0.306388, 0.418547, -0.224044, -0.945881, -0.234763, 0.467824, 0.106938, -0.877329),
      ["RightUpperLeg"] = CFrame.new(0.499869, -0.037638, 0.238747, 0.932488, 0.337669, -0.128241, -0.354328, 0.924079, -0.143278, 0.070124, 0.179045, 0.981339),
      ["рҹҢ§пёҸрҹҳірҹ‘»рҹҸіпёҸвҖҚрҹҢҲрҹҳӮрҹ’һрҹҸҙвҖҚвҳ пёҸрҹҺёрҹҢ§пёҸрҹҳірҹ‘»рҹҸіпёҸвҖҚрҹҢҲрҹҳӮрҹ’һрҹҸҙвҖҚвҳ"] = CFrame.new(-0.000002, -0.000011, -0.000009, -0.060699, 0.000000, -0.998156, 0.000000, 1.000000, 0.000000, 0.998156, 0.000000, -0.060699)
    }},
    { Time = 0.117, Data = {
      ["Cock"] = CFrame.new(-0.000050, 0.000025, 0.000006, -0.184948, 0.708461, -0.681085, -0.156625, 0.662934, 0.732112, 0.970187, 0.242077, -0.011646),
      ["Head"] = CFrame.new(0.004330, 0.073797, 0.103425, 0.705037, 0.384794, 0.595698, -0.011863, 0.846274, -0.532615, -0.709071, 0.368447, 0.601219),
      ["LeftUpperArm"] = CFrame.new(0.194592, -0.705084, 0.853324, -0.335632, 0.915025, -0.223787, -0.940921, -0.314323, 0.125968, 0.044923, 0.252845, 0.966463),
      ["LeftUpperLeg"] = CFrame.new(0.008682, -0.254828, 0.071130, 0.974327, -0.225135, 0.000888, 0.225137, 0.974319, -0.003982, 0.000031, 0.004080, 0.999992),
      ["LowerTorso"] = CFrame.new(-1.198554, -1.089803, -2.264987, -0.801888, 0.368652, -0.470182, -0.402557, 0.248150, 0.881118, 0.441502, 0.895833, -0.050585),
      ["RightUpperArm"] = CFrame.new(-0.086036, -0.347395, -0.588639, 0.854961, -0.306118, 0.418729, -0.223998, -0.946021, -0.234243, 0.467832, 0.106474, -0.877381),
      ["RightUpperLeg"] = CFrame.new(0.499732, -0.038025, 0.238609, 0.932471, 0.337585, -0.128588, -0.354378, 0.923908, -0.144255, 0.070106, 0.180082, 0.981150),
      ["рҹҢ§пёҸрҹҳірҹ‘»рҹҸіпёҸвҖҚрҹҢҲрҹҳӮрҹ’һрҹҸҙвҖҚвҳ пёҸрҹҺёрҹҢ§пёҸрҹҳірҹ‘»рҹҸіпёҸвҖҚрҹҢҲрҹҳӮрҹ’һрҹҸҙвҖҚвҳ"] = CFrame.new(-0.000002, -0.000011, -0.000009, -0.060581, 0.000000, -0.998163, 0.000000, 1.000000, 0.000000, 0.998163, 0.000000, -0.060581)
    }},
    { Time = 0.133, Data = {
      ["Cock"] = CFrame.new(-0.000050, 0.000025, 0.000006, -0.184809, 0.708530, -0.681051, -0.156617, 0.662899, 0.732145, 0.970215, 0.241971, -0.011541),
      ["Head"] = CFrame.new(0.005980, 0.073511, 0.102222, 0.704970, 0.384078, 0.596240, -0.010546, 0.846261, -0.532664, -0.709159, 0.369224, 0.600639),
      ["LeftUpperArm"] = CFrame.new(0.194461, -0.705029, 0.853865, -0.335696, 0.914526, -0.225723, -0.940899, -0.314115, 0.126656, 0.044927, 0.254900, 0.965923),
      ["LeftUpperLeg"] = CFrame.new(0.008800, -0.255340, 0.071034, 0.974327, -0.225134, 0.001197, 0.225137, 0.974313, -0.005163, -0.000004, 0.005300, 0.999986),
      ["LowerTorso"] = CFrame.new(-1.199082, -1.088964, -2.265002, -0.801842, 0.369179, -0.469847, -0.402570, 0.247311, 0.881348, 0.441574, 0.895848, -0.049684),
      ["RightUpperArm"] = CFrame.new(-0.086131, -0.347375, -0.588463, 0.854945, -0.305890, 0.418927, -0.224074, -0.946167, -0.233578, 0.467824, 0.105825, -0.877463),
      ["RightUpperLeg"] = CFrame.new(0.499562, -0.038511, 0.238418, 0.932475, 0.337400, -0.129043, -0.354359, 0.923738, -0.145389, 0.070148, 0.181299, 0.980923),
      ["рҹҢ§пёҸрҹҳірҹ‘»рҹҸіпёҸвҖҚрҹҢҲрҹҳӮрҹ’һрҹҸҙвҖҚвҳ пёҸрҹҺёрҹҢ§пёҸрҹҳірҹ‘»рҹҸіпёҸвҖҚрҹҢҲрҹҳӮрҹ’һрҹҸҙвҖҚвҳ"] = CFrame.new(-0.000002, -0.000011, -0.000009, -0.060462, 0.000000, -0.998170, 0.000000, 1.000000, 0.000000, 0.998170, 0.000000, -0.060462)
    }},
    { Time = 0.150, Data = {
      ["Cock"] = CFrame.new(-0.000050, 0.000025, 0.000006, -0.184634, 0.708696, -0.680926, -0.156618, 0.662767, 0.732264, 0.970248, 0.241846, -0.011375),
      ["Head"] = CFrame.new(0.007850, 0.073186, 0.100859, 0.704984, 0.383267, 0.596745, -0.009179, 0.846266, -0.532681, -0.709164, 0.370054, 0.600122),
      ["LeftUpperArm"] = CFrame.new(0.194324, -0.704937, 0.854466, -0.335639, 0.914006, -0.227901, -0.940920, -0.313764, 0.127367, 0.044907, 0.257186, 0.965318),
      ["LeftUpperLeg"] = CFrame.new(0.008934, -0.255921, 0.070937, 0.974327, -0.225132, 0.001525, 0.225138, 0.974305, -0.006516, -0.000019, 0.006692, 0.999978),
      ["LowerTorso"] = CFrame.new(-1.199584, -1.088018, -2.265055, -0.801850, 0.369681, -0.469439, -0.402557, 0.246365, 0.881619, 0.441572, 0.895902, -0.048730),
      ["RightUpperArm"] = CFrame.new(-0.086227, -0.347354, -0.588237, 0.854913, -0.305587, 0.419214, -0.224060, -0.946337, -0.232903, 0.467890, 0.105183, -0.877505),
      ["RightUpperLeg"] = CFrame.new(0.499370, -0.039056, 0.238219, 0.932479, 0.337203, -0.129528, -0.354346, 0.923537, -0.146690, 0.070159, 0.182683, 0.980665),
      ["рҹҢ§пёҸрҹҳірҹ‘»рҹҸіпёҸвҖҚрҹҢҲрҹҳӮрҹ’һрҹҸҙвҖҚвҳ пёҸрҹҺёрҹҢ§пёҸрҹҳірҹ‘»рҹҸіпёҸвҖҚрҹҢҲрҹҳӮрҹ’һрҹҸҙвҖҚвҳ"] = CFrame.new(-0.000002, -0.000011, -0.000009, -0.060344, 0.000000, -0.998178, 0.000000, 1.000000, 0.000000, 0.998178, 0.000000, -0.060344)
    }},
    { Time = 0.167, Data = {
      ["Cock"] = CFrame.new(-0.000050, 0.000026, 0.000006, -0.184495, 0.708765, -0.680892, -0.156611, 0.662732, 0.732297, 0.970276, 0.241740, -0.011271),
      ["Head"] = CFrame.new(0.009940, 0.072824, 0.099335, 0.704970, 0.382383, 0.597328, -0.007567, 0.846219, -0.532781, -0.709196, 0.371075, 0.599453),
      ["LeftUpperArm"] = CFrame.new(0.194157, -0.704848, 0.855165, -0.335660, 0.913370, -0.230406, -0.940911, -0.313426, 0.128262, 0.044936, 0.259843, 0.964605),
      ["LeftUpperLeg"] = CFrame.new(0.009084, -0.256571, 0.070839, 0.974327, -0.225130, 0.001873, 0.225138, 0.974294, -0.008040, -0.000014, 0.008255, 0.999966),
      ["LowerTorso"] = CFrame.new(-1.200113, -1.086967, -2.265125, -0.801857, 0.370211, -0.469008, -0.402570, 0.245313, 0.881906, 0.441545, 0.895972, -0.047670),
      ["RightUpperArm"] = CFrame.new(-0.086337, -0.347330, -0.587984, 0.854921, -0.305260, 0.419437, -0.224077, -0.946521, -0.232137, 0.467868, 0.104473, -0.877602),
      ["RightUpperLeg"] = CFrame.new(0.499155, -0.039662, 0.238014, 0.932483, 0.336994, -0.130041, -0.354339, 0.923305, -0.148159, 0.070139, 0.184235, 0.980376),
      ["рҹҢ§пёҸрҹҳірҹ‘»рҹҸіпёҸвҖҚрҹҢҲрҹҳӮрҹ’һрҹҸҙвҖҚвҳ пёҸрҹҺёрҹҢ§пёҸрҹҳірҹ‘»рҹҸіпёҸвҖҚрҹҢҲрҹҳӮрҹ’һрҹҸҙвҖҚвҳ"] = CFrame.new(-0.000002, -0.000011, -0.000009, -0.060226, 0.000000, -0.998185, 0.000000, 1.000000, 0.000000, 0.998185, 0.000000, -0.060226)
    }},
    { Time = 0.183, Data = {
      ["Cock"] = CFrame.new(-0.000050, 0.000026, 0.000006, -0.184320, 0.708888, -0.680812, -0.156550, 0.662662, 0.732373, 0.970319, 0.241572, -0.011166),
      ["Head"] = CFrame.new(0.012250, 0.072423, 0.097651, 0.704929, 0.381366, 0.598026, -0.005778, 0.846207, -0.532822, -0.709254, 0.372147, 0.598720),
      ["LeftUpperArm"] = CFrame.new(0.193977, -0.704752, 0.855907, -0.335659, 0.912688, -0.233096, -0.940914, -0.313062, 0.129124, 0.044876, 0.262665, 0.963843),
      ["LeftUpperLeg"] = CFrame.new(0.009250, -0.257288, 0.070740, 0.974327, -0.225128, 0.002240, 0.225139, 0.974278, -0.009736, 0.000010, 0.009990, 0.999950),
      ["LowerTorso"] = CFrame.new(-1.200733, -1.085809, -2.265185, -0.801867, 0.370831, -0.468502, -0.402548, 0.244156, 0.882238, 0.441548, 0.896032, -0.046503),
      ["RightUpperArm"] = CFrame.new(-0.086441, -0.347307, -0.587700, 0.854952, -0.304832, 0.419683, -0.224034, -0.946744, -0.231269, 0.467831, 0.103701, -0.877713),
      ["RightUpperLeg"] = CFrame.new(0.498918, -0.040328, 0.237801, 0.932487, 0.336773, -0.130585, -0.354339, 0.923041, -0.149796, 0.070088, 0.185954, 0.980055),
      ["рҹҢ§пёҸрҹҳірҹ‘»рҹҸіпёҸвҖҚрҹҢҲрҹҳӮрҹ’һрҹҸҙвҖҚвҳ пёҸрҹҺёрҹҢ§пёҸрҹҳірҹ‘»рҹҸіпёҸвҖҚрҹҢҲрҹҳӮрҹ’һрҹҸҙвҖҚвҳ"] = CFrame.new(-0.000002, -0.000011, -0.000009, -0.059989, 0.000000, -0.998199, 0.000000, 1.000000, 0.000000, 0.998199, 0.000000, -0.059989)
    }},
    { Time = 0.200, Data = {
      ["Cock"] = CFrame.new(-0.000050, 0.000026, 0.000006, -0.184041, 0.709069, -0.680699, -0.156597, 0.662531, 0.732483, 0.970364, 0.241402, -0.010895),
      ["Head"] = CFrame.new(0.014780, 0.071984, 0.095807, 0.704904, 0.380303, 0.598732, -0.003878, 0.846167, -0.532903, -0.709292, 0.373324, 0.597942),
      ["LeftUpperArm"] = CFrame.new(0.193779, -0.704633, 0.856733, -0.335644, 0.911934, -0.236050, -0.940916, -0.312607, 0.130206, 0.044949, 0.265807, 0.962978),
      ["LeftUpperLeg"] = CFrame.new(0.009432, -0.258074, 0.070598, 0.974326, -0.225124, 0.002712, 0.225140, 0.974257, -0.011593, -0.000032, 0.011906, 0.999929),
      ["LowerTorso"] = CFrame.new(-1.201381, -1.084544, -2.265260, -0.801876, 0.371478, -0.467973, -0.402552, 0.242891, 0.882585, 0.441527, 0.896107, -0.045230),
      ["RightUpperArm"] = CFrame.new(-0.086563, -0.347281, -0.587395, 0.854944, -0.304390, 0.420021, -0.224001, -0.946980, -0.230330, 0.467862, 0.102834, -0.877799),
      ["RightUpperLeg"] = CFrame.new(0.498663, -0.041052, 0.237531, 0.932482, 0.336537, -0.131227, -0.354348, 0.922759, -0.151501, 0.070105, 0.187772, 0.979708),
      ["рҹҢ§пёҸрҹҳірҹ‘»рҹҸіпёҸвҖҚрҹҢҲрҹҳӮрҹ’һрҹҸҙвҖҚвҳ пёҸрҹҺёрҹҢ§пёҸрҹҳірҹ‘»рҹҸіпёҸвҖҚрҹҢҲрҹҳӮрҹ’һрҹҸҙвҖҚвҳ"] = CFrame.new(-0.000002, -0.000011, -0.000009, -0.059752, 0.000000, -0.998213, 0.000000, 1.000000, 0.000000, 0.998213, 0.000000, -0.059752)
    }},
    { Time = 0.217, Data = {
      ["Cock"] = CFrame.new(-0.000049, 0.000026, 0.000006, -0.183762, 0.709206, -0.680631, -0.156582, 0.662461, 0.732549, 0.970419, 0.241189, -0.010686),
      ["Head"] = CFrame.new(0.017530, 0.071507, 0.093803, 0.704849, 0.379108, 0.599554, -0.001802, 0.846161, -0.532924, -0.709355, 0.374551, 0.597099),
      ["LeftUpperArm"] = CFrame.new(0.193552, -0.704526, 0.857634, -0.335694, 0.911068, -0.239301, -0.940901, -0.312202, 0.131286, 0.044900, 0.269230, 0.962029),
      ["LeftUpperLeg"] = CFrame.new(0.009629, -0.258928, 0.070498, 0.974326, -0.225120, 0.003118, 0.225141, 0.974231, -0.013632, 0.000031, 0.013984, 0.999902),
      ["LowerTorso"] = CFrame.new(-1.202119, -1.083174, -2.265325, -0.801888, 0.372216, -0.467368, -0.402521, 0.241521, 0.882975, 0.441536, 0.896172, -0.043848),
      ["RightUpperArm"] = CFrame.new(-0.086721, -0.347244, -0.587071, 0.854911, -0.304011, 0.420362, -0.224071, -0.947208, -0.229327, 0.467888, 0.101863, -0.877898),
      ["RightUpperLeg"] = CFrame.new(0.498390, -0.041832, 0.237220, 0.932468, 0.336274, -0.131998, -0.354375, 0.922429, -0.153441, 0.070160, 0.189855, 0.979302),
      ["рҹҢ§пёҸрҹҳірҹ‘»рҹҸіпёҸвҖҚрҹҢҲрҹҳӮрҹ’һрҹҸҙвҖҚвҳ пёҸрҹҺёрҹҢ§пёҸрҹҳірҹ‘»рҹҸіпёҸвҖҚрҹҢҲрҹҳӮрҹ’һрҹҸҙвҖҚвҳ"] = CFrame.new(-0.000002, -0.000011, -0.000009, -0.059516, 0.000000, -0.998227, 0.000000, 1.000000, 0.000000, 0.998227, 0.000000, -0.059516)
    }},
    { Time = 0.233, Data = {
      ["Cock"] = CFrame.new(-0.000049, 0.000026, 0.000007, -0.183448, 0.709441, -0.680471, -0.156576, 0.662294, 0.732701, 0.970480, 0.240958, -0.010415),
      ["Head"] = CFrame.new(0.020500, 0.070992, 0.091638, 0.704764, 0.377840, 0.600454, 0.000521, 0.846099, -0.533025, -0.709442, 0.375970, 0.596103),
      ["LeftUpperArm"] = CFrame.new(0.193316, -0.704374, 0.858599, -0.335630, 0.910173, -0.242772, -0.940921, -0.311625, 0.132504, 0.044948, 0.272902, 0.960991),
      ["LeftUpperLeg"] = CFrame.new(0.009842, -0.259850, 0.070354, 0.974326, -0.225114, 0.003630, 0.225143, 0.974197, -0.015832, 0.000028, 0.016243, 0.999868),
      ["LowerTorso"] = CFrame.new(-1.202936, -1.081696, -2.265382, -0.801844, 0.373034, -0.466790, -0.402569, 0.240043, 0.883356, 0.441571, 0.896228, -0.042305),
      ["RightUpperArm"] = CFrame.new(-0.086851, -0.347216, -0.586708, 0.854966, -0.303445, 0.420659, -0.224010, -0.947495, -0.228193, 0.467816, 0.100866, -0.878051),
      ["RightUpperLeg"] = CFrame.new(0.498075, -0.042717, 0.236931, 0.932493, 0.335931, -0.132691, -0.354315, 0.922109, -0.155486, 0.070123, 0.192004, 0.978886),
      ["рҹҢ§пёҸрҹҳірҹ‘»рҹҸіпёҸвҖҚрҹҢҲрҹҳӮрҹ’һрҹҸҙвҖҚвҳ пёҸрҹҺёрҹҢ§пёҸрҹҳірҹ‘»рҹҸіпёҸвҖҚрҹҢҲрҹҳӮрҹ’һрҹҸҙвҖҚвҳ"] = CFrame.new(-0.000002, -0.000011, -0.000009, -0.059160, 0.000000, -0.998249, 0.000000, 1.000000, 0.000000, 0.998249, 0.000000, -0.059160)
    }},
    { Time = 0.250, Data = {
      ["Cock"] = CFrame.new(-0.000049, 0.000026, 0.000007, -0.183168, 0.709579, -0.680403, -0.156562, 0.662224, 0.732767, 0.970535, 0.240745, -0.010206),
      ["Head"] = CFrame.new(0.023690, 0.070439, 0.089312, 0.704692, 0.376497, 0.601381, 0.002920, 0.846051, -0.533094, -0.709507, 0.377423, 0.595106),
      ["LeftUpperArm"] = CFrame.new(0.193054, -0.704234, 0.859626, -0.335638, 0.909176, -0.246469, -0.940918, -0.311093, 0.133769, 0.044945, 0.276805, 0.959874),
      ["LeftUpperLeg"] = CFrame.new(0.010071, -0.260841, 0.070205, 0.974325, -0.225107, 0.004151, 0.225146, 0.974157, -0.018118, 0.000035, 0.018588, 0.999827),
      ["LowerTorso"] = CFrame.new(-1.203728, -1.080109, -2.265476, -0.801854, 0.373826, -0.466137, -0.402591, 0.238456, 0.883775, 0.441532, 0.896322, -0.040708),
      ["RightUpperArm"] = CFrame.new(-0.087020, -0.347177, -0.586328, 0.854957, -0.302945, 0.421037, -0.224041, -0.947773, -0.227006, 0.467818, 0.099751, -0.878178),
      ["RightUpperLeg"] = CFrame.new(0.497758, -0.043618, 0.236598, 0.932479, 0.335648, -0.133506, -0.354352, 0.921723, -0.157676, 0.070131, 0.194337, 0.978425),
      ["рҹҢ§пёҸрҹҳірҹ‘»рҹҸіпёҸвҖҚрҹҢҲрҹҳӮрҹ’һрҹҸҙвҖҚвҳ пёҸрҹҺёрҹҢ§пёҸрҹҳірҹ‘»рҹҸіпёҸвҖҚрҹҢҲрҹҳӮрҹ’һрҹҸҙвҖҚвҳ"] = CFrame.new(-0.000002, -0.000011, -0.000009, -0.058805, 0.000000, -0.998269, 0.000000, 1.000000, 0.000000, 0.998269, 0.000000, -0.058805)
    }},
    { Time = 0.267, Data = {
      ["Cock"] = CFrame.new(-0.000049, 0.000026, 0.000007, -0.182854, 0.709813, -0.680243, -0.156555, 0.662057, 0.732920, 0.970595, 0.240513, -0.009935),
      ["Head"] = CFrame.new(0.027100, 0.069847, 0.086827, 0.704652, 0.375033, 0.602342, 0.005504, 0.845989, -0.533173, -0.709532, 0.379016, 0.594063),
      ["LeftUpperArm"] = CFrame.new(0.192765, -0.704074, 0.860744, -0.335608, 0.908080, -0.250517, -0.940932, -0.310483, 0.135084, 0.044886, 0.281055, 0.958641),
      ["LeftUpperLeg"] = CFrame.new(0.010316, -0.261899, 0.070017, 0.974324, -0.225098, 0.004788, 0.225149, 0.974105, -0.020652, -0.000015, 0.021200, 0.999775),
      ["LowerTorso"] = CFrame.new(-1.204700, -1.078311, -2.265546, -0.801868, 0.374798, -0.465333, -0.402543, 0.236658, 0.884281, 0.441551, 0.896393, -0.038896),
      ["RightUpperArm"] = CFrame.new(-0.087209, -0.347130, -0.585907, 0.854909, -0.302450, 0.421492, -0.224062, -0.948049, -0.225830, 0.467897, 0.098624, -0.878263),
      ["RightUpperLeg"] = CFrame.new(0.497403, -0.044621, 0.236254, 0.932495, 0.335271, -0.134342, -0.354313, 0.921331, -0.160039, 0.070117, 0.196834, 0.977926),
      ["рҹҢ§пёҸрҹҳірҹ‘»рҹҸіпёҸвҖҚрҹҢҲрҹҳӮрҹ’һрҹҸҙвҖҚвҳ пёҸрҹҺёрҹҢ§пёҸрҹҳірҹ‘»рҹҸіпёҸвҖҚрҹҢҲрҹҳӮрҹ’һрҹҸҙвҖҚвҳ"] = CFrame.new(-0.000002, -0.000011, -0.000009, -0.058331, 0.000000, -0.998297, 0.000000, 1.000000, 0.000000, 0.998297, 0.000000, -0.058331)
    }},
    { Time = 0.283, Data = {
      ["Cock"] = CFrame.new(-0.000049, 0.000026, 0.000007, -0.182539, 0.710004, -0.680128, -0.156488, 0.661952, 0.733029, 0.970665, 0.240238, -0.009726),
      ["Head"] = CFrame.new(0.030730, 0.069217, 0.084181, 0.704577, 0.373438, 0.603419, 0.008266, 0.845956, -0.533189, -0.709579, 0.380660, 0.592955),
      ["LeftUpperArm"] = CFrame.new(0.192453, -0.703918, 0.861914, -0.335671, 0.906892, -0.254700, -0.940906, -0.309892, 0.136613, 0.044964, 0.285506, 0.957322),
      ["LeftUpperLeg"] = CFrame.new(0.010576, -0.263026, 0.069866, 0.974324, -0.225088, 0.005348, 0.225152, 0.974046, -0.023281, 0.000031, 0.023887, 0.999715),
      ["LowerTorso"] = CFrame.new(-1.205609, -1.076508, -2.265640, -0.801879, 0.375707, -0.464580, -0.402558, 0.234855, 0.884754, 0.441517, 0.896486, -0.037082),
      ["RightUpperArm"] = CFrame.new(-0.087387, -0.347089, -0.585473, 0.854923, -0.301831, 0.421906, -0.224054, -0.948377, -0.224459, 0.467874, 0.097366, -0.878415),
      ["RightUpperLeg"] = CFrame.new(0.497046, -0.045638, 0.235864, 0.932471, 0.334952, -0.135298, -0.354370, 0.920869, -0.162547, 0.070147, 0.199516, 0.977381),
      ["рҹҢ§пёҸрҹҳірҹ‘»рҹҸіпёҸвҖҚрҹҢҲрҹҳӮрҹ’һрҹҸҙвҖҚвҳ пёҸрҹҺёрҹҢ§пёҸрҹҳірҹ‘»рҹҸіпёҸвҖҚрҹҢҲрҹҳӮрҹ’һрҹҸҙвҖҚвҳ"] = CFrame.new(-0.000002, -0.000011, -0.000009, -0.057857, 0.000000, -0.998325, 0.000000, 1.000000, 0.000000, 0.998325, 0.000000, -0.057857)
    }},
    { Time = 0.300, Data = {
      ["Cock"] = CFrame.new(-0.000049, 0.000026, 0.000007, -0.182225, 0.710238, -0.679968, -0.156481, 0.661785, 0.733181, 0.970725, 0.240006, -0.009455),
      ["Head"] = CFrame.new(0.034580, 0.068550, 0.081374, 0.704514, 0.371828, 0.604486, 0.011173, 0.845845, -0.533312, -0.709602, 0.382480, 0.591755),
      ["LeftUpperArm"] = CFrame.new(0.192116, -0.703747, 0.863158, -0.335691, 0.905613, -0.259184, -0.940900, -0.309241, 0.138123, 0.044936, 0.290233, 0.955900),
      ["LeftUpperLeg"] = CFrame.new(0.010852, -0.264221, 0.069676, 0.974323, -0.225075, 0.006024, 0.225156, 0.973972, -0.026157, 0.000021, 0.026842, 0.999640),
      ["LowerTorso"] = CFrame.new(-1.206607, -1.074598, -2.265719, -0.801892, 0.376705, -0.463749, -0.402537, 0.232945, 0.885269, 0.441513, 0.896566, -0.035159),
      ["RightUpperArm"] = CFrame.new(-0.087581, -0.347044, -0.585014, 0.854938, -0.301192, 0.422333, -0.224067, -0.948716, -0.223006, 0.467841, 0.096025, -0.878581),
      ["RightUpperLeg"] = CFrame.new(0.496651, -0.046756, 0.235463, 0.932477, 0.334538, -0.136276, -0.354352, 0.920399, -0.165227, 0.070154, 0.202361, 0.976795),
      ["рҹҢ§пёҸрҹҳірҹ‘»рҹҸіпёҸвҖҚрҹҢҲрҹҳӮрҹ’һрҹҸҙвҖҚвҳ пёҸрҹҺёрҹҢ§пёҸрҹҳірҹ‘»рҹҸіпёҸвҖҚрҹҢҲрҹҳӮрҹ’һрҹҸҙвҖҚвҳ"] = CFrame.new(-0.000002, -0.000011, -0.000009, -0.057265, 0.000000, -0.998359, 0.000000, 1.000000, 0.000000, 0.998359, 0.000000, -0.057265)
    }},
    { Time = 0.317, Data = {
      ["Cock"] = CFrame.new(-0.000049, 0.000026, 0.000007, -0.181805, 0.710487, -0.679819, -0.156522, 0.661618, 0.733323, 0.970797, 0.239729, -0.009079),
      ["Head"] = CFrame.new(0.038650, 0.067844, 0.078408, 0.704415, 0.370086, 0.605670, 0.014257, 0.845761, -0.533372, -0.709645, 0.384350, 0.590490),
      ["LeftUpperArm"] = CFrame.new(0.191756, -0.703553, 0.864478, -0.335681, 0.904240, -0.263947, -0.940904, -0.308504, 0.139732, 0.044923, 0.295254, 0.954362),
      ["LeftUpperLeg"] = CFrame.new(0.011144, -0.265483, 0.069481, 0.974322, -0.225061, 0.006709, 0.225161, 0.973886, -0.029119, 0.000020, 0.029882, 0.999553),
      ["LowerTorso"] = CFrame.new(-1.207776, -1.072472, -2.265778, -0.801851, 0.377873, -0.462868, -0.402562, 0.230819, 0.885814, 0.441564, 0.896624, -0.032965),
      ["RightUpperArm"] = CFrame.new(-0.087770, -0.346999, -0.584529, 0.854936, -0.300457, 0.422860, -0.224010, -0.949092, -0.221461, 0.467873, 0.094610, -0.878718),
      ["RightUpperLeg"] = CFrame.new(0.496234, -0.047935, 0.235055, 0.932483, 0.334109, -0.137283, -0.354341, 0.919888, -0.168074, 0.070130, 0.205371, 0.976168),
      ["рҹҢ§пёҸрҹҳірҹ‘»рҹҸіпёҸвҖҚрҹҢҲрҹҳӮрҹ’һрҹҸҙвҖҚвҳ пёҸрҹҺёрҹҢ§пёҸрҹҳірҹ‘»рҹҸіпёҸвҖҚрҹҢҲрҹҳӮрҹ’һрҹҸҙвҖҚвҳ"] = CFrame.new(-0.000002, -0.000011, -0.000009, -0.056672, 0.000000, -0.998393, 0.000000, 1.000000, 0.000000, 0.998393, 0.000000, -0.056672)
    }},
    { Time = 0.333, Data = {
      ["Cock"] = CFrame.new(-0.000049, 0.000026, 0.000008, -0.181491, 0.710678, -0.679704, -0.156455, 0.661512, 0.733433, 0.970867, 0.239454, -0.008870),
      ["Head"] = CFrame.new(0.042940, 0.067099, 0.075280, 0.704278, 0.368244, 0.606951, 0.017553, 0.845657, -0.533438, -0.709708, 0.386342, 0.589113),
      ["LeftUpperArm"] = CFrame.new(0.191373, -0.703342, 0.865858, -0.335637, 0.902784, -0.268940, -0.940922, -0.307701, 0.141371, 0.044874, 0.300501, 0.952725),
      ["LeftUpperLeg"] = CFrame.new(0.011451, -0.266814, 0.069285, 0.974320, -0.225044, 0.007414, 0.225166, 0.973786, -0.032252, 0.000039, 0.033093, 0.999452),
      ["LowerTorso"] = CFrame.new(-1.208889, -1.070342, -2.265853, -0.801864, 0.378987, -0.461934, -0.402535, 0.228689, 0.886379, 0.441565, 0.896700, -0.030823),
      ["RightUpperArm"] = CFrame.new(-0.087999, -0.346941, -0.583999, 0.854950, -0.299798, 0.423299, -0.224044, -0.949441, -0.219925, 0.467830, 0.093187, -0.878892),
      ["RightUpperLeg"] = CFrame.new(0.495799, -0.049170, 0.234598, 0.932479, 0.333657, -0.138403, -0.354344, 0.919334, -0.171071, 0.070159, 0.208562, 0.975489),
      ["рҹҢ§пёҸрҹҳірҹ‘»рҹҸіпёҸвҖҚрҹҢҲрҹҳӮрҹ’һрҹҸҙвҖҚвҳ пёҸрҹҺёрҹҢ§пёҸрҹҳірҹ‘»рҹҸіпёҸвҖҚрҹҢҲрҹҳӮрҹ’һрҹҸҙвҖҚвҳ"] = CFrame.new(-0.000002, -0.000011, -0.000009, -0.055961, 0.000000, -0.998433, 0.000000, 1.000000, 0.000000, 0.998433, 0.000000, -0.055961)
    }},
    { Time = 0.350, Data = {
      ["Cock"] = CFrame.new(-0.000049, 0.000026, 0.000008, -0.181036, 0.710981, -0.679509, -0.156442, 0.661310, 0.733618, 0.970954, 0.239115, -0.008494),
      ["Head"] = CFrame.new(0.047450, 0.066317, 0.071993, 0.704148, 0.366358, 0.608241, 0.020960, 0.845516, -0.533539, -0.709744, 0.388439, 0.587689),
      ["LeftUpperArm"] = CFrame.new(0.190958, -0.703133, 0.867302, -0.335669, 0.901209, -0.274134, -0.940910, -0.306906, 0.143172, 0.044894, 0.305993, 0.950975),
      ["LeftUpperLeg"] = CFrame.new(0.011774, -0.268212, 0.069045, 0.974319, -0.225023, 0.008224, 0.225173, 0.973670, -0.035546, -0.000008, 0.036485, 0.999334),
      ["LowerTorso"] = CFrame.new(-1.210030, -1.068101, -2.265939, -0.801877, 0.380127, -0.460974, -0.402535, 0.226449, 0.886953, 0.441542, 0.896786, -0.028570),
      ["RightUpperArm"] = CFrame.new(-0.088219, -0.346887, -0.583465, 0.854947, -0.299024, 0.423851, -0.224030, -0.949838, -0.218215, 0.467842, 0.091607, -0.879052),
      ["RightUpperLeg"] = CFrame.new(0.495337, -0.050470, 0.234167, 0.932485, 0.333205, -0.139452, -0.354344, 0.918753, -0.174166, 0.070089, 0.211821, 0.974792),
      ["рҹҢ§пёҸрҹҳірҹ‘»рҹҸіпёҸвҖҚрҹҢҲрҹҳӮрҹ’һрҹҸҙвҖҚвҳ пёҸрҹҺёрҹҢ§пёҸрҹҳірҹ‘»рҹҸіпёҸвҖҚрҹҢҲрҹҳӮрҹ’һрҹҸҙвҖҚвҳ"] = CFrame.new(-0.000002, -0.000011, -0.000009, -0.055249, 0.000000, -0.998473, 0.000000, 1.000000, 0.000000, 0.998473, 0.000000, -0.055249)
    }},
    { Time = 0.367, Data = {
      ["Cock"] = CFrame.new(-0.000049, 0.000027, 0.000008, -0.180581, 0.711283, -0.679314, -0.156430, 0.661107, 0.733803, 0.971041, 0.238775, -0.008118),
      ["Head"] = CFrame.new(0.052180, 0.065497, 0.068545, 0.703994, 0.364266, 0.609674, 0.024620, 0.845414, -0.533544, -0.709779, 0.390623, 0.586198),
      ["LeftUpperArm"] = CFrame.new(0.190516, -0.702899, 0.868823, -0.335665, 0.899528, -0.279604, -0.940909, -0.306015, 0.145068, 0.044930, 0.311776, 0.949093),
      ["LeftUpperLeg"] = CFrame.new(0.012113, -0.269679, 0.068848, 0.974317, -0.225001, 0.008968, 0.225180, 0.973535, -0.039022, 0.000050, 0.040039, 0.999198),
      ["LowerTorso"] = CFrame.new(-1.211286, -1.065644, -2.266023, -0.801890, 0.381383, -0.459913, -0.402528, 0.223991, 0.887581, 0.441525, 0.896870, -0.026098),
      ["RightUpperArm"] = CFrame.new(-0.088455, -0.346830, -0.582905, 0.854944, -0.298230, 0.424416, -0.224036, -0.950247, -0.216423, 0.467844, 0.089945, -0.879222),
      ["RightUpperLeg"] = CFrame.new(0.494863, -0.051822, 0.233646, 0.932471, 0.332719, -0.140697, -0.354367, 0.918126, -0.177395, 0.070155, 0.215274, 0.974030),
      ["рҹҢ§пёҸрҹҳірҹ‘»рҹҸіпёҸвҖҚрҹҢҲрҹҳӮрҹ’һрҹҸҙвҖҚвҳ пёҸрҹҺёрҹҢ§пёҸрҹҳірҹ‘»рҹҸіпёҸвҖҚрҹҢҲрҹҳӮрҹ’һрҹҸҙвҖҚвҳ"] = CFrame.new(-0.000002, -0.000011, -0.000009, -0.054418, 0.000000, -0.998518, 0.000000, 1.000000, 0.000000, 0.998518, 0.000000, -0.054418)
    }},
    { Time = 0.383, Data = {
      ["Cock"] = CFrame.new(-0.000049, 0.000027, 0.000008, -0.180126, 0.711542, -0.679163, -0.156356, 0.660966, 0.733946, 0.971137, 0.238393, -0.007803),
      ["Head"] = CFrame.new(0.057130, 0.064638, 0.064937, 0.703830, 0.362206, 0.611090, 0.028316, 0.845254, -0.533614, -0.709804, 0.392876, 0.584659),
      ["LeftUpperArm"] = CFrame.new(0.190049, -0.702645, 0.870403, -0.335624, 0.897753, -0.285302, -0.940924, -0.305050, 0.146991, 0.044931, 0.317781, 0.947099),
      ["LeftUpperLeg"] = CFrame.new(0.012478, -0.271256, 0.068606, 0.974335, -0.224890, 0.009815, 0.225104, 0.973400, -0.042659, 0.000040, 0.043773, 0.999041),
      ["LowerTorso"] = CFrame.new(-1.212595, -1.063181, -2.266077, -0.801848, 0.382692, -0.458897, -0.402576, 0.221528, 0.888177, 0.441557, 0.896924, -0.023569),
      ["RightUpperArm"] = CFrame.new(-0.088710, -0.346763, -0.582299, 0.854941, -0.297435, 0.424980, -0.224043, -0.950652, -0.214630, 0.467846, 0.088282, -0.879390),
      ["RightUpperLeg"] = CFrame.new(0.494361, -0.053236, 0.233167, 0.932467, 0.332220, -0.141901, -0.354392, 0.917435, -0.180888, 0.070091, 0.218960, 0.973213),
      ["рҹҢ§пёҸрҹҳірҹ‘»рҹҸіпёҸвҖҚрҹҢҲрҹҳӮрҹ’һрҹҸҙвҖҚвҳ пёҸрҹҺёрҹҢ§пёҸрҹҳірҹ‘»рҹҸіпёҸвҖҚрҹҢҲрҹҳӮрҹ’һрҹҸҙвҖҚвҳ"] = CFrame.new(-0.000002, -0.000011, -0.000009, -0.053587, 0.000000, -0.998563, 0.000000, 1.000000, 0.000000, 0.998563, 0.000000, -0.053587)
    }},
    { Time = 0.400, Data = {
      ["Cock"] = CFrame.new(-0.000049, 0.000027, 0.000009, -0.179670, 0.711844, -0.678967, -0.156344, 0.660764, 0.734131, 0.971224, 0.238054, -0.007427),
      ["Head"] = CFrame.new(0.062300, 0.063741, 0.061168, 0.703701, 0.359953, 0.612567, 0.032273, 0.845085, -0.533657, -0.709763, 0.395304, 0.583071),
      ["LeftUpperArm"] = CFrame.new(0.189543, -0.702390, 0.872058, -0.335641, 0.895829, -0.291265, -0.940918, -0.304081, 0.149024, 0.044932, 0.324075, 0.944964),
      ["LeftUpperLeg"] = CFrame.new(0.012848, -0.272858, 0.068364, 0.974333, -0.224860, 0.010683, 0.225114, 0.973224, -0.046466, 0.000051, 0.047678, 0.998863),
      ["LowerTorso"] = CFrame.new(-1.213965, -1.060499, -2.266150, -0.801860, 0.384063, -0.457729, -0.402564, 0.218846, 0.888847, 0.441545, 0.896996, -0.020874),
      ["RightUpperArm"] = CFrame.new(-0.088976, -0.346694, -0.581691, 0.854938, -0.296601, 0.425569, -0.224092, -0.951080, -0.212671, 0.467829, 0.086454, -0.879581),
      ["RightUpperLeg"] = CFrame.new(0.493828, -0.054748, 0.232627, 0.932482, 0.331620, -0.143195, -0.354347, 0.916742, -0.184453, 0.070105, 0.222740, 0.972354),
      ["рҹҢ§пёҸрҹҳірҹ‘»рҹҸіпёҸвҖҚрҹҢҲрҹҳӮрҹ’һрҹҸҙвҖҚвҳ пёҸрҹҺёрҹҢ§пёҸрҹҳірҹ‘»рҹҸіпёҸвҖҚрҹҢҲрҹҳӮрҹ’һрҹҸҙвҖҚвҳ"] = CFrame.new(-0.000002, -0.000011, -0.000009, -0.052518, 0.000000, -0.998620, 0.000000, 1.000000, 0.000000, 0.998620, 0.000000, -0.052518)
    }},
    { Time = 0.417, Data = {
      ["Cock"] = CFrame.new(-0.000048, 0.000027, 0.000009, -0.179110, 0.712161, -0.678783, -0.156378, 0.660561, 0.734306, 0.971321, 0.237668, -0.006946),
      ["Head"] = CFrame.new(0.067690, 0.062806, 0.057239, 0.703511, 0.357675, 0.614118, 0.036366, 0.844872, -0.533731, -0.709753, 0.397819, 0.581369),
      ["LeftUpperArm"] = CFrame.new(0.189006, -0.702108, 0.873789, -0.335616, 0.893787, -0.297502, -0.940926, -0.303006, 0.151149, 0.044950, 0.330656, 0.942680),
      ["LeftUpperLeg"] = CFrame.new(0.013234, -0.274527, 0.068078, 0.974330, -0.224824, 0.011657, 0.225126, 0.973023, -0.050435, -0.000003, 0.051764, 0.998659),
      ["LowerTorso"] = CFrame.new(-1.215335, -1.057811, -2.266214, -0.801872, 0.385432, -0.456556, -0.402553, 0.216158, 0.889509, 0.441533, 0.897061, -0.018174),
      ["RightUpperArm"] = CFrame.new(-0.089242, -0.346623, -0.581034, 0.854918, -0.295689, 0.426245, -0.224051, -0.951528, -0.210703, 0.467886, 0.084633, -0.879728),
      ["RightUpperLeg"] = CFrame.new(0.493287, -0.056278, 0.232084, 0.932467, 0.331085, -0.144525, -0.354392, 0.915967, -0.188176, 0.070077, 0.226687, 0.971443),
      ["рҹҢ§пёҸрҹҳірҹ‘»рҹҸіпёҸвҖҚрҹҢҲрҹҳӮрҹ’һрҹҸҙвҖҚвҳ пёҸрҹҺёрҹҢ§пёҸрҹҳірҹ‘»рҹҸіпёҸвҖҚрҹҢҲрҹҳӮрҹ’һрҹҸҙвҖҚвҳ"] = CFrame.new(-0.000002, -0.000011, -0.000009, -0.051448, 0.000000, -0.998676, 0.000000, 1.000000, 0.000000, 0.998676, 0.000000, -0.051448)
    }},
    { Time = 0.433, Data = {
      ["Cock"] = CFrame.new(-0.000048, 0.000027, 0.000009, -0.178654, 0.712463, -0.678586, -0.156367, 0.660358, 0.734491, 0.971407, 0.237328, -0.006570),
      ["Head"] = CFrame.new(0.073300, 0.061833, 0.053150, 0.703273, 0.355269, 0.615784, 0.040638, 0.844674, -0.533736, -0.709757, 0.400387, 0.579599),
      ["LeftUpperArm"] = CFrame.new(0.188431, -0.701828, 0.875577, -0.335646, 0.891602, -0.303954, -0.940917, -0.301945, 0.153314, 0.044918, 0.337455, 0.940269),
      ["LeftUpperLeg"] = CFrame.new(0.013635, -0.276265, 0.067830, 0.974327, -0.224787, 0.012554, 0.225138, 0.972802, -0.054498, 0.000037, 0.055925, 0.998435),
      ["LowerTorso"] = CFrame.new(-1.216818, -1.054902, -2.266272, -0.801884, 0.386915, -0.455278, -0.402537, 0.213249, 0.890219, 0.441527, 0.897118, -0.015253),
      ["RightUpperArm"] = CFrame.new(-0.089523, -0.346547, -0.580349, 0.854937, -0.294752, 0.426853, -0.224040, -0.951985, -0.208642, 0.467856, 0.082744, -0.879923),
      ["RightUpperLeg"] = CFrame.new(0.492713, -0.057906, 0.231487, 0.932473, 0.330441, -0.145957, -0.354372, 0.915170, -0.192055, 0.070113, 0.230809, 0.970470),
      ["рҹҢ§пёҸрҹҳірҹ‘»рҹҸіпёҸвҖҚрҹҢҲрҹҳӮрҹ’һрҹҸҙвҖҚвҳ пёҸрҹҺёрҹҢ§пёҸрҹҳірҹ‘»рҹҸіпёҸвҖҚрҹҢҲрҹҳӮрҹ’һрҹҸҙвҖҚвҳ"] = CFrame.new(-0.000002, -0.000011, -0.000009, -0.050259, 0.000000, -0.998736, 0.000000, 1.000000, 0.000000, 0.998736, 0.000000, -0.050259)
    }},
    { Time = 0.450, Data = {
      ["Cock"] = CFrame.new(-0.000048, 0.000027, 0.000010, -0.178058, 0.712833, -0.678355, -0.156349, 0.660119, 0.734709, 0.971520, 0.236881, -0.006089),
      ["Head"] = CFrame.new(0.079130, 0.060822, 0.048900, 0.703050, 0.352746, 0.617487, 0.045096, 0.844444, -0.533742, -0.709709, 0.403094, 0.577779),
      ["LeftUpperArm"] = CFrame.new(0.187823, -0.701519, 0.877439, -0.335630, 0.889288, -0.310676, -0.940923, -0.300769, 0.155569, 0.044904, 0.344536, 0.937699),
      ["LeftUpperLeg"] = CFrame.new(0.014052, -0.278070, 0.067543, 0.974324, -0.224743, 0.013567, 0.225152, 0.972547, -0.058808, 0.000022, 0.060353, 0.998177),
      ["LowerTorso"] = CFrame.new(-1.218300, -1.051987, -2.266319, -0.801895, 0.388397, -0.453996, -0.402522, 0.210333, 0.890919, 0.441521, 0.897166, -0.012327),
      ["RightUpperArm"] = CFrame.new(-0.089815, -0.346468, -0.579666, 0.854916, -0.293780, 0.427565, -0.224062, -0.952463, -0.206425, 0.467884, 0.080675, -0.880101),
      ["RightUpperLeg"] = CFrame.new(0.492118, -0.059594, 0.230876, 0.932477, 0.329786, -0.147403, -0.354356, 0.914336, -0.196014, 0.070133, 0.235011, 0.969459),
      ["рҹҢ§пёҸрҹҳірҹ‘»рҹҸіпёҸвҖҚрҹҢҲрҹҳӮрҹ’һрҹҸҙвҖҚвҳ пёҸрҹҺёрҹҢ§пёҸрҹҳірҹ‘»рҹҸіпёҸвҖҚрҹҢҲрҹҳӮрҹ’һрҹҸҙвҖҚвҳ"] = CFrame.new(-0.000002, -0.000011, -0.000009, -0.049068, 0.000000, -0.998795, 0.000000, 1.000000, 0.000000, 0.998795, 0.000000, -0.049068)
    }},
    { Time = 0.467, Data = {
      ["Cock"] = CFrame.new(-0.000048, 0.000027, 0.000010, -0.177566, 0.713187, -0.678111, -0.156284, 0.659880, 0.734937, 0.971620, 0.236478, -0.005712),
      ["Head"] = CFrame.new(0.085180, 0.059772, 0.044490, 0.702826, 0.350180, 0.619201, 0.049665, 0.844165, -0.533778, -0.709626, 0.405905, 0.575909),
      ["LeftUpperArm"] = CFrame.new(0.187179, -0.701211, 0.879346, -0.335678, 0.886841, -0.317542, -0.940906, -0.299600, 0.157914, 0.044909, 0.351785, 0.935003),
