return {
  ["Astros lay 6"] = {
    { Time = 0.000, Data = {
      ["Head"] = CFrame.new(0.000000, -0.000000, 0.000000, 0.923790, -0.065137, 0.377320, 0.113792, 0.987606, -0.108105, -0.365601, 0.142802, 0.919752),
      ["LeftUpperArm"] = CFrame.new(0.232563, -0.555599, -0.297543, 0.869397, 0.314534, 0.381073, 0.452181, -0.817376, -0.356971, 0.199201, 0.482664, -0.852851),
      ["LeftUpperLeg"] = CFrame.new(-0.299890, 0.624197, -0.379912, 0.946466, -0.102575, 0.306073, 0.112508, 0.993538, -0.014942, -0.302562, 0.048578, 0.951891),
      ["LowerTorso"] = CFrame.new(-1.481723, -1.139126, -0.360376, -0.890721, 0.239566, -0.386295, -0.379698, 0.075063, 0.922060, 0.249891, 0.967974, 0.024102),
      ["RightUpperArm"] = CFrame.new(-0.069053, -0.347410, -0.144065, 0.964445, -0.262560, 0.030130, -0.256513, -0.957430, -0.132401, 0.063610, 0.119964, -0.990739),
      ["RightUpperLeg"] = CFrame.new(0.110334, 0.168944, -0.179384, 0.984201, 0.032573, -0.174033, -0.038780, 0.998723, -0.032386, 0.172756, 0.038623, 0.984207)
    }},
    { Time = 1.000, Data = {
      ["Head"] = CFrame.new(0.000000, -0.000000, 0.000000, 0.923790, -0.065137, 0.377320, 0.113792, 0.987606, -0.108105, -0.365601, 0.142802, 0.919752),
      ["LeftUpperArm"] = CFrame.new(0.232563, -0.555599, -0.297543, 0.869397, 0.314534, 0.381073, 0.452181, -0.817376, -0.356971, 0.199201, 0.482664, -0.852851),
      ["LeftUpperLeg"] = CFrame.new(-0.299890, 0.624197, -0.379912, 0.946466, -0.102575, 0.306073, 0.112508, 0.993538, -0.014942, -0.302562, 0.048578, 0.951891),
      ["LowerTorso"] = CFrame.new(-1.481723, -1.139126, -0.360376, -0.890721, 0.239566, -0.386295, -0.379698, 0.075063, 0.922060, 0.249891, 0.967974, 0.024102),
      ["RightUpperArm"] = CFrame.new(-0.069053, -0.347410, -0.144065, 0.964445, -0.262560, 0.030130, -0.256513, -0.957430, -0.132401, 0.063610, 0.119964, -0.990739),
      ["RightUpperLeg"] = CFrame.new(0.110334, 0.168944, -0.179384, 0.984201, 0.032573, -0.174033, -0.038780, 0.998723, -0.032386, 0.172756, 0.038623, 0.984207)
    }}
  }
}