return {
  ["Astros blowjob 3"] = {
    { Time = 0.000, Data = {
      ["Head"] = CFrame.new(0.000000, -0.000000, 0.000000, 0.994453, -0.091461, 0.051935, 0.103916, 0.930641, -0.350868, -0.016243, 0.354319, 0.934984),
      ["LeftUpperArm"] = CFrame.new(0.069225, -0.923628, -0.623606, 0.853868, -0.287862, -0.433640, -0.519172, -0.530280, -0.670271, -0.037005, 0.797457, -0.602240),
      ["LeftUpperLeg"] = CFrame.new(-0.000005, -0.284612, -0.600928, 1.000000, -0.000000, 0.000000, 0.000000, 0.164053, 0.986452, -0.000000, -0.986452, 0.164053),
      ["LowerTorso"] = CFrame.new(0.000015, -1.700148, -1.745299, -1.000000, 0.000000, 0.000000, 0.000000, 0.996229, 0.086758, 0.000000, 0.086758, -0.996230),
      ["RightUpperArm"] = CFrame.new(-0.549528, -0.957611, -0.602882, 0.892240, 0.426310, 0.148890, 0.413526, -0.638941, -0.648654, -0.181396, 0.640324, -0.746379),
      ["RightUpperLeg"] = CFrame.new(-0.000005, -0.284631, -0.600912, 1.000000, -0.000000, 0.000000, 0.000000, 0.164053, 0.986452, -0.000000, -0.986452, 0.164053),
      ["рҹҢ§пёҸрҹҳірҹ‘»рҹҸіпёҸвҖҚрҹҢҲрҹҳӮрҹ’һрҹҸҙвҖҚвҳ пёҸрҹҺёрҹҢ§пёҸрҹҳірҹ‘»рҹҸіпёҸвҖҚрҹҢҲрҹҳӮрҹ’һрҹҸҙвҖҚвҳ"] = CFrame.new(-0.000000, 0.000000, -0.000000, 0.974949, -0.222427, 0.000000, 0.222427, 0.974949, 0.000000, 0.000000, 0.000000, 1.000000)
    }},
    { Time = 0.017, Data = {
      ["Head"] = CFrame.new(0.000000, -0.000000, -0.000000, 0.994450, -0.091415, 0.052072, 0.103941, 0.930238, -0.351929, -0.016268, 0.355388, 0.934577),
      ["LeftUpperArm"] = CFrame.new(0.069225, -0.923636, -0.623635, 0.853868, -0.287884, -0.433626, -0.519170, -0.530354, -0.670215, -0.037031, 0.797401, -0.602313),
      ["LeftUpperLeg"] = CFrame.new(-0.000005, -0.284608, -0.600953, 1.000000, -0.000000, 0.000000, 0.000000, 0.164053, 0.986452, -0.000000, -0.986452, 0.164053),
      ["LowerTorso"] = CFrame.new(0.000015, -1.700148, -1.745300, -1.000000, 0.000000, 0.000000, 0.000000, 0.996229, 0.086758, 0.000000, 0.086758, -0.996230),
      ["RightUpperArm"] = CFrame.new(-0.549963, -0.956592, -0.601584, 0.892588, 0.424656, 0.151506, 0.412944, -0.635064, -0.652818, -0.181007, 0.645260, -0.742210),
      ["RightUpperLeg"] = CFrame.new(-0.000005, -0.284626, -0.600937, 1.000000, -0.000000, 0.000000, 0.000000, 0.164053, 0.986452, -0.000000, -0.986452, 0.164053),
      ["рҹҢ§пёҸрҹҳірҹ‘»рҹҸіпёҸвҖҚрҹҢҲрҹҳӮрҹ’һрҹҸҙвҖҚвҳ пёҸрҹҺёрҹҢ§пёҸрҹҳірҹ‘»рҹҸіпёҸвҖҚрҹҢҲрҹҳӮрҹ’һрҹҸҙвҖҚвҳ"] = CFrame.new(-0.000000, 0.000000, 0.000000, 0.974600, -0.223951, 0.000000, 0.223951, 0.974600, 0.000000, 0.000000, 0.000000, 1.000000)
    }},
    { Time = 0.033, Data = {
      ["Head"] = CFrame.new(0.000000, -0.000000, -0.000000, 0.994456, -0.091285, 0.052194, 0.103881, 0.929842, -0.352992, -0.016309, 0.356457, 0.934170),
      ["LeftUpperArm"] = CFrame.new(0.069237, -0.923620, -0.623696, 0.853868, -0.287906, -0.433612, -0.519168, -0.530427, -0.670158, -0.037057, 0.797344, -0.602386),
      ["LeftUpperLeg"] = CFrame.new(-0.000005, -0.284593, -0.601029, 1.000000, -0.000000, 0.000000, 0.000000, 0.164165, 0.986433, -0.000000, -0.986433, 0.164165),
      ["LowerTorso"] = CFrame.new(0.000015, -1.700141, -1.745385, -1.000000, 0.000000, 0.000000, 0.000000, 0.996222, 0.086844, 0.000000, 0.086844, -0.996222),
      ["RightUpperArm"] = CFrame.new(-0.550396, -0.955547, -0.600280, 0.892932, 0.423013, 0.154056, 0.412328, -0.631090, -0.657047, -0.180716, 0.650220, -0.737941),
      ["RightUpperLeg"] = CFrame.new(-0.000005, -0.284611, -0.601013, 1.000000, -0.000000, 0.000000, 0.000000, 0.164165, 0.986433, -0.000000, -0.986433, 0.164165),
      ["рҹҢ§пёҸрҹҳірҹ‘»рҹҸіпёҸвҖҚрҹҢҲрҹҳӮрҹ’һрҹҸҙвҖҚвҳ пёҸрҹҺёрҹҢ§пёҸрҹҳірҹ‘»рҹҸіпёҸвҖҚрҹҢҲрҹҳӮрҹ’һрҹҸҙвҖҚвҳ"] = CFrame.new(-0.000000, 0.000000, -0.000000, 0.974229, -0.225560, 0.000000, 0.225560, 0.974229, 0.000000, 0.000000, 0.000000, 1.000000)
    }},
    { Time = 0.050, Data = {
      ["Head"] = CFrame.new(-0.000000, 0.000000, 0.000000, 0.994456, -0.091255, 0.052246, 0.103890, 0.929436, -0.354056, -0.016250, 0.357521, 0.933764),
      ["LeftUpperArm"] = CFrame.new(0.069262, -0.923612, -0.623805, 0.853932, -0.287920, -0.433477, -0.519062, -0.530614, -0.670092, -0.037076, 0.797215, -0.602556),
      ["LeftUpperLeg"] = CFrame.new(-0.000005, -0.284568, -0.601155, 1.000000, -0.000000, 0.000000, 0.000000, 0.164276, 0.986414, -0.000000, -0.986414, 0.164276),
      ["LowerTorso"] = CFrame.new(0.000015, -1.700126, -1.745557, -1.000000, 0.000000, 0.000000, 0.000000, 0.996207, 0.087016, 0.000000, 0.087016, -0.996207),
      ["RightUpperArm"] = CFrame.new(-0.550827, -0.954525, -0.599015, 0.893273, 0.421371, 0.156559, 0.411735, -0.627206, -0.661125, -0.180384, 0.655026, -0.733759),
      ["RightUpperLeg"] = CFrame.new(-0.000005, -0.284586, -0.601139, 1.000000, -0.000000, 0.000000, 0.000000, 0.164276, 0.986414, -0.000000, -0.986414, 0.164276),
      ["рҹҢ§пёҸрҹҳірҹ‘»рҹҸіпёҸвҖҚрҹҢҲрҹҳӮрҹ’һрҹҸҙвҖҚвҳ пёҸрҹҺёрҹҢ§пёҸрҹҳірҹ‘»рҹҸіпёҸвҖҚрҹҢҲрҹҳӮрҹ’һрҹҸҙвҖҚвҳ"] = CFrame.new(0.000000, 0.000000, 0.000000, 0.973875, -0.227083, 0.000000, 0.227083, 0.973875, 0.000000, 0.000000, 0.000000, 1.000000)
    }},
    { Time = 0.067, Data = {
      ["Head"] = CFrame.new(0.000000, -0.000000, -0.000000, 0.994453, -0.091210, 0.052383, 0.103915, 0.929029, -0.355116, -0.016275, 0.358590, 0.933353),
      ["LeftUpperArm"] = CFrame.new(0.069285, -0.923590, -0.623953, 0.853932, -0.287985, -0.433434, -0.519056, -0.530834, -0.669923, -0.037154, 0.797045, -0.602776),
      ["LeftUpperLeg"] = CFrame.new(-0.000005, -0.284533, -0.601331, 1.000000, -0.000000, 0.000000, 0.000000, 0.164388, 0.986396, -0.000000, -0.986396, 0.164388),
      ["LowerTorso"] = CFrame.new(0.000015, -1.700111, -1.745730, -1.000000, 0.000000, 0.000000, 0.000000, 0.996192, 0.087188, 0.000000, 0.087188, -0.996192),
      ["RightUpperArm"] = CFrame.new(-0.551271, -0.953494, -0.597753, 0.893612, 0.419685, 0.159132, 0.411178, -0.623289, -0.665164, -0.179974, 0.659830, -0.729543),
      ["RightUpperLeg"] = CFrame.new(-0.000005, -0.284551, -0.601315, 1.000000, -0.000000, 0.000000, 0.000000, 0.164388, 0.986396, -0.000000, -0.986396, 0.164388),
      ["рҹҢ§пёҸрҹҳірҹ‘»рҹҸіпёҸвҖҚрҹҢҲрҹҳӮрҹ’һрҹҸҙвҖҚвҳ пёҸрҹҺёрҹҢ§пёҸрҹҳірҹ‘»рҹҸіпёҸвҖҚрҹҢҲрҹҳӮрҹ’һрҹҸҙвҖҚвҳ"] = CFrame.new(-0.000000, 0.000000, 0.000000, 0.973519, -0.228606, 0.000000, 0.228606, 0.973519, 0.000000, 0.000000, 0.000000, 1.000000)
    }},
    { Time = 0.083, Data = {
      ["Head"] = CFrame.new(0.000000, -0.000000, -0.000000, 0.994450, -0.091164, 0.052520, 0.103940, 0.928620, -0.356176, -0.016301, 0.359658, 0.932942),
      ["LeftUpperArm"] = CFrame.new(0.069326, -0.923594, -0.624161, 0.853972, -0.288024, -0.433328, -0.518978, -0.531240, -0.669661, -0.037323, 0.796760, -0.603142),
      ["LeftUpperLeg"] = CFrame.new(-0.000005, -0.284489, -0.601556, 1.000000, -0.000000, 0.000000, 0.000000, 0.164611, 0.986359, -0.000000, -0.986359, 0.164611),
      ["LowerTorso"] = CFrame.new(0.000015, -1.700095, -1.745903, -1.000000, 0.000000, 0.000000, 0.000000, 0.996177, 0.087361, 0.000000, 0.087361, -0.996177),
      ["RightUpperArm"] = CFrame.new(-0.551710, -0.952455, -0.596500, 0.893947, 0.418017, 0.161621, 0.410596, -0.619337, -0.669203, -0.179641, 0.664593, -0.725290),
      ["RightUpperLeg"] = CFrame.new(-0.000005, -0.284507, -0.601540, 1.000000, -0.000000, 0.000000, 0.000000, 0.164611, 0.986359, -0.000000, -0.986359, 0.164611),
      ["рҹҢ§пёҸрҹҳірҹ‘»рҹҸіпёҸвҖҚрҹҢҲрҹҳӮрҹ’һрҹҸҙвҖҚвҳ пёҸрҹҺёрҹҢ§пёҸрҹҳірҹ‘»рҹҸіпёҸвҖҚрҹҢҲрҹҳӮрҹ’һрҹҸҙвҖҚвҳ"] = CFrame.new(-0.000000, 0.000000, 0.000000, 0.973160, -0.230128, 0.000000, 0.230128, 0.973160, 0.000000, 0.000000, 0.000000, 1.000000)
    }},
    { Time = 0.100, Data = {
      ["Head"] = CFrame.new(0.000000, -0.000000, -0.000000, 0.994459, -0.091050, 0.052556, 0.103865, 0.928219, -0.357242, -0.016257, 0.360721, 0.932532),
      ["LeftUpperArm"] = CFrame.new(0.069368, -0.923576, -0.624401, 0.854036, -0.288102, -0.433150, -0.518866, -0.531647, -0.669425, -0.037420, 0.796460, -0.603532),
      ["LeftUpperLeg"] = CFrame.new(-0.000005, -0.284435, -0.601830, 1.000000, -0.000000, 0.000000, 0.000000, 0.164722, 0.986340, -0.000000, -0.986340, 0.164722),
      ["LowerTorso"] = CFrame.new(0.000015, -1.700065, -1.746247, -1.000000, 0.000000, 0.000000, 0.000000, 0.996147, 0.087705, 0.000000, 0.087705, -0.996147),
      ["RightUpperArm"] = CFrame.new(-0.552139, -0.951441, -0.595292, 0.894278, 0.416385, 0.163984, 0.410003, -0.615481, -0.673113, -0.179345, 0.669184, -0.721130),
      ["RightUpperLeg"] = CFrame.new(-0.000005, -0.284453, -0.601814, 1.000000, -0.000000, 0.000000, 0.000000, 0.164722, 0.986340, -0.000000, -0.986340, 0.164722),
      ["рҹҢ§пёҸрҹҳірҹ‘»рҹҸіпёҸвҖҚрҹҢҲрҹҳӮрҹ’һрҹҸҙвҖҚвҳ пёҸрҹҺёрҹҢ§пёҸрҹҳірҹ‘»рҹҸіпёҸвҖҚрҹҢҲрҹҳӮрҹ’һрҹҸҙвҖҚвҳ"] = CFrame.new(-0.000000, 0.000000, 0.000000, 0.972799, -0.231651, 0.000000, 0.231651, 0.972799, 0.000000, 0.000000, 0.000000, 1.000000)
    }},
    { Time = 0.117, Data = {
      ["Head"] = CFrame.new(0.000000, -0.000000, -0.000000, 0.994456, -0.091004, 0.052693, 0.103890, 0.927808, -0.358300, -0.016282, 0.361788, 0.932118),
      ["LeftUpperArm"] = CFrame.new(0.069450, -0.923546, -0.624667, 0.854117, -0.288072, -0.433011, -0.518718, -0.532093, -0.669185, -0.037629, 0.796173, -0.603898),
      ["LeftUpperLeg"] = CFrame.new(-0.000005, -0.284372, -0.602153, 1.000000, -0.000000, 0.000000, 0.000000, 0.165057, 0.986284, -0.000000, -0.986284, 0.165057),
      ["LowerTorso"] = CFrame.new(0.000015, -1.700042, -1.746505, -1.000000, 0.000000, 0.000000, 0.000000, 0.996124, 0.087963, 0.000000, 0.087963, -0.996124),
      ["RightUpperArm"] = CFrame.new(-0.552578, -0.950435, -0.594101, 0.894607, 0.414716, 0.166398, 0.409456, -0.611657, -0.676921, -0.178951, 0.673711, -0.717001),
      ["RightUpperLeg"] = CFrame.new(-0.000005, -0.284390, -0.602137, 1.000000, -0.000000, 0.000000, 0.000000, 0.165057, 0.986284, -0.000000, -0.986284, 0.165057),
      ["рҹҢ§пёҸрҹҳірҹ‘»рҹҸіпёҸвҖҚрҹҢҲрҹҳӮрҹ’һрҹҸҙвҖҚвҳ пёҸрҹҺёрҹҢ§пёҸрҹҳірҹ‘»рҹҸіпёҸвҖҚрҹҢҲрҹҳӮрҹ’һрҹҸҙвҖҚвҳ"] = CFrame.new(0.000000, 0.000000, 0.000000, 0.972456, -0.233088, 0.000000, 0.233088, 0.972456, 0.000000, 0.000000, 0.000000, 1.000000)
    }},
    { Time = 0.133, Data = {
      ["Head"] = CFrame.new(0.000000, -0.000000, -0.000000, 0.994452, -0.090960, 0.052826, 0.103914, 0.927428, -0.359277, -0.016312, 0.362773, 0.931735),
      ["LeftUpperArm"] = CFrame.new(0.069503, -0.923523, -0.624994, 0.854181, -0.288194, -0.432805, -0.518602, -0.532645, -0.668836, -0.037777, 0.795760, -0.604434),
      ["LeftUpperLeg"] = CFrame.new(-0.000005, -0.284299, -0.602522, 1.000000, -0.000000, 0.000000, 0.000000, 0.165280, 0.986247, -0.000000, -0.986247, 0.165280),
      ["LowerTorso"] = CFrame.new(0.000015, -1.700004, -1.746935, -1.000000, 0.000000, 0.000000, 0.000000, 0.996086, 0.088393, 0.000000, 0.088393, -0.996086),
      ["RightUpperArm"] = CFrame.new(-0.552988, -0.949445, -0.592957, 0.894894, 0.413157, 0.168721, 0.408971, -0.607894, -0.680594, -0.178628, 0.678061, -0.712969),
      ["RightUpperLeg"] = CFrame.new(-0.000005, -0.284317, -0.602506, 1.000000, -0.000000, 0.000000, 0.000000, 0.165280, 0.986247, -0.000000, -0.986247, 0.165280),
      ["рҹҢ§пёҸрҹҳірҹ‘»рҹҸіпёҸвҖҚрҹҢҲрҹҳӮрҹ’һрҹҸҙвҖҚвҳ пёҸрҹҺёрҹҢ§пёҸрҹҳірҹ‘»рҹҸіпёҸвҖҚрҹҢҲрҹҳӮрҹ’һрҹҸҙвҖҚвҳ"] = CFrame.new(-0.000000, 0.000000, 0.000000, 0.972110, -0.234525, 0.000000, 0.234525, 0.972110, 0.000000, 0.000000, 0.000000, 1.000000)
    }},
    { Time = 0.150, Data = {
      ["Head"] = CFrame.new(0.000000, 0.000000, -0.000000, 0.994452, -0.090932, 0.052874, 0.103923, 0.927046, -0.360258, -0.016257, 0.363754, 0.931353),
      ["LeftUpperArm"] = CFrame.new(0.069589, -0.923508, -0.625360, 0.854261, -0.288228, -0.432623, -0.518449, -0.533310, -0.668424, -0.038063, 0.795302, -0.605018),
      ["LeftUpperLeg"] = CFrame.new(-0.000005, -0.284217, -0.602937, 1.000000, -0.000000, 0.000000, 0.000000, 0.165615, 0.986191, -0.000000, -0.986191, 0.165615),
      ["LowerTorso"] = CFrame.new(0.000015, -1.699966, -1.747366, -1.000000, 0.000000, 0.000000, 0.000000, 0.996047, 0.088824, 0.000000, 0.088824, -0.996048),
      ["RightUpperArm"] = CFrame.new(-0.553420, -0.948458, -0.591816, 0.895217, 0.411514, 0.171004, 0.408419, -0.604141, -0.684257, -0.178271, 0.682400, -0.708907),
      ["RightUpperLeg"] = CFrame.new(-0.000005, -0.284235, -0.602921, 1.000000, -0.000000, 0.000000, 0.000000, 0.165615, 0.986191, -0.000000, -0.986191, 0.165615),
      ["рҹҢ§пёҸрҹҳірҹ‘»рҹҸіпёҸвҖҚрҹҢҲрҹҳӮрҹ’һрҹҸҙвҖҚвҳ пёҸрҹҺёрҹҢ§пёҸрҹҳірҹ‘»рҹҸіпёҸвҖҚрҹҢҲрҹҳӮрҹ’һрҹҸҙвҖҚвҳ"] = CFrame.new(-0.000000, 0.000000, -0.000000, 0.971763, -0.235961, 0.000000, 0.235961, 0.971763, 0.000000, 0.000000, 0.000000, 1.000000)
    }},
    { Time = 0.167, Data = {
      ["Head"] = CFrame.new(-0.000000, 0.000000, -0.000000, 0.994458, -0.090806, 0.052986, 0.103862, 0.926704, -0.361154, -0.016308, 0.364656, 0.930999),
      ["LeftUpperArm"] = CFrame.new(0.069675, -0.923473, -0.625756, 0.854365, -0.288302, -0.432368, -0.518262, -0.533975, -0.668039, -0.038277, 0.794829, -0.605625),
      ["LeftUpperLeg"] = CFrame.new(-0.000005, -0.284127, -0.603398, 1.000000, -0.000000, 0.000000, 0.000000, 0.166061, 0.986116, -0.000000, -0.986116, 0.166061),
      ["LowerTorso"] = CFrame.new(0.000015, -1.699927, -1.747796, -1.000000, 0.000000, 0.000000, 0.000000, 0.996009, 0.089254, 0.000000, 0.089254, -0.996009),
      ["RightUpperArm"] = CFrame.new(-0.553821, -0.947505, -0.590738, 0.895498, 0.409991, 0.173177, 0.407936, -0.600518, -0.687726, -0.177965, 0.686502, -0.705013),
      ["RightUpperLeg"] = CFrame.new(-0.000005, -0.284144, -0.603382, 1.000000, -0.000000, 0.000000, 0.000000, 0.166061, 0.986116, -0.000000, -0.986116, 0.166061),
      ["рҹҢ§пёҸрҹҳірҹ‘»рҹҸіпёҸвҖҚрҹҢҲрҹҳӮрҹ’һрҹҸҙвҖҚвҳ пёҸрҹҺёрҹҢ§пёҸрҹҳірҹ‘»рҹҸіпёҸвҖҚрҹҢҲрҹҳӮрҹ’һрҹҸҙвҖҚвҳ"] = CFrame.new(-0.000000, 0.000000, 0.000000, 0.971433, -0.237312, 0.000000, 0.237312, 0.971433, 0.000000, 0.000000, 0.000000, 1.000000)
    }},
    { Time = 0.183, Data = {
      ["Head"] = CFrame.new(-0.000000, 0.000000, 0.000000, 0.994458, -0.090778, 0.053034, 0.103871, 0.926320, -0.362135, -0.016253, 0.365636, 0.930616),
      ["LeftUpperArm"] = CFrame.new(0.069765, -0.923436, -0.626193, 0.854469, -0.288397, -0.432099, -0.518073, -0.534712, -0.667596, -0.038516, 0.794299, -0.606305),
      ["LeftUpperLeg"] = CFrame.new(-0.000005, -0.284027, -0.603903, 1.000000, -0.000000, 0.000000, 0.000000, 0.166395, 0.986059, -0.000000, -0.986059, 0.166395),
      ["LowerTorso"] = CFrame.new(0.000015, -1.699881, -1.748311, -1.000000, 0.000000, 0.000000, 0.000000, 0.995963, 0.089770, 0.000000, 0.089770, -0.995963),
      ["RightUpperArm"] = CFrame.new(-0.554241, -0.946573, -0.589678, 0.895816, 0.408394, 0.175292, 0.407393, -0.596975, -0.691123, -0.177606, 0.690532, -0.701157),
      ["RightUpperLeg"] = CFrame.new(-0.000005, -0.284045, -0.603886, 1.000000, -0.000000, 0.000000, 0.000000, 0.166395, 0.986059, -0.000000, -0.986059, 0.166395),
      ["рҹҢ§пёҸрҹҳірҹ‘»рҹҸіпёҸвҖҚрҹҢҲрҹҳӮрҹ’һрҹҸҙвҖҚвҳ пёҸрҹҺёрҹҢ§пёҸрҹҳірҹ‘»рҹҸіпёҸвҖҚрҹҢҲрҹҳӮрҹ’һрҹҸҙвҖҚвҳ"] = CFrame.new(-0.000000, 0.000000, 0.000000, 0.971102, -0.238664, 0.000000, 0.238664, 0.971102, 0.000000, 0.000000, 0.000000, 1.000000)
    }},
    { Time = 0.200, Data = {
      ["Head"] = CFrame.new(0.000000, -0.000000, 0.000000, 0.994455, -0.090736, 0.053163, 0.103894, 0.925968, -0.363028, -0.016287, 0.366539, 0.930260),
      ["LeftUpperArm"] = CFrame.new(0.069860, -0.923400, -0.626671, 0.854573, -0.288514, -0.431816, -0.517881, -0.535521, -0.667095, -0.038780, 0.793711, -0.607057),
      ["LeftUpperLeg"] = CFrame.new(-0.000005, -0.283920, -0.604449, 1.000000, -0.000000, 0.000000, 0.000000, 0.166841, 0.985984, -0.000000, -0.985984, 0.166841),
      ["LowerTorso"] = CFrame.new(0.000015, -1.699827, -1.748914, -1.000000, 0.000000, 0.000000, 0.000000, 0.995908, 0.090373, 0.000000, 0.090373, -0.995908),
      ["RightUpperArm"] = CFrame.new(-0.554629, -0.945678, -0.588679, 0.896093, 0.406919, 0.177297, 0.406919, -0.593570, -0.694329, -0.177297, 0.694329, -0.697477),
      ["RightUpperLeg"] = CFrame.new(-0.000005, -0.283938, -0.604433, 1.000000, -0.000000, 0.000000, 0.000000, 0.166841, 0.985984, -0.000000, -0.985984, 0.166841),
      ["рҹҢ§пёҸрҹҳірҹ‘»рҹҸіпёҸвҖҚрҹҢҲрҹҳӮрҹ’һрҹҸҙвҖҚвҳ пёҸрҹҺёрҹҢ§пёҸрҹҳірҹ‘»рҹҸіпёҸвҖҚрҹҢҲрҹҳӮрҹ’һрҹҸҙвҖҚвҳ"] = CFrame.new(-0.000000, 0.000000, 0.000000, 0.970790, -0.239930, 0.000000, 0.239930, 0.970790, 0.000000, 0.000000, 0.000000, 1.000000)
    }},
    { Time = 0.217, Data = {
      ["Head"] = CFrame.new(0.000000, -0.000000, -0.000000, 0.994452, -0.090696, 0.053287, 0.103918, 0.925646, -0.363840, -0.016326, 0.367359, 0.929936),
      ["LeftUpperArm"] = CFrame.new(0.069987, -0.923374, -0.627185, 0.854694, -0.288542, -0.431558, -0.517652, -0.536442, -0.666533, -0.039183, 0.793078, -0.607858),
      ["LeftUpperLeg"] = CFrame.new(-0.000005, -0.283804, -0.605037, 1.000000, -0.000000, 0.000000, 0.000000, 0.167287, 0.985908, -0.000000, -0.985908, 0.167287),
      ["LowerTorso"] = CFrame.new(0.000015, -1.699772, -1.749517, -1.000000, 0.000000, 0.000000, 0.000000, 0.995853, 0.090975, 0.000000, 0.090975, -0.995853),
      ["RightUpperArm"] = CFrame.new(-0.555017, -0.944793, -0.587701, 0.896367, 0.405444, 0.179278, 0.406458, -0.590208, -0.697457, -0.176969, 0.698047, -0.693839),
      ["RightUpperLeg"] = CFrame.new(-0.000005, -0.283822, -0.605021, 1.000000, -0.000000, 0.000000, 0.000000, 0.167287, 0.985908, -0.000000, -0.985908, 0.167287),
      ["рҹҢ§пёҸрҹҳірҹ‘»рҹҸіпёҸвҖҚрҹҢҲрҹҳӮрҹ’һрҹҸҙвҖҚвҳ пёҸрҹҺёрҹҢ§пёҸрҹҳірҹ‘»рҹҸіпёҸвҖҚрҹҢҲрҹҳӮрҹ’һрҹҸҙвҖҚвҳ"] = CFrame.new(-0.000000, 0.000000, 0.000000, 0.970476, -0.241196, 0.000000, 0.241196, 0.970476, 0.000000, 0.000000, 0.000000, 1.000000)
    }},
    { Time = 0.233, Data = {
      ["Head"] = CFrame.new(0.000000, -0.000000, -0.000000, 0.994452, -0.090673, 0.053327, 0.103925, 0.925324, -0.364657, -0.016281, 0.368175, 0.929614),
      ["LeftUpperArm"] = CFrame.new(0.070112, -0.923330, -0.627725, 0.854838, -0.288610, -0.431227, -0.517389, -0.537363, -0.665995, -0.039512, 0.792430, -0.608682),
      ["LeftUpperLeg"] = CFrame.new(-0.000005, -0.283681, -0.605664, 1.000000, -0.000000, 0.000000, 0.000000, 0.167844, 0.985814, -0.000000, -0.985814, 0.167844),
      ["LowerTorso"] = CFrame.new(0.000015, -1.699717, -1.750119, -1.000000, 0.000000, 0.000000, 0.000000, 0.995798, 0.091578, 0.000000, 0.091578, -0.995798),
      ["RightUpperArm"] = CFrame.new(-0.555372, -0.943947, -0.586784, 0.896601, 0.404093, 0.181152, 0.406063, -0.586989, -0.700398, -0.176692, 0.701536, -0.690382),
      ["RightUpperLeg"] = CFrame.new(-0.000005, -0.283699, -0.605647, 1.000000, -0.000000, 0.000000, 0.000000, 0.167844, 0.985814, -0.000000, -0.985814, 0.167844),
      ["рҹҢ§пёҸрҹҳірҹ‘»рҹҸіпёҸвҖҚрҹҢҲрҹҳӮрҹ’һрҹҸҙвҖҚвҳ пёҸрҹҺёрҹҢ§пёҸрҹҳірҹ‘»рҹҸіпёҸвҖҚрҹҢҲрҹҳӮрҹ’һрҹҸҙвҖҚвҳ"] = CFrame.new(-0.000000, 0.000000, 0.000000, 0.970182, -0.242378, 0.000000, 0.242378, 0.970182, 0.000000, 0.000000, 0.000000, 1.000000)
    }},
    { Time = 0.250, Data = {
      ["Head"] = CFrame.new(0.000000, -0.000000, -0.000000, 0.994449, -0.090633, 0.053452, 0.103948, 0.925002, -0.365468, -0.016320, 0.368996, 0.929288),
      ["LeftUpperArm"] = CFrame.new(0.070217, -0.923296, -0.628319, 0.854941, -0.288790, -0.430901, -0.517192, -0.538387, -0.665321, -0.039853, 0.791669, -0.609650),
      ["LeftUpperLeg"] = CFrame.new(-0.000005, -0.283550, -0.606328, 1.000000, -0.000000, 0.000000, 0.000000, 0.168289, 0.985738, -0.000000, -0.985738, 0.168289),
      ["LowerTorso"] = CFrame.new(0.000015, -1.699653, -1.750809, -1.000000, 0.000000, 0.000000, 0.000000, 0.995734, 0.092266, 0.000000, 0.092266, -0.995735),
      ["RightUpperArm"] = CFrame.new(-0.555735, -0.943141, -0.585906, 0.896872, 0.402715, 0.182871, 0.405583, -0.583926, -0.703230, -0.176418, 0.704877, -0.687042),
      ["RightUpperLeg"] = CFrame.new(-0.000005, -0.283568, -0.606312, 1.000000, -0.000000, 0.000000, 0.000000, 0.168289, 0.985738, -0.000000, -0.985738, 0.168289),
      ["рҹҢ§пёҸрҹҳірҹ‘»рҹҸіпёҸвҖҚрҹҢҲрҹҳӮрҹ’һрҹҸҙвҖҚвҳ пёҸрҹҺёрҹҢ§пёҸрҹҳірҹ‘»рҹҸіпёҸвҖҚрҹҢҲрҹҳӮрҹ’һрҹҸҙвҖҚвҳ"] = CFrame.new(-0.000000, 0.000000, 0.000000, 0.969907, -0.243475, 0.000000, 0.243475, 0.969907, 0.000000, 0.000000, 0.000000, 1.000000)
    }},
    { Time = 0.267, Data = {
      ["Head"] = CFrame.new(-0.000000, 0.000000, 0.000000, 0.994457, -0.090528, 0.053472, 0.103870, 0.924719, -0.366205, -0.016295, 0.369729, 0.928997),
      ["LeftUpperArm"] = CFrame.new(0.070354, -0.923237, -0.628917, 0.855085, -0.288879, -0.430556, -0.516926, -0.539378, -0.664725, -0.040208, 0.790962, -0.610543),
      ["LeftUpperLeg"] = CFrame.new(-0.000005, -0.283412, -0.607028, 1.000000, -0.000000, 0.000000, 0.000000, 0.168846, 0.985643, -0.000000, -0.985643, 0.168846),
      ["LowerTorso"] = CFrame.new(0.000015, -1.699589, -1.751496, -1.000000, 0.000000, 0.000000, 0.000000, 0.995670, 0.092954, 0.000000, 0.092954, -0.995670),
      ["RightUpperArm"] = CFrame.new(-0.556072, -0.942374, -0.585081, 0.897102, 0.401428, 0.184561, 0.405203, -0.581012, -0.705858, -0.176119, 0.708012, -0.683887),
      ["RightUpperLeg"] = CFrame.new(-0.000005, -0.283430, -0.607012, 1.000000, -0.000000, 0.000000, 0.000000, 0.168846, 0.985643, -0.000000, -0.985643, 0.168846),
      ["рҹҢ§пёҸрҹҳірҹ‘»рҹҸіпёҸвҖҚрҹҢҲрҹҳӮрҹ’һрҹҸҙвҖҚвҳ пёҸрҹҺёрҹҢ§пёҸрҹҳірҹ‘»рҹҸіпёҸвҖҚрҹҢҲрҹҳӮрҹ’һрҹҸҙвҖҚвҳ"] = CFrame.new(-0.000000, 0.000000, 0.000000, 0.969631, -0.244571, 0.000000, 0.244571, 0.969631, 0.000000, 0.000000, 0.000000, 1.000000)
    }},
    { Time = 0.283, Data = {
      ["Head"] = CFrame.new(-0.000000, -0.000000, -0.000000, 0.994457, -0.090506, 0.053508, 0.103876, 0.924427, -0.366939, -0.016254, 0.370463, 0.928705),
      ["LeftUpperArm"] = CFrame.new(0.070495, -0.923211, -0.629572, 0.855292, -0.288980, -0.430076, -0.516554, -0.540552, -0.664059, -0.040579, 0.790123, -0.611604),
      ["LeftUpperLeg"] = CFrame.new(-0.000005, -0.283268, -0.607762, 1.000000, -0.000000, 0.000000, 0.000000, 0.169402, 0.985547, -0.000000, -0.985547, 0.169402),
      ["LowerTorso"] = CFrame.new(0.000015, -1.699516, -1.752272, -1.000000, 0.000000, 0.000000, 0.000000, 0.995598, 0.093729, 0.000000, 0.093729, -0.995598),
      ["RightUpperArm"] = CFrame.new(-0.556380, -0.941630, -0.584299, 0.897292, 0.400260, 0.186167, 0.404881, -0.578181, -0.708364, -0.175892, 0.710985, -0.680855),
      ["RightUpperLeg"] = CFrame.new(-0.000005, -0.283286, -0.607746, 1.000000, -0.000000, 0.000000, 0.000000, 0.169402, 0.985547, -0.000000, -0.985547, 0.169402),
      ["рҹҢ§пёҸрҹҳірҹ‘»рҹҸіпёҸвҖҚрҹҢҲрҹҳӮрҹ’һрҹҸҙвҖҚвҳ пёҸрҹҺёрҹҢ§пёҸрҹҳірҹ‘»рҹҸіпёҸвҖҚрҹҢҲрҹҳӮрҹ’һрҹҸҙвҖҚвҳ"] = CFrame.new(-0.000000, 0.000000, 0.000000, 0.969376, -0.245583, 0.000000, 0.245583, 0.969376, 0.000000, 0.000000, 0.000000, 1.000000)
    }},
    { Time = 0.300, Data = {
      ["Head"] = CFrame.new(-0.000000, 0.000000, 0.000000, 0.994454, -0.090471, 0.053624, 0.103898, 0.924167, -0.367586, -0.016302, 0.371119, 0.928442),
      ["LeftUpperArm"] = CFrame.new(0.070637, -0.923160, -0.630240, 0.855436, -0.289110, -0.429703, -0.516284, -0.541685, -0.663346, -0.040984, 0.789299, -0.612640),
      ["LeftUpperLeg"] = CFrame.new(-0.000005, -0.283117, -0.608528, 1.000000, -0.000000, 0.000000, 0.000000, 0.170069, 0.985432, -0.000000, -0.985432, 0.170069),
      ["LowerTorso"] = CFrame.new(0.000015, -1.699443, -1.753044, -1.000000, 0.000000, 0.000000, 0.000000, 0.995525, 0.094503, 0.000000, 0.094503, -0.995525),
      ["RightUpperArm"] = CFrame.new(-0.556689, -0.940964, -0.583586, 0.897521, 0.399086, 0.187580, 0.404488, -0.575650, -0.710645, -0.175628, 0.713692, -0.678084),
      ["RightUpperLeg"] = CFrame.new(-0.000005, -0.283135, -0.608512, 1.000000, -0.000000, 0.000000, 0.000000, 0.170069, 0.985432, -0.000000, -0.985432, 0.170069),
      ["рҹҢ§пёҸрҹҳірҹ‘»рҹҸіпёҸвҖҚрҹҢҲрҹҳӮрҹ’һрҹҸҙвҖҚвҳ пёҸрҹҺёрҹҢ§пёҸрҹҳірҹ‘»рҹҸіпёҸвҖҚрҹҢҲрҹҳӮрҹ’һрҹҸҙвҖҚвҳ"] = CFrame.new(0.000000, 0.000000, 0.000000, 0.969140, -0.246511, 0.000000, 0.246511, 0.969140, 0.000000, 0.000000, 0.000000, 1.000000)
    }},
    { Time = 0.317, Data = {
      ["Head"] = CFrame.new(0.000000, 0.000000, -0.000000, 0.994454, -0.090455, 0.053652, 0.103903, 0.923940, -0.368157, -0.016270, 0.371690, 0.928214),
      ["LeftUpperArm"] = CFrame.new(0.070785, -0.923094, -0.630927, 0.855580, -0.289240, -0.429329, -0.516014, -0.542817, -0.662631, -0.041388, 0.788473, -0.613675),
      ["LeftUpperLeg"] = CFrame.new(-0.000005, -0.282960, -0.609323, 1.000000, -0.000000, 0.000000, 0.000000, 0.170625, 0.985336, -0.000000, -0.985336, 0.170625),
      ["LowerTorso"] = CFrame.new(0.000015, -1.699361, -1.753906, -1.000000, 0.000000, 0.000000, 0.000000, 0.995443, 0.095363, 0.000000, 0.095363, -0.995443),
      ["RightUpperArm"] = CFrame.new(-0.556975, -0.940322, -0.582911, 0.897709, 0.397997, 0.188986, 0.404187, -0.573209, -0.712787, -0.175359, 0.716261, -0.675440),
      ["RightUpperLeg"] = CFrame.new(-0.000005, -0.282978, -0.609307, 1.000000, -0.000000, 0.000000, 0.000000, 0.170625, 0.985336, -0.000000, -0.985336, 0.170625),
      ["рҹҢ§пёҸрҹҳірҹ‘»рҹҸіпёҸвҖҚрҹҢҲрҹҳӮрҹ’һрҹҸҙвҖҚвҳ пёҸрҹҺёрҹҢ§пёҸрҹҳірҹ‘»рҹҸіпёҸвҖҚрҹҢҲрҹҳӮрҹ’һрҹҸҙвҖҚвҳ"] = CFrame.new(-0.000000, 0.000000, 0.000000, 0.968904, -0.247438, 0.000000, 0.247438, 0.968904, 0.000000, 0.000000, 0.000000, 1.000000)
    }},
    { Time = 0.333, Data = {
      ["Head"] = CFrame.new(0.000000, -0.000000, -0.000000, 0.994451, -0.090422, 0.053764, 0.103924, 0.923712, -0.368723, -0.016322, 0.372265, 0.927983),
      ["LeftUpperArm"] = CFrame.new(0.070951, -0.923045, -0.631647, 0.855763, -0.289321, -0.428909, -0.515672, -0.544059, -0.661878, -0.041857, 0.787587, -0.614780),
      ["LeftUpperLeg"] = CFrame.new(-0.000005, -0.282798, -0.610146, 1.000000, -0.000000, 0.000000, 0.000000, 0.171292, 0.985220, -0.000000, -0.985220, 0.171292),
      ["LowerTorso"] = CFrame.new(0.000015, -1.699287, -1.754680, -1.000000, 0.000000, 0.000000, 0.000000, 0.995368, 0.096138, 0.000000, 0.096138, -0.995368),
      ["RightUpperArm"] = CFrame.new(-0.557218, -0.939721, -0.582299, 0.897859, 0.397074, 0.190213, 0.403915, -0.570926, -0.714770, -0.175219, 0.718593, -0.672995),
      ["RightUpperLeg"] = CFrame.new(-0.000005, -0.282816, -0.610130, 1.000000, -0.000000, 0.000000, 0.000000, 0.171292, 0.985220, -0.000000, -0.985220, 0.171292),
      ["рҹҢ§пёҸрҹҳірҹ‘»рҹҸіпёҸвҖҚрҹҢҲрҹҳӮрҹ’һрҹҸҙвҖҚвҳ пёҸрҹҺёрҹҢ§пёҸрҹҳірҹ‘»рҹҸіпёҸвҖҚрҹҢҲрҹҳӮрҹ’һрҹҸҙвҖҚвҳ"] = CFrame.new(-0.000000, 0.000000, 0.000000, 0.968710, -0.248197, 0.000000, 0.248197, 0.968710, 0.000000, 0.000000, 0.000000, 1.000000)
    }},
    { Time = 0.350, Data = {
      ["Head"] = CFrame.new(-0.000000, 0.000000, 0.000000, 0.994451, -0.090405, 0.053792, 0.103930, 0.923483, -0.369294, -0.016290, 0.372835, 0.927755),
      ["LeftUpperArm"] = CFrame.new(0.071101, -0.922993, -0.632396, 0.855907, -0.289492, -0.428507, -0.515396, -0.545331, -0.661045, -0.042311, 0.786644, -0.615955),
      ["LeftUpperLeg"] = CFrame.new(-0.000005, -0.282631, -0.610994, 1.000000, -0.000000, 0.000000, 0.000000, 0.171959, 0.985104, -0.000000, -0.985104, 0.171959),
      ["LowerTorso"] = CFrame.new(0.000015, -1.699203, -1.755541, -1.000000, 0.000000, 0.000000, 0.000000, 0.995285, 0.096998, 0.000000, 0.096998, -0.995285),
      ["RightUpperArm"] = CFrame.new(-0.557474, -0.939184, -0.581731, 0.898047, 0.396103, 0.191346, 0.403598, -0.568883, -0.716576, -0.174985, 0.720746, -0.670751),
      ["RightUpperLeg"] = CFrame.new(-0.000005, -0.282649, -0.610978, 1.000000, -0.000000, 0.000000, 0.000000, 0.171959, 0.985104, -0.000000, -0.985104, 0.171959),
      ["рҹҢ§пёҸрҹҳірҹ‘»рҹҸіпёҸвҖҚрҹҢҲрҹҳӮрҹ’һрҹҸҙвҖҚвҳ пёҸрҹҺёрҹҢ§пёҸрҹҳірҹ‘»рҹҸіпёҸвҖҚрҹҢҲрҹҳӮрҹ’һрҹҸҙвҖҚвҳ"] = CFrame.new(-0.000000, 0.000000, 0.000000, 0.968515, -0.248955, 0.000000, 0.248955, 0.968515, 0.000000, 0.000000, 0.000000, 1.000000)
    }},
    { Time = 0.367, Data = {
      ["Head"] = CFrame.new(-0.000000, 0.000000, 0.000000, 0.994451, -0.090393, 0.053812, 0.103933, 0.923320, -0.369701, -0.016267, 0.373242, 0.927591),
      ["LeftUpperArm"] = CFrame.new(0.071263, -0.922940, -0.633163, 0.856113, -0.289632, -0.427999, -0.515018, -0.546641, -0.660257, -0.042730, 0.785683, -0.617152),
      ["LeftUpperLeg"] = CFrame.new(-0.000005, -0.282460, -0.611865, 1.000000, -0.000000, 0.000000, 0.000000, 0.172625, 0.984988, -0.000000, -0.984988, 0.172625),
      ["LowerTorso"] = CFrame.new(0.000015, -1.699111, -1.756486, -1.000000, 0.000000, 0.000000, 0.000000, 0.995192, 0.097944, 0.000000, 0.097944, -0.995192),
      ["RightUpperArm"] = CFrame.new(-0.557676, -0.938680, -0.581224, 0.898158, 0.395336, 0.192411, 0.403416, -0.566966, -0.718196, -0.174838, 0.722675, -0.668710),
      ["RightUpperLeg"] = CFrame.new(-0.000005, -0.282478, -0.611849, 1.000000, -0.000000, 0.000000, 0.000000, 0.172625, 0.984988, -0.000000, -0.984988, 0.172625),
      ["рҹҢ§пёҸрҹҳірҹ‘»рҹҸіпёҸвҖҚрҹҢҲрҹҳӮрҹ’һрҹҸҙвҖҚвҳ пёҸрҹҺёрҹҢ§пёҸрҹҳірҹ‘»рҹҸіпёҸвҖҚрҹҢҲрҹҳӮрҹ’һрҹҸҙвҖҚвҳ"] = CFrame.new(0.000000, 0.000000, 0.000000, 0.968342, -0.249629, 0.000000, 0.249629, 0.968342, 0.000000, 0.000000, 0.000000, 1.000000)
    }},
    { Time = 0.383, Data = {
      ["Head"] = CFrame.new(0.000000, -0.000000, 0.000000, 0.994451, -0.090382, 0.053832, 0.103937, 0.923156, -0.370108, -0.016244, 0.373650, 0.927428),
      ["LeftUpperArm"] = CFrame.new(0.071441, -0.922877, -0.633940, 0.856297, -0.289732, -0.427565, -0.514673, -0.547949, -0.659442, -0.043222, 0.784734, -0.618324),
      ["LeftUpperLeg"] = CFrame.new(-0.000005, -0.282284, -0.612757, 1.000000, -0.000000, 0.000000, 0.000000, 0.173402, 0.984851, -0.000000, -0.984851, 0.173402),
      ["LowerTorso"] = CFrame.new(0.000015, -1.699026, -1.757347, -1.000000, 0.000000, 0.000000, 0.000000, 0.995107, 0.098804, 0.000000, 0.098804, -0.995107),
      ["RightUpperArm"] = CFrame.new(-0.557880, -0.938239, -0.580768, 0.898307, 0.394559, 0.193307, 0.403154, -0.565292, -0.719661, -0.174674, 0.724409, -0.666874),
      ["RightUpperLeg"] = CFrame.new(-0.000005, -0.282302, -0.612741, 1.000000, -0.000000, 0.000000, 0.000000, 0.173402, 0.984851, -0.000000, -0.984851, 0.173402),
      ["рҹҢ§пёҸрҹҳірҹ‘»рҹҸіпёҸвҖҚрҹҢҲрҹҳӮрҹ’һрҹҸҙвҖҚвҳ пёҸрҹҺёрҹҢ§пёҸрҹҳірҹ‘»рҹҸіпёҸвҖҚрҹҢҲрҹҳӮрҹ’һрҹҸҙвҖҚвҳ"] = CFrame.new(-0.000000, 0.000000, 0.000000, 0.968189, -0.250219, 0.000000, 0.250219, 0.968189, 0.000000, 0.000000, 0.000000, 1.000000)
    }},
    { Time = 0.400, Data = {
      ["Head"] = CFrame.new(0.000000, 0.000000, -0.000000, 0.994457, -0.090269, 0.053920, 0.103872, 0.923001, -0.370513, -0.016323, 0.374060, 0.927261),
      ["LeftUpperArm"] = CFrame.new(0.071607, -0.922824, -0.634746, 0.856503, -0.289891, -0.427043, -0.514292, -0.549327, -0.658593, -0.043666, 0.783711, -0.619589),
      ["LeftUpperLeg"] = CFrame.new(-0.000005, -0.282105, -0.613667, 1.000000, -0.000000, 0.000000, 0.000000, 0.174068, 0.984734, -0.000000, -0.984734, 0.174068),
      ["LowerTorso"] = CFrame.new(0.000015, -1.698931, -1.758291, -1.000000, 0.000000, 0.000000, 0.000000, 0.995013, 0.099750, 0.000000, 0.099750, -0.995013),
      ["RightUpperArm"] = CFrame.new(-0.558046, -0.937862, -0.580384, 0.898418, 0.393924, 0.194083, 0.402964, -0.563858, -0.720892, -0.174542, 0.725871, -0.665317),
      ["RightUpperLeg"] = CFrame.new(-0.000005, -0.282123, -0.613651, 1.000000, -0.000000, 0.000000, 0.000000, 0.174068, 0.984734, -0.000000, -0.984734, 0.174068),
      ["рҹҢ§пёҸрҹҳірҹ‘»рҹҸіпёҸвҖҚрҹҢҲрҹҳӮрҹ’һрҹҸҙвҖҚвҳ пёҸрҹҺёрҹҢ§пёҸрҹҳірҹ‘»рҹҸіпёҸвҖҚрҹҢҲрҹҳӮрҹ’һрҹҸҙвҖҚвҳ"] = CFrame.new(-0.000000, 0.000000, 0.000000, 0.968058, -0.250724, 0.000000, 0.250724, 0.968058, 0.000000, 0.000000, 0.000000, 1.000000)
    }},
    { Time = 0.417, Data = {
      ["Head"] = CFrame.new(0.000000, 0.000000, 0.000000, 0.994457, -0.090262, 0.053932, 0.103874, 0.922902, -0.370758, -0.016309, 0.374305, 0.927162),
      ["LeftUpperArm"] = CFrame.new(0.071788, -0.922764, -0.635558, 0.856686, -0.290011, -0.426594, -0.513943, -0.550702, -0.657716, -0.044181, 0.782701, -0.620828),
      ["LeftUpperLeg"] = CFrame.new(-0.000005, -0.281923, -0.614592, 1.000000, -0.000000, 0.000000, 0.000000, 0.174845, 0.984596, -0.000000, -0.984596, 0.174845),
      ["LowerTorso"] = CFrame.new(0.000015, -1.698836, -1.759237, -1.000000, 0.000000, 0.000000, 0.000000, 0.994917, 0.100696, 0.000000, 0.100696, -0.994917),
      ["RightUpperArm"] = CFrame.new(-0.558188, -0.937529, -0.580049, 0.898490, 0.393388, 0.194835, 0.402870, -0.562592, -0.721932, -0.174387, 0.727142, -0.663968),
      ["RightUpperLeg"] = CFrame.new(-0.000005, -0.281941, -0.614576, 1.000000, -0.000000, 0.000000, 0.000000, 0.174845, 0.984596, -0.000000, -0.984596, 0.174845),
      ["рҹҢ§пёҸрҹҳірҹ‘»рҹҸіпёҸвҖҚрҹҢҲрҹҳӮрҹ’һрҹҸҙвҖҚвҳ пёҸрҹҺёрҹҢ§пёҸрҹҳірҹ‘»рҹҸіпёҸвҖҚрҹҢҲрҹҳӮрҹ’һрҹҸҙвҖҚвҳ"] = CFrame.new(0.000000, 0.000000, 0.000000, 0.967949, -0.251146, 0.000000, 0.251146, 0.967949, 0.000000, 0.000000, 0.000000, 1.000000)
    }},
    { Time = 0.433, Data = {
      ["Head"] = CFrame.new(-0.000000, 0.000000, 0.000000, 0.994457, -0.090252, 0.053948, 0.103877, 0.922771, -0.371084, -0.016291, 0.374631, 0.927031),
      ["LeftUpperArm"] = CFrame.new(0.071971, -0.922696, -0.636378, 0.856869, -0.290130, -0.426146, -0.513593, -0.552075, -0.656837, -0.044696, 0.781689, -0.622065),
      ["LeftUpperLeg"] = CFrame.new(-0.000005, -0.281739, -0.615531, 1.000000, -0.000000, 0.000000, 0.000000, 0.175510, 0.984478, -0.000000, -0.984478, 0.175510),
      ["LowerTorso"] = CFrame.new(0.000015, -1.698740, -1.760183, -1.000000, 0.000000, 0.000000, 0.000000, 0.994821, 0.101642, 0.000000, 0.101642, -0.994821),
      ["RightUpperArm"] = CFrame.new(-0.558319, -0.937281, -0.579787, 0.898603, 0.392889, 0.195323, 0.402670, -0.561647, -0.722780, -0.174270, 0.728143, -0.662902),
      ["RightUpperLeg"] = CFrame.new(-0.000005, -0.281757, -0.615515, 1.000000, -0.000000, 0.000000, 0.000000, 0.175510, 0.984478, -0.000000, -0.984478, 0.175510),
      ["рҹҢ§пёҸрҹҳірҹ‘»рҹҸіпёҸвҖҚрҹҢҲрҹҳӮрҹ’һрҹҸҙвҖҚвҳ пёҸрҹҺёрҹҢ§пёҸрҹҳірҹ‘»рҹҸіпёҸвҖҚрҹҢҲрҹҳӮрҹ’һрҹҸҙвҖҚвҳ"] = CFrame.new(0.000000, 0.000000, 0.000000, 0.967840, -0.251567, 0.000000, 0.251567, 0.967840, 0.000000, 0.000000, 0.000000, 1.000000)
    }},
    { Time = 0.450, Data = {
      ["Head"] = CFrame.new(0.000000, -0.000000, -0.000000, 0.994457, -0.090247, 0.053956, 0.103879, 0.922705, -0.371247, -0.016281, 0.374793, 0.926965),
      ["LeftUpperArm"] = CFrame.new(0.072147, -0.922624, -0.637211, 0.857075, -0.290287, -0.425625, -0.513211, -0.553446, -0.655982, -0.045137, 0.780661, -0.623323),
      ["LeftUpperLeg"] = CFrame.new(-0.000005, -0.281552, -0.616480, 1.000000, -0.000000, 0.000000, 0.000000, 0.176286, 0.984339, -0.000000, -0.984339, 0.176286),
      ["LowerTorso"] = CFrame.new(0.000015, -1.698634, -1.761215, -1.000000, 0.000000, 0.000000, 0.000000, 0.994715, 0.102674, 0.000000, 0.102674, -0.994715),
      ["RightUpperArm"] = CFrame.new(-0.558398, -0.937048, -0.579564, 0.898639, 0.392587, 0.195765, 0.402594, -0.560763, -0.723508, -0.174262, 0.728986, -0.661976),
      ["RightUpperLeg"] = CFrame.new(-0.000005, -0.281570, -0.616464, 1.000000, -0.000000, 0.000000, 0.000000, 0.176286, 0.984339, -0.000000, -0.984339, 0.176286),
      ["рҹҢ§пёҸрҹҳірҹ‘»рҹҸіпёҸвҖҚрҹҢҲрҹҳӮрҹ’һрҹҸҙвҖҚвҳ пёҸрҹҺёрҹҢ§пёҸрҹҳірҹ‘»рҹҸіпёҸвҖҚрҹҢҲрҹҳӮрҹ’һрҹҸҙвҖҚвҳ"] = CFrame.new(-0.000000, 0.000000, 0.000000, 0.967774, -0.251819, 0.000000, 0.251819, 0.967774, 0.000000, 0.000000, 0.000000, 1.000000)
    }},
    { Time = 0.467, Data = {
      ["Head"] = CFrame.new(0.000000, 0.000000, 0.000000, 0.994457, -0.090243, 0.053964, 0.103880, 0.922640, -0.371409, -0.016272, 0.374956, 0.926900),
      ["LeftUpperArm"] = CFrame.new(0.072330, -0.922566, -0.638057, 0.857257, -0.290425, -0.425162, -0.512858, -0.554886, -0.655041, -0.045676, 0.779587, -0.624627),
      ["LeftUpperLeg"] = CFrame.new(-0.000005, -0.281363, -0.617437, 1.000000, -0.000000, 0.000000, 0.000000, 0.177061, 0.984200, -0.000000, -0.984200, 0.177061),
      ["LowerTorso"] = CFrame.new(0.000015, -1.698536, -1.762160, -1.000000, 0.000000, 0.000000, 0.000000, 0.994617, 0.103619, 0.000000, 0.103619, -0.994617),
      ["RightUpperArm"] = CFrame.new(-0.558466, -0.936909, -0.579422, 0.898674, 0.392332, 0.196112, 0.402560, -0.560234, -0.723936, -0.174155, 0.729530, -0.661405),
      ["RightUpperLeg"] = CFrame.new(-0.000005, -0.281381, -0.617421, 1.000000, -0.000000, 0.000000, 0.000000, 0.177061, 0.984200, -0.000000, -0.984200, 0.177061),
      ["рҹҢ§пёҸрҹҳірҹ‘»рҹҸіпёҸвҖҚрҹҢҲрҹҳӮрҹ’һрҹҸҙвҖҚвҳ пёҸрҹҺёрҹҢ§пёҸрҹҳірҹ‘»рҹҸіпёҸвҖҚрҹҢҲрҹҳӮрҹ’һрҹҸҙвҖҚвҳ"] = CFrame.new(0.000000, 0.000000, 0.000000, 0.967708, -0.252072, 0.000000, 0.252072, 0.967708, 0.000000, 0.000000, 0.000000, 1.000000)
    }},
    { Time = 0.483, Data = {
      ["Head"] = CFrame.new(0.000000, -0.000000, 0.000000, 0.994457, -0.090240, 0.053968, 0.103881, 0.922607, -0.371491, -0.016268, 0.375038, 0.926867),
      ["LeftUpperArm"] = CFrame.new(0.072509, -0.922486, -0.638898, 0.857463, -0.290580, -0.424641, -0.512475, -0.556252, -0.654182, -0.046115, 0.778555, -0.625880),
      ["LeftUpperLeg"] = CFrame.new(-0.000005, -0.281174, -0.618400, 1.000000, -0.000000, 0.000000, 0.000000, 0.177836, 0.984060, -0.000000, -0.984060, 0.177836),
      ["LowerTorso"] = CFrame.new(0.000015, -1.698437, -1.763106, -1.000000, 0.000000, 0.000000, 0.000000, 0.994518, 0.104565, 0.000000, 0.104565, -0.994518),
      ["RightUpperArm"] = CFrame.new(-0.558509, -0.936807, -0.579320, 0.898712, 0.392168, 0.196268, 0.402473, -0.559847, -0.724284, -0.174161, 0.729915, -0.660978),
      ["RightUpperLeg"] = CFrame.new(-0.000005, -0.281192, -0.618383, 1.000000, -0.000000, 0.000000, 0.000000, 0.177836, 0.984060, -0.000000, -0.984060, 0.177836),
      ["рҹҢ§пёҸрҹҳірҹ‘»рҹҸіпёҸвҖҚрҹҢҲрҹҳӮрҹ’һрҹҸҙвҖҚвҳ пёҸрҹҺёрҹҢ§пёҸрҹҳірҹ‘»рҹҸіпёҸвҖҚрҹҢҲрҹҳӮрҹ’һрҹҸҙвҖҚвҳ"] = CFrame.new(0.000000, 0.000000, 0.000000, 0.967687, -0.252156, 0.000000, 0.252156, 0.967687, 0.000000, 0.000000, 0.000000, 1.000000)
    }},
    { Time = 0.500, Data = {
      ["Head"] = CFrame.new(0.000000, -0.000000, 0.000000, 0.994457, -0.090240, 0.053968, 0.103881, 0.922607, -0.371491, -0.016268, 0.375038, 0.926867),
      ["LeftUpperArm"] = CFrame.new(0.072694, -0.922423, -0.639751, 0.857645, -0.290717, -0.424179, -0.512121, -0.557686, -0.653237, -0.046652, 0.777477, -0.627179),
      ["LeftUpperLeg"] = CFrame.new(-0.000005, -0.280984, -0.619364, 1.000000, -0.000000, 0.000000, 0.000000, 0.178611, 0.983920, -0.000000, -0.983920, 0.178611),
      ["LowerTorso"] = CFrame.new(0.000015, -1.698328, -1.764139, -1.000000, 0.000000, 0.000000, 0.000000, 0.994409, 0.105597, 0.000000, 0.105597, -0.994409),
      ["RightUpperArm"] = CFrame.new(-0.558521, -0.936788, -0.579299, 0.898711, 0.392123, 0.196363, 0.402500, -0.559776, -0.724324, -0.174104, 0.729994, -0.660906),
      ["RightUpperLeg"] = CFrame.new(-0.000005, -0.281002, -0.619348, 1.000000, -0.000000, 0.000000, 0.000000, 0.178611, 0.983920, -0.000000, -0.983920, 0.178611),
      ["рҹҢ§пёҸрҹҳірҹ‘»рҹҸіпёҸвҖҚрҹҢҲрҹҳӮрҹ’һрҹҸҙвҖҚвҳ пёҸрҹҺёрҹҢ§пёҸрҹҳірҹ‘»рҹҸіпёҸвҖҚрҹҢҲрҹҳӮрҹ’һрҹҸҙвҖҚвҳ"] = CFrame.new(-0.000000, 0.000000, 0.000000, 0.967687, -0.252156, 0.000000, 0.252156, 0.967687, 0.000000, 0.000000, 0.000000, 1.000000)
    }},
    { Time = 0.517, Data = {
      ["Head"] = CFrame.new(0.000000, -0.000000, 0.000000, 0.994457, -0.090240, 0.053968, 0.103881, 0.922607, -0.371491, -0.016268, 0.375038, 0.926867),
      ["LeftUpperArm"] = CFrame.new(0.072870, -0.922359, -0.640608, 0.857851, -0.290891, -0.423644, -0.511734, -0.559118, -0.652315, -0.047115, 0.776382, -0.628499),
      ["LeftUpperLeg"] = CFrame.new(-0.000005, -0.280794, -0.620329, 1.000000, -0.000000, 0.000000, 0.000000, 0.179385, 0.983779, -0.000000, -0.983779, 0.179385),
      ["LowerTorso"] = CFrame.new(0.000015, -1.698227, -1.765084, -1.000000, 0.000000, 0.000000, 0.000000, 0.994308, 0.106542, 0.000000, 0.106542, -0.994308),
      ["RightUpperArm"] = CFrame.new(-0.558509, -0.936807, -0.579320, 0.898712, 0.392168, 0.196268, 0.402473, -0.559847, -0.724284, -0.174161, 0.729915, -0.660978),
      ["RightUpperLeg"] = CFrame.new(-0.000005, -0.280812, -0.620313, 1.000000, -0.000000, 0.000000, 0.000000, 0.179385, 0.983779, -0.000000, -0.983779, 0.179385),
