return {
  ["Astros lay hump 2"] = {
    { Time = 0.000, Data = {
      ["Balls"] = CFrame.new(-0.000000, 0.000000, 0.000000, 0.991381, -0.131013, 0.000000, 0.131013, 0.991381, 0.000000, 0.000000, 0.000000, 1.000000),
      ["Cock"] = CFrame.new(-0.005917, -0.089969, -0.000000, 0.402854, 0.915264, 0.000000, -0.915264, 0.402854, -0.000000, -0.000000, 0.000000, 1.000000),
      ["Head"] = CFrame.new(-0.000738, 0.166295, -0.173927, 0.932761, -0.032799, -0.358999, 0.218108, 0.844250, 0.489563, 0.287028, -0.534946, 0.794637),
      ["LeftUpperArm"] = CFrame.new(-0.106888, -0.348306, 0.231134, 0.636594, -0.769332, 0.053636, -0.767401, -0.638819, -0.054824, 0.076442, -0.006260, -0.997054),
      ["LeftUpperLeg"] = CFrame.new(-0.002715, -0.042812, -0.029577, 0.994570, 0.083307, 0.062374, -0.085624, 0.995697, 0.035435, -0.059153, -0.040584, 0.997424),
      ["LowerTorso"] = CFrame.new(-0.000001, -1.577192, -0.635779, 1.000000, 0.000000, 0.000000, 0.000000, 0.065662, -0.997842, 0.000000, 0.997842, 0.065662),
      ["RightUpperArm"] = CFrame.new(0.193164, -0.054385, 0.214800, 0.911951, -0.315797, 0.261949, 0.396330, 0.512842, -0.761522, 0.106148, 0.798289, 0.592846),
      ["RightUpperLeg"] = CFrame.new(0.002716, -0.042812, -0.029577, 0.994570, -0.083307, -0.062374, 0.085624, 0.995697, 0.035435, 0.059153, -0.040584, 0.997424)
    }},
    { Time = 0.017, Data = {
      ["Balls"] = CFrame.new(-0.000000, 0.000000, 0.000000, 0.991369, -0.131098, 0.000000, 0.131098, 0.991369, 0.000000, 0.000000, 0.000000, 1.000000),
      ["Cock"] = CFrame.new(-0.005917, -0.089969, -0.000000, 0.403420, 0.915015, 0.000000, -0.915015, 0.403420, -0.000000, -0.000000, 0.000000, 1.000000),
      ["Head"] = CFrame.new(-0.000738, 0.166295, -0.173927, 0.932761, -0.032799, -0.358999, 0.218108, 0.844250, 0.489563, 0.287028, -0.534946, 0.794637),
      ["LeftUpperArm"] = CFrame.new(-0.106888, -0.348264, 0.231200, 0.636594, -0.769334, 0.053600, -0.767398, -0.638817, -0.054902, 0.076479, -0.006182, -0.997052),
      ["LeftUpperLeg"] = CFrame.new(-0.002715, -0.042782, -0.029572, 0.994570, 0.083302, 0.062381, -0.085629, 0.995691, 0.035608, -0.059146, -0.040756, 0.997417),
      ["LowerTorso"] = CFrame.new(-0.000001, -1.577118, -0.635824, 1.000000, 0.000000, 0.000000, 0.000000, 0.065662, -0.997842, 0.000000, 0.997842, 0.065662),
      ["RightUpperArm"] = CFrame.new(0.193161, -0.054365, 0.214785, 0.911951, -0.315810, 0.261933, 0.396335, 0.512919, -0.761467, 0.106128, 0.798234, 0.592924),
      ["RightUpperLeg"] = CFrame.new(0.002716, -0.042782, -0.029572, 0.994570, -0.083302, -0.062381, 0.085629, 0.995691, 0.035608, 0.059146, -0.040756, 0.997417)
    }},
    { Time = 0.033, Data = {
      ["Balls"] = CFrame.new(-0.000000, 0.000000, 0.000000, 0.991324, -0.131441, 0.000000, 0.131441, 0.991324, 0.000000, 0.000000, 0.000000, 1.000000),
      ["Cock"] = CFrame.new(-0.005917, -0.089969, -0.000000, 0.405022, 0.914307, 0.000000, -0.914307, 0.405022, -0.000000, -0.000000, 0.000000, 1.000000),
      ["Head"] = CFrame.new(-0.000738, 0.166295, -0.173926, 0.932761, -0.032815, -0.358998, 0.218095, 0.844296, 0.489488, 0.287038, -0.534871, 0.794684),
      ["LeftUpperArm"] = CFrame.new(-0.106889, -0.348139, 0.231368, 0.636588, -0.769339, 0.053604, -0.767388, -0.638812, -0.055095, 0.076630, -0.006062, -0.997042),
      ["LeftUpperLeg"] = CFrame.new(-0.002712, -0.042688, -0.029519, 0.994575, 0.083293, 0.062309, -0.085637, 0.995677, 0.035956, -0.059045, -0.041097, 0.997409),
      ["LowerTorso"] = CFrame.new(-0.000001, -1.576657, -0.635975, 1.000000, 0.000000, 0.000000, 0.000000, 0.065426, -0.997857, 0.000000, 0.997857, 0.065426),
      ["RightUpperArm"] = CFrame.new(0.193176, -0.054335, 0.214772, 0.911987, -0.315752, 0.261880, 0.396270, 0.513032, -0.761425, 0.106069, 0.798185, 0.593001),
      ["RightUpperLeg"] = CFrame.new(0.002714, -0.042688, -0.029519, 0.994575, -0.083293, -0.062309, 0.085637, 0.995677, 0.035956, 0.059045, -0.041097, 0.997409)
    }},
    { Time = 0.050, Data = {
      ["Balls"] = CFrame.new(0.000000, 0.000000, 0.000000, 0.991267, -0.131870, 0.000000, 0.131870, 0.991267, 0.000000, 0.000000, 0.000000, 1.000000),
      ["Cock"] = CFrame.new(-0.005917, -0.089969, -0.000000, 0.407749, 0.913094, 0.000000, -0.913094, 0.407749, -0.000000, -0.000000, 0.000000, 1.000000),
      ["Head"] = CFrame.new(-0.000738, 0.166295, -0.173926, 0.932761, -0.032831, -0.358996, 0.218082, 0.844343, 0.489413, 0.287048, -0.534796, 0.794731),
      ["LeftUpperArm"] = CFrame.new(-0.106892, -0.347934, 0.231648, 0.636581, -0.769346, 0.053572, -0.767374, -0.638805, -0.055366, 0.076818, -0.005865, -0.997028),
      ["LeftUpperLeg"] = CFrame.new(-0.002712, -0.042534, -0.029499, 0.994575, 0.083271, 0.062338, -0.085658, 0.995650, 0.036645, -0.059015, -0.041786, 0.997382),
      ["LowerTorso"] = CFrame.new(-0.000001, -1.576046, -0.636216, 1.000000, 0.000000, 0.000000, 0.000000, 0.065190, -0.997873, 0.000000, 0.997873, 0.065190),
      ["RightUpperArm"] = CFrame.new(0.193203, -0.054255, 0.214732, 0.912057, -0.315649, 0.261757, 0.396144, 0.513335, -0.761286, 0.105930, 0.798030, 0.593234),
      ["RightUpperLeg"] = CFrame.new(0.002714, -0.042535, -0.029499, 0.994575, -0.083271, -0.062338, 0.085658, 0.995650, 0.036645, 0.059015, -0.041786, 0.997382)
    }},
    { Time = 0.067, Data = {
      ["Balls"] = CFrame.new(-0.000000, -0.000000, 0.000000, 0.991175, -0.132556, 0.000000, 0.132556, 0.991175, 0.000000, 0.000000, 0.000000, 1.000000),
      ["Cock"] = CFrame.new(-0.005917, -0.089969, -0.000000, 0.411501, 0.911409, 0.000000, -0.911409, 0.411501, -0.000000, -0.000000, 0.000000, 1.000000),
      ["Head"] = CFrame.new(-0.000738, 0.166295, -0.173925, 0.932761, -0.032831, -0.358996, 0.218082, 0.844343, 0.489413, 0.287048, -0.534796, 0.794731),
      ["LeftUpperArm"] = CFrame.new(-0.106878, -0.347664, 0.232031, 0.636642, -0.769296, 0.053584, -0.767294, -0.638869, -0.055749, 0.077120, -0.005622, -0.997006),
      ["LeftUpperLeg"] = CFrame.new(-0.002712, -0.042319, -0.029472, 0.994575, 0.083241, 0.062377, -0.085686, 0.995613, 0.037593, -0.058974, -0.042734, 0.997344),
      ["LowerTorso"] = CFrame.new(-0.000001, -1.575051, -0.636562, 1.000000, 0.000000, 0.000000, 0.000000, 0.064718, -0.997904, 0.000000, 0.997904, 0.064718),
      ["RightUpperArm"] = CFrame.new(0.193237, -0.054155, 0.214681, 0.912120, -0.315520, 0.261694, 0.396061, 0.513716, -0.761073, 0.105698, 0.797837, 0.593536),
      ["RightUpperLeg"] = CFrame.new(0.002714, -0.042320, -0.029472, 0.994575, -0.083241, -0.062377, 0.085686, 0.995613, 0.037593, 0.058974, -0.042734, 0.997344)
    }},
    { Time = 0.083, Data = {
      ["Balls"] = CFrame.new(-0.000000, 0.000000, 0.000000, 0.991060, -0.133414, 0.000000, 0.133414, 0.991060, 0.000000, 0.000000, 0.000000, 1.000000),
      ["Cock"] = CFrame.new(-0.005917, -0.089969, -0.000000, 0.416268, 0.909242, 0.000000, -0.909242, 0.416268, -0.000000, -0.000000, 0.000000, 1.000000),
      ["Head"] = CFrame.new(-0.000738, 0.166294, -0.173925, 0.932761, -0.032864, -0.358993, 0.218056, 0.844437, 0.489263, 0.287068, -0.534646, 0.794824),
      ["LeftUpperArm"] = CFrame.new(-0.106881, -0.347293, 0.232515, 0.636624, -0.769307, 0.053634, -0.767267, -0.638857, -0.056249, 0.077537, -0.005342, -0.996975),
      ["LeftUpperLeg"] = CFrame.new(-0.002713, -0.042083, -0.029396, 0.994573, 0.083294, 0.062340, -0.085803, 0.995560, 0.038714, -0.058838, -0.043853, 0.997304),
      ["LowerTorso"] = CFrame.new(-0.000001, -1.573905, -0.636999, 1.000000, 0.000000, 0.000000, 0.000000, 0.064245, -0.997934, 0.000000, 0.997934, 0.064245),
      ["RightUpperArm"] = CFrame.new(0.193297, -0.054036, 0.214628, 0.912262, -0.315289, 0.261480, 0.395799, 0.514167, -0.760904, 0.105460, 0.797637, 0.593846),
      ["RightUpperLeg"] = CFrame.new(0.002715, -0.042084, -0.029396, 0.994573, -0.083294, -0.062340, 0.085803, 0.995560, 0.038714, 0.058838, -0.043853, 0.997304)
    }},
    { Time = 0.100, Data = {
      ["Balls"] = CFrame.new(-0.000000, 0.000000, 0.000000, 0.990910, -0.134528, 0.000000, 0.134528, 0.990910, 0.000000, 0.000000, 0.000000, 1.000000),
      ["Cock"] = CFrame.new(-0.005917, -0.089969, -0.000000, 0.422222, 0.906492, 0.000000, -0.906492, 0.422222, -0.000000, -0.000000, 0.000000, 1.000000),
      ["Head"] = CFrame.new(-0.000738, 0.166294, -0.173924, 0.932761, -0.032881, -0.358992, 0.218043, 0.844483, 0.489188, 0.287078, -0.534571, 0.794871),
      ["LeftUpperArm"] = CFrame.new(-0.106886, -0.346839, 0.233131, 0.636605, -0.769324, 0.053611, -0.767233, -0.638839, -0.056905, 0.078027, -0.004906, -0.996939),
      ["LeftUpperLeg"] = CFrame.new(-0.002711, -0.041743, -0.029311, 0.994578, 0.083250, 0.062315, -0.085845, 0.995498, 0.040182, -0.058689, -0.045314, 0.997247),
      ["LowerTorso"] = CFrame.new(-0.000001, -1.572491, -0.637534, 1.000000, 0.000000, 0.000000, 0.000000, 0.063655, -0.997972, 0.000000, 0.997972, 0.063655),
      ["RightUpperArm"] = CFrame.new(0.193362, -0.053877, 0.214551, 0.912395, -0.315044, 0.261309, 0.395585, 0.514772, -0.760606, 0.105109, 0.797344, 0.594302),
      ["RightUpperLeg"] = CFrame.new(0.002712, -0.041744, -0.029311, 0.994578, -0.083250, -0.062315, 0.085845, 0.995498, 0.040182, 0.058689, -0.045314, 0.997247)
    }},
    { Time = 0.117, Data = {
      ["Balls"] = CFrame.new(0.000000, 0.000000, 0.000000, 0.990746, -0.135728, 0.000000, 0.135728, 0.990746, 0.000000, 0.000000, 0.000000, 1.000000),
      ["Cock"] = CFrame.new(-0.005917, -0.089969, -0.000000, 0.429068, 0.903272, 0.000000, -0.903272, 0.429068, -0.000000, -0.000000, 0.000000, 1.000000),
      ["Head"] = CFrame.new(-0.000738, 0.166294, -0.173924, 0.932743, -0.032808, -0.359045, 0.217958, 0.844588, 0.489045, 0.287201, -0.534410, 0.794935),
      ["LeftUpperArm"] = CFrame.new(-0.106891, -0.346302, 0.233850, 0.636580, -0.769344, 0.053629, -0.767192, -0.638819, -0.057676, 0.078632, -0.004428, -0.996894),
      ["LeftUpperLeg"] = CFrame.new(-0.002712, -0.041385, -0.029218, 0.994576, 0.083284, 0.062302, -0.085980, 0.995415, 0.041906, -0.058527, -0.047035, 0.997177),
      ["LowerTorso"] = CFrame.new(-0.000001, -1.570809, -0.638165, 1.000000, 0.000000, 0.000000, 0.000000, 0.062946, -0.998017, 0.000000, 0.998017, 0.062946),
      ["RightUpperArm"] = CFrame.new(0.193423, -0.053698, 0.214459, 0.912528, -0.314811, 0.261124, 0.395375, 0.515455, -0.760253, 0.104739, 0.796995, 0.594836),
      ["RightUpperLeg"] = CFrame.new(0.002713, -0.041386, -0.029218, 0.994576, -0.083284, -0.062302, 0.085980, 0.995415, 0.041906, 0.058527, -0.047035, 0.997177)
    }},
    { Time = 0.133, Data = {
      ["Balls"] = CFrame.new(0.000000, 0.000000, 0.000000, 0.990545, -0.137186, 0.000000, 0.137186, 0.990545, 0.000000, 0.000000, 0.000000, 1.000000),
      ["Cock"] = CFrame.new(-0.005917, -0.089969, -0.000000, 0.437065, 0.899430, 0.000000, -0.899430, 0.437065, -0.000000, -0.000000, 0.000000, 1.000000),
      ["Head"] = CFrame.new(-0.000738, 0.166294, -0.173923, 0.932743, -0.032841, -0.359042, 0.217931, 0.844682, 0.488895, 0.287221, -0.534260, 0.795028),
      ["LeftUpperArm"] = CFrame.new(-0.106881, -0.345701, 0.234681, 0.636628, -0.769305, 0.053613, -0.767086, -0.638870, -0.058522, 0.079273, -0.003869, -0.996845),
      ["LeftUpperLeg"] = CFrame.new(-0.002715, -0.040966, -0.029160, 0.994569, 0.083309, 0.062387, -0.086124, 0.995317, 0.043884, -0.058439, -0.049019, 0.997087),
      ["LowerTorso"] = CFrame.new(-0.000001, -1.568740, -0.638902, 1.000000, 0.000000, 0.000000, 0.000000, 0.062000, -0.998076, 0.000000, 0.998076, 0.062000),
      ["RightUpperArm"] = CFrame.new(0.193518, -0.053479, 0.214355, 0.912732, -0.314450, 0.260847, 0.395029, 0.516285, -0.759870, 0.104270, 0.796600, 0.595446),
      ["RightUpperLeg"] = CFrame.new(0.002717, -0.040967, -0.029160, 0.994569, -0.083309, -0.062387, 0.086124, 0.995317, 0.043884, 0.058439, -0.049019, 0.997087)
    }},
    { Time = 0.150, Data = {
      ["Balls"] = CFrame.new(0.000000, -0.000000, 0.000000, 0.990318, -0.138814, 0.000000, 0.138814, 0.990318, 0.000000, 0.000000, 0.000000, 1.000000),
      ["Cock"] = CFrame.new(-0.005917, -0.089969, -0.000000, 0.446005, 0.895030, 0.000000, -0.895030, 0.446005, -0.000000, -0.000000, 0.000000, 1.000000),
      ["Head"] = CFrame.new(-0.000738, 0.166293, -0.173921, 0.932755, -0.032792, -0.359017, 0.217824, 0.844787, 0.488762, 0.287265, -0.534097, 0.795122),
      ["LeftUpperArm"] = CFrame.new(-0.106887, -0.344998, 0.235623, 0.636602, -0.769331, 0.053558, -0.767037, -0.638843, -0.059449, 0.079951, -0.003235, -0.996794),
      ["LeftUpperLeg"] = CFrame.new(-0.002710, -0.040440, -0.029010, 0.994579, 0.083243, 0.062309, -0.086186, 0.995211, 0.046131, -0.058170, -0.051251, 0.996990),
      ["LowerTorso"] = CFrame.new(-0.000002, -1.566522, -0.639727, 1.000000, 0.000000, 0.000000, 0.000000, 0.061054, -0.998134, 0.000000, 0.998134, 0.061054),
      ["RightUpperArm"] = CFrame.new(0.193610, -0.053241, 0.214237, 0.912936, -0.314101, 0.260556, 0.394687, 0.517191, -0.759431, 0.103781, 0.796150, 0.596134),
      ["RightUpperLeg"] = CFrame.new(0.002711, -0.040441, -0.029010, 0.994579, -0.083243, -0.062309, 0.086186, 0.995211, 0.046131, 0.058170, -0.051251, 0.996990)
    }},
    { Time = 0.167, Data = {
      ["Balls"] = CFrame.new(0.000000, 0.000000, 0.000000, 0.990065, -0.140613, 0.000000, 0.140613, 0.990065, 0.000000, 0.000000, 0.000000, 1.000000),
      ["Cock"] = CFrame.new(-0.005917, -0.089969, -0.000000, 0.456045, 0.889956, 0.000000, -0.889956, 0.456045, -0.000000, -0.000000, 0.000000, 1.000000),
      ["Head"] = CFrame.new(-0.000738, 0.166293, -0.173920, 0.932755, -0.032841, -0.359013, 0.217784, 0.844927, 0.488537, 0.287295, -0.533873, 0.795262),
      ["LeftUpperArm"] = CFrame.new(-0.106879, -0.344232, 0.236658, 0.636637, -0.769297, 0.053624, -0.766917, -0.638887, -0.060525, 0.080822, -0.002593, -0.996726),
      ["LeftUpperLeg"] = CFrame.new(-0.002711, -0.039896, -0.028894, 0.994577, 0.083253, 0.062329, -0.086342, 0.995078, 0.048630, -0.057974, -0.053748, 0.996870),
      ["LowerTorso"] = CFrame.new(-0.000002, -1.564036, -0.640649, 1.000000, 0.000000, 0.000000, 0.000000, 0.059989, -0.998199, 0.000000, 0.998199, 0.059989),
      ["RightUpperArm"] = CFrame.new(0.193727, -0.052973, 0.214109, 0.913166, -0.313654, 0.260286, 0.394317, 0.518208, -0.758930, 0.103159, 0.795664, 0.596890),
      ["RightUpperLeg"] = CFrame.new(0.002713, -0.039897, -0.028894, 0.994577, -0.083253, -0.062329, 0.086342, 0.995078, 0.048630, 0.057974, -0.053748, 0.996870)
    }},
    { Time = 0.183, Data = {
      ["Balls"] = CFrame.new(-0.000000, 0.000000, 0.000000, 0.989770, -0.142669, 0.000000, 0.142669, 0.989770, 0.000000, 0.000000, 0.000000, 1.000000),
      ["Cock"] = CFrame.new(-0.005917, -0.089969, -0.000000, 0.466974, 0.884271, 0.000000, -0.884271, 0.466974, -0.000000, -0.000000, 0.000000, 1.000000),
      ["Head"] = CFrame.new(-0.000738, 0.166292, -0.173919, 0.932766, -0.032809, -0.358986, 0.217664, 0.845078, 0.488329, 0.287349, -0.533635, 0.795402),
      ["LeftUpperArm"] = CFrame.new(-0.106888, -0.343365, 0.237824, 0.636599, -0.769329, 0.053615, -0.766849, -0.638850, -0.061759, 0.081765, -0.001799, -0.996650),
      ["LeftUpperLeg"] = CFrame.new(-0.002712, -0.039290, -0.028771, 0.994575, 0.083255, 0.062360, -0.086506, 0.994925, 0.051387, -0.057765, -0.056502, 0.996730),
      ["LowerTorso"] = CFrame.new(-0.000002, -1.561280, -0.641667, 1.000000, 0.000000, 0.000000, 0.000000, 0.058805, -0.998269, 0.000000, 0.998269, 0.058805),
      ["RightUpperArm"] = CFrame.new(0.193831, -0.052686, 0.213963, 0.913404, -0.313260, 0.259926, 0.393914, 0.519302, -0.758391, 0.102593, 0.795106, 0.597730),
      ["RightUpperLeg"] = CFrame.new(0.002714, -0.039291, -0.028770, 0.994575, -0.083255, -0.062360, 0.086506, 0.994925, 0.051387, 0.057765, -0.056502, 0.996730)
    }},
    { Time = 0.200, Data = {
      ["Balls"] = CFrame.new(-0.000000, 0.000000, 0.000000, 0.989447, -0.144896, 0.000000, 0.144896, 0.989447, 0.000000, 0.000000, 0.000000, 1.000000),
      ["Cock"] = CFrame.new(-0.005917, -0.089969, -0.000000, 0.478939, 0.877848, 0.000000, -0.877848, 0.478939, -0.000000, -0.000000, 0.000000, 1.000000),
      ["Head"] = CFrame.new(-0.000738, 0.166291, -0.173917, 0.932766, -0.032859, -0.358981, 0.217625, 0.845218, 0.488104, 0.287379, -0.533410, 0.795542),
      ["LeftUpperArm"] = CFrame.new(-0.106881, -0.342433, 0.239083, 0.636633, -0.769301, 0.053608, -0.766719, -0.638885, -0.062991, 0.082708, -0.001000, -0.996573),
      ["LeftUpperLeg"] = CFrame.new(-0.002711, -0.038621, -0.028597, 0.994578, 0.083252, 0.062316, -0.086675, 0.994750, 0.054405, -0.057460, -0.059511, 0.996572),
      ["LowerTorso"] = CFrame.new(-0.000002, -1.558255, -0.642781, 1.000000, 0.000000, 0.000000, 0.000000, 0.057502, -0.998345, 0.000000, 0.998345, 0.057502),
      ["RightUpperArm"] = CFrame.new(0.193976, -0.052340, 0.213793, 0.913704, -0.312709, 0.259536, 0.393415, 0.520618, -0.757748, 0.101835, 0.794462, 0.598715),
      ["RightUpperLeg"] = CFrame.new(0.002712, -0.038622, -0.028596, 0.994578, -0.083252, -0.062316, 0.086675, 0.994750, 0.054405, 0.057460, -0.059511, 0.996572)
    }},
    { Time = 0.217, Data = {
      ["Balls"] = CFrame.new(-0.000000, 0.000000, 0.000000, 0.989093, -0.147294, 0.000000, 0.147294, 0.989093, 0.000000, 0.000000, 0.000000, 1.000000),
      ["Cock"] = CFrame.new(-0.005917, -0.089969, -0.000000, 0.491725, 0.870751, 0.000000, -0.870751, 0.491725, -0.000000, -0.000000, 0.000000, 1.000000),
      ["Head"] = CFrame.new(-0.000738, 0.166291, -0.173916, 0.932748, -0.032802, -0.359034, 0.217526, 0.845370, 0.487886, 0.287512, -0.533174, 0.795652),
      ["LeftUpperArm"] = CFrame.new(-0.106891, -0.341399, 0.240463, 0.636587, -0.769340, 0.053603, -0.766638, -0.638840, -0.064418, 0.083803, -0.000087, -0.996482),
      ["LeftUpperLeg"] = CFrame.new(-0.002716, -0.037934, -0.028456, 0.994569, 0.083324, 0.062372, -0.086939, 0.994543, 0.057675, -0.057226, -0.062784, 0.996385),
      ["LowerTorso"] = CFrame.new(-0.000002, -1.554961, -0.643991, 1.000000, 0.000000, 0.000000, 0.000000, 0.056079, -0.998426, 0.000000, 0.998426, 0.056079),
      ["RightUpperArm"] = CFrame.new(0.194121, -0.051994, 0.213623, 0.914003, -0.312157, 0.259147, 0.392916, 0.521932, -0.757102, 0.101078, 0.793817, 0.599699),
      ["RightUpperLeg"] = CFrame.new(0.002717, -0.037935, -0.028456, 0.994569, -0.083324, -0.062372, 0.086939, 0.994543, 0.057675, 0.057226, -0.062784, 0.996385)
    }},
    { Time = 0.233, Data = {
      ["Balls"] = CFrame.new(0.000000, 0.000000, 0.000000, 0.988707, -0.149862, 0.000000, 0.149862, 0.988707, 0.000000, 0.000000, 0.000000, 1.000000),
      ["Cock"] = CFrame.new(-0.005917, -0.089969, -0.000000, 0.505555, 0.862794, 0.000000, -0.862794, 0.505555, -0.000000, -0.000000, 0.000000, 1.000000),
      ["Head"] = CFrame.new(-0.000738, 0.166290, -0.173914, 0.932748, -0.032868, -0.359028, 0.217474, 0.845556, 0.487586, 0.287552, -0.532874, 0.795839),
      ["LeftUpperArm"] = CFrame.new(-0.106885, -0.340300, 0.241947, 0.636608, -0.769320, 0.053642, -0.766488, -0.638863, -0.065956, 0.085011, 0.000872, -0.996380),
      ["LeftUpperLeg"] = CFrame.new(-0.002714, -0.037141, -0.028267, 0.994572, 0.083305, 0.062350, -0.087121, 0.994316, 0.061209, -0.056896, -0.066309, 0.996176),
      ["LowerTorso"] = CFrame.new(-0.000003, -1.551399, -0.645295, 1.000000, 0.000000, 0.000000, 0.000000, 0.054537, -0.998512, 0.000000, 0.998512, 0.054537),
      ["RightUpperArm"] = CFrame.new(0.194282, -0.051619, 0.213440, 0.914336, -0.311546, 0.258706, 0.392349, 0.523356, -0.756413, 0.100262, 0.793119, 0.600758),
      ["RightUpperLeg"] = CFrame.new(0.002715, -0.037142, -0.028266, 0.994572, -0.083305, -0.062350, 0.087121, 0.994316, 0.061209, 0.056896, -0.066309, 0.996176)
    }},
    { Time = 0.250, Data = {
      ["Balls"] = CFrame.new(0.000000, 0.000000, 0.000000, 0.988288, -0.152600, 0.000000, 0.152600, 0.988288, 0.000000, 0.000000, 0.000000, 1.000000),
      ["Cock"] = CFrame.new(-0.005917, -0.089969, -0.000000, 0.520209, 0.854039, 0.000000, -0.854039, 0.520209, -0.000000, -0.000000, 0.000000, 1.000000),
      ["Head"] = CFrame.new(-0.000738, 0.166290, -0.173913, 0.932760, -0.032852, -0.358999, 0.217340, 0.845754, 0.487303, 0.287616, -0.532561, 0.796025),
      ["LeftUpperArm"] = CFrame.new(-0.106882, -0.339118, 0.243562, 0.636628, -0.769306, 0.053608, -0.766328, -0.638878, -0.067651, 0.086293, 0.001987, -0.996268),
      ["LeftUpperLeg"] = CFrame.new(-0.002713, -0.036285, -0.028069, 0.994575, 0.083278, 0.062339, -0.087309, 0.994058, 0.065001, -0.056555, -0.070091, 0.995936),
      ["LowerTorso"] = CFrame.new(-0.000003, -1.547566, -0.646693, 1.000000, 0.000000, 0.000000, 0.000000, 0.052874, -0.998601, 0.000000, 0.998601, 0.052874),
      ["RightUpperArm"] = CFrame.new(0.194436, -0.051205, 0.213227, 0.914668, -0.310960, 0.258236, 0.391790, 0.524931, -0.755611, 0.099409, 0.792307, 0.601969),
      ["RightUpperLeg"] = CFrame.new(0.002714, -0.036286, -0.028069, 0.994575, -0.083278, -0.062339, 0.087309, 0.994058, 0.065001, 0.056555, -0.070091, 0.995936)
    }},
    { Time = 0.267, Data = {
      ["Balls"] = CFrame.new(-0.000000, 0.000000, 0.000000, 0.987821, -0.155594, 0.000000, 0.155594, 0.987821, 0.000000, 0.000000, 0.000000, 1.000000),
      ["Cock"] = CFrame.new(-0.005917, -0.089969, -0.000000, 0.534727, 0.845025, 0.000000, -0.845025, 0.534727, -0.000000, -0.000000, 0.000000, 1.000000),
      ["Head"] = CFrame.new(-0.000738, 0.166289, -0.173911, 0.932741, -0.032812, -0.359050, 0.217229, 0.845951, 0.487009, 0.287759, -0.532250, 0.796182),
      ["LeftUpperArm"] = CFrame.new(-0.106895, -0.337834, 0.245268, 0.636574, -0.769353, 0.053570, -0.766227, -0.638817, -0.069348, 0.087575, 0.003098, -0.996153),
      ["LeftUpperLeg"] = CFrame.new(-0.002711, -0.035368, -0.027864, 0.994577, 0.083244, 0.062339, -0.087504, 0.993768, 0.069050, -0.056203, -0.074130, 0.995664),
      ["LowerTorso"] = CFrame.new(-0.000003, -1.543463, -0.648185, 1.000000, 0.000000, 0.000000, 0.000000, 0.051091, -0.998694, 0.000000, 0.998694, 0.051091),
      ["RightUpperArm"] = CFrame.new(0.194606, -0.050763, 0.212999, 0.915035, -0.310315, 0.257713, 0.391164, 0.526615, -0.754763, 0.098499, 0.791443, 0.603255),
      ["RightUpperLeg"] = CFrame.new(0.002712, -0.035369, -0.027864, 0.994577, -0.083244, -0.062339, 0.087504, 0.993768, 0.069050, 0.056203, -0.074130, 0.995664)
    }},
    { Time = 0.283, Data = {
      ["Balls"] = CFrame.new(-0.000000, 0.000000, 0.000000, 0.987345, -0.158587, 0.000000, 0.158587, 0.987345, 0.000000, 0.000000, 0.000000, 1.000000),
      ["Cock"] = CFrame.new(-0.005917, -0.089969, -0.000000, 0.548037, 0.836454, 0.000000, -0.836454, 0.548037, -0.000000, -0.000000, 0.000000, 1.000000),
      ["Head"] = CFrame.new(-0.000738, 0.166288, -0.173908, 0.932753, -0.032796, -0.359022, 0.217095, 0.846149, 0.486726, 0.287823, -0.531936, 0.796368),
      ["LeftUpperArm"] = CFrame.new(-0.106893, -0.336485, 0.247088, 0.636580, -0.769345, 0.053619, -0.766048, -0.638820, -0.071272, 0.089085, 0.004296, -0.996015),
      ["LeftUpperLeg"] = CFrame.new(-0.002713, -0.034431, -0.027648, 0.994573, 0.083285, 0.062357, -0.087793, 0.993428, 0.073439, -0.055830, -0.078515, 0.995348),
      ["LowerTorso"] = CFrame.new(-0.000004, -1.539209, -0.649764, 1.000000, 0.000000, 0.000000, 0.000000, 0.049307, -0.998784, 0.000000, 0.998784, 0.049307),
      ["RightUpperArm"] = CFrame.new(0.194795, -0.050311, 0.212772, 0.915435, -0.309597, 0.257155, 0.390465, 0.528330, -0.753926, 0.097550, 0.790580, 0.604538),
      ["RightUpperLeg"] = CFrame.new(0.002715, -0.034432, -0.027647, 0.994573, -0.083285, -0.062357, 0.087793, 0.993428, 0.073439, 0.055830, -0.078515, 0.995348)
    }},
    { Time = 0.300, Data = {
      ["Balls"] = CFrame.new(-0.000000, 0.000000, 0.000000, 0.986902, -0.161323, 0.000000, 0.161323, 0.986902, 0.000000, 0.000000, 0.000000, 1.000000),
      ["Cock"] = CFrame.new(-0.005917, -0.089969, -0.000000, 0.560263, 0.828315, 0.000000, -0.828315, 0.560263, -0.000000, -0.000000, 0.000000, 1.000000),
      ["Head"] = CFrame.new(-0.000737, 0.166287, -0.173906, 0.932753, -0.032878, -0.359014, 0.217029, 0.846381, 0.486351, 0.287873, -0.531561, 0.796600),
      ["LeftUpperArm"] = CFrame.new(-0.106891, -0.335073, 0.248986, 0.636591, -0.769337, 0.053589, -0.765871, -0.638819, -0.073159, 0.090517, 0.005530, -0.995880),
      ["LeftUpperLeg"] = CFrame.new(-0.002716, -0.033447, -0.027427, 0.994568, 0.083324, 0.062378, -0.088084, 0.993061, 0.077914, -0.055454, -0.082985, 0.995007),
      ["LowerTorso"] = CFrame.new(-0.000004, -1.534602, -0.651419, 1.000000, 0.000000, 0.000000, 0.000000, 0.047282, -0.998882, 0.000000, 0.998882, 0.047282),
      ["RightUpperArm"] = CFrame.new(0.195006, -0.049812, 0.212521, 0.915860, -0.308792, 0.256606, 0.389739, 0.530229, -0.752968, 0.096451, 0.789623, 0.605964),
      ["RightUpperLeg"] = CFrame.new(0.002717, -0.033448, -0.027426, 0.994568, -0.083324, -0.062378, 0.088084, 0.993061, 0.077914, 0.055454, -0.082985, 0.995007)
    }},
    { Time = 0.317, Data = {
      ["Balls"] = CFrame.new(0.000000, 0.000000, 0.000000, 0.986479, -0.163887, 0.000000, 0.163887, 0.986479, 0.000000, 0.000000, 0.000000, 1.000000),
      ["Cock"] = CFrame.new(-0.005917, -0.089969, -0.000000, 0.571444, 0.820641, 0.000000, -0.820641, 0.571444, -0.000000, -0.000000, 0.000000, 1.000000),
      ["Head"] = CFrame.new(-0.000738, 0.166286, -0.173904, 0.932735, -0.032855, -0.359063, 0.216904, 0.846625, 0.485982, 0.288025, -0.531175, 0.796803),
      ["LeftUpperArm"] = CFrame.new(-0.106889, -0.333723, 0.250805, 0.636596, -0.769330, 0.053637, -0.765687, -0.638816, -0.075082, 0.092027, 0.006727, -0.995734),
      ["LeftUpperLeg"] = CFrame.new(-0.002712, -0.032463, -0.027170, 0.994576, 0.083286, 0.062304, -0.088279, 0.992697, 0.082222, -0.055001, -0.087276, 0.994665),
      ["LowerTorso"] = CFrame.new(-0.000004, -1.530225, -0.652997, 1.000000, 0.000000, 0.000000, 0.000000, 0.045375, -0.998970, 0.000000, 0.998970, 0.045375),
      ["RightUpperArm"] = CFrame.new(0.195196, -0.049363, 0.212292, 0.916258, -0.308072, 0.256052, 0.389037, 0.531937, -0.752126, 0.095505, 0.788755, 0.607243),
      ["RightUpperLeg"] = CFrame.new(0.002713, -0.032465, -0.027169, 0.994576, -0.083286, -0.062304, 0.088279, 0.992697, 0.082222, 0.055001, -0.087276, 0.994665)
    }},
    { Time = 0.333, Data = {
      ["Balls"] = CFrame.new(-0.000000, 0.000000, 0.000000, 0.986079, -0.166279, 0.000000, 0.166279, 0.986079, 0.000000, 0.000000, 0.000000, 1.000000),
      ["Cock"] = CFrame.new(-0.005917, -0.089969, -0.000000, 0.581533, 0.813523, 0.000000, -0.813523, 0.581533, -0.000000, -0.000000, 0.000000, 1.000000),
      ["Head"] = CFrame.new(-0.000737, 0.166285, -0.173901, 0.932746, -0.032856, -0.359034, 0.216757, 0.846868, 0.485623, 0.288099, -0.530786, 0.797035),
      ["LeftUpperArm"] = CFrame.new(-0.106886, -0.332455, 0.252512, 0.636613, -0.769318, 0.053603, -0.765518, -0.638818, -0.076776, 0.093308, 0.007842, -0.995607),
      ["LeftUpperLeg"] = CFrame.new(-0.002710, -0.031544, -0.026962, 0.994579, 0.083250, 0.062308, -0.088472, 0.992329, 0.086353, -0.054641, -0.091397, 0.994314),
      ["LowerTorso"] = CFrame.new(-0.000005, -1.526234, -0.654471, 1.000000, 0.000000, 0.000000, 0.000000, 0.043704, -0.999045, 0.000000, 0.999045, 0.043704),
      ["RightUpperArm"] = CFrame.new(0.195367, -0.048923, 0.212062, 0.916621, -0.307422, 0.255536, 0.388404, 0.533608, -0.751269, 0.094601, 0.787880, 0.608520),
      ["RightUpperLeg"] = CFrame.new(0.002712, -0.031546, -0.026961, 0.994579, -0.083250, -0.062308, 0.088472, 0.992329, 0.086353, 0.054641, -0.091397, 0.994314)
    }},
    { Time = 0.350, Data = {
      ["Balls"] = CFrame.new(0.000000, -0.000000, 0.000000, 0.985702, -0.168499, 0.000000, 0.168499, 0.985702, 0.000000, 0.000000, 0.000000, 1.000000),
      ["Cock"] = CFrame.new(-0.005917, -0.089969, -0.000000, 0.590566, 0.806990, 0.000000, -0.806990, 0.590566, -0.000000, -0.000000, 0.000000, 1.000000),
      ["Head"] = CFrame.new(-0.000737, 0.166285, -0.173899, 0.932757, -0.032873, -0.359003, 0.216597, 0.847158, 0.485189, 0.288183, -0.530323, 0.797313),
      ["LeftUpperArm"] = CFrame.new(-0.106883, -0.331269, 0.254128, 0.636630, -0.769307, 0.053569, -0.765347, -0.638817, -0.078470, 0.094588, 0.008957, -0.995477),
      ["LeftUpperLeg"] = CFrame.new(-0.002715, -0.030730, -0.026804, 0.994569, 0.083307, 0.062388, -0.088743, 0.991968, 0.090132, -0.054379, -0.095179, 0.993974),
      ["LowerTorso"] = CFrame.new(-0.000005, -1.522392, -0.655851, 1.000000, 0.000000, 0.000000, 0.000000, 0.042032, -0.999116, 0.000000, 0.999116, 0.042032),
      ["RightUpperArm"] = CFrame.new(0.195544, -0.048525, 0.211861, 0.916982, -0.306745, 0.255051, 0.387760, 0.535124, -0.750523, 0.093735, 0.787115, 0.609643),
      ["RightUpperLeg"] = CFrame.new(0.002714, -0.030730, -0.026760, 0.994574, -0.083311, -0.062302, 0.088739, 0.991968, 0.090136, 0.054293, -0.095176, 0.993979)
    }},
    { Time = 0.367, Data = {
      ["Balls"] = CFrame.new(-0.000000, 0.000000, 0.000000, 0.985364, -0.170463, 0.000000, 0.170463, 0.985364, 0.000000, 0.000000, 0.000000, 1.000000),
      ["Cock"] = CFrame.new(-0.005917, -0.089969, -0.000000, 0.598649, 0.801011, 0.000000, -0.801011, 0.598649, -0.000000, -0.000000, 0.000000, 1.000000),
      ["Head"] = CFrame.new(-0.000737, 0.166284, -0.173897, 0.932739, -0.032849, -0.359052, 0.216472, 0.847401, 0.484821, 0.288335, -0.529936, 0.797515),
      ["LeftUpperArm"] = CFrame.new(-0.106895, -0.330146, 0.255610, 0.636573, -0.769351, 0.053605, -0.765244, -0.638749, -0.080010, 0.095796, 0.009911, -0.995352),
      ["LeftUpperLeg"] = CFrame.new(-0.002714, -0.029933, -0.026612, 0.994572, 0.083291, 0.062368, -0.088918, 0.991626, 0.093660, -0.054045, -0.098697, 0.993649),
      ["LowerTorso"] = CFrame.new(-0.000005, -1.518817, -0.657134, 1.000000, 0.000000, 0.000000, 0.000000, 0.040478, -0.999181, 0.000000, 0.999181, 0.040478),
      ["RightUpperArm"] = CFrame.new(0.195685, -0.048145, 0.211657, 0.917274, -0.306211, 0.254642, 0.387258, 0.536569, -0.749750, 0.092949, 0.786339, 0.610764),
      ["RightUpperLeg"] = CFrame.new(0.002715, -0.029935, -0.026611, 0.994572, -0.083291, -0.062368, 0.088918, 0.991626, 0.093660, 0.054045, -0.098697, 0.993649)
    }},
    { Time = 0.383, Data = {
      ["Balls"] = CFrame.new(-0.000000, 0.000000, 0.000000, 0.985037, -0.172341, 0.000000, 0.172341, 0.985037, 0.000000, 0.000000, 0.000000, 1.000000),
      ["Cock"] = CFrame.new(-0.005917, -0.089969, -0.000000, 0.605656, 0.795726, 0.000000, -0.795726, 0.605656, -0.000000, -0.000000, 0.000000, 1.000000),
      ["Head"] = CFrame.new(-0.000737, 0.166283, -0.173895, 0.932751, -0.032834, -0.359024, 0.216338, 0.847598, 0.484537, 0.288399, -0.529623, 0.797700),
      ["LeftUpperArm"] = CFrame.new(-0.106890, -0.329126, 0.256991, 0.636596, -0.769332, 0.053603, -0.765087, -0.638758, -0.081433, 0.096888, 0.010829, -0.995237),
      ["LeftUpperLeg"] = CFrame.new(-0.002713, -0.029197, -0.026427, 0.994574, 0.083283, 0.062337, -0.089084, 0.991297, 0.096929, -0.053722, -0.101956, 0.993337),
      ["LowerTorso"] = CFrame.new(-0.000006, -1.515510, -0.658320, 1.000000, 0.000000, 0.000000, 0.000000, 0.039042, -0.999238, 0.000000, 0.999238, 0.039042),
      ["RightUpperArm"] = CFrame.new(0.195832, -0.047805, 0.211482, 0.917566, -0.305651, 0.254264, 0.386746, 0.537860, -0.749089, 0.092201, 0.785674, 0.611732),
      ["RightUpperLeg"] = CFrame.new(0.002714, -0.029199, -0.026426, 0.994574, -0.083283, -0.062337, 0.089084, 0.991297, 0.096929, 0.053722, -0.101956, 0.993337)
    }},
    { Time = 0.400, Data = {
      ["Balls"] = CFrame.new(0.000000, 0.000000, 0.000000, 0.984752, -0.173962, 0.000000, 0.173962, 0.984752, 0.000000, 0.000000, 0.000000, 1.000000),
      ["Cock"] = CFrame.new(-0.005917, -0.089969, -0.000000, 0.611765, 0.791039, 0.000000, -0.791039, 0.611765, -0.000000, -0.000000, 0.000000, 1.000000),
      ["Head"] = CFrame.new(-0.000737, 0.166282, -0.173892, 0.932762, -0.032834, -0.358994, 0.216191, 0.847840, 0.484178, 0.288472, -0.529234, 0.797932),
      ["LeftUpperArm"] = CFrame.new(-0.106884, -0.328189, 0.258250, 0.636626, -0.769308, 0.053597, -0.764942, -0.638773, -0.082663, 0.097830, 0.011627, -0.995135),
      ["LeftUpperLeg"] = CFrame.new(-0.002714, -0.028525, -0.026293, 0.994572, 0.083279, 0.062382, -0.089247, 0.990983, 0.099936, -0.053497, -0.104960, 0.993036),
      ["LowerTorso"] = CFrame.new(-0.000006, -1.512473, -0.659408, 1.000000, 0.000000, 0.000000, 0.000000, 0.037726, -0.999288, 0.000000, 0.999288, 0.037726),
      ["RightUpperArm"] = CFrame.new(0.195980, -0.047466, 0.211307, 0.917857, -0.305091, 0.253888, 0.386232, 0.539150, -0.748426, 0.091455, 0.785008, 0.612698),
      ["RightUpperLeg"] = CFrame.new(0.002716, -0.028527, -0.026292, 0.994572, -0.083279, -0.062382, 0.089247, 0.990983, 0.099936, 0.053497, -0.104960, 0.993036)
    }},
    { Time = 0.417, Data = {
      ["Balls"] = CFrame.new(0.000000, 0.000000, 0.000000, 0.984510, -0.175328, 0.000000, 0.175328, 0.984510, 0.000000, 0.000000, 0.000000, 1.000000),
      ["Cock"] = CFrame.new(-0.005917, -0.089969, -0.000000, 0.616845, 0.787085, 0.000000, -0.787085, 0.616845, -0.000000, -0.000000, 0.000000, 1.000000),
      ["Head"] = CFrame.new(-0.000737, 0.166281, -0.173890, 0.932744, -0.032794, -0.359045, 0.216080, 0.848037, 0.483884, 0.288615, -0.528922, 0.798087),
      ["LeftUpperArm"] = CFrame.new(-0.106894, -0.327315, 0.259416, 0.636583, -0.769344, 0.053587, -0.764857, -0.638713, -0.083896, 0.098772, 0.012421, -0.995033),
      ["LeftUpperLeg"] = CFrame.new(-0.002713, -0.027913, -0.026124, 0.994574, 0.083288, 0.062329, -0.089398, 0.990688, 0.102688, -0.053196, -0.107703, 0.992759),
      ["LowerTorso"] = CFrame.new(-0.000006, -1.509703, -0.660401, 1.000000, 0.000000, 0.000000, 0.000000, 0.036528, -0.999333, 0.000000, 0.999333, 0.036528),
      ["RightUpperArm"] = CFrame.new(0.196086, -0.047184, 0.211155, 0.918087, -0.304687, 0.253540, 0.385816, 0.540219, -0.747870, 0.090899, 0.784429, 0.613521),
      ["RightUpperLeg"] = CFrame.new(0.002714, -0.027915, -0.026122, 0.994574, -0.083288, -0.062329, 0.089398, 0.990688, 0.102688, 0.053196, -0.107703, 0.992759)
    }},
    { Time = 0.433, Data = {
      ["Balls"] = CFrame.new(0.000000, 0.000000, 0.000000, 0.984281, -0.176607, 0.000000, 0.176607, 0.984281, 0.000000, 0.000000, 0.000000, 1.000000),
      ["Cock"] = CFrame.new(-0.005917, -0.089969, -0.000000, 0.621065, 0.783759, 0.000000, -0.783759, 0.621065, -0.000000, -0.000000, 0.000000, 1.000000),
      ["Head"] = CFrame.new(-0.000737, 0.166281, -0.173889, 0.932744, -0.032860, -0.359039, 0.216027, 0.848221, 0.483583, 0.288654, -0.528621, 0.798272),
      ["LeftUpperArm"] = CFrame.new(-0.106886, -0.326543, 0.260461, 0.636619, -0.769315, 0.053576, -0.764724, -0.638736, -0.084934, 0.099562, 0.013100, -0.994946),
      ["LeftUpperLeg"] = CFrame.new(-0.002714, -0.027365, -0.026004, 0.994572, 0.083300, 0.062352, -0.089546, 0.990414, 0.105178, -0.052993, -0.110191, 0.992497),
      ["LowerTorso"] = CFrame.new(-0.000006, -1.507201, -0.661297, 1.000000, 0.000000, 0.000000, 0.000000, 0.035449, -0.999371, 0.000000, 0.999371, 0.035449),
      ["RightUpperArm"] = CFrame.new(0.196205, -0.046924, 0.211021, 0.918309, -0.304232, 0.253283, 0.385431, 0.541211, -0.747351, 0.090288, 0.783922, 0.614259),
      ["RightUpperLeg"] = CFrame.new(0.002715, -0.027367, -0.026003, 0.994572, -0.083300, -0.062352, 0.089546, 0.990414, 0.105178, 0.052993, -0.110191, 0.992497)
    }},
    { Time = 0.450, Data = {
      ["Balls"] = CFrame.new(0.000000, 0.000000, 0.000000, 0.984097, -0.177631, 0.000000, 0.177631, 0.984097, 0.000000, 0.000000, 0.000000, 1.000000),
      ["Cock"] = CFrame.new(-0.005917, -0.089969, -0.000000, 0.624289, 0.781193, 0.000000, -0.781193, 0.624289, -0.000000, -0.000000, 0.000000, 1.000000),
      ["Head"] = CFrame.new(-0.000737, 0.166280, -0.173887, 0.932755, -0.032828, -0.359013, 0.215906, 0.848371, 0.483374, 0.288708, -0.528383, 0.798410),
      ["LeftUpperArm"] = CFrame.new(-0.106894, -0.325836, 0.261393, 0.636583, -0.769344, 0.053599, -0.764656, -0.638689, -0.085896, 0.100317, 0.013696, -0.994862),
      ["LeftUpperLeg"] = CFrame.new(-0.002715, -0.026878, -0.025893, 0.994569, 0.083321, 0.062365, -0.089687, 0.990161, 0.107411, -0.052802, -0.112421, 0.992257),
      ["LowerTorso"] = CFrame.new(-0.000006, -1.504970, -0.662098, 1.000000, 0.000000, 0.000000, 0.000000, 0.034490, -0.999405, 0.000000, 0.999405, 0.034490),
      ["RightUpperArm"] = CFrame.new(0.196318, -0.046683, 0.210898, 0.918538, -0.303802, 0.252966, 0.385005, 0.542127, -0.746907, 0.089772, 0.783456, 0.614929),
      ["RightUpperLeg"] = CFrame.new(0.002717, -0.026880, -0.025891, 0.994569, -0.083321, -0.062365, 0.089687, 0.990161, 0.107411, 0.052802, -0.112421, 0.992257)
    }},
    { Time = 0.467, Data = {
      ["Balls"] = CFrame.new(-0.000000, 0.000000, 0.000000, 0.983943, -0.178484, 0.000000, 0.178484, 0.983943, 0.000000, 0.000000, 0.000000, 1.000000),
      ["Cock"] = CFrame.new(-0.005917, -0.089969, -0.000000, 0.626531, 0.779397, 0.000000, -0.779397, 0.626531, -0.000000, -0.000000, 0.000000, 1.000000),
      ["Head"] = CFrame.new(-0.000737, 0.166279, -0.173885, 0.932767, -0.032812, -0.358985, 0.215772, 0.848567, 0.483090, 0.288771, -0.528069, 0.798595),
      ["LeftUpperArm"] = CFrame.new(-0.106885, -0.325230, 0.262224, 0.636627, -0.769308, 0.053584, -0.764535, -0.638719, -0.086742, 0.100956, 0.014255, -0.994789),
      ["LeftUpperLeg"] = CFrame.new(-0.002713, -0.026411, -0.025791, 0.994574, 0.083264, 0.062362, -0.089734, 0.989940, 0.109388, -0.052626, -0.114391, 0.992041),
      ["LowerTorso"] = CFrame.new(-0.000007, -1.503007, -0.662804, 1.000000, 0.000000, 0.000000, 0.000000, 0.033650, -0.999434, 0.000000, 0.999434, 0.033650),
      ["RightUpperArm"] = CFrame.new(0.196397, -0.046480, 0.210788, 0.918700, -0.303504, 0.252739, 0.384717, 0.542899, -0.746494, 0.089352, 0.783037, 0.615524),
      ["RightUpperLeg"] = CFrame.new(0.002714, -0.026413, -0.025790, 0.994574, -0.083264, -0.062362, 0.089734, 0.989940, 0.109388, 0.052626, -0.114391, 0.992041)
    }},
    { Time = 0.483, Data = {
      ["Balls"] = CFrame.new(-0.000000, 0.000000, 0.000000, 0.983819, -0.179166, 0.000000, 0.179166, 0.983819, 0.000000, 0.000000, 0.000000, 1.000000),
      ["Cock"] = CFrame.new(-0.005917, -0.089969, -0.000000, 0.627947, 0.778256, 0.000000, -0.778256, 0.627947, -0.000000, -0.000000, 0.000000, 1.000000),
      ["Head"] = CFrame.new(-0.000737, 0.166279, -0.173884, 0.932737, -0.032837, -0.359059, 0.215755, 0.848706, 0.482855, 0.288880, -0.527845, 0.798704),
      ["LeftUpperArm"] = CFrame.new(-0.106891, -0.324688, 0.262942, 0.636597, -0.769332, 0.053601, -0.764480, -0.638680, -0.087511, 0.101559, 0.014732, -0.994720),
      ["LeftUpperLeg"] = CFrame.new(-0.002714, -0.026048, -0.025697, 0.994572, 0.083303, 0.062349, -0.089859, 0.989748, 0.111019, -0.052461, -0.116019, 0.991861),
      ["LowerTorso"] = CFrame.new(-0.000007, -1.501315, -0.663414, 1.000000, 0.000000, 0.000000, 0.000000, 0.032929, -0.999458, 0.000000, 0.999458, 0.032929),
      ["RightUpperArm"] = CFrame.new(0.196479, -0.046297, 0.210693, 0.918861, -0.303192, 0.252526, 0.384425, 0.543594, -0.746138, 0.088952, 0.782675, 0.616042),
      ["RightUpperLeg"] = CFrame.new(0.002715, -0.026050, -0.025695, 0.994572, -0.083303, -0.062349, 0.089859, 0.989748, 0.111019, 0.052461, -0.116019, 0.991861)
    }},
    { Time = 0.500, Data = {
      ["Balls"] = CFrame.new(-0.000000, 0.000000, 0.000000, 0.983726, -0.179678, 0.000000, 0.179678, 0.983726, 0.000000, 0.000000, 0.000000, 1.000000),
      ["Cock"] = CFrame.new(-0.005917, -0.089969, -0.000000, 0.628394, 0.777896, 0.000000, -0.777896, 0.628394, -0.000000, -0.000000, 0.000000, 1.000000),
      ["Head"] = CFrame.new(-0.000737, 0.166278, -0.173883, 0.932748, -0.032805, -0.359033, 0.215634, 0.848855, 0.482646, 0.288934, -0.527607, 0.798842),
      ["LeftUpperArm"] = CFrame.new(-0.106896, -0.324229, 0.263558, 0.636575, -0.769352, 0.053578, -0.764434, -0.638646, -0.088167, 0.102048, 0.015168, -0.994664),
