return {
  ["Astros foot idle"] = {
    { Time = 0.000, Data = {
      ["Head"] = CFrame.new(-0.000000, 0.016662, 0.000000, 0.999955, 0.000803, 0.009471, -0.003633, 0.953070, 0.302727, -0.008784, -0.302748, 0.953030),
      ["LeftUpperArm"] = CFrame.new(-0.139718, -0.186524, 0.146750, 0.951945, -0.099135, -0.289781, 0.033606, 0.974262, -0.222900, 0.304420, 0.202450, 0.930775),
      ["LeftUpperLeg"] = CFrame.new(-0.566286, -0.260260, -1.040890, 0.872730, -0.340104, 0.350245, -0.257705, 0.288392, 0.922182, -0.414645, -0.895075, 0.164042),
      ["LowerTorso"] = CFrame.new(0.000000, -0.093620, 0.035927, 1.000000, 0.000000, 0.000000, 0.000000, 0.996139, -0.087791, 0.000000, 0.087791, 0.996139),
      ["RightUpperArm"] = CFrame.new(0.010781, -0.230160, 0.050175, 0.911771, 0.060206, 0.406262, -0.008862, 0.991850, -0.127098, -0.410603, 0.112284, 0.904874),
      ["RightUpperLeg"] = CFrame.new(0.000040, 0.058683, -0.368988, 0.999938, 0.002074, -0.010940, -0.000683, 0.992068, 0.125700, 0.011114, -0.125684, 0.992008)
    }},
    { Time = 0.017, Data = {
      ["Head"] = CFrame.new(-0.000000, 0.016662, 0.000000, 0.999955, 0.000783, 0.009473, -0.003651, 0.951792, 0.306722, -0.008776, -0.306742, 0.951752),
      ["LeftUpperArm"] = CFrame.new(-0.139676, -0.186921, 0.146686, 0.951538, -0.099121, -0.291120, 0.033267, 0.974255, -0.222982, 0.305727, 0.202491, 0.930338),
      ["LeftUpperLeg"] = CFrame.new(-0.566298, -0.260320, -1.040828, 0.872687, -0.340154, 0.350304, -0.257757, 0.288392, 0.922167, -0.414704, -0.895056, 0.163999),
      ["LowerTorso"] = CFrame.new(0.000000, -0.093458, 0.035909, 1.000000, 0.000000, 0.000000, 0.000000, 0.996131, -0.087877, 0.000000, 0.087877, 0.996131),
      ["RightUpperArm"] = CFrame.new(0.010738, -0.230676, 0.050119, 0.911521, 0.060157, 0.406830, -0.008739, 0.991854, -0.127083, -0.411161, 0.112284, 0.904621),
      ["RightUpperLeg"] = CFrame.new(0.000035, 0.058513, -0.368573, 0.999938, 0.001987, -0.010946, -0.000597, 0.992090, 0.125527, 0.011109, -0.125513, 0.992030)
    }},
    { Time = 0.033, Data = {
      ["Head"] = CFrame.new(-0.000000, 0.016662, 0.000000, 0.999955, 0.000763, 0.009474, -0.003670, 0.950470, 0.310795, -0.008768, -0.310816, 0.950430),
      ["LeftUpperArm"] = CFrame.new(-0.139605, -0.187552, 0.146549, 0.950923, -0.099081, -0.293134, 0.032778, 0.974272, -0.222978, 0.307686, 0.202427, 0.929706),
      ["LeftUpperLeg"] = CFrame.new(-0.566282, -0.260364, -1.040686, 0.872687, -0.340135, 0.350323, -0.257733, 0.288495, 0.922141, -0.414718, -0.895030, 0.164102),
      ["LowerTorso"] = CFrame.new(0.000000, -0.093196, 0.035933, 1.000000, 0.000000, 0.000000, 0.000000, 0.996124, -0.087963, 0.000000, 0.087963, 0.996124),
      ["RightUpperArm"] = CFrame.new(0.010687, -0.231510, 0.050049, 0.911125, 0.060145, 0.407717, -0.008575, 0.991846, -0.127153, -0.412040, 0.112357, 0.904212),
      ["RightUpperLeg"] = CFrame.new(0.000027, 0.058307, -0.367895, 0.999938, 0.001986, -0.010946, -0.000599, 0.992123, 0.125270, 0.011109, -0.125256, 0.992062)
    }},
    { Time = 0.050, Data = {
      ["Head"] = CFrame.new(-0.000000, 0.016662, -0.000000, 0.999955, 0.000743, 0.009476, -0.003689, 0.949130, 0.314864, -0.008760, -0.314884, 0.949090),
      ["LeftUpperArm"] = CFrame.new(-0.139540, -0.188414, 0.146404, 0.950065, -0.099146, -0.295883, 0.032173, 0.974252, -0.223153, 0.310389, 0.202491, 0.928793),
      ["LeftUpperLeg"] = CFrame.new(-0.566258, -0.260463, -1.040463, 0.872691, -0.340049, 0.350395, -0.257776, 0.288602, 0.922096, -0.414682, -0.895028, 0.164204),
      ["LowerTorso"] = CFrame.new(0.000000, -0.092832, 0.035913, 1.000000, 0.000000, 0.000000, 0.000000, 0.996109, -0.088135, 0.000000, 0.088135, 0.996109),
      ["RightUpperArm"] = CFrame.new(0.010642, -0.232633, 0.049919, 0.910581, 0.060220, 0.408921, -0.008490, 0.991846, -0.127159, -0.413244, 0.112317, 0.903667),
      ["RightUpperLeg"] = CFrame.new(0.000017, 0.058022, -0.366960, 0.999938, 0.001984, -0.010946, -0.000601, 0.992166, 0.124927, 0.011108, -0.124913, 0.992106)
    }},
    { Time = 0.067, Data = {
      ["Head"] = CFrame.new(-0.000000, 0.016662, 0.000000, 0.999955, 0.000722, 0.009478, -0.003707, 0.947772, 0.318928, -0.008752, -0.318949, 0.947732),
      ["LeftUpperArm"] = CFrame.new(-0.139427, -0.189472, 0.146197, 0.948994, -0.099102, -0.299314, 0.031334, 0.974262, -0.223229, 0.313732, 0.202464, 0.927675),
      ["LeftUpperLeg"] = CFrame.new(-0.566252, -0.260574, -1.040241, 0.872648, -0.340080, 0.350473, -0.257804, 0.288705, 0.922055, -0.414756, -0.894983, 0.164264),
      ["LowerTorso"] = CFrame.new(0.000000, -0.092375, 0.035932, 1.000000, 0.000000, 0.000000, 0.000000, 0.996093, -0.088307, 0.000000, 0.088307, 0.996093),
      ["RightUpperArm"] = CFrame.new(0.010541, -0.234021, 0.049767, 0.909931, 0.060141, 0.410377, -0.008221, 0.991852, -0.127129, -0.414679, 0.112305, 0.903011),
      ["RightUpperLeg"] = CFrame.new(0.000003, 0.057662, -0.365776, 0.999938, 0.001981, -0.010947, -0.000603, 0.992220, 0.124498, 0.011108, -0.124483, 0.992159)
    }},
    { Time = 0.083, Data = {
      ["Head"] = CFrame.new(-0.000000, 0.016662, -0.000000, 0.999955, 0.000787, 0.009493, -0.003811, 0.946396, 0.322988, -0.008730, -0.323009, 0.946356),
      ["LeftUpperArm"] = CFrame.new(-0.139316, -0.190720, 0.145968, 0.947720, -0.099133, -0.303314, 0.030411, 0.974253, -0.223395, 0.317651, 0.202492, 0.926334),
      ["LeftUpperLeg"] = CFrame.new(-0.566241, -0.260705, -1.039966, 0.872605, -0.340111, 0.350551, -0.257833, 0.288808, 0.922015, -0.414829, -0.894938, 0.164324),
      ["LowerTorso"] = CFrame.new(0.000000, -0.091823, 0.035905, 1.000000, 0.000000, 0.000000, 0.000000, 0.996070, -0.088566, 0.000000, 0.088566, 0.996070),
      ["RightUpperArm"] = CFrame.new(0.010458, -0.235655, 0.049604, 0.909129, 0.060185, 0.412144, -0.007994, 0.991845, -0.127203, -0.416439, 0.112349, 0.902195),
      ["RightUpperLeg"] = CFrame.new(-0.000013, 0.057231, -0.364350, 0.999938, 0.001979, -0.010947, -0.000606, 0.992284, 0.123983, 0.011108, -0.123968, 0.992224)
    }},
    { Time = 0.100, Data = {
      ["Head"] = CFrame.new(-0.000000, 0.016662, -0.000000, 0.999955, 0.000766, 0.009495, -0.003830, 0.944973, 0.327126, -0.008722, -0.327147, 0.944933),
      ["LeftUpperArm"] = CFrame.new(-0.139178, -0.192129, 0.145684, 0.946268, -0.099120, -0.307819, 0.029359, 0.974269, -0.223469, 0.322049, 0.202424, 0.924829),
      ["LeftUpperLeg"] = CFrame.new(-0.566200, -0.260851, -1.039595, 0.872609, -0.340005, 0.350641, -0.257852, 0.289018, 0.921944, -0.414807, -0.894911, 0.164529),
      ["LowerTorso"] = CFrame.new(0.000000, -0.091186, 0.035914, 1.000000, 0.000000, 0.000000, 0.000000, 0.996047, -0.088824, 0.000000, 0.088824, 0.996047),
      ["RightUpperArm"] = CFrame.new(0.010339, -0.237504, 0.049398, 0.908215, 0.060141, 0.414159, -0.007685, 0.991851, -0.127175, -0.418432, 0.112319, 0.901276),
      ["RightUpperLeg"] = CFrame.new(-0.000032, 0.056731, -0.362687, 0.999938, 0.001975, -0.010948, -0.000609, 0.992359, 0.123382, 0.011108, -0.123368, 0.992299)
    }},
    { Time = 0.117, Data = {
      ["Head"] = CFrame.new(-0.000000, 0.016662, 0.000000, 0.999955, 0.000746, 0.009497, -0.003849, 0.943561, 0.331177, -0.008714, -0.331198, 0.943521),
      ["LeftUpperArm"] = CFrame.new(-0.139022, -0.193688, 0.145390, 0.944630, -0.099090, -0.312818, 0.028148, 0.974271, -0.223617, 0.326928, 0.202430, 0.923114),
      ["LeftUpperLeg"] = CFrame.new(-0.566177, -0.261007, -1.039230, 0.872566, -0.340016, 0.350738, -0.257857, 0.289224, 0.921878, -0.414895, -0.894840, 0.164692),
      ["LowerTorso"] = CFrame.new(0.000000, -0.090467, 0.035958, 1.000000, 0.000000, 0.000000, 0.000000, 0.996024, -0.089082, 0.000000, 0.089082, 0.996024),
      ["RightUpperArm"] = CFrame.new(0.010239, -0.239550, 0.049187, 0.907220, 0.060209, 0.416324, -0.007430, 0.991843, -0.127249, -0.420590, 0.112350, 0.900268),
      ["RightUpperLeg"] = CFrame.new(-0.000053, 0.056165, -0.360794, 0.999938, 0.001971, -0.010949, -0.000613, 0.992444, 0.122695, 0.011108, -0.122681, 0.992384)
    }},
    { Time = 0.133, Data = {
      ["Head"] = CFrame.new(-0.000000, 0.016662, 0.000000, 0.999955, 0.000726, 0.009498, -0.003868, 0.942131, 0.335223, -0.008705, -0.335244, 0.942091),
      ["LeftUpperArm"] = CFrame.new(-0.138869, -0.195383, 0.145089, 0.942822, -0.099120, -0.318217, 0.026873, 0.974253, -0.223849, 0.332212, 0.202498, 0.921211),
      ["LeftUpperLeg"] = CFrame.new(-0.566149, -0.261179, -1.038819, 0.872523, -0.340027, 0.350836, -0.257862, 0.289430, 0.921812, -0.414983, -0.894769, 0.164854),
      ["LowerTorso"] = CFrame.new(0.000000, -0.089664, 0.035950, 1.000000, 0.000000, 0.000000, 0.000000, 0.995993, -0.089426, 0.000000, 0.089426, 0.995993),
      ["RightUpperArm"] = CFrame.new(0.010106, -0.241762, 0.048939, 0.906111, 0.060190, 0.418736, -0.007093, 0.991849, -0.127222, -0.422980, 0.112307, 0.899152),
      ["RightUpperLeg"] = CFrame.new(-0.000079, 0.055507, -0.358548, 0.999938, 0.001967, -0.010949, -0.000618, 0.992550, 0.121837, 0.011107, -0.121823, 0.992490)
    }},
    { Time = 0.150, Data = {
      ["Head"] = CFrame.new(-0.000000, 0.016662, 0.000000, 0.999954, 0.000791, 0.009515, -0.003971, 0.940713, 0.339181, -0.008682, -0.339204, 0.940673),
      ["LeftUpperArm"] = CFrame.new(-0.138689, -0.197182, 0.144744, 0.940871, -0.099089, -0.323949, 0.025487, 0.974260, -0.223982, 0.337805, 0.202482, 0.919178),
      ["LeftUpperLeg"] = CFrame.new(-0.566114, -0.261401, -1.038338, 0.872484, -0.339972, 0.350985, -0.257933, 0.289640, 0.921726, -0.415021, -0.894722, 0.165016),
      ["LowerTorso"] = CFrame.new(0.000000, -0.088786, 0.035975, 1.000000, 0.000000, 0.000000, 0.000000, 0.995963, -0.089770, 0.000000, 0.089770, 0.995963),
      ["RightUpperArm"] = CFrame.new(0.009973, -0.244122, 0.048696, 0.904920, 0.060200, 0.421302, -0.006726, 0.991844, -0.127278, -0.425528, 0.112343, 0.897945),
      ["RightUpperLeg"] = CFrame.new(-0.000105, 0.054822, -0.356223, 0.999938, 0.001962, -0.010950, -0.000622, 0.992644, 0.121065, 0.011107, -0.121050, 0.992584)
    }},
    { Time = 0.167, Data = {
      ["Head"] = CFrame.new(-0.000000, 0.016662, 0.000000, 0.999954, 0.000771, 0.009516, -0.003989, 0.939277, 0.343136, -0.008674, -0.343158, 0.939238),
      ["LeftUpperArm"] = CFrame.new(-0.138511, -0.199074, 0.144378, 0.938765, -0.099094, -0.330000, 0.024060, 0.974266, -0.224113, 0.343717, 0.202450, 0.916991),
      ["LeftUpperLeg"] = CFrame.new(-0.566098, -0.261633, -1.037870, 0.872397, -0.340034, 0.351141, -0.257990, 0.289845, 0.921646, -0.415167, -0.894632, 0.165135),
      ["LowerTorso"] = CFrame.new(0.000000, -0.087837, 0.036030, 1.000000, 0.000000, 0.000000, 0.000000, 0.995931, -0.090115, 0.000000, 0.090115, 0.995931),
      ["RightUpperArm"] = CFrame.new(0.009828, -0.246601, 0.048417, 0.903684, 0.060196, 0.423949, -0.006372, 0.991850, -0.127250, -0.428153, 0.112293, 0.896702),
      ["RightUpperLeg"] = CFrame.new(-0.000134, 0.054082, -0.353686, 0.999938, 0.001957, -0.010951, -0.000628, 0.992759, 0.120120, 0.011107, -0.120106, 0.992699)
    }},
    { Time = 0.183, Data = {
      ["Head"] = CFrame.new(-0.000000, 0.016663, 0.000000, 0.999954, 0.000751, 0.009518, -0.004007, 0.937855, 0.347004, -0.008666, -0.347026, 0.937815),
      ["LeftUpperArm"] = CFrame.new(-0.138337, -0.201045, 0.144016, 0.936528, -0.099143, -0.336282, 0.022587, 0.974253, -0.224324, 0.349863, 0.202490, 0.914655),
      ["LeftUpperLeg"] = CFrame.new(-0.566053, -0.261873, -1.037315, 0.872359, -0.339959, 0.351309, -0.258038, 0.290158, 0.921534, -0.415219, -0.894559, 0.165400),
      ["LowerTorso"] = CFrame.new(0.000000, -0.086814, 0.036028, 1.000000, 0.000000, 0.000000, 0.000000, 0.995892, -0.090545, 0.000000, 0.090545, 0.995892),
      ["RightUpperArm"] = CFrame.new(0.009685, -0.249179, 0.048150, 0.902401, 0.060216, 0.426669, -0.005993, 0.991845, -0.127306, -0.430856, 0.112324, 0.895403),
      ["RightUpperLeg"] = CFrame.new(-0.000165, 0.053289, -0.350942, 0.999938, 0.001952, -0.010952, -0.000633, 0.992883, 0.119090, 0.011107, -0.119076, 0.992823)
    }},
    { Time = 0.200, Data = {
      ["Head"] = CFrame.new(-0.000000, 0.016662, 0.000000, 0.999954, 0.000732, 0.009519, -0.004025, 0.936447, 0.350785, -0.008658, -0.350807, 0.936408),
      ["LeftUpperArm"] = CFrame.new(-0.138135, -0.203065, 0.143625, 0.934223, -0.099102, -0.342647, 0.021035, 0.974263, -0.224430, 0.356070, 0.202460, 0.912263),
      ["LeftUpperLeg"] = CFrame.new(-0.566006, -0.262106, -1.036740, 0.872315, -0.339970, 0.351407, -0.258043, 0.290364, 0.921468, -0.415307, -0.894488, 0.165562),
      ["LowerTorso"] = CFrame.new(0.000000, -0.085726, 0.036054, 1.000000, 0.000000, 0.000000, 0.000000, 0.995853, -0.090975, 0.000000, 0.090975, 0.995853),
      ["RightUpperArm"] = CFrame.new(0.009513, -0.251827, 0.047856, 0.901036, 0.060144, 0.429554, -0.005538, 0.991854, -0.127258, -0.433709, 0.112285, 0.894029),
      ["RightUpperLeg"] = CFrame.new(-0.000199, 0.052446, -0.347995, 0.999938, 0.001945, -0.010953, -0.000640, 0.993017, 0.117974, 0.011106, -0.117959, 0.992956)
    }},
    { Time = 0.217, Data = {
      ["Head"] = CFrame.new(-0.000000, 0.016662, 0.000000, 0.999954, 0.000713, 0.009521, -0.004042, 0.935024, 0.354562, -0.008649, -0.354584, 0.934984),
      ["LeftUpperArm"] = CFrame.new(-0.137939, -0.205128, 0.143248, 0.931809, -0.099096, -0.349158, 0.019445, 0.974254, -0.224613, 0.362427, 0.202507, 0.909746),
      ["LeftUpperLeg"] = CFrame.new(-0.565973, -0.262400, -1.036139, 0.872233, -0.339946, 0.351634, -0.258143, 0.290677, 0.921341, -0.415418, -0.894396, 0.165783),
      ["LowerTorso"] = CFrame.new(0.000000, -0.084571, 0.036020, 1.000000, 0.000000, 0.000000, 0.000000, 0.995806, -0.091492, 0.000000, 0.091492, 0.995806),
      ["RightUpperArm"] = CFrame.new(0.009365, -0.254527, 0.047574, 0.899658, 0.060174, 0.432428, -0.005147, 0.991849, -0.127312, -0.436564, 0.112312, 0.892635),
      ["RightUpperLeg"] = CFrame.new(-0.000235, 0.051515, -0.344850, 0.999938, 0.001853, -0.010959, -0.000560, 0.993149, 0.116857, 0.011101, -0.116844, 0.993088)
    }},
    { Time = 0.233, Data = {
      ["Head"] = CFrame.new(-0.000000, 0.016662, 0.000000, 0.999954, 0.000779, 0.009538, -0.004144, 0.933647, 0.358170, -0.008626, -0.358193, 0.933608),
      ["LeftUpperArm"] = CFrame.new(-0.137739, -0.207204, 0.142844, 0.929317, -0.099086, -0.355743, 0.017861, 0.974263, -0.224705, 0.368852, 0.202469, 0.907169),
      ["LeftUpperLeg"] = CFrame.new(-0.565913, -0.262679, -1.035476, 0.872194, -0.339871, 0.351802, -0.258190, 0.290989, 0.921229, -0.415470, -0.894323, 0.166048),
      ["LowerTorso"] = CFrame.new(0.000000, -0.083368, 0.036097, 1.000000, 0.000000, 0.000000, 0.000000, 0.995766, -0.091922, 0.000000, 0.091922, 0.995766),
      ["RightUpperArm"] = CFrame.new(0.009216, -0.257250, 0.047289, 0.898271, 0.060205, 0.435298, -0.004756, 0.991845, -0.127365, -0.439416, 0.112338, 0.891232),
      ["RightUpperLeg"] = CFrame.new(-0.000273, 0.050583, -0.341514, 0.999938, 0.001846, -0.010961, -0.000567, 0.993299, 0.115569, 0.011100, -0.115555, 0.993239)
    }},
    { Time = 0.250, Data = {
      ["Head"] = CFrame.new(-0.000000, 0.016662, 0.000000, 0.999955, 0.000777, 0.009454, -0.004144, 0.932320, 0.361611, -0.008533, -0.361633, 0.932281),
      ["LeftUpperArm"] = CFrame.new(-0.137541, -0.209280, 0.142441, 0.926776, -0.099076, -0.362313, 0.016275, 0.974272, -0.224789, 0.375263, 0.202432, 0.904544),
      ["LeftUpperLeg"] = CFrame.new(-0.565872, -0.262996, -1.034810, 0.872112, -0.339846, 0.352030, -0.258289, 0.291302, 0.921103, -0.415580, -0.894230, 0.166269),
      ["LowerTorso"] = CFrame.new(0.000000, -0.082103, 0.036111, 1.000000, 0.000000, 0.000000, 0.000000, 0.995718, -0.092438, 0.000000, 0.092438, 0.995718),
      ["RightUpperArm"] = CFrame.new(0.009041, -0.259971, 0.046987, 0.896838, 0.060138, 0.438252, -0.004295, 0.991853, -0.127314, -0.442338, 0.112298, 0.889790),
      ["RightUpperLeg"] = CFrame.new(-0.000313, 0.049605, -0.337968, 0.999938, 0.001839, -0.010962, -0.000574, 0.993448, 0.114280, 0.011100, -0.114267, 0.993388)
    }},
    { Time = 0.267, Data = {
      ["Head"] = CFrame.new(-0.000000, 0.016662, -0.000000, 0.999955, 0.000760, 0.009456, -0.004160, 0.930980, 0.365047, -0.008526, -0.365070, 0.930941),
      ["LeftUpperArm"] = CFrame.new(-0.137347, -0.211343, 0.142065, 0.924220, -0.099076, -0.368784, 0.014682, 0.974260, -0.224947, 0.381579, 0.202486, 0.901885),
      ["LeftUpperLeg"] = CFrame.new(-0.565828, -0.263280, -1.034147, 0.872025, -0.339868, 0.352224, -0.258300, 0.291713, 0.920970, -0.415756, -0.894088, 0.166593),
      ["LowerTorso"] = CFrame.new(0.000000, -0.080789, 0.036146, 1.000000, 0.000000, 0.000000, 0.000000, 0.995670, -0.092954, 0.000000, 0.092954, 0.995670),
      ["RightUpperArm"] = CFrame.new(0.008894, -0.262671, 0.046705, 0.895431, 0.060169, 0.441115, -0.003904, 0.991848, -0.127365, -0.445183, 0.112324, 0.888367),
      ["RightUpperLeg"] = CFrame.new(-0.000355, 0.048590, -0.334234, 0.999938, 0.001831, -0.010963, -0.000582, 0.993605, 0.112906, 0.011100, -0.112893, 0.993545)
    }},
    { Time = 0.283, Data = {
      ["Head"] = CFrame.new(-0.000000, 0.016662, -0.000000, 0.999955, 0.000744, 0.009457, -0.004174, 0.929723, 0.368236, -0.008519, -0.368258, 0.929684),
      ["LeftUpperArm"] = CFrame.new(-0.137170, -0.213365, 0.141673, 0.921679, -0.099127, -0.375075, 0.013208, 0.974263, -0.225029, 0.387728, 0.202450, 0.899267),
      ["LeftUpperLeg"] = CFrame.new(-0.565756, -0.263591, -1.033393, 0.871987, -0.339793, 0.352392, -0.258347, 0.292025, 0.920857, -0.415808, -0.894015, 0.166857),
      ["LowerTorso"] = CFrame.new(0.000000, -0.079429, 0.036201, 1.000000, 0.000000, 0.000000, 0.000000, 0.995622, -0.093471, 0.000000, 0.093471, 0.995622),
      ["RightUpperArm"] = CFrame.new(0.008749, -0.265322, 0.046429, 0.894054, 0.060196, 0.443896, -0.003519, 0.991843, -0.127415, -0.447945, 0.112354, 0.886973),
      ["RightUpperLeg"] = CFrame.new(-0.000400, 0.047540, -0.330320, 0.999938, 0.001823, -0.010964, -0.000590, 0.993770, 0.111445, 0.011099, -0.111432, 0.993710)
    }},
    { Time = 0.300, Data = {
      ["Head"] = CFrame.new(-0.000000, 0.016662, 0.000000, 0.999955, 0.000728, 0.009458, -0.004188, 0.928488, 0.371339, -0.008512, -0.371362, 0.928449),
      ["LeftUpperArm"] = CFrame.new(-0.136972, -0.215331, 0.141298, 0.919168, -0.099078, -0.381201, 0.011669, 0.974269, -0.225085, 0.393693, 0.202443, 0.896673),
      ["LeftUpperLeg"] = CFrame.new(-0.565702, -0.263926, -1.032649, 0.871904, -0.339748, 0.352639, -0.258423, 0.292440, 0.920704, -0.415933, -0.893896, 0.167181),
      ["LowerTorso"] = CFrame.new(0.000000, -0.078019, 0.036189, 1.000000, 0.000000, 0.000000, 0.000000, 0.995565, -0.094073, 0.000000, 0.094073, 0.995565),
      ["RightUpperArm"] = CFrame.new(0.008601, -0.267898, 0.046139, 0.892708, 0.060198, 0.446597, -0.003159, 0.991849, -0.127381, -0.450625, 0.112303, 0.885621),
      ["RightUpperLeg"] = CFrame.new(-0.000446, 0.046459, -0.326228, 0.999938, 0.001815, -0.010966, -0.000599, 0.993943, 0.109899, 0.011099, -0.109885, 0.993882)
    }},
    { Time = 0.317, Data = {
      ["Head"] = CFrame.new(-0.000000, 0.016662, 0.000000, 0.999955, 0.000798, 0.009476, -0.004287, 0.927308, 0.374275, -0.008489, -0.374299, 0.927269),
      ["LeftUpperArm"] = CFrame.new(-0.136799, -0.217224, 0.140935, 0.916679, -0.099096, -0.387144, 0.010234, 0.974270, -0.225150, 0.399494, 0.202429, 0.894107),
      ["LeftUpperLeg"] = CFrame.new(-0.565644, -0.264281, -1.031875, 0.871822, -0.339724, 0.352866, -0.258522, 0.292752, 0.920577, -0.416044, -0.893803, 0.167402),
      ["LowerTorso"] = CFrame.new(0.000000, -0.076569, 0.036194, 1.000000, 0.000000, 0.000000, 0.000000, 0.995508, -0.094675, 0.000000, 0.094675, 0.995508),
      ["RightUpperArm"] = CFrame.new(0.008462, -0.270379, 0.045883, 0.891393, 0.060215, 0.449213, -0.002784, 0.991844, -0.127429, -0.453222, 0.112338, 0.884290),
      ["RightUpperLeg"] = CFrame.new(-0.000496, 0.045279, -0.321831, 0.999938, 0.001719, -0.010972, -0.000522, 0.994131, 0.108180, 0.011094, -0.108167, 0.994071)
    }},
    { Time = 0.333, Data = {
      ["Head"] = CFrame.new(-0.000000, 0.016662, 0.000000, 0.999955, 0.000784, 0.009477, -0.004299, 0.926184, 0.377046, -0.008482, -0.377070, 0.926146),
      ["LeftUpperArm"] = CFrame.new(-0.136624, -0.219025, 0.140596, 0.914327, -0.099071, -0.392673, 0.008847, 0.974271, -0.225206, 0.404881, 0.202438, 0.891678),
      ["LeftUpperLeg"] = CFrame.new(-0.565583, -0.264631, -1.031086, 0.871740, -0.339679, 0.353112, -0.258598, 0.293167, 0.920424, -0.416170, -0.893684, 0.167725),
      ["LowerTorso"] = CFrame.new(0.000000, -0.075085, 0.036213, 1.000000, 0.000000, 0.000000, 0.000000, 0.995451, -0.095277, 0.000000, 0.095277, 0.995451),
      ["RightUpperArm"] = CFrame.new(0.008325, -0.272737, 0.045618, 0.890111, 0.060208, 0.451750, -0.002435, 0.991849, -0.127392, -0.455738, 0.112293, 0.883002),
      ["RightUpperLeg"] = CFrame.new(-0.000546, 0.044149, -0.317417, 0.999938, 0.001710, -0.010973, -0.000531, 0.994308, 0.106547, 0.011093, -0.106534, 0.994247)
    }},
    { Time = 0.350, Data = {
      ["Head"] = CFrame.new(-0.000000, 0.016662, 0.000000, 0.999955, 0.000770, 0.009478, -0.004311, 0.925119, 0.379652, -0.008476, -0.379676, 0.925081),
      ["LeftUpperArm"] = CFrame.new(-0.136474, -0.220716, 0.140278, 0.912043, -0.099103, -0.397941, 0.007574, 0.974266, -0.225273, 0.410025, 0.202444, 0.889323),
      ["LeftUpperLeg"] = CFrame.new(-0.565520, -0.264955, -1.030301, 0.871653, -0.339700, 0.353307, -0.258608, 0.293577, 0.920290, -0.416346, -0.893541, 0.168048),
      ["LowerTorso"] = CFrame.new(0.000000, -0.073569, 0.036247, 1.000000, 0.000000, 0.000000, 0.000000, 0.995393, -0.095879, 0.000000, 0.095879, 0.995393),
      ["RightUpperArm"] = CFrame.new(0.008197, -0.274952, 0.045393, 0.888942, 0.060206, 0.454045, -0.002083, 0.991844, -0.127438, -0.458015, 0.112339, 0.881818),
      ["RightUpperLeg"] = CFrame.new(-0.000597, 0.042997, -0.312839, 0.999938, 0.001700, -0.010975, -0.000541, 0.994499, 0.104742, 0.011093, -0.104729, 0.994439)
    }},
    { Time = 0.367, Data = {
      ["Head"] = CFrame.new(-0.000000, 0.016662, -0.000000, 0.999955, 0.000758, 0.009479, -0.004322, 0.924147, 0.382012, -0.008471, -0.382035, 0.924109),
      ["LeftUpperArm"] = CFrame.new(-0.136323, -0.222278, 0.139991, 0.909945, -0.099083, -0.402719, 0.006360, 0.974261, -0.225332, 0.414680, 0.202478, 0.887154),
      ["LeftUpperLeg"] = CFrame.new(-0.565451, -0.265330, -1.029467, 0.871570, -0.339676, 0.353534, -0.258707, 0.293889, 0.920163, -0.416457, -0.893448, 0.168269),
      ["LowerTorso"] = CFrame.new(0.000000, -0.072024, 0.036293, 1.000000, 0.000000, 0.000000, 0.000000, 0.995335, -0.096482, 0.000000, 0.096482, 0.995335),
      ["RightUpperArm"] = CFrame.new(0.008072, -0.276994, 0.045165, 0.887808, 0.060178, 0.456262, -0.001757, 0.991850, -0.127400, -0.460210, 0.112305, 0.880678),
      ["RightUpperLeg"] = CFrame.new(-0.000651, 0.041825, -0.308104, 0.999938, 0.001690, -0.010977, -0.000551, 0.994688, 0.102936, 0.011092, -0.102924, 0.994627)
    }},
    { Time = 0.383, Data = {
      ["Head"] = CFrame.new(-0.000000, 0.016662, 0.000000, 0.999955, 0.000747, 0.009480, -0.004332, 0.923237, 0.384207, -0.008465, -0.384230, 0.923198),
      ["LeftUpperArm"] = CFrame.new(-0.136191, -0.223688, 0.139711, 0.908000, -0.099085, -0.407085, 0.005299, 0.974270, -0.225321, 0.418936, 0.202434, 0.885162),
      ["LeftUpperLeg"] = CFrame.new(-0.565380, -0.265698, -1.028623, 0.871488, -0.339631, 0.353780, -0.258783, 0.294304, 0.920009, -0.416582, -0.893329, 0.168591),
      ["LowerTorso"] = CFrame.new(0.000000, -0.070455, 0.036350, 1.000000, 0.000000, 0.000000, 0.000000, 0.995276, -0.097084, 0.000000, 0.097084, 0.995276),
      ["RightUpperArm"] = CFrame.new(0.007958, -0.278845, 0.044983, 0.886833, 0.060151, 0.458159, -0.001433, 0.991845, -0.127445, -0.462089, 0.112365, 0.879686),
      ["RightUpperLeg"] = CFrame.new(-0.000706, 0.040637, -0.303213, 0.999938, 0.001680, -0.010978, -0.000562, 0.994882, 0.101045, 0.011092, -0.101032, 0.994821)
    }},
    { Time = 0.400, Data = {
      ["Head"] = CFrame.new(-0.000000, 0.016662, 0.000000, 0.999955, 0.000736, 0.009481, -0.004341, 0.922389, 0.386238, -0.008461, -0.386262, 0.922351),
      ["LeftUpperArm"] = CFrame.new(-0.136088, -0.224938, 0.139487, 0.906251, -0.099135, -0.410951, 0.004361, 0.974255, -0.225405, 0.422717, 0.202482, 0.883353),
      ["LeftUpperLeg"] = CFrame.new(-0.565305, -0.266070, -1.027766, 0.871405, -0.339586, 0.354026, -0.258859, 0.294718, 0.919855, -0.416708, -0.893209, 0.168914),
      ["LowerTorso"] = CFrame.new(0.000000, -0.068856, 0.036330, 1.000000, 0.000000, 0.000000, 0.000000, 0.995209, -0.097772, 0.000000, 0.097772, 0.995209),
      ["RightUpperArm"] = CFrame.new(0.007871, -0.280477, 0.044798, 0.885932, 0.060178, 0.459895, -0.001224, 0.991847, -0.127425, -0.463813, 0.112327, 0.878783),
      ["RightUpperLeg"] = CFrame.new(-0.000763, 0.039386, -0.298139, 0.999938, 0.001583, -0.010984, -0.000487, 0.995081, 0.099066, 0.011087, -0.099055, 0.995020)
    }},
    { Time = 0.417, Data = {
      ["Head"] = CFrame.new(-0.000000, 0.016662, -0.000000, 0.999955, 0.000728, 0.009482, -0.004349, 0.921673, 0.387943, -0.008457, -0.387967, 0.921635),
      ["LeftUpperArm"] = CFrame.new(-0.135979, -0.225998, 0.139286, 0.904785, -0.099096, -0.414180, 0.003523, 0.974259, -0.225403, 0.425855, 0.202482, 0.881844),
      ["LeftUpperLeg"] = CFrame.new(-0.565228, -0.266446, -1.026897, 0.871323, -0.339541, 0.354272, -0.258934, 0.295132, 0.919701, -0.416833, -0.893090, 0.169237),
      ["LowerTorso"] = CFrame.new(0.000000, -0.067247, 0.036404, 1.000000, 0.000000, 0.000000, 0.000000, 0.995149, -0.098374, 0.000000, 0.098374, 0.995149),
      ["RightUpperArm"] = CFrame.new(0.007793, -0.281866, 0.044642, 0.885193, 0.060184, 0.461314, -0.001039, 0.991850, -0.127406, -0.465223, 0.112300, 0.878041),
      ["RightUpperLeg"] = CFrame.new(-0.000822, 0.038168, -0.292919, 0.999938, 0.001571, -0.010986, -0.000498, 0.995284, 0.097002, 0.011086, -0.096991, 0.995224)
    }},
    { Time = 0.433, Data = {
      ["Head"] = CFrame.new(-0.000000, 0.016662, 0.000000, 0.999955, 0.000720, 0.009482, -0.004356, 0.921023, 0.389485, -0.008453, -0.389508, 0.920984),
      ["LeftUpperArm"] = CFrame.new(-0.135913, -0.226856, 0.139123, 0.903598, -0.099152, -0.416749, 0.002932, 0.974254, -0.225435, 0.428372, 0.202481, 0.880624),
      ["LeftUpperLeg"] = CFrame.new(-0.565149, -0.266824, -1.026018, 0.871240, -0.339496, 0.354519, -0.259010, 0.295546, 0.919547, -0.416959, -0.892970, 0.169559),
      ["LowerTorso"] = CFrame.new(0.000000, -0.065616, 0.036398, 1.000000, 0.000000, 0.000000, 0.000000, 0.995081, -0.099062, 0.000000, 0.099062, 0.995081),
      ["RightUpperArm"] = CFrame.new(0.007726, -0.282988, 0.044516, 0.884576, 0.060175, 0.462498, -0.000870, 0.991853, -0.127386, -0.466395, 0.112280, 0.877421),
      ["RightUpperLeg"] = CFrame.new(-0.000884, 0.036919, -0.287434, 0.999938, 0.001559, -0.010987, -0.000510, 0.995491, 0.094851, 0.011086, -0.094840, 0.995431)
    }},
    { Time = 0.450, Data = {
      ["Head"] = CFrame.new(-0.000000, 0.016662, 0.000000, 0.999955, 0.000798, 0.009500, -0.004447, 0.920473, 0.390782, -0.008433, -0.390806, 0.920434),
      ["LeftUpperArm"] = CFrame.new(-0.135848, -0.227488, 0.138988, 0.902668, -0.099127, -0.418765, 0.002430, 0.974267, -0.225382, 0.430330, 0.202428, 0.879681),
      ["LeftUpperLeg"] = CFrame.new(-0.565067, -0.267205, -1.025131, 0.871157, -0.339451, 0.354765, -0.259085, 0.295960, 0.919392, -0.417084, -0.892850, 0.169881),
      ["LowerTorso"] = CFrame.new(0.000000, -0.063984, 0.036482, 1.000000, 0.000000, 0.000000, 0.000000, 0.995021, -0.099664, 0.000000, 0.099664, 0.995021),
      ["RightUpperArm"] = CFrame.new(0.007678, -0.283823, 0.044446, 0.884081, 0.060173, 0.463443, -0.000697, 0.991845, -0.127449, -0.467332, 0.112352, 0.876914),
      ["RightUpperLeg"] = CFrame.new(-0.000946, 0.035691, -0.281957, 0.999938, 0.001547, -0.010989, -0.000522, 0.995694, 0.092701, 0.011085, -0.092689, 0.995633)
    }},
    { Time = 0.467, Data = {
      ["Head"] = CFrame.new(-0.000000, 0.016662, -0.000000, 0.999955, 0.000793, 0.009500, -0.004451, 0.920059, 0.391755, -0.008430, -0.391779, 0.920021),
      ["LeftUpperArm"] = CFrame.new(-0.135808, -0.227885, 0.138927, 0.902109, -0.099113, -0.419971, 0.002093, 0.974257, -0.225429, 0.431502, 0.202482, 0.879094),
      ["LeftUpperLeg"] = CFrame.new(-0.564983, -0.267586, -1.024240, 0.871075, -0.339405, 0.355011, -0.259161, 0.296374, 0.919238, -0.417210, -0.892730, 0.170203),
      ["LowerTorso"] = CFrame.new(0.000000, -0.062335, 0.036483, 1.000000, 0.000000, 0.000000, 0.000000, 0.994952, -0.100352, 0.000000, 0.100352, 0.994952),
      ["RightUpperArm"] = CFrame.new(0.007656, -0.284339, 0.044386, 0.883832, 0.060203, 0.463914, -0.000663, 0.991845, -0.127449, -0.467803, 0.112336, 0.876665),
      ["RightUpperLeg"] = CFrame.new(-0.001009, 0.034419, -0.276350, 0.999938, 0.001449, -0.010995, -0.000448, 0.995900, 0.090463, 0.011081, -0.090452, 0.995839)
    }},
    { Time = 0.483, Data = {
      ["Head"] = CFrame.new(-0.000000, 0.016662, -0.000000, 0.999955, 0.000788, 0.009501, -0.004455, 0.919713, 0.392565, -0.008428, -0.392590, 0.919675),
      ["LeftUpperArm"] = CFrame.new(-0.135785, -0.228020, 0.138901, 0.901924, -0.099075, -0.420377, 0.001959, 0.974262, -0.225411, 0.431890, 0.202480, 0.878904),
      ["LeftUpperLeg"] = CFrame.new(-0.564894, -0.268000, -1.023318, 0.870997, -0.339294, 0.355309, -0.259302, 0.296792, 0.919063, -0.417286, -0.892633, 0.170525),
      ["LowerTorso"] = CFrame.new(0.000000, -0.060683, 0.036487, 1.000000, 0.000000, 0.000000, 0.000000, 0.994882, -0.101040, 0.000000, 0.101040, 0.994882),
      ["RightUpperArm"] = CFrame.new(0.007650, -0.284518, 0.044365, 0.883708, 0.060218, 0.464149, -0.000646, 0.991845, -0.127449, -0.468038, 0.112328, 0.876540),
      ["RightUpperLeg"] = CFrame.new(-0.001073, 0.033192, -0.270623, 0.999938, 0.001436, -0.010996, -0.000461, 0.996108, 0.088139, 0.011080, -0.088129, 0.996047)
    }},
    { Time = 0.500, Data = {
      ["Head"] = CFrame.new(-0.000000, 0.016662, -0.000000, 0.999955, 0.000786, 0.009501, -0.004457, 0.919540, 0.392970, -0.008427, -0.392995, 0.919502),
      ["LeftUpperArm"] = CFrame.new(-0.135803, -0.228005, 0.138901, 0.901995, -0.099140, -0.420209, 0.002063, 0.974257, -0.225429, 0.431740, 0.202469, 0.878980),
      ["LeftUpperLeg"] = CFrame.new(-0.564807, -0.268381, -1.022421, 0.870914, -0.339249, 0.355555, -0.259378, 0.297206, 0.918908, -0.417411, -0.892513, 0.170847),
      ["LowerTorso"] = CFrame.new(0.000000, -0.059039, 0.036576, 1.000000, 0.000000, 0.000000, 0.000000, 0.994821, -0.101642, 0.000000, 0.101642, 0.994821),
      ["RightUpperArm"] = CFrame.new(0.007650, -0.284496, 0.044368, 0.883749, 0.060213, 0.464070, -0.000652, 0.991845, -0.127449, -0.467960, 0.112331, 0.876582),
      ["RightUpperLeg"] = CFrame.new(-0.001139, 0.031961, -0.264745, 0.999938, 0.001423, -0.010998, -0.000474, 0.996311, 0.085815, 0.011080, -0.085805, 0.996250)
    }},
    { Time = 0.517, Data = {
      ["Head"] = CFrame.new(-0.000000, 0.016662, 0.000000, 0.999955, 0.000785, 0.009501, -0.004458, 0.919437, 0.393213, -0.008427, -0.393238, 0.919398),
      ["LeftUpperArm"] = CFrame.new(-0.135798, -0.227957, 0.138913, 0.902147, -0.099104, -0.419891, 0.002103, 0.974257, -0.225429, 0.431423, 0.202487, 0.879132),
      ["LeftUpperLeg"] = CFrame.new(-0.564719, -0.268749, -1.021533, 0.870831, -0.339183, 0.355820, -0.259429, 0.297721, 0.918727, -0.417552, -0.892366, 0.171271),
      ["LowerTorso"] = CFrame.new(0.000000, -0.057390, 0.036577, 1.000000, 0.000000, 0.000000, 0.000000, 0.994751, -0.102330, 0.000000, 0.102330, 0.994751),
      ["RightUpperArm"] = CFrame.new(0.007649, -0.284434, 0.044376, 0.883874, 0.060198, 0.463835, -0.000669, 0.991845, -0.127449, -0.467725, 0.112339, 0.876706),
      ["RightUpperLeg"] = CFrame.new(-0.001208, 0.030712, -0.258618, 0.999938, 0.001409, -0.011000, -0.000488, 0.996523, 0.083319, 0.011079, -0.083308, 0.996462)
    }},
    { Time = 0.533, Data = {
      ["Head"] = CFrame.new(-0.000000, 0.016662, 0.000000, 0.999955, 0.000785, 0.009501, -0.004458, 0.919402, 0.393294, -0.008427, -0.393319, 0.919364),
      ["LeftUpperArm"] = CFrame.new(-0.135807, -0.227879, 0.138930, 0.902446, -0.099116, -0.419247, 0.002267, 0.974253, -0.225447, 0.430797, 0.202503, 0.879435),
      ["LeftUpperLeg"] = CFrame.new(-0.564630, -0.269127, -1.020640, 0.870748, -0.339137, 0.356066, -0.259505, 0.298135, 0.918571, -0.417678, -0.892245, 0.171592),
      ["LowerTorso"] = CFrame.new(0.000000, -0.055757, 0.036661, 1.000000, 0.000000, 0.000000, 0.000000, 0.994688, -0.102932, 0.000000, 0.102932, 0.994688),
      ["RightUpperArm"] = CFrame.new(0.007649, -0.284330, 0.044388, 0.884040, 0.060178, 0.463521, -0.000692, 0.991845, -0.127449, -0.467411, 0.112349, 0.876872),
      ["RightUpperLeg"] = CFrame.new(-0.001276, 0.029454, -0.252533, 0.999939, 0.001309, -0.011005, -0.000416, 0.996729, 0.080821, 0.011075, -0.080812, 0.996668)
    }},
    { Time = 0.550, Data = {
      ["Head"] = CFrame.new(-0.000000, 0.016662, 0.000000, 0.999955, 0.000786, 0.009501, -0.004457, 0.919506, 0.393051, -0.008427, -0.393076, 0.919468),
      ["LeftUpperArm"] = CFrame.new(-0.135809, -0.227766, 0.138933, 0.902820, -0.099090, -0.418447, 0.002470, 0.974267, -0.225382, 0.430012, 0.202445, 0.879832),
      ["LeftUpperLeg"] = CFrame.new(-0.564540, -0.269502, -1.019752, 0.870665, -0.339092, 0.356312, -0.259580, 0.298548, 0.918416, -0.417803, -0.892124, 0.171914),
      ["LowerTorso"] = CFrame.new(0.000000, -0.054125, 0.036655, 1.000000, 0.000000, 0.000000, 0.000000, 0.994617, -0.103619, 0.000000, 0.103619, 0.994617),
      ["RightUpperArm"] = CFrame.new(0.007646, -0.284188, 0.044407, 0.884330, 0.060143, 0.462972, -0.000731, 0.991845, -0.127449, -0.466862, 0.112368, 0.877162),
      ["RightUpperLeg"] = CFrame.new(-0.001346, 0.028251, -0.246353, 0.999939, 0.001296, -0.011007, -0.000430, 0.996928, 0.078324, 0.011074, -0.078314, 0.996867)
    }},
    { Time = 0.567, Data = {
      ["Head"] = CFrame.new(-0.000000, 0.016662, 0.000000, 0.999955, 0.000788, 0.009501, -0.004455, 0.919713, 0.392565, -0.008428, -0.392590, 0.919675),
      ["LeftUpperArm"] = CFrame.new(-0.135831, -0.227629, 0.138962, 0.903339, -0.099131, -0.417315, 0.002778, 0.974258, -0.225417, 0.428919, 0.202469, 0.880361),
      ["LeftUpperLeg"] = CFrame.new(-0.564450, -0.269873, -1.018871, 0.870583, -0.339046, 0.356558, -0.259655, 0.298961, 0.918260, -0.417929, -0.892004, 0.172235),
      ["LowerTorso"] = CFrame.new(0.000000, -0.052508, 0.036643, 1.000000, 0.000000, 0.000000, 0.000000, 0.994545, -0.104307, 0.000000, 0.104307, 0.994545),
      ["RightUpperArm"] = CFrame.new(0.007663, -0.284004, 0.044401, 0.884617, 0.060170, 0.462419, -0.000876, 0.991853, -0.127386, -0.466317, 0.112283, 0.877463),
      ["RightUpperLeg"] = CFrame.new(-0.001416, 0.027062, -0.240084, 0.999939, 0.001281, -0.011008, -0.000444, 0.997128, 0.075740, 0.011074, -0.075730, 0.997067)
    }},
    { Time = 0.583, Data = {
      ["Head"] = CFrame.new(-0.000000, 0.016662, -0.000000, 0.999955, 0.000792, 0.009500, -0.004452, 0.919990, 0.391917, -0.008430, -0.391941, 0.919952),
      ["LeftUpperArm"] = CFrame.new(-0.135848, -0.227459, 0.138975, 0.903894, -0.099145, -0.416108, 0.003115, 0.974268, -0.225370, 0.427745, 0.202414, 0.880944),
      ["LeftUpperLeg"] = CFrame.new(-0.564360, -0.270252, -1.017992, 0.870500, -0.339020, 0.356785, -0.259754, 0.299272, 0.918131, -0.418041, -0.891909, 0.172454),
      ["LowerTorso"] = CFrame.new(0.000000, -0.050916, 0.036709, 1.000000, 0.000000, 0.000000, 0.000000, 0.994482, -0.104909, 0.000000, 0.104909, 0.994482),
      ["RightUpperArm"] = CFrame.new(0.007683, -0.283786, 0.044423, 0.885028, 0.060204, 0.461629, -0.001016, 0.991850, -0.127406, -0.465537, 0.112289, 0.877876),
      ["RightUpperLeg"] = CFrame.new(-0.001489, 0.025862, -0.233573, 0.999939, 0.001266, -0.011010, -0.000459, 0.997333, 0.072983, 0.011073, -0.072974, 0.997272)
    }},
    { Time = 0.600, Data = {
      ["Head"] = CFrame.new(-0.000000, 0.016662, 0.000000, 0.999955, 0.000796, 0.009500, -0.004448, 0.920369, 0.391025, -0.008432, -0.391049, 0.920331),
      ["LeftUpperArm"] = CFrame.new(-0.135863, -0.227265, 0.139019, 0.904597, -0.099141, -0.414578, 0.003473, 0.974259, -0.225404, 0.426253, 0.202460, 0.881657),
      ["LeftUpperLeg"] = CFrame.new(-0.564271, -0.270615, -1.017133, 0.870417, -0.338974, 0.357031, -0.259830, 0.299684, 0.917975, -0.418167, -0.891788, 0.172775),
      ["LowerTorso"] = CFrame.new(0.000000, -0.049346, 0.036766, 1.000000, 0.000000, 0.000000, 0.000000, 0.994418, -0.105511, 0.000000, 0.105511, 0.994418),
      ["RightUpperArm"] = CFrame.new(0.007681, -0.283531, 0.044455, 0.885482, 0.060149, 0.460765, -0.001078, 0.991850, -0.127405, -0.464673, 0.112318, 0.878330),
      ["RightUpperLeg"] = CFrame.new(-0.001562, 0.024660, -0.227127, 0.999939, 0.001165, -0.011015, -0.000388, 0.997525, 0.070312, 0.011070, -0.070304, 0.997464)
    }},
    { Time = 0.617, Data = {
      ["Head"] = CFrame.new(-0.000000, 0.016662, 0.000000, 0.999955, 0.000802, 0.009500, -0.004443, 0.920816, 0.389971, -0.008435, -0.389995, 0.920778),
      ["LeftUpperArm"] = CFrame.new(-0.135873, -0.227040, 0.139047, 0.905335, -0.099110, -0.412971, 0.003860, 0.974269, -0.225355, 0.424680, 0.202428, 0.882423),
      ["LeftUpperLeg"] = CFrame.new(-0.564182, -0.270972, -1.016287, 0.870334, -0.338928, 0.357277, -0.259905, 0.300097, 0.917819, -0.418293, -0.891667, 0.173095),
      ["LowerTorso"] = CFrame.new(0.000000, -0.047801, 0.036812, 1.000000, 0.000000, 0.000000, 0.000000, 0.994354, -0.106112, 0.000000, 0.106112, 0.994354),
      ["RightUpperArm"] = CFrame.new(0.007702, -0.283241, 0.044485, 0.885973, 0.060173, 0.459816, -0.001230, 0.991847, -0.127425, -0.463735, 0.112330, 0.878824),
      ["RightUpperLeg"] = CFrame.new(-0.001634, 0.023521, -0.220624, 0.999939, 0.001150, -0.011016, -0.000403, 0.997715, 0.067555, 0.011069, -0.067546, 0.997655)
    }},
    { Time = 0.633, Data = {
      ["Head"] = CFrame.new(-0.000000, 0.016662, -0.000000, 0.999955, 0.000724, 0.009482, -0.004353, 0.921365, 0.388673, -0.008455, -0.388697, 0.921327),
      ["LeftUpperArm"] = CFrame.new(-0.135905, -0.226794, 0.139100, 0.906177, -0.099153, -0.411110, 0.004341, 0.974255, -0.225406, 0.422876, 0.202473, 0.883278),
      ["LeftUpperLeg"] = CFrame.new(-0.564095, -0.271321, -1.015458, 0.870251, -0.338882, 0.357523, -0.259980, 0.300510, 0.917663, -0.418419, -0.891545, 0.173416),
      ["LowerTorso"] = CFrame.new(0.000000, -0.046283, 0.036845, 1.000000, 0.000000, 0.000000, 0.000000, 0.994290, -0.106714, 0.000000, 0.106714, 0.994290),
      ["RightUpperArm"] = CFrame.new(0.007722, -0.282916, 0.044520, 0.886546, 0.060186, 0.458710, -0.001393, 0.991845, -0.127445, -0.462639, 0.112347, 0.879399),
      ["RightUpperLeg"] = CFrame.new(-0.001708, 0.022406, -0.214072, 0.999939, 0.001135, -0.011018, -0.000418, 0.997898, 0.064797, 0.011068, -0.064788, 0.997838)
    }},
    { Time = 0.650, Data = {
      ["Head"] = CFrame.new(-0.000000, 0.016662, 0.000000, 0.999955, 0.000731, 0.009481, -0.004346, 0.921980, 0.387212, -0.008458, -0.387236, 0.921942),
      ["LeftUpperArm"] = CFrame.new(-0.135905, -0.226515, 0.139144, 0.907130, -0.099068, -0.409024, 0.004788, 0.974265, -0.225354, 0.420823, 0.202467, 0.884260),
      ["LeftUpperLeg"] = CFrame.new(-0.564009, -0.271664, -1.014647, 0.870168, -0.338836, 0.357768, -0.260055, 0.300922, 0.917506, -0.418545, -0.891424, 0.173737),
      ["LowerTorso"] = CFrame.new(0.000000, -0.044797, 0.036865, 1.000000, 0.000000, 0.000000, 0.000000, 0.994225, -0.107316, 0.000000, 0.107316, 0.994225),
      ["RightUpperArm"] = CFrame.new(0.007737, -0.282554, 0.044537, 0.887157, 0.060174, 0.457527, -0.001583, 0.991853, -0.127381, -0.461464, 0.112283, 0.880025),
      ["RightUpperLeg"] = CFrame.new(-0.001783, 0.021253, -0.207344, 0.999939, 0.001033, -0.011022, -0.000348, 0.998079, 0.061952, 0.011065, -0.061945, 0.998018)
    }},
    { Time = 0.667, Data = {
