return {
  ["Astros missonary"] = {
    { Time = 0.000, Data = {
      ["Balls"] = CFrame.new(0.000000, 0.000000, 0.000000, 0.705812, -0.708400, 0.000000, 0.708400, 0.705812, 0.000000, 0.000000, 0.000000, 1.000000),
      ["Cock"] = CFrame.new(0.000000, 0.000000, 0.000000, 0.970518, -0.241027, 0.000000, 0.241027, 0.970518, 0.000000, 0.000000, 0.000000, 1.000000),
      ["Head"] = CFrame.new(0.000000, -0.000000, 0.000000, 1.000000, -0.000000, 0.000000, 0.000000, 0.891277, 0.453460, -0.000000, -0.453460, 0.891277),
      ["LeftUpperArm"] = CFrame.new(-0.026732, 0.000241, -0.183879, 0.899087, 0.080903, 0.430230, 0.115819, 0.903796, -0.411993, -0.422172, 0.420246, 0.803221),
      ["LeftUpperLeg"] = CFrame.new(-0.646554, 0.386293, -0.286493, 0.956905, 0.176776, 0.230397, 0.177183, 0.273193, -0.945501, -0.230085, 0.945577, 0.230098),
      ["LowerTorso"] = CFrame.new(0.000000, -1.565797, -0.569082, 1.000000, 0.000000, 0.000000, 0.000000, -0.002806, -0.999996, 0.000000, 0.999996, -0.002806),
      ["RightUpperArm"] = CFrame.new(0.026732, 0.000241, -0.183879, 0.899087, -0.080903, -0.430230, -0.115819, 0.903796, -0.411993, 0.422172, 0.420246, 0.803221),
      ["RightUpperLeg"] = CFrame.new(0.699246, 0.386306, -0.286478, 0.956905, -0.176776, -0.230397, -0.177183, 0.273193, -0.945501, 0.230085, 0.945577, 0.230098)
    }},
    { Time = 0.017, Data = {
      ["Balls"] = CFrame.new(0.000001, -0.000001, 0.000000, 0.705812, -0.708400, 0.000000, 0.708400, 0.705812, 0.000000, 0.000000, 0.000000, 1.000000),
      ["Cock"] = CFrame.new(0.000000, 0.000000, 0.000000, 0.970560, -0.240859, 0.000000, 0.240859, 0.970560, 0.000000, 0.000000, 0.000000, 1.000000),
      ["Head"] = CFrame.new(0.000000, 0.000000, 0.000000, 1.000000, -0.000000, 0.000000, 0.000000, 0.889742, 0.456464, -0.000000, -0.456464, 0.889742),
      ["LeftUpperArm"] = CFrame.new(-0.026745, 0.000278, -0.183829, 0.899085, 0.080841, 0.430245, 0.115920, 0.903757, -0.412051, -0.422147, 0.420343, 0.803183),
      ["LeftUpperLeg"] = CFrame.new(-0.646578, 0.386275, -0.286614, 0.956905, 0.176802, 0.230378, 0.177208, 0.272984, -0.945556, -0.230066, 0.945633, 0.229889),
      ["LowerTorso"] = CFrame.new(0.000000, -1.565991, -0.569082, 1.000000, 0.000000, 0.000000, 0.000000, -0.002684, -0.999996, 0.000000, 0.999996, -0.002684),
      ["RightUpperArm"] = CFrame.new(0.026745, 0.000272, -0.183832, 0.899085, -0.080841, -0.430245, -0.115920, 0.903757, -0.412051, 0.422147, 0.420343, 0.803183),
      ["RightUpperLeg"] = CFrame.new(0.699270, 0.386288, -0.286599, 0.956905, -0.176802, -0.230378, -0.177208, 0.272984, -0.945556, 0.230066, 0.945633, 0.229889)
    }},
    { Time = 0.033, Data = {
      ["Balls"] = CFrame.new(0.000001, -0.000001, 0.000000, 0.705812, -0.708400, 0.000000, 0.708400, 0.705812, 0.000000, 0.000000, 0.000000, 1.000000),
      ["Cock"] = CFrame.new(0.000000, 0.000000, 0.000000, 0.970623, -0.240605, 0.000000, 0.240605, 0.970623, 0.000000, 0.000000, 0.000000, 1.000000),
      ["Head"] = CFrame.new(0.000000, -0.000000, 0.000000, 1.000000, -0.000000, 0.000000, 0.000000, 0.888237, 0.459386, -0.000000, -0.459386, 0.888237),
      ["LeftUpperArm"] = CFrame.new(-0.026728, 0.000368, -0.183648, 0.899084, 0.080857, 0.430245, 0.116098, 0.903566, -0.412419, -0.422102, 0.420750, 0.802994),
      ["LeftUpperLeg"] = CFrame.new(-0.646638, 0.386183, -0.286954, 0.956930, 0.176800, 0.230274, 0.177206, 0.272568, -0.945677, -0.229961, 0.945753, 0.229498),
      ["LowerTorso"] = CFrame.new(0.000000, -1.566572, -0.569083, 1.000000, 0.000000, 0.000000, 0.000000, -0.002318, -0.999997, 0.000000, 0.999997, -0.002318),
      ["RightUpperArm"] = CFrame.new(0.026736, 0.000354, -0.183682, 0.899084, -0.080837, -0.430249, -0.116079, 0.903604, -0.412342, 0.422107, 0.420672, 0.803032),
      ["RightUpperLeg"] = CFrame.new(0.699329, 0.386196, -0.286939, 0.956930, -0.176800, -0.230274, -0.177206, 0.272568, -0.945677, 0.229961, 0.945753, 0.229498)
    }},
    { Time = 0.050, Data = {
      ["Balls"] = CFrame.new(0.000001, -0.000001, 0.000000, 0.705812, -0.708400, 0.000000, 0.708400, 0.705812, 0.000000, 0.000000, 0.000000, 1.000000),
      ["Cock"] = CFrame.new(0.000000, 0.000000, 0.000000, 0.970748, -0.240099, 0.000000, 0.240099, 0.970748, 0.000000, 0.000000, 0.000000, 1.000000),
      ["Head"] = CFrame.new(0.000000, -0.000000, 0.000000, 1.000000, -0.000000, 0.000000, 0.000000, 0.886763, 0.462225, -0.000000, -0.462225, 0.886763),
      ["LeftUpperArm"] = CFrame.new(-0.026742, 0.000530, -0.183366, 0.899118, 0.080729, 0.430198, 0.116459, 0.903296, -0.412909, -0.421930, 0.421354, 0.802768),
      ["LeftUpperLeg"] = CFrame.new(-0.646745, 0.386044, -0.287540, 0.956956, 0.176824, 0.230150, 0.177230, 0.271943, -0.945852, -0.229837, 0.945928, 0.228899),
      ["LowerTorso"] = CFrame.new(0.000000, -1.567414, -0.569085, 1.000000, 0.000000, 0.000000, 0.000000, -0.001830, -0.999998, 0.000000, 0.999998, -0.001830),
      ["RightUpperArm"] = CFrame.new(0.026752, 0.000485, -0.183417, 0.899118, -0.080709, -0.430202, -0.116440, 0.903334, -0.412831, 0.421935, 0.421277, 0.802806),
      ["RightUpperLeg"] = CFrame.new(0.699433, 0.386091, -0.287499, 0.956956, -0.176757, -0.230202, -0.177298, 0.271943, -0.945840, 0.229785, 0.945941, 0.228899)
    }},
    { Time = 0.067, Data = {
      ["Balls"] = CFrame.new(0.000001, -0.000001, 0.000000, 0.705812, -0.708400, 0.000000, 0.708400, 0.705812, 0.000000, 0.000000, 0.000000, 1.000000),
      ["Cock"] = CFrame.new(0.000000, 0.000000, 0.000000, 0.970915, -0.239424, 0.000000, 0.239424, 0.970915, 0.000000, 0.000000, 0.000000, 1.000000),
      ["Head"] = CFrame.new(0.000000, 0.000000, 0.000000, 1.000000, -0.000000, 0.000000, 0.000000, 0.885320, 0.464981, -0.000000, -0.464981, 0.885320),
      ["LeftUpperArm"] = CFrame.new(-0.026738, 0.000751, -0.182975, 0.899190, 0.080640, 0.430063, 0.116859, 0.902911, -0.413636, -0.421665, 0.422195, 0.802465),
      ["LeftUpperLeg"] = CFrame.new(-0.646899, 0.385900, -0.288334, 0.956981, 0.176819, 0.230049, 0.177360, 0.271005, -0.946097, -0.229632, 0.946198, 0.227986),
      ["LowerTorso"] = CFrame.new(0.000000, -1.568761, -0.569086, 1.000000, 0.000000, 0.000000, 0.000000, -0.000976, -1.000000, 0.000000, 1.000000, -0.000976),
      ["RightUpperArm"] = CFrame.new(0.026757, 0.000675, -0.183069, 0.899190, -0.080601, -0.430071, -0.116821, 0.902987, -0.413481, 0.421675, 0.422039, 0.802541),
      ["RightUpperLeg"] = CFrame.new(0.699571, 0.385922, -0.288262, 0.957006, -0.176699, -0.230036, -0.177375, 0.271005, -0.946094, 0.229515, 0.946221, 0.228012)
    }},
    { Time = 0.083, Data = {
      ["Balls"] = CFrame.new(0.000001, -0.000001, 0.000000, 0.705812, -0.708400, 0.000000, 0.708400, 0.705812, 0.000000, 0.000000, 0.000000, 1.000000),
      ["Cock"] = CFrame.new(0.000000, 0.000000, 0.000000, 0.971123, -0.238579, 0.000000, 0.238579, 0.971123, 0.000000, 0.000000, 0.000000, 1.000000),
      ["Head"] = CFrame.new(0.000000, 0.000000, -0.000000, 1.000000, -0.000000, 0.000000, 0.000000, 0.883952, 0.467577, -0.000000, -0.467577, 0.883952),
      ["LeftUpperArm"] = CFrame.new(-0.026755, 0.001037, -0.182490, 0.899220, 0.080446, 0.430036, 0.117480, 0.902447, -0.414474, -0.421427, 0.423224, 0.802048),
      ["LeftUpperLeg"] = CFrame.new(-0.647084, 0.385653, -0.289351, 0.957032, 0.176854, 0.229811, 0.177395, 0.269858, -0.946419, -0.229394, 0.946520, 0.226890),
      ["LowerTorso"] = CFrame.new(0.000000, -1.570362, -0.569086, 1.000000, 0.000000, 0.000000, 0.000000, -0.000000, -1.000000, 0.000000, 1.000000, -0.000000),
      ["RightUpperArm"] = CFrame.new(0.026756, 0.000909, -0.182618, 0.899222, -0.080489, -0.430024, -0.117360, 0.902524, -0.414339, 0.421457, 0.423050, 0.802124),
      ["RightUpperLeg"] = CFrame.new(0.699739, 0.385690, -0.289217, 0.957082, -0.176627, -0.229776, -0.177438, 0.269754, -0.946440, 0.229150, 0.946592, 0.226836)
    }},
    { Time = 0.100, Data = {
      ["Balls"] = CFrame.new(0.000001, -0.000001, 0.000000, 0.705812, -0.708400, 0.000000, 0.708400, 0.705812, 0.000000, 0.000000, 0.000000, 1.000000),
      ["Cock"] = CFrame.new(0.000000, 0.000000, 0.000000, 0.971371, -0.237566, 0.000000, 0.237566, 0.971371, 0.000000, 0.000000, 0.000000, 1.000000),
      ["Head"] = CFrame.new(0.000000, 0.000000, 0.000000, 1.000000, -0.000000, 0.000000, 0.000000, 0.882618, 0.470092, -0.000000, -0.470092, 0.882618),
      ["LeftUpperArm"] = CFrame.new(-0.026754, 0.001375, -0.181899, 0.899289, 0.080291, 0.429921, 0.118139, 0.901866, -0.415549, -0.421096, 0.424490, 0.801553),
      ["LeftUpperLeg"] = CFrame.new(-0.647298, 0.385346, -0.290548, 0.957107, 0.176874, 0.229479, 0.177415, 0.268397, -0.946830, -0.229062, 0.946931, 0.225505),
      ["LowerTorso"] = CFrame.new(0.000000, -1.572330, -0.569085, 1.000000, 0.000000, 0.000000, 0.000000, 0.001220, -0.999999, 0.000000, 0.999999, 0.001220),
      ["RightUpperArm"] = CFrame.new(0.026761, 0.001182, -0.182061, 0.899291, -0.080334, -0.429909, -0.118019, 0.901944, -0.415414, 0.421126, 0.424316, 0.801629),
      ["RightUpperLeg"] = CFrame.new(0.699949, 0.385410, -0.290394, 0.957158, -0.176567, -0.229505, -0.177513, 0.268397, -0.946811, 0.228774, 0.946988, 0.225555)
    }},
    { Time = 0.117, Data = {
      ["Balls"] = CFrame.new(0.000001, -0.000001, 0.000000, 0.705812, -0.708400, 0.000000, 0.708400, 0.705812, 0.000000, 0.000000, 0.000000, 1.000000),
      ["Cock"] = CFrame.new(0.000000, 0.000000, 0.000000, 0.971660, -0.236383, 0.000000, 0.236383, 0.971660, 0.000000, 0.000000, 0.000000, 1.000000),
      ["Head"] = CFrame.new(0.000000, -0.000000, 0.000000, 1.000000, -0.000000, 0.000000, 0.000000, 0.881401, 0.472368, -0.000000, -0.472368, 0.881401),
      ["LeftUpperArm"] = CFrame.new(-0.026758, 0.001757, -0.181201, 0.899395, 0.080093, 0.429737, 0.118919, 0.901166, -0.416842, -0.420651, 0.426010, 0.800980),
      ["LeftUpperLeg"] = CFrame.new(-0.647564, 0.385055, -0.291959, 0.957158, 0.176892, 0.229255, 0.177567, 0.266830, -0.947244, -0.228732, 0.947371, 0.223988),
      ["LowerTorso"] = CFrame.new(0.000000, -1.574536, -0.569082, 1.000000, 0.000000, 0.000000, 0.000000, 0.002562, -0.999997, 0.000000, 0.999997, 0.002562),
      ["RightUpperArm"] = CFrame.new(0.026776, 0.001511, -0.181446, 0.899358, -0.080117, -0.429810, -0.118779, 0.901321, -0.416547, 0.420769, 0.425677, 0.801095),
      ["RightUpperLeg"] = CFrame.new(0.700197, 0.385134, -0.291742, 0.957234, -0.176478, -0.229259, -0.177693, 0.266725, -0.947250, 0.228318, 0.947477, 0.223959)
    }},
    { Time = 0.133, Data = {
      ["Balls"] = CFrame.new(0.000001, -0.000001, 0.000000, 0.705812, -0.708400, 0.000000, 0.708400, 0.705812, 0.000000, 0.000000, 0.000000, 1.000000),
      ["Cock"] = CFrame.new(0.000000, 0.000000, 0.000000, 0.971988, -0.235032, 0.000000, 0.235032, 0.971988, 0.000000, 0.000000, 0.000000, 1.000000),
      ["Head"] = CFrame.new(0.000000, -0.000000, -0.000000, 1.000000, -0.000000, 0.000000, 0.000000, 0.880306, 0.474407, -0.000000, -0.474407, 0.880306),
      ["LeftUpperArm"] = CFrame.new(-0.026745, 0.002198, -0.180447, 0.899462, 0.079935, 0.429627, 0.119735, 0.900426, -0.418206, -0.420276, 0.427602, 0.800328),
      ["LeftUpperLeg"] = CFrame.new(-0.647854, 0.384678, -0.293543, 0.957234, 0.176963, 0.228884, 0.177638, 0.264947, -0.947759, -0.228360, 0.947886, 0.222181),
      ["LowerTorso"] = CFrame.new(0.000000, -1.576970, -0.569077, 1.000000, 0.000000, 0.000000, 0.000000, 0.004025, -0.999992, 0.000000, 0.999992, 0.004025),
      ["RightUpperArm"] = CFrame.new(0.026798, 0.001870, -0.180731, 0.899462, -0.079856, -0.429641, -0.119659, 0.900580, -0.417897, 0.420298, 0.427293, 0.800481),
      ["RightUpperLeg"] = CFrame.new(0.700467, 0.384799, -0.293242, 0.957334, -0.176361, -0.228927, -0.177846, 0.264842, -0.947750, 0.227776, 0.948027, 0.222178)
    }},
    { Time = 0.150, Data = {
      ["Balls"] = CFrame.new(0.000001, -0.000001, 0.000000, 0.705812, -0.708400, 0.000000, 0.708400, 0.705812, 0.000000, 0.000000, 0.000000, 1.000000),
      ["Cock"] = CFrame.new(0.000000, 0.000000, 0.000000, 0.972354, -0.233510, 0.000000, 0.233510, 0.972354, 0.000000, 0.000000, 0.000000, 1.000000),
      ["Head"] = CFrame.new(0.000000, 0.000000, 0.000000, 1.000000, -0.000000, 0.000000, 0.000000, 0.879290, 0.476287, -0.000000, -0.476287, 0.879290),
      ["LeftUpperArm"] = CFrame.new(-0.026760, 0.002671, -0.179588, 0.899563, 0.079651, 0.429468, 0.120754, 0.899563, -0.419768, -0.419768, 0.429468, 0.799595),
      ["LeftUpperLeg"] = CFrame.new(-0.648163, 0.384274, -0.295239, 0.957335, 0.176926, 0.228490, 0.177735, 0.262957, -0.948295, -0.227861, 0.948446, 0.220292),
      ["LowerTorso"] = CFrame.new(0.000000, -1.579742, -0.569069, 1.000000, 0.000000, 0.000000, 0.000000, 0.005729, -0.999984, 0.000000, 0.999984, 0.005729),
      ["RightUpperArm"] = CFrame.new(0.026804, 0.002272, -0.179969, 0.899526, -0.079635, -0.429547, -0.120576, 0.899796, -0.419318, 0.419898, 0.428981, 0.799788),
      ["RightUpperLeg"] = CFrame.new(0.700758, 0.384403, -0.294880, 0.957460, -0.176204, -0.228521, -0.177958, 0.262852, -0.948283, 0.227159, 0.948610, 0.220313)
    }},
    { Time = 0.167, Data = {
      ["Balls"] = CFrame.new(0.000001, -0.000001, 0.000000, 0.705812, -0.708400, 0.000000, 0.708400, 0.705812, 0.000000, 0.000000, 0.000000, 1.000000),
      ["Cock"] = CFrame.new(-0.000000, -0.000000, 0.000000, 0.972718, -0.231989, 0.000000, 0.231989, 0.972718, 0.000000, 0.000000, 0.000000, 1.000000),
      ["Head"] = CFrame.new(0.000000, -0.000000, 0.000000, 1.000000, -0.000000, 0.000000, 0.000000, 0.878440, 0.477852, -0.000000, -0.477852, 0.878440),
      ["LeftUpperArm"] = CFrame.new(-0.026766, 0.003187, -0.178681, 0.899664, 0.079387, 0.429305, 0.121790, 0.898657, -0.421406, -0.419252, 0.431409, 0.798820),
      ["LeftUpperLeg"] = CFrame.new(-0.648514, 0.383872, -0.297111, 0.957410, 0.176966, 0.228142, 0.177909, 0.260755, -0.948871, -0.227407, 0.949047, 0.218165),
      ["LowerTorso"] = CFrame.new(0.000000, -1.582719, -0.569056, 1.000000, 0.000000, 0.000000, 0.000000, 0.007555, -0.999971, 0.000000, 0.999971, 0.007555),
      ["RightUpperArm"] = CFrame.new(0.026802, 0.002701, -0.179140, 0.899629, -0.079433, -0.429370, -0.121512, 0.898932, -0.420899, 0.419408, 0.430826, 0.799053),
      ["RightUpperLeg"] = CFrame.new(0.701076, 0.383983, -0.296663, 0.957586, -0.176072, -0.228097, -0.178094, 0.260649, -0.948865, 0.226522, 0.949242, 0.218236)
    }},
    { Time = 0.183, Data = {
      ["Balls"] = CFrame.new(0.000001, -0.000001, 0.000000, 0.705812, -0.708400, 0.000000, 0.708400, 0.705812, 0.000000, 0.000000, 0.000000, 1.000000),
      ["Cock"] = CFrame.new(0.000000, 0.000000, 0.000000, 0.973120, -0.230298, 0.000000, 0.230298, 0.973120, 0.000000, 0.000000, 0.000000, 1.000000),
      ["Head"] = CFrame.new(0.000000, -0.000000, 0.000000, 1.000000, -0.000000, 0.000000, 0.000000, 0.877716, 0.479182, -0.000000, -0.479182, 0.877716),
      ["LeftUpperArm"] = CFrame.new(-0.026757, 0.003729, -0.177708, 0.899764, 0.079162, 0.429137, 0.122864, 0.897669, -0.423197, -0.418724, 0.433503, 0.797963),
      ["LeftUpperLeg"] = CFrame.new(-0.648876, 0.383386, -0.299103, 0.957511, 0.177033, 0.227666, 0.177976, 0.258444, -0.949490, -0.226930, 0.949666, 0.215955),
      ["LowerTorso"] = CFrame.new(0.000000, -1.585889, -0.569039, 1.000000, 0.000000, 0.000000, 0.000000, 0.009499, -0.999955, 0.000000, 0.999955, 0.009499),
      ["RightUpperArm"] = CFrame.new(0.026828, 0.003149, -0.178239, 0.899727, -0.079107, -0.429224, -0.122649, 0.897982, -0.422593, 0.418866, 0.432862, 0.798237),
      ["RightUpperLeg"] = CFrame.new(0.701418, 0.383545, -0.298567, 0.957711, -0.175965, -0.227653, -0.178253, 0.258233, -0.949496, 0.225865, 0.949922, 0.215946)
    }},
    { Time = 0.200, Data = {
      ["Balls"] = CFrame.new(0.000001, -0.000001, 0.000000, 0.705812, -0.708400, 0.000000, 0.708400, 0.705812, 0.000000, 0.000000, 0.000000, 1.000000),
      ["Cock"] = CFrame.new(0.000000, 0.000000, 0.000000, 0.973539, -0.228521, 0.000000, 0.228521, 0.973539, 0.000000, 0.000000, 0.000000, 1.000000),
      ["Head"] = CFrame.new(0.000000, 0.000000, -0.000000, 1.000000, -0.000000, 0.000000, 0.000000, 0.877117, 0.480276, -0.000000, -0.480276, 0.877117),
      ["LeftUpperArm"] = CFrame.new(-0.026766, 0.004296, -0.176689, 0.899900, 0.078854, 0.428908, 0.124019, 0.896634, -0.425050, -0.418091, 0.435695, 0.797101),
      ["LeftUpperLeg"] = CFrame.new(-0.649258, 0.382921, -0.301166, 0.957612, 0.177058, 0.227224, 0.178134, 0.255918, -0.950144, -0.226382, 0.950346, 0.213530),
      ["LowerTorso"] = CFrame.new(0.000000, -1.589236, -0.569017, 1.000000, 0.000000, 0.000000, 0.000000, 0.011564, -0.999933, 0.000000, 0.999933, 0.011564),
      ["RightUpperArm"] = CFrame.new(0.026836, 0.003629, -0.177326, 0.899865, -0.078842, -0.428983, -0.123684, 0.897029, -0.424312, 0.418264, 0.434882, 0.797454),
      ["RightUpperLeg"] = CFrame.new(0.701779, 0.383081, -0.300577, 0.957836, -0.175857, -0.227209, -0.178412, 0.255812, -0.950121, 0.225208, 0.950597, 0.213651)
    }},
    { Time = 0.217, Data = {
      ["Balls"] = CFrame.new(0.000001, -0.000001, 0.000000, 0.705812, -0.708400, 0.000000, 0.708400, 0.705812, 0.000000, 0.000000, 0.000000, 1.000000),
      ["Cock"] = CFrame.new(0.000000, 0.000000, 0.000000, 0.973974, -0.226660, 0.000000, 0.226660, 0.973974, 0.000000, 0.000000, 0.000000, 1.000000),
      ["Head"] = CFrame.new(0.000000, 0.000000, 0.000000, 1.000000, -0.000000, 0.000000, 0.000000, 0.876732, 0.480979, -0.000000, -0.480979, 0.876732),
      ["LeftUpperArm"] = CFrame.new(-0.026763, 0.004882, -0.175636, 0.899997, 0.078585, 0.428754, 0.125210, 0.895554, -0.426972, -0.417526, 0.437958, 0.796156),
      ["LeftUpperLeg"] = CFrame.new(-0.649655, 0.382430, -0.303314, 0.957712, 0.177069, 0.226791, 0.178279, 0.253495, -0.950767, -0.225842, 0.950993, 0.211207),
      ["LowerTorso"] = CFrame.new(0.000000, -1.592624, -0.568991, 1.000000, 0.000000, 0.000000, 0.000000, 0.013626, -0.999907, 0.000000, 0.999907, 0.013626),
      ["RightUpperArm"] = CFrame.new(0.026853, 0.004123, -0.176375, 0.899962, -0.078535, -0.428836, -0.124838, 0.896030, -0.426081, 0.417712, 0.436992, 0.796590),
      ["RightUpperLeg"] = CFrame.new(0.702155, 0.382605, -0.302663, 0.957961, -0.175761, -0.226756, -0.178582, 0.253282, -0.950766, 0.224541, 0.951292, 0.211246)
    }},
    { Time = 0.233, Data = {
      ["Balls"] = CFrame.new(0.000001, -0.000001, 0.000000, 0.705812, -0.708400, 0.000000, 0.708400, 0.705812, 0.000000, 0.000000, 0.000000, 1.000000),
      ["Cock"] = CFrame.new(0.000000, 0.000000, 0.000000, 0.974405, -0.224798, 0.000000, 0.224798, 0.974405, 0.000000, 0.000000, 0.000000, 1.000000),
      ["Head"] = CFrame.new(0.000000, -0.000000, 0.000000, 1.000000, -0.000000, 0.000000, 0.000000, 0.876475, 0.481448, -0.000000, -0.481448, 0.876475),
      ["LeftUpperArm"] = CFrame.new(-0.026785, 0.005484, -0.174568, 0.900129, 0.078215, 0.428544, 0.126463, 0.894466, -0.428880, -0.416863, 0.440242, 0.795244),
      ["LeftUpperLeg"] = CFrame.new(-0.650063, 0.381939, -0.305507, 0.957812, 0.177105, 0.226339, 0.178448, 0.250855, -0.951435, -0.225283, 0.951686, 0.208668),
      ["LowerTorso"] = CFrame.new(0.000000, -1.596162, -0.568959, 1.000000, 0.000000, 0.000000, 0.000000, 0.015807, -0.999875, 0.000000, 0.999875, 0.015807),
      ["RightUpperArm"] = CFrame.new(0.026868, 0.004622, -0.175395, 0.900097, -0.078226, -0.428609, -0.125990, 0.894987, -0.427931, 0.417075, 0.439180, 0.795719),
      ["RightUpperLeg"] = CFrame.new(0.702529, 0.382129, -0.304740, 0.958111, -0.175557, -0.226282, -0.178778, 0.250642, -0.951429, 0.223746, 0.952029, 0.208757)
    }},
    { Time = 0.250, Data = {
      ["Balls"] = CFrame.new(0.000001, -0.000001, 0.000000, 0.705812, -0.708400, 0.000000, 0.708400, 0.705812, 0.000000, 0.000000, 0.000000, 1.000000),
      ["Cock"] = CFrame.new(0.000000, 0.000000, 0.000000, 0.974853, -0.222850, 0.000000, 0.222850, 0.974853, 0.000000, 0.000000, 0.000000, 1.000000),
      ["Head"] = CFrame.new(0.000000, -0.000000, 0.000000, 1.000000, -0.000000, 0.000000, 0.000000, 0.876389, 0.481604, -0.000000, -0.481604, 0.876389),
      ["LeftUpperArm"] = CFrame.new(-0.026780, 0.006085, -0.173479, 0.900263, 0.077945, 0.428312, 0.127652, 0.893334, -0.430882, -0.416211, 0.442582, 0.794286),
      ["LeftUpperLeg"] = CFrame.new(-0.650463, 0.381381, -0.307721, 0.957937, 0.177155, 0.225770, 0.178496, 0.248211, -0.952119, -0.224711, 0.952369, 0.206149),
      ["LowerTorso"] = CFrame.new(0.000000, -1.599713, -0.568922, 1.000000, 0.000000, 0.000000, 0.000000, 0.017986, -0.999838, 0.000000, 0.999838, 0.017986),
      ["RightUpperArm"] = CFrame.new(0.026900, 0.005127, -0.174407, 0.900191, -0.077856, -0.428480, -0.127243, 0.893935, -0.429755, 0.416493, 0.441383, 0.794805),
      ["RightUpperLeg"] = CFrame.new(0.702920, 0.381637, -0.306902, 0.958235, -0.175472, -0.225820, -0.178958, 0.247997, -0.952088, 0.223068, 0.952736, 0.206238)
    }},
    { Time = 0.267, Data = {
      ["Balls"] = CFrame.new(0.000001, -0.000001, 0.000000, 0.705812, -0.708400, 0.000000, 0.708400, 0.705812, 0.000000, 0.000000, 0.000000, 1.000000),
      ["Cock"] = CFrame.new(0.000000, 0.000000, 0.000000, 0.975277, -0.220987, 0.000000, 0.220987, 0.975277, 0.000000, 0.000000, 0.000000, 1.000000),
      ["Head"] = CFrame.new(0.000000, -0.000000, 0.000000, 1.000000, -0.000000, 0.000000, 0.000000, 0.876475, 0.481448, -0.000000, -0.481448, 0.876475),
      ["LeftUpperArm"] = CFrame.new(-0.026774, 0.006694, -0.172413, 0.900358, 0.077676, 0.428161, 0.128840, 0.892236, -0.432799, -0.415639, 0.444839, 0.793324),
      ["LeftUpperLeg"] = CFrame.new(-0.650875, 0.380876, -0.309946, 0.958037, 0.177177, 0.225328, 0.178650, 0.245669, -0.952749, -0.224161, 0.953024, 0.203707),
      ["LowerTorso"] = CFrame.new(0.000000, -1.603261, -0.568880, 1.000000, 0.000000, 0.000000, 0.000000, 0.020162, -0.999797, 0.000000, 0.999797, 0.020162),
      ["RightUpperArm"] = CFrame.new(0.026909, 0.005621, -0.173403, 0.900324, -0.077567, -0.428252, -0.128412, 0.892840, -0.431679, 0.415845, 0.443644, 0.793885),
      ["RightUpperLeg"] = CFrame.new(0.703299, 0.381153, -0.309006, 0.958384, -0.175267, -0.225347, -0.179151, 0.245348, -0.952738, 0.222272, 0.953460, 0.203738)
    }},
    { Time = 0.283, Data = {
      ["Balls"] = CFrame.new(0.000001, -0.000001, 0.000000, 0.705812, -0.708400, 0.000000, 0.708400, 0.705812, 0.000000, 0.000000, 0.000000, 1.000000),
      ["Cock"] = CFrame.new(0.000000, 0.000000, 0.000000, 0.975697, -0.219123, 0.000000, 0.219123, 0.975697, 0.000000, 0.000000, 0.000000, 1.000000),
      ["Head"] = CFrame.new(0.000000, 0.000000, 0.000000, 1.000000, -0.000000, 0.000000, 0.000000, 0.876732, 0.480979, -0.000000, -0.480979, 0.876732),
      ["LeftUpperArm"] = CFrame.new(-0.026791, 0.007281, -0.171326, 0.900488, 0.077324, 0.427951, 0.130108, 0.891089, -0.434778, -0.414962, 0.447192, 0.792355),
      ["LeftUpperLeg"] = CFrame.new(-0.651282, 0.380384, -0.312138, 0.958137, 0.177211, 0.224876, 0.178817, 0.243016, -0.953398, -0.223601, 0.953698, 0.201154),
      ["LowerTorso"] = CFrame.new(0.000000, -1.606792, -0.568833, 1.000000, 0.000000, 0.000000, 0.000000, 0.022336, -0.999750, 0.000000, 0.999750, 0.022336),
      ["RightUpperArm"] = CFrame.new(0.026925, 0.006126, -0.172445, 0.900418, -0.077259, -0.428110, -0.129562, 0.891819, -0.433442, 0.415284, 0.445746, 0.793000),
      ["RightUpperLeg"] = CFrame.new(0.703674, 0.380635, -0.311114, 0.958533, -0.175115, -0.224832, -0.179263, 0.242800, -0.953369, 0.221538, 0.954140, 0.201340)
    }},
    { Time = 0.300, Data = {
      ["Balls"] = CFrame.new(0.000001, -0.000001, 0.000000, 0.705812, -0.708400, 0.000000, 0.708400, 0.705812, 0.000000, 0.000000, 0.000000, 1.000000),
      ["Cock"] = CFrame.new(0.000000, 0.000000, 0.000000, 0.976114, -0.217258, 0.000000, 0.217258, 0.976114, 0.000000, 0.000000, 0.000000, 1.000000),
      ["Head"] = CFrame.new(0.000000, 0.000000, -0.000000, 1.000000, -0.000000, 0.000000, 0.000000, 0.877117, 0.480276, -0.000000, -0.480276, 0.877117),
      ["LeftUpperArm"] = CFrame.new(-0.026799, 0.007869, -0.170295, 0.900620, 0.077015, 0.427730, 0.131256, 0.890019, -0.436621, -0.414314, 0.449371, 0.791460),
      ["LeftUpperLeg"] = CFrame.new(-0.651667, 0.379864, -0.314254, 0.958262, 0.177166, 0.224379, 0.178904, 0.240571, -0.954002, -0.222996, 0.954326, 0.198834),
      ["LowerTorso"] = CFrame.new(0.000000, -1.610170, -0.568785, 1.000000, 0.000000, 0.000000, 0.000000, 0.024387, -0.999703, 0.000000, 0.999703, 0.024387),
      ["RightUpperArm"] = CFrame.new(0.026942, 0.006601, -0.171476, 0.900550, -0.076949, -0.427888, -0.130710, 0.890753, -0.435287, 0.414637, 0.447927, 0.792109),
      ["RightUpperLeg"] = CFrame.new(0.704051, 0.380155, -0.313199, 0.958657, -0.175016, -0.224381, -0.179427, 0.240248, -0.953985, 0.220869, 0.954804, 0.198913)
    }},
    { Time = 0.317, Data = {
      ["Balls"] = CFrame.new(0.000001, -0.000001, 0.000000, 0.705812, -0.708400, 0.000000, 0.708400, 0.705812, 0.000000, 0.000000, 0.000000, 1.000000),
      ["Cock"] = CFrame.new(0.000000, 0.000000, 0.000000, 0.976509, -0.215478, 0.000000, 0.215478, 0.976509, 0.000000, 0.000000, 0.000000, 1.000000),
      ["Head"] = CFrame.new(0.000000, -0.000000, 0.000000, 1.000000, -0.000000, 0.000000, 0.000000, 0.877716, 0.479182, -0.000000, -0.479182, 0.877716),
      ["LeftUpperArm"] = CFrame.new(-0.026804, 0.008426, -0.169281, 0.900712, 0.076725, 0.427587, 0.132422, 0.888943, -0.438456, -0.413741, 0.451545, 0.790522),
      ["LeftUpperLeg"] = CFrame.new(-0.652050, 0.379357, -0.316347, 0.958362, 0.177241, 0.223894, 0.178977, 0.238122, -0.954602, -0.222509, 0.954926, 0.196485),
      ["LowerTorso"] = CFrame.new(0.000000, -1.613502, -0.568733, 1.000000, 0.000000, 0.000000, 0.000000, 0.026436, -0.999651, 0.000000, 0.999651, 0.026436),
      ["RightUpperArm"] = CFrame.new(0.026945, 0.007072, -0.170567, 0.900646, -0.076703, -0.427731, -0.131757, 0.889764, -0.436990, 0.414098, 0.449930, 0.791256),
      ["RightUpperLeg"] = CFrame.new(0.704413, 0.379726, -0.315176, 0.958780, -0.174849, -0.223984, -0.179656, 0.237691, -0.954582, 0.220147, 0.955474, 0.196481)
    }},
    { Time = 0.333, Data = {
      ["Balls"] = CFrame.new(0.000001, -0.000001, 0.000000, 0.705812, -0.708400, 0.000000, 0.708400, 0.705812, 0.000000, 0.000000, 0.000000, 1.000000),
      ["Cock"] = CFrame.new(0.000000, 0.000000, 0.000000, 0.976881, -0.213782, 0.000000, 0.213782, 0.976881, 0.000000, 0.000000, 0.000000, 1.000000),
      ["Head"] = CFrame.new(0.000000, -0.000000, 0.000000, 1.000000, -0.000000, 0.000000, 0.000000, 0.878440, 0.477852, -0.000000, -0.477852, 0.878440),
      ["LeftUpperArm"] = CFrame.new(-0.026796, 0.008955, -0.168313, 0.900807, 0.076498, 0.427428, 0.133486, 0.887905, -0.440233, -0.413193, 0.453621, 0.789620),
      ["LeftUpperLeg"] = CFrame.new(-0.652425, 0.378927, -0.318344, 0.958436, 0.177289, 0.223536, 0.179157, 0.235776, -0.955151, -0.222042, 0.955499, 0.194214),
      ["LowerTorso"] = CFrame.new(0.000000, -1.616652, -0.568680, 1.000000, 0.000000, 0.000000, 0.000000, 0.028362, -0.999598, 0.000000, 0.999598, 0.028362),
      ["RightUpperArm"] = CFrame.new(0.026977, 0.007518, -0.169691, 0.900738, -0.076355, -0.427599, -0.132867, 0.888809, -0.438595, 0.413543, 0.451873, 0.790439),
      ["RightUpperLeg"] = CFrame.new(0.704744, 0.379250, -0.317052, 0.958928, -0.174670, -0.223489, -0.179740, 0.235344, -0.955148, 0.219433, 0.956088, 0.194283)
    }},
    { Time = 0.350, Data = {
      ["Balls"] = CFrame.new(0.000001, -0.000001, 0.000000, 0.705812, -0.708400, 0.000000, 0.708400, 0.705812, 0.000000, 0.000000, 0.000000, 1.000000),
      ["Cock"] = CFrame.new(0.000000, 0.000000, 0.000000, 0.977214, -0.212255, 0.000000, 0.212255, 0.977214, 0.000000, 0.000000, 0.000000, 1.000000),
      ["Head"] = CFrame.new(0.000000, 0.000000, 0.000000, 1.000000, -0.000000, 0.000000, 0.000000, 0.879290, 0.476287, -0.000000, -0.476287, 0.879290),
      ["LeftUpperArm"] = CFrame.new(-0.026807, 0.009456, -0.167410, 0.900939, 0.076210, 0.427201, 0.134492, 0.886944, -0.441862, -0.412578, 0.455546, 0.788833),
      ["LeftUpperLeg"] = CFrame.new(-0.652764, 0.378495, -0.320183, 0.958536, 0.177271, 0.223124, 0.179270, 0.233533, -0.955680, -0.221521, 0.956053, 0.192070),
      ["LowerTorso"] = CFrame.new(0.000000, -1.619729, -0.568623, 1.000000, 0.000000, 0.000000, 0.000000, 0.030287, -0.999541, 0.000000, 0.999541, 0.030287),
      ["RightUpperArm"] = CFrame.new(0.026976, 0.007935, -0.168867, 0.900835, -0.076151, -0.427432, -0.133793, 0.887895, -0.440161, 0.413033, 0.453700, 0.789658),
      ["RightUpperLeg"] = CFrame.new(0.705075, 0.378851, -0.318865, 0.959026, -0.174585, -0.223134, -0.179917, 0.233100, -0.955664, 0.218857, 0.956653, 0.192138)
    }},
    { Time = 0.367, Data = {
      ["Balls"] = CFrame.new(0.000001, -0.000001, 0.000000, 0.705812, -0.708400, 0.000000, 0.708400, 0.705812, 0.000000, 0.000000, 0.000000, 1.000000),
      ["Cock"] = CFrame.new(0.000000, 0.000000, 0.000000, 0.977545, -0.210727, 0.000000, 0.210727, 0.977545, 0.000000, 0.000000, 0.000000, 1.000000),
      ["Head"] = CFrame.new(0.000000, -0.000000, -0.000000, 1.000000, -0.000000, 0.000000, 0.000000, 0.880306, 0.474407, -0.000000, -0.474407, 0.880306),
      ["LeftUpperArm"] = CFrame.new(-0.026822, 0.009923, -0.166578, 0.900994, 0.075925, 0.427135, 0.135500, 0.886061, -0.443324, -0.412127, 0.457309, 0.788048),
      ["LeftUpperLeg"] = CFrame.new(-0.653074, 0.378053, -0.321904, 0.958635, 0.177294, 0.222678, 0.179291, 0.231501, -0.956170, -0.221073, 0.956543, 0.190137),
      ["LowerTorso"] = CFrame.new(0.000000, -1.622478, -0.568570, 1.000000, 0.000000, 0.000000, 0.000000, 0.031969, -0.999489, 0.000000, 0.999489, 0.031969),
      ["RightUpperArm"] = CFrame.new(0.027004, 0.008312, -0.168083, 0.900928, -0.075845, -0.427288, -0.134781, 0.887016, -0.441631, 0.412507, 0.455468, 0.788915),
      ["RightUpperLeg"] = CFrame.new(0.705367, 0.378448, -0.320501, 0.959149, -0.174421, -0.222733, -0.180015, 0.231067, -0.956140, 0.218237, 0.957176, 0.190229)
    }},
    { Time = 0.383, Data = {
      ["Balls"] = CFrame.new(0.000001, -0.000001, 0.000000, 0.705812, -0.708400, 0.000000, 0.708400, 0.705812, 0.000000, 0.000000, 0.000000, 1.000000),
      ["Cock"] = CFrame.new(0.000000, 0.000000, 0.000000, 0.977837, -0.209370, 0.000000, 0.209370, 0.977837, 0.000000, 0.000000, 0.000000, 1.000000),
      ["Head"] = CFrame.new(0.000000, -0.000000, 0.000000, 1.000000, -0.000000, 0.000000, 0.000000, 0.881401, 0.472368, -0.000000, -0.472368, 0.881401),
      ["LeftUpperArm"] = CFrame.new(-0.026811, 0.010338, -0.165809, 0.901093, 0.075763, 0.426956, 0.136305, 0.885221, -0.444753, -0.411647, 0.458960, 0.787339),
      ["LeftUpperLeg"] = CFrame.new(-0.653364, 0.377699, -0.323466, 0.958709, 0.177278, 0.222371, 0.179407, 0.229680, -0.956588, -0.220656, 0.956985, 0.188391),
      ["LowerTorso"] = CFrame.new(0.000000, -1.625010, -0.568519, 1.000000, 0.000000, 0.000000, 0.000000, 0.033530, -0.999438, 0.000000, 0.999438, 0.033530),
      ["RightUpperArm"] = CFrame.new(0.027005, 0.008667, -0.167400, 0.900989, -0.075665, -0.427193, -0.135569, 0.886261, -0.442902, 0.412117, 0.456964, 0.788253),
      ["RightUpperLeg"] = CFrame.new(0.705639, 0.378100, -0.322005, 0.959247, -0.174286, -0.222417, -0.180141, 0.229245, -0.956554, 0.217702, 0.957638, 0.188507)
    }},
    { Time = 0.400, Data = {
      ["Balls"] = CFrame.new(0.000001, -0.000001, 0.000000, 0.705812, -0.708400, 0.000000, 0.708400, 0.705812, 0.000000, 0.000000, 0.000000, 1.000000),
      ["Cock"] = CFrame.new(0.000000, 0.000000, 0.000000, 0.978090, -0.208181, 0.000000, 0.208181, 0.978090, 0.000000, 0.000000, 0.000000, 1.000000),
      ["Head"] = CFrame.new(0.000000, 0.000000, 0.000000, 1.000000, -0.000000, 0.000000, 0.000000, 0.882618, 0.470092, -0.000000, -0.470092, 0.882618),
      ["LeftUpperArm"] = CFrame.new(-0.026815, 0.010715, -0.165138, 0.901153, 0.075563, 0.426865, 0.137073, 0.884501, -0.445947, -0.411260, 0.460378, 0.786713),
      ["LeftUpperLeg"] = CFrame.new(-0.653631, 0.377410, -0.324869, 0.958759, 0.177304, 0.222137, 0.179564, 0.227965, -0.956969, -0.220313, 0.957390, 0.186726),
      ["LowerTorso"] = CFrame.new(0.000000, -1.627194, -0.568474, 1.000000, 0.000000, 0.000000, 0.000000, 0.034849, -0.999393, 0.000000, 0.999393, 0.034849),
      ["RightUpperArm"] = CFrame.new(0.027021, 0.008971, -0.166768, 0.901087, -0.075444, -0.427025, -0.136317, 0.885545, -0.444103, 0.411655, 0.458387, 0.787669),
      ["RightUpperLeg"] = CFrame.new(0.705888, 0.377784, -0.323378, 0.959321, -0.174257, -0.222122, -0.180242, 0.227529, -0.956945, 0.217294, 0.958053, 0.186865)
    }},
    { Time = 0.417, Data = {
      ["Balls"] = CFrame.new(0.000001, -0.000001, 0.000000, 0.705812, -0.708400, 0.000000, 0.708400, 0.705812, 0.000000, 0.000000, 0.000000, 1.000000),
      ["Cock"] = CFrame.new(0.000000, 0.000000, 0.000000, 0.978307, -0.207162, 0.000000, 0.207162, 0.978307, 0.000000, 0.000000, 0.000000, 1.000000),
      ["Head"] = CFrame.new(0.000000, 0.000000, -0.000000, 1.000000, -0.000000, 0.000000, 0.000000, 0.883952, 0.467577, -0.000000, -0.467577, 0.883952),
      ["LeftUpperArm"] = CFrame.new(-0.026815, 0.011038, -0.164552, 0.901215, 0.075406, 0.426762, 0.137721, 0.883865, -0.447006, -0.410907, 0.461623, 0.786168),
      ["LeftUpperLeg"] = CFrame.new(-0.653846, 0.377093, -0.326072, 0.958833, 0.177304, 0.221815, 0.179564, 0.226570, -0.957300, -0.219990, 0.957721, 0.185405),
      ["LowerTorso"] = CFrame.new(0.000000, -1.629142, -0.568431, 1.000000, 0.000000, 0.000000, 0.000000, 0.036048, -0.999350, 0.000000, 0.999350, 0.036048),
      ["RightUpperArm"] = CFrame.new(0.027032, 0.009242, -0.166238, 0.901150, -0.075267, -0.426924, -0.136948, 0.884953, -0.445087, 0.411308, 0.459557, 0.787168),
      ["RightUpperLeg"] = CFrame.new(0.706099, 0.377499, -0.324553, 0.959394, -0.174191, -0.221856, -0.180306, 0.226133, -0.957263, 0.216916, 0.958395, 0.185543)
    }},
    { Time = 0.433, Data = {
      ["Balls"] = CFrame.new(0.000001, -0.000001, 0.000000, 0.705812, -0.708400, 0.000000, 0.708400, 0.705812, 0.000000, 0.000000, 0.000000, 1.000000),
      ["Cock"] = CFrame.new(0.000000, 0.000000, 0.000000, 0.978486, -0.206313, 0.000000, 0.206313, 0.978486, 0.000000, 0.000000, 0.000000, 1.000000),
      ["Head"] = CFrame.new(0.000000, 0.000000, 0.000000, 1.000000, -0.000000, 0.000000, 0.000000, 0.885320, 0.464981, -0.000000, -0.464981, 0.885320),
      ["LeftUpperArm"] = CFrame.new(-0.026832, 0.011301, -0.164050, 0.901277, 0.075209, 0.426665, 0.138332, 0.883311, -0.447913, -0.410565, 0.462715, 0.785704),
      ["LeftUpperLeg"] = CFrame.new(-0.654032, 0.376842, -0.327088, 0.958883, 0.177334, 0.221578, 0.179592, 0.225388, -0.957573, -0.219751, 0.957994, 0.184273),
      ["LowerTorso"] = CFrame.new(0.000000, -1.630724, -0.568396, 1.000000, 0.000000, 0.000000, 0.000000, 0.037007, -0.999315, 0.000000, 0.999315, 0.037007),
      ["RightUpperArm"] = CFrame.new(0.027031, 0.009464, -0.165790, 0.901177, -0.075154, -0.426887, -0.137479, 0.884446, -0.445932, 0.411072, 0.460551, 0.786710),
      ["RightUpperLeg"] = CFrame.new(0.706268, 0.377294, -0.325480, 0.959467, -0.174047, -0.221654, -0.180423, 0.224844, -0.957545, 0.216495, 0.958725, 0.184328)
    }},
    { Time = 0.450, Data = {
      ["Balls"] = CFrame.new(0.000001, -0.000001, 0.000000, 0.705812, -0.708400, 0.000000, 0.708400, 0.705812, 0.000000, 0.000000, 0.000000, 1.000000),
      ["Cock"] = CFrame.new(0.000000, 0.000000, 0.000000, 0.978629, -0.205634, 0.000000, 0.205634, 0.978629, 0.000000, 0.000000, 0.000000, 1.000000),
      ["Head"] = CFrame.new(0.000000, -0.000000, 0.000000, 1.000000, -0.000000, 0.000000, 0.000000, 0.886763, 0.462225, -0.000000, -0.462225, 0.886763),
      ["LeftUpperArm"] = CFrame.new(-0.026829, 0.011511, -0.163663, 0.901345, 0.075117, 0.426538, 0.138723, 0.882886, -0.448630, -0.410284, 0.463541, 0.785364),
      ["LeftUpperLeg"] = CFrame.new(-0.654185, 0.376695, -0.327881, 0.958907, 0.177325, 0.221478, 0.179716, 0.224421, -0.957777, -0.219542, 0.958223, 0.183331),
      ["LowerTorso"] = CFrame.new(0.000000, -1.632054, -0.568364, 1.000000, 0.000000, 0.000000, 0.000000, 0.037845, -0.999284, 0.000000, 0.999284, 0.037845),
      ["RightUpperArm"] = CFrame.new(0.027037, 0.009644, -0.165446, 0.901245, -0.075043, -0.426763, -0.137852, 0.884064, -0.446573, 0.410798, 0.461301, 0.786413),
      ["RightUpperLeg"] = CFrame.new(0.706406, 0.377081, -0.326273, 0.959516, -0.174038, -0.221448, -0.180413, 0.223983, -0.957749, 0.216286, 0.958928, 0.183517)
    }},
    { Time = 0.467, Data = {
      ["Balls"] = CFrame.new(0.000001, -0.000001, 0.000000, 0.705812, -0.708400, 0.000000, 0.708400, 0.705812, 0.000000, 0.000000, 0.000000, 1.000000),
      ["Cock"] = CFrame.new(0.000000, 0.000000, 0.000000, 0.978736, -0.205124, 0.000000, 0.205124, 0.978736, 0.000000, 0.000000, 0.000000, 1.000000),
      ["Head"] = CFrame.new(0.000000, -0.000000, 0.000000, 1.000000, -0.000000, 0.000000, 0.000000, 0.888237, 0.459386, -0.000000, -0.459386, 0.888237),
      ["LeftUpperArm"] = CFrame.new(-0.026843, 0.011665, -0.163384, 0.901375, 0.074988, 0.426498, 0.139078, 0.882585, -0.449111, -0.410099, 0.464134, 0.785111),
      ["LeftUpperLeg"] = CFrame.new(-0.654293, 0.376554, -0.328467, 0.958932, 0.177346, 0.221354, 0.179736, 0.223776, -0.957925, -0.219418, 0.958370, 0.182710),
      ["LowerTorso"] = CFrame.new(0.000000, -1.632889, -0.568346, 1.000000, 0.000000, 0.000000, 0.000000, 0.038324, -0.999265, 0.000000, 0.999265, 0.038324),
      ["RightUpperArm"] = CFrame.new(0.027053, 0.009768, -0.165184, 0.901274, -0.074913, -0.426723, -0.138207, 0.883765, -0.447055, 0.410613, 0.461895, 0.786161),
      ["RightUpperLeg"] = CFrame.new(0.706499, 0.376952, -0.326795, 0.959565, -0.173951, -0.221305, -0.180457, 0.223230, -0.957916, 0.216033, 0.959119, 0.182813)
    }},
    { Time = 0.483, Data = {
      ["Balls"] = CFrame.new(0.000001, -0.000001, 0.000000, 0.705812, -0.708400, 0.000000, 0.708400, 0.705812, 0.000000, 0.000000, 0.000000, 1.000000),
      ["Cock"] = CFrame.new(0.000000, 0.000000, 0.000000, 0.978807, -0.204784, 0.000000, 0.204784, 0.978807, 0.000000, 0.000000, 0.000000, 1.000000),
      ["Head"] = CFrame.new(0.000000, 0.000000, 0.000000, 1.000000, -0.000000, 0.000000, 0.000000, 0.889742, 0.456464, -0.000000, -0.456464, 0.889742),
      ["LeftUpperArm"] = CFrame.new(-0.026832, 0.011761, -0.163225, 0.901372, 0.074985, 0.426505, 0.139235, 0.882415, -0.449396, -0.410052, 0.464457, 0.784944),
      ["LeftUpperLeg"] = CFrame.new(-0.654353, 0.376461, -0.328806, 0.958957, 0.177342, 0.221250, 0.179731, 0.223346, -0.958026, -0.219313, 0.958471, 0.182305),
      ["LowerTorso"] = CFrame.new(0.000000, -1.633463, -0.568332, 1.000000, 0.000000, 0.000000, 0.000000, 0.038683, -0.999251, 0.000000, 0.999251, 0.038683),
      ["RightUpperArm"] = CFrame.new(0.027044, 0.009846, -0.165035, 0.901271, -0.074910, -0.426730, -0.138364, 0.883596, -0.447340, 0.410567, 0.462219, 0.785995),
      ["RightUpperLeg"] = CFrame.new(0.706571, 0.376885, -0.327166, 0.959565, -0.174001, -0.221266, -0.180505, 0.222800, -0.958007, 0.215992, 0.959210, 0.182383)
    }},
    { Time = 0.500, Data = {
      ["Balls"] = CFrame.new(0.000001, -0.000001, 0.000000, 0.705812, -0.708400, 0.000000, 0.708400, 0.705812, 0.000000, 0.000000, 0.000000, 1.000000),
      ["Cock"] = CFrame.new(0.000000, 0.000000, 0.000000, 0.978825, -0.204699, 0.000000, 0.204699, 0.978825, 0.000000, 0.000000, 0.000000, 1.000000),
      ["Head"] = CFrame.new(0.000000, -0.000000, 0.000000, 1.000000, -0.000000, 0.000000, 0.000000, 0.891277, 0.453460, -0.000000, -0.453460, 0.891277),
      ["LeftUpperArm"] = CFrame.new(-0.026839, 0.011785, -0.163155, 0.901369, 0.074942, 0.426519, 0.139354, 0.882329, -0.449529, -0.410018, 0.464628, 0.784860),
      ["LeftUpperLeg"] = CFrame.new(-0.654377, 0.376437, -0.328932, 0.958957, 0.177354, 0.221240, 0.179744, 0.223238, -0.958049, -0.219303, 0.958494, 0.182197),
      ["LowerTorso"] = CFrame.new(0.000000, -1.633654, -0.568328, 1.000000, 0.000000, 0.000000, 0.000000, 0.038803, -0.999247, 0.000000, 0.999247, 0.038803),
