return {
  ["Astros Open Those Legs"] = {
    { Time = 0.000, Data = {
      ["Head"] = CFrame.new(-0.051773, 0.168669, -0.026538, 0.841590, -0.492782, 0.221116, 0.178127, 0.639708, 0.747693, -0.509899, -0.589864, 0.626149),
      ["LeftUpperArm"] = CFrame.new(0.148391, 0.031858, 0.095251, 0.878081, 0.463142, 0.120301, -0.470356, 0.789173, 0.394932, 0.087971, -0.403366, 0.910800),
      ["LeftUpperLeg"] = CFrame.new(-0.186563, 0.107342, -0.006245, -0.329590, 0.901036, 0.281966, -0.943330, -0.302037, -0.137483, -0.038713, -0.311300, 0.949523),
      ["LowerTorso"] = CFrame.new(-0.004110, 0.486869, -0.196535, 0.009252, 0.018557, -0.999785, -0.894229, 0.447610, 0.000033, 0.447514, 0.894036, 0.020735),
      ["RightUpperArm"] = CFrame.new(-0.110540, -0.254954, 0.002259, 0.320526, 0.829894, -0.456661, 0.933868, -0.357574, 0.005649, -0.158602, -0.428271, -0.889623),
      ["RightUpperLeg"] = CFrame.new(-0.202888, -0.185519, -0.000000, 0.443003, -0.896520, 0.000000, 0.896520, 0.443003, 0.000000, 0.000000, 0.000000, 1.000000),
      ["x_B1"] = CFrame.new(0.110533, -0.098444, 0.167342, 0.748992, -0.000000, -0.662579, 0.000000, 1.000000, -0.000000, 0.662579, 0.000000, 0.748992),
      ["x_B2"] = CFrame.new(-0.006787, 0.000000, 0.042809, 0.987659, -0.000000, -0.156621, 0.000000, 1.000000, -0.000000, 0.156621, 0.000000, 0.987659)
    }},
    { Time = 0.017, Data = {
      ["Head"] = CFrame.new(-0.051773, 0.168669, -0.026538, 0.841590, -0.492793, 0.221092, 0.178102, 0.639642, 0.747755, -0.509908, -0.589926, 0.626084),
      ["LeftUpperArm"] = CFrame.new(0.148394, 0.031863, 0.095249, 0.878081, 0.463142, 0.120301, -0.470356, 0.789173, 0.394932, 0.087971, -0.403366, 0.910800),
      ["LeftUpperLeg"] = CFrame.new(-0.186563, 0.107342, -0.006245, -0.329590, 0.901036, 0.281966, -0.943330, -0.302037, -0.137483, -0.038713, -0.311300, 0.949523),
      ["LowerTorso"] = CFrame.new(-0.004110, 0.486868, -0.196525, 0.009252, 0.018557, -0.999785, -0.894229, 0.447610, 0.000033, 0.447514, 0.894036, 0.020735),
      ["RightUpperArm"] = CFrame.new(-0.110542, -0.254954, 0.002260, 0.320526, 0.829894, -0.456661, 0.933868, -0.357574, 0.005649, -0.158602, -0.428271, -0.889623),
      ["RightUpperLeg"] = CFrame.new(-0.202928, -0.185500, -0.000000, 0.443094, -0.896475, 0.000000, 0.896475, 0.443094, 0.000000, 0.000000, 0.000000, 1.000000),
      ["x_B1"] = CFrame.new(0.110534, -0.098440, 0.167343, 0.748992, -0.000000, -0.662579, 0.000000, 1.000000, -0.000000, 0.662579, 0.000000, 0.748992),
      ["x_B2"] = CFrame.new(-0.006786, 0.000004, 0.042809, 0.987659, -0.000000, -0.156621, 0.000000, 1.000000, -0.000000, 0.156621, 0.000000, 0.987659)
    }},
    { Time = 0.033, Data = {
      ["Head"] = CFrame.new(-0.051773, 0.168669, -0.026538, 0.841626, -0.492764, 0.221020, 0.178138, 0.639642, 0.747746, -0.509836, -0.589950, 0.626120),
      ["LeftUpperArm"] = CFrame.new(0.148417, 0.031900, 0.095230, 0.878081, 0.463142, 0.120301, -0.470356, 0.789173, 0.394932, 0.087971, -0.403366, 0.910800),
      ["LeftUpperLeg"] = CFrame.new(-0.186563, 0.107342, -0.006245, -0.329590, 0.901036, 0.281966, -0.943330, -0.302037, -0.137483, -0.038713, -0.311300, 0.949523),
      ["LowerTorso"] = CFrame.new(-0.004108, 0.486861, -0.196453, 0.009252, 0.018557, -0.999785, -0.894229, 0.447610, 0.000033, 0.447514, 0.894036, 0.020735),
      ["RightUpperArm"] = CFrame.new(-0.110554, -0.254953, 0.002271, 0.320493, 0.829896, -0.456681, 0.933860, -0.357598, 0.005532, -0.158717, -0.428249, -0.889614),
      ["RightUpperLeg"] = CFrame.new(-0.202889, -0.185521, -0.000000, 0.443094, -0.896475, 0.000000, 0.896475, 0.443094, 0.000000, 0.000000, 0.000000, 1.000000),
      ["x_B1"] = CFrame.new(0.110540, -0.098411, 0.167348, 0.748992, -0.000081, -0.662579, 0.000081, 1.000000, -0.000031, 0.662579, -0.000031, 0.748992),
      ["x_B2"] = CFrame.new(-0.006778, 0.000033, 0.042810, 0.987659, -0.000086, -0.156621, 0.000086, 1.000000, -0.000007, 0.156621, -0.000007, 0.987659)
    }},
    { Time = 0.050, Data = {
      ["Head"] = CFrame.new(-0.051773, 0.168669, -0.026538, 0.841626, -0.492775, 0.220996, 0.178113, 0.639577, 0.747808, -0.509845, -0.590012, 0.626054),
      ["LeftUpperArm"] = CFrame.new(0.148483, 0.031999, 0.095184, 0.878083, 0.463161, 0.120220, -0.470337, 0.789173, 0.394953, 0.088053, -0.403345, 0.910801),
      ["LeftUpperLeg"] = CFrame.new(-0.186663, 0.107375, -0.006203, -0.329788, 0.900983, 0.281903, -0.943264, -0.302260, -0.137446, -0.038629, -0.311237, 0.949547),
      ["LowerTorso"] = CFrame.new(-0.004104, 0.486843, -0.196261, 0.009252, 0.018557, -0.999785, -0.894229, 0.447610, 0.000033, 0.447514, 0.894036, 0.020735),
      ["RightUpperArm"] = CFrame.new(-0.110588, -0.254975, 0.002311, 0.320554, 0.829885, -0.456657, 0.933806, -0.357739, 0.005372, -0.158906, -0.428151, -0.889627),
      ["RightUpperLeg"] = CFrame.new(-0.202827, -0.185557, -0.000000, 0.443185, -0.896430, 0.000000, 0.896430, 0.443185, 0.000000, 0.000000, 0.000000, 1.000000),
      ["x_B1"] = CFrame.new(0.110555, -0.098332, 0.167362, 0.748992, -0.000262, -0.662579, 0.000384, 1.000000, 0.000039, 0.662579, -0.000284, 0.748992),
      ["x_B2"] = CFrame.new(-0.006758, 0.000112, 0.042813, 0.987659, -0.000430, -0.156621, 0.000430, 1.000000, -0.000034, 0.156621, -0.000034, 0.987659)
    }},
    { Time = 0.067, Data = {
      ["Head"] = CFrame.new(-0.051773, 0.168669, -0.026538, 0.841593, -0.492880, 0.220887, 0.178111, 0.639347, 0.748005, -0.509900, -0.590173, 0.625858),
      ["LeftUpperArm"] = CFrame.new(0.148622, 0.032182, 0.095085, 0.878040, 0.463237, 0.120238, -0.470414, 0.789131, 0.394948, 0.088071, -0.403341, 0.910801),
      ["LeftUpperLeg"] = CFrame.new(-0.186805, 0.107422, -0.006143, -0.330072, 0.900865, 0.281949, -0.943170, -0.302557, -0.137441, -0.038510, -0.311292, 0.949534),
      ["LowerTorso"] = CFrame.new(-0.004097, 0.486808, -0.195885, 0.009252, 0.018557, -0.999785, -0.894229, 0.447610, 0.000033, 0.447514, 0.894036, 0.020735),
      ["RightUpperArm"] = CFrame.new(-0.110650, -0.254995, 0.002377, 0.320550, 0.829878, -0.456673, 0.933736, -0.357928, 0.004977, -0.159326, -0.428007, -0.889621),
      ["RightUpperLeg"] = CFrame.new(-0.202710, -0.185624, -0.000000, 0.443367, -0.896340, 0.000000, 0.896340, 0.443367, 0.000000, 0.000000, 0.000000, 1.000000),
      ["x_B1"] = CFrame.new(0.110585, -0.098178, 0.167388, 0.748991, -0.000685, -0.662579, 0.000930, 1.000000, 0.000017, 0.662579, -0.000629, 0.748992),
      ["x_B2"] = CFrame.new(-0.006718, 0.000265, 0.042820, 0.987658, -0.000940, -0.156621, 0.000953, 1.000000, 0.000011, 0.156621, -0.000161, 0.987659)
    }},
    { Time = 0.083, Data = {
      ["Head"] = CFrame.new(-0.051773, 0.168669, -0.026538, 0.841596, -0.492977, 0.220658, 0.178095, 0.638987, 0.748317, -0.509901, -0.590482, 0.625566),
      ["LeftUpperArm"] = CFrame.new(0.148838, 0.032490, 0.094922, 0.877998, 0.463313, 0.120256, -0.470490, 0.789088, 0.394942, 0.088089, -0.403337, 0.910801),
      ["LeftUpperLeg"] = CFrame.new(-0.187095, 0.107520, -0.006059, -0.330653, 0.900644, 0.281974, -0.942973, -0.303151, -0.137481, -0.038341, -0.311352, 0.949521),
      ["LowerTorso"] = CFrame.new(-0.004084, 0.486750, -0.195265, 0.009252, 0.018557, -0.999785, -0.894229, 0.447610, 0.000033, 0.447514, 0.894036, 0.020735),
      ["RightUpperArm"] = CFrame.new(-0.110755, -0.255032, 0.002487, 0.320607, 0.829860, -0.456665, 0.933612, -0.358258, 0.004421, -0.159935, -0.427766, -0.889628),
      ["RightUpperLeg"] = CFrame.new(-0.202502, -0.185743, -0.000000, 0.443640, -0.896205, 0.000000, 0.896205, 0.443640, 0.000000, 0.000000, 0.000000, 1.000000),
      ["x_B1"] = CFrame.new(0.110635, -0.097925, 0.167432, 0.748990, -0.001370, -0.662580, 0.001859, 0.999998, 0.000034, 0.662578, -0.001257, 0.748992),
      ["x_B2"] = CFrame.new(-0.006653, 0.000518, 0.042830, 0.987657, -0.001794, -0.156621, 0.001821, 0.999998, 0.000030, 0.156620, -0.000315, 0.987659)
    }},
    { Time = 0.100, Data = {
      ["Head"] = CFrame.new(-0.051773, 0.168669, -0.026538, 0.841602, -0.493140, 0.220271, 0.178139, 0.638462, 0.748754, -0.509876, -0.590914, 0.625178),
      ["LeftUpperArm"] = CFrame.new(0.149171, 0.032944, 0.094679, 0.877912, 0.463465, 0.120292, -0.470642, 0.789003, 0.394931, 0.088126, -0.403329, 0.910801),
      ["LeftUpperLeg"] = CFrame.new(-0.187485, 0.107652, -0.005932, -0.331432, 0.900370, 0.281935, -0.942710, -0.303967, -0.137484, -0.038088, -0.311350, 0.949532),
      ["LowerTorso"] = CFrame.new(-0.004065, 0.486664, -0.194340, 0.009252, 0.018557, -0.999785, -0.894229, 0.447610, 0.000033, 0.447514, 0.894036, 0.020735),
      ["RightUpperArm"] = CFrame.new(-0.110901, -0.255068, 0.002656, 0.320565, 0.829872, -0.456674, 0.933454, -0.358680, 0.003446, -0.160940, -0.427389, -0.889627),
      ["RightUpperLeg"] = CFrame.new(-0.202217, -0.185909, -0.000000, 0.444096, -0.895979, 0.000000, 0.895979, 0.444096, 0.000000, 0.000000, 0.000000, 1.000000),
      ["x_B1"] = CFrame.new(0.110709, -0.097548, 0.167497, 0.748987, -0.002428, -0.662580, 0.003223, 0.999995, -0.000021, 0.662577, -0.002120, 0.748991),
      ["x_B2"] = CFrame.new(-0.006555, 0.000896, 0.042846, 0.987654, -0.003164, -0.156621, 0.003204, 0.999995, 0.000007, 0.156620, -0.000509, 0.987659)
    }},
    { Time = 0.117, Data = {
      ["Head"] = CFrame.new(-0.051773, 0.168669, -0.026538, 0.841607, -0.493324, 0.219837, 0.178132, 0.637805, 0.749315, -0.509869, -0.591469, 0.624659),
      ["LeftUpperArm"] = CFrame.new(0.149625, 0.033586, 0.094344, 0.877829, 0.463636, 0.120246, -0.470776, 0.788918, 0.394942, 0.088245, -0.403300, 0.910803),
      ["LeftUpperLeg"] = CFrame.new(-0.188065, 0.107848, -0.005738, -0.332593, 0.899941, 0.281936, -0.942317, -0.305178, -0.137498, -0.037699, -0.311404, 0.949530),
      ["LowerTorso"] = CFrame.new(-0.004038, 0.486543, -0.193050, 0.009252, 0.018557, -0.999785, -0.894229, 0.447610, 0.000033, 0.447514, 0.894036, 0.020735),
      ["RightUpperArm"] = CFrame.new(-0.111125, -0.255144, 0.002874, 0.320611, 0.829815, -0.456744, 0.933196, -0.359361, 0.002168, -0.162337, -0.426927, -0.889596),
      ["RightUpperLeg"] = CFrame.new(-0.201819, -0.186139, -0.000000, 0.444733, -0.895663, 0.000000, 0.895663, 0.444733, 0.000000, 0.000000, 0.000000, 1.000000),
      ["x_B1"] = CFrame.new(0.110812, -0.097021, 0.167589, 0.748981, -0.003798, -0.662581, 0.005082, 0.999987, 0.000013, 0.662573, -0.003377, 0.748990),
      ["x_B2"] = CFrame.new(-0.006419, 0.001423, 0.042867, 0.987646, -0.005043, -0.156621, 0.005111, 0.999987, 0.000030, 0.156619, -0.000830, 0.987659)
    }},
    { Time = 0.133, Data = {
      ["Head"] = CFrame.new(-0.051773, 0.168669, -0.026538, 0.841616, -0.493595, 0.219197, 0.178135, 0.636852, 0.750125, -0.509854, -0.592270, 0.623911),
      ["LeftUpperArm"] = CFrame.new(0.150254, 0.034426, 0.093899, 0.877659, 0.463958, 0.120237, -0.471062, 0.788747, 0.394941, 0.088400, -0.403263, 0.910804),
      ["LeftUpperLeg"] = CFrame.new(-0.188836, 0.108110, -0.005450, -0.334135, 0.899373, 0.281928, -0.941794, -0.306807, -0.137453, -0.037124, -0.311446, 0.949538),
      ["LowerTorso"] = CFrame.new(-0.004002, 0.486383, -0.191333, 0.009252, 0.018557, -0.999785, -0.894229, 0.447610, 0.000033, 0.447514, 0.894036, 0.020735),
      ["RightUpperArm"] = CFrame.new(-0.111408, -0.255239, 0.003191, 0.320685, 0.829799, -0.456722, 0.932856, -0.360250, 0.000477, -0.164138, -0.426208, -0.889610),
      ["RightUpperLeg"] = CFrame.new(-0.201320, -0.186429, -0.000000, 0.445642, -0.895211, 0.000000, 0.895211, 0.445642, 0.000000, 0.000000, 0.000000, 1.000000),
      ["x_B1"] = CFrame.new(0.110949, -0.096320, 0.167710, 0.748967, -0.005671, -0.662583, 0.007567, 0.999971, -0.000005, 0.662564, -0.005010, 0.748988),
      ["x_B2"] = CFrame.new(-0.006238, 0.002123, 0.042896, 0.987644, -0.007525, -0.156536, 0.007620, 0.999971, 0.000006, 0.156532, -0.001199, 0.987672)
    }},
    { Time = 0.150, Data = {
      ["Head"] = CFrame.new(-0.051773, 0.168669, -0.026538, 0.841624, -0.493896, 0.218484, 0.178063, 0.635699, 0.751119, -0.509865, -0.593256, 0.622965),
      ["LeftUpperArm"] = CFrame.new(0.151037, 0.035517, 0.093324, 0.877490, 0.464281, 0.120227, -0.471348, 0.788576, 0.394941, 0.088555, -0.403226, 0.910806),
      ["LeftUpperLeg"] = CFrame.new(-0.189802, 0.108441, -0.005130, -0.336068, 0.898663, 0.281891, -0.941131, -0.308829, -0.137469, -0.036483, -0.311495, 0.949547),
      ["LowerTorso"] = CFrame.new(-0.003957, 0.486177, -0.189128, 0.009252, 0.018557, -0.999785, -0.894229, 0.447610, 0.000033, 0.447514, 0.894036, 0.020735),
      ["RightUpperArm"] = CFrame.new(-0.111791, -0.255370, 0.003563, 0.320780, 0.829693, -0.456847, 0.932402, -0.361418, -0.001685, -0.166511, -0.425424, -0.889544),
      ["RightUpperLeg"] = CFrame.new(-0.200596, -0.186843, -0.000000, 0.446641, -0.894713, 0.000000, 0.894713, 0.446641, 0.000000, 0.000000, 0.000000, 1.000000),
      ["x_B1"] = CFrame.new(0.111126, -0.095420, 0.167866, 0.748941, -0.008099, -0.662587, 0.010790, 0.999942, -0.000026, 0.662549, -0.007130, 0.748985),
      ["x_B2"] = CFrame.new(-0.006005, 0.003023, 0.042933, 0.987614, -0.010689, -0.156537, 0.010825, 0.999941, 0.000013, 0.156528, -0.001708, 0.987672)
    }},
    { Time = 0.167, Data = {
      ["Head"] = CFrame.new(-0.051773, 0.168669, -0.026538, 0.841638, -0.494327, 0.217456, 0.178109, 0.634215, 0.752362, -0.509826, -0.594485, 0.621823),
      ["LeftUpperArm"] = CFrame.new(0.152014, 0.036879, 0.092604, 0.877278, 0.464679, 0.120236, -0.471710, 0.788363, 0.394935, 0.088729, -0.403184, 0.910807),
      ["LeftUpperLeg"] = CFrame.new(-0.190958, 0.108841, -0.004741, -0.338380, 0.897795, 0.281893, -0.940332, -0.311241, -0.137495, -0.035706, -0.311599, 0.949543),
      ["LowerTorso"] = CFrame.new(-0.003900, 0.485920, -0.186375, 0.009252, 0.018557, -0.999785, -0.894229, 0.447610, 0.000033, 0.447514, 0.894036, 0.020735),
      ["RightUpperArm"] = CFrame.new(-0.112247, -0.255521, 0.004067, 0.320866, 0.829655, -0.456856, 0.931843, -0.362835, -0.004445, -0.169451, -0.424292, -0.889530),
      ["RightUpperLeg"] = CFrame.new(-0.199748, -0.187331, -0.000000, 0.448003, -0.894032, 0.000000, 0.894032, 0.448003, 0.000000, 0.000000, 0.000000, 1.000000),
      ["x_B1"] = CFrame.new(0.111346, -0.094296, 0.168061, 0.748896, -0.011050, -0.662595, 0.014781, 0.999891, 0.000031, 0.662522, -0.009817, 0.748978),
      ["x_B2"] = CFrame.new(-0.005715, 0.004147, 0.042979, 0.987563, -0.014627, -0.156539, 0.014803, 0.999890, -0.000040, 0.156522, -0.002278, 0.987672)
    }},
    { Time = 0.183, Data = {
      ["Head"] = CFrame.new(-0.051772, 0.168669, -0.026538, 0.841618, -0.494881, 0.216269, 0.178103, 0.632363, 0.753921, -0.509861, -0.595995, 0.620348),
      ["LeftUpperArm"] = CFrame.new(0.153224, 0.038533, 0.091726, 0.876980, 0.465230, 0.120280, -0.472224, 0.788063, 0.394918, 0.088939, -0.403134, 0.910809),
      ["LeftUpperLeg"] = CFrame.new(-0.192443, 0.109357, -0.004200, -0.341348, 0.896657, 0.281935, -0.939299, -0.314360, -0.137458, -0.034624, -0.311743, 0.949536),
      ["LowerTorso"] = CFrame.new(-0.003830, 0.485606, -0.183012, 0.009252, 0.018557, -0.999785, -0.894229, 0.447610, 0.000033, 0.447514, 0.894036, 0.020735),
      ["RightUpperArm"] = CFrame.new(-0.112818, -0.255700, 0.004652, 0.320969, 0.829553, -0.456970, 0.931153, -0.364547, -0.007745, -0.173012, -0.423023, -0.889449),
      ["RightUpperLeg"] = CFrame.new(-0.198742, -0.187911, -0.000000, 0.449725, -0.893167, 0.000000, 0.893167, 0.449725, 0.000000, 0.000000, 0.000000, 1.000000),
      ["x_B1"] = CFrame.new(0.111615, -0.092924, 0.168299, 0.748821, -0.014797, -0.662607, 0.019751, 0.999805, -0.000006, 0.662478, -0.013083, 0.748967),
      ["x_B2"] = CFrame.new(-0.005360, 0.005520, 0.043035, 0.987479, -0.019498, -0.156543, 0.019742, 0.999805, 0.000004, 0.156512, -0.003094, 0.987671)
    }},
    { Time = 0.200, Data = {
      ["Head"] = CFrame.new(-0.051772, 0.168669, -0.026538, 0.841600, -0.495518, 0.214874, 0.178106, 0.630208, 0.755723, -0.509889, -0.597746, 0.618638),
      ["LeftUpperArm"] = CFrame.new(0.154652, 0.040532, 0.090674, 0.876683, 0.465799, 0.120243, -0.472721, 0.787764, 0.394923, 0.089231, -0.403063, 0.910812),
      ["LeftUpperLeg"] = CFrame.new(-0.194168, 0.109966, -0.003618, -0.344798, 0.895334, 0.281942, -0.938080, -0.317962, -0.137497, -0.033459, -0.311893, 0.949528),
      ["LowerTorso"] = CFrame.new(-0.003746, 0.485230, -0.178979, 0.009252, 0.018557, -0.999785, -0.894229, 0.447610, 0.000033, 0.447514, 0.894036, 0.020735),
      ["RightUpperArm"] = CFrame.new(-0.113489, -0.255920, 0.005389, 0.321119, 0.829483, -0.456990, 0.930299, -0.366614, -0.011737, -0.177274, -0.421369, -0.889394),
      ["RightUpperLeg"] = CFrame.new(-0.197453, -0.188644, -0.000000, 0.451625, -0.892208, 0.000000, 0.892208, 0.451625, 0.000000, 0.000000, 0.000000, 1.000000),
      ["x_B1"] = CFrame.new(0.111938, -0.091277, 0.168585, 0.748767, -0.019148, -0.662557, 0.025569, 0.999673, 0.000005, 0.662340, -0.016945, 0.749012),
      ["x_B2"] = CFrame.new(-0.004935, 0.007167, 0.043102, 0.987346, -0.025314, -0.156548, 0.025626, 0.999672, -0.000027, 0.156497, -0.003985, 0.987670)
    }},
    { Time = 0.217, Data = {
      ["Head"] = CFrame.new(-0.051773, 0.168669, -0.026538, 0.841620, -0.496229, 0.213151, 0.178104, 0.627612, 0.757880, -0.509858, -0.599884, 0.616591),
      ["LeftUpperArm"] = CFrame.new(0.156352, 0.042886, 0.089431, 0.876300, 0.466519, 0.120242, -0.473368, 0.787378, 0.394916, 0.089560, -0.402984, 0.910814),
      ["LeftUpperLeg"] = CFrame.new(-0.196272, 0.110720, -0.002884, -0.349007, 0.893727, 0.281864, -0.936574, -0.322384, -0.137470, -0.031992, -0.311965, 0.949555),
      ["LowerTorso"] = CFrame.new(-0.003648, 0.484785, -0.174214, 0.009252, 0.018557, -0.999785, -0.894229, 0.447610, 0.000033, 0.447514, 0.894036, 0.020735),
      ["RightUpperArm"] = CFrame.new(-0.114293, -0.256167, 0.006230, 0.321210, 0.829355, -0.457159, 0.929280, -0.369008, -0.016504, -0.182383, -0.419527, -0.889232),
      ["RightUpperLeg"] = CFrame.new(-0.195982, -0.189482, -0.000000, 0.453973, -0.891016, 0.000000, 0.891016, 0.453973, 0.000000, 0.000000, 0.000000, 1.000000),
      ["x_B1"] = CFrame.new(0.112319, -0.089332, 0.168922, 0.748589, -0.024394, -0.662586, 0.032589, 0.999469, 0.000022, 0.662233, -0.021609, 0.748986),
      ["x_B2"] = CFrame.new(-0.004432, 0.009112, 0.043182, 0.987146, -0.032149, -0.156556, 0.032556, 0.999470, 0.000033, 0.156472, -0.005130, 0.987669)
    }},
    { Time = 0.233, Data = {
      ["Head"] = CFrame.new(-0.051773, 0.168669, -0.026538, 0.841608, -0.497112, 0.211132, 0.178134, 0.624538, 0.760408, -0.509868, -0.602355, 0.614169),
      ["LeftUpperArm"] = CFrame.new(0.158341, 0.045615, 0.087960, 0.875830, 0.467386, 0.120299, -0.474163, 0.786869, 0.394977, 0.089947, -0.402974, 0.910781),
      ["LeftUpperLeg"] = CFrame.new(-0.198647, 0.111584, -0.002057, -0.353757, 0.891836, 0.281932, -0.934845, -0.327350, -0.137501, -0.030338, -0.312204, 0.949530),
      ["LowerTorso"] = CFrame.new(-0.003533, 0.484267, -0.168656, 0.009252, 0.018557, -0.999785, -0.894229, 0.447610, 0.000033, 0.447514, 0.894036, 0.020735),
      ["RightUpperArm"] = CFrame.new(-0.115226, -0.256464, 0.007237, 0.321435, 0.829224, -0.457238, 0.928039, -0.371837, -0.021940, -0.188211, -0.417282, -0.889074),
      ["RightUpperLeg"] = CFrame.new(-0.194249, -0.190462, -0.000000, 0.456675, -0.889633, 0.000000, 0.889633, 0.456675, 0.000000, 0.000000, 0.000000, 1.000000),
      ["x_B1"] = CFrame.new(0.112763, -0.087063, 0.169315, 0.748393, -0.030405, -0.662558, 0.040617, 0.999175, 0.000026, 0.662011, -0.026930, 0.749010),
      ["x_B2"] = CFrame.new(-0.003846, 0.011381, 0.043275, 0.986853, -0.040101, -0.156567, 0.040602, 0.999175, 0.000005, 0.156438, -0.006362, 0.987667)
    }},
    { Time = 0.250, Data = {
      ["Head"] = CFrame.new(-0.051773, 0.168669, -0.026538, 0.841596, -0.498083, 0.208877, 0.178148, 0.621082, 0.763231, -0.509882, -0.605121, 0.611432),
      ["LeftUpperArm"] = CFrame.new(0.160626, 0.048782, 0.086289, 0.875318, 0.468352, 0.120270, -0.475020, 0.786352, 0.394976, 0.090413, -0.402860, 0.910785),
      ["LeftUpperLeg"] = CFrame.new(-0.201441, 0.112620, -0.001071, -0.359345, 0.889605, 0.281911, -0.932773, -0.333216, -0.137480, -0.028366, -0.312362, 0.949540),
      ["LowerTorso"] = CFrame.new(-0.003400, 0.483668, -0.162245, 0.009252, 0.018557, -0.999785, -0.894229, 0.447610, 0.000033, 0.447514, 0.894036, 0.020735),
      ["RightUpperArm"] = CFrame.new(-0.116300, -0.256784, 0.008394, 0.321590, 0.829086, -0.457380, 0.926587, -0.375014, -0.028288, -0.194977, -0.414705, -0.888821),
      ["RightUpperLeg"] = CFrame.new(-0.192262, -0.191580, -0.000000, 0.459820, -0.888012, 0.000000, 0.888012, 0.459820, 0.000000, 0.000000, 0.000000, 1.000000),
      ["x_B1"] = CFrame.new(0.113276, -0.084446, 0.169769, 0.748081, -0.037472, -0.662549, 0.050006, 0.998749, -0.000026, 0.661721, -0.033112, 0.749019),
      ["x_B2"] = CFrame.new(-0.003169, 0.013998, 0.043382, 0.986432, -0.049334, -0.156583, 0.049943, 0.998752, -0.000039, 0.156389, -0.007782, 0.987665)
    }},
    { Time = 0.267, Data = {
      ["Head"] = CFrame.new(-0.051773, 0.168669, -0.026538, 0.841620, -0.499139, 0.206241, 0.178107, 0.617033, 0.766517, -0.509856, -0.608383, 0.608207),
      ["LeftUpperArm"] = CFrame.new(0.163241, 0.052397, 0.084379, 0.874718, 0.469469, 0.120278, -0.476028, 0.785748, 0.394964, 0.090915, -0.402738, 0.910789),
      ["LeftUpperLeg"] = CFrame.new(-0.204174, 0.113653, -0.000094, -0.364811, 0.887381, 0.281901, -0.930707, -0.338960, -0.137444, -0.026412, -0.312508, 0.949548),
      ["LowerTorso"] = CFrame.new(-0.003267, 0.483070, -0.155835, 0.009252, 0.018557, -0.999785, -0.894229, 0.447610, 0.000033, 0.447514, 0.894036, 0.020735),
      ["RightUpperArm"] = CFrame.new(-0.117536, -0.257174, 0.009733, 0.321853, 0.828892, -0.457546, 0.924821, -0.378735, -0.035568, -0.202770, -0.411701, -0.888474),
      ["RightUpperLeg"] = CFrame.new(-0.190272, -0.192693, -0.000000, 0.462956, -0.886381, 0.000000, 0.886381, 0.462956, 0.000000, 0.000000, 0.000000, 1.000000),
      ["x_B1"] = CFrame.new(0.113862, -0.081456, 0.170287, 0.747628, -0.045400, -0.662564, 0.060622, 0.998161, 0.000009, 0.661345, -0.040173, 0.749005),
      ["x_B2"] = CFrame.new(-0.002397, 0.016988, 0.043505, 0.985842, -0.059924, -0.156606, 0.060670, 0.998158, -0.000020, 0.156319, -0.009482, 0.987661)
    }},
    { Time = 0.283, Data = {
      ["Head"] = CFrame.new(-0.051772, 0.168669, -0.026538, 0.841610, -0.500360, 0.203303, 0.178096, 0.612485, 0.770158, -0.509876, -0.611966, 0.604586),
      ["LeftUpperArm"] = CFrame.new(0.166210, 0.056492, 0.082217, 0.874031, 0.470756, 0.120241, -0.477169, 0.785056, 0.394963, 0.091536, -0.402586, 0.910794),
      ["LeftUpperLeg"] = CFrame.new(-0.206565, 0.114575, 0.000740, -0.369593, 0.885378, 0.281969, -0.928864, -0.343960, -0.137489, -0.024744, -0.312726, 0.949521),
      ["LowerTorso"] = CFrame.new(-0.003152, 0.482551, -0.150277, 0.009252, 0.018557, -0.999785, -0.894229, 0.447610, 0.000033, 0.447514, 0.894036, 0.020735),
      ["RightUpperArm"] = CFrame.new(-0.118925, -0.257573, 0.011254, 0.322028, 0.828719, -0.457736, 0.922794, -0.382793, -0.043829, -0.211540, -0.408282, -0.888007),
      ["RightUpperLeg"] = CFrame.new(-0.188527, -0.193663, -0.000000, 0.465637, -0.884976, 0.000000, 0.884976, 0.465637, 0.000000, 0.000000, 0.000000, 1.000000),
      ["x_B1"] = CFrame.new(0.114526, -0.078068, 0.170875, 0.746984, -0.054429, -0.662610, 0.072706, 0.997353, 0.000037, 0.660854, -0.048203, 0.748964),
      ["x_B2"] = CFrame.new(-0.001521, 0.020376, 0.043644, 0.985057, -0.071792, -0.156552, 0.072686, 0.997355, -0.000014, 0.156139, -0.011366, 0.987670)
    }},
    { Time = 0.300, Data = {
      ["Head"] = CFrame.new(-0.051773, 0.168669, -0.026538, 0.841601, -0.501710, 0.199989, 0.178153, 0.607430, 0.774139, -0.509872, -0.615887, 0.600594),
      ["LeftUpperArm"] = CFrame.new(0.169462, 0.060959, 0.079854, 0.873256, 0.472194, 0.120240, -0.478461, 0.784276, 0.394952, 0.092193, -0.402424, 0.910799),
      ["LeftUpperLeg"] = CFrame.new(-0.208625, 0.115381, 0.001471, -0.373713, 0.883668, 0.281905, -0.927252, -0.348294, -0.137459, -0.023282, -0.312767, 0.949545),
      ["LowerTorso"] = CFrame.new(-0.003053, 0.482107, -0.145512, 0.009252, 0.018557, -0.999785, -0.894229, 0.447610, 0.000033, 0.447514, 0.894036, 0.020735),
      ["RightUpperArm"] = CFrame.new(-0.120453, -0.258033, 0.012937, 0.322364, 0.828489, -0.457916, 0.920435, -0.387317, -0.052788, -0.221093, -0.404465, -0.887427),
      ["RightUpperLeg"] = CFrame.new(-0.187041, -0.194484, -0.000000, 0.467954, -0.883753, 0.000000, 0.883753, 0.467954, 0.000000, 0.000000, 0.000000, 1.000000),
      ["x_B1"] = CFrame.new(0.115252, -0.074365, 0.171516, 0.746252, -0.064300, -0.662551, 0.085869, 0.996306, 0.000026, 0.660102, -0.056912, 0.749017),
      ["x_B2"] = CFrame.new(-0.000564, 0.024079, 0.043795, 0.984012, -0.084846, -0.156593, 0.085902, 0.996304, -0.000020, 0.156015, -0.013432, 0.987663)
    }},
    { Time = 0.317, Data = {
      ["Head"] = CFrame.new(-0.051773, 0.168669, -0.026538, 0.841585, -0.502913, 0.197010, 0.178116, 0.602753, 0.777794, -0.509911, -0.619489, 0.596845),
      ["LeftUpperArm"] = CFrame.new(0.172425, 0.065053, 0.077687, 0.872564, 0.473460, 0.120284, -0.479618, 0.783580, 0.394930, 0.092732, -0.402291, 0.910803),
      ["LeftUpperLeg"] = CFrame.new(-0.210351, 0.116065, 0.002059, -0.377164, 0.882196, 0.281916, -0.925882, -0.351899, -0.137510, -0.022105, -0.312885, 0.949534),
      ["LowerTorso"] = CFrame.new(-0.002970, 0.481730, -0.141479, 0.009252, 0.018557, -0.999785, -0.894229, 0.447610, 0.000033, 0.447514, 0.894036, 0.020735),
      ["RightUpperArm"] = CFrame.new(-0.121853, -0.258420, 0.014457, 0.322565, 0.828267, -0.458176, 0.918232, -0.391324, -0.060963, -0.229788, -0.401047, -0.886769),
      ["RightUpperLeg"] = CFrame.new(-0.185780, -0.195178, -0.000000, 0.469911, -0.882714, 0.000000, 0.882714, 0.469911, 0.000000, 0.000000, 0.000000, 1.000000),
      ["x_B1"] = CFrame.new(0.115916, -0.070977, 0.172104, 0.745401, -0.073347, -0.662569, 0.097904, 0.995196, -0.000025, 0.659388, -0.064849, 0.749001),
      ["x_B2"] = CFrame.new(0.000312, 0.027467, 0.043934, 0.982917, -0.096781, -0.156550, 0.097986, 0.995188, -0.000020, 0.155799, -0.015320, 0.987670)
    }},
    { Time = 0.333, Data = {
      ["Head"] = CFrame.new(-0.051772, 0.168669, -0.026538, 0.841599, -0.503915, 0.194371, 0.178098, 0.598672, 0.780944, -0.509894, -0.622625, 0.593588),
      ["LeftUpperArm"] = CFrame.new(0.175039, 0.068667, 0.075776, 0.871957, 0.474575, 0.120292, -0.480624, 0.782969, 0.394919, 0.093233, -0.402167, 0.910807),
      ["LeftUpperLeg"] = CFrame.new(-0.211792, 0.116643, 0.002563, -0.380049, 0.880962, 0.281902, -0.924726, -0.354923, -0.137521, -0.021097, -0.312946, 0.949536),
      ["LowerTorso"] = CFrame.new(-0.002900, 0.481416, -0.138116, 0.009252, 0.018557, -0.999785, -0.894229, 0.447610, 0.000033, 0.447514, 0.894036, 0.020735),
      ["RightUpperArm"] = CFrame.new(-0.123079, -0.258754, 0.015832, 0.322751, 0.828117, -0.458316, 0.916218, -0.394834, -0.068204, -0.237440, -0.397905, -0.886169),
      ["RightUpperLeg"] = CFrame.new(-0.184757, -0.195740, -0.000000, 0.471599, -0.881813, 0.000000, 0.881813, 0.471599, 0.000000, 0.000000, 0.000000, 1.000000),
      ["x_B1"] = CFrame.new(0.116502, -0.067986, 0.172622, 0.744555, -0.081332, -0.662588, 0.108571, 0.994089, -0.000022, 0.658673, -0.071921, 0.748984),
      ["x_B2"] = CFrame.new(0.001084, 0.030458, 0.044057, 0.981822, -0.107255, -0.156595, 0.108596, 0.994086, 0.000004, 0.155668, -0.017010, 0.987663)
    }},
    { Time = 0.350, Data = {
      ["Head"] = CFrame.new(-0.051773, 0.168669, -0.026538, 0.841611, -0.504800, 0.192012, 0.178146, 0.595092, 0.783664, -0.509858, -0.625334, 0.590764),
      ["LeftUpperArm"] = CFrame.new(0.177324, 0.071831, 0.074107, 0.871436, 0.475538, 0.120264, -0.481477, 0.782444, 0.394918, 0.093699, -0.402050, 0.910811),
      ["LeftUpperLeg"] = CFrame.new(-0.212947, 0.117110, 0.003017, -0.382356, 0.879954, 0.281932, -0.923795, -0.357370, -0.137442, -0.020189, -0.312999, 0.949539),
      ["LowerTorso"] = CFrame.new(-0.002843, 0.481159, -0.135363, 0.009252, 0.018557, -0.999785, -0.894229, 0.447610, 0.000033, 0.447514, 0.894036, 0.020735),
      ["RightUpperArm"] = CFrame.new(-0.124158, -0.259061, 0.017044, 0.322951, 0.827955, -0.458468, 0.914367, -0.397957, -0.074585, -0.244203, -0.395121, -0.885576),
      ["RightUpperLeg"] = CFrame.new(-0.183894, -0.196212, -0.000000, 0.472929, -0.881100, 0.000000, 0.881100, 0.472929, 0.000000, 0.000000, 0.000000, 1.000000),
      ["x_B1"] = CFrame.new(0.117015, -0.065369, 0.173076, 0.743753, -0.088258, -0.662603, 0.117871, 0.993029, 0.000036, 0.657981, -0.078129, 0.748971),
      ["x_B2"] = CFrame.new(0.001761, 0.033075, 0.044164, 0.980781, -0.116451, -0.156548, 0.117899, 0.993026, -0.000037, 0.155460, -0.018421, 0.987670)
    }},
    { Time = 0.367, Data = {
      ["Head"] = CFrame.new(-0.051773, 0.168669, -0.026538, 0.841618, -0.505550, 0.189994, 0.178100, 0.591915, 0.786077, -0.509862, -0.627739, 0.588205),
      ["LeftUpperArm"] = CFrame.new(0.179293, 0.074580, 0.072655, 0.871000, 0.476330, 0.120282, -0.482197, 0.782007, 0.394907, 0.094045, -0.401964, 0.910813),
      ["LeftUpperLeg"] = CFrame.new(-0.213922, 0.117507, 0.003344, -0.384307, 0.879114, 0.281898, -0.922999, -0.359409, -0.137471, -0.019535, -0.313022, 0.949545),
      ["LowerTorso"] = CFrame.new(-0.002797, 0.480954, -0.133158, 0.009252, 0.018557, -0.999785, -0.894229, 0.447610, 0.000033, 0.447514, 0.894036, 0.020735),
      ["RightUpperArm"] = CFrame.new(-0.125094, -0.259308, 0.018087, 0.323118, 0.827815, -0.458603, 0.912754, -0.400597, -0.080011, -0.249950, -0.392739, -0.885032),
      ["RightUpperLeg"] = CFrame.new(-0.183201, -0.196589, -0.000000, 0.473992, -0.880529, 0.000000, 0.880529, 0.473992, 0.000000, 0.000000, 0.000000, 1.000000),
      ["x_B1"] = CFrame.new(0.117459, -0.063101, 0.173469, 0.743007, -0.094319, -0.662604, 0.125939, 0.992038, 0.000009, 0.657328, -0.083454, 0.748970),
      ["x_B2"] = CFrame.new(0.002347, 0.035343, 0.044257, 0.979804, -0.124355, -0.156590, 0.125911, 0.992042, 0.000019, 0.155341, -0.019735, 0.987664)
    }},
    { Time = 0.383, Data = {
      ["Head"] = CFrame.new(-0.051773, 0.168669, -0.026538, 0.841624, -0.506189, 0.188259, 0.178121, 0.589251, 0.788071, -0.509844, -0.629727, 0.586091),
      ["LeftUpperArm"] = CFrame.new(0.181012, 0.076919, 0.071414, 0.870564, 0.477123, 0.120299, -0.482916, 0.781568, 0.394897, 0.094392, -0.401877, 0.910815),
      ["LeftUpperLeg"] = CFrame.new(-0.214612, 0.117790, 0.003597, -0.385686, 0.878492, 0.281954, -0.922434, -0.360854, -0.137478, -0.019029, -0.313107, 0.949527),
      ["LowerTorso"] = CFrame.new(-0.002762, 0.480793, -0.131441, 0.009252, 0.018557, -0.999785, -0.894229, 0.447610, 0.000033, 0.447514, 0.894036, 0.020735),
      ["RightUpperArm"] = CFrame.new(-0.125898, -0.259533, 0.018997, 0.323275, 0.827688, -0.458721, 0.911306, -0.402911, -0.084762, -0.254980, -0.390634, -0.884528),
      ["RightUpperLeg"] = CFrame.new(-0.182646, -0.196891, -0.000000, 0.474789, -0.880100, 0.000000, 0.880100, 0.474789, 0.000000, 0.000000, 0.000000, 1.000000),
      ["x_B1"] = CFrame.new(0.117841, -0.061156, 0.173807, 0.742344, -0.099484, -0.662592, 0.132806, 0.991142, -0.000024, 0.656725, -0.087978, 0.748981),
      ["x_B2"] = CFrame.new(0.002850, 0.037288, 0.044337, 0.978925, -0.131156, -0.156538, 0.132792, 0.991144, -0.000004, 0.155152, -0.020783, 0.987672)
    }},
    { Time = 0.400, Data = {
      ["Head"] = CFrame.new(-0.051773, 0.168669, -0.026538, 0.841594, -0.506768, 0.186829, 0.178119, 0.586967, 0.789775, -0.509895, -0.631392, 0.584253),
      ["LeftUpperArm"] = CFrame.new(0.182437, 0.078907, 0.070343, 0.870259, 0.477683, 0.120285, -0.483405, 0.781224, 0.394980, 0.094706, -0.401881, 0.910781),
      ["LeftUpperLeg"] = CFrame.new(-0.215165, 0.118018, 0.003790, -0.386794, 0.878002, 0.281961, -0.921978, -0.362013, -0.137490, -0.018643, -0.313143, 0.949523),
      ["LowerTorso"] = CFrame.new(-0.002735, 0.480673, -0.130151, 0.009252, 0.018557, -0.999785, -0.894229, 0.447610, 0.000033, 0.447514, 0.894036, 0.020735),
      ["RightUpperArm"] = CFrame.new(-0.126578, -0.259701, 0.019751, 0.323374, 0.827584, -0.458840, 0.910103, -0.404782, -0.088675, -0.259116, -0.388916, -0.884083),
      ["RightUpperLeg"] = CFrame.new(-0.182240, -0.197112, -0.000000, 0.475408, -0.879766, 0.000000, 0.879766, 0.475408, 0.000000, 0.000000, 0.000000, 1.000000),
      ["x_B1"] = CFrame.new(0.118163, -0.059509, 0.174092, 0.741775, -0.103807, -0.662567, 0.138585, 0.990351, -0.000011, 0.656174, -0.091814, 0.749003),
      ["x_B2"] = CFrame.new(0.003275, 0.038935, 0.044404, 0.978129, -0.136933, -0.156567, 0.138637, 0.990343, -0.000037, 0.155060, -0.021670, 0.987667)
    }},
    { Time = 0.417, Data = {
      ["Head"] = CFrame.new(-0.051773, 0.168669, -0.026538, 0.841632, -0.507166, 0.185576, 0.178075, 0.585027, 0.791222, -0.509848, -0.632871, 0.582691),
      ["LeftUpperArm"] = CFrame.new(0.183651, 0.080558, 0.069471, 0.869953, 0.478248, 0.120248, -0.483897, 0.780916, 0.394985, 0.094997, -0.401807, 0.910784),
      ["LeftUpperLeg"] = CFrame.new(-0.215584, 0.118191, 0.003924, -0.387631, 0.877646, 0.281920, -0.921631, -0.362888, -0.137506, -0.018376, -0.313129, 0.949533),
      ["LowerTorso"] = CFrame.new(-0.002716, 0.480587, -0.129226, 0.009252, 0.018557, -0.999785, -0.894229, 0.447610, 0.000033, 0.447514, 0.894036, 0.020735),
      ["RightUpperArm"] = CFrame.new(-0.127140, -0.259845, 0.020398, 0.323472, 0.827516, -0.458893, 0.909072, -0.406359, -0.091982, -0.262592, -0.387414, -0.883717),
      ["RightUpperLeg"] = CFrame.new(-0.181947, -0.197271, -0.000000, 0.475850, -0.879527, 0.000000, 0.879527, 0.475850, 0.000000, 0.000000, 0.000000, 1.000000),
      ["x_B1"] = CFrame.new(0.118432, -0.058136, 0.174330, 0.741231, -0.107445, -0.662595, 0.143438, 0.989659, -0.000020, 0.655746, -0.095027, 0.748978),
      ["x_B2"] = CFrame.new(0.003630, 0.040308, 0.044460, 0.977448, -0.141682, -0.156597, 0.143454, 0.989657, 0.000012, 0.154975, -0.022476, 0.987663)
    }},
    { Time = 0.433, Data = {
      ["Head"] = CFrame.new(-0.051773, 0.168669, -0.026538, 0.841599, -0.507570, 0.184616, 0.178106, 0.583509, 0.792336, -0.509891, -0.633948, 0.581482),
      ["LeftUpperArm"] = CFrame.new(0.184628, 0.081919, 0.068752, 0.869734, 0.478644, 0.120257, -0.484257, 0.780696, 0.394980, 0.095171, -0.401763, 0.910785),
      ["LeftUpperLeg"] = CFrame.new(-0.215861, 0.118306, 0.004032, -0.388185, 0.877408, 0.281901, -0.921403, -0.363479, -0.137478, -0.018159, -0.313112, 0.949543),
      ["LowerTorso"] = CFrame.new(-0.002703, 0.480529, -0.128606, 0.009252, 0.018557, -0.999785, -0.894229, 0.447610, 0.000033, 0.447514, 0.894036, 0.020735),
      ["RightUpperArm"] = CFrame.new(-0.127599, -0.259963, 0.020931, 0.323534, 0.827463, -0.458946, 0.908212, -0.407648, -0.094729, -0.265473, -0.386172, -0.883400),
      ["RightUpperLeg"] = CFrame.new(-0.181780, -0.197362, -0.000000, 0.476203, -0.879335, 0.000000, 0.879335, 0.476203, 0.000000, 0.000000, 0.000000, 1.000000),
      ["x_B1"] = CFrame.new(0.118653, -0.057012, 0.174525, 0.740835, -0.110456, -0.662543, 0.147477, 0.989065, 0.000012, 0.655297, -0.097719, 0.749024),
      ["x_B2"] = CFrame.new(0.003920, 0.041432, 0.044506, 0.976858, -0.145667, -0.156622, 0.147493, 0.989063, 0.000036, 0.154904, -0.023136, 0.987659)
    }},
    { Time = 0.450, Data = {
      ["Head"] = CFrame.new(-0.051773, 0.168669, -0.026538, 0.841601, -0.507874, 0.183770, 0.178141, 0.582235, 0.793264, -0.509876, -0.634875, 0.580483),
      ["LeftUpperArm"] = CFrame.new(0.185410, 0.083009, 0.068178, 0.869559, 0.478965, 0.120248, -0.484541, 0.780520, 0.394980, 0.095326, -0.401724, 0.910786),
      ["LeftUpperLeg"] = CFrame.new(-0.215995, 0.118361, 0.004092, -0.388454, 0.877273, 0.281950, -0.921291, -0.363762, -0.137474, -0.018039, -0.313160, 0.949529),
      ["LowerTorso"] = CFrame.new(-0.002695, 0.480494, -0.128230, 0.009252, 0.018557, -0.999785, -0.894229, 0.447610, 0.000033, 0.447514, 0.894036, 0.020735),
      ["RightUpperArm"] = CFrame.new(-0.127967, -0.260050, 0.021353, 0.323563, 0.827424, -0.458997, 0.907530, -0.408652, -0.096919, -0.267763, -0.385194, -0.883136),
      ["RightUpperLeg"] = CFrame.new(-0.181660, -0.197427, -0.000000, 0.476380, -0.879239, 0.000000, 0.879239, 0.476380, 0.000000, 0.000000, 0.000000, 1.000000),
      ["x_B1"] = CFrame.new(0.118829, -0.056112, 0.174681, 0.740425, -0.112779, -0.662610, 0.150593, 0.988596, 0.000015, 0.655052, -0.099796, 0.748964),
      ["x_B2"] = CFrame.new(0.004153, 0.042332, 0.044543, 0.976395, -0.148812, -0.156549, 0.150664, 0.988585, -0.000038, 0.154768, -0.023549, 0.987670)
    }},
    { Time = 0.467, Data = {
      ["Head"] = CFrame.new(-0.051773, 0.168669, -0.026538, 0.841602, -0.508111, 0.183110, 0.178142, 0.581207, 0.794017, -0.509874, -0.635627, 0.579661),
      ["LeftUpperArm"] = CFrame.new(0.186019, 0.083858, 0.067731, 0.869428, 0.479209, 0.120221, -0.484749, 0.780387, 0.394986, 0.095462, -0.401689, 0.910787),
      ["LeftUpperLeg"] = CFrame.new(-0.216090, 0.118401, 0.004109, -0.388643, 0.877194, 0.281936, -0.921212, -0.363951, -0.137504, -0.018007, -0.313162, 0.949529),
      ["LowerTorso"] = CFrame.new(-0.002691, 0.480476, -0.128037, 0.009252, 0.018557, -0.999785, -0.894229, 0.447610, 0.000033, 0.447514, 0.894036, 0.020735),
      ["RightUpperArm"] = CFrame.new(-0.128255, -0.260130, 0.021691, 0.323652, 0.827383, -0.459006, 0.906975, -0.409484, -0.098594, -0.269531, -0.384396, -0.882946),
      ["RightUpperLeg"] = CFrame.new(-0.181597, -0.197461, -0.000000, 0.476468, -0.879192, 0.000000, 0.879192, 0.476468, 0.000000, 0.000000, 0.000000, 1.000000),
      ["x_B1"] = CFrame.new(0.118966, -0.055411, 0.174802, 0.740141, -0.114717, -0.662594, 0.153136, 0.988205, -0.000032, 0.654782, -0.101443, 0.748979),
      ["x_B2"] = CFrame.new(0.004334, 0.043033, 0.044572, 0.976028, -0.151180, -0.156569, 0.153072, 0.988215, 0.000029, 0.154719, -0.023995, 0.987667)
    }},
    { Time = 0.483, Data = {
      ["Head"] = CFrame.new(-0.051773, 0.168669, -0.026538, 0.841603, -0.508271, 0.182662, 0.178135, 0.580498, 0.794538, -0.509875, -0.636147, 0.579089),
      ["LeftUpperArm"] = CFrame.new(0.186487, 0.084488, 0.067393, 0.869296, 0.479436, 0.120275, -0.484976, 0.780255, 0.394969, 0.095517, -0.401676, 0.910787),
      ["LeftUpperLeg"] = CFrame.new(-0.216090, 0.118401, 0.004109, -0.388643, 0.877194, 0.281936, -0.921212, -0.363951, -0.137504, -0.018007, -0.313162, 0.949529),
      ["LowerTorso"] = CFrame.new(-0.002690, 0.480469, -0.127966, 0.009252, 0.018557, -0.999785, -0.894229, 0.447610, 0.000033, 0.447514, 0.894036, 0.020735),
      ["RightUpperArm"] = CFrame.new(-0.128485, -0.260200, 0.021927, 0.323726, 0.827301, -0.459102, 0.906538, -0.410144, -0.099853, -0.270906, -0.383869, -0.882754),
      ["RightUpperLeg"] = CFrame.new(-0.181557, -0.197483, -0.000000, 0.476468, -0.879192, 0.000000, 0.879192, 0.476468, 0.000000, 0.000000, 0.000000, 1.000000),
      ["x_B1"] = CFrame.new(0.119070, -0.054885, 0.174894, 0.739953, -0.116077, -0.662568, 0.154979, 0.987918, 0.000005, 0.654562, -0.102687, 0.749002),
      ["x_B2"] = CFrame.new(0.004470, 0.043559, 0.044593, 0.975736, -0.153049, -0.156575, 0.154955, 0.987921, -0.000034, 0.154689, -0.024229, 0.987666)
    }},
    { Time = 0.500, Data = {
      ["Head"] = CFrame.new(-0.051773, 0.168669, -0.026538, 0.841603, -0.508374, 0.182374, 0.178067, 0.579964, 0.794942, -0.509898, -0.636551, 0.578624),
      ["LeftUpperArm"] = CFrame.new(0.186820, 0.084941, 0.067150, 0.869208, 0.479587, 0.120311, -0.485126, 0.780167, 0.394958, 0.095554, -0.401667, 0.910787),
      ["LeftUpperLeg"] = CFrame.new(-0.216137, 0.118420, 0.004117, -0.388737, 0.877154, 0.281928, -0.921173, -0.364046, -0.137518, -0.017990, -0.313163, 0.949529),
      ["LowerTorso"] = CFrame.new(-0.002690, 0.480468, -0.127956, 0.009252, 0.018557, -0.999785, -0.894229, 0.447610, 0.000033, 0.447514, 0.894036, 0.020735),
