return {
  ["Astros legs up"] = {
    { Time = 0.000, Data = {
      ["Head"] = CFrame.new(0.000000, -0.000000, 0.000000, 1.000000, -0.000000, 0.000000, 0.000000, 0.833450, 0.552596, -0.000000, -0.552596, 0.833450),
      ["LeftUpperArm"] = CFrame.new(0.035707, 0.091474, -0.129267, 0.990741, 0.135768, -0.000002, -0.107127, 0.781753, 0.614318, 0.083406, -0.608629, 0.789059),
      ["LeftUpperLeg"] = CFrame.new(-0.164849, 0.122788, -0.050475, 0.797605, 0.602813, 0.021045, -0.532737, 0.687663, 0.493267, 0.282876, -0.404643, 0.869624),
      ["LowerTorso"] = CFrame.new(0.000000, -0.704369, 0.583937, 1.000000, 0.000000, 0.000000, 0.000000, -0.627575, -0.778556, 0.000000, 0.778556, -0.627575),
      ["RightUpperArm"] = CFrame.new(-0.011651, 0.138536, -0.020772, 0.988815, -0.149149, -0.000037, 0.115470, 0.765374, 0.633142, -0.094404, -0.626065, 0.774035),
      ["RightUpperLeg"] = CFrame.new(0.094646, 0.158026, -0.056217, 0.810327, -0.585742, -0.016666, 0.526231, 0.714898, 0.460437, -0.257782, -0.381875, 0.887536),
      ["x_B1"] = CFrame.new(-0.002643, -0.113040, 0.013105, 1.000000, 0.000000, 0.000000, 0.000000, 1.000000, 0.000000, 0.000000, 0.000000, 1.000000),
      ["x_B2"] = CFrame.new(-0.002634, -0.113045, -0.012556, 1.000000, 0.000000, 0.000000, 0.000000, 1.000000, 0.000000, 0.000000, 0.000000, 1.000000)
    }},
    { Time = 0.017, Data = {
      ["Head"] = CFrame.new(0.000000, -0.000000, 0.000000, 1.000000, -0.000000, 0.000000, 0.000000, 0.833450, 0.552596, -0.000000, -0.552596, 0.833450),
      ["LeftUpperArm"] = CFrame.new(0.035707, 0.091473, -0.129266, 0.990741, 0.135768, -0.000002, -0.107127, 0.781753, 0.614318, 0.083406, -0.608629, 0.789059),
      ["LeftUpperLeg"] = CFrame.new(-0.164849, 0.122787, -0.050475, 0.797605, 0.602813, 0.021045, -0.532737, 0.687663, 0.493267, 0.282876, -0.404643, 0.869624),
      ["LowerTorso"] = CFrame.new(0.000000, -0.704367, 0.583939, 1.000000, 0.000000, 0.000000, 0.000000, -0.627575, -0.778556, 0.000000, 0.778556, -0.627575),
      ["RightUpperArm"] = CFrame.new(-0.011651, 0.138536, -0.020772, 0.988815, -0.149149, -0.000037, 0.115470, 0.765374, 0.633142, -0.094404, -0.626065, 0.774035),
      ["RightUpperLeg"] = CFrame.new(0.094646, 0.158026, -0.056217, 0.810327, -0.585742, -0.016666, 0.526231, 0.714898, 0.460437, -0.257782, -0.381875, 0.887536),
      ["x_B1"] = CFrame.new(-0.002644, -0.113030, 0.013105, 1.000000, 0.000000, 0.000000, 0.000000, 1.000000, 0.000000, 0.000000, 0.000000, 1.000000),
      ["x_B2"] = CFrame.new(-0.002634, -0.113030, -0.012556, 1.000000, 0.000000, 0.000000, 0.000000, 1.000000, 0.000000, 0.000000, 0.000000, 1.000000)
    }},
    { Time = 0.033, Data = {
      ["Head"] = CFrame.new(0.000000, 0.000000, -0.000000, 1.000000, -0.000000, 0.000000, 0.000000, 0.833450, 0.552596, -0.000000, -0.552596, 0.833450),
      ["LeftUpperArm"] = CFrame.new(0.035706, 0.091468, -0.129262, 0.990741, 0.135768, -0.000002, -0.107127, 0.781753, 0.614318, 0.083406, -0.608629, 0.789059),
      ["LeftUpperLeg"] = CFrame.new(-0.164849, 0.122788, -0.050475, 0.797605, 0.602813, 0.021045, -0.532737, 0.687663, 0.493267, 0.282876, -0.404643, 0.869624),
      ["LowerTorso"] = CFrame.new(0.000000, -0.704351, 0.583954, 1.000000, 0.000000, 0.000000, 0.000000, -0.627575, -0.778556, 0.000000, 0.778556, -0.627575),
      ["RightUpperArm"] = CFrame.new(-0.011650, 0.138518, -0.020790, 0.988815, -0.149149, -0.000044, 0.115465, 0.765316, 0.633213, -0.094410, -0.626135, 0.773978),
      ["RightUpperLeg"] = CFrame.new(0.094672, 0.157990, -0.056208, 0.810275, -0.585813, -0.016688, 0.526302, 0.714846, 0.460436, -0.257800, -0.381863, 0.887536),
      ["x_B1"] = CFrame.new(-0.002644, -0.112961, 0.013105, 1.000000, 0.000000, 0.000000, 0.000000, 1.000000, 0.000000, 0.000000, 0.000000, 1.000000),
      ["x_B2"] = CFrame.new(-0.002635, -0.112920, -0.012556, 1.000000, -0.000259, 0.000000, 0.000259, 1.000000, 0.000000, 0.000000, 0.000000, 1.000000)
    }},
    { Time = 0.050, Data = {
      ["Head"] = CFrame.new(0.000000, 0.000000, -0.000000, 1.000000, -0.000000, 0.000000, 0.000000, 0.833549, 0.552445, -0.000000, -0.552445, 0.833549),
      ["LeftUpperArm"] = CFrame.new(0.035703, 0.091440, -0.129270, 0.990741, 0.135768, 0.000004, -0.107124, 0.781697, 0.614390, 0.083411, -0.608701, 0.789003),
      ["LeftUpperLeg"] = CFrame.new(-0.164843, 0.122789, -0.050489, 0.797617, 0.602792, 0.021180, -0.532733, 0.687578, 0.493388, 0.282848, -0.404818, 0.869551),
      ["LowerTorso"] = CFrame.new(0.000000, -0.704236, 0.584057, 1.000000, 0.000000, 0.000000, 0.000000, -0.627649, -0.778497, 0.000000, 0.778497, -0.627649),
      ["RightUpperArm"] = CFrame.new(-0.011649, 0.138497, -0.020806, 0.988815, -0.149149, -0.000050, 0.115461, 0.765258, 0.633284, -0.094415, -0.626206, 0.773920),
      ["RightUpperLeg"] = CFrame.new(0.094666, 0.157991, -0.056223, 0.810286, -0.585793, -0.016822, 0.526300, 0.714767, 0.460561, -0.257770, -0.382040, 0.887468),
      ["x_B1"] = CFrame.new(-0.002645, -0.112773, 0.013105, 1.000000, -0.000604, 0.000000, 0.000604, 1.000000, 0.000000, 0.000000, 0.000000, 1.000000),
      ["x_B2"] = CFrame.new(-0.002636, -0.112622, -0.012556, 1.000000, -0.000950, 0.000000, 0.000950, 1.000000, 0.000000, 0.000000, 0.000000, 1.000000)
    }},
    { Time = 0.067, Data = {
      ["Head"] = CFrame.new(0.000000, 0.000000, -0.000000, 1.000000, -0.000000, 0.000000, 0.000000, 0.833699, 0.552220, -0.000000, -0.552220, 0.833699),
      ["LeftUpperArm"] = CFrame.new(0.035699, 0.091399, -0.129268, 0.990741, 0.135768, 0.000010, -0.107120, 0.781641, 0.614461, 0.083416, -0.608773, 0.788947),
      ["LeftUpperLeg"] = CFrame.new(-0.164837, 0.122797, -0.050491, 0.797629, 0.602770, 0.021344, -0.532716, 0.687451, 0.493583, 0.282844, -0.405067, 0.869437),
      ["LowerTorso"] = CFrame.new(0.000000, -0.704080, 0.584197, 1.000000, 0.000000, 0.000000, 0.000000, -0.627724, -0.778436, 0.000000, 0.778436, -0.627724),
      ["RightUpperArm"] = CFrame.new(-0.011648, 0.138455, -0.020840, 0.988815, -0.149149, -0.000064, 0.115452, 0.765143, 0.633425, -0.094426, -0.626348, 0.773804),
      ["RightUpperLeg"] = CFrame.new(0.094660, 0.157999, -0.056226, 0.810297, -0.585773, -0.016983, 0.526285, 0.714649, 0.460761, -0.257765, -0.382292, 0.887362),
      ["x_B1"] = CFrame.new(-0.002647, -0.112408, 0.013105, 0.999999, -0.001467, 0.000000, 0.001467, 0.999999, 0.000000, 0.000000, 0.000000, 1.000000),
      ["x_B2"] = CFrame.new(-0.002640, -0.112042, -0.012556, 0.999997, -0.002331, 0.000000, 0.002331, 0.999997, 0.000000, 0.000000, 0.000000, 1.000000)
    }},
    { Time = 0.083, Data = {
      ["Head"] = CFrame.new(0.000000, 0.000000, -0.000000, 1.000000, -0.000000, 0.000000, 0.000000, 0.833898, 0.551919, -0.000000, -0.551919, 0.833898),
      ["LeftUpperArm"] = CFrame.new(0.035691, 0.091312, -0.129289, 0.990741, 0.135768, 0.000029, -0.107108, 0.781473, 0.614677, 0.083431, -0.608989, 0.788779),
      ["LeftUpperLeg"] = CFrame.new(-0.164858, 0.122784, -0.050458, 0.797588, 0.602816, 0.021588, -0.532743, 0.687186, 0.493924, 0.282910, -0.405449, 0.869237),
      ["LowerTorso"] = CFrame.new(0.000000, -0.703797, 0.584450, 1.000000, 0.000000, 0.000000, 0.000000, -0.627872, -0.778316, 0.000000, 0.778316, -0.627872),
      ["RightUpperArm"] = CFrame.new(-0.011645, 0.138389, -0.020889, 0.988815, -0.149149, -0.000085, 0.115439, 0.764969, 0.633637, -0.094441, -0.626560, 0.773630),
      ["RightUpperLeg"] = CFrame.new(0.094649, 0.158008, -0.056243, 0.810320, -0.585733, -0.017279, 0.526268, 0.714452, 0.461087, -0.257729, -0.382721, 0.887187),
      ["x_B1"] = CFrame.new(-0.002650, -0.111805, 0.013105, 0.999996, -0.002849, 0.000000, 0.002849, 0.999996, 0.000000, 0.000000, 0.000000, 1.000000),
      ["x_B2"] = CFrame.new(-0.002645, -0.111085, -0.012556, 0.999990, -0.004489, 0.000000, 0.004489, 0.999990, 0.000000, 0.000000, 0.000000, 1.000000)
    }},
    { Time = 0.100, Data = {
      ["Head"] = CFrame.new(0.000000, 0.000000, 0.000000, 1.000000, -0.000000, 0.000000, 0.000000, 0.834246, 0.551393, -0.000000, -0.551393, 0.834246),
      ["LeftUpperArm"] = CFrame.new(0.035694, 0.091201, -0.129294, 0.990733, 0.135821, 0.000157, -0.107206, 0.781294, 0.614887, 0.083392, -0.609206, 0.788615),
      ["LeftUpperLeg"] = CFrame.new(-0.164839, 0.122803, -0.050475, 0.797625, 0.602750, 0.022051, -0.532706, 0.686846, 0.494435, 0.282876, -0.406121, 0.868935),
      ["LowerTorso"] = CFrame.new(0.000000, -0.703375, 0.584829, 1.000000, 0.000000, 0.000000, 0.000000, -0.628096, -0.778136, 0.000000, 0.778136, -0.628096),
      ["RightUpperArm"] = CFrame.new(-0.011640, 0.138284, -0.020973, 0.988815, -0.149149, -0.000119, 0.115417, 0.764679, 0.633991, -0.094468, -0.626913, 0.773341),
      ["RightUpperLeg"] = CFrame.new(0.094664, 0.157998, -0.056215, 0.810290, -0.585762, -0.017678, 0.526286, 0.714084, 0.461635, -0.257785, -0.383362, 0.886894),
      ["x_B1"] = CFrame.new(-0.002656, -0.110906, 0.013105, 0.999988, -0.004920, 0.000000, 0.004920, 0.999988, 0.000000, 0.000000, 0.000000, 1.000000),
      ["x_B2"] = CFrame.new(-0.002653, -0.109658, -0.012556, 0.999970, -0.007769, 0.000000, 0.007769, 0.999970, 0.000000, 0.000000, 0.000000, 1.000000)
    }},
    { Time = 0.117, Data = {
      ["Head"] = CFrame.new(0.000000, 0.000000, -0.000000, 1.000000, -0.000000, 0.000000, 0.000000, 0.834693, 0.550716, -0.000000, -0.550716, 0.834693),
      ["LeftUpperArm"] = CFrame.new(0.035678, 0.091038, -0.129316, 0.990733, 0.135821, 0.000188, -0.107187, 0.781014, 0.615247, 0.083417, -0.609565, 0.788335),
      ["LeftUpperLeg"] = CFrame.new(-0.164847, 0.122799, -0.050458, 0.797608, 0.602752, 0.022594, -0.532713, 0.686368, 0.495092, 0.282910, -0.406926, 0.868547),
      ["LowerTorso"] = CFrame.new(0.000000, -0.702725, 0.585406, 1.000000, 0.000000, 0.000000, 0.000000, -0.628468, -0.777835, 0.000000, 0.777835, -0.628468),
      ["RightUpperArm"] = CFrame.new(-0.011627, 0.138136, -0.021092, 0.988819, -0.149120, -0.000248, 0.115416, 0.764273, 0.634480, -0.094424, -0.627415, 0.772939),
      ["RightUpperLeg"] = CFrame.new(0.094668, 0.157980, -0.056242, 0.810283, -0.585753, -0.018291, 0.526323, 0.713637, 0.462284, -0.257732, -0.384208, 0.886543),
      ["x_B1"] = CFrame.new(-0.002663, -0.109652, 0.013105, 0.999970, -0.007769, 0.000000, 0.007769, 0.999970, 0.000000, 0.000000, 0.000000, 1.000000),
      ["x_B2"] = CFrame.new(-0.002664, -0.107666, -0.012556, 0.999924, -0.012344, 0.000000, 0.012344, 0.999924, 0.000000, 0.000000, 0.000000, 1.000000)
    }},
    { Time = 0.133, Data = {
      ["Head"] = CFrame.new(0.000000, 0.000000, -0.000000, 1.000000, -0.000000, 0.000000, 0.000000, 0.835337, 0.549738, -0.000000, -0.549738, 0.835337),
      ["LeftUpperArm"] = CFrame.new(0.035657, 0.090816, -0.129350, 0.990733, 0.135821, 0.000231, -0.107160, 0.780621, 0.615749, 0.083451, -0.610068, 0.787942),
      ["LeftUpperLeg"] = CFrame.new(-0.164843, 0.122799, -0.050469, 0.797616, 0.602711, 0.023408, -0.532713, 0.685718, 0.495992, 0.282888, -0.408081, 0.868012),
      ["LowerTorso"] = CFrame.new(0.000000, -0.701908, 0.586135, 1.000000, 0.000000, 0.000000, 0.000000, -0.628914, -0.777475, 0.000000, 0.777475, -0.628914),
      ["RightUpperArm"] = CFrame.new(-0.011611, 0.137945, -0.021243, 0.988823, -0.149091, -0.000391, 0.115406, 0.763751, 0.635111, -0.094391, -0.628058, 0.772421),
      ["RightUpperLeg"] = CFrame.new(0.094645, 0.158021, -0.056228, 0.810328, -0.585669, -0.018991, 0.526241, 0.713082, 0.463233, -0.257759, -0.385364, 0.886033),
      ["x_B1"] = CFrame.new(-0.002672, -0.107983, 0.013105, 0.999932, -0.011653, 0.000000, 0.011653, 0.999932, 0.000000, 0.000000, 0.000000, 1.000000),
      ["x_B2"] = CFrame.new(-0.002679, -0.105015, -0.012556, 0.999829, -0.018472, 0.000000, 0.018472, 0.999829, 0.000000, 0.000000, 0.000000, 1.000000)
    }},
    { Time = 0.150, Data = {
      ["Head"] = CFrame.new(0.000000, 0.000000, -0.000000, 1.000000, -0.000000, 0.000000, 0.000000, 0.836129, 0.548533, -0.000000, -0.548533, 0.836129),
      ["LeftUpperArm"] = CFrame.new(0.035623, 0.090531, -0.129397, 0.990737, 0.135793, 0.000369, -0.107154, 0.780116, 0.616390, 0.083414, -0.610720, 0.787441),
      ["LeftUpperLeg"] = CFrame.new(-0.164834, 0.122814, -0.050469, 0.797636, 0.602645, 0.024414, -0.532683, 0.684896, 0.497158, 0.282889, -0.409556, 0.867316),
      ["LowerTorso"] = CFrame.new(0.000000, -0.700913, 0.587030, 1.000000, 0.000000, 0.000000, 0.000000, -0.629435, -0.777054, 0.000000, 0.777054, -0.629435),
      ["RightUpperArm"] = CFrame.new(-0.011622, 0.137704, -0.021424, 0.988811, -0.149171, -0.000495, 0.115439, 0.763100, 0.635887, -0.094478, -0.628830, 0.771782),
      ["RightUpperLeg"] = CFrame.new(0.094664, 0.157999, -0.056215, 0.810290, -0.585686, -0.020031, 0.526285, 0.712223, 0.464503, -0.257787, -0.386924, 0.885345),
      ["x_B1"] = CFrame.new(-0.002684, -0.105839, 0.013105, 0.999863, -0.016573, 0.000000, 0.016573, 0.999863, 0.000000, 0.000000, 0.000000, 1.000000),
      ["x_B2"] = CFrame.new(-0.002699, -0.101611, -0.012556, 0.999656, -0.026240, 0.000000, 0.026240, 0.999656, 0.000000, 0.000000, 0.000000, 1.000000)
    }},
    { Time = 0.167, Data = {
      ["Head"] = CFrame.new(0.000000, -0.000000, -0.000000, 1.000000, -0.000000, 0.000000, 0.000000, 0.837116, 0.547026, -0.000000, -0.547026, 0.837116),
      ["LeftUpperArm"] = CFrame.new(0.035581, 0.090177, -0.129450, 0.990741, 0.135765, 0.000519, -0.107140, 0.779498, 0.617174, 0.083386, -0.611515, 0.786827),
      ["LeftUpperLeg"] = CFrame.new(-0.164839, 0.122797, -0.050487, 0.797626, 0.602604, 0.025715, -0.532717, 0.683846, 0.498564, 0.282852, -0.411367, 0.866471),
      ["LowerTorso"] = CFrame.new(0.000000, -0.699650, 0.588162, 1.000000, 0.000000, 0.000000, 0.000000, -0.630103, -0.776511, 0.000000, 0.776511, -0.630103),
      ["RightUpperArm"] = CFrame.new(-0.011594, 0.137402, -0.021659, 0.988820, -0.149113, -0.000753, 0.115437, 0.762285, 0.636865, -0.094391, -0.629831, 0.770975),
      ["RightUpperLeg"] = CFrame.new(0.094651, 0.158020, -0.056212, 0.810316, -0.585609, -0.021210, 0.526243, 0.711293, 0.465973, -0.257791, -0.388747, 0.884545),
      ["x_B1"] = CFrame.new(-0.002699, -0.103163, 0.013105, 0.999742, -0.022701, 0.000000, 0.022701, 0.999742, 0.000000, 0.000000, 0.000000, 1.000000),
      ["x_B2"] = CFrame.new(-0.002722, -0.097361, -0.012556, 0.999349, -0.036077, 0.000000, 0.036077, 0.999349, 0.000000, 0.000000, 0.000000, 1.000000)
    }},
    { Time = 0.183, Data = {
      ["Head"] = CFrame.new(0.000000, -0.000000, 0.000000, 1.000000, -0.000000, 0.000000, 0.000000, 0.838345, 0.545140, -0.000000, -0.545140, 0.838345),
      ["LeftUpperArm"] = CFrame.new(0.035554, 0.089749, -0.129505, 0.990734, 0.135817, 0.000709, -0.107200, 0.778755, 0.618100, 0.083397, -0.612449, 0.786099),
      ["LeftUpperLeg"] = CFrame.new(-0.164838, 0.122801, -0.050482, 0.797628, 0.602535, 0.027236, -0.532709, 0.682577, 0.500309, 0.282863, -0.413569, 0.865418),
      ["LowerTorso"] = CFrame.new(0.000000, -0.698034, 0.589606, 1.000000, 0.000000, 0.000000, 0.000000, -0.630994, -0.775788, 0.000000, 0.775788, -0.630994),
      ["RightUpperArm"] = CFrame.new(-0.011591, 0.137016, -0.021960, 0.988812, -0.149164, -0.000987, 0.115469, 0.761222, 0.638128, -0.094434, -0.631103, 0.769930),
      ["RightUpperLeg"] = CFrame.new(0.094653, 0.158019, -0.056206, 0.810311, -0.585558, -0.022734, 0.526244, 0.710067, 0.467838, -0.257804, -0.391058, 0.883522),
      ["x_B1"] = CFrame.new(-0.002718, -0.099893, 0.013105, 0.999544, -0.030209, 0.000000, 0.030209, 0.999544, 0.000000, 0.000000, 0.000000, 1.000000),
      ["x_B2"] = CFrame.new(-0.002752, -0.092169, -0.012556, 0.998848, -0.047981, 0.000000, 0.047981, 0.998848, 0.000000, 0.000000, 0.000000, 1.000000)
    }},
    { Time = 0.200, Data = {
      ["Head"] = CFrame.new(0.000000, -0.000000, 0.000000, 1.000000, -0.000000, 0.000000, 0.000000, 0.839766, 0.542949, -0.000000, -0.542949, 0.839766),
      ["LeftUpperArm"] = CFrame.new(0.035497, 0.089233, -0.129579, 0.990737, 0.135789, 0.000890, -0.107167, 0.777853, 0.619241, 0.083394, -0.613601, 0.785200),
      ["LeftUpperLeg"] = CFrame.new(-0.164852, 0.122780, -0.050482, 0.797599, 0.602486, 0.029080, -0.532751, 0.681033, 0.502365, 0.282863, -0.416178, 0.864167),
      ["LowerTorso"] = CFrame.new(0.000000, -0.696201, 0.591256, 1.000000, 0.000000, 0.000000, 0.000000, -0.631957, -0.775003, 0.000000, 0.775003, -0.631957),
      ["RightUpperArm"] = CFrame.new(-0.011565, 0.136566, -0.022309, 0.988816, -0.149134, -0.001212, 0.115407, 0.759994, 0.639601, -0.094465, -0.632588, 0.768706),
      ["RightUpperLeg"] = CFrame.new(0.094671, 0.157991, -0.056208, 0.810276, -0.585533, -0.024576, 0.526301, 0.708581, 0.470022, -0.257800, -0.393782, 0.882312),
      ["x_B1"] = CFrame.new(-0.002740, -0.095972, 0.013105, 0.999232, -0.039183, 0.000000, 0.039183, 0.999232, 0.000000, 0.000000, 0.000000, 1.000000),
      ["x_B2"] = CFrame.new(-0.002787, -0.085942, -0.012556, 0.998063, -0.062208, 0.000000, 0.062208, 0.998063, 0.000000, 0.000000, 0.000000, 1.000000)
    }},
    { Time = 0.217, Data = {
      ["Head"] = CFrame.new(0.000000, -0.000000, 0.000000, 1.000000, -0.000000, 0.000000, 0.000000, 0.841471, 0.540302, -0.000000, -0.540302, 0.841471),
      ["LeftUpperArm"] = CFrame.new(0.035431, 0.088635, -0.129649, 0.990741, 0.135760, 0.001083, -0.107127, 0.776836, 0.620524, 0.083401, -0.614895, 0.784187),
      ["LeftUpperLeg"] = CFrame.new(-0.164855, 0.122781, -0.050471, 0.797594, 0.602384, 0.031281, -0.532749, 0.679175, 0.504876, 0.282884, -0.419351, 0.862625),
      ["LowerTorso"] = CFrame.new(0.000000, -0.693915, 0.593305, 1.000000, 0.000000, 0.000000, 0.000000, -0.633215, -0.773976, 0.000000, 0.773976, -0.633215),
      ["RightUpperArm"] = CFrame.new(-0.011548, 0.136026, -0.022726, 0.988813, -0.149154, -0.001575, 0.115437, 0.758516, 0.641348, -0.094465, -0.634355, 0.767248),
      ["RightUpperLeg"] = CFrame.new(0.094653, 0.158012, -0.056224, 0.810313, -0.585388, -0.026719, 0.526259, 0.706894, 0.472602, -0.257768, -0.397016, 0.880871),
      ["x_B1"] = CFrame.new(-0.002766, -0.091339, 0.013105, 0.998755, -0.049879, 0.000000, 0.049879, 0.998755, 0.000000, 0.000000, 0.000000, 1.000000),
      ["x_B2"] = CFrame.new(-0.002828, -0.078586, -0.012556, 0.996867, -0.079095, 0.000000, 0.079095, 0.996867, 0.000000, 0.000000, 0.000000, 1.000000)
    }},
    { Time = 0.233, Data = {
      ["Head"] = CFrame.new(0.000000, -0.000000, -0.000000, 1.000000, -0.000000, 0.000000, 0.000000, 0.843458, 0.537195, -0.000000, -0.537195, 0.843458),
      ["LeftUpperArm"] = CFrame.new(0.035376, 0.087920, -0.129748, 0.990734, 0.135811, 0.001330, -0.107152, 0.775578, 0.622091, 0.083456, -0.616469, 0.782944),
      ["LeftUpperLeg"] = CFrame.new(-0.164846, 0.122798, -0.050463, 0.797610, 0.602225, 0.033809, -0.532715, 0.677042, 0.507768, 0.282900, -0.423012, 0.860830),
      ["LowerTorso"] = CFrame.new(0.000000, -0.691388, 0.595587, 1.000000, 0.000000, 0.000000, 0.000000, -0.634545, -0.772886, 0.000000, 0.772886, -0.634545),
      ["RightUpperArm"] = CFrame.new(-0.011520, 0.135398, -0.023209, 0.988813, -0.149144, -0.002046, 0.115480, 0.756797, 0.643368, -0.094406, -0.636407, 0.765555),
      ["RightUpperLeg"] = CFrame.new(0.094650, 0.158010, -0.056235, 0.810318, -0.585262, -0.029207, 0.526262, 0.704898, 0.475571, -0.257746, -0.400734, 0.879192),
      ["x_B1"] = CFrame.new(-0.002796, -0.085936, 0.013105, 0.998063, -0.062208, 0.000000, 0.062208, 0.998063, 0.000000, 0.000000, 0.000000, 1.000000),
      ["x_B2"] = CFrame.new(-0.002877, -0.070006, -0.012556, 0.995115, -0.098718, 0.000000, 0.098718, 0.995115, 0.000000, 0.000000, 0.000000, 1.000000)
    }},
    { Time = 0.250, Data = {
      ["Head"] = CFrame.new(0.000000, 0.000000, -0.000000, 1.000000, -0.000000, 0.000000, 0.000000, 0.845720, 0.533627, -0.000000, -0.533627, 0.845720),
      ["LeftUpperArm"] = CFrame.new(0.035283, 0.087102, -0.129857, 0.990741, 0.135753, 0.001648, -0.107114, 0.774157, 0.623865, 0.083416, -0.618266, 0.781530),
      ["LeftUpperLeg"] = CFrame.new(-0.164849, 0.122783, -0.050486, 0.797606, 0.602057, 0.036768, -0.532745, 0.674574, 0.511011, 0.282855, -0.427174, 0.858787),
      ["LowerTorso"] = CFrame.new(0.000000, -0.688384, 0.598296, 1.000000, 0.000000, 0.000000, 0.000000, -0.636166, -0.771552, 0.000000, 0.771552, -0.636166),
      ["RightUpperArm"] = CFrame.new(-0.011473, 0.134683, -0.023756, 0.988822, -0.149082, -0.002435, 0.115396, 0.754848, 0.645669, -0.094420, -0.638733, 0.763613),
      ["RightUpperLeg"] = CFrame.new(0.094664, 0.157998, -0.056216, 0.810291, -0.585148, -0.032095, 0.526286, 0.702503, 0.479075, -0.257783, -0.405081, 0.877187),
      ["x_B1"] = CFrame.new(-0.002832, -0.079704, 0.013105, 0.997069, -0.076512, 0.000000, 0.076512, 0.997069, 0.000000, 0.000000, 0.000000, 1.000000),
      ["x_B2"] = CFrame.new(-0.002933, -0.060109, -0.012556, 0.992603, -0.121403, 0.000000, 0.121403, 0.992603, 0.000000, 0.000000, 0.000000, 1.000000)
    }},
    { Time = 0.267, Data = {
      ["Head"] = CFrame.new(0.000000, 0.000000, 0.000000, 1.000000, -0.000000, 0.000000, 0.000000, 0.847965, 0.530052, -0.000000, -0.530052, 0.847965),
      ["LeftUpperArm"] = CFrame.new(0.035210, 0.086281, -0.129964, 0.990738, 0.135775, 0.001994, -0.107156, 0.772720, 0.625637, 0.083405, -0.620056, 0.780112),
      ["LeftUpperLeg"] = CFrame.new(-0.164857, 0.122785, -0.050455, 0.797588, 0.601896, 0.039678, -0.532740, 0.672042, 0.514342, 0.282915, -0.431371, 0.856667),
      ["LowerTorso"] = CFrame.new(0.000000, -0.685385, 0.601010, 1.000000, 0.000000, 0.000000, 0.000000, -0.637785, -0.770215, 0.000000, 0.770215, -0.637785),
      ["RightUpperArm"] = CFrame.new(-0.011440, 0.133962, -0.024302, 0.988822, -0.149070, -0.002933, 0.115422, 0.752878, 0.647960, -0.094383, -0.641056, 0.761668),
      ["RightUpperLeg"] = CFrame.new(0.094653, 0.158015, -0.056218, 0.810313, -0.584955, -0.034934, 0.526253, 0.700181, 0.482498, -0.257779, -0.409359, 0.875200),
      ["x_B1"] = CFrame.new(-0.002872, -0.072582, 0.013105, 0.995678, -0.092868, 0.000000, 0.092868, 0.995678, 0.000000, 0.000000, 0.000000, 1.000000),
      ["x_B2"] = CFrame.new(-0.002989, -0.050212, -0.012556, 0.989597, -0.143868, 0.000000, 0.143868, 0.989597, 0.000000, 0.000000, 0.000000, 1.000000)
    }},
    { Time = 0.283, Data = {
      ["Head"] = CFrame.new(0.000000, 0.000000, 0.000000, 1.000000, -0.000000, 0.000000, 0.000000, 0.849911, 0.526927, -0.000000, -0.526927, 0.849911),
      ["LeftUpperArm"] = CFrame.new(0.035134, 0.085565, -0.130063, 0.990741, 0.135744, 0.002213, -0.107101, 0.771461, 0.627198, 0.083432, -0.621628, 0.778857),
      ["LeftUpperLeg"] = CFrame.new(-0.164847, 0.122781, -0.050496, 0.797610, 0.601691, 0.042257, -0.532750, 0.669904, 0.517113, 0.282834, -0.434968, 0.854873),
      ["LowerTorso"] = CFrame.new(0.000000, -0.682791, 0.603357, 1.000000, 0.000000, 0.000000, 0.000000, -0.639179, -0.769058, 0.000000, 0.769058, -0.639179),
      ["RightUpperArm"] = CFrame.new(-0.011419, 0.133329, -0.024781, 0.988819, -0.149087, -0.003324, 0.115436, 0.751139, 0.649973, -0.094405, -0.643089, 0.759950),
      ["RightUpperLeg"] = CFrame.new(0.094653, 0.158016, -0.056214, 0.810313, -0.584800, -0.037451, 0.526250, 0.698092, 0.485519, -0.257787, -0.413131, 0.873424),
      ["x_B1"] = CFrame.new(-0.002917, -0.064512, 0.013105, 0.993790, -0.111269, 0.000000, 0.111269, 0.993790, 0.000000, 0.000000, 0.000000, 1.000000),
      ["x_B2"] = CFrame.new(-0.003037, -0.041632, -0.012556, 0.986564, -0.163374, 0.000000, 0.163374, 0.986564, 0.000000, 0.000000, 0.000000, 1.000000)
    }},
    { Time = 0.300, Data = {
      ["Head"] = CFrame.new(0.000000, 0.000000, 0.000000, 1.000000, -0.000000, 0.000000, 0.000000, 0.851561, 0.524255, -0.000000, -0.524255, 0.851561),
      ["LeftUpperArm"] = CFrame.new(0.035081, 0.084946, -0.130150, 0.990738, 0.135766, 0.002522, -0.107167, 0.770360, 0.628538, 0.083391, -0.622987, 0.777775),
      ["LeftUpperLeg"] = CFrame.new(-0.164853, 0.122778, -0.050481, 0.797597, 0.601551, 0.044459, -0.532755, 0.667979, 0.519593, 0.282863, -0.438111, 0.853256),
      ["LowerTorso"] = CFrame.new(0.000000, -0.680591, 0.605356, 1.000000, 0.000000, 0.000000, 0.000000, -0.640352, -0.768082, 0.000000, 0.768082, -0.640352),
      ["RightUpperArm"] = CFrame.new(-0.011401, 0.132782, -0.025193, 0.988815, -0.149104, -0.003688, 0.115468, 0.749632, 0.651704, -0.094407, -0.644841, 0.758464),
      ["RightUpperLeg"] = CFrame.new(0.094664, 0.157991, -0.056229, 0.810290, -0.584690, -0.039590, 0.526299, 0.696327, 0.487993, -0.257757, -0.416252, 0.871949),
      ["x_B1"] = CFrame.new(-0.002967, -0.055694, 0.013105, 0.991324, -0.131441, 0.000000, 0.131441, 0.991324, 0.000000, 0.000000, 0.000000, 1.000000),
      ["x_B2"] = CFrame.new(-0.003078, -0.034276, -0.012556, 0.983663, -0.180019, 0.000000, 0.180019, 0.983663, 0.000000, 0.000000, 0.000000, 1.000000)
    }},
    { Time = 0.317, Data = {
      ["Head"] = CFrame.new(0.000000, -0.000000, 0.000000, 1.000000, -0.000000, 0.000000, 0.000000, 0.852969, 0.521962, -0.000000, -0.521962, 0.852969),
      ["LeftUpperArm"] = CFrame.new(0.035023, 0.084440, -0.130203, 0.990741, 0.135736, 0.002697, -0.107138, 0.769498, 0.629598, 0.083384, -0.624058, 0.776916),
      ["LeftUpperLeg"] = CFrame.new(-0.164845, 0.122787, -0.050487, 0.797613, 0.601392, 0.046281, -0.532736, 0.666415, 0.521616, 0.282853, -0.440703, 0.851924),
      ["LowerTorso"] = CFrame.new(0.000000, -0.678697, 0.607076, 1.000000, 0.000000, 0.000000, 0.000000, -0.641376, -0.767227, 0.000000, 0.767227, -0.641376),
      ["RightUpperArm"] = CFrame.new(-0.011373, 0.132323, -0.025538, 0.988819, -0.149070, -0.003913, 0.115406, 0.748374, 0.653160, -0.094438, -0.646308, 0.757210),
      ["RightUpperLeg"] = CFrame.new(0.094660, 0.157994, -0.056236, 0.810298, -0.584553, -0.041411, 0.526294, 0.694817, 0.490146, -0.257744, -0.418959, 0.870656),
      ["x_B1"] = CFrame.new(-0.003013, -0.047625, 0.013105, 0.988720, -0.149776, 0.000000, 0.149776, 0.988720, 0.000000, 0.000000, 0.000000, 1.000000),
      ["x_B2"] = CFrame.new(-0.003114, -0.028049, -0.012556, 0.980987, -0.194072, 0.000000, 0.194072, 0.980987, 0.000000, 0.000000, 0.000000, 1.000000)
    }},
    { Time = 0.333, Data = {
      ["Head"] = CFrame.new(0.000000, 0.000000, -0.000000, 1.000000, -0.000000, 0.000000, 0.000000, 0.854137, 0.520048, -0.000000, -0.520048, 0.854137),
      ["LeftUpperArm"] = CFrame.new(0.034995, 0.084007, -0.130255, 0.990734, 0.135786, 0.002888, -0.107198, 0.768738, 0.630516, 0.083395, -0.624983, 0.776171),
      ["LeftUpperLeg"] = CFrame.new(-0.164849, 0.122787, -0.050477, 0.797606, 0.601282, 0.047804, -0.532736, 0.665073, 0.523326, 0.282873, -0.442875, 0.850791),
      ["LowerTorso"] = CFrame.new(0.000000, -0.677169, 0.608470, 1.000000, 0.000000, 0.000000, 0.000000, -0.642180, -0.766555, 0.000000, 0.766555, -0.642180),
      ["RightUpperArm"] = CFrame.new(-0.011370, 0.131945, -0.025815, 0.988811, -0.149117, -0.004141, 0.115443, 0.747340, 0.654336, -0.094478, -0.647492, 0.756193),
      ["RightUpperLeg"] = CFrame.new(0.094667, 0.157989, -0.056225, 0.810285, -0.584461, -0.042937, 0.526304, 0.693514, 0.491978, -0.257765, -0.421240, 0.869548),
      ["x_B1"] = CFrame.new(-0.003053, -0.040503, 0.013105, 0.986136, -0.165937, 0.000000, 0.165937, 0.986136, 0.000000, 0.000000, 0.000000, 1.000000),
      ["x_B2"] = CFrame.new(-0.003143, -0.022857, -0.012556, 0.978593, -0.205804, 0.000000, 0.205804, 0.978593, 0.000000, 0.000000, 0.000000, 1.000000)
    }},
    { Time = 0.350, Data = {
      ["Head"] = CFrame.new(0.000000, -0.000000, 0.000000, 1.000000, -0.000000, 0.000000, 0.000000, 0.855068, 0.518516, -0.000000, -0.518516, 0.855068),
      ["LeftUpperArm"] = CFrame.new(0.034961, 0.083650, -0.130304, 0.990734, 0.135785, 0.002956, -0.107156, 0.768104, 0.631295, 0.083449, -0.625763, 0.775537),
      ["LeftUpperLeg"] = CFrame.new(-0.164837, 0.122813, -0.050462, 0.797630, 0.601153, 0.049004, -0.532684, 0.664009, 0.524728, 0.282903, -0.444642, 0.849859),
      ["LowerTorso"] = CFrame.new(0.000000, -0.675844, 0.609671, 1.000000, 0.000000, 0.000000, 0.000000, -0.642909, -0.765942, 0.000000, 0.765942, -0.642909),
      ["RightUpperArm"] = CFrame.new(-0.011341, 0.131636, -0.026047, 0.988819, -0.149055, -0.004398, 0.115442, 0.746498, 0.655297, -0.094392, -0.648478, 0.755359),
      ["RightUpperLeg"] = CFrame.new(0.094658, 0.158006, -0.056219, 0.810303, -0.584348, -0.044117, 0.526270, 0.692516, 0.493418, -0.257776, -0.423036, 0.868673),
      ["x_B1"] = CFrame.new(-0.003088, -0.034270, 0.013105, 0.983663, -0.180019, 0.000000, 0.180019, 0.983663, 0.000000, 0.000000, 0.000000, 1.000000),
      ["x_B2"] = CFrame.new(-0.003167, -0.018607, -0.012556, 0.976546, -0.215308, 0.000000, 0.215308, 0.976546, 0.000000, 0.000000, 0.000000, 1.000000)
    }},
    { Time = 0.367, Data = {
      ["Head"] = CFrame.new(0.000000, 0.000000, -0.000000, 1.000000, -0.000000, 0.000000, 0.000000, 0.855811, 0.517289, -0.000000, -0.517289, 0.855811),
      ["LeftUpperArm"] = CFrame.new(0.034926, 0.083360, -0.130349, 0.990738, 0.135755, 0.003093, -0.107150, 0.767584, 0.631928, 0.083413, -0.626407, 0.775021),
      ["LeftUpperLeg"] = CFrame.new(-0.164852, 0.122778, -0.050487, 0.797600, 0.601101, 0.050114, -0.532756, 0.663073, 0.525838, 0.282853, -0.446107, 0.849107),
      ["LowerTorso"] = CFrame.new(0.000000, -0.674859, 0.610573, 1.000000, 0.000000, 0.000000, 0.000000, -0.643420, -0.765513, 0.000000, 0.765513, -0.643420),
      ["RightUpperArm"] = CFrame.new(-0.011330, 0.131376, -0.026243, 0.988819, -0.149052, -0.004481, 0.115390, 0.745774, 0.656129, -0.094456, -0.649310, 0.754635),
      ["RightUpperLeg"] = CFrame.new(0.094654, 0.158010, -0.056224, 0.810311, -0.584261, -0.045108, 0.526262, 0.691687, 0.494588, -0.257768, -0.424509, 0.867956),
      ["x_B1"] = CFrame.new(-0.003119, -0.028868, 0.013105, 0.981339, -0.192285, 0.000000, 0.192285, 0.981339, 0.000000, 0.000000, 0.000000, 1.000000),
      ["x_B2"] = CFrame.new(-0.003186, -0.015203, -0.012556, 0.974814, -0.223020, 0.000000, 0.223020, 0.974814, 0.000000, 0.000000, 0.000000, 1.000000)
    }},
    { Time = 0.383, Data = {
      ["Head"] = CFrame.new(0.000000, 0.000000, -0.000000, 1.000000, -0.000000, 0.000000, 0.000000, 0.856413, 0.516292, -0.000000, -0.516292, 0.856413),
      ["LeftUpperArm"] = CFrame.new(0.034905, 0.083150, -0.130363, 0.990738, 0.135754, 0.003131, -0.107127, 0.767237, 0.632353, 0.083442, -0.626832, 0.774674),
      ["LeftUpperLeg"] = CFrame.new(-0.164856, 0.122787, -0.050455, 0.797590, 0.601052, 0.050851, -0.532737, 0.662373, 0.526739, 0.282915, -0.447212, 0.848505),
      ["LowerTorso"] = CFrame.new(0.000000, -0.674051, 0.611309, 1.000000, 0.000000, 0.000000, 0.000000, -0.643857, -0.765146, 0.000000, 0.765146, -0.643857),
      ["RightUpperArm"] = CFrame.new(-0.011335, 0.131176, -0.026391, 0.988811, -0.149100, -0.004654, 0.115461, 0.745219, 0.656748, -0.094453, -0.649937, 0.754096),
      ["RightUpperLeg"] = CFrame.new(0.094655, 0.158001, -0.056237, 0.810309, -0.584202, -0.045911, 0.526279, 0.691029, 0.495489, -0.257740, -0.425661, 0.867400),
      ["x_B1"] = CFrame.new(-0.003145, -0.024235, 0.013105, 0.979249, -0.202660, 0.000000, 0.202660, 0.979249, 0.000000, 0.000000, 0.000000, 1.000000),
      ["x_B2"] = CFrame.new(-0.003201, -0.012552, -0.012556, 0.973440, -0.228944, 0.000000, 0.228944, 0.973440, 0.000000, 0.000000, 0.000000, 1.000000)
    }},
    { Time = 0.400, Data = {
      ["Head"] = CFrame.new(0.000000, -0.000000, 0.000000, 1.000000, -0.000000, 0.000000, 0.000000, 0.856829, 0.515601, -0.000000, -0.515601, 0.856829),
      ["LeftUpperArm"] = CFrame.new(0.034881, 0.082970, -0.130403, 0.990741, 0.135724, 0.003249, -0.107133, 0.766890, 0.632773, 0.083391, -0.627263, 0.774330),
      ["LeftUpperLeg"] = CFrame.new(-0.164834, 0.122804, -0.050485, 0.797634, 0.600943, 0.051448, -0.532703, 0.661910, 0.527354, 0.282856, -0.448043, 0.848086),
      ["LowerTorso"] = CFrame.new(0.000000, -0.673483, 0.611832, 1.000000, 0.000000, 0.000000, 0.000000, -0.644148, -0.764901, 0.000000, 0.764901, -0.644148),
      ["RightUpperArm"] = CFrame.new(-0.011320, 0.131040, -0.026489, 0.988815, -0.149069, -0.004776, 0.115465, 0.744857, 0.657158, -0.094405, -0.650359, 0.753738),
      ["RightUpperLeg"] = CFrame.new(0.094667, 0.157998, -0.056210, 0.810286, -0.584189, -0.046473, 0.526287, 0.690500, 0.496219, -0.257796, -0.426537, 0.866953),
      ["x_B1"] = CFrame.new(-0.003167, -0.020314, 0.013105, 0.977380, -0.211491, 0.000000, 0.211491, 0.977380, 0.000000, 0.000000, 0.000000, 1.000000),
      ["x_B2"] = CFrame.new(-0.003212, -0.010560, -0.012556, 0.972395, -0.233341, 0.000000, 0.233341, 0.972395, 0.000000, 0.000000, 0.000000, 1.000000)
    }},
    { Time = 0.417, Data = {
      ["Head"] = CFrame.new(0.000000, 0.000000, -0.000000, 1.000000, -0.000000, 0.000000, 0.000000, 0.857152, 0.515064, -0.000000, -0.515064, 0.857152),
      ["LeftUpperArm"] = CFrame.new(0.034870, 0.082860, -0.130407, 0.990741, 0.135724, 0.003268, -0.107122, 0.766717, 0.632986, 0.083405, -0.627475, 0.774157),
      ["LeftUpperLeg"] = CFrame.new(-0.164851, 0.122791, -0.050464, 0.797602, 0.600953, 0.051829, -0.532728, 0.661532, 0.527803, 0.282898, -0.448588, 0.847784),
      ["LowerTorso"] = CFrame.new(0.000000, -0.673064, 0.612214, 1.000000, 0.000000, 0.000000, 0.000000, -0.644367, -0.764717, 0.000000, 0.764717, -0.644367),
      ["RightUpperArm"] = CFrame.new(-0.011316, 0.130931, -0.026570, 0.988815, -0.149068, -0.004810, 0.115443, 0.744554, 0.657504, -0.094431, -0.650706, 0.753435),
      ["RightUpperLeg"] = CFrame.new(0.094652, 0.158005, -0.056241, 0.810316, -0.584113, -0.046902, 0.526272, 0.690196, 0.496657, -0.257732, -0.427132, 0.866679),
      ["x_B1"] = CFrame.new(-0.003185, -0.017044, 0.013105, 0.975754, -0.218869, 0.000000, 0.218869, 0.975754, 0.000000, 0.000000, 0.000000, 1.000000),
      ["x_B2"] = CFrame.new(-0.003220, -0.009133, -0.012556, 0.971619, -0.236552, 0.000000, 0.236552, 0.971619, 0.000000, 0.000000, 0.000000, 1.000000)
    }},
    { Time = 0.433, Data = {
      ["Head"] = CFrame.new(0.000000, 0.000000, -0.000000, 1.000000, -0.000000, 0.000000, 0.000000, 0.857382, 0.514680, -0.000000, -0.514680, 0.857382),
      ["LeftUpperArm"] = CFrame.new(0.034862, 0.082772, -0.130428, 0.990741, 0.135723, 0.003287, -0.107110, 0.766543, 0.633198, 0.083420, -0.627687, 0.773983),
      ["LeftUpperLeg"] = CFrame.new(-0.164839, 0.122800, -0.050479, 0.797624, 0.600898, 0.052128, -0.532711, 0.661300, 0.528111, 0.282868, -0.449003, 0.847574),
      ["LowerTorso"] = CFrame.new(0.000000, -0.672785, 0.612469, 1.000000, 0.000000, 0.000000, 0.000000, -0.644513, -0.764594, 0.000000, 0.764594, -0.644513),
      ["RightUpperArm"] = CFrame.new(-0.011313, 0.130863, -0.026619, 0.988815, -0.149067, -0.004831, 0.115430, 0.744373, 0.657712, -0.094447, -0.650913, 0.753254),
      ["RightUpperLeg"] = CFrame.new(0.094647, 0.158024, -0.056219, 0.810326, -0.584082, -0.047118, 0.526234, 0.689978, 0.496998, -0.257777, -0.427526, 0.866471),
      ["x_B1"] = CFrame.new(-0.003200, -0.014368, 0.013105, 0.974405, -0.224798, 0.000000, 0.224798, 0.974405, 0.000000, 0.000000, 0.000000, 1.000000),
      ["x_B2"] = CFrame.new(-0.003226, -0.008176, -0.012556, 0.971102, -0.238664, 0.000000, 0.238664, 0.971102, 0.000000, 0.000000, 0.000000, 1.000000)
    }},
    { Time = 0.450, Data = {
      ["Head"] = CFrame.new(0.000000, -0.000000, 0.000000, 1.000000, -0.000000, 0.000000, 0.000000, 0.857475, 0.514526, -0.000000, -0.514526, 0.857475),
      ["LeftUpperArm"] = CFrame.new(0.034858, 0.082730, -0.130425, 0.990741, 0.135723, 0.003293, -0.107107, 0.766485, 0.633269, 0.083425, -0.627758, 0.773925),
      ["LeftUpperLeg"] = CFrame.new(-0.164834, 0.122808, -0.050480, 0.797635, 0.600869, 0.052292, -0.532696, 0.661161, 0.528300, 0.282866, -0.449246, 0.847446),
      ["LowerTorso"] = CFrame.new(0.000000, -0.672558, 0.612672, 1.000000, 0.000000, 0.000000, 0.000000, -0.644658, -0.764471, 0.000000, 0.764471, -0.644658),
      ["RightUpperArm"] = CFrame.new(-0.011311, 0.130820, -0.026651, 0.988815, -0.149067, -0.004845, 0.115421, 0.744252, 0.657851, -0.094458, -0.651052, 0.753133),
      ["RightUpperLeg"] = CFrame.new(0.094668, 0.157995, -0.056211, 0.810284, -0.584126, -0.047303, 0.526292, 0.689795, 0.497191, -0.257793, -0.427761, 0.866351),
      ["x_B1"] = CFrame.new(-0.003212, -0.012224, 0.013105, 0.973280, -0.229621, 0.000000, 0.229621, 0.973280, 0.000000, 0.000000, 0.000000, 1.000000),
      ["x_B2"] = CFrame.new(-0.003229, -0.007596, -0.012556, 0.970769, -0.240015, 0.000000, 0.240015, 0.970769, 0.000000, 0.000000, 0.000000, 1.000000)
    }},
    { Time = 0.467, Data = {
      ["Head"] = CFrame.new(0.000000, 0.000000, -0.000000, 1.000000, -0.000000, 0.000000, 0.000000, 0.857567, 0.514373, -0.000000, -0.514373, 0.857567),
      ["LeftUpperArm"] = CFrame.new(0.034855, 0.082702, -0.130433, 0.990741, 0.135723, 0.003299, -0.107103, 0.766427, 0.633339, 0.083430, -0.627829, 0.773867),
      ["LeftUpperLeg"] = CFrame.new(-0.164828, 0.122809, -0.050494, 0.797646, 0.600843, 0.052427, -0.532694, 0.661068, 0.528418, 0.282838, -0.449418, 0.847364),
      ["LowerTorso"] = CFrame.new(0.000000, -0.672517, 0.612714, 1.000000, 0.000000, 0.000000, 0.000000, -0.644658, -0.764471, 0.000000, 0.764471, -0.644658),
      ["RightUpperArm"] = CFrame.new(-0.011310, 0.130798, -0.026668, 0.988815, -0.149067, -0.004852, 0.115417, 0.744191, 0.657920, -0.094463, -0.651121, 0.753073),
      ["RightUpperLeg"] = CFrame.new(0.094663, 0.157995, -0.056226, 0.810294, -0.584101, -0.047437, 0.526291, 0.689708, 0.497313, -0.257763, -0.427935, 0.866274),
      ["x_B1"] = CFrame.new(-0.003222, -0.010555, 0.013105, 0.972395, -0.233341, 0.000000, 0.233341, 0.972395, 0.000000, 0.000000, 0.000000, 1.000000),
      ["x_B2"] = CFrame.new(-0.003231, -0.007298, -0.012556, 0.970602, -0.240690, 0.000000, 0.240690, 0.970602, 0.000000, 0.000000, 0.000000, 1.000000)
    }},
    { Time = 0.483, Data = {
      ["Head"] = CFrame.new(0.000000, 0.000000, -0.000000, 1.000000, -0.000000, 0.000000, 0.000000, 0.857567, 0.514373, -0.000000, -0.514373, 0.857567),
      ["LeftUpperArm"] = CFrame.new(0.034854, 0.082697, -0.130428, 0.990741, 0.135723, 0.003299, -0.107103, 0.766427, 0.633339, 0.083430, -0.627829, 0.773867),
      ["LeftUpperLeg"] = CFrame.new(-0.164829, 0.122809, -0.050494, 0.797646, 0.600843, 0.052427, -0.532694, 0.661068, 0.528418, 0.282838, -0.449418, 0.847364),
      ["LowerTorso"] = CFrame.new(0.000000, -0.672428, 0.612791, 1.000000, 0.000000, 0.000000, 0.000000, -0.644731, -0.764410, 0.000000, 0.764410, -0.644731),
      ["RightUpperArm"] = CFrame.new(-0.011309, 0.130780, -0.026685, 0.988815, -0.149066, -0.004859, 0.115413, 0.744131, 0.657989, -0.094469, -0.651190, 0.753012),
      ["RightUpperLeg"] = CFrame.new(0.094663, 0.158002, -0.056213, 0.810294, -0.584099, -0.047464, 0.526279, 0.689665, 0.497386, -0.257788, -0.428008, 0.866230),
      ["x_B1"] = CFrame.new(-0.003229, -0.009301, 0.013105, 0.971722, -0.236130, 0.000000, 0.236130, 0.971722, 0.000000, 0.000000, 0.000000, 1.000000),
      ["x_B2"] = CFrame.new(-0.003231, -0.007188, -0.012556, 0.970560, -0.240859, 0.000000, 0.240859, 0.970560, 0.000000, 0.000000, 0.000000, 1.000000)
    }},
    { Time = 0.500, Data = {
      ["Head"] = CFrame.new(0.000000, 0.000000, -0.000000, 1.000000, -0.000000, 0.000000, 0.000000, 0.857567, 0.514373, -0.000000, -0.514373, 0.857567),
      ["LeftUpperArm"] = CFrame.new(0.034854, 0.082696, -0.130428, 0.990741, 0.135723, 0.003299, -0.107103, 0.766427, 0.633339, 0.083430, -0.627829, 0.773867),
      ["LeftUpperLeg"] = CFrame.new(-0.164828, 0.122808, -0.050494, 0.797646, 0.600843, 0.052427, -0.532694, 0.661068, 0.528418, 0.282838, -0.449418, 0.847364),
      ["LowerTorso"] = CFrame.new(0.000000, -0.672426, 0.612793, 1.000000, 0.000000, 0.000000, 0.000000, -0.644731, -0.764410, 0.000000, 0.764410, -0.644731),
      ["RightUpperArm"] = CFrame.new(-0.011309, 0.130779, -0.026685, 0.988815, -0.149066, -0.004859, 0.115413, 0.744131, 0.657989, -0.094469, -0.651190, 0.753012),
