return {
  ["Astros gripping ass dance"] = {
    { Time = 0.000, Data = {
      ["Cock"] = CFrame.new(-0.000000, 0.000000, 0.000000, 0.911165, 0.412043, 0.000000, -0.412043, 0.911165, -0.000000, -0.000000, 0.000000, 1.000000),
      ["Head"] = CFrame.new(-0.000000, -0.000000, 0.000000, 1.000000, -0.000000, 0.000000, 0.000000, 0.869029, 0.494762, -0.000000, -0.494762, 0.869029),
      ["LeftUpperArm"] = CFrame.new(-0.135438, -0.152607, -0.062229, 0.854944, -0.514972, -0.062240, 0.506289, 0.802318, 0.316159, -0.112877, -0.301809, 0.946663),
      ["LeftUpperLeg"] = CFrame.new(-0.036083, -0.012626, 0.042141, 0.996122, 0.038694, -0.079018, -0.025251, 0.986049, 0.164531, 0.084282, -0.161898, 0.983202),
      ["LowerTorso"] = CFrame.new(0.000000, 0.014211, 0.674081, 1.000000, 0.000000, 0.000000, 0.000000, 0.985789, -0.167987, 0.000000, 0.167987, 0.985789),
      ["RightUpperArm"] = CFrame.new(0.596036, -0.879841, 0.619584, 0.872409, 0.319768, 0.369664, 0.426487, -0.128551, -0.895312, -0.238771, 0.938735, -0.248526),
      ["RightUpperLeg"] = CFrame.new(0.016557, -0.022189, 0.043285, 0.995257, -0.058049, 0.078060, 0.044372, 0.984999, 0.166757, -0.086569, -0.162502, 0.982903)
    }},
    { Time = 0.017, Data = {
      ["Head"] = CFrame.new(-0.000000, -0.000000, -0.000000, 1.000000, -0.000000, 0.000000, 0.000000, 0.867789, 0.496933, -0.000000, -0.496933, 0.867789),
      ["LeftUpperArm"] = CFrame.new(-0.135438, -0.152607, -0.062229, 0.854944, -0.514972, -0.062240, 0.506289, 0.802318, 0.316159, -0.112877, -0.301809, 0.946663),
      ["LeftUpperLeg"] = CFrame.new(-0.036093, -0.010822, 0.042750, 0.996103, 0.035588, -0.080699, -0.021645, 0.985637, 0.167486, 0.085501, -0.165086, 0.982566),
      ["LowerTorso"] = CFrame.new(-0.002479, 0.014624, 0.670555, 0.999997, 0.002479, -0.000386, -0.002509, 0.985376, -0.170377, -0.000042, 0.170378, 0.985379),
      ["RightUpperArm"] = CFrame.new(0.595990, -0.881480, 0.616114, 0.871033, 0.319593, 0.373044, 0.430249, -0.129901, -0.893315, -0.237038, 0.938609, -0.250652),
      ["RightUpperLeg"] = CFrame.new(0.016708, -0.023451, 0.044343, 0.994955, -0.061172, 0.079514, 0.046896, 0.984257, 0.170409, -0.088686, -0.165820, 0.982160)
    }},
    { Time = 0.033, Data = {
      ["Cock"] = CFrame.new(-0.000000, 0.000000, 0.000000, 0.904003, 0.427526, 0.000000, -0.427526, 0.904003, -0.000000, -0.000000, 0.000000, 1.000000),
      ["Head"] = CFrame.new(-0.000000, 0.000000, 0.000000, 1.000000, -0.000000, 0.000000, 0.000000, 0.867078, 0.498173, -0.000000, -0.498173, 0.867078),
      ["LeftUpperArm"] = CFrame.new(-0.135438, -0.152607, -0.062229, 0.854944, -0.514972, -0.062240, 0.506289, 0.802318, 0.316159, -0.112877, -0.301809, 0.946663),
      ["LeftUpperLeg"] = CFrame.new(-0.036073, -0.008961, 0.042949, 0.996143, 0.032090, -0.081670, -0.017923, 0.985517, 0.168625, 0.085898, -0.166511, 0.982291),
      ["LowerTorso"] = CFrame.new(-0.005381, 0.014829, 0.668907, 0.999985, 0.005381, -0.000898, -0.005455, 0.985171, -0.171486, -0.000038, 0.171488, 0.985186),
      ["RightUpperArm"] = CFrame.new(0.595889, -0.883677, 0.610357, 0.869766, 0.319215, 0.376310, 0.434295, -0.133098, -0.890883, -0.234297, 0.938289, -0.254397),
      ["RightUpperLeg"] = CFrame.new(0.016841, -0.025088, 0.044940, 0.994688, -0.064754, 0.080014, 0.050169, 0.983741, 0.172444, -0.089879, -0.167514, 0.981764)
    }},
    { Time = 0.050, Data = {
      ["Head"] = CFrame.new(-0.000000, 0.000000, -0.000000, 1.000000, -0.000000, 0.000000, 0.000000, 0.866810, 0.498638, -0.000000, -0.498638, 0.866810),
      ["LeftUpperArm"] = CFrame.new(-0.135438, -0.152607, -0.062229, 0.854944, -0.514972, -0.062240, 0.506289, 0.802318, 0.316159, -0.112877, -0.301809, 0.946663),
      ["LeftUpperLeg"] = CFrame.new(-0.036023, -0.007127, 0.042707, 0.996244, 0.028370, -0.081816, -0.014254, 0.985647, 0.168215, 0.085414, -0.166417, 0.982349),
      ["LowerTorso"] = CFrame.new(-0.008369, 0.014849, 0.668830, 0.999964, 0.008369, -0.001416, -0.008488, 0.985151, -0.171483, -0.000040, 0.171489, 0.985186),
      ["RightUpperArm"] = CFrame.new(0.595780, -0.886298, 0.602800, 0.868585, 0.318796, 0.379379, 0.438478, -0.137772, -0.888119, -0.230861, 0.937757, -0.259452),
      ["RightUpperLeg"] = CFrame.new(0.016968, -0.026999, 0.045236, 0.994434, -0.068651, 0.079922, 0.053993, 0.983450, 0.172948, -0.090473, -0.167670, 0.981683)
    }},
    { Time = 0.067, Data = {
      ["Cock"] = CFrame.new(-0.000000, 0.000000, 0.000000, 0.901682, 0.432400, 0.000000, -0.432400, 0.901682, -0.000000, -0.000000, 0.000000, 1.000000),
      ["Head"] = CFrame.new(-0.000000, 0.000001, -0.000000, 1.000000, -0.000000, 0.000000, 0.000000, 0.866855, 0.498560, -0.000000, -0.498560, 0.866855),
      ["LeftUpperArm"] = CFrame.new(-0.135438, -0.152607, -0.062229, 0.854944, -0.514972, -0.062240, 0.506289, 0.802318, 0.316159, -0.112877, -0.301809, 0.946663),
      ["LeftUpperLeg"] = CFrame.new(-0.035958, -0.005383, 0.042208, 0.996372, 0.024643, -0.081454, -0.010765, 0.985964, 0.166611, 0.084417, -0.165130, 0.982652),
      ["LowerTorso"] = CFrame.new(-0.011443, 0.014732, 0.669935, 0.999933, 0.011443, -0.001937, -0.011606, 0.985268, -0.170625, -0.000044, 0.170636, 0.985334),
      ["RightUpperArm"] = CFrame.new(0.595622, -0.889211, 0.593958, 0.867533, 0.318197, 0.382280, 0.442676, -0.143537, -0.885119, -0.226771, 0.937095, -0.265381),
      ["RightUpperLeg"] = CFrame.new(0.017073, -0.028968, 0.045173, 0.994224, -0.072441, 0.079187, 0.057930, 0.983350, 0.172239, -0.090346, -0.166657, 0.981867)
    }},
    { Time = 0.083, Data = {
      ["Head"] = CFrame.new(-0.000000, 0.000000, -0.000000, 1.000000, -0.000000, 0.000000, 0.000000, 0.867078, 0.498173, -0.000000, -0.498173, 0.867078),
      ["LeftUpperArm"] = CFrame.new(-0.135438, -0.152607, -0.062229, 0.854944, -0.514972, -0.062240, 0.506289, 0.802318, 0.316159, -0.112877, -0.301809, 0.946663),
      ["LeftUpperLeg"] = CFrame.new(-0.035881, -0.003806, 0.041464, 0.996527, 0.021097, -0.080559, -0.007612, 0.986404, 0.164164, 0.082927, -0.162981, 0.983138),
      ["LowerTorso"] = CFrame.new(-0.014354, 0.014491, 0.672003, 0.999894, 0.014354, -0.002348, -0.014545, 0.985509, -0.168999, -0.000112, 0.169015, 0.985613),
      ["RightUpperArm"] = CFrame.new(0.595431, -0.892241, 0.584336, 0.866633, 0.317471, 0.384914, 0.446664, -0.149862, -0.882062, -0.222345, 0.936351, -0.271679),
      ["RightUpperLeg"] = CFrame.new(0.017161, -0.030939, 0.044831, 0.994049, -0.076061, 0.077988, 0.061872, 0.983416, 0.170484, -0.089662, -0.164644, 0.982269)
    }},
    { Time = 0.100, Data = {
      ["Head"] = CFrame.new(-0.000000, 0.000000, 0.000000, 1.000000, -0.000000, 0.000000, 0.000000, 0.867344, 0.497708, -0.000000, -0.497708, 0.867344),
      ["LeftUpperArm"] = CFrame.new(-0.135438, -0.152607, -0.062229, 0.854944, -0.514972, -0.062240, 0.506289, 0.802318, 0.316159, -0.112877, -0.301809, 0.946663),
      ["LeftUpperLeg"] = CFrame.new(-0.035803, -0.002509, 0.040613, 0.996683, 0.018020, -0.079363, -0.005020, 0.986932, 0.161057, 0.081228, -0.160124, 0.983749),
      ["LowerTorso"] = CFrame.new(-0.016829, 0.014167, 0.674643, 0.999854, 0.016829, -0.002800, -0.017061, 0.985833, -0.166859, -0.000048, 0.166882, 0.985977),
      ["RightUpperArm"] = CFrame.new(0.595179, -0.895321, 0.574438, 0.865986, 0.316511, 0.387156, 0.450246, -0.156623, -0.879061, -0.217595, 0.935569, -0.278141),
      ["RightUpperLeg"] = CFrame.new(0.017223, -0.032728, 0.044242, 0.993925, -0.079193, 0.076431, 0.065451, 0.983610, 0.168012, -0.088484, -0.161989, 0.982817)
    }},
    { Time = 0.117, Data = {
      ["Head"] = CFrame.new(-0.000000, 0.000000, -0.000000, 1.000000, 0.000022, -0.000083, 0.000022, 0.867611, 0.497243, 0.000083, -0.497243, 0.867611),
      ["LeftUpperArm"] = CFrame.new(-0.135438, -0.152607, -0.062229, 0.854944, -0.514972, -0.062240, 0.506289, 0.802318, 0.316159, -0.112877, -0.301809, 0.946663),
      ["LeftUpperLeg"] = CFrame.new(-0.035723, -0.001529, 0.039663, 0.996844, 0.015515, -0.077854, -0.003058, 0.987493, 0.157633, 0.079326, -0.156897, 0.984424),
      ["LowerTorso"] = CFrame.new(-0.018804, 0.013786, 0.677553, 0.999819, 0.018804, -0.003029, -0.019046, 0.986214, -0.164378, -0.000104, 0.164406, 0.986393),
      ["RightUpperArm"] = CFrame.new(0.594872, -0.898246, 0.564781, 0.865568, 0.315344, 0.389038, 0.453302, -0.163158, -0.876297, -0.212860, 0.934846, -0.284171),
      ["RightUpperLeg"] = CFrame.new(0.017258, -0.034190, 0.043525, 0.993854, -0.081609, 0.074789, 0.068377, 0.983922, 0.164990, -0.087051, -0.158863, 0.983455)
    }},
    { Time = 0.133, Data = {
      ["Cock"] = CFrame.new(-0.000000, 0.000000, 0.000000, 0.948663, 0.316288, 0.000000, -0.316288, 0.948663, -0.000000, -0.000000, 0.000000, 1.000000),
      ["Head"] = CFrame.new(-0.000000, 0.000001, -0.000000, 1.000000, 0.000022, -0.000083, 0.000022, 0.867744, 0.497011, 0.000083, -0.497011, 0.867744),
      ["LeftUpperArm"] = CFrame.new(-0.135438, -0.152606, -0.062229, 0.854944, -0.514972, -0.062240, 0.506289, 0.802318, 0.316159, -0.112877, -0.301809, 0.946663),
      ["LeftUpperLeg"] = CFrame.new(-0.035650, -0.001062, 0.038755, 0.996989, 0.014043, -0.076257, -0.002125, 0.988043, 0.154166, 0.077510, -0.153539, 0.985098),
      ["LowerTorso"] = CFrame.new(-0.020085, 0.013374, 0.680425, 0.999793, 0.020085, -0.003281, -0.020351, 0.986626, -0.161725, -0.000011, 0.161758, 0.986830),
      ["RightUpperArm"] = CFrame.new(0.594502, -0.900921, 0.555871, 0.865500, 0.313941, 0.390321, 0.455537, -0.169252, -0.873979, -0.208315, 0.934235, -0.289499),
      ["RightUpperLeg"] = CFrame.new(0.017262, -0.035232, 0.042724, 0.993848, -0.083156, 0.073150, 0.070459, 0.984326, 0.161672, -0.085448, -0.155523, 0.984130)
    }},
    { Time = 0.150, Data = {
      ["Head"] = CFrame.new(-0.000000, -0.000000, -0.000000, 1.000000, 0.000022, -0.000083, 0.000022, 0.867567, 0.497321, 0.000083, -0.497321, 0.867567),
      ["LeftUpperArm"] = CFrame.new(-0.135438, -0.152607, -0.062229, 0.854944, -0.514972, -0.062240, 0.506289, 0.802318, 0.316159, -0.112877, -0.301809, 0.946663),
      ["LeftUpperLeg"] = CFrame.new(-0.035590, -0.001099, 0.037974, 0.997109, 0.013628, -0.074747, -0.002198, 0.988545, 0.150908, 0.075947, -0.150308, 0.985718),
      ["LowerTorso"] = CFrame.new(-0.020347, 0.012935, 0.683044, 0.999788, 0.020347, -0.003273, -0.020609, 0.987065, -0.158990, -0.000004, 0.159023, 0.987275),
      ["RightUpperArm"] = CFrame.new(0.594051, -0.903149, 0.548243, 0.865744, 0.312221, 0.391159, 0.456946, -0.174257, -0.872259, -0.204175, 0.933891, -0.293530),
      ["RightUpperLeg"] = CFrame.new(0.017220, -0.035668, 0.041874, 0.993931, -0.083510, 0.071609, 0.071331, 0.984796, 0.158391, -0.083748, -0.152322, 0.984776)
    }},
    { Time = 0.167, Data = {
      ["Cock"] = CFrame.new(-0.000000, 0.000000, 0.000000, 0.952089, 0.305821, 0.000000, -0.305821, 0.952089, -0.000000, -0.000000, 0.000000, 1.000000),
      ["Head"] = CFrame.new(-0.000000, -0.000000, 0.000000, 1.000000, 0.000022, -0.000083, 0.000022, 0.867078, 0.498173, 0.000083, -0.498173, 0.867078),
      ["LeftUpperArm"] = CFrame.new(-0.135438, -0.152607, -0.062229, 0.854944, -0.514972, -0.062240, 0.506289, 0.802318, 0.316159, -0.112877, -0.301809, 0.946663),
      ["LeftUpperLeg"] = CFrame.new(-0.035539, -0.001724, 0.037280, 0.997211, 0.014445, -0.073229, -0.003448, 0.988963, 0.148122, 0.074560, -0.147456, 0.986254),
      ["LowerTorso"] = CFrame.new(-0.019663, 0.012511, 0.685060, 0.999802, 0.019663, -0.003193, -0.019921, 0.987489, -0.156425, 0.000077, 0.156458, 0.987685),
      ["RightUpperArm"] = CFrame.new(0.593506, -0.904844, 0.542297, 0.866421, 0.310151, 0.391306, 0.457240, -0.177964, -0.871356, -0.200614, 0.933882, -0.296005),
      ["RightUpperLeg"] = CFrame.new(0.017130, -0.035406, 0.041018, 0.994111, -0.082512, 0.070252, 0.070807, 0.985324, 0.155319, -0.082036, -0.149430, 0.985363)
    }},
    { Time = 0.183, Data = {
      ["Head"] = CFrame.new(-0.000000, 0.000000, -0.000000, 1.000000, 0.000022, -0.000083, 0.000022, 0.866320, 0.499490, 0.000083, -0.499490, 0.866320),
      ["LeftUpperArm"] = CFrame.new(-0.135438, -0.152607, -0.062229, 0.854944, -0.514972, -0.062240, 0.506289, 0.802318, 0.316159, -0.112877, -0.301809, 0.946663),
      ["LeftUpperLeg"] = CFrame.new(-0.035506, -0.002932, 0.036758, 0.997277, 0.016505, -0.071879, -0.005864, 0.989296, 0.145805, 0.073517, -0.144987, 0.986699),
      ["LowerTorso"] = CFrame.new(-0.017959, 0.012089, 0.686638, 0.999835, 0.017959, -0.002863, -0.018186, 0.987911, -0.153949, 0.000063, 0.153976, 0.988075),
      ["RightUpperArm"] = CFrame.new(0.592892, -0.906021, 0.537980, 0.867436, 0.307816, 0.390902, 0.456607, -0.180395, -0.871187, -0.197648, 0.934188, -0.297032),
      ["RightUpperLeg"] = CFrame.new(0.017006, -0.034573, 0.040211, 0.994360, -0.080422, 0.069142, 0.069142, 0.985900, 0.152384, -0.080422, -0.146744, 0.985900)
    }},
    { Time = 0.200, Data = {
      ["Head"] = CFrame.new(-0.000000, 0.000000, -0.000000, 1.000000, -0.000000, 0.000000, 0.000000, 0.865426, 0.501037, -0.000000, -0.501037, 0.865426),
      ["LeftUpperArm"] = CFrame.new(-0.135438, -0.152607, -0.062229, 0.854944, -0.514972, -0.062240, 0.506289, 0.802318, 0.316159, -0.112877, -0.301809, 0.946663),
      ["LeftUpperLeg"] = CFrame.new(-0.035486, -0.004563, 0.036307, 0.997318, 0.019441, -0.070557, -0.009125, 0.989581, 0.143687, 0.072615, -0.142658, 0.987105),
      ["LowerTorso"] = CFrame.new(-0.015480, 0.011689, 0.687813, 0.999877, 0.015480, -0.002479, -0.015677, 0.988311, -0.151644, 0.000103, 0.151664, 0.988432),
      ["RightUpperArm"] = CFrame.new(0.592215, -0.906719, 0.535132, 0.868734, 0.305241, 0.390038, 0.455174, -0.181610, -0.871685, -0.195239, 0.934797, -0.296709),
      ["RightUpperLeg"] = CFrame.new(0.016846, -0.033174, 0.039411, 0.994679, -0.077230, 0.068189, 0.066342, 0.986521, 0.149585, -0.078822, -0.144266, 0.986395)
    }},
    { Time = 0.217, Data = {
      ["Head"] = CFrame.new(-0.000000, 0.000000, -0.000000, 1.000000, -0.000000, 0.000000, 0.000000, 0.864573, 0.502507, -0.000000, -0.502507, 0.864573),
      ["LeftUpperArm"] = CFrame.new(-0.135438, -0.152607, -0.062229, 0.854944, -0.514972, -0.062240, 0.506289, 0.802318, 0.316159, -0.112877, -0.301809, 0.946663),
      ["LeftUpperLeg"] = CFrame.new(-0.035480, -0.006570, 0.035924, 0.997329, 0.023169, -0.069269, -0.013143, 0.989801, 0.141848, 0.071849, -0.140559, 0.987462),
      ["LowerTorso"] = CFrame.new(-0.012397, 0.011294, 0.688878, 0.999921, 0.012397, -0.002056, -0.012565, 0.988706, -0.149338, 0.000182, 0.149352, 0.988784),
      ["RightUpperArm"] = CFrame.new(0.591490, -0.906979, 0.533583, 0.870205, 0.302486, 0.388902, 0.453183, -0.181722, -0.872698, -0.193307, 0.935671, -0.295217),
      ["RightUpperLeg"] = CFrame.new(0.016665, -0.031429, 0.038549, 0.995040, -0.073351, 0.067189, 0.062854, 0.987160, 0.146849, -0.077098, -0.141898, 0.986874)
    }},
    { Time = 0.233, Data = {
      ["Cock"] = CFrame.new(-0.000007, 0.000004, -0.000000, 0.952993, 0.302991, 0.000000, -0.302991, 0.952993, -0.000000, -0.000000, 0.000000, 1.000000),
      ["Head"] = CFrame.new(-0.000000, -0.000000, -0.000000, 1.000000, -0.000000, 0.000000, 0.000000, 0.863899, 0.503665, -0.000000, -0.503665, 0.863899),
      ["LeftUpperArm"] = CFrame.new(-0.135438, -0.152607, -0.062229, 0.854944, -0.514972, -0.062240, 0.506289, 0.802318, 0.316159, -0.112877, -0.301809, 0.946663),
      ["LeftUpperLeg"] = CFrame.new(-0.035493, -0.008877, 0.035601, 0.997304, 0.027509, -0.068031, -0.017755, 0.989989, 0.140026, 0.071202, -0.138441, 0.987808),
      ["LowerTorso"] = CFrame.new(-0.008803, 0.010909, 0.689954, 0.999960, 0.008803, -0.001516, -0.008931, 0.989092, -0.147032, 0.000205, 0.147039, 0.989131),
      ["RightUpperArm"] = CFrame.new(0.590781, -0.906879, 0.533146, 0.871776, 0.299788, 0.387472, 0.450740, -0.180947, -0.874124, -0.191940, 0.936688, -0.292871),
      ["RightUpperLeg"] = CFrame.new(0.016473, -0.029337, 0.037708, 0.995425, -0.068789, 0.066318, 0.058670, 0.987835, 0.144010, -0.075417, -0.139460, 0.987352)
    }},
    { Time = 0.250, Data = {
      ["Head"] = CFrame.new(-0.000000, -0.000000, 0.000000, 1.000000, -0.000000, 0.000000, 0.000000, 0.863493, 0.504361, -0.000000, -0.504361, 0.863493),
      ["LeftUpperArm"] = CFrame.new(-0.135438, -0.152607, -0.062229, 0.854944, -0.514972, -0.062240, 0.506289, 0.802318, 0.316159, -0.112877, -0.301809, 0.946663),
      ["LeftUpperLeg"] = CFrame.new(-0.035518, -0.011402, 0.035244, 0.997252, 0.032272, -0.066688, -0.022805, 0.990152, 0.138127, 0.070489, -0.136226, 0.988167),
      ["LowerTorso"] = CFrame.new(-0.004956, 0.010541, 0.691163, 0.999987, 0.004956, -0.000880, -0.005031, 0.989459, -0.144723, 0.000153, 0.144726, 0.989472),
      ["RightUpperArm"] = CFrame.new(0.590048, -0.906423, 0.533677, 0.873358, 0.297000, 0.386053, 0.448099, -0.179237, -0.875832, -0.190927, 0.937905, -0.289623),
      ["RightUpperLeg"] = CFrame.new(0.016279, -0.027073, 0.036819, 0.995814, -0.063878, 0.065372, 0.054143, 0.988505, 0.141161, -0.073638, -0.137031, 0.987826)
    }},
    { Time = 0.267, Data = {
      ["Cock"] = CFrame.new(-0.000000, 0.000000, 0.000000, 0.949352, 0.314214, 0.000000, -0.314214, 0.949352, -0.000000, -0.000000, 0.000000, 1.000000),
      ["Head"] = CFrame.new(-0.000000, -0.000000, 0.000000, 1.000000, -0.000000, 0.000000, 0.000000, 0.863493, 0.504361, -0.000000, -0.504361, 0.863493),
      ["LeftUpperArm"] = CFrame.new(-0.135438, -0.152607, -0.062229, 0.854944, -0.514972, -0.062240, 0.506289, 0.802318, 0.316159, -0.112877, -0.301809, 0.946663),
      ["LeftUpperLeg"] = CFrame.new(-0.035557, -0.014019, 0.034844, 0.997175, 0.037198, -0.065259, -0.028038, 0.990305, 0.136054, 0.069687, -0.133840, 0.988550),
      ["LowerTorso"] = CFrame.new(-0.000843, 0.010193, 0.692625, 1.000000, 0.000843, -0.000320, -0.000880, 0.989807, -0.142412, 0.000197, 0.142412, 0.989807),
      ["RightUpperArm"] = CFrame.new(0.589359, -0.905715, 0.534979, 0.874879, 0.294382, 0.384611, 0.445376, -0.176913, -0.877691, -0.190334, 0.939170, -0.285888),
      ["RightUpperLeg"] = CFrame.new(0.016091, -0.024724, 0.035927, 0.996189, -0.058792, 0.064430, 0.049444, 0.989178, 0.138140, -0.071854, -0.134427, 0.988315)
    }},
    { Time = 0.283, Data = {
      ["Head"] = CFrame.new(-0.000000, 0.000000, -0.000000, 1.000000, -0.000000, 0.000000, 0.000000, 0.864124, 0.503279, -0.000000, -0.503279, 0.864124),
      ["LeftUpperArm"] = CFrame.new(-0.135438, -0.152607, -0.062229, 0.854944, -0.514972, -0.062240, 0.506289, 0.802318, 0.316159, -0.112877, -0.301809, 0.946663),
      ["LeftUpperLeg"] = CFrame.new(-0.035608, -0.016682, 0.034395, 0.997073, 0.042202, -0.063753, -0.033366, 0.990446, 0.133804, 0.068791, -0.131285, 0.988955),
      ["LowerTorso"] = CFrame.new(0.003186, 0.009843, 0.694634, 0.999995, -0.003186, 0.000224, 0.003186, 0.990157, -0.139928, 0.000224, 0.139928, 0.990162),
      ["RightUpperArm"] = CFrame.new(0.588704, -0.904759, 0.536902, 0.876277, 0.291890, 0.383325, 0.442727, -0.173931, -0.879626, -0.190082, 0.940505, -0.281639),
      ["RightUpperLeg"] = CFrame.new(0.015911, -0.022384, 0.034951, 0.996549, -0.053684, 0.063309, 0.044762, 0.989865, 0.134776, -0.069903, -0.131477, 0.988851)
    }},
    { Time = 0.300, Data = {
      ["Cock"] = CFrame.new(-0.000000, 0.000000, 0.000000, 0.949352, 0.314214, 0.000000, -0.314214, 0.949352, -0.000000, -0.000000, 0.000000, 1.000000),
      ["Head"] = CFrame.new(-0.000000, 0.000000, -0.000000, 1.000000, -0.000000, 0.000000, 0.000000, 0.865426, 0.501037, -0.000000, -0.501037, 0.865426),
      ["LeftUpperArm"] = CFrame.new(-0.135438, -0.152607, -0.062229, 0.854944, -0.514972, -0.062240, 0.506289, 0.802318, 0.316159, -0.112877, -0.301809, 0.946663),
      ["LeftUpperLeg"] = CFrame.new(-0.035660, -0.019276, 0.033801, 0.996967, 0.047004, -0.062025, -0.038554, 0.990630, 0.131022, 0.067602, -0.128233, 0.989437),
      ["LowerTorso"] = CFrame.new(0.007124, 0.009504, 0.697225, 0.999974, -0.007124, 0.000838, 0.007171, 0.990496, -0.137355, 0.000149, 0.137357, 0.990522),
      ["RightUpperArm"] = CFrame.new(0.588121, -0.903661, 0.539257, 0.877461, 0.289676, 0.382295, 0.440363, -0.170618, -0.881459, -0.190111, 0.941795, -0.277273),
      ["RightUpperLeg"] = CFrame.new(0.015744, -0.020178, 0.033903, 0.996882, -0.048819, 0.061990, 0.040352, 0.990539, 0.131165, -0.067807, -0.128255, 0.989421)
    }},
    { Time = 0.317, Data = {
      ["Cock"] = CFrame.new(-0.000001, 0.000000, 0.000000, 0.948220, 0.317615, 0.000000, -0.317615, 0.948220, -0.000000, -0.000000, 0.000000, 1.000000),
      ["Head"] = CFrame.new(-0.000000, 0.000000, -0.000000, 1.000000, 0.000022, -0.000083, 0.000022, 0.867567, 0.497321, 0.000083, -0.497321, 0.867567),
      ["LeftUpperArm"] = CFrame.new(-0.135438, -0.152607, -0.062229, 0.854944, -0.514972, -0.062240, 0.506289, 0.802318, 0.316159, -0.112877, -0.301809, 0.946663),
      ["LeftUpperLeg"] = CFrame.new(-0.035713, -0.021710, 0.033097, 0.996862, 0.051442, -0.060172, -0.043419, 0.990851, 0.127788, 0.066195, -0.124774, 0.989975),
      ["LowerTorso"] = CFrame.new(0.010725, 0.009160, 0.700607, 0.999942, -0.010725, 0.001331, 0.010806, 0.990840, -0.134609, 0.000125, 0.134615, 0.990898),
      ["RightUpperArm"] = CFrame.new(0.587620, -0.902443, 0.541882, 0.878330, 0.287773, 0.381738, 0.438514, -0.166998, -0.883073, -0.190375, 0.943026, -0.272872),
      ["RightUpperLeg"] = CFrame.new(0.015589, -0.018156, 0.032740, 0.997193, -0.044272, 0.060382, 0.036308, 0.991220, 0.127137, -0.065480, -0.124588, 0.990046)
    }},
    { Time = 0.333, Data = {
      ["Head"] = CFrame.new(-0.000000, 0.000000, -0.000000, 1.000000, 0.000022, -0.000083, 0.000022, 0.870614, 0.491966, 0.000083, -0.491966, 0.870614),
      ["LeftUpperArm"] = CFrame.new(-0.135438, -0.152607, -0.062229, 0.854944, -0.514972, -0.062240, 0.506289, 0.802318, 0.316159, -0.112877, -0.301809, 0.946663),
      ["LeftUpperLeg"] = CFrame.new(-0.035753, -0.023858, 0.032188, 0.996784, 0.055246, -0.058044, -0.047718, 0.991144, 0.123918, 0.064376, -0.120750, 0.990593),
      ["LowerTorso"] = CFrame.new(0.013896, 0.008808, 0.704900, 0.999902, -0.013896, 0.001784, 0.014010, 0.991192, -0.131689, 0.000062, 0.131701, 0.991289),
      ["RightUpperArm"] = CFrame.new(0.587234, -0.901192, 0.544610, 0.878845, 0.286303, 0.381657, 0.437270, -0.163345, -0.884372, -0.190856, 0.944113, -0.268746),
      ["RightUpperLeg"] = CFrame.new(0.015453, -0.016486, 0.031515, 0.997467, -0.040393, 0.058552, 0.032970, 0.991906, 0.122618, -0.063031, -0.120376, 0.990725)
    }},
    { Time = 0.350, Data = {
      ["Cock"] = CFrame.new(-0.000001, 0.000000, 0.000000, 0.941781, 0.336228, 0.000000, -0.336228, 0.941781, -0.000000, -0.000000, 0.000000, 1.000000),
      ["Head"] = CFrame.new(-0.000000, 0.000000, -0.000000, 1.000000, 0.000043, -0.000167, 0.000043, 0.874493, 0.485038, 0.000167, -0.485038, 0.874493),
      ["LeftUpperArm"] = CFrame.new(-0.135438, -0.152607, -0.062229, 0.854944, -0.514972, -0.062240, 0.506289, 0.802318, 0.316159, -0.112877, -0.301809, 0.946663),
      ["LeftUpperLeg"] = CFrame.new(-0.035774, -0.025724, 0.031071, 0.996740, 0.058416, -0.055644, -0.051449, 0.991521, 0.119326, 0.062143, -0.116074, 0.991295),
      ["LowerTorso"] = CFrame.new(0.016386, 0.008430, 0.710314, 0.999864, -0.016386, 0.002095, 0.016519, 0.991570, -0.128512, 0.000028, 0.128529, 0.991706),
      ["RightUpperArm"] = CFrame.new(0.586989, -0.899942, 0.547327, 0.878916, 0.285371, 0.382190, 0.436822, -0.159788, -0.885243, -0.191553, 0.945003, -0.265097),
      ["RightUpperLeg"] = CFrame.new(0.015327, -0.015217, 0.030144, 0.997717, -0.037262, 0.056324, 0.030432, 0.992594, 0.117605, -0.060289, -0.115622, 0.991462)
    }},
    { Time = 0.367, Data = {
      ["Head"] = CFrame.new(-0.000000, -0.000000, -0.000000, 1.000000, 0.000064, -0.000251, 0.000064, 0.878951, 0.476913, 0.000251, -0.476913, 0.878950),
      ["LeftUpperArm"] = CFrame.new(-0.135438, -0.152607, -0.062229, 0.854944, -0.514972, -0.062240, 0.506289, 0.802318, 0.316159, -0.112877, -0.301809, 0.946663),
      ["LeftUpperLeg"] = CFrame.new(-0.035762, -0.027093, 0.029691, 0.996764, 0.060520, -0.052911, -0.054185, 0.992012, 0.113912, 0.059383, -0.110676, 0.992081),
      ["LowerTorso"] = CFrame.new(0.018107, 0.008021, 0.716969, 0.999834, -0.018107, 0.002261, 0.018248, 0.991979, -0.125078, 0.000022, 0.125098, 0.992144),
      ["RightUpperArm"] = CFrame.new(0.586910, -0.898745, 0.549928, 0.878555, 0.285072, 0.383243, 0.437139, -0.156542, -0.885666, -0.192485, 0.945637, -0.262147),
      ["RightUpperLeg"] = CFrame.new(0.015216, -0.014478, 0.028631, 0.997939, -0.035138, 0.053690, 0.028953, 0.993294, 0.111932, -0.057263, -0.110147, 0.992264)
    }},
    { Time = 0.383, Data = {
      ["Cock"] = CFrame.new(-0.000001, 0.000000, 0.000000, 0.939220, 0.343316, 0.000000, -0.343316, 0.939220, -0.000000, -0.000000, 0.000000, 1.000000),
      ["Head"] = CFrame.new(-0.000000, -0.000000, -0.000000, 1.000000, 0.000167, -0.000314, -0.000001, 0.883910, 0.467656, 0.000356, -0.467656, 0.883910),
      ["LeftUpperArm"] = CFrame.new(-0.135438, -0.152607, -0.062229, 0.854944, -0.514972, -0.062240, 0.506289, 0.802318, 0.316159, -0.112877, -0.301809, 0.946663),
      ["LeftUpperLeg"] = CFrame.new(-0.035715, -0.027961, 0.028049, 0.996858, 0.061563, -0.049843, -0.055921, 0.992621, 0.107591, 0.056099, -0.104466, 0.992945),
      ["LowerTorso"] = CFrame.new(0.018968, 0.007568, 0.725023, 0.999817, -0.018968, 0.002366, 0.019114, 0.992432, -0.121300, -0.000047, 0.121323, 0.992613),
      ["RightUpperArm"] = CFrame.new(0.587006, -0.897707, 0.552305, 0.877748, 0.285437, 0.384817, 0.438315, -0.154026, -0.885526, -0.193489, 0.945940, -0.260307),
      ["RightUpperLeg"] = CFrame.new(0.015120, -0.014264, 0.027015, 0.998132, -0.034029, 0.050744, 0.028525, 0.994009, 0.105510, -0.054030, -0.103866, 0.993123)
    }},
    { Time = 0.400, Data = {
      ["Cock"] = CFrame.new(-0.000001, 0.000000, 0.000000, 0.937279, 0.348581, 0.000000, -0.348581, 0.937279, -0.000000, -0.000000, 0.000000, 1.000000),
      ["Head"] = CFrame.new(-0.000000, 0.000000, 0.000000, 1.000000, 0.000185, -0.000399, 0.000018, 0.889174, 0.457570, 0.000440, -0.457570, 0.889173),
      ["LeftUpperArm"] = CFrame.new(-0.135438, -0.152607, -0.062229, 0.854944, -0.514972, -0.062240, 0.506289, 0.802318, 0.316159, -0.112877, -0.301809, 0.946663),
      ["LeftUpperLeg"] = CFrame.new(-0.035637, -0.028318, 0.026237, 0.997015, 0.061561, -0.046600, -0.056638, 0.993328, 0.100457, 0.052474, -0.097518, 0.993849),
      ["LowerTorso"] = CFrame.new(0.019058, 0.007095, 0.734168, 0.999816, -0.019058, 0.002333, 0.019201, 0.992905, -0.117350, -0.000080, 0.117373, 0.993088),
      ["RightUpperArm"] = CFrame.new(0.587264, -0.896779, 0.554382, 0.876544, 0.286416, 0.386830, 0.440217, -0.152074, -0.884920, -0.194628, 0.945960, -0.259385),
      ["RightUpperLeg"] = CFrame.new(0.015038, -0.014615, 0.025251, 0.998296, -0.034031, 0.047399, 0.029227, 0.994699, 0.098593, -0.050503, -0.097039, 0.993998)
    }},
    { Time = 0.417, Data = {
      ["Cock"] = CFrame.new(-0.000001, 0.000000, 0.000000, 0.934902, 0.354905, 0.000000, -0.354905, 0.934902, -0.000000, -0.000000, 0.000000, 1.000000),
      ["Head"] = CFrame.new(-0.000000, 0.000000, -0.000000, 1.000000, 0.000203, -0.000484, 0.000035, 0.894632, 0.446804, 0.000524, -0.446804, 0.894632),
      ["LeftUpperArm"] = CFrame.new(-0.135438, -0.152607, -0.062229, 0.854944, -0.514972, -0.062240, 0.506289, 0.802318, 0.316159, -0.112877, -0.301809, 0.946663),
      ["LeftUpperLeg"] = CFrame.new(-0.035531, -0.028248, 0.024222, 0.997227, 0.060696, -0.043069, -0.056498, 0.994083, 0.092773, 0.048445, -0.090083, 0.994755),
      ["LowerTorso"] = CFrame.new(0.018374, 0.006603, 0.744219, 0.999829, -0.018374, 0.002254, 0.018511, 0.993397, -0.113229, -0.000159, 0.113251, 0.993566),
      ["RightUpperArm"] = CFrame.new(0.587650, -0.896003, 0.556073, 0.875125, 0.287882, 0.388948, 0.442509, -0.150847, -0.883986, -0.195812, 0.945711, -0.259401),
      ["RightUpperLeg"] = CFrame.new(0.014969, -0.015353, 0.023370, 0.998435, -0.034808, 0.043770, 0.030704, 0.995362, 0.091167, -0.046740, -0.089680, 0.994873)
    }},
    { Time = 0.433, Data = {
      ["Cock"] = CFrame.new(-0.000001, 0.000000, 0.000000, 0.929564, 0.368660, 0.000000, -0.368660, 0.929564, -0.000000, -0.000000, 0.000000, 1.000000),
      ["Head"] = CFrame.new(-0.000000, -0.000000, 0.000000, 1.000000, 0.000219, -0.000570, 0.000051, 0.900145, 0.435590, 0.000608, -0.435590, 0.900145),
      ["LeftUpperArm"] = CFrame.new(-0.135438, -0.152607, -0.062229, 0.854944, -0.514972, -0.062240, 0.506289, 0.802318, 0.316159, -0.112877, -0.301809, 0.946663),
      ["LeftUpperLeg"] = CFrame.new(-0.035409, -0.027827, 0.022104, 0.997471, 0.059155, -0.039399, -0.055653, 0.994849, 0.084723, 0.044207, -0.082316, 0.995625),
      ["LowerTorso"] = CFrame.new(0.017091, 0.006110, 0.754902, 0.999852, -0.017091, 0.002058, 0.017213, 0.993890, -0.109021, -0.000183, 0.109040, 0.994037),
      ["RightUpperArm"] = CFrame.new(0.588158, -0.895343, 0.557297, 0.873488, 0.289816, 0.391184, 0.445179, -0.150239, -0.882748, -0.197064, 0.945217, -0.260252),
      ["RightUpperLeg"] = CFrame.new(0.014916, -0.016472, 0.021411, 0.998540, -0.036376, 0.039946, 0.032942, 0.995964, 0.083487, -0.042822, -0.082049, 0.995708)
    }},
    { Time = 0.450, Data = {
      ["Cock"] = CFrame.new(-0.000001, 0.000000, -0.000000, 0.920717, 0.390231, 0.000000, -0.390231, 0.920717, -0.000000, -0.000000, 0.000000, 1.000000),
      ["Head"] = CFrame.new(-0.000000, 0.000000, 0.000000, 1.000000, 0.000234, -0.000655, 0.000066, 0.905548, 0.424244, 0.000693, -0.424244, 0.905548),
      ["LeftUpperArm"] = CFrame.new(-0.135438, -0.152607, -0.062229, 0.854944, -0.514972, -0.062240, 0.506289, 0.802318, 0.316159, -0.112877, -0.301809, 0.946663),
      ["LeftUpperLeg"] = CFrame.new(-0.035273, -0.027047, 0.019887, 0.997743, 0.056945, -0.035575, -0.054096, 0.995602, 0.076484, 0.039774, -0.074387, 0.996436),
      ["LowerTorso"] = CFrame.new(0.015376, 0.005619, 0.766032, 0.999880, -0.015376, 0.001845, 0.015484, 0.994381, -0.104726, -0.000224, 0.104742, 0.994499),
      ["RightUpperArm"] = CFrame.new(0.588743, -0.894839, 0.557971, 0.871810, 0.292040, 0.393269, 0.447944, -0.150412, -0.881319, -0.198228, 0.944505, -0.261948),
      ["RightUpperLeg"] = CFrame.new(0.014883, -0.017882, 0.019409, 0.998606, -0.038569, 0.036031, 0.035762, 0.996501, 0.075546, -0.038818, -0.074152, 0.996491)
    }},
    { Time = 0.467, Data = {
      ["Head"] = CFrame.new(-0.000000, -0.000000, 0.000000, 1.000000, 0.000333, -0.000723, -0.000005, 0.910727, 0.413008, 0.000796, -0.413008, 0.910727),
      ["LeftUpperArm"] = CFrame.new(-0.135438, -0.152607, -0.062229, 0.854944, -0.514972, -0.062240, 0.506289, 0.802318, 0.316159, -0.112877, -0.301809, 0.946663),
      ["LeftUpperLeg"] = CFrame.new(-0.035139, -0.026078, 0.017713, 0.998010, 0.054424, -0.031834, -0.052157, 0.996310, 0.068157, 0.035426, -0.066362, 0.997167),
      ["LowerTorso"] = CFrame.new(0.013233, 0.005154, 0.777249, 0.999911, -0.013233, 0.001531, 0.013320, 0.994846, -0.100516, -0.000193, 0.100527, 0.994934),
      ["RightUpperArm"] = CFrame.new(0.589388, -0.894510, 0.558007, 0.870185, 0.294492, 0.395035, 0.450638, -0.151448, -0.879766, -0.199257, 0.943577, -0.264497),
      ["RightUpperLeg"] = CFrame.new(0.014867, -0.019449, 0.017402, 0.998637, -0.041139, 0.032121, 0.038896, 0.996954, 0.067596, -0.034804, -0.066255, 0.997196)
    }},
    { Time = 0.483, Data = {
      ["Cock"] = CFrame.new(-0.000001, 0.000000, -0.000000, 0.916574, 0.399866, 0.000000, -0.399866, 0.916574, -0.000000, -0.000000, 0.000000, 1.000000),
      ["Head"] = CFrame.new(-0.000000, -0.000000, 0.000000, 1.000000, 0.000364, -0.000894, 0.000026, 0.915619, 0.402047, 0.000965, -0.402047, 0.915619),
      ["LeftUpperArm"] = CFrame.new(-0.135438, -0.152607, -0.062229, 0.854944, -0.514972, -0.062240, 0.506289, 0.802318, 0.316159, -0.112877, -0.301809, 0.946663),
      ["LeftUpperLeg"] = CFrame.new(-0.035009, -0.024915, 0.015588, 0.998271, 0.051595, -0.028162, -0.049831, 0.996948, 0.060091, 0.031176, -0.058584, 0.997796),
      ["LowerTorso"] = CFrame.new(0.010917, 0.004717, 0.788366, 0.999940, -0.010917, 0.001219, 0.010983, 0.995283, -0.096390, -0.000161, 0.096398, 0.995343),
      ["RightUpperArm"] = CFrame.new(0.590059, -0.894289, 0.557337, 0.868712, 0.297045, 0.396363, 0.453063, -0.153117, -0.878231, -0.200184, 0.942507, -0.267595),
      ["RightUpperLeg"] = CFrame.new(0.014871, -0.021126, 0.015431, 0.998630, -0.044004, 0.028307, 0.042251, 0.997315, 0.059810, -0.030863, -0.058532, 0.997808)
    }},
    { Time = 0.500, Data = {
      ["Head"] = CFrame.new(-0.000000, -0.000000, 0.000000, 0.999999, 0.000376, -0.000980, 0.000038, 0.920132, 0.391609, 0.001049, -0.391609, 0.920131),
      ["LeftUpperArm"] = CFrame.new(-0.135438, -0.152607, -0.062229, 0.854944, -0.514972, -0.062240, 0.506289, 0.802318, 0.316159, -0.112877, -0.301809, 0.946663),
      ["LeftUpperLeg"] = CFrame.new(-0.034887, -0.023647, 0.013516, 0.998515, 0.048628, -0.024551, -0.047294, 0.997511, 0.052290, 0.027033, -0.051051, 0.998330),
      ["LowerTorso"] = CFrame.new(0.008513, 0.004318, 0.799111, 0.999963, -0.008513, 0.000913, 0.008561, 0.995682, -0.092435, -0.000122, 0.092439, 0.995718),
      ["RightUpperArm"] = CFrame.new(0.590747, -0.894223, 0.555865, 0.867490, 0.299657, 0.397072, 0.455065, -0.155607, -0.876756, -0.200939, 0.941271, -0.271351),
      ["RightUpperLeg"] = CFrame.new(0.014890, -0.022829, 0.013495, 0.998592, -0.046990, 0.024594, 0.045656, 0.997589, 0.052270, -0.026991, -0.051073, 0.998330)
    }},
    { Time = 0.517, Data = {
      ["Cock"] = CFrame.new(-0.000001, 0.000000, -0.000000, 0.908193, 0.418552, 0.000000, -0.418552, 0.908193, -0.000000, -0.000000, 0.000000, 1.000000),
      ["Head"] = CFrame.new(-0.000000, -0.000000, 0.000000, 0.999999, 0.000388, -0.001067, 0.000049, 0.924151, 0.382028, 0.001134, -0.382028, 0.924150),
      ["LeftUpperArm"] = CFrame.new(-0.135438, -0.152607, -0.062229, 0.854944, -0.514972, -0.062240, 0.506289, 0.802318, 0.316159, -0.112877, -0.301809, 0.946663),
      ["LeftUpperLeg"] = CFrame.new(-0.034778, -0.022313, 0.011631, 0.998733, 0.045616, -0.021255, -0.044626, 0.997993, 0.044934, 0.023262, -0.043928, 0.998764),
      ["LowerTorso"] = CFrame.new(0.006104, 0.003971, 0.809124, 0.999981, -0.006104, 0.000704, 0.006142, 0.996029, -0.088822, -0.000159, 0.088825, 0.996047),
      ["RightUpperArm"] = CFrame.new(0.591426, -0.894303, 0.553507, 0.866620, 0.302242, 0.397013, 0.456469, -0.158901, -0.875435, -0.201508, 0.939894, -0.275671),
      ["RightUpperLeg"] = CFrame.new(0.014926, -0.024554, 0.011682, 0.998520, -0.050101, 0.021150, 0.049107, 0.997772, 0.045154, -0.023365, -0.044048, 0.998756)
    }},
    { Time = 0.533, Data = {
      ["Head"] = CFrame.new(-0.000000, 0.000000, 0.000000, 0.999999, 0.000383, -0.001069, 0.000044, 0.927607, 0.373558, 0.001135, -0.373557, 0.927606),
      ["LeftUpperArm"] = CFrame.new(-0.135438, -0.152607, -0.062229, 0.854944, -0.514972, -0.062240, 0.506289, 0.802318, 0.316159, -0.112877, -0.301809, 0.946663),
      ["LeftUpperLeg"] = CFrame.new(-0.034685, -0.021046, 0.009894, 0.998918, 0.042812, -0.018176, -0.042091, 0.998377, 0.038368, 0.019789, -0.037561, 0.999098),
      ["LowerTorso"] = CFrame.new(0.003784, 0.003666, 0.818305, 0.999993, -0.003784, 0.000421, 0.003806, 0.996334, -0.085466, -0.000096, 0.085467, 0.996341),
      ["RightUpperArm"] = CFrame.new(0.592066, -0.894557, 0.550180, 0.866246, 0.304674, 0.395970, 0.457051, -0.163126, -0.874354, -0.201800, 0.938384, -0.280559),
      ["RightUpperLeg"] = CFrame.new(0.014971, -0.026131, 0.010035, 0.998432, -0.052990, 0.018062, 0.052262, 0.997886, 0.038635, -0.020071, -0.037630, 0.999090)
    }},
    { Time = 0.550, Data = {
      ["Head"] = CFrame.new(-0.000000, -0.000000, -0.000000, 0.999999, 0.000395, -0.001155, 0.000056, 0.930469, 0.366372, 0.001220, -0.366371, 0.930468),
      ["LeftUpperArm"] = CFrame.new(-0.135438, -0.152608, -0.062229, 0.854944, -0.514972, -0.062240, 0.506289, 0.802318, 0.316159, -0.112877, -0.301809, 0.946663),
      ["LeftUpperLeg"] = CFrame.new(-0.034612, -0.019932, 0.008391, 0.999064, 0.040385, -0.015490, -0.039865, 0.998676, 0.032510, 0.016783, -0.031862, 0.999351),
      ["LowerTorso"] = CFrame.new(0.001721, 0.003414, 0.826294, 0.999999, -0.001721, 0.000158, 0.001729, 0.996586, -0.082540, -0.000015, 0.082540, 0.996588),
      ["RightUpperArm"] = CFrame.new(0.592648, -0.894951, 0.545801, 0.866476, 0.306889, 0.393750, 0.456571, -0.168162, -0.873650, -0.201899, 0.936771, -0.285825),
      ["RightUpperLeg"] = CFrame.new(0.015018, -0.027519, 0.008558, 0.998338, -0.055565, 0.015322, 0.055039, 0.997942, 0.032888, -0.017118, -0.031990, 0.999342)
    }},
    { Time = 0.567, Data = {
      ["Head"] = CFrame.new(-0.000000, 0.000000, -0.000000, 0.999999, 0.000492, -0.001225, -0.000017, 0.932672, 0.360726, 0.001320, -0.360725, 0.932671),
      ["LeftUpperArm"] = CFrame.new(-0.135438, -0.152607, -0.062229, 0.854944, -0.514972, -0.062240, 0.506289, 0.802318, 0.316159, -0.112877, -0.301809, 0.946663),
      ["LeftUpperLeg"] = CFrame.new(-0.034554, -0.018934, 0.007122, 0.999181, 0.038245, -0.013199, -0.037868, 0.998899, 0.027703, 0.014244, -0.027181, 0.999529),
      ["LowerTorso"] = CFrame.new(0.000000, 0.003209, 0.832905, 1.000000, 0.000000, 0.000000, 0.000000, 0.996791, -0.080043, 0.000000, 0.080043, 0.996791),
      ["RightUpperArm"] = CFrame.new(0.593161, -0.895519, 0.540275, 0.867350, 0.308837, 0.390288, 0.454979, -0.174151, -0.873308, -0.201740, 0.935036, -0.291564),
      ["RightUpperLeg"] = CFrame.new(0.015064, -0.028677, 0.007344, 0.998246, -0.057739, 0.013093, 0.057353, 0.997959, 0.028095, -0.014688, -0.027294, 0.999520)
    }},
    { Time = 0.583, Data = {
      ["Cock"] = CFrame.new(-0.000001, 0.000000, -0.000000, 0.879756, 0.475425, 0.000000, -0.475425, 0.879756, -0.000000, -0.000000, 0.000000, 1.000000),
      ["Head"] = CFrame.new(-0.000000, 0.000000, 0.000000, 0.999999, 0.000490, -0.001226, -0.000020, 0.934153, 0.356874, 0.001320, -0.356874, 0.934152),
      ["LeftUpperArm"] = CFrame.new(-0.135438, -0.152607, -0.062229, 0.854944, -0.514972, -0.062240, 0.506289, 0.802318, 0.316159, -0.112877, -0.301809, 0.946663),
      ["LeftUpperLeg"] = CFrame.new(-0.034515, -0.018224, 0.006173, 0.999259, 0.036733, -0.011473, -0.036449, 0.999046, 0.024037, 0.012345, -0.023601, 0.999645),
      ["LowerTorso"] = CFrame.new(-0.001290, 0.003052, 0.837909, 0.999999, 0.001290, -0.000137, -0.001297, 0.996948, -0.078062, 0.000036, 0.078062, 0.996949),
      ["RightUpperArm"] = CFrame.new(0.593570, -0.896226, 0.533633, 0.868955, 0.310391, 0.385454, 0.452079, -0.180966, -0.873427, -0.201350, 0.933225, -0.297573),
      ["RightUpperLeg"] = CFrame.new(0.015097, -0.029477, 0.006352, 0.998180, -0.059244, 0.011280, 0.058955, 0.997962, 0.024426, -0.012704, -0.023716, 0.999638)
    }},
    { Time = 0.600, Data = {
      ["Head"] = CFrame.new(-0.000000, 0.000000, -0.000000, 0.999999, 0.000488, -0.001227, -0.000021, 0.934933, 0.354823, 0.001320, -0.354823, 0.934933),
      ["LeftUpperArm"] = CFrame.new(-0.135438, -0.152606, -0.062229, 0.854944, -0.514972, -0.062240, 0.506289, 0.802318, 0.316159, -0.112877, -0.301809, 0.946663),
      ["LeftUpperLeg"] = CFrame.new(-0.034490, -0.017765, 0.005498, 0.999308, 0.035756, -0.010235, -0.035530, 0.999137, 0.021506, 0.010995, -0.021127, 0.999716),
      ["LowerTorso"] = CFrame.new(-0.002067, 0.002940, 0.841335, 0.999998, 0.002067, -0.000166, -0.002074, 0.997060, -0.076597, 0.000007, 0.076598, 0.997062),
      ["RightUpperArm"] = CFrame.new(0.593868, -0.897048, 0.526318, 0.871169, 0.311524, 0.379497, 0.448069, -0.188410, -0.873920, -0.200746, 0.931373, -0.303721),
      ["RightUpperLeg"] = CFrame.new(0.015124, -0.030053, 0.005716, 0.998127, -0.060337, 0.010137, 0.060105, 0.997954, 0.021808, -0.011432, -0.021158, 0.999711)
    }},
    { Time = 0.617, Data = {
      ["Cock"] = CFrame.new(-0.000001, 0.000000, -0.000000, 0.870351, 0.492432, 0.000000, -0.492432, 0.870351, -0.000000, -0.000000, 0.000000, 1.000000),
