return {
  ["Astros footjob"] = {
    { Time = 0.000, Data = {
      ["Head"] = CFrame.new(0.043359, 0.156378, 0.355566, 0.997352, 0.071183, -0.014876, -0.030809, 0.228313, -0.973100, -0.065872, 0.970982, 0.229902),
      ["LeftUpperArm"] = CFrame.new(0.171199, -0.275438, -0.196224, 0.978888, 0.174132, 0.107038, 0.185835, -0.976257, -0.111304, 0.085115, 0.128845, -0.988005),
      ["LeftUpperLeg"] = CFrame.new(-0.244881, -0.277850, -0.471086, 0.935297, -0.293671, 0.197427, -0.071073, 0.390649, 0.917792, -0.346653, -0.872440, 0.344500),
      ["LowerTorso"] = CFrame.new(-0.000255, -1.513430, 0.610327, 1.000000, -0.000000, 0.000000, 0.000000, 0.122245, 0.992500, -0.000000, -0.992500, 0.122245),
      ["RightUpperArm"] = CFrame.new(0.175604, -0.434531, -0.317762, 0.632814, 0.717531, -0.291024, 0.686520, -0.693758, -0.217694, -0.358102, -0.062034, -0.931619),
      ["RightUpperLeg"] = CFrame.new(0.178458, -0.350669, -0.217591, 0.939199, 0.248582, -0.236878, 0.194501, 0.183372, 0.963610, 0.282973, -0.951095, 0.123873)
    }},
    { Time = 0.008, Data = {
      ["Head"] = CFrame.new(0.043359, 0.156380, 0.355566, 0.997352, 0.071183, -0.014876, -0.030809, 0.228313, -0.973100, -0.065872, 0.970982, 0.229902),
      ["LeftUpperArm"] = CFrame.new(0.171199, -0.275439, -0.196225, 0.978888, 0.174132, 0.107038, 0.185835, -0.976257, -0.111304, 0.085115, 0.128845, -0.988005),
      ["LeftUpperLeg"] = CFrame.new(-0.244881, -0.277850, -0.471086, 0.935297, -0.293671, 0.197427, -0.071073, 0.390649, 0.917792, -0.346653, -0.872440, 0.344500),
      ["LowerTorso"] = CFrame.new(-0.000255, -1.513431, 0.610326, 1.000000, -0.000000, 0.000000, 0.000000, 0.122245, 0.992500, -0.000000, -0.992500, 0.122245),
      ["RightUpperArm"] = CFrame.new(0.175604, -0.434533, -0.317762, 0.632814, 0.717531, -0.291024, 0.686520, -0.693758, -0.217694, -0.358102, -0.062034, -0.931619),
      ["RightUpperLeg"] = CFrame.new(0.178458, -0.350669, -0.217591, 0.939199, 0.248582, -0.236878, 0.194501, 0.183372, 0.963610, 0.282973, -0.951095, 0.123873)
    }},
    { Time = 0.017, Data = {
      ["Head"] = CFrame.new(0.043359, 0.156388, 0.355564, 0.997352, 0.071184, -0.014872, -0.030813, 0.228420, -0.973075, -0.065870, 0.970957, 0.230009),
      ["LeftUpperArm"] = CFrame.new(0.171199, -0.275450, -0.196230, 0.978888, 0.174132, 0.107038, 0.185835, -0.976257, -0.111304, 0.085115, 0.128845, -0.988005),
      ["LeftUpperLeg"] = CFrame.new(-0.244881, -0.277859, -0.471084, 0.935297, -0.293681, 0.197411, -0.071092, 0.390554, 0.917831, -0.346650, -0.872479, 0.344405),
      ["LowerTorso"] = CFrame.new(-0.000255, -1.513441, 0.610319, 1.000000, -0.000000, 0.000000, 0.000000, 0.122245, 0.992500, -0.000000, -0.992500, 0.122245),
      ["RightUpperArm"] = CFrame.new(0.175603, -0.434546, -0.317762, 0.632814, 0.717531, -0.291024, 0.686520, -0.693758, -0.217694, -0.358102, -0.062034, -0.931619),
      ["RightUpperLeg"] = CFrame.new(0.178458, -0.350677, -0.217586, 0.939199, 0.248596, -0.236864, 0.194517, 0.183262, 0.963628, 0.282962, -0.951113, 0.123763)
    }},
    { Time = 0.025, Data = {
      ["Head"] = CFrame.new(0.043359, 0.156410, 0.355560, 0.997352, 0.071184, -0.014872, -0.030813, 0.228420, -0.973075, -0.065870, 0.970957, 0.230009),
      ["LeftUpperArm"] = CFrame.new(0.171199, -0.275476, -0.196220, 0.978888, 0.174127, 0.107046, 0.185838, -0.976246, -0.111389, 0.085107, 0.128931, -0.987995),
      ["LeftUpperLeg"] = CFrame.new(-0.244881, -0.277868, -0.471082, 0.935297, -0.293692, 0.197396, -0.071110, 0.390460, 0.917870, -0.346646, -0.872517, 0.344311),
      ["LowerTorso"] = CFrame.new(-0.000255, -1.513466, 0.610301, 1.000000, -0.000000, 0.000000, 0.000000, 0.122245, 0.992500, -0.000000, -0.992500, 0.122245),
      ["RightUpperArm"] = CFrame.new(0.175601, -0.434580, -0.317762, 0.632814, 0.717531, -0.291024, 0.686520, -0.693758, -0.217694, -0.358102, -0.062034, -0.931619),
      ["RightUpperLeg"] = CFrame.new(0.178459, -0.350685, -0.217580, 0.939199, 0.248610, -0.236850, 0.194534, 0.183151, 0.963645, 0.282951, -0.951130, 0.123653)
    }},
    { Time = 0.033, Data = {
      ["Head"] = CFrame.new(0.043360, 0.156454, 0.355551, 0.997352, 0.071186, -0.014864, -0.030820, 0.228634, -0.973024, -0.065867, 0.970906, 0.230223),
      ["LeftUpperArm"] = CFrame.new(0.171223, -0.275524, -0.196223, 0.978872, 0.174208, 0.107058, 0.185927, -0.976220, -0.111470, 0.085094, 0.129020, -0.987984),
      ["LeftUpperLeg"] = CFrame.new(-0.244867, -0.277863, -0.471045, 0.935325, -0.293667, 0.197297, -0.071098, 0.390270, 0.917951, -0.346571, -0.872611, 0.344151),
      ["LowerTorso"] = CFrame.new(-0.000255, -1.513627, 0.610252, 1.000000, -0.000000, 0.000000, 0.000000, 0.122359, 0.992486, -0.000000, -0.992486, 0.122359),
      ["RightUpperArm"] = CFrame.new(0.175585, -0.434663, -0.317736, 0.632881, 0.717482, -0.291000, 0.686439, -0.693818, -0.217757, -0.358138, -0.061939, -0.931612),
      ["RightUpperLeg"] = CFrame.new(0.178458, -0.350694, -0.217574, 0.939199, 0.248623, -0.236835, 0.194550, 0.183041, 0.963663, 0.282940, -0.951148, 0.123543)
    }},
    { Time = 0.042, Data = {
      ["Head"] = CFrame.new(0.043360, 0.156526, 0.355537, 0.997350, 0.071242, -0.014785, -0.030777, 0.228955, -0.972950, -0.065930, 0.970827, 0.230541),
      ["LeftUpperArm"] = CFrame.new(0.171225, -0.275613, -0.196243, 0.978872, 0.174203, 0.107066, 0.185931, -0.976210, -0.111555, 0.085085, 0.129105, -0.987974),
      ["LeftUpperLeg"] = CFrame.new(-0.244872, -0.277855, -0.471062, 0.935314, -0.293768, 0.197202, -0.071083, 0.389975, 0.918078, -0.346606, -0.872709, 0.343867),
      ["LowerTorso"] = CFrame.new(-0.000255, -1.513820, 0.610180, 1.000000, -0.000000, 0.000000, 0.000000, 0.122474, 0.992472, -0.000000, -0.992472, 0.122474),
      ["RightUpperArm"] = CFrame.new(0.175583, -0.434771, -0.317723, 0.632850, 0.717493, -0.291041, 0.686411, -0.693810, -0.217868, -0.358246, -0.061896, -0.931573),
      ["RightUpperLeg"] = CFrame.new(0.178460, -0.350686, -0.217585, 0.939196, 0.248729, -0.236737, 0.194534, 0.182707, 0.963729, 0.282961, -0.951185, 0.123212)
    }},
    { Time = 0.050, Data = {
      ["Head"] = CFrame.new(0.043360, 0.156633, 0.355517, 0.997350, 0.071245, -0.014769, -0.030792, 0.229383, -0.972849, -0.065923, 0.970725, 0.230969),
      ["LeftUpperArm"] = CFrame.new(0.171228, -0.275741, -0.196238, 0.978872, 0.174189, 0.107089, 0.185942, -0.976178, -0.111812, 0.085061, 0.129361, -0.987942),
      ["LeftUpperLeg"] = CFrame.new(-0.244878, -0.277866, -0.471076, 0.935302, -0.293890, 0.197076, -0.071105, 0.389490, 0.918282, -0.346633, -0.872884, 0.343393),
      ["LowerTorso"] = CFrame.new(-0.000256, -1.514164, 0.610065, 1.000000, -0.000000, 0.000000, 0.000000, 0.122702, 0.992443, -0.000000, -0.992443, 0.122702),
      ["RightUpperArm"] = CFrame.new(0.175585, -0.434930, -0.317669, 0.632819, 0.717532, -0.291012, 0.686350, -0.693788, -0.218134, -0.358419, -0.061697, -0.931520),
      ["RightUpperLeg"] = CFrame.new(0.178460, -0.350718, -0.217563, 0.939196, 0.248783, -0.236680, 0.194599, 0.182266, 0.963800, 0.282916, -0.951255, 0.122770)
    }},
    { Time = 0.058, Data = {
      ["Head"] = CFrame.new(0.043360, 0.156783, 0.355487, 0.997355, 0.071182, -0.014692, -0.030746, 0.230031, -0.972697, -0.065859, 0.970577, 0.231611),
      ["LeftUpperArm"] = CFrame.new(0.171234, -0.275923, -0.196260, 0.978880, 0.174181, 0.107026, 0.185948, -0.976147, -0.112076, 0.084951, 0.129610, -0.987919),
      ["LeftUpperLeg"] = CFrame.new(-0.244870, -0.277871, -0.471052, 0.935319, -0.293987, 0.196851, -0.071114, 0.388815, 0.918567, -0.346585, -0.873152, 0.342760),
      ["LowerTorso"] = CFrame.new(-0.000256, -1.514555, 0.609915, 1.000000, -0.000000, 0.000000, 0.000000, 0.122931, 0.992415, -0.000000, -0.992415, 0.122931),
      ["RightUpperArm"] = CFrame.new(0.175568, -0.435172, -0.317609, 0.632855, 0.717507, -0.290995, 0.686224, -0.693833, -0.218386, -0.358595, -0.061481, -0.931466),
      ["RightUpperLeg"] = CFrame.new(0.178462, -0.350727, -0.217562, 0.939193, 0.248916, -0.236552, 0.194616, 0.181711, 0.963901, 0.282915, -0.951326, 0.122219)
    }},
    { Time = 0.067, Data = {
      ["Head"] = CFrame.new(0.043360, 0.156982, 0.355449, 0.997355, 0.071188, -0.014664, -0.030772, 0.230780, -0.972519, -0.065847, 0.970398, 0.232360),
      ["LeftUpperArm"] = CFrame.new(0.171240, -0.276166, -0.196287, 0.978880, 0.174162, 0.107056, 0.185963, -0.976105, -0.112417, 0.084919, 0.129952, -0.987877),
      ["LeftUpperLeg"] = CFrame.new(-0.244876, -0.277918, -0.471058, 0.935307, -0.294150, 0.196663, -0.071209, 0.387951, 0.918925, -0.346598, -0.873481, 0.341907),
      ["LowerTorso"] = CFrame.new(-0.000257, -1.515114, 0.609712, 1.000000, -0.000000, 0.000000, 0.000000, 0.123274, 0.992373, -0.000000, -0.992373, 0.123274),
      ["RightUpperArm"] = CFrame.new(0.175546, -0.435489, -0.317558, 0.632860, 0.717479, -0.291052, 0.686088, -0.693877, -0.218671, -0.358846, -0.061299, -0.931382),
      ["RightUpperLeg"] = CFrame.new(0.178465, -0.350727, -0.217572, 0.939187, 0.249154, -0.236326, 0.194618, 0.180821, 0.964068, 0.282935, -0.951433, 0.121335)
    }},
    { Time = 0.075, Data = {
      ["Head"] = CFrame.new(0.043360, 0.157237, 0.355399, 0.997352, 0.071249, -0.014558, -0.030754, 0.231849, -0.972266, -0.065898, 0.970139, 0.233426),
      ["LeftUpperArm"] = CFrame.new(0.171249, -0.276474, -0.196305, 0.978889, 0.174140, 0.107016, 0.185980, -0.976042, -0.112938, 0.084785, 0.130456, -0.987823),
      ["LeftUpperLeg"] = CFrame.new(-0.244873, -0.277934, -0.471047, 0.935312, -0.294369, 0.196311, -0.071241, 0.386789, 0.919412, -0.346577, -0.873923, 0.340798),
      ["LowerTorso"] = CFrame.new(-0.000257, -1.515963, 0.609433, 1.000000, -0.000000, 0.000000, 0.000000, 0.123845, 0.992302, -0.000000, -0.992302, 0.123845),
      ["RightUpperArm"] = CFrame.new(0.175531, -0.435888, -0.317444, 0.632865, 0.717494, -0.291006, 0.685901, -0.693899, -0.219189, -0.359196, -0.060884, -0.931274),
      ["RightUpperLeg"] = CFrame.new(0.178467, -0.350768, -0.217549, 0.939184, 0.249341, -0.236141, 0.194700, 0.179824, 0.964238, 0.282888, -0.951573, 0.120341)
    }},
    { Time = 0.083, Data = {
      ["Head"] = CFrame.new(0.043360, 0.157557, 0.355337, 0.997352, 0.071260, -0.014507, -0.030801, 0.233237, -0.971932, -0.065876, 0.969805, 0.234814),
      ["LeftUpperArm"] = CFrame.new(0.171281, -0.276857, -0.196334, 0.978873, 0.174192, 0.107074, 0.186091, -0.975951, -0.113531, 0.084723, 0.131058, -0.987748),
      ["LeftUpperLeg"] = CFrame.new(-0.244876, -0.277933, -0.471057, 0.935305, -0.294677, 0.195880, -0.071239, 0.385425, 0.919985, -0.346596, -0.874421, 0.339498),
      ["LowerTorso"] = CFrame.new(-0.000258, -1.516880, 0.609104, 1.000000, -0.000000, 0.000000, 0.000000, 0.124417, 0.992230, -0.000000, -0.992230, 0.124417),
      ["RightUpperArm"] = CFrame.new(0.175510, -0.436383, -0.317338, 0.632839, 0.717505, -0.291035, 0.685703, -0.693921, -0.219740, -0.359620, -0.060504, -0.931136),
      ["RightUpperLeg"] = CFrame.new(0.178470, -0.350802, -0.217537, 0.939177, 0.249634, -0.235857, 0.194767, 0.178491, 0.964472, 0.282863, -0.951748, 0.119014)
    }},
    { Time = 0.092, Data = {
      ["Head"] = CFrame.new(0.043360, 0.157947, 0.355261, 0.997350, 0.071325, -0.014380, -0.030802, 0.234837, -0.971547, -0.065918, 0.969414, 0.236412),
      ["LeftUpperArm"] = CFrame.new(0.171295, -0.277330, -0.196385, 0.978881, 0.174161, 0.107049, 0.186115, -0.975866, -0.114222, 0.084573, 0.131733, -0.987671),
      ["LeftUpperLeg"] = CFrame.new(-0.244880, -0.277969, -0.471058, 0.935299, -0.295027, 0.195385, -0.071311, 0.383679, 0.920709, -0.346599, -0.875071, 0.337816),
      ["LowerTorso"] = CFrame.new(-0.000259, -1.517988, 0.608702, 1.000000, -0.000000, 0.000000, 0.000000, 0.125102, 0.992144, -0.000000, -0.992144, 0.125102),
      ["RightUpperArm"] = CFrame.new(0.175492, -0.436985, -0.317189, 0.632813, 0.717544, -0.290995, 0.685470, -0.693927, -0.220446, -0.360109, -0.059968, -0.930981),
      ["RightUpperLeg"] = CFrame.new(0.178460, -0.350791, -0.217510, 0.939198, 0.249963, -0.235427, 0.194746, 0.176932, 0.964764, 0.282810, -0.951953, 0.117495)
    }},
    { Time = 0.100, Data = {
      ["Head"] = CFrame.new(0.043360, 0.158414, 0.355170, 0.997352, 0.071325, -0.014188, -0.030746, 0.236761, -0.971081, -0.065903, 0.968947, 0.238327),
      ["LeftUpperArm"] = CFrame.new(0.171332, -0.277890, -0.196414, 0.978874, 0.174200, 0.107052, 0.186236, -0.975733, -0.115164, 0.084392, 0.132668, -0.987561),
      ["LeftUpperLeg"] = CFrame.new(-0.244883, -0.278042, -0.471052, 0.935292, -0.295418, 0.194827, -0.071457, 0.381549, 0.921582, -0.346588, -0.875870, 0.335750),
      ["LowerTorso"] = CFrame.new(-0.000261, -1.519410, 0.608208, 1.000000, -0.000000, 0.000000, 0.000000, 0.126015, 0.992028, -0.000000, -0.992028, 0.126015),
      ["RightUpperArm"] = CFrame.new(0.175455, -0.437720, -0.317023, 0.632822, 0.717531, -0.291007, 0.685146, -0.693991, -0.221249, -0.360709, -0.059371, -0.930787),
      ["RightUpperLeg"] = CFrame.new(0.178465, -0.350833, -0.217497, 0.939188, 0.250387, -0.235014, 0.194831, 0.175039, 0.965092, 0.282784, -0.952191, 0.115612)
    }},
    { Time = 0.108, Data = {
      ["Head"] = CFrame.new(0.043360, 0.158967, 0.355062, 0.997352, 0.071341, -0.014106, -0.030822, 0.238996, -0.970531, -0.065867, 0.968396, 0.240562),
      ["LeftUpperArm"] = CFrame.new(0.171350, -0.278559, -0.196471, 0.978882, 0.174150, 0.107057, 0.186275, -0.975603, -0.116196, 0.084210, 0.133685, -0.987440),
      ["LeftUpperLeg"] = CFrame.new(-0.244878, -0.278083, -0.471030, 0.935302, -0.295862, 0.194105, -0.071539, 0.379117, 0.922579, -0.346544, -0.876776, 0.333423),
      ["LowerTorso"] = CFrame.new(-0.000262, -1.521036, 0.607630, 1.000000, -0.000000, 0.000000, 0.000000, 0.127042, 0.991898, -0.000000, -0.991898, 0.127042),
      ["RightUpperArm"] = CFrame.new(0.175417, -0.438582, -0.316824, 0.632800, 0.717543, -0.291025, 0.684776, -0.694040, -0.222239, -0.361449, -0.058654, -0.930545),
      ["RightUpperLeg"] = CFrame.new(0.178472, -0.350868, -0.217495, 0.939175, 0.250916, -0.234501, 0.194900, 0.172808, 0.965480, 0.282778, -0.952459, 0.113394)
    }},
    { Time = 0.117, Data = {
      ["Head"] = CFrame.new(0.043360, 0.159611, 0.354937, 0.997355, 0.071345, -0.013887, -0.030792, 0.241658, -0.969873, -0.065840, 0.967735, 0.243216),
      ["LeftUpperArm"] = CFrame.new(0.171393, -0.279335, -0.196536, 0.978875, 0.174176, 0.107083, 0.186406, -0.975434, -0.117395, 0.084005, 0.134876, -0.987295),
      ["LeftUpperLeg"] = CFrame.new(-0.244879, -0.278126, -0.471024, 0.935299, -0.296415, 0.193270, -0.071626, 0.376287, 0.923730, -0.346532, -0.877808, 0.330710),
      ["LowerTorso"] = CFrame.new(-0.000264, -1.522989, 0.606947, 1.000000, -0.000000, 0.000000, 0.000000, 0.128296, 0.991736, -0.000000, -0.991736, 0.128296),
      ["RightUpperArm"] = CFrame.new(0.175364, -0.439598, -0.316578, 0.632846, 0.717520, -0.290984, 0.684307, -0.694139, -0.223371, -0.362257, -0.057763, -0.930287),
      ["RightUpperLeg"] = CFrame.new(0.178463, -0.350908, -0.217439, 0.939192, 0.251444, -0.233867, 0.194980, 0.170130, 0.965939, 0.282667, -0.952802, 0.110758)
    }},
    { Time = 0.125, Data = {
      ["Head"] = CFrame.new(0.043361, 0.160355, 0.354792, 0.997349, 0.071473, -0.013638, -0.030790, 0.244734, -0.969101, -0.065927, 0.966953, 0.246286),
      ["LeftUpperArm"] = CFrame.new(0.171441, -0.280230, -0.196616, 0.978876, 0.174198, 0.107038, 0.186539, -0.975242, -0.118772, 0.083698, 0.136229, -0.987136),
      ["LeftUpperLeg"] = CFrame.new(-0.244886, -0.278181, -0.471032, 0.935285, -0.297088, 0.192304, -0.071736, 0.372958, 0.925071, -0.346549, -0.879000, 0.327510),
      ["LowerTorso"] = CFrame.new(-0.000266, -1.525163, 0.606167, 1.000000, -0.000000, 0.000000, 0.000000, 0.129664, 0.991558, -0.000000, -0.991558, 0.129664),
      ["RightUpperArm"] = CFrame.new(0.175306, -0.440764, -0.316327, 0.632828, 0.717505, -0.291059, 0.683799, -0.694228, -0.224646, -0.363246, -0.056864, -0.929956),
      ["RightUpperLeg"] = CFrame.new(0.178472, -0.350968, -0.217424, 0.939176, 0.252131, -0.233193, 0.195101, 0.167109, 0.966442, 0.282638, -0.953155, 0.107754)
    }},
    { Time = 0.133, Data = {
      ["Head"] = CFrame.new(0.043361, 0.161204, 0.354627, 0.997352, 0.071482, -0.013388, -0.030788, 0.248231, -0.968211, -0.065887, 0.966060, 0.249775),
      ["LeftUpperArm"] = CFrame.new(0.171492, -0.281254, -0.196714, 0.978877, 0.174211, 0.107009, 0.186679, -0.975025, -0.120319, 0.083375, 0.137754, -0.986951),
      ["LeftUpperLeg"] = CFrame.new(-0.244884, -0.278224, -0.471020, 0.935287, -0.297832, 0.191141, -0.071821, 0.369127, 0.926600, -0.346526, -0.880365, 0.323849),
      ["LowerTorso"] = CFrame.new(-0.000268, -1.527678, 0.605270, 1.000000, -0.000000, 0.000000, 0.000000, 0.131257, 0.991348, -0.000000, -0.991348, 0.131257),
      ["RightUpperArm"] = CFrame.new(0.175251, -0.442085, -0.316013, 0.632810, 0.717533, -0.291031, 0.683237, -0.694292, -0.226154, -0.364333, -0.055731, -0.929600),
      ["RightUpperLeg"] = CFrame.new(0.178467, -0.351002, -0.217385, 0.939186, 0.252879, -0.232341, 0.195169, 0.163633, 0.967023, 0.282558, -0.953560, 0.104328)
    }},
    { Time = 0.142, Data = {
      ["Head"] = CFrame.new(0.043361, 0.162167, 0.354439, 0.997352, 0.071547, -0.013050, -0.030751, 0.252248, -0.967174, -0.065906, 0.965014, 0.253780),
      ["LeftUpperArm"] = CFrame.new(0.171545, -0.282412, -0.196809, 0.978869, 0.174205, 0.107088, 0.186835, -0.974772, -0.122114, 0.083113, 0.139541, -0.986722),
      ["LeftUpperLeg"] = CFrame.new(-0.244883, -0.278313, -0.470999, 0.935288, -0.298623, 0.189895, -0.072000, 0.364802, 0.928297, -0.346485, -0.881898, 0.319694),
      ["LowerTorso"] = CFrame.new(-0.000271, -1.530541, 0.604248, 1.000000, -0.000000, 0.000000, 0.000000, 0.133077, 0.991106, -0.000000, -0.991106, 0.133077),
      ["RightUpperArm"] = CFrame.new(0.175178, -0.443593, -0.315661, 0.632826, 0.717522, -0.291020, 0.682565, -0.694404, -0.227835, -0.365562, -0.054460, -0.929192),
      ["RightUpperLeg"] = CFrame.new(0.178478, -0.351097, -0.217353, 0.939165, 0.253735, -0.231488, 0.195360, 0.159703, 0.967641, 0.282494, -0.953999, 0.100417)
    }},
    { Time = 0.150, Data = {
      ["Head"] = CFrame.new(0.043361, 0.163250, 0.354229, 0.997355, 0.071561, -0.012765, -0.030781, 0.256675, -0.966008, -0.065852, 0.963845, 0.258198),
      ["LeftUpperArm"] = CFrame.new(0.171605, -0.283712, -0.196912, 0.978878, 0.174196, 0.107018, 0.186990, -0.974482, -0.124180, 0.082656, 0.141569, -0.986472),
      ["LeftUpperLeg"] = CFrame.new(-0.244889, -0.278414, -0.470993, 0.935277, -0.299531, 0.188515, -0.072203, 0.359966, 0.930167, -0.346473, -0.883576, 0.315041),
      ["LowerTorso"] = CFrame.new(-0.000274, -1.533761, 0.603095, 1.000000, -0.000000, 0.000000, 0.000000, 0.135122, 0.990829, -0.000000, -0.990829, 0.135122),
      ["RightUpperArm"] = CFrame.new(0.175090, -0.445296, -0.315249, 0.632878, 0.717488, -0.290992, 0.681763, -0.694554, -0.229768, -0.366966, -0.052973, -0.928725),
      ["RightUpperLeg"] = CFrame.new(0.178477, -0.351134, -0.217323, 0.939168, 0.254715, -0.230399, 0.195434, 0.155307, 0.968341, 0.282434, -0.954463, 0.096080)
    }},
    { Time = 0.158, Data = {
      ["Head"] = CFrame.new(0.043362, 0.164460, 0.353993, 0.997354, 0.071629, -0.012393, -0.030776, 0.261612, -0.964682, -0.065858, 0.962512, 0.263124),
      ["LeftUpperArm"] = CFrame.new(0.171667, -0.285169, -0.197042, 0.978879, 0.174172, 0.107050, 0.187157, -0.974163, -0.126409, 0.082267, 0.143774, -0.986185),
      ["LeftUpperLeg"] = CFrame.new(-0.244886, -0.278513, -0.470965, 0.935282, -0.300516, 0.186917, -0.072401, 0.354515, 0.932243, -0.346419, -0.885443, 0.309814),
      ["LowerTorso"] = CFrame.new(-0.000277, -1.537342, 0.601804, 1.000000, -0.000000, 0.000000, 0.000000, 0.137391, 0.990517, -0.000000, -0.990517, 0.137391),
      ["RightUpperArm"] = CFrame.new(0.175015, -0.447171, -0.314817, 0.632799, 0.717540, -0.291034, 0.680966, -0.694617, -0.231934, -0.368580, -0.051417, -0.928174),
      ["RightUpperLeg"] = CFrame.new(0.178477, -0.351213, -0.217265, 0.939170, 0.255760, -0.229230, 0.195593, 0.150338, 0.969093, 0.282318, -0.954979, 0.091168)
    }},
    { Time = 0.167, Data = {
      ["Head"] = CFrame.new(0.043362, 0.165804, 0.353732, 0.997354, 0.071701, -0.011997, -0.030792, 0.267159, -0.963160, -0.065854, 0.960981, 0.268660),
      ["LeftUpperArm"] = CFrame.new(0.171734, -0.286781, -0.197163, 0.978888, 0.174137, 0.107026, 0.187333, -0.973791, -0.128986, 0.081760, 0.146313, -0.985854),
      ["LeftUpperLeg"] = CFrame.new(-0.244889, -0.278635, -0.470950, 0.935273, -0.301624, 0.185166, -0.072643, 0.348442, 0.934511, -0.346391, -0.887474, 0.303978),
      ["LowerTorso"] = CFrame.new(-0.000281, -1.541293, 0.600367, 1.000000, -0.000000, 0.000000, 0.000000, 0.139883, 0.990168, -0.000000, -0.990168, 0.139883),
      ["RightUpperArm"] = CFrame.new(0.174905, -0.449282, -0.314332, 0.632853, 0.717495, -0.291030, 0.680003, -0.694791, -0.234227, -0.370262, -0.049670, -0.927599),
      ["RightUpperLeg"] = CFrame.new(0.178478, -0.351303, -0.217206, 0.939168, 0.256932, -0.227924, 0.195773, 0.144786, 0.969902, 0.282199, -0.955522, 0.085678)
    }},
    { Time = 0.175, Data = {
      ["Head"] = CFrame.new(0.043363, 0.167290, 0.353442, 0.997351, 0.071825, -0.011513, -0.030774, 0.273205, -0.961464, -0.065911, 0.959271, 0.274691),
      ["LeftUpperArm"] = CFrame.new(0.171828, -0.288561, -0.197322, 0.978881, 0.174177, 0.107024, 0.187599, -0.973373, -0.131729, 0.081230, 0.149024, -0.985492),
      ["LeftUpperLeg"] = CFrame.new(-0.244892, -0.278719, -0.470939, 0.935268, -0.302874, 0.183143, -0.072813, 0.341727, 0.936974, -0.346370, -0.889657, 0.297553),
      ["LowerTorso"] = CFrame.new(-0.000285, -1.545733, 0.598761, 1.000000, -0.000000, 0.000000, 0.000000, 0.142712, 0.989764, -0.000000, -0.989764, 0.142712),
      ["RightUpperArm"] = CFrame.new(0.174798, -0.451600, -0.313780, 0.632842, 0.717501, -0.291038, 0.678942, -0.694924, -0.236895, -0.372222, -0.047681, -0.926919),
      ["RightUpperLeg"] = CFrame.new(0.178480, -0.351436, -0.217119, 0.939165, 0.258167, -0.226536, 0.196040, 0.138649, 0.970745, 0.282023, -0.956099, 0.079603)
    }},
    { Time = 0.183, Data = {
      ["Head"] = CFrame.new(0.043363, 0.168924, 0.353124, 0.997356, 0.071830, -0.011023, -0.030760, 0.279852, -0.959550, -0.065839, 0.957353, 0.281321),
      ["LeftUpperArm"] = CFrame.new(0.171927, -0.290515, -0.197479, 0.978874, 0.174199, 0.107052, 0.187878, -0.972897, -0.134811, 0.080666, 0.152076, -0.985072),
      ["LeftUpperLeg"] = CFrame.new(-0.244895, -0.278862, -0.470917, 0.935261, -0.304173, 0.181011, -0.073100, 0.334384, 0.939598, -0.346328, -0.892001, 0.290502),
      ["LowerTorso"] = CFrame.new(-0.000289, -1.550554, 0.596994, 1.000000, -0.000000, 0.000000, 0.000000, 0.145761, 0.989320, -0.000000, -0.989320, 0.145761),
      ["RightUpperArm"] = CFrame.new(0.174687, -0.454138, -0.313195, 0.632798, 0.717534, -0.291053, 0.677830, -0.695031, -0.239749, -0.374318, -0.045572, -0.926180),
      ["RightUpperLeg"] = CFrame.new(0.178486, -0.351540, -0.217064, 0.939155, 0.259577, -0.224963, 0.196249, 0.132028, 0.971625, 0.281913, -0.956655, 0.073053)
    }},
    { Time = 0.192, Data = {
      ["Head"] = CFrame.new(0.043364, 0.170714, 0.352776, 0.997353, 0.071956, -0.010489, -0.030788, 0.287183, -0.957381, -0.065877, 0.955169, 0.288639),
      ["LeftUpperArm"] = CFrame.new(0.172010, -0.292658, -0.197663, 0.978891, 0.174129, 0.107011, 0.188076, -0.972389, -0.138161, 0.079999, 0.155370, -0.984612),
      ["LeftUpperLeg"] = CFrame.new(-0.244890, -0.279023, -0.470872, 0.935269, -0.305559, 0.178620, -0.073421, 0.326193, 0.942448, -0.346238, -0.894557, 0.282644),
      ["LowerTorso"] = CFrame.new(-0.000294, -1.555878, 0.595042, 1.000000, -0.000000, 0.000000, 0.000000, 0.149142, 0.988816, -0.000000, -0.988816, 0.149142),
      ["RightUpperArm"] = CFrame.new(0.174546, -0.456938, -0.312524, 0.632853, 0.717496, -0.291028, 0.676501, -0.695226, -0.242916, -0.376621, -0.043151, -0.925362),
      ["RightUpperLeg"] = CFrame.new(0.178480, -0.351645, -0.216967, 0.939169, 0.261081, -0.223156, 0.196460, 0.124578, 0.972566, 0.281719, -0.957245, 0.065708)
    }},
    { Time = 0.200, Data = {
      ["Head"] = CFrame.new(0.043364, 0.172666, 0.352396, 0.997355, 0.072014, -0.009881, -0.030768, 0.295097, -0.954972, -0.065855, 0.952749, 0.296532),
      ["LeftUpperArm"] = CFrame.new(0.172119, -0.294991, -0.197873, 0.978884, 0.174123, 0.107086, 0.188373, -0.971814, -0.141751, 0.079385, 0.158930, -0.984093),
      ["LeftUpperLeg"] = CFrame.new(-0.244885, -0.279149, -0.470832, 0.935278, -0.307078, 0.175947, -0.073674, 0.317326, 0.945450, -0.346159, -0.897222, 0.274165),
      ["LowerTorso"] = CFrame.new(-0.000299, -1.561595, 0.592912, 1.000000, -0.000000, 0.000000, 0.000000, 0.152742, 0.988266, -0.000000, -0.988266, 0.152742),
      ["RightUpperArm"] = CFrame.new(0.174401, -0.459981, -0.311818, 0.632875, 0.717484, -0.291009, 0.675118, -0.695390, -0.246268, -0.379059, -0.040609, -0.924481),
      ["RightUpperLeg"] = CFrame.new(0.178491, -0.351783, -0.216905, 0.939148, 0.262749, -0.221276, 0.196737, 0.116633, 0.973494, 0.281593, -0.957789, 0.057843)
    }},
    { Time = 0.208, Data = {
      ["Head"] = CFrame.new(0.043365, 0.174788, 0.351983, 0.997357, 0.072071, -0.009246, -0.030772, 0.303679, -0.952277, -0.065824, 0.950045, 0.305094),
      ["LeftUpperArm"] = CFrame.new(0.172259, -0.297517, -0.198096, 0.978877, 0.174199, 0.107026, 0.188754, -0.971157, -0.145693, 0.078559, 0.162817, -0.983524),
      ["LeftUpperLeg"] = CFrame.new(-0.244887, -0.279320, -0.470801, 0.935273, -0.308724, 0.173072, -0.074016, 0.307583, 0.948638, -0.346101, -0.900046, 0.264823),
      ["LowerTorso"] = CFrame.new(-0.000305, -1.567937, 0.590562, 1.000000, -0.000000, 0.000000, 0.000000, 0.156782, 0.987633, -0.000000, -0.987633, 0.156782),
      ["RightUpperArm"] = CFrame.new(0.174257, -0.463270, -0.311046, 0.632829, 0.717527, -0.291003, 0.673631, -0.695504, -0.249994, -0.381771, -0.037825, -0.923483),
      ["RightUpperLeg"] = CFrame.new(0.178489, -0.351923, -0.216800, 0.939153, 0.264507, -0.219155, 0.197019, 0.107841, 0.974451, 0.281383, -0.958335, 0.049167)
    }},
    { Time = 0.217, Data = {
      ["Head"] = CFrame.new(0.043365, 0.177086, 0.351535, 0.997355, 0.072178, -0.008511, -0.030753, 0.313017, -0.949250, -0.065850, 0.947001, 0.314409),
      ["LeftUpperArm"] = CFrame.new(0.172374, -0.300041, -0.198297, 0.978878, 0.174178, 0.107054, 0.189058, -0.970486, -0.149714, 0.077817, 0.166791, -0.982917),
      ["LeftUpperLeg"] = CFrame.new(-0.244890, -0.279486, -0.470775, 0.935265, -0.310342, 0.170196, -0.074347, 0.297871, 0.951706, -0.346051, -0.902752, 0.255516),
      ["LowerTorso"] = CFrame.new(-0.000311, -1.574157, 0.588215, 1.000000, -0.000000, 0.000000, 0.000000, 0.160701, 0.987003, -0.000000, -0.987003, 0.160701),
      ["RightUpperArm"] = CFrame.new(0.174097, -0.466573, -0.310269, 0.632847, 0.717508, -0.291010, 0.672071, -0.695669, -0.253702, -0.384480, -0.035024, -0.922469),
      ["RightUpperLeg"] = CFrame.new(0.178489, -0.352059, -0.216701, 0.939155, 0.266242, -0.217032, 0.197290, 0.099120, 0.975321, 0.281183, -0.958796, 0.040563)
    }},
    { Time = 0.225, Data = {
      ["Head"] = CFrame.new(0.043366, 0.179569, 0.351052, 0.997354, 0.072282, -0.007750, -0.030759, 0.322994, -0.945901, -0.065868, 0.943637, 0.324362),
      ["LeftUpperArm"] = CFrame.new(0.172485, -0.302362, -0.198510, 0.978878, 0.174181, 0.107044, 0.189343, -0.969869, -0.153308, 0.077115, 0.170338, -0.982364),
      ["LeftUpperLeg"] = CFrame.new(-0.244881, -0.279647, -0.470718, 0.935281, -0.311734, 0.167543, -0.074670, 0.288935, 0.954432, -0.345938, -0.905173, 0.246959),
      ["LowerTorso"] = CFrame.new(-0.000316, -1.579961, 0.586028, 1.000000, -0.000000, 0.000000, 0.000000, 0.164388, 0.986396, -0.000000, -0.986396, 0.164388),
      ["RightUpperArm"] = CFrame.new(0.173956, -0.469603, -0.309553, 0.632828, 0.717515, -0.291033, 0.670634, -0.695787, -0.257158, -0.387012, -0.032440, -0.921504),
      ["RightUpperLeg"] = CFrame.new(0.178487, -0.352178, -0.216608, 0.939160, 0.267827, -0.215049, 0.197530, 0.091058, 0.976059, 0.280997, -0.959154, 0.032614)
    }},
    { Time = 0.233, Data = {
      ["Head"] = CFrame.new(0.043367, 0.182242, 0.350532, 0.997353, 0.072382, -0.006959, -0.030791, 0.333694, -0.942179, -0.065875, 0.939899, 0.335039),
      ["LeftUpperArm"] = CFrame.new(0.172589, -0.304485, -0.198693, 0.978871, 0.174192, 0.107097, 0.189623, -0.969283, -0.156638, 0.076522, 0.173636, -0.981833),
      ["LeftUpperLeg"] = CFrame.new(-0.244888, -0.279771, -0.470709, 0.935267, -0.313097, 0.165061, -0.074918, 0.280662, 0.956878, -0.345922, -0.907303, 0.239038),
      ["LowerTorso"] = CFrame.new(-0.000321, -1.585248, 0.584016, 1.000000, -0.000000, 0.000000, 0.000000, 0.167732, 0.985833, -0.000000, -0.985833, 0.167732),
      ["RightUpperArm"] = CFrame.new(0.173831, -0.472374, -0.308907, 0.632806, 0.717535, -0.291034, 0.669352, -0.695871, -0.260252, -0.389262, -0.030115, -0.920635),
      ["RightUpperLeg"] = CFrame.new(0.178484, -0.352281, -0.216522, 0.939169, 0.269266, -0.213208, 0.197737, 0.083665, 0.976678, 0.280824, -0.959425, 0.025332)
    }},
    { Time = 0.242, Data = {
      ["Head"] = CFrame.new(0.043368, 0.185063, 0.349983, 0.997353, 0.072457, -0.006022, -0.030728, 0.345004, -0.938098, -0.065895, 0.935800, 0.346318),
      ["LeftUpperArm"] = CFrame.new(0.172668, -0.306422, -0.198855, 0.978887, 0.174139, 0.107035, 0.189800, -0.968744, -0.159724, 0.075875, 0.176667, -0.981342),
      ["LeftUpperLeg"] = CFrame.new(-0.244882, -0.279898, -0.470666, 0.935278, -0.314250, 0.162793, -0.075172, 0.273090, 0.959047, -0.345838, -0.909213, 0.231792),
      ["LowerTorso"] = CFrame.new(-0.000326, -1.590024, 0.582178, 1.000000, -0.000000, 0.000000, 0.000000, 0.170736, 0.985317, -0.000000, -0.985317, 0.170736),
      ["RightUpperArm"] = CFrame.new(0.173710, -0.474910, -0.308297, 0.632814, 0.717530, -0.291029, 0.668114, -0.695968, -0.263157, -0.391369, -0.027911, -0.919810),
      ["RightUpperLeg"] = CFrame.new(0.178493, -0.352396, -0.216471, 0.939151, 0.270617, -0.211572, 0.197967, 0.076948, 0.977184, 0.280722, -0.959607, 0.018693)
    }},
    { Time = 0.250, Data = {
      ["Head"] = CFrame.new(0.043368, 0.187737, 0.349462, 0.997352, 0.072544, -0.005228, -0.030764, 0.355626, -0.934122, -0.065905, 0.931809, 0.356916),
      ["LeftUpperArm"] = CFrame.new(0.172764, -0.308180, -0.199017, 0.978879, 0.174183, 0.107036, 0.190054, -0.968240, -0.162457, 0.075339, 0.179368, -0.980893),
      ["LeftUpperLeg"] = CFrame.new(-0.244884, -0.280020, -0.470646, 0.935273, -0.315314, 0.160754, -0.075417, 0.266218, 0.960958, -0.345799, -0.910882, 0.225206),
      ["LowerTorso"] = CFrame.new(-0.000330, -1.594412, 0.580491, 1.000000, -0.000000, 0.000000, 0.000000, 0.173513, 0.984832, -0.000000, -0.984832, 0.173513),
      ["RightUpperArm"] = CFrame.new(0.173604, -0.477211, -0.307757, 0.632819, 0.717537, -0.291000, 0.667036, -0.696036, -0.265701, -0.393197, -0.025967, -0.919088),
      ["RightUpperLeg"] = CFrame.new(0.178486, -0.352471, -0.216393, 0.939166, 0.271779, -0.210009, 0.198119, 0.070799, 0.977618, 0.280564, -0.959752, 0.012648)
    }},
    { Time = 0.258, Data = {
      ["Head"] = CFrame.new(0.043369, 0.190219, 0.348979, 0.997353, 0.072573, -0.004534, -0.030824, 0.365481, -0.930308, -0.065859, 0.927985, 0.366751),
      ["LeftUpperArm"] = CFrame.new(0.172831, -0.309772, -0.199162, 0.978879, 0.174148, 0.107092, 0.190219, -0.967789, -0.164930, 0.074920, 0.181818, -0.980474),
      ["LeftUpperLeg"] = CFrame.new(-0.244880, -0.280120, -0.470614, 0.935280, -0.316249, 0.158866, -0.075617, 0.259952, 0.962656, -0.345737, -0.912366, 0.219214),
      ["LowerTorso"] = CFrame.new(-0.000333, -1.598422, 0.578950, 1.000000, -0.000000, 0.000000, 0.000000, 0.176064, 0.984379, -0.000000, -0.984379, 0.176064),
      ["RightUpperArm"] = CFrame.new(0.173500, -0.479298, -0.307261, 0.632823, 0.717517, -0.291041, 0.665991, -0.696121, -0.268088, -0.394958, -0.024178, -0.918381),
      ["RightUpperLeg"] = CFrame.new(0.178492, -0.352567, -0.216344, 0.939155, 0.272869, -0.208638, 0.198310, 0.065224, 0.977967, 0.280465, -0.959838, 0.007143)
    }},
    { Time = 0.267, Data = {
      ["Head"] = CFrame.new(0.043370, 0.192518, 0.348531, 0.997351, 0.072644, -0.003799, -0.030807, 0.374490, -0.926719, -0.065898, 0.924381, 0.375735),
      ["LeftUpperArm"] = CFrame.new(0.172895, -0.311199, -0.199275, 0.978887, 0.174131, 0.107048, 0.190370, -0.967362, -0.167241, 0.074433, 0.184089, -0.980087),
      ["LeftUpperLeg"] = CFrame.new(-0.244877, -0.280257, -0.470577, 0.935285, -0.317042, 0.157247, -0.075892, 0.254314, 0.964140, -0.345663, -0.913679, 0.213795),
      ["LowerTorso"] = CFrame.new(-0.000337, -1.601949, 0.577572, 1.000000, -0.000000, 0.000000, 0.000000, 0.178279, 0.983980, -0.000000, -0.983980, 0.178279),
      ["RightUpperArm"] = CFrame.new(0.173413, -0.481170, -0.306815, 0.632825, 0.717522, -0.291023, 0.665089, -0.696170, -0.270193, -0.396471, -0.022571, -0.917770),
      ["RightUpperLeg"] = CFrame.new(0.178481, -0.352621, -0.216266, 0.939178, 0.273773, -0.207347, 0.198420, 0.060227, 0.978265, 0.280310, -0.959907, 0.002242)
    }},
    { Time = 0.275, Data = {
      ["Head"] = CFrame.new(0.043370, 0.194640, 0.348119, 0.997352, 0.072661, -0.003159, -0.030817, 0.382859, -0.923293, -0.065878, 0.920945, 0.384084),
      ["LeftUpperArm"] = CFrame.new(0.172954, -0.312479, -0.199401, 0.978887, 0.174125, 0.107059, 0.190515, -0.966992, -0.169204, 0.074063, 0.186028, -0.979749),
      ["LeftUpperLeg"] = CFrame.new(-0.244875, -0.280337, -0.470553, 0.935289, -0.317778, 0.155730, -0.076053, 0.249283, 0.965440, -0.345616, -0.914809, 0.208984),
      ["LowerTorso"] = CFrame.new(-0.000340, -1.605225, 0.576313, 1.000000, -0.000000, 0.000000, 0.000000, 0.180380, 0.983597, -0.000000, -0.983597, 0.180380),
      ["RightUpperArm"] = CFrame.new(0.173324, -0.482854, -0.306424, 0.632860, 0.717487, -0.291035, 0.664254, -0.696250, -0.272034, -0.397814, -0.021162, -0.917222),
      ["RightUpperLeg"] = CFrame.new(0.178483, -0.352703, -0.216213, 0.939176, 0.274621, -0.206235, 0.198584, 0.055696, 0.978500, 0.280203, -0.959938, -0.002227)
    }},
    { Time = 0.283, Data = {
      ["Head"] = CFrame.new(0.043371, 0.196592, 0.347739, 0.997353, 0.072672, -0.002547, -0.030804, 0.390506, -0.920085, -0.065870, 0.917728, 0.391711),
      ["LeftUpperArm"] = CFrame.new(0.173010, -0.313613, -0.199501, 0.978886, 0.174128, 0.107055, 0.190652, -0.966650, -0.170997, 0.073710, 0.187797, -0.979438),
      ["LeftUpperLeg"] = CFrame.new(-0.244865, -0.280403, -0.470515, 0.935306, -0.318399, 0.154351, -0.076185, 0.244776, 0.966582, -0.345540, -0.915809, 0.204683),
      ["LowerTorso"] = CFrame.new(-0.000342, -1.608036, 0.575208, 1.000000, -0.000000, 0.000000, 0.000000, 0.182147, 0.983271, -0.000000, -0.983271, 0.182147),
      ["RightUpperArm"] = CFrame.new(0.173255, -0.484342, -0.306072, 0.632860, 0.717489, -0.291028, 0.663532, -0.696286, -0.273701, -0.399016, -0.019892, -0.916728),
      ["RightUpperLeg"] = CFrame.new(0.178483, -0.352774, -0.216160, 0.939177, 0.275342, -0.205263, 0.198726, 0.051752, 0.978688, 0.280097, -0.959952, -0.006113)
    }},
    { Time = 0.292, Data = {
      ["Head"] = CFrame.new(0.043371, 0.198382, 0.347390, 0.997353, 0.072679, -0.001958, -0.030769, 0.397538, -0.917070, -0.065873, 0.914703, 0.398722),
      ["LeftUpperArm"] = CFrame.new(0.173061, -0.314612, -0.199579, 0.978886, 0.174140, 0.107036, 0.190783, -0.966335, -0.172620, 0.073373, 0.189396, -0.979156),
      ["LeftUpperLeg"] = CFrame.new(-0.244871, -0.280449, -0.470519, 0.935295, -0.319025, 0.153122, -0.076277, 0.240783, 0.967577, -0.345550, -0.916650, 0.200869),
      ["LowerTorso"] = CFrame.new(-0.000345, -1.610502, 0.574233, 1.000000, -0.000000, 0.000000, 0.000000, 0.183692, 0.982984, -0.000000, -0.982984, 0.183692),
      ["RightUpperArm"] = CFrame.new(0.173203, -0.485644, -0.305759, 0.632827, 0.717529, -0.291003, 0.662923, -0.696276, -0.275196, -0.400079, -0.018761, -0.916289),
      ["RightUpperLeg"] = CFrame.new(0.178482, -0.352811, -0.216131, 0.939179, 0.276011, -0.204355, 0.198800, 0.048276, 0.978850, 0.280039, -0.959941, -0.009532)
    }},
    { Time = 0.300, Data = {
      ["Head"] = CFrame.new(0.043372, 0.200016, 0.347072, 0.997352, 0.072707, -0.001515, -0.030830, 0.403865, -0.914299, -0.065864, 0.911925, 0.405037),
      ["LeftUpperArm"] = CFrame.new(0.173108, -0.315487, -0.199660, 0.978878, 0.174159, 0.107080, 0.190911, -0.966066, -0.173980, 0.073146, 0.190748, -0.978910),
      ["LeftUpperLeg"] = CFrame.new(-0.244863, -0.280513, -0.470484, 0.935311, -0.319473, 0.152087, -0.076405, 0.237335, 0.968419, -0.345480, -0.917392, 0.197573),
      ["LowerTorso"] = CFrame.new(-0.000347, -1.612742, 0.573363, 1.000000, -0.000000, 0.000000, 0.000000, 0.185126, 0.982715, -0.000000, -0.982715, 0.185126),
      ["RightUpperArm"] = CFrame.new(0.173152, -0.486790, -0.305478, 0.632826, 0.717542, -0.290972, 0.662365, -0.696289, -0.276503, -0.401003, -0.017751, -0.915905),
      ["RightUpperLeg"] = CFrame.new(0.178480, -0.352852, -0.216092, 0.939185, 0.276581, -0.203556, 0.198884, 0.045155, 0.978982, 0.279960, -0.959929, -0.012598)
    }},
    { Time = 0.308, Data = {
      ["Head"] = CFrame.new(0.043372, 0.201502, 0.346783, 0.997353, 0.072707, -0.000975, -0.030752, 0.409602, -0.911746, -0.065891, 0.909362, 0.410753),
      ["LeftUpperArm"] = CFrame.new(0.173154, -0.316244, -0.199729, 0.978878, 0.174195, 0.107023, 0.191025, -0.965827, -0.175178, 0.072851, 0.191922, -0.978703),
      ["LeftUpperLeg"] = CFrame.new(-0.244869, -0.280566, -0.470489, 0.935298, -0.319937, 0.151186, -0.076510, 0.234303, 0.969148, -0.345490, -0.918010, 0.194665),
      ["LowerTorso"] = CFrame.new(-0.000348, -1.614653, 0.572612, 1.000000, -0.000000, 0.000000, 0.000000, 0.186337, 0.982486, -0.000000, -0.982486, 0.186337),
      ["RightUpperArm"] = CFrame.new(0.173101, -0.487789, -0.305241, 0.632826, 0.717527, -0.291010, 0.661844, -0.696326, -0.277656, -0.401863, -0.016895, -0.915544),
      ["RightUpperLeg"] = CFrame.new(0.178475, -0.352891, -0.216047, 0.939195, 0.277039, -0.202884, 0.198961, 0.042512, 0.979085, 0.279870, -0.959918, -0.015193)
    }},
    { Time = 0.317, Data = {
      ["Head"] = CFrame.new(0.043373, 0.202846, 0.346521, 0.997351, 0.072730, -0.000575, -0.030775, 0.414840, -0.909374, -0.065901, 0.906983, 0.415980),
      ["LeftUpperArm"] = CFrame.new(0.173173, -0.316896, -0.199788, 0.978886, 0.174147, 0.107029, 0.191056, -0.965635, -0.176204, 0.072666, 0.192932, -0.978518),
      ["LeftUpperLeg"] = CFrame.new(-0.244868, -0.280613, -0.470476, 0.935299, -0.320300, 0.150410, -0.076604, 0.231704, 0.969766, -0.345466, -0.918543, 0.192176),
      ["LowerTorso"] = CFrame.new(-0.000350, -1.616243, 0.571976, 1.000000, -0.000000, 0.000000, 0.000000, 0.187328, 0.982297, -0.000000, -0.982297, 0.187328),
      ["RightUpperArm"] = CFrame.new(0.173063, -0.488640, -0.305054, 0.632825, 0.717536, -0.290990, 0.661471, -0.696333, -0.278527, -0.402479, -0.016222, -0.915286),
      ["RightUpperLeg"] = CFrame.new(0.178484, -0.352933, -0.216049, 0.939176, 0.277518, -0.202318, 0.199047, 0.040224, 0.979164, 0.279873, -0.959878, -0.017462)
    }},
    { Time = 0.325, Data = {
      ["Head"] = CFrame.new(0.043373, 0.204056, 0.346286, 0.997350, 0.072752, -0.000196, -0.030779, 0.419498, -0.907234, -0.065920, 0.904836, 0.420625),
      ["LeftUpperArm"] = CFrame.new(0.173212, -0.317445, -0.199841, 0.978878, 0.174194, 0.107027, 0.191164, -0.965458, -0.177054, 0.072489, 0.193775, -0.978365),
      ["LeftUpperLeg"] = CFrame.new(-0.244861, -0.280654, -0.470447, 0.935314, -0.320562, 0.149760, -0.076687, 0.229539, 0.970274, -0.345408, -0.918995, 0.190108),
      ["LowerTorso"] = CFrame.new(-0.000351, -1.617630, 0.571430, 1.000000, -0.000000, 0.000000, 0.000000, 0.188208, 0.982129, -0.000000, -0.982129, 0.188208),
      ["RightUpperArm"] = CFrame.new(0.173031, -0.489360, -0.304868, 0.632824, 0.717545, -0.290969, 0.661097, -0.696339, -0.279398, -0.403094, -0.015549, -0.915027),
