return {
  ["Astros sitting fingering"] = {
    { Time = 0.000, Data = {
      ["Head"] = CFrame.new(0.000000, 0.000000, 0.000000, 1.000000, -0.000000, 0.000000, 0.000000, 0.919544, 0.392987, -0.000000, -0.392987, 0.919544),
      ["LeftUpperArm"] = CFrame.new(-0.936960, -1.066182, 0.326865, -0.355331, -0.614465, 0.704395, 0.865979, -0.500080, 0.000607, 0.351880, 0.610207, 0.709808),
      ["LeftUpperLeg"] = CFrame.new(-0.298875, 0.607332, -0.943774, 0.940753, 0.248700, 0.230505, -0.116544, 0.875498, -0.468957, -0.318436, 0.414308, 0.852612),
      ["LowerTorso"] = CFrame.new(0.000000, -1.666493, 0.081538, 1.000000, 0.000000, 0.000000, 0.000000, 0.972698, -0.232073, 0.000000, 0.232073, 0.972698),
      ["RightUpperArm"] = CFrame.new(-0.119805, -0.509894, -0.111025, 0.768561, 0.639256, -0.025775, -0.594092, 0.698151, -0.399549, -0.237420, 0.322391, 0.916349),
      ["RightUpperLeg"] = CFrame.new(0.313347, 0.656769, -0.947410, 0.946341, -0.234779, -0.222077, 0.111420, 0.882080, -0.457733, 0.303356, 0.408428, 0.860908),
      ["рҹҢ§пёҸрҹҳірҹ‘»рҹҸіпёҸвҖҚрҹҢҲрҹҳӮрҹ’һрҹҸҙвҖҚвҳ пёҸрҹҺёрҹҢ§пёҸрҹҳірҹ‘»рҹҸіпёҸвҖҚрҹҢҲрҹҳӮрҹ’һрҹҸҙвҖҚвҳ"] = CFrame.new(-0.000000, -0.000000, -0.000000, 0.998937, 0.046080, 0.001028, -0.046087, 0.998912, 0.007143, -0.000698, -0.007183, 0.999974)
    }},
    { Time = 0.017, Data = {
      ["Head"] = CFrame.new(0.000000, 0.000000, -0.000000, 1.000000, -0.000000, 0.000000, 0.000000, 0.918188, 0.396145, -0.000000, -0.396145, 0.918188),
      ["LeftUpperArm"] = CFrame.new(-0.935369, -1.064366, 0.323296, -0.350180, -0.617724, 0.704125, 0.864952, -0.501754, -0.010022, 0.359489, 0.605525, 0.710006),
      ["LeftUpperLeg"] = CFrame.new(-0.298875, 0.607332, -0.943774, 0.940753, 0.248700, 0.230505, -0.116544, 0.875498, -0.468957, -0.318436, 0.414308, 0.852612),
      ["LowerTorso"] = CFrame.new(0.000000, -1.666501, 0.081538, 1.000000, 0.000000, 0.000000, 0.000000, 0.972698, -0.232073, 0.000000, 0.232073, 0.972698),
      ["RightUpperArm"] = CFrame.new(-0.119530, -0.509773, -0.110968, 0.768340, 0.639518, -0.025899, -0.594397, 0.697953, -0.399441, -0.237373, 0.322301, 0.916393),
      ["RightUpperLeg"] = CFrame.new(0.313347, 0.656769, -0.947410, 0.946341, -0.234779, -0.222077, 0.111420, 0.882080, -0.457733, 0.303356, 0.408428, 0.860908),
      ["рҹҢ§пёҸрҹҳірҹ‘»рҹҸіпёҸвҖҚрҹҢҲрҹҳӮрҹ’һрҹҸҙвҖҚвҳ пёҸрҹҺёрҹҢ§пёҸрҹҳірҹ‘»рҹҸіпёҸвҖҚрҹҢҲрҹҳӮрҹ’һрҹҸҙвҖҚвҳ"] = CFrame.new(-0.000000, -0.000000, -0.000000, 0.998406, 0.056428, 0.001164, -0.056435, 0.998378, 0.007566, -0.000735, -0.007620, 0.999971)
    }},
    { Time = 0.033, Data = {
      ["Head"] = CFrame.new(0.000000, 0.000000, 0.000000, 1.000000, -0.000000, 0.000000, 0.000000, 0.916820, 0.399300, -0.000000, -0.399300, 0.916820),
      ["LeftUpperArm"] = CFrame.new(-0.933775, -1.062545, 0.319738, -0.345137, -0.620942, 0.703784, 0.863817, -0.503387, -0.020516, 0.367015, 0.600860, 0.710118),
      ["LeftUpperLeg"] = CFrame.new(-0.298875, 0.607324, -0.943772, 0.940753, 0.248689, 0.230516, -0.116559, 0.875538, -0.468879, -0.318431, 0.414231, 0.852652),
      ["LowerTorso"] = CFrame.new(0.000000, -1.666524, 0.081538, 1.000000, 0.000000, 0.000000, 0.000000, 0.972698, -0.232073, 0.000000, 0.232073, 0.972698),
      ["RightUpperArm"] = CFrame.new(-0.118702, -0.509411, -0.110804, 0.767664, 0.640317, -0.026192, -0.595294, 0.697360, -0.399143, -0.237313, 0.322000, 0.916514),
      ["RightUpperLeg"] = CFrame.new(0.313347, 0.656769, -0.947410, 0.946341, -0.234779, -0.222077, 0.111420, 0.882080, -0.457733, 0.303356, 0.408428, 0.860908),
      ["рҹҢ§пёҸрҹҳірҹ‘»рҹҸіпёҸвҖҚрҹҢҲрҹҳӮрҹ’һрҹҸҙвҖҚвҳ пёҸрҹҺёрҹҢ§пёҸрҹҳірҹ‘»рҹҸіпёҸвҖҚрҹҢҲрҹҳӮрҹ’һрҹҸҙвҖҚвҳ"] = CFrame.new(-0.000000, -0.000000, -0.000000, 0.997773, 0.066685, 0.001214, -0.066693, 0.997742, 0.007905, -0.000684, -0.007969, 0.999968)
    }},
    { Time = 0.050, Data = {
      ["Head"] = CFrame.new(0.000000, 0.000000, -0.000000, 1.000000, -0.000000, 0.000000, 0.000000, 0.915442, 0.402451, -0.000000, -0.402451, 0.915442),
      ["LeftUpperArm"] = CFrame.new(-0.932187, -1.060706, 0.316212, -0.340067, -0.624132, 0.703431, 0.862622, -0.504901, -0.030956, 0.374483, 0.596268, 0.710090),
      ["LeftUpperLeg"] = CFrame.new(-0.298887, 0.607335, -0.943812, 0.940728, 0.248708, 0.230597, -0.116537, 0.875538, -0.468884, -0.318512, 0.414220, 0.852627),
      ["LowerTorso"] = CFrame.new(0.000000, -1.666543, 0.081453, 1.000000, 0.000000, 0.000000, 0.000000, 0.972678, -0.232158, 0.000000, 0.232158, 0.972678),
      ["RightUpperArm"] = CFrame.new(-0.117320, -0.508832, -0.110524, 0.766494, 0.641691, -0.026830, -0.596886, 0.696309, -0.398598, -0.237095, 0.321538, 0.916733),
      ["RightUpperLeg"] = CFrame.new(0.313347, 0.656762, -0.947407, 0.946341, -0.234769, -0.222088, 0.111434, 0.882119, -0.457655, 0.303351, 0.408349, 0.860947),
      ["рҹҢ§пёҸрҹҳірҹ‘»рҹҸіпёҸвҖҚрҹҢҲрҹҳӮрҹ’һрҹҸҙвҖҚвҳ пёҸрҹҺёрҹҢ§пёҸрҹҳірҹ‘»рҹҸіпёҸвҖҚрҹҢҲрҹҳӮрҹ’һрҹҸҙвҖҚвҳ"] = CFrame.new(0.000000, -0.000000, -0.000000, 0.997035, 0.076937, 0.001354, -0.076946, 0.997001, 0.008241, -0.000716, -0.008321, 0.999965)
    }},
    { Time = 0.067, Data = {
      ["Head"] = CFrame.new(0.000000, -0.000000, 0.000000, 1.000000, -0.000000, 0.000000, 0.000000, 0.914087, 0.405517, -0.000000, -0.405517, 0.914087),
      ["LeftUpperArm"] = CFrame.new(-0.930626, -1.058882, 0.312684, -0.335166, -0.627350, 0.702919, 0.861306, -0.506407, -0.041277, 0.381858, 0.591594, 0.710071),
      ["LeftUpperLeg"] = CFrame.new(-0.298887, 0.607328, -0.943810, 0.940728, 0.248698, 0.230608, -0.116552, 0.875578, -0.468806, -0.318506, 0.414142, 0.852667),
      ["LowerTorso"] = CFrame.new(0.000000, -1.666556, 0.081284, 1.000000, 0.000000, 0.000000, 0.000000, 0.972638, -0.232327, 0.000000, 0.232327, 0.972638),
      ["RightUpperArm"] = CFrame.new(-0.115417, -0.508023, -0.110129, 0.764912, 0.643545, -0.027568, -0.598968, 0.694880, -0.397968, -0.236954, 0.320923, 0.916985),
      ["RightUpperLeg"] = CFrame.new(0.313347, 0.656756, -0.947405, 0.946341, -0.234759, -0.222098, 0.111448, 0.882158, -0.457577, 0.303346, 0.408271, 0.860986),
      ["рҹҢ§пёҸрҹҳірҹ‘»рҹҸіпёҸвҖҚрҹҢҲрҹҳӮрҹ’һрҹҸҙвҖҚвҳ пёҸрҹҺёрҹҢ§пёҸрҹҳірҹ‘»рҹҸіпёҸвҖҚрҹҢҲрҹҳӮрҹ’һрҹҸҙвҖҚвҳ"] = CFrame.new(-0.000000, -0.000000, -0.000000, 0.996206, 0.087011, 0.001415, -0.087020, 0.996169, 0.008665, -0.000655, -0.008755, 0.999961)
    }},
    { Time = 0.083, Data = {
      ["Head"] = CFrame.new(0.000000, -0.000000, 0.000000, 1.000000, -0.000000, 0.000000, 0.000000, 0.912686, 0.408661, -0.000000, -0.408661, 0.912686),
      ["LeftUpperArm"] = CFrame.new(-0.929076, -1.057053, 0.309209, -0.330180, -0.630508, 0.702453, 0.859930, -0.507797, -0.051588, 0.389231, 0.587027, 0.709858),
      ["LeftUpperLeg"] = CFrame.new(-0.298879, 0.607361, -0.943798, 0.940745, 0.248605, 0.230640, -0.116484, 0.875634, -0.468718, -0.318482, 0.414078, 0.852707),
      ["LowerTorso"] = CFrame.new(0.000000, -1.666606, 0.081200, 1.000000, 0.000000, 0.000000, 0.000000, 0.972618, -0.232411, 0.000000, 0.232411, 0.972618),
      ["RightUpperArm"] = CFrame.new(-0.112988, -0.507012, -0.109648, 0.762826, 0.645971, -0.028618, -0.601752, 0.693019, -0.397012, -0.236625, 0.320072, 0.917367),
      ["RightUpperLeg"] = CFrame.new(0.313351, 0.656800, -0.947434, 0.946333, -0.234685, -0.222211, 0.111358, 0.882213, -0.457493, 0.303404, 0.408196, 0.861001),
      ["рҹҢ§пёҸрҹҳірҹ‘»рҹҸіпёҸвҖҚрҹҢҲрҹҳӮрҹ’һрҹҸҙвҖҚвҳ пёҸрҹҺёрҹҢ§пёҸрҹҳірҹ‘»рҹҸіпёҸвҖҚрҹҢҲрҹҳӮрҹ’һрҹҸҙвҖҚвҳ"] = CFrame.new(-0.000000, -0.000000, 0.000000, 0.995276, 0.097078, 0.001561, -0.097088, 0.995235, 0.008998, -0.000680, -0.009108, 0.999958)
    }},
    { Time = 0.100, Data = {
      ["Head"] = CFrame.new(0.000000, 0.000000, -0.000000, 1.000000, -0.000000, 0.000000, 0.000000, 0.911346, 0.411640, -0.000000, -0.411640, 0.911346),
      ["LeftUpperArm"] = CFrame.new(-0.927558, -1.055218, 0.305785, -0.325287, -0.633663, 0.701898, 0.858526, -0.509046, -0.061684, 0.396385, 0.582532, 0.709602),
      ["LeftUpperLeg"] = CFrame.new(-0.298879, 0.607354, -0.943795, 0.940745, 0.248595, 0.230651, -0.116499, 0.875674, -0.468640, -0.318477, 0.414000, 0.852746),
      ["LowerTorso"] = CFrame.new(0.000000, -1.666650, 0.081030, 1.000000, 0.000000, 0.000000, 0.000000, 0.972577, -0.232581, 0.000000, 0.232581, 0.972577),
      ["RightUpperArm"] = CFrame.new(-0.110097, -0.505787, -0.109055, 0.760385, 0.648788, -0.029826, -0.604970, 0.690827, -0.395941, -0.236277, 0.319111, 0.917791),
      ["RightUpperLeg"] = CFrame.new(0.313351, 0.656793, -0.947431, 0.946333, -0.234675, -0.222221, 0.111372, 0.882252, -0.457415, 0.303399, 0.408117, 0.861040),
      ["рҹҢ§пёҸрҹҳірҹ‘»рҹҸіпёҸвҖҚрҹҢҲрҹҳӮрҹ’һрҹҸҙвҖҚвҳ пёҸрҹҺёрҹҢ§пёҸрҹҳірҹ‘»рҹҸіпёҸвҖҚрҹҢҲрҹҳӮрҹ’һрҹҸҙвҖҚвҳ"] = CFrame.new(-0.000000, -0.000000, 0.000000, 0.994261, 0.106965, 0.001625, -0.106976, 0.994218, 0.009335, -0.000617, -0.009456, 0.999955)
    }},
    { Time = 0.117, Data = {
      ["Head"] = CFrame.new(0.000000, -0.000000, -0.000000, 1.000000, -0.000000, 0.000000, 0.000000, 0.909996, 0.414616, -0.000000, -0.414616, 0.909996),
      ["LeftUpperArm"] = CFrame.new(-0.926057, -1.053432, 0.302398, -0.320590, -0.636728, 0.701284, 0.856983, -0.510347, -0.071600, 0.403488, 0.578034, 0.709278),
      ["LeftUpperLeg"] = CFrame.new(-0.298879, 0.607340, -0.943790, 0.940745, 0.248574, 0.230674, -0.116527, 0.875753, -0.468484, -0.318467, 0.413844, 0.852826),
      ["LowerTorso"] = CFrame.new(0.000000, -1.666688, 0.080777, 1.000000, 0.000000, 0.000000, 0.000000, 0.972516, -0.232834, 0.000000, 0.232834, 0.972516),
      ["RightUpperArm"] = CFrame.new(-0.106752, -0.504379, -0.108383, 0.757524, 0.652063, -0.031178, -0.608696, 0.688273, -0.394676, -0.235895, 0.317954, 0.918291),
      ["RightUpperLeg"] = CFrame.new(0.313351, 0.656780, -0.947426, 0.946333, -0.234655, -0.222242, 0.111399, 0.882329, -0.457258, 0.303389, 0.407961, 0.861118),
      ["рҹҢ§пёҸрҹҳірҹ‘»рҹҸіпёҸвҖҚрҹҢҲрҹҳӮрҹ’һрҹҸҙвҖҚвҳ пёҸрҹҺёрҹҢ§пёҸрҹҳірҹ‘»рҹҸіпёҸвҖҚрҹҢҲрҹҳӮрҹ’һрҹҸҙвҖҚвҳ"] = CFrame.new(-0.000000, -0.000000, 0.000000, 0.993179, 0.116587, 0.001776, -0.116599, 0.993132, 0.009667, -0.000637, -0.009808, 0.999952)
    }},
    { Time = 0.133, Data = {
      ["Head"] = CFrame.new(0.000000, 0.000000, 0.000000, 1.000000, -0.000000, 0.000000, 0.000000, 0.908673, 0.417509, -0.000000, -0.417509, 0.908673),
      ["LeftUpperArm"] = CFrame.new(-0.924590, -1.051647, 0.299091, -0.315991, -0.639751, 0.700621, 0.855443, -0.511488, -0.081232, 0.410327, 0.573672, 0.708895),
      ["LeftUpperLeg"] = CFrame.new(-0.298879, 0.607326, -0.943785, 0.940745, 0.248553, 0.230696, -0.116556, 0.875833, -0.468329, -0.318456, 0.413689, 0.852905),
      ["LowerTorso"] = CFrame.new(0.000000, -1.666741, 0.080523, 1.000000, 0.000000, 0.000000, 0.000000, 0.972456, -0.233088, 0.000000, 0.233088, 0.972456),
      ["RightUpperArm"] = CFrame.new(-0.103003, -0.502803, -0.107610, 0.754305, 0.655707, -0.032762, -0.612867, 0.685374, -0.393264, -0.235411, 0.316720, 0.918842),
      ["RightUpperLeg"] = CFrame.new(0.313351, 0.656773, -0.947424, 0.946333, -0.234645, -0.222253, 0.111413, 0.882368, -0.457180, 0.303384, 0.407882, 0.861156),
      ["рҹҢ§пёҸрҹҳірҹ‘»рҹҸіпёҸвҖҚрҹҢҲрҹҳӮрҹ’һрҹҸҙвҖҚвҳ пёҸрҹҺёрҹҢ§пёҸрҹҳірҹ‘»рҹҸіпёҸвҖҚрҹҢҲрҹҳӮрҹ’һрҹҸҙвҖҚвҳ"] = CFrame.new(0.000000, -0.000000, -0.000000, 0.992014, 0.126115, 0.001844, -0.126127, 0.991964, 0.010003, -0.000568, -0.010156, 0.999948)
    }},
    { Time = 0.150, Data = {
      ["Head"] = CFrame.new(0.000000, 0.000000, 0.000000, 1.000000, -0.000000, 0.000000, 0.000000, 0.907377, 0.420317, -0.000000, -0.420317, 0.907377),
      ["LeftUpperArm"] = CFrame.new(-0.923166, -1.049883, 0.295853, -0.311369, -0.642742, 0.699951, 0.853857, -0.512526, -0.090803, 0.417106, 0.569385, 0.708395),
      ["LeftUpperLeg"] = CFrame.new(-0.298871, 0.607352, -0.943770, 0.940761, 0.248451, 0.230740, -0.116503, 0.875929, -0.468162, -0.318427, 0.413547, 0.852985),
      ["LowerTorso"] = CFrame.new(0.000000, -1.666808, 0.080269, 1.000000, 0.000000, 0.000000, 0.000000, 0.972395, -0.233341, 0.000000, 0.233341, 0.972395),
      ["RightUpperArm"] = CFrame.new(-0.098877, -0.501081, -0.106776, 0.750709, 0.659733, -0.034468, -0.617470, 0.682156, -0.391656, -0.234876, 0.315303, 0.919466),
      ["RightUpperLeg"] = CFrame.new(0.313351, 0.656759, -0.947419, 0.946333, -0.234625, -0.222274, 0.111440, 0.882446, -0.457023, 0.303374, 0.407725, 0.861234),
      ["рҹҢ§пёҸрҹҳірҹ‘»рҹҸіпёҸвҖҚрҹҢҲрҹҳӮрҹ’һрҹҸҙвҖҚвҳ пёҸрҹҺёрҹҢ§пёҸрҹҳірҹ‘»рҹҸіпёҸвҖҚрҹҢҲрҹҳӮрҹ’һрҹҸҙвҖҚвҳ"] = CFrame.new(0.000000, -0.000000, 0.000000, 0.990792, 0.135377, 0.002001, -0.135390, 0.990738, 0.010333, -0.000583, -0.010509, 0.999945)
    }},
    { Time = 0.167, Data = {
      ["Head"] = CFrame.new(0.000000, -0.000000, 0.000000, 1.000000, -0.000000, 0.000000, 0.000000, 0.906072, 0.423123, -0.000000, -0.423123, 0.906072),
      ["LeftUpperArm"] = CFrame.new(-0.921766, -1.048176, 0.292695, -0.307010, -0.645599, 0.699248, 0.852195, -0.513578, -0.100012, 0.423686, 0.565190, 0.707849),
      ["LeftUpperLeg"] = CFrame.new(-0.298883, 0.607349, -0.943805, 0.940736, 0.248449, 0.230843, -0.116511, 0.876008, -0.468012, -0.318497, 0.413380, 0.853040),
      ["LowerTorso"] = CFrame.new(0.000000, -1.666889, 0.080016, 1.000000, 0.000000, 0.000000, 0.000000, 0.972334, -0.233595, 0.000000, 0.233595, 0.972334),
      ["RightUpperArm"] = CFrame.new(-0.094440, -0.499217, -0.105877, 0.746841, 0.664016, -0.036208, -0.622336, 0.678698, -0.389958, -0.234364, 0.313770, 0.920120),
      ["RightUpperLeg"] = CFrame.new(0.313343, 0.656787, -0.947405, 0.946348, -0.234523, -0.222316, 0.111385, 0.882539, -0.456856, 0.303345, 0.407582, 0.861312),
      ["рҹҢ§пёҸрҹҳірҹ‘»рҹҸіпёҸвҖҚрҹҢҲрҹҳӮрҹ’һрҹҸҙвҖҚвҳ пёҸрҹҺёрҹҢ§пёҸрҹҳірҹ‘»рҹҸіпёҸвҖҚрҹҢҲрҹҳӮрҹ’һрҹҸҙвҖҚвҳ"] = CFrame.new(-0.000000, -0.000000, 0.000000, 0.989521, 0.144373, 0.002072, -0.144387, 0.989464, 0.010668, -0.000510, -0.010856, 0.999941)
    }},
    { Time = 0.183, Data = {
      ["Head"] = CFrame.new(0.000000, -0.000000, 0.000000, 1.000000, -0.000000, 0.000000, 0.000000, 0.904834, 0.425765, -0.000000, -0.425765, 0.904834),
      ["LeftUpperArm"] = CFrame.new(-0.920418, -1.046490, 0.289634, -0.302753, -0.648409, 0.698503, 0.850551, -0.514486, -0.108934, 0.430004, 0.561132, 0.707268),
      ["LeftUpperLeg"] = CFrame.new(-0.298883, 0.607334, -0.943800, 0.940736, 0.248428, 0.230865, -0.116539, 0.876088, -0.467856, -0.318487, 0.413224, 0.853119),
      ["LowerTorso"] = CFrame.new(0.000000, -1.666963, 0.079678, 1.000000, 0.000000, 0.000000, 0.000000, 0.972253, -0.233933, 0.000000, 0.233933, 0.972253),
      ["RightUpperArm"] = CFrame.new(-0.089721, -0.497270, -0.104893, 0.742651, 0.668589, -0.038189, -0.627555, 0.674899, -0.388184, -0.233762, 0.312251, 0.920790),
      ["RightUpperLeg"] = CFrame.new(0.313355, 0.656777, -0.947438, 0.946325, -0.234511, -0.222428, 0.111406, 0.882656, -0.456626, 0.303412, 0.407337, 0.861405),
      ["рҹҢ§пёҸрҹҳірҹ‘»рҹҸіпёҸвҖҚрҹҢҲрҹҳӮрҹ’һрҹҸҙвҖҚвҳ пёҸрҹҺёрҹҢ§пёҸрҹҳірҹ‘»рҹҸіпёҸвҖҚрҹҢҲрҹҳӮрҹ’һрҹҸҙвҖҚвҳ"] = CFrame.new(-0.000000, -0.000000, 0.000000, 0.988208, 0.153103, 0.002232, -0.153119, 0.988147, 0.010996, -0.000522, -0.011209, 0.999937)
    }},
    { Time = 0.200, Data = {
      ["Head"] = CFrame.new(0.000000, 0.000000, 0.000000, 1.000000, -0.000000, 0.000000, 0.000000, 0.903625, 0.428325, -0.000000, -0.428325, 0.903625),
      ["LeftUpperArm"] = CFrame.new(-0.919125, -1.044861, 0.286653, -0.298683, -0.651166, 0.697691, 0.848865, -0.515363, -0.117596, 0.436139, 0.557121, 0.706682),
      ["LeftUpperLeg"] = CFrame.new(-0.298875, 0.607360, -0.943785, 0.940753, 0.248325, 0.230909, -0.116486, 0.876183, -0.467690, -0.318458, 0.413083, 0.853198),
      ["LowerTorso"] = CFrame.new(0.000000, -1.667050, 0.079339, 1.000000, 0.000000, 0.000000, 0.000000, 0.972171, -0.234271, 0.000000, 0.234271, 0.972171),
      ["RightUpperArm"] = CFrame.new(-0.084802, -0.495209, -0.103887, 0.738299, 0.673279, -0.040132, -0.632905, 0.671003, -0.386246, -0.233122, 0.310565, 0.921523),
      ["RightUpperLeg"] = CFrame.new(0.313355, 0.656763, -0.947432, 0.946325, -0.234491, -0.222450, 0.111433, 0.882733, -0.456470, 0.303402, 0.407180, 0.861482),
      ["рҹҢ§пёҸрҹҳірҹ‘»рҹҸіпёҸвҖҚрҹҢҲрҹҳӮрҹ’һрҹҸҙвҖҚвҳ пёҸрҹҺёрҹҢ§пёҸрҹҳірҹ‘»рҹҸіпёҸвҖҚрҹҢҲрҹҳӮрҹ’һрҹҸҙвҖҚвҳ"] = CFrame.new(-0.000000, -0.000000, 0.000000, 0.986873, 0.161483, 0.002300, -0.161499, 0.986809, 0.011245, -0.000453, -0.011469, 0.999934)
    }},
    { Time = 0.217, Data = {
      ["Head"] = CFrame.new(0.000000, 0.000000, 0.000000, 1.000000, -0.000000, 0.000000, 0.000000, 0.902446, 0.430802, -0.000000, -0.430802, 0.902446),
      ["LeftUpperArm"] = CFrame.new(-0.917866, -1.043282, 0.283799, -0.294738, -0.653762, 0.696940, 0.847183, -0.516166, -0.125911, 0.442053, 0.553324, 0.705990),
      ["LeftUpperLeg"] = CFrame.new(-0.298875, 0.607339, -0.943778, 0.940753, 0.248294, 0.230942, -0.116529, 0.876302, -0.467456, -0.318442, 0.412849, 0.853317),
      ["LowerTorso"] = CFrame.new(0.000000, -1.667149, 0.079001, 1.000000, 0.000000, 0.000000, 0.000000, 0.972090, -0.234609, 0.000000, 0.234609, 0.972090),
      ["RightUpperArm"] = CFrame.new(-0.079696, -0.493108, -0.102852, 0.733665, 0.678201, -0.042184, -0.638526, 0.666849, -0.384184, -0.232423, 0.308798, 0.922292),
      ["RightUpperLeg"] = CFrame.new(0.313347, 0.656784, -0.947416, 0.946340, -0.234379, -0.222502, 0.111392, 0.882865, -0.456224, 0.303368, 0.406959, 0.861599),
      ["рҹҢ§пёҸрҹҳірҹ‘»рҹҸіпёҸвҖҚрҹҢҲрҹҳӮрҹ’һрҹҸҙвҖҚвҳ пёҸрҹҺёрҹҢ§пёҸрҹҳірҹ‘»рҹҸіпёҸвҖҚрҹҢҲрҹҳӮрҹ’һрҹҸҙвҖҚвҳ"] = CFrame.new(-0.000000, -0.000000, 0.000000, 0.985510, 0.169598, 0.002461, -0.169615, 0.985442, 0.011572, -0.000463, -0.011822, 0.999930)
    }},
    { Time = 0.233, Data = {
      ["Head"] = CFrame.new(0.000000, 0.000000, 0.000000, 1.000000, -0.000000, 0.000000, 0.000000, 0.901299, 0.433198, -0.000000, -0.433198, 0.901299),
      ["LeftUpperArm"] = CFrame.new(-0.916664, -1.041737, 0.281076, -0.290903, -0.656271, 0.696193, 0.845561, -0.516822, -0.133870, 0.447663, 0.549730, 0.705262),
      ["LeftUpperLeg"] = CFrame.new(-0.298887, 0.607328, -0.943810, 0.940728, 0.248281, 0.231057, -0.116551, 0.876421, -0.467227, -0.318507, 0.412604, 0.853412),
      ["LowerTorso"] = CFrame.new(0.000000, -1.667240, 0.078579, 1.000000, 0.000000, 0.000000, 0.000000, 0.971988, -0.235032, 0.000000, 0.235032, 0.971988),
      ["RightUpperArm"] = CFrame.new(-0.074513, -0.490947, -0.101774, 0.728993, 0.683086, -0.044301, -0.644137, 0.662648, -0.382080, -0.231637, 0.307070, 0.923067),
      ["RightUpperLeg"] = CFrame.new(0.313347, 0.656763, -0.947408, 0.946340, -0.234349, -0.222533, 0.111433, 0.882982, -0.455989, 0.303353, 0.406723, 0.861715),
      ["рҹҢ§пёҸрҹҳірҹ‘»рҹҸіпёҸвҖҚрҹҢҲрҹҳӮрҹ’һрҹҸҙвҖҚвҳ пёҸрҹҺёрҹҢ§пёҸрҹҳірҹ‘»рҹҸіпёҸвҖҚрҹҢҲрҹҳӮрҹ’һрҹҸҙвҖҚвҳ"] = CFrame.new(-0.000000, -0.000000, 0.000000, 0.984142, 0.177363, 0.002530, -0.177381, 0.984071, 0.011820, -0.000393, -0.012082, 0.999927)
    }},
    { Time = 0.250, Data = {
      ["Head"] = CFrame.new(0.000000, 0.000000, -0.000000, 1.000000, -0.000000, 0.000000, 0.000000, 0.900222, 0.435431, -0.000000, -0.435431, 0.900222),
      ["LeftUpperArm"] = CFrame.new(-0.915520, -1.040285, 0.278448, -0.287405, -0.658672, 0.695378, 0.843902, -0.517525, -0.141416, 0.453022, 0.546187, 0.704593),
      ["LeftUpperLeg"] = CFrame.new(-0.298879, 0.607348, -0.943793, 0.940744, 0.248168, 0.231111, -0.116512, 0.876557, -0.466983, -0.318473, 0.412384, 0.853530),
      ["LowerTorso"] = CFrame.new(0.000000, -1.667343, 0.078156, 1.000000, 0.000000, 0.000000, 0.000000, 0.971886, -0.235454, 0.000000, 0.235454, 0.971886),
      ["RightUpperArm"] = CFrame.new(-0.069254, -0.488796, -0.100690, 0.724140, 0.688093, -0.046364, -0.649834, 0.658273, -0.379991, -0.230949, 0.305296, 0.923827),
      ["RightUpperLeg"] = CFrame.new(0.313351, 0.656794, -0.947433, 0.946332, -0.234255, -0.222666, 0.111371, 0.883114, -0.455749, 0.303401, 0.406491, 0.861808),
      ["рҹҢ§пёҸрҹҳірҹ‘»рҹҸіпёҸвҖҚрҹҢҲрҹҳӮрҹ’һрҹҸҙвҖҚвҳ пёҸрҹҺёрҹҢ§пёҸрҹҳірҹ‘»рҹҸіпёҸвҖҚрҹҢҲрҹҳӮрҹ’һрҹҸҙвҖҚвҳ"] = CFrame.new(-0.000000, -0.000000, 0.000000, 0.982793, 0.184694, 0.002598, -0.184712, 0.982719, 0.012069, -0.000324, -0.012341, 0.999924)
    }},
    { Time = 0.267, Data = {
      ["Head"] = CFrame.new(0.000000, -0.000000, 0.000000, 1.000000, -0.000000, 0.000000, 0.000000, 0.899178, 0.437582, -0.000000, -0.437582, 0.899178),
      ["LeftUpperArm"] = CFrame.new(-0.914435, -1.038881, 0.275969, -0.283957, -0.660955, 0.694628, 0.842308, -0.518093, -0.148651, 0.458133, 0.542880, 0.703843),
      ["LeftUpperLeg"] = CFrame.new(-0.298879, 0.607326, -0.943785, 0.940744, 0.248137, 0.231145, -0.116555, 0.876676, -0.466749, -0.318457, 0.412151, 0.853649),
      ["LowerTorso"] = CFrame.new(0.000000, -1.667456, 0.077734, 1.000000, 0.000000, 0.000000, 0.000000, 0.971783, -0.235876, 0.000000, 0.235876, 0.971783),
      ["RightUpperArm"] = CFrame.new(-0.064007, -0.486658, -0.099596, 0.719247, 0.693060, -0.048492, -0.655518, 0.653848, -0.377860, -0.230173, 0.303562, 0.924592),
      ["RightUpperLeg"] = CFrame.new(0.313351, 0.656774, -0.947425, 0.946332, -0.234225, -0.222698, 0.111412, 0.883230, -0.455514, 0.303386, 0.406256, 0.861924),
      ["рҹҢ§пёҸрҹҳірҹ‘»рҹҸіпёҸвҖҚрҹҢҲрҹҳӮрҹ’һрҹҸҙвҖҚвҳ пёҸрҹҺёрҹҢ§пёҸрҹҳірҹ‘»рҹҸіпёҸвҖҚрҹҢҲрҹҳӮрҹ’һрҹҸҙвҖҚвҳ"] = CFrame.new(-0.000000, 0.000000, 0.000000, 0.981454, 0.191676, 0.002752, -0.191695, 0.981377, 0.012309, -0.000341, -0.012608, 0.999920)
    }},
    { Time = 0.283, Data = {
      ["Head"] = CFrame.new(0.000000, 0.000000, 0.000000, 1.000000, -0.000000, 0.000000, 0.000000, 0.898168, 0.439652, -0.000000, -0.439652, 0.898168),
      ["LeftUpperArm"] = CFrame.new(-0.913408, -1.037547, 0.273635, -0.280767, -0.663096, 0.693883, 0.840784, -0.518595, -0.155378, 0.462875, 0.539780, 0.703125),
      ["LeftUpperLeg"] = CFrame.new(-0.298884, 0.607349, -0.943806, 0.940736, 0.248032, 0.231292, -0.116510, 0.876850, -0.466432, -0.318498, 0.411842, 0.853783),
      ["LowerTorso"] = CFrame.new(0.000000, -1.667559, 0.077227, 1.000000, 0.000000, 0.000000, 0.000000, 0.971660, -0.236383, 0.000000, 0.236383, 0.971660),
      ["RightUpperArm"] = CFrame.new(-0.058839, -0.484535, -0.098519, 0.714426, 0.697887, -0.050493, -0.661025, 0.649504, -0.375753, -0.229437, 0.301825, 0.925343),
      ["RightUpperLeg"] = CFrame.new(0.313343, 0.656794, -0.947408, 0.946348, -0.234113, -0.222750, 0.111370, 0.883361, -0.455269, 0.303353, 0.406034, 0.862040),
      ["рҹҢ§пёҸрҹҳірҹ‘»рҹҸіпёҸвҖҚрҹҢҲрҹҳӮрҹ’һрҹҸҙвҖҚвҳ пёҸрҹҺёрҹҢ§пёҸрҹҳірҹ‘»рҹҸіпёҸвҖҚрҹҢҲрҹҳӮрҹ’һрҹҸҙвҖҚвҳ"] = CFrame.new(0.000000, 0.000000, 0.000000, 0.980135, 0.198311, 0.002819, -0.198331, 0.980055, 0.012557, -0.000273, -0.012867, 0.999917)
    }},
    { Time = 0.300, Data = {
      ["Head"] = CFrame.new(0.000000, -0.000000, 0.000000, 1.000000, -0.000000, 0.000000, 0.000000, 0.897270, 0.441482, -0.000000, -0.441482, 0.897270),
      ["LeftUpperArm"] = CFrame.new(-0.912445, -1.036295, 0.271442, -0.277777, -0.665104, 0.693164, 0.839302, -0.519060, -0.161708, 0.467347, 0.536855, 0.702406),
      ["LeftUpperLeg"] = CFrame.new(-0.298883, 0.607327, -0.943798, 0.940736, 0.248001, 0.231325, -0.116553, 0.876969, -0.466198, -0.318482, 0.411608, 0.853902),
      ["LowerTorso"] = CFrame.new(0.000000, -1.667671, 0.076720, 1.000000, 0.000000, 0.000000, 0.000000, 0.971536, -0.236890, 0.000000, 0.236890, 0.971536),
      ["RightUpperArm"] = CFrame.new(-0.053780, -0.482479, -0.097472, 0.709624, 0.702624, -0.052464, -0.666438, 0.645179, -0.373637, -0.228678, 0.300106, 0.926090),
      ["RightUpperLeg"] = CFrame.new(0.313355, 0.656777, -0.947439, 0.946324, -0.234091, -0.222873, 0.111404, 0.883516, -0.454960, 0.303414, 0.405710, 0.862171),
      ["рҹҢ§пёҸрҹҳірҹ‘»рҹҸіпёҸвҖҚрҹҢҲрҹҳӮрҹ’һрҹҸҙвҖҚвҳ пёҸрҹҺёрҹҢ§пёҸрҹҳірҹ‘»рҹҸіпёҸвҖҚрҹҢҲрҹҳӮрҹ’һрҹҸҙвҖҚвҳ"] = CFrame.new(0.000000, -0.000000, -0.000000, 0.978859, 0.204515, 0.002877, -0.204535, 0.978777, 0.012720, -0.000214, -0.013039, 0.999915)
    }},
    { Time = 0.317, Data = {
      ["Head"] = CFrame.new(0.000000, 0.000000, 0.000000, 1.000000, -0.000000, 0.000000, 0.000000, 0.896407, 0.443231, -0.000000, -0.443231, 0.896407),
      ["LeftUpperArm"] = CFrame.new(-0.911559, -1.035131, 0.269384, -0.275051, -0.667008, 0.692422, 0.837877, -0.519494, -0.167597, 0.471497, 0.534066, 0.701757),
      ["LeftUpperLeg"] = CFrame.new(-0.298875, 0.607339, -0.943778, 0.940753, 0.247877, 0.231391, -0.116528, 0.877144, -0.465876, -0.318443, 0.411310, 0.854060),
      ["LowerTorso"] = CFrame.new(0.000000, -1.667792, 0.076213, 1.000000, 0.000000, 0.000000, 0.000000, 0.971413, -0.237397, 0.000000, 0.237397, 0.971413),
      ["RightUpperArm"] = CFrame.new(-0.048907, -0.480499, -0.096444, 0.704975, 0.707143, -0.054402, -0.671619, 0.640972, -0.371593, -0.227899, 0.298502, 0.926800),
      ["RightUpperLeg"] = CFrame.new(0.313347, 0.656791, -0.947420, 0.946339, -0.233969, -0.222936, 0.111377, 0.883686, -0.454636, 0.303376, 0.405410, 0.862326),
      ["рҹҢ§пёҸрҹҳірҹ‘»рҹҸіпёҸвҖҚрҹҢҲрҹҳӮрҹ’һрҹҸҙвҖҚвҳ пёҸрҹҺёрҹҢ§пёҸрҹҳірҹ‘»рҹҸіпёҸвҖҚрҹҢҲрҹҳӮрҹ’һрҹҸҙвҖҚвҳ"] = CFrame.new(0.000000, -0.000000, -0.000000, 0.977653, 0.210203, 0.003027, -0.210224, 0.977567, 0.012960, -0.000235, -0.013306, 0.999911)
    }},
    { Time = 0.333, Data = {
      ["Head"] = CFrame.new(0.000000, -0.000000, 0.000000, 1.000000, -0.000000, 0.000000, 0.000000, 0.895581, 0.444899, -0.000000, -0.444899, 0.895581),
      ["LeftUpperArm"] = CFrame.new(-0.910728, -1.034054, 0.267502, -0.272464, -0.668710, 0.691803, 0.836522, -0.519883, -0.173068, 0.475389, 0.531554, 0.701039),
      ["LeftUpperLeg"] = CFrame.new(-0.298888, 0.607322, -0.943808, 0.940728, 0.247854, 0.231516, -0.116565, 0.877302, -0.465569, -0.318503, 0.410987, 0.854193),
      ["LowerTorso"] = CFrame.new(0.000000, -1.667921, 0.075706, 1.000000, 0.000000, 0.000000, 0.000000, 0.971289, -0.237904, 0.000000, 0.237904, 0.971289),
      ["RightUpperArm"] = CFrame.new(-0.044273, -0.478609, -0.095459, 0.700541, 0.711395, -0.056215, -0.676490, 0.636958, -0.369657, -0.227166, 0.296989, 0.927466),
      ["RightUpperLeg"] = CFrame.new(0.313347, 0.656771, -0.947412, 0.946339, -0.233939, -0.222967, 0.111418, 0.883802, -0.454401, 0.303361, 0.405175, 0.862442),
      ["рҹҢ§пёҸрҹҳірҹ‘»рҹҸіпёҸвҖҚрҹҢҲрҹҳӮрҹ’һрҹҸҙвҖҚвҳ пёҸрҹҺёрҹҢ§пёҸрҹҳірҹ‘»рҹҸіпёҸвҖҚрҹҢҲрҹҳӮрҹ’һрҹҸҙвҖҚвҳ"] = CFrame.new(-0.000000, -0.000000, 0.000000, 0.976507, 0.215462, 0.003080, -0.215484, 0.976419, 0.013123, -0.000180, -0.013479, 0.999909)
    }},
    { Time = 0.350, Data = {
      ["Head"] = CFrame.new(0.000000, 0.000000, 0.000000, 1.000000, -0.000000, 0.000000, 0.000000, 0.894869, 0.446328, -0.000000, -0.446328, 0.894869),
      ["LeftUpperArm"] = CFrame.new(-0.909988, -1.033047, 0.265776, -0.270125, -0.670340, 0.691142, 0.835315, -0.520151, -0.178022, 0.478833, 0.529233, 0.700451),
      ["LeftUpperLeg"] = CFrame.new(-0.298880, 0.607334, -0.943788, 0.940744, 0.247730, 0.231582, -0.116540, 0.877476, -0.465247, -0.318463, 0.410690, 0.854351),
      ["LowerTorso"] = CFrame.new(0.000000, -1.668058, 0.075199, 1.000000, 0.000000, 0.000000, 0.000000, 0.971165, -0.238410, 0.000000, 0.238410, 0.971165),
      ["RightUpperArm"] = CFrame.new(-0.039896, -0.476849, -0.094553, 0.696262, 0.715449, -0.057887, -0.681127, 0.633106, -0.367753, -0.226460, 0.295481, 0.928120),
      ["RightUpperLeg"] = CFrame.new(0.313352, 0.656794, -0.947434, 0.946331, -0.233835, -0.223111, 0.111370, 0.883972, -0.454082, 0.303404, 0.404864, 0.862572),
      ["рҹҢ§пёҸрҹҳірҹ‘»рҹҸіпёҸвҖҚрҹҢҲрҹҳӮрҹ’һрҹҸҙвҖҚвҳ пёҸрҹҺёрҹҢ§пёҸрҹҳірҹ‘»рҹҸіпёҸвҖҚрҹҢҲрҹҳӮрҹ’һрҹҸҙвҖҚвҳ"] = CFrame.new(0.000000, -0.000000, 0.000000, 0.975429, 0.220293, 0.003132, -0.220315, 0.975338, 0.013287, -0.000128, -0.013651, 0.999907)
    }},
    { Time = 0.367, Data = {
      ["Head"] = CFrame.new(0.000000, 0.000000, 0.000000, 1.000000, -0.000000, 0.000000, 0.000000, 0.894195, 0.447677, -0.000000, -0.447677, 0.894195),
      ["LeftUpperArm"] = CFrame.new(-0.909306, -1.032159, 0.264214, -0.268074, -0.671754, 0.690567, 0.834155, -0.520469, -0.182475, 0.481997, 0.527123, 0.699872),
      ["LeftUpperLeg"] = CFrame.new(-0.298871, 0.607346, -0.943768, 0.940761, 0.247607, 0.231647, -0.116516, 0.877650, -0.464924, -0.318424, 0.410392, 0.854509),
      ["LowerTorso"] = CFrame.new(0.000000, -1.668181, 0.074608, 1.000000, 0.000000, 0.000000, 0.000000, 0.971019, -0.239001, 0.000000, 0.239001, 0.971019),
      ["RightUpperArm"] = CFrame.new(-0.035865, -0.475213, -0.093695, 0.692345, 0.719114, -0.059435, -0.685324, 0.629560, -0.366040, -0.225807, 0.294158, 0.928699),
      ["RightUpperLeg"] = CFrame.new(0.313352, 0.656767, -0.947424, 0.946331, -0.233794, -0.223153, 0.111424, 0.884126, -0.453768, 0.303384, 0.404550, 0.862727),
      ["рҹҢ§пёҸрҹҳірҹ‘»рҹҸіпёҸвҖҚрҹҢҲрҹҳӮрҹ’һрҹҸҙвҖҚвҳ пёҸрҹҺёрҹҢ§пёҸрҹҳірҹ‘»рҹҸіпёҸвҖҚрҹҢҲрҹҳӮрҹ’һрҹҸҙвҖҚвҳ"] = CFrame.new(-0.000000, -0.000000, 0.000000, 0.974443, 0.224612, 0.003181, -0.224634, 0.974350, 0.013452, -0.000078, -0.013822, 0.999904)
    }},
    { Time = 0.383, Data = {
      ["Head"] = CFrame.new(0.000000, -0.000000, 0.000000, 1.000000, -0.000000, 0.000000, 0.000000, 0.893599, 0.448866, -0.000000, -0.448866, 0.893599),
      ["LeftUpperArm"] = CFrame.new(-0.908697, -1.031345, 0.262851, -0.266149, -0.673000, 0.690099, 0.833160, -0.520659, -0.186436, 0.484778, 0.525343, 0.699289),
      ["LeftUpperLeg"] = CFrame.new(-0.298884, 0.607328, -0.943798, 0.940736, 0.247583, 0.231773, -0.116552, 0.877808, -0.464617, -0.318484, 0.410069, 0.854641),
      ["LowerTorso"] = CFrame.new(0.000000, -1.668331, 0.074101, 1.000000, 0.000000, 0.000000, 0.000000, 0.970894, -0.239508, 0.000000, 0.239508, 0.970894),
      ["RightUpperArm"] = CFrame.new(-0.032190, -0.473735, -0.092928, 0.688723, 0.722474, -0.060767, -0.689142, 0.626292, -0.364476, -0.225266, 0.292900, 0.929228),
      ["RightUpperLeg"] = CFrame.new(0.313344, 0.656774, -0.947402, 0.946347, -0.233662, -0.223226, 0.111410, 0.884334, -0.453366, 0.303341, 0.404172, 0.862919),
      ["рҹҢ§пёҸрҹҳірҹ‘»рҹҸіпёҸвҖҚрҹҢҲрҹҳӮрҹ’һрҹҸҙвҖҚвҳ пёҸрҹҺёрҹҢ§пёҸрҹҳірҹ‘»рҹҸіпёҸвҖҚрҹҢҲрҹҳӮрҹ’һрҹҸҙвҖҚвҳ"] = CFrame.new(-0.000000, -0.000000, -0.000000, 0.973537, 0.228504, 0.003314, -0.228528, 0.973442, 0.013607, -0.000116, -0.014004, 0.999902)
    }},
    { Time = 0.400, Data = {
      ["Head"] = CFrame.new(0.000000, 0.000000, 0.000000, 1.000000, -0.000000, 0.000000, 0.000000, 0.893081, 0.449897, -0.000000, -0.449897, 0.893081),
      ["LeftUpperArm"] = CFrame.new(-0.908179, -1.030641, 0.261638, -0.264494, -0.674139, 0.689622, 0.832248, -0.520845, -0.189955, 0.487243, 0.523695, 0.698812),
      ["LeftUpperLeg"] = CFrame.new(-0.298875, 0.607340, -0.943779, 0.940752, 0.247460, 0.231838, -0.116528, 0.877981, -0.464295, -0.318444, 0.409771, 0.854799),
      ["LowerTorso"] = CFrame.new(0.000000, -1.668465, 0.073510, 1.000000, 0.000000, 0.000000, 0.000000, 0.970748, -0.240099, 0.000000, 0.240099, 0.970748),
      ["RightUpperArm"] = CFrame.new(-0.028927, -0.472429, -0.092225, 0.685485, 0.725437, -0.062058, -0.692545, 0.623346, -0.363073, -0.224703, 0.291859, 0.929692),
      ["RightUpperLeg"] = CFrame.new(0.313348, 0.656798, -0.947424, 0.946339, -0.233558, -0.223370, 0.111362, 0.884504, -0.453047, 0.303384, 0.403861, 0.863050),
      ["рҹҢ§пёҸрҹҳірҹ‘»рҹҸіпёҸвҖҚрҹҢҲрҹҳӮрҹ’һрҹҸҙвҖҚвҳ пёҸрҹҺёрҹҢ§пёҸрҹҳірҹ‘»рҹҸіпёҸвҖҚрҹҢҲрҹҳӮрҹ’һрҹҸҙвҖҚвҳ"] = CFrame.new(-0.000000, -0.000000, 0.000000, 0.972737, 0.231886, 0.003347, -0.231910, 0.972641, 0.013687, -0.000082, -0.014090, 0.999901)
    }},
    { Time = 0.417, Data = {
      ["Head"] = CFrame.new(0.000000, 0.000000, 0.000000, 1.000000, -0.000000, 0.000000, 0.000000, 0.892641, 0.450768, -0.000000, -0.450768, 0.892641),
      ["LeftUpperArm"] = CFrame.new(-0.907735, -1.030040, 0.260610, -0.263114, -0.675095, 0.689215, 0.831477, -0.520996, -0.192898, 0.489303, 0.522312, 0.698407),
      ["LeftUpperLeg"] = CFrame.new(-0.298880, 0.607363, -0.943799, 0.940744, 0.247354, 0.231985, -0.116482, 0.878155, -0.463978, -0.318486, 0.409462, 0.854931),
      ["LowerTorso"] = CFrame.new(0.000000, -1.668604, 0.072919, 1.000000, 0.000000, 0.000000, 0.000000, 0.970602, -0.240690, 0.000000, 0.240690, 0.970602),
      ["RightUpperArm"] = CFrame.new(-0.026110, -0.471290, -0.091631, 0.682692, 0.727977, -0.063102, -0.695453, 0.620827, -0.361828, -0.224227, 0.290901, 0.930107),
      ["RightUpperLeg"] = CFrame.new(0.313348, 0.656771, -0.947414, 0.946339, -0.233518, -0.223412, 0.111416, 0.884658, -0.452733, 0.303364, 0.403547, 0.863203),
      ["рҹҢ§пёҸрҹҳірҹ‘»рҹҸіпёҸвҖҚрҹҢҲрҹҳӮрҹ’һрҹҸҙвҖҚвҳ пёҸрҹҺёрҹҢ§пёҸрҹҳірҹ‘»рҹҸіпёҸвҖҚрҹҢҲрҹҳӮрҹ’һрҹҸҙвҖҚвҳ"] = CFrame.new(-0.000000, -0.000000, 0.000000, 0.972068, 0.234675, 0.003377, -0.234700, 0.971970, 0.013768, -0.000052, -0.014176, 0.999900)
    }},
    { Time = 0.433, Data = {
      ["Head"] = CFrame.new(0.000000, -0.000000, 0.000000, 1.000000, -0.000000, 0.000000, 0.000000, 0.892281, 0.451481, -0.000000, -0.451481, 0.892281),
      ["LeftUpperArm"] = CFrame.new(-0.907367, -1.029543, 0.259770, -0.262009, -0.675868, 0.688879, 0.830850, -0.521115, -0.195266, 0.490959, 0.521194, 0.698081),
      ["LeftUpperLeg"] = CFrame.new(-0.298880, 0.607334, -0.943789, 0.940744, 0.247313, 0.232029, -0.116540, 0.878313, -0.463665, -0.318465, 0.409150, 0.855089),
      ["LowerTorso"] = CFrame.new(0.000000, -1.668746, 0.072328, 1.000000, 0.000000, 0.000000, 0.000000, 0.970455, -0.241281, 0.000000, 0.241281, 0.970455),
      ["RightUpperArm"] = CFrame.new(-0.023745, -0.470364, -0.091140, 0.680281, 0.730156, -0.063953, -0.697920, 0.618644, -0.360814, -0.223886, 0.290089, 0.930443),
      ["RightUpperLeg"] = CFrame.new(0.313352, 0.656795, -0.947435, 0.946330, -0.233414, -0.223555, 0.111368, 0.884827, -0.452414, 0.303407, 0.403236, 0.863334),
      ["рҹҢ§пёҸрҹҳірҹ‘»рҹҸіпёҸвҖҚрҹҢҲрҹҳӮрҹ’һрҹҸҙвҖҚвҳ пёҸрҹҺёрҹҢ§пёҸрҹҳірҹ‘»рҹҸіпёҸвҖҚрҹҢҲрҹҳӮрҹ’һрҹҸҙвҖҚвҳ"] = CFrame.new(-0.000000, -0.000000, 0.000000, 0.971494, 0.237041, 0.003404, -0.237065, 0.971395, 0.013849, -0.000024, -0.014261, 0.999898)
    }},
    { Time = 0.450, Data = {
      ["Head"] = CFrame.new(0.000000, -0.000000, 0.000000, 1.000000, -0.000000, 0.000000, 0.000000, 0.892000, 0.452035, -0.000000, -0.452035, 0.892000),
      ["LeftUpperArm"] = CFrame.new(-0.907078, -1.029161, 0.259111, -0.261114, -0.676466, 0.688632, 0.830332, -0.521223, -0.197171, 0.492310, 0.520309, 0.697790),
      ["LeftUpperLeg"] = CFrame.new(-0.298884, 0.607350, -0.943807, 0.940735, 0.247197, 0.232187, -0.116508, 0.878525, -0.463270, -0.318501, 0.408763, 0.855260),
      ["LowerTorso"] = CFrame.new(0.000000, -1.668891, 0.071737, 1.000000, 0.000000, 0.000000, 0.000000, 0.970308, -0.241871, 0.000000, 0.241871, 0.970308),
      ["RightUpperArm"] = CFrame.new(-0.021904, -0.469609, -0.090741, 0.678472, 0.731777, -0.064639, -0.699782, 0.617008, -0.360008, -0.223563, 0.289488, 0.930707),
      ["RightUpperLeg"] = CFrame.new(0.313352, 0.656761, -0.947423, 0.946330, -0.233363, -0.223607, 0.111436, 0.885019, -0.452021, 0.303382, 0.402843, 0.863526),
      ["рҹҢ§пёҸрҹҳірҹ‘»рҹҸіпёҸвҖҚрҹҢҲрҹҳӮрҹ’һрҹҸҙвҖҚвҳ пёҸрҹҺёрҹҢ§пёҸрҹҳірҹ‘»рҹҸіпёҸвҖҚрҹҢҲрҹҳӮрҹ’һрҹҸҙвҖҚвҳ"] = CFrame.new(-0.000000, -0.000000, -0.000000, 0.971039, 0.238898, 0.003428, -0.238923, 0.970939, 0.013932, 0.000000, -0.014347, 0.999897)
    }},
    { Time = 0.467, Data = {
      ["Head"] = CFrame.new(0.000000, 0.000000, 0.000000, 1.000000, -0.000000, 0.000000, 0.000000, 0.891759, 0.452510, -0.000000, -0.452510, 0.891759),
      ["LeftUpperArm"] = CFrame.new(-0.906868, -1.028887, 0.258642, -0.260495, -0.676881, 0.688458, 0.829963, -0.521304, -0.198500, 0.493257, 0.519687, 0.697584),
      ["LeftUpperLeg"] = CFrame.new(-0.298884, 0.607321, -0.943797, 0.940735, 0.247155, 0.232231, -0.116566, 0.878682, -0.462957, -0.318480, 0.408450, 0.855417),
      ["LowerTorso"] = CFrame.new(0.000000, -1.669038, 0.071147, 1.000000, 0.000000, 0.000000, 0.000000, 0.970161, -0.242462, 0.000000, 0.242462, 0.970161),
      ["RightUpperArm"] = CFrame.new(-0.020569, -0.469075, -0.090448, 0.677133, 0.732967, -0.065195, -0.701166, 0.615787, -0.359405, -0.223286, 0.289078, 0.930901),
      ["RightUpperLeg"] = CFrame.new(0.313344, 0.656775, -0.947404, 0.946346, -0.233241, -0.223670, 0.111409, 0.885188, -0.451697, 0.303344, 0.402543, 0.863679),
      ["рҹҢ§пёҸрҹҳірҹ‘»рҹҸіпёҸвҖҚрҹҢҲрҹҳӮрҹ’һрҹҸҙвҖҚвҳ пёҸрҹҺёрҹҢ§пёҸрҹҳірҹ‘»рҹҸіпёҸвҖҚрҹҢҲрҹҳӮрҹ’һрҹҸҙвҖҚвҳ"] = CFrame.new(-0.000000, -0.000000, -0.000000, 0.970726, 0.240165, 0.003447, -0.240189, 0.970625, 0.014015, 0.000020, -0.014433, 0.999896)
    }},
    { Time = 0.483, Data = {
      ["Head"] = CFrame.new(0.000000, 0.000000, 0.000000, 1.000000, -0.000000, 0.000000, 0.000000, 0.891639, 0.452747, -0.000000, -0.452747, 0.891639),
      ["LeftUpperArm"] = CFrame.new(-0.906746, -1.028731, 0.258347, -0.260154, -0.677149, 0.688323, 0.829719, -0.521380, -0.199322, 0.493849, 0.519261, 0.697482),
      ["LeftUpperLeg"] = CFrame.new(-0.298876, 0.607326, -0.943774, 0.940752, 0.247021, 0.232308, -0.116556, 0.878895, -0.462557, -0.318435, 0.408074, 0.855614),
      ["LowerTorso"] = CFrame.new(0.000000, -1.669165, 0.070471, 1.000000, 0.000000, 0.000000, 0.000000, 0.969992, -0.243137, 0.000000, 0.243137, 0.969992),
      ["RightUpperArm"] = CFrame.new(-0.019745, -0.468769, -0.090281, 0.676251, 0.733756, -0.065468, -0.702041, 0.614983, -0.359074, -0.223211, 0.288786, 0.931010),
      ["RightUpperLeg"] = CFrame.new(0.313348, 0.656792, -0.947423, 0.946338, -0.233127, -0.223824, 0.111374, 0.885395, -0.451299, 0.303382, 0.402153, 0.863847),
      ["рҹҢ§пёҸрҹҳірҹ‘»рҹҸіпёҸвҖҚрҹҢҲрҹҳӮрҹ’һрҹҸҙвҖҚвҳ пёҸрҹҺёрҹҢ§пёҸрҹҳірҹ‘»рҹҸіпёҸвҖҚрҹҢҲрҹҳӮрҹ’һрҹҸҙвҖҚвҳ"] = CFrame.new(-0.000000, 0.000000, -0.000000, 0.970517, 0.241009, 0.003453, -0.241033, 0.970416, 0.014013, 0.000026, -0.014433, 0.999896)
    }},
    { Time = 0.500, Data = {
      ["Head"] = CFrame.new(0.000000, -0.000000, 0.000000, 1.000000, -0.000000, 0.000000, 0.000000, 0.891599, 0.452827, -0.000000, -0.452827, 0.891599),
      ["LeftUpperArm"] = CFrame.new(-0.906706, -1.028659, 0.258267, -0.260006, -0.677239, 0.688291, 0.829697, -0.521333, -0.199538, 0.493963, 0.519191, 0.697453),
      ["LeftUpperLeg"] = CFrame.new(-0.298880, 0.607349, -0.943795, 0.940743, 0.246915, 0.232454, -0.116510, 0.879068, -0.462239, -0.318477, 0.407765, 0.855746),
      ["LowerTorso"] = CFrame.new(0.000000, -1.669314, 0.069881, 1.000000, 0.000000, 0.000000, 0.000000, 0.969844, -0.243728, 0.000000, 0.243728, 0.969844),
      ["RightUpperArm"] = CFrame.new(-0.019475, -0.468660, -0.090222, 0.675982, 0.733994, -0.065579, -0.702317, 0.614738, -0.358953, -0.223155, 0.288704, 0.931049),
      ["RightUpperLeg"] = CFrame.new(0.313348, 0.656765, -0.947413, 0.946338, -0.233086, -0.223865, 0.111429, 0.885548, -0.450985, 0.303362, 0.401839, 0.864000),
      ["рҹҢ§пёҸрҹҳірҹ‘»рҹҸіпёҸвҖҚрҹҢҲрҹҳӮрҹ’һрҹҸҙвҖҚвҳ пёҸрҹҺёрҹҢ§пёҸрҹҳірҹ‘»рҹҸіпёҸвҖҚрҹҢҲрҹҳӮрҹ’һрҹҸҙвҖҚвҳ"] = CFrame.new(-0.000000, -0.000000, 0.000000, 0.970454, 0.241262, 0.003455, -0.241287, 0.970353, 0.014013, 0.000028, -0.014433, 0.999896)
    }},
    { Time = 0.517, Data = {
      ["Head"] = CFrame.new(0.000000, 0.000000, 0.000000, 1.000000, -0.000000, 0.000000, 0.000000, 0.891639, 0.452747, -0.000000, -0.452747, 0.891639),
      ["LeftUpperArm"] = CFrame.new(-0.906746, -1.028731, 0.258347, -0.260154, -0.677149, 0.688323, 0.829719, -0.521380, -0.199322, 0.493849, 0.519261, 0.697482),
      ["LeftUpperLeg"] = CFrame.new(-0.298880, 0.607320, -0.943784, 0.940743, 0.246874, 0.232498, -0.116568, 0.879225, -0.461926, -0.318456, 0.407452, 0.855902),
      ["LowerTorso"] = CFrame.new(0.000000, -1.669462, 0.069290, 1.000000, 0.000000, 0.000000, 0.000000, 0.969695, -0.244318, 0.000000, 0.244318, 0.969695),
      ["RightUpperArm"] = CFrame.new(-0.019744, -0.468769, -0.090282, 0.676251, 0.733756, -0.065468, -0.702041, 0.614983, -0.359074, -0.223211, 0.288786, 0.931010),
      ["RightUpperLeg"] = CFrame.new(0.313352, 0.656789, -0.947435, 0.946329, -0.232982, -0.224009, 0.111381, 0.885717, -0.450666, 0.303405, 0.401528, 0.864130),
      ["рҹҢ§пёҸрҹҳірҹ‘»рҹҸіпёҸвҖҚрҹҢҲрҹҳӮрҹ’һрҹҸҙвҖҚвҳ пёҸрҹҺёрҹҢ§пёҸрҹҳірҹ‘»рҹҸіпёҸвҖҚрҹҢҲрҹҳӮрҹ’һрҹҸҙвҖҚвҳ"] = CFrame.new(-0.000000, 0.000000, -0.000000, 0.970517, 0.241009, 0.003453, -0.241033, 0.970416, 0.014013, 0.000026, -0.014433, 0.999896)
    }},
    { Time = 0.533, Data = {
