return {
  ["Astros blowjob 5"] = {
    { Time = 0.000, Data = {
      ["Head"] = CFrame.new(0.000000, 0.000003, 0.000007, 0.999526, 0.002870, 0.030641, -0.009652, 0.974639, 0.223575, -0.029222, -0.223765, 0.974205),
      ["LeftUpperArm"] = CFrame.new(0.186268, -0.401591, -0.047586, 0.798299, -0.510102, 0.320178, 0.592919, 0.758929, -0.269211, -0.105668, 0.404750, 0.908301),
      ["LeftUpperLeg"] = CFrame.new(-0.140333, -0.283544, -0.582345, 0.955834, 0.050875, 0.289469, -0.293841, 0.144708, 0.944837, 0.006180, -0.988166, 0.153266),
      ["LowerTorso"] = CFrame.new(-0.000000, -1.473402, -1.568254, -1.000000, 0.000001, 0.000696, 0.000171, 0.969589, 0.244740, -0.000675, 0.244740, -0.969589),
      ["RightUpperArm"] = CFrame.new(-0.013523, -1.050575, -0.635270, 0.552886, 0.740377, 0.382308, 0.831923, -0.464523, -0.303517, -0.047126, 0.485861, -0.872765),
      ["RightUpperLeg"] = CFrame.new(0.147601, -0.263931, -0.582339, 0.962152, -0.047691, -0.268307, 0.272436, 0.145057, 0.951177, -0.006443, -0.988273, 0.152560),
      ["рҹҢ§пёҸрҹҳірҹ‘»рҹҸіпёҸвҖҚрҹҢҲрҹҳӮрҹ’һрҹҸҙвҖҚвҳ пёҸрҹҺёрҹҢ§пёҸрҹҳірҹ‘»рҹҸіпёҸвҖҚрҹҢҲрҹҳӮрҹ’һрҹҸҙвҖҚвҳ"] = CFrame.new(-0.000000, -0.000000, 0.000000, 0.993209, 0.106941, -0.045824, -0.106774, 0.994265, 0.006086, 0.046212, -0.001152, 0.998931)
    }},
    { Time = 0.017, Data = {
      ["Head"] = CFrame.new(0.000000, 0.000002, 0.000007, 0.999526, 0.003037, 0.030642, -0.009660, 0.975810, 0.218407, -0.029238, -0.218600, 0.975376),
      ["LeftUpperArm"] = CFrame.new(0.185947, -0.401786, -0.047624, 0.796898, -0.511323, 0.321717, 0.594554, 0.758185, -0.267694, -0.107043, 0.404603, 0.908206),
      ["LeftUpperLeg"] = CFrame.new(-0.140323, -0.283513, -0.582342, 0.955834, 0.050892, 0.289467, -0.293842, 0.144819, 0.944820, 0.006163, -0.988148, 0.153377),
      ["LowerTorso"] = CFrame.new(-0.000000, -1.473420, -1.568268, -1.000000, 0.000000, 0.000696, 0.000171, 0.969567, 0.244824, -0.000675, 0.244824, -0.969567),
      ["RightUpperArm"] = CFrame.new(-0.013525, -1.050577, -0.635304, 0.552903, 0.740421, 0.382198, 0.831910, -0.464563, -0.303492, -0.047156, 0.485756, -0.872822),
      ["RightUpperLeg"] = CFrame.new(0.147592, -0.263899, -0.582334, 0.962152, -0.047707, -0.268304, 0.272436, 0.145168, 0.951160, -0.006428, -0.988256, 0.152671),
      ["рҹҢ§пёҸрҹҳірҹ‘»рҹҸіпёҸвҖҚрҹҢҲрҹҳӮрҹ’һрҹҸҙвҖҚвҳ пёҸрҹҺёрҹҢ§пёҸрҹҳірҹ‘»рҹҸіпёҸвҖҚрҹҢҲрҹҳӮрҹ’һрҹҸҙвҖҚвҳ"] = CFrame.new(0.000000, -0.000000, 0.000000, 0.993591, 0.104357, -0.043429, -0.104207, 0.994539, 0.005728, 0.043789, -0.001166, 0.999040)
    }},
    { Time = 0.033, Data = {
      ["Head"] = CFrame.new(0.000000, 0.000002, 0.000007, 0.999525, 0.003203, 0.030644, -0.009669, 0.976953, 0.213234, -0.029254, -0.213430, 0.976520),
      ["LeftUpperArm"] = CFrame.new(0.185645, -0.401969, -0.047663, 0.795543, -0.512471, 0.323241, 0.596114, 0.757490, -0.266190, -0.108437, 0.404454, 0.908107),
      ["LeftUpperLeg"] = CFrame.new(-0.140294, -0.283418, -0.582314, 0.955834, 0.050908, 0.289464, -0.293842, 0.144930, 0.944803, 0.006146, -0.988131, 0.153488),
      ["LowerTorso"] = CFrame.new(0.000000, -1.473474, -1.568314, -1.000000, 0.000000, 0.000696, 0.000171, 0.969504, 0.245077, -0.000675, 0.245077, -0.969504),
      ["RightUpperArm"] = CFrame.new(-0.013556, -1.050604, -0.635384, 0.553000, 0.740452, 0.381997, 0.831850, -0.464763, -0.303349, -0.047077, 0.485517, -0.872959),
      ["RightUpperLeg"] = CFrame.new(0.147565, -0.263804, -0.582314, 0.962152, -0.047738, -0.268298, 0.272437, 0.145391, 0.951125, -0.006396, -0.988222, 0.152894),
      ["рҹҢ§пёҸрҹҳірҹ‘»рҹҸіпёҸвҖҚрҹҢҲрҹҳӮрҹ’һрҹҸҙвҖҚвҳ пёҸрҹҺёрҹҢ§пёҸрҹҳірҹ‘»рҹҸіпёҸвҖҚрҹҢҲрҹҳӮрҹ’һрҹҸҙвҖҚвҳ"] = CFrame.new(-0.000000, -0.000000, 0.000000, 0.993961, 0.101774, -0.041032, -0.101638, 0.994807, 0.005377, 0.041367, -0.001174, 0.999143)
    }},
    { Time = 0.050, Data = {
      ["Head"] = CFrame.new(0.000000, 0.000003, 0.000007, 0.999527, 0.003380, 0.030558, -0.009668, 0.978069, 0.208058, -0.029185, -0.208255, 0.977639),
      ["LeftUpperArm"] = CFrame.new(0.185324, -0.402166, -0.047701, 0.794131, -0.513690, 0.324775, 0.597743, 0.756739, -0.264667, -0.109813, 0.404312, 0.908005),
      ["LeftUpperLeg"] = CFrame.new(-0.140236, -0.283229, -0.582309, 0.955854, 0.050895, 0.289400, -0.293780, 0.145284, 0.944768, 0.006039, -0.988080, 0.153822),
      ["LowerTorso"] = CFrame.new(0.000000, -1.473584, -1.568305, -1.000000, 0.000000, 0.000696, 0.000171, 0.969418, 0.245414, -0.000675, 0.245414, -0.969418),
      ["RightUpperArm"] = CFrame.new(-0.013610, -1.050657, -0.635521, 0.553194, 0.740495, 0.381633, 0.831728, -0.465123, -0.303133, -0.046962, 0.485106, -0.873193),
      ["RightUpperLeg"] = CFrame.new(0.147511, -0.263614, -0.582307, 0.962171, -0.047720, -0.268236, 0.272375, 0.145743, 0.951089, -0.006293, -0.988171, 0.153228),
      ["рҹҢ§пёҸрҹҳірҹ‘»рҹҸіпёҸвҖҚрҹҢҲрҹҳӮрҹ’һрҹҸҙвҖҚвҳ пёҸрҹҺёрҹҢ§пёҸрҹҳірҹ‘»рҹҸіпёҸвҖҚрҹҢҲрҹҳӮрҹ’һрҹҸҙвҖҚвҳ"] = CFrame.new(-0.000000, 0.000000, 0.000000, 0.994310, 0.099274, -0.038639, -0.099156, 0.995060, 0.004947, 0.038940, -0.001087, 0.999241)
    }},
    { Time = 0.067, Data = {
      ["Head"] = CFrame.new(0.000000, 0.000003, 0.000007, 0.999527, 0.003545, 0.030558, -0.009678, 0.979139, 0.202961, -0.029201, -0.203161, 0.978710),
      ["LeftUpperArm"] = CFrame.new(0.185000, -0.402356, -0.047758, 0.792713, -0.514924, 0.326282, 0.599364, 0.756016, -0.263064, -0.111216, 0.404096, 0.907930),
      ["LeftUpperLeg"] = CFrame.new(-0.140168, -0.283010, -0.582268, 0.955854, 0.050978, 0.289386, -0.293781, 0.145839, 0.944682, 0.005954, -0.987994, 0.154377),
      ["LowerTorso"] = CFrame.new(0.000000, -1.473749, -1.568244, -1.000000, 0.000000, 0.000696, 0.000171, 0.969311, 0.245836, -0.000675, 0.245836, -0.969311),
      ["RightUpperArm"] = CFrame.new(-0.013674, -1.050714, -0.635715, 0.553405, 0.740601, 0.381122, 0.831595, -0.465563, -0.302823, -0.046834, 0.484523, -0.873524),
      ["RightUpperLeg"] = CFrame.new(0.147448, -0.263393, -0.582255, 0.962171, -0.047782, -0.268225, 0.272376, 0.146189, 0.951021, -0.006230, -0.988102, 0.153673),
      ["рҹҢ§пёҸрҹҳірҹ‘»рҹҸіпёҸвҖҚрҹҢҲрҹҳӮрҹ’һрҹҸҙвҖҚвҳ пёҸрҹҺёрҹҢ§пёҸрҹҳірҹ‘»рҹҸіпёҸвҖҚрҹҢҲрҹҳӮрҹ’һрҹҸҙвҖҚвҳ"] = CFrame.new(0.000000, 0.000000, 0.000000, 0.994651, 0.096689, -0.036327, -0.096585, 0.995314, 0.004611, 0.036603, -0.001078, 0.999329)
    }},
    { Time = 0.083, Data = {
      ["Head"] = CFrame.new(0.000000, 0.000002, 0.000007, 0.999526, 0.003710, 0.030557, -0.009687, 0.980182, 0.197860, -0.029218, -0.198063, 0.979754),
      ["LeftUpperArm"] = CFrame.new(0.184693, -0.402541, -0.047801, 0.791362, -0.516088, 0.327718, 0.600902, 0.755310, -0.261579, -0.112531, 0.403930, 0.907842),
      ["LeftUpperLeg"] = CFrame.new(-0.140072, -0.282697, -0.582232, 0.955874, 0.050998, 0.289317, -0.293720, 0.146414, 0.944612, 0.005813, -0.987908, 0.154932),
      ["LowerTorso"] = CFrame.new(0.000001, -1.473927, -1.568299, -1.000000, -0.000000, 0.000696, 0.000171, 0.969140, 0.246511, -0.000675, 0.246511, -0.969140),
      ["RightUpperArm"] = CFrame.new(-0.013760, -1.050797, -0.635968, 0.553712, 0.740718, 0.380448, 0.831400, -0.466162, -0.302438, -0.046671, 0.483768, -0.873952),
      ["RightUpperLeg"] = CFrame.new(0.147368, -0.263110, -0.582188, 0.962171, -0.047859, -0.268211, 0.272378, 0.146745, 0.950934, -0.006152, -0.988016, 0.154230),
      ["рҹҢ§пёҸрҹҳірҹ‘»рҹҸіпёҸвҖҚрҹҢҲрҹҳӮрҹ’һрҹҸҙвҖҚвҳ пёҸрҹҺёрҹҢ§пёҸрҹҳірҹ‘»рҹҸіпёҸвҖҚрҹҢҲрҹҳӮрҹ’һрҹҸҙвҖҚвҳ"] = CFrame.new(-0.000000, -0.000000, -0.000000, 0.994973, 0.094191, -0.034014, -0.094099, 0.995554, 0.004284, 0.034267, -0.001061, 0.999412)
    }},
    { Time = 0.100, Data = {
      ["Head"] = CFrame.new(0.000000, 0.000003, 0.000007, 0.999526, 0.003874, 0.030556, -0.009699, 0.981182, 0.192841, -0.029234, -0.193045, 0.980754),
      ["LeftUpperArm"] = CFrame.new(0.184396, -0.402736, -0.047817, 0.789985, -0.517218, 0.329256, 0.602454, 0.754570, -0.260140, -0.113898, 0.403868, 0.907699),
      ["LeftUpperLeg"] = CFrame.new(-0.139965, -0.282350, -0.582221, 0.955877, 0.050994, 0.289306, -0.293713, 0.147211, 0.944490, 0.005574, -0.987790, 0.155693),
      ["LowerTorso"] = CFrame.new(0.000001, -1.474159, -1.568306, -1.000000, -0.000000, 0.000696, 0.000172, 0.968947, 0.247269, -0.000674, 0.247269, -0.968947),
      ["RightUpperArm"] = CFrame.new(-0.013869, -1.050905, -0.636275, 0.554115, 0.740845, 0.379611, 0.831142, -0.466919, -0.301977, -0.046471, 0.482841, -0.874475),
      ["RightUpperLeg"] = CFrame.new(0.147262, -0.262733, -0.582141, 0.962189, -0.047903, -0.268137, 0.272317, 0.147542, 0.950829, -0.005986, -0.987895, 0.155008),
      ["рҹҢ§пёҸрҹҳірҹ‘»рҹҸіпёҸвҖҚрҹҢҲрҹҳӮрҹ’һрҹҸҙвҖҚвҳ пёҸрҹҺёрҹҢ§пёҸрҹҳірҹ‘»рҹҸіпёҸвҖҚрҹҢҲрҹҳӮрҹ’һрҹҸҙвҖҚвҳ"] = CFrame.new(-0.000000, -0.000000, 0.000000, 0.995275, 0.091778, -0.031700, -0.091698, 0.995779, 0.003963, 0.031930, -0.001038, 0.999490)
    }},
    { Time = 0.117, Data = {
      ["Head"] = CFrame.new(0.000000, 0.000003, 0.000007, 0.999525, 0.004037, 0.030554, -0.009711, 0.982140, 0.187902, -0.029250, -0.188110, 0.981712),
      ["LeftUpperArm"] = CFrame.new(0.184090, -0.402923, -0.047860, 0.788624, -0.518381, 0.330687, 0.603986, 0.753858, -0.258649, -0.115213, 0.403707, 0.907605),
      ["LeftUpperLeg"] = CFrame.new(-0.139841, -0.281948, -0.582136, 0.955877, 0.051127, 0.289283, -0.293715, 0.148099, 0.944351, 0.005440, -0.987650, 0.156581),
      ["LowerTorso"] = CFrame.new(0.000001, -1.474443, -1.568264, -1.000000, -0.000001, 0.000696, 0.000172, 0.968731, 0.248112, -0.000674, 0.248112, -0.968731),
      ["RightUpperArm"] = CFrame.new(-0.013987, -1.051018, -0.636640, 0.554536, 0.741035, 0.378626, 0.830873, -0.467754, -0.301422, -0.046260, 0.481740, -0.875092),
      ["RightUpperLeg"] = CFrame.new(0.147147, -0.262328, -0.582052, 0.962189, -0.048026, -0.268115, 0.272319, 0.148431, 0.950689, -0.005861, -0.987756, 0.155897),
      ["рҹҢ§пёҸрҹҳірҹ‘»рҹҸіпёҸвҖҚрҹҢҲрҹҳӮрҹ’һрҹҸҙвҖҚвҳ пёҸрҹҺёрҹҢ§пёҸрҹҳірҹ‘»рҹҸіпёҸвҖҚрҹҢҲрҹҳӮрҹ’һрҹҸҙвҖҚвҳ"] = CFrame.new(-0.000000, -0.000000, 0.000000, 0.995573, 0.089279, -0.029385, -0.089210, 0.996006, 0.003647, 0.029594, -0.001009, 0.999561)
    }},
    { Time = 0.133, Data = {
      ["Head"] = CFrame.new(0.000000, 0.000003, 0.000007, 0.999527, 0.004205, 0.030467, -0.009718, 0.983040, 0.183131, -0.029180, -0.183341, 0.982616),
      ["LeftUpperArm"] = CFrame.new(0.183798, -0.403097, -0.047909, 0.787330, -0.519490, 0.332026, 0.605431, 0.753195, -0.257199, -0.116468, 0.403519, 0.907528),
      ["LeftUpperLeg"] = CFrame.new(-0.139679, -0.281423, -0.582094, 0.955917, 0.051150, 0.289148, -0.293591, 0.149136, 0.944226, 0.005175, -0.987493, 0.157579),
      ["LowerTorso"] = CFrame.new(0.000001, -1.474755, -1.568261, -1.000000, -0.000001, 0.000696, 0.000172, 0.968472, 0.249124, -0.000674, 0.249124, -0.968471),
      ["RightUpperArm"] = CFrame.new(-0.014133, -1.051156, -0.637051, 0.555035, 0.741209, 0.377551, 0.830557, -0.468748, -0.300749, -0.045941, 0.480504, -0.875788),
      ["RightUpperLeg"] = CFrame.new(0.147007, -0.261832, -0.581976, 0.962207, -0.048100, -0.268036, 0.272259, 0.149450, 0.950547, -0.005664, -0.987599, 0.156897),
      ["рҹҢ§пёҸрҹҳірҹ‘»рҹҸіпёҸвҖҚрҹҢҲрҹҳӮрҹ’һрҹҸҙвҖҚвҳ пёҸрҹҺёрҹҢ§пёҸрҹҳірҹ‘»рҹҸіпёҸвҖҚрҹҢҲрҹҳӮрҹ’һрҹҸҙвҖҚвҳ"] = CFrame.new(0.000000, -0.000000, 0.000000, 0.995840, 0.086952, -0.027242, -0.086892, 0.996212, 0.003346, 0.027429, -0.000965, 0.999623)
    }},
    { Time = 0.150, Data = {
      ["Head"] = CFrame.new(0.000000, 0.000003, 0.000007, 0.999527, 0.004279, 0.030456, -0.009647, 0.983918, 0.178358, -0.029203, -0.178567, 0.983494),
      ["LeftUpperArm"] = CFrame.new(0.183511, -0.403281, -0.047938, 0.786032, -0.520583, 0.333386, 0.606878, 0.752498, -0.255824, -0.117695, 0.403411, 0.907418),
      ["LeftUpperLeg"] = CFrame.new(-0.139518, -0.280900, -0.582042, 0.955920, 0.051196, 0.289128, -0.293585, 0.150264, 0.944049, 0.004886, -0.987319, 0.158671),
      ["LowerTorso"] = CFrame.new(0.000002, -1.475095, -1.568301, -1.000000, -0.000001, 0.000696, 0.000173, 0.968167, 0.250303, -0.000674, 0.250303, -0.968168),
      ["RightUpperArm"] = CFrame.new(-0.014294, -1.051321, -0.637528, 0.555647, 0.741417, 0.376241, 0.830163, -0.469898, -0.300041, -0.045660, 0.479058, -0.876595),
      ["RightUpperLeg"] = CFrame.new(0.146850, -0.261278, -0.581886, 0.962226, -0.048190, -0.267954, 0.272198, 0.150579, 0.950386, -0.005451, -0.987423, 0.158008),
      ["рҹҢ§пёҸрҹҳірҹ‘»рҹҸіпёҸвҖҚрҹҢҲрҹҳӮрҹ’һрҹҸҙвҖҚвҳ пёҸрҹҺёрҹҢ§пёҸрҹҳірҹ‘»рҹҸіпёҸвҖҚрҹҢҲрҹҳӮрҹ’һрҹҸҙвҖҚвҳ"] = CFrame.new(-0.000000, -0.000000, 0.000000, 0.996099, 0.084624, -0.025011, -0.084574, 0.996413, 0.003047, 0.025179, -0.000920, 0.999683)
    }},
    { Time = 0.167, Data = {
      ["Head"] = CFrame.new(0.000000, 0.000003, 0.000007, 0.999526, 0.004436, 0.030454, -0.009665, 0.984742, 0.173750, -0.029218, -0.173962, 0.984319),
      ["LeftUpperArm"] = CFrame.new(0.183242, -0.403450, -0.047967, 0.784782, -0.521604, 0.334732, 0.608252, 0.751850, -0.254462, -0.118940, 0.403299, 0.907305),
      ["LeftUpperLeg"] = CFrame.new(-0.139331, -0.280293, -0.581945, 0.955940, 0.051314, 0.289042, -0.293525, 0.151502, 0.943870, 0.004644, -0.987124, 0.159889),
      ["LowerTorso"] = CFrame.new(0.000002, -1.475503, -1.568216, -1.000000, -0.000002, 0.000696, 0.000173, 0.967862, 0.251482, -0.000674, 0.251483, -0.967862),
      ["RightUpperArm"] = CFrame.new(-0.014474, -1.051480, -0.638035, 0.556259, 0.741641, 0.374893, 0.829772, -0.471086, -0.299263, -0.045339, 0.477543, -0.877438),
      ["RightUpperLeg"] = CFrame.new(0.146686, -0.260699, -0.581754, 0.962226, -0.048359, -0.267923, 0.272201, 0.151799, 0.950191, -0.005280, -0.987228, 0.159229),
      ["рҹҢ§пёҸрҹҳірҹ‘»рҹҸіпёҸвҖҚрҹҢҲрҹҳӮрҹ’һрҹҸҙвҖҚвҳ пёҸрҹҺёрҹҢ§пёҸрҹҳірҹ‘»рҹҸіпёҸвҖҚрҹҢҲрҹҳӮрҹ’һрҹҸҙвҖҚвҳ"] = CFrame.new(-0.000000, -0.000000, -0.000000, 0.996344, 0.082297, -0.022952, -0.082255, 0.996607, 0.002760, 0.023102, -0.000862, 0.999733)
    }},
    { Time = 0.183, Data = {
      ["Head"] = CFrame.new(0.000000, 0.000002, 0.000007, 0.999526, 0.004591, 0.030451, -0.009685, 0.985515, 0.169311, -0.029233, -0.169526, 0.985092),
      ["LeftUpperArm"] = CFrame.new(0.182974, -0.403621, -0.047996, 0.783528, -0.522625, 0.336076, 0.609622, 0.751200, -0.253098, -0.120185, 0.403189, 0.907190),
      ["LeftUpperLeg"] = CFrame.new(-0.139126, -0.279626, -0.581896, 0.955963, 0.051330, 0.288962, -0.293455, 0.152869, 0.943671, 0.004265, -0.986912, 0.161200),
      ["LowerTorso"] = CFrame.new(0.000003, -1.475912, -1.568264, -1.000000, -0.000002, 0.000696, 0.000174, 0.967489, 0.252914, -0.000674, 0.252914, -0.967489),
      ["RightUpperArm"] = CFrame.new(-0.014671, -1.051676, -0.638614, 0.556966, 0.741892, 0.373344, 0.829319, -0.472467, -0.298338, -0.044942, 0.475786, -0.878412),
      ["RightUpperLeg"] = CFrame.new(0.146498, -0.260033, -0.581638, 0.962244, -0.048479, -0.267836, 0.272141, 0.153148, 0.949992, -0.005036, -0.987013, 0.160559),
      ["рҹҢ§пёҸрҹҳірҹ‘»рҹҸіпёҸвҖҚрҹҢҲрҹҳӮрҹ’һрҹҸҙвҖҚвҳ пёҸрҹҺёрҹҢ§пёҸрҹҳірҹ‘»рҹҸіпёҸвҖҚрҹҢҲрҹҳӮрҹ’һрҹҸҙвҖҚвҳ"] = CFrame.new(0.000000, -0.000000, 0.000000, 0.996565, 0.080141, -0.020892, -0.080107, 0.996783, 0.002480, 0.021024, -0.000798, 0.999779)
    }},
    { Time = 0.200, Data = {
      ["Head"] = CFrame.new(0.000000, 0.000002, 0.000007, 0.999525, 0.004744, 0.030448, -0.009706, 0.986253, 0.164954, -0.029247, -0.165172, 0.985831),
      ["LeftUpperArm"] = CFrame.new(0.182715, -0.403779, -0.048039, 0.782365, -0.523611, 0.337250, 0.610896, 0.750600, -0.251804, -0.121292, 0.403027, 0.907115),
      ["LeftUpperLeg"] = CFrame.new(-0.138906, -0.278911, -0.581774, 0.955983, 0.051481, 0.288870, -0.293394, 0.154326, 0.943453, 0.003990, -0.986678, 0.162638),
      ["LowerTorso"] = CFrame.new(0.000003, -1.476362, -1.568279, -1.000000, -0.000003, 0.000696, 0.000174, 0.967091, 0.254430, -0.000674, 0.254430, -0.967091),
      ["RightUpperArm"] = CFrame.new(-0.014898, -1.051888, -0.639222, 0.557751, 0.742106, 0.371744, 0.828816, -0.473963, -0.297361, -0.044481, 0.473960, -0.879422),
      ["RightUpperLeg"] = CFrame.new(0.146294, -0.259313, -0.581509, 0.962263, -0.048614, -0.267745, 0.272081, 0.154607, 0.949773, -0.004778, -0.986779, 0.161999),
      ["рҹҢ§пёҸрҹҳірҹ‘»рҹҸіпёҸвҖҚрҹҢҲрҹҳӮрҹ’һрҹҸҙвҖҚвҳ пёҸрҹҺёрҹҢ§пёҸрҹҳірҹ‘»рҹҸіпёҸвҖҚрҹҢҲрҹҳӮрҹ’һрҹҸҙвҖҚвҳ"] = CFrame.new(0.000000, -0.000000, 0.000000, 0.996775, 0.077986, -0.018918, -0.077958, 0.996954, 0.002207, 0.019033, -0.000725, 0.999819)
    }},
    { Time = 0.217, Data = {
      ["Head"] = CFrame.new(0.000000, 0.000003, 0.000007, 0.999528, 0.004816, 0.030352, -0.009637, 0.986945, 0.160768, -0.029181, -0.160985, 0.986525),
      ["LeftUpperArm"] = CFrame.new(0.182459, -0.403945, -0.048060, 0.781198, -0.524580, 0.338445, 0.612172, 0.749968, -0.250585, -0.122371, 0.402943, 0.907007),
      ["LeftUpperLeg"] = CFrame.new(-0.138669, -0.278140, -0.581711, 0.956006, 0.051545, 0.288782, -0.293324, 0.156023, 0.943196, 0.003561, -0.986408, 0.164278),
      ["LowerTorso"] = CFrame.new(0.000004, -1.476850, -1.568264, -1.000000, -0.000004, 0.000696, 0.000175, 0.966669, 0.256029, -0.000674, 0.256029, -0.966669),
      ["RightUpperArm"] = CFrame.new(-0.015131, -1.052095, -0.639877, 0.558568, 0.742382, 0.369960, 0.828284, -0.475494, -0.296396, -0.044125, 0.471989, -0.880499),
      ["RightUpperLeg"] = CFrame.new(0.146076, -0.258542, -0.581369, 0.962281, -0.048765, -0.267652, 0.272021, 0.156175, 0.949534, -0.004503, -0.986525, 0.163549),
      ["рҹҢ§пёҸрҹҳірҹ‘»рҹҸіпёҸвҖҚрҹҢҲрҹҳӮрҹ’һрҹҸҙвҖҚвҳ пёҸрҹҺёрҹҢ§пёҸрҹҳірҹ‘»рҹҸіпёҸвҖҚрҹҢҲрҹҳӮрҹ’һрҹҸҙвҖҚвҳ"] = CFrame.new(0.000000, -0.000000, 0.000000, 0.996969, 0.075918, -0.017026, -0.075894, 0.997114, 0.002029, 0.017131, -0.000731, 0.999853)
    }},
    { Time = 0.233, Data = {
      ["Head"] = CFrame.new(0.000000, 0.000003, 0.000007, 0.999527, 0.004962, 0.030349, -0.009665, 0.987578, 0.156834, -0.029194, -0.157054, 0.987158),
      ["LeftUpperArm"] = CFrame.new(0.182224, -0.404098, -0.048083, 0.780081, -0.525478, 0.339627, 0.613376, 0.749386, -0.249381, -0.123468, 0.402856, 0.906897),
      ["LeftUpperLeg"] = CFrame.new(-0.138409, -0.277293, -0.581596, 0.956046, 0.051666, 0.288630, -0.293200, 0.157717, 0.942952, 0.003197, -0.986132, 0.165933),
      ["LowerTorso"] = CFrame.new(0.000005, -1.477375, -1.568226, -1.000000, -0.000004, 0.000696, 0.000175, 0.966222, 0.257711, -0.000674, 0.257711, -0.966222),
      ["RightUpperArm"] = CFrame.new(-0.015370, -1.052319, -0.640598, 0.559384, 0.742711, 0.368064, 0.827759, -0.477137, -0.295222, -0.043648, 0.469810, -0.881688),
      ["RightUpperLeg"] = CFrame.new(0.145844, -0.257721, -0.581217, 0.962299, -0.048930, -0.267556, 0.271961, 0.157852, 0.949274, -0.004214, -0.986250, 0.165208),
      ["рҹҢ§пёҸрҹҳірҹ‘»рҹҸіпёҸвҖҚрҹҢҲрҹҳӮрҹ’һрҹҸҙвҖҚвҳ пёҸрҹҺёрҹҢ§пёҸрҹҳірҹ‘»рҹҸіпёҸвҖҚрҹҢҲрҹҳӮрҹ’һрҹҸҙвҖҚвҳ"] = CFrame.new(0.000000, -0.000000, 0.000000, 0.997141, 0.074021, -0.015223, -0.074002, 0.997257, 0.001773, 0.015313, -0.000642, 0.999883)
    }},
    { Time = 0.250, Data = {
      ["Head"] = CFrame.new(0.000000, 0.000002, 0.000007, 0.999526, 0.005108, 0.030346, -0.009694, 0.988181, 0.152984, -0.029206, -0.153206, 0.987763),
      ["LeftUpperArm"] = CFrame.new(0.182001, -0.404237, -0.048114, 0.779035, -0.526323, 0.340717, 0.614494, 0.748855, -0.248219, -0.124505, 0.402740, 0.906807),
      ["LeftUpperLeg"] = CFrame.new(-0.138142, -0.276426, -0.581505, 0.956069, 0.051746, 0.288539, -0.293129, 0.159521, 0.942671, 0.002752, -0.985838, 0.167681),
      ["LowerTorso"] = CFrame.new(0.000005, -1.477931, -1.568168, -1.000000, -0.000005, 0.000696, 0.000176, 0.965749, 0.259478, -0.000673, 0.259478, -0.965749),
      ["RightUpperArm"] = CFrame.new(-0.015658, -1.052571, -0.641325, 0.560357, 0.742929, 0.366138, 0.827128, -0.478933, -0.294080, -0.043125, 0.467633, -0.882870),
      ["RightUpperLeg"] = CFrame.new(0.145599, -0.256853, -0.581056, 0.962317, -0.049111, -0.267457, 0.271900, 0.159637, 0.948992, -0.003909, -0.985953, 0.166975),
      ["рҹҢ§пёҸрҹҳірҹ‘»рҹҸіпёҸвҖҚрҹҢҲрҹҳӮрҹ’һрҹҸҙвҖҚвҳ пёҸрҹҺёрҹҢ§пёҸрҹҳірҹ‘»рҹҸіпёҸвҖҚрҹҢҲрҹҳӮрҹ’һрҹҸҙвҖҚвҳ"] = CFrame.new(-0.000000, -0.000000, -0.000000, 0.997305, 0.072124, -0.013420, -0.072110, 0.997396, 0.001521, 0.013495, -0.000549, 0.999909)
    }},
    { Time = 0.267, Data = {
      ["Head"] = CFrame.new(0.000000, 0.000002, 0.000007, 0.999526, 0.005163, 0.030336, -0.009641, 0.988731, 0.149391, -0.029223, -0.149612, 0.988313),
      ["LeftUpperArm"] = CFrame.new(0.181779, -0.404385, -0.048130, 0.778008, -0.527171, 0.341752, 0.615605, 0.748292, -0.247161, -0.125434, 0.402678, 0.906707),
      ["LeftUpperLeg"] = CFrame.new(-0.137853, -0.275486, -0.581372, 0.956108, 0.051898, 0.288381, -0.293004, 0.161432, 0.942384, 0.002355, -0.985518, 0.169553),
      ["LowerTorso"] = CFrame.new(0.000006, -1.478495, -1.568180, -1.000000, -0.000005, 0.000696, 0.000177, 0.965228, 0.261411, -0.000673, 0.261411, -0.965227),
      ["RightUpperArm"] = CFrame.new(-0.015925, -1.052818, -0.642136, 0.561282, 0.743296, 0.363969, 0.826525, -0.480759, -0.292793, -0.042651, 0.465169, -0.884194),
      ["RightUpperLeg"] = CFrame.new(0.145341, -0.255940, -0.580885, 0.962336, -0.049306, -0.267355, 0.271840, 0.161531, 0.948689, -0.003590, -0.985635, 0.168851),
      ["рҹҢ§пёҸрҹҳірҹ‘»рҹҸіпёҸвҖҚрҹҢҲрҹҳӮрҹ’һрҹҸҙвҖҚвҳ пёҸрҹҺёрҹҢ§пёҸрҹҳірҹ‘»рҹҸіпёҸвҖҚрҹҢҲрҹҳӮрҹ’һрҹҸҙвҖҚвҳ"] = CFrame.new(0.000000, -0.000000, 0.000000, 0.997455, 0.070313, -0.011785, -0.070302, 0.997525, 0.001365, 0.011852, -0.000533, 0.999930)
    }},
    { Time = 0.283, Data = {
      ["Head"] = CFrame.new(0.000000, 0.000003, 0.000007, 0.999526, 0.005301, 0.030334, -0.009677, 0.989242, 0.145965, -0.029234, -0.146190, 0.988825),
      ["LeftUpperArm"] = CFrame.new(0.181565, -0.404512, -0.048175, 0.777053, -0.527981, 0.342671, 0.616626, 0.747811, -0.246070, -0.126333, 0.402509, 0.906657),
      ["LeftUpperLeg"] = CFrame.new(-0.137560, -0.274531, -0.581264, 0.956131, 0.052011, 0.288284, -0.292932, 0.163451, 0.942059, 0.001877, -0.985179, 0.171516),
      ["LowerTorso"] = CFrame.new(0.000007, -1.479084, -1.568182, -1.000000, -0.000006, 0.000696, 0.000177, 0.964679, 0.263428, -0.000673, 0.263428, -0.964679),
      ["RightUpperArm"] = CFrame.new(-0.016240, -1.053095, -0.642955, 0.562363, 0.743553, 0.361771, 0.825817, -0.482736, -0.291537, -0.042134, 0.462706, -0.885511),
      ["RightUpperLeg"] = CFrame.new(0.145071, -0.254984, -0.580706, 0.962354, -0.049516, -0.267250, 0.271779, 0.163533, 0.948363, -0.003255, -0.985294, 0.170834),
      ["рҹҢ§пёҸрҹҳірҹ‘»рҹҸіпёҸвҖҚрҹҢҲрҹҳӮрҹ’һрҹҸҙвҖҚвҳ пёҸрҹҺёрҹҢ§пёҸрҹҳірҹ‘»рҹҸіпёҸвҖҚрҹҢҲрҹҳӮрҹ’һрҹҸҙвҖҚвҳ"] = CFrame.new(0.000000, -0.000000, 0.000000, 0.997587, 0.068675, -0.010239, -0.068667, 0.997639, 0.001129, 0.010293, -0.000424, 0.999947)
    }},
    { Time = 0.300, Data = {
      ["Head"] = CFrame.new(0.000000, 0.000003, 0.000007, 0.999525, 0.005437, 0.030331, -0.009715, 0.989717, 0.142710, -0.029243, -0.142937, 0.989300),
      ["LeftUpperArm"] = CFrame.new(0.181379, -0.404640, -0.048180, 0.776150, -0.528689, 0.343627, 0.617586, 0.747322, -0.245147, -0.127193, 0.402490, 0.906545),
      ["LeftUpperLeg"] = CFrame.new(-0.137255, -0.273536, -0.581148, 0.956154, 0.052139, 0.288185, -0.292860, 0.165577, 0.941710, 0.001383, -0.984818, 0.173587),
      ["LowerTorso"] = CFrame.new(0.000007, -1.479695, -1.568180, -1.000000, -0.000007, 0.000696, 0.000178, 0.964103, 0.265528, -0.000673, 0.265528, -0.964103),
      ["RightUpperArm"] = CFrame.new(-0.016549, -1.053358, -0.643820, 0.563363, 0.743891, 0.359512, 0.825164, -0.484702, -0.290119, -0.041561, 0.460099, -0.886894),
      ["RightUpperLeg"] = CFrame.new(0.144780, -0.253956, -0.580547, 0.962391, -0.049677, -0.267089, 0.271654, 0.165661, 0.948030, -0.002849, -0.984931, 0.172926),
      ["рҹҢ§пёҸрҹҳірҹ‘»рҹҸіпёҸвҖҚрҹҢҲрҹҳӮрҹ’һрҹҸҙвҖҚвҳ пёҸрҹҺёрҹҢ§пёҸрҹҳірҹ‘»рҹҸіпёҸвҖҚрҹҢҲрҹҳӮрҹ’һрҹҸҙвҖҚвҳ"] = CFrame.new(0.000000, -0.000000, 0.000000, 0.997706, 0.067123, -0.008777, -0.067117, 0.997745, 0.000986, 0.008823, -0.000395, 0.999961)
    }},
    { Time = 0.317, Data = {
      ["Head"] = CFrame.new(0.000000, 0.000002, 0.000007, 0.999528, 0.005489, 0.030237, -0.009664, 0.990145, 0.139712, -0.029172, -0.139939, 0.989730),
      ["LeftUpperArm"] = CFrame.new(0.181207, -0.404755, -0.048193, 0.775320, -0.529343, 0.344492, 0.618463, 0.746884, -0.244268, -0.127994, 0.402442, 0.906454),
      ["LeftUpperLeg"] = CFrame.new(-0.136929, -0.272476, -0.580986, 0.956194, 0.052323, 0.288021, -0.292733, 0.167700, 0.941374, 0.000954, -0.984449, 0.175671),
      ["LowerTorso"] = CFrame.new(0.000008, -1.480324, -1.568180, -1.000000, -0.000008, 0.000696, 0.000179, 0.963499, 0.267711, -0.000673, 0.267711, -0.963499),
      ["RightUpperArm"] = CFrame.new(-0.016873, -1.053649, -0.644737, 0.564456, 0.744228, 0.357092, 0.824447, -0.486814, -0.288617, -0.040959, 0.457314, -0.888361),
      ["RightUpperLeg"] = CFrame.new(0.144488, -0.252922, -0.580347, 0.962409, -0.049901, -0.266981, 0.271593, 0.167768, 0.947677, -0.002499, -0.984563, 0.175014),
      ["рҹҢ§пёҸрҹҳірҹ‘»рҹҸіпёҸвҖҚрҹҢҲрҹҳӮрҹ’һрҹҸҙвҖҚвҳ пёҸрҹҺёрҹҢ§пёҸрҹҳірҹ‘»рҹҸіпёҸвҖҚрҹҢҲрҹҳӮрҹ’һрҹҸҙвҖҚвҳ"] = CFrame.new(-0.000000, -0.000000, -0.000000, 0.997815, 0.065657, -0.007400, -0.065653, 0.997842, 0.000848, 0.007439, -0.000360, 0.999972)
    }},
    { Time = 0.333, Data = {
      ["Head"] = CFrame.new(0.000000, 0.000002, 0.000007, 0.999527, 0.005617, 0.030235, -0.009710, 0.990528, 0.136969, -0.029179, -0.137198, 0.990114),
      ["LeftUpperArm"] = CFrame.new(0.181049, -0.404856, -0.048213, 0.774564, -0.529946, 0.345266, 0.619256, 0.746500, -0.243434, -0.128734, 0.402363, 0.906384),
      ["LeftUpperLeg"] = CFrame.new(-0.136592, -0.271377, -0.580880, 0.956236, 0.052402, 0.287865, -0.292596, 0.169950, 0.941013, 0.000389, -0.984058, 0.177846),
      ["LowerTorso"] = CFrame.new(0.000009, -1.480990, -1.568102, -1.000000, -0.000009, 0.000696, 0.000180, 0.962890, 0.269893, -0.000672, 0.269893, -0.962890),
      ["RightUpperArm"] = CFrame.new(-0.017222, -1.053949, -0.645673, 0.565641, 0.744527, 0.354584, 0.823661, -0.488997, -0.287167, -0.040413, 0.454490, -0.889835),
      ["RightUpperLeg"] = CFrame.new(0.144187, -0.251853, -0.580141, 0.962427, -0.050140, -0.266870, 0.271531, 0.169982, 0.947300, -0.002134, -0.984171, 0.177210),
      ["рҹҢ§пёҸрҹҳірҹ‘»рҹҸіпёҸвҖҚрҹҢҲрҹҳӮрҹ’һрҹҸҙвҖҚвҳ пёҸрҹҺёрҹҢ§пёҸрҹҳірҹ‘»рҹҸіпёҸвҖҚрҹҢҲрҹҳӮрҹ’һрҹҸҙвҖҚвҳ"] = CFrame.new(0.000000, -0.000000, 0.000000, 0.997913, 0.064278, -0.006109, -0.064275, 0.997932, 0.000715, 0.006142, -0.000321, 0.999981)
    }},
    { Time = 0.350, Data = {
      ["Head"] = CFrame.new(0.000000, 0.000003, 0.000007, 0.999527, 0.005655, 0.030228, -0.009673, 0.990869, 0.134484, -0.029191, -0.134712, 0.990455),
      ["LeftUpperArm"] = CFrame.new(0.180885, -0.404958, -0.048240, 0.773829, -0.530566, 0.345961, 0.620037, 0.746114, -0.242627, -0.129396, 0.402260, 0.906335),
      ["LeftUpperLeg"] = CFrame.new(-0.136255, -0.270277, -0.580741, 0.956259, 0.052562, 0.287760, -0.292521, 0.172287, 0.940611, -0.000137, -0.983643, 0.180126),
      ["LowerTorso"] = CFrame.new(0.000010, -1.481643, -1.568123, -1.000000, -0.000009, 0.000696, 0.000180, 0.962229, 0.272242, -0.000672, 0.272242, -0.962229),
      ["RightUpperArm"] = CFrame.new(-0.017582, -1.054249, -0.646632, 0.566823, 0.744836, 0.352039, 0.822876, -0.491207, -0.285640, -0.039831, 0.451592, -0.891335),
      ["RightUpperLeg"] = CFrame.new(0.143867, -0.250720, -0.579958, 0.962464, -0.050329, -0.266703, 0.271405, 0.172321, 0.946913, -0.001699, -0.983754, 0.179512),
      ["рҹҢ§пёҸрҹҳірҹ‘»рҹҸіпёҸвҖҚрҹҢҲрҹҳӮрҹ’һрҹҸҙвҖҚвҳ пёҸрҹҺёрҹҢ§пёҸрҹҳірҹ‘»рҹҸіпёҸвҖҚрҹҢҲрҹҳӮрҹ’һрҹҸҙвҖҚвҳ"] = CFrame.new(-0.000000, -0.000000, 0.000000, 0.997997, 0.063071, -0.004991, -0.063069, 0.998009, 0.000589, 0.005018, -0.000273, 0.999987)
    }},
    { Time = 0.367, Data = {
      ["Head"] = CFrame.new(0.000000, 0.000003, 0.000007, 0.999527, 0.005691, 0.030221, -0.009639, 0.991180, 0.132169, -0.029203, -0.132398, 0.990766),
      ["LeftUpperArm"] = CFrame.new(0.180759, -0.405039, -0.048256, 0.773221, -0.531048, 0.346579, 0.620670, 0.745805, -0.241958, -0.129989, 0.402199, 0.906278),
      ["LeftUpperLeg"] = CFrame.new(-0.135899, -0.269116, -0.580628, 0.956301, 0.052673, 0.287599, -0.292381, 0.174749, 0.940200, -0.000734, -0.983203, 0.182513),
      ["LowerTorso"] = CFrame.new(0.000010, -1.482326, -1.568079, -1.000000, -0.000010, 0.000696, 0.000181, 0.961562, 0.274589, -0.000672, 0.274589, -0.961561),
      ["RightUpperArm"] = CFrame.new(-0.017951, -1.054548, -0.647618, 0.568003, 0.745153, 0.349457, 0.822092, -0.493445, -0.284037, -0.039213, 0.448620, -0.892863),
      ["RightUpperLeg"] = CFrame.new(0.143548, -0.249590, -0.579736, 0.962482, -0.050582, -0.266589, 0.271342, 0.174638, 0.946507, -0.001320, -0.983333, 0.181811),
      ["рҹҢ§пёҸрҹҳірҹ‘»рҹҸіпёҸвҖҚрҹҢҲрҹҳӮрҹ’һрҹҸҙвҖҚвҳ пёҸрҹҺёрҹҢ§пёҸрҹҳірҹ‘»рҹҸіпёҸвҖҚрҹҢҲрҹҳӮрҹ’һрҹҸҙвҖҚвҳ"] = CFrame.new(0.000000, -0.000000, 0.000000, 0.998071, 0.061950, -0.003958, -0.061949, 0.998079, 0.000468, 0.003980, -0.000222, 0.999992)
    }},
    { Time = 0.383, Data = {
      ["Head"] = CFrame.new(0.000000, 0.000003, 0.000007, 0.999526, 0.005807, 0.030221, -0.009696, 0.991441, 0.130195, -0.029207, -0.130427, 0.991028),
      ["LeftUpperArm"] = CFrame.new(0.180631, -0.405128, -0.048259, 0.772636, -0.531532, 0.347143, 0.621298, 0.745465, -0.241395, -0.130474, 0.402189, 0.906212),
      ["LeftUpperLeg"] = CFrame.new(-0.135536, -0.267929, -0.580496, 0.956344, 0.052767, 0.287441, -0.292241, 0.177098, 0.939804, -0.001315, -0.982778, 0.184788),
      ["LowerTorso"] = CFrame.new(0.000011, -1.483011, -1.568061, -1.000000, -0.000011, 0.000696, 0.000182, 0.960864, 0.277019, -0.000672, 0.277019, -0.960864),
      ["RightUpperArm"] = CFrame.new(-0.018333, -1.054878, -0.648654, 0.569273, 0.745465, 0.346714, 0.821243, -0.495824, -0.282346, -0.038570, 0.445468, -0.894467),
      ["RightUpperLeg"] = CFrame.new(0.143213, -0.248402, -0.579540, 0.962519, -0.050786, -0.266419, 0.271215, 0.177080, 0.946090, -0.000870, -0.982885, 0.184216),
      ["рҹҢ§пёҸрҹҳірҹ‘»рҹҸіпёҸвҖҚрҹҢҲрҹҳӮрҹ’һрҹҸҙвҖҚвҳ пёҸрҹҺёрҹҢ§пёҸрҹҳірҹ‘»рҹҸіпёҸвҖҚрҹҢҲрҹҳӮрҹ’һрҹҸҙвҖҚвҳ"] = CFrame.new(0.000000, -0.000000, 0.000000, 0.998138, 0.060915, -0.003012, -0.060915, 0.998143, 0.000351, 0.003028, -0.000167, 0.999995)
    }},
    { Time = 0.400, Data = {
      ["Head"] = CFrame.new(0.000000, 0.000003, 0.000007, 0.999526, 0.005834, 0.030216, -0.009670, 0.991676, 0.128394, -0.029215, -0.128626, 0.991263),
      ["LeftUpperArm"] = CFrame.new(0.180537, -0.405181, -0.048285, 0.772157, -0.531890, 0.347659, 0.621777, 0.745262, -0.240787, -0.131025, 0.402091, 0.906176),
      ["LeftUpperLeg"] = CFrame.new(-0.135167, -0.266724, -0.580312, 0.956383, 0.053013, 0.287265, -0.292110, 0.179642, 0.939362, -0.001807, -0.982303, 0.187293),
      ["LowerTorso"] = CFrame.new(0.000012, -1.483718, -1.567992, -1.000000, -0.000012, 0.000696, 0.000183, 0.960161, 0.279447, -0.000671, 0.279448, -0.960161),
      ["RightUpperArm"] = CFrame.new(-0.018731, -1.055189, -0.649679, 0.570541, 0.745749, 0.344008, 0.820390, -0.498155, -0.280716, -0.037974, 0.442381, -0.896023),
      ["RightUpperLeg"] = CFrame.new(0.142880, -0.247222, -0.579307, 0.962537, -0.051053, -0.266302, 0.271151, 0.179499, 0.945652, -0.000477, -0.982433, 0.186617),
      ["рҹҢ§пёҸрҹҳірҹ‘»рҹҸіпёҸвҖҚрҹҢҲрҹҳӮрҹ’һрҹҸҙвҖҚвҳ пёҸрҹҺёрҹҢ§пёҸрҹҳірҹ‘»рҹҸіпёҸвҖҚрҹҢҲрҹҳӮрҹ’һрҹҸҙвҖҚвҳ"] = CFrame.new(-0.000000, -0.000000, -0.000000, 0.998193, 0.060053, -0.002238, -0.060053, 0.998195, 0.000240, 0.002249, -0.000105, 0.999997)
    }},
    { Time = 0.417, Data = {
      ["Head"] = CFrame.new(0.000000, 0.000003, 0.000007, 0.999526, 0.005856, 0.030212, -0.009648, 0.991864, 0.126936, -0.029223, -0.127167, 0.991451),
      ["LeftUpperArm"] = CFrame.new(0.180442, -0.405251, -0.048283, 0.771722, -0.532253, 0.348069, 0.622245, 0.744999, -0.240390, -0.131362, 0.402098, 0.906124),
      ["LeftUpperLeg"] = CFrame.new(-0.134790, -0.265494, -0.580179, 0.956425, 0.053138, 0.287101, -0.291968, 0.182202, 0.938913, -0.002419, -0.981824, 0.189777),
      ["LowerTorso"] = CFrame.new(0.000013, -1.484418, -1.567962, -1.000000, -0.000013, 0.000696, 0.000184, 0.959427, 0.281958, -0.000671, 0.281958, -0.959426),
      ["RightUpperArm"] = CFrame.new(-0.019125, -1.055511, -0.650755, 0.571821, 0.746079, 0.341155, 0.819526, -0.500547, -0.278979, -0.037376, 0.439111, -0.897655),
      ["RightUpperLeg"] = CFrame.new(0.142533, -0.245991, -0.579094, 0.962573, -0.051255, -0.266131, 0.271022, 0.181933, 0.945224, -0.000029, -0.981974, 0.189015),
      ["рҹҢ§пёҸрҹҳірҹ‘»рҹҸіпёҸвҖҚрҹҢҲрҹҳӮрҹ’һрҹҸҙвҖҚвҳ пёҸрҹҺёрҹҢ§пёҸрҹҳірҹ‘»рҹҸіпёҸвҖҚрҹҢҲрҹҳӮрҹ’һрҹҸҙвҖҚвҳ"] = CFrame.new(0.000000, -0.000000, 0.000000, 0.998235, 0.059363, -0.001551, -0.059363, 0.998236, 0.000132, 0.001556, -0.000040, 0.999999)
    }},
    { Time = 0.433, Data = {
      ["Head"] = CFrame.new(0.000000, 0.000002, 0.000007, 0.999526, 0.005961, 0.030214, -0.009717, 0.992016, 0.125734, -0.029223, -0.125967, 0.991604),
      ["LeftUpperArm"] = CFrame.new(0.180378, -0.405292, -0.048291, 0.771417, -0.532494, 0.348377, 0.622561, 0.744843, -0.240055, -0.131658, 0.402068, 0.906095),
      ["LeftUpperLeg"] = CFrame.new(-0.134409, -0.264247, -0.580041, 0.956467, 0.053263, 0.286938, -0.291824, 0.184758, 0.938458, -0.003029, -0.981340, 0.192258),
      ["LowerTorso"] = CFrame.new(0.000014, -1.485106, -1.567979, -1.000000, -0.000014, 0.000696, 0.000185, 0.958661, 0.284551, -0.000671, 0.284551, -0.958660),
      ["RightUpperArm"] = CFrame.new(-0.019535, -1.055825, -0.651826, 0.573083, 0.746377, 0.338376, 0.818675, -0.502927, -0.277192, -0.036711, 0.435874, -0.899259),
      ["RightUpperLeg"] = CFrame.new(0.142190, -0.244774, -0.578854, 0.962591, -0.051536, -0.266011, 0.270957, 0.184454, 0.944753, 0.000379, -0.981489, 0.191518),
      ["рҹҢ§пёҸрҹҳірҹ‘»рҹҸіпёҸвҖҚрҹҢҲрҹҳӮрҹ’һрҹҸҙвҖҚвҳ пёҸрҹҺёрҹҢ§пёҸрҹҳірҹ‘»рҹҸіпёҸвҖҚрҹҢҲрҹҳӮрҹ’һрҹҸҙвҖҚвҳ"] = CFrame.new(0.000000, -0.000000, 0.000000, 0.998272, 0.058760, -0.001033, -0.058760, 0.998272, 0.000117, 0.001038, -0.000056, 0.999999)
    }},
    { Time = 0.450, Data = {
      ["Head"] = CFrame.new(0.000000, 0.000002, 0.000007, 0.999526, 0.005976, 0.030211, -0.009702, 0.992147, 0.124704, -0.029228, -0.124938, 0.991734),
      ["LeftUpperArm"] = CFrame.new(0.180315, -0.405332, -0.048299, 0.771112, -0.532734, 0.348685, 0.622876, 0.744688, -0.239719, -0.131955, 0.402038, 0.906065),
      ["LeftUpperLeg"] = CFrame.new(-0.134023, -0.262986, -0.579897, 0.956509, 0.053386, 0.286775, -0.291679, 0.187310, 0.937997, -0.003640, -0.980849, 0.194735),
      ["LowerTorso"] = CFrame.new(0.000015, -1.485829, -1.567882, -1.000000, -0.000015, 0.000696, 0.000186, 0.957913, 0.287059, -0.000671, 0.287059, -0.957913),
      ["RightUpperArm"] = CFrame.new(-0.019956, -1.056162, -0.652928, 0.574434, 0.746649, 0.335473, 0.817756, -0.505410, -0.275384, -0.036064, 0.432525, -0.900901),
      ["RightUpperLeg"] = CFrame.new(0.141835, -0.243512, -0.578637, 0.962628, -0.051751, -0.265838, 0.270827, 0.186989, 0.944292, 0.000841, -0.980998, 0.194017),
      ["рҹҢ§пёҸрҹҳірҹ‘»рҹҸіпёҸвҖҚрҹҢҲрҹҳӮрҹ’һрҹҸҙвҖҚвҳ пёҸрҹҺёрҹҢ§пёҸрҹҳірҹ‘»рҹҸіпёҸвҖҚрҹҢҲрҹҳӮрҹ’һрҹҸҙвҖҚвҳ"] = CFrame.new(0.000000, -0.000000, 0.000000, 0.998302, 0.058243, -0.000601, -0.058243, 0.998302, 0.000104, 0.000607, -0.000069, 1.000000)
    }},
    { Time = 0.467, Data = {
      ["Head"] = CFrame.new(0.000000, 0.000002, 0.000007, 0.999526, 0.005987, 0.030208, -0.009691, 0.992233, 0.124017, -0.029231, -0.124251, 0.991820),
      ["LeftUpperArm"] = CFrame.new(0.180265, -0.405367, -0.048301, 0.770905, -0.532925, 0.348850, 0.623105, 0.744556, -0.239535, -0.132084, 0.402029, 0.906050),
      ["LeftUpperLeg"] = CFrame.new(-0.133644, -0.261746, -0.579729, 0.956532, 0.053590, 0.286661, -0.291597, 0.189946, 0.937492, -0.004210, -0.980331, 0.197316),
      ["LowerTorso"] = CFrame.new(0.000016, -1.486532, -1.567845, -1.000000, -0.000016, 0.000696, 0.000186, 0.957133, 0.289649, -0.000670, 0.289649, -0.957133),
      ["RightUpperArm"] = CFrame.new(-0.020385, -1.056494, -0.654034, 0.575782, 0.746909, 0.332570, 0.816836, -0.507879, -0.273567, -0.035425, 0.429170, -0.902529),
      ["RightUpperLeg"] = CFrame.new(0.141485, -0.242272, -0.578396, 0.962646, -0.052046, -0.265714, 0.270760, 0.189611, 0.943788, 0.001262, -0.980479, 0.196620),
      ["рҹҢ§пёҸрҹҳірҹ‘»рҹҸіпёҸвҖҚрҹҢҲрҹҳӮрҹ’һрҹҸҙвҖҚвҳ пёҸрҹҺёрҹҢ§пёҸрҹҳірҹ‘»рҹҸіпёҸвҖҚрҹҢҲрҹҳӮрҹ’һрҹҸҙвҖҚвҳ"] = CFrame.new(0.000000, -0.000000, 0.000000, 0.998317, 0.057984, -0.000259, -0.057984, 0.998318, 0.000008, 0.000259, 0.000008, 1.000000)
    }},
    { Time = 0.483, Data = {
      ["Head"] = CFrame.new(0.000000, 0.000003, 0.000007, 0.999526, 0.005993, 0.030207, -0.009685, 0.992286, 0.123588, -0.029233, -0.123822, 0.991874),
      ["LeftUpperArm"] = CFrame.new(0.180252, -0.405373, -0.048306, 0.770806, -0.532975, 0.348993, 0.623192, 0.744532, -0.239384, -0.132251, 0.402008, 0.906035),
      ["LeftUpperLeg"] = CFrame.new(-0.133246, -0.260441, -0.579546, 0.956590, 0.053767, 0.286433, -0.291397, 0.192489, 0.937035, -0.004754, -0.979825, 0.199801),
      ["LowerTorso"] = CFrame.new(0.000017, -1.487236, -1.567792, -1.000000, -0.000017, 0.000696, 0.000187, 0.956346, 0.292238, -0.000670, 0.292238, -0.956346),
      ["RightUpperArm"] = CFrame.new(-0.020820, -1.056820, -0.655142, 0.577126, 0.747158, 0.329669, 0.815914, -0.510335, -0.271741, -0.034792, 0.425810, -0.904144),
      ["RightUpperLeg"] = CFrame.new(0.141125, -0.240993, -0.578172, 0.962682, -0.052260, -0.265540, 0.270629, 0.192138, 0.943315, 0.001723, -0.979975, 0.199111),
      ["рҹҢ§пёҸрҹҳірҹ‘»рҹҸіпёҸвҖҚрҹҢҲрҹҳӮрҹ’һрҹҸҙвҖҚвҳ пёҸрҹҺёрҹҢ§пёҸрҹҳірҹ‘»рҹҸіпёҸвҖҚрҹҢҲрҹҳӮрҹ’һрҹҸҙвҖҚвҳ"] = CFrame.new(0.000000, -0.000000, 0.000000, 0.998333, 0.057725, -0.000086, -0.057725, 0.998333, 0.000002, 0.000086, 0.000002, 1.000000)
    }},
    { Time = 0.500, Data = {
      ["Head"] = CFrame.new(0.000000, 0.000003, 0.000007, 0.999526, 0.005995, 0.030207, -0.009684, 0.992297, 0.123503, -0.029234, -0.123737, 0.991884),
      ["LeftUpperArm"] = CFrame.new(0.180233, -0.405388, -0.048305, 0.770752, -0.533045, 0.349004, 0.623262, 0.744478, -0.239368, -0.132232, 0.402014, 0.906035),
      ["LeftUpperLeg"] = CFrame.new(-0.132854, -0.259159, -0.579401, 0.956632, 0.053905, 0.286268, -0.291249, 0.195137, 0.936534, -0.005378, -0.979294, 0.202374),
      ["LowerTorso"] = CFrame.new(0.000018, -1.487912, -1.567814, -1.000000, -0.000018, 0.000696, 0.000188, 0.955526, 0.294908, -0.000670, 0.294908, -0.955526),
      ["RightUpperArm"] = CFrame.new(-0.021259, -1.057142, -0.656252, 0.578466, 0.747395, 0.326769, 0.814991, -0.512778, -0.269906, -0.034167, 0.422445, -0.905745),
      ["RightUpperLeg"] = CFrame.new(0.140764, -0.239710, -0.577955, 0.962719, -0.052488, -0.265364, 0.270496, 0.194769, 0.942813, 0.002198, -0.979444, 0.201706),
      ["рҹҢ§пёҸрҹҳірҹ‘»рҹҸіпёҸвҖҚрҹҢҲрҹҳӮрҹ’һрҹҸҙвҖҚвҳ пёҸрҹҺёрҹҢ§пёҸрҹҳірҹ‘»рҹҸіпёҸвҖҚрҹҢҲрҹҳӮрҹ’һрҹҸҙвҖҚвҳ"] = CFrame.new(0.000000, -0.000000, 0.000000, 0.998338, 0.057639, 0.000000, -0.057639, 0.998338, -0.000000, -0.000000, 0.000000, 1.000000)
    }},
    { Time = 0.517, Data = {
      ["Head"] = CFrame.new(0.000000, 0.000003, 0.000007, 0.999526, 0.005993, 0.030207, -0.009685, 0.992286, 0.123588, -0.029233, -0.123822, 0.991874),
      ["LeftUpperArm"] = CFrame.new(0.180252, -0.405373, -0.048306, 0.770806, -0.532975, 0.348993, 0.623192, 0.744532, -0.239384, -0.132251, 0.402008, 0.906035),
      ["LeftUpperLeg"] = CFrame.new(-0.132463, -0.257875, -0.579256, 0.956674, 0.054041, 0.286102, -0.291099, 0.197780, 0.936026, -0.006001, -0.978756, 0.204942),
      ["LowerTorso"] = CFrame.new(0.000019, -1.488606, -1.567750, -1.000000, -0.000019, 0.000696, 0.000189, 0.954724, 0.297493, -0.000670, 0.297493, -0.954724),
      ["RightUpperArm"] = CFrame.new(-0.021695, -1.057461, -0.657373, 0.579818, 0.747642, 0.323795, 0.814052, -0.515209, -0.268103, -0.033623, 0.419037, -0.907346),
      ["RightUpperLeg"] = CFrame.new(0.140412, -0.238459, -0.577709, 0.962737, -0.052780, -0.265240, 0.270428, 0.197378, 0.942290, 0.002618, -0.978906, 0.204296),
