return {
  ["Astros side hump (f)"] = {
    { Time = 0.000, Data = {
      ["Balls"] = CFrame.new(0.000000, 0.000001, 0.000000, 0.999448, 0.033229, 0.000000, -0.033229, 0.999448, -0.000000, -0.000000, 0.000000, 1.000000),
      ["Balls2"] = CFrame.new(0.000000, 0.000001, 0.000000, 0.998815, 0.048671, 0.000000, -0.048671, 0.998815, -0.000000, -0.000000, 0.000000, 1.000000),
      ["FloatingCock"] = CFrame.new(-0.025017, -1.968458, -1.130062, -0.090285, 0.013581, 0.995823, 0.148314, 0.988940, -0.000040, -0.984810, 0.147691, -0.091301),
      ["FloatingCock2"] = CFrame.new(1.228669, -1.718383, 1.548718, 0.971914, -0.075393, 0.222932, 0.077347, 0.997004, -0.000036, -0.222261, 0.017278, 0.974834),
      ["Head"] = CFrame.new(0.000000, -0.000000, -0.000000, 0.854080, -0.519732, 0.020655, 0.520142, 0.853402, -0.034004, 0.000047, 0.039786, 0.999208),
      ["LeftUpperArm"] = CFrame.new(0.170201, -0.671315, 0.226413, 0.995749, 0.086018, -0.032939, -0.090057, 0.984249, -0.152132, 0.019334, 0.154451, 0.987811),
      ["LeftUpperLeg"] = CFrame.new(-0.109548, -0.054885, -0.031551, 0.059813, 0.984489, -0.164935, -0.996440, 0.049052, -0.068568, -0.059414, 0.168449, 0.983918),
      ["LowerTorso"] = CFrame.new(-0.069336, -1.020410, -0.435402, 0.123539, 0.212447, -0.969332, -0.992260, 0.038801, -0.117957, 0.012552, 0.976402, 0.215596),
      ["RightUpperArm"] = CFrame.new(-0.092639, 0.260197, -0.471324, 0.997425, -0.071714, 0.000005, 0.025667, 0.356923, -0.933781, 0.066963, 0.931377, 0.357845),
      ["RightUpperLeg"] = CFrame.new(0.518738, -0.021465, -0.038748, 0.994942, -0.098503, -0.019711, 0.045953, 0.620767, -0.782647, 0.089329, 0.777782, 0.622154),
      ["рҹҢ§пёҸрҹҳірҹ‘»рҹҸіпёҸвҖҚрҹҢҲрҹҳӮрҹ’һрҹҸҙвҖҚвҳ пёҸрҹҺёрҹҢ§пёҸрҹҳірҹ‘»рҹҸіпёҸвҖҚрҹҢҲрҹҳӮрҹ’һрҹҸҙвҖҚвҳ"] = CFrame.new(0.000000, 0.000000, -0.000000, 0.912240, -0.217350, -0.347243, 0.166422, 0.971171, -0.170679, 0.374329, 0.097911, 0.922112)
    }},
    { Time = 0.017, Data = {
      ["Balls"] = CFrame.new(0.000000, 0.000002, 0.000000, 0.999987, 0.005093, 0.000000, -0.005093, 0.999987, -0.000000, -0.000000, 0.000000, 1.000000),
      ["Balls2"] = CFrame.new(0.000000, 0.000002, 0.000000, 0.999626, 0.027362, 0.000000, -0.027362, 0.999626, -0.000000, -0.000000, 0.000000, 1.000000),
      ["FloatingCock"] = CFrame.new(-0.024886, -1.968598, -1.128634, -0.090188, 0.013504, 0.995833, 0.148130, 0.988968, 0.000005, -0.984847, 0.147513, -0.091193),
      ["FloatingCock2"] = CFrame.new(1.227532, -1.718688, 1.548919, 0.971921, -0.075060, 0.223013, 0.076995, 0.997031, 0.000014, -0.222352, 0.017157, 0.974815),
      ["Head"] = CFrame.new(0.000000, 0.000000, -0.000000, 0.854127, -0.519661, 0.020477, 0.520064, 0.853462, -0.033696, 0.000035, 0.039430, 0.999222),
      ["LeftUpperArm"] = CFrame.new(0.170003, -0.673666, 0.224625, 0.995756, 0.086134, -0.032427, -0.089980, 0.985135, -0.146330, 0.019341, 0.148627, 0.988704),
      ["LeftUpperLeg"] = CFrame.new(-0.107731, -0.054792, -0.031211, 0.063448, 0.984261, -0.164941, -0.996255, 0.052740, -0.068512, -0.058734, 0.168670, 0.983921),
      ["LowerTorso"] = CFrame.new(-0.069264, -1.020268, -0.435379, 0.123451, 0.212388, -0.969356, -0.992273, 0.038632, -0.117905, 0.012407, 0.976422, 0.215516),
      ["RightUpperArm"] = CFrame.new(-0.092660, 0.260197, -0.471325, 0.997425, -0.071714, 0.000005, 0.025667, 0.356923, -0.933781, 0.066963, 0.931377, 0.357845),
      ["RightUpperLeg"] = CFrame.new(0.518741, -0.021485, -0.038774, 0.994942, -0.098503, -0.019711, 0.045953, 0.620767, -0.782647, 0.089329, 0.777782, 0.622154),
      ["рҹҢ§пёҸрҹҳірҹ‘»рҹҸіпёҸвҖҚрҹҢҲрҹҳӮрҹ’һрҹҸҙвҖҚвҳ пёҸрҹҺёрҹҢ§пёҸрҹҳірҹ‘»рҹҸіпёҸвҖҚрҹҢҲрҹҳӮрҹ’һрҹҸҙвҖҚвҳ"] = CFrame.new(0.000000, 0.000000, -0.000000, 0.911749, -0.219365, -0.347265, 0.168573, 0.970803, -0.170659, 0.374562, 0.097059, 0.922108)
    }},
    { Time = 0.033, Data = {
      ["Balls"] = CFrame.new(0.000000, 0.000002, 0.000000, 0.999742, -0.022701, 0.000000, 0.022701, 0.999742, 0.000000, 0.000000, 0.000000, 1.000000),
      ["Balls2"] = CFrame.new(0.000000, 0.000002, 0.000000, 0.999980, 0.006301, 0.000000, -0.006301, 0.999980, -0.000000, -0.000000, 0.000000, 1.000000),
      ["FloatingCock"] = CFrame.new(-0.024495, -1.969017, -1.124367, -0.090254, 0.013411, 0.995828, 0.147341, 0.989086, 0.000033, -0.984959, 0.146729, -0.091245),
      ["FloatingCock2"] = CFrame.new(1.224133, -1.719602, 1.549520, 0.971987, -0.074213, 0.223010, 0.076130, 0.997098, 0.000003, -0.222363, 0.016975, 0.974816),
      ["Head"] = CFrame.new(0.000000, -0.000000, -0.000000, 0.854409, -0.519218, 0.019939, 0.519600, 0.853781, -0.032775, -0.000006, 0.038363, 0.999264),
      ["LeftUpperArm"] = CFrame.new(0.169829, -0.675998, 0.222839, 0.995755, 0.086333, -0.031921, -0.089991, 0.985979, -0.140523, 0.019342, 0.142799, 0.989563),
      ["LeftUpperLeg"] = CFrame.new(-0.105913, -0.054690, -0.030932, 0.067083, 0.984019, -0.164943, -0.996050, 0.056408, -0.068576, -0.058176, 0.168892, 0.983916),
      ["LowerTorso"] = CFrame.new(-0.069297, -1.020351, -0.435235, 0.123523, 0.212459, -0.969331, -0.992264, 0.038632, -0.117978, 0.012382, 0.976406, 0.215588),
      ["RightUpperArm"] = CFrame.new(-0.092726, 0.260195, -0.471329, 0.997425, -0.071714, 0.000005, 0.025667, 0.356923, -0.933781, 0.066963, 0.931377, 0.357845),
      ["RightUpperLeg"] = CFrame.new(0.518756, -0.021566, -0.038909, 0.994929, -0.098618, -0.019751, 0.045993, 0.620761, -0.782650, 0.089444, 0.777773, 0.622149),
      ["рҹҢ§пёҸрҹҳірҹ‘»рҹҸіпёҸвҖҚрҹҢҲрҹҳӮрҹ’һрҹҸҙвҖҚвҳ пёҸрҹҺёрҹҢ§пёҸрҹҳірҹ‘»рҹҸіпёҸвҖҚрҹҢҲрҹҳӮрҹ’һрҹҸҙвҖҚвҳ"] = CFrame.new(0.000000, 0.000000, -0.000000, 0.911254, -0.221379, -0.347287, 0.170723, 0.970431, -0.170639, 0.374794, 0.096206, 0.922103)
    }},
    { Time = 0.050, Data = {
      ["Balls"] = CFrame.new(-0.000000, 0.000002, 0.000000, 0.998755, -0.049879, 0.000000, 0.049879, 0.998755, 0.000000, 0.000000, 0.000000, 1.000000),
      ["Balls2"] = CFrame.new(0.000000, 0.000002, 0.000000, 0.999899, -0.014243, 0.000000, 0.014243, 0.999899, 0.000000, 0.000000, 0.000000, 1.000000),
      ["FloatingCock"] = CFrame.new(-0.023848, -1.969708, -1.117307, -0.090232, 0.013295, 0.995832, 0.146189, 0.989257, 0.000039, -0.985133, 0.145583, -0.091206),
      ["FloatingCock2"] = CFrame.new(1.218511, -1.721112, 1.550513, 0.972104, -0.072692, 0.223004, 0.074570, 0.997216, 0.000000, -0.222383, 0.016629, 0.974818),
      ["Head"] = CFrame.new(-0.000000, 0.000000, 0.000000, 0.854833, -0.518556, 0.018962, 0.518902, 0.854262, -0.031261, 0.000012, 0.036562, 0.999331),
      ["LeftUpperArm"] = CFrame.new(0.169659, -0.678290, 0.221103, 0.995754, 0.086528, -0.031422, -0.090003, 0.986765, -0.134884, 0.019335, 0.137139, 0.990363),
      ["LeftUpperLeg"] = CFrame.new(-0.104162, -0.054588, -0.030597, 0.070586, 0.983772, -0.164954, -0.995847, 0.059965, -0.068510, -0.057507, 0.169105, 0.983919),
      ["LowerTorso"] = CFrame.new(-0.069246, -1.020319, -0.435028, 0.123506, 0.212472, -0.969331, -0.992269, 0.038463, -0.117998, 0.012212, 0.976410, 0.215580),
      ["RightUpperArm"] = CFrame.new(-0.092834, 0.260192, -0.471337, 0.997425, -0.071714, 0.000005, 0.025667, 0.356923, -0.933781, 0.066963, 0.931377, 0.357845),
      ["RightUpperLeg"] = CFrame.new(0.518777, -0.021746, -0.039073, 0.994915, -0.098773, -0.019676, 0.046148, 0.620747, -0.782652, 0.089519, 0.777765, 0.622149),
      ["рҹҢ§пёҸрҹҳірҹ‘»рҹҸіпёҸвҖҚрҹҢҲрҹҳӮрҹ’һрҹҸҙвҖҚвҳ пёҸрҹҺёрҹҢ§пёҸрҹҳірҹ‘»рҹҸіпёҸвҖҚрҹҢҲрҹҳӮрҹ’һрҹҸҙвҖҚвҳ"] = CFrame.new(0.000000, -0.000000, -0.000000, 0.910754, -0.223392, -0.347310, 0.172873, 0.970053, -0.170620, 0.375024, 0.095352, 0.922098)
    }},
    { Time = 0.067, Data = {
      ["Balls"] = CFrame.new(-0.000000, 0.000002, 0.000000, 0.997095, -0.076167, 0.000000, 0.076167, 0.997095, 0.000000, 0.000000, 0.000000, 1.000000),
      ["Balls2"] = CFrame.new(0.000000, 0.000002, 0.000000, 0.999416, -0.034179, 0.000000, 0.034179, 0.999416, 0.000000, 0.000000, 0.000000, 1.000000),
      ["FloatingCock"] = CFrame.new(-0.022952, -1.970666, -1.107531, -0.090246, 0.013160, 0.995833, 0.144553, 0.989497, 0.000024, -0.985373, 0.143953, -0.091200),
      ["FloatingCock2"] = CFrame.new(1.210725, -1.723205, 1.551888, 0.972255, -0.070667, 0.222994, 0.072486, 0.997369, 0.000025, -0.222409, 0.016140, 0.974820),
      ["Head"] = CFrame.new(-0.000000, 0.000000, 0.000000, 0.855445, -0.517596, 0.017570, 0.517894, 0.854945, -0.029237, 0.000112, 0.034110, 0.999418),
      ["LeftUpperArm"] = CFrame.new(0.169496, -0.680513, 0.219419, 0.995753, 0.086718, -0.030930, -0.090018, 0.987496, -0.129413, 0.019321, 0.131647, 0.991108),
      ["LeftUpperLeg"] = CFrame.new(-0.102469, -0.054480, -0.030328, 0.073972, 0.983522, -0.164966, -0.995632, 0.063384, -0.068554, -0.056968, 0.169316, 0.983914),
      ["LowerTorso"] = CFrame.new(-0.069182, -1.020251, -0.434740, 0.123402, 0.212496, -0.969339, -0.992285, 0.038206, -0.117947, 0.011971, 0.976415, 0.215571),
      ["RightUpperArm"] = CFrame.new(-0.092984, 0.260188, -0.471347, 0.997425, -0.071714, 0.000005, 0.025667, 0.356923, -0.933781, 0.066963, 0.931377, 0.357845),
      ["RightUpperLeg"] = CFrame.new(0.518809, -0.021926, -0.039364, 0.994891, -0.099002, -0.019756, 0.046228, 0.620733, -0.782658, 0.089748, 0.777746, 0.622138),
      ["рҹҢ§пёҸрҹҳірҹ‘»рҹҸіпёҸвҖҚрҹҢҲрҹҳӮрҹ’һрҹҸҙвҖҚвҳ пёҸрҹҺёрҹҢ§пёҸрҹҳірҹ‘»рҹҸіпёҸвҖҚрҹҢҲрҹҳӮрҹ’һрҹҸҙвҖҚвҳ"] = CFrame.new(0.000000, 0.000000, -0.000000, 0.910298, -0.225333, -0.347249, 0.174929, 0.969677, -0.170662, 0.375175, 0.094609, 0.922113)
    }},
    { Time = 0.083, Data = {
      ["Balls"] = CFrame.new(-0.000000, 0.000002, 0.000000, 0.994874, -0.101126, 0.000000, 0.101126, 0.994874, 0.000000, 0.000000, 0.000000, 1.000000),
      ["Balls2"] = CFrame.new(-0.000000, 0.000002, 0.000000, 0.998586, -0.053156, 0.000000, 0.053156, 0.998586, 0.000000, 0.000000, 0.000000, 1.000000),
      ["FloatingCock"] = CFrame.new(-0.021818, -1.971879, -1.095147, -0.090295, 0.013004, 0.995830, 0.142433, 0.989804, -0.000011, -0.985677, 0.141838, -0.091226),
      ["FloatingCock2"] = CFrame.new(1.200862, -1.725855, 1.553630, 0.972438, -0.068127, 0.222985, 0.069889, 0.997555, -0.000009, -0.222439, 0.015593, 0.974822),
      ["Head"] = CFrame.new(-0.000000, 0.000000, 0.000000, 0.856240, -0.516332, 0.015929, 0.516578, 0.855825, -0.026655, 0.000130, 0.031052, 0.999518),
      ["LeftUpperArm"] = CFrame.new(0.169339, -0.682642, 0.217814, 0.995749, 0.086896, -0.030534, -0.090042, 0.988164, -0.124192, 0.019381, 0.126413, 0.991788),
      ["LeftUpperLeg"] = CFrame.new(-0.100838, -0.054373, -0.030035, 0.077234, 0.983278, -0.164924, -0.995417, 0.066694, -0.068527, -0.056381, 0.169461, 0.983923),
      ["LowerTorso"] = CFrame.new(-0.069095, -1.020233, -0.434373, 0.123296, 0.212520, -0.969347, -0.992301, 0.037948, -0.117896, 0.011729, 0.976420, 0.215563),
      ["RightUpperArm"] = CFrame.new(-0.093174, 0.260184, -0.471359, 0.997425, -0.071714, 0.000005, 0.025667, 0.356923, -0.933781, 0.066963, 0.931377, 0.357845),
      ["RightUpperLeg"] = CFrame.new(0.518847, -0.022202, -0.039682, 0.994865, -0.099272, -0.019721, 0.046423, 0.620712, -0.782663, 0.089938, 0.777729, 0.622133),
      ["рҹҢ§пёҸрҹҳірҹ‘»рҹҸіпёҸвҖҚрҹҢҲрҹҳӮрҹ’һрҹҸҙвҖҚвҳ пёҸрҹҺёрҹҢ§пёҸрҹҳірҹ‘»рҹҸіпёҸвҖҚрҹҢҲрҹҳӮрҹ’һрҹҸҙвҖҚвҳ"] = CFrame.new(0.000000, 0.000000, -0.000000, 0.909825, -0.227194, -0.347278, 0.176895, 0.969315, -0.170696, 0.375402, 0.093872, 0.922096)
    }},
    { Time = 0.100, Data = {
      ["Balls"] = CFrame.new(-0.000000, 0.000002, 0.000000, 0.992210, -0.124578, 0.000000, 0.124578, 0.992210, 0.000000, 0.000000, 0.000000, 1.000000),
      ["Balls2"] = CFrame.new(-0.000000, 0.000002, 0.000000, 0.997476, -0.070998, 0.000000, 0.070998, 0.997476, 0.000000, 0.000000, 0.000000, 1.000000),
      ["FloatingCock"] = CFrame.new(-0.020456, -1.973335, -1.080290, -0.090377, 0.012771, 0.995826, 0.139886, 0.990168, -0.000003, -0.986035, 0.139302, -0.091275),
      ["FloatingCock2"] = CFrame.new(1.189030, -1.729035, 1.555721, 0.972655, -0.064998, 0.222974, 0.066682, 0.997774, -0.000025, -0.222476, 0.014892, 0.974824),
      ["Head"] = CFrame.new(0.000000, -0.000000, 0.000000, 0.857127, -0.514919, 0.013857, 0.515106, 0.856805, -0.023476, 0.000216, 0.027260, 0.999628),
      ["LeftUpperArm"] = CFrame.new(0.169193, -0.684655, 0.216311, 0.995748, 0.087073, -0.030066, -0.090065, 0.988763, -0.119315, 0.019339, 0.121516, 0.992401),
      ["LeftUpperLeg"] = CFrame.new(-0.099268, -0.054264, -0.029776, 0.080374, 0.983023, -0.164945, -0.995198, 0.069867, -0.068551, -0.055863, 0.169662, 0.983918),
      ["LowerTorso"] = CFrame.new(-0.068985, -1.020182, -0.433936, 0.123263, 0.212545, -0.969345, -0.992309, 0.037609, -0.117937, 0.011389, 0.976427, 0.215546),
      ["RightUpperArm"] = CFrame.new(-0.093402, 0.260178, -0.471375, 0.997425, -0.071714, 0.000005, 0.025667, 0.356923, -0.933781, 0.066963, 0.931377, 0.357845),
      ["RightUpperLeg"] = CFrame.new(0.518897, -0.022533, -0.040103, 0.994826, -0.099657, -0.019726, 0.046657, 0.620684, -0.782672, 0.090242, 0.777702, 0.622122),
      ["рҹҢ§пёҸрҹҳірҹ‘»рҹҸіпёҸвҖҚрҹҢҲрҹҳӮрҹ’һрҹҸҙвҖҚвҳ пёҸрҹҺёрҹҢ§пёҸрҹҳірҹ‘»рҹҸіпёҸвҖҚрҹҢҲрҹҳӮрҹ’һрҹҸҙвҖҚвҳ"] = CFrame.new(0.000000, 0.000000, -0.000000, 0.909416, -0.228883, -0.347240, 0.178701, 0.968984, -0.170692, 0.375539, 0.093178, 0.922111)
    }},
    { Time = 0.117, Data = {
      ["Balls"] = CFrame.new(-0.000000, 0.000002, 0.000000, 0.989245, -0.146266, 0.000000, 0.146266, 0.989245, 0.000000, 0.000000, 0.000000, 1.000000),
      ["Balls2"] = CFrame.new(-0.000000, 0.000001, 0.000000, 0.996162, -0.087533, 0.000000, 0.087533, 0.996162, 0.000000, 0.000000, 0.000000, 1.000000),
      ["FloatingCock"] = CFrame.new(-0.018883, -1.975017, -1.063124, -0.090366, 0.012455, 0.995831, 0.137032, 0.990567, 0.000046, -0.986436, 0.136465, -0.091220),
      ["FloatingCock2"] = CFrame.new(1.175359, -1.732709, 1.558136, 0.972889, -0.061449, 0.222960, 0.063037, 0.998011, -0.000003, -0.222516, 0.014058, 0.974828),
      ["Head"] = CFrame.new(-0.000000, -0.000000, 0.000000, 0.858194, -0.513195, 0.011588, 0.513326, 0.857963, -0.019903, 0.000272, 0.023029, 0.999735),
      ["LeftUpperArm"] = CFrame.new(0.169036, -0.686522, 0.214914, 0.995752, 0.087152, -0.029694, -0.090010, 0.989305, -0.114777, 0.019374, 0.116962, 0.992947),
      ["LeftUpperLeg"] = CFrame.new(-0.097876, -0.054163, -0.029532, 0.083157, 0.982785, -0.164978, -0.994997, 0.072684, -0.068546, -0.055375, 0.169853, 0.983912),
      ["LowerTorso"] = CFrame.new(-0.068867, -1.020088, -0.433431, 0.123142, 0.212582, -0.969353, -0.992328, 0.037182, -0.117906, 0.010978, 0.976436, 0.215530),
      ["RightUpperArm"] = CFrame.new(-0.093665, 0.260171, -0.471393, 0.997425, -0.071714, 0.000005, 0.025667, 0.356923, -0.933781, 0.066963, 0.931377, 0.357845),
      ["RightUpperLeg"] = CFrame.new(0.518951, -0.022897, -0.040564, 0.994788, -0.100041, -0.019731, 0.046892, 0.620656, -0.782680, 0.090547, 0.777675, 0.622112),
      ["рҹҢ§пёҸрҹҳірҹ‘»рҹҸіпёҸвҖҚрҹҢҲрҹҳӮрҹ’һрҹҸҙвҖҚвҳ пёҸрҹҺёрҹҢ§пёҸрҹҳірҹ‘»рҹҸіпёҸвҖҚрҹҢҲрҹҳӮрҹ’һрҹҸҙвҖҚвҳ"] = CFrame.new(0.000000, -0.000000, -0.000000, 0.908989, -0.230493, -0.347292, 0.180415, 0.968669, -0.170680, 0.375751, 0.092490, 0.922094)
    }},
    { Time = 0.133, Data = {
      ["Balls"] = CFrame.new(-0.000000, 0.000001, 0.000000, 0.986136, -0.165937, 0.000000, 0.165937, 0.986136, 0.000000, 0.000000, 0.000000, 1.000000),
      ["Balls2"] = CFrame.new(-0.000000, 0.000001, 0.000000, 0.994724, -0.102588, 0.000000, 0.102588, 0.994724, 0.000000, 0.000000, 0.000000, 1.000000),
      ["FloatingCock"] = CFrame.new(-0.017116, -1.976906, -1.043835, -0.090376, 0.012183, 0.995833, 0.133757, 0.991014, 0.000015, -0.986885, 0.133201, -0.091194),
      ["FloatingCock2"] = CFrame.new(1.159997, -1.736837, 1.560850, 0.973140, -0.057386, 0.222947, 0.058877, 0.998265, -0.000039, -0.222558, 0.013165, 0.974831),
      ["Head"] = CFrame.new(0.000000, 0.000000, 0.000000, 0.859394, -0.511236, 0.008997, 0.511315, 0.859249, -0.015789, 0.000341, 0.018169, 0.999835),
      ["LeftUpperArm"] = CFrame.new(0.168917, -0.688226, 0.213624, 0.995751, 0.087315, -0.029256, -0.090040, 0.989780, -0.110583, 0.019301, 0.112747, 0.993436),
      ["LeftUpperLeg"] = CFrame.new(-0.096541, -0.054061, -0.029324, 0.085827, 0.982560, -0.164953, -0.994793, 0.075380, -0.068591, -0.054960, 0.169981, 0.983913),
      ["LowerTorso"] = CFrame.new(-0.068718, -1.020124, -0.432860, 0.123109, 0.212606, -0.969352, -0.992336, 0.036844, -0.117947, 0.010638, 0.976443, 0.215513),
      ["RightUpperArm"] = CFrame.new(-0.093961, 0.260163, -0.471412, 0.997425, -0.071714, 0.000005, 0.025667, 0.356923, -0.933781, 0.066963, 0.931377, 0.357845),
      ["RightUpperLeg"] = CFrame.new(0.519013, -0.023331, -0.041083, 0.994742, -0.100503, -0.019699, 0.047205, 0.620620, -0.782689, 0.090888, 0.777644, 0.622101),
      ["рҹҢ§пёҸрҹҳірҹ‘»рҹҸіпёҸвҖҚрҹҢҲрҹҳӮрҹ’һрҹҸҙвҖҚвҳ пёҸрҹҺёрҹҢ§пёҸрҹҳірҹ‘»рҹҸіпёҸвҖҚрҹҢҲрҹҳӮрҹ’һрҹҸҙвҖҚвҳ"] = CFrame.new(0.000000, 0.000000, -0.000000, 0.908628, -0.231932, -0.347278, 0.181971, 0.968386, -0.170630, 0.375874, 0.091845, 0.922108)
    }},
    { Time = 0.150, Data = {
      ["Balls"] = CFrame.new(-0.000000, 0.000001, 0.000000, 0.983033, -0.183428, 0.000000, 0.183428, 0.983033, 0.000000, 0.000000, 0.000000, 1.000000),
      ["Balls2"] = CFrame.new(-0.000000, 0.000001, 0.000000, 0.993260, -0.115907, 0.000000, 0.115907, 0.993260, 0.000000, 0.000000, 0.000000, 1.000000),
      ["FloatingCock"] = CFrame.new(-0.015174, -1.978983, -1.022636, -0.090521, 0.011844, 0.995824, 0.130175, 0.991491, 0.000040, -0.987350, 0.129635, -0.091293),
      ["FloatingCock2"] = CFrame.new(1.143114, -1.741374, 1.563832, 0.973393, -0.052989, 0.222932, 0.054364, 0.998521, -0.000029, -0.222601, 0.012147, 0.974834),
      ["Head"] = CFrame.new(0.000000, -0.000000, 0.000000, 0.860678, -0.509113, 0.006134, 0.509149, 0.860604, -0.011298, 0.000473, 0.012847, 0.999917),
      ["LeftUpperArm"] = CFrame.new(0.168789, -0.689747, 0.212491, 0.995753, 0.087374, -0.029007, -0.090000, 0.990189, -0.106896, 0.019383, 0.109052, 0.993847),
      ["LeftUpperLeg"] = CFrame.new(-0.095386, -0.053974, -0.029071, 0.088137, 0.982357, -0.164946, -0.994619, 0.077738, -0.068484, -0.054453, 0.170095, 0.983922),
      ["LowerTorso"] = CFrame.new(-0.068646, -1.020019, -0.432218, 0.122970, 0.212726, -0.969343, -0.992359, 0.036328, -0.117918, 0.010130, 0.976436, 0.215568),
      ["RightUpperArm"] = CFrame.new(-0.094286, 0.260155, -0.471434, 0.997425, -0.071714, 0.000005, 0.025667, 0.356923, -0.933781, 0.066963, 0.931377, 0.357845),
      ["RightUpperLeg"] = CFrame.new(0.519082, -0.023775, -0.041674, 0.994690, -0.101002, -0.019748, 0.047484, 0.620660, -0.782641, 0.091305, 0.777548, 0.622160),
      ["рҹҢ§пёҸрҹҳірҹ‘»рҹҸіпёҸвҖҚрҹҢҲрҹҳӮрҹ’һрҹҸҙвҖҚвҳ пёҸрҹҺёрҹҢ§пёҸрҹҳірҹ‘»рҹҸіпёҸвҖҚрҹҢҲрҹҳӮрҹ’һрҹҸҙвҖҚвҳ"] = CFrame.new(0.000000, 0.000000, -0.000000, 0.908302, -0.233220, -0.347269, 0.183343, 0.968127, -0.170633, 0.375996, 0.091317, 0.922111)
    }},
    { Time = 0.167, Data = {
      ["Balls"] = CFrame.new(-0.000000, 0.000001, 0.000000, 0.980102, -0.198495, 0.000000, 0.198495, 0.980102, 0.000000, 0.000000, 0.000000, 1.000000),
      ["Balls2"] = CFrame.new(-0.000000, 0.000001, 0.000000, 0.991850, -0.127410, 0.000000, 0.127410, 0.991850, 0.000000, 0.000000, 0.000000, 1.000000),
      ["FloatingCock"] = CFrame.new(-0.013077, -1.981225, -0.999758, -0.090559, 0.011546, 0.995824, 0.126291, 0.991993, -0.000016, -0.987851, 0.125762, -0.091293),
      ["FloatingCock2"] = CFrame.new(1.124894, -1.746270, 1.567050, 0.973627, -0.048172, 0.223002, 0.049412, 0.998778, 0.000022, -0.222730, 0.010998, 0.974818),
      ["Head"] = CFrame.new(-0.000000, -0.000000, 0.000000, 0.862091, -0.506745, 0.003002, 0.506754, 0.862067, -0.006429, 0.000670, 0.007064, 0.999975),
      ["LeftUpperArm"] = CFrame.new(0.168701, -0.691068, 0.211514, 0.995750, 0.087515, -0.028700, -0.090045, 0.990521, -0.103725, 0.019350, 0.105869, 0.994192),
      ["LeftUpperLeg"] = CFrame.new(-0.094401, -0.053892, -0.028954, 0.090108, 0.982179, -0.164941, -0.994455, 0.079715, -0.068591, -0.054220, 0.170207, 0.983916),
      ["LowerTorso"] = CFrame.new(-0.068548, -1.020036, -0.431525, 0.122920, 0.212834, -0.969326, -0.992369, 0.035901, -0.117960, 0.009694, 0.976429, 0.215623),
      ["RightUpperArm"] = CFrame.new(-0.094637, 0.260146, -0.471458, 0.997425, -0.071714, 0.000005, 0.025667, 0.356923, -0.933781, 0.066963, 0.931377, 0.357845),
      ["RightUpperLeg"] = CFrame.new(0.519156, -0.024299, -0.042276, 0.994637, -0.101541, -0.019678, 0.047874, 0.620617, -0.782651, 0.091684, 0.777512, 0.622149),
      ["рҹҢ§пёҸрҹҳірҹ‘»рҹҸіпёҸвҖҚрҹҢҲрҹҳӮрҹ’һрҹҸҙвҖҚвҳ пёҸрҹҺёрҹҢ§пёҸрҹҳірҹ‘»рҹҸіпёҸвҖҚрҹҢҲрҹҳӮрҹ’һрҹҸҙвҖҚвҳ"] = CFrame.new(0.000000, 0.000000, -0.000000, 0.908011, -0.234357, -0.347265, 0.184532, 0.967891, -0.170689, 0.376117, 0.090906, 0.922102)
    }},
    { Time = 0.183, Data = {
      ["Balls"] = CFrame.new(-0.000000, 0.000001, 0.000000, 0.977490, -0.210982, 0.000000, 0.210982, 0.977490, 0.000000, 0.000000, 0.000000, 1.000000),
      ["Balls2"] = CFrame.new(-0.000000, 0.000001, 0.000000, 0.990569, -0.137014, 0.000000, 0.137014, 0.990569, 0.000000, 0.000000, 0.000000, 1.000000),
      ["FloatingCock"] = CFrame.new(-0.010850, -1.983606, -0.975453, -0.090605, 0.011178, 0.995824, 0.122221, 0.992503, -0.000020, -0.988359, 0.121709, -0.091292),
      ["FloatingCock2"] = CFrame.new(1.105537, -1.751472, 1.570470, 0.973864, -0.043174, 0.222990, 0.044297, 0.999018, -0.000035, -0.222769, 0.009912, 0.974821),
      ["Head"] = CFrame.new(0.000000, -0.000000, 0.000000, 0.863538, -0.504284, -0.000184, 0.504283, 0.863537, -0.001302, 0.000816, 0.001031, 0.999999),
      ["LeftUpperArm"] = CFrame.new(0.168610, -0.692170, 0.210695, 0.995754, 0.087563, -0.028410, -0.090011, 0.990799, -0.101071, 0.019299, 0.103199, 0.994474),
      ["LeftUpperLeg"] = CFrame.new(-0.093593, -0.053827, -0.028791, 0.091722, 0.982027, -0.164953, -0.994325, 0.081357, -0.068547, -0.053895, 0.170304, 0.983917),
      ["LowerTorso"] = CFrame.new(-0.068377, -1.019910, -0.430808, 0.122782, 0.212883, -0.969333, -0.992392, 0.035304, -0.117949, 0.009112, 0.976440, 0.215598),
      ["RightUpperArm"] = CFrame.new(-0.095010, 0.260136, -0.471483, 0.997425, -0.071714, 0.000005, 0.025667, 0.356923, -0.933781, 0.066963, 0.931377, 0.357845),
      ["RightUpperLeg"] = CFrame.new(0.519235, -0.024825, -0.042943, 0.994577, -0.102118, -0.019686, 0.048226, 0.620574, -0.782664, 0.092141, 0.777471, 0.622133),
      ["рҹҢ§пёҸрҹҳірҹ‘»рҹҸіпёҸвҖҚрҹҢҲрҹҳӮрҹ’һрҹҸҙвҖҚвҳ пёҸрҹҺёрҹҢ§пёҸрҹҳірҹ‘»рҹҸіпёҸвҖҚрҹҢҲрҹҳӮрҹ’һрҹҸҙвҖҚвҳ"] = CFrame.new(0.000000, 0.000000, -0.000000, 0.907774, -0.235228, -0.347294, 0.185488, 0.967721, -0.170615, 0.376218, 0.090461, 0.922105)
    }},
    { Time = 0.200, Data = {
      ["Balls"] = CFrame.new(-0.000000, 0.000001, 0.000000, 0.975315, -0.220817, 0.000000, 0.220817, 0.975315, 0.000000, 0.000000, 0.000000, 1.000000),
      ["Balls2"] = CFrame.new(-0.000000, 0.000001, 0.000000, 0.989497, -0.144554, 0.000000, 0.144554, 0.989497, 0.000000, 0.000000, 0.000000, 1.000000),
      ["FloatingCock"] = CFrame.new(-0.008517, -1.986101, -0.949987, -0.090657, 0.010799, 0.995824, 0.117907, 0.993025, -0.000035, -0.988878, 0.117411, -0.091298),
      ["FloatingCock2"] = CFrame.new(1.085256, -1.756922, 1.574053, 0.974089, -0.037851, 0.222976, 0.038819, 0.999246, 0.000040, -0.222809, 0.008616, 0.974824),
      ["Head"] = CFrame.new(0.000000, -0.000000, 0.000000, 0.865064, -0.501648, -0.003612, 0.501660, 0.865055, 0.004124, 0.001056, -0.005379, 0.999985),
      ["LeftUpperArm"] = CFrame.new(0.168537, -0.693039, 0.210037, 0.995756, 0.087598, -0.028229, -0.089985, 0.991018, -0.098927, 0.019310, 0.101048, 0.994694),
      ["LeftUpperLeg"] = CFrame.new(-0.092900, -0.053769, -0.028670, 0.093109, 0.981904, -0.164910, -0.994209, 0.082764, -0.068542, -0.053653, 0.170337, 0.983924),
      ["LowerTorso"] = CFrame.new(-0.068195, -1.019806, -0.430056, 0.122643, 0.212931, -0.969340, -0.992414, 0.034707, -0.117938, 0.008530, 0.976451, 0.215572),
      ["RightUpperArm"] = CFrame.new(-0.095401, 0.260126, -0.471509, 0.997425, -0.071714, 0.000005, 0.025667, 0.356923, -0.933781, 0.066963, 0.931377, 0.357845),
      ["RightUpperLeg"] = CFrame.new(0.519316, -0.025367, -0.043631, 0.994518, -0.102695, -0.019693, 0.048578, 0.620530, -0.782676, 0.092597, 0.777429, 0.622117),
      ["рҹҢ§пёҸрҹҳірҹ‘»рҹҸіпёҸвҖҚрҹҢҲрҹҳӮрҹ’һрҹҸҙвҖҚвҳ пёҸрҹҺёрҹҢ§пёҸрҹҳірҹ‘»рҹҸіпёҸвҖҚрҹҢҲрҹҳӮрҹ’һрҹҸҙвҖҚвҳ"] = CFrame.new(0.000000, 0.000000, -0.000000, 0.907606, -0.235961, -0.347237, 0.186253, 0.967565, -0.170670, 0.376245, 0.090227, 0.922116)
    }},
    { Time = 0.217, Data = {
      ["Balls"] = CFrame.new(-0.000000, 0.000001, 0.000000, 0.973678, -0.227929, 0.000000, 0.227929, 0.973678, 0.000000, 0.000000, 0.000000, 1.000000),
      ["Balls2"] = CFrame.new(-0.000000, 0.000001, 0.000000, 0.988681, -0.150033, 0.000000, 0.150033, 0.988681, 0.000000, 0.000000, 0.000000, 1.000000),
      ["FloatingCock"] = CFrame.new(-0.006103, -1.988682, -0.923638, -0.090712, 0.010352, 0.995823, 0.113406, 0.993549, 0.000003, -0.989399, 0.112933, -0.091301),
      ["FloatingCock2"] = CFrame.new(1.064272, -1.762561, 1.577760, 0.974290, -0.032346, 0.222965, 0.033179, 0.999449, 0.000011, -0.222843, 0.007387, 0.974826),
      ["Head"] = CFrame.new(0.000000, -0.000000, 0.000000, 0.866667, -0.498836, -0.007067, 0.498885, 0.866614, 0.009727, 0.001272, -0.011956, 0.999928),
      ["LeftUpperArm"] = CFrame.new(0.168506, -0.693670, 0.209564, 0.995748, 0.087706, -0.028165, -0.090056, 0.991165, -0.097380, 0.019376, 0.099502, 0.994849),
      ["LeftUpperLeg"] = CFrame.new(-0.092439, -0.053730, -0.028599, 0.094031, 0.981811, -0.164941, -0.994130, 0.083692, -0.068561, -0.053510, 0.170420, 0.983918),
      ["LowerTorso"] = CFrame.new(-0.068006, -1.019720, -0.429277, 0.122503, 0.212978, -0.969347, -0.992436, 0.034110, -0.117927, 0.007948, 0.976461, 0.215546),
      ["RightUpperArm"] = CFrame.new(-0.095805, 0.260116, -0.471536, 0.997425, -0.071714, 0.000005, 0.025667, 0.356923, -0.933781, 0.066963, 0.931377, 0.357845),
      ["RightUpperLeg"] = CFrame.new(0.519403, -0.025961, -0.044353, 0.994451, -0.103349, -0.019663, 0.049008, 0.620479, -0.782690, 0.093091, 0.777383, 0.622101),
      ["рҹҢ§пёҸрҹҳірҹ‘»рҹҸіпёҸвҖҚрҹҢҲрҹҳӮрҹ’һрҹҸҙвҖҚвҳ пёҸрҹҺёрҹҢ§пёҸрҹҳірҹ‘»рҹҸіпёҸвҖҚрҹҢҲрҹҳӮрҹ’һрҹҸҙвҖҚвҳ"] = CFrame.new(0.000000, -0.000000, -0.000000, 0.907443, -0.236515, -0.347286, 0.186860, 0.967457, -0.170619, 0.376338, 0.089933, 0.922107)
    }},
    { Time = 0.233, Data = {
      ["Balls"] = CFrame.new(-0.000000, 0.000001, 0.000000, 0.972658, -0.232242, 0.000000, 0.232242, 0.972658, 0.000000, 0.000000, 0.000000, 1.000000),
      ["Balls2"] = CFrame.new(-0.000000, 0.000001, 0.000000, 0.988169, -0.153370, 0.000000, 0.153370, 0.988169, 0.000000, 0.000000, 0.000000, 1.000000),
      ["FloatingCock"] = CFrame.new(-0.003634, -1.991322, -0.896696, -0.090757, 0.009961, 0.995823, 0.108846, 0.994059, -0.000024, -0.989907, 0.108390, -0.091302),
      ["FloatingCock2"] = CFrame.new(1.042814, -1.768327, 1.581550, 0.974464, -0.026669, 0.222956, 0.027366, 0.999626, -0.000037, -0.222872, 0.006138, 0.974828),
      ["Head"] = CFrame.new(-0.000000, 0.000000, 0.000000, 0.868257, -0.496001, -0.010632, 0.496113, 0.868120, 0.015485, 0.001549, -0.018720, 0.999824),
      ["LeftUpperArm"] = CFrame.new(0.168474, -0.694052, 0.209297, 0.995750, 0.087722, -0.028041, -0.090044, 0.991249, -0.096524, 0.019329, 0.098639, 0.994936),
      ["LeftUpperLeg"] = CFrame.new(-0.092153, -0.053706, -0.028542, 0.094604, 0.981749, -0.164984, -0.994082, 0.084272, -0.068551, -0.053396, 0.170493, 0.983911),
      ["LowerTorso"] = CFrame.new(-0.067810, -1.019644, -0.428481, 0.122364, 0.213026, -0.969354, -0.992458, 0.033512, -0.117916, 0.007366, 0.976472, 0.215520),
      ["RightUpperArm"] = CFrame.new(-0.096218, 0.260105, -0.471564, 0.997425, -0.071714, 0.000005, 0.025667, 0.356923, -0.933781, 0.066963, 0.931377, 0.357845),
      ["RightUpperLeg"] = CFrame.new(0.519488, -0.026527, -0.045066, 0.994390, -0.103925, -0.019675, 0.049365, 0.620510, -0.782643, 0.093545, 0.777282, 0.622159),
      ["рҹҢ§пёҸрҹҳірҹ‘»рҹҸіпёҸвҖҚрҹҢҲрҹҳӮрҹ’һрҹҸҙвҖҚвҳ пёҸрҹҺёрҹҢ§пёҸрҹҳірҹ‘»рҹҸіпёҸвҖҚрҹҢҲрҹҳӮрҹ’һрҹҸҙвҖҚвҳ"] = CFrame.new(0.000000, 0.000000, -0.000000, 0.907368, -0.236847, -0.347255, 0.187192, 0.967382, -0.170680, 0.376354, 0.089866, 0.922107)
    }},
    { Time = 0.250, Data = {
      ["Balls"] = CFrame.new(0.000000, 0.000000, 0.000000, 0.972314, -0.233679, 0.000000, 0.233679, 0.972314, 0.000000, 0.000000, 0.000000, 1.000000),
      ["Balls2"] = CFrame.new(0.000000, -0.000000, -0.000000, 0.987996, -0.154482, 0.000000, 0.154482, 0.987996, 0.000000, 0.000000, 0.000000, 1.000000),
      ["FloatingCock"] = CFrame.new(-0.001138, -1.993991, -0.869455, -0.090797, 0.009507, 0.995824, 0.104221, 0.994554, 0.000008, -0.990401, 0.103786, -0.091293),
      ["FloatingCock2"] = CFrame.new(1.021120, -1.774157, 1.585383, 0.974604, -0.021000, 0.222948, 0.021543, 0.999768, -0.000000, -0.222896, 0.004803, 0.974830),
      ["Head"] = CFrame.new(-0.000000, 0.000000, -0.000000, 0.869877, -0.493065, -0.014199, 0.493266, 0.869617, 0.021339, 0.001826, -0.025566, 0.999671),
      ["LeftUpperArm"] = CFrame.new(0.168464, -0.694179, 0.209194, 0.995750, 0.087727, -0.028026, -0.090040, 0.991283, -0.096181, 0.019344, 0.098295, 0.994969),
      ["LeftUpperLeg"] = CFrame.new(-0.092037, -0.053695, -0.028532, 0.094836, 0.981728, -0.164976, -0.994061, 0.084504, -0.068571, -0.053376, 0.170500, 0.983911),
      ["LowerTorso"] = CFrame.new(-0.067612, -1.019575, -0.427675, 0.122224, 0.213073, -0.969361, -0.992479, 0.032915, -0.117904, 0.006784, 0.976482, 0.215494),
      ["RightUpperArm"] = CFrame.new(-0.096636, 0.260094, -0.471592, 0.997425, -0.071714, 0.000005, 0.025667, 0.356923, -0.933781, 0.066963, 0.931377, 0.357845),
      ["RightUpperLeg"] = CFrame.new(0.519581, -0.027115, -0.045843, 0.994317, -0.104617, -0.019723, 0.049757, 0.620458, -0.782659, 0.094116, 0.777230, 0.622138),
      ["рҹҢ§пёҸрҹҳірҹ‘»рҹҸіпёҸвҖҚрҹҢҲрҹҳӮрҹ’һрҹҸҙвҖҚвҳ пёҸрҹҺёрҹҢ§пёҸрҹҳірҹ‘»рҹҸіпёҸвҖҚрҹҢҲрҹҳӮрҹ’һрҹҸҙвҖҚвҳ"] = CFrame.new(0.000000, 0.000000, -0.000000, 0.907349, -0.236915, -0.347258, 0.187292, 0.967374, -0.170612, 0.376350, 0.089766, 0.922119)
    }},
    { Time = 0.267, Data = {
      ["Balls"] = CFrame.new(-0.000000, 0.000001, 0.000000, 0.972658, -0.232242, 0.000000, 0.232242, 0.972658, 0.000000, 0.000000, 0.000000, 1.000000),
      ["Balls2"] = CFrame.new(-0.000000, 0.000001, 0.000000, 0.988169, -0.153370, 0.000000, 0.153370, 0.988169, 0.000000, 0.000000, 0.000000, 1.000000),
      ["FloatingCock"] = CFrame.new(0.001358, -1.996660, -0.842214, -0.090824, 0.009052, 0.995826, 0.099594, 0.995028, 0.000039, -0.990874, 0.099182, -0.091274),
      ["FloatingCock2"] = CFrame.new(0.999425, -1.779987, 1.589216, 0.974711, -0.015332, 0.222941, 0.015719, 0.999876, 0.000037, -0.222914, 0.003468, 0.974832),
      ["Head"] = CFrame.new(-0.000000, 0.000000, 0.000000, 0.871438, -0.490184, -0.017747, 0.490500, 0.871016, 0.027202, 0.002124, -0.032410, 0.999472),
      ["LeftUpperArm"] = CFrame.new(0.168474, -0.694052, 0.209297, 0.995750, 0.087722, -0.028041, -0.090044, 0.991249, -0.096524, 0.019329, 0.098639, 0.994936),
      ["LeftUpperLeg"] = CFrame.new(-0.092153, -0.053706, -0.028542, 0.094604, 0.981749, -0.164984, -0.994082, 0.084272, -0.068551, -0.053396, 0.170493, 0.983911),
      ["LowerTorso"] = CFrame.new(-0.067485, -1.019506, -0.426852, 0.122157, 0.213193, -0.969343, -0.992492, 0.032317, -0.117966, 0.006177, 0.976476, 0.215540),
      ["RightUpperArm"] = CFrame.new(-0.097053, 0.260084, -0.471620, 0.997425, -0.071714, 0.000005, 0.025667, 0.356923, -0.933781, 0.066963, 0.931377, 0.357845),
      ["RightUpperLeg"] = CFrame.new(0.519670, -0.027721, -0.046581, 0.994249, -0.105271, -0.019692, 0.050187, 0.620406, -0.782673, 0.094610, 0.777183, 0.622121),
      ["рҹҢ§пёҸрҹҳірҹ‘»рҹҸіпёҸвҖҚрҹҢҲрҹҳӮрҹ’һрҹҸҙвҖҚвҳ пёҸрҹҺёрҹҢ§пёҸрҹҳірҹ‘»рҹҸіпёҸвҖҚрҹҢҲрҹҳӮрҹ’һрҹҸҙвҖҚвҳ"] = CFrame.new(0.000000, 0.000000, -0.000000, 0.907368, -0.236847, -0.347255, 0.187192, 0.967382, -0.170680, 0.376354, 0.089866, 0.922107)
    }},
    { Time = 0.283, Data = {
      ["Balls"] = CFrame.new(-0.000000, 0.000001, 0.000000, 0.973678, -0.227929, 0.000000, 0.227929, 0.973678, 0.000000, 0.000000, 0.000000, 1.000000),
      ["Balls2"] = CFrame.new(-0.000000, 0.000001, 0.000000, 0.988681, -0.150033, 0.000000, 0.150033, 0.988681, 0.000000, 0.000000, 0.000000, 1.000000),
      ["FloatingCock"] = CFrame.new(0.003827, -1.999299, -0.815271, -0.090834, 0.008660, 0.995828, 0.095029, 0.995475, 0.000011, -0.991322, 0.094633, -0.091246),
      ["FloatingCock2"] = CFrame.new(0.977968, -1.785753, 1.593006, 0.974784, -0.009738, 0.222938, 0.009990, 0.999950, -0.000002, -0.222927, 0.002229, 0.974833),
      ["Head"] = CFrame.new(-0.000000, 0.000000, 0.000000, 0.873030, -0.487203, -0.021253, 0.487660, 0.872410, 0.032994, 0.002467, -0.039169, 0.999230),
      ["LeftUpperArm"] = CFrame.new(0.168506, -0.693670, 0.209564, 0.995748, 0.087706, -0.028165, -0.090056, 0.991165, -0.097380, 0.019376, 0.099502, 0.994849),
      ["LeftUpperLeg"] = CFrame.new(-0.092439, -0.053730, -0.028599, 0.094031, 0.981811, -0.164941, -0.994130, 0.083692, -0.068561, -0.053510, 0.170420, 0.983918),
      ["LowerTorso"] = CFrame.new(-0.067361, -1.019511, -0.426036, 0.122017, 0.213311, -0.969335, -0.992512, 0.031800, -0.117936, 0.005668, 0.976467, 0.215594),
      ["RightUpperArm"] = CFrame.new(-0.097467, 0.260073, -0.471648, 0.997425, -0.071714, 0.000005, 0.025667, 0.356923, -0.933781, 0.066963, 0.931377, 0.357845),
      ["RightUpperLeg"] = CFrame.new(0.519756, -0.028285, -0.047295, 0.994187, -0.105848, -0.019700, 0.050539, 0.620362, -0.782686, 0.095066, 0.777141, 0.622105),
      ["рҹҢ§пёҸрҹҳірҹ‘»рҹҸіпёҸвҖҚрҹҢҲрҹҳӮрҹ’һрҹҸҙвҖҚвҳ пёҸрҹҺёрҹҢ§пёҸрҹҳірҹ‘»рҹҸіпёҸвҖҚрҹҢҲрҹҳӮрҹ’һрҹҸҙвҖҚвҳ"] = CFrame.new(0.000000, -0.000000, -0.000000, 0.907443, -0.236515, -0.347286, 0.186860, 0.967457, -0.170619, 0.376338, 0.089933, 0.922107)
    }},
    { Time = 0.300, Data = {
      ["Balls"] = CFrame.new(-0.000000, 0.000001, 0.000000, 0.975315, -0.220817, 0.000000, 0.220817, 0.975315, 0.000000, 0.000000, 0.000000, 1.000000),
      ["Balls2"] = CFrame.new(-0.000000, 0.000001, 0.000000, 0.989497, -0.144554, 0.000000, 0.144554, 0.989497, 0.000000, 0.000000, 0.000000, 1.000000),
      ["FloatingCock"] = CFrame.new(0.006241, -2.001881, -0.788923, -0.090827, 0.008273, 0.995832, 0.090584, 0.995889, -0.000011, -0.991738, 0.090205, -0.091203),
      ["FloatingCock2"] = CFrame.new(0.956984, -1.791392, 1.596713, 0.974824, -0.004231, 0.222935, 0.004347, 0.999991, -0.000031, -0.222933, 0.000999, 0.974833),
      ["Head"] = CFrame.new(-0.000000, 0.000000, -0.000000, 0.874566, -0.484282, -0.024615, 0.484899, 0.873716, 0.038649, 0.002790, -0.045737, 0.998950),
      ["LeftUpperArm"] = CFrame.new(0.168537, -0.693039, 0.210037, 0.995756, 0.087598, -0.028229, -0.089985, 0.991018, -0.098927, 0.019310, 0.101048, 0.994694),
      ["LeftUpperLeg"] = CFrame.new(-0.092900, -0.053769, -0.028671, 0.093109, 0.981904, -0.164910, -0.994209, 0.082764, -0.068542, -0.053653, 0.170337, 0.983924),
      ["LowerTorso"] = CFrame.new(-0.067170, -1.019424, -0.425256, 0.121877, 0.213358, -0.969342, -0.992532, 0.031202, -0.117925, 0.005085, 0.976476, 0.215568),
      ["RightUpperArm"] = CFrame.new(-0.097871, 0.260063, -0.471675, 0.997425, -0.071714, 0.000005, 0.025667, 0.356923, -0.933781, 0.066963, 0.931377, 0.357845),
      ["RightUpperLeg"] = CFrame.new(0.519844, -0.028881, -0.048016, 0.994118, -0.106501, -0.019675, 0.050973, 0.620384, -0.782640, 0.095558, 0.777034, 0.622163),
      ["рҹҢ§пёҸрҹҳірҹ‘»рҹҸіпёҸвҖҚрҹҢҲрҹҳӮрҹ’һрҹҸҙвҖҚвҳ пёҸрҹҺёрҹҢ§пёҸрҹҳірҹ‘»рҹҸіпёҸвҖҚрҹҢҲрҹҳӮрҹ’һрҹҸҙвҖҚвҳ"] = CFrame.new(0.000000, 0.000000, -0.000000, 0.907606, -0.235961, -0.347237, 0.186253, 0.967565, -0.170670, 0.376245, 0.090227, 0.922116)
    }},
    { Time = 0.317, Data = {
      ["Balls"] = CFrame.new(-0.000000, 0.000001, 0.000000, 0.977490, -0.210982, 0.000000, 0.210982, 0.977490, 0.000000, 0.000000, 0.000000, 1.000000),
      ["Balls2"] = CFrame.new(-0.000000, 0.000001, 0.000000, 0.990569, -0.137014, 0.000000, 0.137014, 0.990569, 0.000000, 0.000000, 0.000000, 1.000000),
      ["FloatingCock"] = CFrame.new(0.008574, -2.004376, -0.763456, -0.090919, 0.007896, 0.995827, 0.086259, 0.996273, -0.000024, -0.992115, 0.085897, -0.091261),
      ["FloatingCock2"] = CFrame.new(0.936702, -1.796843, 1.600296, 0.974833, 0.001105, 0.222935, -0.001125, 0.999999, -0.000040, -0.222935, -0.000212, 0.974833),
      ["Head"] = CFrame.new(-0.000000, 0.000000, 0.000000, 0.876002, -0.481498, -0.027919, 0.482297, 0.874895, 0.044144, 0.003171, -0.052135, 0.998635),
      ["LeftUpperArm"] = CFrame.new(0.168610, -0.692170, 0.210695, 0.995754, 0.087563, -0.028410, -0.090011, 0.990799, -0.101071, 0.019299, 0.103199, 0.994474),
      ["LeftUpperLeg"] = CFrame.new(-0.093594, -0.053827, -0.028791, 0.091722, 0.982027, -0.164953, -0.994325, 0.081357, -0.068547, -0.053895, 0.170304, 0.983917),
      ["LowerTorso"] = CFrame.new(-0.066987, -1.019318, -0.424502, 0.121736, 0.213405, -0.969350, -0.992552, 0.030604, -0.117913, 0.004502, 0.976484, 0.215541),
      ["RightUpperArm"] = CFrame.new(-0.098261, 0.260053, -0.471701, 0.997425, -0.071714, 0.000005, 0.025667, 0.356923, -0.933781, 0.066963, 0.931377, 0.357845),
      ["RightUpperLeg"] = CFrame.new(0.519927, -0.029423, -0.048704, 0.994056, -0.107077, -0.019682, 0.051325, 0.620338, -0.782653, 0.096014, 0.776991, 0.622147),
      ["рҹҢ§пёҸрҹҳірҹ‘»рҹҸіпёҸвҖҚрҹҢҲрҹҳӮрҹ’һрҹҸҙвҖҚвҳ пёҸрҹҺёрҹҢ§пёҸрҹҳірҹ‘»рҹҸіпёҸвҖҚрҹҢҲрҹҳӮрҹ’һрҹҸҙвҖҚвҳ"] = CFrame.new(0.000000, 0.000000, -0.000000, 0.907774, -0.235228, -0.347294, 0.185488, 0.967721, -0.170615, 0.376218, 0.090461, 0.922105)
    }},
    { Time = 0.333, Data = {
      ["Balls"] = CFrame.new(-0.000000, 0.000001, 0.000000, 0.980102, -0.198495, 0.000000, 0.198495, 0.980102, 0.000000, 0.000000, 0.000000, 1.000000),
      ["Balls2"] = CFrame.new(-0.000000, 0.000001, 0.000000, 0.991850, -0.127410, 0.000000, 0.127410, 0.991850, 0.000000, 0.000000, 0.000000, 1.000000),
      ["FloatingCock"] = CFrame.new(0.010801, -2.006757, -0.739151, -0.090880, 0.007460, 0.995834, 0.082112, 0.996623, 0.000027, -0.992471, 0.081773, -0.091186),
      ["FloatingCock2"] = CFrame.new(0.917345, -1.802045, 1.603715, 0.974813, 0.006184, 0.222936, -0.006339, 0.999980, -0.000021, -0.222932, -0.001393, 0.974833),
      ["Head"] = CFrame.new(0.000000, 0.000000, 0.000000, 0.877387, -0.478783, -0.030977, 0.479771, 0.876000, 0.049438, 0.003466, -0.058238, 0.998297),
      ["LeftUpperArm"] = CFrame.new(0.168701, -0.691068, 0.211514, 0.995750, 0.087515, -0.028700, -0.090045, 0.990521, -0.103725, 0.019350, 0.105869, 0.994192),
      ["LeftUpperLeg"] = CFrame.new(-0.094401, -0.053892, -0.028954, 0.090108, 0.982179, -0.164941, -0.994455, 0.079715, -0.068591, -0.054220, 0.170207, 0.983916),
      ["LowerTorso"] = CFrame.new(-0.066814, -1.019192, -0.423782, 0.121596, 0.213451, -0.969357, -0.992572, 0.030005, -0.117901, 0.003920, 0.976493, 0.215514),
      ["RightUpperArm"] = CFrame.new(-0.098634, 0.260043, -0.471726, 0.997425, -0.071714, 0.000005, 0.025667, 0.356923, -0.933781, 0.066963, 0.931377, 0.357845),
      ["RightUpperLeg"] = CFrame.new(0.520007, -0.029949, -0.049371, 0.993993, -0.107654, -0.019689, 0.051677, 0.620292, -0.782666, 0.096470, 0.776948, 0.622130),
      ["рҹҢ§пёҸрҹҳірҹ‘»рҹҸіпёҸвҖҚрҹҢҲрҹҳӮрҹ’һрҹҸҙвҖҚвҳ пёҸрҹҺёрҹҢ§пёҸрҹҳірҹ‘»рҹҸіпёҸвҖҚрҹҢҲрҹҳӮрҹ’һрҹҸҙвҖҚвҳ"] = CFrame.new(0.000000, 0.000000, -0.000000, 0.908011, -0.234357, -0.347265, 0.184532, 0.967891, -0.170689, 0.376117, 0.090906, 0.922102)
    }},
    { Time = 0.350, Data = {
      ["Balls"] = CFrame.new(-0.000000, 0.000001, 0.000000, 0.983033, -0.183428, 0.000000, 0.183428, 0.983033, 0.000000, 0.000000, 0.000000, 1.000000),
      ["Balls2"] = CFrame.new(-0.000000, 0.000001, 0.000000, 0.993260, -0.115907, 0.000000, 0.115907, 0.993260, 0.000000, 0.000000, 0.000000, 1.000000),
      ["FloatingCock"] = CFrame.new(0.012898, -2.008999, -0.716273, -0.090933, 0.007162, 0.995831, 0.078214, 0.996937, -0.000028, -0.992781, 0.077885, -0.091214),
