return {
  ["Astros flex"] = {
    { Time = 0.000, Data = {
      ["Head"] = CFrame.new(-0.000000, 0.000000, 0.000000, 1.000000, 0.000000, 0.000000, 0.000000, 0.995869, -0.090803, 0.000000, 0.090803, 0.995869),
      ["LeftUpperArm"] = CFrame.new(-0.329418, -0.755714, -0.130002, 0.878881, -0.377010, -0.292288, -0.337796, -0.924479, 0.176726, -0.336841, -0.056588, -0.939860),
      ["LeftUpperLeg"] = CFrame.new(-0.005964, 0.005284, -0.037498, 0.984490, 0.057143, 0.165871, -0.059623, 0.998171, 0.010008, -0.164996, -0.019743, 0.986097),
      ["LowerTorso"] = CFrame.new(0.000000, -0.008747, 0.000000, 1.000000, 0.000000, 0.000000, 0.000000, 1.000000, 0.000000, 0.000000, 0.000000, 1.000000),
      ["RightUpperArm"] = CFrame.new(0.329419, -0.755714, -0.130002, 0.878881, 0.377010, 0.292288, 0.337796, -0.924479, 0.176726, 0.336841, -0.056588, -0.939860),
      ["RightUpperLeg"] = CFrame.new(0.005968, 0.005285, -0.037500, 0.984490, -0.057143, -0.165871, 0.059623, 0.998171, 0.010008, 0.164996, -0.019743, 0.986097)
    }},
    { Time = 0.042, Data = {
      ["Head"] = CFrame.new(-0.000000, 0.000000, 0.000000, 0.999730, -0.001925, -0.023159, -0.000028, 0.996465, -0.084009, 0.023238, 0.083987, 0.996196),
      ["LeftUpperArm"] = CFrame.new(-0.326910, -0.693765, -0.119733, 0.875014, -0.365536, -0.317386, -0.319789, -0.928667, 0.187915, -0.363436, -0.062932, -0.929491),
      ["LeftUpperLeg"] = CFrame.new(-0.004748, 0.004587, -0.032799, 0.985752, 0.068914, 0.153440, -0.070770, 0.997470, 0.006660, -0.152593, -0.017424, 0.988136),
      ["LowerTorso"] = CFrame.new(-0.001140, -0.010112, 0.002808, 0.999999, 0.001124, -0.001293, -0.001120, 0.999996, 0.002763, 0.001296, -0.002762, 0.999995),
      ["RightUpperArm"] = CFrame.new(0.324957, -0.696621, -0.125140, 0.880132, 0.365961, 0.302391, 0.323739, -0.928572, 0.181514, 0.347219, -0.061860, -0.935742),
      ["RightUpperLeg"] = CFrame.new(0.008472, 0.007238, -0.048889, 0.981988, -0.057516, -0.179977, 0.060380, 0.998121, 0.010472, 0.179037, -0.021150, 0.983615)
    }},
    { Time = 0.083, Data = {
      ["Head"] = CFrame.new(-0.000000, -0.000000, 0.000000, 0.996132, -0.006476, -0.087627, 0.000764, 0.997881, -0.065063, 0.087862, 0.064744, 0.994026),
      ["LeftUpperArm"] = CFrame.new(-0.320292, -0.538755, -0.094432, 0.860342, -0.335527, -0.383709, -0.270642, -0.938611, 0.213923, -0.431930, -0.080199, -0.898335),
      ["LeftUpperLeg"] = CFrame.new(0.000537, -0.000643, 0.004992, 0.987716, 0.100887, 0.119322, -0.101001, 0.994873, -0.005111, -0.119226, -0.007004, 0.992842),
      ["LowerTorso"] = CFrame.new(-0.004366, -0.012147, 0.004467, 0.999979, 0.004241, -0.004998, -0.004219, 0.999982, 0.004327, 0.005016, -0.004305, 0.999978),
      ["RightUpperArm"] = CFrame.new(0.313160, -0.548901, -0.112814, 0.880585, 0.335896, 0.334281, 0.284422, -0.938838, 0.194130, 0.379043, -0.075871, -0.922264),
      ["RightUpperLeg"] = CFrame.new(0.013203, 0.010685, -0.068351, 0.977912, -0.059905, -0.200246, 0.064219, 0.997821, 0.015111, 0.198905, -0.027637, 0.979629)
    }},
    { Time = 0.125, Data = {
      ["Head"] = CFrame.new(-0.000000, 0.000000, 0.000000, 0.982540, -0.010890, -0.185733, 0.004234, 0.999336, -0.036199, 0.186003, 0.034780, 0.981933),
      ["LeftUpperArm"] = CFrame.new(-0.310937, -0.336834, -0.062492, 0.828488, -0.293662, -0.476835, -0.197487, -0.949985, 0.241926, -0.524030, -0.106265, -0.845045),
      ["LeftUpperLeg"] = CFrame.new(0.009098, -0.014486, 0.156378, 0.987238, 0.146781, 0.061779, -0.142713, 0.987574, -0.065806, -0.070670, 0.056150, 0.995918),
      ["LowerTorso"] = CFrame.new(-0.009686, -0.016594, 0.005439, 0.999897, 0.009265, -0.010939, -0.009208, 0.999944, 0.005230, 0.010986, -0.005129, 0.999927),
      ["RightUpperArm"] = CFrame.new(0.296202, -0.356779, -0.096792, 0.873071, 0.290646, 0.391501, 0.222188, -0.951864, 0.211161, 0.434028, -0.097372, -0.895622),
      ["RightUpperLeg"] = CFrame.new(0.022175, 0.017087, -0.101779, 0.972105, -0.062855, -0.225965, 0.070673, 0.997143, 0.026669, 0.223643, -0.041895, 0.973770)
    }},
    { Time = 0.167, Data = {
      ["Head"] = CFrame.new(-0.000000, -0.000000, 0.000000, 0.951392, -0.012265, -0.307738, 0.012803, 0.999918, -0.000271, 0.307716, -0.003682, 0.951471),
      ["LeftUpperArm"] = CFrame.new(-0.300101, -0.134378, -0.032088, 0.775401, -0.246167, -0.581511, -0.109399, -0.959329, 0.260230, -0.621920, -0.138166, -0.770795),
      ["LeftUpperLeg"] = CFrame.new(0.000326, -0.010488, 0.167741, 0.982083, 0.188360, 0.005727, -0.187949, 0.981244, -0.042849, -0.013690, 0.041005, 0.999065),
      ["LowerTorso"] = CFrame.new(-0.016935, -0.025185, 0.006008, 0.999697, 0.015936, -0.018771, -0.015828, 0.999858, 0.005846, 0.018862, -0.005547, 0.999807),
      ["RightUpperArm"] = CFrame.new(0.276258, -0.164431, -0.081086, 0.846094, 0.234036, 0.478908, 0.138101, -0.964025, 0.227122, 0.514834, -0.126029, -0.847976),
      ["RightUpperLeg"] = CFrame.new(0.037126, 0.027618, -0.150612, 0.964409, -0.065173, -0.256258, 0.079351, 0.995814, 0.045371, 0.252228, -0.064091, 0.965543)
    }},
    { Time = 0.208, Data = {
      ["Head"] = CFrame.new(-0.000000, 0.000000, 0.000000, 0.897529, -0.007954, -0.440883, 0.028024, 0.998845, 0.039029, 0.440063, -0.047385, 0.896716),
      ["LeftUpperArm"] = CFrame.new(-0.288673, 0.021711, -0.010924, 0.702237, -0.197872, -0.683894, -0.017750, -0.965168, 0.261027, -0.711722, -0.171164, -0.681289),
      ["LeftUpperLeg"] = CFrame.new(-0.008729, -0.004398, 0.167781, 0.972270, 0.229019, -0.047351, -0.229582, 0.973266, -0.006745, 0.044541, 0.017428, 0.998856),
      ["LowerTorso"] = CFrame.new(-0.026033, -0.039647, 0.006362, 0.999309, 0.024080, -0.028321, -0.023906, 0.999693, 0.006469, 0.028468, -0.005787, 0.999578),
      ["RightUpperArm"] = CFrame.new(0.255847, -0.016050, -0.069898, 0.781267, 0.171219, 0.600255, 0.033596, -0.971784, 0.233469, 0.623292, -0.162236, -0.764975),
      ["RightUpperLeg"] = CFrame.new(0.059250, 0.043301, -0.213069, 0.954675, -0.065942, -0.290254, 0.089920, 0.993482, 0.070050, 0.283743, -0.092975, 0.954382)
    }},
    { Time = 0.250, Data = {
      ["Head"] = CFrame.new(-0.000000, -0.000000, -0.000000, 0.821343, 0.003321, -0.570425, 0.049731, 0.995759, 0.077404, 0.568263, -0.091943, 0.817694),
      ["LeftUpperArm"] = CFrame.new(-0.276864, 0.083961, -0.006412, 0.614945, -0.151031, -0.773971, 0.065905, -0.968211, 0.241298, -0.785811, -0.199393, -0.585443),
      ["LeftUpperLeg"] = CFrame.new(-0.016405, 0.002144, 0.167252, 0.959942, 0.264542, -0.092348, -0.262679, 0.964353, 0.031996, 0.097520, -0.006456, 0.995213),
      ["LowerTorso"] = CFrame.new(-0.036818, -0.061706, 0.006781, 0.998667, 0.033444, -0.039322, -0.033174, 0.999422, 0.007474, 0.039549, -0.006160, 0.999199),
      ["RightUpperArm"] = CFrame.new(0.238278, 0.043965, -0.067261, 0.649788, 0.110331, 0.752066, -0.086075, -0.972365, 0.217019, 0.755227, -0.205750, -0.622334),
      ["RightUpperLeg"] = CFrame.new(0.089036, 0.065443, -0.285876, 0.942976, -0.064399, -0.326572, 0.101743, 0.989915, 0.098572, 0.316930, -0.126178, 0.940018)
    }},
    { Time = 0.292, Data = {
      ["Head"] = CFrame.new(-0.000000, -0.000000, 0.000000, 0.729923, 0.020451, -0.683224, 0.076028, 0.990921, 0.110886, 0.679288, -0.132883, 0.721741),
      ["LeftUpperArm"] = CFrame.new(-0.259079, 0.035786, -0.007216, 0.497486, -0.095688, -0.862178, 0.124436, -0.975747, 0.180093, -0.858501, -0.196879, -0.473513),
      ["LeftUpperLeg"] = CFrame.new(-0.022214, 0.008244, 0.166407, 0.948351, 0.290956, -0.126393, -0.284308, 0.956305, 0.068192, 0.140711, -0.028736, 0.989634),
      ["LowerTorso"] = CFrame.new(-0.051019, -0.096870, 0.007593, 0.997706, 0.043950, -0.051499, -0.043530, 0.999009, 0.009241, 0.051854, -0.006978, 0.998630),
      ["RightUpperArm"] = CFrame.new(0.218473, -0.002275, -0.058123, 0.410959, 0.027657, 0.911234, -0.173504, -0.978898, 0.107960, 0.894991, -0.202470, -0.397488),
      ["RightUpperLeg"] = CFrame.new(0.129256, 0.098240, -0.373428, 0.928950, -0.059359, -0.365417, 0.115257, 0.984378, 0.133099, 0.351808, -0.165759, 0.921279)
    }},
    { Time = 0.333, Data = {
      ["Head"] = CFrame.new(-0.000000, -0.000000, 0.000000, 0.635856, 0.040588, -0.770740, 0.103238, 0.985170, 0.137051, 0.764872, -0.166714, 0.622236),
      ["LeftUpperArm"] = CFrame.new(-0.227024, -0.089495, 0.001927, 0.314130, -0.006180, -0.949360, 0.138044, -0.989054, 0.052115, -0.939290, -0.147424, -0.309839),
      ["LeftUpperLeg"] = CFrame.new(-0.026194, 0.013121, 0.165530, 0.940733, 0.304271, -0.149799, -0.292247, 0.951394, 0.097166, 0.172083, -0.047629, 0.983930),
      ["LowerTorso"] = CFrame.new(-0.069598, -0.145870, 0.008817, 0.996386, 0.055176, -0.064580, -0.054525, 0.998443, 0.011786, 0.065130, -0.008222, 0.997843),
      ["RightUpperArm"] = CFrame.new(0.179379, -0.120529, -0.031371, 0.051931, -0.140427, 0.988728, -0.132773, -0.982245, -0.132533, 0.989785, -0.124394, -0.069654),
      ["RightUpperLeg"] = CFrame.new(0.177623, 0.142813, -0.465829, 0.912367, -0.052228, -0.406028, 0.130724, 0.977070, 0.168061, 0.387941, -0.206411, 0.898274)
    }},
    { Time = 0.375, Data = {
      ["Head"] = CFrame.new(-0.000000, -0.000000, 0.000000, 0.553430, 0.059697, -0.830754, 0.127128, 0.979687, 0.155089, 0.823137, -0.191443, 0.534599),
      ["LeftUpperArm"] = CFrame.new(-0.173973, -0.261066, 0.018879, 0.049145, 0.149765, -0.987500, 0.070257, -0.986764, -0.146156, -0.996318, -0.062196, -0.059017),
      ["LeftUpperLeg"] = CFrame.new(0.007541, -0.003214, -0.041728, 0.939654, 0.315945, -0.131263, -0.283398, 0.933727, 0.218721, 0.191668, -0.168322, 0.966918),
      ["LowerTorso"] = CFrame.new(-0.092014, -0.203248, 0.010173, 0.994661, 0.067120, -0.078382, -0.066153, 0.997699, 0.014873, 0.079200, -0.009609, 0.996812),
      ["RightUpperArm"] = CFrame.new(0.116863, -0.268284, -0.005212, -0.320422, -0.405604, 0.856046, 0.099136, -0.913089, -0.395525, 0.942073, -0.041870, 0.332784),
      ["RightUpperLeg"] = CFrame.new(0.227775, 0.196670, -0.548602, 0.893656, -0.045545, -0.446435, 0.147338, 0.969466, 0.196030, 0.423875, -0.240960, 0.873079)
    }},
    { Time = 0.417, Data = {
      ["Head"] = CFrame.new(-0.000000, -0.000000, 0.000000, 0.496096, 0.073556, -0.865146, 0.143776, 0.975690, 0.165399, 0.856281, -0.206441, 0.473461),
      ["LeftUpperArm"] = CFrame.new(-0.095349, -0.440331, 0.034274, -0.261148, 0.396248, -0.880221, -0.133716, -0.917922, -0.373548, -0.955993, 0.020148, 0.292698),
      ["LeftUpperLeg"] = CFrame.new(0.055966, -0.017710, -0.277779, 0.942247, 0.317073, -0.107867, -0.263590, 0.900750, 0.345210, 0.206618, -0.296841, 0.932306),
      ["LowerTorso"] = CFrame.new(-0.117477, -0.263561, 0.011655, 0.992519, 0.079528, -0.092637, -0.078141, 0.996771, 0.018508, 0.093809, -0.011131, 0.995528),
      ["RightUpperArm"] = CFrame.new(0.053597, -0.411591, 0.000373, -0.512145, -0.677657, 0.527719, 0.440282, -0.734682, -0.516135, 0.737468, -0.031991, 0.674624),
      ["RightUpperLeg"] = CFrame.new(0.274315, 0.257048, -0.614969, 0.873491, -0.041663, -0.485054, 0.164303, 0.963104, 0.213155, 0.458277, -0.265884, 0.848108)
    }},
    { Time = 0.458, Data = {
      ["Head"] = CFrame.new(-0.000000, -0.000000, 0.000000, 0.474889, 0.078847, -0.876507, 0.149994, 0.974154, 0.168897, 0.867169, -0.211678, 0.450788),
      ["LeftUpperArm"] = CFrame.new(-0.005954, -0.588108, 0.029234, -0.467361, 0.683685, -0.560490, -0.463686, -0.729356, -0.503026, -0.752708, 0.024797, 0.657888),
      ["LeftUpperLeg"] = CFrame.new(0.093375, -0.024080, -0.419761, 0.944421, 0.311484, -0.105107, -0.240699, 0.872963, 0.424264, 0.223906, -0.375385, 0.899418),
      ["LowerTorso"] = CFrame.new(-0.145186, -0.321378, 0.013188, 0.989982, 0.092138, -0.106991, -0.090226, 0.995665, 0.022591, 0.108609, -0.012711, 0.994003),
      ["RightUpperArm"] = CFrame.new(0.014944, -0.542463, -0.012879, -0.480875, -0.856126, 0.189232, 0.721429, -0.508999, -0.469531, 0.498297, -0.089268, 0.862399),
      ["RightUpperLeg"] = CFrame.new(0.313020, 0.320383, -0.662564, 0.852609, -0.042240, -0.520840, 0.180823, 0.958999, 0.218230, 0.490267, -0.280244, 0.825289)
    }},
    { Time = 0.500, Data = {
      ["Head"] = CFrame.new(-0.000000, 0.000000, 0.000000, 0.477153, 0.081278, -0.875054, 0.146305, 0.974472, 0.170291, 0.866556, -0.209280, 0.453081),
      ["LeftUpperArm"] = CFrame.new(0.059203, -0.689208, -0.001016, -0.435345, 0.885660, -0.161499, -0.769001, -0.459112, -0.444808, -0.468094, -0.069452, 0.880945),
      ["LeftUpperLeg"] = CFrame.new(0.127245, -0.027609, -0.517483, 0.945820, 0.303524, -0.115313, -0.214248, 0.850274, 0.480761, 0.243971, -0.430008, 0.869236),
      ["LowerTorso"] = CFrame.new(-0.174419, -0.371279, 0.014528, 0.987074, 0.104765, -0.121279, -0.102243, 0.994397, 0.026851, 0.123413, -0.014104, 0.992255),
      ["RightUpperArm"] = CFrame.new(0.000339, -0.654993, -0.029588, -0.341341, -0.939138, -0.038813, 0.882318, -0.305907, -0.357681, 0.324039, -0.156336, 0.933037),
      ["RightUpperLeg"] = CFrame.new(0.341003, 0.381952, -0.691206, 0.832013, -0.048614, -0.552622, 0.196263, 0.957524, 0.211256, 0.518879, -0.284227, 0.806213)
    }},
    { Time = 0.542, Data = {
      ["Head"] = CFrame.new(-0.000000, -0.000000, 0.000000, 0.483639, 0.088043, -0.870828, 0.136266, 0.975223, 0.174277, 0.864595, -0.202951, 0.459658),
      ["LeftUpperArm"] = CFrame.new(0.087956, -0.745097, -0.032071, -0.249509, 0.962614, 0.105452, -0.931120, -0.208570, -0.299188, -0.266009, -0.172839, 0.948349),
      ["LeftUpperLeg"] = CFrame.new(0.158158, -0.029006, -0.579613, 0.945942, 0.293611, -0.137795, -0.183660, 0.835078, 0.518568, 0.267327, -0.465228, 0.843860),
      ["LowerTorso"] = CFrame.new(-0.204466, -0.407844, 0.015784, 0.983841, 0.117236, -0.135324, -0.114014, 0.992984, 0.031351, 0.138050, -0.015415, 0.990305),
      ["RightUpperArm"] = CFrame.new(-0.002612, -0.729880, -0.039844, -0.188815, -0.969791, -0.154447, 0.954600, -0.144358, -0.260577, 0.230410, -0.196636, 0.953019),
      ["RightUpperLeg"] = CFrame.new(0.357033, 0.435651, -0.701811, 0.812597, -0.061390, -0.579584, 0.209903, 0.958532, 0.192762, 0.543716, -0.278294, 0.791786)
    }},
    { Time = 0.583, Data = {
      ["Head"] = CFrame.new(-0.000000, 0.000000, 0.000000, 0.493459, 0.098064, -0.864223, 0.121300, 0.976154, 0.180026, 0.861269, -0.193666, 0.469797),
      ["LeftUpperArm"] = CFrame.new(0.095845, -0.740931, -0.039793, -0.057691, 0.980329, 0.188749, -0.977548, -0.017092, -0.210018, -0.202660, -0.196627, 0.959305),
      ["LeftUpperLeg"] = CFrame.new(0.184532, -0.028245, -0.607697, 0.944215, 0.280930, -0.171862, -0.149166, 0.830072, 0.537336, 0.293611, -0.481725, 0.825671),
      ["LowerTorso"] = CFrame.new(-0.234419, -0.425697, 0.016674, 0.980405, 0.129181, -0.148723, -0.125227, 0.991486, 0.035687, 0.152066, -0.016363, 0.988235),
      ["RightUpperArm"] = CFrame.new(-0.003445, -0.740930, -0.039792, -0.057691, -0.980329, -0.188749, 0.977548, -0.017092, -0.210018, 0.202660, -0.196627, 0.959305),
      ["RightUpperLeg"] = CFrame.new(0.361447, 0.474644, -0.695595, 0.795441, -0.080555, -0.600653, 0.221180, 0.961348, 0.163980, 0.564227, -0.263289, 0.782513)
    }},
    { Time = 0.625, Data = {
      ["Head"] = CFrame.new(-0.000000, 0.000000, 0.000000, 0.505716, 0.110535, -0.855589, 0.102657, 0.977001, 0.186899, 0.856570, -0.182350, 0.482738),
      ["LeftUpperArm"] = CFrame.new(0.094463, -0.695758, -0.028132, 0.091656, 0.980044, 0.176388, -0.977807, 0.122090, -0.170260, -0.188398, -0.156868, 0.969484),
      ["LeftUpperLeg"] = CFrame.new(0.206650, -0.025415, -0.615830, 0.940500, 0.266284, -0.211076, -0.113546, 0.831768, 0.543387, 0.320261, -0.487089, 0.812513),
      ["LowerTorso"] = CFrame.new(-0.263652, -0.431383, 0.017321, 0.976836, 0.140512, -0.161394, -0.135802, 0.989932, 0.039911, 0.165377, -0.017068, 0.986083),
      ["RightUpperArm"] = CFrame.new(-0.014257, -0.703410, -0.030533, 0.058586, -0.983308, -0.172261, 0.980954, 0.088718, -0.172798, 0.185197, -0.158857, 0.969777),
      ["RightUpperLeg"] = CFrame.new(0.358641, 0.501942, -0.680842, 0.780569, -0.103109, -0.616507, 0.230419, 0.964307, 0.130460, 0.581050, -0.243888, 0.776466)
    }},
    { Time = 0.667, Data = {
      ["Head"] = CFrame.new(-0.000000, -0.000000, 0.000000, 0.519568, 0.124402, -0.845324, 0.081827, 0.977552, 0.194155, 0.850502, -0.170047, 0.497726),
      ["LeftUpperArm"] = CFrame.new(0.087920, -0.645115, -0.012423, 0.207518, 0.968262, 0.139302, -0.966655, 0.224815, -0.122625, -0.150050, -0.109210, 0.982628),
      ["LeftUpperLeg"] = CFrame.new(0.226638, -0.021192, -0.620310, 0.935350, 0.252122, -0.248101, -0.080301, 0.834436, 0.545223, 0.344487, -0.490052, 0.800736),
      ["LowerTorso"] = CFrame.new(-0.291438, -0.435267, 0.017622, 0.973268, 0.151038, -0.173023, -0.145598, 0.988374, 0.043788, 0.177625, -0.017426, 0.983944),
      ["RightUpperArm"] = CFrame.new(-0.039163, -0.651032, -0.016636, 0.172068, -0.977481, -0.122161, 0.975585, 0.186274, -0.116341, 0.136477, -0.099160, 0.985668),
      ["RightUpperLeg"] = CFrame.new(0.352948, 0.525081, -0.665783, 0.767568, -0.125792, -0.628503, 0.238495, 0.966198, 0.097885, 0.594945, -0.225028, 0.771623)
    }},
    { Time = 0.708, Data = {
      ["Head"] = CFrame.new(-0.000000, -0.000000, 0.000000, 0.534457, 0.138697, -0.833738, 0.060159, 0.977699, 0.201210, 0.843052, -0.157695, 0.514194),
      ["LeftUpperArm"] = CFrame.new(0.078521, -0.588925, 0.005043, 0.296910, 0.951035, 0.085891, -0.950101, 0.303230, -0.073213, -0.095673, -0.059867, 0.993611),
      ["LeftUpperLeg"] = CFrame.new(0.243895, -0.016014, -0.622022, 0.929363, 0.238670, -0.281640, -0.050330, 0.837699, 0.543808, 0.365721, -0.491220, 0.790538),
      ["LowerTorso"] = CFrame.new(-0.316898, -0.437683, 0.017743, 0.969851, 0.160419, -0.183454, -0.154285, 0.986892, 0.047330, 0.188642, -0.017599, 0.981888),
      ["RightUpperArm"] = CFrame.new(-0.071630, -0.585424, -0.000204, 0.280745, -0.958801, -0.043383, 0.957731, 0.282812, -0.052613, 0.062714, -0.026779, 0.997672),
      ["RightUpperLeg"] = CFrame.new(0.345497, 0.544021, -0.651219, 0.756550, -0.147502, -0.637083, 0.245258, 0.967116, 0.067336, 0.606201, -0.207193, 0.767848)
    }},
    { Time = 0.750, Data = {
      ["Head"] = CFrame.new(-0.000000, 0.000000, 0.000000, 0.549703, 0.152432, -0.821335, 0.039057, 0.977446, 0.207544, 0.834447, -0.146166, 0.531351),
      ["LeftUpperArm"] = CFrame.new(0.067663, -0.528322, 0.022719, 0.364349, 0.930974, 0.023162, -0.930702, 0.364880, -0.025624, -0.032307, -0.012220, 0.999403),
      ["LeftUpperLeg"] = CFrame.new(0.258074, -0.010512, -0.621835, 0.923198, 0.226329, -0.310612, -0.024509, 0.841229, 0.540123, 0.383541, -0.491028, 0.782169),
      ["LowerTorso"] = CFrame.new(-0.339408, -0.438936, 0.017752, 0.966720, 0.168569, -0.192450, -0.161801, 0.985532, 0.050473, 0.198174, -0.017655, 0.980008),
      ["RightUpperArm"] = CFrame.new(-0.105153, -0.509489, 0.016900, 0.379741, -0.923339, 0.056942, 0.924662, 0.380723, 0.007090, -0.028225, 0.049960, 0.998352),
      ["RightUpperLeg"] = CFrame.new(0.337452, 0.558792, -0.637909, 0.747442, -0.167314, -0.642913, 0.250857, 0.967200, 0.039936, 0.615144, -0.191129, 0.764897)
    }},
    { Time = 0.792, Data = {
      ["Head"] = CFrame.new(-0.000000, -0.000000, 0.000000, 0.564770, 0.164717, -0.808643, 0.019956, 0.976866, 0.212921, 0.825007, -0.136388, 0.548417),
      ["LeftUpperArm"] = CFrame.new(0.056454, -0.465212, 0.039254, 0.413390, 0.909578, -0.042151, -0.909939, 0.414369, 0.017587, 0.033463, 0.031084, 0.998956),
      ["LeftUpperLeg"] = CFrame.new(0.269022, -0.005275, -0.620503, 0.917471, 0.215617, -0.334298, -0.003408, 0.844593, 0.535398, 0.397787, -0.490073, 0.775625),
      ["LowerTorso"] = CFrame.new(-0.358251, -0.439346, 0.017636, 0.964012, 0.175306, -0.199870, -0.168003, 0.984357, 0.053067, 0.206046, -0.017579, 0.978384),
      ["RightUpperArm"] = CFrame.new(-0.133859, -0.427249, 0.033014, 0.464346, -0.869559, 0.168074, 0.876777, 0.478139, 0.051419, -0.125074, 0.123487, 0.984432),
      ["RightUpperLeg"] = CFrame.new(0.329775, 0.569704, -0.626458, 0.740374, -0.184088, -0.646497, 0.255208, 0.966737, 0.016992, 0.621865, -0.177572, 0.762727)
    }},
    { Time = 0.833, Data = {
      ["Head"] = CFrame.new(-0.000000, 0.000000, 0.000000, 0.579408, 0.174408, -0.796159, 0.004079, 0.976204, 0.216817, 0.815027, -0.128873, 0.564909),
      ["LeftUpperArm"] = CFrame.new(0.045978, -0.402030, 0.053420, 0.447503, 0.888258, -0.103626, -0.889197, 0.454301, 0.054221, 0.095240, 0.067880, 0.993137),
      ["LeftUpperLeg"] = CFrame.new(0.276755, -0.000976, -0.618753, 0.912770, 0.207258, -0.351988, 0.012282, 0.847399, 0.530815, 0.408289, -0.488835, 0.770935),
      ["LowerTorso"] = CFrame.new(-0.372547, -0.439261, 0.017508, 0.961946, 0.180290, -0.205316, -0.172581, 0.983458, 0.055008, 0.211837, -0.017481, 0.977149),
      ["RightUpperArm"] = CFrame.new(-0.152967, -0.343626, 0.046853, 0.532988, -0.800087, 0.275289, 0.818751, 0.569771, 0.070770, -0.213474, 0.187674, 0.958753),
      ["RightUpperLeg"] = CFrame.new(0.323428, 0.577029, -0.617523, 0.735247, -0.197209, -0.648476, 0.258488, 0.966014, -0.000700, 0.626575, -0.167109, 0.761235)
    }},
    { Time = 0.875, Data = {
      ["Head"] = CFrame.new(-0.000000, -0.000000, 0.000000, 0.593290, 0.180574, -0.784474, -0.007076, 0.975648, 0.219228, 0.804958, -0.124515, 0.580120),
      ["LeftUpperArm"] = CFrame.new(0.037358, -0.341515, 0.064071, 0.470604, 0.868577, -0.155262, -0.870007, 0.486107, 0.082390, 0.147036, 0.096306, 0.984432),
      ["LeftUpperLeg"] = CFrame.new(0.281385, 0.001952, -0.617307, 0.909665, 0.201690, -0.363086, 0.022227, 0.849291, 0.527456, 0.414748, -0.487879, 0.768087),
      ["LowerTorso"] = CFrame.new(-0.381667, -0.438984, 0.017324, 0.960599, 0.183428, -0.208814, -0.175472, 0.982881, 0.056172, 0.215543, -0.017317, 0.976341),
      ["RightUpperArm"] = CFrame.new(-0.158915, -0.263968, 0.058104, 0.589466, -0.722171, 0.361937, 0.758771, 0.648715, 0.058610, -0.277121, 0.240079, 0.930358),
      ["RightUpperLeg"] = CFrame.new(0.319168, 0.581266, -0.611743, 0.732117, -0.205566, -0.649421, 0.260420, 0.965421, -0.012010, 0.629433, -0.160329, 0.760334)
    }},
    { Time = 0.917, Data = {
      ["Head"] = CFrame.new(-0.000000, 0.000000, -0.000000, 0.606269, 0.182167, -0.774114, -0.012262, 0.975436, 0.219939, 0.795165, -0.123850, 0.593611),
      ["LeftUpperArm"] = CFrame.new(0.031767, -0.286624, 0.070049, 0.486945, 0.852285, -0.191037, -0.854100, 0.510401, 0.100021, 0.182751, 0.114460, 0.976474),
      ["LeftUpperLeg"] = CFrame.new(0.282949, 0.002979, -0.616728, 0.908569, 0.199723, -0.366897, 0.025643, 0.849979, 0.526192, 0.416947, -0.487490, 0.767143),
      ["LowerTorso"] = CFrame.new(-0.384911, -0.438816, 0.017245, 0.960117, 0.184559, -0.210033, -0.176518, 0.982670, 0.056576, 0.216835, -0.017245, 0.976056),
      ["RightUpperArm"] = CFrame.new(-0.149104, -0.193490, 0.067499, 0.642410, -0.646736, 0.411147, 0.705536, 0.708569, 0.012195, -0.299213, 0.282244, 0.911488),
      ["RightUpperLeg"] = CFrame.new(0.317656, 0.582601, -0.609696, 0.731002, -0.208559, -0.649723, 0.261164, 0.965162, -0.015979, 0.630420, -0.158003, 0.760003)
    }},
    { Time = 0.958, Data = {
      ["Head"] = CFrame.new(-0.000000, -0.000000, 0.000000, 0.618411, 0.180699, -0.764798, -0.010731, 0.975056, 0.221700, 0.785782, -0.128894, 0.604924),
      ["LeftUpperArm"] = CFrame.new(0.046571, -0.244850, 0.107097, 0.493866, 0.820290, -0.288479, -0.861394, 0.506832, -0.033501, 0.118730, 0.265039, 0.956900),
      ["LeftUpperLeg"] = CFrame.new(0.264456, -0.000518, -0.576231, 0.908607, 0.192173, -0.370813, 0.023486, 0.862937, 0.504765, 0.416990, -0.467342, 0.779558),
      ["LowerTorso"] = CFrame.new(-0.377029, -0.410831, 0.016133, 0.960645, 0.183551, -0.208497, -0.175870, 0.982878, 0.054965, 0.215016, -0.016133, 0.976477),
      ["RightUpperArm"] = CFrame.new(-0.131925, -0.142944, 0.090885, 0.677969, -0.582772, 0.448034, 0.685513, 0.721280, -0.099132, -0.265386, 0.374342, 0.888503),
      ["RightUpperLeg"] = CFrame.new(0.317347, 0.554043, -0.597348, 0.733653, -0.207239, -0.647151, 0.257732, 0.966064, -0.017183, 0.628750, -0.154185, 0.762168)
    }},
    { Time = 1.000, Data = {
      ["Head"] = CFrame.new(0.000000, -0.000000, -0.000000, 0.629696, 0.178458, -0.756066, -0.003477, 0.973894, 0.226978, 0.776834, -0.140299, 0.613877),
      ["LeftUpperArm"] = CFrame.new(0.070120, -0.239922, 0.182697, 0.512621, 0.715603, -0.474481, -0.855471, 0.378419, -0.353510, -0.073420, 0.587121, 0.806163),
      ["LeftUpperLeg"] = CFrame.new(0.217647, -0.008040, -0.474747, 0.909014, 0.174789, -0.378341, 0.016886, 0.891612, 0.452485, 0.416422, -0.417704, 0.807537),
      ["LowerTorso"] = CFrame.new(-0.355973, -0.349341, 0.013036, 0.962018, 0.180918, -0.204428, -0.174196, 0.983412, 0.050567, 0.210185, -0.013036, 0.977575),
      ["RightUpperArm"] = CFrame.new(-0.111449, -0.126540, 0.140394, 0.687527, -0.514398, 0.512544, 0.704607, 0.643262, -0.299572, -0.175601, 0.567106, 0.804708),
      ["RightUpperLeg"] = CFrame.new(0.313928, 0.490124, -0.566858, 0.739221, -0.203706, -0.641917, 0.249840, 0.968091, -0.019502, 0.625406, -0.145961, 0.766526)
    }},
    { Time = 1.042, Data = {
      ["Head"] = CFrame.new(-0.000000, -0.000000, 0.000000, 0.640078, 0.175616, -0.747970, 0.007679, 0.972016, 0.234790, 0.768272, -0.156027, 0.620817),
      ["LeftUpperArm"] = CFrame.new(0.069321, -0.282751, 0.234542, 0.569463, 0.518333, -0.637999, -0.772852, 0.073212, -0.630349, -0.280022, 0.852039, 0.442286),
      ["LeftUpperLeg"] = CFrame.new(0.157636, -0.014134, -0.345906, 0.910056, 0.156502, -0.383805, 0.005713, 0.921153, 0.389159, 0.414447, -0.356349, 0.837406),
      ["LowerTorso"] = CFrame.new(-0.325395, -0.288076, 0.008516, 0.963985, 0.177012, -0.198494, -0.171623, 0.984172, 0.044173, 0.203171, -0.008516, 0.979106),
      ["RightUpperArm"] = CFrame.new(-0.075765, -0.163262, 0.202904, 0.686831, -0.404445, 0.603893, 0.726335, 0.412180, -0.550040, -0.026452, 0.816414, 0.576861),
      ["RightUpperLeg"] = CFrame.new(0.307862, 0.423869, -0.532515, 0.744934, -0.196428, -0.637565, 0.240639, 0.970451, -0.017824, 0.622227, -0.140145, 0.770190)
    }},
    { Time = 1.083, Data = {
      ["Head"] = CFrame.new(-0.000000, 0.000000, -0.000000, 0.649242, 0.172358, -0.740796, 0.021224, 0.969500, 0.244170, 0.760286, -0.174248, 0.625782),
      ["LeftUpperArm"] = CFrame.new(0.031481, -0.337550, 0.222486, 0.635831, 0.286169, -0.716816, -0.658562, -0.283182, -0.697212, -0.402510, 0.915377, 0.008404),
      ["LeftUpperLeg"] = CFrame.new(0.116638, -0.017387, -0.260272, 0.912205, 0.155093, -0.379248, -0.011143, 0.934641, 0.355418, 0.409583, -0.319988, 0.854312),
      ["LowerTorso"] = CFrame.new(-0.289209, -0.260725, 0.003191, 0.966237, 0.172446, -0.191438, -0.168528, 0.985014, 0.036692, 0.194897, -0.003191, 0.980819),
      ["RightUpperArm"] = CFrame.new(-0.011612, -0.265284, 0.238832, 0.697528, -0.210620, 0.684904, 0.699302, -0.008409, -0.714777, 0.156306, 0.977532, 0.141422),
      ["RightUpperLeg"] = CFrame.new(0.312829, 0.389055, -0.523246, 0.748842, -0.176909, -0.638701, 0.232588, 0.972570, 0.003313, 0.620595, -0.151035, 0.769448)
    }},
    { Time = 1.125, Data = {
      ["Head"] = CFrame.new(-0.000000, 0.000000, 0.000000, 0.657188, 0.168901, -0.734559, 0.035632, 0.966517, 0.254116, 0.752884, -0.193176, 0.629165),
      ["LeftUpperArm"] = CFrame.new(-0.478002, -0.366817, -0.045575, 0.672884, -0.475825, -0.566408, -0.592488, -0.805109, -0.027515, -0.442929, 0.354104, -0.823665),
      ["LeftUpperLeg"] = CFrame.new(0.108388, -0.022133, -0.248833, 0.915230, 0.175142, -0.362877, -0.032629, 0.929848, 0.366495, 0.401609, -0.323586, 0.856739),
      ["LowerTorso"] = CFrame.new(-0.251212, -0.266781, -0.002464, 0.968521, 0.167720, -0.183948, -0.165241, 0.985832, 0.028840, 0.186179, 0.002464, 0.982513),
      ["RightUpperArm"] = CFrame.new(0.255634, -0.644129, 0.006528, 0.820768, 0.319184, 0.473773, 0.440229, -0.881935, -0.168490, 0.364058, 0.346860, -0.864378),
      ["RightUpperLeg"] = CFrame.new(0.333006, 0.384129, -0.543069, 0.751076, -0.145234, -0.644043, 0.225884, 0.973161, 0.043972, 0.620372, -0.178506, 0.763724)
    }},
    { Time = 1.167, Data = {
      ["Head"] = CFrame.new(-0.000000, -0.000000, 0.000000, 0.663516, 0.165633, -0.729597, 0.049400, 0.963359, 0.263628, 0.746529, -0.210964, 0.631022),
      ["LeftUpperArm"] = CFrame.new(-0.668103, -0.301600, -0.218092, 0.700542, -0.660454, -0.270263, -0.567372, -0.745194, 0.350395, -0.432818, -0.092127, -0.896762),
      ["LeftUpperLeg"] = CFrame.new(0.107729, -0.027636, -0.255594, 0.917986, 0.198742, -0.343226, -0.054789, 0.920639, 0.386552, 0.392811, -0.336045, 0.856022),
      ["LowerTorso"] = CFrame.new(-0.215188, -0.279982, -0.007955, 0.970615, 0.163317, -0.176730, -0.162115, 0.986542, 0.021322, 0.177834, 0.007955, 0.984028),
      ["RightUpperArm"] = CFrame.new(0.329418, -0.723602, -0.130004, 0.878881, 0.377010, 0.292288, 0.337796, -0.924479, 0.176726, 0.336841, -0.056588, -0.939860),
      ["RightUpperLeg"] = CFrame.new(0.355408, 0.383602, -0.567299, 0.753030, -0.112641, -0.648273, 0.219629, 0.971761, 0.086271, 0.620249, -0.207344, 0.756505)
    }},
    { Time = 1.208, Data = {
      ["Head"] = CFrame.new(-0.000000, -0.000000, -0.000000, 0.668293, 0.162838, -0.725857, 0.061052, 0.960450, 0.271676, 0.741388, -0.225874, 0.631921),
      ["LeftUpperArm"] = CFrame.new(-0.703593, -0.282198, -0.253261, 0.705904, -0.678305, -0.203967, -0.563659, -0.712337, 0.418169, -0.428939, -0.180220, -0.885174),
      ["LeftUpperLeg"] = CFrame.new(0.110399, -0.033279, -0.270660, 0.920084, 0.220748, -0.323599, -0.074822, 0.909921, 0.407977, 0.384509, -0.351161, 0.853721),
      ["LowerTorso"] = CFrame.new(-0.184755, -0.295459, -0.012518, 0.972326, 0.159556, -0.170656, -0.159333, 0.987110, 0.015090, 0.170864, 0.012518, 0.985215),
      ["RightUpperArm"] = CFrame.new(0.342638, -0.736312, -0.155897, 0.888809, 0.378816, 0.257908, 0.321103, -0.916315, 0.239291, 0.326972, -0.129869, -0.936068),
      ["RightUpperLeg"] = CFrame.new(0.376085, 0.384724, -0.590439, 0.754652, -0.083646, -0.650771, 0.214111, 0.968939, 0.123748, 0.620207, -0.232724, 0.749122)
    }},
    { Time = 1.250, Data = {
      ["Head"] = CFrame.new(-0.000000, 0.000000, 0.000000, 0.671249, 0.160933, -0.723550, 0.069108, 0.958306, 0.277261, 0.738003, -0.236115, 0.632141),
      ["LeftUpperArm"] = CFrame.new(-0.677072, -0.296919, -0.226933, 0.701927, -0.665547, -0.253666, -0.566415, -0.737531, 0.367725, -0.431825, -0.114436, -0.894668),
      ["LeftUpperLeg"] = CFrame.new(0.113384, -0.037815, -0.285250, 0.921407, 0.236761, -0.308146, -0.089511, 0.900953, 0.424584, 0.378150, -0.363632, 0.851337),
      ["LowerTorso"] = CFrame.new(-0.163743, -0.308319, -0.015729, 0.973474, 0.156966, -0.166463, -0.157385, 0.987479, 0.010755, 0.166067, 0.015729, 0.985989),
      ["RightUpperArm"] = CFrame.new(0.332758, -0.726858, -0.136553, 0.881445, 0.377701, 0.283544, 0.333478, -0.922865, 0.192649, 0.334437, -0.075254, -0.939409),
      ["RightUpperLeg"] = CFrame.new(0.391255, 0.386003, -0.607673, 0.755753, -0.062989, -0.651820, 0.210336, 0.965971, 0.150527, 0.620158, -0.250862, 0.743285)
    }},
    { Time = 1.292, Data = {
      ["Head"] = CFrame.new(-0.000000, -0.000000, 0.000000, 0.672260, 0.160229, -0.722768, 0.072144, 0.957471, 0.279363, 0.736791, -0.239948, 0.632110),
      ["LeftUpperArm"] = CFrame.new(-0.652891, -0.309194, -0.203185, 0.698221, -0.650948, -0.297916, -0.569130, -0.757179, 0.320579, -0.434256, -0.054282, -0.899152),
      ["LeftUpperLeg"] = CFrame.new(0.114775, -0.039683, -0.291778, 0.921881, 0.242938, -0.301856, -0.095209, 0.897177, 0.431287, 0.375594, -0.368856, 0.850220),
      ["LowerTorso"] = CFrame.new(-0.155909, -0.313689, -0.016979, 0.973898, 0.156006, -0.164880, -0.156663, 0.987610, 0.009089, 0.164255, 0.016979, 0.986272),
      ["RightUpperArm"] = CFrame.new(0.323728, -0.718013, -0.118880, 0.874509, 0.375375, 0.307129, 0.345220, -0.926545, 0.149461, 0.340673, -0.024678, -0.939859),
      ["RightUpperLeg"] = CFrame.new(0.397118, 0.386673, -0.614412, 0.756181, -0.055063, -0.652042, 0.208819, 0.964660, 0.160707, 0.620149, -0.257682, 0.740955)
    }},
    { Time = 1.333, Data = {
      ["Head"] = CFrame.new(-0.000000, -0.000000, 0.000000, 0.672260, 0.160229, -0.722768, 0.072144, 0.957471, 0.279363, 0.736791, -0.239948, 0.632110),
      ["LeftUpperArm"] = CFrame.new(-0.652892, -0.309194, -0.203185, 0.698221, -0.650948, -0.297916, -0.569130, -0.757179, 0.320579, -0.434256, -0.054282, -0.899152),
      ["LeftUpperLeg"] = CFrame.new(0.122302, -0.040103, -0.303665, 0.920046, 0.240003, -0.309698, -0.087027, 0.895865, 0.435719, 0.382022, -0.373930, 0.845125),
      ["LowerTorso"] = CFrame.new(-0.169332, -0.313689, -0.016979, 0.973898, 0.156006, -0.164880, -0.156663, 0.987610, 0.009089, 0.164255, 0.016979, 0.986272),
      ["RightUpperArm"] = CFrame.new(0.325857, -0.720107, -0.123019, 0.876134, 0.376066, 0.301603, 0.342462, -0.925871, 0.159633, 0.339278, -0.036572, -0.939975),
      ["RightUpperLeg"] = CFrame.new(0.394619, 0.389592, -0.609921, 0.752442, -0.063286, -0.655611, 0.213423, 0.965097, 0.151784, 0.623123, -0.254131, 0.739686)
    }},
    { Time = 1.375, Data = {
      ["Head"] = CFrame.new(-0.000000, -0.000000, 0.000000, 0.672260, 0.160229, -0.722768, 0.072144, 0.957471, 0.279363, 0.736791, -0.239948, 0.632110),
      ["LeftUpperArm"] = CFrame.new(-0.652891, -0.309194, -0.203185, 0.698221, -0.650948, -0.297916, -0.569130, -0.757179, 0.320579, -0.434256, -0.054282, -0.899152),
      ["LeftUpperLeg"] = CFrame.new(0.126860, -0.040243, -0.310584, 0.918871, 0.238183, -0.314554, -0.082023, 0.895130, 0.438195, 0.385937, -0.376844, 0.842046),
      ["LowerTorso"] = CFrame.new(-0.177520, -0.313689, -0.016979, 0.973898, 0.156006, -0.164880, -0.156663, 0.987610, 0.009089, 0.164255, 0.016979, 0.986272),
      ["RightUpperArm"] = CFrame.new(0.327358, -0.721593, -0.125975, 0.877309, 0.376464, 0.297666, 0.340455, -0.925335, 0.166867, 0.338260, -0.045052, -0.939974),
      ["RightUpperLeg"] = CFrame.new(0.393050, 0.391266, -0.607158, 0.750125, -0.068345, -0.657755, 0.216269, 0.965304, 0.146339, 0.624932, -0.252024, 0.738880)
    }},
    { Time = 1.417, Data = {
      ["Head"] = CFrame.new(-0.000000, -0.000000, 0.000000, 0.672260, 0.160229, -0.722768, 0.072144, 0.957471, 0.279363, 0.736791, -0.239948, 0.632110),
      ["LeftUpperArm"] = CFrame.new(-0.652892, -0.309194, -0.203185, 0.698221, -0.650948, -0.297916, -0.569130, -0.757179, 0.320579, -0.434256, -0.054282, -0.899152),
      ["LeftUpperLeg"] = CFrame.new(0.129138, -0.040285, -0.313970, 0.918271, 0.237279, -0.316982, -0.079516, 0.894754, 0.439423, 0.387887, -0.378304, 0.840494),
      ["LowerTorso"] = CFrame.new(-0.181626, -0.313689, -0.016979, 0.973898, 0.156006, -0.164880, -0.156663, 0.987610, 0.009089, 0.164255, 0.016979, 0.986272),
      ["RightUpperArm"] = CFrame.new(0.328371, -0.722576, -0.127930, 0.878066, 0.376758, 0.295047, 0.339189, -0.924927, 0.171644, 0.337565, -0.050638, -0.939939),
      ["RightUpperLeg"] = CFrame.new(0.392241, 0.392141, -0.605778, 0.748971, -0.070827, -0.658807, 0.217578, 0.965427, 0.143564, 0.625861, -0.250867, 0.738487)
    }},
    { Time = 1.458, Data = {
      ["Head"] = CFrame.new(-0.000000, -0.000000, 0.000000, 0.672260, 0.160229, -0.722768, 0.072144, 0.957471, 0.279363, 0.736791, -0.239948, 0.632110),
      ["LeftUpperArm"] = CFrame.new(-0.652892, -0.309194, -0.203185, 0.698221, -0.650948, -0.297916, -0.569130, -0.757179, 0.320579, -0.434256, -0.054282, -0.899152),
      ["LeftUpperLeg"] = CFrame.new(0.129796, -0.040285, -0.314939, 0.918101, 0.236996, -0.317683, -0.078778, 0.894655, 0.439757, 0.388438, -0.378715, 0.840054),
      ["LowerTorso"] = CFrame.new(-0.182809, -0.313689, -0.016979, 0.973898, 0.156006, -0.164880, -0.156663, 0.987610, 0.009089, 0.164255, 0.016979, 0.986272),
      ["RightUpperArm"] = CFrame.new(0.328977, -0.723170, -0.129125, 0.878532, 0.376907, 0.293465, 0.338388, -0.924672, 0.174572, 0.337157, -0.054062, -0.939895),
      ["RightUpperLeg"] = CFrame.new(0.391977, 0.392376, -0.605340, 0.748698, -0.071533, -0.659041, 0.217981, 0.965443, 0.142845, 0.626048, -0.250605, 0.738418)
    }},
    { Time = 1.500, Data = {
      ["Head"] = CFrame.new(-0.000000, -0.000000, 0.000000, 0.672260, 0.160229, -0.722768, 0.072144, 0.957471, 0.279363, 0.736791, -0.239948, 0.632110),
      ["LeftUpperArm"] = CFrame.new(-0.652892, -0.309194, -0.203185, 0.698221, -0.650948, -0.297916, -0.569130, -0.757179, 0.320579, -0.434256, -0.054282, -0.899152),
      ["LeftUpperLeg"] = CFrame.new(0.129470, -0.040291, -0.314461, 0.918186, 0.237131, -0.317338, -0.079156, 0.894723, 0.439551, 0.388161, -0.378471, 0.840292),
      ["LowerTorso"] = CFrame.new(-0.182222, -0.313689, -0.016979, 0.973898, 0.156006, -0.164880, -0.156663, 0.987610, 0.009089, 0.164255, 0.016979, 0.986272),
      ["RightUpperArm"] = CFrame.new(0.329288, -0.723475, -0.129726, 0.878765, 0.376980, 0.292675, 0.337988, -0.924541, 0.176036, 0.336952, -0.055774, -0.939869),
      ["RightUpperLeg"] = CFrame.new(0.392125, 0.392239, -0.605571, 0.748798, -0.071214, -0.658962, 0.217822, 0.965428, 0.143184, 0.625983, -0.250752, 0.738423)
    }},
    { Time = 1.542, Data = {
      ["Head"] = CFrame.new(-0.000000, -0.000000, 0.000000, 0.672260, 0.160229, -0.722768, 0.072144, 0.957471, 0.279363, 0.736791, -0.239948, 0.632110),
      ["LeftUpperArm"] = CFrame.new(-0.652891, -0.309194, -0.203185, 0.698221, -0.650948, -0.297916, -0.569130, -0.757179, 0.320579, -0.434256, -0.054282, -0.899152),
      ["LeftUpperLeg"] = CFrame.new(0.128801, -0.040284, -0.313472, 0.918355, 0.237414, -0.316637, -0.079893, 0.894822, 0.439217, 0.387610, -0.378060, 0.840732),
      ["LowerTorso"] = CFrame.new(-0.181023, -0.313689, -0.016979, 0.973898, 0.156006, -0.164880, -0.156663, 0.987610, 0.009089, 0.164255, 0.016979, 0.986272),
      ["RightUpperArm"] = CFrame.new(0.329400, -0.723587, -0.129974, 0.878881, 0.376997, 0.292305, 0.337811, -0.924490, 0.176643, 0.336826, -0.056504, -0.939870),
      ["RightUpperLeg"] = CFrame.new(0.392366, 0.391985, -0.605978, 0.749130, -0.070489, -0.658661, 0.217442, 0.965394, 0.143993, 0.625718, -0.251090, 0.738533)
    }},
    { Time = 1.583, Data = {
      ["Head"] = CFrame.new(-0.000000, -0.000000, 0.000000, 0.672260, 0.160229, -0.722768, 0.072144, 0.957471, 0.279363, 0.736791, -0.239948, 0.632110),
      ["LeftUpperArm"] = CFrame.new(-0.652892, -0.309194, -0.203185, 0.698221, -0.650948, -0.297916, -0.569130, -0.757179, 0.320579, -0.434256, -0.054282, -0.899152),
      ["LeftUpperLeg"] = CFrame.new(0.128431, -0.040267, -0.312916, 0.918439, 0.237548, -0.316292, -0.080271, 0.894889, 0.439010, 0.387332, -0.377815, 0.840970),
      ["LowerTorso"] = CFrame.new(-0.180366, -0.313689, -0.016979, 0.973898, 0.156006, -0.164880, -0.156663, 0.987610, 0.009089, 0.164255, 0.016979, 0.986272),
      ["RightUpperArm"] = CFrame.new(0.329418, -0.723602, -0.130004, 0.878881, 0.377010, 0.292288, 0.337796, -0.924479, 0.176726, 0.336841, -0.056588, -0.939860),
      ["RightUpperLeg"] = CFrame.new(0.392472, 0.391853, -0.606173, 0.749363, -0.070083, -0.658441, 0.217219, 0.965374, 0.144462, 0.625517, -0.251280, 0.738639)
    }},
    { Time = 1.625, Data = {
      ["Head"] = CFrame.new(-0.000000, -0.000000, 0.000000, 0.665656, 0.156580, -0.729647, 0.073455, 0.959245, 0.272863, 0.742635, -0.235229, 0.627025),
      ["LeftUpperArm"] = CFrame.new(-0.652722, -0.309353, -0.202986, 0.698116, -0.650306, -0.299561, -0.568343, -0.757785, 0.320545, -0.435454, -0.053524, -0.898618),
      ["LeftUpperLeg"] = CFrame.new(0.164561, -0.043964, -0.428988, 0.927216, 0.248724, -0.280014, -0.086176, 0.869266, 0.486775, 0.364479, -0.427215, 0.827431),
      ["LowerTorso"] = CFrame.new(-0.189628, -0.309370, -0.016928, 0.974529, 0.155072, -0.162008, -0.155760, 0.987758, 0.008523, 0.161346, 0.016928, 0.986753),
      ["RightUpperArm"] = CFrame.new(0.329418, -0.723602, -0.130004, 0.878881, 0.377010, 0.292288, 0.337796, -0.924479, 0.176726, 0.336841, -0.056588, -0.939860),
