return {
  ["Astros sloppy top"] = {
    { Time = 0.000, Data = {
      ["Head"] = CFrame.new(0.000000, 0.000000, -0.069435, 1.000000, 0.000000, 0.000000, 0.000000, 1.000000, 0.000000, 0.000000, 0.000000, 1.000000),
      ["LeftUpperArm"] = CFrame.new(-0.209960, -0.632821, -0.312500, 0.600324, -0.743426, -0.294836, 0.616055, 0.194776, 0.763242, -0.509987, -0.639828, 0.574920),
      ["LeftUpperLeg"] = CFrame.new(-0.445546, -0.313410, -0.420840, 0.974941, -0.059380, 0.214393, -0.196762, 0.219517, 0.955561, -0.103804, -0.973800, 0.202332),
      ["LowerTorso"] = CFrame.new(-0.023623, -1.517495, -1.777735, -0.999241, 0.023623, 0.030974, 0.032393, 0.945542, 0.323885, -0.021636, 0.324642, -0.945589),
      ["RightUpperArm"] = CFrame.new(-0.107040, -1.129293, -0.011019, 0.950280, 0.142884, 0.276681, 0.146658, 0.578445, -0.802429, -0.274699, 0.803110, 0.528730),
      ["RightUpperLeg"] = CFrame.new(0.146453, -0.222498, -0.786257, 0.941052, -0.336949, 0.029773, 0.078913, 0.304275, 0.949310, -0.328928, -0.891001, 0.312928)
    }},
    { Time = 0.033, Data = {
      ["LeftUpperArm"] = CFrame.new(-0.210645, -0.639496, -0.313598, 0.595449, -0.746031, -0.298123, 0.602657, 0.169392, 0.779814, -0.531267, -0.644006, 0.550466),
      ["LeftUpperLeg"] = CFrame.new(-0.441627, -0.291885, -0.418798, 0.979251, -0.056565, 0.194598, -0.181317, 0.184324, 0.965996, -0.090511, -0.981237, 0.170243),
      ["LowerTorso"] = CFrame.new(-0.023851, -1.531466, -1.797891, -0.999220, 0.023851, 0.031467, 0.031541, 0.961576, 0.272720, -0.023753, 0.273500, -0.961579),
      ["RightUpperArm"] = CFrame.new(-0.102114, -1.125597, -0.014678, 0.950407, 0.161615, 0.265721, 0.121883, 0.592494, -0.796301, -0.286132, 0.789197, 0.543412),
      ["RightUpperLeg"] = CFrame.new(0.147963, -0.198771, -0.785697, 0.940519, -0.338117, 0.033183, 0.065779, 0.277048, 0.958602, -0.333313, -0.899400, 0.282810)
    }},
    { Time = 0.067, Data = {
      ["LeftUpperArm"] = CFrame.new(-0.211294, -0.646729, -0.314589, 0.590454, -0.748498, -0.301852, 0.587250, 0.141893, 0.796872, -0.553626, -0.647779, 0.523336),
      ["LeftUpperLeg"] = CFrame.new(-0.436821, -0.262147, -0.418920, 0.983262, -0.051732, 0.174701, -0.165396, 0.148772, 0.974942, -0.076426, -0.987518, 0.137725),
      ["LowerTorso"] = CFrame.new(-0.024409, -1.544454, -1.816429, -0.999220, 0.024409, 0.031039, 0.030503, 0.976314, 0.214198, -0.025075, 0.214977, -0.976297),
      ["RightUpperArm"] = CFrame.new(-0.097050, -1.120928, -0.019390, 0.950997, 0.180869, 0.250782, 0.091447, 0.610258, -0.786907, -0.295369, 0.771279, 0.563813),
      ["RightUpperLeg"] = CFrame.new(0.149952, -0.171429, -0.776657, 0.940416, -0.338072, 0.036404, 0.052141, 0.249174, 0.967054, -0.336005, -0.907535, 0.251954)
    }},
    { Time = 0.133, Data = {
      ["LeftUpperArm"] = CFrame.new(-0.212410, -0.663328, -0.316117, 0.580193, -0.752743, -0.311054, 0.548496, 0.078781, 0.832433, -0.602103, -0.653584, 0.458585),
      ["LeftUpperLeg"] = CFrame.new(-0.426438, -0.200812, -0.377541, 0.989610, -0.044800, 0.136621, -0.132755, 0.080187, 0.987900, -0.055213, -0.995773, 0.073407),
      ["LowerTorso"] = CFrame.new(-0.024293, -1.565401, -1.807437, -0.999241, 0.024293, 0.030462, 0.026921, 0.995665, 0.089033, -0.028167, 0.089785, -0.995563),
      ["RightUpperArm"] = CFrame.new(-0.089971, -1.108620, -0.031657, 0.956334, 0.207784, 0.205553, 0.019218, 0.657056, -0.753597, -0.291645, 0.724640, 0.624371),
      ["RightUpperLeg"] = CFrame.new(0.155601, -0.120501, -0.706260, 0.940321, -0.337581, 0.042845, 0.024658, 0.193171, 0.980855, -0.339394, -0.921262, 0.189967)
    }},
    { Time = 0.167, Data = {
      ["LeftUpperArm"] = CFrame.new(-0.212734, -0.673538, -0.316668, 0.575347, -0.753976, -0.317011, 0.521864, 0.039962, 0.852092, -0.629788, -0.655686, 0.416465),
      ["LeftUpperLeg"] = CFrame.new(-0.421565, -0.179773, -0.311946, 0.992028, -0.046519, 0.117115, -0.115050, 0.044840, 0.992347, -0.051414, -0.997911, 0.039130),
      ["LowerTorso"] = CFrame.new(-0.022740, -1.574384, -1.760028, -0.999231, 0.022740, 0.031932, 0.023687, 0.999282, 0.029578, -0.031236, 0.030311, -0.999053),
      ["RightUpperArm"] = CFrame.new(-0.089698, -1.101148, -0.038788, 0.962330, 0.208824, 0.174109, -0.017047, 0.685460, -0.727911, -0.271349, 0.697523, 0.663198),
      ["RightUpperLeg"] = CFrame.new(0.159419, -0.103332, -0.631697, 0.939642, -0.339000, 0.046377, 0.009954, 0.162568, 0.986647, -0.342013, -0.926634, 0.156130)
    }},
    { Time = 0.233, Data = {
      ["LeftUpperArm"] = CFrame.new(-0.212683, -0.696131, -0.316625, 0.567907, -0.753781, -0.330600, 0.456317, -0.045949, 0.888630, -0.685023, -0.655517, 0.317868),
      ["LeftUpperLeg"] = CFrame.new(-0.413699, -0.163002, -0.101387, 0.995438, -0.059826, 0.074320, -0.076254, -0.030717, 0.996615, -0.057341, -0.997736, -0.035139),
      ["LowerTorso"] = CFrame.new(-0.017275, -1.591545, -1.588876, -0.999104, 0.017275, 0.038622, 0.014639, 0.997612, -0.067505, -0.039696, -0.066879, -0.996971),
      ["RightUpperArm"] = CFrame.new(-0.096976, -1.085592, -0.053270, 0.978545, 0.181152, 0.098154, -0.071272, 0.744605, -0.663689, -0.193314, 0.642454, 0.741540),
      ["RightUpperLeg"] = CFrame.new(0.168345, -0.087486, -0.422387, 0.936661, -0.346055, 0.053963, -0.022602, 0.094030, 0.995313, -0.349507, -0.933490, 0.080252)
    }},
    { Time = 0.267, Data = {
      ["LeftUpperArm"] = CFrame.new(-0.212426, -0.705853, -0.315963, 0.565688, -0.752805, -0.336574, 0.425760, -0.082911, 0.901030, -0.706205, -0.653001, 0.273612),
      ["LeftUpperLeg"] = CFrame.new(-0.411086, -0.163084, 0.011040, 0.996230, -0.067669, 0.054277, -0.058718, -0.065450, 0.996127, -0.063854, -0.995559, -0.069177),
      ["LowerTorso"] = CFrame.new(-0.014386, -1.599486, -1.492535, -0.999001, 0.014386, 0.042312, 0.010093, 0.994937, -0.099988, -0.043536, -0.099462, -0.994089),
      ["RightUpperArm"] = CFrame.new(-0.103458, -1.078769, -0.059738, 0.985880, 0.156504, 0.059559, -0.084153, 0.770551, -0.631798, -0.144772, 0.617865, 0.772841),
      ["RightUpperLeg"] = CFrame.new(0.172662, -0.085221, -0.315631, 0.934899, -0.350248, 0.057364, -0.037939, 0.062079, 0.997350, -0.352880, -0.934598, 0.044749)
    }},
    { Time = 0.300, Data = {
      ["LeftUpperArm"] = CFrame.new(-0.212069, -0.712829, -0.315346, 0.564979, -0.751447, -0.340774, 0.402608, -0.109433, 0.908808, -0.720212, -0.650655, 0.240711),
      ["LeftUpperLeg"] = CFrame.new(-0.409490, -0.166404, 0.106488, 0.996506, -0.073800, 0.039118, -0.045804, -0.091187, 0.994780, -0.069848, -0.993096, -0.094249),
      ["LowerTorso"] = CFrame.new(-0.012004, -1.606944, -1.407341, -0.998922, 0.012004, 0.044846, 0.006604, 0.992913, -0.118664, -0.045953, -0.118239, -0.991922),
      ["RightUpperArm"] = CFrame.new(-0.110586, -1.073460, -0.064877, 0.991247, 0.129403, 0.026144, -0.087247, 0.790739, -0.605905, -0.099079, 0.598320, 0.795108),
      ["RightUpperLeg"] = CFrame.new(0.176282, -0.085047, -0.226285, 0.933460, -0.353676, 0.059708, -0.049388, 0.038142, 0.998051, -0.355265, -0.934590, 0.018136)
    }},
    { Time = 0.317, Data = {
      ["LeftUpperArm"] = CFrame.new(-0.211855, -0.714976, -0.315218, 0.565292, -0.750634, -0.342043, 0.395112, -0.117598, 0.911075, -0.724108, -0.650168, 0.230107),
      ["LeftUpperLeg"] = CFrame.new(-0.409071, -0.168788, 0.142882, 0.996540, -0.075568, 0.034604, -0.042019, -0.098854, 0.994214, -0.071710, -0.992229, -0.101687),
      ["LowerTorso"] = CFrame.new(-0.011086, -1.610390, -1.373151, -0.998904, 0.011086, 0.045491, 0.005452, 0.992495, -0.122161, -0.046504, -0.121779, -0.991468),
      ["RightUpperArm"] = CFrame.new(-0.113953, -1.071556, -0.066725, 0.993093, 0.116599, 0.013100, -0.085821, 0.797978, -0.596545, -0.080010, 0.591300, 0.802473),
      ["RightUpperLeg"] = CFrame.new(0.177684, -0.085405, -0.192501, 0.932990, -0.354800, 0.060386, -0.052782, 0.031081, 0.998122, -0.356010, -0.934426, 0.010271)
    }},
    { Time = 0.350, Data = {
      ["LeftUpperArm"] = CFrame.new(-0.211390, -0.716297, -0.315509, 0.567347, -0.748866, -0.342516, 0.389288, -0.122622, 0.912917, -0.725653, -0.651279, 0.221956),
      ["LeftUpperLeg"] = CFrame.new(-0.408948, -0.174150, 0.186440, 0.996548, -0.076089, 0.033213, -0.040848, -0.101091, 0.994038, -0.072277, -0.991963, -0.103850),
      ["LowerTorso"] = CFrame.new(-0.010060, -1.616449, -1.327552, -0.998938, 0.010060, 0.044970, 0.004758, 0.993182, -0.116475, -0.045835, -0.116137, -0.992175),
      ["RightUpperArm"] = CFrame.new(-0.119571, -1.069548, -0.068449, 0.995451, 0.095238, -0.002630, -0.078627, 0.805611, -0.587205, -0.053805, 0.584740, 0.809434),
      ["RightUpperLeg"] = CFrame.new(0.179439, -0.086742, -0.152194, 0.932811, -0.355250, 0.060508, -0.053496, 0.029536, 0.998131, -0.356373, -0.934305, 0.008548)
    }},
    { Time = 0.383, Data = {
      ["LeftUpperArm"] = CFrame.new(-0.210844, -0.714010, -0.316550, 0.571227, -0.746788, -0.340600, 0.394683, -0.113928, 0.911727, -0.719670, -0.655232, 0.229666),
      ["LeftUpperLeg"] = CFrame.new(-0.409622, -0.180159, 0.194407, 0.996467, -0.072906, 0.041695, -0.047987, -0.086799, 0.995069, -0.068927, -0.993555, -0.089991),
      ["LowerTorso"] = CFrame.new(-0.009892, -1.621140, -1.309817, -0.999053, 0.009892, 0.042381, 0.005797, 0.995395, -0.095681, -0.043132, -0.095345, -0.994510),
      ["RightUpperArm"] = CFrame.new(-0.123528, -1.069694, -0.067657, 0.996766, 0.080197, -0.005013, -0.067736, 0.805058, -0.589316, -0.043226, 0.587750, 0.807887),
      ["RightUpperLeg"] = CFrame.new(0.179887, -0.089146, -0.144431, 0.933566, -0.353485, 0.059190, -0.046903, 0.043232, 0.997963, -0.355324, -0.934441, 0.023781)
    }},
    { Time = 0.417, Data = {
      ["LeftUpperArm"] = CFrame.new(-0.210230, -0.708777, -0.318071, 0.576417, -0.744455, -0.336942, 0.409106, -0.094032, 0.907629, -0.707372, -0.661018, 0.250359),
      ["LeftUpperLeg"] = CFrame.new(-0.410996, -0.186331, 0.171847, 0.996072, -0.066738, 0.058189, -0.062128, -0.058551, 0.996349, -0.063087, -0.996051, -0.062467),
      ["LowerTorso"] = CFrame.new(-0.010683, -1.623784, -1.315937, -0.999210, 0.010683, 0.038266, 0.008295, 0.998040, -0.062034, -0.038854, -0.061668, -0.997340),
      ["RightUpperArm"] = CFrame.new(-0.125899, -1.071703, -0.064642, 0.997454, 0.071176, 0.004517, -0.054180, 0.797415, -0.600994, -0.046378, 0.599219, 0.799241),
      ["RightUpperLeg"] = CFrame.new(0.179217, -0.092999, -0.163387, 0.935052, -0.349977, 0.056510, -0.034225, 0.069541, 0.996992, -0.352854, -0.934174, 0.053047)
    }},
    { Time = 0.450, Data = {
      ["LeftUpperArm"] = CFrame.new(-0.209544, -0.701048, -0.319762, 0.582699, -0.741846, -0.331852, 0.430435, -0.064641, 0.900304, -0.689338, -0.667447, 0.281650),
      ["LeftUpperLeg"] = CFrame.new(-0.413019, -0.192180, 0.123709, 0.995039, -0.058195, 0.080691, -0.081949, -0.019571, 0.996444, -0.056409, -0.998113, -0.024243),
      ["LowerTorso"] = CFrame.new(-0.012377, -1.623451, -1.341731, -0.999380, 0.012377, 0.032947, 0.011789, 0.999769, -0.017979, -0.033162, -0.017579, -0.999295),
      ["RightUpperArm"] = CFrame.new(-0.126953, -1.075383, -0.059744, 0.997451, 0.067170, 0.024066, -0.037790, 0.783426, -0.620336, -0.060522, 0.617845, 0.783967),
      ["RightUpperLeg"] = CFrame.new(0.177579, -0.098338, -0.203469, 0.937148, -0.344909, 0.052827, -0.017366, 0.105105, 0.994309, -0.348499, -0.932733, 0.092509)
    }},
    { Time = 0.483, Data = {
      ["LeftUpperArm"] = CFrame.new(-0.208783, -0.691431, -0.321266, 0.589582, -0.738954, -0.326098, 0.456636, -0.028074, 0.889210, -0.666241, -0.673170, 0.320881),
      ["LeftUpperLeg"] = CFrame.new(-0.415617, -0.197074, 0.054862, 0.993089, -0.048122, 0.107042, -0.105843, 0.026824, 0.994021, -0.050705, -0.998481, 0.021545),
      ["LowerTorso"] = CFrame.new(-0.014815, -1.619265, -1.383096, -0.999525, 0.014815, 0.027015, 0.015735, 0.999293, 0.034143, -0.026490, 0.034551, -0.999052),
      ["RightUpperArm"] = CFrame.new(-0.127005, -1.080516, -0.053433, 0.996431, 0.066974, 0.051377, -0.018085, 0.763911, -0.645068, -0.082450, 0.641837, 0.762396),
      ["RightUpperLeg"] = CFrame.new(0.175174, -0.105380, -0.258878, 0.939625, -0.338801, 0.048161, 0.002121, 0.146501, 0.989208, -0.342200, -0.929382, 0.138374)
    }},
    { Time = 0.517, Data = {
      ["LeftUpperArm"] = CFrame.new(-0.207973, -0.680428, -0.322270, 0.596815, -0.735871, -0.319851, 0.485453, 0.013761, 0.874155, -0.638864, -0.676982, 0.365443),
      ["LeftUpperLeg"] = CFrame.new(-0.418619, -0.200242, -0.029474, 0.990141, -0.037126, 0.135067, -0.131925, 0.076964, 0.988267, -0.047085, -0.996342, 0.071308),
      ["LowerTorso"] = CFrame.new(-0.017962, -1.610625, -1.435602, -0.999621, 0.017962, 0.020873, 0.019803, 0.995595, 0.091638, -0.019135, 0.092016, -0.995574),
      ["RightUpperArm"] = CFrame.new(-0.126431, -1.086864, -0.046212, 0.994051, 0.069156, 0.084147, 0.005490, 0.739772, -0.672835, -0.108780, 0.669294, 0.734991),
      ["RightUpperLeg"] = CFrame.new(0.172194, -0.114251, -0.323731, 0.942275, -0.332085, 0.042861, 0.022508, 0.190534, 0.981423, -0.334082, -0.923805, 0.187010)
    }},
    { Time = 0.583, Data = {
      ["LeftUpperArm"] = CFrame.new(-0.206376, -0.656914, -0.321967, 0.610465, -0.729802, -0.307768, 0.543363, 0.103168, 0.833135, -0.576271, -0.675830, 0.459528),
      ["LeftUpperLeg"] = CFrame.new(-0.424747, -0.198763, -0.222636, 0.981763, -0.015480, 0.189479, -0.183837, 0.176614, 0.966960, -0.048434, -0.984158, 0.170547),
      ["LowerTorso"] = CFrame.new(-0.025417, -1.580236, -1.555339, -0.999628, 0.025417, 0.009918, 0.026937, 0.977125, 0.210953, -0.004329, 0.211141, -0.977446),
      ["RightUpperArm"] = CFrame.new(-0.124505, -1.101947, -0.031049, 0.984842, 0.076480, 0.155684, 0.062136, 0.682425, -0.728310, -0.161944, 0.726944, 0.667328),
      ["RightUpperLeg"] = CFrame.new(0.165100, -0.138784, -0.457984, 0.947617, -0.317872, 0.031282, 0.060727, 0.275451, 0.959395, -0.313582, -0.907240, 0.280326)
    }},
    { Time = 0.617, Data = {
      ["LeftUpperArm"] = CFrame.new(-0.205691, -0.645660, -0.320627, 0.616234, -0.727194, -0.302397, 0.569274, 0.145958, 0.809088, -0.544227, -0.670734, 0.503918),
      ["LeftUpperLeg"] = CFrame.new(-0.427465, -0.194930, -0.318793, 0.976970, -0.006468, 0.213277, -0.206625, 0.220733, 0.953196, -0.053242, -0.975313, 0.214314),
      ["LowerTorso"] = CFrame.new(-0.029152, -1.560143, -1.613604, -0.999557, 0.029152, 0.005972, 0.029688, 0.963175, 0.267232, 0.002038, 0.267291, -0.963614),
      ["RightUpperArm"] = CFrame.new(-0.123558, -1.109830, -0.024043, 0.978497, 0.080082, 0.190078, 0.092710, 0.652449, -0.752140, -0.184249, 0.753589, 0.630996),
      ["RightUpperLeg"] = CFrame.new(0.161326, -0.154587, -0.518134, 0.949979, -0.311258, 0.025675, 0.076800, 0.312499, 0.946808, -0.302725, -0.897476, 0.320772)
    }},
    { Time = 0.633, Data = {
      ["LeftUpperArm"] = CFrame.new(-0.205393, -0.640455, -0.319736, 0.618697, -0.726065, -0.300073, 0.580997, 0.165754, 0.796849, -0.528826, -0.667350, 0.524393),
      ["LeftUpperLeg"] = CFrame.new(-0.428792, -0.193441, -0.363421, 0.974607, -0.002849, 0.223906, -0.216676, 0.240356, 0.946193, -0.056513, -0.970681, 0.233636),
      ["LowerTorso"] = CFrame.new(-0.030912, -1.549557, -1.640353, -0.999512, 0.030912, 0.004549, 0.030886, 0.955525, 0.293287, 0.004720, 0.293285, -0.956014),
      ["RightUpperArm"] = CFrame.new(-0.123147, -1.113638, -0.020852, 0.975133, 0.081642, 0.206033, 0.107691, 0.637973, -0.762491, -0.193695, 0.765718, 0.613317),
      ["RightUpperLeg"] = CFrame.new(0.159469, -0.163014, -0.545884, 0.950982, -0.308385, 0.023057, 0.083851, 0.328903, 0.940634, -0.297660, -0.892593, 0.338639)
    }},
    { Time = 0.650, Data = {
      ["LeftUpperArm"] = CFrame.new(-0.205162, -0.635601, -0.318712, 0.620799, -0.725186, -0.297849, 0.591723, 0.184208, 0.784813, -0.514269, -0.663455, 0.543465),
      ["LeftUpperLeg"] = CFrame.new(-0.430116, -0.192731, -0.404484, 0.972371, -0.000162, 0.233439, -0.225485, 0.258168, 0.939418, -0.060419, -0.966100, 0.250998),
      ["LowerTorso"] = CFrame.new(-0.032407, -1.538916, -1.664962, -0.999469, 0.032407, 0.003449, 0.031823, 0.947662, 0.317684, 0.007027, 0.317625, -0.948190),
      ["RightUpperArm"] = CFrame.new(-0.122781, -1.117280, -0.017912, 0.971770, 0.083031, 0.220838, 0.122052, 0.624125, -0.771732, -0.201909, 0.776900, 0.596372),
      ["RightUpperLeg"] = CFrame.new(0.157654, -0.171616, -0.572050, 0.951852, -0.305858, 0.020687, 0.090178, 0.343858, 0.934681, -0.292993, -0.887813, 0.354884)
    }},
    { Time = 0.683, Data = {
      ["Head"] = CFrame.new(0.000000, -0.001012, -0.119605, 1.000000, -0.000000, 0.000000, 0.000000, 0.999796, 0.020198, -0.000000, -0.020198, 0.999796),
      ["LeftUpperArm"] = CFrame.new(-0.204858, -0.627273, -0.316520, 0.623912, -0.724031, -0.294131, 0.609958, 0.215870, 0.762464, -0.488553, -0.655118, 0.576313),
      ["LeftUpperLeg"] = CFrame.new(-0.432903, -0.195682, -0.471654, 0.968423, 0.002413, 0.249301, -0.239460, 0.287335, 0.927414, -0.069395, -0.957827, 0.278840),
      ["LowerTorso"] = CFrame.new(-0.034619, -1.518716, -1.705497, -0.999397, 0.034619, 0.002675, 0.033260, 0.932329, 0.360078, 0.009972, 0.359950, -0.932918),
      ["RightUpperArm"] = CFrame.new(-0.122164, -1.123778, -0.012922, 0.965374, 0.085383, 0.246501, 0.147853, 0.599417, -0.786663, -0.214924, 0.795870, 0.566037),
      ["RightUpperLeg"] = CFrame.new(0.154282, -0.188929, -0.619312, 0.953009, -0.302481, 0.016694, 0.100689, 0.368246, 0.924260, -0.285719, -0.879148, 0.381398)
    }},
    { Time = 0.717, Data = {
      ["LeftUpperArm"] = CFrame.new(-0.204837, -0.621109, -0.314388, 0.625331, -0.723950, -0.291302, 0.623692, 0.239305, 0.744138, -0.469009, -0.647016, 0.601167),
      ["LeftUpperLeg"] = CFrame.new(-0.435993, -0.206429, -0.514436, 0.965435, 0.000424, 0.260642, -0.248126, 0.307657, 0.918575, -0.079799, -0.951497, 0.297128),
      ["LowerTorso"] = CFrame.new(-0.035563, -1.501619, -1.732731, -0.999361, 0.035564, 0.003580, 0.034109, 0.918946, 0.392905, 0.010683, 0.392776, -0.919572),
      ["RightUpperArm"] = CFrame.new(-0.121705, -1.128906, -0.009205, 0.960039, 0.087124, 0.265959, 0.168200, 0.579914, -0.797125, -0.223682, 0.810006, 0.542086),
      ["RightUpperLeg"] = CFrame.new(0.151388, -0.205617, -0.659567, 0.953264, -0.301809, 0.014119, 0.108227, 0.384718, 0.916667, -0.282090, -0.872298, 0.399402)
    }},
    { Time = 0.750, Data = {
      ["LeftUpperArm"] = CFrame.new(-0.205069, -0.617024, -0.312560, 0.625226, -0.724830, -0.289333, 0.633513, 0.254836, 0.730561, -0.455800, -0.640062, 0.618519),
      ["LeftUpperLeg"] = CFrame.new(-0.439231, -0.223654, -0.534981, 0.963435, -0.005286, 0.267890, -0.252173, 0.320039, 0.913227, -0.090562, -0.947390, 0.307004),
      ["LowerTorso"] = CFrame.new(-0.035261, -1.488663, -1.748539, -0.999360, 0.035261, 0.006008, 0.034562, 0.908661, 0.416103, 0.009213, 0.416044, -0.909298),
      ["RightUpperArm"] = CFrame.new(-0.121254, -1.132632, -0.006635, 0.955909, 0.088842, 0.279901, 0.182854, 0.565747, -0.804049, -0.229786, 0.819779, 0.524558),
      ["RightUpperLeg"] = CFrame.new(0.148994, -0.220906, -0.693116, 0.952741, -0.303501, 0.013078, 0.112961, 0.393909, 0.912182, -0.281999, -0.867596, 0.409577)
    }},
    { Time = 0.767, Data = {
      ["LeftUpperArm"] = CFrame.new(-0.205266, -0.615710, -0.311807, 0.624670, -0.725579, -0.288657, 0.637125, 0.259835, 0.725643, -0.451508, -0.637198, 0.624596),
      ["LeftUpperLeg"] = CFrame.new(-0.440834, -0.233949, -0.538252, 0.962787, -0.009218, 0.270105, -0.252723, 0.323471, 0.911865, -0.095777, -0.946193, 0.309103),
      ["LowerTorso"] = CFrame.new(-0.034812, -1.483864, -1.753158, -0.999365, 0.034812, 0.007665, 0.034774, 0.904875, 0.424255, 0.007833, 0.424252, -0.905510),
      ["RightUpperArm"] = CFrame.new(-0.120974, -1.134003, -0.005725, 0.954297, 0.089902, 0.285018, 0.188068, 0.560535, -0.806493, -0.232268, 0.823237, 0.518009),
      ["RightUpperLeg"] = CFrame.new(0.147998, -0.227857, -0.707507, 0.952215, -0.305153, 0.012982, 0.114474, 0.395971, 0.911100, -0.283166, -0.866077, 0.411981)
    }},
    { Time = 0.783, Data = {
      ["LeftUpperArm"] = CFrame.new(-0.205506, -0.614835, -0.311172, 0.623862, -0.726494, -0.288102, 0.639883, 0.263164, 0.722007, -0.448716, -0.634785, 0.629049),
      ["LeftUpperLeg"] = CFrame.new(-0.442381, -0.244914, -0.537608, 0.962382, -0.013727, 0.271354, -0.252315, 0.325329, 0.911317, -0.100789, -0.945501, 0.309627),
      ["LowerTorso"] = CFrame.new(-0.034050, -1.480281, -1.755976, -0.999375, 0.034050, 0.009469, 0.034812, 0.902128, 0.430062, 0.006102, 0.430123, -0.902750),
      ["RightUpperArm"] = CFrame.new(-0.120630, -1.135070, -0.005041, 0.952969, 0.091213, 0.289017, 0.191908, 0.556479, -0.808395, -0.234568, 0.825840, 0.512802),
      ["RightUpperLeg"] = CFrame.new(0.147122, -0.234117, -0.720409, 0.951567, -0.307152, 0.013305, 0.115242, 0.396478, 0.910782, -0.285024, -0.865138, 0.412672)
    }},
    { Time = 0.833, Data = {
      ["LeftUpperArm"] = CFrame.new(-0.206453, -0.614713, -0.310030, 0.619942, -0.730095, -0.287461, 0.643633, 0.263631, 0.718496, -0.448786, -0.630445, 0.633349),
      ["LeftUpperLeg"] = CFrame.new(-0.446426, -0.278992, -0.517366, 0.962479, -0.029095, 0.269791, -0.246679, 0.320446, 0.914584, -0.113063, -0.946820, 0.301246),
      ["LowerTorso"] = CFrame.new(-0.031135, -1.476508, -1.757905, -0.999393, 0.031135, 0.015619, 0.034829, 0.900073, 0.434344, -0.000535, 0.434625, -0.900612),
      ["RightUpperArm"] = CFrame.new(-0.119151, -1.136580, -0.004199, 0.950451, 0.096834, 0.295407, 0.196055, 0.550738, -0.811326, -0.241256, 0.829042, 0.504465),
      ["RightUpperLeg"] = CFrame.new(0.145276, -0.248199, -0.750880, 0.948983, -0.314942, 0.015607, 0.114141, 0.389224, 0.914044, -0.293945, -0.865630, 0.405315)
    }},
    { Time = 0.867, Data = {
      ["LeftUpperArm"] = CFrame.new(-0.207223, -0.616565, -0.309903, 0.616282, -0.733020, -0.287886, 0.642486, 0.256583, 0.722064, -0.455421, -0.629958, 0.629083),
      ["LeftUpperLeg"] = CFrame.new(-0.448253, -0.299250, -0.494073, 0.963746, -0.039607, 0.263865, -0.239344, 0.308759, 0.920534, -0.117930, -0.950315, 0.288086),
      ["LowerTorso"] = CFrame.new(-0.028782, -1.479678, -1.756945, -0.999386, 0.028782, 0.019977, 0.034553, 0.904005, 0.426122, -0.005795, 0.426551, -0.904445),
      ["RightUpperArm"] = CFrame.new(-0.117638, -1.136357, -0.004530, 0.949790, 0.102585, 0.295593, 0.192974, 0.551588, -0.811487, -0.246292, 0.827784, 0.504097),
      ["RightUpperLeg"] = CFrame.new(0.144691, -0.252493, -0.765056, 0.946949, -0.320866, 0.018220, 0.110347, 0.377857, 0.919265, -0.301845, -0.868487, 0.393218)
    }},
    { Time = 0.900, Data = {
      ["LeftUpperArm"] = CFrame.new(-0.208031, -0.619779, -0.310237, 0.612066, -0.736094, -0.289034, 0.638509, 0.244364, 0.729790, -0.466565, -0.631230, 0.619569),
      ["LeftUpperLeg"] = CFrame.new(-0.449104, -0.314533, -0.468036, 0.965943, -0.048841, 0.254103, -0.229663, 0.290563, 0.928885, -0.119201, -0.955609, 0.269450),
      ["LowerTorso"] = CFrame.new(-0.026627, -1.486948, -1.757049, -0.999356, 0.026627, 0.024056, 0.034139, 0.911987, 0.408797, -0.011054, 0.409355, -0.912308),
      ["RightUpperArm"] = CFrame.new(-0.115581, -1.135281, -0.005516, 0.949700, 0.110413, 0.293050, 0.185477, 0.555678, -0.810445, -0.252325, 0.824034, 0.507248),
      ["RightUpperLeg"] = CFrame.new(0.144614, -0.251753, -0.775060, 0.944881, -0.326722, 0.021269, 0.104186, 0.361619, 0.926486, -0.310394, -0.873204, 0.375727)
    }},
    { Time = 0.933, Data = {
      ["LeftUpperArm"] = CFrame.new(-0.208832, -0.624241, -0.310966, 0.607494, -0.739141, -0.290900, 0.631604, 0.227403, 0.741192, -0.481693, -0.634003, 0.604990),
      ["LeftUpperLeg"] = CFrame.new(-0.448737, -0.322132, -0.443759, 0.969034, -0.055743, 0.240555, -0.217806, 0.266024, 0.939038, -0.116338, -0.962353, 0.245645),
      ["LowerTorso"] = CFrame.new(-0.024945, -1.497547, -1.760722, -0.999306, 0.024945, 0.027665, 0.033632, 0.923469, 0.382196, -0.016014, 0.382861, -0.923667),
      ["RightUpperArm"] = CFrame.new(-0.112803, -1.133431, -0.007169, 0.949907, 0.120971, 0.288170, 0.173528, 0.562716, -0.808231, -0.259931, 0.817751, 0.513537),
      ["RightUpperLeg"] = CFrame.new(0.145022, -0.245144, -0.781559, 0.942996, -0.331895, 0.024592, 0.095702, 0.341200, 0.935106, -0.318748, -0.879448, 0.353513)
    }},
    { Time = 0.983, Data = {
      ["LeftUpperArm"] = CFrame.new(-0.209960, -0.632821, -0.312500, 0.600324, -0.743426, -0.294836, 0.616055, 0.194776, 0.763242, -0.509987, -0.639828, 0.574920),
      ["LeftUpperLeg"] = CFrame.new(-0.445546, -0.313410, -0.420840, 0.974941, -0.059380, 0.214393, -0.196762, 0.219517, 0.955561, -0.103804, -0.973800, 0.202332),
      ["LowerTorso"] = CFrame.new(-0.023623, -1.517495, -1.777735, -0.999241, 0.023623, 0.030974, 0.032393, 0.945542, 0.323885, -0.021636, 0.324642, -0.945589),
      ["RightUpperArm"] = CFrame.new(-0.107040, -1.129293, -0.011019, 0.950280, 0.142884, 0.276681, 0.146658, 0.578445, -0.802429, -0.274699, 0.803110, 0.528730),
      ["RightUpperLeg"] = CFrame.new(0.146453, -0.222498, -0.786257, 0.941052, -0.336949, 0.029773, 0.078913, 0.304275, 0.949310, -0.328928, -0.891001, 0.312928)
    }},
    { Time = 1.000, Data = {
      ["Head"] = CFrame.new(0.000000, 0.000000, -0.069435, 1.000000, 0.000000, 0.000000, 0.000000, 1.000000, 0.000000, 0.000000, 0.000000, 1.000000)
    }}
  }
}