return {
  ["Astros blowjob 2"] = {
    { Time = 0.000, Data = {
      ["Head"] = CFrame.new(0.000000, -0.000000, -0.000000, 1.000000, -0.000000, 0.000000, 0.000000, 0.988939, 0.148321, -0.000000, -0.148321, 0.988939),
      ["LeftUpperArm"] = CFrame.new(0.168294, -0.747661, -0.131596, 0.960434, -0.128648, 0.247016, 0.227507, -0.149195, -0.962279, 0.160649, 0.980403, -0.114024),
      ["LeftUpperLeg"] = CFrame.new(-0.043770, -0.006054, -0.835449, 0.912489, 0.256304, 0.318861, -0.366205, 0.164291, 0.915916, 0.182367, -0.952532, 0.243774),
      ["LowerTorso"] = CFrame.new(-0.002991, -1.654225, -1.712147, -0.999998, 0.000325, -0.001704, 0.000019, 0.984281, 0.176607, 0.001735, 0.176607, -0.984280),
      ["RightUpperArm"] = CFrame.new(-0.168294, -0.747661, -0.131596, 0.960434, 0.128648, -0.247016, -0.227507, -0.149195, -0.962279, -0.160649, 0.980403, -0.114024),
      ["RightUpperLeg"] = CFrame.new(0.043776, -0.006072, -0.835434, 0.912489, -0.256304, -0.318861, 0.366205, 0.164291, 0.915916, -0.182367, -0.952532, 0.243774)
    }},
    { Time = 0.017, Data = {
      ["Head"] = CFrame.new(0.000000, -0.000000, 0.000000, 1.000000, -0.000000, 0.000000, 0.000000, 0.988991, 0.147979, -0.000000, -0.147979, 0.988991),
      ["LeftUpperArm"] = CFrame.new(0.168311, -0.747961, -0.130837, 0.960439, -0.128583, 0.247028, 0.227359, -0.150213, -0.962156, 0.160824, 0.980256, -0.115036),
      ["LeftUpperLeg"] = CFrame.new(-0.043778, -0.005307, -0.835357, 0.912473, 0.256322, 0.318890, -0.366381, 0.165032, 0.915712, 0.182090, -0.952399, 0.244499),
      ["LowerTorso"] = CFrame.new(-0.002991, -1.654403, -1.712268, -0.999998, 0.000326, -0.001704, 0.000018, 0.984128, 0.177460, 0.001735, 0.177460, -0.984126),
      ["RightUpperArm"] = CFrame.new(-0.168311, -0.747961, -0.130837, 0.960439, 0.128583, -0.247028, -0.227359, -0.150213, -0.962156, -0.160824, 0.980256, -0.115036),
      ["RightUpperLeg"] = CFrame.new(0.043784, -0.005324, -0.835342, 0.912473, -0.256322, -0.318890, 0.366381, 0.165032, 0.915712, -0.182090, -0.952399, 0.244499)
    }},
    { Time = 0.033, Data = {
      ["Head"] = CFrame.new(0.000000, -0.000000, 0.000000, 1.000000, -0.000000, 0.000000, 0.000000, 0.989144, 0.146951, -0.000000, -0.146951, 0.989144),
      ["LeftUpperArm"] = CFrame.new(0.168298, -0.748863, -0.128570, 0.960421, -0.128632, 0.247075, 0.226897, -0.153273, -0.961782, 0.161586, 0.979776, -0.118020),
      ["LeftUpperLeg"] = CFrame.new(-0.043780, -0.003019, -0.835096, 0.912470, 0.256407, 0.318833, -0.366816, 0.167500, 0.915090, 0.181231, -0.951945, 0.246893),
      ["LowerTorso"] = CFrame.new(-0.002989, -1.654950, -1.712545, -0.999998, 0.000328, -0.001704, 0.000016, 0.983679, 0.179933, 0.001735, 0.179933, -0.983677),
      ["RightUpperArm"] = CFrame.new(-0.168298, -0.748863, -0.128569, 0.960421, 0.128632, -0.247075, -0.226897, -0.153273, -0.961782, -0.161586, 0.979776, -0.118020),
      ["RightUpperLeg"] = CFrame.new(0.043786, -0.003036, -0.835082, 0.912470, -0.256407, -0.318833, 0.366816, 0.167500, 0.915090, -0.181231, -0.951945, 0.246893)
    }},
    { Time = 0.050, Data = {
      ["Head"] = CFrame.new(0.000000, 0.000000, -0.000000, 1.000000, -0.000000, 0.000000, 0.000000, 0.989409, 0.145153, -0.000000, -0.145153, 0.989409),
      ["LeftUpperArm"] = CFrame.new(0.168301, -0.750363, -0.124792, 0.960419, -0.128619, 0.247090, 0.226071, -0.158359, -0.961152, 0.162751, 0.978969, -0.123014),
      ["LeftUpperLeg"] = CFrame.new(-0.043766, 0.000802, -0.834740, 0.912497, 0.256352, 0.318798, -0.367527, 0.171510, 0.914061, 0.179645, -0.951245, 0.250718),
      ["LowerTorso"] = CFrame.new(-0.002986, -1.655851, -1.712976, -0.999998, 0.000331, -0.001703, 0.000012, 0.982922, 0.184025, 0.001735, 0.184024, -0.982920),
      ["RightUpperArm"] = CFrame.new(-0.168301, -0.750363, -0.124792, 0.960419, 0.128619, -0.247090, -0.226071, -0.158359, -0.961152, -0.162751, 0.978969, -0.123014),
      ["RightUpperLeg"] = CFrame.new(0.043772, 0.000784, -0.834725, 0.912497, -0.256352, -0.318798, 0.367527, 0.171510, 0.914061, -0.179645, -0.951245, 0.250718)
    }},
    { Time = 0.067, Data = {
      ["Head"] = CFrame.new(0.000000, 0.000000, 0.000000, 1.000000, -0.000000, 0.000000, 0.000000, 0.989770, 0.142669, -0.000000, -0.142669, 0.989770),
      ["LeftUpperArm"] = CFrame.new(0.168303, -0.752456, -0.119516, 0.960438, -0.128611, 0.247018, 0.224813, -0.165458, -0.960251, 0.164370, 0.977795, -0.129999),
      ["LeftUpperLeg"] = CFrame.new(-0.043768, 0.006118, -0.834211, 0.912492, 0.256353, 0.318812, -0.368589, 0.177085, 0.912570, 0.177483, -0.950224, 0.256077),
      ["LowerTorso"] = CFrame.new(-0.002982, -1.657089, -1.713558, -0.999999, 0.000336, -0.001702, 0.000007, 0.981836, 0.189732, 0.001735, 0.189731, -0.981835),
      ["RightUpperArm"] = CFrame.new(-0.168303, -0.752456, -0.119516, 0.960438, 0.128611, -0.247018, -0.224813, -0.165458, -0.960251, -0.164370, 0.977795, -0.129999),
      ["RightUpperLeg"] = CFrame.new(0.043774, 0.006100, -0.834196, 0.912492, -0.256353, -0.318812, 0.368589, 0.177085, 0.912570, -0.177483, -0.950224, 0.256077)
    }},
    { Time = 0.083, Data = {
      ["Head"] = CFrame.new(0.000000, 0.000000, 0.000000, 1.000000, -0.000000, 0.000000, 0.000000, 0.990222, 0.139499, -0.000000, -0.139499, 0.990222),
      ["LeftUpperArm"] = CFrame.new(0.168294, -0.755165, -0.112756, 0.960426, -0.128646, 0.247048, 0.223283, -0.174649, -0.958980, 0.166515, 0.976191, -0.139013),
      ["LeftUpperLeg"] = CFrame.new(-0.043770, 0.012964, -0.833537, 0.912489, 0.256347, 0.318827, -0.369930, 0.184243, 0.910608, 0.174690, -0.948863, 0.262950),
      ["LowerTorso"] = CFrame.new(-0.002977, -1.658617, -1.714371, -0.999999, 0.000343, -0.001701, 0.000001, 0.980376, 0.197135, 0.001735, 0.197135, -0.980375),
      ["RightUpperArm"] = CFrame.new(-0.168294, -0.755165, -0.112756, 0.960426, 0.128646, -0.247048, -0.223283, -0.174649, -0.958980, -0.166515, 0.976191, -0.139013),
      ["RightUpperLeg"] = CFrame.new(0.043776, 0.012946, -0.833523, 0.912489, -0.256347, -0.318827, 0.369930, 0.184243, 0.910608, -0.174690, -0.948863, 0.262950)
    }},
    { Time = 0.100, Data = {
      ["Head"] = CFrame.new(0.000000, 0.000000, 0.000000, 1.000000, -0.000000, 0.000000, 0.000000, 0.990770, 0.135557, -0.000000, -0.135557, 0.990770),
      ["LeftUpperArm"] = CFrame.new(0.168298, -0.758450, -0.104519, 0.960427, -0.128630, 0.247050, 0.221371, -0.185785, -0.957329, 0.169040, 0.974135, -0.149958),
      ["LeftUpperLeg"] = CFrame.new(-0.043772, 0.021347, -0.832721, 0.912484, 0.256335, 0.318849, -0.371539, 0.192963, 0.908143, 0.171263, -0.947131, 0.271314),
      ["LowerTorso"] = CFrame.new(-0.002971, -1.660394, -1.715410, -0.999998, 0.000351, -0.001699, -0.000007, 0.978504, 0.206228, 0.001735, 0.206228, -0.978502),
      ["RightUpperArm"] = CFrame.new(-0.168298, -0.758450, -0.104519, 0.960427, 0.128630, -0.247050, -0.221371, -0.185785, -0.957329, -0.169040, 0.974135, -0.149958),
      ["RightUpperLeg"] = CFrame.new(0.043778, 0.021330, -0.832707, 0.912484, -0.256335, -0.318849, 0.371539, 0.192963, 0.908143, -0.171263, -0.947131, 0.271314)
    }},
    { Time = 0.117, Data = {
      ["Head"] = CFrame.new(0.000000, 0.000000, 0.000000, 1.000000, -0.000000, 0.000000, 0.000000, 0.991381, 0.131013, -0.000000, -0.131013, 0.991381),
      ["LeftUpperArm"] = CFrame.new(0.168285, -0.762331, -0.094832, 0.960423, -0.128677, 0.247042, 0.219049, -0.198940, -0.955217, 0.172061, 0.971527, -0.162880),
      ["LeftUpperLeg"] = CFrame.new(-0.043771, 0.031299, -0.831729, 0.912486, 0.256369, 0.318816, -0.373351, 0.203215, 0.905159, 0.167266, -0.944976, 0.281146),
      ["LowerTorso"] = CFrame.new(-0.002964, -1.662413, -1.716499, -0.999998, 0.000360, -0.001697, -0.000017, 0.976208, 0.216834, 0.001735, 0.216834, -0.976207),
      ["RightUpperArm"] = CFrame.new(-0.168286, -0.762331, -0.094832, 0.960423, 0.128677, -0.247042, -0.219049, -0.198940, -0.955217, -0.172061, 0.971527, -0.162880),
      ["RightUpperLeg"] = CFrame.new(0.043777, 0.031281, -0.831715, 0.912486, -0.256369, -0.318816, 0.373351, 0.203215, 0.905159, -0.167266, -0.944976, 0.281146)
    }},
    { Time = 0.133, Data = {
      ["Head"] = CFrame.new(0.000000, 0.000000, 0.000000, 1.000000, -0.000000, 0.000000, 0.000000, 0.992069, 0.125694, -0.000000, -0.125694, 0.992069),
      ["LeftUpperArm"] = CFrame.new(0.168307, -0.766820, -0.083712, 0.960425, -0.128594, 0.247078, 0.216373, -0.214160, -0.952533, 0.175404, 0.968297, -0.177860),
      ["LeftUpperLeg"] = CFrame.new(-0.043777, 0.042774, -0.830640, 0.912475, 0.256361, 0.318854, -0.375458, 0.215070, 0.901541, 0.162544, -0.942350, 0.292499),
      ["LowerTorso"] = CFrame.new(-0.002956, -1.664582, -1.717797, -0.999999, 0.000371, -0.001695, -0.000028, 0.973400, 0.229114, 0.001735, 0.229113, -0.973399),
      ["RightUpperArm"] = CFrame.new(-0.168308, -0.766820, -0.083713, 0.960425, 0.128594, -0.247078, -0.216373, -0.214160, -0.952533, -0.175404, 0.968297, -0.177860),
      ["RightUpperLeg"] = CFrame.new(0.043783, 0.042756, -0.830626, 0.912475, -0.256361, -0.318854, 0.375458, 0.215070, 0.901541, -0.162544, -0.942350, 0.292499)
    }},
    { Time = 0.150, Data = {
      ["Head"] = CFrame.new(0.000000, 0.000000, 0.000000, 1.000000, -0.000000, 0.000000, 0.000000, 0.992822, 0.119600, -0.000000, -0.119600, 0.992822),
      ["LeftUpperArm"] = CFrame.new(0.168287, -0.771847, -0.071182, 0.960422, -0.128668, 0.247050, 0.213208, -0.231181, -0.949262, 0.179252, 0.964365, -0.194598),
      ["LeftUpperLeg"] = CFrame.new(-0.043781, 0.055832, -0.829389, 0.912465, 0.256417, 0.318838, -0.377740, 0.228487, 0.897278, 0.157227, -0.939172, 0.305345),
      ["LowerTorso"] = CFrame.new(-0.002947, -1.666858, -1.719204, -0.999999, 0.000383, -0.001692, -0.000040, 0.970034, 0.242968, 0.001735, 0.242968, -0.970033),
      ["RightUpperArm"] = CFrame.new(-0.168288, -0.771847, -0.071182, 0.960422, 0.128668, -0.247050, -0.213208, -0.231181, -0.949262, -0.179252, 0.964365, -0.194598),
      ["RightUpperLeg"] = CFrame.new(0.043788, 0.055814, -0.829375, 0.912465, -0.256417, -0.318838, 0.377740, 0.228487, 0.897278, -0.157227, -0.939172, 0.305345)
    }},
    { Time = 0.167, Data = {
      ["Head"] = CFrame.new(0.000000, 0.000000, -0.000000, 1.000000, -0.000000, 0.000000, 0.000000, 0.993606, 0.112901, -0.000000, -0.112901, 0.993606),
      ["LeftUpperArm"] = CFrame.new(0.168302, -0.777475, -0.057273, 0.960422, -0.128614, 0.247079, 0.209655, -0.250240, -0.945211, 0.183396, 0.959603, -0.213372),
      ["LeftUpperLeg"] = CFrame.new(-0.043779, 0.070470, -0.828059, 0.912470, 0.256352, 0.318875, -0.380201, 0.243354, 0.892315, 0.151147, -0.935448, 0.319519),
      ["LowerTorso"] = CFrame.new(-0.003022, -1.669194, -1.720625, -0.999999, 0.000482, -0.001678, 0.000032, 0.966065, 0.258300, 0.001745, 0.258300, -0.966063),
      ["RightUpperArm"] = CFrame.new(-0.168302, -0.777475, -0.057273, 0.960422, 0.128614, -0.247079, -0.209655, -0.250240, -0.945211, -0.183396, 0.959603, -0.213372),
      ["RightUpperLeg"] = CFrame.new(0.043785, 0.070453, -0.828046, 0.912470, -0.256352, -0.318875, 0.380201, 0.243354, 0.892315, -0.151147, -0.935448, 0.319519)
    }},
    { Time = 0.183, Data = {
      ["Head"] = CFrame.new(0.000000, 0.000000, -0.000000, 1.000000, -0.000000, 0.000000, 0.000000, 0.994427, 0.105425, -0.000000, -0.105425, 0.994427),
      ["LeftUpperArm"] = CFrame.new(0.168308, -0.783657, -0.042015, 0.960431, -0.128589, 0.247055, 0.205579, -0.271158, -0.940325, 0.187907, 0.953907, -0.233993),
      ["LeftUpperLeg"] = CFrame.new(-0.043778, 0.086712, -0.826580, 0.912470, 0.256367, 0.318863, -0.382796, 0.259787, 0.886554, 0.144447, -0.931014, 0.335184),
      ["LowerTorso"] = CFrame.new(-0.003010, -1.671467, -1.722209, -0.999999, 0.000496, -0.001674, 0.000017, 0.961370, 0.275260, 0.001746, 0.275259, -0.961369),
      ["RightUpperArm"] = CFrame.new(-0.168308, -0.783657, -0.042015, 0.960431, 0.128589, -0.247055, -0.205579, -0.271158, -0.940325, -0.187907, 0.953907, -0.233993),
      ["RightUpperLeg"] = CFrame.new(0.043785, 0.086695, -0.826567, 0.912470, -0.256367, -0.318863, 0.382796, 0.259787, 0.886554, -0.144447, -0.931014, 0.335184)
    }},
    { Time = 0.200, Data = {
      ["Head"] = CFrame.new(0.000000, -0.000000, 0.000000, 1.000000, -0.000000, 0.000000, 0.000000, 0.995259, 0.097256, -0.000000, -0.097256, 0.995259),
      ["LeftUpperArm"] = CFrame.new(0.168292, -0.790394, -0.025447, 0.960423, -0.128645, 0.247058, 0.201003, -0.293944, -0.934449, 0.192834, 0.947126, -0.256452),
      ["LeftUpperLeg"] = CFrame.new(-0.043770, 0.104583, -0.825000, 0.912487, 0.256329, 0.318845, -0.385474, 0.277660, 0.879951, 0.137026, -0.925851, 0.352170),
      ["LowerTorso"] = CFrame.new(-0.002997, -1.673616, -1.723849, -0.999999, 0.000512, -0.001669, -0.000000, 0.955885, 0.293740, 0.001746, 0.293740, -0.955884),
      ["RightUpperArm"] = CFrame.new(-0.168293, -0.790394, -0.025447, 0.960423, 0.128645, -0.247058, -0.201003, -0.293944, -0.934449, -0.192834, 0.947126, -0.256452),
      ["RightUpperLeg"] = CFrame.new(0.043776, 0.104566, -0.824987, 0.912487, -0.256329, -0.318845, 0.385474, 0.277660, 0.879951, -0.137026, -0.925851, 0.352170)
    }},
    { Time = 0.217, Data = {
      ["Head"] = CFrame.new(0.000000, 0.000000, -0.000000, 1.000000, -0.000000, 0.000000, 0.000000, 0.996093, 0.088307, -0.000000, -0.088307, 0.996093),
      ["LeftUpperArm"] = CFrame.new(0.168299, -0.797510, -0.007947, 0.960435, -0.128620, 0.247026, 0.196002, -0.317982, -0.927616, 0.197860, 0.939332, -0.280191),
      ["LeftUpperLeg"] = CFrame.new(-0.043768, 0.123679, -0.823355, 0.912492, 0.256318, 0.318840, -0.388208, 0.296683, 0.872510, 0.129046, -0.919935, 0.370225),
      ["LowerTorso"] = CFrame.new(-0.002983, -1.675514, -1.725471, -0.999999, 0.000530, -0.001663, -0.000018, 0.949654, 0.313300, 0.001746, 0.313300, -0.949653),
      ["RightUpperArm"] = CFrame.new(-0.168299, -0.797510, -0.007947, 0.960435, 0.128620, -0.247026, -0.196002, -0.317982, -0.927616, -0.197860, 0.939332, -0.280191),
      ["RightUpperLeg"] = CFrame.new(0.043774, 0.123662, -0.823343, 0.912492, -0.256318, -0.318840, 0.388208, 0.296683, 0.872510, -0.129046, -0.919935, 0.370225)
    }},
    { Time = 0.233, Data = {
      ["Head"] = CFrame.new(0.000000, 0.000000, -0.000000, 1.000000, -0.000000, 0.000000, 0.000000, 0.996894, 0.078751, -0.000000, -0.078751, 0.996894),
      ["LeftUpperArm"] = CFrame.new(0.168305, -0.804150, 0.008331, 0.960423, -0.128594, 0.247084, 0.191268, -0.340397, -0.920623, 0.202494, 0.931447, -0.302329),
      ["LeftUpperLeg"] = CFrame.new(-0.043771, 0.141685, -0.821784, 0.912486, 0.256383, 0.318807, -0.390616, 0.314353, 0.865218, 0.121609, -0.914030, 0.386990),
      ["LowerTorso"] = CFrame.new(-0.002970, -1.676941, -1.726853, -0.999999, 0.000546, -0.001658, -0.000035, 0.943448, 0.331522, 0.001745, 0.331521, -0.943446),
      ["RightUpperArm"] = CFrame.new(-0.168306, -0.804150, 0.008331, 0.960423, 0.128594, -0.247084, -0.191268, -0.340397, -0.920623, -0.202494, 0.931447, -0.302329),
      ["RightUpperLeg"] = CFrame.new(0.043777, 0.141668, -0.821772, 0.912486, -0.256383, -0.318807, 0.390616, 0.314353, 0.865218, -0.121609, -0.914030, 0.386990)
    }},
    { Time = 0.250, Data = {
      ["Head"] = CFrame.new(0.000000, 0.000000, 0.000000, 1.000000, -0.000000, 0.000000, 0.000000, 0.997657, 0.068413, -0.000000, -0.068413, 0.997657),
      ["LeftUpperArm"] = CFrame.new(0.168289, -0.810162, 0.023071, 0.960419, -0.128657, 0.247069, 0.186762, -0.360670, -0.913804, 0.206678, 0.923777, -0.322366),
      ["LeftUpperLeg"] = CFrame.new(-0.043765, 0.158192, -0.820416, 0.912496, 0.256340, 0.318811, -0.392680, 0.330375, 0.858286, 0.114685, -0.908374, 0.402125),
      ["LowerTorso"] = CFrame.new(-0.003043, -1.677924, -1.728044, -0.999998, 0.000645, -0.001638, 0.000035, 0.937462, 0.348088, 0.001760, 0.348088, -0.937460),
      ["RightUpperArm"] = CFrame.new(-0.168289, -0.810162, 0.023071, 0.960419, 0.128657, -0.247069, -0.186762, -0.360670, -0.913804, -0.206678, 0.923777, -0.322366),
      ["RightUpperLeg"] = CFrame.new(0.043771, 0.158176, -0.820404, 0.912496, -0.256340, -0.318811, 0.392680, 0.330375, 0.858286, -0.114685, -0.908374, 0.402125)
    }},
    { Time = 0.267, Data = {
      ["Head"] = CFrame.new(0.000000, 0.000000, 0.000000, 1.000000, -0.000000, 0.000000, 0.000000, 0.998312, 0.058070, -0.000000, -0.058070, 0.998312),
      ["LeftUpperArm"] = CFrame.new(0.168288, -0.815566, 0.036307, 0.960417, -0.128660, 0.247073, 0.182639, -0.378878, -0.907245, 0.210337, 0.916460, -0.340383),
      ["LeftUpperLeg"] = CFrame.new(-0.043779, 0.173145, -0.819166, 0.912469, 0.256369, 0.318866, -0.394513, 0.344735, 0.851773, 0.108444, -0.903013, 0.415701),
      ["LowerTorso"] = CFrame.new(-0.003032, -1.678549, -1.729063, -0.999998, 0.000658, -0.001633, 0.000020, 0.931782, 0.363018, 0.001761, 0.363017, -0.931781),
      ["RightUpperArm"] = CFrame.new(-0.168288, -0.815566, 0.036307, 0.960417, 0.128660, -0.247073, -0.182639, -0.378878, -0.907245, -0.210337, 0.916460, -0.340383),
      ["RightUpperLeg"] = CFrame.new(0.043785, 0.173129, -0.819155, 0.912469, -0.256369, -0.318866, 0.394513, 0.344735, 0.851773, -0.108444, -0.903013, 0.415701)
    }},
    { Time = 0.283, Data = {
      ["Head"] = CFrame.new(0.000000, 0.000000, 0.000000, 1.000000, -0.000000, 0.000000, 0.000000, 0.998827, 0.048412, -0.000000, -0.048412, 0.998827),
      ["LeftUpperArm"] = CFrame.new(0.168302, -0.820359, 0.048076, 0.960422, -0.128605, 0.247085, 0.178926, -0.395006, -0.901086, 0.213484, 0.909632, -0.356362),
      ["LeftUpperLeg"] = CFrame.new(-0.043775, 0.186596, -0.818082, 0.912476, 0.256339, 0.318871, -0.396008, 0.357553, 0.845774, 0.102792, -0.898024, 0.427770),
      ["LowerTorso"] = CFrame.new(-0.003022, -1.678928, -1.729846, -0.999998, 0.000670, -0.001628, 0.000008, 0.926519, 0.376248, 0.001761, 0.376247, -0.926518),
      ["RightUpperArm"] = CFrame.new(-0.168302, -0.820359, 0.048076, 0.960422, 0.128605, -0.247085, -0.178926, -0.395006, -0.901086, -0.213484, 0.909632, -0.356362),
      ["RightUpperLeg"] = CFrame.new(0.043781, 0.186580, -0.818071, 0.912476, -0.256339, -0.318871, 0.396008, 0.357553, 0.845774, -0.102792, -0.898024, 0.427770)
    }},
    { Time = 0.300, Data = {
      ["Head"] = CFrame.new(0.000000, 0.000000, 0.000000, 1.000000, -0.000000, 0.000000, 0.000000, 0.999222, 0.039441, -0.000000, -0.039441, 0.999222),
      ["LeftUpperArm"] = CFrame.new(0.168296, -0.824560, 0.058396, 0.960440, -0.128627, 0.247004, 0.175494, -0.409132, -0.895440, 0.216235, 0.903364, -0.370374),
      ["LeftUpperLeg"] = CFrame.new(-0.043770, 0.198502, -0.817139, 0.912486, 0.256315, 0.318862, -0.397252, 0.368839, 0.840327, 0.097779, -0.893454, 0.438382),
      ["LowerTorso"] = CFrame.new(-0.003014, -1.679131, -1.730413, -0.999998, 0.000680, -0.001624, -0.000003, 0.921745, 0.387797, 0.001761, 0.387796, -0.921743),
      ["RightUpperArm"] = CFrame.new(-0.168296, -0.824560, 0.058396, 0.960440, 0.128627, -0.247004, -0.175494, -0.409132, -0.895440, -0.216235, 0.903364, -0.370374),
      ["RightUpperLeg"] = CFrame.new(0.043776, 0.198486, -0.817128, 0.912486, -0.256315, -0.318862, 0.397252, 0.368839, 0.840327, -0.097779, -0.893454, 0.438382)
    }},
    { Time = 0.317, Data = {
      ["Head"] = CFrame.new(0.000000, -0.000000, 0.000000, 1.000000, -0.000000, 0.000000, 0.000000, 0.999512, 0.031245, -0.000000, -0.031245, 0.999512),
      ["LeftUpperArm"] = CFrame.new(0.168287, -0.828209, 0.067279, 0.960419, -0.128659, 0.247068, 0.172577, -0.421409, -0.890299, 0.218661, 0.897698, -0.382526),
      ["LeftUpperLeg"] = CFrame.new(-0.043779, 0.208822, -0.816302, 0.912467, 0.256345, 0.318889, -0.398329, 0.378510, 0.835502, 0.093474, -0.889391, 0.447488),
      ["LowerTorso"] = CFrame.new(-0.003006, -1.679154, -1.730942, -0.999999, 0.000689, -0.001620, -0.000013, 0.917453, 0.397844, 0.001761, 0.397844, -0.917452),
      ["RightUpperArm"] = CFrame.new(-0.168288, -0.828209, 0.067279, 0.960419, 0.128659, -0.247068, -0.172577, -0.421409, -0.890299, -0.218661, 0.897698, -0.382526),
      ["RightUpperLeg"] = CFrame.new(0.043785, 0.208806, -0.816291, 0.912467, -0.256345, -0.318889, 0.398329, 0.378510, 0.835502, -0.093474, -0.889391, 0.447488)
    }},
    { Time = 0.333, Data = {
      ["Head"] = CFrame.new(0.000000, -0.000000, 0.000000, 1.000000, -0.000000, 0.000000, 0.000000, 0.999718, 0.023737, -0.000000, -0.023737, 0.999718),
      ["LeftUpperArm"] = CFrame.new(0.168305, -0.831250, 0.074780, 0.960435, -0.128591, 0.247042, 0.170077, -0.431615, -0.885880, 0.220543, 0.892846, -0.392668),
      ["LeftUpperLeg"] = CFrame.new(-0.043767, 0.217611, -0.815627, 0.912492, 0.256313, 0.318845, -0.399125, 0.386762, 0.831333, 0.089764, -0.885844, 0.455218),
      ["LowerTorso"] = CFrame.new(-0.003000, -1.679116, -1.731287, -0.999998, 0.000696, -0.001617, -0.000021, 0.913765, 0.406243, 0.001761, 0.406243, -0.913764),
      ["RightUpperArm"] = CFrame.new(-0.168305, -0.831250, 0.074781, 0.960435, 0.128591, -0.247042, -0.170077, -0.431615, -0.885880, -0.220543, 0.892846, -0.392668),
      ["RightUpperLeg"] = CFrame.new(0.043773, 0.217595, -0.815616, 0.912492, -0.256313, -0.318845, 0.399125, 0.386762, 0.831333, -0.089764, -0.885844, 0.455218)
    }},
    { Time = 0.350, Data = {
      ["Head"] = CFrame.new(0.000000, -0.000000, 0.000000, 1.000000, -0.000000, 0.000000, 0.000000, 0.999855, 0.017005, -0.000000, -0.017005, 0.999855),
      ["LeftUpperArm"] = CFrame.new(0.168302, -0.833744, 0.080884, 0.960418, -0.128603, 0.247102, 0.168046, -0.439989, -0.882140, 0.222168, 0.888747, -0.400962),
      ["LeftUpperLeg"] = CFrame.new(-0.043766, 0.224800, -0.815047, 0.912493, 0.256318, 0.318839, -0.399782, 0.393377, 0.827906, 0.086784, -0.882924, 0.461425),
      ["LowerTorso"] = CFrame.new(-0.002994, -1.678992, -1.731624, -0.999998, 0.000702, -0.001614, -0.000027, 0.910654, 0.413169, 0.001760, 0.413169, -0.910653),
      ["RightUpperArm"] = CFrame.new(-0.168302, -0.833744, 0.080884, 0.960418, 0.128603, -0.247102, -0.168046, -0.439989, -0.882140, -0.222168, 0.888747, -0.400962),
      ["RightUpperLeg"] = CFrame.new(0.043773, 0.224784, -0.815037, 0.912493, -0.256318, -0.318839, 0.399782, 0.393377, 0.827906, -0.086784, -0.882924, 0.461425)
    }},
    { Time = 0.367, Data = {
      ["Head"] = CFrame.new(0.000000, 0.000000, 0.000000, 1.000000, -0.000000, 0.000000, 0.000000, 0.999941, 0.010876, -0.000000, -0.010876, 0.999941),
      ["LeftUpperArm"] = CFrame.new(0.168296, -0.835653, 0.085628, 0.960417, -0.128626, 0.247092, 0.166420, -0.446388, -0.879229, 0.223390, 0.885547, -0.407313),
      ["LeftUpperLeg"] = CFrame.new(-0.043777, 0.230377, -0.814583, 0.912472, 0.256395, 0.318837, -0.400321, 0.398561, 0.825162, 0.084491, -0.880574, 0.466316),
      ["LowerTorso"] = CFrame.new(-0.002990, -1.678891, -1.731801, -0.999999, 0.000707, -0.001612, -0.000033, 0.908230, 0.418472, 0.001760, 0.418471, -0.908229),
      ["RightUpperArm"] = CFrame.new(-0.168296, -0.835653, 0.085628, 0.960417, 0.128626, -0.247092, -0.166420, -0.446388, -0.879229, -0.223390, 0.885547, -0.407313),
      ["RightUpperLeg"] = CFrame.new(0.043783, 0.230361, -0.814573, 0.912472, -0.256395, -0.318837, 0.400321, 0.398561, 0.825162, -0.084491, -0.880574, 0.466316)
    }},
    { Time = 0.383, Data = {
      ["Head"] = CFrame.new(0.000000, 0.000000, 0.000000, 1.000000, -0.000000, 0.000000, 0.000000, 0.999985, 0.005525, -0.000000, -0.005525, 0.999985),
      ["LeftUpperArm"] = CFrame.new(0.168295, -0.837035, 0.088998, 0.960434, -0.128630, 0.247022, 0.165181, -0.451026, -0.877092, 0.224234, 0.883193, -0.411934),
      ["LeftUpperLeg"] = CFrame.new(-0.043770, 0.234389, -0.814296, 0.912486, 0.256328, 0.318850, -0.400649, 0.402226, 0.823222, 0.082765, -0.878926, 0.469723),
      ["LowerTorso"] = CFrame.new(-0.002987, -1.678766, -1.731990, -0.999999, 0.000711, -0.001611, -0.000036, 0.906446, 0.422322, 0.001760, 0.422321, -0.906445),
      ["RightUpperArm"] = CFrame.new(-0.168295, -0.837035, 0.088998, 0.960434, 0.128630, -0.247022, -0.165181, -0.451026, -0.877092, -0.224234, 0.883193, -0.411934),
      ["RightUpperLeg"] = CFrame.new(0.043776, 0.234373, -0.814286, 0.912486, -0.256328, -0.318850, 0.400649, 0.402226, 0.823222, -0.082765, -0.878926, 0.469723)
    }},
    { Time = 0.400, Data = {
      ["Head"] = CFrame.new(0.000000, -0.000000, 0.000000, 1.000000, -0.000000, 0.000000, 0.000000, 1.000000, 0.000863, -0.000000, -0.000863, 1.000000),
      ["LeftUpperArm"] = CFrame.new(0.168287, -0.837848, 0.091024, 0.960420, -0.128657, 0.247066, 0.164518, -0.453746, -0.875814, 0.224785, 0.881795, -0.414620),
      ["LeftUpperLeg"] = CFrame.new(-0.043772, 0.236782, -0.814125, 0.912480, 0.256332, 0.318863, -0.400874, 0.404493, 0.822001, 0.081727, -0.877884, 0.471848),
      ["LowerTorso"] = CFrame.new(-0.002986, -1.678714, -1.732036, -0.999998, 0.000713, -0.001610, -0.000038, 0.905398, 0.424565, 0.001760, 0.424564, -0.905396),
      ["RightUpperArm"] = CFrame.new(-0.168287, -0.837848, 0.091024, 0.960420, 0.128657, -0.247066, -0.164518, -0.453746, -0.875814, -0.224785, 0.881795, -0.414620),
      ["RightUpperLeg"] = CFrame.new(0.043779, 0.236766, -0.814115, 0.912480, -0.256332, -0.318863, 0.400874, 0.404493, 0.822001, -0.081727, -0.877884, 0.471848)
    }},
    { Time = 0.417, Data = {
      ["Head"] = CFrame.new(0.000000, 0.000000, 0.000000, 1.000000, 0.000000, 0.000000, 0.000000, 0.999995, -0.003021, 0.000000, 0.003021, 0.999995),
      ["LeftUpperArm"] = CFrame.new(0.168286, -0.838142, 0.091687, 0.960423, -0.128663, 0.247049, 0.164246, -0.454741, -0.875348, 0.224968, 0.881281, -0.415611),
      ["LeftUpperLeg"] = CFrame.new(-0.043779, 0.237579, -0.814014, 0.912468, 0.256418, 0.318829, -0.400951, 0.405195, 0.821617, 0.081490, -0.877534, 0.472539),
      ["LowerTorso"] = CFrame.new(-0.002985, -1.678669, -1.732105, -0.999999, 0.000713, -0.001610, -0.000039, 0.905022, 0.425365, 0.001760, 0.425365, -0.905020),
      ["RightUpperArm"] = CFrame.new(-0.168286, -0.838142, 0.091687, 0.960423, 0.128663, -0.247049, -0.164246, -0.454741, -0.875348, -0.224968, 0.881281, -0.415611),
      ["RightUpperLeg"] = CFrame.new(0.043785, 0.237563, -0.814004, 0.912468, -0.256418, -0.318829, 0.400951, 0.405195, 0.821617, -0.081490, -0.877534, 0.472539)
    }},
    { Time = 0.433, Data = {
      ["Head"] = CFrame.new(0.000000, 0.000000, 0.000000, 1.000000, 0.000000, 0.000000, 0.000000, 0.999980, -0.006301, 0.000000, 0.006301, 0.999980),
      ["LeftUpperArm"] = CFrame.new(0.168285, -0.837983, 0.091353, 0.960421, -0.128666, 0.247054, 0.164388, -0.454198, -0.875603, 0.224872, 0.881561, -0.415070),
      ["LeftUpperLeg"] = CFrame.new(-0.043779, 0.237161, -0.814090, 0.912468, 0.256352, 0.318882, -0.400934, 0.404844, 0.821799, 0.081573, -0.877716, 0.472188),
      ["LowerTorso"] = CFrame.new(-0.002985, -1.678688, -1.732078, -0.999998, 0.000713, -0.001610, -0.000039, 0.905210, 0.424965, 0.001760, 0.424964, -0.905208),
      ["RightUpperArm"] = CFrame.new(-0.168285, -0.837983, 0.091353, 0.960421, 0.128666, -0.247054, -0.164388, -0.454198, -0.875603, -0.224872, 0.881561, -0.415070),
      ["RightUpperLeg"] = CFrame.new(0.043785, 0.237145, -0.814080, 0.912468, -0.256352, -0.318882, 0.400934, 0.404844, 0.821799, -0.081573, -0.877716, 0.472188)
    }},
    { Time = 0.450, Data = {
      ["Head"] = CFrame.new(0.000000, -0.000000, 0.000000, 1.000000, 0.000000, 0.000000, 0.000000, 0.999961, -0.008805, 0.000000, 0.008805, 0.999961),
      ["LeftUpperArm"] = CFrame.new(0.168292, -0.837576, 0.090317, 0.960416, -0.128639, 0.247090, 0.164778, -0.452840, -0.876234, 0.224610, 0.882264, -0.413717),
      ["LeftUpperLeg"] = CFrame.new(-0.043777, 0.235940, -0.814178, 0.912471, 0.256342, 0.318882, -0.400819, 0.403668, 0.822433, 0.082102, -0.878260, 0.471082),
      ["LowerTorso"] = CFrame.new(-0.002986, -1.678743, -1.731997, -0.999998, 0.000712, -0.001610, -0.000038, 0.905773, 0.423764, 0.001760, 0.423763, -0.905771),
      ["RightUpperArm"] = CFrame.new(-0.168292, -0.837576, 0.090317, 0.960416, 0.128639, -0.247090, -0.164778, -0.452840, -0.876234, -0.224610, 0.882264, -0.413717),
      ["RightUpperLeg"] = CFrame.new(0.043783, 0.235924, -0.814167, 0.912471, -0.256342, -0.318882, 0.400819, 0.403668, 0.822433, -0.082102, -0.878260, 0.471082)
    }},
    { Time = 0.467, Data = {
      ["Head"] = CFrame.new(0.000000, -0.000000, 0.000000, 1.000000, 0.000000, 0.000000, 0.000000, 0.999945, -0.010531, 0.000000, 0.010531, 0.999945),
      ["LeftUpperArm"] = CFrame.new(0.168293, -0.836873, 0.088599, 0.960433, -0.128633, 0.247028, 0.165323, -0.450482, -0.877345, 0.224137, 0.883470, -0.411392),
      ["LeftUpperLeg"] = CFrame.new(-0.043781, 0.233892, -0.814322, 0.912464, 0.256359, 0.318888, -0.400653, 0.401751, 0.823452, 0.082986, -0.879134, 0.469295),
      ["LowerTorso"] = CFrame.new(-0.002988, -1.678793, -1.731943, -0.999998, 0.000710, -0.001611, -0.000036, 0.906670, 0.421841, 0.001760, 0.421840, -0.906668),
      ["RightUpperArm"] = CFrame.new(-0.168293, -0.836873, 0.088599, 0.960433, 0.128633, -0.247028, -0.165323, -0.450482, -0.877345, -0.224137, 0.883470, -0.411392),
      ["RightUpperLeg"] = CFrame.new(0.043787, 0.233877, -0.814312, 0.912464, -0.256359, -0.318888, 0.400653, 0.401751, 0.823452, -0.082986, -0.879134, 0.469295)
    }},
    { Time = 0.483, Data = {
      ["Head"] = CFrame.new(0.000000, -0.000000, 0.000000, 1.000000, 0.000000, 0.000000, 0.000000, 0.999932, -0.011653, 0.000000, 0.011653, 0.999932),
      ["LeftUpperArm"] = CFrame.new(0.168288, -0.835896, 0.086185, 0.960421, -0.128656, 0.247061, 0.166172, -0.447208, -0.878858, 0.223558, 0.885128, -0.408129),
      ["LeftUpperLeg"] = CFrame.new(-0.043772, 0.231051, -0.814558, 0.912481, 0.256352, 0.318844, -0.400369, 0.399214, 0.824823, 0.084157, -0.880291, 0.466911),
      ["LowerTorso"] = CFrame.new(-0.002990, -1.678872, -1.731830, -0.999998, 0.000708, -0.001612, -0.000033, 0.907934, 0.419114, 0.001760, 0.419113, -0.907932),
      ["RightUpperArm"] = CFrame.new(-0.168288, -0.835896, 0.086185, 0.960421, 0.128656, -0.247061, -0.166172, -0.447208, -0.878858, -0.223558, 0.885128, -0.408129),
      ["RightUpperLeg"] = CFrame.new(0.043778, 0.231036, -0.814547, 0.912481, -0.256352, -0.318844, 0.400369, 0.399214, 0.824823, -0.084157, -0.880291, 0.466911)
    }},
    { Time = 0.500, Data = {
      ["Head"] = CFrame.new(0.000000, 0.000000, 0.000000, 1.000000, 0.000000, 0.000000, 0.000000, 0.999928, -0.011999, 0.000000, 0.011999, 0.999928),
      ["LeftUpperArm"] = CFrame.new(0.168295, -0.834619, 0.083089, 0.960430, -0.128629, 0.247041, 0.167246, -0.442919, -0.880824, 0.222719, 0.887286, -0.403880),
      ["LeftUpperLeg"] = CFrame.new(-0.043769, 0.227391, -0.814830, 0.912488, 0.256338, 0.318835, -0.400020, 0.395751, 0.826659, 0.085725, -0.881857, 0.463659),
      ["LowerTorso"] = CFrame.new(-0.002993, -1.678934, -1.731740, -0.999999, 0.000705, -0.001613, -0.000030, 0.909520, 0.415661, 0.001760, 0.415661, -0.909518),
      ["RightUpperArm"] = CFrame.new(-0.168295, -0.834619, 0.083089, 0.960430, 0.128629, -0.247041, -0.167246, -0.442919, -0.880824, -0.222719, 0.887286, -0.403880),
      ["RightUpperLeg"] = CFrame.new(0.043775, 0.227375, -0.814820, 0.912488, -0.256338, -0.318835, 0.400020, 0.395751, 0.826659, -0.085725, -0.881857, 0.463659)
    }},
    { Time = 0.517, Data = {
      ["Head"] = CFrame.new(0.000000, -0.000000, 0.000000, 1.000000, 0.000000, 0.000000, 0.000000, 0.999932, -0.011653, 0.000000, 0.011653, 0.999932),
      ["LeftUpperArm"] = CFrame.new(0.168309, -0.833088, 0.079282, 0.960434, -0.128574, 0.247055, 0.168564, -0.437786, -0.883136, 0.221706, 0.889838, -0.398791),
      ["LeftUpperLeg"] = CFrame.new(-0.043771, 0.222905, -0.815171, 0.912485, 0.256369, 0.318821, -0.399617, 0.391621, 0.828818, 0.087626, -0.883690, 0.459798),
      ["LowerTorso"] = CFrame.new(-0.002996, -1.679044, -1.731506, -0.999998, 0.000701, -0.001615, -0.000026, 0.911492, 0.411319, 0.001760, 0.411318, -0.911490),
      ["RightUpperArm"] = CFrame.new(-0.168310, -0.833088, 0.079282, 0.960434, 0.128574, -0.247055, -0.168564, -0.437786, -0.883136, -0.221706, 0.889838, -0.398791),
      ["RightUpperLeg"] = CFrame.new(0.043777, 0.222889, -0.815160, 0.912485, -0.256369, -0.318821, 0.399617, 0.391621, 0.828818, -0.087626, -0.883690, 0.459798)
    }},
    { Time = 0.533, Data = {
      ["Head"] = CFrame.new(0.000000, -0.000000, 0.000000, 1.000000, 0.000000, 0.000000, 0.000000, 0.999945, -0.010531, 0.000000, 0.010531, 0.999945),
      ["LeftUpperArm"] = CFrame.new(0.168305, -0.831250, 0.074780, 0.960435, -0.128591, 0.247042, 0.170077, -0.431615, -0.885880, 0.220543, 0.892846, -0.392668),
      ["LeftUpperLeg"] = CFrame.new(-0.043767, 0.217611, -0.815627, 0.912492, 0.256313, 0.318845, -0.399125, 0.386762, 0.831333, 0.089764, -0.885844, 0.455218),
      ["LowerTorso"] = CFrame.new(-0.003000, -1.679116, -1.731287, -0.999998, 0.000696, -0.001617, -0.000021, 0.913765, 0.406243, 0.001761, 0.406243, -0.913764),
      ["RightUpperArm"] = CFrame.new(-0.168305, -0.831250, 0.074781, 0.960435, 0.128591, -0.247042, -0.170077, -0.431615, -0.885880, -0.220543, 0.892846, -0.392668),
      ["RightUpperLeg"] = CFrame.new(0.043773, 0.217595, -0.815616, 0.912492, -0.256313, -0.318845, 0.399125, 0.386762, 0.831333, -0.089764, -0.885844, 0.455218)
    }},
    { Time = 0.550, Data = {
      ["Head"] = CFrame.new(0.000000, -0.000000, 0.000000, 1.000000, 0.000000, 0.000000, 0.000000, 0.999961, -0.008805, 0.000000, 0.008805, 0.999961),
      ["LeftUpperArm"] = CFrame.new(0.168304, -0.829125, 0.069572, 0.960430, -0.128595, 0.247057, 0.171843, -0.424479, -0.888981, 0.219189, 0.896259, -0.385585),
      ["LeftUpperLeg"] = CFrame.new(-0.043780, 0.211489, -0.816072, 0.912465, 0.256381, 0.318867, -0.398586, 0.381005, 0.834245, 0.092395, -0.888315, 0.449844),
      ["LowerTorso"] = CFrame.new(-0.003004, -1.679138, -1.731078, -0.999998, 0.000691, -0.001619, -0.000015, 0.916327, 0.400431, 0.001761, 0.400431, -0.916325),
      ["RightUpperArm"] = CFrame.new(-0.168304, -0.829125, 0.069571, 0.960430, 0.128595, -0.247057, -0.171843, -0.424479, -0.888981, -0.219189, 0.896259, -0.385585),
      ["RightUpperLeg"] = CFrame.new(0.043786, 0.211473, -0.816061, 0.912465, -0.256381, -0.318867, 0.398586, 0.381005, 0.834245, -0.092395, -0.888315, 0.449844)
    }},
    { Time = 0.567, Data = {
      ["Head"] = CFrame.new(0.000000, 0.000000, 0.000000, 1.000000, 0.000000, 0.000000, 0.000000, 0.999980, -0.006301, 0.000000, 0.006301, 0.999980),
      ["LeftUpperArm"] = CFrame.new(0.168287, -0.826710, 0.063647, 0.960422, -0.128660, 0.247054, 0.173788, -0.416364, -0.892434, 0.217685, 0.900048, -0.377526),
      ["LeftUpperLeg"] = CFrame.new(-0.043766, 0.204618, -0.816620, 0.912494, 0.256343, 0.318816, -0.397838, 0.374532, 0.837527, 0.095287, -0.891075, 0.443741),
      ["LowerTorso"] = CFrame.new(-0.003009, -1.679165, -1.730714, -0.999998, 0.000685, -0.001622, -0.000009, 0.919232, 0.393716, 0.001761, 0.393716, -0.919231),
      ["RightUpperArm"] = CFrame.new(-0.168287, -0.826710, 0.063647, 0.960422, 0.128660, -0.247054, -0.173788, -0.416364, -0.892434, -0.217685, 0.900048, -0.377526),
      ["RightUpperLeg"] = CFrame.new(0.043772, 0.204603, -0.816610, 0.912494, -0.256343, -0.318816, 0.397838, 0.374532, 0.837527, -0.095287, -0.891075, 0.443741)
    }},
    { Time = 0.583, Data = {
      ["Head"] = CFrame.new(0.000000, 0.000000, 0.000000, 1.000000, 0.000000, 0.000000, 0.000000, 0.999995, -0.003021, 0.000000, 0.003021, 0.999995),
      ["LeftUpperArm"] = CFrame.new(0.168303, -0.823998, 0.057009, 0.960430, -0.128600, 0.247057, 0.176005, -0.407245, -0.896200, 0.215863, 0.904220, -0.368496),
      ["LeftUpperLeg"] = CFrame.new(-0.043781, 0.196877, -0.817249, 0.912463, 0.256369, 0.318882, -0.397128, 0.367318, 0.841051, 0.098488, -0.894065, 0.436975),
      ["LowerTorso"] = CFrame.new(-0.003015, -1.679109, -1.730350, -0.999998, 0.000679, -0.001625, -0.000002, 0.922392, 0.386254, 0.001761, 0.386254, -0.922391),
      ["RightUpperArm"] = CFrame.new(-0.168303, -0.823998, 0.057009, 0.960430, 0.128600, -0.247057, -0.176005, -0.407245, -0.896200, -0.215863, 0.904220, -0.368496),
      ["RightUpperLeg"] = CFrame.new(0.043787, 0.196861, -0.817238, 0.912463, -0.256369, -0.318882, 0.397128, 0.367318, 0.841051, -0.098488, -0.894065, 0.436975)
    }},
    { Time = 0.600, Data = {
      ["Head"] = CFrame.new(0.000000, -0.000000, 0.000000, 1.000000, -0.000000, 0.000000, 0.000000, 1.000000, 0.000863, -0.000000, -0.000863, 1.000000),
      ["LeftUpperArm"] = CFrame.new(0.168305, -0.821008, 0.049633, 0.960432, -0.128592, 0.247051, 0.178385, -0.397198, -0.900229, 0.213890, 0.908679, -0.358543),
      ["LeftUpperLeg"] = CFrame.new(-0.043781, 0.188385, -0.817913, 0.912464, 0.256385, 0.318866, -0.396215, 0.359235, 0.844964, 0.102089, -0.897339, 0.429373),
      ["LowerTorso"] = CFrame.new(-0.003021, -1.678983, -1.729898, -0.999998, 0.000671, -0.001628, 0.000006, 0.925822, 0.377959, 0.001761, 0.377958, -0.925821),
      ["RightUpperArm"] = CFrame.new(-0.168305, -0.821008, 0.049633, 0.960432, 0.128592, -0.247051, -0.178385, -0.397198, -0.900229, -0.213890, 0.908679, -0.358543),
      ["RightUpperLeg"] = CFrame.new(0.043787, 0.188368, -0.817902, 0.912464, -0.256385, -0.318866, 0.396215, 0.359235, 0.844964, -0.102089, -0.897339, 0.429373)
    }},
    { Time = 0.617, Data = {
      ["Head"] = CFrame.new(0.000000, 0.000000, 0.000000, 1.000000, -0.000000, 0.000000, 0.000000, 0.999985, 0.005525, -0.000000, -0.005525, 0.999985),
      ["LeftUpperArm"] = CFrame.new(0.168305, -0.817686, 0.041534, 0.960427, -0.128594, 0.247071, 0.181016, -0.386008, -0.904561, 0.211692, 0.913489, -0.347455),
      ["LeftUpperLeg"] = CFrame.new(-0.043771, 0.179117, -0.818669, 0.912484, 0.256380, 0.318813, -0.395148, 0.350452, 0.849141, 0.105974, -0.900806, 0.421090),
      ["LowerTorso"] = CFrame.new(-0.003028, -1.678766, -1.729355, -0.999999, 0.000663, -0.001631, 0.000015, 0.929500, 0.368823, 0.001761, 0.368823, -0.929498),
      ["RightUpperArm"] = CFrame.new(-0.168305, -0.817686, 0.041534, 0.960427, 0.128594, -0.247071, -0.181016, -0.386008, -0.904561, -0.211692, 0.913489, -0.347455),
      ["RightUpperLeg"] = CFrame.new(0.043777, 0.179101, -0.818658, 0.912484, -0.256380, -0.318813, 0.395148, 0.350452, 0.849141, -0.105974, -0.900806, 0.421090)
    }},
    { Time = 0.633, Data = {
      ["Head"] = CFrame.new(0.000000, 0.000000, 0.000000, 1.000000, -0.000000, 0.000000, 0.000000, 0.999941, 0.010876, -0.000000, -0.010876, 0.999941),
      ["LeftUpperArm"] = CFrame.new(0.168302, -0.814072, 0.032684, 0.960440, -0.128606, 0.247015, 0.183754, -0.373842, -0.909108, 0.209261, 0.918533, -0.335420),
      ["LeftUpperLeg"] = CFrame.new(-0.043775, 0.169025, -0.819519, 0.912476, 0.256355, 0.318856, -0.394025, 0.340827, 0.853570, 0.110142, -0.904499, 0.412007),
      ["LowerTorso"] = CFrame.new(-0.003035, -1.678400, -1.728794, -0.999998, 0.000655, -0.001634, 0.000024, 0.933367, 0.358923, 0.001760, 0.358923, -0.933366),
      ["RightUpperArm"] = CFrame.new(-0.168302, -0.814072, 0.032684, 0.960440, 0.128606, -0.247015, -0.183754, -0.373842, -0.909108, -0.209261, 0.918533, -0.335420),
      ["RightUpperLeg"] = CFrame.new(0.043781, 0.169009, -0.819508, 0.912476, -0.256355, -0.318856, 0.394025, 0.340827, 0.853570, -0.110142, -0.904499, 0.412007)
    }},
    { Time = 0.650, Data = {
      ["Head"] = CFrame.new(0.000000, -0.000000, 0.000000, 1.000000, -0.000000, 0.000000, 0.000000, 0.999855, 0.017005, -0.000000, -0.017005, 0.999855),
      ["LeftUpperArm"] = CFrame.new(0.168289, -0.810162, 0.023071, 0.960419, -0.128657, 0.247069, 0.186762, -0.360670, -0.913804, 0.206678, 0.923777, -0.322366),
      ["LeftUpperLeg"] = CFrame.new(-0.043765, 0.158192, -0.820416, 0.912496, 0.256340, 0.318811, -0.392680, 0.330375, 0.858286, 0.114685, -0.908374, 0.402125),
      ["LowerTorso"] = CFrame.new(-0.003043, -1.677924, -1.728044, -0.999998, 0.000645, -0.001638, 0.000035, 0.937462, 0.348088, 0.001760, 0.348088, -0.937460),
      ["RightUpperArm"] = CFrame.new(-0.168289, -0.810162, 0.023071, 0.960419, 0.128657, -0.247069, -0.186762, -0.360670, -0.913804, -0.206678, 0.923777, -0.322366),
