return {
  ["Astros cowgirl (m) 2"] = {
    { Time = 0.000, Data = {
      ["Balls"] = CFrame.new(-0.000002, -0.000017, 0.000001, 0.997808, -0.066173, 0.000000, 0.066173, 0.997808, 0.000000, 0.000000, 0.000000, 1.000000),
      ["Cock"] = CFrame.new(0.000003, 0.000011, 0.000000, 0.898363, 0.439254, 0.000000, -0.439254, 0.898363, -0.000000, -0.000000, 0.000000, 1.000000),
      ["Head"] = CFrame.new(0.000000, -0.000006, 0.000000, 1.000000, -0.000000, 0.000000, 0.000000, 0.977691, 0.210049, -0.000000, -0.210049, 0.977691),
      ["LeftUpperArm"] = CFrame.new(-0.075800, -0.756616, -0.394832, 0.944799, -0.288211, -0.155852, 0.038082, 0.569032, -0.821433, 0.325431, 0.770154, 0.548597),
      ["LeftUpperLeg"] = CFrame.new(-0.000968, 0.207595, -0.321721, 0.998059, -0.053340, 0.032133, 0.044136, 0.969958, 0.239234, -0.043929, -0.237352, 0.970430),
      ["LowerTorso"] = CFrame.new(0.000000, -1.504516, -0.474956, 1.000000, 0.000000, 0.000000, 0.000000, 0.000000, -1.000000, 0.000000, 1.000000, 0.000000),
      ["RightUpperArm"] = CFrame.new(0.080099, -1.000042, 0.003901, 0.950524, 0.304553, 0.061256, -0.008912, 0.223838, -0.974586, -0.310524, 0.925821, 0.215478),
      ["RightUpperLeg"] = CFrame.new(0.000391, -0.013913, -0.013985, 0.999222, -0.026740, -0.028981, 0.027795, 0.998942, 0.036630, 0.027971, -0.037407, 0.998909)
    }},
    { Time = 0.017, Data = {
      ["Balls"] = CFrame.new(-0.000001, -0.000017, 0.000001, 0.997446, -0.071429, 0.000000, 0.071429, 0.997446, 0.000000, 0.000000, 0.000000, 1.000000),
      ["Cock"] = CFrame.new(0.000003, 0.000011, 0.000000, 0.898363, 0.439254, 0.000000, -0.439254, 0.898363, -0.000000, -0.000000, 0.000000, 1.000000),
      ["Head"] = CFrame.new(0.000000, -0.000006, 0.000000, 1.000000, -0.000000, 0.000000, 0.000000, 0.975621, 0.219462, -0.000000, -0.219462, 0.975621),
      ["LeftUpperArm"] = CFrame.new(-0.075818, -0.756483, -0.394937, 0.944664, -0.288282, -0.156534, 0.037745, 0.569535, -0.821100, 0.325859, 0.769755, 0.548901),
      ["LeftUpperLeg"] = CFrame.new(-0.000967, 0.207596, -0.321682, 0.998063, -0.053335, 0.032038, 0.044139, 0.969875, 0.239570, -0.043851, -0.237692, 0.970350),
      ["LowerTorso"] = CFrame.new(0.000000, -1.504308, -0.474996, 1.000000, 0.000000, 0.000000, 0.000000, -0.000122, -1.000000, 0.000000, 1.000000, -0.000122),
      ["RightUpperArm"] = CFrame.new(0.080105, -0.999925, 0.003871, 0.950500, 0.304577, 0.061509, -0.008807, 0.224280, -0.974485, -0.310601, 0.925706, 0.215861),
      ["RightUpperLeg"] = CFrame.new(0.000391, -0.013916, -0.013982, 0.999222, -0.026734, -0.028987, 0.027801, 0.998926, 0.037061, 0.027965, -0.037838, 0.998892)
    }},
    { Time = 0.033, Data = {
      ["Balls"] = CFrame.new(-0.000001, -0.000016, 0.000001, 0.997062, -0.076598, 0.000000, 0.076598, 0.997062, 0.000000, 0.000000, 0.000000, 1.000000),
      ["Cock"] = CFrame.new(0.000003, 0.000011, 0.000000, 0.898363, 0.439254, 0.000000, -0.439254, 0.898363, -0.000000, -0.000000, 0.000000, 1.000000),
      ["Head"] = CFrame.new(0.000000, -0.000006, 0.000000, 1.000000, -0.000000, 0.000000, 0.000000, 0.973499, 0.228690, -0.000000, -0.228690, 0.973499),
      ["LeftUpperArm"] = CFrame.new(-0.075841, -0.756062, -0.395258, 0.944299, -0.288370, -0.158560, 0.036719, 0.571137, -0.820033, 0.327032, 0.768534, 0.549913),
      ["LeftUpperLeg"] = CFrame.new(-0.000967, 0.207583, -0.321695, 0.998063, -0.053353, 0.032008, 0.044114, 0.969605, 0.240667, -0.043876, -0.238789, 0.970080),
      ["LowerTorso"] = CFrame.new(0.000000, -1.503325, -0.475114, 1.000000, 0.000000, 0.000000, 0.000000, -0.000854, -1.000000, 0.000000, 1.000000, -0.000854),
      ["RightUpperArm"] = CFrame.new(0.080125, -0.999605, 0.003786, 0.950427, 0.304652, 0.062250, -0.008475, 0.225499, -0.974207, -0.310832, 0.925385, 0.216902),
      ["RightUpperLeg"] = CFrame.new(0.000391, -0.013925, -0.013974, 0.999222, -0.026717, -0.029003, 0.027818, 0.998880, 0.038269, 0.027948, -0.039046, 0.998846)
    }},
    { Time = 0.050, Data = {
      ["Balls"] = CFrame.new(-0.000001, -0.000015, 0.000001, 0.996659, -0.081679, 0.000000, 0.081679, 0.996659, 0.000000, 0.000000, 0.000000, 1.000000),
      ["Cock"] = CFrame.new(0.000003, 0.000011, 0.000000, 0.898363, 0.439254, 0.000000, -0.439254, 0.898363, -0.000000, -0.000000, 0.000000, 1.000000),
      ["Head"] = CFrame.new(0.000000, -0.000005, 0.000000, 1.000000, -0.000000, 0.000000, 0.000000, 0.971330, 0.237735, -0.000000, -0.237735, 0.971330),
      ["LeftUpperArm"] = CFrame.new(-0.075887, -0.755354, -0.395804, 0.943649, -0.288544, -0.162078, 0.034927, 0.573832, -0.818228, 0.329101, 0.766459, 0.551573),
      ["LeftUpperLeg"] = CFrame.new(-0.000969, 0.207607, -0.321720, 0.998058, -0.053468, 0.031949, 0.044159, 0.969161, 0.242440, -0.043926, -0.240558, 0.969640),
      ["LowerTorso"] = CFrame.new(0.000000, -1.501809, -0.475309, 1.000000, 0.000000, 0.000000, 0.000000, -0.001953, -0.999998, 0.000000, 0.999998, -0.001953),
      ["RightUpperArm"] = CFrame.new(0.080175, -0.999085, 0.003643, 0.950289, 0.304843, 0.063425, -0.007981, 0.227476, -0.973751, -0.311268, 0.924838, 0.218601),
      ["RightUpperLeg"] = CFrame.new(0.000391, -0.013940, -0.013959, 0.999222, -0.026685, -0.029032, 0.027848, 0.998794, 0.040425, 0.027918, -0.041202, 0.998761)
    }},
    { Time = 0.067, Data = {
      ["Balls"] = CFrame.new(-0.000001, -0.000014, 0.000001, 0.996244, -0.086586, 0.000000, 0.086586, 0.996244, 0.000000, 0.000000, 0.000000, 1.000000),
      ["Cock"] = CFrame.new(0.000003, 0.000011, 0.000000, 0.898363, 0.439254, 0.000000, -0.439254, 0.898363, -0.000000, -0.000000, 0.000000, 1.000000),
      ["Head"] = CFrame.new(0.000000, -0.000005, 0.000000, 1.000000, -0.000000, 0.000000, 0.000000, 0.969140, 0.246511, -0.000000, -0.246511, 0.969140),
      ["LeftUpperArm"] = CFrame.new(-0.075966, -0.754410, -0.396544, 0.942741, -0.288845, -0.166757, 0.032613, 0.577420, -0.815795, 0.331927, 0.763646, 0.553778),
      ["LeftUpperLeg"] = CFrame.new(-0.000967, 0.207583, -0.321706, 0.998062, -0.053499, 0.031793, 0.044113, 0.968527, 0.244968, -0.043898, -0.243091, 0.969010),
      ["LowerTorso"] = CFrame.new(0.000000, -1.499647, -0.475577, 1.000000, 0.000000, 0.000000, 0.000000, -0.003537, -0.999994, 0.000000, 0.999994, -0.003537),
      ["RightUpperArm"] = CFrame.new(0.080224, -0.998362, 0.003448, 0.950121, 0.305029, 0.065023, -0.007315, 0.230225, -0.973110, -0.311796, 0.924096, 0.220973),
      ["RightUpperLeg"] = CFrame.new(0.000391, -0.013919, -0.013982, 0.999222, -0.026554, -0.029155, 0.027805, 0.998673, 0.043358, 0.027965, -0.044135, 0.998634)
    }},
    { Time = 0.083, Data = {
      ["Balls"] = CFrame.new(-0.000001, -0.000014, 0.000001, 0.995830, -0.091233, 0.000000, 0.091233, 0.995830, 0.000000, 0.000000, 0.000000, 1.000000),
      ["Cock"] = CFrame.new(0.000003, 0.000011, 0.000000, 0.898363, 0.439254, 0.000000, -0.439254, 0.898363, -0.000000, -0.000000, 0.000000, 1.000000),
      ["Head"] = CFrame.new(0.000000, -0.000005, 0.000000, 1.000000, -0.000000, 0.000000, 0.000000, 0.967003, 0.254766, -0.000000, -0.254766, 0.967003),
      ["LeftUpperArm"] = CFrame.new(-0.076033, -0.753205, -0.397486, 0.941595, -0.289099, -0.172687, 0.029654, 0.582001, -0.812647, 0.335440, 0.760063, 0.556582),
      ["LeftUpperLeg"] = CFrame.new(-0.000968, 0.207595, -0.321705, 0.998061, -0.053627, 0.031609, 0.044136, 0.967710, 0.248170, -0.043896, -0.246294, 0.968201),
      ["LowerTorso"] = CFrame.new(0.000000, -1.496844, -0.475912, 1.000000, 0.000000, 0.000000, 0.000000, -0.005608, -0.999984, 0.000000, 0.999984, -0.005608),
      ["RightUpperArm"] = CFrame.new(0.080298, -0.997436, 0.003191, 0.949881, 0.305310, 0.067175, -0.006370, 0.233742, -0.972278, -0.312548, 0.923120, 0.223972),
      ["RightUpperLeg"] = CFrame.new(0.000391, -0.013944, -0.013956, 0.999222, -0.026500, -0.029204, 0.027857, 0.998503, 0.047066, 0.027913, -0.047843, 0.998465)
    }},
    { Time = 0.100, Data = {
      ["Balls"] = CFrame.new(-0.000001, -0.000013, 0.000001, 0.995418, -0.095621, 0.000000, 0.095621, 0.995418, 0.000000, 0.000000, 0.000000, 1.000000),
      ["Cock"] = CFrame.new(0.000003, 0.000011, 0.000000, 0.898363, 0.439254, 0.000000, -0.439254, 0.898363, -0.000000, -0.000000, 0.000000, 1.000000),
      ["Head"] = CFrame.new(0.000000, -0.000005, 0.000000, 1.000000, -0.000000, 0.000000, 0.000000, 0.964908, 0.262588, -0.000000, -0.262588, 0.964908),
      ["LeftUpperArm"] = CFrame.new(-0.076115, -0.751768, -0.398626, 0.940150, -0.289410, -0.179888, 0.026080, 0.587465, -0.808830, 0.339761, 0.755730, 0.559853),
      ["LeftUpperLeg"] = CFrame.new(-0.000968, 0.207600, -0.321711, 0.998060, -0.053763, 0.031407, 0.044147, 0.966730, 0.251959, -0.043908, -0.250084, 0.967228),
      ["LowerTorso"] = CFrame.new(0.000000, -1.493653, -0.476311, 1.000000, 0.000000, 0.000000, 0.000000, -0.007919, -0.999969, 0.000000, 0.999969, -0.007919),
      ["RightUpperArm"] = CFrame.new(0.080374, -0.996343, 0.002886, 0.949612, 0.305598, 0.069613, -0.005358, 0.237899, -0.971275, -0.313381, 0.921962, 0.227550),
      ["RightUpperLeg"] = CFrame.new(0.000391, -0.013933, -0.013970, 0.999222, -0.026347, -0.029347, 0.027834, 0.998287, 0.051464, 0.027941, -0.052240, 0.998244)
    }},
    { Time = 0.117, Data = {
      ["Balls"] = CFrame.new(-0.000001, -0.000012, 0.000001, 0.995021, -0.099664, 0.000000, 0.099664, 0.995021, 0.000000, 0.000000, 0.000000, 1.000000),
      ["Cock"] = CFrame.new(0.000003, 0.000011, 0.000000, 0.898363, 0.439254, 0.000000, -0.439254, 0.898363, -0.000000, -0.000000, 0.000000, 1.000000),
      ["Head"] = CFrame.new(0.000000, -0.000004, 0.000000, 1.000000, -0.000000, 0.000000, 0.000000, 0.962914, 0.269809, -0.000000, -0.269809, 0.962914),
      ["LeftUpperArm"] = CFrame.new(-0.076177, -0.750104, -0.399954, 0.938463, -0.289643, -0.188134, 0.022024, 0.593792, -0.804317, 0.344678, 0.750678, 0.563631),
      ["LeftUpperLeg"] = CFrame.new(-0.000967, 0.207603, -0.321682, 0.998062, -0.053899, 0.031101, 0.044153, 0.965557, 0.256417, -0.043850, -0.254547, 0.966066),
      ["LowerTorso"] = CFrame.new(0.000000, -1.489843, -0.476763, 1.000000, 0.000000, 0.000000, 0.000000, -0.010714, -0.999943, 0.000000, 0.999943, -0.010714),
      ["RightUpperArm"] = CFrame.new(0.080477, -0.995083, 0.002523, 0.949272, 0.305991, 0.072469, -0.004171, 0.242692, -0.970095, -0.314428, 0.920581, 0.231657),
      ["RightUpperLeg"] = CFrame.new(0.000391, -0.013928, -0.013978, 0.999222, -0.026182, -0.029499, 0.027823, 0.998007, 0.056636, 0.027957, -0.057413, 0.997959)
    }},
    { Time = 0.133, Data = {
      ["Balls"] = CFrame.new(-0.000000, -0.000011, 0.000001, 0.994644, -0.103361, 0.000000, 0.103361, 0.994644, 0.000000, 0.000000, 0.000000, 1.000000),
      ["Cock"] = CFrame.new(0.000003, 0.000011, 0.000000, 0.898363, 0.439254, 0.000000, -0.439254, 0.898363, -0.000000, -0.000000, 0.000000, 1.000000),
      ["Head"] = CFrame.new(0.000000, -0.000004, 0.000000, 1.000000, -0.000000, 0.000000, 0.000000, 0.961057, 0.276349, -0.000000, -0.276349, 0.961057),
      ["LeftUpperArm"] = CFrame.new(-0.076244, -0.748242, -0.401467, 0.936470, -0.289898, -0.197442, 0.017518, 0.600871, -0.799154, 0.350310, 0.744925, 0.567776),
      ["LeftUpperLeg"] = CFrame.new(-0.000968, 0.207596, -0.321700, 0.998061, -0.054051, 0.030867, 0.044139, 0.964250, 0.261293, -0.043887, -0.259423, 0.964766),
      ["LowerTorso"] = CFrame.new(0.000000, -1.485548, -0.477261, 1.000000, 0.000000, 0.000000, 0.000000, -0.013869, -0.999904, 0.000000, 0.999904, -0.013869),
      ["RightUpperArm"] = CFrame.new(0.080577, -0.993680, 0.002115, 0.948896, 0.306372, 0.075714, -0.002782, 0.248025, -0.968750, -0.315577, 0.919032, 0.236203),
      ["RightUpperLeg"] = CFrame.new(0.000392, -0.013927, -0.013982, 0.999222, -0.026008, -0.029658, 0.027820, 0.997663, 0.062411, 0.027965, -0.063187, 0.997610)
    }},
    { Time = 0.150, Data = {
      ["Balls"] = CFrame.new(-0.000000, -0.000011, 0.000001, 0.994290, -0.106714, 0.000000, 0.106714, 0.994290, 0.000000, 0.000000, 0.000000, 1.000000),
      ["Cock"] = CFrame.new(0.000003, 0.000011, 0.000000, 0.898363, 0.439254, 0.000000, -0.439254, 0.898363, -0.000000, -0.000000, 0.000000, 1.000000),
      ["Head"] = CFrame.new(0.000000, -0.000004, 0.000000, 1.000000, -0.000000, 0.000000, 0.000000, 0.959377, 0.282126, -0.000000, -0.282126, 0.959377),
      ["LeftUpperArm"] = CFrame.new(-0.076264, -0.746204, -0.403137, 0.934244, -0.289975, -0.207610, 0.012604, 0.608621, -0.793361, 0.356411, 0.738576, 0.572255),
      ["LeftUpperLeg"] = CFrame.new(-0.000966, 0.207588, -0.321683, 0.998063, -0.054201, 0.030532, 0.044123, 0.962756, 0.266749, -0.043853, -0.264885, 0.963282),
      ["LowerTorso"] = CFrame.new(0.000000, -1.480905, -0.477799, 1.000000, 0.000000, 0.000000, 0.000000, -0.017260, -0.999851, 0.000000, 0.999851, -0.017260),
      ["RightUpperArm"] = CFrame.new(0.080675, -0.992114, 0.001654, 0.948487, 0.306746, 0.079245, -0.001330, 0.253982, -0.967208, -0.316814, 0.917279, 0.241306),
      ["RightUpperLeg"] = CFrame.new(0.000392, -0.013929, -0.013983, 0.999222, -0.025825, -0.029823, 0.027825, 0.997249, 0.068701, 0.027967, -0.069477, 0.997191)
    }},
    { Time = 0.167, Data = {
      ["Balls"] = CFrame.new(-0.000000, -0.000010, 0.000001, 0.993981, -0.109550, 0.000000, 0.109550, 0.993981, 0.000000, 0.000000, 0.000000, 1.000000),
      ["Cock"] = CFrame.new(0.000003, 0.000011, 0.000000, 0.898363, 0.439254, 0.000000, -0.439254, 0.898363, -0.000000, -0.000000, 0.000000, 1.000000),
      ["Head"] = CFrame.new(0.000000, -0.000004, 0.000000, 1.000000, -0.000000, 0.000000, 0.000000, 0.957888, 0.287143, -0.000000, -0.287143, 0.957888),
      ["LeftUpperArm"] = CFrame.new(-0.076286, -0.744042, -0.404948, 0.931707, -0.290059, -0.218603, 0.007372, 0.616841, -0.787053, 0.363135, 0.731692, 0.576854),
      ["LeftUpperLeg"] = CFrame.new(-0.000967, 0.207570, -0.321714, 0.998062, -0.054367, 0.030269, 0.044087, 0.961111, 0.272619, -0.043913, -0.270757, 0.961646),
      ["LowerTorso"] = CFrame.new(0.000000, -1.475802, -0.478364, 1.000000, 0.000000, 0.000000, 0.000000, -0.021008, -0.999779, 0.000000, 0.999779, -0.021008),
      ["RightUpperArm"] = CFrame.new(0.080787, -0.990440, 0.001148, 0.948020, 0.307169, 0.083095, 0.000273, 0.260346, -0.965515, -0.318209, 0.915351, 0.246729),
      ["RightUpperLeg"] = CFrame.new(0.000392, -0.013935, -0.013980, 0.999221, -0.025634, -0.029994, 0.027837, 0.996757, 0.075506, 0.027961, -0.076282, 0.996694)
    }},
    { Time = 0.183, Data = {
      ["Balls"] = CFrame.new(-0.000000, -0.000010, 0.000000, 0.993723, -0.111870, 0.000000, 0.111870, 0.993723, 0.000000, 0.000000, 0.000000, 1.000000),
      ["Cock"] = CFrame.new(0.000003, 0.000011, 0.000000, 0.898363, 0.439254, 0.000000, -0.439254, 0.898363, -0.000000, -0.000000, 0.000000, 1.000000),
      ["Head"] = CFrame.new(0.000000, -0.000004, 0.000000, 1.000000, -0.000000, 0.000000, 0.000000, 0.956600, 0.291403, -0.000000, -0.291403, 0.956600),
      ["LeftUpperArm"] = CFrame.new(-0.076253, -0.741738, -0.406901, 0.928937, -0.289936, -0.230245, 0.001895, 0.625602, -0.780140, 0.370233, 0.724265, 0.581694),
      ["LeftUpperLeg"] = CFrame.new(-0.000968, 0.207596, -0.321711, 0.998060, -0.054611, 0.029898, 0.044140, 0.959329, 0.278817, -0.043909, -0.276956, 0.959879),
      ["LowerTorso"] = CFrame.new(0.000000, -1.470504, -0.478953, 1.000000, 0.000000, 0.000000, 0.000000, -0.024869, -0.999691, 0.000000, 0.999691, -0.024869),
      ["RightUpperArm"] = CFrame.new(0.080896, -0.988660, 0.000598, 0.947517, 0.307584, 0.087196, 0.001972, 0.267112, -0.963663, -0.319699, 0.913260, 0.252486),
      ["RightUpperLeg"] = CFrame.new(0.000392, -0.013945, -0.013975, 0.999221, -0.025435, -0.030169, 0.027856, 0.996182, 0.082738, 0.027950, -0.083514, 0.996115)
    }},
    { Time = 0.200, Data = {
      ["Balls"] = CFrame.new(-0.000000, -0.000010, 0.000000, 0.993508, -0.113760, 0.000000, 0.113760, 0.993508, 0.000000, 0.000000, 0.000000, 1.000000),
      ["Cock"] = CFrame.new(0.000003, 0.000011, 0.000000, 0.898363, 0.439254, 0.000000, -0.439254, 0.898363, -0.000000, -0.000000, 0.000000, 1.000000),
      ["Head"] = CFrame.new(0.000000, -0.000004, 0.000000, 1.000000, -0.000000, 0.000000, 0.000000, 0.955603, 0.294658, -0.000000, -0.294658, 0.955603),
      ["LeftUpperArm"] = CFrame.new(-0.076210, -0.739362, -0.408961, 0.925888, -0.289771, -0.242414, -0.003715, 0.634635, -0.772803, 0.377780, 0.716430, 0.586524),
      ["LeftUpperLeg"] = CFrame.new(-0.000967, 0.207578, -0.321706, 0.998062, -0.054772, 0.029531, 0.044102, 0.957437, 0.285255, -0.043898, -0.283399, 0.957997),
      ["LowerTorso"] = CFrame.new(0.000000, -1.464904, -0.479552, 1.000000, 0.000000, 0.000000, 0.000000, -0.028964, -0.999581, 0.000000, 0.999581, -0.028964),
      ["RightUpperArm"] = CFrame.new(0.080989, -0.986776, 0.000007, 0.946998, 0.307938, 0.091484, 0.003713, 0.274274, -0.961644, -0.321219, 0.911015, 0.258594),
      ["RightUpperLeg"] = CFrame.new(0.000391, -0.013914, -0.013968, 0.999223, -0.025142, -0.030345, 0.027794, 0.995518, 0.090399, 0.027937, -0.091172, 0.995443)
    }},
    { Time = 0.217, Data = {
      ["Balls"] = CFrame.new(-0.000000, -0.000009, 0.000000, 0.993350, -0.115134, 0.000000, 0.115134, 0.993350, 0.000000, 0.000000, 0.000000, 1.000000),
      ["Cock"] = CFrame.new(0.000003, 0.000011, 0.000000, 0.898363, 0.439254, 0.000000, -0.439254, 0.898363, -0.000000, -0.000000, 0.000000, 1.000000),
      ["Head"] = CFrame.new(0.000000, -0.000004, 0.000000, 1.000000, -0.000000, 0.000000, 0.000000, 0.954854, 0.297076, -0.000000, -0.297076, 0.954854),
      ["LeftUpperArm"] = CFrame.new(-0.076081, -0.736892, -0.411126, 0.922662, -0.289280, -0.254973, -0.009469, 0.644025, -0.764946, 0.385492, 0.708201, 0.591479),
      ["LeftUpperLeg"] = CFrame.new(-0.000968, 0.207599, -0.321710, 0.998060, -0.055020, 0.029144, 0.044145, 0.955419, 0.291935, -0.043907, -0.290082, 0.955994),
      ["LowerTorso"] = CFrame.new(0.000000, -1.459020, -0.480151, 1.000000, 0.000000, 0.000000, 0.000000, -0.033290, -0.999446, 0.000000, 0.999446, -0.033290),
      ["RightUpperArm"] = CFrame.new(0.081085, -0.984848, -0.000614, 0.946444, 0.308305, 0.095871, 0.005462, 0.281605, -0.959515, -0.322821, 0.908651, 0.264840),
      ["RightUpperLeg"] = CFrame.new(0.000391, -0.013928, -0.013958, 0.999223, -0.024932, -0.030526, 0.027822, 0.994775, 0.098226, 0.027918, -0.098999, 0.994696)
    }},
    { Time = 0.233, Data = {
      ["Balls"] = CFrame.new(-0.000000, -0.000009, 0.000000, 0.993250, -0.115993, 0.000000, 0.115993, 0.993250, 0.000000, 0.000000, 0.000000, 1.000000),
      ["Cock"] = CFrame.new(0.000003, 0.000011, 0.000000, 0.898363, 0.439254, 0.000000, -0.439254, 0.898363, -0.000000, -0.000000, 0.000000, 1.000000),
      ["Head"] = CFrame.new(0.000000, -0.000004, 0.000000, 1.000000, -0.000000, 0.000000, 0.000000, 0.954412, 0.298493, -0.000000, -0.298493, 0.954412),
      ["LeftUpperArm"] = CFrame.new(-0.075936, -0.734419, -0.413346, 0.919210, -0.288728, -0.267747, -0.015204, 0.653432, -0.756833, 0.393474, 0.699759, 0.596251),
      ["LeftUpperLeg"] = CFrame.new(-0.000967, 0.207576, -0.321710, 0.998062, -0.055183, 0.028763, 0.044098, 0.953306, 0.298769, -0.043907, -0.296922, 0.953892),
      ["LowerTorso"] = CFrame.new(0.000000, -1.453111, -0.480748, 1.000000, 0.000000, 0.000000, 0.000000, -0.037606, -0.999293, 0.000000, 0.999293, -0.037606),
      ["RightUpperArm"] = CFrame.new(0.081168, -0.982899, -0.001255, 0.945873, 0.308620, 0.100392, 0.007304, 0.289017, -0.957296, -0.324456, 0.906214, 0.271119),
      ["RightUpperLeg"] = CFrame.new(0.000392, -0.013946, -0.013991, 0.999220, -0.024714, -0.030794, 0.027857, 0.993952, 0.106220, 0.027982, -0.106995, 0.993866)
    }},
    { Time = 0.250, Data = {
      ["Balls"] = CFrame.new(-0.000000, -0.000008, 0.000000, 0.993220, -0.116251, 0.000000, 0.116251, 0.993220, 0.000000, 0.000000, 0.000000, 1.000000),
      ["Cock"] = CFrame.new(0.000003, 0.000011, 0.000000, 0.898363, 0.439254, 0.000000, -0.439254, 0.898363, -0.000000, -0.000000, 0.000000, 1.000000),
      ["Head"] = CFrame.new(0.000000, -0.000004, 0.000000, 1.000000, -0.000000, 0.000000, 0.000000, 0.954255, 0.298993, -0.000000, -0.298993, 0.954255),
      ["LeftUpperArm"] = CFrame.new(-0.075732, -0.731920, -0.415626, 0.915601, -0.287952, -0.280638, -0.020898, 0.662931, -0.748389, 0.401544, 0.691090, 0.600963),
      ["LeftUpperLeg"] = CFrame.new(-0.000968, 0.207595, -0.321718, 0.998060, -0.055431, 0.028366, 0.044136, 0.951112, 0.305676, -0.043923, -0.303831, 0.951713),
      ["LowerTorso"] = CFrame.new(0.000000, -1.447075, -0.481331, 1.000000, 0.000000, 0.000000, 0.000000, -0.042032, -0.999116, 0.000000, 0.999116, -0.042032),
      ["RightUpperArm"] = CFrame.new(0.081271, -0.980910, -0.001934, 0.945249, 0.309011, 0.104961, 0.009086, 0.296576, -0.954966, -0.326224, 0.903634, 0.277530),
      ["RightUpperLeg"] = CFrame.new(0.000391, -0.013919, -0.013982, 0.999222, -0.024411, -0.030970, 0.027803, 0.993058, 0.114296, 0.027965, -0.115069, 0.992964)
    }},
    { Time = 0.267, Data = {
      ["Balls"] = CFrame.new(-0.000000, -0.000009, 0.000000, 0.993250, -0.115993, 0.000000, 0.115993, 0.993250, 0.000000, 0.000000, 0.000000, 1.000000),
      ["Cock"] = CFrame.new(0.000003, 0.000011, 0.000000, 0.898363, 0.439254, 0.000000, -0.439254, 0.898363, -0.000000, -0.000000, 0.000000, 1.000000),
      ["Head"] = CFrame.new(0.000000, -0.000004, 0.000000, 1.000000, -0.000000, 0.000000, 0.000000, 0.954412, 0.298493, -0.000000, -0.298493, 0.954412),
      ["LeftUpperArm"] = CFrame.new(-0.075490, -0.729457, -0.417919, 0.911853, -0.287032, -0.293490, -0.026491, 0.672296, -0.739809, 0.409661, 0.682372, 0.605431),
      ["LeftUpperLeg"] = CFrame.new(-0.000967, 0.207572, -0.321719, 0.998061, -0.055590, 0.027983, 0.044091, 0.948898, 0.312487, -0.043924, -0.310648, 0.949510),
      ["LowerTorso"] = CFrame.new(0.000000, -1.441167, -0.481899, 1.000000, 0.000000, 0.000000, 0.000000, -0.046329, -0.998926, 0.000000, 0.998926, -0.046329),
      ["RightUpperArm"] = CFrame.new(0.081335, -0.978928, -0.002615, 0.944652, 0.309255, 0.109513, 0.010874, 0.304110, -0.952575, -0.327893, 0.901043, 0.283916),
      ["RightUpperLeg"] = CFrame.new(0.000391, -0.013936, -0.013971, 0.999222, -0.024192, -0.031151, 0.027837, 0.992084, 0.122452, 0.027942, -0.123224, 0.991985)
    }},
    { Time = 0.283, Data = {
      ["Balls"] = CFrame.new(-0.000000, -0.000009, 0.000000, 0.993350, -0.115134, 0.000000, 0.115134, 0.993350, 0.000000, 0.000000, 0.000000, 1.000000),
      ["Cock"] = CFrame.new(0.000003, 0.000011, 0.000000, 0.898363, 0.439254, 0.000000, -0.439254, 0.898363, -0.000000, -0.000000, 0.000000, 1.000000),
      ["Head"] = CFrame.new(0.000000, -0.000004, 0.000000, 1.000000, -0.000000, 0.000000, 0.000000, 0.954854, 0.297076, -0.000000, -0.297076, 0.954854),
      ["LeftUpperArm"] = CFrame.new(-0.075217, -0.727051, -0.420206, 0.908024, -0.285994, -0.306105, -0.031858, 0.681445, -0.731176, 0.417706, 0.673677, 0.609657),
      ["LeftUpperLeg"] = CFrame.new(-0.000967, 0.207599, -0.321684, 0.998062, -0.055819, 0.027500, 0.044145, 0.946630, 0.319285, -0.043854, -0.317453, 0.947260),
      ["LowerTorso"] = CFrame.new(0.000000, -1.435168, -0.482436, 1.000000, 0.000000, 0.000000, 0.000000, -0.050735, -0.998712, 0.000000, 0.998712, -0.050735),
      ["RightUpperArm"] = CFrame.new(0.081393, -0.976984, -0.003300, 0.944044, 0.309475, 0.114047, 0.012669, 0.311504, -0.950160, -0.329577, 0.898438, 0.290153),
      ["RightUpperLeg"] = CFrame.new(0.000391, -0.013909, -0.013963, 0.999224, -0.023889, -0.031323, 0.027783, 0.991068, 0.130431, 0.027927, -0.131200, 0.990962)
    }},
    { Time = 0.300, Data = {
      ["Balls"] = CFrame.new(-0.000000, -0.000009, 0.000000, 0.993508, -0.113760, 0.000000, 0.113760, 0.993508, 0.000000, 0.000000, 0.000000, 1.000000),
      ["Cock"] = CFrame.new(0.000003, 0.000011, 0.000000, 0.898363, 0.439254, 0.000000, -0.439254, 0.898363, -0.000000, -0.000000, 0.000000, 1.000000),
      ["Head"] = CFrame.new(0.000000, -0.000004, 0.000000, 1.000000, -0.000000, 0.000000, 0.000000, 0.955603, 0.294658, -0.000000, -0.294658, 0.955603),
      ["LeftUpperArm"] = CFrame.new(-0.074890, -0.724715, -0.422460, 0.904167, -0.284752, -0.318431, -0.037061, 0.690327, -0.722548, 0.425568, 0.665105, 0.613618),
      ["LeftUpperLeg"] = CFrame.new(-0.000966, 0.207579, -0.321683, 0.998064, -0.055971, 0.027120, 0.044105, 0.944373, 0.325906, -0.043853, -0.324079, 0.945013),
      ["LowerTorso"] = CFrame.new(0.000000, -1.429333, -0.482943, 1.000000, 0.000000, 0.000000, 0.000000, -0.055012, -0.998486, 0.000000, 0.998486, -0.055012),
      ["RightUpperArm"] = CFrame.new(0.081445, -0.975075, -0.003988, 0.943422, 0.309673, 0.118563, 0.014473, 0.318759, -0.947725, -0.331278, 0.895821, 0.296242),
      ["RightUpperLeg"] = CFrame.new(0.000392, -0.013927, -0.013998, 0.999221, -0.023667, -0.031583, 0.027818, 0.990009, 0.138230, 0.027996, -0.139001, 0.989896)
    }},
    { Time = 0.317, Data = {
      ["Balls"] = CFrame.new(-0.000000, -0.000010, 0.000000, 0.993723, -0.111870, 0.000000, 0.111870, 0.993723, 0.000000, 0.000000, 0.000000, 1.000000),
      ["Cock"] = CFrame.new(0.000003, 0.000011, 0.000000, 0.898363, 0.439254, 0.000000, -0.439254, 0.898363, -0.000000, -0.000000, 0.000000, 1.000000),
      ["Head"] = CFrame.new(0.000000, -0.000004, 0.000000, 1.000000, -0.000000, 0.000000, 0.000000, 0.956626, 0.291320, -0.000000, -0.291320, 0.956626),
      ["LeftUpperArm"] = CFrame.new(-0.074520, -0.722468, -0.424662, 0.900354, -0.283342, -0.330272, -0.041983, 0.698871, -0.714014, 0.433128, 0.656732, 0.617336),
      ["LeftUpperLeg"] = CFrame.new(-0.000967, 0.207605, -0.321687, 0.998061, -0.056204, 0.026732, 0.044156, 0.942151, 0.332269, -0.043860, -0.330444, 0.942806),
      ["LowerTorso"] = CFrame.new(0.000000, -1.423796, -0.483422, 1.000000, 0.000000, 0.000000, 0.000000, -0.059042, -0.998255, 0.000000, 0.998255, -0.059042),
      ["RightUpperArm"] = CFrame.new(0.081491, -0.973238, -0.004666, 0.942831, 0.309847, 0.122741, 0.016014, 0.325745, -0.945322, -0.332887, 0.893244, 0.302161),
      ["RightUpperLeg"] = CFrame.new(0.000392, -0.013941, -0.013991, 0.999221, -0.023455, -0.031753, 0.027845, 0.988927, 0.145767, 0.027982, -0.146537, 0.988809)
    }},
    { Time = 0.333, Data = {
      ["Balls"] = CFrame.new(-0.000000, -0.000010, 0.000001, 0.993981, -0.109550, 0.000000, 0.109550, 0.993981, 0.000000, 0.000000, 0.000000, 1.000000),
      ["Cock"] = CFrame.new(0.000003, 0.000011, 0.000000, 0.898363, 0.439254, 0.000000, -0.439254, 0.898363, -0.000000, -0.000000, 0.000000, 1.000000),
      ["Head"] = CFrame.new(0.000000, -0.000004, 0.000000, 1.000000, -0.000000, 0.000000, 0.000000, 0.957888, 0.287143, -0.000000, -0.287143, 0.957888),
      ["LeftUpperArm"] = CFrame.new(-0.074162, -0.720365, -0.426772, 0.896576, -0.281982, -0.341523, -0.046541, 0.706868, -0.705813, 0.440439, 0.648710, 0.620637),
      ["LeftUpperLeg"] = CFrame.new(-0.000966, 0.207590, -0.321681, 0.998063, -0.056345, 0.026365, 0.044128, 0.939978, 0.338371, -0.043848, -0.336552, 0.940643),
      ["LowerTorso"] = CFrame.new(0.000000, -1.418456, -0.483860, 1.000000, 0.000000, 0.000000, 0.000000, -0.062946, -0.998017, 0.000000, 0.998017, -0.062946),
      ["RightUpperArm"] = CFrame.new(0.081517, -0.971484, -0.005323, 0.942245, 0.309947, 0.126917, 0.017668, 0.332416, -0.942968, -0.334459, 0.890749, 0.307741),
      ["RightUpperLeg"] = CFrame.new(0.000392, -0.013952, -0.013986, 0.999220, -0.023246, -0.031917, 0.027867, 0.987840, 0.152955, 0.027973, -0.153725, 0.987718)
    }},
    { Time = 0.350, Data = {
      ["Balls"] = CFrame.new(-0.000000, -0.000011, 0.000001, 0.994290, -0.106714, 0.000000, 0.106714, 0.994290, 0.000000, 0.000000, 0.000000, 1.000000),
      ["Cock"] = CFrame.new(0.000003, 0.000011, 0.000000, 0.898363, 0.439254, 0.000000, -0.439254, 0.898363, -0.000000, -0.000000, 0.000000, 1.000000),
      ["Head"] = CFrame.new(0.000000, -0.000004, 0.000000, 1.000000, -0.000000, 0.000000, 0.000000, 0.959377, 0.282126, -0.000000, -0.282126, 0.959377),
      ["LeftUpperArm"] = CFrame.new(-0.073781, -0.718381, -0.428792, 0.892935, -0.280533, -0.352090, -0.050735, 0.714410, -0.697885, 0.447317, 0.641029, 0.623690),
      ["LeftUpperLeg"] = CFrame.new(-0.000967, 0.207574, -0.321712, 0.998062, -0.056495, 0.026094, 0.044095, 0.937914, 0.344053, -0.043911, -0.342236, 0.938588),
      ["LowerTorso"] = CFrame.new(0.000000, -1.413324, -0.484252, 1.000000, 0.000000, 0.000000, 0.000000, -0.066724, -0.997772, 0.000000, 0.997772, -0.066724),
      ["RightUpperArm"] = CFrame.new(0.081543, -0.969849, -0.005948, 0.941692, 0.310046, 0.130723, 0.019097, 0.338630, -0.940726, -0.335934, 0.888370, 0.312964),
      ["RightUpperLeg"] = CFrame.new(0.000391, -0.013918, -0.013988, 0.999222, -0.022958, -0.032069, 0.027798, 0.986772, 0.159711, 0.027978, -0.160478, 0.986643)
    }},
    { Time = 0.367, Data = {
      ["Balls"] = CFrame.new(-0.000000, -0.000011, 0.000001, 0.994644, -0.103361, 0.000000, 0.103361, 0.994644, 0.000000, 0.000000, 0.000000, 1.000000),
      ["Cock"] = CFrame.new(0.000003, 0.000011, 0.000000, 0.898363, 0.439254, 0.000000, -0.439254, 0.898363, -0.000000, -0.000000, 0.000000, 1.000000),
      ["Head"] = CFrame.new(0.000000, -0.000004, 0.000000, 1.000000, -0.000000, 0.000000, 0.000000, 0.961057, 0.276349, -0.000000, -0.276349, 0.961057),
      ["LeftUpperArm"] = CFrame.new(-0.073391, -0.716580, -0.430649, 0.889491, -0.279052, -0.361852, -0.054630, 0.721259, -0.690508, 0.453676, 0.633968, 0.626309),
      ["LeftUpperLeg"] = CFrame.new(-0.000966, 0.207570, -0.321697, 0.998064, -0.056622, 0.025750, 0.044087, 0.935968, 0.349313, -0.043880, -0.347501, 0.936652),
      ["LowerTorso"] = CFrame.new(0.000000, -1.408654, -0.484608, 1.000000, 0.000000, 0.000000, 0.000000, -0.070140, -0.997537, 0.000000, 0.997537, -0.070140),
      ["RightUpperArm"] = CFrame.new(0.081564, -0.968329, -0.006540, 0.941165, 0.310126, 0.134275, 0.020422, 0.344408, -0.938598, -0.337329, 0.886118, 0.317812),
      ["RightUpperLeg"] = CFrame.new(0.000392, -0.013923, -0.013990, 0.999222, -0.022762, -0.032221, 0.027808, 0.985728, 0.166034, 0.027982, -0.166800, 0.985594)
    }},
    { Time = 0.383, Data = {
      ["Balls"] = CFrame.new(-0.000001, -0.000012, 0.000001, 0.995021, -0.099664, 0.000000, 0.099664, 0.995021, 0.000000, 0.000000, 0.000000, 1.000000),
      ["Cock"] = CFrame.new(0.000003, 0.000011, 0.000000, 0.898363, 0.439254, 0.000000, -0.439254, 0.898363, -0.000000, -0.000000, 0.000000, 1.000000),
      ["Head"] = CFrame.new(0.000000, -0.000004, 0.000000, 1.000000, -0.000000, 0.000000, 0.000000, 0.962914, 0.269809, -0.000000, -0.269809, 0.962914),
      ["LeftUpperArm"] = CFrame.new(-0.073027, -0.714944, -0.432367, 0.886280, -0.277666, -0.370689, -0.058034, 0.727477, -0.683673, 0.459500, 0.627438, 0.628634),
      ["LeftUpperLeg"] = CFrame.new(-0.000965, 0.207572, -0.321676, 0.998065, -0.056742, 0.025421, 0.044091, 0.934178, 0.354072, -0.043838, -0.352266, 0.934873),
      ["LowerTorso"] = CFrame.new(0.000000, -1.404455, -0.484926, 1.000000, 0.000000, 0.000000, 0.000000, -0.073199, -0.997317, 0.000000, 0.997317, -0.073199),
      ["RightUpperArm"] = CFrame.new(0.081571, -0.966948, -0.007084, 0.940692, 0.310152, 0.137491, 0.021612, 0.349660, -0.936628, -0.338572, 0.884050, 0.322219),
      ["RightUpperLeg"] = CFrame.new(0.000392, -0.013924, -0.013997, 0.999221, -0.022576, -0.032364, 0.027810, 0.984762, 0.171668, 0.027996, -0.172434, 0.984623)
    }},
    { Time = 0.400, Data = {
      ["Balls"] = CFrame.new(-0.000001, -0.000012, 0.000001, 0.995418, -0.095621, 0.000000, 0.095621, 0.995418, 0.000000, 0.000000, 0.000000, 1.000000),
      ["Cock"] = CFrame.new(0.000003, 0.000011, 0.000000, 0.898363, 0.439254, 0.000000, -0.439254, 0.898363, -0.000000, -0.000000, 0.000000, 1.000000),
      ["Head"] = CFrame.new(0.000000, -0.000005, 0.000000, 1.000000, -0.000000, 0.000000, 0.000000, 0.964908, 0.262588, -0.000000, -0.262588, 0.964908),
      ["LeftUpperArm"] = CFrame.new(-0.072679, -0.713516, -0.433883, 0.883374, -0.276344, -0.378529, -0.061072, 0.732908, -0.677581, 0.464672, 0.621675, 0.630556),
      ["LeftUpperLeg"] = CFrame.new(-0.000966, 0.207572, -0.321691, 0.998064, -0.056869, 0.025191, 0.044092, 0.932551, 0.358335, -0.043870, -0.356530, 0.933253),
      ["LowerTorso"] = CFrame.new(0.000000, -1.400621, -0.485193, 1.000000, 0.000000, 0.000000, 0.000000, -0.076017, -0.997106, 0.000000, 0.997106, -0.076017),
      ["RightUpperArm"] = CFrame.new(0.081567, -0.965729, -0.007569, 0.940275, 0.310136, 0.140354, 0.022687, 0.354294, -0.934859, -0.339660, 0.882208, 0.326098),
      ["RightUpperLeg"] = CFrame.new(0.000391, -0.013917, -0.013965, 0.999223, -0.022407, -0.032414, 0.027795, 0.983872, 0.176703, 0.027932, -0.177466, 0.983730)
    }},
    { Time = 0.417, Data = {
      ["Balls"] = CFrame.new(-0.000001, -0.000013, 0.000001, 0.995830, -0.091233, 0.000000, 0.091233, 0.995830, 0.000000, 0.000000, 0.000000, 1.000000),
      ["Cock"] = CFrame.new(0.000003, 0.000011, 0.000000, 0.898363, 0.439254, 0.000000, -0.439254, 0.898363, -0.000000, -0.000000, 0.000000, 1.000000),
      ["Head"] = CFrame.new(0.000000, -0.000005, 0.000000, 1.000000, -0.000000, 0.000000, 0.000000, 0.967003, 0.254766, -0.000000, -0.254766, 0.967003),
      ["LeftUpperArm"] = CFrame.new(-0.072354, -0.712275, -0.435211, 0.880866, -0.275107, -0.385217, -0.063596, 0.737626, -0.672208, 0.469075, 0.616623, 0.632254),
      ["LeftUpperLeg"] = CFrame.new(-0.000967, 0.207579, -0.321700, 0.998062, -0.056987, 0.024977, 0.044105, 0.931127, 0.362019, -0.043888, -0.360216, 0.931836),
      ["LowerTorso"] = CFrame.new(0.000000, -1.397397, -0.485425, 1.000000, 0.000000, 0.000000, 0.000000, -0.078363, -0.996925, 0.000000, 0.996925, -0.078363),
      ["RightUpperArm"] = CFrame.new(0.081565, -0.964671, -0.007996, 0.939888, 0.310130, 0.142932, 0.023698, 0.358317, -0.933299, -0.340659, 0.880584, 0.329428),
      ["RightUpperLeg"] = CFrame.new(0.000392, -0.013952, -0.013977, 0.999221, -0.022326, -0.032551, 0.027866, 0.983063, 0.181134, 0.027955, -0.181900, 0.982920)
    }},
    { Time = 0.433, Data = {
      ["Balls"] = CFrame.new(-0.000001, -0.000014, 0.000001, 0.996244, -0.086586, 0.000000, 0.086586, 0.996244, 0.000000, 0.000000, 0.000000, 1.000000),
      ["Cock"] = CFrame.new(0.000003, 0.000011, 0.000000, 0.898363, 0.439254, 0.000000, -0.439254, 0.898363, -0.000000, -0.000000, 0.000000, 1.000000),
      ["Head"] = CFrame.new(0.000000, -0.000005, 0.000000, 1.000000, -0.000000, 0.000000, 0.000000, 0.969140, 0.246511, -0.000000, -0.246511, 0.969140),
      ["LeftUpperArm"] = CFrame.new(-0.072082, -0.711250, -0.436324, 0.878692, -0.274071, -0.390879, -0.065731, 0.741526, -0.667696, 0.472843, 0.612392, 0.633558),
      ["LeftUpperLeg"] = CFrame.new(-0.000968, 0.207594, -0.321702, 0.998061, -0.057096, 0.024784, 0.044135, 0.929943, 0.365045, -0.043890, -0.363243, 0.930660),
      ["LowerTorso"] = CFrame.new(0.000000, -1.394674, -0.485612, 1.000000, 0.000000, 0.000000, 0.000000, -0.080354, -0.996766, 0.000000, 0.996766, -0.080354),
      ["RightUpperArm"] = CFrame.new(0.081562, -0.963802, -0.008350, 0.939571, 0.310120, 0.145023, 0.024496, 0.361622, -0.932003, -0.341476, 0.879236, 0.332173),
      ["RightUpperLeg"] = CFrame.new(0.000392, -0.013939, -0.013998, 0.999220, -0.022172, -0.032670, 0.027840, 0.982382, 0.184798, 0.027997, -0.185564, 0.982233)
    }},
    { Time = 0.450, Data = {
      ["Balls"] = CFrame.new(-0.000001, -0.000014, 0.000001, 0.996659, -0.081679, 0.000000, 0.081679, 0.996659, 0.000000, 0.000000, 0.000000, 1.000000),
      ["Cock"] = CFrame.new(0.000003, 0.000011, 0.000000, 0.898363, 0.439254, 0.000000, -0.439254, 0.898363, -0.000000, -0.000000, 0.000000, 1.000000),
      ["Head"] = CFrame.new(0.000000, -0.000005, 0.000000, 1.000000, -0.000000, 0.000000, 0.000000, 0.971330, 0.237735, -0.000000, -0.237735, 0.971330),
      ["LeftUpperArm"] = CFrame.new(-0.071868, -0.710453, -0.437198, 0.876983, -0.273261, -0.395259, -0.067339, 0.744556, -0.664155, 0.475780, 0.609069, 0.634561),
      ["LeftUpperLeg"] = CFrame.new(-0.000966, 0.207573, -0.321689, 0.998064, -0.057113, 0.024624, 0.044093, 0.928980, 0.367495, -0.043864, -0.365698, 0.929699),
      ["LowerTorso"] = CFrame.new(0.000000, -1.392575, -0.485760, 1.000000, 0.000000, 0.000000, 0.000000, -0.081875, -0.996643, 0.000000, 0.996643, -0.081875),
      ["RightUpperArm"] = CFrame.new(0.081558, -0.963094, -0.008641, 0.939325, 0.310102, 0.146645, 0.025065, 0.364311, -0.930940, -0.342111, 0.878131, 0.334434),
      ["RightUpperLeg"] = CFrame.new(0.000391, -0.013916, -0.013982, 0.999222, -0.022039, -0.032694, 0.027794, 0.981850, 0.187610, 0.027965, -0.188373, 0.981699)
    }},
    { Time = 0.467, Data = {
      ["Balls"] = CFrame.new(-0.000001, -0.000015, 0.000001, 0.997062, -0.076598, 0.000000, 0.076598, 0.997062, 0.000000, 0.000000, 0.000000, 1.000000),
      ["Cock"] = CFrame.new(0.000003, 0.000011, 0.000000, 0.898363, 0.439254, 0.000000, -0.439254, 0.898363, -0.000000, -0.000000, 0.000000, 1.000000),
      ["Head"] = CFrame.new(0.000000, -0.000006, 0.000000, 1.000000, -0.000000, 0.000000, 0.000000, 0.973499, 0.228690, -0.000000, -0.228690, 0.973499),
      ["LeftUpperArm"] = CFrame.new(-0.071701, -0.709863, -0.437847, 0.875721, -0.272625, -0.398482, -0.068518, 0.746800, -0.661509, 0.477930, 0.606601, 0.635309),
      ["LeftUpperLeg"] = CFrame.new(-0.000968, 0.207595, -0.321717, 0.998060, -0.057220, 0.024555, 0.044137, 0.928297, 0.369211, -0.043921, -0.367411, 0.929021),
      ["LowerTorso"] = CFrame.new(0.000000, -1.390987, -0.485860, 1.000000, 0.000000, 0.000000, 0.000000, -0.083044, -0.996546, 0.000000, 0.996546, -0.083044),
      ["RightUpperArm"] = CFrame.new(0.081556, -0.962598, -0.008846, 0.939152, 0.310096, 0.147765, 0.025441, 0.366197, -0.930189, -0.342559, 0.877348, 0.336026),
      ["RightUpperLeg"] = CFrame.new(0.000391, -0.013932, -0.013967, 0.999222, -0.022004, -0.032717, 0.027825, 0.981440, 0.189739, 0.027935, -0.190501, 0.981289)
    }},
    { Time = 0.483, Data = {
      ["Balls"] = CFrame.new(-0.000001, -0.000016, 0.000001, 0.997446, -0.071429, 0.000000, 0.071429, 0.997446, 0.000000, 0.000000, 0.000000, 1.000000),
      ["Cock"] = CFrame.new(0.000003, 0.000011, 0.000000, 0.898363, 0.439254, 0.000000, -0.439254, 0.898363, -0.000000, -0.000000, 0.000000, 1.000000),
      ["Head"] = CFrame.new(0.000000, -0.000006, 0.000000, 1.000000, -0.000000, 0.000000, 0.000000, 0.975621, 0.219462, -0.000000, -0.219462, 0.975621),
      ["LeftUpperArm"] = CFrame.new(-0.071582, -0.709523, -0.438211, 0.875001, -0.272173, -0.400368, -0.069282, 0.748090, -0.659971, 0.479137, 0.605214, 0.635723),
      ["LeftUpperLeg"] = CFrame.new(-0.000967, 0.207591, -0.321687, 0.998063, -0.057218, 0.024438, 0.044128, 0.927875, 0.370271, -0.043861, -0.368475, 0.928602),
      ["LowerTorso"] = CFrame.new(0.000000, -1.390034, -0.485920, 1.000000, 0.000000, 0.000000, 0.000000, -0.083746, -0.996487, 0.000000, 0.996487, -0.083746),
      ["RightUpperArm"] = CFrame.new(0.081550, -0.962283, -0.008976, 0.939041, 0.310073, 0.148517, 0.025727, 0.367394, -0.929709, -0.342842, 0.876856, 0.337021),
      ["RightUpperLeg"] = CFrame.new(0.000391, -0.013940, -0.013959, 0.999222, -0.021984, -0.032731, 0.027842, 0.981209, 0.190930, 0.027918, -0.191693, 0.981058)
    }},
    { Time = 0.500, Data = {
      ["Balls"] = CFrame.new(-0.000002, -0.000017, 0.000001, 0.997808, -0.066173, 0.000000, 0.066173, 0.997808, 0.000000, 0.000000, 0.000000, 1.000000),
      ["Cock"] = CFrame.new(0.000003, 0.000011, 0.000000, 0.898363, 0.439254, 0.000000, -0.439254, 0.898363, -0.000000, -0.000000, 0.000000, 1.000000),
      ["Head"] = CFrame.new(0.000000, -0.000006, 0.000000, 1.000000, -0.000000, 0.000000, 0.000000, 0.977691, 0.210049, -0.000000, -0.210049, 0.977691),
      ["LeftUpperArm"] = CFrame.new(-0.071559, -0.709407, -0.438345, 0.874726, -0.272086, -0.401028, -0.069497, 0.748533, -0.659446, 0.479608, 0.604705, 0.635852),
      ["LeftUpperLeg"] = CFrame.new(-0.000967, 0.207586, -0.321692, 0.998063, -0.057224, 0.024425, 0.044119, 0.927713, 0.370679, -0.043871, -0.368883, 0.928440),
