return {
  ["Astros missionary leg up"] = {
    { Time = 0.000, Data = {
      ["Head"] = CFrame.new(0.000000, 0.000000, -0.000000, 0.998274, 0.024201, -0.053507, 0.011211, 0.815847, 0.578159, 0.057645, -0.577761, 0.814168),
      ["LeftUpperArm"] = CFrame.new(0.089005, -0.083543, 0.657977, 0.944272, 0.329040, 0.009151, -0.324244, 0.934578, -0.146389, -0.056720, 0.135263, 0.989185),
      ["LeftUpperLeg"] = CFrame.new(-0.375850, 0.025909, 0.063449, 0.974222, -0.206609, 0.090580, 0.092201, -0.001791, -0.995739, 0.205890, 0.978422, 0.017304),
      ["LowerTorso"] = CFrame.new(-0.000015, -1.313974, -0.528720, 0.998209, 0.000015, 0.059829, 0.057498, 0.276183, -0.959384, -0.016538, 0.961105, 0.275687),
      ["RightUpperArm"] = CFrame.new(-0.061349, -0.101577, 0.754749, 0.973121, -0.224097, -0.053074, 0.208462, 0.955094, -0.210570, 0.097878, 0.193846, 0.976137),
      ["RightUpperLeg"] = CFrame.new(0.225506, -0.074920, -0.263808, 0.956658, -0.257220, -0.136542, 0.271558, 0.957289, 0.099271, 0.105175, -0.132048, 0.985648),
      ["рҹҢ§пёҸрҹҳірҹ‘»рҹҸіпёҸвҖҚрҹҢҲрҹҳӮрҹ’һрҹҸҙвҖҚвҳ пёҸрҹҺёрҹҢ§пёҸрҹҳірҹ‘»рҹҸіпёҸвҖҚрҹҢҲрҹҳӮрҹ’һрҹҸҙвҖҚвҳ"] = CFrame.new(-0.000000, -0.000000, 0.000000, 0.948587, -0.275924, 0.155073, 0.274668, 0.961074, 0.029904, -0.157288, 0.014227, 0.987450)
    }},
    { Time = 0.017, Data = {
      ["Head"] = CFrame.new(0.000000, -0.000000, 0.000000, 0.998273, 0.024568, -0.053361, 0.011266, 0.811419, 0.584356, 0.057655, -0.583948, 0.809741),
      ["LeftUpperArm"] = CFrame.new(0.089004, -0.083535, 0.657904, 0.944272, 0.329040, 0.009166, -0.324246, 0.934591, -0.146304, -0.056706, 0.135179, 0.989197),
      ["LeftUpperLeg"] = CFrame.new(-0.375863, 0.025914, 0.063506, 0.974196, -0.206733, 0.090567, 0.092212, -0.001689, -0.995738, 0.206005, 0.978396, 0.017418),
      ["LowerTorso"] = CFrame.new(-0.000019, -1.313871, -0.528700, 0.998209, 0.000019, 0.059829, 0.057499, 0.276079, -0.959414, -0.016535, 0.961135, 0.275583),
      ["RightUpperArm"] = CFrame.new(-0.061346, -0.101565, 0.754683, 0.973121, -0.224095, -0.053083, 0.208466, 0.955112, -0.210485, 0.097869, 0.193761, 0.976155),
      ["RightUpperLeg"] = CFrame.new(0.225519, -0.074952, -0.263839, 0.956647, -0.257208, -0.136638, 0.271567, 0.957278, 0.099344, 0.105248, -0.132144, 0.985627),
      ["рҹҢ§пёҸрҹҳірҹ‘»рҹҸіпёҸвҖҚрҹҢҲрҹҳӮрҹ’һрҹҸҙвҖҚвҳ пёҸрҹҺёрҹҢ§пёҸрҹҳірҹ‘»рҹҸіпёҸвҖҚрҹҢҲрҹҳӮрҹ’һрҹҸҙвҖҚвҳ"] = CFrame.new(-0.000000, -0.000000, 0.000000, 0.948332, -0.272169, 0.163065, 0.270718, 0.962143, 0.031491, -0.165462, 0.014281, 0.986113)
    }},
    { Time = 0.033, Data = {
      ["Head"] = CFrame.new(0.000000, -0.000000, -0.000000, 0.998271, 0.025015, -0.053188, 0.011237, 0.806992, 0.590455, 0.057693, -0.590032, 0.805316),
      ["LeftUpperArm"] = CFrame.new(0.088981, -0.083507, 0.657705, 0.944297, 0.328962, 0.009286, -0.324162, 0.934644, -0.146149, -0.056757, 0.134998, 0.989219),
      ["LeftUpperLeg"] = CFrame.new(-0.375904, 0.025907, 0.063706, 0.974113, -0.207174, 0.090457, 0.092197, -0.001261, -0.995740, 0.206405, 0.978303, 0.017873),
      ["LowerTorso"] = CFrame.new(-0.000022, -1.313767, -0.528582, 0.998209, 0.000022, 0.059829, 0.057499, 0.275975, -0.959444, -0.016532, 0.961165, 0.275479),
      ["RightUpperArm"] = CFrame.new(-0.061337, -0.101535, 0.754508, 0.973121, -0.224090, -0.053103, 0.208474, 0.955147, -0.210316, 0.097851, 0.193593, 0.976190),
      ["RightUpperLeg"] = CFrame.new(0.225554, -0.075089, -0.263798, 0.956624, -0.257268, -0.136687, 0.271669, 0.957215, 0.099678, 0.105195, -0.132488, 0.985587),
      ["рҹҢ§пёҸрҹҳірҹ‘»рҹҸіпёҸвҖҚрҹҢҲрҹҳӮрҹ’һрҹҸҙвҖҚвҳ пёҸрҹҺёрҹҢ§пёҸрҹҳірҹ‘»рҹҸіпёҸвҖҚрҹҢҲрҹҳӮрҹ’һрҹҸҙвҖҚвҳ"] = CFrame.new(-0.000000, -0.000000, 0.000000, 0.948010, -0.268416, 0.170970, 0.266758, 0.963197, 0.033034, -0.173545, 0.014292, 0.984722)
    }},
    { Time = 0.050, Data = {
      ["Head"] = CFrame.new(-0.000000, 0.000000, 0.000000, 0.998275, 0.025348, -0.052959, 0.011259, 0.802622, 0.596381, 0.057623, -0.595949, 0.800952),
      ["LeftUpperArm"] = CFrame.new(0.088976, -0.083472, 0.657365, 0.944297, 0.328961, 0.009344, -0.324172, 0.934693, -0.145811, -0.056700, 0.134660, 0.989268),
      ["LeftUpperLeg"] = CFrame.new(-0.375972, 0.025917, 0.064018, 0.973979, -0.207869, 0.090308, 0.092218, -0.000507, -0.995739, 0.207029, 0.978157, 0.018675),
      ["LowerTorso"] = CFrame.new(-0.000035, -1.313351, -0.528456, 0.998209, 0.000035, 0.059829, 0.057503, 0.275560, -0.959563, -0.016520, 0.961284, 0.275064),
      ["RightUpperArm"] = CFrame.new(-0.061322, -0.101482, 0.754203, 0.973121, -0.224081, -0.053142, 0.208492, 0.955217, -0.209979, 0.097815, 0.193255, 0.976261),
      ["RightUpperLeg"] = CFrame.new(0.225621, -0.075326, -0.263781, 0.956567, -0.257399, -0.136837, 0.271864, 0.957118, 0.100079, 0.105209, -0.132933, 0.985525),
      ["рҹҢ§пёҸрҹҳірҹ‘»рҹҸіпёҸвҖҚрҹҢҲрҹҳӮрҹ’һрҹҸҙвҖҚвҳ пёҸрҹҺёрҹҢ§пёҸрҹҳірҹ‘»рҹҸіпёҸвҖҚрҹҢҲрҹҳӮрҹ’һрҹҸҙвҖҚвҳ"] = CFrame.new(-0.000000, -0.000000, 0.000000, 0.947614, -0.264741, 0.178715, 0.262882, 0.964213, 0.034444, -0.181438, 0.014341, 0.983298)
    }},
    { Time = 0.067, Data = {
      ["Head"] = CFrame.new(0.000000, -0.000000, 0.000000, 0.998273, 0.025781, -0.052787, 0.011218, 0.798368, 0.602066, 0.057665, -0.601618, 0.796700),
      ["LeftUpperArm"] = CFrame.new(0.088971, -0.083425, 0.656902, 0.944295, 0.328965, 0.009501, -0.324178, 0.934755, -0.145403, -0.056713, 0.134224, 0.989327),
      ["LeftUpperLeg"] = CFrame.new(-0.376068, 0.025915, 0.064472, 0.973786, -0.208879, 0.090061, 0.092213, 0.000571, -0.995739, 0.207938, 0.977941, 0.019818),
      ["LowerTorso"] = CFrame.new(-0.000048, -1.312936, -0.528235, 0.998209, 0.000048, 0.059829, 0.057507, 0.275144, -0.959682, -0.016507, 0.961403, 0.274649),
      ["RightUpperArm"] = CFrame.new(-0.061304, -0.101410, 0.753791, 0.973114, -0.224078, -0.053276, 0.208504, 0.955305, -0.209566, 0.097854, 0.192823, 0.976342),
      ["RightUpperLeg"] = CFrame.new(0.225698, -0.075620, -0.263700, 0.956521, -0.257525, -0.136925, 0.272063, 0.957000, 0.100661, 0.105114, -0.133537, 0.985454),
      ["рҹҢ§пёҸрҹҳірҹ‘»рҹҸіпёҸвҖҚрҹҢҲрҹҳӮрҹ’һрҹҸҙвҖҚвҳ пёҸрҹҺёрҹҢ§пёҸрҹҳірҹ‘»рҹҸіпёҸвҖҚрҹҢҲрҹҳӮрҹ’һрҹҸҙвҖҚвҳ"] = CFrame.new(-0.000000, -0.000000, 0.000000, 0.947129, -0.261244, 0.186274, 0.259158, 0.965167, 0.035903, -0.189165, 0.014269, 0.981842)
    }},
    { Time = 0.083, Data = {
      ["Head"] = CFrame.new(0.000000, 0.000000, -0.000000, 0.998272, 0.026125, -0.052643, 0.011251, 0.794234, 0.607507, 0.057682, -0.607050, 0.792568),
      ["LeftUpperArm"] = CFrame.new(0.088942, -0.083359, 0.656326, 0.944320, 0.328885, 0.009679, -0.324104, 0.934857, -0.144911, -0.056707, 0.133705, 0.989397),
      ["LeftUpperLeg"] = CFrame.new(-0.376191, 0.025931, 0.065039, 0.973540, -0.210144, 0.089773, 0.092246, 0.001973, -0.995734, 0.209071, 0.977668, 0.021306),
      ["LowerTorso"] = CFrame.new(-0.000064, -1.312417, -0.527954, 0.998209, 0.000064, 0.059829, 0.057511, 0.274625, -0.959830, -0.016492, 0.961551, 0.274129),
      ["RightUpperArm"] = CFrame.new(-0.061281, -0.101322, 0.753276, 0.973107, -0.224072, -0.053420, 0.208520, 0.955411, -0.209069, 0.097885, 0.192307, 0.976441),
      ["RightUpperLeg"] = CFrame.new(0.225795, -0.075973, -0.263640, 0.956464, -0.257632, -0.137120, 0.272276, 0.956861, 0.101402, 0.105080, -0.134322, 0.985351),
      ["рҹҢ§пёҸрҹҳірҹ‘»рҹҸіпёҸвҖҚрҹҢҲрҹҳӮрҹ’һрҹҸҙвҖҚвҳ пёҸрҹҺёрҹҢ§пёҸрҹҳірҹ‘»рҹҸіпёҸвҖҚрҹҢҲрҹҳӮрҹ’һрҹҸҙвҖҚвҳ"] = CFrame.new(-0.000000, -0.000000, 0.000000, 0.946633, -0.257827, 0.193418, 0.255524, 0.966087, 0.037201, -0.196450, 0.014207, 0.980411)
    }},
    { Time = 0.100, Data = {
      ["Head"] = CFrame.new(0.000000, -0.000000, 0.000000, 0.998275, 0.026428, -0.052422, 0.011244, 0.790339, 0.612567, 0.057620, -0.612100, 0.788678),
      ["LeftUpperArm"] = CFrame.new(0.088911, -0.083283, 0.655639, 0.944346, 0.328806, 0.009871, -0.324033, 0.934971, -0.144333, -0.056686, 0.133102, 0.989480),
      ["LeftUpperLeg"] = CFrame.new(-0.376335, 0.025900, 0.065720, 0.973252, -0.211658, 0.089337, 0.092183, 0.003595, -0.995736, 0.210434, 0.977337, 0.023010),
      ["LowerTorso"] = CFrame.new(-0.000087, -1.311688, -0.527645, 0.998209, 0.000087, 0.059829, 0.057517, 0.273897, -0.960038, -0.016470, 0.961759, 0.273401),
      ["RightUpperArm"] = CFrame.new(-0.061227, -0.101207, 0.752645, 0.973126, -0.223969, -0.053508, 0.208470, 0.955570, -0.208392, 0.097804, 0.191636, 0.976581),
      ["RightUpperLeg"] = CFrame.new(0.225934, -0.076463, -0.263602, 0.956350, -0.257895, -0.137420, 0.272666, 0.956665, 0.102203, 0.105107, -0.135211, 0.985226),
      ["рҹҢ§пёҸрҹҳірҹ‘»рҹҸіпёҸвҖҚрҹҢҲрҹҳӮрҹ’һрҹҸҙвҖҚвҳ пёҸрҹҺёрҹҢ§пёҸрҹҳірҹ‘»рҹҸіпёҸвҖҚрҹҢҲрҹҳӮрҹ’һрҹҸҙвҖҚвҳ"] = CFrame.new(-0.000000, -0.000000, 0.000000, 0.946111, -0.254658, 0.200059, 0.252152, 0.966928, 0.038347, -0.203208, 0.014165, 0.979033)
    }},
    { Time = 0.117, Data = {
      ["Head"] = CFrame.new(0.000000, 0.000000, -0.000000, 0.998274, 0.026747, -0.052287, 0.011252, 0.786689, 0.617248, 0.057643, -0.616771, 0.785030),
      ["LeftUpperArm"] = CFrame.new(0.088881, -0.083195, 0.654843, 0.944369, 0.328731, 0.010162, -0.323958, 0.935097, -0.143686, -0.056737, 0.132400, 0.989571),
      ["LeftUpperLeg"] = CFrame.new(-0.376502, 0.025912, 0.066487, 0.972917, -0.213360, 0.088933, 0.092206, 0.005419, -0.995725, 0.211966, 0.976959, 0.024945),
      ["LowerTorso"] = CFrame.new(-0.000230, -1.310963, -0.527255, 0.998208, 0.000230, 0.059846, 0.057507, 0.273172, -0.960245, -0.016569, 0.961965, 0.272669),
      ["RightUpperArm"] = CFrame.new(-0.061193, -0.101081, 0.751917, 0.973120, -0.223957, -0.053681, 0.208500, 0.955727, -0.207641, 0.097807, 0.190867, 0.976731),
      ["RightUpperLeg"] = CFrame.new(0.226069, -0.076961, -0.263499, 0.956270, -0.258062, -0.137665, 0.272981, 0.956460, 0.103277, 0.105019, -0.136340, 0.985080),
      ["рҹҢ§пёҸрҹҳірҹ‘»рҹҸіпёҸвҖҚрҹҢҲрҹҳӮрҹ’һрҹҸҙвҖҚвҳ пёҸрҹҺёрҹҢ§пёҸрҹҳірҹ‘»рҹҸіпёҸвҖҚрҹҢҲрҹҳӮрҹ’һрҹҸҙвҖҚвҳ"] = CFrame.new(-0.000000, -0.000000, 0.000000, 0.945538, -0.251743, 0.206356, 0.249031, 0.967692, 0.039454, -0.209622, 0.014084, 0.977681)
    }},
    { Time = 0.133, Data = {
      ["Head"] = CFrame.new(0.000000, 0.000000, -0.000000, 0.998272, 0.027051, -0.052158, 0.011245, 0.783348, 0.621482, 0.057669, -0.620995, 0.781690),
      ["LeftUpperArm"] = CFrame.new(0.088847, -0.083095, 0.653932, 0.944394, 0.328650, 0.010398, -0.323894, 0.935246, -0.142855, -0.056674, 0.131543, 0.989689),
      ["LeftUpperLeg"] = CFrame.new(-0.376698, 0.025937, 0.067368, 0.972527, -0.215311, 0.088500, 0.092257, 0.007442, -0.995707, 0.213728, 0.976517, 0.027101),
      ["LowerTorso"] = CFrame.new(-0.000259, -1.310027, -0.526851, 0.998208, 0.000259, 0.059846, 0.057515, 0.272235, -0.960510, -0.016541, 0.962231, 0.271733),
      ["RightUpperArm"] = CFrame.new(-0.061155, -0.100940, 0.751102, 0.973113, -0.223942, -0.053864, 0.208533, 0.955900, -0.206806, 0.097801, 0.190013, 0.976898),
      ["RightUpperLeg"] = CFrame.new(0.226233, -0.077548, -0.263422, 0.956156, -0.258300, -0.138011, 0.273389, 0.956219, 0.104417, 0.104998, -0.137570, 0.984911),
      ["рҹҢ§пёҸрҹҳірҹ‘»рҹҸіпёҸвҖҚрҹҢҲрҹҳӮрҹ’һрҹҸҙвҖҚвҳ пёҸрҹҺёрҹҢ§пёҸрҹҳірҹ‘»рҹҸіпёҸвҖҚрҹҢҲрҹҳӮрҹ’һрҹҸҙвҖҚвҳ"] = CFrame.new(-0.000000, -0.000000, 0.000000, 0.945021, -0.248994, 0.211985, 0.246095, 0.968404, 0.040389, -0.215344, 0.014000, 0.976438)
    }},
    { Time = 0.150, Data = {
      ["Head"] = CFrame.new(0.000000, 0.000000, 0.000000, 0.998272, 0.027256, -0.052065, 0.011300, 0.780383, 0.625200, 0.057671, -0.624708, 0.778726),
      ["LeftUpperArm"] = CFrame.new(0.088814, -0.082989, 0.652949, 0.944417, 0.328575, 0.010718, -0.323824, 0.935395, -0.142038, -0.056695, 0.130672, 0.989803),
      ["LeftUpperLeg"] = CFrame.new(-0.376912, 0.025953, 0.068331, 0.972099, -0.217455, 0.087962, 0.092288, 0.009801, -0.995684, 0.215654, 0.976021, 0.029597),
      ["LowerTorso"] = CFrame.new(-0.000288, -1.309090, -0.526379, 0.998208, 0.000288, 0.059845, 0.057523, 0.271298, -0.960775, -0.016513, 0.962495, 0.270795),
      ["RightUpperArm"] = CFrame.new(-0.061093, -0.100785, 0.750227, 0.973119, -0.223850, -0.054141, 0.208474, 0.956092, -0.205977, 0.097872, 0.189154, 0.977058),
      ["RightUpperLeg"] = CFrame.new(0.226418, -0.078218, -0.263329, 0.956018, -0.258615, -0.138373, 0.273885, 0.955944, 0.105636, 0.104958, -0.138888, 0.984730),
      ["рҹҢ§пёҸрҹҳірҹ‘»рҹҸіпёҸвҖҚрҹҢҲрҹҳӮрҹ’һрҹҸҙвҖҚвҳ пёҸрҹҺёрҹҢ§пёҸрҹҳірҹ‘»рҹҸіпёҸвҖҚрҹҢҲрҹҳӮрҹ’һрҹҸҙвҖҚвҳ"] = CFrame.new(-0.000000, -0.000000, 0.000000, 0.944510, -0.246585, 0.217016, 0.243502, 0.969022, 0.041270, -0.220470, 0.013864, 0.975295)
    }},
    { Time = 0.167, Data = {
      ["Head"] = CFrame.new(0.000000, 0.000000, 0.000000, 0.998275, 0.027497, -0.051870, 0.011228, 0.777799, 0.628413, 0.057624, -0.627911, 0.776149),
      ["LeftUpperArm"] = CFrame.new(0.088779, -0.082872, 0.651862, 0.944440, 0.328498, 0.011067, -0.323759, 0.935567, -0.141052, -0.056689, 0.129632, 0.989940),
      ["LeftUpperLeg"] = CFrame.new(-0.377145, 0.025946, 0.069381, 0.971631, -0.219781, 0.087344, 0.092276, 0.012257, -0.995658, 0.217756, 0.975472, 0.032190),
      ["LowerTorso"] = CFrame.new(-0.000390, -1.308051, -0.525877, 0.998211, 0.000390, 0.059793, 0.057463, 0.270259, -0.961071, -0.016534, 0.962788, 0.269753),
      ["RightUpperArm"] = CFrame.new(-0.061048, -0.100618, 0.749258, 0.973112, -0.223830, -0.054343, 0.208516, 0.956299, -0.204973, 0.097848, 0.188131, 0.977258),
      ["RightUpperLeg"] = CFrame.new(0.226608, -0.078920, -0.263181, 0.955891, -0.258930, -0.138662, 0.274381, 0.955655, 0.106951, 0.104821, -0.140280, 0.984548),
      ["рҹҢ§пёҸрҹҳірҹ‘»рҹҸіпёҸвҖҚрҹҢҲрҹҳӮрҹ’һрҹҸҙвҖҚвҳ пёҸрҹҺёрҹҢ§пёҸрҹҳірҹ‘»рҹҸіпёҸвҖҚрҹҢҲрҹҳӮрҹ’һрҹҸҙвҖҚвҳ"] = CFrame.new(-0.000000, -0.000000, 0.000000, 0.944017, -0.244581, 0.221385, 0.241357, 0.969530, 0.041932, -0.224895, 0.013848, 0.974284)
    }},
    { Time = 0.183, Data = {
      ["Head"] = CFrame.new(0.000000, 0.000000, 0.000000, 0.998275, 0.027669, -0.051793, 0.011247, 0.775607, 0.631117, 0.057633, -0.630610, 0.773957),
      ["LeftUpperArm"] = CFrame.new(0.088744, -0.082751, 0.650724, 0.944463, 0.328421, 0.011416, -0.323694, 0.935737, -0.140066, -0.056683, 0.128592, 0.990076),
      ["LeftUpperLeg"] = CFrame.new(-0.377395, 0.025949, 0.070489, 0.971132, -0.222228, 0.086707, 0.092282, 0.014807, -0.995623, 0.219972, 0.974882, 0.034887),
      ["LowerTorso"] = CFrame.new(-0.000425, -1.306904, -0.525354, 0.998211, 0.000425, 0.059793, 0.057473, 0.269112, -0.961392, -0.016500, 0.963109, 0.268606),
      ["RightUpperArm"] = CFrame.new(-0.060977, -0.100435, 0.748224, 0.973124, -0.223723, -0.054565, 0.208478, 0.956540, -0.203882, 0.097806, 0.187027, 0.977474),
      ["RightUpperLeg"] = CFrame.new(0.226817, -0.079660, -0.263101, 0.955742, -0.259220, -0.139144, 0.274895, 0.955343, 0.108412, 0.104828, -0.141864, 0.984320),
      ["рҹҢ§пёҸрҹҳірҹ‘»рҹҸіпёҸвҖҚрҹҢҲрҹҳӮрҹ’һрҹҸҙвҖҚвҳ пёҸрҹҺёрҹҢ§пёҸрҹҳірҹ‘»рҹҸіпёҸвҖҚрҹҢҲрҹҳӮрҹ’һрҹҸҙвҖҚвҳ"] = CFrame.new(-0.000000, -0.000000, 0.000000, 0.943615, -0.242835, 0.224992, 0.239479, 0.969970, 0.042520, -0.228560, 0.013758, 0.973432)
    }},
    { Time = 0.200, Data = {
      ["Head"] = CFrame.new(0.000000, 0.000000, 0.000000, 0.998274, 0.027821, -0.051726, 0.011245, 0.773868, 0.633247, 0.057646, -0.632736, 0.772219),
      ["LeftUpperArm"] = CFrame.new(0.088707, -0.082626, 0.649545, 0.944485, 0.328343, 0.011765, -0.323629, 0.935907, -0.139080, -0.056676, 0.127551, 0.990211),
      ["LeftUpperLeg"] = CFrame.new(-0.377662, 0.025968, 0.071652, 0.970599, -0.224803, 0.086036, 0.092319, 0.017571, -0.995574, 0.222296, 0.974246, 0.037808),
      ["LowerTorso"] = CFrame.new(-0.000513, -1.305756, -0.524790, 0.998207, 0.000513, 0.059861, 0.057535, 0.267964, -0.961709, -0.016534, 0.963429, 0.267454),
      ["RightUpperArm"] = CFrame.new(-0.060927, -0.100251, 0.747150, 0.973111, -0.223708, -0.054862, 0.208516, 0.956761, -0.202802, 0.097858, 0.185910, 0.977682),
      ["RightUpperLeg"] = CFrame.new(0.227027, -0.080421, -0.262974, 0.955604, -0.259516, -0.139542, 0.275405, 0.955027, 0.109884, 0.104750, -0.143437, 0.984100),
      ["рҹҢ§пёҸрҹҳірҹ‘»рҹҸіпёҸвҖҚрҹҢҲрҹҳӮрҹ’һрҹҸҙвҖҚвҳ пёҸрҹҺёрҹҢ§пёҸрҹҳірҹ‘»рҹҸіпёҸвҖҚрҹҢҲрҹҳӮрҹ’һрҹҸҙвҖҚвҳ"] = CFrame.new(-0.000000, -0.000000, 0.000000, 0.943294, -0.241430, 0.227834, 0.237951, 0.970323, 0.043047, -0.231466, 0.013607, 0.972748)
    }},
    { Time = 0.217, Data = {
      ["Head"] = CFrame.new(0.000000, 0.000000, -0.000000, 0.998273, 0.027954, -0.051668, 0.011222, 0.772588, 0.634808, 0.057664, -0.634292, 0.770940),
      ["LeftUpperArm"] = CFrame.new(0.088648, -0.082488, 0.648312, 0.944536, 0.328183, 0.012134, -0.323484, 0.936115, -0.138008, -0.056650, 0.126429, 0.990357),
      ["LeftUpperLeg"] = CFrame.new(-0.377941, 0.026027, 0.072841, 0.970040, -0.227440, 0.085405, 0.092437, 0.020427, -0.995509, 0.224674, 0.973578, 0.040839),
      ["LowerTorso"] = CFrame.new(-0.000621, -1.304506, -0.524222, 0.998210, 0.000621, 0.059809, 0.057477, 0.266714, -0.962060, -0.016549, 0.963775, 0.266201),
      ["RightUpperArm"] = CFrame.new(-0.060852, -0.100059, 0.746054, 0.973123, -0.223601, -0.055083, 0.208479, 0.957000, -0.201711, 0.097817, 0.184806, 0.977895),
      ["RightUpperLeg"] = CFrame.new(0.227253, -0.081244, -0.262834, 0.955442, -0.259889, -0.139957, 0.276003, 0.954675, 0.111435, 0.104653, -0.145098, 0.983867),
      ["рҹҢ§пёҸрҹҳірҹ‘»рҹҸіпёҸвҖҚрҹҢҲрҹҳӮрҹ’һрҹҸҙвҖҚвҳ пёҸрҹҺёрҹҢ§пёҸрҹҳірҹ‘»рҹҸіпёҸвҖҚрҹҢҲрҹҳӮрҹ’һрҹҸҙвҖҚвҳ"] = CFrame.new(-0.000000, -0.000000, 0.000000, 0.943039, -0.240514, 0.229847, 0.236963, 0.970551, 0.043357, -0.233506, 0.013578, 0.972261)
    }},
    { Time = 0.233, Data = {
      ["Head"] = CFrame.new(0.000000, 0.000000, 0.000000, 0.998273, 0.027985, -0.051652, 0.011256, 0.771831, 0.635728, 0.057657, -0.635212, 0.770183),
      ["LeftUpperArm"] = CFrame.new(0.088610, -0.082356, 0.647058, 0.944559, 0.328104, 0.012497, -0.323422, 0.936294, -0.136937, -0.056630, 0.125304, 0.990501),
      ["LeftUpperLeg"] = CFrame.new(-0.378228, 0.026058, 0.074060, 0.969466, -0.230133, 0.084705, 0.092500, 0.023275, -0.995441, 0.227112, 0.972881, 0.043852),
      ["LowerTorso"] = CFrame.new(-0.000660, -1.303252, -0.523632, 0.998210, 0.000660, 0.059808, 0.057488, 0.265460, -0.962407, -0.016512, 0.964122, 0.264947),
      ["RightUpperArm"] = CFrame.new(-0.060800, -0.099864, 0.744913, 0.973110, -0.223583, -0.055390, 0.208521, 0.957236, -0.200546, 0.097860, 0.183603, 0.978117),
      ["RightUpperLeg"] = CFrame.new(0.227483, -0.082081, -0.262686, 0.955280, -0.260255, -0.140383, 0.276606, 0.954308, 0.113070, 0.104542, -0.146844, 0.983620),
      ["рҹҢ§пёҸрҹҳірҹ‘»рҹҸіпёҸвҖҚрҹҢҲрҹҳӮрҹ’һрҹҸҙвҖҚвҳ пёҸрҹҺёрҹҢ§пёҸрҹҳірҹ‘»рҹҸіпёҸвҖҚрҹҢҲрҹҳӮрҹ’һрҹҸҙвҖҚвҳ"] = CFrame.new(-0.000000, -0.000000, 0.000000, 0.942901, -0.239845, 0.231110, 0.236254, 0.970716, 0.043516, -0.234779, 0.013569, 0.971954)
    }},
    { Time = 0.250, Data = {
      ["Head"] = CFrame.new(0.000000, -0.000000, -0.000000, 0.998273, 0.027995, -0.051647, 0.011267, 0.771597, 0.636011, 0.057655, -0.635495, 0.769949),
      ["LeftUpperArm"] = CFrame.new(0.088572, -0.082220, 0.645771, 0.944581, 0.328025, 0.012874, -0.323362, 0.936483, -0.135782, -0.056596, 0.124094, 0.990655),
      ["LeftUpperLeg"] = CFrame.new(-0.378523, 0.026070, 0.075307, 0.968876, -0.232887, 0.083924, 0.092524, 0.026234, -0.995365, 0.229606, 0.972150, 0.046965),
      ["LowerTorso"] = CFrame.new(-0.000751, -1.301996, -0.523031, 0.998206, 0.000751, 0.059876, 0.057551, 0.264204, -0.962748, -0.016543, 0.964466, 0.263687),
      ["RightUpperArm"] = CFrame.new(-0.060722, -0.099663, 0.743766, 0.973122, -0.223473, -0.055621, 0.208488, 0.957489, -0.199370, 0.097810, 0.182415, 0.978345),
      ["RightUpperLeg"] = CFrame.new(0.227714, -0.082920, -0.262543, 0.955118, -0.260626, -0.140799, 0.277204, 0.953950, 0.114619, 0.104443, -0.148505, 0.983381),
      ["рҹҢ§пёҸрҹҳірҹ‘»рҹҸіпёҸвҖҚрҹҢҲрҹҳӮрҹ’һрҹҸҙвҖҚвҳ пёҸрҹҺёрҹҢ§пёҸрҹҳірҹ‘»рҹҸіпёҸвҖҚрҹҢҲрҹҳӮрҹ’һрҹҸҙвҖҚвҳ"] = CFrame.new(-0.000000, -0.000000, 0.000000, 0.942841, -0.239684, 0.231522, 0.236066, 0.970757, 0.043633, -0.235210, 0.013516, 0.971851)
    }},
    { Time = 0.267, Data = {
      ["Head"] = CFrame.new(0.000000, 0.000000, 0.000000, 0.998273, 0.027985, -0.051652, 0.011256, 0.771831, 0.635728, 0.057657, -0.635212, 0.770183),
      ["LeftUpperArm"] = CFrame.new(0.088512, -0.082081, 0.644507, 0.944632, 0.327863, 0.013243, -0.323217, 0.936688, -0.134710, -0.056571, 0.122971, 0.990797),
      ["LeftUpperLeg"] = CFrame.new(-0.378817, 0.026116, 0.076523, 0.968288, -0.235579, 0.083196, 0.092615, 0.029184, -0.995274, 0.232038, 0.971417, 0.050076),
      ["LowerTorso"] = CFrame.new(-0.000859, -1.300742, -0.522428, 0.998209, 0.000859, 0.059824, 0.057493, 0.262951, -0.963095, -0.016558, 0.964809, 0.262430),
      ["RightUpperArm"] = CFrame.new(-0.060669, -0.099468, 0.742616, 0.973108, -0.223455, -0.055928, 0.208530, 0.957721, -0.198204, 0.097853, 0.181212, 0.978564),
      ["RightUpperLeg"] = CFrame.new(0.227940, -0.083724, -0.262438, 0.954968, -0.260901, -0.141307, 0.277728, 0.953600, 0.116247, 0.104422, -0.150257, 0.983117),
      ["рҹҢ§пёҸрҹҳірҹ‘»рҹҸіпёҸвҖҚрҹҢҲрҹҳӮрҹ’һрҹҸҙвҖҚвҳ пёҸрҹҺёрҹҢ§пёҸрҹҳірҹ‘»рҹҸіпёҸвҖҚрҹҢҲрҹҳӮрҹ’һрҹҸҙвҖҚвҳ"] = CFrame.new(-0.000000, -0.000000, 0.000000, 0.942901, -0.239845, 0.231110, 0.236254, 0.970716, 0.043516, -0.234779, 0.013569, 0.971954)
    }},
    { Time = 0.283, Data = {
      ["Head"] = CFrame.new(0.000000, 0.000000, -0.000000, 0.998273, 0.027954, -0.051668, 0.011222, 0.772588, 0.634808, 0.057664, -0.634292, 0.770940),
      ["LeftUpperArm"] = CFrame.new(0.088475, -0.081947, 0.643227, 0.944652, 0.327788, 0.013705, -0.323152, 0.936874, -0.133568, -0.056621, 0.121746, 0.990945),
      ["LeftUpperLeg"] = CFrame.new(-0.379115, 0.026157, 0.077741, 0.967692, -0.238263, 0.082475, 0.092698, 0.032007, -0.995180, 0.234474, 0.970673, 0.053059),
      ["LowerTorso"] = CFrame.new(-0.000895, -1.299590, -0.521805, 0.998209, 0.000894, 0.059823, 0.057503, 0.261798, -0.963408, -0.016523, 0.965123, 0.261277),
      ["RightUpperArm"] = CFrame.new(-0.060592, -0.099269, 0.741479, 0.973121, -0.223344, -0.056158, 0.208497, 0.957971, -0.197027, 0.097803, 0.180023, 0.978788),
      ["RightUpperLeg"] = CFrame.new(0.228170, -0.084558, -0.262295, 0.954805, -0.261271, -0.141725, 0.278326, 0.953236, 0.117796, 0.104321, -0.151918, 0.982872),
      ["рҹҢ§пёҸрҹҳірҹ‘»рҹҸіпёҸвҖҚрҹҢҲрҹҳӮрҹ’һрҹҸҙвҖҚвҳ пёҸрҹҺёрҹҢ§пёҸрҹҳірҹ‘»рҹҸіпёҸвҖҚрҹҢҲрҹҳӮрҹ’һрҹҸҙвҖҚвҳ"] = CFrame.new(-0.000000, -0.000000, 0.000000, 0.943039, -0.240514, 0.229847, 0.236963, 0.970551, 0.043357, -0.233506, 0.013578, 0.972261)
    }},
    { Time = 0.300, Data = {
      ["Head"] = CFrame.new(0.000000, 0.000000, 0.000000, 0.998274, 0.027821, -0.051726, 0.011245, 0.773868, 0.633247, 0.057646, -0.632736, 0.772219),
      ["LeftUpperArm"] = CFrame.new(0.088437, -0.081818, 0.641994, 0.944674, 0.327709, 0.014067, -0.323090, 0.937047, -0.132496, -0.056602, 0.120621, 0.991084),
      ["LeftUpperLeg"] = CFrame.new(-0.379416, 0.026210, 0.078956, 0.967090, -0.240948, 0.081732, 0.092802, 0.034940, -0.995071, 0.236905, 0.969909, 0.056151),
      ["LowerTorso"] = CFrame.new(-0.000934, -1.298331, -0.521231, 0.998209, 0.000933, 0.059822, 0.057514, 0.260539, -0.963749, -0.016486, 0.965463, 0.260019),
      ["RightUpperArm"] = CFrame.new(-0.060519, -0.099074, 0.740357, 0.973126, -0.223241, -0.056473, 0.208455, 0.958220, -0.195859, 0.097838, 0.178824, 0.979005),
      ["RightUpperLeg"] = CFrame.new(0.228397, -0.085381, -0.262153, 0.954641, -0.261640, -0.142143, 0.278924, 0.952868, 0.119344, 0.104218, -0.153578, 0.982625),
      ["рҹҢ§пёҸрҹҳірҹ‘»рҹҸіпёҸвҖҚрҹҢҲрҹҳӮрҹ’һрҹҸҙвҖҚвҳ пёҸрҹҺёрҹҢ§пёҸрҹҳірҹ‘»рҹҸіпёҸвҖҚрҹҢҲрҹҳӮрҹ’һрҹҸҙвҖҚвҳ"] = CFrame.new(-0.000000, -0.000000, 0.000000, 0.943294, -0.241430, 0.227834, 0.237951, 0.970323, 0.043047, -0.231466, 0.013607, 0.972748)
    }},
    { Time = 0.317, Data = {
      ["Head"] = CFrame.new(0.000000, 0.000000, 0.000000, 0.998275, 0.027669, -0.051793, 0.011247, 0.775607, 0.631117, 0.057633, -0.630610, 0.773957),
      ["LeftUpperArm"] = CFrame.new(0.088379, -0.081688, 0.640815, 0.944725, 0.327547, 0.014421, -0.322943, 0.937237, -0.131508, -0.056591, 0.119582, 0.991210),
      ["LeftUpperLeg"] = CFrame.new(-0.379696, 0.026220, 0.080088, 0.966531, -0.243442, 0.080954, 0.092824, 0.037669, -0.994970, 0.239168, 0.969184, 0.059006),
      ["LowerTorso"] = CFrame.new(-0.001090, -1.297180, -0.520656, 0.998208, 0.001090, 0.059838, 0.057508, 0.259387, -0.964060, -0.016572, 0.965773, 0.258860),
      ["RightUpperArm"] = CFrame.new(-0.060467, -0.098893, 0.739286, 0.973119, -0.223217, -0.056685, 0.208502, 0.958432, -0.194769, 0.097805, 0.177714, 0.979210),
      ["RightUpperLeg"] = CFrame.new(0.228608, -0.086144, -0.262017, 0.954501, -0.261926, -0.142556, 0.279439, 0.952522, 0.120897, 0.104122, -0.155233, 0.982375),
      ["рҹҢ§пёҸрҹҳірҹ‘»рҹҸіпёҸвҖҚрҹҢҲрҹҳӮрҹ’һрҹҸҙвҖҚвҳ пёҸрҹҺёрҹҢ§пёҸрҹҳірҹ‘»рҹҸіпёҸвҖҚрҹҢҲрҹҳӮрҹ’һрҹҸҙвҖҚвҳ"] = CFrame.new(-0.000000, -0.000000, -0.000000, 0.943615, -0.242835, 0.224992, 0.239479, 0.969970, 0.042520, -0.228560, 0.013758, 0.973432)
    }},
    { Time = 0.333, Data = {
      ["Head"] = CFrame.new(0.000000, 0.000000, 0.000000, 0.998275, 0.027497, -0.051870, 0.011228, 0.777799, 0.628413, 0.057624, -0.627911, 0.776149),
      ["LeftUpperArm"] = CFrame.new(0.088342, -0.081569, 0.639677, 0.944747, 0.327467, 0.014769, -0.322879, 0.937397, -0.130521, -0.056586, 0.118541, 0.991336),
      ["LeftUpperLeg"] = CFrame.new(-0.379973, 0.026256, 0.081191, 0.965976, -0.245869, 0.080246, 0.092896, 0.040273, -0.994861, 0.241374, 0.968466, 0.061743),
      ["LowerTorso"] = CFrame.new(-0.001126, -1.296025, -0.520122, 0.998208, 0.001126, 0.059837, 0.057517, 0.258232, -0.964369, -0.016538, 0.966082, 0.257704),
      ["RightUpperArm"] = CFrame.new(-0.060398, -0.098717, 0.738271, 0.973125, -0.223118, -0.056981, 0.208452, 0.958645, -0.193770, 0.097858, 0.176684, 0.979391),
      ["RightUpperLeg"] = CFrame.new(0.228812, -0.086879, -0.261896, 0.954361, -0.262223, -0.142948, 0.279944, 0.952197, 0.122281, 0.104049, -0.156718, 0.982147),
      ["рҹҢ§пёҸрҹҳірҹ‘»рҹҸіпёҸвҖҚрҹҢҲрҹҳӮрҹ’һрҹҸҙвҖҚвҳ пёҸрҹҺёрҹҢ§пёҸрҹҳірҹ‘»рҹҸіпёҸвҖҚрҹҢҲрҹҳӮрҹ’һрҹҸҙвҖҚвҳ"] = CFrame.new(-0.000000, -0.000000, 0.000000, 0.944017, -0.244581, 0.221385, 0.241357, 0.969530, 0.041932, -0.224895, 0.013848, 0.974284)
    }},
    { Time = 0.350, Data = {
      ["Head"] = CFrame.new(0.000000, 0.000000, 0.000000, 0.998272, 0.027256, -0.052065, 0.011300, 0.780383, 0.625200, 0.057671, -0.624708, 0.778726),
      ["LeftUpperArm"] = CFrame.new(0.088307, -0.081458, 0.638612, 0.944770, 0.327387, 0.015102, -0.322812, 0.937546, -0.129618, -0.056594, 0.117584, 0.991449),
      ["LeftUpperLeg"] = CFrame.new(-0.380244, 0.026348, 0.082235, 0.965434, -0.248173, 0.079671, 0.093079, 0.042753, -0.994740, 0.243462, 0.967772, 0.064375),
      ["LowerTorso"] = CFrame.new(-0.001159, -1.294974, -0.519608, 0.998208, 0.001159, 0.059837, 0.057526, 0.257181, -0.964650, -0.016506, 0.966363, 0.256653),
      ["RightUpperArm"] = CFrame.new(-0.060351, -0.098553, 0.737301, 0.973118, -0.223096, -0.057183, 0.208495, 0.958839, -0.192764, 0.097834, 0.175659, 0.979578),
      ["RightUpperLeg"] = CFrame.new(0.229008, -0.087585, -0.261787, 0.954221, -0.262527, -0.143328, 0.280445, 0.951882, 0.123580, 0.103988, -0.158118, 0.981929),
      ["рҹҢ§пёҸрҹҳірҹ‘»рҹҸіпёҸвҖҚрҹҢҲрҹҳӮрҹ’һрҹҸҙвҖҚвҳ пёҸрҹҺёрҹҢ§пёҸрҹҳірҹ‘»рҹҸіпёҸвҖҚрҹҢҲрҹҳӮрҹ’һрҹҸҙвҖҚвҳ"] = CFrame.new(-0.000000, -0.000000, 0.000000, 0.944510, -0.246585, 0.217016, 0.243502, 0.969022, 0.041270, -0.220470, 0.013864, 0.975295)
    }},
    { Time = 0.367, Data = {
      ["Head"] = CFrame.new(0.000000, 0.000000, -0.000000, 0.998272, 0.027051, -0.052158, 0.011245, 0.783348, 0.621482, 0.057669, -0.620995, 0.781690),
      ["LeftUpperArm"] = CFrame.new(0.088271, -0.081353, 0.637610, 0.944795, 0.327303, 0.015351, -0.322751, 0.937693, -0.128701, -0.056519, 0.116641, 0.991565),
      ["LeftUpperLeg"] = CFrame.new(-0.380482, 0.026366, 0.083167, 0.964959, -0.250226, 0.079003, 0.093115, 0.045052, -0.994636, 0.245325, 0.967139, 0.066774),
      ["LowerTorso"] = CFrame.new(-0.001257, -1.294028, -0.519122, 0.998211, 0.001256, 0.059783, 0.057466, 0.256237, -0.964904, -0.016531, 0.966613, 0.255706),
      ["RightUpperArm"] = CFrame.new(-0.060309, -0.098403, 0.736405, 0.973111, -0.223076, -0.057376, 0.208534, 0.959015, -0.191842, 0.097819, 0.174719, 0.979747),
      ["RightUpperLeg"] = CFrame.new(0.229196, -0.088256, -0.261683, 0.954080, -0.262829, -0.143709, 0.280946, 0.951564, 0.124879, 0.103926, -0.159519, 0.981709),
      ["рҹҢ§пёҸрҹҳірҹ‘»рҹҸіпёҸвҖҚрҹҢҲрҹҳӮрҹ’һрҹҸҙвҖҚвҳ пёҸрҹҺёрҹҢ§пёҸрҹҳірҹ‘»рҹҸіпёҸвҖҚрҹҢҲрҹҳӮрҹ’һрҹҸҙвҖҚвҳ"] = CFrame.new(-0.000000, -0.000000, 0.000000, 0.945021, -0.248994, 0.211985, 0.246095, 0.968404, 0.040389, -0.215344, 0.014000, 0.976438)
    }},
    { Time = 0.383, Data = {
      ["Head"] = CFrame.new(0.000000, 0.000000, -0.000000, 0.998274, 0.026747, -0.052287, 0.011252, 0.786689, 0.617248, 0.057643, -0.616771, 0.785030),
      ["LeftUpperArm"] = CFrame.new(0.088238, -0.081259, 0.636717, 0.944817, 0.327224, 0.015656, -0.322680, 0.937818, -0.127967, -0.056556, 0.115853, 0.991655),
      ["LeftUpperLeg"] = CFrame.new(-0.380711, 0.026431, 0.084041, 0.964500, -0.252152, 0.078485, 0.093245, 0.047113, -0.994528, 0.247074, 0.966540, 0.068952),
      ["LowerTorso"] = CFrame.new(-0.001283, -1.293187, -0.518675, 0.998211, 0.001282, 0.059783, 0.057473, 0.255395, -0.965127, -0.016506, 0.966836, 0.254864),
      ["RightUpperArm"] = CFrame.new(-0.060247, -0.098261, 0.735591, 0.973123, -0.222974, -0.057567, 0.208484, 0.959194, -0.191002, 0.097806, 0.173867, 0.979900),
      ["RightUpperLeg"] = CFrame.new(0.229361, -0.088844, -0.261601, 0.953963, -0.263061, -0.144061, 0.281354, 0.951294, 0.126014, 0.103895, -0.160745, 0.981513),
      ["рҹҢ§пёҸрҹҳірҹ‘»рҹҸіпёҸвҖҚрҹҢҲрҹҳӮрҹ’һрҹҸҙвҖҚвҳ пёҸрҹҺёрҹҢ§пёҸрҹҳірҹ‘»рҹҸіпёҸвҖҚрҹҢҲрҹҳӮрҹ’һрҹҸҙвҖҚвҳ"] = CFrame.new(-0.000000, -0.000000, 0.000000, 0.945556, -0.251744, 0.206272, 0.249033, 0.967692, 0.039443, -0.209538, 0.014073, 0.977699)
    }},
    { Time = 0.400, Data = {
      ["Head"] = CFrame.new(-0.000000, -0.000000, 0.000000, 0.998275, 0.026428, -0.052422, 0.011244, 0.790339, 0.612567, 0.057620, -0.612100, 0.788678),
      ["LeftUpperArm"] = CFrame.new(0.088205, -0.081172, 0.635903, 0.944842, 0.327140, 0.015875, -0.322614, 0.937942, -0.127219, -0.056508, 0.115080, 0.991748),
      ["LeftUpperLeg"] = CFrame.new(-0.380917, 0.026445, 0.084836, 0.964089, -0.253883, 0.077952, 0.093272, 0.048858, -0.994441, 0.248663, 0.966000, 0.070784),
      ["LowerTorso"] = CFrame.new(-0.001362, -1.292345, -0.518301, 0.998206, 0.001361, 0.059851, 0.057533, 0.254552, -0.965346, -0.016549, 0.967058, 0.254017),
      ["RightUpperArm"] = CFrame.new(-0.060213, -0.098138, 0.734862, 0.973116, -0.222959, -0.057739, 0.208514, 0.959337, -0.190250, 0.097809, 0.173096, 0.980036),
      ["RightUpperLeg"] = CFrame.new(0.229509, -0.089382, -0.261496, 0.953857, -0.263312, -0.144306, 0.281748, 0.951047, 0.126992, 0.103804, -0.161790, 0.981351),
      ["рҹҢ§пёҸрҹҳірҹ‘»рҹҸіпёҸвҖҚрҹҢҲрҹҳӮрҹ’һрҹҸҙвҖҚвҳ пёҸрҹҺёрҹҢ§пёҸрҹҳірҹ‘»рҹҸіпёҸвҖҚрҹҢҲрҹҳӮрҹ’һрҹҸҙвҖҚвҳ"] = CFrame.new(-0.000000, -0.000000, 0.000000, 0.946111, -0.254658, 0.200059, 0.252152, 0.966928, 0.038347, -0.203208, 0.014165, 0.979033)
    }},
    { Time = 0.417, Data = {
      ["Head"] = CFrame.new(0.000000, 0.000000, -0.000000, 0.998272, 0.026125, -0.052643, 0.011251, 0.794234, 0.607507, 0.057682, -0.607050, 0.792568),
      ["LeftUpperArm"] = CFrame.new(0.088174, -0.081098, 0.635215, 0.944868, 0.327058, 0.016066, -0.322543, 0.938045, -0.126640, -0.056489, 0.114476, 0.991819),
      ["LeftUpperLeg"] = CFrame.new(-0.381088, 0.026480, 0.085482, 0.963747, -0.255314, 0.077498, 0.093344, 0.050525, -0.994351, 0.249956, 0.965537, 0.072525),
      ["LowerTorso"] = CFrame.new(-0.001381, -1.291712, -0.517951, 0.998206, 0.001381, 0.059850, 0.057539, 0.253920, -0.965512, -0.016530, 0.967224, 0.253385),
      ["RightUpperArm"] = CFrame.new(-0.060184, -0.098036, 0.734249, 0.973110, -0.222949, -0.057893, 0.208535, 0.959448, -0.189666, 0.097831, 0.172494, 0.980140),
      ["RightUpperLeg"] = CFrame.new(0.229632, -0.089830, -0.261409, 0.953774, -0.263485, -0.144535, 0.282054, 0.950836, 0.127891, 0.103732, -0.162746, 0.981200),
      ["рҹҢ§пёҸрҹҳірҹ‘»рҹҸіпёҸвҖҚрҹҢҲрҹҳӮрҹ’һрҹҸҙвҖҚвҳ пёҸрҹҺёрҹҢ§пёҸрҹҳірҹ‘»рҹҸіпёҸвҖҚрҹҢҲрҹҳӮрҹ’һрҹҸҙвҖҚвҳ"] = CFrame.new(-0.000000, -0.000000, 0.000000, 0.946633, -0.257827, 0.193418, 0.255524, 0.966087, 0.037201, -0.196450, 0.014207, 0.980411)
    }},
    { Time = 0.433, Data = {
      ["Head"] = CFrame.new(0.000000, 0.000000, -0.000000, 0.998273, 0.025781, -0.052787, 0.011218, 0.798368, 0.602066, 0.057665, -0.601618, 0.796700),
      ["LeftUpperArm"] = CFrame.new(0.088166, -0.081043, 0.634638, 0.944865, 0.327059, 0.016237, -0.322552, 0.938108, -0.126146, -0.056489, 0.113954, 0.991879),
      ["LeftUpperLeg"] = CFrame.new(-0.381238, 0.026524, 0.086046, 0.963446, -0.256554, 0.077152, 0.093430, 0.051859, -0.994274, 0.251084, 0.965138, 0.073933),
      ["LowerTorso"] = CFrame.new(-0.001401, -1.291080, -0.517687, 0.998206, 0.001400, 0.059850, 0.057544, 0.253287, -0.965678, -0.016511, 0.967390, 0.252752),
      ["RightUpperArm"] = CFrame.new(-0.060137, -0.097941, 0.733713, 0.973122, -0.222854, -0.058054, 0.208473, 0.959577, -0.189080, 0.097845, 0.171896, 0.980244),
      ["RightUpperLeg"] = CFrame.new(0.229729, -0.090182, -0.261345, 0.953716, -0.263588, -0.144735, 0.282267, 0.950674, 0.128627, 0.103691, -0.163528, 0.981074),
      ["рҹҢ§пёҸрҹҳірҹ‘»рҹҸіпёҸвҖҚрҹҢҲрҹҳӮрҹ’һрҹҸҙвҖҚвҳ пёҸрҹҺёрҹҢ§пёҸрҹҳірҹ‘»рҹҸіпёҸвҖҚрҹҢҲрҹҳӮрҹ’һрҹҸҙвҖҚвҳ"] = CFrame.new(-0.000000, -0.000000, 0.000000, 0.947129, -0.261244, 0.186274, 0.259158, 0.965167, 0.035903, -0.189165, 0.014269, 0.981842)
    }},
    { Time = 0.450, Data = {
      ["Head"] = CFrame.new(-0.000000, 0.000000, 0.000000, 0.998275, 0.025348, -0.052959, 0.011259, 0.802622, 0.596381, 0.057623, -0.595949, 0.800952),
      ["LeftUpperArm"] = CFrame.new(0.088139, -0.080990, 0.634175, 0.944890, 0.326978, 0.016399, -0.322477, 0.938189, -0.125736, -0.056499, 0.113518, 0.991928),
      ["LeftUpperLeg"] = CFrame.new(-0.381359, 0.026544, 0.086499, 0.963205, -0.257543, 0.076857, 0.093471, 0.052882, -0.994217, 0.251989, 0.964819, 0.075009),
      ["LowerTorso"] = CFrame.new(-0.001482, -1.290662, -0.517457, 0.998209, 0.001482, 0.059797, 0.057479, 0.252868, -0.965792, -0.016552, 0.967500, 0.252330),
      ["RightUpperArm"] = CFrame.new(-0.060117, -0.097872, 0.733302, 0.973122, -0.222842, -0.058103, 0.208494, 0.959656, -0.188657, 0.097800, 0.171472, 0.980323),
      ["RightUpperLeg"] = CFrame.new(0.229813, -0.090479, -0.261304, 0.953657, -0.263703, -0.144911, 0.282472, 0.950536, 0.129194, 0.103675, -0.164140, 0.980974),
      ["рҹҢ§пёҸрҹҳірҹ‘»рҹҸіпёҸвҖҚрҹҢҲрҹҳӮрҹ’һрҹҸҙвҖҚвҳ пёҸрҹҺёрҹҢ§пёҸрҹҳірҹ‘»рҹҸіпёҸвҖҚрҹҢҲрҹҳӮрҹ’һрҹҸҙвҖҚвҳ"] = CFrame.new(-0.000000, -0.000000, 0.000000, 0.947614, -0.264741, 0.178715, 0.262882, 0.964213, 0.034444, -0.181438, 0.014341, 0.983298)
    }},
    { Time = 0.467, Data = {
      ["Head"] = CFrame.new(0.000000, 0.000000, -0.000000, 0.998271, 0.025015, -0.053188, 0.011237, 0.806992, 0.590455, 0.057693, -0.590032, 0.805316),
      ["LeftUpperArm"] = CFrame.new(0.088135, -0.080957, 0.633832, 0.944887, 0.326980, 0.016542, -0.322481, 0.938231, -0.125412, -0.056527, 0.113166, 0.991967),
      ["LeftUpperLeg"] = CFrame.new(-0.381442, 0.026570, 0.086809, 0.963038, -0.258224, 0.076674, 0.093523, 0.053596, -0.994173, 0.252610, 0.964597, 0.075765),
      ["LowerTorso"] = CFrame.new(-0.001492, -1.290344, -0.517295, 0.998209, 0.001491, 0.059796, 0.057482, 0.252552, -0.965874, -0.016542, 0.967582, 0.252014),
      ["RightUpperArm"] = CFrame.new(-0.060104, -0.097825, 0.733017, 0.973115, -0.222842, -0.058217, 0.208498, 0.959703, -0.188412, 0.097857, 0.171209, 0.980363),
      ["RightUpperLeg"] = CFrame.new(0.229881, -0.090717, -0.261283, 0.953598, -0.263831, -0.145065, 0.282667, 0.950424, 0.129592, 0.103683, -0.164584, 0.980899),
      ["рҹҢ§пёҸрҹҳірҹ‘»рҹҸіпёҸвҖҚрҹҢҲрҹҳӮрҹ’һрҹҸҙвҖҚвҳ пёҸрҹҺёрҹҢ§пёҸрҹҳірҹ‘»рҹҸіпёҸвҖҚрҹҢҲрҹҳӮрҹ’һрҹҸҙвҖҚвҳ"] = CFrame.new(-0.000000, -0.000000, 0.000000, 0.948010, -0.268416, 0.170970, 0.266758, 0.963197, 0.033034, -0.173545, 0.014292, 0.984722)
    }},
    { Time = 0.483, Data = {
      ["Head"] = CFrame.new(0.000000, -0.000000, 0.000000, 0.998273, 0.024568, -0.053361, 0.011266, 0.811419, 0.584356, 0.057655, -0.583948, 0.809741),
      ["LeftUpperArm"] = CFrame.new(0.088110, -0.080931, 0.633636, 0.944915, 0.326896, 0.016576, -0.322403, 0.938281, -0.125242, -0.056494, 0.112999, 0.991988),
      ["LeftUpperLeg"] = CFrame.new(-0.381495, 0.026580, 0.087005, 0.962933, -0.258659, 0.076527, 0.093544, 0.054117, -0.994143, 0.253003, 0.964452, 0.076307),
      ["LowerTorso"] = CFrame.new(-0.001498, -1.290133, -0.517201, 0.998209, 0.001498, 0.059796, 0.057484, 0.252341, -0.965930, -0.016536, 0.967637, 0.251803),
      ["RightUpperArm"] = CFrame.new(-0.060094, -0.097792, 0.732820, 0.973115, -0.222834, -0.058247, 0.208511, 0.959750, -0.188158, 0.097830, 0.170955, 0.980410),
      ["RightUpperLeg"] = CFrame.new(0.229917, -0.090850, -0.261247, 0.953574, -0.263895, -0.145106, 0.282764, 0.950361, 0.129840, 0.103639, -0.164842, 0.980860),
      ["рҹҢ§пёҸрҹҳірҹ‘»рҹҸіпёҸвҖҚрҹҢҲрҹҳӮрҹ’һрҹҸҙвҖҚвҳ пёҸрҹҺёрҹҢ§пёҸрҹҳірҹ‘»рҹҸіпёҸвҖҚрҹҢҲрҹҳӮрҹ’һрҹҸҙвҖҚвҳ"] = CFrame.new(-0.000000, -0.000000, 0.000000, 0.948332, -0.272169, 0.163065, 0.270718, 0.962143, 0.031491, -0.165462, 0.014281, 0.986113)
    }},
    { Time = 0.500, Data = {
      ["Head"] = CFrame.new(0.000000, 0.000000, -0.000000, 0.998274, 0.024201, -0.053507, 0.011211, 0.815847, 0.578159, 0.057645, -0.577761, 0.814168),
      ["LeftUpperArm"] = CFrame.new(0.088109, -0.080926, 0.633585, 0.944915, 0.326896, 0.016576, -0.322403, 0.938281, -0.125242, -0.056494, 0.112999, 0.991988),
      ["LeftUpperLeg"] = CFrame.new(-0.381511, 0.026588, 0.087062, 0.962901, -0.258781, 0.076508, 0.093560, 0.054213, -0.994137, 0.253116, 0.964413, 0.076413),
      ["LowerTorso"] = CFrame.new(-0.001502, -1.290028, -0.517179, 0.998209, 0.001501, 0.059796, 0.057485, 0.252235, -0.965957, -0.016533, 0.967665, 0.251698),
      ["RightUpperArm"] = CFrame.new(-0.060092, -0.097785, 0.732776, 0.973115, -0.222834, -0.058247, 0.208511, 0.959750, -0.188158, 0.097830, 0.170955, 0.980410),
      ["RightUpperLeg"] = CFrame.new(0.229925, -0.090881, -0.261235, 0.953574, -0.263889, -0.145117, 0.282768, 0.950348, 0.129924, 0.103626, -0.164927, 0.980847),
      ["рҹҢ§пёҸрҹҳірҹ‘»рҹҸіпёҸвҖҚрҹҢҲрҹҳӮрҹ’һрҹҸҙвҖҚвҳ пёҸрҹҺёрҹҢ§пёҸрҹҳірҹ‘»рҹҸіпёҸвҖҚрҹҢҲрҹҳӮрҹ’һрҹҸҙвҖҚвҳ"] = CFrame.new(-0.000000, -0.000000, 0.000000, 0.948587, -0.275924, 0.155073, 0.274668, 0.961074, 0.029904, -0.157288, 0.014227, 0.987450)
    }},
    { Time = 0.517, Data = {
      ["Head"] = CFrame.new(-0.000000, -0.000000, 0.000000, 0.998271, 0.023776, -0.053759, 0.011264, 0.820223, 0.571933, 0.057692, -0.571550, 0.818537),
      ["LeftUpperArm"] = CFrame.new(0.088110, -0.080931, 0.633636, 0.944915, 0.326896, 0.016576, -0.322403, 0.938281, -0.125242, -0.056494, 0.112999, 0.991988),
      ["LeftUpperLeg"] = CFrame.new(-0.381495, 0.026580, 0.087006, 0.962933, -0.258659, 0.076527, 0.093544, 0.054117, -0.994143, 0.253003, 0.964452, 0.076307),
      ["LowerTorso"] = CFrame.new(-0.001498, -1.290133, -0.517201, 0.998209, 0.001498, 0.059796, 0.057484, 0.252341, -0.965930, -0.016536, 0.967637, 0.251803),
      ["RightUpperArm"] = CFrame.new(-0.060094, -0.097792, 0.732820, 0.973115, -0.222834, -0.058247, 0.208511, 0.959750, -0.188158, 0.097830, 0.170955, 0.980410),
      ["RightUpperLeg"] = CFrame.new(0.229917, -0.090850, -0.261247, 0.953574, -0.263895, -0.145106, 0.282764, 0.950361, 0.129840, 0.103639, -0.164842, 0.980860),
      ["рҹҢ§пёҸрҹҳірҹ‘»рҹҸіпёҸвҖҚрҹҢҲрҹҳӮрҹ’һрҹҸҙвҖҚвҳ пёҸрҹҺёрҹҢ§пёҸрҹҳірҹ‘»рҹҸіпёҸвҖҚрҹҢҲрҹҳӮрҹ’һрҹҸҙвҖҚвҳ"] = CFrame.new(-0.000000, -0.000000, 0.000000, 0.948773, -0.279681, 0.146995, 0.278607, 0.959989, 0.028273, -0.149021, 0.014129, 0.988733)
    }},
    { Time = 0.533, Data = {
