return {
  ["Astros fingering"] = {
    { Time = 0.000, Data = {
      ["Head"] = CFrame.new(0.000000, -0.103128, -0.039456, 1.000000, 0.000000, 0.000000, 0.000000, 0.800911, -0.598784, 0.000000, 0.598784, 0.800911),
      ["LeftUpperArm"] = CFrame.new(-0.009814, -0.513706, -0.172791, 0.768684, -0.597642, -0.227923, 0.600663, 0.796944, -0.063912, 0.219838, -0.087777, 0.971579),
      ["LeftUpperLeg"] = CFrame.new(-0.114759, 0.021462, 0.105177, 0.931903, 0.118696, 0.342737, -0.072109, 0.986705, -0.145648, -0.355468, 0.111015, 0.928072),
      ["LowerTorso"] = CFrame.new(0.000001, -1.439426, -1.544171, 1.000000, 0.000000, 0.000000, 0.000000, 0.203425, -0.979091, 0.000000, 0.979091, 0.203425),
      ["RightUpperArm"] = CFrame.new(-0.124488, -0.169847, 0.138824, 0.965574, -0.235109, -0.111317, 0.234357, 0.971945, -0.019977, 0.112891, -0.006799, 0.993584),
      ["RightUpperLeg"] = CFrame.new(0.150228, 0.022406, -0.234385, 0.931906, -0.043116, -0.360129, 0.125078, 0.970204, 0.207508, 0.340451, -0.238422, 0.909532),
      ["­¤ī¦’ĖÅ­¤ś│­¤æ╗­¤Å│’ĖÅŌĆŹ­¤īł­¤śé­¤Æ×­¤Å┤ŌĆŹŌśĀ’ĖÅ­¤ÄĖ­¤ī¦’ĖÅ­¤ś│­¤æ╗­¤Å│’ĖÅŌĆŹ­¤īł­¤śé­¤Æ×­¤Å┤ŌĆŹŌś"] = CFrame.new(0.040630, -0.049872, -0.000522, 0.990088, -0.136454, 0.033267, 0.137660, 0.989783, -0.037152, -0.027858, 0.041363, 0.998756)
    }},
    { Time = 0.008, Data = {
      ["Head"] = CFrame.new(-0.000000, -0.103128, -0.039456, 1.000000, 0.000000, 0.000000, 0.000000, 0.800911, -0.598784, 0.000000, 0.598784, 0.800911),
      ["LeftUpperArm"] = CFrame.new(-0.009752, -0.513751, -0.172802, 0.768678, -0.597558, -0.228165, 0.600582, 0.796999, -0.063984, 0.220082, -0.087849, 0.971518),
      ["LeftUpperLeg"] = CFrame.new(-0.114759, 0.021470, 0.105175, 0.931903, 0.118711, 0.342732, -0.072093, 0.986694, -0.145732, -0.355472, 0.111100, 0.928061),
      ["LowerTorso"] = CFrame.new(0.000001, -1.439441, -1.544171, 1.000000, 0.000000, 0.000000, 0.000000, 0.203425, -0.979091, 0.000000, 0.979091, 0.203425),
      ["RightUpperArm"] = CFrame.new(-0.124490, -0.169843, 0.138832, 0.965574, -0.235114, -0.111307, 0.234353, 0.971945, -0.020063, 0.112901, -0.006713, 0.993584),
      ["RightUpperLeg"] = CFrame.new(0.150224, 0.022455, -0.234394, 0.931913, -0.043047, -0.360117, 0.124978, 0.970231, 0.207441, 0.340467, -0.238324, 0.909551)
    }},
    { Time = 0.017, Data = {
      ["Head"] = CFrame.new(-0.000000, -0.103128, -0.039456, 1.000000, 0.000000, 0.000000, 0.000000, 0.800856, -0.598857, 0.000000, 0.598857, 0.800856),
      ["LeftUpperArm"] = CFrame.new(-0.009543, -0.513872, -0.172854, 0.768712, -0.597223, -0.228923, 0.600278, 0.797218, -0.064109, 0.220789, -0.088137, 0.971331),
      ["LeftUpperLeg"] = CFrame.new(-0.114759, 0.021477, 0.105174, 0.931903, 0.118726, 0.342727, -0.072078, 0.986682, -0.145817, -0.355475, 0.111184, 0.928050),
      ["LowerTorso"] = CFrame.new(0.000001, -1.439593, -1.544148, 1.000000, 0.000000, 0.000000, 0.000000, 0.203534, -0.979068, 0.000000, 0.979068, 0.203534),
      ["RightUpperArm"] = CFrame.new(-0.124490, -0.169833, 0.138788, 0.965564, -0.235114, -0.111392, 0.234352, 0.971945, -0.020073, 0.112986, -0.006723, 0.993574),
      ["RightUpperLeg"] = CFrame.new(0.150225, 0.022463, -0.234396, 0.931913, -0.043063, -0.360116, 0.124963, 0.970251, 0.207358, 0.340473, -0.238241, 0.909571)
    }},
    { Time = 0.025, Data = {
      ["Head"] = CFrame.new(-0.000000, -0.103128, -0.039456, 1.000000, 0.000000, 0.000000, 0.000000, 0.800802, -0.598929, 0.000000, 0.598929, 0.800802),
      ["LeftUpperArm"] = CFrame.new(-0.009225, -0.514097, -0.172953, 0.768676, -0.596782, -0.230191, 0.599895, 0.797490, -0.064307, 0.221952, -0.088659, 0.971018),
      ["LeftUpperLeg"] = CFrame.new(-0.114759, 0.021493, 0.105170, 0.931903, 0.118756, 0.342716, -0.072046, 0.986660, -0.145985, -0.355481, 0.111352, 0.928027),
      ["LowerTorso"] = CFrame.new(0.000001, -1.439772, -1.544126, 1.000000, 0.000000, 0.000000, 0.000000, 0.203643, -0.979045, 0.000000, 0.979045, 0.203643),
      ["RightUpperArm"] = CFrame.new(-0.124491, -0.169816, 0.138742, 0.965564, -0.235118, -0.111382, 0.234347, 0.971944, -0.020158, 0.112996, -0.006638, 0.993573),
      ["RightUpperLeg"] = CFrame.new(0.150225, 0.022478, -0.234402, 0.931913, -0.043095, -0.360112, 0.124933, 0.970290, 0.207192, 0.340484, -0.238075, 0.909610)
    }},
    { Time = 0.033, Data = {
      ["Head"] = CFrame.new(-0.000000, -0.103128, -0.039456, 1.000000, 0.000000, 0.000000, 0.000000, 0.800747, -0.599002, 0.000000, 0.599002, 0.800747),
      ["LeftUpperArm"] = CFrame.new(-0.008762, -0.514398, -0.173071, 0.768678, -0.596100, -0.231946, 0.599278, 0.797927, -0.064638, 0.223606, -0.089315, 0.970579),
      ["LeftUpperLeg"] = CFrame.new(-0.114755, 0.021551, 0.105170, 0.931911, 0.118702, 0.342712, -0.071931, 0.986646, -0.146139, -0.355482, 0.111537, 0.928004),
      ["LowerTorso"] = CFrame.new(0.000001, -1.439980, -1.544103, 1.000000, 0.000000, 0.000000, 0.000000, 0.203752, -0.979023, 0.000000, 0.979023, 0.203752),
      ["RightUpperArm"] = CFrame.new(-0.124470, -0.169788, 0.138669, 0.965584, -0.235039, -0.111372, 0.234257, 0.971964, -0.020239, 0.113007, -0.006547, 0.993573),
      ["RightUpperLeg"] = CFrame.new(0.150221, 0.022535, -0.234413, 0.931921, -0.043043, -0.360099, 0.124819, 0.970337, 0.207042, 0.340506, -0.237894, 0.909650)
    }},
    { Time = 0.042, Data = {
      ["Head"] = CFrame.new(-0.000000, -0.103128, -0.039456, 1.000000, 0.000000, 0.000000, 0.000000, 0.800638, -0.599148, 0.000000, 0.599148, 0.800638),
      ["LeftUpperArm"] = CFrame.new(-0.008175, -0.514788, -0.173211, 0.768659, -0.595248, -0.234185, 0.598499, 0.798473, -0.065110, 0.225747, -0.090112, 0.970009),
      ["LeftUpperLeg"] = CFrame.new(-0.114751, 0.021625, 0.105166, 0.931919, 0.118677, 0.342698, -0.071784, 0.986609, -0.146461, -0.355490, 0.111889, 0.927959),
      ["LowerTorso"] = CFrame.new(0.000001, -1.440217, -1.544080, 1.000000, 0.000000, 0.000000, 0.000000, 0.203861, -0.979000, 0.000000, 0.979000, 0.203861),
      ["RightUpperArm"] = CFrame.new(-0.124471, -0.169757, 0.138567, 0.965584, -0.235044, -0.111362, 0.234253, 0.971963, -0.020325, 0.113017, -0.006462, 0.993572),
      ["RightUpperLeg"] = CFrame.new(0.150236, 0.022561, -0.234465, 0.931890, -0.043096, -0.360173, 0.124768, 0.970416, 0.206704, 0.340609, -0.237563, 0.909697)
    }},
    { Time = 0.050, Data = {
      ["Head"] = CFrame.new(-0.000000, -0.103128, -0.039456, 1.000000, 0.000000, 0.000000, 0.000000, 0.800529, -0.599294, 0.000000, 0.599294, 0.800529),
      ["LeftUpperArm"] = CFrame.new(-0.007460, -0.515270, -0.173387, 0.768637, -0.594219, -0.236856, 0.597571, 0.799127, -0.065615, 0.228268, -0.091104, 0.969326),
      ["LeftUpperLeg"] = CFrame.new(-0.114766, 0.021659, 0.105118, 0.931889, 0.118743, 0.342759, -0.071715, 0.986563, -0.146801, -0.355585, 0.112221, 0.927882),
      ["LowerTorso"] = CFrame.new(0.000001, -1.440590, -1.544035, 1.000000, 0.000000, 0.000000, 0.000000, 0.204078, -0.978955, 0.000000, 0.978955, 0.204078),
      ["RightUpperArm"] = CFrame.new(-0.124474, -0.169720, 0.138460, 0.965584, -0.235053, -0.111342, 0.234243, 0.971962, -0.020496, 0.113037, -0.006290, 0.993571),
      ["RightUpperLeg"] = CFrame.new(0.150233, 0.022633, -0.234481, 0.931897, -0.043076, -0.360156, 0.124624, 0.970502, 0.206387, 0.340642, -0.237215, 0.909776)
    }},
    { Time = 0.058, Data = {
      ["Head"] = CFrame.new(-0.000000, -0.103128, -0.039456, 1.000000, 0.000000, 0.000000, 0.000000, 0.800420, -0.599439, 0.000000, 0.599439, 0.800420),
      ["LeftUpperArm"] = CFrame.new(-0.006597, -0.515827, -0.173609, 0.768618, -0.592932, -0.240121, 0.596416, 0.799942, -0.066195, 0.231332, -0.092333, 0.968483),
      ["LeftUpperLeg"] = CFrame.new(-0.114762, 0.021740, 0.105113, 0.931897, 0.118734, 0.342739, -0.071552, 0.986514, -0.147207, -0.355595, 0.112658, 0.927825),
      ["LowerTorso"] = CFrame.new(0.000001, -1.440992, -1.543990, 1.000000, 0.000000, 0.000000, 0.000000, 0.204296, -0.978909, 0.000000, 0.978909, 0.204296),
      ["RightUpperArm"] = CFrame.new(-0.124476, -0.169677, 0.138326, 0.965584, -0.235063, -0.111321, 0.234233, 0.971961, -0.020667, 0.113058, -0.006119, 0.993570),
      ["RightUpperLeg"] = CFrame.new(0.150229, 0.022712, -0.234500, 0.931905, -0.043071, -0.360137, 0.124464, 0.970607, 0.205987, 0.340680, -0.236785, 0.909874)
    }},
    { Time = 0.067, Data = {
      ["Head"] = CFrame.new(-0.000000, -0.103128, -0.039456, 1.000000, 0.000000, 0.000000, 0.000000, 0.800257, -0.599658, 0.000000, 0.599658, 0.800257),
      ["LeftUpperArm"] = CFrame.new(-0.005606, -0.516476, -0.173852, 0.768564, -0.591471, -0.243868, 0.595097, 0.800864, -0.066912, 0.234882, -0.093699, 0.967497),
      ["LeftUpperLeg"] = CFrame.new(-0.114758, 0.021822, 0.105108, 0.931905, 0.118725, 0.342719, -0.071389, 0.986465, -0.147613, -0.355606, 0.113095, 0.927768),
      ["LowerTorso"] = CFrame.new(0.000001, -1.441423, -1.543944, 1.000000, 0.000000, 0.000000, 0.000000, 0.204514, -0.978864, 0.000000, 0.978864, 0.204514),
      ["RightUpperArm"] = CFrame.new(-0.124480, -0.169627, 0.138184, 0.965574, -0.235077, -0.111376, 0.234217, 0.971959, -0.020934, 0.113174, -0.005873, 0.993558),
      ["RightUpperLeg"] = CFrame.new(0.150225, 0.022792, -0.234519, 0.931912, -0.043067, -0.360119, 0.124305, 0.970712, 0.205587, 0.340718, -0.236354, 0.909972)
    }},
    { Time = 0.075, Data = {
      ["Head"] = CFrame.new(-0.000000, -0.103128, -0.039457, 1.000000, 0.000000, 0.000000, 0.000000, 0.800093, -0.599876, 0.000000, 0.599876, 0.800093),
      ["LeftUpperArm"] = CFrame.new(-0.004488, -0.517215, -0.174130, 0.768489, -0.589829, -0.248046, 0.593628, 0.801891, -0.067656, 0.238811, -0.095254, 0.966383),
      ["LeftUpperLeg"] = CFrame.new(-0.114753, 0.021919, 0.105099, 0.931914, 0.118746, 0.342689, -0.071195, 0.986393, -0.148188, -0.355623, 0.113701, 0.927688),
      ["LowerTorso"] = CFrame.new(0.000001, -1.441881, -1.543899, 1.000000, 0.000000, 0.000000, 0.000000, 0.204732, -0.978818, 0.000000, 0.978818, 0.204732),
      ["RightUpperArm"] = CFrame.new(-0.124482, -0.169570, 0.137994, 0.965574, -0.235087, -0.111355, 0.234207, 0.971958, -0.021105, 0.113194, -0.005702, 0.993557),
      ["RightUpperLeg"] = CFrame.new(0.150237, 0.022883, -0.234584, 0.931888, -0.043083, -0.360178, 0.124124, 0.970856, 0.205016, 0.340848, -0.235759, 0.910077)
    }},
    { Time = 0.083, Data = {
      ["Head"] = CFrame.new(-0.000000, -0.103128, -0.039457, 1.000000, 0.000000, 0.000000, 0.000000, 0.799929, -0.600095, 0.000000, 0.600095, 0.799929),
      ["LeftUpperArm"] = CFrame.new(-0.003241, -0.518045, -0.174433, 0.768342, -0.588005, -0.252784, 0.591990, 0.803024, -0.068560, 0.243305, -0.096968, 0.965091),
      ["LeftUpperLeg"] = CFrame.new(-0.114760, 0.022062, 0.105052, 0.931900, 0.118688, 0.342748, -0.070910, 0.986329, -0.148751, -0.355717, 0.114316, 0.927576),
      ["LowerTorso"] = CFrame.new(0.000001, -1.442477, -1.543831, 1.000000, 0.000000, 0.000000, 0.000000, 0.205059, -0.978750, 0.000000, 0.978750, 0.205059),
      ["RightUpperArm"] = CFrame.new(-0.124486, -0.169506, 0.137799, 0.965574, -0.235102, -0.111325, 0.234193, 0.971956, -0.021362, 0.113225, -0.005445, 0.993554),
      ["RightUpperLeg"] = CFrame.new(0.150233, 0.022977, -0.234608, 0.931896, -0.043111, -0.360155, 0.123935, 0.971000, 0.204450, 0.340897, -0.235162, 0.910213)
    }},
    { Time = 0.092, Data = {
      ["Head"] = CFrame.new(-0.000000, -0.103128, -0.039457, 1.000000, 0.000000, 0.000000, 0.000000, 0.799711, -0.600386, 0.000000, 0.600386, 0.799711),
      ["LeftUpperArm"] = CFrame.new(-0.001845, -0.518953, -0.174767, 0.768214, -0.585925, -0.257953, 0.590130, 0.804313, -0.069474, 0.248181, -0.098855, 0.963657),
      ["LeftUpperLeg"] = CFrame.new(-0.114756, 0.022166, 0.105042, 0.931908, 0.118724, 0.342712, -0.070700, 0.986245, -0.149409, -0.355737, 0.115006, 0.927483),
      ["LowerTorso"] = CFrame.new(0.000001, -1.443100, -1.543762, 1.000000, 0.000000, 0.000000, 0.000000, 0.205385, -0.978681, 0.000000, 0.978681, 0.205385),
      ["RightUpperArm"] = CFrame.new(-0.124470, -0.169431, 0.137598, 0.965585, -0.235036, -0.111370, 0.234087, 0.971973, -0.021710, 0.113351, -0.005108, 0.993542),
      ["RightUpperLeg"] = CFrame.new(0.150226, 0.023122, -0.234641, 0.931911, -0.043070, -0.360122, 0.123646, 0.971170, 0.203816, 0.340961, -0.234466, 0.910369)
    }},
    { Time = 0.100, Data = {
      ["Head"] = CFrame.new(-0.000000, -0.103128, -0.039457, 1.000000, 0.000000, 0.000000, 0.000000, 0.799437, -0.600750, 0.000000, 0.600750, 0.799437),
      ["LeftUpperArm"] = CFrame.new(-0.000322, -0.519952, -0.175118, 0.768018, -0.583663, -0.263601, 0.588103, 0.805706, -0.070515, 0.253541, -0.100868, 0.962051),
      ["LeftUpperLeg"] = CFrame.new(-0.114763, 0.022317, 0.104994, 0.931894, 0.118681, 0.342766, -0.070400, 0.986168, -0.150056, -0.355833, 0.115706, 0.927359),
      ["LowerTorso"] = CFrame.new(0.000001, -1.443862, -1.543671, 1.000000, 0.000000, 0.000000, 0.000000, 0.205820, -0.978590, 0.000000, 0.978590, 0.205820),
      ["RightUpperArm"] = CFrame.new(-0.124473, -0.169354, 0.137348, 0.965585, -0.235051, -0.111339, 0.234073, 0.971971, -0.021966, 0.113382, -0.004851, 0.993540),
      ["RightUpperLeg"] = CFrame.new(0.150238, 0.023220, -0.234709, 0.931887, -0.043103, -0.360179, 0.123450, 0.971332, 0.203161, 0.341097, -0.233787, 0.910492)
    }},
    { Time = 0.108, Data = {
      ["Head"] = CFrame.new(-0.000000, -0.103128, -0.039457, 1.000000, 0.000000, 0.000000, 0.000000, 0.799219, -0.601041, 0.000000, 0.601041, 0.799219),
      ["LeftUpperArm"] = CFrame.new(0.001354, -0.521030, -0.175511, 0.767774, -0.581131, -0.269836, 0.585845, 0.807253, -0.071612, 0.259442, -0.103100, 0.960240),
      ["LeftUpperLeg"] = CFrame.new(-0.114759, 0.022437, 0.104981, 0.931902, 0.118747, 0.342720, -0.070159, 0.986059, -0.150883, -0.355859, 0.116564, 0.927242),
      ["LowerTorso"] = CFrame.new(0.000001, -1.444542, -1.543602, 1.000000, 0.000000, 0.000000, 0.000000, 0.206147, -0.978521, 0.000000, 0.978521, 0.206147),
      ["RightUpperArm"] = CFrame.new(-0.124478, -0.169270, 0.137091, 0.965575, -0.235070, -0.111384, 0.234052, 0.971968, -0.022319, 0.113508, -0.004519, 0.993527),
      ["RightUpperLeg"] = CFrame.new(0.150230, 0.023379, -0.234746, 0.931902, -0.043094, -0.360142, 0.123131, 0.971539, 0.202361, 0.341172, -0.232925, 0.910685)
    }},
    { Time = 0.117, Data = {
      ["Head"] = CFrame.new(-0.000000, -0.103128, -0.039457, 1.000000, 0.000000, 0.000000, 0.000000, 0.798945, -0.601404, 0.000000, 0.601404, 0.798945),
      ["LeftUpperArm"] = CFrame.new(0.003162, -0.522201, -0.175935, 0.767463, -0.578404, -0.276494, 0.583433, 0.808899, -0.072722, 0.265718, -0.105505, 0.958260),
      ["LeftUpperLeg"] = CFrame.new(-0.114766, 0.022604, 0.104930, 0.931888, 0.118734, 0.342763, -0.069826, 0.985957, -0.151699, -0.355962, 0.117432, 0.927093),
      ["LowerTorso"] = CFrame.new(0.000001, -1.445359, -1.543510, 1.000000, 0.000000, 0.000000, 0.000000, 0.206582, -0.978429, 0.000000, 0.978429, 0.206582),
      ["RightUpperArm"] = CFrame.new(-0.124485, -0.169180, 0.136830, 0.965575, -0.235094, -0.111332, 0.234027, 0.971964, -0.022747, 0.113559, -0.004091, 0.993523),
      ["RightUpperLeg"] = CFrame.new(0.150223, 0.023539, -0.234784, 0.931916, -0.043085, -0.360105, 0.122812, 0.971746, 0.201561, 0.341247, -0.232063, 0.910877)
    }},
    { Time = 0.125, Data = {
      ["Head"] = CFrame.new(-0.000000, -0.103128, -0.039457, 1.000000, 0.000000, 0.000000, 0.000000, 0.798616, -0.601840, 0.000000, 0.601840, 0.798616),
      ["LeftUpperArm"] = CFrame.new(0.005100, -0.523464, -0.176372, 0.767051, -0.575490, -0.283627, 0.580853, 0.810643, -0.073947, 0.272476, -0.108024, 0.956079),
      ["LeftUpperLeg"] = CFrame.new(-0.114758, 0.022775, 0.104918, 0.931905, 0.118732, 0.342719, -0.069485, 0.985843, -0.152595, -0.355985, 0.118390, 0.926962),
      ["LowerTorso"] = CFrame.new(0.000001, -1.446314, -1.543396, 1.000000, 0.000000, 0.000000, 0.000000, 0.207125, -0.978314, 0.000000, 0.978314, 0.207125),
      ["RightUpperArm"] = CFrame.new(-0.124490, -0.169083, 0.136517, 0.965566, -0.235114, -0.111377, 0.234006, 0.971961, -0.023099, 0.113685, -0.003759, 0.993510),
      ["RightUpperLeg"] = CFrame.new(0.150231, 0.023701, -0.234865, 0.931900, -0.043081, -0.360148, 0.122487, 0.971971, 0.200672, 0.341408, -0.231120, 0.911057)
    }},
    { Time = 0.133, Data = {
      ["Head"] = CFrame.new(-0.000000, -0.103128, -0.039457, 1.000000, 0.000000, 0.000000, 0.000000, 0.798342, -0.602204, 0.000000, 0.602204, 0.798342),
      ["LeftUpperArm"] = CFrame.new(0.007041, -0.524730, -0.176805, 0.766575, -0.572561, -0.290751, 0.578268, 0.812378, -0.075152, 0.279229, -0.110522, 0.953843),
      ["LeftUpperLeg"] = CFrame.new(-0.114765, 0.022949, 0.104866, 0.931891, 0.118734, 0.342757, -0.069137, 0.985728, -0.153494, -0.356090, 0.119342, 0.926800),
      ["LowerTorso"] = CFrame.new(0.000001, -1.447188, -1.543304, 1.000000, 0.000000, 0.000000, 0.000000, 0.207560, -0.978223, 0.000000, 0.978223, 0.207560),
      ["RightUpperArm"] = CFrame.new(-0.124474, -0.168974, 0.136203, 0.965586, -0.235054, -0.111327, 0.233897, 0.971977, -0.023522, 0.113736, -0.003326, 0.993505),
      ["RightUpperLeg"] = CFrame.new(0.150224, 0.023868, -0.234905, 0.931915, -0.043088, -0.360109, 0.122152, 0.972195, 0.199788, 0.341488, -0.230174, 0.911266)
    }},
    { Time = 0.142, Data = {
      ["Head"] = CFrame.new(-0.000000, -0.103128, -0.039458, 1.000000, 0.000000, 0.000000, 0.000000, 0.798013, -0.602640, 0.000000, 0.602640, 0.798013),
      ["LeftUpperArm"] = CFrame.new(0.008856, -0.525907, -0.177191, 0.766092, -0.569807, -0.297359, 0.575831, 0.814002, -0.076286, 0.285519, -0.112787, 0.951713),
      ["LeftUpperLeg"] = CFrame.new(-0.114753, 0.023177, 0.104854, 0.931915, 0.118677, 0.342709, -0.068680, 0.985596, -0.154543, -0.356113, 0.120484, 0.926643),
      ["LowerTorso"] = CFrame.new(0.000001, -1.448198, -1.543189, 1.000000, 0.000000, 0.000000, 0.000000, 0.208103, -0.978107, 0.000000, 0.978107, 0.208103),
      ["RightUpperArm"] = CFrame.new(-0.124482, -0.168864, 0.135880, 0.965576, -0.235083, -0.111350, 0.233867, 0.971971, -0.024046, 0.113882, -0.002823, 0.993490),
      ["RightUpperLeg"] = CFrame.new(0.150232, 0.024038, -0.234988, 0.931898, -0.043101, -0.360150, 0.121812, 0.972437, 0.198816, 0.341654, -0.229147, 0.911463)
    }},
    { Time = 0.150, Data = {
      ["Head"] = CFrame.new(-0.000000, -0.103128, -0.039458, 1.000000, 0.000000, 0.000000, 0.000000, 0.797629, -0.603148, 0.000000, 0.603148, 0.797629),
      ["LeftUpperArm"] = CFrame.new(0.010546, -0.526993, -0.177554, 0.765613, -0.567218, -0.303479, 0.573558, 0.815513, -0.077271, 0.291321, -0.114903, 0.949700),
      ["LeftUpperLeg"] = CFrame.new(-0.114760, 0.023367, 0.104799, 0.931901, 0.118709, 0.342737, -0.068301, 0.985454, -0.155610, -0.356224, 0.121604, 0.926454),
      ["LowerTorso"] = CFrame.new(0.000001, -1.449238, -1.543073, 1.000000, 0.000000, 0.000000, 0.000000, 0.208646, -0.977991, 0.000000, 0.977991, 0.208646),
      ["RightUpperArm"] = CFrame.new(-0.124488, -0.168747, 0.135507, 0.965566, -0.235107, -0.111385, 0.233841, 0.971967, -0.024484, 0.114018, -0.002406, 0.993476),
      ["RightUpperLeg"] = CFrame.new(0.150221, 0.024270, -0.235041, 0.931920, -0.043071, -0.360097, 0.121348, 0.972723, 0.197698, 0.341760, -0.227936, 0.911727)
    }},
    { Time = 0.158, Data = {
      ["Head"] = CFrame.new(-0.000000, -0.103128, -0.039458, 1.000000, 0.000000, 0.000000, 0.000000, 0.797244, -0.603657, 0.000000, 0.603657, 0.797244),
      ["LeftUpperArm"] = CFrame.new(0.012109, -0.527991, -0.177873, 0.765150, -0.564810, -0.309086, 0.571434, 0.816914, -0.078193, 0.296662, -0.116793, 0.947814),
      ["LeftUpperLeg"] = CFrame.new(-0.114767, 0.023565, 0.104742, 0.931887, 0.118757, 0.342759, -0.067905, 0.985299, -0.156762, -0.356337, 0.122809, 0.926252),
      ["LowerTorso"] = CFrame.new(0.000001, -1.450414, -1.542934, 1.000000, 0.000000, 0.000000, 0.000000, 0.209298, -0.977852, 0.000000, 0.977852, 0.209298),
      ["RightUpperArm"] = CFrame.new(-0.124473, -0.168619, 0.135133, 0.965587, -0.235051, -0.111324, 0.233727, 0.971981, -0.024992, 0.114079, -0.001887, 0.993470),
      ["RightUpperLeg"] = CFrame.new(0.150229, 0.024448, -0.235127, 0.931903, -0.043099, -0.360137, 0.120992, 0.972981, 0.196642, 0.341931, -0.226825, 0.911939)
    }},
    { Time = 0.167, Data = {
      ["Head"] = CFrame.new(-0.000000, -0.103128, -0.039458, 1.000000, 0.000000, 0.000000, 0.000000, 0.796860, -0.604165, 0.000000, 0.604165, 0.796860),
      ["LeftUpperArm"] = CFrame.new(0.013527, -0.528912, -0.178174, 0.764661, -0.562644, -0.314205, 0.569547, 0.818154, -0.078989, 0.301511, -0.118555, 0.946063),
      ["LeftUpperLeg"] = CFrame.new(-0.114755, 0.023801, 0.104729, 0.931911, 0.118715, 0.342707, -0.067432, 0.985151, -0.157895, -0.356362, 0.124034, 0.926079),
      ["LowerTorso"] = CFrame.new(0.000001, -1.451616, -1.542794, 1.000000, 0.000000, 0.000000, 0.000000, 0.209949, -0.977712, 0.000000, 0.977712, 0.209949),
      ["RightUpperArm"] = CFrame.new(-0.124481, -0.168488, 0.134727, 0.965577, -0.235080, -0.111348, 0.233696, 0.971975, -0.025516, 0.114226, -0.001384, 0.993454),
      ["RightUpperLeg"] = CFrame.new(0.150234, 0.024684, -0.235223, 0.931894, -0.043076, -0.360164, 0.120521, 0.973283, 0.195435, 0.342123, -0.225532, 0.912188)
    }},
    { Time = 0.175, Data = {
      ["Head"] = CFrame.new(-0.000000, -0.103128, -0.039458, 1.000000, 0.000000, 0.000000, 0.000000, 0.796419, -0.604745, 0.000000, 0.604745, 0.796419),
      ["LeftUpperArm"] = CFrame.new(0.014815, -0.529742, -0.178433, 0.764208, -0.560663, -0.318814, 0.567812, 0.819288, -0.079727, 0.305901, -0.120099, 0.944458),
      ["LeftUpperLeg"] = CFrame.new(-0.114758, 0.024057, 0.104673, 0.931905, 0.118709, 0.342726, -0.066921, 0.984976, -0.159199, -0.356475, 0.125423, 0.925848),
      ["LowerTorso"] = CFrame.new(0.000001, -1.452849, -1.542655, 1.000000, 0.000000, 0.000000, 0.000000, 0.210600, -0.977572, 0.000000, 0.977572, 0.210600),
      ["RightUpperArm"] = CFrame.new(-0.124490, -0.168352, 0.134316, 0.965567, -0.235114, -0.111362, 0.233660, 0.971967, -0.026125, 0.114382, -0.000795, 0.993436),
      ["RightUpperLeg"] = CFrame.new(0.150223, 0.024924, -0.235278, 0.931916, -0.043062, -0.360109, 0.120042, 0.973583, 0.194233, 0.342232, -0.224237, 0.912466)
    }},
    { Time = 0.183, Data = {
      ["Head"] = CFrame.new(-0.000000, -0.103128, -0.039458, 1.000000, 0.000000, 0.000000, 0.000000, 0.795978, -0.605325, 0.000000, 0.605325, 0.795978),
      ["LeftUpperArm"] = CFrame.new(0.015978, -0.530481, -0.178678, 0.763770, -0.558851, -0.323020, 0.566240, 0.820314, -0.080356, 0.309884, -0.121533, 0.942975),
      ["LeftUpperLeg"] = CFrame.new(-0.114761, 0.024313, 0.104617, 0.931899, 0.118703, 0.342745, -0.066409, 0.984799, -0.160503, -0.356587, 0.126811, 0.925616),
      ["LowerTorso"] = CFrame.new(0.000001, -1.454108, -1.542514, 1.000000, 0.000000, 0.000000, 0.000000, 0.211250, -0.977432, 0.000000, 0.977432, 0.211250),
      ["RightUpperArm"] = CFrame.new(-0.124477, -0.168204, 0.133878, 0.965578, -0.235064, -0.111377, 0.233539, 0.971980, -0.026729, 0.114539, -0.000201, 0.993419),
      ["RightUpperLeg"] = CFrame.new(0.150228, 0.025166, -0.235376, 0.931906, -0.043054, -0.360135, 0.119556, 0.973899, 0.192942, 0.342428, -0.222860, 0.912730)
    }},
    { Time = 0.192, Data = {
      ["Head"] = CFrame.new(-0.000000, -0.103128, -0.039459, 1.000000, 0.000000, 0.000000, 0.000000, 0.795537, -0.605905, 0.000000, 0.605905, 0.795537),
      ["LeftUpperArm"] = CFrame.new(0.017010, -0.531130, -0.178876, 0.763412, -0.557233, -0.326639, 0.564823, 0.821236, -0.080906, 0.313332, -0.122728, 0.941680),
      ["LeftUpperLeg"] = CFrame.new(-0.114764, 0.024577, 0.104559, 0.931893, 0.118712, 0.342759, -0.065882, 0.984607, -0.161890, -0.356701, 0.128283, 0.925369),
      ["LowerTorso"] = CFrame.new(0.000001, -1.455505, -1.542350, 1.000000, 0.000000, 0.000000, 0.000000, 0.212009, -0.977268, 0.000000, 0.977268, 0.212009),
      ["RightUpperArm"] = CFrame.new(-0.124486, -0.168054, 0.133412, 0.965568, -0.235098, -0.111390, 0.233503, 0.971972, -0.027339, 0.114695, 0.000387, 0.993401),
      ["RightUpperLeg"] = CFrame.new(0.150233, 0.025417, -0.235476, 0.931897, -0.043062, -0.360158, 0.119055, 0.974232, 0.191568, 0.342628, -0.221400, 0.913010)
    }},
    { Time = 0.200, Data = {
      ["Head"] = CFrame.new(-0.000000, -0.103128, -0.039459, 1.000000, 0.000000, 0.000000, 0.000000, 0.795040, -0.606557, 0.000000, 0.606557, 0.795040),
      ["LeftUpperArm"] = CFrame.new(0.017895, -0.531700, -0.179059, 0.763062, -0.555864, -0.329775, 0.563646, 0.822001, -0.081342, 0.316290, -0.123808, 0.940549),
      ["LeftUpperLeg"] = CFrame.new(-0.114767, 0.024841, 0.104502, 0.931886, 0.118721, 0.342774, -0.065355, 0.984413, -0.163278, -0.356815, 0.129754, 0.925120),
      ["LowerTorso"] = CFrame.new(0.000001, -1.456928, -1.542186, 1.000000, 0.000000, 0.000000, 0.000000, 0.212768, -0.977103, 0.000000, 0.977103, 0.212768),
      ["RightUpperArm"] = CFrame.new(-0.124472, -0.167892, 0.132922, 0.965588, -0.235047, -0.111320, 0.233384, 0.971983, -0.027933, 0.114766, 0.000991, 0.993392),
      ["RightUpperLeg"] = CFrame.new(0.150238, 0.025675, -0.235579, 0.931887, -0.043086, -0.360180, 0.118538, 0.974580, 0.190109, 0.342834, -0.219856, 0.913306)
    }},
    { Time = 0.208, Data = {
      ["Head"] = CFrame.new(-0.000000, -0.103128, -0.039459, 1.000000, 0.000000, 0.000000, 0.000000, 0.794542, -0.607209, 0.000000, 0.607209, 0.794542),
      ["LeftUpperArm"] = CFrame.new(0.018650, -0.532179, -0.179210, 0.762746, -0.554683, -0.332484, 0.562619, 0.822664, -0.081755, 0.318870, -0.124703, 0.939559),
      ["LeftUpperLeg"] = CFrame.new(-0.114755, 0.025117, 0.104484, 0.931910, 0.118755, 0.342696, -0.064803, 0.984191, -0.164830, -0.356853, 0.131399, 0.924873),
      ["LowerTorso"] = CFrame.new(0.000001, -1.458381, -1.542020, 1.000000, 0.000000, 0.000000, 0.000000, 0.213526, -0.976937, 0.000000, 0.976937, 0.213526),
      ["RightUpperArm"] = CFrame.new(-0.124483, -0.167729, 0.132423, 0.965578, -0.235086, -0.111323, 0.233343, 0.971973, -0.028627, 0.114933, 0.001666, 0.993372),
      ["RightUpperLeg"] = CFrame.new(0.150227, 0.025937, -0.235641, 0.931909, -0.043120, -0.360121, 0.118013, 0.974927, 0.188656, 0.342957, -0.218309, 0.913631)
    }},
    { Time = 0.217, Data = {
      ["Head"] = CFrame.new(-0.000000, -0.103128, -0.039459, 1.000000, 0.000000, 0.000000, 0.000000, 0.794044, -0.607861, 0.000000, 0.607861, 0.794044),
      ["LeftUpperArm"] = CFrame.new(0.019252, -0.532580, -0.179318, 0.762478, -0.553774, -0.334607, 0.561821, 0.823173, -0.082112, 0.320911, -0.125381, 0.938774),
      ["LeftUpperLeg"] = CFrame.new(-0.114754, 0.025439, 0.104427, 0.931912, 0.118710, 0.342708, -0.064159, 0.983974, -0.166370, -0.356965, 0.133054, 0.924593),
      ["LowerTorso"] = CFrame.new(0.000001, -1.459970, -1.541831, 1.000000, 0.000000, 0.000000, 0.000000, 0.214391, -0.976748, 0.000000, 0.976748, 0.214391),
      ["RightUpperArm"] = CFrame.new(-0.124471, -0.167555, 0.131898, 0.965589, -0.235041, -0.111328, 0.233217, 0.971983, -0.029317, 0.115099, 0.002345, 0.993351),
      ["RightUpperLeg"] = CFrame.new(0.150228, 0.026246, -0.235750, 0.931906, -0.043075, -0.360133, 0.117397, 0.975295, 0.187129, 0.343175, -0.216665, 0.913940)
    }},
    { Time = 0.225, Data = {
      ["Head"] = CFrame.new(-0.000000, -0.103128, -0.039460, 1.000000, 0.000000, 0.000000, 0.000000, 0.793489, -0.608584, 0.000000, 0.608584, 0.793489),
      ["LeftUpperArm"] = CFrame.new(0.019748, -0.532875, -0.179412, 0.762305, -0.552965, -0.336334, 0.561115, 0.823631, -0.082353, 0.322554, -0.125944, 0.938135),
      ["LeftUpperLeg"] = CFrame.new(-0.114754, 0.025769, 0.104370, 0.931913, 0.118680, 0.342714, -0.063500, 0.983741, -0.167994, -0.357079, 0.134793, 0.924297),
      ["LowerTorso"] = CFrame.new(0.000001, -1.461586, -1.541641, 1.000000, 0.000000, 0.000000, 0.000000, 0.215257, -0.976557, 0.000000, 0.976557, 0.215257),
      ["RightUpperArm"] = CFrame.new(-0.124482, -0.167379, 0.131366, 0.965579, -0.235085, -0.111321, 0.233171, 0.971970, -0.030098, 0.115276, 0.003105, 0.993329),
      ["RightUpperLeg"] = CFrame.new(0.150230, 0.026562, -0.235862, 0.931903, -0.043047, -0.360144, 0.116765, 0.975679, 0.185519, 0.343398, -0.214938, 0.914264)
    }},
    { Time = 0.233, Data = {
      ["Head"] = CFrame.new(-0.000000, -0.103128, -0.039460, 1.000000, 0.000000, 0.000000, 0.000000, 0.792934, -0.609307, 0.000000, 0.609307, 0.792934),
      ["LeftUpperArm"] = CFrame.new(0.020096, -0.533092, -0.179493, 0.762157, -0.552410, -0.337580, 0.560651, 0.823934, -0.082485, 0.323709, -0.126398, 0.937676),
      ["LeftUpperLeg"] = CFrame.new(-0.114757, 0.026065, 0.104309, 0.931906, 0.118750, 0.342708, -0.062909, 0.983483, -0.169716, -0.357202, 0.136600, 0.923985),
      ["LowerTorso"] = CFrame.new(0.000001, -1.463229, -1.541450, 1.000000, 0.000000, 0.000000, 0.000000, 0.216122, -0.976367, 0.000000, 0.976367, 0.216122),
      ["RightUpperArm"] = CFrame.new(-0.124470, -0.167191, 0.130786, 0.965590, -0.235039, -0.111326, 0.233045, 0.971979, -0.030787, 0.115442, 0.003784, 0.993307),
      ["RightUpperLeg"] = CFrame.new(0.150235, 0.026843, -0.235971, 0.931893, -0.043119, -0.360161, 0.116202, 0.976069, 0.183809, 0.343616, -0.213142, 0.914603)
    }},
    { Time = 0.242, Data = {
      ["Head"] = CFrame.new(-0.000000, -0.103129, -0.039460, 1.000000, 0.000000, 0.000000, 0.000000, 0.792323, -0.610102, 0.000000, 0.610102, 0.792323),
      ["LeftUpperArm"] = CFrame.new(0.020293, -0.533230, -0.179539, 0.762036, -0.552123, -0.338321, 0.560413, 0.824085, -0.082589, 0.324404, -0.126663, 0.937400),
      ["LeftUpperLeg"] = CFrame.new(-0.114756, 0.026403, 0.104251, 0.931907, 0.118735, 0.342710, -0.062233, 0.983230, -0.171423, -0.357317, 0.138422, 0.923669),
      ["LowerTorso"] = CFrame.new(0.000001, -1.464901, -1.541259, 1.000000, 0.000000, 0.000000, 0.000000, 0.216986, -0.976175, 0.000000, 0.976175, 0.216986),
      ["RightUpperArm"] = CFrame.new(-0.124483, -0.167003, 0.130221, 0.965580, -0.235088, -0.111309, 0.232993, 0.971963, -0.031653, 0.115629, 0.004630, 0.993282),
      ["RightUpperLeg"] = CFrame.new(0.150236, 0.027167, -0.236084, 0.931890, -0.043106, -0.360170, 0.115554, 0.976464, 0.182114, 0.343843, -0.211330, 0.914938)
    }},
    { Time = 0.250, Data = {
      ["Head"] = CFrame.new(-0.000000, -0.103129, -0.039460, 1.000000, 0.000000, 0.000000, 0.000000, 0.791710, -0.610897, 0.000000, 0.610897, 0.791710),
      ["LeftUpperArm"] = CFrame.new(0.020355, -0.533276, -0.179541, 0.762027, -0.552038, -0.338481, 0.560332, 0.824137, -0.082625, 0.324567, -0.126699, 0.937339),
      ["LeftUpperLeg"] = CFrame.new(-0.114756, 0.026749, 0.104192, 0.931908, 0.118736, 0.342707, -0.061542, 0.982960, -0.173213, -0.357434, 0.140328, 0.923336),
      ["LowerTorso"] = CFrame.new(0.000001, -1.466709, -1.541043, 1.000000, 0.000000, 0.000000, 0.000000, 0.217958, -0.975958, 0.000000, 0.975958, 0.217958),
      ["RightUpperArm"] = CFrame.new(-0.124473, -0.166802, 0.129606, 0.965580, -0.235047, -0.111389, 0.232860, 0.971969, -0.032439, 0.115891, 0.005384, 0.993247),
      ["RightUpperLeg"] = CFrame.new(0.150238, 0.027498, -0.236200, 0.931887, -0.043110, -0.360178, 0.114891, 0.976872, 0.180335, 0.344073, -0.209433, 0.915287)
    }},
    { Time = 0.258, Data = {
      ["Head"] = CFrame.new(-0.000000, -0.103129, -0.039461, 1.000000, 0.000000, 0.000000, 0.000000, 0.791097, -0.611691, 0.000000, 0.611691, 0.791097),
      ["LeftUpperArm"] = CFrame.new(0.020293, -0.533230, -0.179539, 0.762036, -0.552123, -0.338321, 0.560413, 0.824085, -0.082589, 0.324404, -0.126663, 0.937400),
      ["LeftUpperLeg"] = CFrame.new(-0.114756, 0.027103, 0.104133, 0.931909, 0.118752, 0.342699, -0.060834, 0.982672, -0.175087, -0.357553, 0.142318, 0.922985),
      ["LowerTorso"] = CFrame.new(0.000001, -1.468545, -1.540825, 1.000000, 0.000000, 0.000000, 0.000000, 0.218929, -0.975741, 0.000000, 0.975741, 0.218929),
      ["RightUpperArm"] = CFrame.new(-0.124486, -0.166601, 0.128986, 0.965570, -0.235096, -0.111371, 0.232809, 0.971952, -0.033304, 0.116077, 0.006230, 0.993221),
      ["RightUpperLeg"] = CFrame.new(0.150236, 0.027880, -0.236322, 0.931891, -0.043045, -0.360176, 0.114128, 0.977301, 0.178488, 0.344317, -0.207438, 0.915650)
    }},
    { Time = 0.267, Data = {
      ["Head"] = CFrame.new(-0.000000, -0.103129, -0.039461, 1.000000, 0.000000, 0.000000, 0.000000, 0.790427, -0.612556, 0.000000, 0.612556, 0.790427),
      ["LeftUpperArm"] = CFrame.new(0.020096, -0.533092, -0.179493, 0.762157, -0.552410, -0.337580, 0.560651, 0.823934, -0.082485, 0.323709, -0.126398, 0.937676),
      ["LeftUpperLeg"] = CFrame.new(-0.114751, 0.027507, 0.104076, 0.931918, 0.118699, 0.342694, -0.060027, 0.982373, -0.177030, -0.357667, 0.144406, 0.922616),
      ["LowerTorso"] = CFrame.new(0.000001, -1.470515, -1.540583, 1.000000, 0.000000, 0.000000, 0.000000, 0.220008, -0.975498, 0.000000, 0.975498, 0.220008),
      ["RightUpperArm"] = CFrame.new(-0.124476, -0.166387, 0.128340, 0.965581, -0.235061, -0.111356, 0.232672, 0.971955, -0.034165, 0.116264, 0.007080, 0.993193),
      ["RightUpperLeg"] = CFrame.new(0.150222, 0.028231, -0.236401, 0.931919, -0.043089, -0.360099, 0.113426, 0.977735, 0.176547, 0.344474, -0.205372, 0.916057)
    }},
    { Time = 0.275, Data = {
      ["Head"] = CFrame.new(-0.000000, -0.103129, -0.039461, 1.000000, 0.000000, 0.000000, 0.000000, 0.789756, -0.613422, 0.000000, 0.613422, 0.789756),
      ["LeftUpperArm"] = CFrame.new(0.019748, -0.532875, -0.179412, 0.762305, -0.552965, -0.336334, 0.561115, 0.823631, -0.082353, 0.322554, -0.125944, 0.938135),
      ["LeftUpperLeg"] = CFrame.new(-0.114766, 0.027873, 0.103975, 0.931888, 0.118737, 0.342764, -0.059295, 0.982063, -0.178989, -0.357868, 0.146473, 0.922213),
      ["LowerTorso"] = CFrame.new(0.000001, -1.472399, -1.540364, 1.000000, 0.000000, 0.000000, 0.000000, 0.220978, -0.975279, 0.000000, 0.975279, 0.220978),
      ["RightUpperArm"] = CFrame.new(-0.124489, -0.166174, 0.127672, 0.965571, -0.235109, -0.111339, 0.232620, 0.971937, -0.035031, 0.116450, 0.007925, 0.993165),
      ["RightUpperLeg"] = CFrame.new(0.150224, 0.028578, -0.236520, 0.931915, -0.043124, -0.360104, 0.112732, 0.978165, 0.174599, 0.344711, -0.203306, 0.916428)
    }},
    { Time = 0.283, Data = {
      ["Head"] = CFrame.new(-0.000000, -0.103129, -0.039462, 1.000000, 0.000000, 0.000000, 0.000000, 0.789140, -0.614214, 0.000000, 0.614214, 0.789140),
      ["LeftUpperArm"] = CFrame.new(0.019252, -0.532580, -0.179318, 0.762478, -0.553774, -0.334607, 0.561821, 0.823173, -0.082112, 0.320911, -0.125381, 0.938774),
      ["LeftUpperLeg"] = CFrame.new(-0.114766, 0.028227, 0.103917, 0.931888, 0.118754, 0.342757, -0.058587, 0.981762, -0.180861, -0.357984, 0.148461, 0.921850),
      ["LowerTorso"] = CFrame.new(0.000001, -1.474368, -1.540119, 1.000000, 0.000000, 0.000000, 0.000000, 0.222055, -0.975034, 0.000000, 0.975034, 0.222055),
      ["RightUpperArm"] = CFrame.new(-0.124480, -0.165962, 0.127026, 0.965581, -0.235074, -0.111323, 0.232483, 0.971938, -0.035892, 0.116637, 0.008776, 0.993136),
      ["RightUpperLeg"] = CFrame.new(0.150222, 0.028960, -0.236640, 0.931918, -0.043060, -0.360103, 0.111968, 0.978581, 0.172750, 0.344952, -0.201309, 0.916779)
    }},
    { Time = 0.292, Data = {
      ["Head"] = CFrame.new(-0.000000, -0.103129, -0.039462, 1.000000, 0.000000, 0.000000, 0.000000, 0.788466, -0.615078, 0.000000, 0.615078, 0.788466),
      ["LeftUpperArm"] = CFrame.new(0.018650, -0.532179, -0.179210, 0.762746, -0.554683, -0.332484, 0.562619, 0.822664, -0.081755, 0.318870, -0.124703, 0.939559),
      ["LeftUpperLeg"] = CFrame.new(-0.114762, 0.028624, 0.103863, 0.931896, 0.118686, 0.342758, -0.057794, 0.981465, -0.182718, -0.358091, 0.150465, 0.921483),
      ["LowerTorso"] = CFrame.new(0.000001, -1.476201, -1.539898, 1.000000, 0.000000, 0.000000, 0.000000, 0.223024, -0.974813, 0.000000, 0.974813, 0.223024),
      ["RightUpperArm"] = CFrame.new(-0.124470, -0.165756, 0.126405, 0.965582, -0.235039, -0.111393, 0.232345, 0.971938, -0.036763, 0.116908, 0.009616, 0.993096),
      ["RightUpperLeg"] = CFrame.new(0.150224, 0.029299, -0.236756, 0.931914, -0.043079, -0.360111, 0.111288, 0.978986, 0.170885, 0.345182, -0.199326, 0.917125)
    }},
    { Time = 0.300, Data = {
      ["Head"] = CFrame.new(-0.000000, -0.103129, -0.039462, 1.000000, 0.000000, 0.000000, 0.000000, 0.787904, -0.615798, 0.000000, 0.615798, 0.787904),
      ["LeftUpperArm"] = CFrame.new(0.017895, -0.531700, -0.179059, 0.763062, -0.555864, -0.329775, 0.563646, 0.822001, -0.081342, 0.316290, -0.123808, 0.940549),
      ["LeftUpperLeg"] = CFrame.new(-0.114762, 0.028970, 0.103808, 0.931896, 0.118688, 0.342757, -0.057101, 0.981171, -0.184505, -0.358202, 0.152368, 0.921127),
      ["LowerTorso"] = CFrame.new(0.000001, -1.478006, -1.539677, 1.000000, 0.000000, 0.000000, 0.000000, 0.223992, -0.974591, 0.000000, 0.974591, 0.223992),
      ["RightUpperArm"] = CFrame.new(-0.124482, -0.165561, 0.125791, 0.965572, -0.235083, -0.111386, 0.232298, 0.971920, -0.037543, 0.117084, 0.010376, 0.993068),
      ["RightUpperLeg"] = CFrame.new(0.150226, 0.029632, -0.236868, 0.931910, -0.043082, -0.360121, 0.110623, 0.979371, 0.169103, 0.345406, -0.197427, 0.917452)
    }},
    { Time = 0.308, Data = {
      ["Head"] = CFrame.new(-0.000000, -0.103129, -0.039462, 1.000000, 0.000000, 0.000000, 0.000000, 0.787286, -0.616589, 0.000000, 0.616589, 0.787286),
      ["LeftUpperArm"] = CFrame.new(0.017010, -0.531130, -0.178876, 0.763412, -0.557233, -0.326639, 0.564823, 0.821236, -0.080906, 0.313332, -0.122728, 0.941680),
      ["LeftUpperLeg"] = CFrame.new(-0.114762, 0.029317, 0.103753, 0.931896, 0.118690, 0.342756, -0.056408, 0.980874, -0.186292, -0.358312, 0.154270, 0.920768),
      ["LowerTorso"] = CFrame.new(0.000001, -1.479673, -1.539479, 1.000000, 0.000000, 0.000000, 0.000000, 0.224852, -0.974393, 0.000000, 0.974393, 0.224852),
      ["RightUpperArm"] = CFrame.new(-0.124471, -0.165368, 0.125205, 0.965582, -0.235043, -0.111381, 0.232166, 0.971921, -0.038318, 0.117260, 0.011141, 0.993039),
      ["RightUpperLeg"] = CFrame.new(0.150228, 0.029964, -0.236980, 0.931906, -0.043086, -0.360131, 0.109958, 0.979752, 0.167320, 0.345629, -0.195526, 0.917774)
    }},
    { Time = 0.317, Data = {
      ["Head"] = CFrame.new(-0.000000, -0.103129, -0.039463, 1.000000, 0.000000, 0.000000, 0.000000, 0.786722, -0.617307, 0.000000, 0.617307, 0.786722),
      ["LeftUpperArm"] = CFrame.new(0.015978, -0.530481, -0.178678, 0.763770, -0.558851, -0.323020, 0.566240, 0.820314, -0.080356, 0.309884, -0.121533, 0.942975),
      ["LeftUpperLeg"] = CFrame.new(-0.114766, 0.029606, 0.103698, 0.931889, 0.118746, 0.342758, -0.055831, 0.980595, -0.187926, -0.358422, 0.155989, 0.920435),
      ["LowerTorso"] = CFrame.new(0.000001, -1.481418, -1.539255, 1.000000, 0.000000, 0.000000, 0.000000, 0.225819, -0.974169, 0.000000, 0.974169, 0.225819),
      ["RightUpperArm"] = CFrame.new(-0.124483, -0.165188, 0.124646, 0.965572, -0.235087, -0.111374, 0.232118, 0.971902, -0.039098, 0.117436, 0.011900, 0.993009),
      ["RightUpperLeg"] = CFrame.new(0.150230, 0.030282, -0.237086, 0.931902, -0.043058, -0.360145, 0.109323, 0.980097, 0.165705, 0.345842, -0.193793, 0.918062)
    }},
    { Time = 0.325, Data = {
      ["Head"] = CFrame.new(-0.000000, -0.103129, -0.039463, 1.000000, 0.000000, 0.000000, 0.000000, 0.786158, -0.618026, 0.000000, 0.618026, 0.786158),
      ["LeftUpperArm"] = CFrame.new(0.014815, -0.529742, -0.178433, 0.764208, -0.560663, -0.318814, 0.567812, 0.819288, -0.079727, 0.305901, -0.120099, 0.944458),
      ["LeftUpperLeg"] = CFrame.new(-0.114766, 0.029937, 0.103646, 0.931888, 0.118718, 0.342768, -0.055169, 0.980321, -0.189544, -0.358525, 0.157723, 0.920099),
      ["LowerTorso"] = CFrame.new(0.000001, -1.483029, -1.539056, 1.000000, 0.000000, 0.000000, 0.000000, 0.226678, -0.973970, 0.000000, 0.973970, 0.226678),
      ["RightUpperArm"] = CFrame.new(-0.124472, -0.165009, 0.124115, 0.965583, -0.235047, -0.111369, 0.231986, 0.971902, -0.039874, 0.117612, 0.012665, 0.992979),
