return {
  ["Astros bounce on it"] = {
    { Time = 0.000, Data = {
      ["Balls"] = CFrame.new(0.444920, -0.261868, 0.000008, 1.000000, 0.000000, 0.000000, 0.000000, 1.000000, 0.000000, 0.000000, 0.000000, 1.000000),
      ["Head"] = CFrame.new(0.000000, 0.039620, -0.038150, 1.000000, -0.000000, 0.000000, 0.000000, 0.720327, 0.693634, -0.000000, -0.693634, 0.720327),
      ["LeftUpperArm"] = CFrame.new(-0.075921, -0.079108, 0.291722, 0.952190, -0.288670, 0.100022, 0.171100, 0.775119, 0.608207, -0.253100, -0.562014, 0.787452),
      ["LeftUpperLeg"] = CFrame.new(-0.809836, -0.452926, -0.311183, 0.909768, -0.051643, 0.411892, -0.274093, 0.670455, 0.689466, -0.311762, -0.740151, 0.595803),
      ["LowerTorso"] = CFrame.new(0.028162, -0.053233, 0.677697, 1.000000, 0.000000, 0.000000, 0.000000, 0.587513, -0.809215, 0.000000, 0.809215, 0.587513),
      ["RightUpperArm"] = CFrame.new(0.075948, -0.079114, 0.291729, 0.952152, 0.288775, -0.100074, -0.171152, 0.775098, 0.608219, 0.253206, -0.561989, 0.787436),
      ["RightUpperLeg"] = CFrame.new(0.808384, -0.453324, -0.311412, 0.909746, 0.051490, -0.411959, 0.274246, 0.670433, 0.689426, 0.311690, -0.740181, 0.595803)
    }},
    { Time = 0.017, Data = {
      ["Balls"] = CFrame.new(0.444920, -0.261868, 0.000008, 0.999999, 0.001295, 0.000000, -0.001295, 0.999999, -0.000000, -0.000000, 0.000000, 1.000000),
      ["Head"] = CFrame.new(0.000000, 0.039620, -0.038150, 1.000000, -0.000000, 0.000000, 0.000000, 0.720327, 0.693634, -0.000000, -0.693634, 0.720327),
      ["LeftUpperArm"] = CFrame.new(-0.076092, -0.078695, 0.291344, 0.952190, -0.288684, 0.099982, 0.171065, 0.774957, 0.608422, -0.253123, -0.562230, 0.787290),
      ["LeftUpperLeg"] = CFrame.new(-0.809888, -0.451854, -0.311712, 0.909768, -0.051643, 0.411892, -0.274093, 0.670455, 0.689466, -0.311762, -0.740151, 0.595803),
      ["LowerTorso"] = CFrame.new(0.028162, -0.054090, 0.676846, 1.000000, 0.000000, 0.000000, 0.000000, 0.587670, -0.809101, 0.000000, 0.809101, 0.587670),
      ["RightUpperArm"] = CFrame.new(0.076120, -0.078700, 0.291351, 0.952152, 0.288789, -0.100034, -0.171117, 0.774936, 0.608435, 0.253229, -0.562205, 0.787274),
      ["RightUpperLeg"] = CFrame.new(0.808436, -0.452253, -0.311941, 0.909746, 0.051490, -0.411959, 0.274246, 0.670433, 0.689426, 0.311690, -0.740181, 0.595803)
    }},
    { Time = 0.033, Data = {
      ["Balls"] = CFrame.new(0.444920, -0.261868, 0.000009, 0.999986, 0.005352, 0.000000, -0.005352, 0.999986, -0.000000, -0.000000, 0.000000, 1.000000),
      ["Head"] = CFrame.new(0.000000, 0.039620, -0.038150, 1.000000, -0.000000, 0.000000, 0.000000, 0.720327, 0.693634, -0.000000, -0.693634, 0.720327),
      ["LeftUpperArm"] = CFrame.new(-0.076600, -0.077449, 0.290215, 0.952178, -0.288698, 0.100050, 0.170825, 0.774493, 0.609081, -0.253329, -0.562862, 0.786772),
      ["LeftUpperLeg"] = CFrame.new(-0.810045, -0.448638, -0.313297, 0.909768, -0.051643, 0.411892, -0.274093, 0.670455, 0.689466, -0.311762, -0.740151, 0.595803),
      ["LowerTorso"] = CFrame.new(0.028162, -0.056740, 0.674352, 1.000000, 0.000000, 0.000000, 0.000000, 0.588219, -0.808702, 0.000000, 0.808702, 0.588219),
      ["RightUpperArm"] = CFrame.new(0.076628, -0.077455, 0.290221, 0.952141, 0.288803, -0.100102, -0.170876, 0.774472, 0.609093, 0.253435, -0.562837, 0.786756),
      ["RightUpperLeg"] = CFrame.new(0.808592, -0.449037, -0.313527, 0.909746, 0.051490, -0.411959, 0.274246, 0.670433, 0.689426, 0.311690, -0.740181, 0.595803)
    }},
    { Time = 0.050, Data = {
      ["Balls"] = CFrame.new(0.444920, -0.261868, 0.000009, 0.999928, 0.011999, 0.000000, -0.011999, 0.999928, -0.000000, -0.000000, 0.000000, 1.000000),
      ["Head"] = CFrame.new(0.000000, 0.039620, -0.038150, 1.000000, -0.000000, 0.000000, 0.000000, 0.720327, 0.693634, -0.000000, -0.693634, 0.720327),
      ["LeftUpperArm"] = CFrame.new(-0.077430, -0.075372, 0.288326, 0.952188, -0.288660, 0.100067, 0.170434, 0.773725, 0.610165, -0.253555, -0.563937, 0.785929),
      ["LeftUpperLeg"] = CFrame.new(-0.810306, -0.443278, -0.315939, 0.909768, -0.051643, 0.411892, -0.274093, 0.670455, 0.689466, -0.311762, -0.740151, 0.595803),
      ["LowerTorso"] = CFrame.new(0.028162, -0.061102, 0.670157, 1.000000, 0.000000, 0.000000, 0.000000, 0.589080, -0.808075, 0.000000, 0.808075, 0.589080),
      ["RightUpperArm"] = CFrame.new(0.077458, -0.075378, 0.288332, 0.952151, 0.288765, -0.100119, -0.170486, 0.773704, 0.610178, 0.253661, -0.563912, 0.785913),
      ["RightUpperLeg"] = CFrame.new(0.808852, -0.443678, -0.316170, 0.909746, 0.051490, -0.411959, 0.274246, 0.670433, 0.689426, 0.311690, -0.740181, 0.595803)
    }},
    { Time = 0.067, Data = {
      ["Balls"] = CFrame.new(0.444920, -0.261868, 0.000009, 0.999773, 0.021320, 0.000000, -0.021320, 0.999773, -0.000000, -0.000000, 0.000000, 1.000000),
      ["Head"] = CFrame.new(0.000000, 0.039620, -0.038150, 1.000000, -0.000000, 0.000000, 0.000000, 0.720327, 0.693634, -0.000000, -0.693634, 0.720327),
      ["LeftUpperArm"] = CFrame.new(-0.078604, -0.072469, 0.285682, 0.952198, -0.288649, 0.100004, 0.169974, 0.772630, 0.611680, -0.253827, -0.565442, 0.784759),
      ["LeftUpperLeg"] = CFrame.new(-0.810672, -0.435775, -0.319639, 0.909768, -0.051643, 0.411892, -0.274093, 0.670455, 0.689466, -0.311762, -0.740151, 0.595803),
      ["LowerTorso"] = CFrame.new(0.028162, -0.067177, 0.664263, 1.000000, 0.000000, 0.000000, 0.000000, 0.590253, -0.807218, 0.000000, 0.807218, 0.590253),
      ["RightUpperArm"] = CFrame.new(0.078632, -0.072475, 0.285688, 0.952160, 0.288755, -0.100056, -0.170025, 0.772609, 0.611692, 0.253933, -0.565417, 0.784743),
      ["RightUpperLeg"] = CFrame.new(0.809216, -0.436175, -0.319870, 0.909746, 0.051490, -0.411959, 0.274246, 0.670433, 0.689426, 0.311690, -0.740181, 0.595803)
    }},
    { Time = 0.083, Data = {
      ["Balls"] = CFrame.new(0.444921, -0.261868, 0.000010, 0.999448, 0.033229, 0.000000, -0.033229, 0.999448, -0.000000, -0.000000, 0.000000, 1.000000),
      ["Head"] = CFrame.new(0.000000, 0.039620, -0.038150, 1.000000, -0.000000, 0.000000, 0.000000, 0.720327, 0.693634, -0.000000, -0.693634, 0.720327),
      ["LeftUpperArm"] = CFrame.new(-0.080114, -0.068735, 0.282287, 0.952196, -0.288640, 0.100050, 0.169306, 0.771226, 0.613633, -0.254280, -0.567360, 0.783227),
      ["LeftUpperLeg"] = CFrame.new(-0.811142, -0.426127, -0.324395, 0.909768, -0.051643, 0.411892, -0.274093, 0.670455, 0.689466, -0.311762, -0.740151, 0.595803),
      ["LowerTorso"] = CFrame.new(0.028162, -0.075041, 0.656728, 1.000000, 0.000000, 0.000000, 0.000000, 0.591815, -0.806074, 0.000000, 0.806074, 0.591815),
      ["RightUpperArm"] = CFrame.new(0.080143, -0.068741, 0.282293, 0.952158, 0.288745, -0.100102, -0.169357, 0.771205, 0.613646, 0.254386, -0.567335, 0.783211),
      ["RightUpperLeg"] = CFrame.new(0.809684, -0.426529, -0.324627, 0.909746, 0.051490, -0.411959, 0.274246, 0.670433, 0.689426, 0.311690, -0.740181, 0.595803)
    }},
    { Time = 0.100, Data = {
      ["Balls"] = CFrame.new(0.444921, -0.261867, 0.000011, 0.998852, 0.047895, 0.000000, -0.047895, 0.998852, -0.000000, -0.000000, 0.000000, 1.000000),
      ["Head"] = CFrame.new(0.000000, 0.039620, -0.038150, 1.000000, -0.000000, 0.000000, 0.000000, 0.720327, 0.693634, -0.000000, -0.693634, 0.720327),
      ["LeftUpperArm"] = CFrame.new(-0.081967, -0.064177, 0.278138, 0.952194, -0.288659, 0.100016, 0.168567, 0.769489, 0.616013, -0.254779, -0.569704, 0.781361),
      ["LeftUpperLeg"] = CFrame.new(-0.811717, -0.414336, -0.330208, 0.909768, -0.051643, 0.411892, -0.274093, 0.670455, 0.689466, -0.311762, -0.740151, 0.595803),
      ["LowerTorso"] = CFrame.new(0.028162, -0.084613, 0.647495, 1.000000, 0.000000, 0.000000, 0.000000, 0.593684, -0.804698, 0.000000, 0.804698, 0.593684),
      ["RightUpperArm"] = CFrame.new(0.081997, -0.064184, 0.278143, 0.952156, 0.288764, -0.100067, -0.168618, 0.769468, 0.616026, 0.254885, -0.569679, 0.781344),
      ["RightUpperLeg"] = CFrame.new(0.810255, -0.414739, -0.330442, 0.909746, 0.051490, -0.411959, 0.274246, 0.670433, 0.689426, 0.311690, -0.740181, 0.595803)
    }},
    { Time = 0.117, Data = {
      ["Balls"] = CFrame.new(0.444921, -0.261867, 0.000012, 0.997876, 0.065139, 0.000000, -0.065139, 0.997876, -0.000000, -0.000000, 0.000000, 1.000000),
      ["Head"] = CFrame.new(0.000000, 0.039620, -0.038150, 1.000000, -0.000000, 0.000000, 0.000000, 0.720327, 0.693634, -0.000000, -0.693634, 0.720327),
      ["LeftUpperArm"] = CFrame.new(-0.084150, -0.058791, 0.273235, 0.952196, -0.288653, 0.100010, 0.167648, 0.767435, 0.618820, -0.255375, -0.572471, 0.779141),
      ["LeftUpperLeg"] = CFrame.new(-0.812396, -0.400401, -0.337078, 0.909768, -0.051643, 0.411892, -0.274093, 0.670455, 0.689466, -0.311762, -0.740151, 0.595803),
      ["LowerTorso"] = CFrame.new(0.028162, -0.095892, 0.636568, 1.000000, 0.000000, 0.000000, 0.000000, 0.595860, -0.803088, 0.000000, 0.803088, 0.595860),
      ["RightUpperArm"] = CFrame.new(0.084180, -0.058798, 0.273240, 0.952159, 0.288759, -0.100061, -0.167699, 0.767414, 0.618832, 0.255482, -0.572446, 0.779124),
      ["RightUpperLeg"] = CFrame.new(0.810931, -0.400805, -0.337314, 0.909746, 0.051490, -0.411959, 0.274246, 0.670433, 0.689426, 0.311690, -0.740181, 0.595803)
    }},
    { Time = 0.133, Data = {
      ["Balls"] = CFrame.new(0.444921, -0.261867, 0.000013, 0.996378, 0.085036, 0.000000, -0.085036, 0.996378, -0.000000, -0.000000, 0.000000, 1.000000),
      ["Head"] = CFrame.new(0.000000, 0.039620, -0.038150, 1.000000, -0.000000, 0.000000, 0.000000, 0.720327, 0.693634, -0.000000, -0.693634, 0.720327),
      ["LeftUpperArm"] = CFrame.new(-0.086663, -0.052577, 0.267579, 0.952203, -0.288623, 0.100033, 0.166548, 0.765058, 0.622051, -0.256069, -0.575658, 0.776560),
      ["LeftUpperLeg"] = CFrame.new(-0.813179, -0.384322, -0.345005, 0.909768, -0.051643, 0.411892, -0.274093, 0.670455, 0.689466, -0.311762, -0.740151, 0.595803),
      ["LowerTorso"] = CFrame.new(0.028162, -0.108953, 0.624006, 1.000000, 0.000000, 0.000000, 0.000000, 0.598417, -0.801185, 0.000000, 0.801185, 0.598417),
      ["RightUpperArm"] = CFrame.new(0.086694, -0.052585, 0.267584, 0.952165, 0.288729, -0.100084, -0.166599, 0.765037, 0.622063, 0.256176, -0.575633, 0.776544),
      ["RightUpperLeg"] = CFrame.new(0.811710, -0.384728, -0.345243, 0.909746, 0.051490, -0.411959, 0.274246, 0.670433, 0.689426, 0.311690, -0.740181, 0.595803)
    }},
    { Time = 0.150, Data = {
      ["Balls"] = CFrame.new(0.444922, -0.261867, 0.000014, 0.994197, 0.107574, 0.000000, -0.107574, 0.994197, -0.000000, -0.000000, 0.000000, 1.000000),
      ["Head"] = CFrame.new(0.000000, 0.039620, -0.038150, 1.000000, -0.000000, 0.000000, 0.000000, 0.720327, 0.693634, -0.000000, -0.693634, 0.720327),
      ["LeftUpperArm"] = CFrame.new(-0.089527, -0.045544, 0.261175, 0.952193, -0.288649, 0.100055, 0.165346, 0.762333, 0.625707, -0.256885, -0.579250, 0.773615),
      ["LeftUpperLeg"] = CFrame.new(-0.814067, -0.366099, -0.353989, 0.909768, -0.051643, 0.411892, -0.274093, 0.670455, 0.689466, -0.311762, -0.740151, 0.595803),
      ["LowerTorso"] = CFrame.new(0.028162, -0.123792, 0.609812, 1.000000, 0.000000, 0.000000, 0.000000, 0.601351, -0.798985, 0.000000, 0.798985, 0.601351),
      ["RightUpperArm"] = CFrame.new(0.089559, -0.045552, 0.261179, 0.952155, 0.288755, -0.100106, -0.165396, 0.762312, 0.625720, 0.256992, -0.579225, 0.773598),
      ["RightUpperLeg"] = CFrame.new(0.812594, -0.366507, -0.354229, 0.909746, 0.051490, -0.411959, 0.274246, 0.670433, 0.689426, 0.311690, -0.740181, 0.595803)
    }},
    { Time = 0.167, Data = {
      ["Balls"] = CFrame.new(0.444922, -0.261866, 0.000015, 0.991164, 0.132642, 0.000000, -0.132642, 0.991164, -0.000000, -0.000000, 0.000000, 1.000000),
      ["Head"] = CFrame.new(0.000000, 0.039620, -0.038150, 1.000000, -0.000000, 0.000000, 0.000000, 0.720327, 0.693634, -0.000000, -0.693634, 0.720327),
      ["LeftUpperArm"] = CFrame.new(-0.092713, -0.037687, 0.254016, 0.952203, -0.288626, 0.100027, 0.163989, 0.759272, 0.629773, -0.257716, -0.583268, 0.770312),
      ["LeftUpperLeg"] = CFrame.new(-0.815060, -0.345732, -0.364030, 0.909768, -0.051643, 0.411892, -0.274093, 0.670455, 0.689466, -0.311762, -0.740151, 0.595803),
      ["LowerTorso"] = CFrame.new(0.028162, -0.140250, 0.593872, 1.000000, 0.000000, 0.000000, 0.000000, 0.604505, -0.796601, 0.000000, 0.796601, 0.604505),
      ["RightUpperArm"] = CFrame.new(0.092747, -0.037696, 0.254020, 0.952165, 0.288732, -0.100077, -0.164039, 0.759251, 0.629785, 0.257823, -0.583243, 0.770296),
      ["RightUpperLeg"] = CFrame.new(0.813582, -0.346143, -0.364273, 0.909746, 0.051490, -0.411959, 0.274246, 0.670433, 0.689426, 0.311690, -0.740181, 0.595803)
    }},
    { Time = 0.183, Data = {
      ["Balls"] = CFrame.new(0.444922, -0.261866, 0.000017, 0.987069, 0.160297, 0.000000, -0.160297, 0.987069, -0.000000, -0.000000, 0.000000, 1.000000),
      ["Head"] = CFrame.new(0.000000, 0.039620, -0.038150, 1.000000, -0.000000, 0.000000, 0.000000, 0.720327, 0.693634, -0.000000, -0.693634, 0.720327),
      ["LeftUpperArm"] = CFrame.new(-0.096258, -0.029014, 0.246114, 0.952179, -0.288686, 0.100077, 0.162498, 0.755847, 0.634263, -0.258746, -0.587669, 0.766613),
      ["LeftUpperLeg"] = CFrame.new(-0.816157, -0.323222, -0.375128, 0.909768, -0.051643, 0.411892, -0.274093, 0.670455, 0.689466, -0.311762, -0.740151, 0.595803),
      ["LowerTorso"] = CFrame.new(0.028162, -0.158479, 0.576307, 1.000000, 0.000000, 0.000000, 0.000000, 0.608029, -0.793915, 0.000000, 0.793915, 0.608029),
      ["RightUpperArm"] = CFrame.new(0.096293, -0.029024, 0.246117, 0.952141, 0.288793, -0.100128, -0.162548, 0.755826, 0.634275, 0.258853, -0.587644, 0.766596),
      ["RightUpperLeg"] = CFrame.new(0.814673, -0.323635, -0.375374, 0.909746, 0.051490, -0.411959, 0.274246, 0.670433, 0.689426, 0.311690, -0.740181, 0.595803)
    }},
    { Time = 0.200, Data = {
      ["Balls"] = CFrame.new(0.444923, -0.261865, 0.000018, 0.981688, 0.190498, 0.000000, -0.190498, 0.981688, -0.000000, -0.000000, 0.000000, 1.000000),
      ["Head"] = CFrame.new(0.000000, 0.039620, -0.038150, 1.000000, -0.000000, 0.000000, 0.000000, 0.720327, 0.693634, -0.000000, -0.693634, 0.720327),
      ["LeftUpperArm"] = CFrame.new(-0.100127, -0.019522, 0.237460, 0.952175, -0.288699, 0.100077, 0.160851, 0.752071, 0.639153, -0.259788, -0.592488, 0.762541),
      ["LeftUpperLeg"] = CFrame.new(-0.817359, -0.298567, -0.387283, 0.909768, -0.051643, 0.411892, -0.274093, 0.670455, 0.689466, -0.311762, -0.740151, 0.595803),
      ["LowerTorso"] = CFrame.new(0.028162, -0.178473, 0.557119, 1.000000, 0.000000, 0.000000, 0.000000, 0.611917, -0.790922, 0.000000, 0.790922, 0.611917),
      ["RightUpperArm"] = CFrame.new(0.100162, -0.019533, 0.237462, 0.952138, 0.288806, -0.100127, -0.160900, 0.752050, 0.639165, 0.259895, -0.592462, 0.762524),
      ["RightUpperLeg"] = CFrame.new(0.815868, -0.298983, -0.387531, 0.909746, 0.051490, -0.411959, 0.274246, 0.670433, 0.689426, 0.311690, -0.740181, 0.595803)
    }},
    { Time = 0.217, Data = {
      ["Balls"] = CFrame.new(0.444923, -0.261865, 0.000020, 0.974814, 0.223020, 0.000000, -0.223020, 0.974814, -0.000000, -0.000000, 0.000000, 1.000000),
      ["Head"] = CFrame.new(0.000000, 0.039620, -0.038150, 1.000000, -0.000000, 0.000000, 0.000000, 0.720327, 0.693634, -0.000000, -0.693634, 0.720327),
      ["LeftUpperArm"] = CFrame.new(-0.104318, -0.009213, 0.228055, 0.952191, -0.288664, 0.100026, 0.159045, 0.747934, 0.644437, -0.260838, -0.597719, 0.758087),
      ["LeftUpperLeg"] = CFrame.new(-0.818665, -0.271769, -0.400495, 0.909768, -0.051643, 0.411892, -0.274093, 0.670455, 0.689466, -0.311762, -0.740151, 0.595803),
      ["LowerTorso"] = CFrame.new(0.028162, -0.200151, 0.536255, 1.000000, 0.000000, 0.000000, 0.000000, 0.616089, -0.787677, 0.000000, 0.787677, 0.616089),
      ["RightUpperArm"] = CFrame.new(0.104355, -0.009225, 0.228056, 0.952154, 0.288771, -0.100075, -0.159094, 0.747913, 0.644449, 0.260946, -0.597693, 0.758070),
      ["RightUpperLeg"] = CFrame.new(0.817167, -0.272187, -0.400747, 0.909746, 0.051490, -0.411959, 0.274246, 0.670433, 0.689426, 0.311690, -0.740181, 0.595803)
    }},
    { Time = 0.233, Data = {
      ["Balls"] = CFrame.new(0.444924, -0.261864, 0.000022, 0.966177, 0.257880, 0.000000, -0.257880, 0.966177, -0.000000, -0.000000, 0.000000, 1.000000),
      ["Head"] = CFrame.new(0.000000, 0.039620, -0.038150, 1.000000, -0.000000, 0.000000, 0.000000, 0.720327, 0.693634, -0.000000, -0.693634, 0.720327),
      ["LeftUpperArm"] = CFrame.new(-0.108849, 0.001910, 0.217908, 0.952193, -0.288637, 0.100083, 0.157021, 0.743426, 0.650125, -0.262055, -0.603329, 0.753207),
      ["LeftUpperLeg"] = CFrame.new(-0.820076, -0.242827, -0.414764, 0.909768, -0.051643, 0.411892, -0.274093, 0.670455, 0.689466, -0.311762, -0.740151, 0.595803),
      ["LowerTorso"] = CFrame.new(0.028162, -0.223582, 0.513777, 1.000000, 0.000000, 0.000000, 0.000000, 0.620614, -0.784116, 0.000000, 0.784116, 0.620614),
      ["RightUpperArm"] = CFrame.new(0.108887, 0.001898, 0.217909, 0.952156, 0.288744, -0.100132, -0.157069, 0.743405, 0.650137, 0.262162, -0.603304, 0.753190),
      ["RightUpperLeg"] = CFrame.new(0.818571, -0.243248, -0.415019, 0.909746, 0.051490, -0.411959, 0.274246, 0.670433, 0.689426, 0.311690, -0.740181, 0.595803)
    }},
    { Time = 0.250, Data = {
      ["Balls"] = CFrame.new(0.444924, -0.261864, 0.000024, 0.955500, 0.294991, 0.000000, -0.294991, 0.955500, -0.000000, -0.000000, 0.000000, 1.000000),
      ["Head"] = CFrame.new(0.000000, 0.039620, -0.038150, 1.000000, -0.000000, 0.000000, 0.000000, 0.720327, 0.693634, -0.000000, -0.693634, 0.720327),
      ["LeftUpperArm"] = CFrame.new(-0.113722, 0.013855, 0.207035, 0.952194, -0.288639, 0.100073, 0.154927, 0.738574, 0.656130, -0.263296, -0.609259, 0.747983),
      ["LeftUpperLeg"] = CFrame.new(-0.821591, -0.211741, -0.430089, 0.909768, -0.051643, 0.411892, -0.274093, 0.670455, 0.689466, -0.311762, -0.740151, 0.595803),
      ["LowerTorso"] = CFrame.new(0.028162, -0.248687, 0.489631, 1.000000, 0.000000, 0.000000, 0.000000, 0.625411, -0.780296, 0.000000, 0.780296, 0.625411),
      ["RightUpperArm"] = CFrame.new(0.113763, 0.013841, 0.207035, 0.952156, 0.288746, -0.100122, -0.154975, 0.738553, 0.656142, 0.263404, -0.609233, 0.747966),
      ["RightUpperLeg"] = CFrame.new(0.820078, -0.212166, -0.430349, 0.909746, 0.051490, -0.411959, 0.274246, 0.670433, 0.689426, 0.311690, -0.740181, 0.595803)
    }},
    { Time = 0.267, Data = {
      ["Balls"] = CFrame.new(0.444923, -0.261865, 0.000024, 0.934340, 0.356382, 0.000000, -0.356382, 0.934340, -0.000000, -0.000000, 0.000000, 1.000000),
      ["Head"] = CFrame.new(0.000000, 0.039620, -0.038150, 1.000000, -0.000000, 0.000000, 0.000000, 0.724508, 0.689266, -0.000000, -0.689266, 0.724508),
      ["LeftUpperArm"] = CFrame.new(-0.116797, 0.019890, 0.199434, 0.952201, -0.289261, 0.098191, 0.154883, 0.734228, 0.660999, -0.263296, -0.614196, 0.743934),
      ["LeftUpperLeg"] = CFrame.new(-0.823254, -0.171656, -0.478743, 0.909768, -0.051643, 0.411892, -0.274093, 0.670455, 0.689466, -0.311762, -0.740151, 0.595803),
      ["LowerTorso"] = CFrame.new(0.028162, -0.298571, 0.464426, 1.000000, 0.000000, 0.000000, 0.000000, 0.641887, -0.766799, 0.000000, 0.766799, 0.641887),
      ["RightUpperArm"] = CFrame.new(0.116838, 0.019876, 0.199434, 0.952163, 0.289368, -0.098239, -0.154931, 0.734207, 0.661011, 0.263404, -0.614170, 0.743917),
      ["RightUpperLeg"] = CFrame.new(0.821727, -0.172076, -0.478999, 0.909746, 0.051490, -0.411959, 0.274246, 0.670433, 0.689426, 0.311690, -0.740181, 0.595803)
    }},
    { Time = 0.283, Data = {
      ["Balls"] = CFrame.new(0.444922, -0.261865, 0.000024, 0.911092, 0.412204, 0.000000, -0.412204, 0.911092, -0.000000, -0.000000, 0.000000, 1.000000),
      ["Head"] = CFrame.new(0.000000, 0.039620, -0.038150, 1.000000, -0.000000, 0.000000, 0.000000, 0.728403, 0.685149, -0.000000, -0.685149, 0.728403),
      ["LeftUpperArm"] = CFrame.new(-0.119661, 0.025514, 0.192382, 0.952207, -0.289847, 0.096385, 0.154913, 0.730204, 0.665435, -0.263256, -0.618701, 0.740207),
      ["LeftUpperLeg"] = CFrame.new(-0.824803, -0.134336, -0.524041, 0.909768, -0.051643, 0.411892, -0.274093, 0.670455, 0.689466, -0.311762, -0.740151, 0.595803),
      ["LowerTorso"] = CFrame.new(0.028162, -0.344781, 0.441296, 1.000000, 0.000000, 0.000000, 0.000000, 0.656993, -0.753897, 0.000000, 0.753897, 0.656993),
      ["RightUpperArm"] = CFrame.new(0.119703, 0.025500, 0.192382, 0.952170, 0.289955, -0.096433, -0.154961, 0.730183, 0.665447, 0.263363, -0.618675, 0.740190),
      ["RightUpperLeg"] = CFrame.new(0.823263, -0.134752, -0.524295, 0.909746, 0.051490, -0.411959, 0.274246, 0.670433, 0.689426, 0.311690, -0.740181, 0.595803)
    }},
    { Time = 0.300, Data = {
      ["Balls"] = CFrame.new(0.444921, -0.261866, 0.000024, 0.886598, 0.462540, 0.000000, -0.462540, 0.886598, -0.000000, -0.000000, 0.000000, 1.000000),
      ["Head"] = CFrame.new(0.000000, 0.039620, -0.038150, 1.000000, -0.000000, 0.000000, 0.000000, 0.731954, 0.681354, -0.000000, -0.681354, 0.731954),
      ["LeftUpperArm"] = CFrame.new(-0.122333, 0.030699, 0.185848, 0.952179, -0.290466, 0.094789, 0.154931, 0.726390, 0.669592, -0.263347, -0.622886, 0.736655),
      ["LeftUpperLeg"] = CFrame.new(-0.826236, -0.099781, -0.565984, 0.909768, -0.051643, 0.411892, -0.274093, 0.670455, 0.689466, -0.311762, -0.740151, 0.595803),
      ["LowerTorso"] = CFrame.new(0.028162, -0.387312, 0.420121, 1.000000, 0.000000, 0.000000, 0.000000, 0.670723, -0.741708, 0.000000, 0.741708, 0.670723),
      ["RightUpperArm"] = CFrame.new(0.122368, 0.030685, 0.185845, 0.952158, 0.290544, -0.094757, -0.155009, 0.726369, 0.669597, 0.263376, -0.622874, 0.736655),
      ["RightUpperLeg"] = CFrame.new(0.824685, -0.100192, -0.566235, 0.909746, 0.051490, -0.411959, 0.274246, 0.670433, 0.689426, 0.311690, -0.740181, 0.595803)
    }},
    { Time = 0.317, Data = {
      ["Balls"] = CFrame.new(0.444920, -0.261866, 0.000024, 0.861592, 0.507601, 0.000000, -0.507601, 0.861592, -0.000000, -0.000000, 0.000000, 1.000000),
      ["Head"] = CFrame.new(0.000000, 0.039620, -0.038150, 1.000000, -0.000000, 0.000000, 0.000000, 0.735230, 0.677818, -0.000000, -0.677818, 0.735230),
      ["LeftUpperArm"] = CFrame.new(-0.124768, 0.035466, 0.179836, 0.952188, -0.290948, 0.093209, 0.154963, 0.722872, 0.673381, -0.263297, -0.626741, 0.733396),
      ["LeftUpperLeg"] = CFrame.new(-0.827556, -0.067990, -0.604572, 0.909768, -0.051643, 0.411892, -0.274093, 0.670455, 0.689466, -0.311762, -0.740151, 0.595803),
      ["LowerTorso"] = CFrame.new(0.028162, -0.426228, 0.400850, 1.000000, 0.000000, 0.000000, 0.000000, 0.683143, -0.730285, 0.000000, 0.730285, 0.683143),
      ["RightUpperArm"] = CFrame.new(0.124811, 0.035452, 0.179837, 0.952150, 0.291056, -0.093256, -0.155010, 0.722852, 0.673393, 0.263405, -0.626715, 0.733380),
      ["RightUpperLeg"] = CFrame.new(0.825993, -0.068397, -0.604820, 0.909746, 0.051490, -0.411959, 0.274246, 0.670433, 0.689426, 0.311690, -0.740181, 0.595803)
    }},
    { Time = 0.333, Data = {
      ["Balls"] = CFrame.new(0.444919, -0.261867, 0.000024, 0.836771, 0.547553, 0.000000, -0.547553, 0.836771, -0.000000, -0.000000, 0.000000, 1.000000),
      ["Head"] = CFrame.new(0.000000, 0.039620, -0.038150, 1.000000, -0.000000, 0.000000, 0.000000, 0.738237, 0.674542, -0.000000, -0.674542, 0.738237),
      ["LeftUpperArm"] = CFrame.new(-0.126990, 0.039835, 0.174374, 0.952183, -0.291380, 0.091897, 0.154928, 0.719719, 0.676758, -0.263334, -0.630160, 0.730447),
      ["LeftUpperLeg"] = CFrame.new(-0.828760, -0.038963, -0.639804, 0.909768, -0.051643, 0.411892, -0.274093, 0.670455, 0.689466, -0.311762, -0.740151, 0.595803),
      ["LowerTorso"] = CFrame.new(0.028162, -0.461657, 0.383501, 1.000000, 0.000000, 0.000000, 0.000000, 0.694380, -0.719609, 0.000000, 0.719609, 0.694380),
      ["RightUpperArm"] = CFrame.new(0.127025, 0.039821, 0.174370, 0.952162, 0.291458, -0.091865, -0.155006, 0.719698, 0.676762, 0.263363, -0.630148, 0.730447),
      ["RightUpperLeg"] = CFrame.new(0.827187, -0.039367, -0.640049, 0.909746, 0.051490, -0.411959, 0.274246, 0.670433, 0.689426, 0.311690, -0.740181, 0.595803)
    }},
    { Time = 0.350, Data = {
      ["Balls"] = CFrame.new(0.444918, -0.261867, 0.000024, 0.812714, 0.582663, 0.000000, -0.582663, 0.812714, -0.000000, -0.000000, 0.000000, 1.000000),
      ["Head"] = CFrame.new(0.000000, 0.039620, -0.038150, 1.000000, -0.000000, 0.000000, 0.000000, 0.740916, 0.671598, -0.000000, -0.671598, 0.740916),
      ["LeftUpperArm"] = CFrame.new(-0.129004, 0.043768, 0.169419, 0.952178, -0.291790, 0.090638, 0.154942, 0.716794, 0.679853, -0.263343, -0.633298, 0.727726),
      ["LeftUpperLeg"] = CFrame.new(-0.829850, -0.012701, -0.671680, 0.909768, -0.051643, 0.411892, -0.274093, 0.670455, 0.689466, -0.311762, -0.740151, 0.595803),
      ["LowerTorso"] = CFrame.new(0.028162, -0.493518, 0.367903, 1.000000, 0.000000, 0.000000, 0.000000, 0.704353, -0.709850, 0.000000, 0.709850, 0.704353),
      ["RightUpperArm"] = CFrame.new(0.129041, 0.043754, 0.169416, 0.952157, 0.291868, -0.090606, -0.155020, 0.716773, 0.679857, 0.263373, -0.633285, 0.727726),
      ["RightUpperLeg"] = CFrame.new(0.828268, -0.013102, -0.671924, 0.909746, 0.051490, -0.411959, 0.274246, 0.670433, 0.689426, 0.311690, -0.740181, 0.595803)
    }},
    { Time = 0.367, Data = {
      ["Balls"] = CFrame.new(0.444917, -0.261868, 0.000024, 0.789924, 0.613205, 0.000000, -0.613205, 0.789924, -0.000000, -0.000000, 0.000000, 1.000000),
      ["Cock"] = CFrame.new(-0.000003, -0.000025, -0.000009, 0.968602, 0.248618, 0.000000, -0.248618, 0.968602, -0.000000, -0.000000, 0.000000, 1.000000),
      ["Head"] = CFrame.new(0.000000, 0.039620, -0.038150, 1.000000, -0.000000, 0.000000, 0.000000, 0.743272, 0.668990, -0.000000, -0.668990, 0.743272),
      ["LeftUpperArm"] = CFrame.new(-0.130792, 0.047272, 0.164970, 0.952194, -0.292101, 0.089464, 0.154928, 0.714120, 0.682664, -0.263295, -0.636168, 0.725235),
      ["LeftUpperLeg"] = CFrame.new(-0.830825, 0.010797, -0.700201, 0.909768, -0.051643, 0.411892, -0.274093, 0.670455, 0.689466, -0.311762, -0.740151, 0.595803),
      ["LowerTorso"] = CFrame.new(0.028162, -0.521864, 0.354020, 1.000000, 0.000000, 0.000000, 0.000000, 0.713115, -0.701047, 0.000000, 0.701047, 0.713115),
      ["RightUpperArm"] = CFrame.new(0.130837, 0.047258, 0.164971, 0.952156, 0.292209, -0.089511, -0.154974, 0.714099, 0.682675, 0.263403, -0.636142, 0.725219),
      ["RightUpperLeg"] = CFrame.new(0.829235, 0.010399, -0.700443, 0.909746, 0.051490, -0.411959, 0.274246, 0.670433, 0.689426, 0.311690, -0.740181, 0.595803)
    }},
    { Time = 0.383, Data = {
      ["Balls"] = CFrame.new(0.444917, -0.261868, 0.000024, 0.768887, 0.639385, 0.000000, -0.639385, 0.768887, -0.000000, -0.000000, 0.000000, 1.000000),
      ["Head"] = CFrame.new(0.000000, 0.039620, -0.038150, 1.000000, -0.000000, 0.000000, 0.000000, 0.745370, 0.666651, -0.000000, -0.666651, 0.745370),
      ["LeftUpperArm"] = CFrame.new(-0.132388, 0.050376, 0.161071, 0.952176, -0.292444, 0.088528, 0.154924, 0.711806, 0.685077, -0.263362, -0.638599, 0.723071),
      ["LeftUpperLeg"] = CFrame.new(-0.831685, 0.031530, -0.725367, 0.909768, -0.051643, 0.411892, -0.274093, 0.670455, 0.689466, -0.311762, -0.740151, 0.595803),
      ["LowerTorso"] = CFrame.new(0.028162, -0.546873, 0.341950, 1.000000, 0.000000, 0.000000, 0.000000, 0.720844, -0.693098, 0.000000, 0.693098, 0.720844),
      ["RightUpperArm"] = CFrame.new(0.132426, 0.050362, 0.161068, 0.952155, 0.292522, -0.088496, -0.155002, 0.711785, 0.685081, 0.263392, -0.638587, 0.723071),
      ["RightUpperLeg"] = CFrame.new(0.830088, 0.031134, -0.725607, 0.909746, 0.051490, -0.411959, 0.274246, 0.670433, 0.689426, 0.311690, -0.740181, 0.595803)
    }},
    { Time = 0.400, Data = {
      ["Balls"] = CFrame.new(0.444916, -0.261868, 0.000023, 0.749969, 0.661472, 0.000000, -0.661472, 0.749969, -0.000000, -0.000000, 0.000000, 1.000000),
      ["Head"] = CFrame.new(0.000000, 0.039620, -0.038150, 1.000000, -0.000000, 0.000000, 0.000000, 0.747154, 0.664651, -0.000000, -0.664651, 0.747154),
      ["LeftUpperArm"] = CFrame.new(-0.133749, 0.053070, 0.157689, 0.952195, -0.292656, 0.087613, 0.154936, 0.709815, 0.687138, -0.263284, -0.640715, 0.721225),
      ["LeftUpperLeg"] = CFrame.new(-0.832431, 0.049499, -0.747177, 0.909768, -0.051643, 0.411892, -0.274093, 0.670455, 0.689466, -0.311762, -0.740151, 0.595803),
      ["LowerTorso"] = CFrame.new(0.028162, -0.568389, 0.331468, 1.000000, 0.000000, 0.000000, 0.000000, 0.727384, -0.686231, 0.000000, 0.686231, 0.727384),
      ["RightUpperArm"] = CFrame.new(0.133794, 0.053056, 0.157690, 0.952158, 0.292764, -0.087659, -0.154982, 0.709794, 0.687149, 0.263393, -0.640689, 0.721209),
      ["RightUpperLeg"] = CFrame.new(0.830827, 0.049105, -0.747416, 0.909746, 0.051490, -0.411959, 0.274246, 0.670433, 0.689426, 0.311690, -0.740181, 0.595803)
    }},
    { Time = 0.417, Data = {
      ["Balls"] = CFrame.new(0.444916, -0.261869, 0.000023, 0.733405, 0.679791, 0.000000, -0.679791, 0.733405, -0.000000, -0.000000, 0.000000, 1.000000),
      ["Head"] = CFrame.new(0.000000, 0.039620, -0.038150, 1.000000, -0.000000, 0.000000, 0.000000, 0.748686, 0.662925, -0.000000, -0.662925, 0.748686),
      ["LeftUpperArm"] = CFrame.new(-0.134920, 0.055333, 0.154822, 0.952182, -0.292911, 0.086910, 0.154933, 0.708066, 0.688940, -0.263335, -0.642531, 0.719589),
      ["LeftUpperLeg"] = CFrame.new(-0.833062, 0.064703, -0.765632, 0.909768, -0.051643, 0.411892, -0.274093, 0.670455, 0.689466, -0.311762, -0.740151, 0.595803),
      ["LowerTorso"] = CFrame.new(0.028162, -0.586641, 0.322752, 1.000000, 0.000000, 0.000000, 0.000000, 0.732964, -0.680267, 0.000000, 0.680267, 0.732964),
      ["RightUpperArm"] = CFrame.new(0.134958, 0.055319, 0.154819, 0.952161, 0.292988, -0.086877, -0.155011, 0.708045, 0.688944, 0.263366, -0.642518, 0.719589),
      ["RightUpperLeg"] = CFrame.new(0.831453, 0.064312, -0.765869, 0.909746, 0.051490, -0.411959, 0.274246, 0.670433, 0.689426, 0.311690, -0.740181, 0.595803)
    }},
    { Time = 0.433, Data = {
      ["Balls"] = CFrame.new(0.444915, -0.261869, 0.000023, 0.719552, 0.694439, 0.000000, -0.694439, 0.719552, -0.000000, -0.000000, 0.000000, 1.000000),
      ["Head"] = CFrame.new(0.000000, 0.039620, -0.038150, 1.000000, -0.000000, 0.000000, 0.000000, 0.749969, 0.661472, -0.000000, -0.661472, 0.749969),
      ["LeftUpperArm"] = CFrame.new(-0.135863, 0.057204, 0.152492, 0.952189, -0.293061, 0.086320, 0.154927, 0.706710, 0.690333, -0.263313, -0.643954, 0.718324),
      ["LeftUpperLeg"] = CFrame.new(-0.833578, 0.077143, -0.780732, 0.909768, -0.051643, 0.411892, -0.274093, 0.670455, 0.689466, -0.311762, -0.740151, 0.595803),
      ["LowerTorso"] = CFrame.new(0.028162, -0.601470, 0.315579, 1.000000, 0.000000, 0.000000, 0.000000, 0.737424, -0.675430, 0.000000, 0.675430, 0.737424),
      ["RightUpperArm"] = CFrame.new(0.135901, 0.057189, 0.152489, 0.952168, 0.293139, -0.086288, -0.155004, 0.706689, 0.690337, 0.263343, -0.643941, 0.718324),
      ["RightUpperLeg"] = CFrame.new(0.831965, 0.076753, -0.780968, 0.909746, 0.051490, -0.411959, 0.274246, 0.670433, 0.689426, 0.311690, -0.740181, 0.595803)
    }},
    { Time = 0.450, Data = {
      ["Balls"] = CFrame.new(0.444915, -0.261869, 0.000023, 0.708586, 0.705625, 0.000000, -0.705625, 0.708586, -0.000000, -0.000000, 0.000000, 1.000000),
      ["Head"] = CFrame.new(0.000000, 0.039620, -0.038150, 1.000000, -0.000000, 0.000000, 0.000000, 0.750945, 0.660365, -0.000000, -0.660365, 0.750945),
      ["LeftUpperArm"] = CFrame.new(-0.136609, 0.058645, 0.150670, 0.952180, -0.293225, 0.085864, 0.154937, 0.705601, 0.691463, -0.263341, -0.645094, 0.717291),
      ["LeftUpperLeg"] = CFrame.new(-0.833979, 0.086819, -0.792476, 0.909768, -0.051643, 0.411892, -0.274093, 0.670455, 0.689466, -0.311762, -0.740151, 0.595803),
      ["LowerTorso"] = CFrame.new(0.028162, -0.612963, 0.310000, 1.000000, 0.000000, 0.000000, 0.000000, 0.740854, -0.671667, 0.000000, 0.671667, 0.740854),
      ["RightUpperArm"] = CFrame.new(0.136647, 0.058630, 0.150668, 0.952159, 0.293303, -0.085832, -0.155015, 0.705580, 0.691468, 0.263371, -0.645082, 0.717290),
      ["RightUpperLeg"] = CFrame.new(0.832363, 0.086430, -0.792711, 0.909746, 0.051490, -0.411959, 0.274246, 0.670433, 0.689426, 0.311690, -0.740181, 0.595803)
    }},
    { Time = 0.467, Data = {
      ["Balls"] = CFrame.new(0.444915, -0.261869, 0.000023, 0.700691, 0.713465, 0.000000, -0.713465, 0.700691, -0.000000, -0.000000, 0.000000, 1.000000),
      ["Head"] = CFrame.new(0.000000, 0.039620, -0.038150, 1.000000, -0.000000, 0.000000, 0.000000, 0.751615, 0.659602, -0.000000, -0.659602, 0.751615),
      ["LeftUpperArm"] = CFrame.new(-0.137127, 0.059678, 0.149369, 0.952191, -0.293291, 0.085510, 0.154931, 0.704826, 0.692255, -0.263301, -0.645911, 0.716569),
      ["LeftUpperLeg"] = CFrame.new(-0.834266, 0.093730, -0.800864, 0.909768, -0.051643, 0.411892, -0.274093, 0.670455, 0.689466, -0.311762, -0.740151, 0.595803),
      ["LowerTorso"] = CFrame.new(0.028162, -0.621203, 0.306073, 1.000000, 0.000000, 0.000000, 0.000000, 0.743333, -0.668921, 0.000000, 0.668921, 0.743333),
      ["RightUpperArm"] = CFrame.new(0.137166, 0.059664, 0.149366, 0.952170, 0.293369, -0.085477, -0.155009, 0.704805, 0.692259, 0.263332, -0.645899, 0.716569),
      ["RightUpperLeg"] = CFrame.new(0.832648, 0.093342, -0.801099, 0.909746, 0.051490, -0.411959, 0.274246, 0.670433, 0.689426, 0.311690, -0.740181, 0.595803)
    }},
    { Time = 0.483, Data = {
      ["Balls"] = CFrame.new(0.444914, -0.261869, 0.000023, 0.695863, 0.718175, 0.000000, -0.718175, 0.695863, -0.000000, -0.000000, 0.000000, 1.000000),
      ["Head"] = CFrame.new(0.000000, 0.039620, -0.038150, 1.000000, -0.000000, 0.000000, 0.000000, 0.752041, 0.659117, -0.000000, -0.659117, 0.752041),
      ["LeftUpperArm"] = CFrame.new(-0.137450, 0.060283, 0.148576, 0.952187, -0.293370, 0.085288, 0.154943, 0.704301, 0.692786, -0.263312, -0.646447, 0.716082),
      ["LeftUpperLeg"] = CFrame.new(-0.834438, 0.097877, -0.805897, 0.909768, -0.051643, 0.411892, -0.274093, 0.670455, 0.689466, -0.311762, -0.740151, 0.595803),
      ["LowerTorso"] = CFrame.new(0.028162, -0.626141, 0.303720, 1.000000, 0.000000, 0.000000, 0.000000, 0.744816, -0.667270, 0.000000, 0.667270, 0.744816),
      ["RightUpperArm"] = CFrame.new(0.137488, 0.060268, 0.148573, 0.952166, 0.293448, -0.085256, -0.155021, 0.704280, 0.692790, 0.263342, -0.646434, 0.716082),
      ["RightUpperLeg"] = CFrame.new(0.832818, 0.097489, -0.806132, 0.909746, 0.051490, -0.411959, 0.274246, 0.670433, 0.689426, 0.311690, -0.740181, 0.595803)
    }},
    { Time = 0.500, Data = {
      ["Balls"] = CFrame.new(0.444914, -0.261869, 0.000023, 0.694245, 0.719739, 0.000000, -0.719739, 0.694245, -0.000000, -0.000000, 0.000000, 1.000000),
      ["Head"] = CFrame.new(0.000000, 0.039620, -0.038150, 1.000000, -0.000000, 0.000000, 0.000000, 0.752162, 0.658978, -0.000000, -0.658978, 0.752162),
      ["LeftUpperArm"] = CFrame.new(-0.137552, 0.060497, 0.148324, 0.952187, -0.293378, 0.085261, 0.154918, 0.704176, 0.692919, -0.263326, -0.646580, 0.715956),
      ["LeftUpperLeg"] = CFrame.new(-0.834495, 0.099259, -0.807575, 0.909768, -0.051643, 0.411892, -0.274093, 0.670455, 0.689466, -0.311762, -0.740151, 0.595803),
      ["LowerTorso"] = CFrame.new(0.028162, -0.627786, 0.302936, 1.000000, 0.000000, 0.000000, 0.000000, 0.745309, -0.666720, 0.000000, 0.666720, 0.745309),
      ["RightUpperArm"] = CFrame.new(0.137591, 0.060483, 0.148321, 0.952166, 0.293456, -0.085228, -0.154996, 0.704154, 0.692923, 0.263357, -0.646568, 0.715956),
      ["RightUpperLeg"] = CFrame.new(0.832875, 0.098871, -0.807810, 0.909746, 0.051490, -0.411959, 0.274246, 0.670433, 0.689426, 0.311690, -0.740181, 0.595803)
    }},
    { Time = 0.517, Data = {
      ["Balls"] = CFrame.new(0.444914, -0.261869, 0.000023, 0.695526, 0.718501, 0.000000, -0.718501, 0.695526, -0.000000, -0.000000, 0.000000, 1.000000),
      ["Head"] = CFrame.new(0.000000, 0.039620, -0.038150, 1.000000, -0.000000, 0.000000, 0.000000, 0.752101, 0.659048, -0.000000, -0.659048, 0.752101),
      ["LeftUpperArm"] = CFrame.new(-0.137415, 0.060196, 0.148645, 0.952187, -0.293366, 0.085302, 0.154955, 0.704364, 0.692719, -0.263304, -0.646380, 0.716145),
      ["LeftUpperLeg"] = CFrame.new(-0.834441, 0.098032, -0.806472, 0.909768, -0.051643, 0.411892, -0.274093, 0.670455, 0.689466, -0.311762, -0.740151, 0.595803),
      ["LowerTorso"] = CFrame.new(0.028162, -0.626552, 0.303741, 1.000000, 0.000000, 0.000000, 0.000000, 0.745001, -0.667064, 0.000000, 0.667064, 0.745001),
      ["RightUpperArm"] = CFrame.new(0.137453, 0.060181, 0.148643, 0.952166, 0.293444, -0.085270, -0.155033, 0.704343, 0.692723, 0.263335, -0.646368, 0.716145),
      ["RightUpperLeg"] = CFrame.new(0.832821, 0.097644, -0.806706, 0.909746, 0.051490, -0.411959, 0.274246, 0.670433, 0.689426, 0.311690, -0.740181, 0.595803)
    }},
    { Time = 0.533, Data = {
      ["Balls"] = CFrame.new(0.444915, -0.261869, 0.000023, 0.699354, 0.714776, 0.000000, -0.714776, 0.699354, -0.000000, -0.000000, 0.000000, 1.000000),
      ["Head"] = CFrame.new(0.000000, 0.039620, -0.038150, 1.000000, -0.000000, 0.000000, 0.000000, 0.751858, 0.659325, -0.000000, -0.659325, 0.751858),
      ["LeftUpperArm"] = CFrame.new(-0.137004, 0.059273, 0.149594, 0.952187, -0.293334, 0.085413, 0.155054, 0.704868, 0.692185, -0.263246, -0.645846, 0.716648),
      ["LeftUpperLeg"] = CFrame.new(-0.834276, 0.094351, -0.803163, 0.909768, -0.051643, 0.411892, -0.274093, 0.670455, 0.689466, -0.311762, -0.740151, 0.595803),
      ["LowerTorso"] = CFrame.new(0.028162, -0.622848, 0.306158, 1.000000, 0.000000, 0.000000, 0.000000, 0.744075, -0.668096, 0.000000, 0.668096, 0.744075),
      ["RightUpperArm"] = CFrame.new(0.137042, 0.059258, 0.149591, 0.952166, 0.293412, -0.085380, -0.155132, 0.704847, 0.692189, 0.263276, -0.645833, 0.716648),
      ["RightUpperLeg"] = CFrame.new(0.832657, 0.093963, -0.803397, 0.909746, 0.051490, -0.411959, 0.274246, 0.670433, 0.689426, 0.311690, -0.740181, 0.595803)
    }},
    { Time = 0.550, Data = {
      ["Balls"] = CFrame.new(0.444915, -0.261869, 0.000023, 0.705745, 0.708466, 0.000000, -0.708466, 0.705745, -0.000000, -0.000000, 0.000000, 1.000000),
      ["Head"] = CFrame.new(0.000000, 0.039620, -0.038150, 1.000000, -0.000000, 0.000000, 0.000000, 0.751554, 0.659671, -0.000000, -0.659671, 0.751554),
      ["LeftUpperArm"] = CFrame.new(-0.136319, 0.057729, 0.151169, 0.952187, -0.293282, 0.085592, 0.155215, 0.705685, 0.691316, -0.263151, -0.644977, 0.717465),
      ["LeftUpperLeg"] = CFrame.new(-0.834002, 0.088215, -0.797647, 0.909768, -0.051643, 0.411892, -0.274093, 0.670455, 0.689466, -0.311762, -0.740151, 0.595803),
      ["LowerTorso"] = CFrame.new(0.028162, -0.616609, 0.310118, 1.000000, 0.000000, 0.000000, 0.000000, 0.742467, -0.669883, 0.000000, 0.669883, 0.742467),
      ["RightUpperArm"] = CFrame.new(0.136357, 0.057715, 0.151166, 0.952166, 0.293360, -0.085559, -0.155293, 0.705663, 0.691320, 0.263182, -0.644964, 0.717465),
      ["RightUpperLeg"] = CFrame.new(0.832385, 0.087828, -0.797882, 0.909746, 0.051490, -0.411959, 0.274246, 0.670433, 0.689426, 0.311690, -0.740181, 0.595803)
    }},
    { Time = 0.567, Data = {
      ["Balls"] = CFrame.new(0.444915, -0.261869, 0.000023, 0.714487, 0.699649, 0.000000, -0.699649, 0.714487, -0.000000, -0.000000, 0.000000, 1.000000),
      ["Head"] = CFrame.new(0.000000, 0.039620, -0.038150, 1.000000, -0.000000, 0.000000, 0.000000, 0.751067, 0.660226, -0.000000, -0.660226, 0.751067),
      ["LeftUpperArm"] = CFrame.new(-0.135380, 0.055575, 0.153391, 0.952166, -0.293283, 0.085821, 0.155528, 0.706855, 0.690049, -0.263043, -0.643693, 0.718657),
      ["LeftUpperLeg"] = CFrame.new(-0.833619, 0.079626, -0.789926, 0.909768, -0.051643, 0.411892, -0.274093, 0.670455, 0.689466, -0.311762, -0.740151, 0.595803),
