return {
  ["Astros recive blowjob"] = {
    { Time = 0.000, Data = {
      ["Balls"] = CFrame.new(0.042109, -0.001469, 0.093627, 0.981036, 0.034859, 0.190666, -0.034214, 0.999392, -0.006676, -0.190782, 0.000026, 0.981632),
      ["Cock"] = CFrame.new(0.040484, -0.001344, 0.094738, 0.919961, 0.034886, 0.390455, -0.032099, 0.999391, -0.013664, -0.390694, 0.000037, 0.920521),
      ["Head"] = CFrame.new(-0.006509, 0.043052, -0.068614, 0.996471, -0.080082, 0.025158, 0.021172, 0.529796, 0.847861, -0.081227, -0.844336, 0.529622),
      ["LeftUpperArm"] = CFrame.new(-0.259967, -0.468107, -0.122971, 0.872361, -0.365782, -0.324330, -0.213345, 0.312069, -0.925796, 0.439852, 0.876822, 0.194199),
      ["LeftUpperLeg"] = CFrame.new(-0.001720, -0.015322, -0.038497, 0.996561, 0.026430, 0.078540, -0.030645, 0.998127, 0.052945, -0.076994, -0.055170, 0.995504),
      ["LowerTorso"] = CFrame.new(0.000000, 0.000558, -0.106644, 1.000000, 0.000000, 0.000000, 0.000000, 0.999442, -0.033402, 0.000000, 0.033402, 0.999442),
      ["RightUpperArm"] = CFrame.new(0.000000, -0.000270, -0.011916, 1.000000, -0.000000, 0.000000, 0.000000, 0.998973, 0.045307, -0.000000, -0.045307, 0.998973),
      ["RightUpperLeg"] = CFrame.new(0.003928, -0.023889, -0.057789, 0.992149, -0.042836, -0.117498, 0.047776, 0.998075, 0.039554, 0.115578, -0.044857, 0.992285),
      ["Tip"] = CFrame.new(-0.044859, 0.015325, -0.019209, 0.997567, -0.001212, 0.069698, -0.000004, 0.999848, 0.017447, -0.069708, -0.017405, 0.997416),
      ["cuumer"] = CFrame.new(0.023437, -0.001257, 0.027191, 0.999391, 0.001560, -0.034869, -0.001548, 0.999999, 0.000372, 0.034869, -0.000318, 0.999392),
      ["rings"] = CFrame.new(0.000111, -0.006669, -0.000810, 0.997487, -0.070837, -0.001639, 0.070812, 0.997415, -0.012237, 0.002502, 0.012090, 0.999924),
      ["x_C3"] = CFrame.new(-0.332764, -0.046885, 0.097718, 0.930505, -0.038146, 0.364287, -0.000034, 0.994553, 0.104231, -0.366279, -0.097000, 0.925435)
    }},
    { Time = 0.017, Data = {
      ["Head"] = CFrame.new(-0.006509, 0.043052, -0.068614, 0.996471, -0.080084, 0.025154, 0.021168, 0.529712, 0.847913, -0.081228, -0.844388, 0.529538),
      ["LeftUpperArm"] = CFrame.new(-0.260130, -0.468217, -0.122844, 0.872258, -0.366013, -0.324345, -0.213316, 0.312052, -0.925808, 0.440070, 0.876732, 0.194113),
      ["LeftUpperLeg"] = CFrame.new(-0.001720, -0.015322, -0.038497, 0.996561, 0.026430, 0.078540, -0.030645, 0.998127, 0.052945, -0.076994, -0.055170, 0.995504),
      ["LowerTorso"] = CFrame.new(0.000000, 0.000558, -0.106644, 1.000000, 0.000000, 0.000000, 0.000000, 0.999442, -0.033402, 0.000000, 0.033402, 0.999442),
      ["RightUpperArm"] = CFrame.new(0.000000, -0.000270, -0.011916, 1.000000, -0.000000, 0.000000, 0.000000, 0.998973, 0.045307, -0.000000, -0.045307, 0.998973),
      ["RightUpperLeg"] = CFrame.new(0.003928, -0.023886, -0.057790, 0.992149, -0.042841, -0.117496, 0.047771, 0.998078, 0.039468, 0.115580, -0.044771, 0.992289),
      ["x_C3"] = CFrame.new(-0.332759, -0.046945, 0.097730, 0.930503, -0.038263, 0.364279, 0.000018, 0.994534, 0.104416, -0.366283, -0.097153, 0.925418)
    }},
    { Time = 0.033, Data = {
      ["Head"] = CFrame.new(-0.006509, 0.043052, -0.068614, 0.996471, -0.080085, 0.025150, 0.021164, 0.529629, 0.847965, -0.081229, -0.844440, 0.529454),
      ["LeftUpperArm"] = CFrame.new(-0.260657, -0.468578, -0.122471, 0.871933, -0.366855, -0.324268, -0.213121, 0.311882, -0.925910, 0.440809, 0.876440, 0.193756),
      ["LeftUpperLeg"] = CFrame.new(-0.001720, -0.015321, -0.038498, 0.996561, 0.026434, 0.078539, -0.030641, 0.998132, 0.052859, -0.076995, -0.055084, 0.995509),
      ["LowerTorso"] = CFrame.new(0.000000, 0.000555, -0.106558, 1.000000, 0.000000, 0.000000, 0.000000, 0.999445, -0.033316, 0.000000, 0.033316, 0.999445),
      ["RightUpperArm"] = CFrame.new(0.000000, -0.000270, -0.011916, 1.000000, -0.000000, 0.000000, 0.000000, 0.998973, 0.045307, -0.000000, -0.045307, 0.998973),
      ["RightUpperLeg"] = CFrame.new(0.003928, -0.023884, -0.057791, 0.992149, -0.042846, -0.117495, 0.047766, 0.998082, 0.039381, 0.115582, -0.044685, 0.992292),
      ["x_C3"] = CFrame.new(-0.332744, -0.047126, 0.097767, 0.930502, -0.038412, 0.364268, 0.000039, 0.994496, 0.104770, -0.366287, -0.097475, 0.925382)
    }},
    { Time = 0.050, Data = {
      ["Head"] = CFrame.new(-0.006509, 0.043052, -0.068614, 0.996471, -0.080087, 0.025142, 0.021156, 0.529462, 0.848070, -0.081231, -0.844545, 0.529287),
      ["LeftUpperArm"] = CFrame.new(-0.261526, -0.469185, -0.121842, 0.871358, -0.368227, -0.324261, -0.212946, 0.311576, -0.926053, 0.442029, 0.875974, 0.193082),
      ["LeftUpperLeg"] = CFrame.new(-0.001718, -0.015274, -0.038500, 0.996563, 0.026354, 0.078534, -0.030548, 0.998144, 0.052690, -0.077000, -0.054908, 0.995518),
      ["LowerTorso"] = CFrame.new(0.000000, 0.000552, -0.106472, 1.000000, 0.000000, 0.000000, 0.000000, 0.999448, -0.033229, 0.000000, 0.033229, 0.999448),
      ["RightUpperArm"] = CFrame.new(0.000000, -0.000270, -0.011916, 1.000000, -0.000000, 0.000000, 0.000000, 0.998973, 0.045307, -0.000000, -0.045307, 0.998973),
      ["RightUpperLeg"] = CFrame.new(0.003928, -0.023881, -0.057792, 0.992149, -0.042851, -0.117493, 0.047761, 0.998086, 0.039295, 0.115584, -0.044598, 0.992296),
      ["x_C3"] = CFrame.new(-0.332720, -0.047428, 0.097828, 0.930500, -0.038625, 0.364249, -0.000006, 0.994423, 0.105462, -0.366292, -0.098134, 0.925311)
    }},
    { Time = 0.067, Data = {
      ["Head"] = CFrame.new(-0.006509, 0.043052, -0.068614, 0.996471, -0.080090, 0.025134, 0.021148, 0.529294, 0.848175, -0.081233, -0.844650, 0.529120),
      ["LeftUpperArm"] = CFrame.new(-0.262742, -0.470042, -0.120960, 0.870564, -0.370143, -0.324211, -0.212673, 0.311125, -0.926268, 0.443721, 0.875326, 0.192135),
      ["LeftUpperLeg"] = CFrame.new(-0.001719, -0.015269, -0.038502, 0.996563, 0.026365, 0.078531, -0.030538, 0.998157, 0.052432, -0.077004, -0.054650, 0.995532),
      ["LowerTorso"] = CFrame.new(0.000000, 0.000547, -0.106299, 1.000000, 0.000000, 0.000000, 0.000000, 0.999453, -0.033057, 0.000000, 0.033057, 0.999453),
      ["RightUpperArm"] = CFrame.new(0.000000, -0.000270, -0.011916, 1.000000, -0.000000, 0.000000, 0.000000, 0.998973, 0.045307, -0.000000, -0.045307, 0.998973),
      ["RightUpperLeg"] = CFrame.new(0.003928, -0.023874, -0.057795, 0.992149, -0.042866, -0.117487, 0.047746, 0.998096, 0.039037, 0.115590, -0.044340, 0.992307),
      ["x_C3"] = CFrame.new(-0.332687, -0.047850, 0.097913, 0.930497, -0.038970, 0.364221, -0.000014, 0.994321, 0.106423, -0.366300, -0.099031, 0.925212)
    }},
    { Time = 0.083, Data = {
      ["Head"] = CFrame.new(-0.006509, 0.043052, -0.068614, 0.996466, -0.080170, 0.025076, 0.021207, 0.528955, 0.848385, -0.081279, -0.844855, 0.528786),
      ["LeftUpperArm"] = CFrame.new(-0.264270, -0.471119, -0.119822, 0.869602, -0.372470, -0.324129, -0.212292, 0.310635, -0.926519, 0.445786, 0.874513, 0.191056),
      ["LeftUpperLeg"] = CFrame.new(-0.001719, -0.015264, -0.038504, 0.996563, 0.026375, 0.078528, -0.030528, 0.998171, 0.052173, -0.077008, -0.054391, 0.995546),
      ["LowerTorso"] = CFrame.new(0.000000, 0.000541, -0.106126, 1.000000, 0.000000, 0.000000, 0.000000, 0.999459, -0.032884, 0.000000, 0.032884, 0.999459),
      ["RightUpperArm"] = CFrame.new(0.000000, -0.000270, -0.011916, 1.000000, -0.000000, 0.000000, 0.000000, 0.998973, 0.045307, -0.000000, -0.045307, 0.998973),
      ["RightUpperLeg"] = CFrame.new(0.003926, -0.023823, -0.057799, 0.992153, -0.042796, -0.117480, 0.047645, 0.998111, 0.038784, 0.115598, -0.044077, 0.992318),
      ["x_C3"] = CFrame.new(-0.332643, -0.048394, 0.098023, 0.930492, -0.039449, 0.364183, 0.000015, 0.994188, 0.107653, -0.366313, -0.100165, 0.925085)
    }},
    { Time = 0.100, Data = {
      ["Head"] = CFrame.new(-0.006509, 0.043052, -0.068614, 0.996466, -0.080175, 0.025060, 0.021191, 0.528620, 0.848594, -0.081283, -0.845064, 0.528451),
      ["LeftUpperArm"] = CFrame.new(-0.266175, -0.472450, -0.118444, 0.868362, -0.375455, -0.324008, -0.211802, 0.309986, -0.926849, 0.448428, 0.873466, 0.189658),
      ["LeftUpperLeg"] = CFrame.new(-0.001717, -0.015214, -0.038508, 0.996565, 0.026302, 0.078521, -0.030429, 0.998192, 0.051832, -0.077016, -0.054043, 0.995564),
      ["LowerTorso"] = CFrame.new(0.000000, 0.000535, -0.105954, 1.000000, 0.000000, 0.000000, 0.000000, 0.999465, -0.032712, 0.000000, 0.032712, 0.999465),
      ["RightUpperArm"] = CFrame.new(0.000000, -0.000270, -0.011916, 1.000000, -0.000000, 0.000000, 0.000000, 0.998973, 0.045307, -0.000000, -0.045307, 0.998973),
      ["RightUpperLeg"] = CFrame.new(0.003926, -0.023813, -0.057803, 0.992153, -0.042816, -0.117473, 0.047625, 0.998125, 0.038440, 0.115607, -0.043732, 0.992332),
      ["x_C3"] = CFrame.new(-0.332590, -0.049057, 0.098157, 0.930518, -0.039970, 0.364057, -0.000000, 0.994027, 0.109137, -0.366245, -0.101554, 0.924960)
    }},
    { Time = 0.117, Data = {
      ["Head"] = CFrame.new(-0.006509, 0.043052, -0.068614, 0.996471, -0.080139, 0.024965, 0.021213, 0.528202, 0.848854, -0.081213, -0.845329, 0.528038),
      ["LeftUpperArm"] = CFrame.new(-0.268421, -0.474029, -0.116816, 0.866857, -0.378965, -0.323950, -0.211337, 0.309193, -0.927220, 0.451547, 0.872230, 0.187937),
      ["LeftUpperLeg"] = CFrame.new(-0.001717, -0.015208, -0.038510, 0.996565, 0.026316, 0.078516, -0.030416, 0.998210, 0.051487, -0.077021, -0.053699, 0.995582),
      ["LowerTorso"] = CFrame.new(0.000000, 0.000527, -0.105695, 1.000000, 0.000000, 0.000000, 0.000000, 0.999473, -0.032453, 0.000000, 0.032453, 0.999473),
      ["RightUpperArm"] = CFrame.new(0.000000, -0.000270, -0.011916, 1.000000, -0.000000, 0.000000, 0.000000, 0.998973, 0.045307, -0.000000, -0.045307, 0.998973),
      ["RightUpperLeg"] = CFrame.new(0.003924, -0.023760, -0.057808, 0.992157, -0.042750, -0.117463, 0.047519, 0.998143, 0.038100, 0.115617, -0.043383, 0.992346),
      ["x_C3"] = CFrame.new(-0.332528, -0.049842, 0.098316, 0.930511, -0.040629, 0.364003, 0.000016, 0.993833, 0.110889, -0.366263, -0.103178, 0.924773)
    }},
    { Time = 0.133, Data = {
      ["Head"] = CFrame.new(-0.006509, 0.043052, -0.068614, 0.996471, -0.080147, 0.024941, 0.021189, 0.527700, 0.849167, -0.081220, -0.845641, 0.527536),
      ["LeftUpperArm"] = CFrame.new(-0.270995, -0.475833, -0.114940, 0.865161, -0.382949, -0.323801, -0.210704, 0.308344, -0.927646, 0.455084, 0.870789, 0.186078),
      ["LeftUpperLeg"] = CFrame.new(-0.001716, -0.015154, -0.038516, 0.996568, 0.026250, 0.078507, -0.030310, 0.998240, 0.050974, -0.077031, -0.053178, 0.995610),
      ["LowerTorso"] = CFrame.new(0.000000, 0.000518, -0.105436, 1.000000, 0.000000, 0.000000, 0.000000, 0.999482, -0.032194, 0.000000, 0.032194, 0.999482),
      ["RightUpperArm"] = CFrame.new(0.000000, -0.000270, -0.011916, 1.000000, -0.000000, 0.000000, 0.000000, 0.998973, 0.045307, -0.000000, -0.045307, 0.998973),
      ["RightUpperLeg"] = CFrame.new(0.003924, -0.023745, -0.057814, 0.992157, -0.042781, -0.117452, 0.047489, 0.998164, 0.037584, 0.115629, -0.042867, 0.992367),
      ["x_C3"] = CFrame.new(-0.332456, -0.050748, 0.098499, 0.930504, -0.041352, 0.363940, -0.000032, 0.993597, 0.112979, -0.366281, -0.105139, 0.924545)
    }},
    { Time = 0.150, Data = {
      ["Head"] = CFrame.new(-0.006509, 0.043052, -0.068614, 0.996471, -0.080155, 0.024914, 0.021161, 0.527113, 0.849532, -0.081227, -0.846006, 0.526949),
      ["LeftUpperArm"] = CFrame.new(-0.273927, -0.477891, -0.112824, 0.863177, -0.387521, -0.323655, -0.210034, 0.307334, -0.928133, 0.459142, 0.869122, 0.183891),
      ["LeftUpperLeg"] = CFrame.new(-0.001715, -0.015101, -0.038521, 0.996570, 0.026184, 0.078498, -0.030203, 0.998269, 0.050460, -0.077041, -0.052658, 0.995636),
      ["LowerTorso"] = CFrame.new(0.000000, 0.000507, -0.105091, 1.000000, 0.000000, 0.000000, 0.000000, 0.999493, -0.031849, 0.000000, 0.031849, 0.999493),
      ["RightUpperArm"] = CFrame.new(0.000000, -0.000270, -0.011916, 1.000000, -0.000000, 0.000000, 0.000000, 0.998973, 0.045307, -0.000000, -0.045307, 0.998973),
      ["RightUpperLeg"] = CFrame.new(0.003917, -0.023689, -0.057777, 0.992171, -0.042722, -0.117356, 0.047376, 0.998186, 0.037160, 0.115555, -0.042429, 0.992394),
      ["x_C3"] = CFrame.new(-0.332374, -0.051774, 0.098707, 0.930495, -0.042192, 0.363867, -0.000028, 0.993336, 0.115253, -0.366305, -0.107253, 0.924293)
    }},
    { Time = 0.167, Data = {
      ["Head"] = CFrame.new(-0.006509, 0.043052, -0.068614, 0.996466, -0.080239, 0.024844, 0.021208, 0.526521, 0.849897, -0.081276, -0.846367, 0.526362),
      ["LeftUpperArm"] = CFrame.new(-0.277192, -0.480203, -0.110458, 0.860986, -0.392582, -0.323391, -0.209228, 0.306159, -0.928704, 0.463601, 0.867264, 0.181460),
      ["LeftUpperLeg"] = CFrame.new(-0.001715, -0.015089, -0.038525, 0.996570, 0.026208, 0.078490, -0.030180, 0.998300, 0.049857, -0.077050, -0.052055, 0.995667),
      ["LowerTorso"] = CFrame.new(0.000000, 0.000496, -0.104746, 1.000000, 0.000000, 0.000000, 0.000000, 0.999504, -0.031504, 0.000000, 0.031504, 0.999504),
      ["RightUpperArm"] = CFrame.new(0.000000, -0.000270, -0.011916, 1.000000, -0.000000, 0.000000, 0.000000, 0.998973, 0.045307, -0.000000, -0.045307, 0.998973),
      ["RightUpperLeg"] = CFrame.new(0.003917, -0.023671, -0.057785, 0.992171, -0.042757, -0.117343, 0.047341, 0.998210, 0.036558, 0.115570, -0.041826, 0.992418),
      ["x_C3"] = CFrame.new(-0.332283, -0.052920, 0.098939, 0.930516, -0.043176, 0.363698, 0.000002, 0.993028, 0.117881, -0.366252, -0.109689, 0.924028)
    }},
    { Time = 0.183, Data = {
      ["Head"] = CFrame.new(-0.006509, 0.043052, -0.068614, 0.996471, -0.080209, 0.024733, 0.021214, 0.525766, 0.850364, -0.081210, -0.846839, 0.525613),
      ["LeftUpperArm"] = CFrame.new(-0.280791, -0.482741, -0.107855, 0.858503, -0.398141, -0.323196, -0.208432, 0.304925, -0.929288, 0.468539, 0.865161, 0.178794),
      ["LeftUpperLeg"] = CFrame.new(-0.001714, -0.015034, -0.038531, 0.996573, 0.026145, 0.078480, -0.030071, 0.998333, 0.049257, -0.077062, -0.051448, 0.995698),
      ["LowerTorso"] = CFrame.new(0.000000, 0.000486, -0.104401, 1.000000, 0.000000, 0.000000, 0.000000, 0.999514, -0.031158, 0.000000, 0.031158, 0.999514),
      ["RightUpperArm"] = CFrame.new(0.000000, -0.000270, -0.011916, 1.000000, -0.000000, 0.000000, 0.000000, 0.998973, 0.045307, -0.000000, -0.045307, 0.998973),
      ["RightUpperLeg"] = CFrame.new(0.003915, -0.023610, -0.057793, 0.992175, -0.042707, -0.117328, 0.047220, 0.998237, 0.035960, 0.115586, -0.041219, 0.992442),
      ["x_C3"] = CFrame.new(-0.332182, -0.054188, 0.099196, 0.930504, -0.044212, 0.363603, -0.000022, 0.992682, 0.120760, -0.366281, -0.112376, 0.923694)
    }},
    { Time = 0.200, Data = {
      ["Head"] = CFrame.new(-0.006510, 0.043052, -0.068614, 0.996471, -0.080220, 0.024697, 0.021178, 0.525011, 0.850832, -0.081220, -0.847306, 0.524857),
      ["LeftUpperArm"] = CFrame.new(-0.284751, -0.485539, -0.105019, 0.855740, -0.404299, -0.322879, -0.207492, 0.303504, -0.929964, 0.473979, 0.862802, 0.175832),
      ["LeftUpperLeg"] = CFrame.new(-0.001713, -0.014978, -0.038537, 0.996575, 0.026086, 0.078469, -0.029958, 0.998370, 0.048571, -0.077074, -0.050756, 0.995733),
      ["LowerTorso"] = CFrame.new(0.000000, 0.000472, -0.103969, 1.000000, 0.000000, 0.000000, 0.000000, 0.999528, -0.030727, 0.000000, 0.030727, 0.999528),
      ["RightUpperArm"] = CFrame.new(0.000000, -0.000270, -0.011916, 1.000000, -0.000000, 0.000000, 0.000000, 0.998973, 0.045307, -0.000000, -0.045307, 0.998973),
      ["RightUpperLeg"] = CFrame.new(0.003913, -0.023545, -0.057803, 0.992178, -0.042666, -0.117310, 0.047089, 0.998271, 0.035190, 0.115606, -0.040439, 0.992472),
      ["x_C3"] = CFrame.new(-0.332071, -0.055576, 0.099476, 0.930490, -0.045364, 0.363496, 0.000006, 0.992304, 0.123824, -0.366316, -0.115215, 0.923330)
    }},
    { Time = 0.217, Data = {
      ["Head"] = CFrame.new(-0.006509, 0.043052, -0.068614, 0.996466, -0.080306, 0.024620, 0.021217, 0.524250, 0.851300, -0.081271, -0.847770, 0.524101),
      ["LeftUpperArm"] = CFrame.new(-0.289032, -0.488567, -0.101946, 0.852709, -0.410903, -0.322563, -0.206518, 0.302013, -0.930665, 0.479831, 0.860202, 0.172670),
      ["LeftUpperLeg"] = CFrame.new(-0.001711, -0.014920, -0.038544, 0.996578, 0.026031, 0.078457, -0.029841, 0.998411, 0.047799, -0.077088, -0.049977, 0.995771),
      ["LowerTorso"] = CFrame.new(0.000000, 0.000456, -0.103451, 1.000000, 0.000000, 0.000000, 0.000000, 0.999544, -0.030209, 0.000000, 0.030209, 0.999544),
      ["RightUpperArm"] = CFrame.new(0.000000, -0.000270, -0.011916, 1.000000, -0.000000, 0.000000, 0.000000, 0.998973, 0.045307, -0.000000, -0.045307, 0.998973),
      ["RightUpperLeg"] = CFrame.new(0.003911, -0.023481, -0.057812, 0.992182, -0.042621, -0.117294, 0.046963, 0.998300, 0.034506, 0.115624, -0.039745, 0.992498),
      ["x_C3"] = CFrame.new(-0.331951, -0.057085, 0.099782, 0.930508, -0.046575, 0.363297, -0.000025, 0.991874, 0.127224, -0.366270, -0.118392, 0.922946)
    }},
    { Time = 0.233, Data = {
      ["Head"] = CFrame.new(-0.006509, 0.043052, -0.068614, 0.996466, -0.080319, 0.024576, 0.021172, 0.523325, 0.851870, -0.081283, -0.848340, 0.523176),
      ["LeftUpperArm"] = CFrame.new(-0.293654, -0.491855, -0.098639, 0.849387, -0.418032, -0.322165, -0.205476, 0.300334, -0.931440, 0.486129, 0.857350, 0.169204),
      ["LeftUpperLeg"] = CFrame.new(-0.001705, -0.014815, -0.038510, 0.996589, 0.025894, 0.078356, -0.029634, 0.998458, 0.046946, -0.077019, -0.049107, 0.995820),
      ["LowerTorso"] = CFrame.new(0.000000, 0.000443, -0.103020, 1.000000, 0.000000, 0.000000, 0.000000, 0.999557, -0.029778, 0.000000, 0.029778, 0.999557),
      ["RightUpperArm"] = CFrame.new(0.000000, -0.000270, -0.011916, 1.000000, -0.000000, 0.000000, 0.000000, 0.998973, 0.045307, -0.000000, -0.045307, 0.998973),
      ["RightUpperLeg"] = CFrame.new(0.003909, -0.023413, -0.057823, 0.992186, -0.042585, -0.117274, 0.046827, 0.998336, 0.033650, 0.115646, -0.038879, 0.992529),
      ["x_C3"] = CFrame.new(-0.331821, -0.058715, 0.100112, 0.930492, -0.047924, 0.363164, -0.000025, 0.991397, 0.130891, -0.366313, -0.121802, 0.922485)
    }},
    { Time = 0.250, Data = {
      ["Head"] = CFrame.new(-0.006509, 0.043052, -0.068614, 0.996471, -0.080291, 0.024457, 0.021170, 0.522399, 0.852438, -0.081219, -0.848913, 0.522255),
      ["LeftUpperArm"] = CFrame.new(-0.298613, -0.495379, -0.095108, 0.845763, -0.425666, -0.321704, -0.204342, 0.298559, -0.932259, 0.492879, 0.854208, 0.165529),
      ["LeftUpperLeg"] = CFrame.new(-0.001704, -0.014756, -0.038517, 0.996592, 0.025842, 0.078342, -0.029514, 0.998501, 0.046087, -0.077034, -0.048242, 0.995861),
      ["LowerTorso"] = CFrame.new(0.000000, 0.000426, -0.102416, 1.000000, 0.000000, 0.000000, 0.000000, 0.999574, -0.029174, 0.000000, 0.029174, 0.999574),
      ["RightUpperArm"] = CFrame.new(0.000000, -0.000270, -0.011916, 1.000000, -0.000000, 0.000000, 0.000000, 0.998973, 0.045307, -0.000000, -0.045307, 0.998973),
      ["RightUpperLeg"] = CFrame.new(0.003902, -0.023345, -0.057791, 0.992200, -0.042552, -0.117168, 0.046689, 0.998371, 0.032796, 0.115582, -0.038011, 0.992570),
      ["x_C3"] = CFrame.new(-0.331682, -0.060465, 0.100466, 0.930505, -0.049415, 0.362932, 0.000000, 0.990858, 0.134910, -0.366280, -0.125535, 0.921998)
    }},
    { Time = 0.267, Data = {
      ["Head"] = CFrame.new(-0.006509, 0.043052, -0.068614, 0.996466, -0.080380, 0.024367, 0.021197, 0.521383, 0.853060, -0.081274, -0.849529, 0.521244),
      ["LeftUpperArm"] = CFrame.new(-0.303895, -0.499163, -0.091340, 0.841836, -0.433754, -0.321201, -0.203216, 0.296593, -0.933132, 0.500016, 0.850818, 0.161537),
      ["LeftUpperLeg"] = CFrame.new(-0.001703, -0.014694, -0.038525, 0.996594, 0.025793, 0.078328, -0.029391, 0.998548, 0.045143, -0.077050, -0.047291, 0.995905),
      ["LowerTorso"] = CFrame.new(0.000000, 0.000411, -0.101898, 1.000000, 0.000000, 0.000000, 0.000000, 0.999589, -0.028656, 0.000000, 0.028656, 0.999589),
      ["RightUpperArm"] = CFrame.new(0.000000, -0.000270, -0.011916, 1.000000, -0.000000, 0.000000, 0.000000, 0.998973, 0.045307, -0.000000, -0.045307, 0.998973),
      ["RightUpperLeg"] = CFrame.new(0.003900, -0.023274, -0.057803, 0.992204, -0.042521, -0.117147, 0.046548, 0.998408, 0.031854, 0.115606, -0.037059, 0.992604),
      ["x_C3"] = CFrame.new(-0.331533, -0.062336, 0.100844, 0.930517, -0.050938, 0.362690, -0.000007, 0.990279, 0.139096, -0.366249, -0.129434, 0.921471)
    }},
    { Time = 0.283, Data = {
      ["Head"] = CFrame.new(-0.006509, 0.043052, -0.068614, 0.996472, -0.080354, 0.024240, 0.021187, 0.520286, 0.853729, -0.081212, -0.850203, 0.520153),
      ["LeftUpperArm"] = CFrame.new(-0.309510, -0.503188, -0.087357, 0.837580, -0.442337, -0.320620, -0.202010, 0.294518, -0.934051, 0.507594, 0.847111, 0.157326),
      ["LeftUpperLeg"] = CFrame.new(-0.001701, -0.014588, -0.038535, 0.996599, 0.025661, 0.078311, -0.029179, 0.998600, 0.044115, -0.077069, -0.046250, 0.995952),
      ["LowerTorso"] = CFrame.new(0.000000, 0.000391, -0.101208, 1.000000, 0.000000, 0.000000, 0.000000, 0.999609, -0.027966, 0.000000, 0.027966, 0.999609),
      ["RightUpperArm"] = CFrame.new(0.000000, -0.000270, -0.011916, 1.000000, -0.000000, 0.000000, 0.000000, 0.998973, 0.045307, -0.000000, -0.045307, 0.998973),
      ["RightUpperLeg"] = CFrame.new(0.003896, -0.023160, -0.057815, 0.992212, -0.042405, -0.117124, 0.046321, 0.998448, 0.030917, 0.115631, -0.036101, 0.992636),
      ["x_C3"] = CFrame.new(-0.331374, -0.064328, 0.101247, 0.930494, -0.052598, 0.362511, 0.000016, 0.989643, 0.143548, -0.366307, -0.133565, 0.920858)
    }},
    { Time = 0.300, Data = {
      ["Head"] = CFrame.new(-0.006509, 0.043052, -0.068614, 0.996467, -0.080446, 0.024142, 0.021206, 0.519099, 0.854451, -0.081269, -0.850920, 0.518970),
      ["LeftUpperArm"] = CFrame.new(-0.315458, -0.507455, -0.083159, 0.832981, -0.451411, -0.319954, -0.200730, 0.292323, -0.935016, 0.515607, 0.843075, 0.152888),
      ["LeftUpperLeg"] = CFrame.new(-0.001700, -0.014524, -0.038543, 0.996601, 0.025615, 0.078296, -0.029053, 0.998649, 0.043084, -0.077086, -0.045213, 0.995999),
      ["LowerTorso"] = CFrame.new(0.000000, 0.000374, -0.100604, 1.000000, 0.000000, 0.000000, 0.000000, 0.999626, -0.027362, 0.000000, 0.027362, 0.999626),
      ["RightUpperArm"] = CFrame.new(0.000000, -0.000270, -0.011916, 1.000000, -0.000000, 0.000000, 0.000000, 0.998973, 0.045307, -0.000000, -0.045307, 0.998973),
      ["RightUpperLeg"] = CFrame.new(0.003895, -0.023087, -0.057828, 0.992215, -0.042380, -0.117100, 0.046175, 0.998486, 0.029888, 0.115656, -0.035063, 0.992670),
      ["x_C3"] = CFrame.new(-0.331206, -0.066441, 0.101675, 0.930503, -0.054315, 0.362236, -0.000019, 0.988937, 0.148335, -0.366285, -0.138033, 0.920208)
    }},
    { Time = 0.317, Data = {
      ["Head"] = CFrame.new(-0.006509, 0.043052, -0.068614, 0.996472, -0.080421, 0.024007, 0.021188, 0.517830, 0.855221, -0.081210, -0.851695, 0.517707),
      ["LeftUpperArm"] = CFrame.new(-0.321738, -0.511966, -0.078751, 0.828022, -0.460971, -0.319195, -0.199382, 0.290000, -0.936027, 0.524047, 0.838693, 0.148217),
      ["LeftUpperLeg"] = CFrame.new(-0.001694, -0.014414, -0.038511, 0.996612, 0.025492, 0.078190, -0.028832, 0.998706, 0.041886, -0.077022, -0.043998, 0.996058),
      ["LowerTorso"] = CFrame.new(0.000000, 0.000356, -0.099913, 1.000000, 0.000000, 0.000000, 0.000000, 0.999644, -0.026671, 0.000000, 0.026671, 0.999644),
      ["RightUpperArm"] = CFrame.new(0.000000, -0.000270, -0.011916, 1.000000, -0.000000, 0.000000, 0.000000, 0.998973, 0.045307, -0.000000, -0.045307, 0.998973),
      ["RightUpperLeg"] = CFrame.new(0.003888, -0.023011, -0.057799, 0.992229, -0.042361, -0.116989, 0.046022, 0.998526, 0.028776, 0.115598, -0.033936, 0.992716),
      ["x_C3"] = CFrame.new(-0.331028, -0.068674, 0.102127, 0.930508, -0.056149, 0.361942, -0.000002, 0.988179, 0.153303, -0.366272, -0.142650, 0.919509)
    }},
    { Time = 0.333, Data = {
      ["Head"] = CFrame.new(-0.006509, 0.043052, -0.068614, 0.996467, -0.080514, 0.023905, 0.021203, 0.516555, 0.855991, -0.081268, -0.852460, 0.516437),
      ["LeftUpperArm"] = CFrame.new(-0.328347, -0.516724, -0.074138, 0.822687, -0.471009, -0.318333, -0.197974, 0.287539, -0.937085, 0.532909, 0.833949, 0.143307),
      ["LeftUpperLeg"] = CFrame.new(-0.001691, -0.014306, -0.038521, 0.996617, 0.025364, 0.078173, -0.028616, 0.998759, 0.040772, -0.077041, -0.042871, 0.996106),
      ["LowerTorso"] = CFrame.new(0.000000, 0.000335, -0.099137, 1.000000, 0.000000, 0.000000, 0.000000, 0.999665, -0.025894, 0.000000, 0.025894, 0.999665),
      ["RightUpperArm"] = CFrame.new(0.000000, -0.000270, -0.011916, 1.000000, -0.000000, 0.000000, 0.000000, 0.998973, 0.045307, -0.000000, -0.045307, 0.998973),
      ["RightUpperLeg"] = CFrame.new(0.003884, -0.022889, -0.057814, 0.992237, -0.042259, -0.116961, 0.045780, 0.998571, 0.027580, 0.115629, -0.032721, 0.992753),
      ["x_C3"] = CFrame.new(-0.330840, -0.071028, 0.102603, 0.930510, -0.058129, 0.361625, 0.000035, 0.987340, 0.158620, -0.366267, -0.147585, 0.918731)
    }},
    { Time = 0.350, Data = {
      ["Head"] = CFrame.new(-0.006509, 0.043052, -0.068614, 0.996472, -0.080491, 0.023766, 0.021181, 0.515198, 0.856809, -0.081209, -0.853283, 0.515085),
      ["LeftUpperArm"] = CFrame.new(-0.334929, -0.521496, -0.069546, 0.817255, -0.480948, -0.317464, -0.196679, 0.285028, -0.938124, 0.541675, 0.829125, 0.138349),
      ["LeftUpperLeg"] = CFrame.new(-0.001690, -0.014237, -0.038531, 0.996619, 0.025328, 0.078154, -0.028480, 0.998814, 0.039483, -0.077062, -0.041575, 0.996159),
      ["LowerTorso"] = CFrame.new(0.000000, 0.000318, -0.098446, 1.000000, 0.000000, 0.000000, 0.000000, 0.999682, -0.025204, 0.000000, 0.025204, 0.999682),
      ["RightUpperArm"] = CFrame.new(0.000000, -0.000270, -0.011916, 1.000000, -0.000000, 0.000000, 0.000000, 0.998973, 0.045307, -0.000000, -0.045307, 0.998973),
      ["RightUpperLeg"] = CFrame.new(0.003880, -0.022769, -0.057829, 0.992245, -0.042158, -0.116933, 0.045538, 0.998614, 0.026385, 0.115659, -0.031505, 0.992789),
      ["x_C3"] = CFrame.new(-0.330653, -0.073382, 0.103080, 0.930513, -0.060024, 0.361306, -0.000013, 0.986474, 0.163918, -0.366258, -0.152532, 0.917926)
    }},
    { Time = 0.367, Data = {
      ["Head"] = CFrame.new(-0.006509, 0.043052, -0.068614, 0.996467, -0.080586, 0.023655, 0.021187, 0.513750, 0.857678, -0.081270, -0.854147, 0.513642),
      ["LeftUpperArm"] = CFrame.new(-0.341164, -0.526029, -0.065219, 0.812030, -0.490339, -0.316505, -0.195382, 0.282622, -0.939122, 0.549940, 0.824435, 0.133694),
      ["LeftUpperLeg"] = CFrame.new(-0.001688, -0.014126, -0.038542, 0.996624, 0.025206, 0.078135, -0.028258, 0.998871, 0.038196, -0.077084, -0.040275, 0.996211),
      ["LowerTorso"] = CFrame.new(0.000000, 0.000296, -0.097583, 1.000000, 0.000000, 0.000000, 0.000000, 0.999704, -0.024341, 0.000000, 0.024341, 0.999704),
      ["RightUpperArm"] = CFrame.new(0.000000, -0.000270, -0.011916, 1.000000, -0.000000, 0.000000, 0.000000, 0.998973, 0.045307, -0.000000, -0.045307, 0.998973),
      ["RightUpperLeg"] = CFrame.new(0.003873, -0.022687, -0.057802, 0.992258, -0.042149, -0.116819, 0.045376, 0.998655, 0.025100, 0.115604, -0.030206, 0.992836),
      ["x_C3"] = CFrame.new(-0.330475, -0.075615, 0.103531, 0.930516, -0.061854, 0.360991, 0.000003, 0.985637, 0.168876, -0.366252, -0.157141, 0.917151)
    }},
    { Time = 0.383, Data = {
      ["Head"] = CFrame.new(-0.006509, 0.043052, -0.068614, 0.996472, -0.080563, 0.023512, 0.021161, 0.512304, 0.858543, -0.081213, -0.855017, 0.512201),
      ["LeftUpperArm"] = CFrame.new(-0.347033, -0.530312, -0.061144, 0.807012, -0.499109, -0.315629, -0.194258, 0.280365, -0.940032, 0.557669, 0.819930, 0.129302),
      ["LeftUpperLeg"] = CFrame.new(-0.001686, -0.014013, -0.038553, 0.996629, 0.025088, 0.078114, -0.028032, 0.998929, 0.036824, -0.077107, -0.038889, 0.996264),
      ["LowerTorso"] = CFrame.new(0.000000, 0.000278, -0.096806, 1.000000, 0.000000, 0.000000, 0.000000, 0.999722, -0.023564, 0.000000, 0.023564, 0.999722),
      ["RightUpperArm"] = CFrame.new(0.000000, -0.000270, -0.011916, 1.000000, -0.000000, 0.000000, 0.000000, 0.998973, 0.045307, -0.000000, -0.045307, 0.998973),
      ["RightUpperLeg"] = CFrame.new(0.003869, -0.022561, -0.057819, 0.992266, -0.042058, -0.116788, 0.045124, 0.998699, 0.023732, 0.115638, -0.028818, 0.992873),
      ["x_C3"] = CFrame.new(-0.330307, -0.077728, 0.103959, 0.930520, -0.063567, 0.360682, -0.000033, 0.984808, 0.173648, -0.366241, -0.161595, 0.916381)
    }},
    { Time = 0.400, Data = {
      ["Head"] = CFrame.new(-0.006509, 0.043052, -0.068614, 0.996467, -0.080659, 0.023398, 0.021163, 0.510766, 0.859459, -0.081274, -0.855928, 0.510668),
      ["LeftUpperArm"] = CFrame.new(-0.352573, -0.534379, -0.057328, 0.802184, -0.507407, -0.314706, -0.193206, 0.278129, -0.940912, 0.564954, 0.815588, 0.125076),
      ["LeftUpperLeg"] = CFrame.new(-0.001680, -0.013897, -0.038522, 0.996640, 0.024974, 0.078007, -0.027801, 0.998988, 0.035366, -0.077044, -0.037416, 0.996325),
      ["LowerTorso"] = CFrame.new(0.000000, 0.000256, -0.095857, 1.000000, 0.000000, 0.000000, 0.000000, 0.999744, -0.022615, 0.000000, 0.022615, 0.999744),
      ["RightUpperArm"] = CFrame.new(0.000000, -0.000270, -0.011916, 1.000000, -0.000000, 0.000000, 0.000000, 0.998973, 0.045307, -0.000000, -0.045307, 0.998973),
      ["RightUpperLeg"] = CFrame.new(0.003865, -0.022432, -0.057837, 0.992274, -0.041971, -0.116755, 0.044866, 0.998745, 0.022278, 0.115673, -0.027344, 0.992911),
      ["x_C3"] = CFrame.new(-0.330148, -0.079720, 0.104362, 0.930492, -0.065222, 0.360460, -0.000012, 0.984016, 0.178082, -0.366313, -0.165708, 0.915618)
    }},
    { Time = 0.417, Data = {
      ["Head"] = CFrame.new(-0.006509, 0.043052, -0.068614, 0.996467, -0.080715, 0.023200, 0.021200, 0.509055, 0.860473, -0.081263, -0.856941, 0.508967),
      ["LeftUpperArm"] = CFrame.new(-0.357761, -0.538169, -0.053769, 0.797576, -0.515137, -0.313858, -0.192217, 0.276144, -0.941699, 0.571774, 0.811405, 0.121228),
      ["LeftUpperLeg"] = CFrame.new(-0.001678, -0.013780, -0.038535, 0.996645, 0.024863, 0.077984, -0.027569, 0.999048, 0.033821, -0.077069, -0.035858, 0.996381),
      ["LowerTorso"] = CFrame.new(0.000000, 0.000237, -0.094994, 1.000000, 0.000000, 0.000000, 0.000000, 0.999763, -0.021752, 0.000000, 0.021752, 0.999763),
      ["RightUpperArm"] = CFrame.new(0.000000, -0.000270, -0.011916, 1.000000, -0.000000, 0.000000, 0.000000, 0.998973, 0.045307, -0.000000, -0.045307, 0.998973),
      ["RightUpperLeg"] = CFrame.new(0.003857, -0.022303, -0.057811, 0.992291, -0.041886, -0.116636, 0.044608, 0.998787, 0.020825, 0.115623, -0.025868, 0.992956),
      ["x_C3"] = CFrame.new(-0.329999, -0.081591, 0.104741, 0.930498, -0.066738, 0.360167, -0.000020, 0.983253, 0.182245, -0.366298, -0.169586, 0.914913)
    }},
    { Time = 0.433, Data = {
      ["Head"] = CFrame.new(-0.006509, 0.043052, -0.068614, 0.996472, -0.080694, 0.023049, 0.021166, 0.507431, 0.861432, -0.081208, -0.857906, 0.507349),
      ["LeftUpperArm"] = CFrame.new(-0.362594, -0.541733, -0.050445, 0.793254, -0.522294, -0.312980, -0.191297, 0.274215, -0.942450, 0.578060, 0.807474, 0.117609),
      ["LeftUpperLeg"] = CFrame.new(-0.001674, -0.013623, -0.038547, 0.996651, 0.024661, 0.077962, -0.027254, 0.999104, 0.032366, -0.077094, -0.034382, 0.996431),
      ["LowerTorso"] = CFrame.new(0.000000, 0.000216, -0.094045, 1.000000, 0.000000, 0.000000, 0.000000, 0.999784, -0.020802, 0.000000, 0.020802, 0.999784),
      ["RightUpperArm"] = CFrame.new(0.000000, -0.000270, -0.011916, 1.000000, -0.000000, 0.000000, 0.000000, 0.998973, 0.045307, -0.000000, -0.045307, 0.998973),
      ["RightUpperLeg"] = CFrame.new(0.003855, -0.022217, -0.057828, 0.992295, -0.041886, -0.116605, 0.044437, 0.998824, 0.019366, 0.115657, -0.024398, 0.992990),
      ["x_C3"] = CFrame.new(-0.329860, -0.083341, 0.105095, 0.930503, -0.068205, 0.359878, 0.000021, 0.982520, 0.186155, -0.366285, -0.173211, 0.914239)
    }},
    { Time = 0.450, Data = {
      ["Head"] = CFrame.new(-0.006509, 0.043052, -0.068614, 0.996467, -0.080789, 0.022934, 0.021168, 0.505885, 0.862341, -0.081270, -0.858809, 0.505808),
      ["LeftUpperArm"] = CFrame.new(-0.367111, -0.545048, -0.047383, 0.789109, -0.529021, -0.312160, -0.190453, 0.272432, -0.943138, 0.583982, 0.803690, 0.114225),
      ["LeftUpperLeg"] = CFrame.new(-0.001669, -0.013507, -0.038515, 0.996662, 0.024548, 0.077855, -0.027023, 0.999157, 0.030908, -0.077030, -0.032909, 0.996485),
      ["LowerTorso"] = CFrame.new(0.000000, 0.000199, -0.093182, 1.000000, 0.000000, 0.000000, 0.000000, 0.999801, -0.019939, 0.000000, 0.019939, 0.999801),
      ["RightUpperArm"] = CFrame.new(0.000000, -0.000270, -0.011916, 1.000000, -0.000000, 0.000000, 0.000000, 0.998973, 0.045307, -0.000000, -0.045307, 0.998973),
      ["RightUpperLeg"] = CFrame.new(0.003846, -0.022090, -0.057802, 0.992312, -0.041795, -0.116488, 0.044184, 0.998861, 0.018000, 0.115603, -0.023008, 0.993029),
      ["x_C3"] = CFrame.new(-0.329730, -0.084971, 0.105425, 0.930511, -0.069539, 0.359603, 0.000025, 0.981823, 0.189797, -0.366265, -0.176599, 0.913599)
    }},
    { Time = 0.467, Data = {
      ["Head"] = CFrame.new(-0.006509, 0.043052, -0.068614, 0.996467, -0.080842, 0.022743, 0.021213, 0.504337, 0.863247, -0.081257, -0.859715, 0.504270),
      ["LeftUpperArm"] = CFrame.new(-0.371259, -0.548129, -0.044540, 0.785295, -0.535120, -0.311379, -0.189729, 0.270739, -0.943771, 0.589334, 0.800217, 0.111082),
      ["LeftUpperLeg"] = CFrame.new(-0.001666, -0.013394, -0.038526, 0.996667, 0.024429, 0.077835, -0.026798, 0.999204, 0.029535, -0.077052, -0.031523, 0.996529),
      ["LowerTorso"] = CFrame.new(0.000000, 0.000182, -0.092318, 1.000000, 0.000000, 0.000000, 0.000000, 0.999818, -0.019076, 0.000000, 0.019076, 0.999818),
      ["RightUpperArm"] = CFrame.new(0.000000, -0.000270, -0.011916, 1.000000, -0.000000, 0.000000, 0.000000, 0.998973, 0.045307, -0.000000, -0.045307, 0.998973),
      ["RightUpperLeg"] = CFrame.new(0.003842, -0.021964, -0.057818, 0.992320, -0.041703, -0.116458, 0.043932, 0.998896, 0.016632, 0.115636, -0.021620, 0.993056),
      ["x_C3"] = CFrame.new(-0.329610, -0.086480, 0.105730, 0.930521, -0.070741, 0.359342, -0.000006, 0.981165, 0.193169, -0.366239, -0.179750, 0.912995)
    }},
    { Time = 0.483, Data = {
      ["Head"] = CFrame.new(-0.006509, 0.043052, -0.068614, 0.996473, -0.080817, 0.022604, 0.021191, 0.502963, 0.864048, -0.081199, -0.860521, 0.502902),
      ["LeftUpperArm"] = CFrame.new(-0.375080, -0.550957, -0.041944, 0.781733, -0.540750, -0.310617, -0.189016, 0.269204, -0.944353, 0.594278, 0.796943, 0.108236),
      ["LeftUpperLeg"] = CFrame.new(-0.001665, -0.013325, -0.038535, 0.996669, 0.024393, 0.077818, -0.026661, 0.999245, 0.028245, -0.077070, -0.030226, 0.996567),
      ["LowerTorso"] = CFrame.new(0.000000, 0.000167, -0.091542, 1.000000, 0.000000, 0.000000, 0.000000, 0.999833, -0.018300, 0.000000, 0.018300, 0.999833),
      ["RightUpperArm"] = CFrame.new(0.000000, -0.000270, -0.011916, 1.000000, -0.000000, 0.000000, 0.000000, 0.998973, 0.045307, -0.000000, -0.045307, 0.998973),
      ["RightUpperLeg"] = CFrame.new(0.003839, -0.021840, -0.057833, 0.992327, -0.041607, -0.116430, 0.043684, 0.998927, 0.015349, 0.115666, -0.020318, 0.993080),
      ["x_C3"] = CFrame.new(-0.329499, -0.087868, 0.106011, 0.930499, -0.071902, 0.359168, 0.000003, 0.980546, 0.196289, -0.366295, -0.182646, 0.912397)
    }},
    { Time = 0.500, Data = {
      ["Head"] = CFrame.new(-0.006509, 0.043052, -0.068614, 0.996468, -0.080910, 0.022497, 0.021201, 0.501582, 0.864850, -0.081259, -0.861318, 0.501526),
      ["LeftUpperArm"] = CFrame.new(-0.378564, -0.553553, -0.039580, 0.778451, -0.545870, -0.309903, -0.188406, 0.267753, -0.944887, 0.598763, 0.793936, 0.105587),
      ["LeftUpperLeg"] = CFrame.new(-0.001663, -0.013214, -0.038545, 0.996674, 0.024271, 0.077800, -0.026439, 0.999287, 0.026959, -0.077090, -0.028926, 0.996604),
      ["LowerTorso"] = CFrame.new(0.000000, 0.000154, -0.090765, 1.000000, 0.000000, 0.000000, 0.000000, 0.999846, -0.017523, 0.000000, 0.017523, 0.999846),
      ["RightUpperArm"] = CFrame.new(0.000000, -0.000270, -0.011916, 1.000000, -0.000000, 0.000000, 0.000000, 0.998973, 0.045307, -0.000000, -0.045307, 0.998973),
      ["RightUpperLeg"] = CFrame.new(0.003832, -0.021761, -0.057804, 0.992341, -0.041592, -0.116318, 0.043528, 0.998952, 0.014150, 0.115607, -0.019105, 0.993111),
      ["x_C3"] = CFrame.new(-0.329398, -0.089136, 0.106267, 0.930512, -0.072907, 0.358932, 0.000000, 0.979988, 0.199058, -0.366262, -0.185226, 0.911890)
    }},
    { Time = 0.517, Data = {
      ["Head"] = CFrame.new(-0.006509, 0.043052, -0.068614, 0.996473, -0.080883, 0.022362, 0.021184, 0.500291, 0.865598, -0.081200, -0.862071, 0.500240),
      ["LeftUpperArm"] = CFrame.new(-0.381706, -0.555887, -0.037449, 0.775460, -0.550465, -0.309274, -0.187860, 0.266492, -0.945352, 0.602802, 0.791183, 0.103243),
      ["LeftUpperLeg"] = CFrame.new(-0.001661, -0.013104, -0.038554, 0.996678, 0.024146, 0.077783, -0.026220, 0.999324, 0.025758, -0.077109, -0.027712, 0.996638),
      ["LowerTorso"] = CFrame.new(0.000000, 0.000142, -0.090074, 1.000000, 0.000000, 0.000000, 0.000000, 0.999858, -0.016832, 0.000000, 0.016832, 0.999858),
      ["RightUpperArm"] = CFrame.new(0.000000, -0.000270, -0.011916, 1.000000, -0.000000, 0.000000, 0.000000, 0.998973, 0.045307, -0.000000, -0.045307, 0.998973),
      ["RightUpperLeg"] = CFrame.new(0.003828, -0.021641, -0.057818, 0.992348, -0.041490, -0.116292, 0.043286, 0.998979, 0.012954, 0.115635, -0.017889, 0.993131),
      ["x_C3"] = CFrame.new(-0.329307, -0.090283, 0.106499, 0.930492, -0.073889, 0.358782, 0.000021, 0.979456, 0.201659, -0.366311, -0.187634, 0.911378)
    }},
    { Time = 0.533, Data = {
      ["Head"] = CFrame.new(-0.006509, 0.043052, -0.068614, 0.996468, -0.080975, 0.022258, 0.021198, 0.498993, 0.866347, -0.081259, -0.862815, 0.498947),
      ["LeftUpperArm"] = CFrame.new(-0.384528, -0.557992, -0.035553, 0.772745, -0.554619, -0.308646, -0.187348, 0.265302, -0.945788, 0.606437, 0.788678, 0.101104),
      ["LeftUpperLeg"] = CFrame.new(-0.001656, -0.012996, -0.038520, 0.996689, 0.024018, 0.077681, -0.026003, 0.999358, 0.024645, -0.077039, -0.026583, 0.996674),
      ["LowerTorso"] = CFrame.new(0.000000, 0.000130, -0.089384, 1.000000, 0.000000, 0.000000, 0.000000, 0.999870, -0.016142, 0.000000, 0.016142, 0.999870),
      ["RightUpperArm"] = CFrame.new(0.000000, -0.000270, -0.011916, 1.000000, -0.000000, 0.000000, 0.000000, 0.998973, 0.045307, -0.000000, -0.045307, 0.998973),
      ["RightUpperLeg"] = CFrame.new(0.003826, -0.021565, -0.057830, 0.992352, -0.041469, -0.116268, 0.043134, 0.998999, 0.011839, 0.115660, -0.016764, 0.993147),
      ["x_C3"] = CFrame.new(-0.329225, -0.091309, 0.106707, 0.930508, -0.074714, 0.358571, 0.000031, 0.978990, 0.203908, -0.366272, -0.189727, 0.910960)
    }},
    { Time = 0.550, Data = {
      ["Head"] = CFrame.new(-0.006509, 0.043052, -0.068614, 0.996473, -0.080946, 0.022131, 0.021188, 0.497871, 0.866992, -0.081198, -0.863465, 0.497830),
      ["LeftUpperArm"] = CFrame.new(-0.386994, -0.559828, -0.033877, 0.770358, -0.558193, -0.308170, -0.186954, 0.264334, -0.946137, 0.609587, 0.786478, 0.099275),
      ["LeftUpperLeg"] = CFrame.new(-0.001654, -0.012932, -0.038527, 0.996691, 0.023972, 0.077668, -0.025877, 0.999386, 0.023614, -0.077054, -0.025545, 0.996700),
      ["LowerTorso"] = CFrame.new(0.000000, 0.000119, -0.088693, 1.000000, 0.000000, 0.000000, 0.000000, 0.999881, -0.015451, 0.000000, 0.015451, 0.999881),
      ["RightUpperArm"] = CFrame.new(0.000000, -0.000270, -0.011916, 1.000000, -0.000000, 0.000000, 0.000000, 0.998973, 0.045307, -0.000000, -0.045307, 0.998973),
      ["RightUpperLeg"] = CFrame.new(0.003820, -0.021491, -0.057799, 0.992365, -0.041444, -0.116160, 0.042988, 0.999017, 0.010812, 0.115598, -0.015723, 0.993172),
