return {
  ["Astros on the knees"] = {
    { Time = 0.000, Data = {
      ["Head"] = CFrame.new(0.000000, 0.000000, 0.000000, 0.970897, -0.057427, 0.232509, 0.105151, 0.974464, -0.198402, -0.215178, 0.217077, 0.952143),
      ["LeftUpperArm"] = CFrame.new(-0.018024, -0.006427, 0.054920, 0.816787, -0.068532, 0.572854, 0.175054, 0.975550, -0.132888, -0.549740, 0.208821, 0.808813),
      ["LeftUpperLeg"] = CFrame.new(-0.045101, -0.206889, -0.589213, 0.990438, -0.011425, -0.137488, 0.137504, 0.000653, 0.990501, -0.011227, -0.999935, 0.002217),
      ["LowerTorso"] = CFrame.new(-0.696274, -2.057716, -0.953848, -0.287999, 0.041664, -0.956724, -0.175049, 0.979930, 0.095369, 0.941496, 0.194939, -0.274925),
      ["RightUpperArm"] = CFrame.new(0.034459, -0.510393, 0.183282, 0.970798, 0.239898, 0.000011, 0.089575, -0.362442, -0.927692, -0.222548, 0.900602, -0.373347),
      ["RightUpperLeg"] = CFrame.new(-0.053332, -0.202613, -0.575015, 0.998616, -0.002784, -0.052521, 0.052419, -0.028846, 0.998208, -0.004294, -0.999580, -0.028660),
      ["­¤ī¦’ĖÅ­¤ś│­¤æ╗­¤Å│’ĖÅŌĆŹ­¤īł­¤śé­¤Æ×­¤Å┤ŌĆŹŌśĀ’ĖÅ­¤ÄĖ­¤ī¦’ĖÅ­¤ś│­¤æ╗­¤Å│’ĖÅŌĆŹ­¤īł­¤śé­¤Æ×­¤Å┤ŌĆŹŌś"] = CFrame.new(0.000000, 0.000000, 0.000000, 0.991628, -0.129126, 0.000000, 0.129126, 0.991628, 0.000000, 0.000000, 0.000000, 1.000000)
    }},
    { Time = 0.017, Data = {
      ["Head"] = CFrame.new(0.000000, 0.000000, 0.000000, 0.970897, -0.057427, 0.232509, 0.105151, 0.974464, -0.198402, -0.215178, 0.217077, 0.952143),
      ["LeftUpperArm"] = CFrame.new(-0.018026, -0.006450, 0.055028, 0.817083, -0.068541, 0.572432, 0.175224, 0.975461, -0.133315, -0.549247, 0.209234, 0.809042),
      ["LeftUpperLeg"] = CFrame.new(-0.045107, -0.206877, -0.589212, 0.990438, -0.011425, -0.137488, 0.137504, 0.000653, 0.990501, -0.011227, -0.999935, 0.002217),
      ["LowerTorso"] = CFrame.new(-0.696274, -2.057716, -0.953848, -0.287999, 0.041664, -0.956724, -0.175049, 0.979930, 0.095369, 0.941496, 0.194939, -0.274925),
      ["RightUpperArm"] = CFrame.new(0.034462, -0.510416, 0.183282, 0.970798, 0.239898, 0.000011, 0.089575, -0.362442, -0.927692, -0.222548, 0.900602, -0.373347),
      ["RightUpperLeg"] = CFrame.new(-0.053337, -0.202625, -0.575005, 0.998616, -0.002784, -0.052521, 0.052419, -0.028846, 0.998208, -0.004294, -0.999580, -0.028660)
    }},
    { Time = 0.033, Data = {
      ["Head"] = CFrame.new(0.000000, -0.000000, 0.000000, 0.970890, -0.057512, 0.232518, 0.105236, 0.974457, -0.198392, -0.215169, 0.217086, 0.952143),
      ["LeftUpperArm"] = CFrame.new(-0.018022, -0.006478, 0.055158, 0.817377, -0.068523, 0.572013, 0.175419, 0.975356, -0.133824, -0.548746, 0.209727, 0.809254),
      ["LeftUpperLeg"] = CFrame.new(-0.045125, -0.206840, -0.589210, 0.990438, -0.011425, -0.137488, 0.137504, 0.000653, 0.990501, -0.011227, -0.999935, 0.002217),
      ["LowerTorso"] = CFrame.new(-0.696343, -2.057723, -0.953797, -0.288006, 0.041733, -0.956719, -0.174980, 0.979937, 0.095420, 0.941507, 0.194888, -0.274926),
      ["RightUpperArm"] = CFrame.new(0.034467, -0.510484, 0.183280, 0.970798, 0.239898, 0.000011, 0.089575, -0.362442, -0.927692, -0.222548, 0.900602, -0.373347),
      ["RightUpperLeg"] = CFrame.new(-0.053352, -0.202660, -0.574976, 0.998616, -0.002784, -0.052521, 0.052419, -0.028846, 0.998208, -0.004294, -0.999580, -0.028660)
    }},
    { Time = 0.050, Data = {
      ["Head"] = CFrame.new(0.000000, -0.000000, -0.000000, 0.970856, -0.057673, 0.232619, 0.105415, 0.974443, -0.198367, -0.215234, 0.217107, 0.952123),
      ["LeftUpperArm"] = CFrame.new(-0.018015, -0.006506, 0.055289, 0.817621, -0.068497, 0.571668, 0.175620, 0.975251, -0.134325, -0.548319, 0.210223, 0.809415),
      ["LeftUpperLeg"] = CFrame.new(-0.045146, -0.206839, -0.589205, 0.990454, -0.011426, -0.137366, 0.137383, 0.000662, 0.990518, -0.011226, -0.999935, 0.002225),
      ["LowerTorso"] = CFrame.new(-0.696291, -2.057739, -0.953729, -0.288006, 0.041681, -0.956721, -0.174929, 0.979953, 0.095353, 0.941516, 0.194820, -0.274941),
      ["RightUpperArm"] = CFrame.new(0.034477, -0.510596, 0.183278, 0.970798, 0.239898, 0.000011, 0.089575, -0.362442, -0.927692, -0.222548, 0.900602, -0.373347),
      ["RightUpperLeg"] = CFrame.new(-0.053379, -0.202688, -0.574959, 0.998619, -0.002723, -0.052459, 0.052359, -0.028846, 0.998212, -0.004232, -0.999580, -0.028663)
    }},
    { Time = 0.067, Data = {
      ["Head"] = CFrame.new(0.000000, 0.000000, 0.000000, 0.970842, -0.057833, 0.232639, 0.105595, 0.974410, -0.198431, -0.215210, 0.217210, 0.952105),
      ["LeftUpperArm"] = CFrame.new(-0.018017, -0.006529, 0.055397, 0.817915, -0.068506, 0.571245, 0.175789, 0.975161, -0.134753, -0.547825, 0.210635, 0.809642),
      ["LeftUpperLeg"] = CFrame.new(-0.045182, -0.206783, -0.589170, 0.990463, -0.011365, -0.137306, 0.137322, 0.000671, 0.990526, -0.011165, -0.999935, 0.002225),
      ["LowerTorso"] = CFrame.new(-0.696360, -2.057746, -0.953678, -0.288013, 0.041749, -0.956716, -0.174860, 0.979960, 0.095404, 0.941527, 0.194769, -0.274941),
      ["RightUpperArm"] = CFrame.new(0.034491, -0.510754, 0.183274, 0.970798, 0.239898, 0.000011, 0.089575, -0.362442, -0.927692, -0.222548, 0.900602, -0.373347),
      ["RightUpperLeg"] = CFrame.new(-0.053414, -0.202771, -0.574892, 0.998619, -0.002727, -0.052459, 0.052359, -0.028726, 0.998215, -0.004229, -0.999584, -0.028543)
    }},
    { Time = 0.083, Data = {
      ["Head"] = CFrame.new(0.000000, 0.000000, 0.000000, 0.970801, -0.058079, 0.232749, 0.105859, 0.974389, -0.198396, -0.215266, 0.217241, 0.952086),
      ["LeftUpperArm"] = CFrame.new(-0.018013, -0.006557, 0.055527, 0.818210, -0.068489, 0.570826, 0.175984, 0.975056, -0.135262, -0.547323, 0.211129, 0.809853),
      ["LeftUpperLeg"] = CFrame.new(-0.045222, -0.206764, -0.589132, 0.990489, -0.011305, -0.137124, 0.137141, 0.000689, 0.990551, -0.011104, -0.999936, 0.002233),
      ["LowerTorso"] = CFrame.new(-0.696378, -2.057769, -0.953560, -0.288020, 0.041766, -0.956713, -0.174741, 0.979983, 0.095388, 0.941546, 0.194651, -0.274957),
      ["RightUpperArm"] = CFrame.new(0.034509, -0.510957, 0.183270, 0.970798, 0.239898, 0.000011, 0.089575, -0.362442, -0.927692, -0.222548, 0.900602, -0.373347),
      ["RightUpperLeg"] = CFrame.new(-0.053460, -0.202846, -0.574836, 0.998623, -0.002666, -0.052397, 0.052299, -0.028726, 0.998218, -0.004167, -0.999584, -0.028547)
    }},
    { Time = 0.100, Data = {
      ["Head"] = CFrame.new(0.000000, 0.000000, 0.000000, 0.970753, -0.058399, 0.232871, 0.106217, 0.974342, -0.198434, -0.215307, 0.217366, 0.952048),
      ["LeftUpperArm"] = CFrame.new(-0.018015, -0.006581, 0.055635, 0.818503, -0.068498, 0.570403, 0.176152, 0.974966, -0.135690, -0.546829, 0.211541, 0.810079),
      ["LeftUpperLeg"] = CFrame.new(-0.045274, -0.206720, -0.589097, 0.990515, -0.011237, -0.136943, 0.136958, 0.000585, 0.990577, -0.011051, -0.999937, 0.002119),
      ["LowerTorso"] = CFrame.new(-0.696394, -2.057792, -0.953440, -0.288028, 0.041783, -0.956710, -0.174621, 0.980006, 0.095372, 0.941567, 0.194532, -0.274972),
      ["RightUpperArm"] = CFrame.new(0.034530, -0.511204, 0.183264, 0.970798, 0.239898, 0.000011, 0.089575, -0.362442, -0.927692, -0.222548, 0.900602, -0.373347),
      ["RightUpperLeg"] = CFrame.new(-0.053517, -0.202944, -0.574760, 0.998626, -0.002606, -0.052335, 0.052239, -0.028726, 0.998221, -0.004105, -0.999584, -0.028550)
    }},
    { Time = 0.117, Data = {
      ["Head"] = CFrame.new(0.000000, -0.000000, -0.000000, 0.970704, -0.058720, 0.232992, 0.106575, 0.974295, -0.198473, -0.215349, 0.217490, 0.952010),
      ["LeftUpperArm"] = CFrame.new(-0.018008, -0.006608, 0.055766, 0.818746, -0.068472, 0.570058, 0.176352, 0.974860, -0.136191, -0.546401, 0.212037, 0.810238),
      ["LeftUpperLeg"] = CFrame.new(-0.045337, -0.206652, -0.589056, 0.990541, -0.011177, -0.136761, 0.136776, 0.000604, 0.990602, -0.010989, -0.999937, 0.002127),
      ["LowerTorso"] = CFrame.new(-0.696411, -2.057815, -0.953322, -0.288035, 0.041800, -0.956707, -0.174502, 0.980029, 0.095356, 0.941586, 0.194413, -0.274988),
      ["RightUpperArm"] = CFrame.new(0.034556, -0.511496, 0.183257, 0.970798, 0.239898, 0.000011, 0.089575, -0.362442, -0.927692, -0.222548, 0.900602, -0.373347),
      ["RightUpperLeg"] = CFrame.new(-0.053585, -0.203034, -0.574635, 0.998633, -0.002608, -0.052213, 0.052117, -0.028728, 0.998228, -0.004103, -0.999584, -0.028553)
    }},
    { Time = 0.133, Data = {
      ["Head"] = CFrame.new(0.000000, 0.000000, 0.000000, 0.970648, -0.059125, 0.233122, 0.107018, 0.974240, -0.198502, -0.215380, 0.217624, 0.951972),
      ["LeftUpperArm"] = CFrame.new(-0.018026, -0.006639, 0.055902, 0.819028, -0.068538, 0.569645, 0.176627, 0.974743, -0.136674, -0.545889, 0.212555, 0.810447),
      ["LeftUpperLeg"] = CFrame.new(-0.045408, -0.206589, -0.589044, 0.990574, -0.011178, -0.136519, 0.136534, 0.000622, 0.990635, -0.010988, -0.999937, 0.002142),
      ["LowerTorso"] = CFrame.new(-0.696496, -2.057845, -0.953151, -0.288049, 0.041885, -0.956699, -0.174313, 0.980059, 0.095391, 0.941617, 0.194243, -0.275004),
      ["RightUpperArm"] = CFrame.new(0.034585, -0.511833, 0.183249, 0.970798, 0.239898, 0.000011, 0.089575, -0.362442, -0.927692, -0.222548, 0.900602, -0.373347),
      ["RightUpperLeg"] = CFrame.new(-0.053663, -0.203149, -0.574551, 0.998639, -0.002488, -0.052089, 0.051997, -0.028728, 0.998234, -0.003980, -0.999584, -0.028560)
    }},
    { Time = 0.150, Data = {
      ["Head"] = CFrame.new(0.000000, 0.000000, 0.000000, 0.970565, -0.059606, 0.233345, 0.107555, 0.974178, -0.198516, -0.215487, 0.217770, 0.951915),
      ["LeftUpperArm"] = CFrame.new(-0.018028, -0.006663, 0.056010, 0.819321, -0.068548, 0.569222, 0.176795, 0.974652, -0.137103, -0.545395, 0.212967, 0.810672),
      ["LeftUpperLeg"] = CFrame.new(-0.045489, -0.206503, -0.588970, 0.990609, -0.011057, -0.136276, 0.136292, 0.000649, 0.990669, -0.010865, -0.999939, 0.002150),
      ["LowerTorso"] = CFrame.new(-0.696592, -2.057875, -0.952980, -0.287961, 0.041981, -0.956722, -0.174130, 0.980089, 0.095418, 0.941678, 0.194071, -0.274917),
      ["RightUpperArm"] = CFrame.new(0.034618, -0.512213, 0.183241, 0.970798, 0.239898, 0.000011, 0.089575, -0.362442, -0.927692, -0.222548, 0.900602, -0.373347),
      ["RightUpperLeg"] = CFrame.new(-0.053748, -0.203316, -0.574418, 0.998643, -0.002427, -0.052028, 0.051937, -0.028728, 0.998237, -0.003918, -0.999584, -0.028563)
    }},
    { Time = 0.167, Data = {
      ["Head"] = CFrame.new(0.000000, 0.000000, 0.000000, 0.970482, -0.060087, 0.233568, 0.108093, 0.974116, -0.198529, -0.215593, 0.217916, 0.951857),
      ["LeftUpperArm"] = CFrame.new(-0.018028, -0.006687, 0.056120, 0.819564, -0.068549, 0.568873, 0.176970, 0.974561, -0.137523, -0.544975, 0.213382, 0.810846),
      ["LeftUpperLeg"] = CFrame.new(-0.045579, -0.206423, -0.588924, 0.990651, -0.010997, -0.135973, 0.135989, 0.000676, 0.990710, -0.010803, -0.999939, 0.002165),
      ["LowerTorso"] = CFrame.new(-0.696626, -2.057920, -0.952742, -0.287975, 0.042015, -0.956716, -0.173891, 0.980134, 0.095385, 0.941718, 0.193833, -0.274948),
      ["RightUpperArm"] = CFrame.new(0.034655, -0.512663, 0.183221, 0.970798, 0.239898, -0.000002, 0.089587, -0.362538, -0.927653, -0.222543, 0.900564, -0.373443),
      ["RightUpperLeg"] = CFrame.new(-0.053846, -0.203476, -0.574297, 0.998649, -0.002307, -0.051904, 0.051816, -0.028729, 0.998243, -0.003794, -0.999585, -0.028570)
    }},
    { Time = 0.183, Data = {
      ["Head"] = CFrame.new(0.000000, 0.000000, 0.000000, 0.970411, -0.060663, 0.233715, 0.108706, 0.974046, -0.198537, -0.215606, 0.218069, 0.951819),
      ["LeftUpperArm"] = CFrame.new(-0.018024, -0.006715, 0.056249, 0.819856, -0.068534, 0.568453, 0.177162, 0.974454, -0.138032, -0.544472, 0.213875, 0.811054),
      ["LeftUpperLeg"] = CFrame.new(-0.045679, -0.206319, -0.588877, 0.990694, -0.010938, -0.135670, 0.135686, 0.000703, 0.990752, -0.010741, -0.999940, 0.002180),
      ["LowerTorso"] = CFrame.new(-0.696659, -2.057966, -0.952504, -0.287989, 0.042049, -0.956710, -0.173652, 0.980180, 0.095353, 0.941758, 0.193595, -0.274979),
      ["RightUpperArm"] = CFrame.new(0.034696, -0.513131, 0.183211, 0.970798, 0.239898, -0.000002, 0.089587, -0.362538, -0.927653, -0.222543, 0.900564, -0.373443),
      ["RightUpperLeg"] = CFrame.new(-0.053954, -0.203628, -0.574127, 0.998659, -0.002249, -0.051720, 0.051634, -0.028731, 0.998253, -0.003731, -0.999585, -0.028577)
    }},
    { Time = 0.200, Data = {
      ["Head"] = CFrame.new(0.000000, 0.000000, 0.000000, 0.970312, -0.061314, 0.233955, 0.109413, 0.973969, -0.198530, -0.215693, 0.218234, 0.951762),
      ["LeftUpperArm"] = CFrame.new(-0.018025, -0.006739, 0.056358, 0.820098, -0.068535, 0.568104, 0.177336, 0.974363, -0.138453, -0.544051, 0.214290, 0.811226),
      ["LeftUpperLeg"] = CFrame.new(-0.045787, -0.206222, -0.588798, 0.990745, -0.010818, -0.135306, 0.135322, 0.000738, 0.990801, -0.010618, -0.999941, 0.002195),
      ["LowerTorso"] = CFrame.new(-0.696813, -2.058003, -0.952283, -0.288010, 0.042203, -0.956697, -0.173395, 0.980217, 0.095441, 0.941798, 0.193374, -0.274995),
      ["RightUpperArm"] = CFrame.new(0.034740, -0.513642, 0.183199, 0.970798, 0.239898, -0.000002, 0.089587, -0.362538, -0.927653, -0.222543, 0.900564, -0.373443),
      ["RightUpperLeg"] = CFrame.new(-0.054071, -0.203834, -0.573968, 0.998666, -0.002128, -0.051596, 0.051514, -0.028731, 0.998259, -0.003607, -0.999585, -0.028584)
    }},
    { Time = 0.217, Data = {
      ["Head"] = CFrame.new(0.000000, 0.000000, 0.000000, 0.970213, -0.061954, 0.234198, 0.110129, 0.973872, -0.198607, -0.215775, 0.218483, 0.951686),
      ["LeftUpperArm"] = CFrame.new(-0.018021, -0.006768, 0.056488, 0.820390, -0.068520, 0.567684, 0.177528, 0.974255, -0.138962, -0.543548, 0.214783, 0.811433),
      ["LeftUpperLeg"] = CFrame.new(-0.045906, -0.206102, -0.588718, 0.990796, -0.010697, -0.134943, 0.134958, 0.000774, 0.990851, -0.010495, -0.999942, 0.002211),
      ["LowerTorso"] = CFrame.new(-0.696858, -2.058048, -0.952043, -0.287922, 0.042247, -0.956722, -0.173161, 0.980262, 0.095399, 0.941869, 0.193134, -0.274924),
      ["RightUpperArm"] = CFrame.new(0.034788, -0.514197, 0.183186, 0.970798, 0.239898, -0.000002, 0.089587, -0.362538, -0.927653, -0.222543, 0.900564, -0.373443),
      ["RightUpperLeg"] = CFrame.new(-0.054198, -0.204030, -0.573761, 0.998675, -0.002070, -0.051413, 0.051332, -0.028734, 0.998268, -0.003543, -0.999585, -0.028590)
    }},
    { Time = 0.233, Data = {
      ["Head"] = CFrame.new(0.000000, 0.000000, 0.000000, 0.970086, -0.062681, 0.234531, 0.110930, 0.973786, -0.198584, -0.215936, 0.218660, 0.951609),
      ["LeftUpperArm"] = CFrame.new(-0.018021, -0.006792, 0.056597, 0.820631, -0.068521, 0.567335, 0.177702, 0.974164, -0.139383, -0.543127, 0.215198, 0.811605),
      ["LeftUpperLeg"] = CFrame.new(-0.046032, -0.205989, -0.588666, 0.990854, -0.010638, -0.134518, 0.134534, 0.000810, 0.990909, -0.010433, -0.999943, 0.002234),
      ["LowerTorso"] = CFrame.new(-0.696908, -2.058117, -0.951686, -0.287943, 0.042298, -0.956713, -0.172802, 0.980330, 0.095350, 0.941928, 0.192777, -0.274970),
      ["RightUpperArm"] = CFrame.new(0.034840, -0.514793, 0.183173, 0.970798, 0.239898, -0.000002, 0.089587, -0.362538, -0.927653, -0.222543, 0.900564, -0.373443),
      ["RightUpperLeg"] = CFrame.new(-0.054334, -0.204280, -0.573565, 0.998682, -0.001949, -0.051289, 0.051212, -0.028734, 0.998274, -0.003420, -0.999585, -0.028597)
    }},
    { Time = 0.250, Data = {
      ["Head"] = CFrame.new(0.000000, 0.000000, 0.000000, 0.969978, -0.063406, 0.234783, 0.111731, 0.973681, -0.198651, -0.216008, 0.218919, 0.951533),
      ["LeftUpperArm"] = CFrame.new(-0.018024, -0.006816, 0.056705, 0.820923, -0.068533, 0.566912, 0.177869, 0.974072, -0.139811, -0.542631, 0.215610, 0.811827),
      ["LeftUpperLeg"] = CFrame.new(-0.046168, -0.205852, -0.588552, 0.990913, -0.010458, -0.134094, 0.134110, 0.000854, 0.990966, -0.010249, -0.999945, 0.002249),
      ["LowerTorso"] = CFrame.new(-0.697011, -2.058168, -0.951397, -0.287965, 0.042400, -0.956702, -0.172494, 0.980383, 0.095370, 0.941978, 0.192488, -0.275002),
      ["RightUpperArm"] = CFrame.new(0.034896, -0.515432, 0.183158, 0.970798, 0.239898, -0.000002, 0.089587, -0.362538, -0.927653, -0.222543, 0.900564, -0.373443),
      ["RightUpperLeg"] = CFrame.new(-0.054481, -0.204490, -0.573353, 0.998695, -0.001831, -0.051043, 0.050970, -0.028737, 0.998287, -0.003294, -0.999585, -0.028607)
    }},
    { Time = 0.267, Data = {
      ["Head"] = CFrame.new(0.000000, 0.000000, -0.000000, 0.969841, -0.064207, 0.235128, 0.112627, 0.973567, -0.198702, -0.216155, 0.219191, 0.951437),
      ["LeftUpperArm"] = CFrame.new(-0.018025, -0.006840, 0.056815, 0.821164, -0.068535, 0.566563, 0.178042, 0.973980, -0.140232, -0.542210, 0.216025, 0.811999),
      ["LeftUpperLeg"] = CFrame.new(-0.046317, -0.205694, -0.588502, 0.990971, -0.010390, -0.133670, 0.133685, 0.000768, 0.991024, -0.010194, -0.999946, 0.002150),
      ["LowerTorso"] = CFrame.new(-0.697192, -2.058228, -0.951055, -0.287890, 0.042582, -0.956716, -0.172122, 0.980442, 0.095432, 0.942069, 0.192146, -0.274930),
      ["RightUpperArm"] = CFrame.new(0.034955, -0.516113, 0.183143, 0.970798, 0.239898, -0.000002, 0.089587, -0.362538, -0.927653, -0.222543, 0.900564, -0.373443),
      ["RightUpperLeg"] = CFrame.new(-0.054637, -0.204753, -0.573152, 0.998705, -0.001650, -0.050858, 0.050790, -0.028737, 0.998296, -0.003109, -0.999586, -0.028616)
    }},
    { Time = 0.283, Data = {
      ["Head"] = CFrame.new(0.000000, 0.000000, 0.000000, 0.969716, -0.065102, 0.235397, 0.113598, 0.973445, -0.198747, -0.216207, 0.219469, 0.951361),
      ["LeftUpperArm"] = CFrame.new(-0.018025, -0.006865, 0.056924, 0.821404, -0.068537, 0.566214, 0.178214, 0.973887, -0.140652, -0.541788, 0.216440, 0.812169),
      ["LeftUpperLeg"] = CFrame.new(-0.046467, -0.205573, -0.588385, 0.991047, -0.010210, -0.133124, 0.133140, 0.000820, 0.991097, -0.010010, -0.999948, 0.002172),
      ["LowerTorso"] = CFrame.new(-0.697243, -2.058296, -0.950698, -0.287911, 0.042632, -0.956708, -0.171764, 0.980510, 0.095383, 0.942128, 0.191789, -0.274976),
      ["RightUpperArm"] = CFrame.new(0.035018, -0.516835, 0.183127, 0.970798, 0.239898, -0.000002, 0.089587, -0.362538, -0.927653, -0.222543, 0.900564, -0.373443),
      ["RightUpperLeg"] = CFrame.new(-0.054801, -0.205037, -0.572874, 0.998714, -0.001595, -0.050674, 0.050608, -0.028620, 0.998308, -0.003042, -0.999589, -0.028503)
    }},
    { Time = 0.300, Data = {
      ["Head"] = CFrame.new(0.000000, 0.000000, -0.000000, 0.969571, -0.065988, 0.235751, 0.114578, 0.973322, -0.198787, -0.216344, 0.219750, 0.951265),
      ["LeftUpperArm"] = CFrame.new(-0.018028, -0.006889, 0.057032, 0.821695, -0.068549, 0.565790, 0.178381, 0.973795, -0.141081, -0.541293, 0.216852, 0.812390),
      ["LeftUpperLeg"] = CFrame.new(-0.046632, -0.205399, -0.588297, 0.991113, -0.010090, -0.132639, 0.132655, 0.000864, 0.991162, -0.009886, -0.999949, 0.002195),
      ["LowerTorso"] = CFrame.new(-0.697373, -2.058370, -0.950288, -0.287836, 0.042762, -0.956725, -0.171341, 0.980584, 0.095377, 0.942228, 0.191379, -0.274921),
      ["RightUpperArm"] = CFrame.new(0.035084, -0.517598, 0.183109, 0.970798, 0.239898, -0.000002, 0.089587, -0.362538, -0.927653, -0.222543, 0.900564, -0.373443),
      ["RightUpperLeg"] = CFrame.new(-0.054975, -0.205343, -0.572638, 0.998724, -0.001414, -0.050488, 0.050427, -0.028620, 0.998318, -0.002857, -0.999589, -0.028512)
    }},
    { Time = 0.317, Data = {
      ["Head"] = CFrame.new(0.000000, 0.000000, 0.000000, 0.969416, -0.066958, 0.236113, 0.115643, 0.973190, -0.198816, -0.216470, 0.220040, 0.951169),
      ["LeftUpperArm"] = CFrame.new(-0.018029, -0.006913, 0.057141, 0.821935, -0.068551, 0.565441, 0.178553, 0.973702, -0.141502, -0.540871, 0.217266, 0.812560),
      ["LeftUpperLeg"] = CFrame.new(-0.046804, -0.205234, -0.588178, 0.991188, -0.009910, -0.132094, 0.132109, 0.000916, 0.991235, -0.009702, -0.999950, 0.002217),
      ["LowerTorso"] = CFrame.new(-0.697492, -2.058444, -0.949880, -0.287863, 0.042881, -0.956711, -0.170913, 0.980659, 0.095380, 0.942297, 0.190971, -0.274967),
      ["RightUpperArm"] = CFrame.new(0.035154, -0.518426, 0.183081, 0.970798, 0.239898, -0.000014, 0.089599, -0.362634, -0.927615, -0.222538, 0.900525, -0.373539),
      ["RightUpperLeg"] = CFrame.new(-0.055161, -0.205608, -0.572385, 0.998739, -0.001235, -0.050181, 0.050125, -0.028623, 0.998333, -0.002670, -0.999590, -0.028525)
    }},
    { Time = 0.333, Data = {
      ["Head"] = CFrame.new(0.000000, 0.000000, 0.000000, 0.969232, -0.068003, 0.236568, 0.116801, 0.973049, -0.198830, -0.216671, 0.220344, 0.951053),
      ["LeftUpperArm"] = CFrame.new(-0.018030, -0.006938, 0.057250, 0.822175, -0.068554, 0.565091, 0.178725, 0.973609, -0.141923, -0.540449, 0.217681, 0.812730),
      ["LeftUpperLeg"] = CFrame.new(-0.046982, -0.205078, -0.588087, 0.991270, -0.009790, -0.131487, 0.131503, 0.000968, 0.991315, -0.009578, -0.999952, 0.002247),
      ["LowerTorso"] = CFrame.new(-0.697621, -2.058519, -0.949470, -0.287789, 0.043011, -0.956728, -0.170491, 0.980733, 0.095374, 0.942396, 0.190561, -0.274911),
      ["RightUpperArm"] = CFrame.new(0.035228, -0.519268, 0.183062, 0.970798, 0.239898, -0.000014, 0.089599, -0.362634, -0.927615, -0.222538, 0.900525, -0.373539),
      ["RightUpperLeg"] = CFrame.new(-0.055353, -0.205924, -0.572084, 0.998752, -0.001117, -0.049935, 0.049883, -0.028626, 0.998345, -0.002544, -0.999590, -0.028535)
    }},
    { Time = 0.350, Data = {
      ["Head"] = CFrame.new(0.000000, 0.000000, 0.000000, 0.969067, -0.069058, 0.236939, 0.117951, 0.972906, -0.198848, -0.216787, 0.220644, 0.950957),
      ["LeftUpperArm"] = CFrame.new(-0.018009, -0.006959, 0.057353, 0.822426, -0.068475, 0.564735, 0.178816, 0.973528, -0.142369, -0.540037, 0.218072, 0.812899),
      ["LeftUpperLeg"] = CFrame.new(-0.047174, -0.204870, -0.587965, 0.991344, -0.009610, -0.130941, 0.130957, 0.001020, 0.991388, -0.009393, -0.999953, 0.002270),
      ["LowerTorso"] = CFrame.new(-0.697741, -2.058592, -0.949062, -0.287816, 0.043130, -0.956714, -0.170063, 0.980807, 0.095378, 0.942465, 0.190153, -0.274957),
      ["RightUpperArm"] = CFrame.new(0.035305, -0.520150, 0.183042, 0.970798, 0.239898, -0.000014, 0.089599, -0.362634, -0.927615, -0.222538, 0.900525, -0.373539),
      ["RightUpperLeg"] = CFrame.new(-0.055553, -0.206291, -0.571796, 0.998761, -0.000936, -0.049750, 0.049703, -0.028626, 0.998354, -0.002359, -0.999590, -0.028544)
    }},
    { Time = 0.367, Data = {
      ["Head"] = CFrame.new(0.000000, -0.000000, -0.000000, 0.968900, -0.070113, 0.237310, 0.119100, 0.972763, -0.198866, -0.216903, 0.220945, 0.950861),
      ["LeftUpperArm"] = CFrame.new(-0.018009, -0.006984, 0.057462, 0.822666, -0.068478, 0.564386, 0.178988, 0.973434, -0.142790, -0.539615, 0.218487, 0.813068),
      ["LeftUpperLeg"] = CFrame.new(-0.047369, -0.204702, -0.587841, 0.991433, -0.009429, -0.130274, 0.130290, 0.001080, 0.991475, -0.009208, -0.999955, 0.002299),
      ["LowerTorso"] = CFrame.new(-0.697860, -2.058667, -0.948654, -0.287844, 0.043249, -0.956700, -0.169636, 0.980880, 0.095381, 0.942534, 0.189745, -0.275003),
      ["RightUpperArm"] = CFrame.new(0.035385, -0.521070, 0.183021, 0.970798, 0.239898, -0.000014, 0.089599, -0.362634, -0.927615, -0.222538, 0.900525, -0.373539),
      ["RightUpperLeg"] = CFrame.new(-0.055765, -0.206618, -0.571494, 0.998777, -0.000757, -0.049442, 0.049400, -0.028629, 0.998369, -0.002171, -0.999590, -0.028556)
    }},
    { Time = 0.383, Data = {
      ["Head"] = CFrame.new(0.000000, 0.000000, 0.000000, 0.968696, -0.071317, 0.237786, 0.120438, 0.972583, -0.198942, -0.217079, 0.221352, 0.950726),
      ["LeftUpperArm"] = CFrame.new(-0.018010, -0.007008, 0.057571, 0.822906, -0.068481, 0.564036, 0.179159, 0.973341, -0.143211, -0.539192, 0.218901, 0.813237),
      ["LeftUpperLeg"] = CFrame.new(-0.047574, -0.204513, -0.587720, 0.991522, -0.009241, -0.129608, 0.129623, 0.001018, 0.991563, -0.009031, -0.999957, 0.002207),
      ["LowerTorso"] = CFrame.new(-0.698006, -2.058763, -0.948125, -0.287775, 0.043396, -0.956714, -0.169093, 0.980976, 0.095359, 0.942652, 0.189216, -0.274962),
      ["RightUpperArm"] = CFrame.new(0.035468, -0.522028, 0.183000, 0.970798, 0.239898, -0.000014, 0.089599, -0.362634, -0.927615, -0.222538, 0.900525, -0.373539),
      ["RightUpperLeg"] = CFrame.new(-0.055985, -0.206964, -0.571174, 0.998792, -0.000578, -0.049135, 0.049098, -0.028632, 0.998383, -0.001984, -0.999590, -0.028569)
    }},
    { Time = 0.400, Data = {
      ["Head"] = CFrame.new(0.000000, 0.000000, 0.000000, 0.968498, -0.072447, 0.238250, 0.121681, 0.972428, -0.198943, -0.217268, 0.221666, 0.950610),
      ["LeftUpperArm"] = CFrame.new(-0.018016, -0.007029, 0.057660, 0.823095, -0.068500, 0.563758, 0.179313, 0.973264, -0.143542, -0.538852, 0.219238, 0.813371),
      ["LeftUpperLeg"] = CFrame.new(-0.047788, -0.204304, -0.587593, 0.991611, -0.009061, -0.128941, 0.128955, 0.001077, 0.991650, -0.008847, -0.999958, 0.002236),
      ["LowerTorso"] = CFrame.new(-0.698205, -2.058842, -0.947664, -0.287706, 0.043594, -0.956726, -0.168602, 0.981056, 0.095405, 0.942761, 0.188754, -0.274906),
      ["RightUpperArm"] = CFrame.new(0.035555, -0.523023, 0.182977, 0.970798, 0.239898, -0.000014, 0.089599, -0.362634, -0.927615, -0.222538, 0.900525, -0.373539),
      ["RightUpperLeg"] = CFrame.new(-0.056211, -0.207360, -0.570870, 0.998804, -0.000341, -0.048887, 0.048858, -0.028512, 0.998399, -0.001734, -0.999593, -0.028461)
    }},
    { Time = 0.417, Data = {
      ["Head"] = CFrame.new(0.000000, 0.000000, 0.000000, 0.968281, -0.073735, 0.238735, 0.123103, 0.972236, -0.199007, -0.217433, 0.222084, 0.950475),
      ["LeftUpperArm"] = CFrame.new(-0.018016, -0.007053, 0.057769, 0.823334, -0.068503, 0.563408, 0.179484, 0.973170, -0.143964, -0.538430, 0.219653, 0.813539),
      ["LeftUpperLeg"] = CFrame.new(-0.048013, -0.204075, -0.587466, 0.991699, -0.008881, -0.128273, 0.128288, 0.001136, 0.991736, -0.008662, -0.999960, 0.002266),
      ["LowerTorso"] = CFrame.new(-0.698341, -2.058938, -0.947137, -0.287740, 0.043730, -0.956710, -0.168055, 0.981151, 0.095392, 0.942849, 0.188227, -0.274967),
      ["RightUpperArm"] = CFrame.new(0.035645, -0.524080, 0.182944, 0.970798, 0.239898, -0.000027, 0.089610, -0.362730, -0.927576, -0.222534, 0.900487, -0.373635),
      ["RightUpperLeg"] = CFrame.new(-0.056447, -0.207744, -0.570519, 0.998819, -0.000162, -0.048580, 0.048556, -0.028515, 0.998414, -0.001547, -0.999593, -0.028473)
    }},
    { Time = 0.433, Data = {
      ["Head"] = CFrame.new(0.000000, 0.000000, 0.000000, 0.968071, -0.074939, 0.239211, 0.124440, 0.972050, -0.199081, -0.217606, 0.222492, 0.950339),
      ["LeftUpperArm"] = CFrame.new(-0.018021, -0.007074, 0.057857, 0.823523, -0.068522, 0.563130, 0.179637, 0.973093, -0.144295, -0.538090, 0.219990, 0.813673),
      ["LeftUpperLeg"] = CFrame.new(-0.048243, -0.203857, -0.587306, 0.991795, -0.008640, -0.127545, 0.127560, 0.001203, 0.991830, -0.008416, -0.999962, 0.002295),
      ["LowerTorso"] = CFrame.new(-0.698487, -2.059032, -0.946607, -0.287670, 0.043877, -0.956724, -0.167512, 0.981246, 0.095369, 0.942966, 0.187698, -0.274925),
      ["RightUpperArm"] = CFrame.new(0.035719, -0.525152, 0.182922, 0.970815, 0.239828, -0.000075, 0.089540, -0.362747, -0.927576, -0.222486, 0.900498, -0.373635),
      ["RightUpperLeg"] = CFrame.new(-0.056691, -0.208147, -0.570152, 0.998834, 0.000017, -0.048272, 0.048253, -0.028517, 0.998428, -0.001359, -0.999593, -0.028485)
    }},
    { Time = 0.450, Data = {
      ["Head"] = CFrame.new(0.000000, 0.000000, 0.000000, 0.967842, -0.076312, 0.239705, 0.125947, 0.971845, -0.199133, -0.217760, 0.222920, 0.950204),
      ["LeftUpperArm"] = CFrame.new(-0.018022, -0.007099, 0.057966, 0.823762, -0.068526, 0.562780, 0.179808, 0.972998, -0.144716, -0.537667, 0.220404, 0.813840),
      ["LeftUpperLeg"] = CFrame.new(-0.048483, -0.203619, -0.587207, 0.991889, -0.008521, -0.126817, 0.126833, 0.001261, 0.991923, -0.008292, -0.999963, 0.002331),
      ["LowerTorso"] = CFrame.new(-0.698624, -2.059127, -0.946079, -0.287704, 0.044013, -0.956708, -0.166965, 0.981341, 0.095356, 0.943053, 0.187171, -0.274987),
      ["RightUpperArm"] = CFrame.new(0.035815, -0.526255, 0.182898, 0.970815, 0.239828, -0.000075, 0.089540, -0.362747, -0.927576, -0.222486, 0.900498, -0.373635),
      ["RightUpperLeg"] = CFrame.new(-0.056944, -0.208538, -0.569801, 0.998852, 0.000256, -0.047903, 0.047891, -0.028520, 0.998445, -0.001110, -0.999593, -0.028500)
    }},
    { Time = 0.467, Data = {
      ["Head"] = CFrame.new(0.000000, 0.000000, 0.000000, 0.967610, -0.077684, 0.240199, 0.127453, 0.971638, -0.199185, -0.217913, 0.223348, 0.950068),
      ["LeftUpperArm"] = CFrame.new(-0.018006, -0.007116, 0.058048, 0.823961, -0.068464, 0.562495, 0.179880, 0.972932, -0.145074, -0.537337, 0.220717, 0.813974),
      ["LeftUpperLeg"] = CFrame.new(-0.048727, -0.203394, -0.587019, 0.991993, -0.008211, -0.126029, 0.126043, 0.001213, 0.992024, -0.007993, -0.999966, 0.002238),
      ["LowerTorso"] = CFrame.new(-0.698839, -2.059228, -0.945499, -0.287641, 0.044228, -0.956717, -0.166354, 0.981442, 0.095386, 0.943180, 0.186590, -0.274945),
      ["RightUpperArm"] = CFrame.new(0.035914, -0.527392, 0.182872, 0.970815, 0.239828, -0.000075, 0.089540, -0.362747, -0.927576, -0.222486, 0.900498, -0.373635),
      ["RightUpperLeg"] = CFrame.new(-0.057203, -0.208977, -0.569404, 0.998867, 0.000435, -0.047595, 0.047589, -0.028523, 0.998460, -0.000923, -0.999593, -0.028512)
    }},
    { Time = 0.483, Data = {
      ["Head"] = CFrame.new(0.000000, 0.000000, -0.000000, 0.967356, -0.079047, 0.240777, 0.128968, 0.971429, -0.199230, -0.218150, 0.223779, 0.949912),
      ["LeftUpperArm"] = CFrame.new(-0.018014, -0.007137, 0.058136, 0.824200, -0.068494, 0.562142, 0.180026, 0.972854, -0.145414, -0.536922, 0.221050, 0.814157),
      ["LeftUpperLeg"] = CFrame.new(-0.048981, -0.203150, -0.586886, 0.992094, -0.008031, -0.125241, 0.125255, 0.001279, 0.992124, -0.007808, -0.999967, 0.002274),
      ["LowerTorso"] = CFrame.new(-0.698975, -2.059322, -0.944972, -0.287674, 0.044364, -0.956701, -0.165806, 0.981536, 0.095373, 0.943267, 0.186063, -0.275006),
      ["RightUpperArm"] = CFrame.new(0.036016, -0.528563, 0.182845, 0.970815, 0.239828, -0.000075, 0.089540, -0.362747, -0.927576, -0.222486, 0.900498, -0.373635),
      ["RightUpperLeg"] = CFrame.new(-0.057471, -0.209403, -0.569024, 0.998884, 0.000674, -0.047226, 0.047226, -0.028526, 0.998477, -0.000674, -0.999593, -0.028526)
    }},
    { Time = 0.500, Data = {
      ["Head"] = CFrame.new(0.000000, 0.000000, 0.000000, 0.967111, -0.080503, 0.241281, 0.130559, 0.971208, -0.199270, -0.218292, 0.224217, 0.949776),
      ["LeftUpperArm"] = CFrame.new(-0.018019, -0.007157, 0.058225, 0.824388, -0.068513, 0.561863, 0.180179, 0.972776, -0.145746, -0.536581, 0.221387, 0.814290),
      ["LeftUpperLeg"] = CFrame.new(-0.049239, -0.202918, -0.586722, 0.992203, -0.007790, -0.124391, 0.124405, 0.001352, 0.992231, -0.007562, -0.999969, 0.002310),
      ["LowerTorso"] = CFrame.new(-0.699191, -2.059422, -0.944391, -0.287610, 0.044580, -0.956710, -0.165195, 0.981636, 0.095403, 0.943394, 0.185482, -0.274964),
      ["RightUpperArm"] = CFrame.new(0.036121, -0.529791, 0.182808, 0.970815, 0.239828, -0.000088, 0.089552, -0.362843, -0.927537, -0.222482, 0.900459, -0.373731),
      ["RightUpperLeg"] = CFrame.new(-0.057745, -0.209846, -0.568631, 0.998901, 0.000910, -0.046857, 0.046864, -0.028409, 0.998497, -0.000422, -0.999596, -0.028420)
    }},
    { Time = 0.517, Data = {
      ["Head"] = CFrame.new(0.000000, 0.000000, -0.000000, 0.966842, -0.081950, 0.241868, 0.132159, 0.970985, -0.199303, -0.218517, 0.224660, 0.949620),
      ["LeftUpperArm"] = CFrame.new(-0.018024, -0.007178, 0.058313, 0.824576, -0.068533, 0.561584, 0.180331, 0.972698, -0.146078, -0.536241, 0.221723, 0.814423),
      ["LeftUpperLeg"] = CFrame.new(-0.049511, -0.202639, -0.586587, 0.992303, -0.007610, -0.123602, 0.123616, 0.001416, 0.992329, -0.007377, -0.999970, 0.002346),
      ["LowerTorso"] = CFrame.new(-0.699353, -2.059537, -0.943742, -0.287546, 0.044743, -0.956721, -0.164533, 0.981751, 0.095364, 0.943529, 0.184833, -0.274937),
      ["RightUpperArm"] = CFrame.new(0.036228, -0.531026, 0.182780, 0.970815, 0.239828, -0.000088, 0.089552, -0.362843, -0.927537, -0.222482, 0.900459, -0.373731),
      ["RightUpperLeg"] = CFrame.new(-0.058026, -0.210336, -0.568192, 0.998915, 0.001089, -0.046549, 0.046561, -0.028412, 0.998511, -0.000235, -0.999596, -0.028432)
    }},
    { Time = 0.533, Data = {
      ["Head"] = CFrame.new(0.000000, 0.000000, 0.000000, 0.966562, -0.083481, 0.242464, 0.133843, 0.970750, -0.199325, -0.218732, 0.225112, 0.949463),
      ["LeftUpperArm"] = CFrame.new(-0.018029, -0.007198, 0.058402, 0.824765, -0.068553, 0.561306, 0.180484, 0.972620, -0.146410, -0.535900, 0.222060, 0.814555),
      ["LeftUpperLeg"] = CFrame.new(-0.049787, -0.202374, -0.586421, 0.992410, -0.007369, -0.122753, 0.122767, 0.001488, 0.992435, -0.007131, -0.999972, 0.002381),
      ["LowerTorso"] = CFrame.new(-0.699558, -2.059637, -0.943164, -0.287585, 0.044948, -0.956700, -0.163916, 0.981850, 0.095403, 0.943624, 0.184255, -0.274998),
      ["RightUpperArm"] = CFrame.new(0.036339, -0.532293, 0.182751, 0.970815, 0.239828, -0.000088, 0.089552, -0.362843, -0.927537, -0.222482, 0.900459, -0.373731),
      ["RightUpperLeg"] = CFrame.new(-0.058315, -0.210811, -0.567770, 0.998932, 0.001328, -0.046180, 0.046199, -0.028414, 0.998528, 0.000014, -0.999595, -0.028446)
    }},
    { Time = 0.550, Data = {
      ["Head"] = CFrame.new(0.000000, 0.000000, 0.000000, 0.966279, -0.085011, 0.243060, 0.135527, 0.970512, -0.199345, -0.218946, 0.225565, 0.949307),
      ["LeftUpperArm"] = CFrame.new(-0.018020, -0.007211, 0.058462, 0.824964, -0.068517, 0.561017, 0.180530, 0.972570, -0.146686, -0.535578, 0.222291, 0.814704),
      ["LeftUpperLeg"] = CFrame.new(-0.050067, -0.202122, -0.586227, 0.992524, -0.007060, -0.121843, 0.121856, 0.001445, 0.992547, -0.006831, -0.999974, 0.002295),
      ["LowerTorso"] = CFrame.new(-0.699791, -2.059757, -0.942464, -0.287527, 0.045180, -0.956707, -0.163185, 0.981971, 0.095416, 0.943769, 0.183555, -0.274971),
      ["RightUpperArm"] = CFrame.new(0.036451, -0.533589, 0.182721, 0.970815, 0.239828, -0.000088, 0.089552, -0.362843, -0.927537, -0.222482, 0.900459, -0.373731),
      ["RightUpperLeg"] = CFrame.new(-0.058611, -0.211273, -0.567367, 0.998952, 0.001627, -0.045749, 0.045776, -0.028417, 0.998547, 0.000325, -0.999595, -0.028462)
    }},
    { Time = 0.567, Data = {
      ["Head"] = CFrame.new(0.000000, 0.000000, 0.000000, 0.965983, -0.086615, 0.243669, 0.137305, 0.970243, -0.199439, -0.219144, 0.226111, 0.949131),
      ["LeftUpperArm"] = CFrame.new(-0.018022, -0.007232, 0.058552, 0.825102, -0.068527, 0.560813, 0.180689, 0.972491, -0.147010, -0.535312, 0.222631, 0.814787),
      ["LeftUpperLeg"] = CFrame.new(-0.050356, -0.201854, -0.586089, 0.992637, -0.006880, -0.120932, 0.120945, 0.001516, 0.992658, -0.006646, -0.999975, 0.002337),
      ["LowerTorso"] = CFrame.new(-0.699954, -2.059870, -0.941815, -0.287463, 0.045343, -0.956718, -0.162523, 0.982084, 0.095378, 0.943903, 0.182906, -0.274943),
      ["RightUpperArm"] = CFrame.new(0.036567, -0.534915, 0.182692, 0.970815, 0.239828, -0.000088, 0.089552, -0.362843, -0.927537, -0.222482, 0.900459, -0.373731),
      ["RightUpperLeg"] = CFrame.new(-0.058913, -0.211780, -0.566919, 0.998968, 0.001867, -0.045379, 0.045414, -0.028420, 0.998564, 0.000574, -0.999594, -0.028476)
    }},
    { Time = 0.583, Data = {
      ["Head"] = CFrame.new(0.000000, 0.000000, 0.000000, 0.965684, -0.088229, 0.244275, 0.139073, 0.969989, -0.199447, -0.219347, 0.226575, 0.948974),
      ["LeftUpperArm"] = CFrame.new(-0.018028, -0.007253, 0.058640, 0.825290, -0.068547, 0.560534, 0.180841, 0.972413, -0.147342, -0.534971, 0.222967, 0.814918),
      ["LeftUpperLeg"] = CFrame.new(-0.050652, -0.201571, -0.585890, 0.992749, -0.006578, -0.120022, 0.120035, 0.001594, 0.992768, -0.006339, -0.999977, 0.002371),
      ["LowerTorso"] = CFrame.new(-0.700186, -2.059990, -0.941114, -0.287404, 0.045575, -0.956725, -0.161791, 0.982204, 0.095392, 0.944046, 0.182206, -0.274915),
      ["RightUpperArm"] = CFrame.new(0.036685, -0.536294, 0.182651, 0.970815, 0.239828, -0.000101, 0.089564, -0.362939, -0.927499, -0.222477, 0.900421, -0.373827),
      ["RightUpperLeg"] = CFrame.new(-0.059221, -0.212301, -0.566461, 0.998984, 0.002103, -0.045010, 0.045052, -0.028303, 0.998584, 0.000826, -0.999597, -0.028369)
    }},
    { Time = 0.600, Data = {
      ["Head"] = CFrame.new(0.000000, 0.000000, 0.000000, 0.965382, -0.089832, 0.244884, 0.140851, 0.969714, -0.199538, -0.219543, 0.227123, 0.948797),
      ["LeftUpperArm"] = CFrame.new(-0.018016, -0.007266, 0.058702, 0.825439, -0.068501, 0.560320, 0.180894, 0.972362, -0.147610, -0.534722, 0.223201, 0.815017),
      ["LeftUpperLeg"] = CFrame.new(-0.050952, -0.201303, -0.585720, 0.992868, -0.006337, -0.119051, 0.119063, 0.001670, 0.992885, -0.006093, -0.999978, 0.002413),
      ["LowerTorso"] = CFrame.new(-0.700339, -2.060102, -0.940468, -0.287442, 0.045728, -0.956706, -0.161124, 0.982316, 0.095362, 0.944149, 0.181559, -0.274991),
      ["RightUpperArm"] = CFrame.new(0.036818, -0.537676, 0.182616, 0.970804, 0.239876, -0.000171, 0.089515, -0.362939, -0.927504, -0.222548, 0.900408, -0.373815),
      ["RightUpperLeg"] = CFrame.new(-0.059536, -0.212807, -0.566021, 0.999003, 0.002402, -0.044579, 0.044629, -0.028306, 0.998603, 0.001137, -0.999596, -0.028385)
    }},
    { Time = 0.617, Data = {
      ["Head"] = CFrame.new(0.000000, 0.000000, -0.000000, 0.965046, -0.091520, 0.245583, 0.142712, 0.969444, -0.199527, -0.219818, 0.227601, 0.948619),
      ["LeftUpperArm"] = CFrame.new(-0.018028, -0.007282, 0.058769, 0.825626, -0.068547, 0.560038, 0.181022, 0.972301, -0.147861, -0.534390, 0.223457, 0.815166),
      ["LeftUpperLeg"] = CFrame.new(-0.051263, -0.200991, -0.585522, 0.992979, -0.006027, -0.118141, 0.118152, 0.001625, 0.992994, -0.005793, -0.999980, 0.002326),
      ["LowerTorso"] = CFrame.new(-0.700571, -2.060221, -0.939767, -0.287382, 0.045960, -0.956713, -0.160392, 0.982435, 0.095376, 0.944291, 0.180859, -0.274962),
      ["RightUpperArm"] = CFrame.new(0.036940, -0.539084, 0.182584, 0.970804, 0.239876, -0.000171, 0.089515, -0.362939, -0.927504, -0.222548, 0.900408, -0.373815),
      ["RightUpperLeg"] = CFrame.new(-0.059856, -0.213356, -0.565538, 0.999019, 0.002641, -0.044209, 0.044266, -0.028308, 0.998619, 0.001386, -0.999596, -0.028397)
    }},
    { Time = 0.633, Data = {
      ["Head"] = CFrame.new(0.000000, 0.000000, 0.000000, 0.964727, -0.093206, 0.246202, 0.144574, 0.969152, -0.199606, -0.220003, 0.228159, 0.948442),
      ["LeftUpperArm"] = CFrame.new(-0.018016, -0.007296, 0.058831, 0.825776, -0.068501, 0.559824, 0.181074, 0.972250, -0.148129, -0.534141, 0.223691, 0.815264),
      ["LeftUpperLeg"] = CFrame.new(-0.051578, -0.200695, -0.585350, 0.993095, -0.005786, -0.117169, 0.117181, 0.001700, 0.993109, -0.005547, -0.999982, 0.002367),
      ["LowerTorso"] = CFrame.new(-0.700803, -2.060338, -0.939067, -0.287322, 0.046192, -0.956720, -0.159661, 0.982552, 0.095389, 0.944433, 0.180158, -0.274934),
      ["RightUpperArm"] = CFrame.new(0.037065, -0.540518, 0.182552, 0.970804, 0.239876, -0.000171, 0.089515, -0.362939, -0.927504, -0.222548, 0.900408, -0.373815),
      ["RightUpperLeg"] = CFrame.new(-0.060182, -0.213889, -0.565075, 0.999037, 0.002940, -0.043778, 0.043844, -0.028311, 0.998637, 0.001697, -0.999595, -0.028413)
    }},
    { Time = 0.650, Data = {
      ["Head"] = CFrame.new(0.000000, 0.000000, 0.000000, 0.964373, -0.094966, 0.246914, 0.146528, 0.968846, -0.199666, -0.220260, 0.228732, 0.948244),
      ["LeftUpperArm"] = CFrame.new(-0.018025, -0.007312, 0.058899, 0.825913, -0.068537, 0.559616, 0.181208, 0.972188, -0.148372, -0.533883, 0.223949, 0.815362),
