return {
  ["Astros on the knees 2"] = {
    { Time = 0.000, Data = {
      ["Head"] = CFrame.new(0.000000, -0.000000, 0.000000, 0.992139, 0.073479, 0.101297, -0.037759, 0.947511, -0.317485, -0.119309, 0.311164, 0.942837),
      ["LeftUpperArm"] = CFrame.new(0.010945, -0.783840, 0.182316, 0.963522, 0.244094, -0.109743, -0.070171, -0.165299, -0.983744, -0.258266, 0.955560, -0.142141),
      ["LeftUpperLeg"] = CFrame.new(0.000000, -0.333203, -0.417830, 1.000000, 0.000000, 0.000000, 0.000000, -0.026918, 0.999638, 0.000000, -0.999638, -0.026918),
      ["LowerTorso"] = CFrame.new(0.843118, -2.017653, -0.945904, -0.133820, -0.075530, 0.988123, -0.051720, 0.996265, 0.069148, -0.989655, -0.041853, -0.137227),
      ["RightUpperArm"] = CFrame.new(0.023760, -0.017264, 0.090661, 0.986619, 0.090343, 0.135727, -0.036795, 0.934349, -0.354455, -0.158839, 0.344717, 0.925170),
      ["RightUpperLeg"] = CFrame.new(0.000000, -0.333222, -0.417810, 1.000000, 0.000000, 0.000000, 0.000000, -0.026918, 0.999638, 0.000000, -0.999638, -0.026918),
      ["рҹҢ§пёҸрҹҳірҹ‘»рҹҸіпёҸвҖҚрҹҢҲрҹҳӮрҹ’һрҹҸҙвҖҚвҳ пёҸрҹҺёрҹҢ§пёҸрҹҳірҹ‘»рҹҸіпёҸвҖҚрҹҢҲрҹҳӮрҹ’һрҹҸҙвҖҚвҳ"] = CFrame.new(0.000000, 0.000000, 0.000000, 0.981122, -0.193392, 0.000000, 0.193392, 0.981122, 0.000000, 0.000000, 0.000000, 1.000000)
    }},
    { Time = 0.017, Data = {
      ["Head"] = CFrame.new(0.000000, -0.000000, 0.000000, 0.992139, 0.073479, 0.101297, -0.037759, 0.947511, -0.317485, -0.119309, 0.311164, 0.942837),
      ["LeftUpperArm"] = CFrame.new(0.010947, -0.783816, 0.182317, 0.963522, 0.244094, -0.109743, -0.070171, -0.165299, -0.983744, -0.258266, 0.955560, -0.142141),
      ["LeftUpperLeg"] = CFrame.new(-0.000023, -0.333199, -0.417830, 1.000000, 0.000000, 0.000000, 0.000000, -0.026918, 0.999638, 0.000000, -0.999638, -0.026918),
      ["LowerTorso"] = CFrame.new(0.843118, -2.017653, -0.945904, -0.133820, -0.075530, 0.988123, -0.051720, 0.996265, 0.069148, -0.989655, -0.041853, -0.137227),
      ["RightUpperArm"] = CFrame.new(0.023787, -0.017436, 0.091118, 0.986704, 0.090446, 0.135039, -0.036842, 0.933695, -0.356168, -0.158299, 0.346457, 0.924613),
      ["RightUpperLeg"] = CFrame.new(-0.000037, -0.333230, -0.417802, 1.000000, 0.000000, 0.000000, 0.000000, -0.026918, 0.999638, 0.000000, -0.999638, -0.026918),
      ["рҹҢ§пёҸрҹҳірҹ‘»рҹҸіпёҸвҖҚрҹҢҲрҹҳӮрҹ’һрҹҸҙвҖҚвҳ пёҸрҹҺёрҹҢ§пёҸрҹҳірҹ‘»рҹҸіпёҸвҖҚрҹҢҲрҹҳӮрҹ’һрҹҸҙвҖҚвҳ"] = CFrame.new(-0.000015, 0.079691, 0.127133, 1.000000, 0.000000, 0.000000, 0.000000, 1.000000, 0.000000, 0.000000, 0.000000, 1.000000)
    }},
    { Time = 0.033, Data = {
      ["Head"] = CFrame.new(-0.000000, -0.000000, 0.000000, 0.992153, 0.073381, 0.101226, -0.037688, 0.947516, -0.317479, -0.119210, 0.311173, 0.942847),
      ["LeftUpperArm"] = CFrame.new(0.010949, -0.783777, 0.182316, 0.963511, 0.244078, -0.109877, -0.070277, -0.165420, -0.983716, -0.258279, 0.955543, -0.142231),
      ["LeftUpperLeg"] = CFrame.new(-0.000093, -0.333218, -0.417801, 1.000000, 0.000060, 0.000062, -0.000060, -0.027038, 0.999634, 0.000062, -0.999634, -0.027038),
      ["LowerTorso"] = CFrame.new(0.843110, -2.017658, -0.946026, -0.133827, -0.075522, 0.988123, -0.051599, 0.996271, 0.069157, -0.989661, -0.041731, -0.137225),
      ["RightUpperArm"] = CFrame.new(0.023787, -0.017599, 0.091557, 0.986807, 0.090442, 0.134286, -0.036829, 0.933075, -0.357790, -0.157659, 0.348124, 0.924096),
      ["RightUpperLeg"] = CFrame.new(-0.000149, -0.333257, -0.417777, 1.000000, 0.000000, 0.000000, 0.000000, -0.026918, 0.999638, 0.000000, -0.999638, -0.026918),
      ["рҹҢ§пёҸрҹҳірҹ‘»рҹҸіпёҸвҖҚрҹҢҲрҹҳӮрҹ’һрҹҸҙвҖҚвҳ пёҸрҹҺёрҹҢ§пёҸрҹҳірҹ‘»рҹҸіпёҸвҖҚрҹҢҲрҹҳӮрҹ’һрҹҸҙвҖҚвҳ"] = CFrame.new(-0.000061, 0.079702, 0.127133, 1.000000, 0.000000, 0.000000, 0.000000, 1.000000, 0.000000, 0.000000, 0.000000, 1.000000)
    }},
    { Time = 0.050, Data = {
      ["Head"] = CFrame.new(0.000000, 0.000000, 0.000000, 0.992173, 0.073193, 0.101172, -0.037537, 0.947553, -0.317386, -0.119097, 0.311104, 0.942884),
      ["LeftUpperArm"] = CFrame.new(0.010943, -0.783661, 0.182325, 0.963521, 0.244013, -0.109933, -0.070342, -0.165430, -0.983710, -0.258224, 0.955558, -0.142231),
      ["LeftUpperLeg"] = CFrame.new(-0.000208, -0.333259, -0.417803, 1.000000, 0.000059, 0.000184, -0.000182, -0.027038, 0.999634, 0.000064, -0.999634, -0.027038),
      ["LowerTorso"] = CFrame.new(0.843102, -2.017664, -0.946149, -0.133834, -0.075514, 0.988122, -0.051477, 0.996276, 0.069165, -0.989666, -0.041609, -0.137223),
      ["RightUpperArm"] = CFrame.new(0.023813, -0.017772, 0.092014, 0.986891, 0.090543, 0.133598, -0.036878, 0.932415, -0.359502, -0.157119, 0.349862, 0.923531),
      ["RightUpperLeg"] = CFrame.new(-0.000335, -0.333239, -0.417736, 1.000000, -0.000002, 0.000122, -0.000122, -0.026918, 0.999638, 0.000002, -0.999638, -0.026918),
      ["рҹҢ§пёҸрҹҳірҹ‘»рҹҸіпёҸвҖҚрҹҢҲрҹҳӮрҹ’һрҹҸҙвҖҚвҳ пёҸрҹҺёрҹҢ§пёҸрҹҳірҹ‘»рҹҸіпёҸвҖҚрҹҢҲрҹҳӮрҹ’һрҹҸҙвҖҚвҳ"] = CFrame.new(-0.000138, 0.079719, 0.127133, 1.000000, 0.000000, 0.000000, 0.000000, 1.000000, 0.000000, 0.000000, 0.000000, 1.000000)
    }},
    { Time = 0.067, Data = {
      ["Head"] = CFrame.new(0.000000, -0.000000, 0.000000, 0.992192, 0.073009, 0.101115, -0.037381, 0.947563, -0.317375, -0.118985, 0.311117, 0.942894),
      ["LeftUpperArm"] = CFrame.new(0.010971, -0.783498, 0.182330, 0.963489, 0.244058, -0.110116, -0.070519, -0.165440, -0.983695, -0.258296, 0.955545, -0.142189),
      ["LeftUpperLeg"] = CFrame.new(-0.000370, -0.333293, -0.417805, 1.000000, 0.000057, 0.000306, -0.000304, -0.027159, 0.999631, 0.000065, -0.999631, -0.027159),
      ["LowerTorso"] = CFrame.new(0.843093, -2.017670, -0.946270, -0.133842, -0.075506, 0.988122, -0.051356, 0.996282, 0.069173, -0.989671, -0.041487, -0.137222),
      ["RightUpperArm"] = CFrame.new(0.023811, -0.017937, 0.092452, 0.986993, 0.090537, 0.132845, -0.036867, 0.931789, -0.361123, -0.156479, 0.351528, 0.923007),
      ["RightUpperLeg"] = CFrame.new(-0.000595, -0.333270, -0.417708, 1.000000, 0.000059, 0.000184, -0.000182, -0.027038, 0.999634, 0.000064, -0.999634, -0.027038),
      ["рҹҢ§пёҸрҹҳірҹ‘»рҹҸіпёҸвҖҚрҹҢҲрҹҳӮрҹ’һрҹҸҙвҖҚвҳ пёҸрҹҺёрҹҢ§пёҸрҹҳірҹ‘»рҹҸіпёҸвҖҚрҹҢҲрҹҳӮрҹ’һрҹҸҙвҖҚвҳ"] = CFrame.new(-0.000245, 0.079743, 0.127133, 1.000000, 0.000000, 0.000000, 0.000000, 1.000000, 0.000000, 0.000000, 0.000000, 1.000000)
    }},
    { Time = 0.083, Data = {
      ["Head"] = CFrame.new(0.000000, 0.000000, 0.000000, 0.992216, 0.072736, 0.101076, -0.037145, 0.947605, -0.317277, -0.118857, 0.311053, 0.942931),
      ["LeftUpperArm"] = CFrame.new(0.010971, -0.783290, 0.182343, 0.963487, 0.243983, -0.110292, -0.070705, -0.165460, -0.983679, -0.258250, 0.955560, -0.142167),
      ["LeftUpperLeg"] = CFrame.new(-0.000579, -0.333349, -0.417778, 1.000000, 0.000115, 0.000490, -0.000487, -0.027279, 0.999628, 0.000129, -0.999628, -0.027279),
      ["LowerTorso"] = CFrame.new(0.843020, -2.017683, -0.946448, -0.133856, -0.075433, 0.988126, -0.051169, 0.996295, 0.069125, -0.989679, -0.041309, -0.137220),
      ["RightUpperArm"] = CFrame.new(0.023836, -0.018104, 0.092887, 0.987076, 0.090629, 0.132161, -0.036926, 0.931154, -0.362751, -0.155938, 0.353182, 0.922467),
      ["RightUpperLeg"] = CFrame.new(-0.000929, -0.333317, -0.417602, 1.000000, -0.000003, 0.000244, -0.000244, -0.027038, 0.999634, 0.000003, -0.999634, -0.027038),
      ["рҹҢ§пёҸрҹҳірҹ‘»рҹҸіпёҸвҖҚрҹҢҲрҹҳӮрҹ’һрҹҸҙвҖҚвҳ пёҸрҹҺёрҹҢ§пёҸрҹҳірҹ‘»рҹҸіпёҸвҖҚрҹҢҲрҹҳӮрҹ’һрҹҸҙвҖҚвҳ"] = CFrame.new(-0.000383, 0.079773, 0.127133, 1.000000, 0.000000, 0.000000, 0.000000, 1.000000, 0.000000, 0.000000, 0.000000, 1.000000)
    }},
    { Time = 0.100, Data = {
      ["Head"] = CFrame.new(0.000000, 0.000000, -0.000000, 0.992250, 0.072449, 0.100951, -0.036923, 0.947647, -0.317178, -0.118645, 0.310992, 0.942978),
      ["LeftUpperArm"] = CFrame.new(0.010989, -0.783064, 0.182351, 0.963465, 0.243957, -0.110546, -0.070932, -0.165591, -0.983640, -0.258271, 0.955544, -0.142236),
      ["LeftUpperLeg"] = CFrame.new(-0.000833, -0.333428, -0.417721, 1.000000, 0.000234, 0.000736, -0.000729, -0.027399, 0.999624, 0.000254, -0.999625, -0.027399),
      ["LowerTorso"] = CFrame.new(0.843004, -2.017694, -0.946692, -0.133871, -0.075417, 0.988125, -0.050926, 0.996306, 0.069142, -0.989690, -0.041065, -0.137217),
      ["RightUpperArm"] = CFrame.new(0.023835, -0.018279, 0.093346, 0.987178, 0.090627, 0.131404, -0.036910, 0.930491, -0.364452, -0.155299, 0.354928, 0.921905),
      ["RightUpperLeg"] = CFrame.new(-0.001337, -0.333351, -0.417511, 1.000000, -0.000005, 0.000366, -0.000366, -0.027038, 0.999634, 0.000005, -0.999635, -0.027038),
      ["рҹҢ§пёҸрҹҳірҹ‘»рҹҸіпёҸвҖҚрҹҢҲрҹҳӮрҹ’һрҹҸҙвҖҚвҳ пёҸрҹҺёрҹҢ§пёҸрҹҳірҹ‘»рҹҸіпёҸвҖҚрҹҢҲрҹҳӮрҹ’һрҹҸҙвҖҚвҳ"] = CFrame.new(-0.000551, 0.079811, 0.127133, 1.000000, 0.000000, 0.000000, 0.000000, 1.000000, 0.000000, 0.000000, 0.000000, 1.000000)
    }},
    { Time = 0.117, Data = {
      ["Head"] = CFrame.new(0.000000, -0.000000, 0.000000, 0.992279, 0.072092, 0.100925, -0.036602, 0.947694, -0.317076, -0.118504, 0.310934, 0.943015),
      ["LeftUpperArm"] = CFrame.new(0.010995, -0.782764, 0.182369, 0.963452, 0.243873, -0.110841, -0.071238, -0.165620, -0.983613, -0.258234, 0.955561, -0.142194),
      ["LeftUpperLeg"] = CFrame.new(-0.001132, -0.333500, -0.417726, 0.999999, 0.000231, 0.000980, -0.000973, -0.027519, 0.999621, 0.000258, -0.999621, -0.027519),
      ["LowerTorso"] = CFrame.new(0.842988, -2.017705, -0.946935, -0.133885, -0.075400, 0.988124, -0.050683, 0.996317, 0.069158, -0.989700, -0.040822, -0.137214),
      ["RightUpperArm"] = CFrame.new(0.023859, -0.018447, 0.093781, 0.987260, 0.090717, 0.130719, -0.036970, 0.929850, -0.366078, -0.154759, 0.356581, 0.921357),
      ["RightUpperLeg"] = CFrame.new(-0.001818, -0.333372, -0.417434, 1.000000, 0.000054, 0.000550, -0.000548, -0.027158, 0.999631, 0.000068, -0.999631, -0.027158),
      ["рҹҢ§пёҸрҹҳірҹ‘»рҹҸіпёҸвҖҚрҹҢҲрҹҳӮрҹ’һрҹҸҙвҖҚвҳ пёҸрҹҺёрҹҢ§пёҸрҹҳірҹ‘»рҹҸіпёҸвҖҚрҹҢҲрҹҳӮрҹ’һрҹҸҙвҖҚвҳ"] = CFrame.new(-0.000750, 0.079855, 0.127133, 1.000000, 0.000000, 0.000000, 0.000000, 1.000000, 0.000000, 0.000000, 0.000000, 1.000000)
    }},
    { Time = 0.133, Data = {
      ["Head"] = CFrame.new(0.000000, -0.000000, 0.000000, 0.992326, 0.071706, 0.100729, -0.036309, 0.947740, -0.316971, -0.118194, 0.310881, 0.943071),
      ["LeftUpperArm"] = CFrame.new(0.011036, -0.782445, 0.182378, 0.963409, 0.243901, -0.111158, -0.071522, -0.165751, -0.983571, -0.258318, 0.955531, -0.142242),
      ["LeftUpperLeg"] = CFrame.new(-0.001478, -0.333594, -0.417700, 0.999999, 0.000287, 0.001286, -0.001277, -0.027760, 0.999614, 0.000323, -0.999615, -0.027760),
      ["LowerTorso"] = CFrame.new(0.842906, -2.017724, -0.947235, -0.133907, -0.075319, 0.988127, -0.050375, 0.996336, 0.069118, -0.989713, -0.040522, -0.137210),
      ["RightUpperArm"] = CFrame.new(0.023860, -0.018615, 0.094217, 0.987348, 0.090721, 0.130051, -0.036947, 0.929211, -0.367697, -0.154203, 0.358240, 0.920807),
      ["RightUpperLeg"] = CFrame.new(-0.002372, -0.333410, -0.417279, 1.000000, -0.000010, 0.000732, -0.000732, -0.027158, 0.999631, 0.000010, -0.999631, -0.027158),
      ["рҹҢ§пёҸрҹҳірҹ‘»рҹҸіпёҸвҖҚрҹҢҲрҹҳӮрҹ’һрҹҸҙвҖҚвҳ пёҸрҹҺёрҹҢ§пёҸрҹҳірҹ‘»рҹҸіпёҸвҖҚрҹҢҲрҹҳӮрҹ’һрҹҸҙвҖҚвҳ"] = CFrame.new(-0.000979, 0.079906, 0.127133, 1.000000, 0.000000, 0.000000, 0.000000, 1.000000, 0.000000, 0.000000, 0.000000, 1.000000)
    }},
    { Time = 0.150, Data = {
      ["Head"] = CFrame.new(0.000000, -0.000000, 0.000000, 0.992369, 0.071250, 0.100632, -0.035917, 0.947791, -0.316863, -0.117955, 0.310830, 0.943118),
      ["LeftUpperArm"] = CFrame.new(0.011033, -0.782084, 0.182399, 0.963406, 0.243745, -0.111524, -0.071879, -0.165902, -0.983519, -0.258230, 0.955544, -0.142310),
      ["LeftUpperLeg"] = CFrame.new(-0.001869, -0.333711, -0.417645, 0.999999, 0.000404, 0.001654, -0.001642, -0.027880, 0.999610, 0.000450, -0.999611, -0.027880),
      ["LowerTorso"] = CFrame.new(0.842882, -2.017740, -0.947600, -0.133929, -0.075295, 0.988127, -0.050011, 0.996352, 0.069143, -0.989728, -0.040157, -0.137206),
      ["RightUpperArm"] = CFrame.new(0.023857, -0.018784, 0.094654, 0.987448, 0.090709, 0.129298, -0.036942, 0.928570, -0.369314, -0.153563, 0.359902, 0.920266),
      ["RightUpperLeg"] = CFrame.new(-0.003000, -0.333465, -0.417170, 1.000000, 0.000049, 0.000916, -0.000915, -0.027279, 0.999627, 0.000074, -0.999628, -0.027279),
      ["рҹҢ§пёҸрҹҳірҹ‘»рҹҸіпёҸвҖҚрҹҢҲрҹҳӮрҹ’һрҹҸҙвҖҚвҳ пёҸрҹҺёрҹҢ§пёҸрҹҳірҹ‘»рҹҸіпёҸвҖҚрҹҢҲрҹҳӮрҹ’һрҹҸҙвҖҚвҳ"] = CFrame.new(-0.001237, 0.079964, 0.127133, 1.000000, 0.000000, 0.000000, 0.000000, 1.000000, 0.000000, 0.000000, 0.000000, 1.000000)
    }},
    { Time = 0.167, Data = {
      ["Head"] = CFrame.new(0.000000, 0.000000, 0.000000, 0.992426, 0.070690, 0.100467, -0.035459, 0.947874, -0.316666, -0.117615, 0.310705, 0.943201),
      ["LeftUpperArm"] = CFrame.new(0.011065, -0.781675, 0.182416, 0.963372, 0.243709, -0.111897, -0.072227, -0.166042, -0.983470, -0.258260, 0.955529, -0.142358),
      ["LeftUpperLeg"] = CFrame.new(-0.002305, -0.333820, -0.417591, 0.999998, 0.000521, 0.002022, -0.002006, -0.028121, 0.999602, 0.000578, -0.999604, -0.028120),
      ["LowerTorso"] = CFrame.new(0.842858, -2.017757, -0.947966, -0.133950, -0.075271, 0.988126, -0.049646, 0.996369, 0.069168, -0.989744, -0.039792, -0.137201),
      ["RightUpperArm"] = CFrame.new(0.023880, -0.018955, 0.095089, 0.987530, 0.090796, 0.128613, -0.037005, 0.927920, -0.370938, -0.153023, 0.361553, 0.919709),
      ["RightUpperLeg"] = CFrame.new(-0.003699, -0.333536, -0.416982, 0.999999, -0.000015, 0.001099, -0.001099, -0.027279, 0.999627, 0.000015, -0.999628, -0.027279),
      ["рҹҢ§пёҸрҹҳірҹ‘»рҹҸіпёҸвҖҚрҹҢҲрҹҳӮрҹ’һрҹҸҙвҖҚвҳ пёҸрҹҺёрҹҢ§пёҸрҹҳірҹ‘»рҹҸіпёҸвҖҚрҹҢҲрҹҳӮрҹ’һрҹҸҙвҖҚвҳ"] = CFrame.new(-0.001526, 0.080028, 0.127133, 1.000000, 0.000000, 0.000000, 0.000000, 1.000000, 0.000000, 0.000000, 0.000000, 1.000000)
    }},
    { Time = 0.183, Data = {
      ["Head"] = CFrame.new(-0.000000, 0.000000, 0.000000, 0.992482, 0.070131, 0.100302, -0.035001, 0.947957, -0.316469, -0.117276, 0.310579, 0.943285),
      ["LeftUpperArm"] = CFrame.new(0.011101, -0.781192, 0.182439, 0.963326, 0.243669, -0.112376, -0.072711, -0.166081, -0.983428, -0.258295, 0.955532, -0.142273),
      ["LeftUpperLeg"] = CFrame.new(-0.002786, -0.333953, -0.417567, 0.999997, 0.000576, 0.002450, -0.002433, -0.028362, 0.999595, 0.000645, -0.999598, -0.028360),
      ["LowerTorso"] = CFrame.new(0.842768, -2.017780, -0.948387, -0.133978, -0.075181, 0.988128, -0.049217, 0.996392, 0.069137, -0.989761, -0.039370, -0.137195),
      ["RightUpperArm"] = CFrame.new(0.023878, -0.019116, 0.095503, 0.987616, 0.090792, 0.127949, -0.036992, 0.927305, -0.372473, -0.152465, 0.363128, 0.919180),
      ["RightUpperLeg"] = CFrame.new(-0.004470, -0.333594, -0.416810, 0.999999, -0.000018, 0.001343, -0.001343, -0.027399, 0.999624, 0.000018, -0.999625, -0.027399),
      ["рҹҢ§пёҸрҹҳірҹ‘»рҹҸіпёҸвҖҚрҹҢҲрҹҳӮрҹ’һрҹҸҙвҖҚвҳ пёҸрҹҺёрҹҢ§пёҸрҹҳірҹ‘»рҹҸіпёҸвҖҚрҹҢҲрҹҳӮрҹ’һрҹҸҙвҖҚвҳ"] = CFrame.new(-0.001844, 0.080099, 0.127133, 1.000000, 0.000000, 0.000000, 0.000000, 1.000000, 0.000000, 0.000000, 0.000000, 1.000000)
    }},
    { Time = 0.200, Data = {
      ["Head"] = CFrame.new(-0.000000, 0.000000, 0.000000, 0.992543, 0.069490, 0.100148, -0.034453, 0.948016, -0.316351, -0.116925, 0.310542, 0.943341),
      ["LeftUpperArm"] = CFrame.new(0.011123, -0.780696, 0.182464, 0.963290, 0.243558, -0.112924, -0.073245, -0.166241, -0.983361, -0.258278, 0.955533, -0.142299),
      ["LeftUpperLeg"] = CFrame.new(-0.003312, -0.334077, -0.417484, 0.999996, 0.000752, 0.002880, -0.002857, -0.028722, 0.999583, 0.000835, -0.999587, -0.028720),
      ["LowerTorso"] = CFrame.new(0.842671, -2.017809, -0.948930, -0.134014, -0.075084, 0.988131, -0.048666, 0.996421, 0.069114, -0.989784, -0.038826, -0.137188),
      ["RightUpperArm"] = CFrame.new(0.023896, -0.019289, 0.095937, 0.987709, 0.090860, 0.127180, -0.037074, 0.926650, -0.374094, -0.151841, 0.364781, 0.918629),
      ["RightUpperLeg"] = CFrame.new(-0.005313, -0.333639, -0.416652, 0.999999, 0.000038, 0.001649, -0.001647, -0.027519, 0.999620, 0.000084, -0.999621, -0.027519),
      ["рҹҢ§пёҸрҹҳірҹ‘»рҹҸіпёҸвҖҚрҹҢҲрҹҳӮрҹ’һрҹҸҙвҖҚвҳ пёҸрҹҺёрҹҢ§пёҸрҹҳірҹ‘»рҹҸіпёҸвҖҚрҹҢҲрҹҳӮрҹ’һрҹҸҙвҖҚвҳ"] = CFrame.new(-0.002192, 0.080176, 0.127133, 1.000000, 0.000000, 0.000000, 0.000000, 1.000000, 0.000000, 0.000000, 0.000000, 1.000000)
    }},
    { Time = 0.217, Data = {
      ["Head"] = CFrame.new(0.000000, -0.000000, 0.000000, 0.992617, 0.068747, 0.099926, -0.033839, 0.948107, -0.316144, -0.116474, 0.310429, 0.943434),
      ["LeftUpperArm"] = CFrame.new(0.011148, -0.780155, 0.182490, 0.963253, 0.243447, -0.113473, -0.073779, -0.166401, -0.983294, -0.258262, 0.955533, -0.142325),
      ["LeftUpperLeg"] = CFrame.new(-0.003881, -0.334225, -0.417431, 0.999994, 0.000867, 0.003370, -0.003344, -0.028962, 0.999575, 0.000964, -0.999580, -0.028959),
      ["LowerTorso"] = CFrame.new(0.842641, -2.017830, -0.949422, -0.134156, -0.075053, 0.988114, -0.048184, 0.996442, 0.069144, -0.989788, -0.038335, -0.137295),
      ["RightUpperArm"] = CFrame.new(0.023894, -0.019452, 0.096351, 0.987795, 0.090854, 0.126515, -0.037063, 0.926029, -0.375628, -0.151284, 0.366354, 0.918095),
      ["RightUpperLeg"] = CFrame.new(-0.006227, -0.333730, -0.416448, 0.999998, 0.000035, 0.001893, -0.001891, -0.027639, 0.999616, 0.000087, -0.999618, -0.027639),
      ["рҹҢ§пёҸрҹҳірҹ‘»рҹҸіпёҸвҖҚрҹҢҲрҹҳӮрҹ’һрҹҸҙвҖҚвҳ пёҸрҹҺёрҹҢ§пёҸрҹҳірҹ‘»рҹҸіпёҸвҖҚрҹҢҲрҹҳӮрҹ’һрҹҸҙвҖҚвҳ"] = CFrame.new(-0.002569, 0.080260, 0.127133, 1.000000, 0.000000, 0.000000, 0.000000, 1.000000, 0.000000, 0.000000, 0.000000, 1.000000)
    }},
    { Time = 0.233, Data = {
      ["Head"] = CFrame.new(0.000000, 0.000000, 0.000000, 0.992691, 0.068000, 0.099706, -0.033229, 0.948225, -0.315855, -0.116022, 0.310233, 0.943554),
      ["LeftUpperArm"] = CFrame.new(0.011176, -0.779598, 0.182515, 0.963217, 0.243330, -0.114036, -0.074298, -0.166672, -0.983209, -0.258250, 0.955516, -0.142462),
      ["LeftUpperLeg"] = CFrame.new(-0.004495, -0.334396, -0.417348, 0.999992, 0.001041, 0.003922, -0.003890, -0.029323, 0.999563, 0.001156, -0.999570, -0.029319),
      ["LowerTorso"] = CFrame.new(0.842543, -2.017859, -0.949966, -0.134191, -0.074956, 0.988117, -0.047633, 0.996471, 0.069121, -0.989810, -0.037791, -0.137288),
      ["RightUpperArm"] = CFrame.new(0.023915, -0.019617, 0.096763, 0.987875, 0.090930, 0.125834, -0.037137, 0.925401, -0.377166, -0.150743, 0.367920, 0.917557),
      ["RightUpperLeg"] = CFrame.new(-0.007210, -0.333838, -0.416227, 0.999998, 0.000031, 0.002137, -0.002135, -0.027759, 0.999612, 0.000091, -0.999615, -0.027759),
      ["рҹҢ§пёҸрҹҳірҹ‘»рҹҸіпёҸвҖҚрҹҢҲрҹҳӮрҹ’һрҹҸҙвҖҚвҳ пёҸрҹҺёрҹҢ§пёҸрҹҳірҹ‘»рҹҸіпёҸвҖҚрҹҢҲрҹҳӮрҹ’һрҹҸҙвҖҚвҳ"] = CFrame.new(-0.002974, 0.080351, 0.127133, 1.000000, 0.000000, 0.000000, 0.000000, 1.000000, 0.000000, 0.000000, 0.000000, 1.000000)
    }},
    { Time = 0.250, Data = {
      ["Head"] = CFrame.new(0.000000, 0.000000, 0.000000, 0.992764, 0.067257, 0.099483, -0.032615, 0.948316, -0.315648, -0.115571, 0.310120, 0.943647),
      ["LeftUpperArm"] = CFrame.new(0.011224, -0.778968, 0.182542, 0.963158, 0.243273, -0.114648, -0.074888, -0.166831, -0.983137, -0.258298, 0.955503, -0.142466),
      ["LeftUpperLeg"] = CFrame.new(-0.005152, -0.334590, -0.417297, 0.999989, 0.001154, 0.004534, -0.004498, -0.029683, 0.999549, 0.001288, -0.999559, -0.029677),
      ["LowerTorso"] = CFrame.new(0.842502, -2.017885, -0.950575, -0.134226, -0.074915, 0.988115, -0.047025, 0.996496, 0.069163, -0.989835, -0.037183, -0.137279),
      ["RightUpperArm"] = CFrame.new(0.023913, -0.019782, 0.097177, 0.987960, 0.090922, 0.125170, -0.037127, 0.924775, -0.378699, -0.150186, 0.369492, 0.917017),
      ["RightUpperLeg"] = CFrame.new(-0.008263, -0.333901, -0.415992, 0.999997, 0.000026, 0.002503, -0.002501, -0.027879, 0.999608, 0.000096, -0.999611, -0.027879),
      ["рҹҢ§пёҸрҹҳірҹ‘»рҹҸіпёҸвҖҚрҹҢҲрҹҳӮрҹ’һрҹҸҙвҖҚвҳ пёҸрҹҺёрҹҢ§пёҸрҹҳірҹ‘»рҹҸіпёҸвҖҚрҹҢҲрҹҳӮрҹ’һрҹҸҙвҖҚвҳ"] = CFrame.new(-0.003409, 0.080448, 0.127133, 1.000000, 0.000000, 0.000000, 0.000000, 1.000000, 0.000000, 0.000000, 0.000000, 1.000000)
    }},
    { Time = 0.267, Data = {
      ["Head"] = CFrame.new(0.000000, -0.000000, 0.000000, 0.992840, 0.066428, 0.099274, -0.031915, 0.948409, -0.315438, -0.115107, 0.310011, 0.943739),
      ["LeftUpperArm"] = CFrame.new(0.011260, -0.778297, 0.182575, 0.963109, 0.243152, -0.115316, -0.075543, -0.167000, -0.983059, -0.258290, 0.955504, -0.142471),
      ["LeftUpperLeg"] = CFrame.new(-0.005853, -0.334777, -0.417246, 0.999986, 0.001266, 0.005147, -0.005106, -0.030043, 0.999536, 0.001420, -0.999548, -0.030036),
      ["LowerTorso"] = CFrame.new(0.842396, -2.017917, -0.951239, -0.134268, -0.074809, 0.988117, -0.046352, 0.996529, 0.069148, -0.989860, -0.036517, -0.137269),
      ["RightUpperArm"] = CFrame.new(0.023932, -0.019949, 0.097588, 0.988040, 0.090996, 0.124489, -0.037203, 0.924141, -0.380236, -0.149645, 0.371057, 0.916473),
      ["RightUpperLeg"] = CFrame.new(-0.009384, -0.333979, -0.415741, 0.999996, 0.000021, 0.002869, -0.002868, -0.027999, 0.999604, 0.000101, -0.999608, -0.027999),
      ["рҹҢ§пёҸрҹҳірҹ‘»рҹҸіпёҸвҖҚрҹҢҲрҹҳӮрҹ’һрҹҸҙвҖҚвҳ пёҸрҹҺёрҹҢ§пёҸрҹҳірҹ‘»рҹҸіпёҸвҖҚрҹҢҲрҹҳӮрҹ’һрҹҸҙвҖҚвҳ"] = CFrame.new(-0.003871, 0.080551, 0.127133, 1.000000, 0.000000, 0.000000, 0.000000, 1.000000, 0.000000, 0.000000, 0.000000, 1.000000)
    }},
    { Time = 0.283, Data = {
      ["Head"] = CFrame.new(0.000000, -0.000000, 0.000000, 0.992930, 0.065497, 0.098997, -0.031149, 0.948534, -0.315139, -0.114543, 0.309827, 0.943868),
      ["LeftUpperArm"] = CFrame.new(0.011282, -0.777584, 0.182613, 0.963069, 0.242966, -0.116041, -0.076263, -0.167178, -0.982973, -0.258228, 0.955520, -0.142474),
      ["LeftUpperLeg"] = CFrame.new(-0.006596, -0.334956, -0.417134, 0.999982, 0.001500, 0.005761, -0.005713, -0.030403, 0.999521, 0.001674, -0.999537, -0.030393),
      ["LowerTorso"] = CFrame.new(0.842291, -2.017949, -0.951905, -0.134310, -0.074704, 0.988120, -0.045680, 0.996561, 0.069133, -0.989886, -0.035852, -0.137260),
      ["RightUpperArm"] = CFrame.new(0.023929, -0.020115, 0.098001, 0.988124, 0.090986, 0.123824, -0.037196, 0.923510, -0.381767, -0.149088, 0.372627, 0.915927),
      ["RightUpperLeg"] = CFrame.new(-0.010574, -0.334074, -0.415475, 0.999995, 0.000016, 0.003236, -0.003234, -0.028119, 0.999599, 0.000107, -0.999605, -0.028119),
      ["рҹҢ§пёҸрҹҳірҹ‘»рҹҸіпёҸвҖҚрҹҢҲрҹҳӮрҹ’һрҹҸҙвҖҚвҳ пёҸрҹҺёрҹҢ§пёҸрҹҳірҹ‘»рҹҸіпёҸвҖҚрҹҢҲрҹҳӮрҹ’һрҹҸҙвҖҚвҳ"] = CFrame.new(-0.004362, 0.080660, 0.127133, 1.000000, 0.000000, 0.000000, 0.000000, 1.000000, 0.000000, 0.000000, 0.000000, 1.000000)
    }},
    { Time = 0.300, Data = {
      ["Head"] = CFrame.new(-0.000000, 0.000000, 0.000000, 0.993018, 0.064566, 0.098720, -0.030382, 0.948658, -0.314840, -0.113979, 0.309643, 0.943997),
      ["LeftUpperArm"] = CFrame.new(0.011338, -0.776855, 0.182642, 0.962998, 0.242892, -0.116786, -0.076959, -0.167457, -0.982871, -0.258289, 0.955490, -0.142568),
      ["LeftUpperLeg"] = CFrame.new(-0.007381, -0.335159, -0.417054, 0.999978, 0.001671, 0.006436, -0.006381, -0.030882, 0.999503, 0.001869, -0.999522, -0.030871),
      ["LowerTorso"] = CFrame.new(0.842185, -2.017981, -0.952570, -0.134351, -0.074598, 0.988122, -0.045007, 0.996593, 0.069118, -0.989911, -0.035187, -0.137250),
      ["RightUpperArm"] = CFrame.new(0.023929, -0.020273, 0.098392, 0.988196, 0.090985, 0.123248, -0.037179, 0.922909, -0.383218, -0.148614, 0.374112, 0.915398),
      ["RightUpperLeg"] = CFrame.new(-0.011830, -0.334184, -0.415194, 0.999994, 0.000010, 0.003602, -0.003600, -0.028239, 0.999595, 0.000112, -0.999601, -0.028239),
      ["рҹҢ§пёҸрҹҳірҹ‘»рҹҸіпёҸвҖҚрҹҢҲрҹҳӮрҹ’һрҹҸҙвҖҚвҳ пёҸрҹҺёрҹҢ§пёҸрҹҳірҹ‘»рҹҸіпёҸвҖҚрҹҢҲрҹҳӮрҹ’һрҹҸҙвҖҚвҳ"] = CFrame.new(-0.004881, 0.080776, 0.127133, 1.000000, 0.000000, 0.000000, 0.000000, 1.000000, 0.000000, 0.000000, 0.000000, 1.000000)
    }},
    { Time = 0.317, Data = {
      ["Head"] = CFrame.new(0.000000, -0.000000, 0.000000, 0.993110, 0.063554, 0.098453, -0.029526, 0.948758, -0.314621, -0.113403, 0.309546, 0.944098),
      ["LeftUpperArm"] = CFrame.new(0.011383, -0.776057, 0.182681, 0.962935, 0.242761, -0.117573, -0.077735, -0.167634, -0.982780, -0.258290, 0.955493, -0.142550),
      ["LeftUpperLeg"] = CFrame.new(-0.008208, -0.335416, -0.416973, 0.999972, 0.001840, 0.007232, -0.007171, -0.031241, 0.999486, 0.002065, -0.999510, -0.031227),
      ["LowerTorso"] = CFrame.new(0.842071, -2.018016, -0.953358, -0.134399, -0.074484, 0.988124, -0.044213, 0.996629, 0.069111, -0.989941, -0.034399, -0.137239),
      ["RightUpperArm"] = CFrame.new(0.023946, -0.020433, 0.098781, 0.988274, 0.091051, 0.122571, -0.037264, 0.922301, -0.384672, -0.148072, 0.375594, 0.914879),
      ["RightUpperLeg"] = CFrame.new(-0.013153, -0.334310, -0.414898, 0.999992, 0.000005, 0.003968, -0.003966, -0.028358, 0.999590, 0.000117, -0.999598, -0.028358),
      ["рҹҢ§пёҸрҹҳірҹ‘»рҹҸіпёҸвҖҚрҹҢҲрҹҳӮрҹ’һрҹҸҙвҖҚвҳ пёҸрҹҺёрҹҢ§пёҸрҹҳірҹ‘»рҹҸіпёҸвҖҚрҹҢҲрҹҳӮрҹ’һрҹҸҙвҖҚвҳ"] = CFrame.new(-0.005427, 0.080897, 0.127133, 1.000000, 0.000000, 0.000000, 0.000000, 1.000000, 0.000000, 0.000000, 0.000000, 1.000000)
    }},
    { Time = 0.333, Data = {
      ["Head"] = CFrame.new(0.000000, 0.000000, 0.000000, 0.993210, 0.062525, 0.098103, -0.028688, 0.948885, -0.314317, -0.112741, 0.309368, 0.944236),
      ["LeftUpperArm"] = CFrame.new(0.011430, -0.775246, 0.182718, 0.962872, 0.242622, -0.118375, -0.078496, -0.167922, -0.982670, -0.258296, 0.955477, -0.142642),
      ["LeftUpperLeg"] = CFrame.new(-0.009076, -0.335636, -0.416863, 0.999966, 0.002071, 0.007969, -0.007899, -0.031720, 0.999466, 0.002323, -0.999495, -0.031703),
      ["LowerTorso"] = CFrame.new(0.842022, -2.018045, -0.954088, -0.134439, -0.074435, 0.988122, -0.043484, 0.996657, 0.069162, -0.989967, -0.033669, -0.137226),
      ["RightUpperArm"] = CFrame.new(0.023941, -0.020592, 0.099172, 0.988358, 0.091032, 0.121911, -0.037265, 0.921696, -0.386119, -0.147514, 0.377081, 0.914358),
      ["RightUpperLeg"] = CFrame.new(-0.014541, -0.334421, -0.414618, 0.999990, 0.000059, 0.004396, -0.004393, -0.028478, 0.999585, 0.000185, -0.999594, -0.028477),
      ["рҹҢ§пёҸрҹҳірҹ‘»рҹҸіпёҸвҖҚрҹҢҲрҹҳӮрҹ’һрҹҸҙвҖҚвҳ пёҸрҹҺёрҹҢ§пёҸрҹҳірҹ‘»рҹҸіпёҸвҖҚрҹҢҲрҹҳӮрҹ’һрҹҸҙвҖҚвҳ"] = CFrame.new(-0.005999, 0.081025, 0.127133, 1.000000, 0.000000, 0.000000, 0.000000, 1.000000, 0.000000, 0.000000, 0.000000, 1.000000)
    }},
    { Time = 0.350, Data = {
      ["Head"] = CFrame.new(0.000000, 0.000000, 0.000000, 0.993304, 0.061419, 0.097855, -0.027756, 0.949041, -0.313928, -0.112150, 0.309109, 0.944391),
      ["LeftUpperArm"] = CFrame.new(0.011478, -0.774396, 0.182756, 0.962795, 0.242474, -0.119296, -0.079378, -0.168219, -0.982548, -0.258310, 0.955463, -0.142713),
      ["LeftUpperLeg"] = CFrame.new(-0.009984, -0.335879, -0.416783, 0.999959, 0.002240, 0.008766, -0.008689, -0.032199, 0.999444, 0.002521, -0.999479, -0.032179),
      ["LowerTorso"] = CFrame.new(0.841900, -2.018085, -0.954996, -0.134493, -0.074313, 0.988124, -0.042568, 0.996697, 0.069163, -0.990000, -0.032760, -0.137212),
      ["RightUpperArm"] = CFrame.new(0.023963, -0.020753, 0.099561, 0.988423, 0.091113, 0.121317, -0.037335, 0.921083, -0.387573, -0.147056, 0.378557, 0.913821),
      ["RightUpperLeg"] = CFrame.new(-0.015993, -0.334516, -0.414294, 0.999988, 0.000052, 0.004884, -0.004881, -0.028597, 0.999579, 0.000192, -0.999591, -0.028597),
      ["рҹҢ§пёҸрҹҳірҹ‘»рҹҸіпёҸвҖҚрҹҢҲрҹҳӮрҹ’һрҹҸҙвҖҚвҳ пёҸрҹҺёрҹҢ§пёҸрҹҳірҹ‘»рҹҸіпёҸвҖҚрҹҢҲрҹҳӮрҹ’һрҹҸҙвҖҚвҳ"] = CFrame.new(-0.006599, 0.081159, 0.127133, 1.000000, 0.000000, 0.000000, 0.000000, 1.000000, 0.000000, 0.000000, 0.000000, 1.000000)
    }},
    { Time = 0.367, Data = {
      ["Head"] = CFrame.new(0.000000, 0.000000, 0.000000, 0.993405, 0.060305, 0.097519, -0.026833, 0.949169, -0.313620, -0.111475, 0.308935, 0.944528),
      ["LeftUpperArm"] = CFrame.new(0.011517, -0.773477, 0.182805, 0.962740, 0.242277, -0.120139, -0.080219, -0.168404, -0.982449, -0.258257, 0.955480, -0.142694),
      ["LeftUpperLeg"] = CFrame.new(-0.010933, -0.336116, -0.416705, 0.999951, 0.002408, 0.009563, -0.009479, -0.032677, 0.999421, 0.002719, -0.999463, -0.032653),
      ["LowerTorso"] = CFrame.new(0.841786, -2.018119, -0.955784, -0.134540, -0.074199, 0.988126, -0.041773, 0.996731, 0.069157, -0.990027, -0.031973, -0.137199),
      ["RightUpperArm"] = CFrame.new(0.023960, -0.020905, 0.099929, 0.988494, 0.091103, 0.120745, -0.037328, 0.920507, -0.388940, -0.146580, 0.379958, 0.913316),
      ["RightUpperLeg"] = CFrame.new(-0.017508, -0.334657, -0.413985, 0.999986, 0.000107, 0.005312, -0.005307, -0.028837, 0.999570, 0.000260, -0.999584, -0.028836),
      ["рҹҢ§пёҸрҹҳірҹ‘»рҹҸіпёҸвҖҚрҹҢҲрҹҳӮрҹ’һрҹҸҙвҖҚвҳ пёҸрҹҺёрҹҢ§пёҸрҹҳірҹ‘»рҹҸіпёҸвҖҚрҹҢҲрҹҳӮрҹ’һрҹҸҙвҖҚвҳ"] = CFrame.new(-0.007224, 0.081298, 0.127133, 1.000000, 0.000000, 0.000000, 0.000000, 1.000000, 0.000000, 0.000000, 0.000000, 1.000000)
    }},
    { Time = 0.383, Data = {
      ["Head"] = CFrame.new(0.000000, -0.000000, -0.000000, 0.993518, 0.059092, 0.097111, -0.025837, 0.949300, -0.313308, -0.110702, 0.308768, 0.944673),
      ["LeftUpperArm"] = CFrame.new(0.011572, -0.772547, 0.182847, 0.962662, 0.242128, -0.121060, -0.081101, -0.168700, -0.982325, -0.258271, 0.955465, -0.142764),
      ["LeftUpperLeg"] = CFrame.new(-0.011921, -0.336376, -0.416595, 0.999942, 0.002635, 0.010422, -0.010328, -0.033275, 0.999393, 0.002980, -0.999443, -0.033246),
      ["LowerTorso"] = CFrame.new(0.841663, -2.018157, -0.956692, -0.134593, -0.074076, 0.988128, -0.040858, 0.996769, 0.069159, -0.990058, -0.031064, -0.137184),
      ["RightUpperArm"] = CFrame.new(0.023953, -0.021057, 0.100298, 0.988577, 0.091076, 0.120089, -0.037338, 0.919928, -0.390305, -0.146021, 0.381362, 0.912820),
      ["RightUpperLeg"] = CFrame.new(-0.019086, -0.334782, -0.413632, 0.999983, 0.000099, 0.005801, -0.005795, -0.028956, 0.999564, 0.000267, -0.999581, -0.028955),
      ["рҹҢ§пёҸрҹҳірҹ‘»рҹҸіпёҸвҖҚрҹҢҲрҹҳӮрҹ’һрҹҸҙвҖҚвҳ пёҸрҹҺёрҹҢ§пёҸрҹҳірҹ‘»рҹҸіпёҸвҖҚрҹҢҲрҹҳӮрҹ’һрҹҸҙвҖҚвҳ"] = CFrame.new(-0.007876, 0.081443, 0.127133, 1.000000, 0.000000, 0.000000, 0.000000, 1.000000, 0.000000, 0.000000, 0.000000, 1.000000)
    }},
    { Time = 0.400, Data = {
      ["Head"] = CFrame.new(0.000000, -0.000000, 0.000000, 0.993620, 0.057888, 0.096790, -0.024833, 0.949457, -0.312915, -0.110012, 0.308515, 0.944836),
      ["LeftUpperArm"] = CFrame.new(0.011629, -0.771580, 0.182891, 0.962571, 0.241969, -0.122100, -0.082104, -0.169004, -0.982190, -0.258295, 0.955452, -0.142812),
      ["LeftUpperLeg"] = CFrame.new(-0.012948, -0.336659, -0.416456, 0.999931, 0.002922, 0.011343, -0.011238, -0.033753, 0.999367, 0.003303, -0.999426, -0.033718),
      ["LowerTorso"] = CFrame.new(0.841543, -2.018193, -0.957606, -0.134759, -0.073956, 0.988115, -0.039946, 0.996806, 0.069158, -0.990073, -0.030151, -0.137282),
      ["RightUpperArm"] = CFrame.new(0.023971, -0.021202, 0.100644, 0.988641, 0.091143, 0.119504, -0.037423, 0.919376, -0.391595, -0.145560, 0.382674, 0.912345),
      ["RightUpperLeg"] = CFrame.new(-0.020725, -0.334921, -0.413265, 0.999980, 0.000091, 0.006289, -0.006284, -0.029195, 0.999554, 0.000275, -0.999574, -0.029194),
      ["рҹҢ§пёҸрҹҳірҹ‘»рҹҸіпёҸвҖҚрҹҢҲрҹҳӮрҹ’һрҹҸҙвҖҚвҳ пёҸрҹҺёрҹҢ§пёҸрҹҳірҹ‘»рҹҸіпёҸвҖҚрҹҢҲрҹҳӮрҹ’һрҹҸҙвҖҚвҳ"] = CFrame.new(-0.008552, 0.081594, 0.127133, 1.000000, 0.000000, 0.000000, 0.000000, 1.000000, 0.000000, 0.000000, 0.000000, 1.000000)
    }},
    { Time = 0.417, Data = {
      ["Head"] = CFrame.new(0.000000, 0.000000, 0.000000, 0.993733, 0.056585, 0.096398, -0.023757, 0.949615, -0.312516, -0.109225, 0.308268, 0.945008),
      ["LeftUpperArm"] = CFrame.new(0.011674, -0.770575, 0.182941, 0.962500, 0.241755, -0.123076, -0.083051, -0.169308, -0.982058, -0.258255, 0.955452, -0.142881),
      ["LeftUpperLeg"] = CFrame.new(-0.014012, -0.336938, -0.416377, 0.999920, 0.003086, 0.012262, -0.012149, -0.034350, 0.999336, 0.003505, -0.999405, -0.034310),
      ["LowerTorso"] = CFrame.new(0.841412, -2.018234, -0.958636, -0.134817, -0.073825, 0.988117, -0.038908, 0.996846, 0.069169, -0.990106, -0.029121, -0.137264),
      ["RightUpperArm"] = CFrame.new(0.023968, -0.021355, 0.101012, 0.988711, 0.091131, 0.118931, -0.037418, 0.918794, -0.392960, -0.145084, 0.384074, 0.911832),
      ["RightUpperLeg"] = CFrame.new(-0.022424, -0.335074, -0.412885, 0.999977, 0.000084, 0.006777, -0.006772, -0.029314, 0.999547, 0.000282, -0.999570, -0.029312),
      ["рҹҢ§пёҸрҹҳірҹ‘»рҹҸіпёҸвҖҚрҹҢҲрҹҳӮрҹ’һрҹҸҙвҖҚвҳ пёҸрҹҺёрҹҢ§пёҸрҹҳірҹ‘»рҹҸіпёҸвҖҚрҹҢҲрҹҳӮрҹ’һрҹҸҙвҖҚвҳ"] = CFrame.new(-0.009254, 0.081750, 0.127133, 1.000000, 0.000000, 0.000000, 0.000000, 1.000000, 0.000000, 0.000000, 0.000000, 1.000000)
    }},
    { Time = 0.433, Data = {
      ["Head"] = CFrame.new(0.000000, 0.000000, 0.000000, 0.993844, 0.055283, 0.096005, -0.022681, 0.949772, -0.312118, -0.108438, 0.308020, 0.945180),
      ["LeftUpperArm"] = CFrame.new(0.011738, -0.769531, 0.182988, 0.962407, 0.241595, -0.124116, -0.084054, -0.169612, -0.981920, -0.258278, 0.955439, -0.142929),
      ["LeftUpperLeg"] = CFrame.new(-0.015115, -0.337240, -0.416268, 0.999907, 0.003309, 0.013244, -0.013120, -0.034946, 0.999303, 0.003770, -0.999384, -0.034899),
      ["LowerTorso"] = CFrame.new(0.841225, -2.018275, -0.959602, -0.134875, -0.073638, 0.988123, -0.037927, 0.996888, 0.069114, -0.990137, -0.028155, -0.137248),
      ["RightUpperArm"] = CFrame.new(0.023985, -0.021501, 0.101356, 0.988776, 0.091198, 0.118346, -0.037504, 0.918238, -0.394248, -0.144624, 0.385385, 0.911352),
      ["RightUpperLeg"] = CFrame.new(-0.024182, -0.335210, -0.412523, 0.999973, 0.000136, 0.007327, -0.007320, -0.029553, 0.999537, 0.000352, -0.999563, -0.029551),
      ["рҹҢ§пёҸрҹҳірҹ‘»рҹҸіпёҸвҖҚрҹҢҲрҹҳӮрҹ’һрҹҸҙвҖҚвҳ пёҸрҹҺёрҹҢ§пёҸрҹҳірҹ‘»рҹҸіпёҸвҖҚрҹҢҲрҹҳӮрҹ’һрҹҸҙвҖҚвҳ"] = CFrame.new(-0.009979, 0.081912, 0.127133, 1.000000, 0.000000, 0.000000, 0.000000, 1.000000, 0.000000, 0.000000, 0.000000, 1.000000)
    }},
    { Time = 0.450, Data = {
      ["Head"] = CFrame.new(0.000000, -0.000000, 0.000000, 0.993957, 0.053900, 0.095623, -0.021515, 0.949904, -0.311800, -0.107639, 0.307858, 0.945324),
      ["LeftUpperArm"] = CFrame.new(0.011788, -0.768453, 0.183041, 0.962321, 0.241370, -0.125211, -0.085122, -0.169923, -0.981774, -0.258247, 0.955441, -0.142975),
      ["LeftUpperLeg"] = CFrame.new(-0.016254, -0.337566, -0.416129, 0.999891, 0.003592, 0.014288, -0.014151, -0.035542, 0.999268, 0.004097, -0.999362, -0.035487),
      ["LowerTorso"] = CFrame.new(0.841094, -2.018313, -0.960632, -0.134932, -0.073507, 0.988125, -0.036889, 0.996926, 0.069124, -0.990168, -0.027124, -0.137229),
      ["RightUpperArm"] = CFrame.new(0.023979, -0.021637, 0.101682, 0.988845, 0.091173, 0.117782, -0.037513, 0.917721, -0.395451, -0.144146, 0.386621, 0.910904),
      ["RightUpperLeg"] = CFrame.new(-0.025997, -0.335359, -0.412087, 0.999969, 0.000066, 0.007876, -0.007870, -0.029791, 0.999525, 0.000300, -0.999556, -0.029790),
      ["рҹҢ§пёҸрҹҳірҹ‘»рҹҸіпёҸвҖҚрҹҢҲрҹҳӮрҹ’һрҹҸҙвҖҚвҳ пёҸрҹҺёрҹҢ§пёҸрҹҳірҹ‘»рҹҸіпёҸвҖҚрҹҢҲрҹҳӮрҹ’һрҹҸҙвҖҚвҳ"] = CFrame.new(-0.010729, 0.082079, 0.127133, 1.000000, 0.000000, 0.000000, 0.000000, 1.000000, 0.000000, 0.000000, 0.000000, 1.000000)
    }},
    { Time = 0.467, Data = {
      ["Head"] = CFrame.new(0.000000, 0.000000, 0.000000, 0.994068, 0.052508, 0.095245, -0.020357, 0.950088, -0.311316, -0.106838, 0.307530, 0.945521),
      ["LeftUpperArm"] = CFrame.new(0.011855, -0.767338, 0.183093, 0.962213, 0.241200, -0.126370, -0.086246, -0.170234, -0.981622, -0.258280, 0.955428, -0.142999),
      ["LeftUpperLeg"] = CFrame.new(-0.017429, -0.337856, -0.416021, 0.999876, 0.003814, 0.015270, -0.015122, -0.036138, 0.999233, 0.004363, -0.999340, -0.036075),
      ["LowerTorso"] = CFrame.new(0.840963, -2.018351, -0.961663, -0.134989, -0.073376, 0.988127, -0.035852, 0.996963, 0.069135, -0.990198, -0.026094, -0.137209),
      ["RightUpperArm"] = CFrame.new(0.023978, -0.021783, 0.102027, 0.988903, 0.091171, 0.117298, -0.037499, 0.917167, -0.396735, -0.143752, 0.387933, 0.910408),
      ["RightUpperLeg"] = CFrame.new(-0.027869, -0.335523, -0.411698, 0.999964, 0.000118, 0.008426, -0.008419, -0.029909, 0.999517, 0.000370, -0.999553, -0.029907),
      ["рҹҢ§пёҸрҹҳірҹ‘»рҹҸіпёҸвҖҚрҹҢҲрҹҳӮрҹ’һрҹҸҙвҖҚвҳ пёҸрҹҺёрҹҢ§пёҸрҹҳірҹ‘»рҹҸіпёҸвҖҚрҹҢҲрҹҳӮрҹ’һрҹҸҙвҖҚвҳ"] = CFrame.new(-0.011502, 0.082251, 0.127133, 1.000000, 0.000000, 0.000000, 0.000000, 1.000000, 0.000000, 0.000000, 0.000000, 1.000000)
    }},
    { Time = 0.483, Data = {
      ["Head"] = CFrame.new(0.000000, -0.000000, 0.000000, 0.994186, 0.051108, 0.094779, -0.019208, 0.950244, -0.310915, -0.105953, 0.307286, 0.945700),
      ["LeftUpperArm"] = CFrame.new(0.011910, -0.766218, 0.183145, 0.962125, 0.240967, -0.127479, -0.087299, -0.170655, -0.981456, -0.258254, 0.955412, -0.143155),
      ["LeftUpperLeg"] = CFrame.new(-0.018640, -0.338169, -0.415882, 0.999859, 0.004095, 0.016314, -0.016152, -0.036852, 0.999190, 0.004693, -0.999312, -0.036781),
      ["LowerTorso"] = CFrame.new(0.840824, -2.018391, -0.962816, -0.135051, -0.073237, 0.988128, -0.034692, 0.997003, 0.069153, -0.990231, -0.024941, -0.137187),
      ["RightUpperArm"] = CFrame.new(0.023993, -0.021922, 0.102350, 0.988966, 0.091230, 0.116716, -0.037594, 0.916640, -0.397941, -0.143291, 0.389162, 0.909956),
      ["RightUpperLeg"] = CFrame.new(-0.029795, -0.335668, -0.411268, 0.999959, 0.000108, 0.009036, -0.009029, -0.030147, 0.999505, 0.000380, -0.999545, -0.030145),
      ["рҹҢ§пёҸрҹҳірҹ‘»рҹҸіпёҸвҖҚрҹҢҲрҹҳӮрҹ’һрҹҸҙвҖҚвҳ пёҸрҹҺёрҹҢ§пёҸрҹҳірҹ‘»рҹҸіпёҸвҖҚрҹҢҲрҹҳӮрҹ’һрҹҸҙвҖҚвҳ"] = CFrame.new(-0.012298, 0.082429, 0.127133, 1.000000, 0.000000, 0.000000, 0.000000, 1.000000, 0.000000, 0.000000, 0.000000, 1.000000)
    }},
    { Time = 0.500, Data = {
      ["Head"] = CFrame.new(-0.000000, -0.000000, 0.000000, 0.994307, 0.049537, 0.094340, -0.017889, 0.950403, -0.310506, -0.105042, 0.307051, 0.945878),
      ["LeftUpperArm"] = CFrame.new(0.011984, -0.765033, 0.183199, 0.962013, 0.240796, -0.128637, -0.088423, -0.170964, -0.981302, -0.258286, 0.955400, -0.143178),
      ["LeftUpperLeg"] = CFrame.new(-0.019884, -0.338478, -0.415744, 0.999840, 0.004376, 0.017358, -0.017182, -0.037446, 0.999151, 0.005022, -0.999289, -0.037365),
      ["LowerTorso"] = CFrame.new(0.840695, -2.018426, -0.963851, -0.135220, -0.073108, 0.988115, -0.033658, 0.997037, 0.069162, -0.990244, -0.023906, -0.137280),
      ["RightUpperArm"] = CFrame.new(0.023990, -0.022050, 0.102652, 0.989024, 0.091216, 0.116240, -0.037593, 0.916153, -0.399062, -0.142895, 0.390312, 0.909526),
      ["RightUpperLeg"] = CFrame.new(-0.031776, -0.335826, -0.410825, 0.999953, 0.000098, 0.009647, -0.009639, -0.030385, 0.999492, 0.000391, -0.999538, -0.030383),
      ["рҹҢ§пёҸрҹҳірҹ‘»рҹҸіпёҸвҖҚрҹҢҲрҹҳӮрҹ’һрҹҸҙвҖҚвҳ пёҸрҹҺёрҹҢ§пёҸрҹҳірҹ‘»рҹҸіпёҸвҖҚрҹҢҲрҹҳӮрҹ’һрҹҸҙвҖҚвҳ"] = CFrame.new(-0.013116, 0.082611, 0.127133, 1.000000, 0.000000, 0.000000, 0.000000, 1.000000, 0.000000, 0.000000, 0.000000, 1.000000)
    }},
    { Time = 0.517, Data = {
      ["Head"] = CFrame.new(0.000000, -0.000000, 0.000000, 0.994423, 0.048047, 0.093888, -0.016658, 0.950584, -0.310019, -0.104144, 0.306726, 0.946083),
      ["LeftUpperArm"] = CFrame.new(0.012044, -0.763817, 0.183259, 0.961909, 0.240561, -0.129851, -0.089612, -0.171281, -0.981138, -0.258264, 0.955402, -0.143200),
      ["LeftUpperLeg"] = CFrame.new(-0.021163, -0.338841, -0.415604, 0.999818, 0.004653, 0.018525, -0.018334, -0.038160, 0.999103, 0.005355, -0.999261, -0.038067),
      ["LowerTorso"] = CFrame.new(0.840491, -2.018468, -0.965060, -0.135286, -0.072903, 0.988121, -0.032434, 0.997081, 0.069124, -0.990276, -0.022697, -0.137256),
      ["RightUpperArm"] = CFrame.new(0.023983, -0.022188, 0.102977, 0.989092, 0.091189, 0.115676, -0.037604, 0.915629, -0.400263, -0.142416, 0.391547, 0.909070),
      ["RightUpperLeg"] = CFrame.new(-0.033809, -0.335996, -0.410370, 0.999947, 0.000087, 0.010257, -0.010249, -0.030622, 0.999479, 0.000401, -0.999531, -0.030620),
