return {
  ["Astros lay 11"] = {
    { Time = 0.000, Data = {
      ["Balls"] = CFrame.new(0.000000, 0.000000, 0.000000, 0.999579, -0.029001, 0.000000, 0.029001, 0.999579, 0.000000, 0.000000, 0.000000, 1.000000),
      ["Cock"] = CFrame.new(0.000000, 0.000000, 0.000000, 0.994491, -0.000000, -0.104823, 0.000000, 1.000000, -0.000000, 0.104823, 0.000000, 0.994491),
      ["Head"] = CFrame.new(0.000000, 0.000000, -0.000000, 1.000000, -0.000000, 0.000000, 0.000000, 0.839863, 0.542798, -0.000000, -0.542798, 0.839863),
      ["LeftUpperArm"] = CFrame.new(0.019723, 0.075575, 0.220823, 0.995646, 0.074995, 0.055355, -0.065285, 0.984933, -0.160142, -0.066530, 0.155831, 0.985541),
      ["LeftUpperLeg"] = CFrame.new(-0.000545, -0.022995, -0.004033, 0.998909, 0.046691, 0.000016, -0.045990, 0.983955, -0.172388, -0.008065, 0.172199, 0.985029),
      ["LowerTorso"] = CFrame.new(0.000000, -1.659559, -0.498143, 1.000000, 0.000000, 0.000000, 0.000000, 0.157343, -0.987544, 0.000000, 0.987544, 0.157343),
      ["RightUpperArm"] = CFrame.new(-0.020065, 0.075543, 0.220841, 0.995026, -0.076298, -0.064047, 0.065160, 0.984821, -0.160876, 0.075349, 0.155902, 0.984894),
      ["RightUpperLeg"] = CFrame.new(0.000726, -0.026531, -0.004643, 0.998548, -0.053875, 0.000002, 0.053068, 0.983596, -0.172403, 0.009286, 0.172153, 0.985026)
    }},
    { Time = 0.017, Data = {
      ["Balls"] = CFrame.new(-0.000000, -0.000001, 0.000000, 0.999579, -0.029001, 0.000000, 0.029001, 0.999579, 0.000000, 0.000000, 0.000000, 1.000000),
      ["Cock"] = CFrame.new(0.000000, 0.000000, 0.000000, 0.994491, 0.000086, -0.104823, -0.000086, 1.000000, 0.000005, 0.104823, 0.000005, 0.994491),
      ["Head"] = CFrame.new(0.000000, -0.000000, -0.000000, 1.000000, -0.000000, 0.000000, 0.000000, 0.839521, 0.543327, -0.000000, -0.543327, 0.839521),
      ["LeftUpperArm"] = CFrame.new(0.019723, 0.075575, 0.220823, 0.995646, 0.074995, 0.055355, -0.065285, 0.984933, -0.160142, -0.066530, 0.155831, 0.985541),
      ["LeftUpperLeg"] = CFrame.new(-0.000545, -0.022995, -0.004033, 0.998909, 0.046691, 0.000016, -0.045990, 0.983955, -0.172388, -0.008065, 0.172199, 0.985029),
      ["LowerTorso"] = CFrame.new(0.000000, -1.659564, -0.498143, 1.000000, 0.000000, 0.000000, 0.000000, 0.157343, -0.987544, 0.000000, 0.987544, 0.157343),
      ["RightUpperArm"] = CFrame.new(-0.020065, 0.075543, 0.220841, 0.995026, -0.076298, -0.064047, 0.065160, 0.984821, -0.160876, 0.075349, 0.155902, 0.984894),
      ["RightUpperLeg"] = CFrame.new(0.000726, -0.026531, -0.004643, 0.998548, -0.053875, 0.000002, 0.053068, 0.983596, -0.172403, 0.009286, 0.172153, 0.985026)
    }},
    { Time = 0.033, Data = {
      ["Balls"] = CFrame.new(-0.000000, -0.000001, 0.000000, 0.999577, -0.029087, 0.000000, 0.029087, 0.999577, 0.000000, 0.000000, 0.000000, 1.000000),
      ["Cock"] = CFrame.new(0.000000, 0.000000, 0.000000, 0.994518, 0.000259, -0.104565, -0.000259, 1.000000, 0.000014, 0.104565, 0.000014, 0.994518),
      ["Head"] = CFrame.new(0.000000, 0.000000, -0.000000, 1.000000, -0.000000, 0.000000, 0.000000, 0.839179, 0.543856, -0.000000, -0.543856, 0.839179),
      ["LeftUpperArm"] = CFrame.new(0.019723, 0.075571, 0.220845, 0.995646, 0.074997, 0.055351, -0.065282, 0.984919, -0.160227, -0.066533, 0.155916, 0.985527),
      ["LeftUpperLeg"] = CFrame.new(-0.000545, -0.022995, -0.004033, 0.998909, 0.046691, 0.000016, -0.045990, 0.983955, -0.172388, -0.008065, 0.172199, 0.985029),
      ["LowerTorso"] = CFrame.new(0.000000, -1.659580, -0.498143, 1.000000, 0.000000, 0.000000, 0.000000, 0.157343, -0.987544, 0.000000, 0.987544, 0.157343),
      ["RightUpperArm"] = CFrame.new(-0.020065, 0.075543, 0.220841, 0.995026, -0.076298, -0.064047, 0.065160, 0.984821, -0.160876, 0.075349, 0.155902, 0.984894),
      ["RightUpperLeg"] = CFrame.new(0.000726, -0.026531, -0.004643, 0.998548, -0.053875, 0.000002, 0.053068, 0.983596, -0.172403, 0.009286, 0.172153, 0.985026)
    }},
    { Time = 0.050, Data = {
      ["Balls"] = CFrame.new(-0.000000, -0.000001, 0.000000, 0.999572, -0.029260, 0.000000, 0.029260, 0.999572, 0.000000, 0.000000, 0.000000, 1.000000),
      ["Cock"] = CFrame.new(-0.000000, 0.000000, 0.000000, 0.994545, 0.000517, -0.104307, -0.000517, 1.000000, 0.000027, 0.104307, 0.000027, 0.994545),
      ["Head"] = CFrame.new(0.000000, -0.000000, 0.000000, 1.000000, -0.000000, 0.000000, 0.000000, 0.838836, 0.544385, -0.000000, -0.544385, 0.838836),
      ["LeftUpperArm"] = CFrame.new(0.019723, 0.075571, 0.220845, 0.995646, 0.074997, 0.055351, -0.065282, 0.984919, -0.160227, -0.066533, 0.155916, 0.985527),
      ["LeftUpperLeg"] = CFrame.new(-0.000545, -0.022995, -0.004032, 0.998909, 0.046691, 0.000018, -0.045990, 0.983970, -0.172303, -0.008063, 0.172114, 0.985044),
      ["LowerTorso"] = CFrame.new(0.000000, -1.659606, -0.498143, 1.000000, 0.000000, 0.000000, 0.000000, 0.157343, -0.987544, 0.000000, 0.987544, 0.157343),
      ["RightUpperArm"] = CFrame.new(-0.020065, 0.075543, 0.220841, 0.995026, -0.076298, -0.064047, 0.065160, 0.984821, -0.160876, 0.075349, 0.155902, 0.984894),
      ["RightUpperLeg"] = CFrame.new(0.000726, -0.026531, -0.004642, 0.998548, -0.053875, -0.000000, 0.053069, 0.983611, -0.172318, 0.009284, 0.172068, 0.985041)
    }},
    { Time = 0.067, Data = {
      ["Balls"] = CFrame.new(-0.000000, -0.000001, 0.000000, 0.999564, -0.029519, 0.000000, 0.029519, 0.999564, 0.000000, 0.000000, 0.000000, 1.000000),
      ["Cock"] = CFrame.new(0.000000, 0.000000, 0.000000, 0.994590, 0.000948, -0.103877, -0.000948, 1.000000, 0.000049, 0.103877, 0.000049, 0.994590),
      ["Head"] = CFrame.new(0.000000, 0.000000, -0.000000, 1.000000, -0.000000, 0.000000, 0.000000, 0.838493, 0.544913, -0.000000, -0.544913, 0.838493),
      ["LeftUpperArm"] = CFrame.new(0.019723, 0.075571, 0.220845, 0.995646, 0.074997, 0.055351, -0.065282, 0.984919, -0.160227, -0.066533, 0.155916, 0.985527),
      ["LeftUpperLeg"] = CFrame.new(-0.000545, -0.022995, -0.004032, 0.998909, 0.046691, 0.000018, -0.045990, 0.983970, -0.172303, -0.008063, 0.172114, 0.985044),
      ["LowerTorso"] = CFrame.new(0.000000, -1.659530, -0.498161, 1.000000, 0.000000, 0.000000, 0.000000, 0.157230, -0.987562, 0.000000, 0.987562, 0.157230),
      ["RightUpperArm"] = CFrame.new(-0.020065, 0.075543, 0.220841, 0.995026, -0.076298, -0.064047, 0.065160, 0.984821, -0.160876, 0.075349, 0.155902, 0.984894),
      ["RightUpperLeg"] = CFrame.new(0.000726, -0.026531, -0.004642, 0.998548, -0.053875, -0.000000, 0.053069, 0.983611, -0.172318, 0.009284, 0.172068, 0.985041)
    }},
    { Time = 0.083, Data = {
      ["Balls"] = CFrame.new(-0.000000, -0.000001, 0.000000, 0.999554, -0.029864, 0.000000, 0.029864, 0.999554, 0.000000, 0.000000, 0.000000, 1.000000),
      ["Cock"] = CFrame.new(-0.000000, 0.000000, -0.000000, 0.994643, 0.001466, -0.103361, -0.001466, 0.999999, 0.000076, 0.103361, 0.000076, 0.994644),
      ["Head"] = CFrame.new(0.000000, -0.000000, -0.000000, 1.000000, -0.000000, 0.000000, 0.000000, 0.838149, 0.545442, -0.000000, -0.545442, 0.838149),
      ["LeftUpperArm"] = CFrame.new(0.019723, 0.075571, 0.220845, 0.995646, 0.074997, 0.055351, -0.065282, 0.984919, -0.160227, -0.066533, 0.155916, 0.985527),
      ["LeftUpperLeg"] = CFrame.new(-0.000545, -0.022995, -0.004031, 0.998909, 0.046691, 0.000020, -0.045990, 0.983985, -0.172217, -0.008061, 0.172029, 0.985059),
      ["LowerTorso"] = CFrame.new(0.000000, -1.659576, -0.498161, 1.000000, 0.000000, 0.000000, 0.000000, 0.157230, -0.987562, 0.000000, 0.987562, 0.157230),
      ["RightUpperArm"] = CFrame.new(-0.020066, 0.075539, 0.220863, 0.995026, -0.076301, -0.064043, 0.065157, 0.984808, -0.160961, 0.075352, 0.155987, 0.984881),
      ["RightUpperLeg"] = CFrame.new(0.000726, -0.026531, -0.004641, 0.998548, -0.053875, -0.000003, 0.053069, 0.983626, -0.172232, 0.009282, 0.171982, 0.985056)
    }},
    { Time = 0.100, Data = {
      ["Balls"] = CFrame.new(-0.000000, -0.000001, 0.000000, 0.999544, -0.030209, 0.000000, 0.030209, 0.999544, 0.000000, 0.000000, 0.000000, 1.000000),
      ["Cock"] = CFrame.new(0.000000, 0.000000, 0.000000, 0.994713, 0.002155, -0.102674, -0.002155, 0.999998, 0.000111, 0.102674, 0.000111, 0.994715),
      ["Head"] = CFrame.new(0.000000, 0.000000, -0.000000, 1.000000, -0.000000, 0.000000, 0.000000, 0.837805, 0.545970, -0.000000, -0.545970, 0.837805),
      ["LeftUpperArm"] = CFrame.new(0.019724, 0.075568, 0.220868, 0.995646, 0.075000, 0.055348, -0.065279, 0.984905, -0.160313, -0.066536, 0.156002, 0.985513),
      ["LeftUpperLeg"] = CFrame.new(-0.000545, -0.022995, -0.004030, 0.998909, 0.046691, 0.000023, -0.045991, 0.984000, -0.172132, -0.008059, 0.171943, 0.985074),
      ["LowerTorso"] = CFrame.new(0.000000, -1.659520, -0.498179, 1.000000, 0.000000, 0.000000, 0.000000, 0.157118, -0.987580, 0.000000, 0.987580, 0.157118),
      ["RightUpperArm"] = CFrame.new(-0.020066, 0.075539, 0.220863, 0.995026, -0.076301, -0.064043, 0.065157, 0.984808, -0.160961, 0.075352, 0.155987, 0.984881),
      ["RightUpperLeg"] = CFrame.new(0.000726, -0.026532, -0.004638, 0.998548, -0.053875, -0.000007, 0.053070, 0.983656, -0.172062, 0.009277, 0.171812, 0.985086)
    }},
    { Time = 0.117, Data = {
      ["Balls"] = CFrame.new(-0.000000, -0.000001, 0.000000, 0.999530, -0.030641, 0.000000, 0.030641, 0.999530, 0.000000, 0.000000, 0.000000, 1.000000),
      ["Cock"] = CFrame.new(0.000000, 0.000000, 0.000000, 0.994791, 0.002845, -0.101900, -0.002845, 0.999996, 0.000145, 0.101900, 0.000145, 0.994795),
      ["Head"] = CFrame.new(0.000000, 0.000000, -0.000000, 1.000000, -0.000000, 0.000000, 0.000000, 0.837510, 0.546422, -0.000000, -0.546422, 0.837510),
      ["LeftUpperArm"] = CFrame.new(0.019724, 0.075568, 0.220868, 0.995646, 0.075000, 0.055348, -0.065279, 0.984905, -0.160313, -0.066536, 0.156002, 0.985513),
      ["LeftUpperLeg"] = CFrame.new(-0.000545, -0.022996, -0.004028, 0.998909, 0.046691, 0.000027, -0.045991, 0.984030, -0.171961, -0.008055, 0.171773, 0.985104),
      ["LowerTorso"] = CFrame.new(0.000000, -1.659586, -0.498179, 1.000000, 0.000000, 0.000000, 0.000000, 0.157118, -0.987580, 0.000000, 0.987580, 0.157118),
      ["RightUpperArm"] = CFrame.new(-0.020066, 0.075535, 0.220886, 0.995026, -0.076304, -0.064040, 0.065154, 0.984794, -0.161046, 0.075355, 0.156073, 0.984867),
      ["RightUpperLeg"] = CFrame.new(0.000726, -0.026532, -0.004637, 0.998548, -0.053875, -0.000010, 0.053070, 0.983670, -0.171976, 0.009275, 0.171726, 0.985101)
    }},
    { Time = 0.133, Data = {
      ["Balls"] = CFrame.new(-0.000000, -0.000001, 0.000000, 0.999514, -0.031158, 0.000000, 0.031158, 0.999514, 0.000000, 0.000000, 0.000000, 1.000000),
      ["Cock"] = CFrame.new(0.000000, 0.000000, 0.000000, 0.994875, 0.003707, -0.101040, -0.003707, 0.999993, 0.000188, 0.101040, 0.000188, 0.994882),
      ["Head"] = CFrame.new(0.000000, -0.000000, 0.000000, 1.000000, -0.000000, 0.000000, 0.000000, 0.837165, 0.546950, -0.000000, -0.546950, 0.837165),
      ["LeftUpperArm"] = CFrame.new(0.019725, 0.075564, 0.220890, 0.995646, 0.075002, 0.055345, -0.065276, 0.984892, -0.160398, -0.066539, 0.156087, 0.985500),
      ["LeftUpperLeg"] = CFrame.new(-0.000545, -0.022996, -0.004027, 0.998909, 0.046691, 0.000029, -0.045992, 0.984044, -0.171876, -0.008053, 0.171687, 0.985119),
      ["LowerTorso"] = CFrame.new(0.000000, -1.659550, -0.498197, 1.000000, 0.000000, 0.000000, 0.000000, 0.157006, -0.987598, 0.000000, 0.987598, 0.157006),
      ["RightUpperArm"] = CFrame.new(-0.020066, 0.075535, 0.220886, 0.995026, -0.076304, -0.064040, 0.065154, 0.984794, -0.161046, 0.075355, 0.156073, 0.984867),
      ["RightUpperLeg"] = CFrame.new(0.000726, -0.026532, -0.004635, 0.998548, -0.053875, -0.000014, 0.053071, 0.983700, -0.171806, 0.009270, 0.171556, 0.985131)
    }},
    { Time = 0.150, Data = {
      ["Balls"] = CFrame.new(-0.000000, -0.000001, 0.000000, 0.999498, -0.031676, 0.000000, 0.031676, 0.999498, 0.000000, 0.000000, 0.000000, 1.000000),
      ["Cock"] = CFrame.new(0.000000, 0.000000, 0.000000, 0.994975, 0.004742, -0.100008, -0.004742, 0.999989, 0.000238, 0.100008, 0.000238, 0.994987),
      ["Head"] = CFrame.new(0.000000, 0.000000, -0.000000, 1.000000, -0.000000, 0.000000, 0.000000, 0.836869, 0.547403, -0.000000, -0.547403, 0.836869),
      ["LeftUpperArm"] = CFrame.new(0.019725, 0.075561, 0.220913, 0.995646, 0.075005, 0.055342, -0.065273, 0.984878, -0.160484, -0.066542, 0.156173, 0.985486),
      ["LeftUpperLeg"] = CFrame.new(-0.000545, -0.022996, -0.004025, 0.998909, 0.046691, 0.000033, -0.045992, 0.984074, -0.171705, -0.008049, 0.171517, 0.985148),
      ["LowerTorso"] = CFrame.new(0.000000, -1.659525, -0.498215, 1.000000, 0.000000, 0.000000, 0.000000, 0.156894, -0.987616, 0.000000, 0.987616, 0.156894),
      ["RightUpperArm"] = CFrame.new(-0.020067, 0.075532, 0.220908, 0.995026, -0.076306, -0.064037, 0.065151, 0.984780, -0.161132, 0.075358, 0.156158, 0.984853),
      ["RightUpperLeg"] = CFrame.new(0.000726, -0.026532, -0.004634, 0.998548, -0.053875, -0.000017, 0.053072, 0.983715, -0.171721, 0.009268, 0.171470, 0.985146)
    }},
    { Time = 0.167, Data = {
      ["Balls"] = CFrame.new(-0.000000, -0.000001, 0.000000, 0.999476, -0.032367, 0.000000, 0.032367, 0.999476, 0.000000, 0.000000, 0.000000, 1.000000),
      ["Cock"] = CFrame.new(0.000000, 0.000000, 0.000000, 0.995082, 0.005772, -0.098890, -0.005781, 0.999983, 0.000200, 0.098889, 0.000373, 0.995098),
      ["Head"] = CFrame.new(0.000000, -0.000000, 0.000000, 1.000000, -0.000000, 0.000000, 0.000000, 0.836573, 0.547855, -0.000000, -0.547855, 0.836573),
      ["LeftUpperArm"] = CFrame.new(0.019723, 0.075561, 0.220914, 0.995652, 0.074998, 0.055256, -0.065280, 0.984878, -0.160481, -0.066456, 0.156176, 0.985491),
      ["LeftUpperLeg"] = CFrame.new(-0.000545, -0.022996, -0.004023, 0.998909, 0.046691, 0.000037, -0.045993, 0.984104, -0.171535, -0.008045, 0.171346, 0.985178),
      ["LowerTorso"] = CFrame.new(0.000000, -1.659507, -0.498232, 1.000000, 0.000000, 0.000000, 0.000000, 0.156782, -0.987633, 0.000000, 0.987633, 0.156782),
      ["RightUpperArm"] = CFrame.new(-0.020068, 0.075528, 0.220931, 0.995026, -0.076309, -0.064034, 0.065147, 0.984766, -0.161217, 0.075360, 0.156244, 0.984839),
      ["RightUpperLeg"] = CFrame.new(0.000726, -0.026533, -0.004631, 0.998548, -0.053875, -0.000021, 0.053072, 0.983745, -0.171550, 0.009263, 0.171300, 0.985175)
    }},
    { Time = 0.183, Data = {
      ["Balls"] = CFrame.new(-0.000000, -0.000001, 0.000000, 0.999453, -0.033057, 0.000000, 0.033057, 0.999453, 0.000000, 0.000000, 0.000000, 1.000000),
      ["Cock"] = CFrame.new(0.000000, 0.000000, 0.000000, 0.995193, 0.006979, -0.097686, -0.006988, 0.999976, 0.000256, 0.097685, 0.000428, 0.995217),
      ["Head"] = CFrame.new(0.000000, 0.000000, 0.000000, 1.000000, -0.000000, 0.000000, 0.000000, 0.836277, 0.548307, -0.000000, -0.548307, 0.836277),
      ["LeftUpperArm"] = CFrame.new(0.019724, 0.075557, 0.220936, 0.995652, 0.075000, 0.055253, -0.065277, 0.984864, -0.160566, -0.066459, 0.156261, 0.985477),
      ["LeftUpperLeg"] = CFrame.new(-0.000545, -0.022997, -0.004020, 0.998909, 0.046691, 0.000043, -0.045994, 0.984148, -0.171279, -0.008039, 0.171090, 0.985223),
      ["LowerTorso"] = CFrame.new(0.000000, -1.659497, -0.498250, 1.000000, 0.000000, 0.000000, 0.000000, 0.156670, -0.987651, 0.000000, 0.987651, 0.156670),
      ["RightUpperArm"] = CFrame.new(-0.020068, 0.075524, 0.220953, 0.995026, -0.076312, -0.064030, 0.065144, 0.984753, -0.161302, 0.075363, 0.156329, 0.984826),
      ["RightUpperLeg"] = CFrame.new(0.000726, -0.026533, -0.004628, 0.998548, -0.053875, -0.000028, 0.053074, 0.983789, -0.171294, 0.009256, 0.171044, 0.985220)
    }},
    { Time = 0.200, Data = {
      ["Balls"] = CFrame.new(-0.000000, -0.000001, 0.000000, 0.999430, -0.033747, 0.000000, 0.033747, 0.999430, 0.000000, 0.000000, 0.000000, 1.000000),
      ["Cock"] = CFrame.new(0.000000, 0.000000, -0.000000, 0.995309, 0.008273, -0.096395, -0.008281, 0.999966, 0.000314, 0.096394, 0.000486, 0.995343),
      ["Head"] = CFrame.new(0.000000, 0.000000, -0.000000, 1.000000, -0.000000, 0.000000, 0.000000, 0.835981, 0.548759, -0.000000, -0.548759, 0.835981),
      ["LeftUpperArm"] = CFrame.new(0.019747, 0.075552, 0.220958, 0.995646, 0.075088, 0.055242, -0.065360, 0.984844, -0.160654, -0.066468, 0.156344, 0.985464),
      ["LeftUpperLeg"] = CFrame.new(-0.000545, -0.022997, -0.004018, 0.998909, 0.046691, 0.000047, -0.045995, 0.984178, -0.171108, -0.008035, 0.170919, 0.985252),
      ["LowerTorso"] = CFrame.new(0.000000, -1.659497, -0.498268, 1.000000, 0.000000, 0.000000, 0.000000, 0.156558, -0.987669, 0.000000, 0.987669, 0.156558),
      ["RightUpperArm"] = CFrame.new(-0.020069, 0.075521, 0.220975, 0.995026, -0.076315, -0.064027, 0.065141, 0.984739, -0.161388, 0.075366, 0.156414, 0.984812),
      ["RightUpperLeg"] = CFrame.new(0.000726, -0.026534, -0.004626, 0.998548, -0.053875, -0.000033, 0.053074, 0.983819, -0.171123, 0.009252, 0.170873, 0.985250)
    }},
    { Time = 0.217, Data = {
      ["Balls"] = CFrame.new(-0.000000, -0.000001, 0.000000, 0.999401, -0.034610, 0.000000, 0.034610, 0.999401, 0.000000, 0.000000, 0.000000, 1.000000),
      ["Cock"] = CFrame.new(0.000000, 0.000000, 0.000000, 0.995437, 0.009653, -0.094932, -0.009661, 0.999953, 0.000373, 0.094932, 0.000546, 0.995484),
      ["Head"] = CFrame.new(0.000000, 0.000000, -0.000000, 1.000000, -0.000000, 0.000000, 0.000000, 0.835733, 0.549135, -0.000000, -0.549135, 0.835733),
      ["LeftUpperArm"] = CFrame.new(0.019748, 0.075548, 0.220980, 0.995646, 0.075091, 0.055239, -0.065357, 0.984831, -0.160739, -0.066471, 0.156429, 0.985450),
      ["LeftUpperLeg"] = CFrame.new(-0.000545, -0.022998, -0.004016, 0.998909, 0.046691, 0.000051, -0.045995, 0.984208, -0.170937, -0.008031, 0.170749, 0.985282),
      ["LowerTorso"] = CFrame.new(0.000000, -1.659506, -0.498286, 1.000000, 0.000000, 0.000000, 0.000000, 0.156446, -0.987687, 0.000000, 0.987687, 0.156446),
      ["RightUpperArm"] = CFrame.new(-0.020070, 0.075517, 0.220998, 0.995026, -0.076317, -0.064024, 0.065138, 0.984725, -0.161473, 0.075369, 0.156500, 0.984798),
      ["RightUpperLeg"] = CFrame.new(0.000726, -0.026534, -0.004622, 0.998548, -0.053875, -0.000040, 0.053076, 0.983863, -0.170867, 0.009245, 0.170617, 0.985294)
    }},
    { Time = 0.233, Data = {
      ["Balls"] = CFrame.new(-0.000000, -0.000001, 0.000000, 0.999371, -0.035473, 0.000000, 0.035473, 0.999371, 0.000000, 0.000000, 0.000000, 1.000000),
      ["Cock"] = CFrame.new(0.000000, 0.000000, 0.000000, 0.995560, 0.011119, -0.093470, -0.011127, 0.999938, 0.000435, 0.093469, 0.000607, 0.995622),
      ["Head"] = CFrame.new(0.000000, -0.000000, 0.000000, 1.000000, -0.000000, 0.000000, 0.000000, 0.835436, 0.549587, -0.000000, -0.549587, 0.835436),
      ["LeftUpperArm"] = CFrame.new(0.019749, 0.075545, 0.221003, 0.995646, 0.075093, 0.055236, -0.065354, 0.984817, -0.160825, -0.066474, 0.156515, 0.985436),
      ["LeftUpperLeg"] = CFrame.new(-0.000545, -0.022998, -0.004013, 0.998909, 0.046691, 0.000057, -0.045997, 0.984252, -0.170681, -0.008025, 0.170493, 0.985326),
      ["LowerTorso"] = CFrame.new(0.000000, -1.659410, -0.498322, 1.000000, 0.000000, 0.000000, 0.000000, 0.156222, -0.987722, 0.000000, 0.987722, 0.156222),
      ["RightUpperArm"] = CFrame.new(-0.020071, 0.075514, 0.221020, 0.995026, -0.076320, -0.064020, 0.065134, 0.984711, -0.161559, 0.075372, 0.156585, 0.984784),
      ["RightUpperLeg"] = CFrame.new(0.000726, -0.026531, -0.004663, 0.998547, -0.053882, -0.000131, 0.053069, 0.983893, -0.170699, 0.009326, 0.170444, 0.985323)
    }},
    { Time = 0.250, Data = {
      ["Balls"] = CFrame.new(-0.000000, -0.000001, 0.000000, 0.999340, -0.036336, 0.000000, 0.036336, 0.999340, 0.000000, 0.000000, 0.000000, 1.000000),
      ["Cock"] = CFrame.new(0.000000, 0.000000, 0.000000, 0.995694, 0.012672, -0.091834, -0.012680, 0.999919, 0.000497, 0.091833, 0.000670, 0.995774),
      ["Head"] = CFrame.new(0.000000, -0.000000, 0.000000, 1.000000, -0.000000, 0.000000, 0.000000, 0.835189, 0.549963, -0.000000, -0.549963, 0.835189),
      ["LeftUpperArm"] = CFrame.new(0.019749, 0.075541, 0.221025, 0.995646, 0.075096, 0.055233, -0.065352, 0.984803, -0.160910, -0.066477, 0.156600, 0.985422),
      ["LeftUpperLeg"] = CFrame.new(-0.000545, -0.022999, -0.004010, 0.998909, 0.046691, 0.000063, -0.045998, 0.984296, -0.170425, -0.008019, 0.170236, 0.985371),
      ["LowerTorso"] = CFrame.new(0.000000, -1.659434, -0.498339, 1.000000, 0.000000, 0.000000, 0.000000, 0.156109, -0.987740, 0.000000, 0.987740, 0.156109),
      ["RightUpperArm"] = CFrame.new(-0.020072, 0.075510, 0.221043, 0.995026, -0.076323, -0.064017, 0.065131, 0.984698, -0.161644, 0.075375, 0.156670, 0.984771),
      ["RightUpperLeg"] = CFrame.new(0.000727, -0.026532, -0.004659, 0.998547, -0.053882, -0.000138, 0.053070, 0.983937, -0.170443, 0.009319, 0.170188, 0.985368)
    }},
    { Time = 0.267, Data = {
      ["Balls"] = CFrame.new(-0.000000, -0.000001, 0.000000, 0.999305, -0.037285, 0.000000, 0.037285, 0.999305, 0.000000, 0.000000, 0.000000, 1.000000),
      ["Cock"] = CFrame.new(0.000000, 0.000000, -0.000000, 0.995829, 0.014311, -0.090113, -0.014318, 0.999897, 0.000560, 0.090112, 0.000733, 0.995931),
      ["Head"] = CFrame.new(0.000000, 0.000000, 0.000000, 1.000000, -0.000000, 0.000000, 0.000000, 0.834990, 0.550265, -0.000000, -0.550265, 0.834990),
      ["LeftUpperArm"] = CFrame.new(0.019751, 0.075534, 0.221070, 0.995646, 0.075100, 0.055226, -0.065346, 0.984776, -0.161081, -0.066483, 0.156771, 0.985395),
      ["LeftUpperLeg"] = CFrame.new(-0.000545, -0.022999, -0.004007, 0.998909, 0.046691, 0.000069, -0.045999, 0.984341, -0.170169, -0.008013, 0.169980, 0.985415),
      ["LowerTorso"] = CFrame.new(0.000000, -1.659355, -0.498375, 1.000000, 0.000000, 0.000000, 0.000000, 0.155885, -0.987775, 0.000000, 0.987775, 0.155885),
      ["RightUpperArm"] = CFrame.new(-0.020072, 0.075506, 0.221065, 0.995026, -0.076326, -0.064014, 0.065128, 0.984684, -0.161729, 0.075377, 0.156756, 0.984757),
      ["RightUpperLeg"] = CFrame.new(0.000726, -0.026532, -0.004656, 0.998547, -0.053882, -0.000145, 0.053071, 0.983982, -0.170187, 0.009312, 0.169932, 0.985412)
    }},
    { Time = 0.283, Data = {
      ["Balls"] = CFrame.new(-0.000000, -0.000001, 0.000000, 0.999265, -0.038320, 0.000000, 0.038320, 0.999265, 0.000000, 0.000000, 0.000000, 1.000000),
      ["Cock"] = CFrame.new(0.000000, 0.000000, 0.000000, 0.995957, 0.016036, -0.088391, -0.016043, 0.999871, 0.000624, 0.088390, 0.000797, 0.996086),
      ["Head"] = CFrame.new(0.000000, 0.000000, 0.000000, 1.000000, -0.000000, 0.000000, 0.000000, 0.834742, 0.550641, -0.000000, -0.550641, 0.834742),
      ["LeftUpperArm"] = CFrame.new(0.019751, 0.075530, 0.221093, 0.995646, 0.075103, 0.055223, -0.065343, 0.984762, -0.161166, -0.066485, 0.156856, 0.985381),
      ["LeftUpperLeg"] = CFrame.new(-0.000545, -0.022996, -0.004047, 0.998909, 0.046699, 0.000161, -0.045992, 0.984385, -0.169915, -0.008093, 0.169722, 0.985459),
      ["LowerTorso"] = CFrame.new(0.000000, -1.659392, -0.498392, 1.000000, 0.000000, 0.000000, 0.000000, 0.155773, -0.987793, 0.000000, 0.987793, 0.155773),
      ["RightUpperArm"] = CFrame.new(-0.020073, 0.075503, 0.221088, 0.995026, -0.076329, -0.064010, 0.065125, 0.984670, -0.161815, 0.075380, 0.156841, 0.984743),
      ["RightUpperLeg"] = CFrame.new(0.000727, -0.026533, -0.004651, 0.998547, -0.053882, -0.000154, 0.053073, 0.984041, -0.169845, 0.009303, 0.169590, 0.985471)
    }},
    { Time = 0.300, Data = {
      ["Balls"] = CFrame.new(-0.000000, -0.000001, 0.000000, 0.999225, -0.039355, 0.000000, 0.039355, 0.999225, 0.000000, 0.000000, 0.000000, 1.000000),
      ["Cock"] = CFrame.new(0.000000, 0.000000, 0.000000, 0.996092, 0.017844, -0.086498, -0.017859, 0.999840, 0.000601, 0.086495, 0.000946, 0.996252),
      ["Head"] = CFrame.new(0.000000, -0.000000, 0.000000, 1.000000, -0.000000, 0.000000, 0.000000, 0.834544, 0.550942, -0.000000, -0.550942, 0.834544),
      ["LeftUpperArm"] = CFrame.new(0.019752, 0.075526, 0.221115, 0.995646, 0.075105, 0.055220, -0.065340, 0.984748, -0.161252, -0.066488, 0.156942, 0.985367),
      ["LeftUpperLeg"] = CFrame.new(-0.000545, -0.022997, -0.004043, 0.998909, 0.046699, 0.000169, -0.045994, 0.984444, -0.169574, -0.008085, 0.169381, 0.985518),
      ["LowerTorso"] = CFrame.new(0.000000, -1.659325, -0.498428, 1.000000, 0.000000, 0.000000, 0.000000, 0.155549, -0.987828, 0.000000, 0.987828, 0.155549),
      ["RightUpperArm"] = CFrame.new(-0.020073, 0.075499, 0.221110, 0.995026, -0.076331, -0.064007, 0.065121, 0.984656, -0.161900, 0.075383, 0.156927, 0.984729),
      ["RightUpperLeg"] = CFrame.new(0.000726, -0.026534, -0.004648, 0.998547, -0.053882, -0.000161, 0.053074, 0.984085, -0.169589, 0.009296, 0.169334, 0.985515)
    }},
    { Time = 0.317, Data = {
      ["Balls"] = CFrame.new(-0.000000, -0.000001, 0.000000, 0.999180, -0.040477, 0.000000, 0.040477, 0.999180, 0.000000, 0.000000, 0.000000, 1.000000),
      ["Cock"] = CFrame.new(0.000000, 0.000000, 0.000000, 0.996219, 0.019742, -0.084604, -0.019756, 0.999805, 0.000665, 0.084600, 0.001009, 0.996414),
      ["Head"] = CFrame.new(0.000000, -0.000000, 0.000000, 1.000000, -0.000000, 0.000000, 0.000000, 0.834345, 0.551242, -0.000000, -0.551242, 0.834345),
      ["LeftUpperArm"] = CFrame.new(0.019752, 0.075523, 0.221138, 0.995646, 0.075108, 0.055216, -0.065337, 0.984734, -0.161337, -0.066491, 0.157027, 0.985353),
      ["LeftUpperLeg"] = CFrame.new(-0.000546, -0.022998, -0.004040, 0.998909, 0.046699, 0.000175, -0.045995, 0.984488, -0.169318, -0.008079, 0.169125, 0.985561),
      ["LowerTorso"] = CFrame.new(0.000000, -1.659376, -0.498446, 1.000000, 0.000000, 0.000000, 0.000000, 0.155436, -0.987846, 0.000000, 0.987846, 0.155436),
      ["RightUpperArm"] = CFrame.new(-0.020098, 0.075490, 0.221154, 0.995020, -0.076423, -0.063993, 0.065201, 0.984622, -0.162074, 0.075395, 0.157094, 0.984701),
      ["RightUpperLeg"] = CFrame.new(0.000726, -0.026534, -0.004644, 0.998547, -0.053882, -0.000168, 0.053075, 0.984129, -0.169333, 0.009289, 0.169078, 0.985559)
    }},
    { Time = 0.333, Data = {
      ["Balls"] = CFrame.new(-0.000000, -0.000001, 0.000000, 0.999134, -0.041598, 0.000000, 0.041598, 0.999134, 0.000000, 0.000000, 0.000000, 1.000000),
      ["Cock"] = CFrame.new(0.000000, 0.000000, -0.000000, 0.996346, 0.021640, -0.082623, -0.021654, 0.999765, 0.000723, 0.082619, 0.001068, 0.996581),
      ["Head"] = CFrame.new(0.000000, 0.000000, 0.000000, 1.000000, -0.000000, 0.000000, 0.000000, 0.834146, 0.551543, -0.000000, -0.551543, 0.834146),
      ["LeftUpperArm"] = CFrame.new(0.019754, 0.075515, 0.221182, 0.995646, 0.075112, 0.055210, -0.065331, 0.984707, -0.161508, -0.066497, 0.157198, 0.985326),
      ["LeftUpperLeg"] = CFrame.new(-0.000546, -0.022998, -0.004036, 0.998909, 0.046699, 0.000183, -0.045996, 0.984546, -0.168976, -0.008071, 0.168783, 0.985620),
      ["LowerTorso"] = CFrame.new(0.000000, -1.659320, -0.498481, 1.000000, 0.000000, 0.000000, 0.000000, 0.155212, -0.987881, 0.000000, 0.987881, 0.155212),
      ["RightUpperArm"] = CFrame.new(-0.020098, 0.075486, 0.221177, 0.995020, -0.076425, -0.063990, 0.065197, 0.984608, -0.162159, 0.075398, 0.157180, 0.984688),
      ["RightUpperLeg"] = CFrame.new(0.000724, -0.026492, -0.004636, 0.998552, -0.053796, -0.000185, 0.052991, 0.984192, -0.168992, 0.009273, 0.168737, 0.985617)
    }},
    { Time = 0.350, Data = {
      ["Balls"] = CFrame.new(-0.000000, -0.000001, 0.000000, 0.999083, -0.042806, 0.000000, 0.042806, 0.999083, 0.000000, 0.000000, 0.000000, 1.000000),
      ["Cock"] = CFrame.new(0.000000, 0.000000, 0.000000, 0.996470, 0.023624, -0.080556, -0.023638, 0.999720, 0.000781, 0.080552, 0.001126, 0.996750),
      ["Head"] = CFrame.new(0.000000, -0.000000, 0.000000, 1.000000, -0.000000, 0.000000, 0.000000, 0.833997, 0.551769, -0.000000, -0.551769, 0.833997),
      ["LeftUpperArm"] = CFrame.new(0.019754, 0.075512, 0.221205, 0.995646, 0.075115, 0.055207, -0.065328, 0.984693, -0.161593, -0.066500, 0.157283, 0.985312),
      ["LeftUpperLeg"] = CFrame.new(-0.000545, -0.022999, -0.004032, 0.998909, 0.046699, 0.000191, -0.045998, 0.984605, -0.168635, -0.008063, 0.168442, 0.985679),
      ["LowerTorso"] = CFrame.new(0.000000, -1.659270, -0.498516, 1.000000, 0.000000, 0.000000, 0.000000, 0.154988, -0.987917, 0.000000, 0.987917, 0.154988),
      ["RightUpperArm"] = CFrame.new(-0.020100, 0.075479, 0.221222, 0.995020, -0.076431, -0.063983, 0.065191, 0.984581, -0.162330, 0.075404, 0.157350, 0.984660),
      ["RightUpperLeg"] = CFrame.new(0.000724, -0.026493, -0.004632, 0.998552, -0.053796, -0.000194, 0.052993, 0.984250, -0.168650, 0.009264, 0.168396, 0.985676)
    }},
    { Time = 0.367, Data = {
      ["Balls"] = CFrame.new(-0.000000, -0.000001, 0.000000, 0.999035, -0.043927, 0.000000, 0.043927, 0.999035, 0.000000, 0.000000, 0.000000, 1.000000),
      ["Cock"] = CFrame.new(0.000000, 0.000000, -0.000000, 0.996584, 0.025695, -0.078488, -0.025709, 0.999669, 0.000838, 0.078484, 0.001183, 0.996915),
      ["Head"] = CFrame.new(0.000000, 0.000000, 0.000000, 1.000000, -0.000000, 0.000000, 0.000000, 0.833848, 0.551994, -0.000000, -0.551994, 0.833848),
      ["LeftUpperArm"] = CFrame.new(0.019756, 0.075505, 0.221250, 0.995646, 0.075120, 0.055200, -0.065323, 0.984665, -0.161764, -0.066505, 0.157454, 0.985284),
      ["LeftUpperLeg"] = CFrame.new(-0.000546, -0.022999, -0.004029, 0.998909, 0.046699, 0.000198, -0.045999, 0.984649, -0.168379, -0.008058, 0.168186, 0.985722),
      ["LowerTorso"] = CFrame.new(0.000000, -1.659224, -0.498552, 1.000000, 0.000000, 0.000000, 0.000000, 0.154763, -0.987952, 0.000000, 0.987952, 0.154763),
      ["RightUpperArm"] = CFrame.new(-0.020100, 0.075476, 0.221244, 0.995020, -0.076434, -0.063980, 0.065187, 0.984567, -0.162415, 0.075407, 0.157436, 0.984646),
      ["RightUpperLeg"] = CFrame.new(0.000724, -0.026494, -0.004627, 0.998552, -0.053796, -0.000203, 0.052994, 0.984309, -0.168309, 0.009255, 0.168054, 0.985734)
    }},
    { Time = 0.383, Data = {
      ["Balls"] = CFrame.new(-0.000000, -0.000001, 0.000000, 0.998977, -0.045221, 0.000000, 0.045221, 0.998977, 0.000000, 0.000000, 0.000000, 1.000000),
      ["Cock"] = CFrame.new(0.000000, 0.000000, 0.000000, 0.996693, 0.027849, -0.076335, -0.027869, 0.999611, 0.000806, 0.076328, 0.001324, 0.997082),
      ["Head"] = CFrame.new(0.000000, 0.000000, 0.000000, 1.000000, -0.000000, 0.000000, 0.000000, 0.833699, 0.552220, -0.000000, -0.552220, 0.833699),
      ["LeftUpperArm"] = CFrame.new(0.019756, 0.075501, 0.221272, 0.995646, 0.075122, 0.055197, -0.065320, 0.984651, -0.161850, -0.066508, 0.157539, 0.985271),
      ["LeftUpperLeg"] = CFrame.new(-0.000545, -0.023000, -0.004025, 0.998909, 0.046698, 0.000206, -0.046000, 0.984707, -0.168037, -0.008050, 0.167844, 0.985781),
      ["LowerTorso"] = CFrame.new(0.000000, -1.659183, -0.498587, 1.000000, 0.000000, 0.000000, 0.000000, 0.154539, -0.987987, 0.000000, 0.987987, 0.154539),
      ["RightUpperArm"] = CFrame.new(-0.020100, 0.075468, 0.221290, 0.995026, -0.076432, -0.063888, 0.065188, 0.984539, -0.162583, 0.075327, 0.157610, 0.984624),
      ["RightUpperLeg"] = CFrame.new(0.000724, -0.026494, -0.004624, 0.998552, -0.053796, -0.000210, 0.052996, 0.984352, -0.168053, 0.009248, 0.167798, 0.985778)
    }},
    { Time = 0.400, Data = {
      ["Balls"] = CFrame.new(-0.000000, -0.000001, 0.000000, 0.998922, -0.046429, 0.000000, 0.046429, 0.998922, 0.000000, 0.000000, 0.000000, 1.000000),
      ["Cock"] = CFrame.new(0.000000, 0.000000, 0.000000, 0.996802, 0.029920, -0.074095, -0.029939, 0.999551, 0.000852, 0.074087, 0.001369, 0.997251),
      ["Head"] = CFrame.new(0.000000, 0.000000, -0.000000, 1.000000, -0.000000, 0.000000, 0.000000, 0.833599, 0.552370, -0.000000, -0.552370, 0.833599),
      ["LeftUpperArm"] = CFrame.new(0.019757, 0.075494, 0.221317, 0.995646, 0.075127, 0.055190, -0.065314, 0.984623, -0.162020, -0.066514, 0.157710, 0.985243),
      ["LeftUpperLeg"] = CFrame.new(-0.000545, -0.023001, -0.004021, 0.998909, 0.046698, 0.000214, -0.046001, 0.984765, -0.167696, -0.008042, 0.167503, 0.985839),
      ["LowerTorso"] = CFrame.new(0.000000, -1.659145, -0.498622, 1.000000, 0.000000, 0.000000, 0.000000, 0.154314, -0.988022, 0.000000, 0.988022, 0.154314),
      ["RightUpperArm"] = CFrame.new(-0.020101, 0.075465, 0.221312, 0.995026, -0.076435, -0.063884, 0.065185, 0.984525, -0.162669, 0.075329, 0.157695, 0.984610),
      ["RightUpperLeg"] = CFrame.new(0.000724, -0.026495, -0.004619, 0.998552, -0.053796, -0.000220, 0.052997, 0.984411, -0.167711, 0.009239, 0.167457, 0.985836)
    }},
    { Time = 0.417, Data = {
      ["Balls"] = CFrame.new(-0.000000, -0.000001, 0.000000, 0.998861, -0.047722, 0.000000, 0.047722, 0.998861, 0.000000, 0.000000, 0.000000, 1.000000),
      ["Cock"] = CFrame.new(0.000000, 0.000000, 0.000000, 0.996890, 0.032164, -0.071941, -0.032182, 0.999482, 0.000900, 0.071932, 0.001418, 0.997409),
      ["Head"] = CFrame.new(0.000000, -0.000000, 0.000000, 1.000000, -0.000000, 0.000000, 0.000000, 0.833499, 0.552521, -0.000000, -0.552521, 0.833499),
      ["LeftUpperArm"] = CFrame.new(0.019758, 0.075490, 0.221340, 0.995646, 0.075129, 0.055187, -0.065311, 0.984610, -0.162106, -0.066516, 0.157796, 0.985229),
      ["LeftUpperLeg"] = CFrame.new(-0.000545, -0.023001, -0.004017, 0.998909, 0.046698, 0.000222, -0.046003, 0.984823, -0.167354, -0.008034, 0.167161, 0.985897),
      ["LowerTorso"] = CFrame.new(0.000000, -1.659110, -0.498657, 1.000000, 0.000000, 0.000000, 0.000000, 0.154090, -0.988057, 0.000000, 0.988057, 0.154090),
      ["RightUpperArm"] = CFrame.new(-0.020103, 0.075457, 0.221357, 0.995026, -0.076441, -0.063878, 0.065178, 0.984497, -0.162839, 0.075335, 0.157866, 0.984583),
      ["RightUpperLeg"] = CFrame.new(0.000724, -0.026493, -0.004657, 0.998551, -0.053803, -0.000315, 0.052991, 0.984469, -0.167372, 0.009315, 0.167113, 0.985894)
    }},
    { Time = 0.433, Data = {
      ["Balls"] = CFrame.new(-0.000000, -0.000001, 0.000000, 0.998798, -0.049016, 0.000000, 0.049016, 0.998798, 0.000000, 0.000000, 0.000000, 1.000000),
      ["Cock"] = CFrame.new(0.000000, 0.000000, 0.000000, 0.996983, 0.034321, -0.069614, -0.034339, 0.999410, 0.000938, 0.069605, 0.001455, 0.997574),
      ["Head"] = CFrame.new(0.000000, 0.000000, 0.000000, 1.000000, -0.000000, 0.000000, 0.000000, 0.833400, 0.552671, -0.000000, -0.552671, 0.833400),
      ["LeftUpperArm"] = CFrame.new(0.019759, 0.075483, 0.221385, 0.995646, 0.075134, 0.055180, -0.065305, 0.984582, -0.162277, -0.066522, 0.157966, 0.985201),
      ["LeftUpperLeg"] = CFrame.new(-0.000545, -0.023002, -0.004013, 0.998909, 0.046698, 0.000230, -0.046004, 0.984881, -0.167013, -0.008026, 0.166820, 0.985955),
      ["LowerTorso"] = CFrame.new(0.000000, -1.659079, -0.498692, 1.000000, 0.000000, 0.000000, 0.000000, 0.153865, -0.988092, 0.000000, 0.988092, 0.153865),
      ["RightUpperArm"] = CFrame.new(-0.020103, 0.075454, 0.221380, 0.995026, -0.076444, -0.063874, 0.065175, 0.984484, -0.162925, 0.075338, 0.157951, 0.984569),
      ["RightUpperLeg"] = CFrame.new(0.000724, -0.026494, -0.004652, 0.998551, -0.053803, -0.000327, 0.052993, 0.984541, -0.166945, 0.009304, 0.166686, 0.985966)
    }},
    { Time = 0.450, Data = {
      ["Balls"] = CFrame.new(-0.000000, -0.000001, 0.000000, 0.998734, -0.050310, 0.000000, 0.050310, 0.998734, 0.000000, 0.000000, 0.000000, 1.000000),
      ["Cock"] = CFrame.new(0.000000, 0.000000, 0.000000, 0.997058, 0.036565, -0.067373, -0.036582, 0.999330, 0.000975, 0.067363, 0.001493, 0.997727),
      ["Head"] = CFrame.new(0.000000, 0.000000, -0.000000, 1.000000, -0.000000, 0.000000, 0.000000, 0.833350, 0.552746, -0.000000, -0.552746, 0.833350),
      ["LeftUpperArm"] = CFrame.new(0.019760, 0.075479, 0.221407, 0.995646, 0.075136, 0.055177, -0.065303, 0.984568, -0.162362, -0.066525, 0.158052, 0.985187),
      ["LeftUpperLeg"] = CFrame.new(-0.000546, -0.023003, -0.004008, 0.998909, 0.046698, 0.000240, -0.046006, 0.984953, -0.166586, -0.008016, 0.166393, 0.986027),
      ["LowerTorso"] = CFrame.new(0.000000, -1.659048, -0.498727, 1.000000, 0.000000, 0.000000, 0.000000, 0.153640, -0.988127, 0.000000, 0.988127, 0.153640),
      ["RightUpperArm"] = CFrame.new(-0.020105, 0.075446, 0.221425, 0.995026, -0.076449, -0.063868, 0.065168, 0.984456, -0.163095, 0.075344, 0.158122, 0.984541),
      ["RightUpperLeg"] = CFrame.new(0.000724, -0.026494, -0.004647, 0.998551, -0.053803, -0.000336, 0.052995, 0.984599, -0.166604, 0.009295, 0.166345, 0.986024)
    }},
    { Time = 0.467, Data = {
      ["Balls"] = CFrame.new(-0.000000, -0.000001, 0.000000, 0.998668, -0.051603, 0.000000, 0.051603, 0.998668, 0.000000, 0.000000, 0.000000, 1.000000),
      ["Cock"] = CFrame.new(0.000000, 0.000000, 0.000000, 0.997127, 0.038806, -0.065047, -0.038828, 0.999245, 0.000919, 0.065033, 0.001609, 0.997882),
      ["Head"] = CFrame.new(0.000000, 0.000000, 0.000000, 1.000000, -0.000000, 0.000000, 0.000000, 0.833300, 0.552821, -0.000000, -0.552821, 0.833300),
      ["LeftUpperArm"] = CFrame.new(0.019761, 0.075472, 0.221452, 0.995646, 0.075141, 0.055171, -0.065297, 0.984540, -0.162533, -0.066531, 0.158222, 0.985160),
      ["LeftUpperLeg"] = CFrame.new(-0.000546, -0.023000, -0.004047, 0.998909, 0.046705, 0.000334, -0.046000, 0.985011, -0.166246, -0.008094, 0.166049, 0.986084),
      ["LowerTorso"] = CFrame.new(0.000000, -1.659020, -0.498762, 1.000000, 0.000000, 0.000000, 0.000000, 0.153416, -0.988162, 0.000000, 0.988162, 0.153416),
      ["RightUpperArm"] = CFrame.new(-0.020105, 0.075443, 0.221447, 0.995026, -0.076452, -0.063865, 0.065165, 0.984442, -0.163181, 0.075346, 0.158207, 0.984527),
      ["RightUpperLeg"] = CFrame.new(0.000724, -0.026495, -0.004642, 0.998551, -0.053803, -0.000345, 0.052997, 0.984656, -0.166262, 0.009285, 0.166003, 0.986081)
    }},
    { Time = 0.483, Data = {
      ["Balls"] = CFrame.new(-0.000000, -0.000001, 0.000000, 0.998600, -0.052897, 0.000000, 0.052897, 0.998600, 0.000000, 0.000000, 0.000000, 1.000000),
      ["Cock"] = CFrame.new(0.000000, 0.000000, 0.000000, 0.997187, 0.041050, -0.062719, -0.041071, 0.999156, 0.000944, 0.062705, 0.001634, 0.998031),
      ["Head"] = CFrame.new(0.000000, 0.000000, 0.000000, 1.000000, -0.000000, 0.000000, 0.000000, 0.833250, 0.552896, -0.000000, -0.552896, 0.833250),
      ["LeftUpperArm"] = CFrame.new(0.019762, 0.075468, 0.221474, 0.995646, 0.075144, 0.055167, -0.065294, 0.984526, -0.162618, -0.066533, 0.158308, 0.985146),
      ["LeftUpperLeg"] = CFrame.new(-0.000546, -0.023001, -0.004043, 0.998909, 0.046705, 0.000342, -0.046001, 0.985068, -0.165904, -0.008086, 0.165708, 0.986142),
      ["LowerTorso"] = CFrame.new(0.000000, -1.658993, -0.498797, 1.000000, 0.000000, 0.000000, 0.000000, 0.153191, -0.988197, 0.000000, 0.988197, 0.153191),
      ["RightUpperArm"] = CFrame.new(-0.020107, 0.075435, 0.221492, 0.995026, -0.076457, -0.063858, 0.065159, 0.984414, -0.163351, 0.075352, 0.158378, 0.984499),
      ["RightUpperLeg"] = CFrame.new(0.000724, -0.026496, -0.004638, 0.998551, -0.053803, -0.000355, 0.052998, 0.984714, -0.165921, 0.009276, 0.165662, 0.986139)
    }},
    { Time = 0.500, Data = {
      ["Balls"] = CFrame.new(-0.000000, -0.000001, 0.000000, 0.998531, -0.054190, 0.000000, 0.054190, 0.998531, 0.000000, 0.000000, 0.000000, 1.000000),
      ["Cock"] = CFrame.new(0.000000, 0.000000, 0.000000, 0.997232, 0.043379, -0.060391, -0.043400, 0.999057, 0.000967, 0.060376, 0.001657, 0.998174),
      ["Head"] = CFrame.new(0.000000, 0.000000, 0.000000, 1.000000, -0.000000, 0.000000, 0.000000, 0.833250, 0.552896, -0.000000, -0.552896, 0.833250),
      ["LeftUpperArm"] = CFrame.new(0.019763, 0.075461, 0.221519, 0.995646, 0.075148, 0.055161, -0.065288, 0.984499, -0.162789, -0.066539, 0.158479, 0.985118),
      ["LeftUpperLeg"] = CFrame.new(-0.000546, -0.023002, -0.004039, 0.998909, 0.046705, 0.000350, -0.046003, 0.985126, -0.165563, -0.008078, 0.165366, 0.986199),
      ["LowerTorso"] = CFrame.new(0.000000, -1.658967, -0.498832, 1.000000, 0.000000, 0.000000, 0.000000, 0.152967, -0.988231, 0.000000, 0.988231, 0.152967),
