return {
  ["Astros hump 4"] = {
    { Time = 0.000, Data = {
      ["Balls"] = CFrame.new(-0.000002, 0.000001, 0.000000, 1.000000, 0.000000, 0.000000, 0.000000, 1.000000, 0.000000, 0.000000, 0.000000, 1.000000),
      ["Head"] = CFrame.new(0.000000, 0.000000, 0.000000, 1.000000, -0.000000, 0.000000, 0.000000, 0.948303, 0.317367, -0.000000, -0.317367, 0.948303),
      ["LeftUpperArm"] = CFrame.new(-0.112596, -0.365277, -0.514931, 0.540364, -0.718743, -0.437511, -0.230369, 0.373723, -0.898477, 0.809282, 0.586294, 0.036370),
      ["LeftUpperLeg"] = CFrame.new(-0.006484, -0.353601, -0.815315, 0.987025, 0.160559, -0.001502, -0.055019, 0.346984, 0.936256, 0.150846, -0.924026, 0.351315),
      ["LowerTorso"] = CFrame.new(0.000000, -1.056806, 2.913843, 1.000000, -0.000000, 0.000000, 0.000000, 0.939461, 0.342657, -0.000000, -0.342657, 0.939461),
      ["RightUpperArm"] = CFrame.new(-0.002013, -0.330672, -0.000187, 0.999881, -0.014755, 0.004594, 0.014593, 0.803668, -0.594899, 0.005086, 0.594895, 0.803787),
      ["RightUpperLeg"] = CFrame.new(0.233808, 0.646128, -0.319154, 0.979922, 0.017920, -0.198575, 0.039339, 0.958998, 0.280670, 0.195462, -0.282846, 0.939038)
    }},
    { Time = 0.017, Data = {
      ["Head"] = CFrame.new(0.000000, 0.000000, -0.000000, 1.000000, -0.000000, 0.000000, 0.000000, 0.948331, 0.317284, -0.000000, -0.317284, 0.948331),
      ["LeftUpperArm"] = CFrame.new(-0.112477, -0.365425, -0.514277, 0.540518, -0.718643, -0.437484, -0.230208, 0.373815, -0.898480, 0.809225, 0.586357, 0.036616),
      ["LeftUpperLeg"] = CFrame.new(-0.006466, -0.353735, -0.814520, 0.987025, 0.160559, -0.001502, -0.055019, 0.346984, 0.936256, 0.150846, -0.924026, 0.351315),
      ["LowerTorso"] = CFrame.new(0.000000, -1.056899, 2.913041, 1.000000, -0.000000, 0.000000, 0.000000, 0.939491, 0.342575, -0.000000, -0.342575, 0.939491),
      ["RightUpperArm"] = CFrame.new(-0.002062, -0.330798, 0.000282, 0.999878, -0.014946, 0.004566, 0.014729, 0.803665, -0.594899, 0.005222, 0.594894, 0.803787),
      ["RightUpperLeg"] = CFrame.new(0.233817, 0.645763, -0.319069, 0.979921, 0.017878, -0.198583, 0.039466, 0.958873, 0.281077, 0.195441, -0.283271, 0.938914)
    }},
    { Time = 0.033, Data = {
      ["Head"] = CFrame.new(0.000000, -0.000000, -0.000000, 1.000000, -0.000000, 0.000000, 0.000000, 0.948358, 0.317201, -0.000000, -0.317201, 0.948358),
      ["LeftUpperArm"] = CFrame.new(-0.112171, -0.365886, -0.512367, 0.540766, -0.718530, -0.437364, -0.229723, 0.374029, -0.898515, 0.809197, 0.586359, 0.037199),
      ["LeftUpperLeg"] = CFrame.new(-0.006411, -0.354136, -0.812134, 0.987025, 0.160559, -0.001502, -0.055019, 0.346984, 0.936256, 0.150846, -0.924026, 0.351315),
      ["LowerTorso"] = CFrame.new(0.000000, -1.057147, 2.910715, 1.000000, -0.000000, 0.000000, 0.000000, 0.939551, 0.342410, -0.000000, -0.342410, 0.939551),
      ["RightUpperArm"] = CFrame.new(-0.002189, -0.331149, 0.001650, 0.999870, -0.015438, 0.004727, 0.015222, 0.803765, -0.594752, 0.005383, 0.594747, 0.803895),
      ["RightUpperLeg"] = CFrame.new(0.233836, 0.644759, -0.318787, 0.979937, 0.017903, -0.198500, 0.039659, 0.958525, 0.282235, 0.195320, -0.284445, 0.938585)
    }},
    { Time = 0.050, Data = {
      ["Head"] = CFrame.new(0.000000, -0.000000, -0.000000, 1.000000, -0.000000, 0.000000, 0.000000, 0.948386, 0.317118, -0.000000, -0.317118, 0.948386),
      ["LeftUpperArm"] = CFrame.new(-0.111650, -0.366636, -0.509185, 0.541261, -0.718304, -0.437122, -0.228753, 0.374459, -0.898584, 0.809141, 0.586361, 0.038366),
      ["LeftUpperLeg"] = CFrame.new(-0.006321, -0.354804, -0.808158, 0.987025, 0.160559, -0.001502, -0.055019, 0.346984, 0.936256, 0.150846, -0.924026, 0.351315),
      ["LowerTorso"] = CFrame.new(0.000000, -1.057581, 2.906785, 1.000000, -0.000000, 0.000000, 0.000000, 0.939671, 0.342081, -0.000000, -0.342081, 0.939671),
      ["RightUpperArm"] = CFrame.new(-0.002451, -0.331753, 0.003955, 0.999852, -0.016449, 0.004968, 0.016179, 0.803856, -0.594604, 0.005787, 0.594597, 0.804003),
      ["RightUpperLeg"] = CFrame.new(0.233881, 0.643065, -0.318384, 0.979935, 0.017933, -0.198507, 0.040026, 0.957950, 0.284130, 0.195255, -0.286374, 0.938011)
    }},
    { Time = 0.067, Data = {
      ["Head"] = CFrame.new(0.000000, -0.000000, -0.000000, 1.000000, -0.000000, 0.000000, 0.000000, 0.948442, 0.316952, -0.000000, -0.316952, 0.948442),
      ["LeftUpperArm"] = CFrame.new(-0.110924, -0.367714, -0.504713, 0.541956, -0.718000, -0.436760, -0.227510, 0.374949, -0.898695, 0.809026, 0.586420, 0.039854),
      ["LeftUpperLeg"] = CFrame.new(-0.006194, -0.355740, -0.802591, 0.987025, 0.160559, -0.001502, -0.055019, 0.346984, 0.936256, 0.150846, -0.924026, 0.351315),
      ["LowerTorso"] = CFrame.new(0.000000, -1.058141, 2.901413, 1.000000, -0.000000, 0.000000, 0.000000, 0.939790, 0.341751, -0.000000, -0.341751, 0.939790),
      ["RightUpperArm"] = CFrame.new(-0.002782, -0.332609, 0.007197, 0.999829, -0.017733, 0.005207, 0.017355, 0.803941, -0.594456, 0.006355, 0.594445, 0.804111),
      ["RightUpperLeg"] = CFrame.new(0.233944, 0.640642, -0.317811, 0.979931, 0.017872, -0.198532, 0.040640, 0.957142, 0.286754, 0.195148, -0.289068, 0.937207)
    }},
    { Time = 0.083, Data = {
      ["Head"] = CFrame.new(0.000000, -0.000001, -0.000001, 1.000000, -0.000000, 0.000000, 0.000000, 0.948525, 0.316703, -0.000000, -0.316703, 0.948525),
      ["LeftUpperArm"] = CFrame.new(-0.109979, -0.369073, -0.498967, 0.542850, -0.717564, -0.436367, -0.225896, 0.375684, -0.898795, 0.808879, 0.586484, 0.041845),
      ["LeftUpperLeg"] = CFrame.new(-0.006031, -0.356944, -0.795433, 0.987025, 0.160559, -0.001502, -0.055019, 0.346984, 0.936256, 0.150846, -0.924026, 0.351315),
      ["LowerTorso"] = CFrame.new(0.000000, -1.058915, 2.894355, 1.000000, -0.000000, 0.000000, 0.000000, 0.940000, 0.341175, -0.000000, -0.341175, 0.940000),
      ["RightUpperArm"] = CFrame.new(-0.003220, -0.333692, 0.011339, 0.999796, -0.019428, 0.005580, 0.018942, 0.804124, -0.594160, 0.007056, 0.594145, 0.804327),
      ["RightUpperLeg"] = CFrame.new(0.234025, 0.637576, -0.317082, 0.979927, 0.017889, -0.198550, 0.041330, 0.956096, 0.290125, 0.195023, -0.292507, 0.936165)
    }},
    { Time = 0.100, Data = {
      ["Head"] = CFrame.new(0.000000, -0.000001, -0.000001, 1.000000, -0.000000, 0.000000, 0.000000, 0.948636, 0.316371, -0.000000, -0.316371, 0.948636),
      ["LeftUpperArm"] = CFrame.new(-0.108838, -0.370746, -0.491955, 0.543911, -0.717081, -0.435840, -0.223903, 0.376539, -0.898936, 0.808720, 0.586527, 0.044248),
      ["LeftUpperLeg"] = CFrame.new(-0.005831, -0.358414, -0.786685, 0.987025, 0.160559, -0.001502, -0.055019, 0.346984, 0.936256, 0.150846, -0.924026, 0.351315),
      ["LowerTorso"] = CFrame.new(0.000000, -1.059814, 2.885855, 1.000000, -0.000000, 0.000000, 0.000000, 0.940209, 0.340598, -0.000000, -0.340598, 0.940209),
      ["RightUpperArm"] = CFrame.new(-0.003742, -0.335028, 0.016417, 0.999752, -0.021450, 0.006060, 0.020857, 0.804296, -0.593863, 0.007864, 0.593842, 0.804543),
      ["RightUpperLeg"] = CFrame.new(0.234125, 0.633825, -0.316189, 0.979922, 0.017900, -0.198575, 0.042182, 0.954804, 0.294229, 0.194867, -0.296698, 0.934878)
    }},
    { Time = 0.117, Data = {
      ["Head"] = CFrame.new(0.000000, -0.000001, -0.000002, 1.000000, -0.000000, 0.000000, 0.000000, 0.948746, 0.316039, -0.000000, -0.316039, 0.948746),
      ["LeftUpperArm"] = CFrame.new(-0.107477, -0.372700, -0.483669, 0.545169, -0.716467, -0.435277, -0.221539, 0.377637, -0.899061, 0.808524, 0.586571, 0.047150),
      ["LeftUpperLeg"] = CFrame.new(-0.005596, -0.360153, -0.776346, 0.987025, 0.160559, -0.001502, -0.055019, 0.346984, 0.936256, 0.150846, -0.924026, 0.351315),
      ["LowerTorso"] = CFrame.new(0.000000, -1.060899, 2.875751, 1.000000, -0.000000, 0.000000, 0.000000, 0.940477, 0.339856, -0.000000, -0.339856, 0.940477),
      ["RightUpperArm"] = CFrame.new(-0.004377, -0.336591, 0.022394, 0.999692, -0.023910, 0.006591, 0.023155, 0.804560, -0.593419, 0.008886, 0.593389, 0.804866),
      ["RightUpperLeg"] = CFrame.new(0.234234, 0.629396, -0.315090, 0.979933, 0.017892, -0.198523, 0.043183, 0.953254, 0.299068, 0.194594, -0.301640, 0.933352)
    }},
    { Time = 0.133, Data = {
      ["Head"] = CFrame.new(0.000000, -0.000002, -0.000002, 1.000000, -0.000000, 0.000000, 0.000000, 0.948884, 0.315624, -0.000000, -0.315624, 0.948884),
      ["LeftUpperArm"] = CFrame.new(-0.105920, -0.374967, -0.474115, 0.546591, -0.715808, -0.434577, -0.218799, 0.378854, -0.899220, 0.808310, 0.586590, 0.050460),
      ["LeftUpperLeg"] = CFrame.new(-0.005324, -0.362158, -0.764417, 0.987025, 0.160559, -0.001502, -0.055019, 0.346984, 0.936256, 0.150846, -0.924026, 0.351315),
      ["LowerTorso"] = CFrame.new(0.000000, -1.062167, 2.864040, 1.000000, -0.000000, 0.000000, 0.000000, 0.940805, 0.338949, -0.000000, -0.338949, 0.940805),
      ["RightUpperArm"] = CFrame.new(-0.005119, -0.338410, 0.029307, 0.999615, -0.026780, 0.007254, 0.025864, 0.804807, -0.592973, 0.010042, 0.592933, 0.805190),
      ["RightUpperLeg"] = CFrame.new(0.234369, 0.624270, -0.313865, 0.979925, 0.017899, -0.198561, 0.044366, 0.951409, 0.304718, 0.194367, -0.307410, 0.931515)
    }},
    { Time = 0.150, Data = {
      ["Head"] = CFrame.new(0.000000, -0.000002, -0.000002, 1.000000, -0.000000, 0.000000, 0.000000, 0.949050, 0.315127, -0.000000, -0.315127, 0.949050),
      ["LeftUpperArm"] = CFrame.new(-0.104143, -0.377541, -0.463272, 0.548282, -0.715013, -0.433755, -0.215684, 0.380220, -0.899396, 0.808002, 0.586677, 0.054250),
      ["LeftUpperLeg"] = CFrame.new(-0.005015, -0.364431, -0.750897, 0.987025, 0.160559, -0.001502, -0.055019, 0.346984, 0.936256, 0.150846, -0.924026, 0.351315),
      ["LowerTorso"] = CFrame.new(0.000000, -1.063591, 2.850807, 1.000000, -0.000000, 0.000000, 0.000000, 0.941161, 0.337960, -0.000000, -0.337960, 0.941161),
      ["RightUpperArm"] = CFrame.new(-0.005923, -0.340485, 0.037157, 0.999521, -0.029897, 0.007997, 0.028820, 0.805036, -0.592525, 0.011277, 0.592472, 0.805512),
      ["RightUpperLeg"] = CFrame.new(0.234515, 0.618471, -0.312433, 0.979933, 0.017879, -0.198525, 0.045688, 0.949307, 0.311012, 0.194022, -0.313841, 0.929440)
    }},
    { Time = 0.167, Data = {
      ["Head"] = CFrame.new(0.000000, -0.000003, -0.000003, 1.000000, -0.000000, 0.000000, 0.000000, 0.949215, 0.314629, -0.000000, -0.314629, 0.949215),
      ["LeftUpperArm"] = CFrame.new(-0.102164, -0.380420, -0.451161, 0.550088, -0.714154, -0.432883, -0.212307, 0.381733, -0.899559, 0.807669, 0.586741, 0.058366),
      ["LeftUpperLeg"] = CFrame.new(-0.004671, -0.366971, -0.735787, 0.987025, 0.160559, -0.001502, -0.055019, 0.346984, 0.936256, 0.150846, -0.924026, 0.351315),
      ["LowerTorso"] = CFrame.new(0.000000, -1.065168, 2.836051, 1.000000, -0.000000, 0.000000, 0.000000, 0.941545, 0.336888, -0.000000, -0.336888, 0.941545),
      ["RightUpperArm"] = CFrame.new(-0.006863, -0.342790, 0.045905, 0.999399, -0.033533, 0.008814, 0.032242, 0.805345, -0.591929, 0.012751, 0.591857, 0.805942),
      ["RightUpperLeg"] = CFrame.new(0.234688, 0.611976, -0.310874, 0.979921, 0.017876, -0.198581, 0.047192, 0.946879, 0.318110, 0.193719, -0.321094, 0.927023)
    }},
    { Time = 0.183, Data = {
      ["Head"] = CFrame.new(0.000000, -0.000004, -0.000004, 1.000000, -0.000000, 0.000000, 0.000000, 0.949407, 0.314048, -0.000000, -0.314048, 0.949407),
      ["LeftUpperArm"] = CFrame.new(-0.099981, -0.383614, -0.437774, 0.552127, -0.713219, -0.431827, -0.208501, 0.383361, -0.899757, 0.807269, 0.586817, 0.062957),
      ["LeftUpperLeg"] = CFrame.new(-0.004290, -0.369779, -0.719086, 0.987025, 0.160559, -0.001502, -0.055019, 0.346984, 0.936256, 0.150846, -0.924026, 0.351315),
      ["LowerTorso"] = CFrame.new(0.000000, -1.066898, 2.819771, 1.000000, -0.000000, 0.000000, 0.000000, 0.941957, 0.335733, -0.000000, -0.335733, 0.941957),
      ["RightUpperArm"] = CFrame.new(-0.007872, -0.345338, 0.055569, 0.999252, -0.037442, 0.009626, 0.035885, 0.805683, -0.591258, 0.014383, 0.591162, 0.806425),
      ["RightUpperLeg"] = CFrame.new(0.234870, 0.604846, -0.309111, 0.979927, 0.017938, -0.198549, 0.048757, 0.944134, 0.325935, 0.193304, -0.329073, 0.924308)
    }},
    { Time = 0.200, Data = {
      ["Head"] = CFrame.new(0.000000, -0.000004, -0.000004, 1.000000, -0.000000, 0.000000, 0.000000, 0.949599, 0.313466, -0.000000, -0.313466, 0.949599),
      ["LeftUpperArm"] = CFrame.new(-0.097581, -0.387092, -0.423117, 0.554352, -0.712161, -0.430721, -0.204331, 0.385224, -0.899917, 0.806810, 0.586881, 0.068034),
      ["LeftUpperLeg"] = CFrame.new(-0.003873, -0.372854, -0.700794, 0.987025, 0.160559, -0.001502, -0.055019, 0.346984, 0.936256, 0.150846, -0.924026, 0.351315),
      ["LowerTorso"] = CFrame.new(0.000000, -1.068812, 2.801885, 1.000000, -0.000000, 0.000000, 0.000000, 0.942427, 0.334412, -0.000000, -0.334412, 0.942427),
      ["RightUpperArm"] = CFrame.new(-0.008981, -0.348147, 0.066170, 0.999072, -0.041735, 0.010650, 0.039965, 0.805987, -0.590583, 0.016064, 0.590460, 0.806907),
      ["RightUpperLeg"] = CFrame.new(0.235071, 0.596990, -0.307169, 0.979929, 0.017910, -0.198543, 0.050566, 0.941051, 0.334463, 0.192829, -0.337789, 0.921257)
    }},
    { Time = 0.217, Data = {
      ["Head"] = CFrame.new(0.000000, -0.000005, -0.000005, 1.000000, -0.000000, 0.000000, 0.000000, 0.949818, 0.312802, -0.000000, -0.312802, 0.949818),
      ["LeftUpperArm"] = CFrame.new(-0.094972, -0.390877, -0.407184, 0.556760, -0.711010, -0.429516, -0.199847, 0.387231, -0.900063, 0.806275, 0.586956, 0.073502),
      ["LeftUpperLeg"] = CFrame.new(-0.003420, -0.376197, -0.680912, 0.987025, 0.160559, -0.001502, -0.055019, 0.346984, 0.936256, 0.150846, -0.924026, 0.351315),
      ["LowerTorso"] = CFrame.new(0.000000, -1.070907, 2.782393, 1.000000, -0.000000, 0.000000, 0.000000, 0.942953, 0.332926, -0.000000, -0.332926, 0.942953),
      ["RightUpperArm"] = CFrame.new(-0.010210, -0.351204, 0.077685, 0.998851, -0.046492, 0.011639, 0.044403, 0.806304, -0.589833, 0.018038, 0.589672, 0.807441),
      ["RightUpperLeg"] = CFrame.new(0.235291, 0.588454, -0.305057, 0.979928, 0.017868, -0.198549, 0.052525, 0.937641, 0.343615, 0.192308, -0.347147, 0.917882)
    }},
    { Time = 0.233, Data = {
      ["Head"] = CFrame.new(0.000000, -0.000006, -0.000006, 1.000000, -0.000000, 0.000000, 0.000000, 0.950064, 0.312055, -0.000000, -0.312055, 0.950064),
      ["LeftUpperArm"] = CFrame.new(-0.092162, -0.394954, -0.389997, 0.559316, -0.709798, -0.428197, -0.194944, 0.389437, -0.900187, 0.805706, 0.586963, 0.079447),
      ["LeftUpperLeg"] = CFrame.new(-0.002931, -0.379807, -0.659439, 0.987025, 0.160559, -0.001502, -0.055019, 0.346984, 0.936256, 0.150846, -0.924026, 0.351315),
      ["LowerTorso"] = CFrame.new(0.000000, -1.073125, 2.761460, 1.000000, -0.000000, 0.000000, 0.000000, 0.943477, 0.331439, -0.000000, -0.331439, 0.943477),
      ["RightUpperArm"] = CFrame.new(-0.011517, -0.354508, 0.090117, 0.998588, -0.051551, 0.012811, 0.049198, 0.806631, -0.589004, 0.020030, 0.588803, 0.808029),
      ["RightUpperLeg"] = CFrame.new(0.235529, 0.579273, -0.302776, 0.979926, 0.017916, -0.198553, 0.054565, 0.933820, 0.353556, 0.191747, -0.357293, 0.914098)
    }},
    { Time = 0.250, Data = {
      ["Head"] = CFrame.new(0.000000, -0.000007, -0.000007, 1.000000, -0.000000, 0.000000, 0.000000, 0.950309, 0.311307, -0.000000, -0.311307, 0.950309),
      ["LeftUpperArm"] = CFrame.new(-0.089151, -0.399348, -0.371536, 0.562092, -0.708519, -0.426678, -0.189620, 0.391751, -0.900320, 0.805045, 0.586969, 0.085851),
      ["LeftUpperLeg"] = CFrame.new(-0.002405, -0.383685, -0.636376, 0.987025, 0.160559, -0.001502, -0.055019, 0.346984, 0.936256, 0.150846, -0.924026, 0.351315),
      ["LowerTorso"] = CFrame.new(0.000000, -1.075525, 2.738921, 1.000000, -0.000000, 0.000000, 0.000000, 0.944056, 0.329786, -0.000000, -0.329786, 0.944056),
      ["RightUpperArm"] = CFrame.new(-0.012915, -0.358063, 0.103464, 0.998278, -0.056965, 0.013999, 0.054295, 0.806965, -0.588099, 0.022204, 0.587846, 0.808668),
      ["RightUpperLeg"] = CFrame.new(0.235779, 0.569374, -0.300270, 0.979937, 0.017859, -0.198503, 0.056830, 0.929592, 0.364182, 0.191031, -0.368157, 0.909927)
    }},
    { Time = 0.267, Data = {
      ["Head"] = CFrame.new(0.000000, -0.000008, -0.000008, 1.000000, -0.000000, 0.000000, 0.000000, 0.950581, 0.310476, -0.000000, -0.310476, 0.950581),
      ["LeftUpperArm"] = CFrame.new(-0.086128, -0.403736, -0.353067, 0.564880, -0.707195, -0.425189, -0.184363, 0.394084, -0.900393, 0.804314, 0.587003, 0.092230),
      ["LeftUpperLeg"] = CFrame.new(-0.001879, -0.387562, -0.613313, 0.987025, 0.160559, -0.001502, -0.055019, 0.346984, 0.936256, 0.150846, -0.924026, 0.351315),
      ["LowerTorso"] = CFrame.new(0.000000, -1.077922, 2.716380, 1.000000, -0.000000, 0.000000, 0.000000, 0.944632, 0.328133, -0.000000, -0.328133, 0.944632),
      ["RightUpperArm"] = CFrame.new(-0.014313, -0.361626, 0.116809, 0.997937, -0.062379, 0.015182, 0.059394, 0.807266, -0.587191, 0.024372, 0.586882, 0.809306),
      ["RightUpperLeg"] = CFrame.new(0.236037, 0.559517, -0.297805, 0.979932, 0.017896, -0.198529, 0.059013, 0.925268, 0.374696, 0.190398, -0.378892, 0.905643)
    }},
    { Time = 0.283, Data = {
      ["Head"] = CFrame.new(0.000000, -0.000008, -0.000009, 1.000000, -0.000000, 0.000000, 0.000000, 0.950879, 0.309562, -0.000000, -0.309562, 0.950879),
      ["LeftUpperArm"] = CFrame.new(-0.083312, -0.407814, -0.335882, 0.567417, -0.705961, -0.423860, -0.179545, 0.396291, -0.900398, 0.803618, 0.587003, 0.098111),
      ["LeftUpperLeg"] = CFrame.new(-0.001390, -0.391172, -0.591840, 0.987025, 0.160559, -0.001502, -0.055019, 0.346984, 0.936256, 0.150846, -0.924026, 0.351315),
      ["LowerTorso"] = CFrame.new(0.000000, -1.080161, 2.695363, 1.000000, -0.000000, 0.000000, 0.000000, 0.945176, 0.326561, -0.000000, -0.326561, 0.945176),
      ["RightUpperArm"] = CFrame.new(-0.015627, -0.364953, 0.129234, 0.997589, -0.067464, 0.016256, 0.064164, 0.807507, -0.586358, 0.026432, 0.585987, 0.809889),
      ["RightUpperLeg"] = CFrame.new(0.236277, 0.550300, -0.295489, 0.979925, 0.017865, -0.198567, 0.061126, 0.921088, 0.384525, 0.189767, -0.388943, 0.901505)
    }},
    { Time = 0.300, Data = {
      ["Head"] = CFrame.new(0.000000, -0.000009, -0.000010, 1.000000, -0.000000, 0.000000, 0.000000, 0.951176, 0.308648, -0.000000, -0.308648, 0.951176),
      ["LeftUpperArm"] = CFrame.new(-0.080723, -0.411619, -0.319972, 0.569792, -0.704883, -0.422465, -0.174987, 0.398221, -0.900444, 0.802942, 0.586992, 0.103558),
      ["LeftUpperLeg"] = CFrame.new(-0.000936, -0.394515, -0.571958, 0.987025, 0.160559, -0.001502, -0.055019, 0.346984, 0.936256, 0.150846, -0.924026, 0.351315),
      ["LowerTorso"] = CFrame.new(0.000000, -1.082244, 2.675868, 1.000000, -0.000000, 0.000000, 0.000000, 0.945689, 0.325072, -0.000000, -0.325072, 0.945689),
      ["RightUpperArm"] = CFrame.new(-0.016849, -0.368030, 0.140722, 0.997241, -0.072195, 0.017300, 0.068634, 0.807746, -0.585522, 0.028297, 0.585094, 0.810472),
      ["RightUpperLeg"] = CFrame.new(0.236491, 0.541824, -0.293303, 0.979937, 0.017899, -0.198500, 0.062964, 0.917150, 0.393536, 0.189098, -0.398139, 0.897623)
    }},
    { Time = 0.317, Data = {
      ["Head"] = CFrame.new(0.000000, -0.000011, -0.000011, 1.000000, -0.000000, 0.000000, 0.000000, 0.951526, 0.307567, -0.000000, -0.307567, 0.951526),
      ["LeftUpperArm"] = CFrame.new(-0.078333, -0.415087, -0.305349, 0.571923, -0.703865, -0.421281, -0.170817, 0.400118, -0.900404, 0.802325, 0.586924, 0.108604),
      ["LeftUpperLeg"] = CFrame.new(-0.000520, -0.397590, -0.553666, 0.987025, 0.160559, -0.001502, -0.055019, 0.346984, 0.936256, 0.150846, -0.924026, 0.351315),
      ["LowerTorso"] = CFrame.new(0.000000, -1.084142, 2.657978, 1.000000, -0.000000, 0.000000, 0.000000, 0.946144, 0.323747, -0.000000, -0.323747, 0.946144),
      ["RightUpperArm"] = CFrame.new(-0.017964, -0.370867, 0.151291, 0.996902, -0.076514, 0.018211, 0.072693, 0.807941, -0.584762, 0.030029, 0.584275, 0.811000),
      ["RightUpperLeg"] = CFrame.new(0.236696, 0.533983, -0.291312, 0.979932, 0.017872, -0.198528, 0.064742, 0.913439, 0.401793, 0.188524, -0.406583, 0.893951)
    }},
    { Time = 0.333, Data = {
      ["Head"] = CFrame.new(0.000000, -0.000012, -0.000012, 1.000000, -0.000000, 0.000000, 0.000000, 0.951848, 0.306569, -0.000000, -0.306569, 0.951848),
      ["LeftUpperArm"] = CFrame.new(-0.076138, -0.418266, -0.291976, 0.573962, -0.702883, -0.420147, -0.167021, 0.401805, -0.900365, 0.801668, 0.586948, 0.113224),
      ["LeftUpperLeg"] = CFrame.new(-0.000139, -0.400398, -0.536965, 0.987025, 0.160559, -0.001502, -0.055019, 0.346984, 0.936256, 0.150846, -0.924026, 0.351315),
      ["LowerTorso"] = CFrame.new(0.000000, -1.085856, 2.641694, 1.000000, -0.000000, 0.000000, 0.000000, 0.946540, 0.322588, -0.000000, -0.322588, 0.946540),
      ["RightUpperArm"] = CFrame.new(-0.018995, -0.373479, 0.160962, 0.996573, -0.080504, 0.019019, 0.076422, 0.808039, -0.584152, 0.031658, 0.583603, 0.811422),
      ["RightUpperLeg"] = CFrame.new(0.236881, 0.526871, -0.289494, 0.979930, 0.017935, -0.198532, 0.066273, 0.909980, 0.409322, 0.188001, -0.414264, 0.890528)
    }},
    { Time = 0.350, Data = {
      ["Head"] = CFrame.new(0.000000, -0.000013, -0.000014, 1.000000, -0.000000, 0.000000, 0.000000, 0.952196, 0.305488, -0.000000, -0.305488, 0.952196),
      ["LeftUpperArm"] = CFrame.new(-0.074164, -0.421140, -0.279894, 0.575731, -0.702040, -0.419135, -0.163599, 0.403340, -0.900307, 0.801105, 0.586904, 0.117362),
      ["LeftUpperLeg"] = CFrame.new(0.000206, -0.402938, -0.521855, 0.987025, 0.160559, -0.001502, -0.055019, 0.346984, 0.936256, 0.150846, -0.924026, 0.351315),
      ["LowerTorso"] = CFrame.new(0.000000, -1.087415, 2.626932, 1.000000, -0.000000, 0.000000, 0.000000, 0.946906, 0.321511, -0.000000, -0.321511, 0.946906),
      ["RightUpperArm"] = CFrame.new(-0.019912, -0.375835, 0.169696, 0.996265, -0.084057, 0.019774, 0.079768, 0.808157, -0.583541, 0.033070, 0.582938, 0.811843),
      ["RightUpperLeg"] = CFrame.new(0.237050, 0.520401, -0.287834, 0.979928, 0.017920, -0.198545, 0.067726, 0.906788, 0.416111, 0.187495, -0.421205, 0.887374)
    }},
    { Time = 0.367, Data = {
      ["Head"] = CFrame.new(0.000000, -0.000014, -0.000015, 1.000000, -0.000000, 0.000000, 0.000000, 0.952516, 0.304489, -0.000000, -0.304489, 0.952516),
      ["LeftUpperArm"] = CFrame.new(-0.072400, -0.423708, -0.269091, 0.577306, -0.701298, -0.418209, -0.160496, 0.404727, -0.900243, 0.800599, 0.586837, 0.121096),
      ["LeftUpperLeg"] = CFrame.new(0.000514, -0.405211, -0.508335, 0.987025, 0.160559, -0.001502, -0.055019, 0.346984, 0.936256, 0.150846, -0.924026, 0.351315),
      ["LowerTorso"] = CFrame.new(0.000000, -1.088819, 2.613694, 1.000000, -0.000000, 0.000000, 0.000000, 0.947243, 0.320517, -0.000000, -0.320517, 0.947243),
      ["RightUpperArm"] = CFrame.new(-0.020717, -0.377932, 0.177495, 0.995983, -0.087174, 0.020476, 0.082732, 0.808300, -0.582929, 0.034266, 0.582282, 0.812265),
      ["RightUpperLeg"] = CFrame.new(0.237199, 0.514620, -0.286342, 0.979927, 0.017902, -0.198551, 0.069011, 0.903921, 0.422095, 0.187031, -0.427324, 0.884542)
    }},
    { Time = 0.383, Data = {
      ["Head"] = CFrame.new(0.000000, -0.000015, -0.000016, 1.000000, -0.000000, 0.000000, 0.000000, 0.952808, 0.303574, -0.000000, -0.303574, 0.952808),
      ["LeftUpperArm"] = CFrame.new(-0.070839, -0.425984, -0.259545, 0.578723, -0.700623, -0.417382, -0.157817, 0.405908, -0.900185, 0.800108, 0.586828, 0.124338),
      ["LeftUpperLeg"] = CFrame.new(0.000786, -0.407216, -0.496406, 0.987025, 0.160559, -0.001502, -0.055019, 0.346984, 0.936256, 0.150846, -0.924026, 0.351315),
      ["LowerTorso"] = CFrame.new(0.000000, -1.090040, 2.602062, 1.000000, -0.000000, 0.000000, 0.000000, 0.947523, 0.319688, -0.000000, -0.319688, 0.947523),
      ["RightUpperArm"] = CFrame.new(-0.021459, -0.379802, 0.184395, 0.995714, -0.090044, 0.021105, 0.085446, 0.808351, -0.582467, 0.035387, 0.581774, 0.812580),
      ["RightUpperLeg"] = CFrame.new(0.237331, 0.509520, -0.285017, 0.979928, 0.017897, -0.198546, 0.070143, 0.901320, 0.427438, 0.186603, -0.432785, 0.881973)
    }},
    { Time = 0.400, Data = {
      ["Head"] = CFrame.new(0.000000, -0.000016, -0.000017, 1.000000, -0.000000, 0.000000, 0.000000, 0.953099, 0.302658, -0.000000, -0.302658, 0.953099),
      ["LeftUpperArm"] = CFrame.new(-0.069481, -0.427932, -0.251286, 0.579950, -0.700022, -0.416686, -0.155407, 0.407030, -0.900097, 0.799691, 0.586768, 0.127269),
      ["LeftUpperLeg"] = CFrame.new(0.001021, -0.408955, -0.486067, 0.987025, 0.160559, -0.001502, -0.055019, 0.346984, 0.936256, 0.150846, -0.924026, 0.351315),
      ["LowerTorso"] = CFrame.new(0.000000, -1.091136, 2.591870, 1.000000, -0.000000, 0.000000, 0.000000, 0.947802, 0.318859, -0.000000, -0.318859, 0.947802),
      ["RightUpperArm"] = CFrame.new(-0.022072, -0.381411, 0.190359, 0.995486, -0.092422, 0.021574, 0.087669, 0.808442, -0.582011, 0.036349, 0.581275, 0.812895),
      ["RightUpperLeg"] = CFrame.new(0.237443, 0.505104, -0.283862, 0.979931, 0.017897, -0.198531, 0.071116, 0.899034, 0.432065, 0.186219, -0.437513, 0.879719)
    }},
    { Time = 0.417, Data = {
      ["Head"] = CFrame.new(0.000000, -0.000017, -0.000018, 1.000000, -0.000000, 0.000000, 0.000000, 0.953363, 0.301825, -0.000000, -0.301825, 0.953363),
      ["LeftUpperArm"] = CFrame.new(-0.068356, -0.429619, -0.244299, 0.580918, -0.699602, -0.416042, -0.153460, 0.407830, -0.900069, 0.799365, 0.586712, 0.129555),
      ["LeftUpperLeg"] = CFrame.new(0.001221, -0.410426, -0.477319, 0.987025, 0.160559, -0.001502, -0.055019, 0.346984, 0.936256, 0.150846, -0.924026, 0.351315),
      ["LowerTorso"] = CFrame.new(0.000000, -1.092022, 2.583367, 1.000000, -0.000000, 0.000000, 0.000000, 0.947997, 0.318279, -0.000000, -0.318279, 0.947997),
      ["RightUpperArm"] = CFrame.new(-0.022616, -0.382792, 0.195427, 0.995278, -0.094525, 0.022053, 0.089670, 0.808446, -0.581699, 0.037156, 0.580930, 0.813105),
      ["RightUpperLeg"] = CFrame.new(0.237537, 0.501377, -0.282879, 0.979936, 0.017892, -0.198506, 0.071921, 0.897116, 0.435902, 0.185882, -0.441433, 0.877830)
    }},
    { Time = 0.433, Data = {
      ["Head"] = CFrame.new(0.000000, -0.000018, -0.000019, 1.000000, -0.000000, 0.000000, 0.000000, 0.953600, 0.301076, -0.000000, -0.301076, 0.953600),
      ["LeftUpperArm"] = CFrame.new(-0.067419, -0.430968, -0.238585, 0.581732, -0.699196, -0.415587, -0.151840, 0.408605, -0.899993, 0.799082, 0.586657, 0.131533),
      ["LeftUpperLeg"] = CFrame.new(0.001384, -0.411629, -0.470161, 0.987025, 0.160559, -0.001502, -0.055019, 0.346984, 0.936256, 0.150846, -0.924026, 0.351315),
      ["LowerTorso"] = CFrame.new(0.000000, -1.092753, 2.576388, 1.000000, -0.000000, 0.000000, 0.000000, 0.948164, 0.317781, -0.000000, -0.317781, 0.948164),
      ["RightUpperArm"] = CFrame.new(-0.023053, -0.383911, 0.199558, 0.995108, -0.096219, 0.022400, 0.091261, 0.808488, -0.581393, 0.037831, 0.580593, 0.813314),
      ["RightUpperLeg"] = CFrame.new(0.237622, 0.498320, -0.282106, 0.979927, 0.017921, -0.198551, 0.072594, 0.895498, 0.439106, 0.185671, -0.444705, 0.876221)
    }},
    { Time = 0.450, Data = {
      ["Head"] = CFrame.new(0.000000, -0.000019, -0.000019, 1.000000, -0.000000, 0.000000, 0.000000, 0.953837, 0.300326, -0.000000, -0.300326, 0.953837),
      ["LeftUpperArm"] = CFrame.new(-0.066689, -0.432032, -0.234128, 0.582433, -0.698875, -0.415144, -0.150528, 0.409148, -0.899966, 0.798820, 0.586661, 0.133101),
      ["LeftUpperLeg"] = CFrame.new(0.001511, -0.412565, -0.464594, 0.987025, 0.160559, -0.001502, -0.055019, 0.346984, 0.936256, 0.150846, -0.924026, 0.351315),
      ["LowerTorso"] = CFrame.new(0.000000, -1.093332, 2.570931, 1.000000, -0.000000, 0.000000, 0.000000, 0.948303, 0.317367, -0.000000, -0.317367, 0.948303),
      ["RightUpperArm"] = CFrame.new(-0.023385, -0.384782, 0.202773, 0.994978, -0.097503, 0.022618, 0.092442, 0.808518, -0.581165, 0.038378, 0.580338, 0.813471),
      ["RightUpperLeg"] = CFrame.new(0.237678, 0.495960, -0.281466, 0.979936, 0.017924, -0.198503, 0.073082, 0.894266, 0.441529, 0.185428, -0.447177, 0.875014)
    }},
    { Time = 0.467, Data = {
      ["Head"] = CFrame.new(0.000000, -0.000019, -0.000020, 1.000000, -0.000000, 0.000000, 0.000000, 0.954046, 0.299660, -0.000000, -0.299660, 0.954046),
      ["LeftUpperArm"] = CFrame.new(-0.066163, -0.432782, -0.230946, 0.582911, -0.698626, -0.414893, -0.149642, 0.409578, -0.899918, 0.798638, 0.586657, 0.134204),
      ["LeftUpperLeg"] = CFrame.new(0.001602, -0.413233, -0.460618, 0.987025, 0.160559, -0.001502, -0.055019, 0.346984, 0.936256, 0.150846, -0.924026, 0.351315),
      ["LowerTorso"] = CFrame.new(0.000000, -1.093757, 2.566998, 1.000000, -0.000000, 0.000000, 0.000000, 0.948414, 0.317035, -0.000000, -0.317035, 0.948414),
      ["RightUpperArm"] = CFrame.new(-0.023625, -0.385407, 0.205073, 0.994882, -0.098432, 0.022817, 0.093319, 0.808528, -0.581011, 0.038742, 0.580167, 0.813576),
      ["RightUpperLeg"] = CFrame.new(0.237726, 0.494229, -0.281028, 0.979929, 0.017877, -0.198543, 0.073523, 0.893345, 0.443316, 0.185293, -0.449016, 0.874100)
    }},
    { Time = 0.483, Data = {
      ["Head"] = CFrame.new(0.000000, -0.000020, -0.000021, 1.000000, -0.000000, 0.000000, 0.000000, 0.954255, 0.298993, -0.000000, -0.298993, 0.954255),
      ["LeftUpperArm"] = CFrame.new(-0.065861, -0.433247, -0.229044, 0.583133, -0.698532, -0.414741, -0.149170, 0.409777, -0.899906, 0.798564, 0.586632, 0.134755),
      ["LeftUpperLeg"] = CFrame.new(0.001656, -0.413634, -0.458232, 0.987025, 0.160559, -0.001502, -0.055019, 0.346984, 0.936256, 0.150846, -0.924026, 0.351315),
      ["LowerTorso"] = CFrame.new(0.000000, -1.094000, 2.564672, 1.000000, -0.000000, 0.000000, 0.000000, 0.948469, 0.316869, -0.000000, -0.316869, 0.948469),
      ["RightUpperArm"] = CFrame.new(-0.023773, -0.385773, 0.206438, 0.994821, -0.099007, 0.022993, 0.093896, 0.808572, -0.580856, 0.038917, 0.580007, 0.813681),
      ["RightUpperLeg"] = CFrame.new(0.237754, 0.493226, -0.280775, 0.979927, 0.017909, -0.198553, 0.073714, 0.892825, 0.444332, 0.185230, -0.450048, 0.873582)
    }},
    { Time = 0.500, Data = {
      ["Head"] = CFrame.new(0.000000, -0.000021, -0.000022, 1.000000, -0.000000, 0.000000, 0.000000, 0.954438, 0.298410, -0.000000, -0.298410, 0.954438),
      ["LeftUpperArm"] = CFrame.new(-0.065753, -0.433382, -0.228415, 0.583244, -0.698472, -0.414685, -0.148910, 0.409921, -0.899884, 0.798531, 0.586603, 0.135074),
      ["LeftUpperLeg"] = CFrame.new(0.001674, -0.413768, -0.457437, 0.987025, 0.160559, -0.001502, -0.055019, 0.346984, 0.936256, 0.150846, -0.924026, 0.351315),
      ["LowerTorso"] = CFrame.new(0.000000, -1.094091, 2.563868, 1.000000, -0.000000, 0.000000, 0.000000, 0.948497, 0.316786, -0.000000, -0.316786, 0.948497),
      ["RightUpperArm"] = CFrame.new(-0.023815, -0.385903, 0.206906, 0.994804, -0.099170, 0.023045, 0.094060, 0.808555, -0.580854, 0.038970, 0.580004, 0.813681),
      ["RightUpperLeg"] = CFrame.new(0.237763, 0.492861, -0.280682, 0.979924, 0.017870, -0.198569, 0.073838, 0.892623, 0.444717, 0.185194, -0.450450, 0.873383)
    }},
    { Time = 0.517, Data = {
      ["Head"] = CFrame.new(0.000000, -0.000021, -0.000022, 1.000000, -0.000000, 0.000000, 0.000000, 0.954594, 0.297910, -0.000000, -0.297910, 0.954594),
      ["LeftUpperArm"] = CFrame.new(-0.065794, -0.433320, -0.228688, 0.583205, -0.698472, -0.414740, -0.149069, 0.409865, -0.899883, 0.798530, 0.586641, 0.134915),
      ["LeftUpperLeg"] = CFrame.new(0.001666, -0.413709, -0.457790, 0.987025, 0.160559, -0.001502, -0.055019, 0.346984, 0.936256, 0.150846, -0.924026, 0.351315),
      ["LowerTorso"] = CFrame.new(0.000000, -1.094035, 2.564271, 1.000000, -0.000000, 0.000000, 0.000000, 0.948469, 0.316869, -0.000000, -0.316869, 0.948469),
      ["RightUpperArm"] = CFrame.new(-0.023794, -0.385845, 0.206698, 0.994812, -0.099089, 0.023019, 0.093978, 0.808564, -0.580855, 0.038944, 0.580005, 0.813681),
      ["RightUpperLeg"] = CFrame.new(0.237758, 0.493046, -0.280728, 0.979927, 0.017935, -0.198550, 0.073738, 0.892705, 0.444568, 0.185220, -0.450285, 0.873463)
    }},
    { Time = 0.533, Data = {
      ["Head"] = CFrame.new(0.000000, -0.000022, -0.000023, 1.000000, -0.000000, 0.000000, 0.000000, 0.954724, 0.297493, -0.000000, -0.297493, 0.954724),
      ["LeftUpperArm"] = CFrame.new(-0.065926, -0.433104, -0.229537, 0.583094, -0.698507, -0.414837, -0.149282, 0.409810, -0.899873, 0.798572, 0.586638, 0.134683),
      ["LeftUpperLeg"] = CFrame.new(0.001642, -0.413530, -0.458851, 0.987025, 0.160559, -0.001502, -0.055019, 0.346984, 0.936256, 0.150846, -0.924026, 0.351315),
      ["LowerTorso"] = CFrame.new(0.000000, -1.093924, 2.565315, 1.000000, -0.000000, 0.000000, 0.000000, 0.948442, 0.316952, -0.000000, -0.316952, 0.948442),
      ["RightUpperArm"] = CFrame.new(-0.023731, -0.385684, 0.206093, 0.994839, -0.098842, 0.022944, 0.093730, 0.808537, -0.580932, 0.038869, 0.580084, 0.813629),
      ["RightUpperLeg"] = CFrame.new(0.237747, 0.493474, -0.280837, 0.979927, 0.017882, -0.198555, 0.073689, 0.892944, 0.444095, 0.185240, -0.449812, 0.873702)
    }},
    { Time = 0.550, Data = {
      ["Head"] = CFrame.new(0.000000, -0.000022, -0.000023, 1.000000, -0.000000, 0.000000, 0.000000, 0.954854, 0.297076, -0.000000, -0.297076, 0.954854),
      ["LeftUpperArm"] = CFrame.new(-0.066163, -0.432782, -0.230946, 0.582911, -0.698626, -0.414893, -0.149642, 0.409578, -0.899918, 0.798638, 0.586657, 0.134204),
      ["LeftUpperLeg"] = CFrame.new(0.001602, -0.413233, -0.460618, 0.987025, 0.160559, -0.001502, -0.055019, 0.346984, 0.936256, 0.150846, -0.924026, 0.351315),
      ["LowerTorso"] = CFrame.new(0.000000, -1.093757, 2.566998, 1.000000, -0.000000, 0.000000, 0.000000, 0.948414, 0.317035, -0.000000, -0.317035, 0.948414),
      ["RightUpperArm"] = CFrame.new(-0.023625, -0.385407, 0.205073, 0.994882, -0.098432, 0.022817, 0.093319, 0.808528, -0.581011, 0.038742, 0.580167, 0.813576),
      ["RightUpperLeg"] = CFrame.new(0.237726, 0.494229, -0.281028, 0.979929, 0.017877, -0.198543, 0.073523, 0.893345, 0.443316, 0.185293, -0.449016, 0.874100)
    }},
    { Time = 0.567, Data = {
      ["Head"] = CFrame.new(0.000000, -0.000023, -0.000024, 1.000000, -0.000000, 0.000000, 0.000000, 0.954983, 0.296659, -0.000000, -0.296659, 0.954983),
      ["LeftUpperArm"] = CFrame.new(-0.066490, -0.432321, -0.232923, 0.582616, -0.698781, -0.415047, -0.150215, 0.409291, -0.899953, 0.798745, 0.586674, 0.133492),
      ["LeftUpperLeg"] = CFrame.new(0.001545, -0.412817, -0.463092, 0.987025, 0.160559, -0.001502, -0.055019, 0.346984, 0.936256, 0.150846, -0.924026, 0.351315),
      ["LowerTorso"] = CFrame.new(0.000000, -1.093506, 2.569405, 1.000000, -0.000000, 0.000000, 0.000000, 0.948358, 0.317201, -0.000000, -0.317201, 0.948358),
      ["RightUpperArm"] = CFrame.new(-0.023491, -0.385017, 0.203637, 0.994935, -0.097913, 0.022745, 0.092853, 0.808528, -0.581087, 0.038506, 0.580255, 0.813524),
      ["RightUpperLeg"] = CFrame.new(0.237696, 0.495310, -0.281302, 0.979934, 0.017920, -0.198515, 0.073240, 0.893906, 0.442230, 0.185379, -0.447896, 0.874657)
    }},
    { Time = 0.583, Data = {
      ["Head"] = CFrame.new(0.000000, -0.000023, -0.000024, 1.000000, -0.000000, 0.000000, 0.000000, 0.955061, 0.296409, -0.000000, -0.296409, 0.955061),
      ["LeftUpperArm"] = CFrame.new(-0.066903, -0.431698, -0.235474, 0.582210, -0.698946, -0.415337, -0.150953, 0.409036, -0.899946, 0.798902, 0.586654, 0.132637),
      ["LeftUpperLeg"] = CFrame.new(0.001473, -0.412282, -0.466273, 0.987025, 0.160559, -0.001502, -0.055019, 0.346984, 0.936256, 0.150846, -0.924026, 0.351315),
      ["LowerTorso"] = CFrame.new(0.000000, -1.093171, 2.572535, 1.000000, -0.000000, 0.000000, 0.000000, 0.948275, 0.317450, -0.000000, -0.317450, 0.948275),
      ["RightUpperArm"] = CFrame.new(-0.023293, -0.384522, 0.201806, 0.995013, -0.097148, 0.022599, 0.092139, 0.808500, -0.581239, 0.038195, 0.580423, 0.813419),
      ["RightUpperLeg"] = CFrame.new(0.237658, 0.496677, -0.281647, 0.979939, 0.017928, -0.198490, 0.072924, 0.894624, 0.440828, 0.185477, -0.446459, 0.875370)
    }},
    { Time = 0.600, Data = {
      ["Head"] = CFrame.new(0.000000, -0.000023, -0.000024, 1.000000, -0.000000, 0.000000, 0.000000, 0.955139, 0.296159, -0.000000, -0.296159, 0.955139),
      ["LeftUpperArm"] = CFrame.new(-0.067419, -0.430968, -0.238585, 0.581732, -0.699196, -0.415587, -0.151840, 0.408605, -0.899993, 0.799082, 0.586657, 0.131533),
      ["LeftUpperLeg"] = CFrame.new(0.001384, -0.411629, -0.470161, 0.987025, 0.160559, -0.001502, -0.055019, 0.346984, 0.936256, 0.150846, -0.924026, 0.351315),
      ["LowerTorso"] = CFrame.new(0.000000, -1.092753, 2.576388, 1.000000, -0.000000, 0.000000, 0.000000, 0.948164, 0.317781, -0.000000, -0.317781, 0.948164),
      ["RightUpperArm"] = CFrame.new(-0.023053, -0.383911, 0.199558, 0.995108, -0.096219, 0.022400, 0.091261, 0.808488, -0.581393, 0.037831, 0.580593, 0.813314),
      ["RightUpperLeg"] = CFrame.new(0.237622, 0.498320, -0.282106, 0.979927, 0.017921, -0.198551, 0.072594, 0.895498, 0.439106, 0.185671, -0.444705, 0.876221)
    }},
    { Time = 0.617, Data = {
      ["Head"] = CFrame.new(0.000000, -0.000023, -0.000024, 1.000000, -0.000000, 0.000000, 0.000000, 0.955190, 0.295992, -0.000000, -0.295992, 0.955190),
      ["LeftUpperArm"] = CFrame.new(-0.068018, -0.430099, -0.242252, 0.581214, -0.699447, -0.415891, -0.152887, 0.408118, -0.900036, 0.799260, 0.586698, 0.130268),
      ["LeftUpperLeg"] = CFrame.new(0.001279, -0.410856, -0.474756, 0.987025, 0.160559, -0.001502, -0.055019, 0.346984, 0.936256, 0.150846, -0.924026, 0.351315),
      ["LowerTorso"] = CFrame.new(0.000000, -1.092280, 2.580880, 1.000000, -0.000000, 0.000000, 0.000000, 0.948053, 0.318113, -0.000000, -0.318113, 0.948053),
      ["RightUpperArm"] = CFrame.new(-0.022771, -0.383184, 0.196895, 0.995219, -0.095127, 0.022147, 0.090220, 0.808493, -0.581549, 0.037415, 0.580767, 0.813210),
      ["RightUpperLeg"] = CFrame.new(0.237568, 0.500257, -0.282596, 0.979932, 0.017858, -0.198533, 0.072212, 0.896524, 0.437070, 0.185795, -0.442635, 0.877243)
    }},
    { Time = 0.633, Data = {
      ["Head"] = CFrame.new(0.000000, -0.000023, -0.000024, 1.000000, -0.000000, 0.000000, 0.000000, 0.955242, 0.295825, -0.000000, -0.295825, 0.955242),
      ["LeftUpperArm"] = CFrame.new(-0.068700, -0.429092, -0.246475, 0.580655, -0.699699, -0.416247, -0.154093, 0.407575, -0.900077, 0.799434, 0.586775, 0.128841),
      ["LeftUpperLeg"] = CFrame.new(0.001158, -0.409965, -0.480058, 0.987025, 0.160559, -0.001502, -0.055019, 0.346984, 0.936256, 0.150846, -0.924026, 0.351315),
      ["LowerTorso"] = CFrame.new(0.000000, -1.091749, 2.586014, 1.000000, -0.000000, 0.000000, 0.000000, 0.947941, 0.318445, -0.000000, -0.318445, 0.947941),
      ["RightUpperArm"] = CFrame.new(-0.022446, -0.382355, 0.193834, 0.995345, -0.093869, 0.021846, 0.089013, 0.808460, -0.581781, 0.036950, 0.581017, 0.813052),
      ["RightUpperLeg"] = CFrame.new(0.237513, 0.502554, -0.283219, 0.979924, 0.017946, -0.198562, 0.071649, 0.897706, 0.434730, 0.186052, -0.440229, 0.878398)
    }},
    { Time = 0.650, Data = {
      ["Head"] = CFrame.new(0.000000, -0.000024, -0.000025, 1.000000, -0.000000, 0.000000, 0.000000, 0.955268, 0.295742, -0.000000, -0.295742, 0.955268),
      ["LeftUpperArm"] = CFrame.new(-0.069481, -0.427932, -0.251286, 0.579950, -0.700022, -0.416686, -0.155407, 0.407030, -0.900097, 0.799691, 0.586768, 0.127269),
      ["LeftUpperLeg"] = CFrame.new(0.001021, -0.408955, -0.486067, 0.987025, 0.160559, -0.001502, -0.055019, 0.346984, 0.936256, 0.150846, -0.924026, 0.351315),
      ["LowerTorso"] = CFrame.new(0.000000, -1.091136, 2.591870, 1.000000, -0.000000, 0.000000, 0.000000, 0.947802, 0.318859, -0.000000, -0.318859, 0.947802),
      ["RightUpperArm"] = CFrame.new(-0.022072, -0.381411, 0.190359, 0.995486, -0.092422, 0.021574, 0.087669, 0.808442, -0.582011, 0.036349, 0.581275, 0.812895),
