return {
  ["Astros hump 18"] = {
    { Time = 0.000, Data = {
      ["Balls"] = CFrame.new(0.000000, 0.000000, 0.000000, 0.930694, -0.365799, 0.000000, 0.365799, 0.930694, 0.000000, 0.000000, 0.000000, 1.000000),
      ["Cock"] = CFrame.new(0.000000, 0.000000, 0.000000, 0.987969, 0.154653, 0.000000, -0.154653, 0.987969, -0.000000, -0.000000, 0.000000, 1.000000),
      ["Head"] = CFrame.new(0.000000, 0.000000, -0.000000, 1.000000, -0.000000, 0.000000, 0.000000, 0.909152, 0.416464, -0.000000, -0.416464, 0.909152),
      ["LeftUpperArm"] = CFrame.new(-0.056272, -0.806303, -0.090763, 0.964320, -0.213136, -0.157038, -0.074315, 0.351397, -0.933272, 0.254097, 0.911643, 0.323020),
      ["LeftUpperLeg"] = CFrame.new(-0.235815, 0.429598, -0.694873, 0.904959, 0.337493, 0.259131, -0.311485, 0.940337, -0.136906, -0.289875, 0.043179, 0.956090),
      ["LowerTorso"] = CFrame.new(0.000861, -0.587216, -1.058046, -0.999999, -0.000375, 0.001429, 0.000033, 0.961442, 0.275008, -0.001477, 0.275008, -0.961441),
      ["RightUpperArm"] = CFrame.new(0.056543, -0.807208, -0.090583, 0.958655, 0.215817, 0.185483, 0.101981, 0.347958, -0.931947, -0.265670, 0.912331, 0.311562),
      ["RightUpperLeg"] = CFrame.new(0.235820, 0.429601, -0.694872, 0.904959, -0.337493, -0.259131, 0.311485, 0.940337, -0.136906, 0.289875, 0.043179, 0.956090)
    }},
    { Time = 0.017, Data = {
      ["Balls"] = CFrame.new(0.000000, -0.000001, 0.000000, 0.930533, -0.366208, 0.000000, 0.366208, 0.930533, 0.000000, 0.000000, 0.000000, 1.000000),
      ["Cock"] = CFrame.new(0.000000, 0.000000, 0.000000, 0.987982, 0.154568, 0.000000, -0.154568, 0.987982, -0.000000, -0.000000, 0.000000, 1.000000),
      ["Head"] = CFrame.new(0.000000, 0.000000, 0.000000, 1.000000, -0.000000, 0.000000, 0.000000, 0.907897, 0.419194, -0.000000, -0.419194, 0.907897),
      ["LeftUpperArm"] = CFrame.new(-0.056307, -0.806137, -0.090648, 0.964320, -0.213119, -0.157060, -0.074288, 0.351593, -0.933201, 0.254104, 0.911571, 0.323216),
      ["LeftUpperLeg"] = CFrame.new(-0.235815, 0.429505, -0.694619, 0.904959, 0.337481, 0.259145, -0.311497, 0.940345, -0.136822, -0.289861, 0.043095, 0.956098),
      ["LowerTorso"] = CFrame.new(0.000861, -0.587240, -1.057768, -0.999999, -0.000375, 0.001429, 0.000033, 0.961466, 0.274924, -0.001477, 0.274924, -0.961465),
      ["RightUpperArm"] = CFrame.new(0.056582, -0.807040, -0.090462, 0.958655, 0.215797, 0.185506, 0.101953, 0.348155, -0.931877, -0.265681, 0.912261, 0.311759),
      ["RightUpperLeg"] = CFrame.new(0.235820, 0.429508, -0.694618, 0.904959, -0.337481, -0.259145, 0.311497, 0.940345, -0.136822, 0.289861, 0.043095, 0.956098)
    }},
    { Time = 0.033, Data = {
      ["Balls"] = CFrame.new(0.000000, -0.000001, 0.000000, 0.930114, -0.367271, 0.000000, 0.367271, 0.930114, 0.000000, 0.000000, 0.000000, 1.000000),
      ["Cock"] = CFrame.new(-0.000000, 0.000000, 0.000000, 0.988036, 0.154226, 0.000000, -0.154226, 0.988036, -0.000000, -0.000000, 0.000000, 1.000000),
      ["Head"] = CFrame.new(0.000000, 0.000000, 0.000000, 1.000000, -0.000000, 0.000000, 0.000000, 0.906670, 0.421841, -0.000000, -0.421841, 0.906670),
      ["LeftUpperArm"] = CFrame.new(-0.056456, -0.805642, -0.090311, 0.964268, -0.213236, -0.157216, -0.074236, 0.352174, -0.932986, 0.254313, 0.911320, 0.323760),
      ["LeftUpperLeg"] = CFrame.new(-0.235841, 0.429188, -0.693900, 0.904905, 0.337531, 0.259267, -0.311612, 0.940340, -0.136595, -0.289904, 0.042815, 0.956098),
      ["LowerTorso"] = CFrame.new(0.000861, -0.587312, -1.056931, -0.999999, -0.000374, 0.001429, 0.000033, 0.961538, 0.274673, -0.001477, 0.274673, -0.961537),
      ["RightUpperArm"] = CFrame.new(0.056728, -0.806512, -0.090116, 0.958625, 0.215846, 0.185604, 0.101834, 0.348837, -0.931634, -0.265835, 0.911989, 0.312423),
      ["RightUpperLeg"] = CFrame.new(0.235846, 0.429191, -0.693899, 0.904905, -0.337531, -0.259267, 0.311612, 0.940340, -0.136595, 0.289904, 0.042815, 0.956098)
    }},
    { Time = 0.050, Data = {
      ["Balls"] = CFrame.new(0.000000, -0.000001, 0.000000, 0.929402, -0.369068, 0.000000, 0.369068, 0.929402, 0.000000, 0.000000, 0.000000, 1.000000),
      ["Cock"] = CFrame.new(0.000000, 0.000000, 0.000000, 0.988129, 0.153627, 0.000000, -0.153627, 0.988129, -0.000000, -0.000000, 0.000000, 1.000000),
      ["Head"] = CFrame.new(0.000000, 0.000000, -0.000000, 1.000000, -0.000000, 0.000000, 0.000000, 0.905435, 0.424484, -0.000000, -0.424484, 0.905435),
      ["LeftUpperArm"] = CFrame.new(-0.056673, -0.804790, -0.089754, 0.964217, -0.213311, -0.157427, -0.074117, 0.353244, -0.932591, 0.254542, 0.910888, 0.324794),
      ["LeftUpperLeg"] = CFrame.new(-0.235840, 0.428731, -0.692640, 0.904905, 0.337485, 0.259326, -0.311663, 0.940372, -0.136259, -0.289849, 0.042479, 0.956129),
      ["LowerTorso"] = CFrame.new(0.000861, -0.587432, -1.055539, -0.999999, -0.000374, 0.001429, 0.000032, 0.961657, 0.274254, -0.001477, 0.274253, -0.961656),
      ["RightUpperArm"] = CFrame.new(0.056997, -0.805677, -0.089531, 0.958540, 0.216032, 0.185823, 0.101701, 0.349808, -0.931285, -0.266190, 0.911573, 0.313334),
      ["RightUpperLeg"] = CFrame.new(0.235845, 0.428734, -0.692639, 0.904905, -0.337485, -0.259326, 0.311663, 0.940372, -0.136259, 0.289849, 0.042479, 0.956129)
    }},
    { Time = 0.067, Data = {
      ["Balls"] = CFrame.new(0.000000, -0.000001, 0.000000, 0.928393, -0.371599, 0.000000, 0.371599, 0.928393, 0.000000, 0.000000, 0.000000, 1.000000),
      ["Cock"] = CFrame.new(0.000000, 0.000000, 0.000000, 0.988248, 0.152857, 0.000000, -0.152857, 0.988248, -0.000000, -0.000000, 0.000000, 1.000000),
      ["Head"] = CFrame.new(0.000000, -0.000000, 0.000000, 1.000000, -0.000000, 0.000000, 0.000000, 0.904230, 0.427046, -0.000000, -0.427046, 0.904230),
      ["LeftUpperArm"] = CFrame.new(-0.056978, -0.803612, -0.088972, 0.964159, -0.213422, -0.157635, -0.073873, 0.354697, -0.932059, 0.254835, 0.910297, 0.326218),
      ["LeftUpperLeg"] = CFrame.new(-0.235852, 0.428093, -0.690919, 0.904881, 0.337418, 0.259498, -0.311734, 0.940419, -0.135769, -0.289848, 0.041961, 0.956152),
      ["LowerTorso"] = CFrame.new(0.000860, -0.587623, -1.053511, -0.999999, -0.000374, 0.001430, 0.000032, 0.961848, 0.273583, -0.001477, 0.273583, -0.961848),
      ["RightUpperArm"] = CFrame.new(0.057358, -0.804485, -0.088721, 0.958450, 0.216239, 0.186051, 0.101428, 0.351262, -0.930767, -0.266621, 0.910964, 0.314735),
      ["RightUpperLeg"] = CFrame.new(0.235857, 0.428096, -0.690918, 0.904881, -0.337418, -0.259498, 0.311734, 0.940419, -0.135769, 0.289848, 0.041961, 0.956152)
    }},
    { Time = 0.083, Data = {
      ["Balls"] = CFrame.new(0.000000, -0.000001, 0.000000, 0.927081, -0.374862, 0.000000, 0.374862, 0.927081, 0.000000, 0.000000, 0.000000, 1.000000),
      ["Cock"] = CFrame.new(0.000000, 0.000000, 0.000000, 0.988407, 0.151830, 0.000000, -0.151830, 0.988407, -0.000000, -0.000000, 0.000000, 1.000000),
      ["Head"] = CFrame.new(0.000000, 0.000000, -0.000000, 1.000000, -0.000000, 0.000000, 0.000000, 0.903017, 0.429604, -0.000000, -0.429604, 0.903017),
      ["LeftUpperArm"] = CFrame.new(-0.057393, -0.802085, -0.087986, 0.964049, -0.213658, -0.157988, -0.073590, 0.356629, -0.931343, 0.255332, 0.909487, 0.328084),
      ["LeftUpperLeg"] = CFrame.new(-0.235878, 0.427238, -0.688708, 0.904828, 0.337421, 0.259679, -0.311899, 0.940446, -0.135207, -0.289836, 0.041345, 0.956183),
      ["LowerTorso"] = CFrame.new(0.000860, -0.587837, -1.051016, -0.999999, -0.000373, 0.001430, 0.000031, 0.962063, 0.272829, -0.001477, 0.272828, -0.962062),
      ["RightUpperArm"] = CFrame.new(0.057795, -0.802963, -0.087678, 0.958359, 0.216405, 0.186325, 0.101097, 0.353107, -0.930105, -0.267072, 0.910211, 0.316526),
      ["RightUpperLeg"] = CFrame.new(0.235883, 0.427240, -0.688707, 0.904828, -0.337421, -0.259679, 0.311899, 0.940446, -0.135207, 0.289836, 0.041345, 0.956183)
    }},
    { Time = 0.100, Data = {
      ["Balls"] = CFrame.new(0.000000, -0.000001, 0.000000, 0.925456, -0.378854, 0.000000, 0.378854, 0.925456, 0.000000, 0.000000, 0.000000, 1.000000),
      ["Cock"] = CFrame.new(0.000000, 0.000000, 0.000000, 0.988590, 0.150632, 0.000000, -0.150632, 0.988590, -0.000000, -0.000000, 0.000000, 1.000000),
      ["Head"] = CFrame.new(0.000000, 0.000000, -0.000000, 1.000000, -0.000000, 0.000000, 0.000000, 0.901797, 0.432160, -0.000000, -0.432160, 0.901797),
      ["LeftUpperArm"] = CFrame.new(-0.057878, -0.800260, -0.086770, 0.963939, -0.213868, -0.158375, -0.073266, 0.358850, -0.930516, 0.255840, 0.908563, 0.330240),
      ["LeftUpperLeg"] = CFrame.new(-0.235915, 0.426200, -0.686040, 0.904751, 0.337391, 0.259988, -0.312097, 0.940495, -0.134406, -0.289864, 0.040463, 0.956212),
      ["LowerTorso"] = CFrame.new(0.000859, -0.588098, -1.047977, -0.999999, -0.000372, 0.001430, 0.000030, 0.962324, 0.271906, -0.001477, 0.271906, -0.962323),
      ["RightUpperArm"] = CFrame.new(0.058351, -0.801116, -0.086413, 0.958214, 0.216699, 0.186731, 0.100738, 0.355334, -0.929295, -0.267729, 0.909274, 0.318657),
      ["RightUpperLeg"] = CFrame.new(0.235920, 0.426202, -0.686039, 0.904751, -0.337391, -0.259988, 0.312097, 0.940495, -0.134406, 0.289864, 0.040463, 0.956212)
    }},
    { Time = 0.117, Data = {
      ["Balls"] = CFrame.new(0.000000, -0.000001, 0.000000, 0.923578, -0.383410, 0.000000, 0.383410, 0.923578, 0.000000, 0.000000, 0.000000, 1.000000),
      ["Cock"] = CFrame.new(0.000000, 0.000000, 0.000000, 0.988811, 0.149177, 0.000000, -0.149177, 0.988811, -0.000000, -0.000000, 0.000000, 1.000000),
      ["Head"] = CFrame.new(0.000000, 0.000000, 0.000000, 1.000000, -0.000000, 0.000000, 0.000000, 0.900607, 0.434634, -0.000000, -0.434634, 0.900607),
      ["LeftUpperArm"] = CFrame.new(-0.058439, -0.798091, -0.085350, 0.963807, -0.214083, -0.158887, -0.072922, 0.361554, -0.929495, 0.256436, 0.907440, 0.332857),
      ["LeftUpperLeg"] = CFrame.new(-0.235952, 0.424997, -0.682903, 0.904673, 0.337361, 0.260296, -0.312296, 0.940543, -0.133606, -0.289893, 0.039580, 0.956240),
      ["LowerTorso"] = CFrame.new(0.000858, -0.588429, -1.044315, -0.999999, -0.000372, 0.001430, 0.000030, 0.962655, 0.270732, -0.001477, 0.270732, -0.962654),
      ["RightUpperArm"] = CFrame.new(0.058993, -0.798946, -0.084925, 0.958044, 0.217000, 0.187253, 0.100369, 0.357948, -0.928331, -0.268474, 0.908176, 0.321150),
      ["RightUpperLeg"] = CFrame.new(0.235957, 0.424999, -0.682902, 0.904673, -0.337361, -0.260296, 0.312296, 0.940543, -0.133606, 0.289893, 0.039580, 0.956240)
    }},
    { Time = 0.133, Data = {
      ["Balls"] = CFrame.new(0.000001, -0.000001, 0.000000, 0.921335, -0.388771, 0.000000, 0.388771, 0.921335, 0.000000, 0.000000, 0.000000, 1.000000),
      ["Cock"] = CFrame.new(0.000000, 0.000000, 0.000000, 0.989055, 0.147551, 0.000000, -0.147551, 0.989055, -0.000000, -0.000000, 0.000000, 1.000000),
      ["Head"] = CFrame.new(0.000000, 0.000000, 0.000000, 1.000000, -0.000000, 0.000000, 0.000000, 0.899411, 0.437104, -0.000000, -0.437104, 0.899411),
      ["LeftUpperArm"] = CFrame.new(-0.059098, -0.795635, -0.083717, 0.963645, -0.214391, -0.159454, -0.072514, 0.364535, -0.928362, 0.257159, 0.906174, 0.335736),
      ["LeftUpperLeg"] = CFrame.new(-0.235990, 0.423612, -0.679282, 0.904596, 0.337296, 0.260649, -0.312532, 0.940613, -0.132553, -0.289879, 0.038446, 0.956291),
      ["LowerTorso"] = CFrame.new(0.000857, -0.588782, -1.040204, -0.999999, -0.000371, 0.001430, 0.000029, 0.963008, 0.269473, -0.001477, 0.269473, -0.963007),
      ["RightUpperArm"] = CFrame.new(0.059746, -0.796486, -0.083216, 0.957861, 0.217410, 0.187712, 0.099817, 0.360836, -0.927272, -0.269332, 0.906934, 0.323930),
      ["RightUpperLeg"] = CFrame.new(0.235995, 0.423615, -0.679282, 0.904596, -0.337296, -0.260649, 0.312532, 0.940613, -0.132553, 0.289879, 0.038446, 0.956291)
    }},
    { Time = 0.150, Data = {
      ["Balls"] = CFrame.new(0.000001, -0.000001, 0.000000, 0.918815, -0.394688, 0.000000, 0.394688, 0.918815, 0.000000, 0.000000, 0.000000, 1.000000),
      ["Cock"] = CFrame.new(0.000000, 0.000000, 0.000000, 0.989334, 0.145667, 0.000000, -0.145667, 0.989334, -0.000000, -0.000000, 0.000000, 1.000000),
      ["Head"] = CFrame.new(0.000000, 0.000000, -0.000000, 1.000000, -0.000000, 0.000000, 0.000000, 0.898246, 0.439493, -0.000000, -0.439493, 0.898246),
      ["LeftUpperArm"] = CFrame.new(-0.059838, -0.792847, -0.081892, 0.963475, -0.214726, -0.160030, -0.071967, 0.367986, -0.927042, 0.257948, 0.904699, 0.339092),
      ["LeftUpperLeg"] = CFrame.new(-0.236027, 0.422064, -0.675203, 0.904518, 0.337220, 0.261017, -0.312782, 0.940690, -0.131416, -0.289852, 0.037227, 0.956347),
      ["LowerTorso"] = CFrame.new(0.000856, -0.589180, -1.035568, -0.999999, -0.000370, 0.001431, 0.000027, 0.963406, 0.268047, -0.001477, 0.268047, -0.963405),
      ["RightUpperArm"] = CFrame.new(0.060579, -0.793689, -0.081305, 0.957653, 0.217818, 0.188298, 0.099239, 0.364203, -0.926017, -0.270282, 0.905490, 0.327164),
      ["RightUpperLeg"] = CFrame.new(0.236032, 0.422066, -0.675202, 0.904518, -0.337220, -0.261017, 0.312782, 0.940690, -0.131416, 0.289852, 0.037227, 0.956347)
    }},
    { Time = 0.167, Data = {
      ["Balls"] = CFrame.new(0.000001, -0.000001, 0.000000, 0.915973, -0.401239, 0.000000, 0.401239, 0.915973, 0.000000, 0.000000, 0.000000, 1.000000),
      ["Cock"] = CFrame.new(0.000000, 0.000000, 0.000000, 0.989634, 0.143612, 0.000000, -0.143612, 0.989634, -0.000000, -0.000000, 0.000000, 1.000000),
      ["Head"] = CFrame.new(0.000000, -0.000000, -0.000000, 1.000000, -0.000000, 0.000000, 0.000000, 0.897113, 0.441800, -0.000000, -0.441800, 0.897113),
      ["LeftUpperArm"] = CFrame.new(-0.060663, -0.789756, -0.079877, 0.963260, -0.215121, -0.160790, -0.071461, 0.371812, -0.925553, 0.258889, 0.903039, 0.342779),
      ["LeftUpperLeg"] = CFrame.new(-0.236076, 0.420357, -0.670718, 0.904416, 0.337133, 0.261482, -0.313039, 0.940772, -0.130210, -0.289893, 0.035910, 0.956385),
      ["LowerTorso"] = CFrame.new(0.000855, -0.589622, -1.030417, -0.999999, -0.000368, 0.001431, 0.000026, 0.963848, 0.266452, -0.001477, 0.266452, -0.963848),
      ["RightUpperArm"] = CFrame.new(0.061493, -0.790585, -0.079191, 0.957420, 0.218233, 0.188999, 0.098651, 0.367948, -0.924599, -0.271319, 0.903874, 0.330752),
      ["RightUpperLeg"] = CFrame.new(0.236081, 0.420360, -0.670718, 0.904416, -0.337133, -0.261482, 0.313039, 0.940772, -0.130210, 0.289893, 0.035910, 0.956385)
    }},
    { Time = 0.183, Data = {
      ["Balls"] = CFrame.new(0.000001, -0.000002, 0.000000, 0.912794, -0.408420, 0.000000, 0.408420, 0.912794, 0.000000, 0.000000, 0.000000, 1.000000),
      ["Cock"] = CFrame.new(0.000000, 0.000000, 0.000000, 0.989967, 0.141299, 0.000000, -0.141299, 0.989967, -0.000000, -0.000000, 0.000000, 1.000000),
      ["Head"] = CFrame.new(0.000000, 0.000000, 0.000000, 1.000000, -0.000000, 0.000000, 0.000000, 0.896014, 0.444026, -0.000000, -0.444026, 0.896014),
      ["LeftUpperArm"] = CFrame.new(-0.061537, -0.786395, -0.077659, 0.963067, -0.215441, -0.161517, -0.070862, 0.375915, -0.923941, 0.259771, 0.901262, 0.346765),
      ["LeftUpperLeg"] = CFrame.new(-0.236127, 0.418444, -0.665751, 0.904310, 0.337102, 0.261889, -0.313409, 0.940838, -0.128833, -0.289825, 0.034426, 0.956460),
      ["LowerTorso"] = CFrame.new(0.000854, -0.590108, -1.024759, -0.999999, -0.000367, 0.001431, 0.000025, 0.964334, 0.264688, -0.001477, 0.264688, -0.964333),
      ["RightUpperArm"] = CFrame.new(0.062493, -0.787208, -0.076873, 0.957181, 0.218686, 0.189689, 0.097946, 0.371964, -0.923065, -0.272419, 0.902119, 0.334618),
      ["RightUpperLeg"] = CFrame.new(0.236132, 0.418447, -0.665750, 0.904310, -0.337102, -0.261889, 0.313409, 0.940838, -0.128833, 0.289825, 0.034426, 0.956460)
    }},
    { Time = 0.200, Data = {
      ["Balls"] = CFrame.new(0.000001, -0.000002, 0.000000, 0.909299, -0.416143, 0.000000, 0.416143, 0.909299, 0.000000, 0.000000, 0.000000, 1.000000),
      ["Cock"] = CFrame.new(0.000000, 0.000000, 0.000000, 0.990306, 0.138900, 0.000000, -0.138900, 0.990306, -0.000000, -0.000000, 0.000000, 1.000000),
      ["Head"] = CFrame.new(0.000000, 0.000000, 0.000000, 1.000000, -0.000000, 0.000000, 0.000000, 0.894909, 0.446249, -0.000000, -0.446249, 0.894909),
      ["LeftUpperArm"] = CFrame.new(-0.062511, -0.782747, -0.075270, 0.962821, -0.215890, -0.162380, -0.070232, 0.380380, -0.922160, 0.260851, 0.899279, 0.351075),
      ["LeftUpperLeg"] = CFrame.new(-0.236175, 0.416416, -0.660394, 0.904208, 0.336968, 0.262414, -0.313717, 0.940946, -0.127290, -0.289810, 0.032773, 0.956523),
      ["LowerTorso"] = CFrame.new(0.000852, -0.590636, -1.018606, -0.999999, -0.000366, 0.001432, 0.000023, 0.964862, 0.262756, -0.001477, 0.262756, -0.964862),
      ["RightUpperArm"] = CFrame.new(0.063599, -0.783540, -0.074374, 0.956884, 0.219263, 0.190515, 0.097207, 0.376346, -0.921366, -0.273721, 0.900160, 0.338805),
      ["RightUpperLeg"] = CFrame.new(0.236180, 0.416419, -0.660394, 0.904208, -0.336968, -0.262414, 0.313717, 0.940946, -0.127290, 0.289810, 0.032773, 0.956523)
    }},
    { Time = 0.217, Data = {
      ["Balls"] = CFrame.new(0.000001, -0.000002, 0.000000, 0.905473, -0.424404, 0.000000, 0.424404, 0.905473, 0.000000, 0.000000, 0.000000, 1.000000),
      ["Cock"] = CFrame.new(0.000000, -0.000000, 0.000000, 0.990676, 0.136243, 0.000000, -0.136243, 0.990676, -0.000000, -0.000000, 0.000000, 1.000000),
      ["Head"] = CFrame.new(0.000000, -0.000000, 0.000000, 1.000000, -0.000000, 0.000000, 0.000000, 0.893877, 0.448311, -0.000000, -0.448311, 0.893877),
      ["LeftUpperArm"] = CFrame.new(-0.063540, -0.778817, -0.072709, 0.962574, -0.216303, -0.163291, -0.069542, 0.385209, -0.920205, 0.261944, 0.897122, 0.355750),
      ["LeftUpperLeg"] = CFrame.new(-0.236251, 0.414204, -0.654673, 0.904052, 0.336904, 0.263031, -0.314115, 0.941028, -0.125689, -0.289864, 0.031007, 0.956565),
      ["LowerTorso"] = CFrame.new(0.000851, -0.591183, -1.012051, -0.999999, -0.000364, 0.001432, 0.000022, 0.965409, 0.260739, -0.001477, 0.260739, -0.965408),
      ["RightUpperArm"] = CFrame.new(0.064766, -0.779588, -0.071696, 0.956587, 0.219797, 0.191391, 0.096405, 0.381094, -0.919496, -0.275040, 0.898029, 0.343360),
      ["RightUpperLeg"] = CFrame.new(0.236256, 0.414206, -0.654673, 0.904052, -0.336904, -0.263031, 0.314115, 0.941028, -0.125689, 0.289864, 0.031007, 0.956565)
    }},
    { Time = 0.233, Data = {
      ["Balls"] = CFrame.new(0.000001, -0.000002, 0.000000, 0.901299, -0.433198, 0.000000, 0.433198, 0.901299, 0.000000, 0.000000, 0.000000, 1.000000),
      ["Cock"] = CFrame.new(0.000000, 0.000000, 0.000000, 0.991060, 0.133414, 0.000000, -0.133414, 0.991060, -0.000000, -0.000000, 0.000000, 1.000000),
      ["Head"] = CFrame.new(0.000000, -0.000000, 0.000000, 1.000000, -0.000000, 0.000000, 0.000000, 0.892881, 0.450293, -0.000000, -0.450293, 0.892881),
      ["LeftUpperArm"] = CFrame.new(-0.064652, -0.774618, -0.069993, 0.962296, -0.216796, -0.164271, -0.068771, 0.390391, -0.918077, 0.263165, 0.894759, 0.360763),
      ["LeftUpperLeg"] = CFrame.new(-0.236299, 0.411889, -0.648519, 0.903950, 0.336745, 0.263586, -0.314450, 0.941143, -0.123978, -0.289821, 0.029185, 0.956636),
      ["LowerTorso"] = CFrame.new(0.000849, -0.591771, -1.005024, -0.999999, -0.000363, 0.001432, 0.000020, 0.965997, 0.258553, -0.001477, 0.258552, -0.965996),
      ["RightUpperArm"] = CFrame.new(0.066012, -0.775386, -0.068841, 0.956282, 0.220369, 0.192255, 0.095484, 0.386103, -0.917500, -0.276419, 0.895746, 0.348182),
      ["RightUpperLeg"] = CFrame.new(0.236304, 0.411891, -0.648518, 0.903950, -0.336745, -0.263586, 0.314450, 0.941143, -0.123978, 0.289821, 0.029185, 0.956636)
    }},
    { Time = 0.250, Data = {
      ["Balls"] = CFrame.new(0.000001, -0.000002, 0.000000, 0.896761, -0.442516, 0.000000, 0.442516, 0.896761, 0.000000, 0.000000, 0.000000, 1.000000),
      ["Cock"] = CFrame.new(-0.000000, 0.000000, 0.000000, 0.991460, 0.130412, 0.000000, -0.130412, 0.991460, -0.000000, -0.000000, 0.000000, 1.000000),
      ["Head"] = CFrame.new(0.000000, 0.000000, 0.000000, 1.000000, -0.000000, 0.000000, 0.000000, 0.891920, 0.452194, -0.000000, -0.452194, 0.891920),
      ["LeftUpperArm"] = CFrame.new(-0.065817, -0.770204, -0.067105, 0.962018, -0.217268, -0.165277, -0.067968, 0.395739, -0.915844, 0.264391, 0.892292, 0.365941),
      ["LeftUpperLeg"] = CFrame.new(-0.236374, 0.409400, -0.642032, 0.903794, 0.336656, 0.264232, -0.314874, 0.941233, -0.122208, -0.289846, 0.027251, 0.956685),
      ["LowerTorso"] = CFrame.new(0.000847, -0.592399, -0.997537, -0.999999, -0.000361, 0.001433, 0.000018, 0.966625, 0.256197, -0.001477, 0.256197, -0.966624),
      ["RightUpperArm"] = CFrame.new(0.067345, -0.770943, -0.065823, 0.955944, 0.221026, 0.193179, 0.094490, 0.391369, -0.915370, -0.277925, 0.893296, 0.353242),
      ["RightUpperLeg"] = CFrame.new(0.236379, 0.409402, -0.642031, 0.903794, -0.336656, -0.264232, 0.314874, 0.941233, -0.122208, 0.289846, 0.027251, 0.956685)
    }},
    { Time = 0.267, Data = {
      ["Balls"] = CFrame.new(0.000001, -0.000002, 0.000000, 0.891920, -0.452194, 0.000000, 0.452194, 0.891920, 0.000000, 0.000000, 0.000000, 1.000000),
      ["Cock"] = CFrame.new(0.000000, 0.000000, 0.000000, 0.991861, 0.127324, 0.000000, -0.127324, 0.991861, -0.000000, -0.000000, 0.000000, 1.000000),
      ["Head"] = CFrame.new(0.000000, 0.000000, 0.000000, 1.000000, -0.000000, 0.000000, 0.000000, 0.890995, 0.454013, -0.000000, -0.454013, 0.890995),
      ["LeftUpperArm"] = CFrame.new(-0.067059, -0.765539, -0.064083, 0.961707, -0.217821, -0.166353, -0.067080, 0.401432, -0.913429, 0.265743, 0.889610, 0.371449),
      ["LeftUpperLeg"] = CFrame.new(-0.236449, 0.406776, -0.635181, 0.903638, 0.336543, 0.264908, -0.315323, 0.941332, -0.120271, -0.289843, 0.025150, 0.956744),
      ["LowerTorso"] = CFrame.new(0.000846, -0.593042, -0.989690, -0.999999, -0.000359, 0.001433, 0.000017, 0.967268, 0.253756, -0.001478, 0.253756, -0.967267),
      ["RightUpperArm"] = CFrame.new(0.068744, -0.766269, -0.062649, 0.955580, 0.221697, 0.194211, 0.093495, 0.396895, -0.913090, -0.279510, 0.890688, 0.358537),
      ["RightUpperLeg"] = CFrame.new(0.236454, 0.406778, -0.635180, 0.903638, -0.336543, -0.264908, 0.315323, 0.941332, -0.120271, 0.289843, 0.025150, 0.956744)
    }},
    { Time = 0.283, Data = {
      ["Balls"] = CFrame.new(0.000001, -0.000002, 0.000000, 0.886681, -0.462382, 0.000000, 0.462382, 0.886681, 0.000000, 0.000000, 0.000000, 1.000000),
      ["Cock"] = CFrame.new(0.000000, 0.000000, 0.000000, 0.992285, 0.123978, 0.000000, -0.123978, 0.992285, -0.000000, -0.000000, 0.000000, 1.000000),
      ["Head"] = CFrame.new(0.000000, 0.000000, 0.000000, 1.000000, -0.000000, 0.000000, 0.000000, 0.890147, 0.455674, -0.000000, -0.455674, 0.890147),
      ["LeftUpperArm"] = CFrame.new(-0.068327, -0.760651, -0.060917, 0.961403, -0.218272, -0.167514, -0.066215, 0.407385, -0.910853, 0.267056, 0.886789, 0.377208),
      ["LeftUpperLeg"] = CFrame.new(-0.236524, 0.404036, -0.627998, 0.903482, 0.336429, 0.265585, -0.315774, 0.941427, -0.118333, -0.289839, 0.023047, 0.956798),
      ["LowerTorso"] = CFrame.new(0.000844, -0.593723, -0.981412, -0.999999, -0.000357, 0.001434, 0.000015, 0.967949, 0.251146, -0.001478, 0.251145, -0.967948),
      ["RightUpperArm"] = CFrame.new(0.070203, -0.761346, -0.059342, 0.955189, 0.222369, 0.195362, 0.092481, 0.402770, -0.910617, -0.281179, 0.887879, 0.364157),
      ["RightUpperLeg"] = CFrame.new(0.236529, 0.404038, -0.627998, 0.903482, -0.336429, -0.265585, 0.315774, 0.941427, -0.118333, 0.289839, 0.023047, 0.956798)
    }},
    { Time = 0.300, Data = {
      ["Balls"] = CFrame.new(0.000001, -0.000002, 0.000000, 0.881149, -0.472839, 0.000000, 0.472839, 0.881149, 0.000000, 0.000000, 0.000000, 1.000000),
      ["Cock"] = CFrame.new(0.000000, 0.000000, 0.000000, 0.992708, 0.120544, 0.000000, -0.120544, 0.992708, -0.000000, -0.000000, 0.000000, 1.000000),
      ["Head"] = CFrame.new(0.000000, -0.000000, 0.000000, 1.000000, -0.000000, 0.000000, 0.000000, 0.889336, 0.457254, -0.000000, -0.457254, 0.889336),
      ["LeftUpperArm"] = CFrame.new(-0.069686, -0.755559, -0.057634, 0.961060, -0.218881, -0.168687, -0.065207, 0.413571, -0.908134, 0.268537, 0.883771, 0.383193),
      ["LeftUpperLeg"] = CFrame.new(-0.236599, 0.401174, -0.620491, 0.903326, 0.336290, 0.266291, -0.316250, 0.941529, -0.116228, -0.289807, 0.020777, 0.956860),
      ["LowerTorso"] = CFrame.new(0.000842, -0.594397, -0.972887, -0.999999, -0.000355, 0.001434, 0.000013, 0.968623, 0.248534, -0.001478, 0.248534, -0.968622),
      ["RightUpperArm"] = CFrame.new(0.071717, -0.756238, -0.055891, 0.954814, 0.223042, 0.196425, 0.091311, 0.408795, -0.908047, -0.282830, 0.884951, 0.369957),
      ["RightUpperLeg"] = CFrame.new(0.236604, 0.401176, -0.620490, 0.903326, -0.336290, -0.266291, 0.316250, 0.941529, -0.116228, 0.289807, 0.020777, 0.956860)
    }},
    { Time = 0.317, Data = {
      ["Balls"] = CFrame.new(0.000001, -0.000002, 0.000000, 0.875227, -0.483712, 0.000000, 0.483712, 0.875227, 0.000000, 0.000000, 0.000000, 1.000000),
      ["Cock"] = CFrame.new(0.000000, 0.000000, 0.000000, 0.993139, 0.116938, 0.000000, -0.116938, 0.993139, -0.000000, -0.000000, 0.000000, 1.000000),
      ["Head"] = CFrame.new(0.000000, -0.000000, 0.000000, 1.000000, -0.000000, 0.000000, 0.000000, 0.888563, 0.458755, -0.000000, -0.458755, 0.888563),
      ["LeftUpperArm"] = CFrame.new(-0.071066, -0.750266, -0.054232, 0.960722, -0.219387, -0.169947, -0.064221, 0.420008, -0.905245, 0.269978, 0.880603, 0.389422),
      ["LeftUpperLeg"] = CFrame.new(-0.236688, 0.398162, -0.612686, 0.903141, 0.336220, 0.267007, -0.316821, 0.941604, -0.114050, -0.289761, 0.018410, 0.956922),
      ["LowerTorso"] = CFrame.new(0.000840, -0.595107, -0.963962, -0.999999, -0.000353, 0.001435, 0.000010, 0.969333, 0.245752, -0.001478, 0.245752, -0.969332),
      ["RightUpperArm"] = CFrame.new(0.073298, -0.750928, -0.052324, 0.954387, 0.223772, 0.197667, 0.090183, 0.415068, -0.905310, -0.284628, 0.881842, 0.375955),
      ["RightUpperLeg"] = CFrame.new(0.236693, 0.398165, -0.612685, 0.903141, -0.336220, -0.267007, 0.316821, 0.941604, -0.114050, 0.289761, 0.018410, 0.956922)
    }},
    { Time = 0.333, Data = {
      ["Balls"] = CFrame.new(0.000001, -0.000002, 0.000000, 0.868985, -0.494839, 0.000000, 0.494839, 0.868985, 0.000000, 0.000000, 0.000000, 1.000000),
      ["Cock"] = CFrame.new(0.000000, 0.000000, 0.000000, 0.993567, 0.113245, 0.000000, -0.113245, 0.993567, -0.000000, -0.000000, 0.000000, 1.000000),
      ["Head"] = CFrame.new(0.000000, 0.000000, 0.000000, 1.000000, -0.000000, 0.000000, 0.000000, 0.887869, 0.460096, -0.000000, -0.460096, 0.887869),
      ["LeftUpperArm"] = CFrame.new(-0.072501, -0.744812, -0.050720, 0.960375, -0.219943, -0.171186, -0.063128, 0.426585, -0.902242, 0.271467, 0.877297, 0.395797),
      ["LeftUpperLeg"] = CFrame.new(-0.236775, 0.395093, -0.604644, 0.902960, 0.336056, 0.267825, -0.317318, 0.941707, -0.111790, -0.289781, 0.015956, 0.956960),
      ["LowerTorso"] = CFrame.new(0.000837, -0.595850, -0.954655, -0.999999, -0.000351, 0.001435, 0.000008, 0.970076, 0.242800, -0.001478, 0.242799, -0.970075),
      ["RightUpperArm"] = CFrame.new(0.074928, -0.745454, -0.048638, 0.953975, 0.224502, 0.198821, 0.088897, 0.421483, -0.902469, -0.286406, 0.878607, 0.382127),
      ["RightUpperLeg"] = CFrame.new(0.236780, 0.395095, -0.604644, 0.902960, -0.336056, -0.267825, 0.317318, 0.941707, -0.111790, 0.289781, 0.015956, 0.956960)
    }},
    { Time = 0.350, Data = {
      ["Balls"] = CFrame.new(0.000001, -0.000002, 0.000000, 0.862363, -0.506290, 0.000000, 0.506290, 0.862363, 0.000000, 0.000000, 0.000000, 1.000000),
      ["Cock"] = CFrame.new(0.000000, 0.000000, 0.000000, 0.993991, 0.109464, 0.000000, -0.109464, 0.993991, -0.000000, -0.000000, 0.000000, 1.000000),
      ["Head"] = CFrame.new(0.000000, 0.000000, 0.000000, 1.000000, -0.000000, 0.000000, 0.000000, 0.887214, 0.461358, -0.000000, -0.461358, 0.887214),
      ["LeftUpperArm"] = CFrame.new(-0.073979, -0.739182, -0.047122, 0.960003, -0.220512, -0.172534, -0.062031, 0.433397, -0.899066, 0.273030, 0.873809, 0.402384),
      ["LeftUpperLeg"] = CFrame.new(-0.236850, 0.391935, -0.596315, 0.902803, 0.335889, 0.268562, -0.317821, 0.941805, -0.109516, -0.289718, 0.013517, 0.957017),
      ["LowerTorso"] = CFrame.new(0.000835, -0.596585, -0.945151, -0.999999, -0.000349, 0.001436, 0.000006, 0.970811, 0.239846, -0.001478, 0.239846, -0.970810),
      ["RightUpperArm"] = CFrame.new(0.076604, -0.739801, -0.044860, 0.953536, 0.225243, 0.200085, 0.087604, 0.428137, -0.899458, -0.288260, 0.875194, 0.388512),
      ["RightUpperLeg"] = CFrame.new(0.236855, 0.391937, -0.596314, 0.902803, -0.335889, -0.268562, 0.317821, 0.941805, -0.109516, 0.289718, 0.013517, 0.957017)
    }},
    { Time = 0.367, Data = {
      ["Balls"] = CFrame.new(0.000001, -0.000002, 0.000000, 0.855439, -0.517903, 0.000000, 0.517903, 0.855439, 0.000000, 0.000000, 0.000000, 1.000000),
      ["Cock"] = CFrame.new(0.000000, 0.000000, 0.000000, 0.994418, 0.105511, 0.000000, -0.105511, 0.994418, -0.000000, -0.000000, 0.000000, 1.000000),
      ["Head"] = CFrame.new(0.000000, -0.000000, 0.000000, 1.000000, -0.000000, 0.000000, 0.000000, 0.886640, 0.462461, -0.000000, -0.462461, 0.886640),
      ["LeftUpperArm"] = CFrame.new(-0.075487, -0.733411, -0.043436, 0.959630, -0.221057, -0.173909, -0.060897, 0.440349, -0.895759, 0.274594, 0.870188, 0.409110),
      ["LeftUpperLeg"] = CFrame.new(-0.236951, 0.388647, -0.587787, 0.902592, 0.335780, 0.269405, -0.318427, 0.941878, -0.107100, -0.289709, 0.010882, 0.957053),
      ["LowerTorso"] = CFrame.new(0.000833, -0.597331, -0.935383, -0.999999, -0.000346, 0.001436, 0.000004, 0.971557, 0.236806, -0.001478, 0.236805, -0.971556),
      ["RightUpperArm"] = CFrame.new(0.078328, -0.734029, -0.040981, 0.953069, 0.226013, 0.201437, 0.086332, 0.434841, -0.896359, -0.290182, 0.871683, 0.394922),
      ["RightUpperLeg"] = CFrame.new(0.236956, 0.388649, -0.587786, 0.902592, -0.335780, -0.269405, 0.318427, 0.941878, -0.107100, 0.289709, 0.010882, 0.957053)
    }},
    { Time = 0.383, Data = {
      ["Balls"] = CFrame.new(0.000001, -0.000002, 0.000000, 0.848203, -0.529671, 0.000000, 0.529671, 0.848203, 0.000000, 0.000000, 0.000000, 1.000000),
      ["Cock"] = CFrame.new(0.000000, 0.000000, 0.000000, 0.994839, 0.101470, 0.000000, -0.101470, 0.994839, -0.000000, -0.000000, 0.000000, 1.000000),
      ["Head"] = CFrame.new(0.000000, 0.000000, -0.000000, 1.000000, -0.000000, 0.000000, 0.000000, 0.886105, 0.463485, -0.000000, -0.463485, 0.886105),
      ["LeftUpperArm"] = CFrame.new(-0.077042, -0.727538, -0.039669, 0.959246, -0.221659, -0.175255, -0.059668, 0.447338, -0.892373, 0.276200, 0.866462, 0.415881),
      ["LeftUpperLeg"] = CFrame.new(-0.237038, 0.385329, -0.579058, 0.902411, 0.335587, 0.270253, -0.318952, 0.941973, -0.104673, -0.289698, 0.008260, 0.957083),
      ["LowerTorso"] = CFrame.new(0.000831, -0.598087, -0.925371, -0.999999, -0.000344, 0.001437, 0.000001, 0.972314, 0.233680, -0.001478, 0.233679, -0.972313),
      ["RightUpperArm"] = CFrame.new(0.080086, -0.728103, -0.037035, 0.952618, 0.226773, 0.202715, 0.084886, 0.441769, -0.893104, -0.292085, 0.867994, 0.401587),
      ["RightUpperLeg"] = CFrame.new(0.237043, 0.385331, -0.579057, 0.902411, -0.335587, -0.270253, 0.318952, 0.941973, -0.104673, 0.289698, 0.008260, 0.957083)
    }},
    { Time = 0.400, Data = {
      ["Balls"] = CFrame.new(0.000001, -0.000002, 0.000000, 0.840644, -0.541588, 0.000000, 0.541588, 0.840644, 0.000000, 0.000000, 0.000000, 1.000000),
      ["Cock"] = CFrame.new(0.000000, 0.000000, 0.000000, 0.995251, 0.097342, 0.000000, -0.097342, 0.995251, -0.000000, -0.000000, 0.000000, 1.000000),
      ["Head"] = CFrame.new(0.000000, 0.000000, -0.000000, 1.000000, -0.000000, 0.000000, 0.000000, 0.885651, 0.464352, -0.000000, -0.464352, 0.885651),
      ["LeftUpperArm"] = CFrame.new(-0.078609, -0.721521, -0.035852, 0.958845, -0.222199, -0.176757, -0.058505, 0.454558, -0.888794, 0.277836, 0.862557, 0.422851),
      ["LeftUpperLeg"] = CFrame.new(-0.237125, 0.381942, -0.570144, 0.902229, 0.335380, 0.271116, -0.319490, 0.942067, -0.102161, -0.289672, 0.005554, 0.957110),
      ["LowerTorso"] = CFrame.new(0.000828, -0.598854, -0.915133, -0.999999, -0.000342, 0.001438, -0.000001, 0.973080, 0.230467, -0.001478, 0.230466, -0.973079),
      ["RightUpperArm"] = CFrame.new(0.081879, -0.722059, -0.033028, 0.952138, 0.227551, 0.204092, 0.083445, 0.448832, -0.889711, -0.294058, 0.864159, 0.408362),
      ["RightUpperLeg"] = CFrame.new(0.237130, 0.381944, -0.570143, 0.902229, -0.335380, -0.271116, 0.319490, 0.942067, -0.102161, 0.289672, 0.005554, 0.957110)
    }},
    { Time = 0.417, Data = {
      ["Balls"] = CFrame.new(0.000002, -0.000002, 0.000000, 0.832751, -0.553647, 0.000000, 0.553647, 0.832751, 0.000000, 0.000000, 0.000000, 1.000000),
      ["Cock"] = CFrame.new(0.000000, 0.000000, 0.000000, 0.995646, 0.093212, 0.000000, -0.093212, 0.995646, -0.000000, -0.000000, 0.000000, 1.000000),
      ["Head"] = CFrame.new(0.000000, 0.000000, 0.000000, 1.000000, -0.000000, 0.000000, 0.000000, 0.885279, 0.465060, -0.000000, -0.465060, 0.885279),
      ["LeftUpperArm"] = CFrame.new(-0.080216, -0.715426, -0.031981, 0.958434, -0.222796, -0.178229, -0.057246, 0.461810, -0.885130, 0.279512, 0.858541, 0.429860),
      ["LeftUpperLeg"] = CFrame.new(-0.237227, 0.378461, -0.561076, 0.902017, 0.335253, 0.271974, -0.320110, 0.942124, -0.099661, -0.289645, 0.002834, 0.957130),
      ["LowerTorso"] = CFrame.new(0.000826, -0.599629, -0.904687, -0.999999, -0.000339, 0.001438, -0.000004, 0.973856, 0.227168, -0.001478, 0.227167, -0.973855),
      ["RightUpperArm"] = CFrame.new(0.083696, -0.715932, -0.028960, 0.951655, 0.228313, 0.205489, 0.081977, 0.455937, -0.886228, -0.296027, 0.860229, 0.415179),
      ["RightUpperLeg"] = CFrame.new(0.237232, 0.378463, -0.561076, 0.902017, -0.335253, -0.271974, 0.320110, 0.942124, -0.099661, 0.289645, 0.002834, 0.957130)
    }},
    { Time = 0.433, Data = {
      ["Balls"] = CFrame.new(0.000002, -0.000002, 0.000000, 0.824617, -0.565692, 0.000000, 0.565692, 0.824617, 0.000000, 0.000000, 0.000000, 1.000000),
      ["Cock"] = CFrame.new(0.000000, 0.000000, 0.000000, 0.996032, 0.088996, 0.000000, -0.088996, 0.996032, -0.000000, -0.000000, 0.000000, 1.000000),
      ["Head"] = CFrame.new(0.000000, 0.000000, 0.000000, 1.000000, -0.000000, 0.000000, 0.000000, 0.884948, 0.465690, -0.000000, -0.465690, 0.884948),
      ["LeftUpperArm"] = CFrame.new(-0.081836, -0.709238, -0.028078, 0.958021, -0.223368, -0.179730, -0.055948, 0.469188, -0.881325, 0.281187, 0.854383, 0.436994),
      ["LeftUpperLeg"] = CFrame.new(-0.237314, 0.374975, -0.551881, 0.901835, 0.335043, 0.272837, -0.320649, 0.942203, -0.097149, -0.289617, 0.000128, 0.957143),
      ["LowerTorso"] = CFrame.new(0.000823, -0.600394, -0.894139, -0.999999, -0.000337, 0.001439, -0.000006, 0.974620, 0.223866, -0.001478, 0.223866, -0.974619),
      ["RightUpperArm"] = CFrame.new(0.085543, -0.709734, -0.024848, 0.951144, 0.229101, 0.206974, 0.080527, 0.463083, -0.882649, -0.298062, 0.856193, 0.422009),
      ["RightUpperLeg"] = CFrame.new(0.237320, 0.374977, -0.551880, 0.901835, -0.335043, -0.272837, 0.320649, 0.942203, -0.097149, 0.289617, 0.000128, 0.957143)
    }},
    { Time = 0.450, Data = {
      ["Balls"] = CFrame.new(0.000002, -0.000003, 0.000000, 0.816185, -0.577791, 0.000000, 0.577791, 0.816185, 0.000000, 0.000000, 0.000000, 1.000000),
      ["Cock"] = CFrame.new(0.000000, 0.000000, 0.000000, 0.996407, 0.084692, 0.000000, -0.084692, 0.996407, -0.000000, -0.000000, 0.000000, 1.000000),
      ["Head"] = CFrame.new(0.000000, 0.000000, -0.000000, 1.000000, -0.000000, 0.000000, 0.000000, 0.884699, 0.466162, -0.000000, -0.466162, 0.884699),
      ["LeftUpperArm"] = CFrame.new(-0.083469, -0.702994, -0.024145, 0.957605, -0.223923, -0.181248, -0.054625, 0.476600, -0.877421, 0.282858, 0.850124, 0.444163),
      ["LeftUpperLeg"] = CFrame.new(-0.237416, 0.371406, -0.542574, 0.901623, 0.334900, 0.273711, -0.321283, 0.942250, -0.094565, -0.289574, -0.002676, 0.957152),
      ["LowerTorso"] = CFrame.new(0.000821, -0.601146, -0.883507, -0.999999, -0.000334, 0.001439, -0.000009, 0.975373, 0.220563, -0.001478, 0.220563, -0.975372),
      ["RightUpperArm"] = CFrame.new(0.087389, -0.703454, -0.020712, 0.950655, 0.229818, 0.208420, 0.078989, 0.470355, -0.878935, -0.300027, 0.852027, 0.428992),
      ["RightUpperLeg"] = CFrame.new(0.237421, 0.371408, -0.542573, 0.901623, -0.334900, -0.273711, 0.321283, 0.942250, -0.094565, 0.289574, -0.002676, 0.957152)
    }},
    { Time = 0.467, Data = {
      ["Balls"] = CFrame.new(0.000002, -0.000003, 0.000000, 0.807501, -0.589867, 0.000000, 0.589867, 0.807501, 0.000000, 0.000000, 0.000000, 1.000000),
      ["Cock"] = CFrame.new(0.000000, 0.000000, 0.000000, 0.996771, 0.080301, 0.000000, -0.080301, 0.996771, -0.000000, -0.000000, 0.000000, 1.000000),
      ["Head"] = CFrame.new(0.000000, 0.000000, 0.000000, 1.000000, -0.000000, 0.000000, 0.000000, 0.884534, 0.466476, -0.000000, -0.466476, 0.884534),
      ["LeftUpperArm"] = CFrame.new(-0.085112, -0.696728, -0.020185, 0.957187, -0.224471, -0.182771, -0.053292, 0.483958, -0.873467, 0.284521, 0.845812, 0.451276),
      ["LeftUpperLeg"] = CFrame.new(-0.237518, 0.367803, -0.533183, 0.901411, 0.334744, 0.274599, -0.321930, 0.942293, -0.091898, -0.289515, -0.005564, 0.957157),
      ["LowerTorso"] = CFrame.new(0.000819, -0.601907, -0.872727, -0.999999, -0.000332, 0.001440, -0.000011, 0.976133, 0.217174, -0.001478, 0.217173, -0.976132),
      ["RightUpperArm"] = CFrame.new(0.089278, -0.697154, -0.016554, 0.950129, 0.230644, 0.209899, 0.077411, 0.477567, -0.875178, -0.302096, 0.847781, 0.435896),
      ["RightUpperLeg"] = CFrame.new(0.237523, 0.367805, -0.533182, 0.901411, -0.334744, -0.274599, 0.321930, 0.942293, -0.091898, 0.289515, -0.005564, 0.957157)
    }},
    { Time = 0.483, Data = {
      ["Balls"] = CFrame.new(0.000002, -0.000003, 0.000000, 0.798616, -0.601840, 0.000000, 0.601840, 0.798616, 0.000000, 0.000000, 0.000000, 1.000000),
      ["Cock"] = CFrame.new(0.000000, 0.000000, 0.000000, 0.997108, 0.075995, 0.000000, -0.075995, 0.997108, -0.000000, -0.000000, 0.000000, 1.000000),
      ["Head"] = CFrame.new(0.000000, 0.000000, 0.000000, 1.000000, -0.000000, 0.000000, 0.000000, 0.884409, 0.466712, -0.000000, -0.466712, 0.884409),
      ["LeftUpperArm"] = CFrame.new(-0.086756, -0.690407, -0.016235, 0.956767, -0.224992, -0.184323, -0.051919, 0.491434, -0.869366, 0.286183, 0.841350, 0.458507),
      ["LeftUpperLeg"] = CFrame.new(-0.237605, 0.364229, -0.523746, 0.901228, 0.334516, 0.275476, -0.322484, 0.942353, -0.089302, -0.289469, -0.008355, 0.957151),
      ["LowerTorso"] = CFrame.new(0.000816, -0.602655, -0.861905, -0.999999, -0.000329, 0.001440, -0.000014, 0.976881, 0.213782, -0.001478, 0.213782, -0.976881),
      ["RightUpperArm"] = CFrame.new(0.091141, -0.690819, -0.012385, 0.949634, 0.231337, 0.211371, 0.075834, 0.484821, -0.871319, -0.304045, 0.843464, 0.442860),
      ["RightUpperLeg"] = CFrame.new(0.237611, 0.364231, -0.523745, 0.901228, -0.334516, -0.275476, 0.322484, 0.942353, -0.089302, 0.289469, -0.008355, 0.957151)
    }},
    { Time = 0.500, Data = {
      ["Balls"] = CFrame.new(0.000002, -0.000003, 0.000000, 0.789476, -0.613782, 0.000000, 0.613782, 0.789476, 0.000000, 0.000000, 0.000000, 1.000000),
      ["Cock"] = CFrame.new(0.000000, 0.000000, 0.000000, 0.997433, 0.071601, 0.000000, -0.071601, 0.997433, -0.000000, -0.000000, 0.000000, 1.000000),
      ["Head"] = CFrame.new(0.000000, -0.000000, 0.000000, 1.000000, -0.000000, 0.000000, 0.000000, 0.884368, 0.466791, -0.000000, -0.466791, 0.884368),
      ["LeftUpperArm"] = CFrame.new(-0.088403, -0.684089, -0.012286, 0.956345, -0.225506, -0.185879, -0.050536, 0.498854, -0.865212, 0.287837, 0.836835, 0.465680),
      ["LeftUpperLeg"] = CFrame.new(-0.237707, 0.360599, -0.514276, 0.901016, 0.334355, 0.276365, -0.323132, 0.942380, -0.086635, -0.289407, -0.011243, 0.957140),
