return {
  ["Astros Doggy 2"] = {
    { Time = 0.000, Data = {
      ["Balls"] = CFrame.new(0.366311, -0.038254, -0.077692, 1.000000, 0.000000, 0.000000, 0.000000, 1.000000, 0.000000, 0.000000, 0.000000, 1.000000),
      ["Cock"] = CFrame.new(-0.124148, -0.430088, 0.000000, 0.186668, -0.982423, 0.000000, 0.982423, 0.186668, 0.000000, 0.000000, 0.000000, 1.000000),
      ["Head"] = CFrame.new(-0.068855, 0.127921, 0.157085, 0.928404, -0.148090, -0.340786, -0.094756, 0.792465, -0.602511, 0.359287, 0.591665, 0.721696),
      ["LeftUpperArm"] = CFrame.new(-0.010620, -0.517041, -0.301608, 0.963792, 0.254848, 0.078469, 0.249957, -0.965934, 0.067024, 0.092877, -0.044984, -0.994661),
      ["LeftUpperLeg"] = CFrame.new(-0.923947, 0.467107, -0.116535, 0.752747, -0.157408, 0.639214, 0.167761, 0.984802, 0.044953, -0.636575, 0.073397, 0.767714),
      ["LowerTorso"] = CFrame.new(-2.831572, -0.604316, 0.338591, 0.128085, 0.985042, -0.115263, 0.440552, 0.047613, 0.896463, 0.888542, -0.165603, -0.427864),
      ["RightUpperArm"] = CFrame.new(-0.386361, -0.329219, -0.489600, 0.545989, -0.392146, -0.740350, -0.392146, -0.900531, 0.187793, -0.740350, 0.187793, -0.645458),
      ["RightUpperLeg"] = CFrame.new(0.458472, 0.669051, -0.510140, 0.965594, 0.191541, -0.175899, -0.244020, 0.901184, -0.358219, 0.089904, 0.388817, 0.916918)
    }},
    { Time = 0.017, Data = {
      ["Cock"] = CFrame.new(-0.124148, -0.430088, 0.000000, 0.186778, -0.982402, 0.000066, 0.982402, 0.186778, 0.000055, -0.000066, 0.000055, 1.000000),
      ["Head"] = CFrame.new(-0.068855, 0.127921, 0.157086, 0.928404, -0.148106, -0.340779, -0.094772, 0.792410, -0.602582, 0.359283, 0.591736, 0.721640),
      ["LeftUpperArm"] = CFrame.new(-0.010659, -0.517074, -0.301696, 0.963814, 0.254771, 0.078450, 0.249865, -0.965947, 0.067192, 0.092897, -0.045158, -0.994651),
      ["LeftUpperLeg"] = CFrame.new(-0.924060, 0.467151, -0.116663, 0.752688, -0.157405, 0.639284, 0.167759, 0.984802, 0.044961, -0.636646, 0.073404, 0.767655),
      ["LowerTorso"] = CFrame.new(-2.831497, -0.604316, 0.338591, 0.128085, 0.985042, -0.115263, 0.440552, 0.047613, 0.896463, 0.888542, -0.165603, -0.427864),
      ["RightUpperArm"] = CFrame.new(-0.386367, -0.329290, -0.489624, 0.545989, -0.392183, -0.740331, -0.392110, -0.900531, 0.187869, -0.740369, 0.187717, -0.645458),
      ["RightUpperLeg"] = CFrame.new(0.458477, 0.668973, -0.510140, 0.965594, 0.191533, -0.175908, -0.244024, 0.901151, -0.358300, 0.089893, 0.388898, 0.916885)
    }},
    { Time = 0.033, Data = {
      ["Cock"] = CFrame.new(-0.124149, -0.430088, 0.000000, 0.186998, -0.982360, 0.000078, 0.982360, 0.186998, 0.000177, -0.000188, 0.000044, 1.000000),
      ["Head"] = CFrame.new(-0.068855, 0.127921, 0.157085, 0.928339, -0.148208, -0.340912, -0.094879, 0.792243, -0.602784, 0.359423, 0.591933, 0.721408),
      ["LeftUpperArm"] = CFrame.new(-0.010756, -0.517170, -0.301914, 0.963858, 0.254616, 0.078411, 0.249681, -0.965971, 0.067527, 0.092937, -0.045508, -0.994632),
      ["LeftUpperLeg"] = CFrame.new(-0.924376, 0.467321, -0.117011, 0.752555, -0.157478, 0.639422, 0.167835, 0.984787, 0.045006, -0.636782, 0.073448, 0.767537),
      ["LowerTorso"] = CFrame.new(-2.831279, -0.604041, 0.338621, 0.128231, 0.985051, -0.115029, 0.440541, 0.047338, 0.896484, 0.888527, -0.165632, -0.427885),
      ["RightUpperArm"] = CFrame.new(-0.386372, -0.329502, -0.489675, 0.545916, -0.392246, -0.740351, -0.392028, -0.900531, 0.188040, -0.740466, 0.187584, -0.645386),
      ["RightUpperLeg"] = CFrame.new(0.458509, 0.668821, -0.510130, 0.965555, 0.191684, -0.175957, -0.244198, 0.901046, -0.358446, 0.089837, 0.389068, 0.916818)
    }},
    { Time = 0.050, Data = {
      ["Cock"] = CFrame.new(-0.124149, -0.430088, 0.000000, 0.187438, -0.982276, 0.000168, 0.982276, 0.187438, 0.000475, -0.000498, 0.000076, 1.000000),
      ["Head"] = CFrame.new(-0.068855, 0.127921, 0.157086, 0.928276, -0.148247, -0.341066, -0.095082, 0.792023, -0.603041, 0.359531, 0.592218, 0.721121),
      ["LeftUpperArm"] = CFrame.new(-0.010951, -0.517337, -0.302305, 0.963960, 0.254225, 0.078423, 0.249225, -0.966041, 0.068204, 0.093099, -0.046201, -0.994584),
      ["LeftUpperLeg"] = CFrame.new(-0.924917, 0.467577, -0.117616, 0.752305, -0.157545, 0.639701, 0.167907, 0.984772, 0.045066, -0.637059, 0.073507, 0.767302),
      ["LowerTorso"] = CFrame.new(-2.830921, -0.603766, 0.338580, 0.128323, 0.985071, -0.114755, 0.440466, 0.047063, 0.896535, 0.888551, -0.165592, -0.427850),
      ["RightUpperArm"] = CFrame.new(-0.386379, -0.329858, -0.489755, 0.545843, -0.392346, -0.740351, -0.391910, -0.900531, 0.188287, -0.740582, 0.187376, -0.645313),
      ["RightUpperLeg"] = CFrame.new(0.458545, 0.668505, -0.510078, 0.965528, 0.191835, -0.175939, -0.244364, 0.900875, -0.358764, 0.089676, 0.389390, 0.916697)
    }},
    { Time = 0.067, Data = {
      ["Cock"] = CFrame.new(-0.124149, -0.430088, 0.000000, 0.188098, -0.982150, 0.000257, 0.982150, 0.188098, 0.000773, -0.000807, 0.000107, 1.000000),
      ["Head"] = CFrame.new(-0.068855, 0.127921, 0.157085, 0.928146, -0.148468, -0.341325, -0.095311, 0.791634, -0.603516, 0.359807, 0.592683, 0.720601),
      ["LeftUpperArm"] = CFrame.new(-0.011182, -0.517560, -0.302851, 0.964070, 0.253842, 0.078316, 0.248760, -0.966095, 0.069127, 0.093208, -0.047161, -0.994529),
      ["LeftUpperLeg"] = CFrame.new(-0.925654, 0.467905, -0.118447, 0.751996, -0.157638, 0.640041, 0.167947, 0.984759, 0.045215, -0.637414, 0.073492, 0.767009),
      ["LowerTorso"] = CFrame.new(-2.830420, -0.603215, 0.338569, 0.128560, 0.985099, -0.114248, 0.440379, 0.046513, 0.896607, 0.888560, -0.165580, -0.427837),
      ["RightUpperArm"] = CFrame.new(-0.386397, -0.330354, -0.489885, 0.545770, -0.392519, -0.740313, -0.391719, -0.900530, 0.188685, -0.740737, 0.187016, -0.645239),
      ["RightUpperLeg"] = CFrame.new(0.458605, 0.668081, -0.510066, 0.965470, 0.192045, -0.176030, -0.244632, 0.900650, -0.359144, 0.089569, 0.389805, 0.916531)
    }},
    { Time = 0.083, Data = {
      ["Cock"] = CFrame.new(-0.124148, -0.430088, 0.000000, 0.188867, -0.982003, 0.000425, 0.982002, 0.188868, 0.001247, -0.001305, 0.000182, 0.999999),
      ["Head"] = CFrame.new(-0.068855, 0.127921, 0.157085, 0.928018, -0.148642, -0.341597, -0.095654, 0.791135, -0.604116, 0.360046, 0.593305, 0.719969),
      ["LeftUpperArm"] = CFrame.new(-0.011513, -0.517857, -0.303526, 0.964237, 0.253216, 0.078282, 0.248031, -0.966204, 0.070221, 0.093417, -0.048293, -0.994455),
      ["LeftUpperLeg"] = CFrame.new(-0.926595, 0.468376, -0.119494, 0.751612, -0.157777, 0.640458, 0.168095, 0.984729, 0.045321, -0.637827, 0.073594, 0.766655),
      ["LowerTorso"] = CFrame.new(-2.829770, -0.602665, 0.338558, 0.128798, 0.985127, -0.113740, 0.440291, 0.045963, 0.896678, 0.888569, -0.165569, -0.427823),
      ["RightUpperArm"] = CFrame.new(-0.386416, -0.330992, -0.490040, 0.545625, -0.392718, -0.740315, -0.391482, -0.900529, 0.189179, -0.740969, 0.186599, -0.645093),
      ["RightUpperLeg"] = CFrame.new(0.458687, 0.667577, -0.509995, 0.965385, 0.192421, -0.176085, -0.245058, 0.900320, -0.359680, 0.089323, 0.390381, 0.916310)
    }},
    { Time = 0.100, Data = {
      ["Cock"] = CFrame.new(-0.124148, -0.430089, 0.000000, 0.189856, -0.981812, 0.000539, 0.981810, 0.189857, 0.001788, -0.001858, 0.000190, 0.999998),
      ["Head"] = CFrame.new(-0.068855, 0.127921, 0.157086, 0.927857, -0.148859, -0.341940, -0.096043, 0.790580, -0.604781, 0.360358, 0.593991, 0.719248),
      ["LeftUpperArm"] = CFrame.new(-0.011900, -0.518213, -0.304375, 0.964426, 0.252519, 0.078208, 0.247202, -0.966311, 0.071653, 0.093667, -0.049771, -0.994359),
      ["LeftUpperLeg"] = CFrame.new(-0.927762, 0.468932, -0.120797, 0.751110, -0.157910, 0.641014, 0.168238, 0.984698, 0.045442, -0.638381, 0.073711, 0.766183),
      ["LowerTorso"] = CFrame.new(-2.828973, -0.601841, 0.338575, 0.129180, 0.985162, -0.112998, 0.440191, 0.045139, 0.896769, 0.888563, -0.165586, -0.427829),
      ["RightUpperArm"] = CFrame.new(-0.386445, -0.331773, -0.490243, 0.545480, -0.392991, -0.740277, -0.391172, -0.900528, 0.189825, -0.741240, 0.186030, -0.644947),
      ["RightUpperLeg"] = CFrame.new(0.458778, 0.666916, -0.509930, 0.965299, 0.192790, -0.176150, -0.245488, 0.899957, -0.360297, 0.089066, 0.391037, 0.916055)
    }},
    { Time = 0.117, Data = {
      ["Cock"] = CFrame.new(-0.124148, -0.430088, -0.000000, 0.191063, -0.981578, 0.000732, 0.981575, 0.191064, 0.002505, -0.002599, 0.000240, 0.999997),
      ["Head"] = CFrame.new(-0.068855, 0.127921, 0.157085, 0.927663, -0.149136, -0.342345, -0.096493, 0.789912, -0.605581, 0.360736, 0.594809, 0.718381),
      ["LeftUpperArm"] = CFrame.new(-0.012366, -0.518636, -0.305377, 0.964658, 0.251663, 0.078108, 0.246191, -0.966443, 0.073335, 0.093943, -0.051514, -0.994244),
      ["LeftUpperLeg"] = CFrame.new(-0.929161, 0.469599, -0.122359, 0.750474, -0.158146, 0.641699, 0.168428, 0.984655, 0.045689, -0.639078, 0.073792, 0.765594),
      ["LowerTorso"] = CFrame.new(-2.828026, -0.601016, 0.338592, 0.129563, 0.985196, -0.112257, 0.440091, 0.044315, 0.896859, 0.888557, -0.165603, -0.427835),
      ["RightUpperArm"] = CFrame.new(-0.386477, -0.332694, -0.490480, 0.545334, -0.393300, -0.740221, -0.390826, -0.900527, 0.190546, -0.741530, 0.185386, -0.644800),
      ["RightUpperLeg"] = CFrame.new(0.458888, 0.666139, -0.509858, 0.965194, 0.193226, -0.176248, -0.246008, 0.899506, -0.361067, 0.088769, 0.391858, 0.915733)
    }},
    { Time = 0.133, Data = {
      ["Cock"] = CFrame.new(-0.124148, -0.430088, 0.000000, 0.192379, -0.981320, 0.000926, 0.981315, 0.192381, 0.003222, -0.003340, 0.000289, 0.999994),
      ["Head"] = CFrame.new(-0.068855, 0.127921, 0.157086, 0.927436, -0.149474, -0.342812, -0.097006, 0.789131, -0.606517, 0.361182, 0.595760, 0.717368),
      ["LeftUpperArm"] = CFrame.new(-0.012911, -0.519123, -0.306533, 0.964932, 0.250650, 0.077984, 0.245000, -0.966598, 0.075266, 0.094245, -0.053521, -0.994110),
      ["LeftUpperLeg"] = CFrame.new(-0.930757, 0.470368, -0.124138, 0.749779, -0.158349, 0.642462, 0.168645, 0.984609, 0.045863, -0.639837, 0.073961, 0.764944),
      ["LowerTorso"] = CFrame.new(-2.826935, -0.599917, 0.338638, 0.130090, 0.985238, -0.111281, 0.439977, 0.043217, 0.896968, 0.888536, -0.165648, -0.427860),
      ["RightUpperArm"] = CFrame.new(-0.386526, -0.333748, -0.490728, 0.545077, -0.393707, -0.740193, -0.390505, -0.900485, 0.191399, -0.741887, 0.184722, -0.644578),
      ["RightUpperLeg"] = CFrame.new(0.459017, 0.665247, -0.509782, 0.965069, 0.193737, -0.176372, -0.246615, 0.899001, -0.361909, 0.088443, 0.392763, 0.915377)
    }},
    { Time = 0.150, Data = {
      ["Cock"] = CFrame.new(-0.124148, -0.430088, 0.000000, 0.193911, -0.981018, 0.001255, 0.981010, 0.193915, 0.004048, -0.004214, 0.000446, 0.999991),
      ["Head"] = CFrame.new(-0.068855, 0.127921, 0.157085, 0.927143, -0.149900, -0.343418, -0.097610, 0.788236, -0.607582, 0.361771, 0.596837, 0.716176),
      ["LeftUpperArm"] = CFrame.new(-0.013511, -0.519670, -0.307838, 0.965218, 0.249565, 0.077918, 0.243708, -0.966751, 0.077461, 0.094659, -0.055777, -0.993946),
      ["LeftUpperLeg"] = CFrame.new(-0.932557, 0.471249, -0.126141, 0.749008, -0.158658, 0.643285, 0.168910, 0.984550, 0.046156, -0.640669, 0.074086, 0.764234),
      ["LowerTorso"] = CFrame.new(-2.825710, -0.598745, 0.338586, 0.130563, 0.985297, -0.110198, 0.439862, 0.042045, 0.897080, 0.888524, -0.165597, -0.427906),
      ["RightUpperArm"] = CFrame.new(-0.386566, -0.334952, -0.491033, 0.544786, -0.394107, -0.740195, -0.390030, -0.900480, 0.192386, -0.742351, 0.183889, -0.644282),
      ["RightUpperLeg"] = CFrame.new(0.459148, 0.664191, -0.509665, 0.964956, 0.194249, -0.176429, -0.247213, 0.898428, -0.362923, 0.088011, 0.393821, 0.914964)
    }},
    { Time = 0.167, Data = {
      ["Cock"] = CFrame.new(-0.124148, -0.430089, 0.000000, 0.195661, -0.980670, 0.001543, 0.980658, 0.195666, 0.005061, -0.005265, 0.000523, 0.999986),
      ["Head"] = CFrame.new(-0.068855, 0.127921, 0.157085, 0.926849, -0.150359, -0.344010, -0.098249, 0.787227, -0.608786, 0.362350, 0.598051, 0.714869),
      ["LeftUpperArm"] = CFrame.new(-0.014190, -0.520280, -0.309322, 0.965554, 0.248322, 0.077733, 0.242234, -0.966916, 0.079980, 0.095022, -0.058395, -0.993761),
      ["LeftUpperLeg"] = CFrame.new(-0.934584, 0.472232, -0.128396, 0.748117, -0.158930, 0.644254, 0.169200, 0.984490, 0.046384, -0.641633, 0.074307, 0.763404),
      ["LowerTorso"] = CFrame.new(-2.824332, -0.597373, 0.338591, 0.131179, 0.985354, -0.108950, 0.439671, 0.040674, 0.897237, 0.888528, -0.165601, -0.427896),
      ["RightUpperArm"] = CFrame.new(-0.386611, -0.336299, -0.491373, 0.544568, -0.394552, -0.740118, -0.389527, -0.900474, 0.193429, -0.742775, 0.182961, -0.644058),
      ["RightUpperLeg"] = CFrame.new(0.459315, 0.663069, -0.509578, 0.964791, 0.194902, -0.176612, -0.247996, 0.897780, -0.363991, 0.087616, 0.394974, 0.914505)
    }},
    { Time = 0.183, Data = {
      ["Cock"] = CFrame.new(-0.124148, -0.430088, -0.000000, 0.197517, -0.980298, 0.001833, 0.980279, 0.197524, 0.006074, -0.006316, 0.000597, 0.999980),
      ["Head"] = CFrame.new(-0.068855, 0.127921, 0.157085, 0.926525, -0.150799, -0.344691, -0.099031, 0.786105, -0.610108, 0.362967, 0.599415, 0.713412),
      ["LeftUpperArm"] = CFrame.new(-0.014948, -0.520955, -0.310934, 0.965922, 0.246920, 0.077622, 0.240578, -0.967103, 0.082673, 0.095482, -0.061182, -0.993549),
      ["LeftUpperLeg"] = CFrame.new(-0.936807, 0.473286, -0.130876, 0.747165, -0.159228, 0.645284, 0.169458, 0.984430, 0.046701, -0.642673, 0.074455, 0.762514),
      ["LowerTorso"] = CFrame.new(-2.822803, -0.596002, 0.338595, 0.131794, 0.985409, -0.107702, 0.439478, 0.039304, 0.897393, 0.888532, -0.165604, -0.427886),
      ["RightUpperArm"] = CFrame.new(-0.386655, -0.337787, -0.491738, 0.544276, -0.395025, -0.740080, -0.388978, -0.900467, 0.194568, -0.743276, 0.181976, -0.643759),
      ["RightUpperLeg"] = CFrame.new(0.459494, 0.661824, -0.509440, 0.964617, 0.195639, -0.176746, -0.248853, 0.897042, -0.365222, 0.087097, 0.396284, 0.913988)
    }},
    { Time = 0.200, Data = {
      ["Cock"] = CFrame.new(-0.124148, -0.430088, 0.000000, 0.199478, -0.979900, 0.002204, 0.979873, 0.199489, 0.007262, -0.007556, 0.000711, 0.999971),
      ["Head"] = CFrame.new(-0.068855, 0.127921, 0.157085, 0.926199, -0.151257, -0.345365, -0.099831, 0.784924, -0.611496, 0.363578, 0.600846, 0.711896),
      ["LeftUpperArm"] = CFrame.new(-0.015785, -0.521693, -0.312699, 0.966330, 0.245360, 0.077491, 0.238741, -0.967302, 0.085616, 0.095964, -0.064233, -0.993311),
      ["LeftUpperLeg"] = CFrame.new(-0.939265, 0.474465, -0.133610, 0.746076, -0.159599, 0.646450, 0.169791, 0.984356, 0.047064, -0.643848, 0.074648, 0.761503),
      ["LowerTorso"] = CFrame.new(-2.821124, -0.594358, 0.338626, 0.132554, 0.985468, -0.106221, 0.439270, 0.037661, 0.897565, 0.888522, -0.165635, -0.427894),
      ["RightUpperArm"] = CFrame.new(-0.386708, -0.339415, -0.492148, 0.543912, -0.395562, -0.740061, -0.388346, -0.900455, 0.195877, -0.743873, 0.180860, -0.643383),
      ["RightUpperLeg"] = CFrame.new(0.459693, 0.660463, -0.509294, 0.964423, 0.196442, -0.176915, -0.249799, 0.896215, -0.366606, 0.086537, 0.397756, 0.913401)
    }},
    { Time = 0.217, Data = {
      ["Cock"] = CFrame.new(-0.124148, -0.430088, 0.000000, 0.201762, -0.979431, 0.002646, 0.979394, 0.201778, 0.008504, -0.008863, 0.000876, 0.999960),
      ["Head"] = CFrame.new(-0.068855, 0.127921, 0.157085, 0.925804, -0.151902, -0.346140, -0.100662, 0.783567, -0.613099, 0.364355, 0.602453, 0.710138),
      ["LeftUpperArm"] = CFrame.new(-0.016678, -0.522487, -0.314617, 0.966756, 0.243724, 0.077337, 0.236805, -0.967490, 0.088811, 0.096468, -0.067545, -0.993042),
      ["LeftUpperLeg"] = CFrame.new(-0.941921, 0.475731, -0.136565, 0.744926, -0.159966, 0.647685, 0.170122, 0.984281, 0.047436, -0.645092, 0.074849, 0.760430),
      ["LowerTorso"] = CFrame.new(-2.819304, -0.592716, 0.338588, 0.133256, 0.985536, -0.104702, 0.438997, 0.036019, 0.897766, 0.888552, -0.165597, -0.427848),
      ["RightUpperArm"] = CFrame.new(-0.386781, -0.341176, -0.492576, 0.543509, -0.396207, -0.740012, -0.387747, -0.900403, 0.197298, -0.744480, 0.179704, -0.643005),
      ["RightUpperLeg"] = CFrame.new(0.459901, 0.658944, -0.509158, 0.964228, 0.197245, -0.177085, -0.250745, 0.895383, -0.367988, 0.085975, 0.399228, 0.912812)
    }},
    { Time = 0.233, Data = {
      ["Cock"] = CFrame.new(-0.124148, -0.430088, 0.000000, 0.204151, -0.978935, 0.003037, 0.978886, 0.204171, 0.009811, -0.010225, 0.000970, 0.999947),
      ["Head"] = CFrame.new(-0.068855, 0.127921, 0.157085, 0.925377, -0.152513, -0.347012, -0.101620, 0.782151, -0.614747, 0.365173, 0.604136, 0.708286),
      ["LeftUpperArm"] = CFrame.new(-0.017650, -0.523342, -0.316710, 0.967220, 0.241934, 0.077154, 0.234682, -0.967676, 0.092341, 0.097000, -0.071207, -0.992734),
      ["LeftUpperLeg"] = CFrame.new(-0.944803, 0.477083, -0.139775, 0.743654, -0.160326, 0.649057, 0.170447, 0.984206, 0.047824, -0.646473, 0.075066, 0.759235),
      ["LowerTorso"] = CFrame.new(-2.817324, -0.590801, 0.338645, 0.134156, 0.985594, -0.102988, 0.438771, 0.034106, 0.897952, 0.888528, -0.165654, -0.427874),
      ["RightUpperArm"] = CFrame.new(-0.386848, -0.343087, -0.493066, 0.543144, -0.396854, -0.739933, -0.387003, -0.900386, 0.198833, -0.745133, 0.178361, -0.642623),
      ["RightUpperLeg"] = CFrame.new(0.460132, 0.657344, -0.508957, 0.964003, 0.198207, -0.177232, -0.251850, 0.894406, -0.369607, 0.085259, 0.400938, 0.912129)
    }},
    { Time = 0.250, Data = {
      ["Cock"] = CFrame.new(-0.124148, -0.430088, 0.000000, 0.206751, -0.978387, 0.003512, 0.978323, 0.206778, 0.011293, -0.011775, 0.001101, 0.999930),
      ["Head"] = CFrame.new(-0.068855, 0.127921, 0.157085, 0.924918, -0.153108, -0.347974, -0.102723, 0.780618, -0.616509, 0.366027, 0.605965, 0.706280),
      ["LeftUpperArm"] = CFrame.new(-0.018679, -0.524252, -0.318934, 0.967701, 0.240065, 0.076961, 0.232464, -0.967852, 0.096037, 0.097542, -0.075045, -0.992398),
      ["LeftUpperLeg"] = CFrame.new(-0.947892, 0.478562, -0.143204, 0.742302, -0.160762, 0.650494, 0.170850, 0.984115, 0.048250, -0.647918, 0.075321, 0.757977),
      ["LowerTorso"] = CFrame.new(-2.815208, -0.588814, 0.338605, 0.134999, 0.985667, -0.101168, 0.438541, 0.032120, 0.898137, 0.888514, -0.165614, -0.427919),
      ["RightUpperArm"] = CFrame.new(-0.386907, -0.345138, -0.493565, 0.542779, -0.397501, -0.739854, -0.386258, -0.900365, 0.200369, -0.745786, 0.177018, -0.642237),
      ["RightUpperLeg"] = CFrame.new(0.460378, 0.655595, -0.508802, 0.963766, 0.199143, -0.177474, -0.252974, 0.893390, -0.371293, 0.084613, 0.402736, 0.911397)
    }},
    { Time = 0.267, Data = {
      ["Cock"] = CFrame.new(-0.124148, -0.430088, -0.000000, 0.209452, -0.977811, 0.004005, 0.977727, 0.209487, 0.012895, -0.013448, 0.001215, 0.999909),
      ["Head"] = CFrame.new(-0.068855, 0.127921, 0.157085, 0.924454, -0.153818, -0.348890, -0.103783, 0.778963, -0.618422, 0.366897, 0.607912, 0.704152),
      ["LeftUpperArm"] = CFrame.new(-0.019785, -0.525220, -0.321330, 0.968211, 0.238043, 0.076829, 0.230055, -0.968019, 0.100078, 0.098195, -0.079222, -0.992009),
      ["LeftUpperLeg"] = CFrame.new(-0.951217, 0.480166, -0.146886, 0.740812, -0.161271, 0.652066, 0.171327, 0.984009, 0.048724, -0.649496, 0.075621, 0.756595),
      ["LowerTorso"] = CFrame.new(-2.812933, -0.586631, 0.338619, 0.135983, 0.985734, -0.099183, 0.438231, 0.029938, 0.898364, 0.888517, -0.165628, -0.427908),
      ["RightUpperArm"] = CFrame.new(-0.386985, -0.347332, -0.494128, 0.542341, -0.398249, -0.739773, -0.385392, -0.900339, 0.202150, -0.746552, 0.175468, -0.641772),
      ["RightUpperLeg"] = CFrame.new(0.460639, 0.653720, -0.508602, 0.963519, 0.200171, -0.177660, -0.254166, 0.892314, -0.373061, 0.083852, 0.404607, 0.910638)
    }},
    { Time = 0.283, Data = {
      ["Cock"] = CFrame.new(-0.124148, -0.430088, -0.000000, 0.212363, -0.977180, 0.004504, 0.977074, 0.212407, 0.014495, -0.015121, 0.001322, 0.999885),
      ["Head"] = CFrame.new(-0.068855, 0.127921, 0.157085, 0.923922, -0.154621, -0.349942, -0.104939, 0.777186, -0.620459, 0.367906, 0.609979, 0.701834),
      ["LeftUpperArm"] = CFrame.new(-0.020971, -0.526246, -0.323880, 0.968756, 0.235863, 0.076683, 0.227461, -0.968178, 0.104368, 0.098860, -0.083665, -0.991578),
      ["LeftUpperLeg"] = CFrame.new(-0.954733, 0.481817, -0.150789, 0.739272, -0.161696, 0.653706, 0.171721, 0.983917, 0.049176, -0.651144, 0.075901, 0.755149),
      ["LowerTorso"] = CFrame.new(-2.810515, -0.584449, 0.338564, 0.136910, 0.985807, -0.097161, 0.437855, 0.027758, 0.898617, 0.888560, -0.165572, -0.427840),
      ["RightUpperArm"] = CFrame.new(-0.387072, -0.349654, -0.494687, 0.541791, -0.399060, -0.739739, -0.384585, -0.900269, 0.203986, -0.747367, 0.173975, -0.641230),
      ["RightUpperLeg"] = CFrame.new(0.460935, 0.651780, -0.508425, 0.963218, 0.201330, -0.177983, -0.255546, 0.891123, -0.374961, 0.083113, 0.406652, 0.909795)
    }},
    { Time = 0.300, Data = {
      ["Cock"] = CFrame.new(-0.124148, -0.430089, -0.000000, 0.215481, -0.976495, 0.005089, 0.976360, 0.215536, 0.016268, -0.016983, 0.001464, 0.999855),
      ["Head"] = CFrame.new(-0.068855, 0.127921, 0.157085, 0.923357, -0.155410, -0.351083, -0.106241, 0.775289, -0.622607, 0.368950, 0.612189, 0.699358),
      ["LeftUpperArm"] = CFrame.new(-0.022236, -0.527330, -0.326564, 0.969343, 0.233516, 0.076452, 0.224691, -0.968336, 0.108811, 0.099440, -0.088297, -0.991119),
      ["LeftUpperLeg"] = CFrame.new(-0.958455, 0.483594, -0.154911, 0.737652, -0.162196, 0.655410, 0.172192, 0.983810, 0.049668, -0.652855, 0.076219, 0.753638),
      ["LowerTorso"] = CFrame.new(-2.807931, -0.581998, 0.338603, 0.138031, 0.985867, -0.094945, 0.437522, 0.025308, 0.898851, 0.888550, -0.165610, -0.427845),
      ["RightUpperArm"] = CFrame.new(-0.387154, -0.352128, -0.495310, 0.541352, -0.399882, -0.739617, -0.383642, -0.900231, 0.205918, -0.748169, 0.172274, -0.640753),
      ["RightUpperLeg"] = CFrame.new(0.461235, 0.649674, -0.508210, 0.962926, 0.202498, -0.178234, -0.256911, 0.889890, -0.376951, 0.082277, 0.408766, 0.908923)
    }},
    { Time = 0.317, Data = {
      ["Cock"] = CFrame.new(-0.124148, -0.430089, -0.000000, 0.218805, -0.975752, 0.005750, 0.975585, 0.218874, 0.018093, -0.018913, 0.001651, 0.999820),
      ["Head"] = CFrame.new(-0.068855, 0.127921, 0.157086, 0.922790, -0.156237, -0.352206, -0.107582, 0.773267, -0.624887, 0.369980, 0.614531, 0.696755),
      ["LeftUpperArm"] = CFrame.new(-0.023557, -0.528463, -0.329419, 0.969935, 0.231101, 0.076281, 0.221813, -0.968449, 0.113600, 0.100128, -0.093265, -0.990594),
      ["LeftUpperLeg"] = CFrame.new(-0.962415, 0.485481, -0.159290, 0.735889, -0.162799, 0.657239, 0.172706, 0.983689, 0.050287, -0.654706, 0.076504, 0.752002),
      ["LowerTorso"] = CFrame.new(-2.805210, -0.579476, 0.338544, 0.139093, 0.985938, -0.092624, 0.437184, 0.022787, 0.899083, 0.888551, -0.165550, -0.427867),
      ["RightUpperArm"] = CFrame.new(-0.387246, -0.354740, -0.495979, 0.540840, -0.400768, -0.739512, -0.382614, -0.900186, 0.208020, -0.749066, 0.170442, -0.640196),
      ["RightUpperLeg"] = CFrame.new(0.461549, 0.647443, -0.507943, 0.962624, 0.203750, -0.178440, -0.258347, 0.888559, -0.379103, 0.081312, 0.411033, 0.907987)
    }},
    { Time = 0.333, Data = {
      ["Cock"] = CFrame.new(-0.124148, -0.430088, 0.000000, 0.222226, -0.974975, 0.006310, 0.974770, 0.222309, 0.020050, -0.020951, 0.001696, 0.999779),
      ["Head"] = CFrame.new(-0.068855, 0.127921, 0.157086, 0.922152, -0.157142, -0.353470, -0.109004, 0.771178, -0.627218, 0.371151, 0.616920, 0.694015),
      ["LeftUpperArm"] = CFrame.new(-0.024957, -0.529650, -0.332428, 0.970559, 0.228526, 0.076104, 0.218749, -0.968542, 0.118638, 0.100822, -0.098497, -0.990017),
      ["LeftUpperLeg"] = CFrame.new(-0.966606, 0.487468, -0.163918, 0.733999, -0.163364, 0.659210, 0.173245, 0.983565, 0.050844, -0.656682, 0.076885, 0.750238),
      ["LowerTorso"] = CFrame.new(-2.802313, -0.576760, 0.338606, 0.140349, 0.985987, -0.090179, 0.436825, 0.020073, 0.899323, 0.888530, -0.165612, -0.427887),
      ["RightUpperArm"] = CFrame.new(-0.387355, -0.357484, -0.496661, 0.540215, -0.401754, -0.739433, -0.381607, -0.900095, 0.210252, -0.750029, 0.168592, -0.639557),
      ["RightUpperLeg"] = CFrame.new(0.461890, 0.645103, -0.507712, 0.962287, 0.205058, -0.178759, -0.259884, 0.887165, -0.381313, 0.080397, 0.413389, 0.906998)
    }},
    { Time = 0.350, Data = {
      ["Cock"] = CFrame.new(-0.124148, -0.430088, -0.000000, 0.225849, -0.974137, 0.007015, 0.973888, 0.225950, 0.022112, -0.023125, 0.001838, 0.999731),
      ["Head"] = CFrame.new(-0.068855, 0.127921, 0.157086, 0.921512, -0.158087, -0.354717, -0.110465, 0.768962, -0.629678, 0.372308, 0.619440, 0.691145),
      ["LeftUpperArm"] = CFrame.new(-0.026435, -0.530890, -0.335587, 0.971205, 0.225796, 0.076007, 0.215494, -0.968609, 0.123932, 0.101604, -0.103985, -0.989375),
      ["LeftUpperLeg"] = CFrame.new(-0.970997, 0.489541, -0.168765, 0.732040, -0.163924, 0.661246, 0.173780, 0.983442, 0.051411, -0.658724, 0.077277, 0.748406),
      ["LowerTorso"] = CFrame.new(-2.799276, -0.573973, 0.338569, 0.141546, 0.986046, -0.087627, 0.436460, 0.017288, 0.899557, 0.888520, -0.165575, -0.427923),
      ["RightUpperArm"] = CFrame.new(-0.387448, -0.360377, -0.497383, 0.539629, -0.402707, -0.739343, -0.380490, -0.900035, 0.212522, -0.751018, 0.166630, -0.638911),
      ["RightUpperLeg"] = CFrame.new(0.462251, 0.642647, -0.507470, 0.961927, 0.206431, -0.179117, -0.261508, 0.885669, -0.383672, 0.079437, 0.415905, 0.905932)
    }},
    { Time = 0.367, Data = {
      ["Cock"] = CFrame.new(-0.124148, -0.430088, -0.000000, 0.229672, -0.973237, 0.007798, 0.972937, 0.229795, 0.024224, -0.025367, 0.002023, 0.999676),
      ["Head"] = CFrame.new(-0.068855, 0.127921, 0.157086, 0.920835, -0.159099, -0.356021, -0.111996, 0.766617, -0.632261, 0.373524, 0.622081, 0.688109),
      ["LeftUpperArm"] = CFrame.new(-0.027993, -0.532181, -0.338903, 0.971888, 0.222902, 0.075822, 0.212058, -0.968643, 0.129465, 0.102303, -0.109746, -0.988681),
      ["LeftUpperLeg"] = CFrame.new(-0.975596, 0.491725, -0.173833, 0.729998, -0.164590, 0.663335, 0.174361, 0.983303, 0.052098, -0.660834, 0.077628, 0.746507),
      ["LowerTorso"] = CFrame.new(-2.796075, -0.570993, 0.338585, 0.142879, 0.986091, -0.084914, 0.436010, 0.014310, 0.899828, 0.888527, -0.165590, -0.427901),
      ["RightUpperArm"] = CFrame.new(-0.387544, -0.363410, -0.498135, 0.539042, -0.403697, -0.739231, -0.379334, -0.899966, 0.214867, -0.752024, 0.164593, -0.638255),
      ["RightUpperLeg"] = CFrame.new(0.462616, 0.640026, -0.507184, 0.961575, 0.207805, -0.179415, -0.263119, 0.884092, -0.386200, 0.078365, 0.418568, 0.904798)
    }},
    { Time = 0.383, Data = {
      ["Cock"] = CFrame.new(-0.124148, -0.430088, -0.000000, 0.233587, -0.972298, 0.008604, 0.971941, 0.233735, 0.026453, -0.027731, 0.002184, 0.999613),
      ["Head"] = CFrame.new(-0.068855, 0.127921, 0.157085, 0.920120, -0.160181, -0.357382, -0.113598, 0.764142, -0.634966, 0.374800, 0.624843, 0.684906),
      ["LeftUpperArm"] = CFrame.new(-0.029608, -0.533519, -0.342345, 0.972571, 0.219935, 0.075727, 0.208519, -0.968632, 0.135171, 0.103080, -0.115673, -0.987924),
      ["LeftUpperLeg"] = CFrame.new(-0.980428, 0.494009, -0.179149, 0.727824, -0.165217, 0.665565, 0.174965, 0.983162, 0.052724, -0.663069, 0.078077, 0.744476),
      ["LowerTorso"] = CFrame.new(-2.792721, -0.567847, 0.338564, 0.144250, 0.986135, -0.082032, 0.435544, 0.011165, 0.900098, 0.888535, -0.165568, -0.427894),
      ["RightUpperArm"] = CFrame.new(-0.387670, -0.366571, -0.498926, 0.538416, -0.404831, -0.739067, -0.378171, -0.899847, 0.217398, -0.753057, 0.162443, -0.637587),
      ["RightUpperLeg"] = CFrame.new(0.463013, 0.637325, -0.506889, 0.961179, 0.209343, -0.179752, -0.264891, 0.882461, -0.388708, 0.077251, 0.421233, 0.903656)
    }},
    { Time = 0.400, Data = {
      ["Cock"] = CFrame.new(-0.124148, -0.430088, -0.000000, 0.237700, -0.971293, 0.009370, 0.970870, 0.237874, 0.028746, -0.030150, 0.002264, 0.999543),
      ["Head"] = CFrame.new(-0.068855, 0.127921, 0.157086, 0.919369, -0.161254, -0.358828, -0.115351, 0.761537, -0.637774, 0.376105, 0.627741, 0.681533),
      ["LeftUpperArm"] = CFrame.new(-0.031302, -0.534903, -0.345966, 0.973288, 0.216805, 0.075539, 0.204795, -0.968567, 0.141200, 0.103778, -0.121958, -0.987095),
      ["LeftUpperLeg"] = CFrame.new(-0.985469, 0.496404, -0.184687, 0.725564, -0.165949, 0.667846, 0.175614, 0.983006, 0.053471, -0.665370, 0.078486, 0.742376),
      ["LowerTorso"] = CFrame.new(-2.789198, -0.564606, 0.338602, 0.145713, 0.986161, -0.079091, 0.435061, 0.007926, 0.900366, 0.888533, -0.165604, -0.427885),
      ["RightUpperArm"] = CFrame.new(-0.387777, -0.369882, -0.499753, 0.537755, -0.405923, -0.738949, -0.376887, -0.899757, 0.219987, -0.754172, 0.160202, -0.636836),
      ["RightUpperLeg"] = CFrame.new(0.463431, 0.634510, -0.506575, 0.960758, 0.210937, -0.180139, -0.266753, 0.880689, -0.391445, 0.076076, 0.424136, 0.902397)
    }},
    { Time = 0.417, Data = {
      ["Cock"] = CFrame.new(-0.124148, -0.430088, -0.000000, 0.242007, -0.970221, 0.010231, 0.969721, 0.242211, 0.031209, -0.032758, 0.002368, 0.999461),
      ["Head"] = CFrame.new(-0.068855, 0.127921, 0.157085, 0.918578, -0.162478, -0.360299, -0.117097, 0.758795, -0.640717, 0.377496, 0.630738, 0.677987),
      ["LeftUpperArm"] = CFrame.new(-0.032995, -0.536273, -0.349583, 0.973985, 0.213680, 0.075457, 0.201060, -0.968451, 0.147234, 0.104538, -0.128233, -0.986219),
      ["LeftUpperLeg"] = CFrame.new(-0.990515, 0.498798, -0.190221, 0.723294, -0.166681, 0.670122, 0.176260, 0.982849, 0.054220, -0.667667, 0.078899, 0.740268),
      ["LowerTorso"] = CFrame.new(-2.785529, -0.561298, 0.338538, 0.147113, 0.986192, -0.076044, 0.434570, 0.004620, 0.900626, 0.888542, -0.165541, -0.427890),
      ["RightUpperArm"] = CFrame.new(-0.387896, -0.373331, -0.500628, 0.537093, -0.407090, -0.738789, -0.375526, -0.899652, 0.222725, -0.755322, 0.157810, -0.636070),
      ["RightUpperLeg"] = CFrame.new(0.463859, 0.631534, -0.506269, 0.960333, 0.212530, -0.180533, -0.268611, 0.878904, -0.394178, 0.074896, 0.427035, 0.901128)
    }},
    { Time = 0.433, Data = {
      ["Cock"] = CFrame.new(-0.124148, -0.430089, 0.000000, 0.246296, -0.969131, 0.011103, 0.968549, 0.246534, 0.033668, -0.035366, 0.002462, 0.999371),
      ["Head"] = CFrame.new(-0.068855, 0.127921, 0.157086, 0.917750, -0.163677, -0.361863, -0.118978, 0.755979, -0.643692, 0.378919, 0.633802, 0.674326),
      ["LeftUpperArm"] = CFrame.new(-0.034632, -0.537576, -0.353049, 0.974652, 0.210630, 0.075416, 0.197419, -0.968304, 0.153013, 0.105255, -0.134246, -0.985342),
      ["LeftUpperLeg"] = CFrame.new(-0.995328, 0.501080, -0.195496, 0.721156, -0.167308, 0.672267, 0.176862, 0.982707, 0.054844, -0.669817, 0.079347, 0.738275),
      ["LowerTorso"] = CFrame.new(-2.781840, -0.557898, 0.338534, 0.148605, 0.986203, -0.072938, 0.434062, 0.001221, 0.900882, 0.888542, -0.165535, -0.427892),
      ["RightUpperArm"] = CFrame.new(-0.388034, -0.376909, -0.501517, 0.536318, -0.408357, -0.738652, -0.374183, -0.899497, 0.225593, -0.756538, 0.155402, -0.635217),
      ["RightUpperLeg"] = CFrame.new(0.464301, 0.628598, -0.505946, 0.959882, 0.214196, -0.180959, -0.270550, 0.877047, -0.396978, 0.073679, 0.430011, 0.899812)
    }},
    { Time = 0.450, Data = {
      ["Cock"] = CFrame.new(-0.124148, -0.430089, -0.000000, 0.250465, -0.968052, 0.011969, 0.967385, 0.250738, 0.036003, -0.037854, 0.002561, 0.999280),
      ["Head"] = CFrame.new(-0.068855, 0.127921, 0.157085, 0.916882, -0.164950, -0.363481, -0.120933, 0.753026, -0.646783, 0.380398, 0.636980, 0.670488),
      ["LeftUpperArm"] = CFrame.new(-0.036168, -0.538803, -0.356362, 0.975264, 0.207818, 0.075315, 0.194048, -0.968097, 0.158535, 0.105859, -0.139999, -0.984477),
      ["LeftUpperLeg"] = CFrame.new(-0.999971, 0.503219, -0.200587, 0.719025, -0.167886, 0.674401, 0.177351, 0.982580, 0.055518, -0.671974, 0.079687, 0.736275),
      ["LowerTorso"] = CFrame.new(-2.778285, -0.554674, 0.338562, 0.150049, 0.986197, -0.070004, 0.433557, -0.002000, 0.901124, 0.888546, -0.165563, -0.427873),
      ["RightUpperArm"] = CFrame.new(-0.388158, -0.380599, -0.502445, 0.535581, -0.409591, -0.738504, -0.372728, -0.899368, 0.228498, -0.757777, 0.152882, -0.634351),
      ["RightUpperLeg"] = CFrame.new(0.464724, 0.625776, -0.505629, 0.959450, 0.215794, -0.181354, -0.272397, 0.875272, -0.399624, 0.072498, 0.432819, 0.898561)
    }},
    { Time = 0.467, Data = {
      ["Cock"] = CFrame.new(-0.124148, -0.430088, -0.000000, 0.254410, -0.967011, 0.012824, 0.966260, 0.254719, 0.038215, -0.040221, 0.002669, 0.999187),
      ["Head"] = CFrame.new(-0.068855, 0.127921, 0.157086, 0.915974, -0.166298, -0.365152, -0.122964, 0.749932, -0.649986, 0.381931, 0.640271, 0.666470),
      ["LeftUpperArm"] = CFrame.new(-0.037648, -0.539966, -0.359523, 0.975848, 0.205080, 0.075250, 0.190773, -0.967871, 0.163802, 0.106425, -0.145490, -0.983619),
      ["LeftUpperLeg"] = CFrame.new(-1.004366, 0.505328, -0.205382, 0.717059, -0.168522, 0.676333, 0.177957, 0.982437, 0.056121, -0.673912, 0.080116, 0.734455),
      ["LowerTorso"] = CFrame.new(-2.774871, -0.551553, 0.338596, 0.151446, 0.986180, -0.067173, 0.433117, -0.005119, 0.901323, 0.888523, -0.165595, -0.427907),
      ["RightUpperArm"] = CFrame.new(-0.388279, -0.384182, -0.503348, 0.534918, -0.410797, -0.738315, -0.371318, -0.899233, 0.231307, -0.758937, 0.150419, -0.633552),
      ["RightUpperLeg"] = CFrame.new(0.465119, 0.623028, -0.505322, 0.959057, 0.217234, -0.181710, -0.274074, 0.873565, -0.402203, 0.071363, 0.435538, 0.897337)
    }},
    { Time = 0.483, Data = {
      ["Cock"] = CFrame.new(-0.124148, -0.430089, -0.000000, 0.258136, -0.966013, 0.013600, 0.965178, 0.258480, 0.040251, -0.042398, 0.002736, 0.999097),
      ["Head"] = CFrame.new(-0.068855, 0.127921, 0.157086, 0.915061, -0.167691, -0.366800, -0.125040, 0.746696, -0.653307, 0.383442, 0.643681, 0.662304),
      ["LeftUpperArm"] = CFrame.new(-0.039071, -0.541066, -0.362531, 0.976406, 0.202417, 0.075220, 0.187593, -0.967631, 0.168814, 0.106956, -0.150721, -0.982773),
      ["LeftUpperLeg"] = CFrame.new(-1.008589, 0.507308, -0.209991, 0.715103, -0.169078, 0.678263, 0.178482, 0.982308, 0.056695, -0.675849, 0.080515, 0.732629),
      ["LowerTorso"] = CFrame.new(-2.771604, -0.548607, 0.338594, 0.152739, 0.986161, -0.064475, 0.432621, -0.008063, 0.901540, 0.888543, -0.165594, -0.427866),
      ["RightUpperArm"] = CFrame.new(-0.388400, -0.387622, -0.504222, 0.534253, -0.411968, -0.738144, -0.369942, -0.899093, 0.234040, -0.760077, 0.148034, -0.632748),
      ["RightUpperLeg"] = CFrame.new(0.465506, 0.620434, -0.505015, 0.958662, 0.218690, -0.182050, -0.275741, 0.871922, -0.404621, 0.070247, 0.438094, 0.896180)
    }},
    { Time = 0.500, Data = {
      ["Cock"] = CFrame.new(-0.124148, -0.430089, -0.000000, 0.261744, -0.965030, 0.014381, 0.964107, 0.262124, 0.042285, -0.044576, 0.002797, 0.999002),
      ["Head"] = CFrame.new(-0.068855, 0.127921, 0.157086, 0.914074, -0.169094, -0.368613, -0.127285, 0.743379, -0.656648, 0.385055, 0.647143, 0.657980),
      ["LeftUpperArm"] = CFrame.new(-0.040394, -0.542098, -0.365362, 0.976906, 0.199995, 0.075216, 0.184684, -0.967363, 0.173494, 0.107459, -0.155596, -0.981958),
      ["LeftUpperLeg"] = CFrame.new(-1.012547, 0.509149, -0.214315, 0.713346, -0.169598, 0.679981, 0.178904, 0.982197, 0.057293, -0.677592, 0.080782, 0.730988),
      ["LowerTorso"] = CFrame.new(-2.768481, -0.545763, 0.338597, 0.153987, 0.986133, -0.061879, 0.432192, -0.010906, 0.901716, 0.888537, -0.165596, -0.427878),
      ["RightUpperArm"] = CFrame.new(-0.388527, -0.390910, -0.505036, 0.533550, -0.413138, -0.737999, -0.368708, -0.898916, 0.236656, -0.761170, 0.145838, -0.631944),
      ["RightUpperLeg"] = CFrame.new(0.465881, 0.617965, -0.504750, 0.958274, 0.220051, -0.182451, -0.277338, 0.870329, -0.406953, 0.069242, 0.440573, 0.895043)
    }},
    { Time = 0.517, Data = {
      ["Cock"] = CFrame.new(-0.124148, -0.430089, -0.000000, 0.265135, -0.964092, 0.015149, 0.963083, 0.265551, 0.044197, -0.046633, 0.002872, 0.998908),
      ["Head"] = CFrame.new(-0.068855, 0.127921, 0.157086, 0.913078, -0.170641, -0.370364, -0.129517, 0.739852, -0.660186, 0.386669, 0.650770, 0.653442),
      ["LeftUpperArm"] = CFrame.new(-0.041659, -0.543066, -0.368063, 0.977381, 0.197652, 0.075234, 0.181866, -0.967078, 0.178004, 0.107940, -0.160295, -0.981150),
      ["LeftUpperLeg"] = CFrame.new(-1.016340, 0.510916, -0.218447, 0.711583, -0.170084, 0.681704, 0.179356, 0.982084, 0.057812, -0.679324, 0.081129, 0.729340),
      ["LowerTorso"] = CFrame.new(-2.765496, -0.543093, 0.338636, 0.155190, 0.986094, -0.059455, 0.431770, -0.013574, 0.901882, 0.888533, -0.165634, -0.427873),
      ["RightUpperArm"] = CFrame.new(-0.388634, -0.394065, -0.505828, 0.532884, -0.414202, -0.737883, -0.367438, -0.898772, 0.239159, -0.762249, 0.143682, -0.631135),
      ["RightUpperLeg"] = CFrame.new(0.466231, 0.615600, -0.504453, 0.957917, 0.221365, -0.182734, -0.278826, 0.868825, -0.409145, 0.068194, 0.442878, 0.893985)
    }},
    { Time = 0.533, Data = {
      ["Cock"] = CFrame.new(-0.124148, -0.430089, 0.000000, 0.268312, -0.963203, 0.015781, 0.962108, 0.268761, 0.046003, -0.048552, 0.002840, 0.998817),
      ["Head"] = CFrame.new(-0.068855, 0.127921, 0.157086, 0.912007, -0.172203, -0.372277, -0.131920, 0.736239, -0.663739, 0.388382, 0.654445, 0.648738),
      ["LeftUpperArm"] = CFrame.new(-0.042848, -0.543974, -0.370591, 0.977825, 0.195458, 0.075196, 0.179243, -0.966792, 0.182171, 0.108306, -0.164653, -0.980388),
      ["LeftUpperLeg"] = CFrame.new(-1.019875, 0.512599, -0.222290, 0.710006, -0.170582, 0.683222, 0.179815, 0.981971, 0.058308, -0.680851, 0.081455, 0.727879),
      ["LowerTorso"] = CFrame.new(-2.762668, -0.540524, 0.338611, 0.156292, 0.986059, -0.057093, 0.431355, -0.016142, 0.902038, 0.888541, -0.165609, -0.427865),
      ["RightUpperArm"] = CFrame.new(-0.388734, -0.397079, -0.506583, 0.532366, -0.415208, -0.737692, -0.366264, -0.898633, 0.241474, -0.763176, 0.141637, -0.630478),
      ["RightUpperLeg"] = CFrame.new(0.466568, 0.613361, -0.504200, 0.957570, 0.222585, -0.183076, -0.280245, 0.867373, -0.411251, 0.067257, 0.445107, 0.892948)
    }},
    { Time = 0.550, Data = {
      ["Cock"] = CFrame.new(-0.124148, -0.430088, -0.000000, 0.271375, -0.962333, 0.016468, 0.961152, 0.271860, 0.047740, -0.050419, 0.002873, 0.998724),
      ["Head"] = CFrame.new(-0.068855, 0.127921, 0.157086, 0.910928, -0.173813, -0.374165, -0.134373, 0.732475, -0.667401, 0.390070, 0.658232, 0.643876),
      ["LeftUpperArm"] = CFrame.new(-0.043978, -0.544825, -0.372964, 0.978239, 0.193346, 0.075271, 0.176709, -0.966511, 0.186093, 0.108730, -0.168742, -0.979645),
      ["LeftUpperLeg"] = CFrame.new(-1.023237, 0.514154, -0.225947, 0.708442, -0.171000, 0.684740, 0.180194, 0.981874, 0.058772, -0.682379, 0.081749, 0.726413),
      ["LowerTorso"] = CFrame.new(-2.759997, -0.538151, 0.338532, 0.157254, 0.986031, -0.054897, 0.431021, -0.018513, 0.902152, 0.888534, -0.165529, -0.427911),
      ["RightUpperArm"] = CFrame.new(-0.388840, -0.399950, -0.507322, 0.531773, -0.416208, -0.737556, -0.365076, -0.898487, 0.243806, -0.764158, 0.139614, -0.629739),
      ["RightUpperLeg"] = CFrame.new(0.466887, 0.611236, -0.503955, 0.957242, 0.223738, -0.183382, -0.281574, 0.866012, -0.413205, 0.066362, 0.447173, 0.891982)
    }},
    { Time = 0.567, Data = {
      ["Cock"] = CFrame.new(-0.124148, -0.430088, -0.000000, 0.274226, -0.961513, 0.017139, 0.960249, 0.274745, 0.049355, -0.052165, 0.002923, 0.998634),
      ["Head"] = CFrame.new(-0.068855, 0.127921, 0.157086, 0.909806, -0.175488, -0.376109, -0.136889, 0.728621, -0.671099, 0.391810, 0.662054, 0.638881),
