return {
  ["Astros lay3"] = {
    { Time = 0.000, Data = {
      ["Head"] = CFrame.new(0.037096, 0.000000, 0.010737, 0.921479, 0.372801, -0.109071, -0.387742, 0.899535, -0.201230, 0.023095, 0.227721, 0.973453),
      ["LeftUpperArm"] = CFrame.new(-0.067558, -0.491461, 0.107151, 0.668328, -0.265188, -0.694991, -0.517066, -0.837287, -0.177745, -0.534771, 0.478149, -0.696702),
      ["LeftUpperLeg"] = CFrame.new(-0.039644, -0.004167, 0.026257, 0.998327, 0.024472, -0.052384, -0.015248, 0.985371, 0.169738, 0.055771, -0.168655, 0.984096),
      ["LowerTorso"] = CFrame.new(1.371288, -1.124919, -0.750367, -0.369638, 0.064020, 0.926968, 0.920672, 0.159898, 0.356085, -0.125424, 0.985055, -0.118046),
      ["RightUpperArm"] = CFrame.new(-0.123386, -0.973430, 0.223777, 0.958311, 0.216829, -0.186076, -0.192942, 0.010742, -0.981151, -0.210743, 0.976151, 0.052130),
      ["RightUpperLeg"] = CFrame.new(-0.147490, -0.027678, -0.350457, 0.971343, 0.009783, -0.237482, 0.036395, 0.981248, 0.189280, 0.234880, -0.192499, 0.952772),
      ["рҹҢ§пёҸрҹҳірҹ‘»рҹҸіпёҸвҖҚрҹҢҲрҹҳӮрҹ’һрҹҸҙвҖҚвҳ пёҸрҹҺёрҹҢ§пёҸрҹҳірҹ‘»рҹҸіпёҸвҖҚрҹҢҲрҹҳӮрҹ’һрҹҸҙвҖҚвҳ"] = CFrame.new(0.000000, 0.000000, 0.000000, 0.990243, -0.135219, -0.033677, 0.135680, 0.990682, 0.011809, 0.031766, -0.016263, 0.999363)
    }},
    { Time = 0.017, Data = {
      ["Head"] = CFrame.new(0.037096, 0.000000, 0.010737, 0.921479, 0.372801, -0.109071, -0.387742, 0.899535, -0.201230, 0.023095, 0.227721, 0.973453),
      ["LeftUpperArm"] = CFrame.new(-0.067538, -0.491493, 0.107162, 0.668366, -0.265081, -0.694996, -0.517019, -0.837294, -0.177853, -0.534770, 0.478197, -0.696671),
      ["LeftUpperLeg"] = CFrame.new(-0.039638, -0.004156, 0.026257, 0.998329, 0.024386, -0.052391, -0.015162, 0.985373, 0.169736, 0.055764, -0.168658, 0.984096),
      ["LowerTorso"] = CFrame.new(1.371354, -1.124945, -0.750407, -0.369568, 0.063954, 0.927000, 0.920696, 0.159898, 0.356023, -0.125457, 0.985060, -0.117975),
      ["RightUpperArm"] = CFrame.new(-0.123739, -0.973981, 0.223914, 0.958313, 0.216838, -0.186059, -0.193078, 0.011455, -0.981117, -0.210612, 0.976140, 0.052844),
      ["RightUpperLeg"] = CFrame.new(-0.147474, -0.027614, -0.350453, 0.971342, 0.009708, -0.237490, 0.036490, 0.981231, 0.189354, 0.234870, -0.192594, 0.952756),
      ["рҹҢ§пёҸрҹҳірҹ‘»рҹҸіпёҸвҖҚрҹҢҲрҹҳӮрҹ’һрҹҸҙвҖҚвҳ пёҸрҹҺёрҹҢ§пёҸрҹҳірҹ‘»рҹҸіпёҸвҖҚрҹҢҲрҹҳӮрҹ’һрҹҸҙвҖҚвҳ"] = CFrame.new(0.000000, -0.000003, -0.000001, 0.990243, -0.135219, -0.033677, 0.135680, 0.990682, 0.011809, 0.031766, -0.016263, 0.999363)
    }},
    { Time = 0.033, Data = {
      ["Head"] = CFrame.new(0.037096, -0.000000, 0.010737, 0.921518, 0.372735, -0.108962, -0.387651, 0.899588, -0.201169, 0.023038, 0.227620, 0.973477),
      ["LeftUpperArm"] = CFrame.new(-0.067514, -0.491588, 0.107181, 0.668501, -0.264892, -0.694938, -0.516917, -0.837305, -0.178093, -0.534700, 0.478280, -0.696666),
      ["LeftUpperLeg"] = CFrame.new(-0.039620, -0.004077, 0.026256, 0.998336, 0.024047, -0.052418, -0.014813, 0.985350, 0.169897, 0.055736, -0.168838, 0.984067),
      ["LowerTorso"] = CFrame.new(1.371366, -1.125335, -0.750464, -0.369629, 0.063941, 0.926977, 0.920631, 0.160211, 0.356048, -0.125746, 0.985010, -0.118085),
      ["RightUpperArm"] = CFrame.new(-0.124874, -0.975587, 0.224342, 0.958371, 0.216579, -0.186058, -0.193559, 0.013760, -0.980992, -0.209902, 0.976168, 0.055108),
      ["RightUpperLeg"] = CFrame.new(-0.147427, -0.027455, -0.350441, 0.971337, 0.009377, -0.237522, 0.036841, 0.981209, 0.189397, 0.234835, -0.192719, 0.952739),
      ["рҹҢ§пёҸрҹҳірҹ‘»рҹҸіпёҸвҖҚрҹҢҲрҹҳӮрҹ’һрҹҸҙвҖҚвҳ пёҸрҹҺёрҹҢ§пёҸрҹҳірҹ‘»рҹҸіпёҸвҖҚрҹҢҲрҹҳӮрҹ’һрҹҸҙвҖҚвҳ"] = CFrame.new(0.000000, -0.000003, -0.000001, 0.990243, -0.135219, -0.033677, 0.135680, 0.990682, 0.011809, 0.031766, -0.016263, 0.999363)
    }},
    { Time = 0.050, Data = {
      ["Head"] = CFrame.new(0.037096, 0.000000, 0.010737, 0.921558, 0.372674, -0.108836, -0.387559, 0.899659, -0.201025, 0.022998, 0.227437, 0.973521),
      ["LeftUpperArm"] = CFrame.new(-0.067478, -0.491747, 0.107209, 0.668673, -0.264597, -0.694885, -0.516768, -0.837323, -0.178440, -0.534629, 0.478412, -0.696631),
      ["LeftUpperLeg"] = CFrame.new(-0.039589, -0.003977, 0.026256, 0.998346, 0.023535, -0.052461, -0.014293, 0.985331, 0.170054, 0.055693, -0.169023, 0.984037),
      ["LowerTorso"] = CFrame.new(1.371281, -1.125801, -0.750581, -0.369625, 0.064026, 0.926973, 0.920594, 0.160548, 0.355992, -0.126031, 0.984949, -0.118285),
      ["RightUpperArm"] = CFrame.new(-0.126743, -0.978251, 0.225045, 0.958482, 0.216230, -0.185893, -0.194204, 0.017653, -0.980802, -0.208798, 0.976183, 0.058913),
      ["RightUpperLeg"] = CFrame.new(-0.147339, -0.027163, -0.350466, 0.971309, 0.008884, -0.237656, 0.037372, 0.981185, 0.189418, 0.234867, -0.192865, 0.952702),
      ["рҹҢ§пёҸрҹҳірҹ‘»рҹҸіпёҸвҖҚрҹҢҲрҹҳӮрҹ’һрҹҸҙвҖҚвҳ пёҸрҹҺёрҹҢ§пёҸрҹҳірҹ‘»рҹҸіпёҸвҖҚрҹҢҲрҹҳӮрҹ’һрҹҸҙвҖҚвҳ"] = CFrame.new(0.000000, -0.000003, -0.000001, 0.990243, -0.135219, -0.033677, 0.135680, 0.990682, 0.011809, 0.031766, -0.016263, 0.999363)
    }},
    { Time = 0.067, Data = {
      ["Head"] = CFrame.new(0.037096, 0.000000, 0.010737, 0.921670, 0.372462, -0.108608, -0.387297, 0.899798, -0.200908, 0.022895, 0.227234, 0.973571),
      ["LeftUpperArm"] = CFrame.new(-0.067412, -0.491978, 0.107241, 0.668921, -0.264123, -0.694827, -0.516499, -0.837385, -0.178929, -0.534578, 0.478567, -0.696563),
      ["LeftUpperLeg"] = CFrame.new(-0.039549, -0.003806, 0.026296, 0.998355, 0.022776, -0.052610, -0.013504, 0.985301, 0.170290, 0.055715, -0.169300, 0.983989),
      ["LowerTorso"] = CFrame.new(1.371338, -1.126542, -0.750742, -0.369611, 0.063970, 0.926982, 0.920525, 0.161107, 0.355918, -0.126575, 0.984862, -0.118433),
      ["RightUpperArm"] = CFrame.new(-0.129378, -0.981982, 0.226029, 0.958624, 0.215673, -0.185811, -0.195245, 0.023098, -0.980483, -0.207172, 0.976192, 0.064252),
      ["RightUpperLeg"] = CFrame.new(-0.147229, -0.026782, -0.350437, 0.971297, 0.008147, -0.237729, 0.038170, 0.981123, 0.189578, 0.234786, -0.193211, 0.952652),
      ["рҹҢ§пёҸрҹҳірҹ‘»рҹҸіпёҸвҖҚрҹҢҲрҹҳӮрҹ’һрҹҸҙвҖҚвҳ пёҸрҹҺёрҹҢ§пёҸрҹҳірҹ‘»рҹҸіпёҸвҖҚрҹҢҲрҹҳӮрҹ’һрҹҸҙвҖҚвҳ"] = CFrame.new(0.000000, -0.000003, -0.000001, 0.990243, -0.135219, -0.033677, 0.135680, 0.990682, 0.011809, 0.031766, -0.016263, 0.999363)
    }},
    { Time = 0.083, Data = {
      ["Head"] = CFrame.new(0.037096, 0.000000, 0.010737, 0.921749, 0.372340, -0.108356, -0.387114, 0.899941, -0.200620, 0.022816, 0.226867, 0.973658),
      ["LeftUpperArm"] = CFrame.new(-0.067360, -0.492262, 0.107287, 0.669227, -0.263638, -0.694716, -0.516247, -0.837414, -0.179516, -0.534438, 0.478782, -0.696523),
      ["LeftUpperLeg"] = CFrame.new(-0.039495, -0.003616, 0.026295, 0.998372, 0.021839, -0.052687, -0.012549, 0.985259, 0.170607, 0.055637, -0.169668, 0.983930),
      ["LowerTorso"] = CFrame.new(1.371331, -1.127421, -0.750955, -0.369597, 0.063976, 0.926987, 0.920447, 0.161756, 0.355826, -0.127181, 0.984755, -0.118671),
      ["RightUpperArm"] = CFrame.new(-0.132748, -0.986784, 0.227277, 0.958792, 0.215025, -0.185694, -0.196554, 0.030083, -0.980031, -0.205145, 0.976145, 0.071108),
      ["RightUpperLeg"] = CFrame.new(-0.147088, -0.026259, -0.350405, 0.971282, 0.007230, -0.237820, 0.039129, 0.981075, 0.189633, 0.234690, -0.193492, 0.952618),
      ["рҹҢ§пёҸрҹҳірҹ‘»рҹҸіпёҸвҖҚрҹҢҲрҹҳӮрҹ’һрҹҸҙвҖҚвҳ пёҸрҹҺёрҹҢ§пёҸрҹҳірҹ‘»рҹҸіпёҸвҖҚрҹҢҲрҹҳӮрҹ’һрҹҸҙвҖҚвҳ"] = CFrame.new(0.000000, -0.000003, -0.000001, 0.990243, -0.135219, -0.033677, 0.135680, 0.990682, 0.011809, 0.031766, -0.016263, 0.999363)
    }},
    { Time = 0.100, Data = {
      ["Head"] = CFrame.new(0.037096, 0.000000, 0.010737, 0.921901, 0.372061, -0.108019, -0.386762, 0.900133, -0.200441, 0.022655, 0.226565, 0.973733),
      ["LeftUpperArm"] = CFrame.new(-0.067250, -0.492621, 0.107349, 0.669647, -0.262868, -0.694603, -0.515829, -0.837493, -0.180352, -0.534316, 0.479069, -0.696419),
      ["LeftUpperLeg"] = CFrame.new(-0.039429, -0.003359, 0.026291, 0.998392, 0.020647, -0.052786, -0.011334, 0.985206, 0.171001, 0.055536, -0.170128, 0.983856),
      ["LowerTorso"] = CFrame.new(1.371365, -1.128511, -0.751215, -0.369578, 0.063942, 0.926997, 0.920349, 0.162561, 0.355714, -0.127948, 0.984625, -0.118928),
      ["RightUpperArm"] = CFrame.new(-0.136853, -0.992661, 0.228781, 0.958986, 0.214286, -0.185547, -0.198123, 0.038591, -0.979417, -0.202715, 0.976009, 0.079463),
      ["RightUpperLeg"] = CFrame.new(-0.146915, -0.025608, -0.350366, 0.971264, 0.006163, -0.237926, 0.040278, 0.980989, 0.189835, 0.234573, -0.193964, 0.952551),
      ["рҹҢ§пёҸрҹҳірҹ‘»рҹҸіпёҸвҖҚрҹҢҲрҹҳӮрҹ’һрҹҸҙвҖҚвҳ пёҸрҹҺёрҹҢ§пёҸрҹҳірҹ‘»рҹҸіпёҸвҖҚрҹҢҲрҹҳӮрҹ’һрҹҸҙвҖҚвҳ"] = CFrame.new(0.000000, -0.000003, -0.000001, 0.990243, -0.135219, -0.033677, 0.135680, 0.990682, 0.011809, 0.031766, -0.016263, 0.999363)
    }},
    { Time = 0.117, Data = {
      ["Head"] = CFrame.new(0.037096, -0.000000, 0.010737, 0.922053, 0.371792, -0.107650, -0.386407, 0.900362, -0.200097, 0.022529, 0.226096, 0.973844),
      ["LeftUpperArm"] = CFrame.new(-0.067148, -0.493032, 0.107428, 0.670065, -0.262065, -0.694503, -0.515436, -0.837538, -0.181261, -0.534171, 0.479429, -0.696283),
      ["LeftUpperLeg"] = CFrame.new(-0.039352, -0.003035, 0.026285, 0.998415, 0.019200, -0.052907, -0.009858, 0.985139, 0.171474, 0.055413, -0.170681, 0.983767),
      ["LowerTorso"] = CFrame.new(1.371312, -1.129899, -0.751499, -0.369625, 0.063997, 0.926975, 0.920196, 0.163611, 0.355627, -0.128905, 0.984447, -0.119364),
      ["RightUpperArm"] = CFrame.new(-0.141725, -0.999611, 0.230539, 0.959230, 0.213336, -0.185381, -0.199939, 0.048625, -0.978601, -0.199757, 0.975768, 0.089297),
      ["RightUpperLeg"] = CFrame.new(-0.146699, -0.024867, -0.350359, 0.971218, 0.004849, -0.238142, 0.041692, 0.980897, 0.190005, 0.234514, -0.194465, 0.952463),
      ["рҹҢ§пёҸрҹҳірҹ‘»рҹҸіпёҸвҖҚрҹҢҲрҹҳӮрҹ’һрҹҸҙвҖҚвҳ пёҸрҹҺёрҹҢ§пёҸрҹҳірҹ‘»рҹҸіпёҸвҖҚрҹҢҲрҹҳӮрҹ’һрҹҸҙвҖҚвҳ"] = CFrame.new(0.000000, -0.000003, -0.000001, 0.990243, -0.135219, -0.033677, 0.135680, 0.990682, 0.011809, 0.031766, -0.016263, 0.999363)
    }},
    { Time = 0.133, Data = {
      ["Head"] = CFrame.new(0.037096, -0.000000, 0.010737, 0.922205, 0.371523, -0.107280, -0.386053, 0.900590, -0.199752, 0.022403, 0.225628, 0.973956),
      ["LeftUpperArm"] = CFrame.new(-0.067034, -0.493506, 0.107517, 0.670521, -0.261155, -0.694406, -0.514996, -0.837589, -0.182278, -0.534023, 0.479837, -0.696115),
      ["LeftUpperLeg"] = CFrame.new(-0.039267, -0.002685, 0.026322, 0.998433, 0.017590, -0.053129, -0.008200, 0.985058, 0.172028, 0.055361, -0.171323, 0.983658),
      ["LowerTorso"] = CFrame.new(1.371297, -1.131491, -0.751830, -0.369667, 0.064011, 0.926957, 0.920022, 0.164818, 0.355520, -0.130021, 0.984245, -0.119819),
      ["RightUpperArm"] = CFrame.new(-0.147344, -1.007611, 0.232532, 0.959520, 0.212245, -0.185131, -0.201941, 0.060277, -0.977541, -0.196319, 0.975356, 0.100698),
      ["RightUpperLeg"] = CFrame.new(-0.146461, -0.023988, -0.350304, 0.971188, 0.003366, -0.238291, 0.043278, 0.980783, 0.190240, 0.234352, -0.195072, 0.952379),
      ["рҹҢ§пёҸрҹҳірҹ‘»рҹҸіпёҸвҖҚрҹҢҲрҹҳӮрҹ’һрҹҸҙвҖҚвҳ пёҸрҹҺёрҹҢ§пёҸрҹҳірҹ‘»рҹҸіпёҸвҖҚрҹҢҲрҹҳӮрҹ’һрҹҸҙвҖҚвҳ"] = CFrame.new(0.000000, -0.000003, -0.000001, 0.990243, -0.135219, -0.033677, 0.135680, 0.990682, 0.011809, 0.031766, -0.016263, 0.999363)
    }},
    { Time = 0.150, Data = {
      ["Head"] = CFrame.new(0.037096, 0.000000, 0.010737, 0.922435, 0.371117, -0.106708, -0.385518, 0.900904, -0.199367, 0.022145, 0.225041, 0.974098),
      ["LeftUpperArm"] = CFrame.new(-0.066896, -0.494052, 0.107606, 0.671110, -0.260090, -0.694237, -0.514427, -0.837680, -0.183461, -0.533832, 0.480256, -0.695972),
      ["LeftUpperLeg"] = CFrame.new(-0.039169, -0.002315, 0.026317, 0.998455, 0.015803, -0.053280, -0.006376, 0.984960, 0.172662, 0.055207, -0.172056, 0.983539),
      ["LowerTorso"] = CFrame.new(1.371349, -1.133136, -0.752235, -0.369637, 0.063959, 0.926972, 0.919871, 0.166022, 0.355350, -0.131170, 0.984046, -0.120202),
      ["RightUpperArm"] = CFrame.new(-0.153715, -1.016706, 0.234748, 0.959831, 0.211002, -0.184942, -0.204220, 0.073375, -0.976171, -0.192404, 0.974728, 0.113518),
      ["RightUpperLeg"] = CFrame.new(-0.146179, -0.023019, -0.350281, 0.971129, 0.001636, -0.238549, 0.045129, 0.980661, 0.190442, 0.234247, -0.195709, 0.952274),
      ["рҹҢ§пёҸрҹҳірҹ‘»рҹҸіпёҸвҖҚрҹҢҲрҹҳӮрҹ’һрҹҸҙвҖҚвҳ пёҸрҹҺёрҹҢ§пёҸрҹҳірҹ‘»рҹҸіпёҸвҖҚрҹҢҲрҹҳӮрҹ’һрҹҸҙвҖҚвҳ"] = CFrame.new(0.000000, -0.000003, -0.000001, 0.990243, -0.135219, -0.033677, 0.135680, 0.990682, 0.011809, 0.031766, -0.016263, 0.999363)
    }},
    { Time = 0.167, Data = {
      ["Head"] = CFrame.new(0.037096, 0.000000, 0.010737, 0.922625, 0.370786, -0.106213, -0.385072, 0.901203, -0.198878, 0.021978, 0.224389, 0.974252),
      ["LeftUpperArm"] = CFrame.new(-0.066735, -0.494670, 0.107696, 0.671832, -0.258868, -0.693995, -0.513728, -0.837812, -0.184808, -0.533597, 0.480685, -0.695857),
      ["LeftUpperLeg"] = CFrame.new(-0.039065, -0.001875, 0.026352, 0.998471, 0.013768, -0.053540, -0.004284, 0.984847, 0.173375, 0.055116, -0.172880, 0.983400),
      ["LowerTorso"] = CFrame.new(1.371377, -1.135075, -0.752666, -0.369602, 0.063930, 0.926988, 0.919689, 0.167472, 0.355142, -0.132541, 0.983802, -0.120693),
      ["RightUpperArm"] = CFrame.new(-0.160850, -1.026868, 0.237172, 0.960183, 0.209558, -0.184754, -0.206708, 0.088026, -0.974435, -0.187937, 0.973826, 0.127838),
      ["RightUpperLeg"] = CFrame.new(-0.145873, -0.021913, -0.350209, 0.971084, -0.000263, -0.238740, 0.047151, 0.980514, 0.190708, 0.234038, -0.196451, 0.952173),
      ["рҹҢ§пёҸрҹҳірҹ‘»рҹҸіпёҸвҖҚрҹҢҲрҹҳӮрҹ’һрҹҸҙвҖҚвҳ пёҸрҹҺёрҹҢ§пёҸрҹҳірҹ‘»рҹҸіпёҸвҖҚрҹҢҲрҹҳӮрҹ’һрҹҸҙвҖҚвҳ"] = CFrame.new(0.000000, -0.000003, -0.000001, 0.990243, -0.135219, -0.033677, 0.135680, 0.990682, 0.011809, 0.031766, -0.016263, 0.999363)
    }},
    { Time = 0.183, Data = {
      ["Head"] = CFrame.new(0.037096, -0.000000, 0.010737, 0.922887, 0.370303, -0.105616, -0.384456, 0.901568, -0.198414, 0.021747, 0.223719, 0.974411),
      ["LeftUpperArm"] = CFrame.new(-0.066566, -0.495333, 0.107825, 0.672493, -0.257556, -0.693843, -0.513089, -0.837878, -0.186279, -0.533379, 0.481274, -0.695617),
      ["LeftUpperLeg"] = CFrame.new(-0.038949, -0.001373, 0.026340, 0.998489, 0.011471, -0.053738, -0.001939, 0.984715, 0.174165, 0.054914, -0.173798, 0.983249),
      ["LowerTorso"] = CFrame.new(1.371320, -1.137311, -0.753119, -0.369632, 0.063987, 0.926973, 0.919451, 0.169166, 0.354955, -0.134099, 0.983508, -0.121362),
      ["RightUpperArm"] = CFrame.new(-0.168714, -1.038084, 0.239776, 0.960549, 0.208042, -0.184563, -0.209397, 0.104278, -0.972255, -0.183024, 0.972546, 0.143728),
      ["RightUpperLeg"] = CFrame.new(-0.145522, -0.020722, -0.350169, 0.971006, -0.002398, -0.239041, 0.049448, 0.980339, 0.191026, 0.233883, -0.197308, 0.952034),
      ["рҹҢ§пёҸрҹҳірҹ‘»рҹҸіпёҸвҖҚрҹҢҲрҹҳӮрҹ’һрҹҸҙвҖҚвҳ пёҸрҹҺёрҹҢ§пёҸрҹҳірҹ‘»рҹҸіпёҸвҖҚрҹҢҲрҹҳӮрҹ’һрҹҸҙвҖҚвҳ"] = CFrame.new(0.000000, -0.000003, -0.000001, 0.990243, -0.135219, -0.033677, 0.135680, 0.990682, 0.011809, 0.031766, -0.016263, 0.999363)
    }},
    { Time = 0.200, Data = {
      ["Head"] = CFrame.new(0.037096, 0.000000, 0.010737, 0.923155, 0.369834, -0.104920, -0.383830, 0.901952, -0.197884, 0.021448, 0.222949, 0.974594),
      ["LeftUpperArm"] = CFrame.new(-0.066381, -0.496075, 0.107935, 0.673286, -0.256122, -0.693605, -0.512295, -0.838016, -0.187840, -0.533142, 0.481800, -0.695434),
      ["LeftUpperLeg"] = CFrame.new(-0.038828, -0.000845, 0.026371, 0.998498, 0.009009, -0.054039, 0.000585, 0.984577, 0.174950, 0.054782, -0.174719, 0.983093),
      ["LowerTorso"] = CFrame.new(1.371330, -1.139598, -0.753644, -0.369590, 0.063978, 0.926990, 0.919234, 0.170858, 0.354705, -0.135690, 0.983216, -0.121958),
      ["RightUpperArm"] = CFrame.new(-0.177328, -1.050389, 0.242548, 0.960951, 0.206380, -0.184338, -0.212195, 0.121998, -0.969582, -0.177614, 0.970837, 0.161026),
      ["RightUpperLeg"] = CFrame.new(-0.145147, -0.019394, -0.350079, 0.970940, -0.004702, -0.239276, 0.051917, 0.980136, 0.191409, 0.233624, -0.198269, 0.951898),
      ["рҹҢ§пёҸрҹҳірҹ‘»рҹҸіпёҸвҖҚрҹҢҲрҹҳӮрҹ’һрҹҸҙвҖҚвҳ пёҸрҹҺёрҹҢ§пёҸрҹҳірҹ‘»рҹҸіпёҸвҖҚрҹҢҲрҹҳӮрҹ’һрҹҸҙвҖҚвҳ"] = CFrame.new(0.000000, -0.000003, -0.000001, 0.990243, -0.135219, -0.033677, 0.135680, 0.990682, 0.011809, 0.031766, -0.016263, 0.999363)
    }},
    { Time = 0.217, Data = {
      ["Head"] = CFrame.new(0.037096, 0.000000, 0.010737, 0.923455, 0.369288, -0.104198, -0.383122, 0.902386, -0.197275, 0.021176, 0.222095, 0.974795),
      ["LeftUpperArm"] = CFrame.new(-0.066183, -0.496871, 0.108072, 0.674173, -0.254571, -0.693314, -0.511469, -0.838123, -0.189607, -0.532813, 0.482436, -0.695245),
      ["LeftUpperLeg"] = CFrame.new(-0.038697, -0.000253, 0.026354, 0.998506, 0.006286, -0.054278, 0.003364, 0.984403, 0.175899, 0.054537, -0.175819, 0.982911),
      ["LowerTorso"] = CFrame.new(1.371349, -1.142154, -0.754200, -0.369678, 0.063958, 0.926956, 0.918934, 0.172769, 0.354558, -0.137472, 0.982884, -0.122642),
      ["RightUpperArm"] = CFrame.new(-0.186703, -1.063768, 0.245466, 0.961384, 0.204527, -0.184147, -0.215141, 0.141245, -0.966315, -0.171628, 0.968617, 0.179793),
      ["RightUpperLeg"] = CFrame.new(-0.144726, -0.017932, -0.350025, 0.970842, -0.007167, -0.239614, 0.054564, 0.979922, 0.191768, 0.233428, -0.199251, 0.951741),
      ["рҹҢ§пёҸрҹҳірҹ‘»рҹҸіпёҸвҖҚрҹҢҲрҹҳӮрҹ’һрҹҸҙвҖҚвҳ пёҸрҹҺёрҹҢ§пёҸрҹҳірҹ‘»рҹҸіпёҸвҖҚрҹҢҲрҹҳӮрҹ’һрҹҸҙвҖҚвҳ"] = CFrame.new(0.000000, -0.000003, -0.000001, 0.990243, -0.135219, -0.033677, 0.135680, 0.990682, 0.011809, 0.031766, -0.016263, 0.999363)
    }},
    { Time = 0.233, Data = {
      ["Head"] = CFrame.new(0.037096, -0.000000, 0.010737, 0.923760, 0.368756, -0.103376, -0.382405, 0.902837, -0.196599, 0.020835, 0.221142, 0.975019),
      ["LeftUpperArm"] = CFrame.new(-0.065973, -0.497728, 0.108219, 0.675095, -0.252913, -0.693024, -0.510594, -0.838230, -0.191480, -0.532485, 0.483121, -0.695021),
      ["LeftUpperLeg"] = CFrame.new(-0.038563, 0.000366, 0.026380, 0.998501, 0.003402, -0.054621, 0.006325, 0.984204, 0.176927, 0.054361, -0.177007, 0.982707),
      ["LowerTorso"] = CFrame.new(1.371378, -1.144940, -0.754791, -0.369623, 0.063929, 0.926980, 0.918659, 0.174857, 0.354246, -0.139442, 0.982516, -0.123361),
      ["RightUpperArm"] = CFrame.new(-0.196840, -1.078235, 0.248507, 0.961843, 0.202483, -0.184009, -0.218206, 0.161964, -0.962369, -0.165061, 0.965799, 0.199966),
      ["RightUpperLeg"] = CFrame.new(-0.144268, -0.016375, -0.349960, 0.970728, -0.009887, -0.239977, 0.057467, 0.979692, 0.192095, 0.233205, -0.200263, 0.951583),
      ["рҹҢ§пёҸрҹҳірҹ‘»рҹҸіпёҸвҖҚрҹҢҲрҹҳӮрҹ’һрҹҸҙвҖҚвҳ пёҸрҹҺёрҹҢ§пёҸрҹҳірҹ‘»рҹҸіпёҸвҖҚрҹҢҲрҹҳӮрҹ’һрҹҸҙвҖҚвҳ"] = CFrame.new(0.000000, -0.000003, -0.000001, 0.990243, -0.135219, -0.033677, 0.135680, 0.990682, 0.011809, 0.031766, -0.016263, 0.999363)
    }},
    { Time = 0.250, Data = {
      ["Head"] = CFrame.new(0.037096, -0.000000, 0.010737, 0.924097, 0.368142, -0.102547, -0.381607, 0.903321, -0.195927, 0.020504, 0.220188, 0.975242),
      ["LeftUpperArm"] = CFrame.new(-0.065733, -0.498657, 0.108369, 0.676088, -0.251076, -0.692723, -0.509598, -0.838374, -0.193494, -0.532179, 0.483829, -0.694762),
      ["LeftUpperLeg"] = CFrame.new(-0.038423, 0.001050, 0.026401, 0.998487, 0.000261, -0.054991, 0.009543, 0.983994, 0.177947, 0.054157, -0.178202, 0.982502),
      ["LowerTorso"] = CFrame.new(1.371280, -1.147862, -0.755426, -0.369637, 0.064027, 0.926968, 0.918348, 0.177031, 0.353973, -0.141438, 0.982120, -0.124236),
      ["RightUpperArm"] = CFrame.new(-0.207723, -1.093808, 0.251644, 0.962324, 0.200303, -0.183877, -0.221306, 0.184090, -0.957671, -0.157975, 0.962283, 0.221483),
      ["RightUpperLeg"] = CFrame.new(-0.143773, -0.014685, -0.349887, 0.970600, -0.012767, -0.240360, 0.060550, 0.979430, 0.192484, 0.232958, -0.201379, 0.951408),
      ["рҹҢ§пёҸрҹҳірҹ‘»рҹҸіпёҸвҖҚрҹҢҲрҹҳӮрҹ’һрҹҸҙвҖҚвҳ пёҸрҹҺёрҹҢ§пёҸрҹҳірҹ‘»рҹҸіпёҸвҖҚрҹҢҲрҹҳӮрҹ’һрҹҸҙвҖҚвҳ"] = CFrame.new(0.000000, -0.000003, -0.000001, 0.990243, -0.135219, -0.033677, 0.135680, 0.990682, 0.011809, 0.031766, -0.016263, 0.999363)
    }},
    { Time = 0.267, Data = {
      ["Head"] = CFrame.new(0.037096, 0.000000, 0.010737, 0.924439, 0.367541, -0.101617, -0.380799, 0.903822, -0.195188, 0.020104, 0.219135, 0.975487),
      ["LeftUpperArm"] = CFrame.new(-0.065484, -0.499576, 0.108540, 0.677078, -0.249205, -0.692432, -0.508626, -0.838480, -0.195580, -0.531851, 0.484611, -0.694469),
      ["LeftUpperLeg"] = CFrame.new(-0.038285, 0.001730, 0.026377, 0.998467, -0.002888, -0.055278, 0.012753, 0.983773, 0.178967, 0.053864, -0.179397, 0.982301),
      ["LowerTorso"] = CFrame.new(1.371287, -1.150849, -0.756050, -0.369645, 0.064021, 0.926965, 0.918021, 0.179268, 0.353697, -0.143531, 0.981715, -0.125038),
      ["RightUpperArm"] = CFrame.new(-0.218598, -1.109374, 0.254640, 0.962782, 0.198155, -0.183806, -0.224280, 0.206236, -0.952452, -0.150826, 0.958228, 0.243003),
      ["RightUpperLeg"] = CFrame.new(-0.143283, -0.012996, -0.349770, 0.970483, -0.015644, -0.240661, 0.063634, 0.979141, 0.192960, 0.232622, -0.202579, 0.951235),
      ["рҹҢ§пёҸрҹҳірҹ‘»рҹҸіпёҸвҖҚрҹҢҲрҹҳӮрҹ’һрҹҸҙвҖҚвҳ пёҸрҹҺёрҹҢ§пёҸрҹҳірҹ‘»рҹҸіпёҸвҖҚрҹҢҲрҹҳӮрҹ’һрҹҸҙвҖҚвҳ"] = CFrame.new(0.000000, -0.000003, -0.000001, 0.990243, -0.135219, -0.033677, 0.135680, 0.990682, 0.011809, 0.031766, -0.016263, 0.999363)
    }},
    { Time = 0.283, Data = {
      ["Head"] = CFrame.new(0.037096, 0.000000, 0.010737, 0.924846, 0.366777, -0.100671, -0.379830, 0.904387, -0.194457, 0.019723, 0.218080, 0.975731),
      ["LeftUpperArm"] = CFrame.new(-0.065275, -0.500431, 0.108687, 0.677993, -0.247546, -0.692132, -0.507746, -0.838574, -0.197451, -0.531526, 0.485298, -0.694238),
      ["LeftUpperLeg"] = CFrame.new(-0.038164, 0.002348, 0.026397, 0.998435, -0.005770, -0.055631, 0.015713, 0.983543, 0.179992, 0.053677, -0.180585, 0.982094),
      ["LowerTorso"] = CFrame.new(1.371382, -1.153537, -0.756650, -0.369585, 0.063927, 0.926995, 0.917745, 0.181258, 0.353397, -0.145434, 0.981356, -0.125659),
      ["RightUpperArm"] = CFrame.new(-0.228723, -1.123911, 0.257312, 0.963203, 0.196154, -0.183750, -0.226858, 0.226690, -0.947179, -0.144139, 0.954010, 0.262847),
      ["RightUpperLeg"] = CFrame.new(-0.142812, -0.011439, -0.349701, 0.970344, -0.018363, -0.241029, 0.066536, 0.978884, 0.193285, 0.232391, -0.203590, 0.951076),
      ["рҹҢ§пёҸрҹҳірҹ‘»рҹҸіпёҸвҖҚрҹҢҲрҹҳӮрҹ’һрҹҸҙвҖҚвҳ пёҸрҹҺёрҹҢ§пёҸрҹҳірҹ‘»рҹҸіпёҸвҖҚрҹҢҲрҹҳӮрҹ’һрҹҸҙвҖҚвҳ"] = CFrame.new(0.000000, -0.000003, -0.000001, 0.990243, -0.135219, -0.033677, 0.135680, 0.990682, 0.011809, 0.031766, -0.016263, 0.999363)
    }},
    { Time = 0.300, Data = {
      ["Head"] = CFrame.new(0.037096, 0.000000, 0.010737, 0.925218, 0.366098, -0.099717, -0.378942, 0.904935, -0.193637, 0.019348, 0.216943, 0.975992),
      ["LeftUpperArm"] = CFrame.new(-0.065070, -0.501221, 0.108828, 0.678810, -0.245971, -0.691893, -0.506923, -0.838662, -0.199190, -0.531269, 0.485948, -0.693980),
      ["LeftUpperLeg"] = CFrame.new(-0.038057, 0.002942, 0.026416, 0.998396, -0.008486, -0.055970, 0.018496, 0.983337, 0.180851, 0.053503, -0.181597, 0.981917),
      ["LowerTorso"] = CFrame.new(1.371308, -1.156104, -0.757177, -0.369601, 0.064000, 0.926984, 0.917456, 0.183181, 0.353156, -0.147204, 0.980994, -0.126421),
      ["RightUpperArm"] = CFrame.new(-0.238110, -1.137376, 0.259682, 0.963587, 0.194257, -0.183748, -0.229127, 0.245609, -0.941901, -0.137841, 0.949705, 0.281175),
      ["RightUpperLeg"] = CFrame.new(-0.142371, -0.010019, -0.349636, 0.970205, -0.020911, -0.241383, 0.069266, 0.978626, 0.193630, 0.232174, -0.204580, 0.950916),
      ["рҹҢ§пёҸрҹҳірҹ‘»рҹҸіпёҸвҖҚрҹҢҲрҹҳӮрҹ’һрҹҸҙвҖҚвҳ пёҸрҹҺёрҹҢ§пёҸрҹҳірҹ‘»рҹҸіпёҸвҖҚрҹҢҲрҹҳӮрҹ’һрҹҸҙвҖҚвҳ"] = CFrame.new(0.000000, -0.000003, -0.000001, 0.990243, -0.135219, -0.033677, 0.135680, 0.990682, 0.011809, 0.031766, -0.016263, 0.999363)
    }},
    { Time = 0.317, Data = {
      ["Head"] = CFrame.new(0.037096, -0.000000, 0.010737, 0.925589, 0.365417, -0.098765, -0.378053, 0.905482, -0.192816, 0.018971, 0.215807, 0.976252),
      ["LeftUpperArm"] = CFrame.new(-0.064885, -0.501957, 0.108939, 0.679588, -0.244535, -0.691637, -0.506120, -0.838775, -0.200747, -0.531039, 0.486477, -0.693786),
      ["LeftUpperLeg"] = CFrame.new(-0.037959, 0.003467, 0.026394, 0.998359, -0.010951, -0.056203, 0.021013, 0.983126, 0.181718, 0.053265, -0.182601, 0.981743),
      ["LowerTorso"] = CFrame.new(1.371360, -1.158441, -0.757670, -0.369617, 0.063948, 0.926981, 0.917184, 0.184924, 0.352953, -0.148850, 0.980670, -0.127003),
      ["RightUpperArm"] = CFrame.new(-0.246746, -1.149817, 0.261783, 0.963917, 0.192511, -0.183858, -0.231164, 0.262814, -0.936745, -0.132013, 0.945446, 0.297833),
      ["RightUpperLeg"] = CFrame.new(-0.141972, -0.008689, -0.349539, 0.970091, -0.023211, -0.241627, 0.071733, 0.978374, 0.194009, 0.231899, -0.205539, 0.950777),
      ["рҹҢ§пёҸрҹҳірҹ‘»рҹҸіпёҸвҖҚрҹҢҲрҹҳӮрҹ’һрҹҸҙвҖҚвҳ пёҸрҹҺёрҹҢ§пёҸрҹҳірҹ‘»рҹҸіпёҸвҖҚрҹҢҲрҹҳӮрҹ’һрҹҸҙвҖҚвҳ"] = CFrame.new(0.000000, -0.000003, -0.000001, 0.990243, -0.135219, -0.033677, 0.135680, 0.990682, 0.011809, 0.031766, -0.016263, 0.999363)
    }},
    { Time = 0.333, Data = {
      ["Head"] = CFrame.new(0.037096, -0.000000, 0.010737, 0.925959, 0.364731, -0.097829, -0.377166, 0.906009, -0.192077, 0.018577, 0.214753, 0.976492),
      ["LeftUpperArm"] = CFrame.new(-0.064722, -0.502612, 0.109065, 0.680293, -0.243245, -0.691399, -0.505463, -0.838813, -0.202237, -0.530762, 0.487057, -0.693590),
      ["LeftUpperLeg"] = CFrame.new(-0.037874, 0.003929, 0.026418, 0.998316, -0.013152, -0.056499, 0.023278, 0.982929, 0.182506, 0.053135, -0.183513, 0.981580),
      ["LowerTorso"] = CFrame.new(1.371312, -1.160660, -0.758096, -0.369638, 0.063998, 0.926970, 0.916924, 0.186599, 0.352749, -0.150397, 0.980350, -0.127655),
      ["RightUpperArm"] = CFrame.new(-0.254630, -1.161160, 0.263619, 0.964221, 0.190921, -0.183923, -0.232890, 0.278583, -0.931748, -0.126652, 0.941244, 0.313079),
      ["RightUpperLeg"] = CFrame.new(-0.141596, -0.007448, -0.349495, 0.969965, -0.025268, -0.241930, 0.073931, 0.978163, 0.194248, 0.231738, -0.206300, 0.950651),
      ["рҹҢ§пёҸрҹҳірҹ‘»рҹҸіпёҸвҖҚрҹҢҲрҹҳӮрҹ’һрҹҸҙвҖҚвҳ пёҸрҹҺёрҹҢ§пёҸрҹҳірҹ‘»рҹҸіпёҸвҖҚрҹҢҲрҹҳӮрҹ’һрҹҸҙвҖҚвҳ"] = CFrame.new(0.000000, -0.000003, -0.000001, 0.990243, -0.135219, -0.033677, 0.135680, 0.990682, 0.011809, 0.031766, -0.016263, 0.999363)
    }},
    { Time = 0.350, Data = {
      ["Head"] = CFrame.new(0.037096, 0.000000, 0.010737, 0.926290, 0.364111, -0.097002, -0.376369, 0.906484, -0.191400, 0.018240, 0.213800, 0.976707),
      ["LeftUpperArm"] = CFrame.new(-0.064553, -0.503223, 0.109159, 0.680938, -0.241997, -0.691202, -0.504763, -0.838916, -0.203554, -0.530601, 0.487501, -0.693401),
      ["LeftUpperLeg"] = CFrame.new(-0.037797, 0.004365, 0.026398, 0.998276, -0.015192, -0.056695, 0.025361, 0.982746, 0.183213, 0.052934, -0.184335, 0.981437),
      ["LowerTorso"] = CFrame.new(1.371283, -1.162581, -0.758495, -0.369664, 0.064025, 0.926957, 0.916695, 0.188031, 0.352584, -0.151723, 0.980074, -0.128200),
      ["RightUpperArm"] = CFrame.new(-0.261750, -1.171453, 0.265223, 0.964480, 0.189532, -0.184002, -0.234381, 0.292733, -0.927024, -0.121837, 0.937222, 0.326758),
      ["RightUpperLeg"] = CFrame.new(-0.141263, -0.006341, -0.349414, 0.969863, -0.027163, -0.242132, 0.075951, 0.977956, 0.194510, 0.231511, -0.207038, 0.950546),
      ["рҹҢ§пёҸрҹҳірҹ‘»рҹҸіпёҸвҖҚрҹҢҲрҹҳӮрҹ’һрҹҸҙвҖҚвҳ пёҸрҹҺёрҹҢ§пёҸрҹҳірҹ‘»рҹҸіпёҸвҖҚрҹҢҲрҹҳӮрҹ’һрҹҸҙвҖҚвҳ"] = CFrame.new(0.000000, -0.000003, -0.000001, 0.990243, -0.135219, -0.033677, 0.135680, 0.990682, 0.011809, 0.031766, -0.016263, 0.999363)
    }},
    { Time = 0.367, Data = {
      ["Head"] = CFrame.new(0.037096, 0.000000, 0.010737, 0.926588, 0.363567, -0.096200, -0.375654, 0.906906, -0.190801, 0.017876, 0.212932, 0.976904),
      ["LeftUpperArm"] = CFrame.new(-0.064415, -0.503761, 0.109249, 0.681510, -0.240930, -0.691012, -0.504184, -0.838978, -0.204731, -0.530418, 0.487923, -0.693245),
      ["LeftUpperLeg"] = CFrame.new(-0.037734, 0.004779, 0.026420, 0.998231, -0.017056, -0.056961, 0.027275, 0.982594, 0.183754, 0.052835, -0.184983, 0.981320),
      ["LowerTorso"] = CFrame.new(1.371281, -1.164297, -0.758853, -0.369625, 0.064028, 0.926973, 0.916511, 0.189308, 0.352377, -0.152921, 0.979828, -0.128655),
      ["RightUpperArm"] = CFrame.new(-0.268138, -1.180680, 0.266614, 0.964717, 0.188226, -0.184099, -0.235641, 0.305331, -0.922630, -0.117452, 0.933458, 0.338912),
      ["RightUpperLeg"] = CFrame.new(-0.140951, -0.005376, -0.349381, 0.969746, -0.028879, -0.242402, 0.077808, 0.977754, 0.194790, 0.231384, -0.207758, 0.950420),
      ["рҹҢ§пёҸрҹҳірҹ‘»рҹҸіпёҸвҖҚрҹҢҲрҹҳӮрҹ’һрҹҸҙвҖҚвҳ пёҸрҹҺёрҹҢ§пёҸрҹҳірҹ‘»рҹҸіпёҸвҖҚрҹҢҲрҹҳӮрҹ’һрҹҸҙвҖҚвҳ"] = CFrame.new(0.000000, -0.000003, -0.000001, 0.990243, -0.135219, -0.033677, 0.135680, 0.990682, 0.011809, 0.031766, -0.016263, 0.999363)
    }},
    { Time = 0.383, Data = {
      ["Head"] = CFrame.new(0.037096, 0.000000, 0.010737, 0.926879, 0.363013, -0.095483, -0.374948, 0.907328, -0.190184, 0.017595, 0.212079, 0.977094),
      ["LeftUpperArm"] = CFrame.new(-0.064307, -0.504228, 0.109336, 0.682009, -0.240042, -0.690829, -0.503725, -0.839000, -0.205767, -0.530212, 0.488323, -0.693120),
      ["LeftUpperLeg"] = CFrame.new(-0.037677, 0.005125, 0.026403, 0.998193, -0.018671, -0.057118, 0.028923, 0.982444, 0.184303, 0.052674, -0.185622, 0.981208),
      ["LowerTorso"] = CFrame.new(1.371336, -1.165783, -0.759177, -0.369657, 0.063972, 0.926964, 0.916324, 0.190407, 0.352273, -0.153964, 0.979619, -0.129004),
      ["RightUpperArm"] = CFrame.new(-0.273761, -1.188835, 0.267803, 0.964916, 0.187120, -0.184185, -0.236704, 0.316393, -0.918622, -0.113618, 0.929990, 0.349585),
      ["RightUpperLeg"] = CFrame.new(-0.140686, -0.004491, -0.349318, 0.969661, -0.030369, -0.242561, 0.079381, 0.977598, 0.194937, 0.231207, -0.208277, 0.950349),
      ["рҹҢ§пёҸрҹҳірҹ‘»рҹҸіпёҸвҖҚрҹҢҲрҹҳӮрҹ’һрҹҸҙвҖҚвҳ пёҸрҹҺёрҹҢ§пёҸрҹҳірҹ‘»рҹҸіпёҸвҖҚрҹҢҲрҹҳӮрҹ’һрҹҸҙвҖҚвҳ"] = CFrame.new(0.000000, -0.000003, -0.000001, 0.990243, -0.135219, -0.033677, 0.135680, 0.990682, 0.011809, 0.031766, -0.016263, 0.999363)
    }},
    { Time = 0.400, Data = {
      ["Head"] = CFrame.new(0.037096, 0.000000, 0.010737, 0.927137, 0.362535, -0.094791, -0.374323, 0.907698, -0.189647, 0.017288, 0.211311, 0.977266),
      ["LeftUpperArm"] = CFrame.new(-0.064185, -0.504641, 0.109409, 0.682448, -0.239164, -0.690699, -0.503250, -0.839055, -0.206705, -0.530098, 0.488660, -0.692971),
      ["LeftUpperLeg"] = CFrame.new(-0.037628, 0.005404, 0.026390, 0.998159, -0.020031, -0.057251, 0.030311, 0.982313, 0.184775, 0.052537, -0.186170, 0.981112),
      ["LowerTorso"] = CFrame.new(1.371356, -1.167152, -0.759439, -0.369623, 0.063953, 0.926978, 0.916172, 0.191440, 0.352107, -0.154942, 0.979419, -0.129353),
      ["RightUpperArm"] = CFrame.new(-0.278634, -1.195910, 0.268805, 0.965075, 0.186164, -0.184319, -0.237638, 0.325953, -0.915031, -0.110266, 0.926875, 0.358809),
      ["RightUpperLeg"] = CFrame.new(-0.140443, -0.003753, -0.349301, 0.969562, -0.031669, -0.242788, 0.080803, 0.977432, 0.195185, 0.231127, -0.208862, 0.950240),
      ["рҹҢ§пёҸрҹҳірҹ‘»рҹҸіпёҸвҖҚрҹҢҲрҹҳӮрҹ’һрҹҸҙвҖҚвҳ пёҸрҹҺёрҹҢ§пёҸрҹҳірҹ‘»рҹҸіпёҸвҖҚрҹҢҲрҹҳӮрҹ’һрҹҸҙвҖҚвҳ"] = CFrame.new(0.000000, -0.000003, -0.000001, 0.990243, -0.135219, -0.033677, 0.135680, 0.990682, 0.011809, 0.031766, -0.016263, 0.999363)
    }},
    { Time = 0.417, Data = {
      ["Head"] = CFrame.new(0.037096, -0.000000, 0.010737, 0.927390, 0.362047, -0.094183, -0.373708, 0.908068, -0.189092, 0.017065, 0.210559, 0.977432),
      ["LeftUpperArm"] = CFrame.new(-0.064102, -0.504993, 0.109459, 0.682816, -0.238498, -0.690566, -0.502871, -0.839103, -0.207429, -0.529985, 0.488901, -0.692887),
      ["LeftUpperLeg"] = CFrame.new(-0.037590, 0.005664, 0.026419, 0.998123, -0.021213, -0.057454, 0.031533, 0.982202, 0.185164, 0.052503, -0.186628, 0.981027),
      ["LowerTorso"] = CFrame.new(1.371331, -1.168226, -0.759673, -0.369668, 0.063978, 0.926959, 0.916031, 0.192230, 0.352042, -0.155666, 0.979262, -0.129667),
      ["RightUpperArm"] = CFrame.new(-0.282762, -1.201891, 0.269628, 0.965223, 0.185337, -0.184375, -0.238338, 0.334065, -0.911919, -0.107420, 0.924149, 0.366620),
      ["RightUpperLeg"] = CFrame.new(-0.140245, -0.003139, -0.349251, 0.969493, -0.032829, -0.242912, 0.082025, 0.977310, 0.195289, 0.230989, -0.209256, 0.950187),
      ["рҹҢ§пёҸрҹҳірҹ‘»рҹҸіпёҸвҖҚрҹҢҲрҹҳӮрҹ’һрҹҸҙвҖҚвҳ пёҸрҹҺёрҹҢ§пёҸрҹҳірҹ‘»рҹҸіпёҸвҖҚрҹҢҲрҹҳӮрҹ’һрҹҸҙвҖҚвҳ"] = CFrame.new(0.000000, -0.000003, -0.000001, 0.990243, -0.135219, -0.033677, 0.135680, 0.990682, 0.011809, 0.031766, -0.016263, 0.999363)
    }},
    { Time = 0.433, Data = {
      ["Head"] = CFrame.new(0.037096, 0.000000, 0.010737, 0.927577, 0.361713, -0.093625, -0.373256, 0.908336, -0.188695, 0.016789, 0.209975, 0.977563),
      ["LeftUpperArm"] = CFrame.new(-0.064031, -0.505281, 0.109498, 0.683147, -0.237940, -0.690431, -0.502539, -0.839150, -0.208045, -0.529872, 0.489094, -0.692837),
      ["LeftUpperLeg"] = CFrame.new(-0.037558, 0.005898, 0.026405, 0.998095, -0.022231, -0.057555, 0.032575, 0.982093, 0.185560, 0.052399, -0.187081, 0.980946),
      ["LowerTorso"] = CFrame.new(1.371268, -1.169184, -0.759846, -0.369647, 0.064041, 0.926963, 0.915928, 0.192955, 0.351916, -0.156326, 0.979115, -0.129982),
      ["RightUpperArm"] = CFrame.new(-0.286143, -1.206802, 0.270293, 0.965336, 0.184650, -0.184473, -0.238927, 0.340634, -0.909330, -0.105070, 0.921885, 0.372945),
      ["RightUpperLeg"] = CFrame.new(-0.140083, -0.002619, -0.349211, 0.969437, -0.033734, -0.243010, 0.082991, 0.977201, 0.195425, 0.230877, -0.209620, 0.950134),
      ["рҹҢ§пёҸрҹҳірҹ‘»рҹҸіпёҸвҖҚрҹҢҲрҹҳӮрҹ’һрҹҸҙвҖҚвҳ пёҸрҹҺёрҹҢ§пёҸрҹҳірҹ‘»рҹҸіпёҸвҖҚрҹҢҲрҹҳӮрҹ’һрҹҸҙвҖҚвҳ"] = CFrame.new(0.000000, -0.000003, -0.000001, 0.990243, -0.135219, -0.033677, 0.135680, 0.990682, 0.011809, 0.031766, -0.016263, 0.999363)
    }},
    { Time = 0.450, Data = {
      ["Head"] = CFrame.new(0.037096, 0.000000, 0.010737, 0.927791, 0.361287, -0.093142, -0.372731, 0.908637, -0.188285, 0.016607, 0.209406, 0.977688),
      ["LeftUpperArm"] = CFrame.new(-0.063975, -0.505490, 0.109557, 0.683349, -0.237504, -0.690382, -0.502363, -0.839124, -0.208571, -0.529779, 0.489349, -0.692728),
      ["LeftUpperLeg"] = CFrame.new(-0.037534, 0.006064, 0.026396, 0.998073, -0.022996, -0.057630, 0.033354, 0.982023, 0.185793, 0.052322, -0.187357, 0.980897),
      ["LowerTorso"] = CFrame.new(1.371329, -1.169912, -0.759991, -0.369627, 0.063980, 0.926975, 0.915844, 0.193503, 0.351833, -0.156863, 0.979011, -0.130119),
      ["RightUpperArm"] = CFrame.new(-0.288763, -1.210637, 0.270805, 0.965419, 0.184150, -0.184538, -0.239368, 0.345684, -0.907307, -0.103288, 0.920104, 0.377810),
      ["RightUpperLeg"] = CFrame.new(-0.139959, -0.002190, -0.349183, 0.969396, -0.034394, -0.243081, 0.083693, 0.977124, 0.195509, 0.230797, -0.209869, 0.950099),
      ["рҹҢ§пёҸрҹҳірҹ‘»рҹҸіпёҸвҖҚрҹҢҲрҹҳӮрҹ’һрҹҸҙвҖҚвҳ пёҸрҹҺёрҹҢ§пёҸрҹҳірҹ‘»рҹҸіпёҸвҖҚрҹҢҲрҹҳӮрҹ’һрҹҸҙвҖҚвҳ"] = CFrame.new(0.000000, -0.000003, -0.000001, 0.990243, -0.135219, -0.033677, 0.135680, 0.990682, 0.011809, 0.031766, -0.016263, 0.999363)
    }},
    { Time = 0.467, Data = {
      ["Head"] = CFrame.new(0.037096, -0.000000, 0.010737, 0.927940, 0.361024, -0.092676, -0.372369, 0.908872, -0.187867, 0.016406, 0.208839, 0.977812),
      ["LeftUpperArm"] = CFrame.new(-0.063939, -0.505644, 0.109586, 0.683514, -0.237208, -0.690320, -0.502210, -0.839131, -0.208916, -0.529711, 0.489482, -0.692686),
      ["LeftUpperLeg"] = CFrame.new(-0.037516, 0.006165, 0.026391, 0.998058, -0.023506, -0.057681, 0.033874, 0.981975, 0.185948, 0.052270, -0.187541, 0.980865),
      ["LowerTorso"] = CFrame.new(1.371349, -1.170437, -0.760092, -0.369613, 0.063960, 0.926982, 0.915785, 0.193898, 0.351770, -0.157241, 0.978934, -0.130241),
      ["RightUpperArm"] = CFrame.new(-0.290651, -1.213362, 0.271164, 0.965492, 0.183728, -0.184579, -0.239651, 0.349350, -0.905827, -0.101944, 0.918803, 0.381325),
      ["RightUpperLeg"] = CFrame.new(-0.139869, -0.001898, -0.349160, 0.969365, -0.034883, -0.243136, 0.084223, 0.977058, 0.195613, 0.230734, -0.210098, 0.950063),
      ["рҹҢ§пёҸрҹҳірҹ‘»рҹҸіпёҸвҖҚрҹҢҲрҹҳӮрҹ’һрҹҸҙвҖҚвҳ пёҸрҹҺёрҹҢ§пёҸрҹҳірҹ‘»рҹҸіпёҸвҖҚрҹҢҲрҹҳӮрҹ’һрҹҸҙвҖҚвҳ"] = CFrame.new(0.000000, -0.000003, -0.000001, 0.990243, -0.135219, -0.033677, 0.135680, 0.990682, 0.011809, 0.031766, -0.016263, 0.999363)
    }},
    { Time = 0.483, Data = {
      ["Head"] = CFrame.new(0.037096, 0.000000, 0.010737, 0.928084, 0.360744, -0.092326, -0.372016, 0.909071, -0.187599, 0.016256, 0.208455, 0.977897),
      ["LeftUpperArm"] = CFrame.new(-0.063917, -0.505747, 0.109588, 0.683585, -0.237028, -0.690311, -0.502088, -0.839168, -0.209057, -0.529734, 0.489505, -0.692652),
      ["LeftUpperLeg"] = CFrame.new(-0.037505, 0.006242, 0.026387, 0.998048, -0.023847, -0.057714, 0.034220, 0.981949, 0.186023, 0.052236, -0.187635, 0.980849),
      ["LowerTorso"] = CFrame.new(1.371390, -1.170667, -0.760170, -0.369606, 0.063919, 0.926988, 0.915760, 0.194052, 0.351749, -0.157400, 0.978907, -0.130257),
      ["RightUpperArm"] = CFrame.new(-0.291761, -1.215008, 0.271376, 0.965515, 0.183562, -0.184625, -0.239869, 0.351503, -0.904936, -0.101216, 0.918015, 0.383412),
      ["RightUpperLeg"] = CFrame.new(-0.139814, -0.001739, -0.349145, 0.969344, -0.035213, -0.243172, 0.084574, 0.977019, 0.195655, 0.230694, -0.210223, 0.950046),
      ["рҹҢ§пёҸрҹҳірҹ‘»рҹҸіпёҸвҖҚрҹҢҲрҹҳӮрҹ’һрҹҸҙвҖҚвҳ пёҸрҹҺёрҹҢ§пёҸрҹҳірҹ‘»рҹҸіпёҸвҖҚрҹҢҲрҹҳӮрҹ’һрҹҸҙвҖҚвҳ"] = CFrame.new(0.000000, -0.000003, -0.000001, 0.990243, -0.135219, -0.033677, 0.135680, 0.990682, 0.011809, 0.031766, -0.016263, 0.999363)
    }},
    { Time = 0.500, Data = {
      ["Head"] = CFrame.new(0.037096, -0.000000, 0.010737, 0.928223, 0.360454, -0.092061, -0.371672, 0.909271, -0.187315, 0.016190, 0.208087, 0.977976),
      ["LeftUpperArm"] = CFrame.new(-0.063903, -0.505778, 0.109596, 0.683680, -0.236945, -0.690246, -0.502030, -0.839170, -0.209188, -0.529667, 0.489542, -0.692677),
      ["LeftUpperLeg"] = CFrame.new(-0.037501, 0.006254, 0.026387, 0.998046, -0.023931, -0.057723, 0.034308, 0.981930, 0.186106, 0.052226, -0.187723, 0.980833),
      ["LowerTorso"] = CFrame.new(1.371328, -1.170781, -0.760184, -0.369606, 0.063980, 0.926984, 0.915750, 0.194140, 0.351727, -0.157461, 0.978885, -0.130345),
      ["RightUpperArm"] = CFrame.new(-0.292140, -1.215538, 0.271442, 0.965528, 0.183474, -0.184642, -0.239937, 0.352291, -0.904611, -0.100925, 0.917730, 0.384169),
      ["RightUpperLeg"] = CFrame.new(-0.139796, -0.001670, -0.349142, 0.969339, -0.035298, -0.243180, 0.084659, 0.977014, 0.195644, 0.230684, -0.210233, 0.950046),
      ["рҹҢ§пёҸрҹҳірҹ‘»рҹҸіпёҸвҖҚрҹҢҲрҹҳӮрҹ’һрҹҸҙвҖҚвҳ пёҸрҹҺёрҹҢ§пёҸрҹҳірҹ‘»рҹҸіпёҸвҖҚрҹҢҲрҹҳӮрҹ’һрҹҸҙвҖҚвҳ"] = CFrame.new(0.000000, -0.000003, -0.000001, 0.990243, -0.135219, -0.033677, 0.135680, 0.990682, 0.011809, 0.031766, -0.016263, 0.999363)
    }},
    { Time = 0.517, Data = {
      ["Head"] = CFrame.new(0.037096, 0.000000, 0.010737, 0.928334, 0.360250, -0.091736, -0.371401, 0.909420, -0.187126, 0.016014, 0.207786, 0.978043),
      ["LeftUpperArm"] = CFrame.new(-0.063917, -0.505746, 0.109588, 0.683585, -0.237028, -0.690311, -0.502088, -0.839168, -0.209057, -0.529734, 0.489505, -0.692652),
      ["LeftUpperLeg"] = CFrame.new(-0.037505, 0.006242, 0.026387, 0.998048, -0.023847, -0.057714, 0.034220, 0.981949, 0.186023, 0.052236, -0.187635, 0.980849),
      ["LowerTorso"] = CFrame.new(1.371390, -1.170667, -0.760170, -0.369606, 0.063919, 0.926988, 0.915760, 0.194052, 0.351749, -0.157400, 0.978907, -0.130257),
      ["RightUpperArm"] = CFrame.new(-0.291761, -1.215008, 0.271376, 0.965515, 0.183562, -0.184625, -0.239869, 0.351503, -0.904936, -0.101216, 0.918015, 0.383412),
      ["RightUpperLeg"] = CFrame.new(-0.139814, -0.001739, -0.349145, 0.969344, -0.035213, -0.243172, 0.084574, 0.977019, 0.195655, 0.230694, -0.210223, 0.950046),
