return {
  ["Astros getting laid "] = {
    { Time = 0.000, Data = {
      ["Cock"] = CFrame.new(0.000000, 0.000000, 0.000000, 0.996538, -0.083142, 0.000000, 0.083142, 0.996538, 0.000000, 0.000000, 0.000000, 1.000000),
      ["Head"] = CFrame.new(0.000000, 0.000000, 0.000000, 1.000000, -0.000000, 0.000000, 0.000000, 0.867122, 0.498096, -0.000000, -0.498096, 0.867122),
      ["LeftUpperArm"] = CFrame.new(0.052628, -0.005319, -0.000030, 0.942737, 0.200106, 0.266841, -0.192573, 0.979774, -0.054387, -0.272327, -0.000113, 0.962205),
      ["LeftUpperLeg"] = CFrame.new(0.001921, -0.008776, -0.032873, 0.990116, 0.123609, 0.066264, -0.127531, 0.990100, 0.058634, -0.058360, -0.066505, 0.996078),
      ["LowerTorso"] = CFrame.new(0.000000, -1.490474, 0.141582, 1.000000, 0.000000, 0.000000, 0.000000, -0.007433, -0.999972, 0.000000, 0.999972, -0.007433),
      ["RightUpperArm"] = CFrame.new(0.069119, -1.083216, -0.222597, 0.860335, 0.498809, 0.104944, -0.133902, 0.419813, -0.897679, -0.491827, 0.758252, 0.427971),
      ["RightUpperLeg"] = CFrame.new(-0.004763, 0.007674, -0.026847, 0.990527, -0.127341, -0.051379, 0.131884, 0.986438, 0.097703, 0.038240, -0.103553, 0.993888)
    }},
    { Time = 0.017, Data = {
      ["Cock"] = CFrame.new(0.000000, 0.000000, 0.000000, 0.996530, -0.083228, 0.000000, 0.083228, 0.996530, 0.000000, 0.000000, 0.000000, 1.000000),
      ["Head"] = CFrame.new(0.000000, 0.000000, -0.000000, 1.000000, -0.000000, 0.000000, 0.000000, 0.866588, 0.499025, -0.000000, -0.499025, 0.866588),
      ["LeftUpperArm"] = CFrame.new(0.052292, -0.005251, 0.000166, 0.943130, 0.198828, 0.266409, -0.191166, 0.980034, -0.054669, -0.271960, 0.000631, 0.962308),
      ["LeftUpperLeg"] = CFrame.new(0.001921, -0.008776, -0.032873, 0.990116, 0.123609, 0.066264, -0.127531, 0.990100, 0.058634, -0.058360, -0.066505, 0.996078),
      ["LowerTorso"] = CFrame.new(0.000000, -1.490485, 0.141582, 1.000000, 0.000000, 0.000000, 0.000000, -0.007433, -0.999972, 0.000000, 0.999972, -0.007433),
      ["RightUpperArm"] = CFrame.new(0.069139, -1.083247, -0.222479, 0.860302, 0.498882, 0.104871, -0.133943, 0.419693, -0.897729, -0.491874, 0.758271, 0.427884),
      ["RightUpperLeg"] = CFrame.new(-0.004763, 0.007674, -0.026847, 0.990527, -0.127341, -0.051379, 0.131884, 0.986438, 0.097703, 0.038240, -0.103553, 0.993888)
    }},
    { Time = 0.033, Data = {
      ["Cock"] = CFrame.new(0.000000, 0.000000, 0.000000, 0.996523, -0.083315, 0.000000, 0.083315, 0.996523, 0.000000, 0.000000, 0.000000, 1.000000),
      ["Head"] = CFrame.new(0.000000, 0.000000, -0.000000, 1.000000, -0.000000, 0.000000, 0.000000, 0.866052, 0.499954, -0.000000, -0.499954, 0.866052),
      ["LeftUpperArm"] = CFrame.new(0.051934, -0.005179, 0.000365, 0.943537, 0.197466, 0.265981, -0.189675, 0.980309, -0.054939, -0.271592, 0.001388, 0.962412),
      ["LeftUpperLeg"] = CFrame.new(0.001921, -0.008775, -0.032876, 0.990116, 0.123612, 0.066258, -0.127529, 0.990105, 0.058548, -0.058365, -0.066419, 0.996083),
      ["LowerTorso"] = CFrame.new(0.000000, -1.490520, 0.141582, 1.000000, 0.000000, 0.000000, 0.000000, -0.007433, -0.999972, 0.000000, 0.999972, -0.007433),
      ["RightUpperArm"] = CFrame.new(0.069205, -1.083316, -0.222143, 0.860171, 0.499134, 0.104745, -0.134046, 0.419420, -0.897841, -0.492075, 0.758256, 0.427679),
      ["RightUpperLeg"] = CFrame.new(-0.004763, 0.007675, -0.026849, 0.990527, -0.127344, -0.051373, 0.131882, 0.986447, 0.097617, 0.038246, -0.103468, 0.993897)
    }},
    { Time = 0.050, Data = {
      ["Cock"] = CFrame.new(0.000000, 0.000000, 0.000000, 0.996502, -0.083573, 0.000000, 0.083573, 0.996502, 0.000000, 0.000000, 0.000000, 1.000000),
      ["Head"] = CFrame.new(0.000000, 0.000000, 0.000000, 1.000000, -0.000000, 0.000000, 0.000000, 0.865471, 0.500960, -0.000000, -0.500960, 0.865471),
      ["LeftUpperArm"] = CFrame.new(0.051575, -0.005107, 0.000564, 0.943941, 0.196103, 0.265553, -0.188183, 0.980581, -0.055211, -0.271223, 0.002143, 0.962514),
      ["LeftUpperLeg"] = CFrame.new(0.001921, -0.008774, -0.032878, 0.990116, 0.123615, 0.066253, -0.127526, 0.990111, 0.058462, -0.058371, -0.066333, 0.996089),
      ["LowerTorso"] = CFrame.new(0.000000, -1.490702, 0.141582, 1.000000, 0.000000, 0.000000, 0.000000, -0.007311, -0.999973, 0.000000, 0.999973, -0.007311),
      ["RightUpperArm"] = CFrame.new(0.069290, -1.083415, -0.221575, 0.860006, 0.499459, 0.104545, -0.134190, 0.419026, -0.898004, -0.492323, 0.758260, 0.427387),
      ["RightUpperLeg"] = CFrame.new(-0.004763, 0.007676, -0.026852, 0.990527, -0.127346, -0.051368, 0.131880, 0.986456, 0.097531, 0.038252, -0.103382, 0.993906)
    }},
    { Time = 0.067, Data = {
      ["Cock"] = CFrame.new(0.000000, 0.000000, 0.000000, 0.996480, -0.083831, 0.000000, 0.083831, 0.996480, 0.000000, 0.000000, 0.000000, 1.000000),
      ["Head"] = CFrame.new(0.000000, 0.000000, -0.000000, 1.000000, -0.000000, 0.000000, 0.000000, 0.864933, 0.501888, -0.000000, -0.501888, 0.864933),
      ["LeftUpperArm"] = CFrame.new(0.051242, -0.005041, 0.000779, 0.944304, 0.194836, 0.265198, -0.186761, 0.980831, -0.055587, -0.270945, 0.002963, 0.962590),
      ["LeftUpperLeg"] = CFrame.new(0.001921, -0.008772, -0.032881, 0.990116, 0.123618, 0.066248, -0.127524, 0.990116, 0.058376, -0.058376, -0.066248, 0.996094),
      ["LowerTorso"] = CFrame.new(0.000000, -1.490906, 0.141581, 1.000000, 0.000000, 0.000000, 0.000000, -0.007190, -0.999974, 0.000000, 0.999974, -0.007190),
      ["RightUpperArm"] = CFrame.new(0.069430, -1.083562, -0.220793, 0.859742, 0.499990, 0.104178, -0.134509, 0.418445, -0.898226, -0.492697, 0.758230, 0.427008),
      ["RightUpperLeg"] = CFrame.new(-0.004763, 0.007676, -0.026855, 0.990527, -0.127348, -0.051362, 0.131879, 0.986465, 0.097446, 0.038258, -0.103296, 0.993915)
    }},
    { Time = 0.083, Data = {
      ["Cock"] = CFrame.new(0.000000, 0.000000, 0.000000, 0.996444, -0.084262, 0.000000, 0.084262, 0.996444, 0.000000, 0.000000, 0.000000, 1.000000),
      ["Head"] = CFrame.new(0.000000, -0.000000, 0.000000, 1.000000, -0.000000, 0.000000, 0.000000, 0.864394, 0.502816, -0.000000, -0.502816, 0.864394),
      ["LeftUpperArm"] = CFrame.new(0.050905, -0.004975, 0.000975, 0.944687, 0.193556, 0.264768, -0.185354, 0.981082, -0.055872, -0.270574, 0.003705, 0.962692),
      ["LeftUpperLeg"] = CFrame.new(0.001921, -0.008770, -0.032887, 0.990116, 0.123623, 0.066237, -0.127518, 0.990127, 0.058204, -0.058387, -0.066076, 0.996105),
      ["LowerTorso"] = CFrame.new(0.000000, -1.491132, 0.141580, 1.000000, 0.000000, 0.000000, 0.000000, -0.007068, -0.999975, 0.000000, 0.999975, -0.007068),
      ["RightUpperArm"] = CFrame.new(0.069599, -1.083739, -0.219790, 0.859413, 0.500634, 0.103804, -0.134822, 0.417744, -0.898506, -0.493186, 0.758193, 0.426511),
      ["RightUpperLeg"] = CFrame.new(-0.004763, 0.007678, -0.026861, 0.990527, -0.127353, -0.051351, 0.131875, 0.986482, 0.097274, 0.038269, -0.103124, 0.993932)
    }},
    { Time = 0.100, Data = {
      ["Cock"] = CFrame.new(0.000000, 0.000000, 0.000000, 0.996400, -0.084778, 0.000000, 0.084778, 0.996400, 0.000000, 0.000000, 0.000000, 1.000000),
      ["Head"] = CFrame.new(0.000000, 0.000000, -0.000000, 1.000000, -0.000000, 0.000000, 0.000000, 0.863854, 0.503743, -0.000000, -0.503743, 0.863854),
      ["LeftUpperArm"] = CFrame.new(0.050568, -0.004910, 0.001170, 0.945069, 0.192276, 0.264339, -0.183946, 0.981331, -0.056156, -0.270202, 0.004448, 0.962793),
      ["LeftUpperLeg"] = CFrame.new(0.001924, -0.008766, -0.032849, 0.990122, 0.123632, 0.066140, -0.127511, 0.990138, 0.058038, -0.058312, -0.065898, 0.996121),
      ["LowerTorso"] = CFrame.new(0.000000, -1.491381, 0.141579, 1.000000, 0.000000, 0.000000, 0.000000, -0.006946, -0.999976, 0.000000, 0.999976, -0.006946),
      ["RightUpperArm"] = CFrame.new(0.069817, -1.083978, -0.218565, 0.858985, 0.501462, 0.103351, -0.135169, 0.416801, -0.898892, -0.493836, 0.758164, 0.425808),
      ["RightUpperLeg"] = CFrame.new(-0.004763, 0.007680, -0.026867, 0.990527, -0.127357, -0.051340, 0.131872, 0.986499, 0.097102, 0.038280, -0.102953, 0.993949)
    }},
    { Time = 0.117, Data = {
      ["Cock"] = CFrame.new(0.000000, 0.000000, 0.000000, 0.996356, -0.085295, 0.000000, 0.085295, 0.996356, 0.000000, 0.000000, 0.000000, 1.000000),
      ["Head"] = CFrame.new(0.000000, -0.000000, 0.000000, 1.000000, -0.000000, 0.000000, 0.000000, 0.863358, 0.504592, -0.000000, -0.504592, 0.863358),
      ["LeftUpperArm"] = CFrame.new(0.050232, -0.004845, 0.001363, 0.945425, 0.190995, 0.263994, -0.182536, 0.981577, -0.056450, -0.269912, 0.005181, 0.962871),
      ["LeftUpperLeg"] = CFrame.new(0.001924, -0.008763, -0.032855, 0.990122, 0.123638, 0.066129, -0.127506, 0.990148, 0.057866, -0.058324, -0.065726, 0.996132),
      ["LowerTorso"] = CFrame.new(0.000000, -1.491776, 0.141577, 1.000000, 0.000000, 0.000000, 0.000000, -0.006703, -0.999978, 0.000000, 0.999978, -0.006703),
      ["RightUpperArm"] = CFrame.new(0.070060, -1.084256, -0.217119, 0.858520, 0.502388, 0.102708, -0.135671, 0.415703, -0.899325, -0.494506, 0.758154, 0.425049),
      ["RightUpperLeg"] = CFrame.new(-0.004763, 0.007682, -0.026872, 0.990527, -0.127361, -0.051329, 0.131869, 0.986517, 0.096931, 0.038292, -0.102781, 0.993967)
    }},
    { Time = 0.133, Data = {
      ["Cock"] = CFrame.new(0.000000, 0.000000, 0.000000, 0.996297, -0.085983, 0.000000, 0.085983, 0.996297, 0.000000, 0.000000, 0.000000, 1.000000),
      ["Head"] = CFrame.new(0.000000, -0.000000, -0.000000, 1.000000, -0.000000, 0.000000, 0.000000, 0.862816, 0.505519, -0.000000, -0.505519, 0.862816),
      ["LeftUpperArm"] = CFrame.new(0.049914, -0.004784, 0.001532, 0.945786, 0.189786, 0.263572, -0.181224, 0.981808, -0.056663, -0.269531, 0.005825, 0.962974),
      ["LeftUpperLeg"] = CFrame.new(0.001924, -0.008760, -0.032863, 0.990122, 0.123646, 0.066113, -0.127498, 0.990164, 0.057608, -0.058340, -0.065468, 0.996148),
      ["LowerTorso"] = CFrame.new(0.000000, -1.492191, 0.141576, 1.000000, 0.000000, 0.000000, 0.000000, -0.006460, -0.999979, 0.000000, 0.999979, -0.006460),
      ["RightUpperArm"] = CFrame.new(0.070344, -1.084565, -0.215472, 0.857958, 0.503466, 0.102125, -0.136118, 0.414482, -0.899820, -0.495358, 0.758107, 0.424139),
      ["RightUpperLeg"] = CFrame.new(-0.004763, 0.007684, -0.026881, 0.990527, -0.127368, -0.051313, 0.131864, 0.986543, 0.096673, 0.038309, -0.102524, 0.993993)
    }},
    { Time = 0.150, Data = {
      ["Cock"] = CFrame.new(0.000000, 0.000000, 0.000000, 0.996237, -0.086672, 0.000000, 0.086672, 0.996237, 0.000000, 0.000000, 0.000000, 1.000000),
      ["Head"] = CFrame.new(0.000000, 0.000000, -0.000000, 1.000000, -0.000000, 0.000000, 0.000000, 0.862318, 0.506367, -0.000000, -0.506367, 0.862318),
      ["LeftUpperArm"] = CFrame.new(0.049599, -0.004725, 0.001722, 0.946122, 0.188589, 0.263226, -0.179897, 0.982034, -0.056969, -0.269240, 0.006546, 0.963051),
      ["LeftUpperLeg"] = CFrame.new(0.001924, -0.008756, -0.032871, 0.990122, 0.123655, 0.066097, -0.127491, 0.990180, 0.057350, -0.058357, -0.065210, 0.996164),
      ["LowerTorso"] = CFrame.new(0.000000, -1.492628, 0.141574, 1.000000, 0.000000, 0.000000, 0.000000, -0.006216, -0.999981, 0.000000, 0.999981, -0.006216),
      ["RightUpperArm"] = CFrame.new(0.070653, -1.084913, -0.213612, 0.857359, 0.504642, 0.101352, -0.136718, 0.413105, -0.900362, -0.496230, 0.758077, 0.423173),
      ["RightUpperLeg"] = CFrame.new(-0.004765, 0.007689, -0.026846, 0.990531, -0.127379, -0.051210, 0.131855, 0.986568, 0.096422, 0.038240, -0.102261, 0.994022)
    }},
    { Time = 0.167, Data = {
      ["Cock"] = CFrame.new(0.000000, 0.000000, 0.000000, 0.996162, -0.087533, 0.000000, 0.087533, 0.996162, 0.000000, 0.000000, 0.000000, 1.000000),
      ["Head"] = CFrame.new(0.000000, -0.000000, 0.000000, 1.000000, -0.000000, 0.000000, 0.000000, 0.861819, 0.507216, -0.000000, -0.507216, 0.861819),
      ["LeftUpperArm"] = CFrame.new(0.049284, -0.004666, 0.001911, 0.946456, 0.187391, 0.262879, -0.178571, 0.982259, -0.057275, -0.268948, 0.007266, 0.963127),
      ["LeftUpperLeg"] = CFrame.new(0.001924, -0.008752, -0.032879, 0.990122, 0.123663, 0.066081, -0.127483, 0.990196, 0.057092, -0.058373, -0.064952, 0.996180),
      ["LowerTorso"] = CFrame.new(0.000000, -1.493209, 0.141572, 1.000000, 0.000000, 0.000000, 0.000000, -0.005851, -0.999983, 0.000000, 0.999983, -0.005851),
      ["RightUpperArm"] = CFrame.new(0.071009, -1.085301, -0.211559, 0.856659, 0.505995, 0.100524, -0.137376, 0.411571, -0.900965, -0.497256, 0.758010, 0.422087),
      ["RightUpperLeg"] = CFrame.new(-0.004765, 0.007692, -0.026858, 0.990531, -0.127388, -0.051188, 0.131848, 0.986603, 0.096079, 0.038263, -0.101918, 0.994057)
    }},
    { Time = 0.183, Data = {
      ["Cock"] = CFrame.new(0.000000, 0.000000, 0.000000, 0.996086, -0.088393, 0.000000, 0.088393, 0.996086, 0.000000, 0.000000, 0.000000, 1.000000),
      ["Head"] = CFrame.new(0.000000, -0.000000, 0.000000, 1.000000, -0.000000, 0.000000, 0.000000, 0.861365, 0.507987, -0.000000, -0.507987, 0.861365),
      ["LeftUpperArm"] = CFrame.new(0.048988, -0.004611, 0.002075, 0.946773, 0.186265, 0.262539, -0.177341, 0.982468, -0.057509, -0.268649, 0.007889, 0.963206),
      ["LeftUpperLeg"] = CFrame.new(0.001927, -0.008746, -0.032848, 0.990127, 0.123678, 0.065974, -0.127471, 0.990217, 0.056754, -0.058309, -0.064603, 0.996206),
      ["LowerTorso"] = CFrame.new(0.000000, -1.493688, 0.141571, 1.000000, 0.000000, 0.000000, 0.000000, -0.005608, -0.999984, 0.000000, 0.999984, -0.005608),
      ["RightUpperArm"] = CFrame.new(0.071384, -1.085720, -0.209307, 0.855922, 0.507419, 0.099619, -0.138072, 0.409912, -0.901614, -0.498331, 0.757957, 0.420913),
      ["RightUpperLeg"] = CFrame.new(-0.004765, 0.007694, -0.026866, 0.990531, -0.127395, -0.051171, 0.131843, 0.986628, 0.095821, 0.038280, -0.101660, 0.994082)
    }},
    { Time = 0.200, Data = {
      ["Cock"] = CFrame.new(0.000000, 0.000000, 0.000000, 0.995993, -0.089426, 0.000000, 0.089426, 0.995993, 0.000000, 0.000000, 0.000000, 1.000000),
      ["Head"] = CFrame.new(0.000000, 0.000000, -0.000000, 1.000000, -0.000000, 0.000000, 0.000000, 0.860910, 0.508757, -0.000000, -0.508757, 0.860910),
      ["LeftUpperArm"] = CFrame.new(0.048692, -0.004556, 0.002238, 0.947087, 0.185139, 0.262200, -0.176110, 0.982675, -0.057743, -0.268348, 0.008512, 0.963284),
      ["LeftUpperLeg"] = CFrame.new(0.001927, -0.008741, -0.032859, 0.990127, 0.123689, 0.065952, -0.127460, 0.990238, 0.056410, -0.058331, -0.064259, 0.996227),
      ["LowerTorso"] = CFrame.new(0.000000, -1.494307, 0.141569, 1.000000, 0.000000, 0.000000, 0.000000, -0.005242, -0.999986, 0.000000, 0.999986, -0.005242),
      ["RightUpperArm"] = CFrame.new(0.071804, -1.086180, -0.206873, 0.855083, 0.509018, 0.098656, -0.138825, 0.408094, -0.902323, -0.499560, 0.757865, 0.419619),
      ["RightUpperLeg"] = CFrame.new(-0.004765, 0.007698, -0.026878, 0.990531, -0.127404, -0.051149, 0.131836, 0.986663, 0.095478, 0.038303, -0.101317, 0.994117)
    }},
    { Time = 0.217, Data = {
      ["Cock"] = CFrame.new(0.000000, 0.000000, 0.000000, 0.995900, -0.090459, 0.000000, 0.090459, 0.995900, 0.000000, 0.000000, 0.000000, 1.000000),
      ["Head"] = CFrame.new(0.000000, 0.000000, -0.000000, 1.000000, -0.000000, 0.000000, 0.000000, 0.860454, 0.509527, -0.000000, -0.509527, 0.860454),
      ["LeftUpperArm"] = CFrame.new(0.048418, -0.004506, 0.002399, 0.947385, 0.184097, 0.261858, -0.174964, 0.982866, -0.057989, -0.268047, 0.009122, 0.963363),
      ["LeftUpperLeg"] = CFrame.new(0.001921, -0.008777, -0.032871, 0.990116, 0.123789, 0.065928, -0.127534, 0.990253, 0.055977, -0.058356, -0.063832, 0.996253),
      ["LowerTorso"] = CFrame.new(0.000000, -1.494947, 0.141567, 1.000000, 0.000000, 0.000000, 0.000000, -0.004877, -0.999988, 0.000000, 0.999988, -0.004877),
      ["RightUpperArm"] = CFrame.new(0.072243, -1.086671, -0.204253, 0.854207, 0.510688, 0.097616, -0.139615, 0.406149, -0.903078, -0.500838, 0.757787, 0.418235),
      ["RightUpperLeg"] = CFrame.new(-0.004767, 0.007704, -0.026849, 0.990535, -0.127419, -0.051036, 0.131824, 0.986705, 0.095055, 0.038246, -0.100883, 0.994163)
    }},
    { Time = 0.233, Data = {
      ["Cock"] = CFrame.new(0.000000, 0.000000, 0.000000, 0.995806, -0.091492, 0.000000, 0.091492, 0.995806, 0.000000, 0.000000, 0.000000, 1.000000),
      ["Head"] = CFrame.new(0.000000, -0.000000, 0.000000, 1.000000, -0.000000, 0.000000, 0.000000, 0.860044, 0.510220, -0.000000, -0.510220, 0.860044),
      ["LeftUpperArm"] = CFrame.new(0.048144, -0.004457, 0.002560, 0.947681, 0.183055, 0.261517, -0.173818, 0.983054, -0.058235, -0.267745, 0.009732, 0.963441),
      ["LeftUpperLeg"] = CFrame.new(0.001921, -0.008772, -0.032882, 0.990116, 0.123801, 0.065907, -0.127523, 0.990274, 0.055633, -0.058378, -0.063488, 0.996274),
      ["LowerTorso"] = CFrame.new(0.000000, -1.495605, 0.141565, 1.000000, 0.000000, 0.000000, 0.000000, -0.004512, -0.999990, 0.000000, 0.999990, -0.004512),
      ["RightUpperArm"] = CFrame.new(0.072718, -1.087204, -0.201460, 0.853258, 0.512492, 0.096450, -0.140508, 0.404044, -0.903884, -0.502204, 0.757694, 0.416762),
      ["RightUpperLeg"] = CFrame.new(-0.004767, 0.007707, -0.026861, 0.990535, -0.127428, -0.051014, 0.131817, 0.986739, 0.094711, 0.038268, -0.100540, 0.994197)
    }},
    { Time = 0.250, Data = {
      ["Cock"] = CFrame.new(0.000000, 0.000000, 0.000000, 0.995694, -0.092696, 0.000000, 0.092696, 0.995694, 0.000000, 0.000000, 0.000000, 1.000000),
      ["Head"] = CFrame.new(0.000000, -0.000000, 0.000000, 1.000000, -0.000000, 0.000000, 0.000000, 0.859632, 0.510913, -0.000000, -0.510913, 0.859632),
      ["LeftUpperArm"] = CFrame.new(0.047889, -0.004411, 0.002692, 0.947938, 0.182086, 0.261264, -0.172765, 0.983229, -0.058416, -0.267520, 0.010237, 0.963498),
      ["LeftUpperLeg"] = CFrame.new(0.001924, -0.008765, -0.032853, 0.990121, 0.123817, 0.065794, -0.127508, 0.990300, 0.055209, -0.058320, -0.063052, 0.996305),
      ["LowerTorso"] = CFrame.new(0.000000, -1.496403, 0.141563, 1.000000, 0.000000, 0.000000, 0.000000, -0.004025, -0.999992, 0.000000, 0.999992, -0.004025),
      ["RightUpperArm"] = CFrame.new(0.073221, -1.087769, -0.198502, 0.852239, 0.514405, 0.095272, -0.141388, 0.401810, -0.904742, -0.503685, 0.757586, 0.415168),
      ["RightUpperLeg"] = CFrame.new(-0.004767, 0.007711, -0.026875, 0.990535, -0.127439, -0.050986, 0.131809, 0.986781, 0.094282, 0.038297, -0.100110, 0.994239)
    }},
    { Time = 0.267, Data = {
      ["Cock"] = CFrame.new(0.000000, 0.000000, 0.000000, 0.995573, -0.093987, 0.000000, 0.093987, 0.995573, 0.000000, 0.000000, 0.000000, 1.000000),
      ["Head"] = CFrame.new(0.000000, 0.000000, 0.000000, 1.000000, -0.000000, 0.000000, 0.000000, 0.859220, 0.511606, -0.000000, -0.511606, 0.859220),
      ["LeftUpperArm"] = CFrame.new(0.047659, -0.004370, 0.002845, 0.948177, 0.181212, 0.261002, -0.171785, 0.983384, -0.058693, -0.267301, 0.010816, 0.963552),
      ["LeftUpperLeg"] = CFrame.new(0.001924, -0.008758, -0.032867, 0.990121, 0.123832, 0.065767, -0.127496, 0.990325, 0.054779, -0.058347, -0.062622, 0.996330),
      ["LowerTorso"] = CFrame.new(0.000000, -1.497217, 0.141561, 1.000000, 0.000000, 0.000000, 0.000000, -0.003537, -0.999994, 0.000000, 0.999994, -0.003537),
      ["RightUpperArm"] = CFrame.new(0.073731, -1.088367, -0.195374, 0.851212, 0.516345, 0.093947, -0.142350, 0.399447, -0.905637, -0.505148, 0.757516, 0.413516),
      ["RightUpperLeg"] = CFrame.new(-0.004763, 0.007675, -0.026844, 0.990528, -0.127540, -0.050877, 0.131882, 0.986812, 0.093857, 0.038235, -0.099678, 0.994285)
    }},
    { Time = 0.283, Data = {
      ["Cock"] = CFrame.new(0.000000, 0.000000, 0.000000, 0.995451, -0.095277, 0.000000, 0.095277, 0.995451, 0.000000, 0.000000, 0.000000, 1.000000),
      ["Head"] = CFrame.new(0.000000, -0.000000, 0.000000, 1.000000, -0.000000, 0.000000, 0.000000, 0.858854, 0.512221, -0.000000, -0.512221, 0.858854),
      ["LeftUpperArm"] = CFrame.new(0.047426, -0.004328, 0.002976, 0.948439, 0.180327, 0.260664, -0.170819, 0.983542, -0.058879, -0.266992, 0.011316, 0.963632),
      ["LeftUpperLeg"] = CFrame.new(0.001924, -0.008751, -0.032883, 0.990121, 0.123849, 0.065735, -0.127481, 0.990356, 0.054263, -0.058381, -0.062106, 0.996361),
      ["LowerTorso"] = CFrame.new(0.000000, -1.497924, 0.141559, 1.000000, 0.000000, 0.000000, 0.000000, -0.003171, -0.999995, 0.000000, 0.999995, -0.003171),
      ["RightUpperArm"] = CFrame.new(0.074297, -1.089007, -0.192112, 0.850047, 0.518499, 0.092628, -0.143317, 0.396919, -0.906595, -0.506834, 0.757373, 0.411709),
      ["RightUpperLeg"] = CFrame.new(-0.004763, 0.007680, -0.026861, 0.990528, -0.127553, -0.050843, 0.131872, 0.986862, 0.093342, 0.038269, -0.099163, 0.994335)
    }},
    { Time = 0.300, Data = {
      ["Cock"] = CFrame.new(0.000000, 0.000000, 0.000000, 0.995326, -0.096568, 0.000000, 0.096568, 0.995326, 0.000000, 0.000000, 0.000000, 1.000000),
      ["Head"] = CFrame.new(0.000000, 0.000000, -0.000000, 1.000000, -0.000000, 0.000000, 0.000000, 0.858533, 0.512759, -0.000000, -0.512759, 0.858533),
      ["LeftUpperArm"] = CFrame.new(0.047215, -0.004291, 0.003103, 0.948661, 0.179526, 0.260408, -0.169935, 0.983683, -0.059083, -0.266765, 0.011797, 0.963689),
      ["LeftUpperLeg"] = CFrame.new(0.001927, -0.008743, -0.032854, 0.990127, 0.123866, 0.065622, -0.127466, 0.990381, 0.053838, -0.058322, -0.061671, 0.996391),
      ["LowerTorso"] = CFrame.new(0.000000, -1.498770, 0.141558, 1.000000, 0.000000, 0.000000, 0.000000, -0.002684, -0.999996, 0.000000, 0.999996, -0.002684),
      ["RightUpperArm"] = CFrame.new(0.074869, -1.089658, -0.188709, 0.848872, 0.520673, 0.091188, -0.144391, 0.394348, -0.907546, -0.508495, 0.757224, 0.409932),
      ["RightUpperLeg"] = CFrame.new(-0.004763, 0.007685, -0.026878, 0.990528, -0.127566, -0.050810, 0.131862, 0.986912, 0.092827, 0.038304, -0.098648, 0.994385)
    }},
    { Time = 0.317, Data = {
      ["Cock"] = CFrame.new(0.000000, 0.000000, 0.000000, 0.995183, -0.098030, 0.000000, 0.098030, 0.995183, 0.000000, 0.000000, 0.000000, 1.000000),
      ["Head"] = CFrame.new(0.000000, -0.000000, 0.000000, 1.000000, -0.000000, 0.000000, 0.000000, 0.858211, 0.513297, -0.000000, -0.513297, 0.858211),
      ["LeftUpperArm"] = CFrame.new(0.047002, -0.004254, 0.003205, 0.948860, 0.178714, 0.260243, -0.169060, 0.983826, -0.059210, -0.266615, 0.012185, 0.963726),
      ["LeftUpperLeg"] = CFrame.new(0.001921, -0.008778, -0.032869, 0.990116, 0.123968, 0.065592, -0.127536, 0.990400, 0.053319, -0.058353, -0.061158, 0.996421),
      ["LowerTorso"] = CFrame.new(0.000000, -1.499751, 0.141557, 1.000000, 0.000000, 0.000000, 0.000000, -0.002074, -0.999998, 0.000000, 0.999998, -0.002074),
      ["RightUpperArm"] = CFrame.new(0.075452, -1.090333, -0.185171, 0.847660, 0.522889, 0.089781, -0.145384, 0.391681, -0.908543, -0.510232, 0.757082, 0.408032),
      ["RightUpperLeg"] = CFrame.new(-0.004765, 0.007691, -0.026849, 0.990532, -0.127582, -0.050697, 0.131850, 0.986953, 0.092404, 0.038246, -0.098213, 0.994430)
    }},
    { Time = 0.333, Data = {
      ["Cock"] = CFrame.new(0.000000, 0.000000, 0.000000, 0.995038, -0.099492, 0.000000, 0.099492, 0.995038, 0.000000, 0.000000, 0.000000, 1.000000),
      ["Head"] = CFrame.new(0.000000, 0.000000, -0.000000, 1.000000, -0.000000, 0.000000, 0.000000, 0.857889, 0.513835, -0.000000, -0.513835, 0.857889),
      ["LeftUpperArm"] = CFrame.new(0.046810, -0.004220, 0.003306, 0.949066, 0.177986, 0.259992, -0.168272, 0.983953, -0.059341, -0.266381, 0.012569, 0.963786),
      ["LeftUpperLeg"] = CFrame.new(0.001921, -0.008771, -0.032886, 0.990116, 0.123986, 0.065560, -0.127521, 0.990429, 0.052803, -0.058386, -0.060642, 0.996451),
      ["LowerTorso"] = CFrame.new(0.000000, -1.500623, 0.141556, 1.000000, 0.000000, 0.000000, 0.000000, -0.001586, -0.999999, 0.000000, 0.999999, -0.001586),
      ["RightUpperArm"] = CFrame.new(0.076057, -1.091027, -0.181519, 0.846402, 0.525190, 0.088204, -0.146549, 0.388934, -0.909535, -0.511984, 0.756906, 0.406160),
      ["RightUpperLeg"] = CFrame.new(-0.004765, 0.007697, -0.026869, 0.990532, -0.127597, -0.050658, 0.131838, 0.987011, 0.091803, 0.038286, -0.097612, 0.994488)
    }},
    { Time = 0.350, Data = {
      ["Cock"] = CFrame.new(0.000000, 0.000000, 0.000000, 0.994891, -0.100954, 0.000000, 0.100954, 0.994891, 0.000000, 0.000000, 0.000000, 1.000000),
      ["Head"] = CFrame.new(0.000000, 0.000000, 0.000000, 1.000000, -0.000000, 0.000000, 0.000000, 0.857613, 0.514296, -0.000000, -0.514296, 0.857613),
      ["LeftUpperArm"] = CFrame.new(0.046641, -0.004191, 0.003401, 0.949232, 0.177342, 0.259822, -0.167566, 0.984064, -0.059491, -0.266232, 0.012933, 0.963822),
      ["LeftUpperLeg"] = CFrame.new(0.001924, -0.008761, -0.032862, 0.990121, 0.124008, 0.065436, -0.127501, 0.990463, 0.052207, -0.058338, -0.060034, 0.996490),
      ["LowerTorso"] = CFrame.new(0.000000, -1.501507, 0.141555, 1.000000, 0.000000, 0.000000, 0.000000, -0.001098, -0.999999, 0.000000, 0.999999, -0.001098),
      ["RightUpperArm"] = CFrame.new(0.076690, -1.091756, -0.177758, 0.845069, 0.527596, 0.086610, -0.147697, 0.386052, -0.910576, -0.513853, 0.756707, 0.404165),
      ["RightUpperLeg"] = CFrame.new(-0.004767, 0.007704, -0.026844, 0.990535, -0.127614, -0.050539, 0.131825, 0.987060, 0.091294, 0.038235, -0.097092, 0.994541)
    }},
    { Time = 0.367, Data = {
      ["Cock"] = CFrame.new(0.000000, 0.000000, 0.000000, 0.994733, -0.102502, 0.000000, 0.102502, 0.994733, 0.000000, 0.000000, 0.000000, 1.000000),
      ["Head"] = CFrame.new(0.000000, 0.000000, -0.000000, 1.000000, -0.000000, 0.000000, 0.000000, 0.857382, 0.514680, -0.000000, -0.514680, 0.857382),
      ["LeftUpperArm"] = CFrame.new(0.046494, -0.004166, 0.003494, 0.949384, 0.176784, 0.259650, -0.166945, 0.984160, -0.059652, -0.266082, 0.013286, 0.963859),
      ["LeftUpperLeg"] = CFrame.new(0.001924, -0.008754, -0.032879, 0.990121, 0.124025, 0.065404, -0.127486, 0.990493, 0.051691, -0.058371, -0.059518, 0.996519),
      ["LowerTorso"] = CFrame.new(0.000000, -1.503012, 0.141555, 1.000000, 0.000000, 0.000000, 0.000000, 0.000000, -1.000000, 0.000000, 1.000000, 0.000000),
      ["RightUpperArm"] = CFrame.new(0.077333, -1.092511, -0.173893, 0.843696, 0.530041, 0.085048, -0.148761, 0.383072, -0.911661, -0.515797, 0.756513, 0.402046),
      ["RightUpperLeg"] = CFrame.new(-0.004767, 0.007709, -0.026861, 0.990535, -0.127627, -0.050506, 0.131815, 0.987109, 0.090779, 0.038269, -0.096577, 0.994590)
    }},
    { Time = 0.383, Data = {
      ["Cock"] = CFrame.new(0.000000, 0.000000, 0.000000, 0.994572, -0.104049, 0.000000, 0.104049, 0.994572, 0.000000, 0.000000, 0.000000, 1.000000),
      ["Head"] = CFrame.new(0.000000, 0.000000, -0.000000, 1.000000, -0.000000, 0.000000, 0.000000, 0.857152, 0.515064, -0.000000, -0.515064, 0.857152),
      ["LeftUpperArm"] = CFrame.new(0.046366, -0.004144, 0.003561, 0.949520, 0.176298, 0.259483, -0.166419, 0.984244, -0.059740, -0.265926, 0.013541, 0.963898),
      ["LeftUpperLeg"] = CFrame.new(0.001927, -0.008743, -0.032855, 0.990127, 0.124047, 0.065281, -0.127466, 0.990526, 0.051094, -0.058324, -0.058911, 0.996558),
      ["LowerTorso"] = CFrame.new(0.000000, -1.503428, 0.141554, 1.000000, 0.000000, 0.000000, 0.000000, 0.000000, -1.000000, 0.000000, 1.000000, 0.000000),
      ["RightUpperArm"] = CFrame.new(0.077981, -1.093277, -0.169939, 0.842312, 0.532505, 0.083362, -0.149930, 0.380045, -0.912736, -0.517718, 0.756310, 0.399955),
      ["RightUpperLeg"] = CFrame.new(-0.004761, 0.007672, -0.026879, 0.990524, -0.127728, -0.050471, 0.131889, 0.987154, 0.090176, 0.038305, -0.095978, 0.994646)
    }},
    { Time = 0.400, Data = {
      ["Cock"] = CFrame.new(0.000000, 0.000000, 0.000000, 0.994400, -0.105683, 0.000000, 0.105683, 0.994400, 0.000000, 0.000000, 0.000000, 1.000000),
      ["Head"] = CFrame.new(0.000000, 0.000000, -0.000000, 1.000000, -0.000000, 0.000000, 0.000000, 0.856967, 0.515371, -0.000000, -0.515371, 0.856967),
      ["LeftUpperArm"] = CFrame.new(0.046242, -0.004123, 0.003651, 0.949656, 0.175823, 0.259308, -0.165882, 0.984324, -0.059913, -0.265777, 0.013882, 0.963935),
      ["LeftUpperLeg"] = CFrame.new(0.001921, -0.008777, -0.032873, 0.990116, 0.124153, 0.065245, -0.127534, 0.990548, 0.050489, -0.058360, -0.058311, 0.996591),
      ["LowerTorso"] = CFrame.new(0.000000, -1.504463, 0.141555, 1.000000, 0.000000, 0.000000, 0.000000, 0.000610, -1.000000, 0.000000, 1.000000, 0.000610),
      ["RightUpperArm"] = CFrame.new(0.078644, -1.094055, -0.165913, 0.840883, 0.535027, 0.081620, -0.151156, 0.376971, -0.913808, -0.519681, 0.756068, 0.397861),
      ["RightUpperLeg"] = CFrame.new(-0.004763, 0.007679, -0.026856, 0.990528, -0.127748, -0.050346, 0.131873, 0.987211, 0.089581, 0.038259, -0.095371, 0.994706)
    }},
    { Time = 0.417, Data = {
      ["Cock"] = CFrame.new(0.000000, 0.000000, 0.000000, 0.994225, -0.107316, 0.000000, 0.107316, 0.994225, 0.000000, 0.000000, 0.000000, 1.000000),
      ["Head"] = CFrame.new(0.000000, 0.000000, -0.000000, 1.000000, -0.000000, 0.000000, 0.000000, 0.856829, 0.515601, -0.000000, -0.515601, 0.856829),
      ["LeftUpperArm"] = CFrame.new(0.046155, -0.004108, 0.003688, 0.949738, 0.175496, 0.259227, -0.165535, 0.984380, -0.059945, -0.265698, 0.014021, 0.963954),
      ["LeftUpperLeg"] = CFrame.new(0.001924, -0.008769, -0.032847, 0.990121, 0.124172, 0.065127, -0.127517, 0.990576, 0.049979, -0.058307, -0.057790, 0.996625),
      ["LowerTorso"] = CFrame.new(0.000000, -1.505505, 0.141555, 1.000000, 0.000000, 0.000000, 0.000000, 0.001220, -0.999999, 0.000000, 0.999999, 0.001220),
      ["RightUpperArm"] = CFrame.new(0.079334, -1.094868, -0.161824, 0.839376, 0.537652, 0.079858, -0.152361, 0.373759, -0.914927, -0.521760, 0.755801, 0.395641),
      ["RightUpperLeg"] = CFrame.new(-0.004763, 0.007685, -0.026876, 0.990528, -0.127763, -0.050308, 0.131862, 0.987266, 0.088980, 0.038299, -0.094771, 0.994762)
    }},
    { Time = 0.433, Data = {
      ["Cock"] = CFrame.new(-0.000000, -0.000000, 0.000000, 0.994047, -0.108949, 0.000000, 0.108949, 0.994047, 0.000000, 0.000000, 0.000000, 1.000000),
      ["Head"] = CFrame.new(0.000000, 0.000000, 0.000000, 1.000000, -0.000000, 0.000000, 0.000000, 0.856690, 0.515832, -0.000000, -0.515832, 0.856690),
      ["LeftUpperArm"] = CFrame.new(0.046072, -0.004094, 0.003747, 0.949821, 0.175180, 0.259138, -0.165176, 0.984433, -0.060063, -0.265626, 0.014246, 0.963971),
      ["LeftUpperLeg"] = CFrame.new(0.001924, -0.008760, -0.032866, 0.990121, 0.124192, 0.065089, -0.127499, 0.990609, 0.049377, -0.058346, -0.057188, 0.996657),
      ["LowerTorso"] = CFrame.new(0.000000, -1.506552, 0.141556, 1.000000, 0.000000, 0.000000, 0.000000, 0.001830, -0.999998, 0.000000, 0.999998, 0.001830),
      ["RightUpperArm"] = CFrame.new(0.080006, -1.095675, -0.157671, 0.837898, 0.540206, 0.078136, -0.153491, 0.370571, -0.916034, -0.523801, 0.755549, 0.393418),
      ["RightUpperLeg"] = CFrame.new(-0.004765, 0.007692, -0.026850, 0.990532, -0.127780, -0.050188, 0.131848, 0.987314, 0.088470, 0.038247, -0.094250, 0.994814)
    }},
    { Time = 0.450, Data = {
      ["Cock"] = CFrame.new(0.000000, 0.000000, 0.000000, 0.993858, -0.110667, 0.000000, 0.110667, 0.993858, 0.000000, 0.000000, 0.000000, 1.000000),
      ["Head"] = CFrame.new(0.000000, 0.000000, -0.000000, 1.000000, -0.000000, 0.000000, 0.000000, 0.856597, 0.515985, -0.000000, -0.515985, 0.856597),
      ["LeftUpperArm"] = CFrame.new(0.046008, -0.004083, 0.003780, 0.949888, 0.174937, 0.259055, -0.164914, 0.984475, -0.060107, -0.265548, 0.014373, 0.963990),
      ["LeftUpperLeg"] = CFrame.new(0.001924, -0.008751, -0.032885, 0.990121, 0.124212, 0.065052, -0.127481, 0.990641, 0.048774, -0.058385, -0.056585, 0.996689),
      ["LowerTorso"] = CFrame.new(0.000000, -1.507605, 0.141557, 1.000000, 0.000000, 0.000000, 0.000000, 0.002440, -0.999997, 0.000000, 0.999997, 0.002440),
      ["RightUpperArm"] = CFrame.new(0.080682, -1.096495, -0.153475, 0.836406, 0.542776, 0.076290, -0.154725, 0.367335, -0.917129, -0.525819, 0.755288, 0.391222),
      ["RightUpperLeg"] = CFrame.new(-0.004765, 0.007699, -0.026873, 0.990532, -0.127798, -0.050144, 0.131834, 0.987377, 0.087784, 0.038293, -0.093563, 0.994877)
    }},
    { Time = 0.467, Data = {
      ["Cock"] = CFrame.new(0.000000, 0.000000, 0.000000, 0.993674, -0.112300, 0.000000, 0.112300, 0.993674, 0.000000, 0.000000, 0.000000, 1.000000),
      ["Head"] = CFrame.new(0.000000, 0.000000, -0.000000, 1.000000, -0.000000, 0.000000, 0.000000, 0.856505, 0.516139, -0.000000, -0.516139, 0.856505),
      ["LeftUpperArm"] = CFrame.new(0.045944, -0.004072, 0.003814, 0.949956, 0.174693, 0.258972, -0.164651, 0.984516, -0.060151, -0.265470, 0.014501, 0.964010),
      ["LeftUpperLeg"] = CFrame.new(0.001926, -0.008740, -0.032864, 0.990126, 0.124237, 0.064923, -0.127459, 0.990677, 0.048092, -0.058343, -0.055892, 0.996731),
      ["LowerTorso"] = CFrame.new(0.000000, -1.508661, 0.141559, 1.000000, 0.000000, 0.000000, 0.000000, 0.003050, -0.999995, 0.000000, 0.999995, 0.003050),
      ["RightUpperArm"] = CFrame.new(0.081384, -1.097350, -0.149249, 0.834835, 0.545447, 0.074422, -0.155936, 0.363959, -0.918269, -0.527954, 0.754997, 0.388901),
      ["RightUpperLeg"] = CFrame.new(-0.004767, 0.007707, -0.026850, 0.990536, -0.127817, -0.050019, 0.131819, 0.987432, 0.087188, 0.038247, -0.092957, 0.994935)
    }},
    { Time = 0.483, Data = {
      ["Cock"] = CFrame.new(0.000000, 0.000000, 0.000000, 0.993479, -0.114018, 0.000000, 0.114018, 0.993479, 0.000000, 0.000000, 0.000000, 1.000000),
      ["Head"] = CFrame.new(0.000000, 0.000000, 0.000000, 1.000000, -0.000000, 0.000000, 0.000000, 0.856459, 0.516215, -0.000000, -0.516215, 0.856459),
      ["LeftUpperArm"] = CFrame.new(0.045922, -0.004068, 0.003817, 0.949971, 0.174609, 0.258974, -0.164566, 0.984531, -0.060140, -0.265469, 0.014513, 0.964010),
      ["LeftUpperLeg"] = CFrame.new(0.001921, -0.008774, -0.032882, 0.990116, 0.124342, 0.064887, -0.127527, 0.990698, 0.047487, -0.058379, -0.055292, 0.996762),
      ["LowerTorso"] = CFrame.new(0.000000, -1.509720, 0.141561, 1.000000, 0.000000, 0.000000, 0.000000, 0.003659, -0.999993, 0.000000, 0.999993, 0.003659),
      ["RightUpperArm"] = CFrame.new(0.082067, -1.098175, -0.145007, 0.833292, 0.548043, 0.072624, -0.157101, 0.360698, -0.919357, -0.530042, 0.754683, 0.386665),
      ["RightUpperLeg"] = CFrame.new(-0.004767, 0.007712, -0.026870, 0.990536, -0.127832, -0.049981, 0.131807, 0.987486, 0.086587, 0.038287, -0.092356, 0.994990)
    }},
    { Time = 0.500, Data = {
      ["Cock"] = CFrame.new(0.000000, 0.000000, 0.000000, 0.993280, -0.115736, 0.000000, 0.115736, 0.993280, 0.000000, 0.000000, 0.000000, 1.000000),
      ["Head"] = CFrame.new(0.000000, 0.000000, 0.000000, 1.000000, -0.000000, 0.000000, 0.000000, 0.856459, 0.516215, -0.000000, -0.516215, 0.856459),
      ["LeftUpperArm"] = CFrame.new(0.045922, -0.004068, 0.003817, 0.949971, 0.174609, 0.258974, -0.164566, 0.984531, -0.060140, -0.265469, 0.014513, 0.964010),
      ["LeftUpperLeg"] = CFrame.new(0.001924, -0.008764, -0.032859, 0.990121, 0.124364, 0.064764, -0.127507, 0.990729, 0.046890, -0.058332, -0.054685, 0.996798),
      ["LowerTorso"] = CFrame.new(0.000000, -1.510780, 0.141563, 1.000000, 0.000000, 0.000000, 0.000000, 0.004268, -0.999991, 0.000000, 0.999991, 0.004268),
      ["RightUpperArm"] = CFrame.new(0.082765, -1.099037, -0.140753, 0.831702, 0.550698, 0.070737, -0.158291, 0.357296, -0.920480, -0.532181, 0.754368, 0.384334),
      ["RightUpperLeg"] = CFrame.new(-0.004763, 0.007677, -0.026845, 0.990528, -0.127937, -0.049860, 0.131878, 0.987529, 0.085990, 0.038237, -0.091751, 0.995048)
    }},
    { Time = 0.517, Data = {
      ["Cock"] = CFrame.new(0.000000, 0.000000, 0.000000, 0.993078, -0.117453, 0.000000, 0.117453, 0.993078, 0.000000, 0.000000, 0.000000, 1.000000),
      ["Head"] = CFrame.new(0.000000, 0.000000, 0.000000, 1.000000, -0.000000, 0.000000, 0.000000, 0.856459, 0.516215, -0.000000, -0.516215, 0.856459),
      ["LeftUpperArm"] = CFrame.new(0.045922, -0.004068, 0.003817, 0.949971, 0.174609, 0.258974, -0.164566, 0.984531, -0.060140, -0.265469, 0.014513, 0.964010),
      ["LeftUpperLeg"] = CFrame.new(0.001924, -0.008755, -0.032878, 0.990121, 0.124384, 0.064726, -0.127490, 0.990759, 0.046288, -0.058370, -0.054083, 0.996829),
      ["LowerTorso"] = CFrame.new(0.000000, -1.511839, 0.141566, 1.000000, 0.000000, 0.000000, 0.000000, 0.004877, -0.999988, 0.000000, 0.999988, 0.004877),
      ["RightUpperArm"] = CFrame.new(0.083460, -1.099879, -0.136513, 0.830102, 0.553342, 0.068870, -0.159498, 0.353972, -0.921555, -0.534313, 0.754000, 0.382090),
      ["RightUpperLeg"] = CFrame.new(-0.004764, 0.007683, -0.026865, 0.990528, -0.127952, -0.049821, 0.131866, 0.987583, 0.085389, 0.038276, -0.091150, 0.995101)
    }},
    { Time = 0.533, Data = {
      ["Cock"] = CFrame.new(0.000000, 0.000000, 0.000000, 0.992874, -0.119170, 0.000000, 0.119170, 0.992874, 0.000000, 0.000000, 0.000000, 1.000000),
      ["Head"] = CFrame.new(0.000000, 0.000000, -0.000000, 1.000000, -0.000000, 0.000000, 0.000000, 0.856505, 0.516139, -0.000000, -0.516139, 0.856505),
      ["LeftUpperArm"] = CFrame.new(0.045944, -0.004072, 0.003814, 0.949956, 0.174693, 0.258972, -0.164651, 0.984516, -0.060151, -0.265470, 0.014501, 0.964010),
      ["LeftUpperLeg"] = CFrame.new(0.001926, -0.008746, -0.032854, 0.990126, 0.124406, 0.064602, -0.127470, 0.990789, 0.045691, -0.058323, -0.053475, 0.996864),
      ["LowerTorso"] = CFrame.new(0.000000, -1.512896, 0.141569, 1.000000, 0.000000, 0.000000, 0.000000, 0.005486, -0.999985, 0.000000, 0.999985, 0.005486),
      ["RightUpperArm"] = CFrame.new(0.084126, -1.100715, -0.132272, 0.828564, 0.555874, 0.066978, -0.160682, 0.350673, -0.922610, -0.536342, 0.753679, 0.379874),
      ["RightUpperLeg"] = CFrame.new(-0.004765, 0.007690, -0.026842, 0.990532, -0.127971, -0.049696, 0.131851, 0.987636, 0.084794, 0.038230, -0.090543, 0.995158)
    }},
    { Time = 0.550, Data = {
      ["Cock"] = CFrame.new(0.000000, 0.000000, 0.000000, 0.992677, -0.120802, 0.000000, 0.120802, 0.992677, 0.000000, 0.000000, 0.000000, 1.000000),
      ["Head"] = CFrame.new(0.000000, 0.000000, -0.000000, 1.000000, -0.000000, 0.000000, 0.000000, 0.856597, 0.515985, -0.000000, -0.515985, 0.856597),
      ["LeftUpperArm"] = CFrame.new(0.046008, -0.004083, 0.003780, 0.949888, 0.174937, 0.259055, -0.164914, 0.984475, -0.060107, -0.265548, 0.014373, 0.963990),
      ["LeftUpperLeg"] = CFrame.new(0.001921, -0.008780, -0.032872, 0.990115, 0.124511, 0.064566, -0.127538, 0.990808, 0.045086, -0.058359, -0.052875, 0.996894),
      ["LowerTorso"] = CFrame.new(0.000000, -1.513952, 0.141572, 1.000000, 0.000000, 0.000000, 0.000000, 0.006095, -0.999981, 0.000000, 0.999981, 0.006095),
      ["RightUpperArm"] = CFrame.new(0.084818, -1.101564, -0.128074, 0.826945, 0.558502, 0.065093, -0.161869, 0.347324, -0.923669, -0.538479, 0.753288, 0.377622),
      ["RightUpperLeg"] = CFrame.new(-0.004765, 0.007697, -0.026862, 0.990532, -0.127986, -0.049657, 0.131839, 0.987689, 0.084192, 0.038270, -0.089942, 0.995211)
    }},
    { Time = 0.567, Data = {
      ["Cock"] = CFrame.new(0.000000, 0.000000, 0.000000, 0.992466, -0.122518, 0.000000, 0.122518, 0.992466, 0.000000, 0.000000, 0.000000, 1.000000),
      ["Head"] = CFrame.new(0.000000, 0.000000, 0.000000, 1.000000, -0.000000, 0.000000, 0.000000, 0.856690, 0.515832, -0.000000, -0.515832, 0.856690),
      ["LeftUpperArm"] = CFrame.new(0.046072, -0.004094, 0.003747, 0.949821, 0.175180, 0.259138, -0.165176, 0.984433, -0.060063, -0.265626, 0.014246, 0.963971),
      ["LeftUpperLeg"] = CFrame.new(0.001924, -0.008770, -0.032849, 0.990121, 0.124533, 0.064443, -0.127519, 0.990838, 0.044490, -0.058312, -0.052268, 0.996929),
      ["LowerTorso"] = CFrame.new(0.000000, -1.515003, 0.141576, 1.000000, 0.000000, 0.000000, 0.000000, 0.006703, -0.999978, 0.000000, 0.999978, 0.006703),
      ["RightUpperArm"] = CFrame.new(0.085490, -1.102406, -0.123907, 0.825356, 0.561058, 0.063248, -0.162981, 0.344001, -0.924717, -0.540577, 0.752913, 0.375365),
