return {
  ["Astros hitting it from the back"] = {
    { Time = 0.000, Data = {
      ["Cock"] = CFrame.new(0.000000, -0.000000, 0.000000, 0.947544, 0.264481, 0.179473, -0.259860, 0.964391, -0.049226, -0.186101, 0.000006, 0.982531),
      ["Head"] = CFrame.new(0.000000, -0.000000, 0.000000, 1.000000, -0.000000, 0.000000, 0.000000, 0.995158, 0.098288, -0.000000, -0.098288, 0.995158),
      ["LeftUpperArm"] = CFrame.new(0.022984, -1.073360, -0.195477, 1.000000, 0.000000, 0.000000, 0.000000, 0.227429, -0.973795, 0.000000, 0.973795, 0.227429),
      ["LeftUpperLeg"] = CFrame.new(-0.004334, -0.058410, -0.030059, 0.991331, 0.131386, -0.000370, -0.116825, 0.880165, -0.460066, -0.060121, 0.456121, 0.887884),
      ["LowerTorso"] = CFrame.new(-0.021512, 0.229006, 1.949536, 0.987896, 0.021500, -0.153620, 0.050620, 0.891446, 0.450292, 0.146625, -0.452618, 0.879567),
      ["RightUpperArm"] = CFrame.new(-0.158819, -0.126506, 0.393230, 0.936093, 0.351449, -0.014596, -0.346830, 0.929116, 0.128265, 0.058640, -0.115006, 0.991633),
      ["RightUpperLeg"] = CFrame.new(-0.007160, -0.174255, -0.087784, 0.997851, -0.065525, 0.000463, 0.058678, 0.890401, -0.451379, 0.029164, 0.450436, 0.892332)
    }},
    { Time = 0.017, Data = {
      ["Head"] = CFrame.new(0.000000, 0.000000, -0.000000, 1.000000, -0.000000, 0.000000, 0.000000, 0.995209, 0.097772, -0.000000, -0.097772, 0.995209),
      ["LeftUpperArm"] = CFrame.new(0.022984, -1.074349, -0.195248, 1.000000, 0.000000, 0.000000, 0.000000, 0.223669, -0.974665, 0.000000, 0.974665, 0.223669),
      ["LeftUpperLeg"] = CFrame.new(-0.004432, -0.058737, -0.030302, 0.991334, 0.131363, -0.000385, -0.116548, 0.878169, -0.463936, -0.060606, 0.459960, 0.885869),
      ["LowerTorso"] = CFrame.new(-0.021911, 0.231566, 1.952445, 0.987734, 0.021899, -0.154603, 0.051175, 0.890033, 0.453015, 0.147523, -0.455370, 0.877995),
      ["RightUpperArm"] = CFrame.new(-0.158819, -0.126506, 0.393230, 0.936093, 0.351449, -0.014596, -0.346830, 0.929116, 0.128265, 0.058640, -0.115006, 0.991633),
      ["RightUpperLeg"] = CFrame.new(-0.007229, -0.175451, -0.088410, 0.997880, -0.065081, 0.000259, 0.058040, 0.888099, -0.455973, 0.029446, 0.455022, 0.889993)
    }},
    { Time = 0.033, Data = {
      ["Head"] = CFrame.new(0.000000, 0.000000, 0.000000, 1.000000, -0.000000, 0.000000, 0.000000, 0.995326, 0.096568, -0.000000, -0.096568, 0.995326),
      ["LeftUpperArm"] = CFrame.new(0.022984, -1.076874, -0.194682, 1.000000, 0.000000, 0.000000, 0.000000, 0.214067, -0.976819, 0.000000, 0.976819, 0.214067),
      ["LeftUpperLeg"] = CFrame.new(-0.004683, -0.059585, -0.030936, 0.991335, 0.131361, -0.000401, -0.115876, 0.873030, -0.473699, -0.061876, 0.469641, 0.880687),
      ["LowerTorso"] = CFrame.new(-0.022871, 0.238118, 1.959830, 0.987337, 0.022859, -0.156984, 0.052605, 0.886398, 0.459925, 0.149664, -0.462359, 0.873971),
      ["RightUpperArm"] = CFrame.new(-0.158819, -0.126506, 0.393230, 0.936093, 0.351449, -0.014596, -0.346830, 0.929116, 0.128265, 0.058640, -0.115006, 0.991633),
      ["RightUpperLeg"] = CFrame.new(-0.007401, -0.178550, -0.089983, 0.997947, -0.064052, -0.000188, 0.056527, 0.882062, -0.467729, 0.030125, 0.466758, 0.883872)
    }},
    { Time = 0.050, Data = {
      ["Head"] = CFrame.new(0.000000, 0.000000, -0.000000, 1.000000, -0.000000, 0.000000, 0.000000, 0.995484, 0.094933, -0.000000, -0.094933, 0.995484),
      ["LeftUpperArm"] = CFrame.new(0.022984, -1.080275, -0.193960, 1.000000, 0.000000, 0.000000, 0.000000, 0.201135, -0.979563, 0.000000, 0.979563, 0.201135),
      ["LeftUpperLeg"] = CFrame.new(-0.005019, -0.060692, -0.031794, 0.991337, 0.131342, -0.000398, -0.114923, 0.865932, -0.486779, -0.063590, 0.482608, 0.873525),
      ["LowerTorso"] = CFrame.new(-0.024213, 0.246971, 1.969666, 0.986778, 0.024201, -0.160259, 0.054571, 0.881446, 0.469121, 0.152613, -0.471664, 0.868471),
      ["RightUpperArm"] = CFrame.new(-0.158819, -0.126506, 0.393230, 0.936093, 0.351449, -0.014596, -0.346830, 0.929116, 0.128265, 0.058640, -0.115006, 0.991633),
      ["RightUpperLeg"] = CFrame.new(-0.007631, -0.182679, -0.092053, 0.998035, -0.062659, -0.000784, 0.054479, 0.873784, -0.483253, 0.030965, 0.482260, 0.875480)
    }},
    { Time = 0.067, Data = {
      ["Head"] = CFrame.new(0.000000, 0.000000, 0.000000, 1.000000, -0.000000, 0.000000, 0.000000, 0.995646, 0.093212, -0.000000, -0.093212, 0.995646),
      ["LeftUpperArm"] = CFrame.new(0.022984, -1.083820, -0.193258, 1.000000, 0.000000, 0.000000, 0.000000, 0.187658, -0.982234, 0.000000, 0.982234, 0.187658),
      ["LeftUpperLeg"] = CFrame.new(-0.005373, -0.061846, -0.032706, 0.991336, 0.131353, -0.000355, -0.113907, 0.858314, -0.500322, -0.065414, 0.496027, 0.865840),
      ["LowerTorso"] = CFrame.new(-0.025651, 0.256340, 1.979872, 0.986194, 0.025638, -0.163599, 0.056626, 0.876174, 0.478657, 0.155613, -0.481313, 0.862625),
      ["RightUpperArm"] = CFrame.new(-0.158819, -0.126506, 0.393230, 0.936093, 0.351449, -0.014596, -0.346830, 0.929116, 0.128265, 0.058640, -0.115006, 0.991633),
      ["RightUpperLeg"] = CFrame.new(-0.007870, -0.187002, -0.094229, 0.998123, -0.061221, -0.001485, 0.052302, 0.864815, -0.499359, 0.031855, 0.498344, 0.866394)
    }},
    { Time = 0.083, Data = {
      ["Head"] = CFrame.new(0.000000, 0.000000, -0.000000, 1.000000, -0.000000, 0.000000, 0.000000, 0.995782, 0.091750, -0.000000, -0.091750, 0.995782),
      ["LeftUpperArm"] = CFrame.new(0.022984, -1.086869, -0.192694, 1.000000, 0.000000, 0.000000, 0.000000, 0.176064, -0.984379, 0.000000, 0.984379, 0.176064),
      ["LeftUpperLeg"] = CFrame.new(-0.005680, -0.062852, -0.033475, 0.991328, 0.131410, -0.000350, -0.113076, 0.851651, -0.511766, -0.066953, 0.507368, 0.859125),
      ["LowerTorso"] = CFrame.new(-0.026974, 0.264485, 1.988631, 0.985671, 0.026961, -0.166512, 0.058405, 0.871533, 0.486846, 0.158247, -0.489595, 0.857470),
      ["RightUpperArm"] = CFrame.new(-0.158819, -0.126506, 0.393230, 0.936093, 0.351449, -0.014596, -0.346830, 0.929116, 0.128265, 0.058640, -0.115006, 0.991633),
      ["RightUpperLeg"] = CFrame.new(-0.008073, -0.190706, -0.096055, 0.998196, -0.060002, -0.002056, 0.050451, 0.856890, -0.513025, 0.032544, 0.511996, 0.858371)
    }},
    { Time = 0.100, Data = {
      ["Head"] = CFrame.new(0.000000, -0.000000, 0.000000, 1.000000, -0.000000, 0.000000, 0.000000, 0.995869, 0.090803, -0.000000, -0.090803, 0.995869),
      ["LeftUpperArm"] = CFrame.new(0.022984, -1.088738, -0.192366, 1.000000, 0.000000, 0.000000, 0.000000, 0.168957, -0.985623, 0.000000, 0.985623, 0.168957),
      ["LeftUpperLeg"] = CFrame.new(-0.005861, -0.063426, -0.033929, 0.991332, 0.131381, -0.000337, -0.112499, 0.847528, -0.518691, -0.067861, 0.514233, 0.854962),
      ["LowerTorso"] = CFrame.new(-0.027750, 0.269427, 1.993859, 0.985361, 0.027738, -0.168211, 0.059488, 0.868716, 0.491725, 0.159766, -0.494533, 0.854349),
      ["RightUpperArm"] = CFrame.new(-0.158819, -0.126506, 0.393230, 0.936093, 0.351449, -0.014596, -0.346830, 0.929116, 0.128265, 0.058640, -0.115006, 0.991633),
      ["RightUpperLeg"] = CFrame.new(-0.008197, -0.192920, -0.097153, 0.998242, -0.059215, -0.002440, 0.049265, 0.851988, -0.521238, 0.032944, 0.520202, 0.853408)
    }},
    { Time = 0.117, Data = {
      ["Head"] = CFrame.new(0.000000, -0.000000, 0.000000, 1.000000, -0.000000, 0.000000, 0.000000, 0.995869, 0.090803, -0.000000, -0.090803, 0.995869),
      ["LeftUpperArm"] = CFrame.new(0.022984, -1.088709, -0.192371, 1.000000, 0.000000, 0.000000, 0.000000, 0.169068, -0.985605, 0.000000, 0.985605, 0.169068),
      ["LeftUpperLeg"] = CFrame.new(-0.005858, -0.063412, -0.033924, 0.991332, 0.131381, -0.000325, -0.112505, 0.847620, -0.518538, -0.067850, 0.514080, 0.855054),
      ["LowerTorso"] = CFrame.new(-0.027743, 0.269341, 1.993776, 0.985361, 0.027730, -0.168212, 0.059481, 0.868760, 0.491648, 0.159769, -0.494456, 0.854393),
      ["RightUpperArm"] = CFrame.new(-0.158819, -0.126506, 0.393230, 0.936093, 0.351449, -0.014596, -0.346830, 0.929116, 0.128265, 0.058640, -0.115006, 0.991633),
      ["RightUpperLeg"] = CFrame.new(-0.008195, -0.192866, -0.097133, 0.998242, -0.059215, -0.002446, 0.049268, 0.852082, -0.521085, 0.032940, 0.520049, 0.853501)
    }},
    { Time = 0.133, Data = {
      ["Head"] = CFrame.new(0.000000, -0.000000, 0.000000, 1.000000, -0.000000, 0.000000, 0.000000, 0.995750, 0.092094, -0.000000, -0.092094, 0.995750),
      ["LeftUpperArm"] = CFrame.new(0.022984, -1.086083, -0.192835, 1.000000, 0.000000, 0.000000, 0.000000, 0.179053, -0.983839, 0.000000, 0.983839, 0.179053),
      ["LeftUpperLeg"] = CFrame.new(-0.005596, -0.062573, -0.033254, 0.991337, 0.131343, -0.000376, -0.113258, 0.853383, -0.508832, -0.066511, 0.504467, 0.860866),
      ["LowerTorso"] = CFrame.new(-0.026630, 0.262349, 1.986342, 0.985817, 0.026617, -0.165699, 0.057907, 0.872756, 0.484710, 0.157516, -0.487430, 0.858837),
      ["RightUpperArm"] = CFrame.new(-0.158819, -0.126506, 0.393230, 0.936093, 0.351449, -0.014596, -0.346830, 0.929116, 0.128265, 0.058640, -0.115006, 0.991633),
      ["RightUpperLeg"] = CFrame.new(-0.008021, -0.189723, -0.095579, 0.998179, -0.060285, -0.001922, 0.050897, 0.858974, -0.509483, 0.032365, 0.508457, 0.860479)
    }},
    { Time = 0.150, Data = {
      ["Head"] = CFrame.new(0.000000, 0.000000, -0.000000, 1.000000, -0.000000, 0.000000, 0.000000, 0.995484, 0.094933, -0.000000, -0.094933, 0.995484),
      ["LeftUpperArm"] = CFrame.new(0.022984, -1.080218, -0.193972, 1.000000, 0.000000, 0.000000, 0.000000, 0.201354, -0.979519, 0.000000, 0.979519, 0.201354),
      ["LeftUpperLeg"] = CFrame.new(-0.005014, -0.060676, -0.031786, 0.991337, 0.131342, -0.000380, -0.114931, 0.866062, -0.486546, -0.063575, 0.482375, 0.873655),
      ["LowerTorso"] = CFrame.new(-0.024178, 0.246837, 1.969504, 0.986792, 0.024166, -0.160178, 0.054536, 0.881530, 0.468967, 0.152535, -0.471509, 0.868569),
      ["RightUpperArm"] = CFrame.new(-0.158819, -0.126506, 0.393230, 0.936093, 0.351449, -0.014596, -0.346830, 0.929116, 0.128265, 0.058640, -0.115006, 0.991633),
      ["RightUpperLeg"] = CFrame.new(-0.007628, -0.182615, -0.092028, 0.998035, -0.062659, -0.000792, 0.054483, 0.873913, -0.483019, 0.030958, 0.482026, 0.875610)
    }},
    { Time = 0.167, Data = {
      ["Head"] = CFrame.new(0.000000, 0.000000, -0.000000, 1.000000, -0.000000, 0.000000, 0.000000, 0.995021, 0.099664, -0.000000, -0.099664, 0.995021),
      ["LeftUpperArm"] = CFrame.new(0.022984, -1.070464, -0.196171, 1.000000, 0.000000, 0.000000, 0.000000, 0.238442, -0.971157, 0.000000, 0.971157, 0.238442),
      ["LeftUpperLeg"] = CFrame.new(-0.004044, -0.057414, -0.029330, 0.991333, 0.131375, -0.000328, -0.117551, 0.885900, -0.448735, -0.058662, 0.444884, 0.893665),
      ["LowerTorso"] = CFrame.new(-0.020393, 0.221589, 1.941034, 0.988350, 0.020381, -0.150826, 0.049034, 0.895511, 0.442330, 0.144082, -0.444572, 0.884079),
      ["RightUpperArm"] = CFrame.new(-0.158819, -0.126506, 0.393230, 0.936093, 0.351449, -0.014596, -0.346830, 0.929116, 0.128265, 0.058640, -0.115006, 0.991633),
      ["RightUpperLeg"] = CFrame.new(-0.006961, -0.170687, -0.085963, 0.997772, -0.066715, 0.000949, 0.060397, 0.897049, -0.437785, 0.028355, 0.436866, 0.899079)
    }},
    { Time = 0.183, Data = {
      ["Head"] = CFrame.new(0.000000, -0.000000, 0.000000, 1.000000, -0.000000, 0.000000, 0.000000, 0.994290, 0.106714, -0.000000, -0.106714, 0.994290),
      ["LeftUpperArm"] = CFrame.new(0.022984, -1.056294, -0.200073, 1.000000, 0.000000, 0.000000, 0.000000, 0.292319, -0.956321, 0.000000, 0.956321, 0.292319),
      ["LeftUpperLeg"] = CFrame.new(-0.002611, -0.052407, -0.025565, 0.991335, 0.131355, -0.000324, -0.120995, 0.912183, -0.391512, -0.051132, 0.388159, 0.920173),
      ["LowerTorso"] = CFrame.new(-0.015400, 0.185911, 1.898259, 0.990481, 0.015389, -0.136788, 0.041338, 0.914606, 0.402227, 0.131298, -0.404053, 0.905264),
      ["RightUpperArm"] = CFrame.new(-0.158819, -0.126506, 0.393230, 0.936093, 0.351449, -0.014596, -0.346830, 0.929116, 0.128265, 0.058640, -0.115006, 0.991633),
      ["RightUpperLeg"] = CFrame.new(-0.005957, -0.152999, -0.076765, 0.997340, -0.072826, 0.003137, 0.068836, 0.926798, -0.369197, 0.023980, 0.368431, 0.929346)
    }},
    { Time = 0.200, Data = {
      ["Head"] = CFrame.new(0.000000, -0.000000, 0.000000, 1.000000, -0.000000, 0.000000, 0.000000, 0.993220, 0.116251, -0.000000, -0.116251, 0.993220),
      ["LeftUpperArm"] = CFrame.new(0.022984, -1.037278, -0.206691, 1.000000, 0.000000, 0.000000, 0.000000, 0.364621, -0.931156, 0.000000, 0.931156, 0.364621),
      ["LeftUpperLeg"] = CFrame.new(-0.000654, -0.045198, -0.020251, 0.991331, 0.131387, -0.000352, -0.124989, 0.942228, -0.310779, -0.040501, 0.308129, 0.950482),
      ["LowerTorso"] = CFrame.new(-0.009482, 0.140067, 1.838267, 0.993064, 0.009472, -0.117191, 0.031864, 0.937763, 0.345812, 0.113173, -0.347147, 0.930957),
      ["RightUpperArm"] = CFrame.new(-0.158819, -0.126506, 0.393230, 0.936093, 0.351449, -0.014596, -0.346830, 0.929116, 0.128265, 0.058640, -0.115006, 0.991633),
      ["RightUpperLeg"] = CFrame.new(-0.004539, -0.128525, -0.063725, 0.996662, -0.081465, 0.005293, 0.079830, 0.958980, -0.272001, 0.017083, 0.271516, 0.962282)
    }},
    { Time = 0.217, Data = {
      ["Head"] = CFrame.new(0.000000, 0.000000, 0.000000, 1.000000, -0.000000, 0.000000, 0.000000, 0.991684, 0.128697, -0.000000, -0.128697, 0.991684),
      ["LeftUpperArm"] = CFrame.new(0.022984, -1.013375, -0.217453, 1.000000, 0.000000, 0.000000, 0.000000, 0.455505, -0.890233, 0.000000, 0.890233, 0.455505),
      ["LeftUpperLeg"] = CFrame.new(0.001899, -0.035079, -0.013113, 0.991330, 0.131397, -0.000346, -0.128754, 0.970857, -0.202137, -0.026224, 0.200429, 0.979357),
      ["LowerTorso"] = CFrame.new(-0.003720, 0.085659, 1.758023, 0.995830, 0.003712, -0.091152, 0.021138, 0.962592, 0.270128, 0.088745, -0.270928, 0.958500),
      ["RightUpperArm"] = CFrame.new(-0.158819, -0.126506, 0.393230, 0.936093, 0.351449, -0.014596, -0.346830, 0.929116, 0.128265, 0.058640, -0.115006, 0.991633),
      ["RightUpperLeg"] = CFrame.new(-0.002629, -0.095987, -0.045897, 0.995654, -0.092880, 0.006779, 0.092904, 0.985609, -0.141222, 0.006435, 0.141238, 0.989955)
    }},
    { Time = 0.233, Data = {
      ["Head"] = CFrame.new(0.000000, 0.000000, -0.000000, 1.000000, -0.000000, 0.000000, 0.000000, 0.989647, 0.143526, -0.000000, -0.143526, 0.989647),
      ["LeftUpperArm"] = CFrame.new(0.022984, -0.986464, -0.233307, 1.000000, 0.000000, 0.000000, 0.000000, 0.557831, -0.829954, 0.000000, 0.829954, 0.557831),
      ["LeftUpperLeg"] = CFrame.new(0.004940, -0.021967, -0.004395, 0.991326, 0.131423, -0.000350, -0.131129, 0.988927, -0.069489, -0.008786, 0.068932, 0.997583),
      ["LowerTorso"] = CFrame.new(0.000377, 0.028931, 1.660021, 0.998225, -0.000384, -0.059549, 0.010960, 0.984081, 0.177382, 0.058533, -0.177720, 0.982339),
      ["RightUpperArm"] = CFrame.new(-0.158819, -0.126506, 0.393230, 0.936093, 0.351449, -0.014596, -0.346830, 0.929116, 0.128265, 0.058640, -0.115006, 0.991633),
      ["RightUpperLeg"] = CFrame.new(-0.000266, -0.056217, -0.023566, 0.994280, -0.106603, 0.006569, 0.106472, 0.994156, 0.017812, -0.008429, -0.017011, 0.999820)
    }},
    { Time = 0.250, Data = {
      ["Head"] = CFrame.new(0.000000, 0.000000, 0.000000, 1.000000, -0.000000, 0.000000, 0.000000, 0.987781, 0.155851, -0.000000, -0.155851, 0.987781),
      ["LeftUpperArm"] = CFrame.new(0.022984, -0.965455, -0.249002, 1.000000, 0.000000, 0.000000, 0.000000, 0.637711, -0.770276, 0.000000, 0.770276, 0.637711),
      ["LeftUpperLeg"] = CFrame.new(0.007495, -0.010030, 0.002999, 0.991330, 0.131394, -0.000368, -0.131257, 0.990419, 0.042923, 0.006004, -0.042503, 0.999078),
      ["LowerTorso"] = CFrame.new(0.001497, -0.011745, 1.576344, 0.999463, -0.001502, -0.032739, 0.004705, 0.995179, 0.097966, 0.032434, -0.098067, 0.994651),
      ["RightUpperArm"] = CFrame.new(-0.158819, -0.126506, 0.393230, 0.936093, 0.351449, -0.014596, -0.346830, 0.929116, 0.128265, 0.058640, -0.115006, 0.991633),
      ["RightUpperLeg"] = CFrame.new(0.001778, -0.021863, -0.004053, 0.993006, -0.117972, 0.004707, 0.115913, 0.981702, 0.151083, -0.022445, -0.149480, 0.988510)
    }},
    { Time = 0.267, Data = {
      ["Head"] = CFrame.new(0.000000, 0.000000, 0.000000, 1.000000, -0.000000, 0.000000, 0.000000, 0.986237, 0.165339, -0.000000, -0.165339, 0.986237),
      ["LeftUpperArm"] = CFrame.new(0.022984, -0.950462, -0.262413, 1.000000, 0.000000, 0.000000, 0.000000, 0.694717, -0.719283, 0.000000, 0.719283, 0.694717),
      ["LeftUpperLeg"] = CFrame.new(0.009454, -0.000324, 0.008610, 0.991331, 0.131391, -0.000307, -0.130257, 0.983076, 0.128824, 0.017228, -0.127667, 0.991668),
      ["LowerTorso"] = CFrame.new(0.000896, -0.038587, 1.511704, 0.999925, -0.000900, -0.012190, 0.001344, 0.999333, 0.036501, 0.012149, -0.036514, 0.999259),
      ["RightUpperArm"] = CFrame.new(-0.158819, -0.126506, 0.393230, 0.936093, 0.351449, -0.014596, -0.346830, 0.929116, 0.128265, 0.058640, -0.115006, 0.991633),
      ["RightUpperLeg"] = CFrame.new(0.003376, 0.005140, 0.011305, 0.991967, -0.126479, 0.002255, 0.121850, 0.960149, 0.251528, -0.033978, -0.249233, 0.967847)
    }},
    { Time = 0.283, Data = {
      ["Head"] = CFrame.new(0.000000, 0.000000, 0.000000, 1.000000, -0.000000, 0.000000, 0.000000, 0.985037, 0.172341, -0.000000, -0.172341, 0.985037),
      ["LeftUpperArm"] = CFrame.new(0.022984, -0.940171, -0.272925, 1.000000, 0.000000, 0.000000, 0.000000, 0.733847, -0.679315, 0.000000, 0.679315, 0.733847),
      ["LeftUpperLeg"] = CFrame.new(0.010886, 0.007078, 0.012698, 0.991331, 0.131389, -0.000316, -0.128910, 0.973086, 0.191014, 0.025405, -0.189317, 0.981587),
      ["LowerTorso"] = CFrame.new(-0.000361, -0.055801, 1.464388, 0.999996, 0.000357, 0.002847, -0.000333, 0.999963, -0.008546, -0.002850, 0.008545, 0.999959),
      ["RightUpperArm"] = CFrame.new(-0.158819, -0.126506, 0.393230, 0.936093, 0.351449, -0.014596, -0.346830, 0.929116, 0.128265, 0.058640, -0.115006, 0.991633),
      ["RightUpperLeg"] = CFrame.new(0.004553, 0.025297, 0.022699, 0.991191, -0.132438, -0.000089, 0.125352, 0.937937, 0.323359, -0.042742, -0.320521, 0.946277)
    }},
    { Time = 0.300, Data = {
      ["Head"] = CFrame.new(0.000000, -0.000000, 0.000000, 1.000000, -0.000000, 0.000000, 0.000000, 0.984205, 0.177034, -0.000000, -0.177034, 0.984205),
      ["LeftUpperArm"] = CFrame.new(0.022984, -0.933529, -0.280379, 1.000000, 0.000000, 0.000000, 0.000000, 0.759102, -0.650972, 0.000000, 0.650972, 0.759102),
      ["LeftUpperLeg"] = CFrame.new(0.011861, 0.012275, 0.015468, 0.991335, 0.131357, -0.000362, -0.127660, 0.964077, 0.232933, 0.030946, -0.230868, 0.972493),
      ["LowerTorso"] = CFrame.new(-0.001552, -0.066339, 1.432314, 0.999914, 0.001549, 0.013007, -0.001040, 0.999235, -0.039104, -0.013057, 0.039087, 0.999151),
      ["RightUpperArm"] = CFrame.new(-0.158819, -0.126506, 0.393230, 0.936093, 0.351449, -0.014596, -0.346830, 0.929116, 0.128265, 0.058640, -0.115006, 0.991633),
      ["RightUpperLeg"] = CFrame.new(0.005360, 0.039150, 0.030504, 0.990647, -0.136434, -0.001974, 0.127414, 0.919783, 0.371167, -0.048824, -0.367947, 0.928564)
    }},
    { Time = 0.317, Data = {
      ["Head"] = CFrame.new(0.000000, 0.000000, 0.000000, 1.000000, -0.000000, 0.000000, 0.000000, 0.983694, 0.179848, -0.000000, -0.179848, 0.983694),
      ["LeftUpperArm"] = CFrame.new(0.022984, -0.929681, -0.284971, 1.000000, 0.000000, 0.000000, 0.000000, 0.773732, -0.633513, 0.000000, 0.633513, 0.773732),
      ["LeftUpperLeg"] = CFrame.new(0.012440, 0.015405, 0.017085, 0.991330, 0.131392, -0.000323, -0.126869, 0.957839, 0.257777, 0.034180, -0.255501, 0.966204),
      ["LowerTorso"] = CFrame.new(-0.002448, -0.072193, 1.413125, 0.999816, 0.002446, 0.019014, -0.001351, 0.998351, -0.057396, -0.019123, 0.057360, 0.998170),
      ["RightUpperArm"] = CFrame.new(-0.158819, -0.126506, 0.393230, 0.936093, 0.351449, -0.014596, -0.346830, 0.929116, 0.128265, 0.058640, -0.115006, 0.991633),
      ["RightUpperLeg"] = CFrame.new(0.005844, 0.047523, 0.035213, 0.990320, -0.138766, -0.003143, 0.128472, 0.907812, 0.399214, -0.052544, -0.395754, 0.916852)
    }},
    { Time = 0.333, Data = {
      ["Head"] = CFrame.new(0.000000, -0.000000, 0.000000, 1.000000, -0.000000, 0.000000, 0.000000, 0.983475, 0.181042, -0.000000, -0.181042, 0.983475),
      ["LeftUpperArm"] = CFrame.new(0.022984, -0.928013, -0.287029, 1.000000, 0.000000, 0.000000, 0.000000, 0.780075, -0.625686, 0.000000, 0.625686, 0.780075),
      ["LeftUpperLeg"] = CFrame.new(0.012698, 0.016813, 0.017822, 0.991328, 0.131412, -0.000358, -0.126483, 0.954876, 0.268726, 0.035655, -0.266350, 0.963217),
      ["LowerTorso"] = CFrame.new(-0.002875, -0.074689, 1.404621, 0.999759, 0.002872, 0.021756, -0.001441, 0.997851, -0.065503, -0.021897, 0.065456, 0.997615),
      ["RightUpperArm"] = CFrame.new(-0.158819, -0.126506, 0.393230, 0.936093, 0.351449, -0.014596, -0.346830, 0.929116, 0.128265, 0.058640, -0.115006, 0.991633),
      ["RightUpperLeg"] = CFrame.new(0.006060, 0.051264, 0.037310, 0.990174, -0.139789, -0.003699, 0.128905, 0.902183, 0.411643, -0.054206, -0.408075, 0.911338)
    }},
    { Time = 0.350, Data = {
      ["Head"] = CFrame.new(0.000000, 0.000000, -0.000000, 1.000000, -0.000000, 0.000000, 0.000000, 0.983460, 0.181127, -0.000000, -0.181127, 0.983460),
      ["LeftUpperArm"] = CFrame.new(0.022984, -0.927983, -0.287067, 1.000000, 0.000000, 0.000000, 0.000000, 0.780189, -0.625543, 0.000000, 0.625543, 0.780189),
      ["LeftUpperLeg"] = CFrame.new(0.012702, 0.016832, 0.017828, 0.991328, 0.131412, -0.000346, -0.126480, 0.954829, 0.268893, 0.035666, -0.266518, 0.963170),
      ["LowerTorso"] = CFrame.new(-0.002876, -0.074720, 1.404443, 0.999759, 0.002874, 0.021755, -0.001439, 0.997840, -0.065675, -0.021897, 0.065628, 0.997604),
      ["RightUpperArm"] = CFrame.new(-0.158819, -0.126506, 0.393230, 0.936093, 0.351449, -0.014596, -0.346830, 0.929116, 0.128265, 0.058640, -0.115006, 0.991633),
      ["RightUpperLeg"] = CFrame.new(0.006062, 0.051322, 0.037334, 0.990174, -0.139789, -0.003712, 0.128900, 0.902110, 0.411803, -0.054217, -0.408235, 0.911265)
    }},
    { Time = 0.367, Data = {
      ["Head"] = CFrame.new(0.000000, -0.000000, -0.000000, 1.000000, -0.000000, 0.000000, 0.000000, 0.983632, 0.180189, -0.000000, -0.180189, 0.983632),
      ["LeftUpperArm"] = CFrame.new(0.022984, -0.929178, -0.285587, 1.000000, 0.000000, 0.000000, 0.000000, 0.775645, -0.631170, 0.000000, 0.631170, 0.775645),
      ["LeftUpperLeg"] = CFrame.new(0.012517, 0.015821, 0.017321, 0.991326, 0.131427, -0.000356, -0.126777, 0.956960, 0.261066, 0.034652, -0.258756, 0.965321),
      ["LowerTorso"] = CFrame.new(-0.002584, -0.072959, 1.410502, 0.999799, 0.002582, 0.019871, -0.001387, 0.998204, -0.059897, -0.019990, 0.059858, 0.998007),
      ["RightUpperArm"] = CFrame.new(-0.158819, -0.126506, 0.393230, 0.936093, 0.351449, -0.014596, -0.346830, 0.929116, 0.128265, 0.058640, -0.115006, 0.991633),
      ["RightUpperLeg"] = CFrame.new(0.005908, 0.048675, 0.035843, 0.990280, -0.139046, -0.003316, 0.128578, 0.906117, 0.403013, -0.053032, -0.399522, 0.915188)
    }},
    { Time = 0.383, Data = {
      ["Head"] = CFrame.new(0.000000, 0.000000, 0.000000, 1.000000, -0.000000, 0.000000, 0.000000, 0.983896, 0.178740, -0.000000, -0.178740, 0.983896),
      ["LeftUpperArm"] = CFrame.new(0.022984, -0.931156, -0.283185, 1.000000, 0.000000, 0.000000, 0.000000, 0.768123, -0.640302, 0.000000, 0.640302, 0.768123),
      ["LeftUpperLeg"] = CFrame.new(0.012216, 0.014189, 0.016478, 0.991329, 0.131399, -0.000362, -0.127197, 0.960310, 0.248244, 0.032967, -0.246046, 0.968697),
      ["LowerTorso"] = CFrame.new(-0.002064, -0.069979, 1.420456, 0.999858, 0.002062, 0.016699, -0.001217, 0.998728, -0.050408, -0.016782, 0.050381, 0.998589),
      ["RightUpperArm"] = CFrame.new(-0.158819, -0.126506, 0.393230, 0.936093, 0.351449, -0.014596, -0.346830, 0.929116, 0.128265, 0.058640, -0.115006, 0.991633),
      ["RightUpperLeg"] = CFrame.new(0.005656, 0.044315, 0.033404, 0.990451, -0.137840, -0.002669, 0.128039, 0.912503, 0.388516, -0.051118, -0.385148, 0.921438)
    }},
    { Time = 0.400, Data = {
      ["Head"] = CFrame.new(0.000000, -0.000000, 0.000000, 1.000000, -0.000000, 0.000000, 0.000000, 0.984205, 0.177034, -0.000000, -0.177034, 0.984205),
      ["LeftUpperArm"] = CFrame.new(0.022984, -0.933497, -0.280416, 1.000000, 0.000000, 0.000000, 0.000000, 0.759222, -0.650832, 0.000000, 0.650832, 0.759222),
      ["LeftUpperLeg"] = CFrame.new(0.011865, 0.012297, 0.015474, 0.991335, 0.131357, -0.000350, -0.127657, 0.964037, 0.233101, 0.030957, -0.231037, 0.972452),
      ["LowerTorso"] = CFrame.new(-0.001553, -0.066382, 1.432134, 0.999914, 0.001551, 0.013006, -0.001039, 0.999228, -0.039277, -0.013057, 0.039260, 0.999144),
      ["RightUpperArm"] = CFrame.new(-0.158819, -0.126506, 0.393230, 0.936093, 0.351449, -0.014596, -0.346830, 0.929116, 0.128265, 0.058640, -0.115006, 0.991633),
      ["RightUpperLeg"] = CFrame.new(0.005364, 0.039226, 0.030573, 0.990645, -0.136450, -0.001902, 0.127394, 0.919718, 0.371336, -0.048920, -0.368104, 0.928497)
    }},
    { Time = 0.417, Data = {
      ["Head"] = CFrame.new(0.000000, 0.000000, 0.000000, 1.000000, -0.000000, 0.000000, 0.000000, 0.984495, 0.175413, -0.000000, -0.175413, 0.984495),
      ["LeftUpperArm"] = CFrame.new(0.022984, -0.935771, -0.277800, 1.000000, 0.000000, 0.000000, 0.000000, 0.750580, -0.660780, 0.000000, 0.660780, 0.750580),
      ["LeftUpperLeg"] = CFrame.new(0.011525, 0.010464, 0.014540, 0.991327, 0.131417, -0.000362, -0.128158, 0.967343, 0.218683, 0.029089, -0.216740, 0.975796),
      ["LowerTorso"] = CFrame.new(-0.001090, -0.062842, 1.443274, 0.999954, 0.001087, 0.009567, -0.000812, 0.999589, -0.028660, -0.009594, 0.028651, 0.999543),
      ["RightUpperArm"] = CFrame.new(-0.158819, -0.126506, 0.393230, 0.936093, 0.351449, -0.014596, -0.346830, 0.929116, 0.128265, 0.058640, -0.115006, 0.991633),
      ["RightUpperLeg"] = CFrame.new(0.005082, 0.034423, 0.027865, 0.990837, -0.135058, -0.001228, 0.126695, 0.926258, 0.354958, -0.046802, -0.351861, 0.934882)
    }},
    { Time = 0.433, Data = {
      ["Head"] = CFrame.new(0.000000, -0.000000, 0.000000, 1.000000, -0.000000, 0.000000, 0.000000, 0.984707, 0.174219, -0.000000, -0.174219, 0.984707),
      ["LeftUpperArm"] = CFrame.new(0.022984, -0.937481, -0.275875, 1.000000, 0.000000, 0.000000, 0.000000, 0.744075, -0.668096, 0.000000, 0.668096, 0.744075),
      ["LeftUpperLeg"] = CFrame.new(0.011273, 0.009116, 0.013802, 0.991327, 0.131418, -0.000314, -0.128485, 0.969697, 0.207798, 0.027613, -0.205956, 0.978172),
      ["LowerTorso"] = CFrame.new(-0.000765, -0.060121, 1.451608, 0.999976, 0.000762, 0.006898, -0.000619, 0.999785, -0.020718, -0.006913, 0.020714, 0.999762),
      ["RightUpperArm"] = CFrame.new(-0.158819, -0.126506, 0.393230, 0.936093, 0.351449, -0.014596, -0.346830, 0.929116, 0.128265, 0.058640, -0.115006, 0.991633),
      ["RightUpperLeg"] = CFrame.new(0.004874, 0.030825, 0.025831, 0.990977, -0.134030, -0.000760, 0.126180, 0.930993, 0.342535, -0.045203, -0.339540, 0.939505)
    }},
    { Time = 0.450, Data = {
      ["Cock"] = CFrame.new(0.000000, -0.000000, 0.000000, 0.903965, -0.427605, 0.000000, 0.427605, 0.903965, 0.000000, 0.000000, 0.000000, 1.000000),
      ["Head"] = CFrame.new(0.000000, 0.000000, -0.000000, 1.000000, -0.000000, 0.000000, 0.000000, 0.984797, 0.173707, -0.000000, -0.173707, 0.984797),
      ["LeftUpperArm"] = CFrame.new(0.022984, -0.938165, -0.275117, 1.000000, 0.000000, 0.000000, 0.000000, 0.741475, -0.670981, 0.000000, 0.670981, 0.741475),
      ["LeftUpperLeg"] = CFrame.new(0.011175, 0.008607, 0.013533, 0.991331, 0.131391, -0.000342, -0.128571, 0.970587, 0.203544, 0.027076, -0.201736, 0.979066),
      ["LowerTorso"] = CFrame.new(-0.000659, -0.059033, 1.454871, 0.999983, 0.000656, 0.005864, -0.000553, 0.999845, -0.017611, -0.005875, 0.017607, 0.999828),
      ["RightUpperArm"] = CFrame.new(-0.158819, -0.126506, 0.393230, 0.936093, 0.351449, -0.014596, -0.346830, 0.929116, 0.128265, 0.058640, -0.115006, 0.991633),
      ["RightUpperLeg"] = CFrame.new(0.004793, 0.029398, 0.025026, 0.991028, -0.133649, -0.000608, 0.126003, 0.932794, 0.337667, -0.044562, -0.334714, 0.941265)
    }},
    { Time = 0.467, Data = {
      ["Head"] = CFrame.new(0.000000, -0.000000, 0.000000, 1.000000, -0.000000, 0.000000, 0.000000, 0.984752, 0.173962, -0.000000, -0.173962, 0.984752),
      ["LeftUpperArm"] = CFrame.new(0.022984, -0.938338, -0.274969, 1.000000, 0.000000, 0.000000, 0.000000, 0.740854, -0.671667, 0.000000, 0.671667, 0.740854),
      ["LeftUpperLeg"] = CFrame.new(0.011261, 0.008452, 0.013448, 0.991332, 0.131382, -0.000331, -0.128595, 0.970816, 0.202436, 0.026918, -0.200639, 0.979295),
      ["LowerTorso"] = CFrame.new(-0.000654, -0.058752, 1.455984, 0.999984, 0.000651, 0.005606, -0.000557, 0.999858, -0.016834, -0.005616, 0.016830, 0.999843),
      ["RightUpperArm"] = CFrame.new(-0.158819, -0.126506, 0.393230, 0.936093, 0.351449, -0.014596, -0.346830, 0.929116, 0.128265, 0.058640, -0.115006, 0.991633),
      ["RightUpperLeg"] = CFrame.new(0.004807, 0.029064, 0.024823, 0.991042, -0.133551, -0.000590, 0.125963, 0.933247, 0.336427, -0.044380, -0.333488, 0.941709)
    }},
    { Time = 0.483, Data = {
      ["Head"] = CFrame.new(0.000000, 0.000000, 0.000000, 1.000000, -0.000000, 0.000000, 0.000000, 0.984616, 0.174730, -0.000000, -0.174730, 0.984616),
      ["LeftUpperArm"] = CFrame.new(0.022984, -0.938874, -0.274504, 1.000000, 0.000000, 0.000000, 0.000000, 0.738924, -0.673789, 0.000000, 0.673789, 0.738924),
      ["LeftUpperLeg"] = CFrame.new(0.011507, 0.007951, 0.013201, 0.991324, 0.131441, -0.000282, -0.128751, 0.971465, 0.199197, 0.026457, -0.197432, 0.979959),
      ["LowerTorso"] = CFrame.new(-0.000639, -0.057927, 1.459303, 0.999988, 0.000640, 0.004916, -0.000569, 0.999895, -0.014503, -0.004925, 0.014500, 0.999883),
      ["RightUpperArm"] = CFrame.new(-0.158819, -0.126506, 0.393230, 0.936093, 0.351449, -0.014596, -0.346830, 0.929116, 0.128265, 0.058640, -0.115006, 0.991633),
      ["RightUpperLeg"] = CFrame.new(0.004855, 0.028058, 0.024316, 0.991067, -0.133368, -0.000382, 0.125896, 0.934586, 0.332715, -0.044017, -0.329791, 0.943027)
    }},
    { Time = 0.500, Data = {
      ["Head"] = CFrame.new(0.000000, 0.000000, 0.000000, 1.000000, -0.000000, 0.000000, 0.000000, 0.984388, 0.176010, -0.000000, -0.176010, 0.984388),
      ["LeftUpperArm"] = CFrame.new(0.022984, -0.939725, -0.273774, 1.000000, 0.000000, 0.000000, 0.000000, 0.735858, -0.677136, 0.000000, 0.677136, 0.735858),
      ["LeftUpperLeg"] = CFrame.new(0.011896, 0.007138, 0.012798, 0.991307, 0.131568, -0.000185, -0.129033, 0.972480, 0.193992, 0.025703, -0.192282, 0.981003),
      ["LowerTorso"] = CFrame.new(-0.000533, -0.056603, 1.464671, 0.999993, 0.000538, 0.003709, -0.000498, 0.999943, -0.010705, -0.003715, 0.010703, 0.999936),
      ["RightUpperArm"] = CFrame.new(-0.158819, -0.126506, 0.393230, 0.936093, 0.351449, -0.014596, -0.346830, 0.929116, 0.128265, 0.058640, -0.115006, 0.991633),
      ["RightUpperLeg"] = CFrame.new(0.004924, 0.026484, 0.023442, 0.991118, -0.132988, -0.000158, 0.125739, 0.936705, 0.326761, -0.043307, -0.323878, 0.945107)
    }},
    { Time = 0.517, Data = {
      ["Head"] = CFrame.new(0.000000, 0.000000, 0.000000, 1.000000, -0.000000, 0.000000, 0.000000, 0.984082, 0.177716, -0.000000, -0.177716, 0.984082),
      ["LeftUpperArm"] = CFrame.new(0.022984, -0.940828, -0.272842, 1.000000, 0.000000, 0.000000, 0.000000, 0.731891, -0.681422, 0.000000, 0.681422, 0.731891),
      ["LeftUpperLeg"] = CFrame.new(0.012400, 0.006066, 0.012293, 0.991280, 0.131775, -0.000104, -0.129427, 0.973765, 0.187162, 0.024764, -0.185517, 0.982329),
      ["LowerTorso"] = CFrame.new(-0.000514, -0.054856, 1.471552, 0.999997, 0.000525, 0.002243, -0.000511, 0.999983, -0.005870, -0.002246, 0.005869, 0.999980),
      ["RightUpperArm"] = CFrame.new(-0.158819, -0.126506, 0.393230, 0.936093, 0.351449, -0.014596, -0.346830, 0.929116, 0.128265, 0.058640, -0.115006, 0.991633),
      ["RightUpperLeg"] = CFrame.new(0.005016, 0.024426, 0.022304, 0.991182, -0.132509, 0.000114, 0.125547, 0.939384, 0.319054, -0.042385, -0.316226, 0.947737)
    }},
    { Time = 0.533, Data = {
      ["Head"] = CFrame.new(0.000000, -0.000000, 0.000000, 1.000000, -0.000000, 0.000000, 0.000000, 0.983741, 0.179592, -0.000000, -0.179592, 0.983741),
      ["LeftUpperArm"] = CFrame.new(0.022984, -0.942115, -0.271769, 1.000000, 0.000000, 0.000000, 0.000000, 0.727256, -0.686366, 0.000000, 0.686366, 0.727256),
      ["LeftUpperLeg"] = CFrame.new(0.012996, 0.004881, 0.011656, 0.991265, 0.131882, 0.000066, -0.129759, 0.975216, 0.179209, 0.023570, -0.177652, 0.983811),
      ["LowerTorso"] = CFrame.new(-0.000414, -0.052793, 1.479633, 1.000000, 0.000432, 0.000518, -0.000432, 1.000000, -0.000173, -0.000518, 0.000173, 1.000000),
      ["RightUpperArm"] = CFrame.new(-0.158819, -0.126506, 0.393230, 0.936093, 0.351449, -0.014596, -0.346830, 0.929116, 0.128265, 0.058640, -0.115006, 0.991633),
      ["RightUpperLeg"] = CFrame.new(0.005123, 0.022044, 0.021009, 0.991257, -0.131945, 0.000483, 0.125293, 0.942416, 0.310088, -0.041369, -0.307316, 0.950708)
    }},
    { Time = 0.550, Data = {
      ["Cock"] = CFrame.new(0.000000, -0.000000, 0.000000, 0.939521, -0.342492, 0.000000, 0.342492, 0.939521, 0.000000, 0.000000, 0.000000, 1.000000),
      ["Head"] = CFrame.new(0.000000, 0.000000, 0.000000, 1.000000, -0.000000, 0.000000, 0.000000, 0.983365, 0.181638, -0.000000, -0.181638, 0.983365),
      ["LeftUpperArm"] = CFrame.new(0.022984, -0.943519, -0.270613, 1.000000, 0.000000, 0.000000, 0.000000, 0.722196, -0.691688, 0.000000, 0.691688, 0.722196),
      ["LeftUpperLeg"] = CFrame.new(0.013630, 0.003579, 0.011001, 0.991239, 0.132079, 0.000207, -0.130175, 0.976680, 0.170736, 0.022348, -0.169267, 0.985317),
      ["LowerTorso"] = CFrame.new(-0.000325, -0.050542, 1.488234, 0.999999, 0.000349, -0.001380, -0.000341, 0.999983, 0.005870, 0.001382, -0.005870, 0.999982),
      ["RightUpperArm"] = CFrame.new(-0.158819, -0.126506, 0.393230, 0.936093, 0.351449, -0.014596, -0.346830, 0.929116, 0.128265, 0.058640, -0.115006, 0.991633),
      ["RightUpperLeg"] = CFrame.new(0.005240, 0.019469, 0.019591, 0.991333, -0.131367, 0.000812, 0.125060, 0.945596, 0.300347, -0.040223, -0.297642, 0.953830)
    }},
    { Time = 0.567, Data = {
      ["Head"] = CFrame.new(0.000000, 0.000000, -0.000000, 1.000000, -0.000000, 0.000000, 0.000000, 0.983381, 0.181553, -0.000000, -0.181553, 0.983381),
      ["LeftUpperArm"] = CFrame.new(0.022984, -0.943732, -0.270579, 1.000000, 0.000000, 0.000000, 0.000000, 0.721553, -0.692360, 0.000000, 0.692360, 0.721553),
      ["LeftUpperLeg"] = CFrame.new(0.014085, 0.003237, 0.010854, 0.991218, 0.132235, 0.000308, -0.130375, 0.976878, 0.169447, 0.022106, -0.167999, 0.985539),
      ["LowerTorso"] = CFrame.new(-0.000413, -0.050213, 1.489084, 0.999999, 0.000437, -0.001552, -0.000426, 0.999977, 0.006733, 0.001555, -0.006733, 0.999976),
      ["RightUpperArm"] = CFrame.new(-0.158819, -0.126506, 0.393230, 0.936093, 0.351449, -0.014596, -0.346830, 0.929116, 0.128265, 0.058640, -0.115006, 0.991633),
      ["RightUpperLeg"] = CFrame.new(0.005378, 0.019177, 0.019465, 0.991333, -0.131366, 0.000910, 0.125090, 0.946040, 0.298933, -0.040130, -0.296229, 0.954274)
    }},
    { Time = 0.583, Data = {
      ["Head"] = CFrame.new(0.000000, -0.000000, 0.000000, 1.000000, -0.000000, 0.000000, 0.000000, 0.983397, 0.181468, -0.000000, -0.181468, 0.983397),
      ["LeftUpperArm"] = CFrame.new(0.022984, -0.944404, -0.270444, 1.000000, 0.000000, 0.000000, 0.000000, 0.719487, -0.694505, 0.000000, 0.694505, 0.719487),
      ["LeftUpperLeg"] = CFrame.new(0.015458, 0.002299, 0.010407, 0.991178, 0.132535, 0.000593, -0.130803, 0.977484, 0.165578, 0.021365, -0.164195, 0.986197),
      ["LowerTorso"] = CFrame.new(-0.000504, -0.049221, 1.491719, 0.999998, 0.000528, -0.002156, -0.000508, 0.999956, 0.009410, 0.002160, -0.009408, 0.999953),
      ["RightUpperArm"] = CFrame.new(-0.158819, -0.126506, 0.393230, 0.936093, 0.351449, -0.014596, -0.346830, 0.929116, 0.128265, 0.058640, -0.115006, 0.991633),
      ["RightUpperLeg"] = CFrame.new(0.005790, 0.018298, 0.019044, 0.991335, -0.131351, 0.001123, 0.125194, 0.947384, 0.294602, -0.039760, -0.291908, 0.955619)
    }},
    { Time = 0.600, Data = {
      ["Head"] = CFrame.new(0.000000, -0.000000, 0.000000, 1.000000, -0.000000, 0.000000, 0.000000, 0.983444, 0.181212, -0.000000, -0.181212, 0.983444),
      ["LeftUpperArm"] = CFrame.new(0.022984, -0.945506, -0.270241, 1.000000, 0.000000, 0.000000, 0.000000, 0.716115, -0.697982, 0.000000, 0.697982, 0.716115),
      ["LeftUpperLeg"] = CFrame.new(0.017729, 0.000689, 0.009704, 0.991094, 0.133158, 0.000984, -0.131618, 0.978459, 0.159046, 0.020215, -0.157759, 0.987271),
      ["LowerTorso"] = CFrame.new(-0.000775, -0.047559, 1.496054, 0.999995, 0.000799, -0.003188, -0.000755, 0.999904, 0.013812, 0.003199, -0.013810, 0.999900),
      ["RightUpperArm"] = CFrame.new(-0.158819, -0.126506, 0.393230, 0.936093, 0.351449, -0.014596, -0.346830, 0.929116, 0.128265, 0.058640, -0.115006, 0.991633),
      ["RightUpperLeg"] = CFrame.new(0.006480, 0.016793, 0.018335, 0.991328, -0.131406, 0.001440, 0.125454, 0.949577, 0.287342, -0.039126, -0.284670, 0.957827)
    }},
    { Time = 0.617, Data = {
      ["Head"] = CFrame.new(0.000000, -0.000000, 0.000000, 1.000000, -0.000000, 0.000000, 0.000000, 0.983507, 0.180871, -0.000000, -0.180871, 0.983507),
      ["LeftUpperArm"] = CFrame.new(0.022984, -0.947041, -0.269972, 1.000000, 0.000000, 0.000000, 0.000000, 0.711413, -0.702775, 0.000000, 0.702775, 0.711413),
      ["LeftUpperLeg"] = CFrame.new(0.020897, -0.001499, 0.008704, 0.990989, 0.133932, 0.001565, -0.132648, 0.979733, 0.150094, 0.018569, -0.148949, 0.988670),
      ["LowerTorso"] = CFrame.new(-0.001145, -0.045213, 1.502089, 0.999988, 0.001169, -0.004650, -0.001076, 0.999801, 0.019942, 0.004672, -0.019937, 0.999790),
      ["RightUpperArm"] = CFrame.new(-0.158819, -0.126506, 0.393230, 0.936093, 0.351449, -0.014596, -0.346830, 0.929116, 0.128265, 0.058640, -0.115006, 0.991633),
      ["RightUpperLeg"] = CFrame.new(0.007433, 0.014766, 0.017372, 0.991331, -0.131372, 0.001964, 0.125684, 0.952548, 0.277229, -0.038291, -0.274579, 0.960802)
    }},
    { Time = 0.633, Data = {
      ["Head"] = CFrame.new(0.000000, -0.000000, 0.000000, 1.000000, -0.000000, 0.000000, 0.000000, 0.983585, 0.180445, -0.000000, -0.180445, 0.983585),
      ["LeftUpperArm"] = CFrame.new(0.022984, -0.949017, -0.269635, 1.000000, 0.000000, 0.000000, 0.000000, 0.705348, -0.708861, 0.000000, 0.708861, 0.705348),
      ["LeftUpperLeg"] = CFrame.new(0.024930, -0.004337, 0.007403, 0.990838, 0.135035, 0.002331, -0.134053, 0.981242, 0.138545, 0.016421, -0.137588, 0.990353),
      ["LowerTorso"] = CFrame.new(-0.001620, -0.042164, 1.509822, 0.999978, 0.001642, -0.006366, -0.001465, 0.999613, 0.027798, 0.006409, -0.027788, 0.999593),
      ["RightUpperArm"] = CFrame.new(-0.158819, -0.126506, 0.393230, 0.936093, 0.351449, -0.014596, -0.346830, 0.929116, 0.128265, 0.058640, -0.115006, 0.991633),
      ["RightUpperLeg"] = CFrame.new(0.008648, 0.012179, 0.016124, 0.991336, -0.131322, 0.002592, 0.125973, 0.956172, 0.264322, -0.037189, -0.261706, 0.964431)
    }},
    { Time = 0.650, Data = {
      ["Head"] = CFrame.new(0.000000, -0.000000, 0.000000, 1.000000, -0.000000, 0.000000, 0.000000, 0.983663, 0.180019, -0.000000, -0.180019, 0.983663),
      ["LeftUpperArm"] = CFrame.new(0.022984, -0.951443, -0.269232, 1.000000, 0.000000, 0.000000, 0.000000, 0.697879, -0.716215, 0.000000, 0.716215, 0.697879),
      ["LeftUpperLeg"] = CFrame.new(0.029818, -0.007719, 0.005798, 0.990662, 0.136304, 0.003274, -0.135647, 0.982896, 0.124560, 0.013760, -0.123841, 0.992207),
      ["LowerTorso"] = CFrame.new(-0.002211, -0.038389, 1.519167, 0.999961, 0.002232, -0.008592, -0.001910, 0.999303, 0.037293, 0.008669, -0.037275, 0.999267),
