return {
  ["Astros im shy"] = {
    { Time = 0.000, Data = {
      ["Balls"] = CFrame.new(-0.000000, 0.000000, 0.000000, 0.998342, 0.057553, 0.000000, -0.057553, 0.998342, -0.000000, -0.000000, 0.000000, 1.000000),
      ["Cock"] = CFrame.new(0.000000, 0.000000, 0.000000, 0.952036, 0.305987, 0.000000, -0.305987, 0.952036, -0.000000, -0.000000, 0.000000, 1.000000),
      ["Head"] = CFrame.new(0.000000, -0.000000, 0.000000, 1.000000, -0.000000, 0.000000, 0.000000, 0.967774, 0.251819, -0.000000, -0.251819, 0.967774),
      ["LeftUpperArm"] = CFrame.new(0.078306, -0.046593, 0.070954, 0.715343, -0.698671, -0.011990, 0.690714, 0.704389, 0.163557, -0.105827, -0.125281, 0.986461),
      ["LeftUpperLeg"] = CFrame.new(-0.001350, -0.024339, -0.027486, 0.997301, 0.051357, 0.052479, -0.048678, 0.997506, -0.051105, -0.054972, 0.048412, 0.997313),
      ["LowerTorso"] = CFrame.new(3.103713, 0.000853, 0.215972, 0.207766, -0.040393, 0.977344, -0.000019, 0.999147, 0.041298, -0.978179, -0.008599, 0.207588),
      ["RightUpperArm"] = CFrame.new(-0.062203, -0.080003, -0.011186, 0.739967, 0.670443, 0.054364, -0.657420, 0.703757, 0.269304, 0.142294, -0.235016, 0.961520),
      ["RightUpperLeg"] = CFrame.new(0.001005, -0.017031, -0.026701, 0.997992, -0.036664, -0.051652, 0.034063, 0.998150, -0.050353, 0.053403, 0.048492, 0.997395)
    }},
    { Time = 0.017, Data = {
      ["Balls"] = CFrame.new(-0.000000, -0.000001, 0.000000, 0.998342, 0.057553, 0.000000, -0.057553, 0.998342, -0.000000, -0.000000, 0.000000, 1.000000),
      ["Cock"] = CFrame.new(0.000000, 0.000000, 0.000000, 0.949764, 0.312968, 0.000000, -0.312968, 0.949764, -0.000000, -0.000000, 0.000000, 1.000000),
      ["Head"] = CFrame.new(0.000000, 0.000000, 0.000000, 1.000000, -0.000000, 0.000000, 0.000000, 0.967489, 0.252914, -0.000000, -0.252914, 0.967489),
      ["LeftUpperArm"] = CFrame.new(0.078234, -0.046711, 0.070694, 0.715070, -0.698946, -0.012240, 0.690887, 0.703939, 0.164759, -0.106541, -0.126270, 0.986258),
      ["LeftUpperLeg"] = CFrame.new(-0.001350, -0.024339, -0.027486, 0.997301, 0.051357, 0.052479, -0.048678, 0.997506, -0.051105, -0.054972, 0.048412, 0.997313),
      ["LowerTorso"] = CFrame.new(3.103730, 0.000853, 0.215975, 0.207766, -0.040393, 0.977344, -0.000019, 0.999147, 0.041298, -0.978179, -0.008599, 0.207588),
      ["RightUpperArm"] = CFrame.new(-0.062062, -0.080066, -0.010972, 0.739482, 0.670978, 0.054359, -0.658072, 0.703519, 0.268335, 0.141804, -0.234200, 0.961791),
      ["RightUpperLeg"] = CFrame.new(0.001005, -0.017031, -0.026701, 0.997992, -0.036664, -0.051652, 0.034063, 0.998150, -0.050353, 0.053403, 0.048492, 0.997395)
    }},
    { Time = 0.033, Data = {
      ["Balls"] = CFrame.new(-0.000000, -0.000001, 0.000000, 0.998347, 0.057467, 0.000000, -0.057467, 0.998347, -0.000000, -0.000000, 0.000000, 1.000000),
      ["Cock"] = CFrame.new(0.000000, 0.000000, 0.000000, 0.947411, 0.320020, 0.000000, -0.320020, 0.947411, -0.000000, -0.000000, 0.000000, 1.000000),
      ["Head"] = CFrame.new(0.000000, 0.000000, 0.000000, 1.000000, -0.000000, 0.000000, 0.000000, 0.967180, 0.254093, -0.000000, -0.254093, 0.967180),
      ["LeftUpperArm"] = CFrame.new(0.078179, -0.046816, 0.070412, 0.714861, -0.699154, -0.012515, 0.690988, 0.703539, 0.166040, -0.107283, -0.127343, 0.986040),
      ["LeftUpperLeg"] = CFrame.new(-0.001350, -0.024339, -0.027486, 0.997301, 0.051357, 0.052479, -0.048678, 0.997506, -0.051105, -0.054972, 0.048412, 0.997313),
      ["LowerTorso"] = CFrame.new(3.103723, 0.000852, 0.215918, 0.207766, -0.040339, 0.977347, 0.000035, 0.999150, 0.041231, -0.978179, -0.008532, 0.207590),
      ["RightUpperArm"] = CFrame.new(-0.061939, -0.080113, -0.010759, 0.739059, 0.671446, 0.054340, -0.658654, 0.703341, 0.267367, 0.141303, -0.233391, 0.962061),
      ["RightUpperLeg"] = CFrame.new(0.001005, -0.017032, -0.026701, 0.997992, -0.036661, -0.051654, 0.034066, 0.998155, -0.050267, 0.053401, 0.048406, 0.997399)
    }},
    { Time = 0.050, Data = {
      ["Balls"] = CFrame.new(-0.000000, -0.000001, 0.000000, 0.998352, 0.057380, 0.000000, -0.057380, 0.998352, -0.000000, -0.000000, 0.000000, 1.000000),
      ["Cock"] = CFrame.new(0.000000, 0.000000, 0.000000, 0.945062, 0.326892, 0.000000, -0.326892, 0.945062, -0.000000, -0.000000, 0.000000, 1.000000),
      ["Head"] = CFrame.new(0.000000, 0.000000, 0.000000, 1.000000, -0.000000, 0.000000, 0.000000, 0.966869, 0.255271, -0.000000, -0.255271, 0.966869),
      ["LeftUpperArm"] = CFrame.new(0.078125, -0.046922, 0.070130, 0.714653, -0.699363, -0.012790, 0.691088, 0.703137, 0.167320, -0.108024, -0.128415, 0.985820),
      ["LeftUpperLeg"] = CFrame.new(-0.001350, -0.024340, -0.027485, 0.997301, 0.051354, 0.052481, -0.048681, 0.997511, -0.051019, -0.054970, 0.048326, 0.997318),
      ["LowerTorso"] = CFrame.new(3.103737, 0.000852, 0.215990, 0.207768, -0.040272, 0.977349, -0.000032, 0.999152, 0.041177, -0.978178, -0.008586, 0.207590),
      ["RightUpperArm"] = CFrame.new(-0.061798, -0.080170, -0.010524, 0.738573, 0.671983, 0.054301, -0.659311, 0.703124, 0.266319, 0.140782, -0.232498, 0.962354),
      ["RightUpperLeg"] = CFrame.new(0.001005, -0.017033, -0.026700, 0.997992, -0.036659, -0.051655, 0.034068, 0.998159, -0.050180, 0.053400, 0.048320, 0.997403)
    }},
    { Time = 0.067, Data = {
      ["Balls"] = CFrame.new(-0.000000, -0.000001, 0.000000, 0.998362, 0.057208, 0.000000, -0.057208, 0.998362, -0.000000, -0.000000, 0.000000, 1.000000),
      ["Cock"] = CFrame.new(0.000000, 0.000000, 0.000000, 0.942661, 0.333752, 0.000000, -0.333752, 0.942661, -0.000000, -0.000000, 0.000000, 1.000000),
      ["Head"] = CFrame.new(0.000000, 0.000000, 0.000000, 1.000000, -0.000000, 0.000000, 0.000000, 0.966580, 0.256365, -0.000000, -0.256365, 0.966580),
      ["LeftUpperArm"] = CFrame.new(0.078071, -0.047024, 0.069860, 0.714449, -0.699565, -0.013113, 0.691200, 0.702747, 0.168489, -0.108654, -0.129441, 0.985616),
      ["LeftUpperLeg"] = CFrame.new(-0.001350, -0.024341, -0.027484, 0.997301, 0.051352, 0.052483, -0.048683, 0.997515, -0.050933, -0.054968, 0.048240, 0.997322),
      ["LowerTorso"] = CFrame.new(3.103794, 0.000852, 0.215947, 0.207768, -0.040218, 0.977351, 0.000022, 0.999155, 0.041110, -0.978178, -0.008519, 0.207593),
      ["RightUpperArm"] = CFrame.new(-0.061657, -0.080233, -0.010309, 0.738086, 0.672518, 0.054293, -0.659960, 0.702882, 0.265349, 0.140290, -0.231682, 0.962622),
      ["RightUpperLeg"] = CFrame.new(0.001005, -0.017034, -0.026699, 0.997992, -0.036657, -0.051657, 0.034070, 0.998163, -0.050094, 0.053398, 0.048234, 0.997408)
    }},
    { Time = 0.083, Data = {
      ["Balls"] = CFrame.new(-0.000000, -0.000001, 0.000000, 0.998377, 0.056949, 0.000000, -0.056949, 0.998377, -0.000000, -0.000000, 0.000000, 1.000000),
      ["Cock"] = CFrame.new(0.000000, -0.000000, 0.000000, 0.940239, 0.340515, 0.000000, -0.340515, 0.940239, -0.000000, -0.000000, 0.000000, 1.000000),
      ["Head"] = CFrame.new(0.000000, 0.000000, -0.000000, 1.000000, -0.000000, 0.000000, 0.000000, 0.966267, 0.257543, -0.000000, -0.257543, 0.966267),
      ["LeftUpperArm"] = CFrame.new(0.078017, -0.047131, 0.069578, 0.714240, -0.699773, -0.013389, 0.691299, 0.702342, 0.169770, -0.109396, -0.130512, 0.985393),
      ["LeftUpperLeg"] = CFrame.new(-0.001350, -0.024343, -0.027483, 0.997301, 0.051350, 0.052485, -0.048685, 0.997519, -0.050846, -0.054966, 0.048154, 0.997326),
      ["LowerTorso"] = CFrame.new(3.103817, 0.000850, 0.215964, 0.207770, -0.040096, 0.977356, 0.000010, 0.999160, 0.040989, -0.978178, -0.008507, 0.207596),
      ["RightUpperArm"] = CFrame.new(-0.061531, -0.080281, -0.010088, 0.737658, 0.672996, 0.054193, -0.660528, 0.702701, 0.264413, 0.139867, -0.230842, 0.962886),
      ["RightUpperLeg"] = CFrame.new(0.001005, -0.017035, -0.026698, 0.997992, -0.036655, -0.051659, 0.034073, 0.998167, -0.050008, 0.053397, 0.048147, 0.997412)
    }},
    { Time = 0.100, Data = {
      ["Balls"] = CFrame.new(-0.000000, -0.000001, 0.000000, 0.998392, 0.056691, 0.000000, -0.056691, 0.998392, -0.000000, -0.000000, 0.000000, 1.000000),
      ["Cock"] = CFrame.new(0.000000, 0.000000, 0.000000, 0.937797, 0.347184, 0.000000, -0.347184, 0.937797, -0.000000, -0.000000, 0.000000, 1.000000),
      ["Head"] = CFrame.new(0.000000, 0.000000, 0.000000, 1.000000, -0.000000, 0.000000, 0.000000, 0.965975, 0.258637, -0.000000, -0.258637, 0.965975),
      ["LeftUpperArm"] = CFrame.new(0.077962, -0.047234, 0.069318, 0.714031, -0.699981, -0.013633, 0.691402, 0.701949, 0.170970, -0.110106, -0.131504, 0.985182),
      ["LeftUpperLeg"] = CFrame.new(-0.001350, -0.024345, -0.027481, 0.997301, 0.051345, 0.052490, -0.048690, 0.997528, -0.050674, -0.054962, 0.047982, 0.997335),
      ["LowerTorso"] = CFrame.new(3.103870, 0.000850, 0.215989, 0.207772, -0.039975, 0.977360, -0.000003, 0.999165, 0.040867, -0.978177, -0.008494, 0.207599),
      ["RightUpperArm"] = CFrame.new(-0.061391, -0.080345, -0.009874, 0.737171, 0.673531, 0.054184, -0.661177, 0.702456, 0.263442, 0.139375, -0.230027, 0.963152),
      ["RightUpperLeg"] = CFrame.new(0.001005, -0.017038, -0.026697, 0.997992, -0.036650, -0.051662, 0.034077, 0.998176, -0.049836, 0.053394, 0.047975, 0.997420)
    }},
    { Time = 0.117, Data = {
      ["Balls"] = CFrame.new(-0.000000, -0.000001, 0.000000, 0.998411, 0.056346, 0.000000, -0.056346, 0.998411, -0.000000, -0.000000, 0.000000, 1.000000),
      ["Cock"] = CFrame.new(0.000000, 0.000000, 0.000000, 0.935369, 0.353674, 0.000000, -0.353674, 0.935369, -0.000000, -0.000000, 0.000000, 1.000000),
      ["Head"] = CFrame.new(0.000000, 0.000000, 0.000000, 1.000000, -0.000000, 0.000000, 0.000000, 0.965681, 0.259730, -0.000000, -0.259730, 0.965681),
      ["LeftUpperArm"] = CFrame.new(0.077907, -0.047338, 0.069057, 0.713822, -0.700190, -0.013877, 0.691504, 0.701555, 0.172171, -0.110817, -0.132496, 0.984969),
      ["LeftUpperLeg"] = CFrame.new(-0.001350, -0.024347, -0.027479, 0.997301, 0.051341, 0.052494, -0.048695, 0.997536, -0.050502, -0.054958, 0.047809, 0.997343),
      ["LowerTorso"] = CFrame.new(3.103955, 0.000850, 0.216020, 0.207775, -0.039853, 0.977365, -0.000016, 0.999170, 0.040746, -0.978177, -0.008481, 0.207601),
      ["RightUpperArm"] = CFrame.new(-0.061268, -0.080394, -0.009661, 0.736745, 0.673998, 0.054162, -0.661757, 0.702272, 0.262474, 0.138871, -0.229219, 0.963418),
      ["RightUpperLeg"] = CFrame.new(0.001004, -0.016997, -0.026694, 0.997995, -0.036559, -0.051667, 0.033996, 0.998187, -0.049661, 0.053389, 0.047805, 0.997429)
    }},
    { Time = 0.133, Data = {
      ["Balls"] = CFrame.new(-0.000000, -0.000001, 0.000000, 0.998436, 0.055915, 0.000000, -0.055915, 0.998436, -0.000000, -0.000000, 0.000000, 1.000000),
      ["Cock"] = CFrame.new(0.000000, 0.000000, 0.000000, 0.932925, 0.360070, 0.000000, -0.360070, 0.932925, -0.000000, -0.000000, 0.000000, 1.000000),
      ["Head"] = CFrame.new(0.000000, 0.000000, 0.000000, 1.000000, -0.000000, 0.000000, 0.000000, 0.965387, 0.260823, -0.000000, -0.260823, 0.965387),
      ["LeftUpperArm"] = CFrame.new(0.077854, -0.047442, 0.068787, 0.713617, -0.700392, -0.014201, 0.691614, 0.701159, 0.173339, -0.111448, -0.133520, 0.984760),
      ["LeftUpperLeg"] = CFrame.new(-0.001350, -0.024350, -0.027477, 0.997301, 0.051336, 0.052499, -0.048700, 0.997545, -0.050329, -0.054954, 0.047637, 0.997352),
      ["LowerTorso"] = CFrame.new(3.104014, 0.000848, 0.215990, 0.207777, -0.039678, 0.977371, 0.000026, 0.999177, 0.040558, -0.978176, -0.008402, 0.207607),
      ["RightUpperArm"] = CFrame.new(-0.061142, -0.080442, -0.009441, 0.736315, 0.674476, 0.054060, -0.662324, 0.702087, 0.261537, 0.138446, -0.228379, 0.963678),
      ["RightUpperLeg"] = CFrame.new(0.001004, -0.016999, -0.026693, 0.997995, -0.036555, -0.051670, 0.034000, 0.998196, -0.049489, 0.053386, 0.047633, 0.997437)
    }},
    { Time = 0.150, Data = {
      ["Balls"] = CFrame.new(-0.000000, -0.000001, 0.000000, 0.998460, 0.055484, 0.000000, -0.055484, 0.998460, -0.000000, -0.000000, 0.000000, 1.000000),
      ["Cock"] = CFrame.new(0.000000, 0.000000, 0.000000, 0.930533, 0.366208, 0.000000, -0.366208, 0.930533, -0.000000, -0.000000, 0.000000, 1.000000),
      ["Head"] = CFrame.new(0.000000, -0.000000, 0.000000, 1.000000, -0.000000, 0.000000, 0.000000, 0.965114, 0.261831, -0.000000, -0.261831, 0.965114),
      ["LeftUpperArm"] = CFrame.new(0.077799, -0.047543, 0.068548, 0.713408, -0.700600, -0.014414, 0.691720, 0.700776, 0.174460, -0.112126, -0.134432, 0.984559),
      ["LeftUpperLeg"] = CFrame.new(-0.001350, -0.024353, -0.027474, 0.997301, 0.051330, 0.052505, -0.048707, 0.997557, -0.050071, -0.054947, 0.047378, 0.997365),
      ["LowerTorso"] = CFrame.new(3.104158, 0.000850, 0.216034, 0.207779, -0.039557, 0.977376, 0.000013, 0.999182, 0.040436, -0.978176, -0.008389, 0.207609),
      ["RightUpperArm"] = CFrame.new(-0.061020, -0.080498, -0.009249, 0.735889, 0.674940, 0.054068, -0.662896, 0.701877, 0.260647, 0.137972, -0.227649, 0.963919),
      ["RightUpperLeg"] = CFrame.new(0.001004, -0.017001, -0.026692, 0.997995, -0.036551, -0.051673, 0.034005, 0.998204, -0.049316, 0.053383, 0.047460, 0.997446)
    }},
    { Time = 0.167, Data = {
      ["Balls"] = CFrame.new(-0.000000, -0.000001, 0.000000, 0.998483, 0.055053, 0.000000, -0.055053, 0.998483, -0.000000, -0.000000, 0.000000, 1.000000),
      ["Cock"] = CFrame.new(0.000000, 0.000000, 0.000000, 0.928132, 0.372252, 0.000000, -0.372252, 0.928132, -0.000000, -0.000000, 0.000000, 1.000000),
      ["Head"] = CFrame.new(0.000000, 0.000000, 0.000000, 1.000000, -0.000000, 0.000000, 0.000000, 0.964839, 0.262840, -0.000000, -0.262840, 0.964839),
      ["LeftUpperArm"] = CFrame.new(0.077746, -0.047644, 0.068299, 0.713203, -0.700803, -0.014706, 0.691834, 0.700392, 0.175549, -0.112725, -0.135376, 0.984361),
      ["LeftUpperLeg"] = CFrame.new(-0.001352, -0.024356, -0.027514, 0.997296, 0.051325, 0.052598, -0.048712, 0.997570, -0.049814, -0.055027, 0.047117, 0.997373),
      ["LowerTorso"] = CFrame.new(3.104208, 0.000848, 0.216070, 0.207783, -0.039314, 0.977385, -0.000012, 0.999192, 0.040194, -0.978175, -0.008363, 0.207615),
      ["RightUpperArm"] = CFrame.new(-0.060898, -0.080553, -0.009057, 0.735462, 0.675405, 0.054076, -0.663468, 0.701667, 0.259756, 0.137497, -0.226919, 0.964159),
      ["RightUpperLeg"] = CFrame.new(0.001004, -0.017005, -0.026689, 0.997995, -0.036544, -0.051678, 0.034012, 0.998217, -0.049058, 0.053379, 0.047202, 0.997458)
    }},
    { Time = 0.183, Data = {
      ["Balls"] = CFrame.new(-0.000000, -0.000001, 0.000000, 0.998512, 0.054535, 0.000000, -0.054535, 0.998512, -0.000000, -0.000000, 0.000000, 1.000000),
      ["Cock"] = CFrame.new(0.000000, 0.000000, 0.000000, 0.925756, 0.378121, 0.000000, -0.378121, 0.925756, -0.000000, -0.000000, 0.000000, 1.000000),
      ["Head"] = CFrame.new(0.000000, 0.000000, 0.000000, 1.000000, -0.000000, 0.000000, 0.000000, 0.964564, 0.263848, -0.000000, -0.263848, 0.964564),
      ["LeftUpperArm"] = CFrame.new(0.077708, -0.047728, 0.068058, 0.713059, -0.700945, -0.014911, 0.691872, 0.700072, 0.176670, -0.113397, -0.136292, 0.984157),
      ["LeftUpperLeg"] = CFrame.new(-0.001352, -0.024359, -0.027510, 0.997296, 0.051318, 0.052605, -0.048719, 0.997582, -0.049556, -0.055021, 0.046859, 0.997385),
      ["LowerTorso"] = CFrame.new(3.104289, 0.000846, 0.216113, 0.207788, -0.039071, 0.977393, -0.000038, 0.999202, 0.039951, -0.978174, -0.008338, 0.207620),
      ["RightUpperArm"] = CFrame.new(-0.060791, -0.080592, -0.008858, 0.735094, 0.675812, 0.053992, -0.663960, 0.701518, 0.258899, 0.137091, -0.226164, 0.964394),
      ["RightUpperLeg"] = CFrame.new(0.001004, -0.017008, -0.026687, 0.997995, -0.036537, -0.051683, 0.034019, 0.998229, -0.048799, 0.053374, 0.046943, 0.997471)
    }},
    { Time = 0.200, Data = {
      ["Balls"] = CFrame.new(-0.000000, -0.000001, 0.000000, 0.998540, 0.054018, 0.000000, -0.054018, 0.998540, -0.000000, -0.000000, 0.000000, 1.000000),
      ["Cock"] = CFrame.new(0.000000, 0.000000, 0.000000, 0.923443, 0.383735, 0.000000, -0.383735, 0.923443, -0.000000, -0.000000, 0.000000, 1.000000),
      ["Head"] = CFrame.new(0.000000, 0.000000, 0.000000, 1.000000, -0.000000, 0.000000, 0.000000, 0.964311, 0.264772, -0.000000, -0.264772, 0.964311),
      ["LeftUpperArm"] = CFrame.new(0.077655, -0.047826, 0.067831, 0.712854, -0.701148, -0.015171, 0.691990, 0.699699, 0.177679, -0.113965, -0.137157, 0.983972),
      ["LeftUpperLeg"] = CFrame.new(-0.001352, -0.024363, -0.027507, 0.997296, 0.051311, 0.052612, -0.048726, 0.997595, -0.049297, -0.055014, 0.046600, 0.997398),
      ["LowerTorso"] = CFrame.new(3.104406, 0.000844, 0.216041, 0.207790, -0.038841, 0.977402, 0.000058, 0.999212, 0.039695, -0.978173, -0.008191, 0.207628),
      ["RightUpperArm"] = CFrame.new(-0.060667, -0.080654, -0.008678, 0.734662, 0.676284, 0.053951, -0.664513, 0.701283, 0.258117, 0.136726, -0.225480, 0.964606),
      ["RightUpperLeg"] = CFrame.new(0.001004, -0.017013, -0.026684, 0.997995, -0.036528, -0.051689, 0.034028, 0.998246, -0.048454, 0.053369, 0.046598, 0.997487)
    }},
    { Time = 0.217, Data = {
      ["Balls"] = CFrame.new(-0.000000, -0.000001, 0.000000, 0.998572, 0.053414, 0.000000, -0.053414, 0.998572, -0.000000, -0.000000, 0.000000, 1.000000),
      ["Cock"] = CFrame.new(0.000000, 0.000000, 0.000000, 0.921198, 0.389095, 0.000000, -0.389095, 0.921198, -0.000000, -0.000000, 0.000000, 1.000000),
      ["Head"] = CFrame.new(0.000000, 0.000000, 0.000000, 1.000000, -0.000000, 0.000000, 0.000000, 0.964057, 0.265696, -0.000000, -0.265696, 0.964057),
      ["LeftUpperArm"] = CFrame.new(0.077619, -0.047907, 0.067602, 0.712715, -0.701285, -0.015422, 0.692042, 0.699391, 0.178689, -0.114525, -0.138027, 0.983785),
      ["LeftUpperLeg"] = CFrame.new(-0.001352, -0.024368, -0.027503, 0.997296, 0.051302, 0.052620, -0.048735, 0.997611, -0.048952, -0.055006, 0.046256, 0.997414),
      ["LowerTorso"] = CFrame.new(3.104538, 0.000844, 0.216095, 0.207794, -0.038598, 0.977411, 0.000033, 0.999221, 0.039453, -0.978173, -0.008166, 0.207634),
      ["RightUpperArm"] = CFrame.new(-0.060563, -0.080699, -0.008509, 0.734297, 0.676679, 0.053977, -0.665010, 0.701110, 0.257307, 0.136270, -0.224835, 0.964821),
      ["RightUpperLeg"] = CFrame.new(0.001004, -0.017016, -0.026682, 0.997995, -0.036522, -0.051694, 0.034035, 0.998258, -0.048196, 0.053364, 0.046340, 0.997499)
    }},
    { Time = 0.233, Data = {
      ["Balls"] = CFrame.new(-0.000000, -0.000001, 0.000000, 0.998609, 0.052724, 0.000000, -0.052724, 0.998609, -0.000000, -0.000000, 0.000000, 1.000000),
      ["Cock"] = CFrame.new(0.000000, 0.000000, 0.000000, 0.918989, 0.394283, 0.000000, -0.394283, 0.918989, -0.000000, -0.000000, 0.000000, 1.000000),
      ["Head"] = CFrame.new(0.000000, 0.000000, -0.000000, 1.000000, -0.000000, 0.000000, 0.000000, 0.963802, 0.266620, -0.000000, -0.266620, 0.963802),
      ["LeftUpperArm"] = CFrame.new(0.077565, -0.048001, 0.067395, 0.712509, -0.701488, -0.015650, 0.692164, 0.699032, 0.179619, -0.115060, -0.138812, 0.983612),
      ["LeftUpperLeg"] = CFrame.new(-0.001352, -0.024371, -0.027500, 0.997296, 0.051295, 0.052627, -0.048742, 0.997624, -0.048694, -0.055000, 0.045997, 0.997426),
      ["LowerTorso"] = CFrame.new(3.104694, 0.000845, 0.216154, 0.207798, -0.038356, 0.977419, 0.000008, 0.999231, 0.039210, -0.978172, -0.008140, 0.207639),
      ["RightUpperArm"] = CFrame.new(-0.060456, -0.080745, -0.008331, 0.733928, 0.677083, 0.053923, -0.665494, 0.700936, 0.256528, 0.135894, -0.224158, 0.965032),
      ["RightUpperLeg"] = CFrame.new(0.001004, -0.017021, -0.026679, 0.997995, -0.036513, -0.051700, 0.034044, 0.998274, -0.047851, 0.053358, 0.045995, 0.997516)
    }},
    { Time = 0.250, Data = {
      ["Balls"] = CFrame.new(-0.000000, -0.000001, 0.000000, 0.998645, 0.052035, 0.000000, -0.052035, 0.998645, -0.000000, -0.000000, 0.000000, 1.000000),
      ["Cock"] = CFrame.new(0.000000, 0.000000, 0.000000, 0.916856, 0.399219, 0.000000, -0.399219, 0.916856, -0.000000, -0.000000, 0.000000, 1.000000),
      ["Head"] = CFrame.new(0.000000, 0.000000, -0.000000, 1.000000, -0.000000, 0.000000, 0.000000, 0.963569, 0.267459, -0.000000, -0.267459, 0.963569),
      ["LeftUpperArm"] = CFrame.new(0.077529, -0.048075, 0.067208, 0.712369, -0.701626, -0.015837, 0.692226, 0.698752, 0.180470, -0.115557, -0.139524, 0.983453),
      ["LeftUpperLeg"] = CFrame.new(-0.001352, -0.024376, -0.027496, 0.997296, 0.051286, 0.052636, -0.048752, 0.997640, -0.048349, -0.054991, 0.045652, 0.997443),
      ["LowerTorso"] = CFrame.new(3.104755, 0.000841, 0.216206, 0.207805, -0.037992, 0.977432, -0.000031, 0.999245, 0.038846, -0.978170, -0.008102, 0.207647),
      ["RightUpperArm"] = CFrame.new(-0.060368, -0.080780, -0.008175, 0.733621, 0.677419, 0.053888, -0.665905, 0.700801, 0.255829, 0.135538, -0.223566, 0.965219),
      ["RightUpperLeg"] = CFrame.new(0.001004, -0.017026, -0.026676, 0.997995, -0.036504, -0.051707, 0.034053, 0.998290, -0.047506, 0.053352, 0.045650, 0.997532)
    }},
    { Time = 0.267, Data = {
      ["Balls"] = CFrame.new(-0.000000, -0.000001, 0.000000, 0.998681, 0.051345, 0.000000, -0.051345, 0.998681, -0.000000, -0.000000, 0.000000, 1.000000),
      ["Cock"] = CFrame.new(0.000000, 0.000000, 0.000000, 0.914837, 0.403823, 0.000000, -0.403823, 0.914837, -0.000000, -0.000000, 0.000000, 1.000000),
      ["Head"] = CFrame.new(0.000000, 0.000000, -0.000000, 1.000000, -0.000000, 0.000000, 0.000000, 0.963359, 0.268215, -0.000000, -0.268215, 0.963359),
      ["LeftUpperArm"] = CFrame.new(0.077493, -0.048153, 0.067000, 0.712229, -0.701763, -0.016056, 0.692281, 0.698456, 0.181400, -0.116085, -0.140314, 0.983278),
      ["LeftUpperLeg"] = CFrame.new(-0.001350, -0.024339, -0.027489, 0.997300, 0.051189, 0.052649, -0.048678, 0.997665, -0.047916, -0.054979, 0.045224, 0.997463),
      ["LowerTorso"] = CFrame.new(3.104904, 0.000840, 0.216209, 0.207809, -0.037695, 0.977443, -0.000002, 0.999257, 0.038536, -0.978169, -0.008010, 0.207655),
      ["RightUpperArm"] = CFrame.new(-0.060280, -0.080816, -0.008019, 0.733314, 0.677754, 0.053853, -0.666315, 0.700666, 0.255130, 0.135182, -0.222974, 0.965406),
      ["RightUpperLeg"] = CFrame.new(0.001004, -0.017030, -0.026673, 0.997995, -0.036495, -0.051713, 0.034062, 0.998306, -0.047161, 0.053346, 0.045305, 0.997548)
    }},
    { Time = 0.283, Data = {
      ["Balls"] = CFrame.new(-0.000000, -0.000001, 0.000000, 0.998721, 0.050569, 0.000000, -0.050569, 0.998721, -0.000000, -0.000000, 0.000000, 1.000000),
      ["Cock"] = CFrame.new(0.000000, 0.000000, 0.000000, 0.912866, 0.408259, 0.000000, -0.408259, 0.912866, -0.000000, -0.000000, 0.000000, 1.000000),
      ["Head"] = CFrame.new(0.000000, -0.000000, 0.000000, 1.000000, -0.000000, 0.000000, 0.000000, 0.963149, 0.268970, -0.000000, -0.268970, 0.963149),
      ["LeftUpperArm"] = CFrame.new(0.077457, -0.048223, 0.066834, 0.712089, -0.701902, -0.016211, 0.692347, 0.698189, 0.182173, -0.116549, -0.140947, 0.983133),
      ["LeftUpperLeg"] = CFrame.new(-0.001350, -0.024344, -0.027485, 0.997300, 0.051179, 0.052658, -0.048687, 0.997681, -0.047571, -0.054970, 0.044879, 0.997479),
      ["LowerTorso"] = CFrame.new(3.105075, 0.000840, 0.216215, 0.207813, -0.037398, 0.977453, 0.000027, 0.999269, 0.038227, -0.978169, -0.007917, 0.207662),
      ["RightUpperArm"] = CFrame.new(-0.060192, -0.080852, -0.007863, 0.733007, 0.678088, 0.053818, -0.666725, 0.700530, 0.254431, 0.134825, -0.222381, 0.965592),
      ["RightUpperLeg"] = CFrame.new(0.001004, -0.017036, -0.026670, 0.997995, -0.036484, -0.051721, 0.034074, 0.998326, -0.046730, 0.053339, 0.044874, 0.997568)
    }},
    { Time = 0.300, Data = {
      ["Balls"] = CFrame.new(-0.000000, -0.000001, 0.000000, 0.998760, 0.049792, 0.000000, -0.049792, 0.998760, -0.000000, -0.000000, 0.000000, 1.000000),
      ["Cock"] = CFrame.new(0.000000, 0.000000, 0.000000, 0.911055, 0.412284, 0.000000, -0.412284, 0.911055, -0.000000, -0.000000, 0.000000, 1.000000),
      ["Head"] = CFrame.new(0.000000, 0.000000, 0.000000, 1.000000, -0.000000, 0.000000, 0.000000, 0.962937, 0.269725, -0.000000, -0.269725, 0.962937),
      ["LeftUpperArm"] = CFrame.new(0.077420, -0.048293, 0.066668, 0.711949, -0.702040, -0.016365, 0.692413, 0.697922, 0.182945, -0.117014, -0.141579, 0.982987),
      ["LeftUpperLeg"] = CFrame.new(-0.001350, -0.024349, -0.027480, 0.997300, 0.051168, 0.052669, -0.048699, 0.997700, -0.047140, -0.054960, 0.044448, 0.997499),
      ["LowerTorso"] = CFrame.new(3.105199, 0.000839, 0.216281, 0.207819, -0.037034, 0.977466, -0.000011, 0.999283, 0.037863, -0.978167, -0.007879, 0.207670),
      ["RightUpperArm"] = CFrame.new(-0.060102, -0.080893, -0.007720, 0.732696, 0.678431, 0.053735, -0.667117, 0.700371, 0.253841, 0.134579, -0.221836, 0.965752),
      ["RightUpperLeg"] = CFrame.new(0.001004, -0.016997, -0.026709, 0.997993, -0.036390, -0.051815, 0.033995, 0.998345, -0.046384, 0.053417, 0.044530, 0.997579)
    }},
    { Time = 0.317, Data = {
      ["Balls"] = CFrame.new(-0.000000, -0.000001, 0.000000, 0.998798, 0.049016, 0.000000, -0.049016, 0.998798, -0.000000, -0.000000, 0.000000, 1.000000),
      ["Cock"] = CFrame.new(0.000000, 0.000000, 0.000000, 0.909299, 0.416143, 0.000000, -0.416143, 0.909299, -0.000000, -0.000000, 0.000000, 1.000000),
      ["Head"] = CFrame.new(0.000000, 0.000000, 0.000000, 1.000000, -0.000000, 0.000000, 0.000000, 0.962773, 0.270312, -0.000000, -0.270312, 0.962773),
      ["LeftUpperArm"] = CFrame.new(0.077384, -0.048364, 0.066502, 0.711809, -0.702179, -0.016519, 0.692479, 0.697654, 0.183718, -0.117478, -0.142211, 0.982840),
      ["LeftUpperLeg"] = CFrame.new(-0.001350, -0.024355, -0.027475, 0.997300, 0.051157, 0.052680, -0.048711, 0.997720, -0.046709, -0.054949, 0.044017, 0.997518),
      ["LowerTorso"] = CFrame.new(3.105341, 0.000838, 0.216351, 0.207825, -0.036670, 0.977478, -0.000049, 0.999297, 0.037499, -0.978166, -0.007841, 0.207678),
      ["RightUpperArm"] = CFrame.new(-0.060033, -0.080925, -0.007607, 0.732452, 0.678694, 0.053751, -0.667447, 0.700253, 0.253300, 0.134274, -0.221406, 0.965893),
      ["RightUpperLeg"] = CFrame.new(0.001004, -0.017002, -0.026705, 0.997993, -0.036379, -0.051823, 0.034006, 0.998365, -0.045953, 0.053410, 0.044099, 0.997598)
    }},
    { Time = 0.333, Data = {
      ["Balls"] = CFrame.new(-0.000000, -0.000001, 0.000000, 0.998840, 0.048154, 0.000000, -0.048154, 0.998840, -0.000000, -0.000000, 0.000000, 1.000000),
      ["Cock"] = CFrame.new(-0.000000, 0.000000, 0.000000, 0.907711, 0.419595, 0.000000, -0.419595, 0.907711, -0.000000, -0.000000, 0.000000, 1.000000),
      ["Head"] = CFrame.new(0.000000, 0.000000, 0.000000, 1.000000, -0.000000, 0.000000, 0.000000, 0.962584, 0.270984, -0.000000, -0.270984, 0.962584),
      ["LeftUpperArm"] = CFrame.new(0.077349, -0.048426, 0.066368, 0.711674, -0.702312, -0.016688, 0.692564, 0.697416, 0.184300, -0.117798, -0.142719, 0.982728),
      ["LeftUpperLeg"] = CFrame.new(-0.001352, -0.024360, -0.027513, 0.997296, 0.051147, 0.052777, -0.048721, 0.997740, -0.046280, -0.055025, 0.043584, 0.997533),
      ["LowerTorso"] = CFrame.new(3.105515, 0.000837, 0.216303, 0.207830, -0.036318, 0.977491, 0.000034, 0.999311, 0.037122, -0.978165, -0.007682, 0.207688),
      ["RightUpperArm"] = CFrame.new(-0.059964, -0.080956, -0.007494, 0.732207, 0.678957, 0.053766, -0.667776, 0.700134, 0.252759, 0.133969, -0.220976, 0.966034),
      ["RightUpperLeg"] = CFrame.new(0.001004, -0.017008, -0.026701, 0.997993, -0.036368, -0.051831, 0.034018, 0.998384, -0.045522, 0.053403, 0.043668, 0.997618)
    }},
    { Time = 0.350, Data = {
      ["Balls"] = CFrame.new(-0.000000, -0.000001, 0.000000, 0.998881, 0.047291, 0.000000, -0.047291, 0.998881, -0.000000, -0.000000, 0.000000, 1.000000),
      ["Cock"] = CFrame.new(0.000000, 0.000000, 0.000000, 0.906222, 0.422802, 0.000000, -0.422802, 0.906222, -0.000000, -0.000000, 0.000000, 1.000000),
      ["Head"] = CFrame.new(0.000000, 0.000000, 0.000000, 1.000000, -0.000000, 0.000000, 0.000000, 0.962442, 0.271487, -0.000000, -0.271487, 0.962442),
      ["LeftUpperArm"] = CFrame.new(0.077331, -0.048472, 0.066233, 0.711604, -0.702379, -0.016847, 0.692582, 0.697243, 0.184883, -0.118111, -0.143231, 0.982616),
      ["LeftUpperLeg"] = CFrame.new(-0.001352, -0.024366, -0.027507, 0.997296, 0.051136, 0.052788, -0.048733, 0.997759, -0.045849, -0.055014, 0.043153, 0.997553),
      ["LowerTorso"] = CFrame.new(3.105693, 0.000837, 0.216378, 0.207727, -0.035955, 0.977526, -0.000006, 0.999324, 0.036758, -0.978187, -0.007641, 0.207586),
      ["RightUpperArm"] = CFrame.new(-0.059892, -0.080987, -0.007372, 0.731958, 0.679230, 0.053703, -0.668094, 0.700014, 0.252250, 0.133743, -0.220515, 0.966171),
      ["RightUpperLeg"] = CFrame.new(0.001004, -0.017014, -0.026698, 0.997993, -0.036357, -0.051839, 0.034029, 0.998403, -0.045091, 0.053395, 0.043237, 0.997637)
    }},
    { Time = 0.367, Data = {
      ["Balls"] = CFrame.new(-0.000000, -0.000001, 0.000000, 0.998926, 0.046342, 0.000000, -0.046342, 0.998926, -0.000000, -0.000000, 0.000000, 1.000000),
      ["Cock"] = CFrame.new(0.000000, 0.000000, 0.000000, 0.904871, 0.425685, 0.000000, -0.425685, 0.904871, -0.000000, -0.000000, 0.000000, 1.000000),
      ["Head"] = CFrame.new(0.000000, 0.000000, 0.000000, 1.000000, -0.000000, 0.000000, 0.000000, 0.962300, 0.271990, -0.000000, -0.271990, 0.962300),
      ["LeftUpperArm"] = CFrame.new(0.077312, -0.048517, 0.066107, 0.711529, -0.702453, -0.016928, 0.692592, 0.697070, 0.185498, -0.118504, -0.143711, 0.982499),
      ["LeftUpperLeg"] = CFrame.new(-0.001352, -0.024372, -0.027502, 0.997296, 0.051124, 0.052799, -0.048745, 0.997778, -0.045418, -0.055004, 0.042722, 0.997572),
      ["LowerTorso"] = CFrame.new(3.105829, 0.000835, 0.216390, 0.207733, -0.035536, 0.977540, 0.000010, 0.999340, 0.036327, -0.978186, -0.007536, 0.207596),
      ["RightUpperArm"] = CFrame.new(-0.059839, -0.081008, -0.007273, 0.731773, 0.679433, 0.053658, -0.668338, 0.699936, 0.251821, 0.133538, -0.220138, 0.966285),
      ["RightUpperLeg"] = CFrame.new(0.001004, -0.017021, -0.026693, 0.997993, -0.036343, -0.051848, 0.034043, 0.998426, -0.044574, 0.053387, 0.042719, 0.997660)
    }},
    { Time = 0.383, Data = {
      ["Balls"] = CFrame.new(-0.000000, -0.000001, 0.000000, 0.998965, 0.045480, 0.000000, -0.045480, 0.998965, -0.000000, -0.000000, 0.000000, 1.000000),
      ["Cock"] = CFrame.new(0.000000, 0.000000, 0.000000, 0.903663, 0.428245, 0.000000, -0.428245, 0.903663, -0.000000, -0.000000, 0.000000, 1.000000),
      ["Head"] = CFrame.new(0.000000, -0.000000, 0.000000, 1.000000, -0.000000, 0.000000, 0.000000, 0.962181, 0.272409, -0.000000, -0.272409, 0.962181),
      ["LeftUpperArm"] = CFrame.new(0.077276, -0.048572, 0.066015, 0.711393, -0.702588, -0.017030, 0.692688, 0.696862, 0.185923, -0.118759, -0.144061, 0.982417),
      ["LeftUpperLeg"] = CFrame.new(-0.001350, -0.024335, -0.027496, 0.997300, 0.051027, 0.052812, -0.048670, 0.997801, -0.044985, -0.054992, 0.042293, 0.997591),
      ["LowerTorso"] = CFrame.new(3.106034, 0.000836, 0.216473, 0.207739, -0.035172, 0.977552, -0.000028, 0.999353, 0.035963, -0.978184, -0.007498, 0.207603),
      ["RightUpperArm"] = CFrame.new(-0.059786, -0.081035, -0.007195, 0.731587, 0.679634, 0.053646, -0.668576, 0.699835, 0.251470, 0.133364, -0.219839, 0.966377),
      ["RightUpperLeg"] = CFrame.new(0.001004, -0.017027, -0.026690, 0.997993, -0.036332, -0.051856, 0.034055, 0.998445, -0.044143, 0.053379, 0.042288, 0.997678)
    }},
    { Time = 0.400, Data = {
      ["Balls"] = CFrame.new(-0.000000, -0.000001, 0.000000, 0.999008, 0.044531, 0.000000, -0.044531, 0.999008, -0.000000, -0.000000, 0.000000, 1.000000),
      ["Cock"] = CFrame.new(0.000000, 0.000000, 0.000000, 0.902599, 0.430483, 0.000000, -0.430483, 0.902599, -0.000000, -0.000000, 0.000000, 1.000000),
      ["Head"] = CFrame.new(0.000000, 0.000000, 0.000000, 1.000000, -0.000000, 0.000000, 0.000000, 0.962063, 0.272829, -0.000000, -0.272829, 0.962063),
      ["LeftUpperArm"] = CFrame.new(0.077258, -0.048610, 0.065922, 0.711323, -0.702657, -0.017124, 0.692717, 0.696719, 0.186348, -0.119008, -0.144416, 0.982335),
      ["LeftUpperLeg"] = CFrame.new(-0.001350, -0.024342, -0.027489, 0.997300, 0.051013, 0.052826, -0.048685, 0.997824, -0.044468, -0.054979, 0.041776, 0.997613),
      ["LowerTorso"] = CFrame.new(3.106195, 0.000835, 0.216491, 0.207745, -0.034754, 0.977566, -0.000012, 0.999369, 0.035531, -0.978183, -0.007393, 0.207613),
      ["RightUpperArm"] = CFrame.new(-0.059733, -0.081061, -0.007116, 0.731401, 0.679835, 0.053633, -0.668814, 0.699733, 0.251119, 0.133190, -0.219540, 0.966469),
      ["RightUpperLeg"] = CFrame.new(0.001004, -0.017033, -0.026685, 0.997993, -0.036319, -0.051866, 0.034069, 0.998467, -0.043625, 0.053370, 0.041771, 0.997701)
    }},
    { Time = 0.417, Data = {
      ["Balls"] = CFrame.new(-0.000000, -0.000001, 0.000000, 0.999050, 0.043582, 0.000000, -0.043582, 0.999050, -0.000000, -0.000000, 0.000000, 1.000000),
      ["Cock"] = CFrame.new(0.000000, 0.000000, 0.000000, 0.901682, 0.432400, 0.000000, -0.432400, 0.901682, -0.000000, -0.000000, 0.000000, 1.000000),
      ["Head"] = CFrame.new(0.000000, 0.000000, 0.000000, 1.000000, -0.000000, 0.000000, 0.000000, 0.961967, 0.273164, -0.000000, -0.273164, 0.961967),
      ["LeftUpperArm"] = CFrame.new(0.077242, -0.048647, 0.065820, 0.711257, -0.702719, -0.017298, 0.692755, 0.696576, 0.186741, -0.119177, -0.144804, 0.982257),
      ["LeftUpperLeg"] = CFrame.new(-0.001350, -0.024349, -0.027483, 0.997300, 0.050999, 0.052839, -0.048699, 0.997846, -0.043951, -0.054966, 0.041259, 0.997635),
      ["LowerTorso"] = CFrame.new(3.106366, 0.000835, 0.216511, 0.207750, -0.034335, 0.977579, 0.000004, 0.999384, 0.035100, -0.978182, -0.007288, 0.207622),
      ["RightUpperArm"] = CFrame.new(-0.059698, -0.081077, -0.007059, 0.731279, 0.679966, 0.053641, -0.668979, 0.699673, 0.250849, 0.133037, -0.219325, 0.966539),
      ["RightUpperLeg"] = CFrame.new(0.001004, -0.017039, -0.026681, 0.997993, -0.036307, -0.051873, 0.034080, 0.998485, -0.043194, 0.053363, 0.041340, 0.997719)
    }},
    { Time = 0.433, Data = {
      ["Balls"] = CFrame.new(-0.000000, -0.000001, 0.000000, 0.999091, 0.042633, 0.000000, -0.042633, 0.999091, -0.000000, -0.000000, 0.000000, 1.000000),
      ["Cock"] = CFrame.new(0.000000, 0.000000, 0.000000, 0.900954, 0.433916, 0.000000, -0.433916, 0.900954, -0.000000, -0.000000, 0.000000, 1.000000),
      ["Head"] = CFrame.new(0.000000, 0.000000, 0.000000, 1.000000, -0.000000, 0.000000, 0.000000, 0.961896, 0.273415, -0.000000, -0.273415, 0.961896),
      ["LeftUpperArm"] = CFrame.new(0.077241, -0.048660, 0.065766, 0.711253, -0.702723, -0.017317, 0.692730, 0.696529, 0.187009, -0.119354, -0.145007, 0.982206),
      ["LeftUpperLeg"] = CFrame.new(-0.001350, -0.024355, -0.027478, 0.997300, 0.050988, 0.052850, -0.048711, 0.997864, -0.043519, -0.054956, 0.040828, 0.997654),
      ["LowerTorso"] = CFrame.new(3.106548, 0.000835, 0.216533, 0.207756, -0.033917, 0.977592, 0.000021, 0.999399, 0.034669, -0.978181, -0.007183, 0.207632),
      ["RightUpperArm"] = CFrame.new(-0.059664, -0.081093, -0.007003, 0.731156, 0.680097, 0.053648, -0.669143, 0.699613, 0.250578, 0.132884, -0.219110, 0.966609),
      ["RightUpperLeg"] = CFrame.new(0.001003, -0.017003, -0.026676, 0.997997, -0.036208, -0.051885, 0.034008, 0.998510, -0.042675, 0.053352, 0.040825, 0.997741)
    }},
    { Time = 0.450, Data = {
      ["Balls"] = CFrame.new(-0.000000, -0.000001, 0.000000, 0.999131, 0.041684, 0.000000, -0.041684, 0.999131, -0.000000, -0.000000, 0.000000, 1.000000),
      ["Cock"] = CFrame.new(0.000000, 0.000000, 0.000000, 0.900376, 0.435112, 0.000000, -0.435112, 0.900376, -0.000000, -0.000000, 0.000000, 1.000000),
      ["Head"] = CFrame.new(0.000000, 0.000000, 0.000000, 1.000000, -0.000000, 0.000000, 0.000000, 0.961825, 0.273667, -0.000000, -0.273667, 0.961825),
      ["LeftUpperArm"] = CFrame.new(0.077222, -0.048689, 0.065714, 0.711182, -0.702794, -0.017345, 0.692770, 0.696417, 0.187277, -0.119537, -0.145204, 0.982154),
      ["LeftUpperLeg"] = CFrame.new(-0.001350, -0.024362, -0.027472, 0.997300, 0.050974, 0.052863, -0.048725, 0.997886, -0.043002, -0.054943, 0.040310, 0.997675),
      ["LowerTorso"] = CFrame.new(3.106735, 0.000835, 0.216556, 0.207762, -0.033499, 0.977606, 0.000037, 0.999414, 0.034238, -0.978179, -0.007077, 0.207641),
      ["RightUpperArm"] = CFrame.new(-0.059645, -0.081098, -0.006960, 0.731093, 0.680169, 0.053596, -0.669222, 0.699594, 0.250420, 0.132832, -0.218948, 0.966653),
      ["RightUpperLeg"] = CFrame.new(0.001003, -0.017010, -0.026672, 0.997997, -0.036194, -0.051894, 0.034022, 0.998532, -0.042157, 0.053344, 0.040307, 0.997762)
    }},
    { Time = 0.467, Data = {
      ["Balls"] = CFrame.new(-0.000000, -0.000001, 0.000000, 0.999173, 0.040649, 0.000000, -0.040649, 0.999173, -0.000000, -0.000000, 0.000000, 1.000000),
      ["Cock"] = CFrame.new(0.000000, 0.000000, 0.000000, 0.899952, 0.435989, 0.000000, -0.435989, 0.899952, -0.000000, -0.000000, 0.000000, 1.000000),
      ["Head"] = CFrame.new(0.000000, 0.000000, 0.000000, 1.000000, -0.000000, 0.000000, 0.000000, 0.961801, 0.273751, -0.000000, -0.273751, 0.961801),
      ["LeftUpperArm"] = CFrame.new(0.077222, -0.048697, 0.065673, 0.711182, -0.702792, -0.017411, 0.692759, 0.696386, 0.187434, -0.119602, -0.145362, 0.982123),
      ["LeftUpperLeg"] = CFrame.new(-0.001352, -0.024369, -0.027508, 0.997295, 0.050962, 0.052962, -0.048737, 0.997908, -0.042487, -0.055017, 0.039791, 0.997692),
      ["LowerTorso"] = CFrame.new(3.106926, 0.000836, 0.216581, 0.207767, -0.033080, 0.977619, 0.000053, 0.999428, 0.033807, -0.978178, -0.006972, 0.207650),
      ["RightUpperArm"] = CFrame.new(-0.059629, -0.081108, -0.006947, 0.731034, 0.680229, 0.053656, -0.669307, 0.699553, 0.250308, 0.132731, -0.218896, 0.966678),
      ["RightUpperLeg"] = CFrame.new(0.001003, -0.017016, -0.026668, 0.997997, -0.036183, -0.051902, 0.034033, 0.998549, -0.041726, 0.053336, 0.039876, 0.997780)
    }},
    { Time = 0.483, Data = {
      ["Balls"] = CFrame.new(-0.000000, -0.000001, 0.000000, 0.999212, 0.039700, 0.000000, -0.039700, 0.999212, -0.000000, -0.000000, 0.000000, 1.000000),
      ["Cock"] = CFrame.new(0.000000, 0.000000, 0.000000, 0.899682, 0.436547, 0.000000, -0.436547, 0.899682, -0.000000, -0.000000, 0.000000, 1.000000),
      ["Head"] = CFrame.new(0.000000, 0.000000, 0.000000, 1.000000, -0.000000, 0.000000, 0.000000, 0.961777, 0.273835, -0.000000, -0.273835, 0.961777),
      ["LeftUpperArm"] = CFrame.new(0.077223, -0.048701, 0.065652, 0.711182, -0.702791, -0.017444, 0.692753, 0.696370, 0.187513, -0.119635, -0.145441, 0.982107),
      ["LeftUpperLeg"] = CFrame.new(-0.001352, -0.024376, -0.027502, 0.997295, 0.050949, 0.052976, -0.048752, 0.997929, -0.041970, -0.055004, 0.039274, 0.997713),
      ["LowerTorso"] = CFrame.new(3.107054, 0.000835, 0.216660, 0.207775, -0.032595, 0.977633, 0.000002, 0.999445, 0.033322, -0.978177, -0.006921, 0.207659),
      ["RightUpperArm"] = CFrame.new(-0.059611, -0.081120, -0.006924, 0.730970, 0.680298, 0.053636, -0.669381, 0.699511, 0.250227, 0.132710, -0.218811, 0.966700),
      ["RightUpperLeg"] = CFrame.new(0.001005, -0.017022, -0.026707, 0.997992, -0.036171, -0.051997, 0.034045, 0.998570, -0.041210, 0.053414, 0.039357, 0.997797)
    }},
    { Time = 0.500, Data = {
      ["Balls"] = CFrame.new(-0.000000, -0.000001, 0.000000, 0.999252, 0.038665, 0.000000, -0.038665, 0.999252, -0.000000, -0.000000, 0.000000, 1.000000),
      ["Cock"] = CFrame.new(0.000000, 0.000000, 0.000000, 0.899604, 0.436706, 0.000000, -0.436706, 0.899604, -0.000000, -0.000000, 0.000000, 1.000000),
      ["Head"] = CFrame.new(0.000000, 0.000000, -0.000000, 1.000000, -0.000000, 0.000000, 0.000000, 0.961753, 0.273918, -0.000000, -0.273918, 0.961753),
      ["LeftUpperArm"] = CFrame.new(0.077206, -0.048719, 0.065654, 0.711117, -0.702857, -0.017453, 0.692819, 0.696305, 0.187512, -0.119642, -0.145435, 0.982107),
      ["LeftUpperLeg"] = CFrame.new(-0.001350, -0.024340, -0.027495, 0.997300, 0.050849, 0.052991, -0.048680, 0.997954, -0.041450, -0.054990, 0.038759, 0.997734),
