return {
  ["Astros hump 12"] = {
    { Time = 0.000, Data = {
      ["Cock"] = CFrame.new(0.000000, 0.000000, 0.000000, 0.842151, 0.539242, 0.000000, -0.539242, 0.842151, -0.000000, -0.000000, 0.000000, 1.000000),
      ["Head"] = CFrame.new(0.000000, 0.047396, -0.005052, 1.000000, 0.000000, 0.000000, 0.000000, 0.999710, -0.024082, 0.000000, 0.024082, 0.999710),
      ["LeftUpperArm"] = CFrame.new(0.191747, -0.297079, -0.698713, 0.836882, -0.540913, -0.083916, -0.226152, -0.202063, -0.952904, 0.498482, 0.816446, -0.291432),
      ["LeftUpperLeg"] = CFrame.new(-0.093592, -0.050999, -0.308821, 0.990020, 0.030326, 0.137627, -0.008475, 0.987617, -0.156653, -0.140673, 0.153924, 0.978018),
      ["LowerTorso"] = CFrame.new(-0.000000, 0.106973, 1.644752, 1.000000, -0.000000, 0.000000, 0.000000, 0.983318, 0.181894, -0.000000, -0.181894, 0.983318),
      ["RightUpperArm"] = CFrame.new(-0.253963, -0.676733, -0.103190, 0.962928, 0.142027, -0.229341, -0.257450, 0.229983, -0.938524, -0.080551, 0.962775, 0.258022),
      ["RightUpperLeg"] = CFrame.new(0.093594, -0.050996, -0.308821, 0.990020, -0.030326, -0.137627, 0.008475, 0.987617, -0.156653, 0.140673, 0.153924, 0.978018)
    }},
    { Time = 0.017, Data = {
      ["Cock"] = CFrame.new(0.000003, -0.000035, 0.000000, 0.842151, 0.539242, 0.000000, -0.539242, 0.842151, -0.000000, -0.000000, 0.000000, 1.000000),
      ["Head"] = CFrame.new(0.000000, 0.047396, -0.005052, 1.000000, 0.000000, 0.000000, 0.000000, 0.999716, -0.023823, 0.000000, 0.023823, 0.999716),
      ["LeftUpperArm"] = CFrame.new(0.191727, -0.297084, -0.698698, 0.836882, -0.540908, -0.083947, -0.226124, -0.201963, -0.952932, 0.498495, 0.816474, -0.291332),
      ["LeftUpperLeg"] = CFrame.new(-0.093586, -0.050981, -0.308753, 0.990020, 0.030320, 0.137628, -0.008481, 0.987631, -0.156568, -0.140673, 0.153838, 0.978031),
      ["LowerTorso"] = CFrame.new(-0.000000, 0.106934, 1.644629, 1.000000, -0.000000, 0.000000, 0.000000, 0.983334, 0.181809, -0.000000, -0.181809, 0.983334),
      ["RightUpperArm"] = CFrame.new(-0.253959, -0.676726, -0.103160, 0.962928, 0.142027, -0.229341, -0.257450, 0.229983, -0.938524, -0.080551, 0.962775, 0.258022),
      ["RightUpperLeg"] = CFrame.new(0.093589, -0.050979, -0.308753, 0.990020, -0.030320, -0.137628, 0.008481, 0.987631, -0.156568, 0.140673, 0.153838, 0.978031)
    }},
    { Time = 0.033, Data = {
      ["Cock"] = CFrame.new(0.000022, -0.000284, 0.000000, 0.842200, 0.539166, 0.000000, -0.539166, 0.842200, -0.000000, -0.000000, 0.000000, 1.000000),
      ["Head"] = CFrame.new(0.000000, 0.047396, -0.005052, 1.000000, 0.000000, 0.000000, 0.000000, 0.999730, -0.023219, 0.000000, 0.023219, 0.999730),
      ["LeftUpperArm"] = CFrame.new(0.191548, -0.297223, -0.698639, 0.836811, -0.541033, -0.083847, -0.225878, -0.201663, -0.953054, 0.498724, 0.816465, -0.290961),
      ["LeftUpperLeg"] = CFrame.new(-0.093551, -0.050899, -0.308279, 0.990018, 0.030364, 0.137631, -0.008610, 0.987723, -0.155977, -0.140677, 0.153235, 0.978125),
      ["LowerTorso"] = CFrame.new(-0.000000, 0.106678, 1.643848, 1.000000, -0.000000, 0.000000, 0.000000, 0.983428, 0.181297, -0.000000, -0.181297, 0.983428),
      ["RightUpperArm"] = CFrame.new(-0.253925, -0.676539, -0.102985, 0.962920, 0.142037, -0.229369, -0.257524, 0.230507, -0.938375, -0.080413, 0.962648, 0.258538),
      ["RightUpperLeg"] = CFrame.new(0.093554, -0.050896, -0.308279, 0.990018, -0.030364, -0.137631, 0.008610, 0.987723, -0.155977, 0.140677, 0.153235, 0.978125)
    }},
    { Time = 0.050, Data = {
      ["Cock"] = CFrame.new(0.000075, -0.000958, 0.000000, 0.842393, 0.538863, 0.000000, -0.538863, 0.842393, -0.000000, -0.000000, 0.000000, 1.000000),
      ["Head"] = CFrame.new(0.000000, 0.047396, -0.005052, 1.000000, 0.000000, 0.000000, 0.000000, 0.999754, -0.022183, 0.000000, 0.022183, 0.999754),
      ["LeftUpperArm"] = CFrame.new(0.191091, -0.297552, -0.698453, 0.836671, -0.541262, -0.083771, -0.225272, -0.200662, -0.953408, 0.499234, 0.816560, -0.289819),
      ["LeftUpperLeg"] = CFrame.new(-0.093454, -0.050603, -0.306986, 0.990016, 0.030336, 0.137649, -0.008812, 0.987975, -0.154362, -0.140677, 0.151608, 0.978379),
      ["LowerTorso"] = CFrame.new(-0.000000, 0.106019, 1.641925, 1.000000, -0.000000, 0.000000, 0.000000, 0.983648, 0.180104, -0.000000, -0.180104, 0.983648),
      ["RightUpperArm"] = CFrame.new(-0.253850, -0.676095, -0.102492, 0.962926, 0.142004, -0.229366, -0.257610, 0.231681, -0.938062, -0.080069, 0.962371, 0.259674),
      ["RightUpperLeg"] = CFrame.new(0.093457, -0.050600, -0.306985, 0.990016, -0.030336, -0.137649, 0.008812, 0.987975, -0.154362, 0.140677, 0.151608, 0.978379)
    }},
    { Time = 0.067, Data = {
      ["Cock"] = CFrame.new(0.000178, -0.002271, 0.000000, 0.842733, 0.538332, 0.000000, -0.538332, 0.842733, -0.000000, -0.000000, 0.000000, 1.000000),
      ["Head"] = CFrame.new(0.000000, 0.047396, -0.005052, 1.000000, 0.000000, 0.000000, 0.000000, 0.999787, -0.020630, 0.000000, 0.020630, 0.999787),
      ["LeftUpperArm"] = CFrame.new(0.190168, -0.298193, -0.698108, 0.836321, -0.541832, -0.083579, -0.224091, -0.198714, -0.954095, 0.500351, 0.816658, -0.287609),
      ["LeftUpperLeg"] = CFrame.new(-0.093259, -0.050028, -0.304424, 0.990025, 0.030286, 0.137598, -0.009210, 0.988445, -0.151300, -0.140590, 0.148524, 0.978864),
      ["LowerTorso"] = CFrame.new(-0.000000, 0.104715, 1.638031, 1.000000, -0.000000, 0.000000, 0.000000, 0.984097, 0.177631, -0.000000, -0.177631, 0.984097),
      ["RightUpperArm"] = CFrame.new(-0.253685, -0.675193, -0.101546, 0.962915, 0.142017, -0.229404, -0.257852, 0.234110, -0.937393, -0.079420, 0.961782, 0.262047),
      ["RightUpperLeg"] = CFrame.new(0.093262, -0.050025, -0.304424, 0.990025, -0.030286, -0.137598, 0.009210, 0.988445, -0.151300, 0.140590, 0.148524, 0.978864)
    }},
    { Time = 0.083, Data = {
      ["Cock"] = CFrame.new(0.000348, -0.004436, 0.000000, 0.843313, 0.537423, 0.000000, -0.537423, 0.843313, -0.000000, -0.000000, 0.000000, 1.000000),
      ["Head"] = CFrame.new(0.000000, 0.047396, -0.005052, 1.000000, 0.000000, 0.000000, 0.000000, 0.999825, -0.018731, 0.000000, 0.018731, 0.999825),
      ["LeftUpperArm"] = CFrame.new(0.188673, -0.299263, -0.697532, 0.835804, -0.542670, -0.083314, -0.222186, -0.195558, -0.955191, 0.502061, 0.816864, -0.284022),
      ["LeftUpperLeg"] = CFrame.new(-0.092950, -0.049149, -0.300276, 0.990016, 0.030357, 0.137644, -0.010005, 0.989203, -0.146207, -0.140597, 0.143370, 0.979631),
      ["LowerTorso"] = CFrame.new(-0.000000, 0.102589, 1.631679, 1.000000, -0.000000, 0.000000, 0.000000, 0.984812, 0.173621, -0.000000, -0.173621, 0.984812),
      ["RightUpperArm"] = CFrame.new(-0.253412, -0.673732, -0.099983, 0.962909, 0.142035, -0.229417, -0.258190, 0.238017, -0.936315, -0.078384, 0.960820, 0.265860),
      ["RightUpperLeg"] = CFrame.new(0.092952, -0.049146, -0.300276, 0.990016, -0.030357, -0.137644, 0.010005, 0.989203, -0.146207, 0.140597, 0.143370, 0.979631)
    }},
    { Time = 0.100, Data = {
      ["Cock"] = CFrame.new(0.000602, -0.007665, 0.000000, 0.844133, 0.536133, 0.000000, -0.536133, 0.844133, -0.000000, -0.000000, 0.000000, 1.000000),
      ["Head"] = CFrame.new(0.000000, 0.047396, -0.005052, 1.000000, 0.000000, 0.000000, 0.000000, 0.999865, -0.016401, 0.000000, 0.016401, 0.999865),
      ["LeftUpperArm"] = CFrame.new(0.186437, -0.300843, -0.696679, 0.835021, -0.543945, -0.082853, -0.219218, -0.190782, -0.956842, 0.504663, 0.817145, -0.278549),
      ["LeftUpperLeg"] = CFrame.new(-0.092481, -0.047780, -0.294038, 0.990018, 0.030329, 0.137640, -0.011075, 0.990293, -0.138551, -0.140506, 0.135644, 0.980744),
      ["LowerTorso"] = CFrame.new(-0.000000, 0.099451, 1.622209, 1.000000, -0.000000, 0.000000, 0.000000, 0.985847, 0.167645, -0.000000, -0.167645, 0.985847),
      ["RightUpperArm"] = CFrame.new(-0.253024, -0.671556, -0.097656, 0.962922, 0.141989, -0.229392, -0.258622, 0.243828, -0.934699, -0.076784, 0.959368, 0.271509),
      ["RightUpperLeg"] = CFrame.new(0.092483, -0.047778, -0.294038, 0.990018, -0.030329, -0.137640, 0.011075, 0.990293, -0.138551, 0.140506, 0.135644, 0.980744)
    }},
    { Time = 0.117, Data = {
      ["Cock"] = CFrame.new(0.000956, -0.012172, 0.000000, 0.845336, 0.534235, 0.000000, -0.534235, 0.845336, -0.000000, -0.000000, 0.000000, 1.000000),
      ["Head"] = CFrame.new(0.000000, 0.047396, -0.005052, 1.000000, 0.000000, 0.000000, 0.000000, 0.999907, -0.013639, 0.000000, 0.013639, 0.999907),
      ["LeftUpperArm"] = CFrame.new(0.183307, -0.303048, -0.695506, 0.833895, -0.545758, -0.082262, -0.215113, -0.184122, -0.959075, 0.508276, 0.817464, -0.270938),
      ["LeftUpperLeg"] = CFrame.new(-0.091829, -0.045896, -0.285346, 0.990013, 0.030345, 0.137669, -0.012621, 0.991716, -0.127827, -0.140407, 0.124813, 0.982195),
      ["LowerTorso"] = CFrame.new(-0.000000, 0.095114, 1.608872, 1.000000, -0.000000, 0.000000, 0.000000, 0.987249, 0.159186, -0.000000, -0.159186, 0.987249),
      ["RightUpperArm"] = CFrame.new(-0.252444, -0.668505, -0.094434, 0.962909, 0.142073, -0.229394, -0.259293, 0.251994, -0.932344, -0.074655, 0.957243, 0.279486),
      ["RightUpperLeg"] = CFrame.new(0.091832, -0.045893, -0.285346, 0.990013, -0.030345, -0.137669, 0.012621, 0.991716, -0.127827, 0.140407, 0.124813, 0.982195)
    }},
    { Time = 0.133, Data = {
      ["Cock"] = CFrame.new(0.001427, -0.018169, 0.000000, 0.846868, 0.531802, 0.000000, -0.531802, 0.846868, -0.000000, -0.000000, 0.000000, 1.000000),
      ["Head"] = CFrame.new(0.000000, 0.047396, -0.005052, 1.000000, 0.000000, 0.000000, 0.000000, 0.999945, -0.010445, 0.000000, 0.010445, 0.999945),
      ["LeftUpperArm"] = CFrame.new(0.179150, -0.306018, -0.693973, 0.832411, -0.548141, -0.081448, -0.209616, -0.175393, -0.961925, 0.512985, 0.817789, -0.260898),
      ["LeftUpperLeg"] = CFrame.new(-0.090959, -0.043389, -0.273741, 0.990015, 0.030369, 0.137654, -0.014679, 0.993419, -0.113595, -0.140198, 0.110441, 0.983945),
      ["LowerTorso"] = CFrame.new(-0.000000, 0.089466, 1.591175, 1.000000, -0.000000, 0.000000, 0.000000, 0.988991, 0.147979, -0.000000, -0.147979, 0.988991),
      ["RightUpperArm"] = CFrame.new(-0.251715, -0.664449, -0.090169, 0.962917, 0.142022, -0.229390, -0.260106, 0.262848, -0.929116, -0.071660, 0.954327, 0.290042),
      ["RightUpperLeg"] = CFrame.new(0.090961, -0.043387, -0.273740, 0.990015, -0.030369, -0.137654, 0.014679, 0.993419, -0.113595, 0.140198, 0.110441, 0.983945)
    }},
    { Time = 0.150, Data = {
      ["Cock"] = CFrame.new(0.002032, -0.025869, 0.000000, 0.848868, 0.528605, 0.000000, -0.528605, 0.848868, -0.000000, -0.000000, 0.000000, 1.000000),
      ["Head"] = CFrame.new(0.000000, 0.047396, -0.005052, 1.000000, 0.000000, 0.000000, 0.000000, 0.999977, -0.006819, 0.000000, 0.006819, 0.999977),
      ["LeftUpperArm"] = CFrame.new(0.173803, -0.309783, -0.692037, 0.830455, -0.551233, -0.080534, -0.202483, -0.163997, -0.965456, 0.518984, 0.818075, -0.247808),
      ["LeftUpperLeg"] = CFrame.new(-0.089839, -0.040152, -0.258803, 0.990021, 0.030363, 0.137613, -0.017287, 0.995304, -0.095245, -0.139858, 0.091915, 0.985896),
      ["LowerTorso"] = CFrame.new(-0.000000, 0.082403, 1.568449, 1.000000, -0.000000, 0.000000, 0.000000, 0.991037, 0.133585, -0.000000, -0.133585, 0.991037),
      ["RightUpperArm"] = CFrame.new(-0.250750, -0.659265, -0.084742, 0.962910, 0.142070, -0.229390, -0.261134, 0.276692, -0.924798, -0.067916, 0.950399, 0.303529),
      ["RightUpperLeg"] = CFrame.new(0.089841, -0.040151, -0.258803, 0.990021, -0.030363, -0.137613, 0.017287, 0.995304, -0.095245, 0.139858, 0.091915, 0.985896)
    }},
    { Time = 0.167, Data = {
      ["Cock"] = CFrame.new(0.002787, -0.035485, 0.000000, 0.851373, 0.524561, 0.000000, -0.524561, 0.851373, -0.000000, -0.000000, 0.000000, 1.000000),
      ["Head"] = CFrame.new(0.000000, 0.047396, -0.005052, 1.000000, 0.000000, 0.000000, 0.000000, 0.999996, -0.002762, 0.000000, 0.002762, 0.999996),
      ["LeftUpperArm"] = CFrame.new(0.167129, -0.314498, -0.689684, 0.827994, -0.555083, -0.079427, -0.193446, -0.149815, -0.969605, 0.526312, 0.818192, -0.231425),
      ["LeftUpperLeg"] = CFrame.new(-0.088445, -0.036073, -0.240154, 0.990018, 0.030304, 0.137643, -0.020467, 0.997171, -0.072332, -0.139445, 0.068793, 0.987837),
      ["LowerTorso"] = CFrame.new(-0.000000, 0.073877, 1.540021, 1.000000, -0.000000, 0.000000, 0.000000, 0.993300, 0.115564, -0.000000, -0.115564, 0.993300),
      ["RightUpperArm"] = CFrame.new(-0.249570, -0.652818, -0.078033, 0.962911, 0.142028, -0.229412, -0.262331, 0.293879, -0.919140, -0.063124, 0.945232, 0.320237),
      ["RightUpperLeg"] = CFrame.new(0.088448, -0.036071, -0.240154, 0.990018, -0.030304, -0.137643, 0.020467, 0.997171, -0.072332, 0.139445, 0.068793, 0.987837)
    }},
    { Time = 0.183, Data = {
      ["Cock"] = CFrame.new(0.003710, -0.047231, 0.000000, 0.854370, 0.519665, 0.000000, -0.519665, 0.854370, -0.000000, -0.000000, 0.000000, 1.000000),
      ["Head"] = CFrame.new(0.000000, 0.047396, -0.005052, 1.000000, -0.000000, 0.000000, 0.000000, 0.999999, 0.001640, -0.000000, -0.001640, 0.999999),
      ["LeftUpperArm"] = CFrame.new(0.158972, -0.320261, -0.686908, 0.824920, -0.559805, -0.078262, -0.182356, -0.132513, -0.974262, 0.535026, 0.817960, -0.211397),
      ["LeftUpperLeg"] = CFrame.new(-0.086737, -0.031131, -0.217282, 0.990026, 0.030318, 0.137587, -0.024434, 0.998721, -0.044256, -0.138753, 0.040453, 0.989501),
      ["LowerTorso"] = CFrame.new(-0.000000, 0.063912, 1.505303, 1.000000, -0.000000, 0.000000, 0.000000, 0.995614, 0.093557, -0.000000, -0.093557, 0.995614),
      ["RightUpperArm"] = CFrame.new(-0.248122, -0.644968, -0.069954, 0.962925, 0.142006, -0.229368, -0.263617, 0.314775, -0.911824, -0.057285, 0.938483, 0.340540),
      ["RightUpperLeg"] = CFrame.new(0.086740, -0.031130, -0.217282, 0.990026, -0.030318, -0.137587, 0.024434, 0.998721, -0.044256, 0.138753, 0.040453, 0.989501)
    }},
    { Time = 0.200, Data = {
      ["Cock"] = CFrame.new(0.004769, -0.060707, 0.000000, 0.857751, 0.514066, 0.000000, -0.514066, 0.857751, -0.000000, -0.000000, 0.000000, 1.000000),
      ["Head"] = CFrame.new(0.000000, 0.047396, -0.005052, 1.000000, -0.000000, 0.000000, 0.000000, 0.999978, 0.006560, -0.000000, -0.006560, 0.999978),
      ["LeftUpperArm"] = CFrame.new(0.149183, -0.327172, -0.683720, 0.821163, -0.565491, -0.076888, -0.168656, -0.111756, -0.979319, 0.545203, 0.817148, -0.187144),
      ["LeftUpperLeg"] = CFrame.new(-0.084697, -0.025168, -0.189836, 0.990019, 0.030291, 0.137643, -0.029122, 0.999521, -0.010495, -0.137895, 0.006382, 0.990426),
      ["LowerTorso"] = CFrame.new(-0.000000, 0.052598, 1.463536, 1.000000, -0.000000, 0.000000, 0.000000, 0.997751, 0.067034, -0.000000, -0.067034, 0.997751),
      ["RightUpperArm"] = CFrame.new(-0.246371, -0.635600, -0.060428, 0.962907, 0.142033, -0.229429, -0.265116, 0.339662, -0.902410, -0.050244, 0.929762, 0.364718),
      ["RightUpperLeg"] = CFrame.new(0.084700, -0.025168, -0.189836, 0.990019, -0.030291, -0.137643, 0.029122, 0.999521, -0.010495, 0.137895, 0.006382, 0.990426)
    }},
    { Time = 0.217, Data = {
      ["Cock"] = CFrame.new(0.005691, -0.072452, 0.000000, 0.860682, 0.509142, 0.000000, -0.509142, 0.860682, -0.000000, -0.000000, 0.000000, 1.000000),
      ["Head"] = CFrame.new(0.000000, 0.047396, -0.005052, 1.000000, -0.000000, 0.000000, 0.000000, 0.999929, 0.011912, -0.000000, -0.011912, 0.999929),
      ["LeftUpperArm"] = CFrame.new(0.138100, -0.335026, -0.680273, 0.816856, -0.571869, -0.075579, -0.152870, -0.088274, -0.984296, 0.556216, 0.815582, -0.159529),
      ["LeftUpperLeg"] = CFrame.new(-0.082380, -0.018406, -0.158579, 0.990019, 0.030307, 0.137639, -0.034438, 0.999022, 0.027730, -0.136664, -0.032193, 0.990094),
      ["LowerTorso"] = CFrame.new(-0.000000, 0.040621, 1.416065, 1.000000, -0.000000, 0.000000, 0.000000, 0.999321, 0.036853, -0.000000, -0.036853, 0.999321),
      ["RightUpperArm"] = CFrame.new(-0.244397, -0.625057, -0.049832, 0.962921, 0.142020, -0.229375, -0.266457, 0.367577, -0.891004, -0.042227, 0.919085, 0.391790),
      ["RightUpperLeg"] = CFrame.new(0.082382, -0.018406, -0.158579, 0.990019, -0.030307, -0.137639, 0.034438, 0.999022, 0.027730, 0.136664, -0.032193, 0.990094)
    }},
    { Time = 0.233, Data = {
      ["Cock"] = CFrame.new(0.006447, -0.082069, 0.000000, 0.863087, 0.505055, 0.000000, -0.505055, 0.863087, -0.000000, -0.000000, 0.000000, 1.000000),
      ["Head"] = CFrame.new(0.000000, 0.047396, -0.005052, 1.000000, -0.000000, 0.000000, 0.000000, 0.999845, 0.017609, -0.000000, -0.017609, 0.999845),
      ["LeftUpperArm"] = CFrame.new(0.128349, -0.341958, -0.677377, 0.813040, -0.577407, -0.074618, -0.138682, -0.067595, -0.988028, 0.565450, 0.813654, -0.135033),
      ["LeftUpperLeg"] = CFrame.new(-0.080334, -0.012414, -0.130920, 0.990023, 0.030299, 0.137609, -0.039068, 0.997344, 0.061477, -0.135380, -0.066239, 0.988577),
      ["LowerTorso"] = CFrame.new(-0.000000, 0.030818, 1.374238, 1.000000, -0.000000, 0.000000, 0.000000, 0.999947, 0.010272, -0.000000, -0.010272, 0.999947),
      ["RightUpperArm"] = CFrame.new(-0.242640, -0.615851, -0.040666, 0.962906, 0.142069, -0.229409, -0.267535, 0.391846, -0.880274, -0.035166, 0.908996, 0.415319),
      ["RightUpperLeg"] = CFrame.new(0.080336, -0.012416, -0.130920, 0.990023, -0.030299, -0.137609, 0.039068, 0.997344, 0.061477, 0.135380, -0.066239, 0.988577)
    }},
    { Time = 0.250, Data = {
      ["Cock"] = CFrame.new(0.007052, -0.089769, 0.000000, 0.864977, 0.501811, 0.000000, -0.501811, 0.864977, -0.000000, -0.000000, 0.000000, 1.000000),
      ["Head"] = CFrame.new(0.000000, 0.047396, -0.005052, 1.000000, -0.000000, 0.000000, 0.000000, 0.999716, 0.023823, -0.000000, -0.023823, 0.999716),
      ["LeftUpperArm"] = CFrame.new(0.120197, -0.347754, -0.675096, 0.809742, -0.582112, -0.073908, -0.126665, -0.050415, -0.990664, 0.572951, 0.811544, -0.114556),
      ["LeftUpperLeg"] = CFrame.new(-0.078630, -0.007423, -0.107807, 0.990023, 0.030349, 0.137599, -0.042935, 0.995066, 0.089442, -0.134206, -0.094457, 0.986441),
      ["LowerTorso"] = CFrame.new(-0.000000, 0.023185, 1.339343, 1.000000, 0.000000, 0.000000, 0.000000, 0.999929, -0.011912, 0.000000, 0.011912, 0.999929),
      ["RightUpperArm"] = CFrame.new(-0.241206, -0.608206, -0.033159, 0.962919, 0.141993, -0.229402, -0.268212, 0.411964, -0.870832, -0.029147, 0.900068, 0.434773),
      ["RightUpperLeg"] = CFrame.new(0.078633, -0.007425, -0.107807, 0.990023, -0.030349, -0.137599, 0.042935, 0.995066, 0.089442, 0.134206, -0.094457, 0.986441)
    }},
    { Time = 0.267, Data = {
      ["Cock"] = CFrame.new(0.007523, -0.095766, 0.000000, 0.866454, 0.499257, 0.000000, -0.499257, 0.866454, -0.000000, -0.000000, 0.000000, 1.000000),
      ["Head"] = CFrame.new(0.000000, 0.047396, -0.005052, 1.000000, -0.000000, 0.000000, 0.000000, 0.999538, 0.030382, -0.000000, -0.030382, 0.999538),
      ["LeftUpperArm"] = CFrame.new(0.113530, -0.352485, -0.673299, 0.807016, -0.585935, -0.073519, -0.116769, -0.036295, -0.992496, 0.578870, 0.809545, -0.097710),
      ["LeftUpperLeg"] = CFrame.new(-0.077235, -0.003294, -0.088850, 0.990023, 0.030316, 0.137604, -0.046019, 0.992596, 0.112412, -0.133177, -0.117623, 0.984088),
      ["LowerTorso"] = CFrame.new(-0.000000, 0.017302, 1.310812, 1.000000, 0.000000, 0.000000, 0.000000, 0.999549, -0.030037, 0.000000, 0.030037, 0.999549),
      ["RightUpperArm"] = CFrame.new(-0.239994, -0.601998, -0.027102, 0.962912, 0.142075, -0.229381, -0.268716, 0.428243, -0.862786, -0.024350, 0.892425, 0.450538),
      ["RightUpperLeg"] = CFrame.new(0.077238, -0.003296, -0.088850, 0.990023, -0.030316, -0.137604, 0.046019, 0.992596, 0.112412, 0.133177, -0.117623, 0.984088)
    }},
    { Time = 0.283, Data = {
      ["Cock"] = CFrame.new(0.007877, -0.100273, 0.000000, 0.867522, 0.497398, 0.000000, -0.497398, 0.867522, -0.000000, -0.000000, 0.000000, 1.000000),
      ["Head"] = CFrame.new(0.000000, 0.047396, -0.005052, 1.000000, -0.000000, 0.000000, 0.000000, 0.999301, 0.037371, -0.000000, -0.037371, 0.999301),
      ["LeftUpperArm"] = CFrame.new(0.108192, -0.356312, -0.671913, 0.804818, -0.588997, -0.073151, -0.108719, -0.025136, -0.993755, 0.583480, 0.807744, -0.084266),
      ["LeftUpperLeg"] = CFrame.new(-0.076120, -0.000004, -0.073651, 0.990020, 0.030350, 0.137622, -0.048518, 0.990241, 0.130649, -0.132314, -0.136022, 0.981830),
      ["LowerTorso"] = CFrame.new(-0.000000, 0.012830, 1.287898, 1.000000, 0.000000, 0.000000, 0.000000, 0.999004, -0.044617, 0.000000, 0.044617, 0.999004),
      ["RightUpperArm"] = CFrame.new(-0.239061, -0.597057, -0.022299, 0.962920, 0.142000, -0.229391, -0.269015, 0.441161, -0.856159, -0.020376, 0.886122, 0.463003),
      ["RightUpperLeg"] = CFrame.new(0.076122, -0.000006, -0.073651, 0.990020, -0.030350, -0.137622, 0.048518, 0.990241, 0.130649, 0.132314, -0.136022, 0.981830)
    }},
    { Time = 0.300, Data = {
      ["Cock"] = CFrame.new(0.008130, -0.103502, 0.000000, 0.868321, 0.496003, 0.000000, -0.496003, 0.868321, -0.000000, -0.000000, 0.000000, 1.000000),
      ["Head"] = CFrame.new(0.000000, 0.047396, -0.005052, 1.000000, -0.000000, 0.000000, 0.000000, 0.999000, 0.044704, -0.000000, -0.044704, 0.999000),
      ["LeftUpperArm"] = CFrame.new(0.104051, -0.359277, -0.670852, 0.803131, -0.591315, -0.072985, -0.102453, -0.016390, -0.994603, 0.586928, 0.806274, -0.073746),
      ["LeftUpperLeg"] = CFrame.new(-0.075251, 0.002588, -0.061807, 0.990017, 0.030310, 0.137652, -0.050406, 0.988155, 0.144946, -0.131628, -0.150438, 0.979818),
      ["LowerTorso"] = CFrame.new(-0.000000, 0.009493, 1.270111, 1.000000, 0.000000, 0.000000, 0.000000, 0.998436, -0.055915, 0.000000, 0.055915, 0.998436),
      ["RightUpperArm"] = CFrame.new(-0.238317, -0.593230, -0.018593, 0.962916, 0.142002, -0.229406, -0.269243, 0.451142, -0.850870, -0.017331, 0.881082, 0.472645),
      ["RightUpperLeg"] = CFrame.new(0.075254, 0.002585, -0.061807, 0.990017, -0.030310, -0.137652, 0.050406, 0.988155, 0.144946, 0.131628, -0.150438, 0.979818)
    }},
    { Time = 0.317, Data = {
      ["Cock"] = CFrame.new(0.008300, -0.105667, 0.000000, 0.868852, 0.495072, 0.000000, -0.495072, 0.868852, -0.000000, -0.000000, 0.000000, 1.000000),
      ["Head"] = CFrame.new(0.000000, 0.047396, -0.005052, 1.000000, -0.000000, 0.000000, 0.000000, 0.998663, 0.051690, -0.000000, -0.051690, 0.998663),
      ["LeftUpperArm"] = CFrame.new(0.100922, -0.361519, -0.670085, 0.801814, -0.593126, -0.072779, -0.097630, -0.009869, -0.995174, 0.589545, 0.805049, -0.065820),
      ["LeftUpperLeg"] = CFrame.new(-0.074596, 0.004512, -0.052867, 0.990020, 0.030356, 0.137619, -0.051871, 0.986463, 0.155566, -0.131034, -0.161152, 0.978192),
      ["LowerTorso"] = CFrame.new(-0.000000, 0.007072, 1.256700, 1.000000, 0.000000, 0.000000, 0.000000, 0.997921, -0.064449, 0.000000, 0.064449, 0.997921),
      ["RightUpperArm"] = CFrame.new(-0.237757, -0.590357, -0.015832, 0.962912, 0.142013, -0.229419, -0.269397, 0.458633, -0.846807, -0.015039, 0.877205, 0.479881),
      ["RightUpperLeg"] = CFrame.new(0.074599, 0.004510, -0.052867, 0.990020, -0.030356, -0.137619, 0.051871, 0.986463, 0.155566, 0.131034, -0.161152, 0.978192)
    }},
    { Time = 0.333, Data = {
      ["Cock"] = CFrame.new(0.008404, -0.106980, 0.000000, 0.869161, 0.494529, 0.000000, -0.494529, 0.869161, -0.000000, -0.000000, 0.000000, 1.000000),
      ["Head"] = CFrame.new(0.000000, 0.047396, -0.005052, 1.000000, -0.000000, 0.000000, 0.000000, 0.998297, 0.058329, -0.000000, -0.058329, 0.998297),
      ["LeftUpperArm"] = CFrame.new(0.098683, -0.363130, -0.669543, 0.800866, -0.594410, -0.072734, -0.094281, -0.005212, -0.995532, 0.591375, 0.804146, -0.060216),
      ["LeftUpperLeg"] = CFrame.new(-0.074127, 0.005910, -0.046465, 0.990022, 0.030347, 0.137608, -0.052883, 0.985174, 0.163207, -0.130615, -0.168855, 0.976948),
      ["LowerTorso"] = CFrame.new(-0.000000, 0.005376, 1.247173, 1.000000, 0.000000, 0.000000, 0.000000, 0.997513, -0.070481, 0.000000, 0.070481, 0.997513),
      ["RightUpperArm"] = CFrame.new(-0.237343, -0.588313, -0.013861, 0.962908, 0.142067, -0.229402, -0.269494, 0.463945, -0.843877, -0.013457, 0.874398, 0.485022),
      ["RightUpperLeg"] = CFrame.new(0.074129, 0.005907, -0.046465, 0.990022, -0.030347, -0.137608, 0.052883, 0.985174, 0.163207, 0.130615, -0.168855, 0.976948)
    }},
    { Time = 0.350, Data = {
      ["Cock"] = CFrame.new(0.008456, -0.107654, 0.000000, 0.869338, 0.494218, 0.000000, -0.494218, 0.869338, -0.000000, -0.000000, 0.000000, 1.000000),
      ["Head"] = CFrame.new(0.000000, 0.047396, -0.005052, 1.000000, -0.000000, 0.000000, 0.000000, 0.997921, 0.064449, -0.000000, -0.064449, 0.997921),
      ["LeftUpperArm"] = CFrame.new(0.097188, -0.364204, -0.669179, 0.800253, -0.595247, -0.072638, -0.091923, -0.002069, -0.995764, 0.592575, 0.803540, -0.056372),
      ["LeftUpperLeg"] = CFrame.new(-0.073814, 0.006849, -0.042187, 0.990019, 0.030339, 0.137631, -0.053559, 0.984281, 0.168295, -0.130361, -0.173987, 0.976081),
      ["LowerTorso"] = CFrame.new(-0.000000, 0.004267, 1.240695, 1.000000, 0.000000, 0.000000, 0.000000, 0.997212, -0.074616, 0.000000, 0.074616, 0.997212),
      ["RightUpperArm"] = CFrame.new(-0.237077, -0.586927, -0.012552, 0.962905, 0.142061, -0.229419, -0.269560, 0.467565, -0.841856, -0.012326, 0.872469, 0.488514),
      ["RightUpperLeg"] = CFrame.new(0.073817, 0.006846, -0.042187, 0.990019, -0.030339, -0.137631, 0.053559, 0.984281, 0.168295, 0.130361, -0.173987, 0.976081)
    }},
    { Time = 0.367, Data = {
      ["Cock"] = CFrame.new(0.008476, -0.107902, 0.000000, 0.869382, 0.494141, 0.000000, -0.494141, 0.869382, -0.000000, -0.000000, 0.000000, 1.000000),
      ["Head"] = CFrame.new(0.000000, 0.047396, -0.005052, 1.000000, -0.000000, 0.000000, 0.000000, 0.997531, 0.070223, -0.000000, -0.070223, 0.997531),
      ["LeftUpperArm"] = CFrame.new(0.096275, -0.364848, -0.668966, 0.799857, -0.595780, -0.072629, -0.090527, -0.000131, -0.995894, 0.593324, 0.803148, -0.054039),
      ["LeftUpperLeg"] = CFrame.new(-0.073621, 0.007436, -0.039576, 0.990023, 0.030297, 0.137609, -0.053932, 0.983718, 0.171435, -0.130174, -0.177146, 0.975538),
      ["LowerTorso"] = CFrame.new(-0.000000, 0.003595, 1.236863, 1.000000, 0.000000, 0.000000, 0.000000, 0.997029, -0.077028, 0.000000, 0.077028, 0.997029),
      ["RightUpperArm"] = CFrame.new(-0.236914, -0.586107, -0.011750, 0.962913, 0.142062, -0.229382, -0.269557, 0.469683, -0.840676, -0.011692, 0.871330, 0.490558),
      ["RightUpperLeg"] = CFrame.new(0.073624, 0.007433, -0.039575, 0.990023, -0.030297, -0.137609, 0.053932, 0.983718, 0.171435, 0.130174, -0.177146, 0.975538)
    }},
    { Time = 0.383, Data = {
      ["Cock"] = CFrame.new(0.008479, -0.107938, 0.000000, 0.869382, 0.494141, 0.000000, -0.494141, 0.869382, -0.000000, -0.000000, 0.000000, 1.000000),
      ["Head"] = CFrame.new(0.000000, 0.047396, -0.005052, 1.000000, -0.000000, 0.000000, 0.000000, 0.997148, 0.075478, -0.000000, -0.075478, 0.997148),
      ["LeftUpperArm"] = CFrame.new(0.095809, -0.365169, -0.668854, 0.799659, -0.596044, -0.072644, -0.089809, 0.000896, -0.995959, 0.593700, 0.802952, -0.052814),
      ["LeftUpperLeg"] = CFrame.new(-0.073527, 0.007697, -0.038254, 0.990016, 0.030360, 0.137648, -0.054206, 0.983437, 0.172955, -0.130117, -0.178689, 0.975264),
      ["LowerTorso"] = CFrame.new(-0.000000, 0.003257, 1.234841, 1.000000, 0.000000, 0.000000, 0.000000, 0.996928, -0.078320, 0.000000, 0.078320, 0.996928),
      ["RightUpperArm"] = CFrame.new(-0.236833, -0.585671, -0.011347, 0.962912, 0.142053, -0.229393, -0.269577, 0.470827, -0.840030, -0.011324, 0.870714, 0.491659),
      ["RightUpperLeg"] = CFrame.new(0.073530, 0.007694, -0.038253, 0.990016, -0.030360, -0.137648, 0.054206, 0.983437, 0.172955, 0.130117, -0.178689, 0.975264)
    }},
    { Time = 0.400, Data = {
      ["Cock"] = CFrame.new(0.008466, -0.107780, 0.000000, 0.869338, 0.494218, 0.000000, -0.494218, 0.869338, -0.000000, -0.000000, 0.000000, 1.000000),
      ["Head"] = CFrame.new(0.000000, 0.047396, -0.005052, 1.000000, -0.000000, 0.000000, 0.000000, 0.996764, 0.080387, -0.000000, -0.080387, 0.996764),
      ["LeftUpperArm"] = CFrame.new(0.095640, -0.365298, -0.668811, 0.799593, -0.596132, -0.072650, -0.089570, 0.001238, -0.995980, 0.593825, 0.802886, -0.052405),
      ["LeftUpperLeg"] = CFrame.new(-0.073491, 0.007824, -0.037769, 0.990016, 0.030319, 0.137657, -0.054245, 0.983330, 0.173550, -0.130100, -0.179285, 0.975157),
      ["LowerTorso"] = CFrame.new(-0.000000, 0.003129, 1.234142, 1.000000, 0.000000, 0.000000, 0.000000, 0.996894, -0.078751, 0.000000, 0.078751, 0.996894),
      ["RightUpperArm"] = CFrame.new(-0.236817, -0.585502, -0.011200, 0.962922, 0.141994, -0.229388, -0.269550, 0.471279, -0.839785, -0.011139, 0.870479, 0.492080),
      ["RightUpperLeg"] = CFrame.new(0.073494, 0.007821, -0.037769, 0.990016, -0.030319, -0.137657, 0.054245, 0.983330, 0.173550, 0.130100, -0.179285, 0.975157)
    }},
    { Time = 0.417, Data = {
      ["Cock"] = CFrame.new(0.008429, -0.107307, 0.000000, 0.869250, 0.494374, 0.000000, -0.494374, 0.869250, -0.000000, -0.000000, 0.000000, 1.000000),
      ["Head"] = CFrame.new(0.000000, 0.047396, -0.005052, 1.000000, -0.000000, 0.000000, 0.000000, 0.996393, 0.084864, -0.000000, -0.084864, 0.996393),
      ["LeftUpperArm"] = CFrame.new(0.095619, -0.365329, -0.668802, 0.799593, -0.596132, -0.072650, -0.089570, 0.001238, -0.995980, 0.593825, 0.802886, -0.052405),
      ["LeftUpperLeg"] = CFrame.new(-0.073486, 0.007842, -0.037700, 0.990016, 0.030313, 0.137658, -0.054251, 0.983315, 0.173636, -0.130098, -0.179370, 0.975142),
      ["LowerTorso"] = CFrame.new(0.000000, 0.003112, 1.234017, 1.000000, 0.000000, 0.000000, 0.000000, 0.996888, -0.078837, 0.000000, 0.078837, 0.996888),
      ["RightUpperArm"] = CFrame.new(-0.236813, -0.585495, -0.011170, 0.962922, 0.141994, -0.229388, -0.269550, 0.471279, -0.839785, -0.011139, 0.870479, 0.492080),
      ["RightUpperLeg"] = CFrame.new(0.073489, 0.007839, -0.037699, 0.990016, -0.030313, -0.137658, 0.054251, 0.983315, 0.173636, 0.130098, -0.179370, 0.975142)
    }},
    { Time = 0.433, Data = {
      ["Cock"] = CFrame.new(0.008367, -0.106519, 0.000000, 0.869029, 0.494762, 0.000000, -0.494762, 0.869029, -0.000000, -0.000000, 0.000000, 1.000000),
      ["Head"] = CFrame.new(0.000000, 0.047396, -0.005052, 1.000000, -0.000000, 0.000000, 0.000000, 0.996047, 0.088824, -0.000000, -0.088824, 0.996047),
      ["LeftUpperArm"] = CFrame.new(0.095775, -0.365220, -0.668840, 0.799659, -0.596044, -0.072644, -0.089809, 0.000896, -0.995959, 0.593700, 0.802952, -0.052814),
      ["LeftUpperLeg"] = CFrame.new(-0.073519, 0.007725, -0.038141, 0.990016, 0.030349, 0.137650, -0.054217, 0.983406, 0.173125, -0.130112, -0.178859, 0.975233),
      ["LowerTorso"] = CFrame.new(-0.000000, 0.003226, 1.234693, 1.000000, 0.000000, 0.000000, 0.000000, 0.996921, -0.078406, 0.000000, 0.078406, 0.996921),
      ["RightUpperArm"] = CFrame.new(-0.236822, -0.585637, -0.011311, 0.962912, 0.142064, -0.229386, -0.269578, 0.470913, -0.839981, -0.011310, 0.870666, 0.491745),
      ["RightUpperLeg"] = CFrame.new(0.073522, 0.007722, -0.038140, 0.990016, -0.030349, -0.137650, 0.054217, 0.983406, 0.173125, 0.130112, -0.178859, 0.975233)
    }},
    { Time = 0.450, Data = {
      ["Cock"] = CFrame.new(0.008281, -0.105415, 0.000000, 0.868764, 0.495227, 0.000000, -0.495227, 0.868764, -0.000000, -0.000000, 0.000000, 1.000000),
      ["Head"] = CFrame.new(0.000000, 0.047396, -0.005052, 1.000000, -0.000000, 0.000000, 0.000000, 0.995718, 0.092438, -0.000000, -0.092438, 0.995718),
      ["LeftUpperArm"] = CFrame.new(0.096245, -0.364864, -0.668952, 0.799857, -0.595775, -0.072667, -0.090489, -0.000017, -0.995897, 0.593329, 0.803151, -0.053925),
      ["LeftUpperLeg"] = CFrame.new(-0.073614, 0.007465, -0.039473, 0.990023, 0.030291, 0.137610, -0.053938, 0.983703, 0.171520, -0.130172, -0.177231, 0.975523),
      ["LowerTorso"] = CFrame.new(-0.000000, 0.003567, 1.236719, 1.000000, 0.000000, 0.000000, 0.000000, 0.997022, -0.077114, 0.000000, 0.077114, 0.997022),
      ["RightUpperArm"] = CFrame.new(-0.236904, -0.586074, -0.011719, 0.962913, 0.142074, -0.229375, -0.269558, 0.469769, -0.840628, -0.011678, 0.871282, 0.490644),
      ["RightUpperLeg"] = CFrame.new(0.073616, 0.007461, -0.039473, 0.990023, -0.030291, -0.137610, 0.053938, 0.983703, 0.171520, 0.130172, -0.177231, 0.975523)
    }},
    { Time = 0.467, Data = {
      ["Cock"] = CFrame.new(0.008169, -0.103996, 0.000000, 0.868409, 0.495848, 0.000000, -0.495848, 0.868409, -0.000000, -0.000000, 0.000000, 1.000000),
      ["Head"] = CFrame.new(0.000000, 0.047396, -0.005052, 1.000000, -0.000000, 0.000000, 0.000000, 0.995418, 0.095621, -0.000000, -0.095621, 0.995418),
      ["LeftUpperArm"] = CFrame.new(0.097027, -0.364320, -0.669140, 0.800187, -0.595335, -0.072642, -0.091684, -0.001727, -0.995787, 0.592701, 0.803476, -0.055964),
      ["LeftUpperLeg"] = CFrame.new(-0.073780, 0.006967, -0.041730, 0.990019, 0.030297, 0.137640, -0.053599, 0.984176, 0.168891, -0.130345, -0.174583, 0.975977),
      ["LowerTorso"] = CFrame.new(-0.000000, 0.004147, 1.240011, 1.000000, 0.000000, 0.000000, 0.000000, 0.997180, -0.075047, 0.000000, 0.075047, 0.997180),
      ["RightUpperArm"] = CFrame.new(-0.237054, -0.586784, -0.012406, 0.962926, 0.142035, -0.229348, -0.269490, 0.467932, -0.841674, -0.012228, 0.872276, 0.488861),
      ["RightUpperLeg"] = CFrame.new(0.073783, 0.006964, -0.041729, 0.990019, -0.030297, -0.137640, 0.053599, 0.984176, 0.168891, 0.130345, -0.174583, 0.975977)
    }},
    { Time = 0.483, Data = {
      ["Cock"] = CFrame.new(0.008033, -0.102261, 0.000000, 0.868011, 0.496546, 0.000000, -0.496546, 0.868011, -0.000000, -0.000000, 0.000000, 1.000000),
      ["Head"] = CFrame.new(0.000000, 0.047396, -0.005052, 1.000000, -0.000000, 0.000000, 0.000000, 0.995149, 0.098374, -0.000000, -0.098374, 0.995149),
      ["LeftUpperArm"] = CFrame.new(0.098136, -0.363528, -0.669394, 0.800680, -0.594664, -0.072703, -0.093379, -0.004004, -0.995623, 0.591770, 0.803964, -0.058735),
      ["LeftUpperLeg"] = CFrame.new(-0.074010, 0.006283, -0.044873, 0.990018, 0.030295, 0.137646, -0.053099, 0.984836, 0.165160, -0.130555, -0.170820, 0.976614),
      ["LowerTorso"] = CFrame.new(-0.000000, 0.004956, 1.244740, 1.000000, 0.000000, 0.000000, 0.000000, 0.997402, -0.072032, 0.000000, 0.072032, 0.997402),
      ["RightUpperArm"] = CFrame.new(-0.237254, -0.587773, -0.013376, 0.962928, 0.142020, -0.229348, -0.269446, 0.465376, -0.843104, -0.013004, 0.873645, 0.486390),
      ["RightUpperLeg"] = CFrame.new(0.074013, 0.006280, -0.044872, 0.990018, -0.030295, -0.137646, 0.053099, 0.984836, 0.165160, 0.130555, -0.170820, 0.976614)
    }},
    { Time = 0.500, Data = {
      ["Cock"] = CFrame.new(0.007872, -0.100211, 0.000000, 0.867522, 0.497398, 0.000000, -0.497398, 0.867522, -0.000000, -0.000000, 0.000000, 1.000000),
      ["Head"] = CFrame.new(0.000000, 0.047396, -0.005052, 1.000000, -0.000000, 0.000000, 0.000000, 0.994917, 0.100696, -0.000000, -0.100696, 0.994917),
      ["LeftUpperArm"] = CFrame.new(0.099531, -0.362505, -0.669746, 0.801226, -0.593920, -0.072770, -0.095533, -0.006917, -0.995402, 0.590686, 0.804495, -0.062281),
      ["LeftUpperLeg"] = CFrame.new(-0.074304, 0.005411, -0.048901, 0.990021, 0.030285, 0.137628, -0.052440, 0.985670, 0.160325, -0.130800, -0.165942, 0.977422),
      ["LowerTorso"] = CFrame.new(-0.000000, 0.006011, 1.250822, 1.000000, 0.000000, 0.000000, 0.000000, 0.997675, -0.068155, 0.000000, 0.068155, 0.997675),
      ["RightUpperArm"] = CFrame.new(-0.237507, -0.589067, -0.014615, 0.962920, 0.142017, -0.229383, -0.269423, 0.462010, -0.844961, -0.014021, 0.875430, 0.483141),
      ["RightUpperLeg"] = CFrame.new(0.074307, 0.005409, -0.048901, 0.990021, -0.030285, -0.137628, 0.052440, 0.985670, 0.160325, 0.130800, -0.165942, 0.977422)
    }},
    { Time = 0.517, Data = {
      ["Cock"] = CFrame.new(0.007686, -0.097846, 0.000000, 0.866944, 0.498405, 0.000000, -0.498405, 0.866944, -0.000000, -0.000000, 0.000000, 1.000000),
      ["Head"] = CFrame.new(0.000000, 0.047396, -0.005052, 1.000000, -0.000000, 0.000000, 0.000000, 0.994724, 0.102588, -0.000000, -0.102588, 0.994724),
      ["LeftUpperArm"] = CFrame.new(0.101265, -0.361275, -0.670160, 0.801976, -0.592900, -0.072828, -0.098166, -0.010549, -0.995114, 0.589235, 0.805207, -0.066663),
      ["LeftUpperLeg"] = CFrame.new(-0.074664, 0.004308, -0.053810, 0.990024, 0.030347, 0.137595, -0.051711, 0.986644, 0.154464, -0.131070, -0.160038, 0.978370),
      ["LowerTorso"] = CFrame.new(-0.000000, 0.007325, 1.258170, 1.000000, 0.000000, 0.000000, 0.000000, 0.997982, -0.063501, 0.000000, 0.063501, 0.997982),
      ["RightUpperArm"] = CFrame.new(-0.237801, -0.590666, -0.016128, 0.962913, 0.142070, -0.229380, -0.269376, 0.457825, -0.847250, -0.015352, 0.877617, 0.479116),
      ["RightUpperLeg"] = CFrame.new(0.074667, 0.004305, -0.053810, 0.990024, -0.030347, -0.137595, 0.051711, 0.986644, 0.154464, 0.131070, -0.160038, 0.978370)
    }},
    { Time = 0.533, Data = {
      ["Cock"] = CFrame.new(0.007476, -0.095165, 0.000000, 0.866275, 0.499567, 0.000000, -0.499567, 0.866275, -0.000000, -0.000000, 0.000000, 1.000000),
      ["Head"] = CFrame.new(0.000000, 0.047396, -0.005052, 1.000000, -0.000000, 0.000000, 0.000000, 0.994563, 0.104135, -0.000000, -0.104135, 0.994563),
      ["LeftUpperArm"] = CFrame.new(0.103297, -0.359811, -0.670667, 0.802808, -0.591757, -0.072956, -0.101313, -0.014808, -0.994744, 0.587567, 0.805980, -0.071840),
      ["LeftUpperLeg"] = CFrame.new(-0.075092, 0.003058, -0.059650, 0.990021, 0.030309, 0.137619, -0.050742, 0.987760, 0.147498, -0.131464, -0.153009, 0.979441),
      ["LowerTorso"] = CFrame.new(-0.000000, 0.008906, 1.266871, 1.000000, 0.000000, 0.000000, 0.000000, 0.998318, -0.057984, 0.000000, 0.057984, 0.998318),
      ["RightUpperArm"] = CFrame.new(-0.238176, -0.592546, -0.017926, 0.962905, 0.142029, -0.229438, -0.269318, 0.452922, -0.849900, -0.016793, 0.880165, 0.474371),
      ["RightUpperLeg"] = CFrame.new(0.075095, 0.003055, -0.059649, 0.990021, -0.030309, -0.137619, 0.050742, 0.987760, 0.147498, 0.131464, -0.153009, 0.979441)
    }},
    { Time = 0.550, Data = {
      ["Cock"] = CFrame.new(0.007240, -0.092169, 0.000000, 0.865560, 0.500805, 0.000000, -0.500805, 0.865560, -0.000000, -0.000000, 0.000000, 1.000000),
      ["Head"] = CFrame.new(0.000000, 0.047396, -0.005052, 1.000000, -0.000000, 0.000000, 0.000000, 0.994455, 0.105167, -0.000000, -0.105167, 0.994455),
      ["LeftUpperArm"] = CFrame.new(0.105655, -0.358137, -0.671251, 0.803806, -0.590391, -0.073032, -0.104864, -0.019776, -0.994290, 0.585576, 0.806875, -0.077807),
      ["LeftUpperLeg"] = CFrame.new(-0.075586, 0.001579, -0.066368, 0.990019, 0.030348, 0.137627, -0.049697, 0.988986, 0.139416, -0.131881, -0.144864, 0.980623),
      ["LowerTorso"] = CFrame.new(-0.000000, 0.010762, 1.277011, 1.000000, 0.000000, 0.000000, 0.000000, 0.998672, -0.051517, 0.000000, 0.051517, 0.998672),
      ["RightUpperArm"] = CFrame.new(-0.238608, -0.594707, -0.020016, 0.962918, 0.141985, -0.229409, -0.269159, 0.447289, -0.852928, -0.018491, 0.883047, 0.468919),
      ["RightUpperLeg"] = CFrame.new(0.075588, 0.001576, -0.066368, 0.990019, -0.030348, -0.137627, 0.049697, 0.988986, 0.139416, 0.131881, -0.144864, 0.980623)
    }},
    { Time = 0.567, Data = {
      ["Cock"] = CFrame.new(0.006980, -0.088858, 0.000000, 0.864753, 0.502197, 0.000000, -0.502197, 0.864753, -0.000000, -0.000000, 0.000000, 1.000000),
      ["Head"] = CFrame.new(0.000000, 0.047396, -0.005052, 1.000000, -0.000000, 0.000000, 0.000000, 0.994391, 0.105769, -0.000000, -0.105769, 0.994391),
      ["LeftUpperArm"] = CFrame.new(0.108311, -0.356228, -0.671937, 0.804881, -0.588906, -0.073188, -0.108916, -0.025361, -0.993727, 0.583355, 0.807804, -0.084554),
      ["LeftUpperLeg"] = CFrame.new(-0.076142, -0.000045, -0.073970, 0.990023, 0.030288, 0.137611, -0.048409, 0.990290, 0.130313, -0.132328, -0.135674, 0.981877),
