return {
  ["Astro Doggy "] = {
    { Time = 0.000, Data = {
      ["Head"] = CFrame.new(0.000000, 0.000000, 0.000000, 0.636127, 0.000030, 0.771585, 0.539265, 0.715197, -0.444620, -0.551848, 0.698923, 0.454940),
      ["LeftUpperArm"] = CFrame.new(-0.200473, 0.330429, -1.047415, 0.525215, -0.824524, 0.210497, -0.801030, -0.562521, -0.204748, 0.287229, -0.061078, -0.955913),
      ["LeftUpperLeg"] = CFrame.new(-0.245621, -0.244542, 0.031690, -0.003407, 0.733925, -0.679222, -0.999993, -0.003719, 0.000998, -0.001794, 0.679220, 0.733932),
      ["LowerTorso"] = CFrame.new(0.000544, -0.531294, 0.338780, -1.000000, -0.000544, -0.000096, -0.000026, -0.126586, 0.991956, -0.000552, 0.991956, 0.126586),
      ["M6DLowerL"] = CFrame.new(0.000000, 0.000000, 0.000000, 0.851160, 0.452935, 0.265285, -0.524906, 0.734470, 0.430148, -0.000015, -0.505374, 0.862900),
      ["M6DLowerR"] = CFrame.new(0.000000, 0.000000, 0.000000, 0.750832, -0.633211, -0.187870, 0.660493, 0.719801, 0.213624, -0.000040, -0.284483, 0.958681),
      ["M6DUpperL"] = CFrame.new(0.000000, 0.000000, 0.000000, 1.000000, -0.000000, 0.000000, 0.000000, 0.991773, 0.128010, -0.000000, -0.128010, 0.991773),
      ["M6DUpperR"] = CFrame.new(0.000000, 0.000000, 0.000000, 1.000000, -0.000000, 0.000000, 0.000000, 0.991773, 0.128010, -0.000000, -0.128010, 0.991773),
      ["RightUpperArm"] = CFrame.new(0.058988, 0.213892, -0.392475, 0.932361, 0.225663, -0.282453, 0.133347, -0.940842, -0.311507, -0.336039, 0.252772, -0.907295),
      ["RightUpperLeg"] = CFrame.new(0.500111, -0.500000, -0.000045, -0.000248, -0.716881, 0.697195, 1.000000, -0.000248, 0.000101, 0.000101, 0.697195, 0.716881)
    }},
    { Time = 0.167, Data = {
      ["Head"] = CFrame.new(0.000000, 0.000000, -0.000000, 0.636235, -0.000051, 0.771495, 0.370874, 0.876894, -0.305793, -0.676504, 0.480683, 0.557930),
      ["LeftUpperArm"] = CFrame.new(-0.201180, 0.184446, -1.212570, 0.542050, -0.827517, 0.146281, -0.801756, -0.561407, -0.204962, 0.251733, -0.006182, -0.967777),
      ["LeftUpperLeg"] = CFrame.new(-0.246698, -0.244538, 0.031941, -0.005561, 0.796359, -0.604799, -0.999984, -0.005210, 0.002334, -0.001293, 0.604802, 0.796375),
      ["LowerTorso"] = CFrame.new(0.000549, -0.734166, 0.330939, -1.000000, -0.000549, 0.000067, 0.000055, 0.020162, 0.999797, -0.000550, 0.999797, -0.020162),
      ["M6DLowerL"] = CFrame.new(0.000000, 0.000000, 0.000000, 0.963405, 0.103883, 0.247103, -0.153959, 0.969073, 0.192855, -0.219427, -0.223841, 0.949603),
      ["M6DLowerR"] = CFrame.new(0.000000, 0.000000, 0.000000, 0.969883, -0.218266, -0.108110, 0.194398, 0.961072, -0.196340, 0.146756, 0.169411, 0.974558),
      ["RightUpperArm"] = CFrame.new(0.058979, 0.229063, -0.387780, 0.932386, 0.225629, -0.282397, 0.070863, -0.880197, -0.469290, -0.354451, 0.417548, -0.836671),
      ["RightUpperLeg"] = CFrame.new(0.501821, -0.499997, 0.000108, -0.003665, -0.825547, 0.564322, 0.999993, -0.002908, 0.002241, -0.000209, 0.564326, 0.825552)
    }},
    { Time = 0.250, Data = {
      ["Head"] = CFrame.new(0.000000, 0.000001, -0.000000, 0.636306, -0.000150, 0.771437, 0.319870, 0.910036, -0.263662, -0.701996, 0.414529, 0.579109),
      ["LeftUpperArm"] = CFrame.new(-0.202461, 0.163728, -1.307203, 0.549204, -0.832387, 0.074206, -0.783118, -0.543620, -0.302001, 0.291722, 0.107748, -0.950415),
      ["LeftUpperLeg"] = CFrame.new(-0.250933, -0.244497, 0.032409, -0.014032, 0.846861, -0.531628, -0.999901, -0.012073, 0.007160, -0.000355, 0.531677, 0.846947),
      ["LowerTorso"] = CFrame.new(0.000546, -0.808236, 0.248562, -1.000000, -0.000546, 0.000087, 0.000035, 0.094232, 0.995550, -0.000552, 0.995550, -0.094232),
      ["M6DLowerL"] = CFrame.new(0.000010, -0.022830, -0.045244, 0.963333, 0.103933, 0.247363, -0.060011, 0.982034, -0.178907, -0.261513, 0.157503, 0.952263),
      ["M6DLowerR"] = CFrame.new(0.000010, -0.022830, -0.045244, 0.969923, -0.218178, -0.107924, 0.124839, 0.826505, -0.548912, 0.208961, 0.518930, 0.828883),
      ["RightUpperArm"] = CFrame.new(0.058985, 0.247733, -0.354931, 0.932410, 0.225654, -0.282298, 0.018048, -0.809216, -0.587235, -0.360952, 0.542449, -0.758593),
      ["RightUpperLeg"] = CFrame.new(0.506359, -0.499960, 0.000477, -0.012738, -0.876038, 0.482073, 0.999918, -0.010702, 0.006973, -0.000949, 0.482123, 0.876103)
    }},
    { Time = 0.333, Data = {
      ["Head"] = CFrame.new(-0.000000, 0.000002, 0.000000, 0.636294, -0.000139, 0.771446, 0.289414, 0.927004, -0.238544, -0.715101, 0.375052, 0.589888),
      ["LeftUpperArm"] = CFrame.new(-0.178675, 0.136167, -1.209049, 0.587772, -0.773368, 0.237543, -0.716323, -0.633957, -0.291514, 0.376039, 0.001186, -0.926603),
      ["LeftUpperLeg"] = CFrame.new(-0.249533, -0.244515, 0.031942, -0.011231, 0.807529, -0.589721, -0.999936, -0.009830, 0.005583, -0.001289, 0.589746, 0.807588),
      ["LowerTorso"] = CFrame.new(0.000548, -0.753885, 0.290449, -1.000000, -0.000548, 0.000072, 0.000050, 0.039880, 0.999204, -0.000550, 0.999204, -0.039880),
      ["M6DLowerL"] = CFrame.new(0.000010, -0.025094, -0.102047, 0.963325, 0.103900, 0.247404, -0.025286, 0.953041, -0.301782, -0.267142, 0.284459, 0.920716),
      ["M6DLowerR"] = CFrame.new(0.000010, -0.025095, -0.102046, 0.969935, -0.218135, -0.107905, 0.096470, 0.751689, -0.652424, 0.223427, 0.622400, 0.750133),
      ["RightUpperArm"] = CFrame.new(0.058970, 0.236144, -0.373960, 0.932408, 0.225601, -0.282346, 0.049268, -0.853293, -0.519099, -0.358033, 0.470101, -0.806732),
      ["RightUpperLeg"] = CFrame.new(0.505041, -0.499976, 0.000078, -0.010104, -0.841422, 0.540284, 0.999949, -0.008420, 0.005588, -0.000152, 0.540313, 0.841464)
    }},
    { Time = 0.417, Data = {
      ["Head"] = CFrame.new(0.000000, 0.000000, 0.000000, 0.636127, 0.000030, 0.771585, 0.539265, 0.715197, -0.444620, -0.551848, 0.698923, 0.454940),
      ["LeftUpperArm"] = CFrame.new(-0.158471, 0.315779, -1.023757, 0.516936, -0.803928, 0.294070, -0.745244, -0.591671, -0.307469, 0.421175, -0.060212, -0.904979),
      ["LeftUpperLeg"] = CFrame.new(-0.245621, -0.244542, 0.031690, -0.003407, 0.733925, -0.679222, -0.999993, -0.003719, 0.000998, -0.001794, 0.679220, 0.733932),
      ["LowerTorso"] = CFrame.new(0.000546, -0.556805, 0.335857, -1.000000, -0.000546, -0.000089, -0.000033, -0.101074, 0.994879, -0.000552, 0.994879, 0.101074),
      ["M6DLowerL"] = CFrame.new(0.000000, 0.000000, 0.000000, 0.851144, 0.452954, 0.265305, -0.524932, 0.735254, 0.428775, -0.000851, -0.504217, 0.863577),
      ["M6DLowerR"] = CFrame.new(0.000000, 0.000000, 0.000000, 0.750847, -0.633187, -0.187889, 0.660109, 0.728901, 0.181546, 0.021999, -0.260341, 0.965266),
      ["RightUpperArm"] = CFrame.new(0.059000, 0.221767, -0.404745, 0.932363, 0.225716, -0.282404, 0.096286, -0.907971, -0.407821, -0.348466, 0.353046, -0.868292),
      ["RightUpperLeg"] = CFrame.new(0.500111, -0.500000, -0.000045, -0.000248, -0.716881, 0.697195, 1.000000, -0.000248, 0.000101, 0.000101, 0.697195, 0.716881)
    }},
    { Time = 0.483, Data = {
      ["Head"] = CFrame.new(-0.000000, 0.000000, 0.000000, 0.636106, 0.000059, 0.771602, 0.602651, 0.624445, -0.496871, -0.481852, 0.781069, 0.397177),
      ["LeftUpperArm"] = CFrame.new(-0.185932, 0.345388, -0.948031, 0.546898, -0.803889, 0.233807, -0.775152, -0.591728, -0.221356, 0.316295, -0.060176, -0.946751),
      ["LeftUpperLeg"] = CFrame.new(-0.255449, -0.244410, 0.030904, -0.023063, 0.649699, -0.759842, -0.999728, -0.017548, 0.015341, -0.003367, 0.759989, 0.649927),
      ["LowerTorso"] = CFrame.new(0.000542, -0.489702, 0.344979, -1.000000, -0.000542, -0.000107, -0.000014, -0.168177, 0.985757, -0.000553, 0.985757, 0.168177),
      ["M6DLowerL"] = CFrame.new(-0.000029, 0.037896, 0.088737, 0.851125, 0.453018, 0.265258, -0.521391, 0.670624, 0.527651, 0.061147, -0.587399, 0.806984),
      ["M6DLowerR"] = CFrame.new(-0.000028, 0.037896, 0.088738, 0.750873, -0.633150, -0.187912, 0.655962, 0.681851, 0.323716, -0.076833, -0.366332, 0.927307),
      ["RightUpperArm"] = CFrame.new(0.090544, 0.243949, -0.350473, 0.933854, 0.266137, -0.238930, 0.183358, -0.929830, -0.319056, -0.307077, 0.254142, -0.917124),
      ["RightUpperLeg"] = CFrame.new(0.509789, -0.499904, -0.000554, -0.019609, -0.632883, 0.773999, 0.999807, -0.013282, 0.014470, 0.001123, 0.774133, 0.633022)
    }},
    { Time = 0.667, Data = {
      ["Head"] = CFrame.new(0.000000, 0.000000, 0.000000, 0.636127, 0.000030, 0.771585, 0.539265, 0.715197, -0.444620, -0.551848, 0.698923, 0.454940),
      ["LeftUpperArm"] = CFrame.new(-0.200473, 0.330429, -1.047415, 0.525215, -0.824524, 0.210497, -0.801030, -0.562521, -0.204748, 0.287229, -0.061078, -0.955913),
      ["LeftUpperLeg"] = CFrame.new(-0.245621, -0.244542, 0.031690, -0.003407, 0.733925, -0.679222, -0.999993, -0.003719, 0.000998, -0.001794, 0.679220, 0.733932),
      ["LowerTorso"] = CFrame.new(0.000544, -0.531294, 0.338780, -1.000000, -0.000544, -0.000096, -0.000026, -0.126586, 0.991956, -0.000552, 0.991956, 0.126586),
      ["M6DLowerL"] = CFrame.new(-0.000029, 0.037896, 0.088737, 0.851125, 0.453018, 0.265258, -0.521391, 0.670624, 0.527651, 0.061147, -0.587399, 0.806984),
      ["M6DLowerR"] = CFrame.new(-0.000028, 0.037896, 0.088738, 0.750873, -0.633150, -0.187912, 0.655962, 0.681851, 0.323716, -0.076833, -0.366332, 0.927307),
      ["M6DUpperL"] = CFrame.new(0.000000, 0.000000, 0.000000, 1.000000, -0.000000, 0.000000, 0.000000, 0.991773, 0.128010, -0.000000, -0.128010, 0.991773),
      ["M6DUpperR"] = CFrame.new(0.000000, 0.000000, 0.000000, 1.000000, -0.000000, 0.000000, 0.000000, 0.991773, 0.128010, -0.000000, -0.128010, 0.991773),
      ["RightUpperArm"] = CFrame.new(0.058988, 0.213892, -0.392475, 0.932361, 0.225663, -0.282453, 0.133347, -0.940842, -0.311507, -0.336039, 0.252772, -0.907295),
      ["RightUpperLeg"] = CFrame.new(0.500111, -0.500000, -0.000045, -0.000248, -0.716881, 0.697195, 1.000000, -0.000248, 0.000101, 0.000101, 0.697195, 0.716881)
    }}
  }
}
