return {
  ["Astros laying down 2"] = {
    { Time = 0.000, Data = {
      ["Balls"] = CFrame.new(0.000000, -0.000001, 0.000000, 0.935182, -0.354167, 0.000000, 0.354167, 0.935182, 0.000000, 0.000000, 0.000000, 1.000000),
      ["Cock"] = CFrame.new(0.000000, 0.000000, 0.000000, 0.999419, -0.034092, 0.000000, 0.034092, 0.999419, 0.000000, 0.000000, 0.000000, 1.000000),
      ["Head"] = CFrame.new(0.000000, 0.000000, 0.000000, 1.000000, -0.000000, 0.000000, 0.000000, 0.813189, 0.582000, -0.000000, -0.582000, 0.813189),
      ["LeftUpperArm"] = CFrame.new(0.055721, -0.089864, 0.208977, 0.977040, 0.211870, -0.022459, -0.213057, 0.971595, -0.103008, -0.000004, 0.105428, 0.994427),
      ["LeftUpperLeg"] = CFrame.new(-0.041003, -0.197359, -0.019263, 0.917994, 0.396594, -0.000024, -0.394718, 0.913647, -0.097195, -0.038525, 0.089234, 0.995265),
      ["LowerTorso"] = CFrame.new(0.000000, -1.517125, -1.001865, 1.000000, 0.000000, 0.000000, 0.000000, 0.101074, -0.994879, 0.000000, 0.994879, 0.101074),
      ["RightUpperArm"] = CFrame.new(-0.067293, -0.092673, 0.208984, 0.966329, -0.255871, 0.027157, 0.257308, 0.960942, -0.101900, -0.000023, 0.105457, 0.994424),
      ["RightUpperLeg"] = CFrame.new(0.052724, -0.015541, -0.247896, 0.894550, -0.446771, -0.013227, 0.446634, 0.892349, 0.065046, -0.017258, -0.064095, 0.997795)
    }},
    { Time = 0.017, Data = {
      ["Balls"] = CFrame.new(0.000001, -0.000003, 0.000000, 0.935926, -0.352196, 0.000000, 0.352196, 0.935926, 0.000000, 0.000000, 0.000000, 1.000000),
      ["Cock"] = CFrame.new(-0.000000, 0.000000, 0.000000, 0.999425, -0.033920, 0.000000, 0.033920, 0.999425, 0.000000, 0.000000, 0.000000, 1.000000),
      ["Head"] = CFrame.new(0.000000, 0.000000, 0.000000, 1.000000, -0.000000, 0.000000, 0.000000, 0.812450, 0.583031, -0.000000, -0.583031, 0.812450),
      ["LeftUpperArm"] = CFrame.new(0.055722, -0.089863, 0.208958, 0.977040, 0.211870, -0.022459, -0.213057, 0.971595, -0.103008, -0.000004, 0.105428, 0.994427),
      ["LeftUpperLeg"] = CFrame.new(-0.041003, -0.197359, -0.019263, 0.917994, 0.396594, -0.000024, -0.394718, 0.913647, -0.097195, -0.038525, 0.089234, 0.995265),
      ["LowerTorso"] = CFrame.new(0.000000, -1.517136, -1.001865, 1.000000, 0.000000, 0.000000, 0.000000, 0.101074, -0.994879, 0.000000, 0.994879, 0.101074),
      ["RightUpperArm"] = CFrame.new(-0.067294, -0.092672, 0.208965, 0.966329, -0.255871, 0.027157, 0.257308, 0.960942, -0.101900, -0.000023, 0.105457, 0.994424),
      ["RightUpperLeg"] = CFrame.new(0.052723, -0.015540, -0.247886, 0.894550, -0.446771, -0.013247, 0.446633, 0.892343, 0.065130, -0.017277, -0.064179, 0.997789)
    }},
    { Time = 0.033, Data = {
      ["Balls"] = CFrame.new(0.000001, -0.000002, 0.000000, 0.936666, -0.350225, 0.000000, 0.350225, 0.936666, 0.000000, 0.000000, 0.000000, 1.000000),
      ["Cock"] = CFrame.new(0.000000, 0.000000, 0.000000, 0.999436, -0.033575, 0.000000, 0.033575, 0.999436, 0.000000, 0.000000, 0.000000, 1.000000),
      ["Head"] = CFrame.new(0.000000, 0.000000, 0.000000, 1.000000, -0.000000, 0.000000, 0.000000, 0.811709, 0.584062, -0.000000, -0.584062, 0.811709),
      ["LeftUpperArm"] = CFrame.new(0.055723, -0.089856, 0.208878, 0.977040, 0.211871, -0.022449, -0.213057, 0.971604, -0.102922, 0.000006, 0.105342, 0.994436),
      ["LeftUpperLeg"] = CFrame.new(-0.041003, -0.197360, -0.019254, 0.917994, 0.396594, -0.000006, -0.394720, 0.913655, -0.097111, -0.038508, 0.089150, 0.995274),
      ["LowerTorso"] = CFrame.new(0.000000, -1.517050, -1.001874, 1.000000, 0.000000, 0.000000, 0.000000, 0.100959, -0.994891, 0.000000, 0.994891, 0.100959),
      ["RightUpperArm"] = CFrame.new(-0.067295, -0.092665, 0.208885, 0.966329, -0.255872, 0.027146, 0.257308, 0.960951, -0.101815, -0.000034, 0.105372, 0.994433),
      ["RightUpperLeg"] = CFrame.new(0.052724, -0.015541, -0.247886, 0.894550, -0.446771, -0.013247, 0.446633, 0.892343, 0.065130, -0.017277, -0.064179, 0.997789)
    }},
    { Time = 0.050, Data = {
      ["Balls"] = CFrame.new(0.000001, -0.000002, 0.000000, 0.937401, -0.348252, 0.000000, 0.348252, 0.937401, 0.000000, 0.000000, 0.000000, 1.000000),
      ["Cock"] = CFrame.new(0.000000, 0.000000, 0.000000, 0.999456, -0.032971, 0.000000, 0.032971, 0.999456, 0.000000, 0.000000, 0.000000, 1.000000),
      ["Head"] = CFrame.new(0.000000, -0.000000, 0.000000, 1.000000, -0.000000, 0.000000, 0.000000, 0.810966, 0.585093, -0.000000, -0.585093, 0.810966),
      ["LeftUpperArm"] = CFrame.new(0.055725, -0.089846, 0.208761, 0.977040, 0.211872, -0.022440, -0.213057, 0.971613, -0.102837, 0.000015, 0.105257, 0.994445),
      ["LeftUpperLeg"] = CFrame.new(-0.041004, -0.197359, -0.019288, 0.917992, 0.396598, 0.000096, -0.394717, 0.913663, -0.097044, -0.038575, 0.089048, 0.995280),
      ["LowerTorso"] = CFrame.new(0.000000, -1.517101, -1.001870, 1.000000, 0.000000, 0.000000, 0.000000, 0.100959, -0.994891, 0.000000, 0.994891, 0.100959),
      ["RightUpperArm"] = CFrame.new(-0.067298, -0.092655, 0.208765, 0.966331, -0.255878, 0.027049, 0.257304, 0.960960, -0.101741, 0.000040, 0.105275, 0.994443),
      ["RightUpperLeg"] = CFrame.new(0.052723, -0.015542, -0.247918, 0.894551, -0.446767, -0.013351, 0.446635, 0.892338, 0.065194, -0.017213, -0.064282, 0.997783)
    }},
    { Time = 0.067, Data = {
      ["Balls"] = CFrame.new(0.000001, -0.000002, 0.000000, 0.938132, -0.346279, 0.000000, 0.346279, 0.938132, 0.000000, 0.000000, 0.000000, 1.000000),
      ["Cock"] = CFrame.new(0.000000, 0.000000, 0.000000, 0.999482, -0.032194, 0.000000, 0.032194, 0.999482, 0.000000, 0.000000, 0.000000, 1.000000),
      ["Head"] = CFrame.new(0.000000, 0.000000, -0.000000, 1.000000, -0.000000, 0.000000, 0.000000, 0.810223, 0.586122, -0.000000, -0.586122, 0.810223),
      ["LeftUpperArm"] = CFrame.new(0.055727, -0.089833, 0.208607, 0.977040, 0.211873, -0.022431, -0.213057, 0.971622, -0.102751, 0.000024, 0.105171, 0.994454),
      ["LeftUpperLeg"] = CFrame.new(-0.041004, -0.197360, -0.019270, 0.917992, 0.396598, 0.000131, -0.394721, 0.913680, -0.096876, -0.038540, 0.088880, 0.995296),
      ["LowerTorso"] = CFrame.new(0.000000, -1.517055, -1.001876, 1.000000, 0.000000, 0.000000, 0.000000, 0.100843, -0.994902, 0.000000, 0.994902, 0.100843),
      ["RightUpperArm"] = CFrame.new(-0.067302, -0.092642, 0.208611, 0.966331, -0.255879, 0.027038, 0.257304, 0.960969, -0.101656, 0.000029, 0.105190, 0.994452),
      ["RightUpperLeg"] = CFrame.new(0.052723, -0.015541, -0.247898, 0.894551, -0.446766, -0.013390, 0.446634, 0.892326, 0.065362, -0.017253, -0.064450, 0.997772)
    }},
    { Time = 0.083, Data = {
      ["Balls"] = CFrame.new(0.000001, -0.000002, 0.000000, 0.938858, -0.344304, 0.000000, 0.344304, 0.938858, 0.000000, 0.000000, 0.000000, 1.000000),
      ["Cock"] = CFrame.new(0.000000, 0.000000, 0.000000, 0.999514, -0.031158, 0.000000, 0.031158, 0.999514, 0.000000, 0.000000, 0.000000, 1.000000),
      ["Head"] = CFrame.new(0.000000, -0.000000, 0.000000, 1.000000, -0.000000, 0.000000, 0.000000, 0.809531, 0.587078, -0.000000, -0.587078, 0.809531),
      ["LeftUpperArm"] = CFrame.new(0.055731, -0.089814, 0.208393, 0.977040, 0.211875, -0.022412, -0.213057, 0.971640, -0.102581, 0.000043, 0.105000, 0.994472),
      ["LeftUpperLeg"] = CFrame.new(-0.041004, -0.197362, -0.019253, 0.917992, 0.396598, 0.000166, -0.394724, 0.913696, -0.096707, -0.038505, 0.088711, 0.995313),
      ["LowerTorso"] = CFrame.new(0.000000, -1.517029, -1.001881, 1.000000, 0.000000, 0.000000, 0.000000, 0.100727, -0.994914, 0.000000, 0.994914, 0.100727),
      ["RightUpperArm"] = CFrame.new(-0.067306, -0.092624, 0.208397, 0.966331, -0.255882, 0.027016, 0.257304, 0.960987, -0.101485, 0.000006, 0.105020, 0.994470),
      ["RightUpperLeg"] = CFrame.new(0.052724, -0.015541, -0.247888, 0.894550, -0.446766, -0.013410, 0.446633, 0.892320, 0.065446, -0.017273, -0.064534, 0.997766)
    }},
    { Time = 0.100, Data = {
      ["Balls"] = CFrame.new(0.000001, -0.000002, 0.000000, 0.939551, -0.342410, 0.000000, 0.342410, 0.939551, 0.000000, 0.000000, 0.000000, 1.000000),
      ["Cock"] = CFrame.new(0.000000, 0.000000, 0.000000, 0.999554, -0.029864, 0.000000, 0.029864, 0.999554, 0.000000, 0.000000, 0.000000, 1.000000),
      ["Head"] = CFrame.new(0.000000, -0.000000, 0.000000, 1.000000, -0.000000, 0.000000, 0.000000, 0.808784, 0.588106, -0.000000, -0.588106, 0.808784),
      ["LeftUpperArm"] = CFrame.new(0.055736, -0.089793, 0.208140, 0.977041, 0.211882, -0.022308, -0.213053, 0.971658, -0.102419, -0.000025, 0.104820, 0.994491),
      ["LeftUpperLeg"] = CFrame.new(-0.041005, -0.197362, -0.019278, 0.917991, 0.396602, 0.000285, -0.394723, 0.913712, -0.096556, -0.038555, 0.088525, 0.995327),
      ["LowerTorso"] = CFrame.new(0.000000, -1.516908, -1.001896, 1.000000, 0.000000, 0.000000, 0.000000, 0.100496, -0.994938, 0.000000, 0.994938, 0.100496),
      ["RightUpperArm"] = CFrame.new(-0.067311, -0.092603, 0.208146, 0.966331, -0.255884, 0.026994, 0.257304, 0.961005, -0.101315, -0.000016, 0.104849, 0.994488),
      ["RightUpperLeg"] = CFrame.new(0.052723, -0.015541, -0.247901, 0.894551, -0.446761, -0.013554, 0.446634, 0.892303, 0.065677, -0.017248, -0.064805, 0.997749)
    }},
    { Time = 0.117, Data = {
      ["Balls"] = CFrame.new(0.000001, -0.000002, 0.000000, 0.940239, -0.340515, 0.000000, 0.340515, 0.940239, 0.000000, 0.000000, 0.000000, 1.000000),
      ["Cock"] = CFrame.new(-0.000000, 0.000000, 0.000000, 0.999599, -0.028311, 0.000000, 0.028311, 0.999599, 0.000000, 0.000000, 0.000000, 1.000000),
      ["Head"] = CFrame.new(0.000000, 0.000000, 0.000000, 1.000000, -0.000000, 0.000000, 0.000000, 0.808089, 0.589060, -0.000000, -0.589060, 0.808089),
      ["LeftUpperArm"] = CFrame.new(0.055763, -0.089774, 0.207853, 0.977022, 0.211968, -0.022294, -0.213137, 0.971657, -0.102247, -0.000011, 0.104649, 0.994509),
      ["LeftUpperLeg"] = CFrame.new(-0.041006, -0.197362, -0.019294, 0.917989, 0.396605, 0.000422, -0.394724, 0.913737, -0.096321, -0.038587, 0.088255, 0.995350),
      ["LowerTorso"] = CFrame.new(0.000000, -1.516805, -1.001909, 1.000000, 0.000000, 0.000000, 0.000000, 0.100264, -0.994961, 0.000000, 0.994961, 0.100264),
      ["RightUpperArm"] = CFrame.new(-0.067317, -0.092579, 0.207860, 0.966331, -0.255886, 0.026971, 0.257304, 0.961023, -0.101144, -0.000039, 0.104679, 0.994506),
      ["RightUpperLeg"] = CFrame.new(0.052723, -0.015540, -0.247881, 0.894551, -0.446760, -0.013593, 0.446632, 0.892291, 0.065845, -0.017288, -0.064973, 0.997737)
    }},
    { Time = 0.133, Data = {
      ["Balls"] = CFrame.new(0.000001, -0.000002, 0.000000, 0.940923, -0.338620, 0.000000, 0.338620, 0.940923, 0.000000, 0.000000, 0.000000, 1.000000),
      ["Cock"] = CFrame.new(0.000000, 0.000000, 0.000000, 0.999647, -0.026585, 0.000000, 0.026585, 0.999647, 0.000000, 0.000000, 0.000000, 1.000000),
      ["Head"] = CFrame.new(0.000000, 0.000000, -0.000000, 1.000000, -0.000000, 0.000000, 0.000000, 0.807393, 0.590013, -0.000000, -0.590013, 0.807393),
      ["LeftUpperArm"] = CFrame.new(0.055769, -0.089745, 0.207508, 0.977022, 0.211971, -0.022267, -0.213138, 0.971684, -0.101991, 0.000017, 0.104393, 0.994536),
      ["LeftUpperLeg"] = CFrame.new(-0.041005, -0.197365, -0.019259, 0.917989, 0.396605, 0.000492, -0.394731, 0.913769, -0.095984, -0.038517, 0.087918, 0.995383),
      ["LowerTorso"] = CFrame.new(0.000000, -1.516721, -1.001921, 1.000000, 0.000000, 0.000000, 0.000000, 0.100032, -0.994984, 0.000000, 0.994984, 0.100032),
      ["RightUpperArm"] = CFrame.new(-0.067325, -0.092550, 0.207512, 0.966332, -0.255894, 0.026852, 0.257299, 0.961050, -0.100900, 0.000013, 0.104412, 0.994534),
      ["RightUpperLeg"] = CFrame.new(0.052703, -0.015501, -0.247895, 0.894590, -0.446676, -0.013734, 0.446553, 0.892314, 0.066078, -0.017260, -0.065245, 0.997720)
    }},
    { Time = 0.150, Data = {
      ["Balls"] = CFrame.new(0.000001, -0.000002, 0.000000, 0.941574, -0.336805, 0.000000, 0.336805, 0.941574, 0.000000, 0.000000, 0.000000, 1.000000),
      ["Cock"] = CFrame.new(0.000000, 0.000000, 0.000000, 0.999695, -0.024686, 0.000000, 0.024686, 0.999695, 0.000000, 0.000000, 0.000000, 1.000000),
      ["Head"] = CFrame.new(0.000000, 0.000000, 0.000000, 1.000000, -0.000000, 0.000000, 0.000000, 0.806750, 0.590893, -0.000000, -0.590893, 0.806750),
      ["LeftUpperArm"] = CFrame.new(0.055776, -0.089713, 0.207126, 0.977023, 0.211979, -0.022153, -0.213133, 0.971711, -0.101743, -0.000041, 0.104127, 0.994564),
      ["LeftUpperLeg"] = CFrame.new(-0.041006, -0.197367, -0.019266, 0.917987, 0.396609, 0.000647, -0.394733, 0.913802, -0.095664, -0.038532, 0.087564, 0.995413),
      ["LowerTorso"] = CFrame.new(0.000000, -1.516655, -1.001931, 1.000000, 0.000000, 0.000000, 0.000000, 0.099801, -0.995007, 0.000000, 0.995007, 0.099801),
      ["RightUpperArm"] = CFrame.new(-0.067332, -0.092518, 0.207133, 0.966332, -0.255898, 0.026819, 0.257299, 0.961076, -0.100644, -0.000020, 0.104156, 0.994561),
      ["RightUpperLeg"] = CFrame.new(0.052703, -0.015501, -0.247907, 0.894591, -0.446671, -0.013877, 0.446554, 0.892296, 0.066309, -0.017236, -0.065517, 0.997703)
    }},
    { Time = 0.167, Data = {
      ["Balls"] = CFrame.new(0.000000, -0.000002, 0.000000, 0.942192, -0.335072, 0.000000, 0.335072, 0.942192, 0.000000, 0.000000, 0.000000, 1.000000),
      ["Cock"] = CFrame.new(0.000000, 0.000000, 0.000000, 0.999746, -0.022529, 0.000000, 0.022529, 0.999746, 0.000000, 0.000000, 0.000000, 1.000000),
      ["Head"] = CFrame.new(0.000000, -0.000000, -0.000000, 1.000000, -0.000000, 0.000000, 0.000000, 0.806105, 0.591772, -0.000000, -0.591772, 0.806105),
      ["LeftUpperArm"] = CFrame.new(0.055783, -0.089678, 0.206713, 0.977023, 0.211982, -0.022126, -0.213133, 0.971738, -0.101487, -0.000013, 0.103871, 0.994591),
      ["LeftUpperLeg"] = CFrame.new(-0.041007, -0.197368, -0.019274, 0.917986, 0.396613, 0.000801, -0.394736, 0.913834, -0.095345, -0.038547, 0.087209, 0.995444),
      ["LowerTorso"] = CFrame.new(0.000000, -1.516608, -1.001940, 1.000000, 0.000000, 0.000000, 0.000000, 0.099569, -0.995031, 0.000000, 0.995031, 0.099569),
      ["RightUpperArm"] = CFrame.new(-0.067342, -0.092481, 0.206695, 0.966333, -0.255907, 0.026689, 0.257295, 0.961112, -0.100314, 0.000020, 0.103804, 0.994598),
      ["RightUpperLeg"] = CFrame.new(0.052703, -0.015501, -0.247909, 0.894591, -0.446666, -0.014040, 0.446554, 0.892273, 0.066625, -0.017231, -0.065872, 0.997679)
    }},
    { Time = 0.183, Data = {
      ["Balls"] = CFrame.new(0.000000, -0.000002, 0.000000, 0.942807, -0.333339, 0.000000, 0.333339, 0.942807, 0.000000, 0.000000, 0.000000, 1.000000),
      ["Cock"] = CFrame.new(0.000000, 0.000000, 0.000000, 0.999796, -0.020198, 0.000000, 0.020198, 0.999796, 0.000000, 0.000000, 0.000000, 1.000000),
      ["Head"] = CFrame.new(0.000000, -0.000000, -0.000000, 1.000000, -0.000000, 0.000000, 0.000000, 0.805460, 0.592650, -0.000000, -0.592650, 0.805460),
      ["LeftUpperArm"] = CFrame.new(0.055790, -0.089638, 0.206245, 0.977023, 0.211985, -0.022089, -0.213133, 0.971774, -0.101145, 0.000024, 0.103529, 0.994626),
      ["LeftUpperLeg"] = CFrame.new(-0.041008, -0.197370, -0.019272, 0.917984, 0.396617, 0.000973, -0.394740, 0.913874, -0.094941, -0.038544, 0.086770, 0.995482),
      ["LowerTorso"] = CFrame.new(0.000000, -1.516461, -1.001959, 1.000000, 0.000000, 0.000000, 0.000000, 0.099221, -0.995065, 0.000000, 0.995065, 0.099221),
      ["RightUpperArm"] = CFrame.new(-0.067351, -0.092444, 0.206249, 0.966333, -0.255911, 0.026655, 0.257295, 0.961139, -0.100059, -0.000013, 0.103548, 0.994624),
      ["RightUpperLeg"] = CFrame.new(0.052703, -0.015501, -0.247911, 0.894591, -0.446660, -0.014204, 0.446554, 0.892249, 0.066941, -0.017226, -0.066227, 0.997656)
    }},
    { Time = 0.200, Data = {
      ["Balls"] = CFrame.new(0.000000, -0.000002, 0.000000, 0.943390, -0.331687, 0.000000, 0.331687, 0.943390, 0.000000, 0.000000, 0.000000, 1.000000),
      ["Cock"] = CFrame.new(0.000000, 0.000000, 0.000000, 0.999845, -0.017609, 0.000000, 0.017609, 0.999845, 0.000000, 0.000000, 0.000000, 1.000000),
      ["Head"] = CFrame.new(0.000000, 0.000000, 0.000000, 1.000000, -0.000000, 0.000000, 0.000000, 0.804813, 0.593528, -0.000000, -0.593528, 0.804813),
      ["LeftUpperArm"] = CFrame.new(0.055800, -0.089596, 0.205742, 0.977024, 0.211994, -0.021966, -0.213129, 0.971809, -0.100812, -0.000025, 0.103178, 0.994663),
      ["LeftUpperLeg"] = CFrame.new(-0.041009, -0.197372, -0.019271, 0.917982, 0.396620, 0.001145, -0.394745, 0.913914, -0.094537, -0.038542, 0.086332, 0.995521),
      ["LowerTorso"] = CFrame.new(0.000000, -1.516333, -1.001976, 1.000000, 0.000000, 0.000000, 0.000000, 0.098874, -0.995100, 0.000000, 0.995100, 0.098874),
      ["RightUpperArm"] = CFrame.new(-0.067362, -0.092403, 0.205746, 0.966334, -0.255920, 0.026525, 0.257291, 0.961174, -0.099729, 0.000027, 0.103196, 0.994661),
      ["RightUpperLeg"] = CFrame.new(0.052703, -0.015501, -0.247914, 0.894591, -0.446655, -0.014367, 0.446554, 0.892226, 0.067256, -0.017222, -0.066582, 0.997632)
    }},
    { Time = 0.217, Data = {
      ["Balls"] = CFrame.new(0.000000, -0.000002, 0.000000, 0.943940, -0.330117, 0.000000, 0.330117, 0.943940, 0.000000, 0.000000, 0.000000, 1.000000),
      ["Cock"] = CFrame.new(0.000000, 0.000000, 0.000000, 0.999890, -0.014847, 0.000000, 0.014847, 0.999890, 0.000000, 0.000000, 0.000000, 1.000000),
      ["Head"] = CFrame.new(0.000000, 0.000000, -0.000000, 1.000000, -0.000000, 0.000000, 0.000000, 0.804220, 0.594332, -0.000000, -0.594332, 0.804220),
      ["LeftUpperArm"] = CFrame.new(0.055809, -0.089549, 0.205189, 0.977024, 0.211998, -0.021920, -0.213129, 0.971853, -0.100385, 0.000022, 0.102750, 0.994707),
      ["LeftUpperLeg"] = CFrame.new(-0.041010, -0.197375, -0.019269, 0.917980, 0.396624, 0.001317, -0.394749, 0.913954, -0.094133, -0.038539, 0.085893, 0.995559),
      ["LowerTorso"] = CFrame.new(0.000000, -1.516220, -1.001992, 1.000000, 0.000000, 0.000000, 0.000000, 0.098526, -0.995135, 0.000000, 0.995135, 0.098526),
      ["RightUpperArm"] = CFrame.new(-0.067373, -0.092356, 0.205193, 0.966334, -0.255925, 0.026470, 0.257291, 0.961218, -0.099303, -0.000029, 0.102770, 0.994705),
      ["RightUpperLeg"] = CFrame.new(0.052703, -0.015501, -0.247916, 0.894591, -0.446649, -0.014530, 0.446554, 0.892202, 0.067572, -0.017217, -0.066938, 0.997609)
    }},
    { Time = 0.233, Data = {
      ["Balls"] = CFrame.new(0.000000, -0.000002, 0.000000, 0.944488, -0.328546, 0.000000, 0.328546, 0.944488, 0.000000, 0.000000, 0.000000, 1.000000),
      ["Cock"] = CFrame.new(0.000000, 0.000000, 0.000000, 0.999929, -0.011912, 0.000000, 0.011912, 0.999929, 0.000000, 0.000000, 0.000000, 1.000000),
      ["Head"] = CFrame.new(0.000000, -0.000000, 0.000000, 1.000000, -0.000000, 0.000000, 0.000000, 0.803679, 0.595063, -0.000000, -0.595063, 0.803679),
      ["LeftUpperArm"] = CFrame.new(0.055819, -0.089502, 0.204626, 0.977025, 0.212007, -0.021798, -0.213124, 0.971889, -0.100052, -0.000027, 0.102399, 0.994743),
      ["LeftUpperLeg"] = CFrame.new(-0.041011, -0.197378, -0.019259, 0.917979, 0.396627, 0.001506, -0.394755, 0.914002, -0.093645, -0.038519, 0.085370, 0.995604),
      ["LowerTorso"] = CFrame.new(0.000000, -1.516007, -1.002018, 1.000000, 0.000000, 0.000000, 0.000000, 0.098062, -0.995180, 0.000000, 0.995180, 0.098062),
      ["RightUpperArm"] = CFrame.new(-0.067385, -0.092309, 0.204630, 0.966335, -0.255935, 0.026339, 0.257286, 0.961253, -0.098973, 0.000012, 0.102418, 0.994741),
      ["RightUpperLeg"] = CFrame.new(0.052683, -0.015461, -0.247910, 0.894631, -0.446564, -0.014710, 0.446474, 0.892211, 0.067972, -0.017229, -0.067377, 0.997579)
    }},
    { Time = 0.250, Data = {
      ["Balls"] = CFrame.new(0.000000, -0.000002, 0.000000, 0.945004, -0.327058, 0.000000, 0.327058, 0.945004, 0.000000, 0.000000, 0.000000, 1.000000),
      ["Cock"] = CFrame.new(0.000000, 0.000000, 0.000000, 0.999961, -0.008805, 0.000000, 0.008805, 0.999961, 0.000000, 0.000000, 0.000000, 1.000000),
      ["Head"] = CFrame.new(0.000000, 0.000000, 0.000000, 1.000000, -0.000000, 0.000000, 0.000000, 0.803138, 0.595794, -0.000000, -0.595794, 0.803138),
      ["LeftUpperArm"] = CFrame.new(0.055829, -0.089450, 0.204014, 0.977025, 0.212011, -0.021752, -0.213124, 0.971933, -0.099625, 0.000019, 0.101972, 0.994787),
      ["LeftUpperLeg"] = CFrame.new(-0.041013, -0.197379, -0.019292, 0.917975, 0.396634, 0.001780, -0.394757, 0.914049, -0.093175, -0.038583, 0.084829, 0.995648),
      ["LowerTorso"] = CFrame.new(0.000000, -1.515924, -1.002032, 1.000000, 0.000000, 0.000000, 0.000000, 0.097715, -0.995215, 0.000000, 0.995215, 0.097715),
      ["RightUpperArm"] = CFrame.new(-0.067398, -0.092258, 0.204016, 0.966336, -0.255945, 0.026198, 0.257282, 0.961297, -0.098558, 0.000041, 0.101980, 0.994786),
      ["RightUpperLeg"] = CFrame.new(0.052683, -0.015460, -0.247893, 0.894631, -0.446557, -0.014913, 0.446472, 0.892175, 0.068455, -0.017264, -0.067900, 0.997543)
    }},
    { Time = 0.267, Data = {
      ["Balls"] = CFrame.new(0.000000, -0.000002, 0.000000, 0.945462, -0.325734, 0.000000, 0.325734, 0.945462, 0.000000, 0.000000, 0.000000, 1.000000),
      ["Cock"] = CFrame.new(0.000000, 0.000000, 0.000000, 0.999985, -0.005525, 0.000000, 0.005525, 0.999985, 0.000000, 0.000000, 0.000000, 1.000000),
      ["Head"] = CFrame.new(0.000000, 0.000000, -0.000000, 1.000000, -0.000000, 0.000000, 0.000000, 0.802596, 0.596523, -0.000000, -0.596523, 0.802596),
      ["LeftUpperArm"] = CFrame.new(0.055841, -0.089397, 0.203374, 0.977026, 0.212021, -0.021620, -0.213120, 0.971976, -0.099207, -0.000020, 0.101535, 0.994832),
      ["LeftUpperLeg"] = CFrame.new(-0.041013, -0.197382, -0.019273, 0.917973, 0.396637, 0.001987, -0.394765, 0.914104, -0.092602, -0.038546, 0.084222, 0.995701),
      ["LowerTorso"] = CFrame.new(0.000000, -1.515741, -1.002056, 1.000000, 0.000000, 0.000000, 0.000000, 0.097251, -0.995260, 0.000000, 0.995260, 0.097251),
      ["RightUpperArm"] = CFrame.new(-0.067411, -0.092203, 0.203356, 0.966336, -0.255952, 0.026131, 0.257282, 0.961349, -0.098046, -0.000026, 0.101469, 0.994839),
      ["RightUpperLeg"] = CFrame.new(0.052683, -0.015460, -0.247885, 0.894631, -0.446550, -0.015096, 0.446471, 0.892145, 0.068855, -0.017279, -0.068340, 0.997512)
    }},
    { Time = 0.283, Data = {
      ["Balls"] = CFrame.new(0.000000, -0.000002, 0.000000, 0.945917, -0.324410, 0.000000, 0.324410, 0.945917, 0.000000, 0.000000, 0.000000, 1.000000),
      ["Cock"] = CFrame.new(0.000000, 0.000000, 0.000000, 0.999998, -0.002158, 0.000000, 0.002158, 0.999998, 0.000000, 0.000000, 0.000000, 1.000000),
      ["Head"] = CFrame.new(0.000000, -0.000000, -0.000000, 1.000000, -0.000000, 0.000000, 0.000000, 0.802107, 0.597180, -0.000000, -0.597180, 0.802107),
      ["LeftUpperArm"] = CFrame.new(0.055852, -0.089339, 0.202688, 0.977026, 0.212026, -0.021565, -0.213120, 0.972028, -0.098694, 0.000036, 0.101022, 0.994884),
      ["LeftUpperLeg"] = CFrame.new(-0.041014, -0.197386, -0.019263, 0.917971, 0.396640, 0.002176, -0.394771, 0.914150, -0.092114, -0.038526, 0.083699, 0.995746),
      ["LowerTorso"] = CFrame.new(0.000000, -1.515570, -1.002078, 1.000000, 0.000000, 0.000000, 0.000000, 0.096787, -0.995305, 0.000000, 0.995305, 0.096787),
      ["RightUpperArm"] = CFrame.new(-0.067425, -0.092148, 0.202690, 0.966338, -0.255962, 0.025990, 0.257278, 0.961393, -0.097631, 0.000003, 0.101031, 0.994883),
      ["RightUpperLeg"] = CFrame.new(0.052663, -0.015421, -0.247911, 0.894671, -0.446461, -0.015380, 0.446394, 0.892148, 0.069319, -0.017227, -0.068883, 0.997476)
    }},
    { Time = 0.300, Data = {
      ["Balls"] = CFrame.new(0.000000, -0.000002, 0.000000, 0.946342, -0.323168, 0.000000, 0.323168, 0.946342, 0.000000, 0.000000, 0.000000, 1.000000),
      ["Cock"] = CFrame.new(0.000000, 0.000000, 0.000000, 0.999999, 0.001467, 0.000000, -0.001467, 0.999999, -0.000000, -0.000000, 0.000000, 1.000000),
      ["Head"] = CFrame.new(0.000000, 0.000000, 0.000000, 1.000000, -0.000000, 0.000000, 0.000000, 0.801618, 0.597836, -0.000000, -0.597836, 0.801618),
      ["LeftUpperArm"] = CFrame.new(0.055865, -0.089279, 0.201976, 0.977027, 0.212036, -0.021423, -0.213116, 0.972080, -0.098190, 0.000006, 0.100500, 0.994937),
      ["LeftUpperLeg"] = CFrame.new(-0.040999, -0.197347, -0.019285, 0.918003, 0.396566, 0.002472, -0.394694, 0.914239, -0.091559, -0.038569, 0.083076, 0.995797),
      ["LowerTorso"] = CFrame.new(0.000000, -1.515412, -1.002099, 1.000000, 0.000000, 0.000000, 0.000000, 0.096323, -0.995350, 0.000000, 0.995350, 0.096323),
      ["RightUpperArm"] = CFrame.new(-0.067440, -0.092089, 0.201977, 0.966339, -0.255973, 0.025838, 0.257274, 0.961445, -0.097131, 0.000021, 0.100508, 0.994936),
      ["RightUpperLeg"] = CFrame.new(0.052663, -0.015420, -0.247894, 0.894671, -0.446454, -0.015583, 0.446392, 0.892111, 0.069802, -0.017262, -0.069406, 0.997439)
    }},
    { Time = 0.317, Data = {
      ["Balls"] = CFrame.new(0.000000, -0.000002, 0.000000, 0.946737, -0.322008, 0.000000, 0.322008, 0.946737, 0.000000, 0.000000, 0.000000, 1.000000),
      ["Cock"] = CFrame.new(0.000000, 0.000000, 0.000000, 0.999987, 0.005179, 0.000000, -0.005179, 0.999987, -0.000000, -0.000000, 0.000000, 1.000000),
      ["Head"] = CFrame.new(0.000000, 0.000000, -0.000000, 1.000000, -0.000000, 0.000000, 0.000000, 0.801237, 0.598347, -0.000000, -0.598347, 0.801237),
      ["LeftUpperArm"] = CFrame.new(0.055877, -0.089220, 0.201264, 0.977028, 0.212045, -0.021292, -0.213111, 0.972124, -0.097772, -0.000034, 0.100063, 0.994981),
      ["LeftUpperLeg"] = CFrame.new(-0.041000, -0.197352, -0.019257, 0.918001, 0.396569, 0.002696, -0.394704, 0.914301, -0.090902, -0.038514, 0.082384, 0.995856),
      ["LowerTorso"] = CFrame.new(0.000000, -1.515265, -1.002119, 1.000000, 0.000000, 0.000000, 0.000000, 0.095858, -0.995395, 0.000000, 0.995395, 0.095858),
      ["RightUpperArm"] = CFrame.new(-0.067477, -0.092034, 0.201246, 0.966316, -0.256064, 0.025775, 0.257358, 0.961474, -0.096618, -0.000042, 0.099997, 0.994988),
      ["RightUpperLeg"] = CFrame.new(0.052663, -0.015421, -0.247918, 0.894671, -0.446444, -0.015869, 0.446394, 0.892074, 0.070266, -0.017213, -0.069949, 0.997402)
    }},
    { Time = 0.333, Data = {
      ["Balls"] = CFrame.new(0.000000, -0.000001, 0.000000, 0.947103, -0.320931, 0.000000, 0.320931, 0.947103, 0.000000, 0.000000, 0.000000, 1.000000),
      ["Cock"] = CFrame.new(0.000000, 0.000000, 0.000000, 0.999960, 0.008977, 0.000000, -0.008977, 0.999960, -0.000000, -0.000000, 0.000000, 1.000000),
      ["Head"] = CFrame.new(0.000000, 0.000000, -0.000000, 1.000000, -0.000000, 0.000000, 0.000000, 0.800802, 0.598929, -0.000000, -0.598929, 0.800802),
      ["LeftUpperArm"] = CFrame.new(0.055890, -0.089155, 0.200489, 0.977028, 0.212052, -0.021227, -0.213111, 0.972184, -0.097173, 0.000031, 0.099465, 0.995041),
      ["LeftUpperLeg"] = CFrame.new(-0.041001, -0.197354, -0.019281, 0.917997, 0.396575, 0.002988, -0.394707, 0.914354, -0.090347, -0.038561, 0.081759, 0.995906),
      ["LowerTorso"] = CFrame.new(0.000000, -1.515014, -1.002149, 1.000000, 0.000000, 0.000000, 0.000000, 0.095278, -0.995451, 0.000000, 0.995451, 0.095278),
      ["RightUpperArm"] = CFrame.new(-0.067493, -0.091972, 0.200491, 0.966317, -0.256075, 0.025622, 0.257353, 0.961525, -0.096118, -0.000023, 0.099474, 0.995040),
      ["RightUpperLeg"] = CFrame.new(0.052643, -0.015381, -0.247902, 0.894711, -0.446357, -0.016069, 0.446313, 0.892076, 0.070750, -0.017245, -0.070472, 0.997365)
    }},
    { Time = 0.350, Data = {
      ["Balls"] = CFrame.new(0.000000, -0.000001, 0.000000, 0.947411, -0.320020, 0.000000, 0.320020, 0.947411, 0.000000, 0.000000, 0.000000, 1.000000),
      ["Cock"] = CFrame.new(0.000000, 0.000000, 0.000000, 0.999916, 0.012948, 0.000000, -0.012948, 0.999916, -0.000000, -0.000000, 0.000000, 1.000000),
      ["Head"] = CFrame.new(0.000000, 0.000000, 0.000000, 1.000000, -0.000000, 0.000000, 0.000000, 0.800475, 0.599367, -0.000000, -0.599367, 0.800475),
      ["LeftUpperArm"] = CFrame.new(0.055903, -0.089091, 0.199715, 0.977029, 0.212061, -0.021086, -0.213107, 0.972235, -0.096669, 0.000001, 0.098942, 0.995093),
      ["LeftUpperLeg"] = CFrame.new(-0.041003, -0.197357, -0.019295, 0.917994, 0.396581, 0.003296, -0.394713, 0.914415, -0.089708, -0.038591, 0.081050, 0.995963),
      ["LowerTorso"] = CFrame.new(0.000000, -1.514888, -1.002166, 1.000000, 0.000000, 0.000000, 0.000000, 0.094813, -0.995495, 0.000000, 0.995495, 0.094813),
      ["RightUpperArm"] = CFrame.new(-0.067509, -0.091908, 0.199716, 0.966318, -0.256086, 0.025470, 0.257349, 0.961576, -0.095617, -0.000005, 0.098951, 0.995092),
      ["RightUpperLeg"] = CFrame.new(0.052643, -0.015381, -0.247917, 0.894711, -0.446345, -0.016376, 0.446314, 0.892032, 0.071297, -0.017215, -0.071099, 0.997321)
    }},
    { Time = 0.367, Data = {
      ["Balls"] = CFrame.new(0.000000, -0.000001, 0.000000, 0.947718, -0.319108, 0.000000, 0.319108, 0.947718, 0.000000, 0.000000, 0.000000, 1.000000),
      ["Cock"] = CFrame.new(0.000000, 0.000000, 0.000000, 0.999855, 0.017005, 0.000000, -0.017005, 0.999855, -0.000000, -0.000000, 0.000000, 1.000000),
      ["Head"] = CFrame.new(0.000000, -0.000000, 0.000000, 1.000000, -0.000000, 0.000000, 0.000000, 0.800147, 0.599804, -0.000000, -0.599804, 0.800147),
      ["LeftUpperArm"] = CFrame.new(0.055918, -0.089025, 0.198924, 0.977030, 0.212071, -0.020945, -0.213103, 0.972286, -0.096166, -0.000029, 0.098420, 0.995145),
      ["LeftUpperLeg"] = CFrame.new(-0.041004, -0.197362, -0.019268, 0.917992, 0.396584, 0.003521, -0.394723, 0.914475, -0.089051, -0.038536, 0.080358, 0.996021),
      ["LowerTorso"] = CFrame.new(0.000000, -1.514655, -1.002194, 1.000000, 0.000000, 0.000000, 0.000000, 0.094232, -0.995550, 0.000000, 0.995550, 0.094232),
      ["RightUpperArm"] = CFrame.new(-0.067526, -0.091842, 0.198925, 0.966320, -0.256097, 0.025318, 0.257345, 0.961627, -0.095117, 0.000013, 0.098428, 0.995144),
      ["RightUpperLeg"] = CFrame.new(0.052643, -0.015380, -0.247890, 0.894711, -0.446337, -0.016598, 0.446312, 0.891987, 0.071864, -0.017270, -0.071705, 0.997276)
    }},
    { Time = 0.383, Data = {
      ["Balls"] = CFrame.new(0.000000, -0.000001, 0.000000, 0.947969, -0.318362, 0.000000, 0.318362, 0.947969, 0.000000, 0.000000, 0.000000, 1.000000),
      ["Cock"] = CFrame.new(0.000000, 0.000000, 0.000000, 0.999775, 0.021234, 0.000000, -0.021234, 0.999775, -0.000000, -0.000000, 0.000000, 1.000000),
      ["Head"] = CFrame.new(0.000000, 0.000000, -0.000000, 1.000000, -0.000000, 0.000000, 0.000000, 0.799820, 0.600240, -0.000000, -0.600240, 0.799820),
      ["LeftUpperArm"] = CFrame.new(0.055931, -0.088956, 0.198097, 0.977030, 0.212078, -0.020881, -0.213103, 0.972345, -0.095567, 0.000036, 0.097822, 0.995204),
      ["LeftUpperLeg"] = CFrame.new(-0.041006, -0.197365, -0.019274, 0.917988, 0.396589, 0.003847, -0.394730, 0.914542, -0.088327, -0.038548, 0.079565, 0.996084),
      ["LowerTorso"] = CFrame.new(0.000000, -1.514431, -1.002221, 1.000000, 0.000000, 0.000000, 0.000000, 0.093651, -0.995605, 0.000000, 0.995605, 0.093651),
      ["RightUpperArm"] = CFrame.new(-0.067543, -0.091774, 0.198096, 0.966321, -0.256109, 0.025154, 0.257341, 0.961686, -0.094531, 0.000020, 0.097820, 0.995204),
      ["RightUpperLeg"] = CFrame.new(0.052623, -0.015341, -0.247906, 0.894751, -0.446246, -0.016902, 0.446233, 0.891982, 0.072412, -0.017238, -0.072333, 0.997232)
    }},
    { Time = 0.400, Data = {
      ["Balls"] = CFrame.new(0.000000, -0.000001, 0.000000, 0.948192, -0.317698, 0.000000, 0.317698, 0.948192, 0.000000, 0.000000, 0.000000, 1.000000),
      ["Cock"] = CFrame.new(0.000000, 0.000000, 0.000000, 0.999676, 0.025463, 0.000000, -0.025463, 0.999676, -0.000000, -0.000000, 0.000000, 1.000000),
      ["Head"] = CFrame.new(0.000000, -0.000000, -0.000000, 1.000000, -0.000000, 0.000000, 0.000000, 0.799601, 0.600531, -0.000000, -0.600531, 0.799601),
      ["LeftUpperArm"] = CFrame.new(0.055946, -0.088886, 0.197254, 0.977031, 0.212088, -0.020730, -0.213099, 0.972403, -0.094978, 0.000015, 0.097214, 0.995264),
      ["LeftUpperLeg"] = CFrame.new(-0.041008, -0.197368, -0.019289, 0.917984, 0.396595, 0.004156, -0.394736, 0.914601, -0.087687, -0.038578, 0.078855, 0.996139),
      ["LowerTorso"] = CFrame.new(0.000000, -1.514330, -1.002236, 1.000000, 0.000000, 0.000000, 0.000000, 0.093186, -0.995649, 0.000000, 0.995649, 0.093186),
      ["RightUpperArm"] = CFrame.new(-0.067560, -0.091705, 0.197253, 0.966322, -0.256121, 0.024990, 0.257337, 0.961744, -0.093945, 0.000027, 0.097212, 0.995264),
      ["RightUpperLeg"] = CFrame.new(0.052623, -0.015342, -0.247921, 0.894751, -0.446235, -0.017208, 0.446235, 0.891937, 0.072959, -0.017208, -0.072959, 0.997186)
    }},
    { Time = 0.417, Data = {
      ["Balls"] = CFrame.new(0.000000, -0.000001, 0.000000, 0.948386, -0.317118, 0.000000, 0.317118, 0.948386, 0.000000, 0.000000, 0.000000, 1.000000),
      ["Cock"] = CFrame.new(0.000000, 0.000000, 0.000000, 0.999557, 0.029778, 0.000000, -0.029778, 0.999557, -0.000000, -0.000000, 0.000000, 1.000000),
      ["Head"] = CFrame.new(0.000000, -0.000000, 0.000000, 1.000000, -0.000000, 0.000000, 0.000000, 0.799383, 0.600822, -0.000000, -0.600822, 0.799383),
      ["LeftUpperArm"] = CFrame.new(0.055960, -0.088815, 0.196399, 0.977032, 0.212099, -0.020580, -0.213095, 0.972462, -0.094388, -0.000006, 0.096606, 0.995323),
      ["LeftUpperLeg"] = CFrame.new(-0.041009, -0.197374, -0.019253, 0.917982, 0.396597, 0.004398, -0.394748, 0.914666, -0.086946, -0.038505, 0.078079, 0.996203),
      ["LowerTorso"] = CFrame.new(0.000000, -1.514118, -1.002262, 1.000000, 0.000000, 0.000000, 0.000000, 0.092605, -0.995703, 0.000000, 0.995703, 0.092605),
      ["RightUpperArm"] = CFrame.new(-0.067578, -0.091634, 0.196398, 0.966323, -0.256132, 0.024827, 0.257333, 0.961802, -0.093359, 0.000034, 0.096604, 0.995323),
      ["RightUpperLeg"] = CFrame.new(0.052624, -0.015342, -0.247935, 0.894751, -0.446223, -0.017515, 0.446236, 0.891892, 0.073506, -0.017179, -0.073586, 0.997141)
    }},
    { Time = 0.433, Data = {
      ["Balls"] = CFrame.new(0.000000, -0.000001, 0.000000, 0.948552, -0.316620, 0.000000, 0.316620, 0.948552, 0.000000, 0.000000, 0.000000, 1.000000),
      ["Cock"] = CFrame.new(0.000000, 0.000000, 0.000000, 0.999416, 0.034179, 0.000000, -0.034179, 0.999416, -0.000000, -0.000000, 0.000000, 1.000000),
      ["Head"] = CFrame.new(0.000000, -0.000000, 0.000000, 1.000000, -0.000000, 0.000000, 0.000000, 0.799164, 0.601113, -0.000000, -0.601113, 0.799164),
      ["LeftUpperArm"] = CFrame.new(0.055975, -0.088743, 0.195535, 0.977032, 0.212109, -0.020430, -0.213091, 0.972519, -0.093799, -0.000027, 0.095998, 0.995382),
      ["LeftUpperLeg"] = CFrame.new(-0.041011, -0.197377, -0.019267, 0.917979, 0.396602, 0.004707, -0.394754, 0.914724, -0.086307, -0.038535, 0.077370, 0.996257),
      ["LowerTorso"] = CFrame.new(0.000000, -1.513911, -1.002286, 1.000000, 0.000000, 0.000000, 0.000000, 0.092024, -0.995757, 0.000000, 0.995757, 0.092024),
      ["RightUpperArm"] = CFrame.new(-0.067595, -0.091563, 0.195536, 0.966323, -0.256140, 0.024749, 0.257333, 0.961860, -0.092762, -0.000045, 0.096007, 0.995381),
      ["RightUpperLeg"] = CFrame.new(0.052604, -0.015302, -0.247910, 0.894790, -0.446135, -0.017734, 0.446154, 0.891885, 0.074074, -0.017230, -0.074193, 0.997095)
    }},
    { Time = 0.450, Data = {
      ["Balls"] = CFrame.new(0.000000, -0.000001, 0.000000, 0.948663, -0.316288, 0.000000, 0.316288, 0.948663, 0.000000, 0.000000, 0.000000, 1.000000),
      ["Cock"] = CFrame.new(0.000000, 0.000000, 0.000000, 0.999256, 0.038579, 0.000000, -0.038579, 0.999256, -0.000000, -0.000000, 0.000000, 1.000000),
      ["Head"] = CFrame.new(0.000000, 0.000000, 0.000000, 1.000000, -0.000000, 0.000000, 0.000000, 0.799054, 0.601259, -0.000000, -0.601259, 0.799054),
      ["LeftUpperArm"] = CFrame.new(0.055990, -0.088670, 0.194665, 0.977032, 0.212115, -0.020365, -0.213091, 0.972577, -0.093200, 0.000038, 0.095399, 0.995439),
      ["LeftUpperLeg"] = CFrame.new(-0.041013, -0.197381, -0.019273, 0.917975, 0.396607, 0.005033, -0.394761, 0.914789, -0.085583, -0.038547, 0.076576, 0.996318),
      ["LowerTorso"] = CFrame.new(0.000000, -1.513709, -1.002310, 1.000000, 0.000000, 0.000000, 0.000000, 0.091442, -0.995810, 0.000000, 0.995810, 0.091442),
      ["RightUpperArm"] = CFrame.new(-0.067613, -0.091492, 0.194664, 0.966324, -0.256152, 0.024585, 0.257329, 0.961918, -0.092176, -0.000038, 0.095399, 0.995439),
      ["RightUpperLeg"] = CFrame.new(0.052604, -0.015302, -0.247914, 0.894790, -0.446122, -0.018060, 0.446155, 0.891832, 0.074705, -0.017221, -0.074903, 0.997042)
    }},
    { Time = 0.467, Data = {
      ["Balls"] = CFrame.new(0.000000, -0.000001, 0.000000, 0.948774, -0.315956, 0.000000, 0.315956, 0.948774, 0.000000, 0.000000, 0.000000, 1.000000),
      ["Cock"] = CFrame.new(0.000000, 0.000000, 0.000000, 0.999072, 0.043065, 0.000000, -0.043065, 0.999072, -0.000000, -0.000000, 0.000000, 1.000000),
      ["Head"] = CFrame.new(0.000000, 0.000000, -0.000000, 1.000000, -0.000000, 0.000000, 0.000000, 0.798945, 0.601404, -0.000000, -0.601404, 0.798945),
      ["LeftUpperArm"] = CFrame.new(0.056005, -0.088598, 0.193787, 0.977033, 0.212126, -0.020215, -0.213087, 0.972634, -0.092611, 0.000017, 0.094791, 0.995497),
      ["LeftUpperLeg"] = CFrame.new(-0.041015, -0.197384, -0.019280, 0.917971, 0.396611, 0.005360, -0.394769, 0.914853, -0.084859, -0.038559, 0.075782, 0.996379),
      ["LowerTorso"] = CFrame.new(0.000000, -1.513394, -1.002344, 1.000000, 0.000000, 0.000000, 0.000000, 0.090744, -0.995874, 0.000000, 0.995874, 0.090744),
      ["RightUpperArm"] = CFrame.new(-0.067631, -0.091420, 0.193786, 0.966325, -0.256163, 0.024421, 0.257325, 0.961975, -0.091590, -0.000031, 0.094790, 0.995497),
      ["RightUpperLeg"] = CFrame.new(0.052604, -0.015302, -0.247929, 0.894790, -0.446109, -0.018367, 0.446156, 0.891786, 0.075252, -0.017191, -0.075529, 0.996995)
    }},
    { Time = 0.483, Data = {
      ["Balls"] = CFrame.new(0.000000, -0.000001, 0.000000, 0.948829, -0.315790, 0.000000, 0.315790, 0.948829, 0.000000, 0.000000, 0.000000, 1.000000),
      ["Cock"] = CFrame.new(0.000000, 0.000000, 0.000000, 0.998869, 0.047550, 0.000000, -0.047550, 0.998869, -0.000000, -0.000000, 0.000000, 1.000000),
      ["Head"] = CFrame.new(0.000000, 0.000000, -0.000000, 1.000000, -0.000000, 0.000000, 0.000000, 0.798890, 0.601477, -0.000000, -0.601477, 0.798890),
      ["LeftUpperArm"] = CFrame.new(0.056020, -0.088525, 0.192905, 0.977034, 0.212136, -0.020065, -0.213083, 0.972691, -0.092021, -0.000004, 0.094183, 0.995555),
      ["LeftUpperLeg"] = CFrame.new(-0.040999, -0.197348, -0.019284, 0.918002, 0.396535, 0.005690, -0.394696, 0.914952, -0.084135, -0.038568, 0.074990, 0.996438),
      ["LowerTorso"] = CFrame.new(0.000000, -1.513196, -1.002367, 1.000000, 0.000000, 0.000000, 0.000000, 0.090161, -0.995927, 0.000000, 0.995927, 0.090161),
      ["RightUpperArm"] = CFrame.new(-0.067650, -0.091348, 0.192904, 0.966326, -0.256175, 0.024258, 0.257321, 0.962031, -0.091005, -0.000024, 0.094182, 0.995555),
      ["RightUpperLeg"] = CFrame.new(0.052584, -0.015264, -0.247945, 0.894830, -0.446018, -0.018670, 0.446078, 0.891778, 0.075800, -0.017159, -0.076157, 0.996948)
    }},
    { Time = 0.500, Data = {
      ["Balls"] = CFrame.new(-0.000000, 0.000000, 0.000000, 0.948829, -0.315790, 0.000000, 0.315790, 0.948829, 0.000000, 0.000000, 0.000000, 1.000000),
      ["Cock"] = CFrame.new(0.000000, 0.000000, 0.000000, 0.998645, 0.052035, 0.000000, -0.052035, 0.998645, -0.000000, -0.000000, 0.000000, 1.000000),
      ["Head"] = CFrame.new(0.000000, 0.000000, -0.000000, 1.000000, -0.000000, 0.000000, 0.000000, 0.798890, 0.601477, -0.000000, -0.601477, 0.798890),
      ["LeftUpperArm"] = CFrame.new(0.056036, -0.088452, 0.192021, 0.977035, 0.212146, -0.019915, -0.213079, 0.972748, -0.091432, -0.000025, 0.093575, 0.995612),
      ["LeftUpperLeg"] = CFrame.new(-0.041001, -0.197352, -0.019290, 0.917998, 0.396539, 0.006016, -0.394704, 0.915014, -0.083411, -0.038580, 0.074196, 0.996497),
