return {
  ["Astros hump 20"] = {
    { Time = 0.000, Data = {
      ["Balls"] = CFrame.new(-0.000000, -0.000001, 0.000000, 0.975354, 0.220648, 0.000000, -0.220648, 0.975354, -0.000000, -0.000000, 0.000000, 1.000000),
      ["Cock"] = CFrame.new(0.000000, 0.000000, 0.000000, 0.999682, 0.025204, 0.000000, -0.025204, 0.999682, -0.000000, -0.000000, 0.000000, 1.000000),
      ["Head"] = CFrame.new(0.000000, -0.000000, 0.000000, 1.000000, -0.000000, 0.000000, 0.000000, 0.982294, 0.187347, -0.000000, -0.187347, 0.982294),
      ["LeftUpperArm"] = CFrame.new(-0.000086, -1.068374, 0.059521, 0.992428, -0.000154, -0.122826, -0.121568, -0.143977, -0.982086, -0.017533, 0.989581, -0.142905),
      ["LeftUpperLeg"] = CFrame.new(-0.000220, -0.381584, -0.609222, 1.000000, -0.000000, 0.000000, 0.000000, 0.128638, 0.991692, -0.000000, -0.991692, 0.128638),
      ["LowerTorso"] = CFrame.new(0.000023, -1.192684, -1.188751, -1.000000, -0.000024, 0.000431, 0.000024, 0.994038, 0.109034, -0.000431, 0.109034, -0.994038),
      ["RightUpperArm"] = CFrame.new(0.010542, -1.019087, 0.181264, 0.994068, 0.040083, 0.101105, 0.103785, -0.071653, -0.992015, -0.032518, 0.996624, -0.075388),
      ["RightUpperLeg"] = CFrame.new(-0.000221, -0.381602, -0.609205, 1.000000, -0.000000, 0.000000, 0.000000, 0.128638, 0.991692, -0.000000, -0.991692, 0.128638)
    }},
    { Time = 0.017, Data = {
      ["Balls"] = CFrame.new(-0.000001, -0.000002, 0.000000, 0.981256, 0.192711, 0.000000, -0.192711, 0.981256, -0.000000, -0.000000, 0.000000, 1.000000),
      ["Cock"] = CFrame.new(-0.000000, 0.000000, 0.000000, 0.999678, 0.025377, 0.000000, -0.025377, 0.999678, -0.000000, -0.000000, 0.000000, 1.000000),
      ["Head"] = CFrame.new(0.000000, -0.000000, 0.000000, 1.000000, -0.000000, 0.000000, 0.000000, 0.983428, 0.181297, -0.000000, -0.181297, 0.983428),
      ["LeftUpperArm"] = CFrame.new(-0.000052, -1.068405, 0.059918, 0.992427, -0.000026, -0.122835, -0.121560, -0.143871, -0.982102, -0.017647, 0.989597, -0.142784),
      ["LeftUpperLeg"] = CFrame.new(-0.000220, -0.381631, -0.608738, 1.000000, -0.000000, 0.000000, 0.000000, 0.128752, 0.991677, -0.000000, -0.991677, 0.128752),
      ["LowerTorso"] = CFrame.new(0.000023, -1.192675, -1.188183, -1.000000, -0.000024, 0.000431, 0.000024, 0.994029, 0.109120, -0.000431, 0.109120, -0.994028),
      ["RightUpperArm"] = CFrame.new(0.010508, -1.019117, 0.181661, 0.994072, 0.039955, 0.101112, 0.103779, -0.071544, -0.992024, -0.032402, 0.996637, -0.075267),
      ["RightUpperLeg"] = CFrame.new(-0.000221, -0.381650, -0.608721, 1.000000, -0.000000, 0.000000, 0.000000, 0.128752, 0.991677, -0.000000, -0.991677, 0.128752)
    }},
    { Time = 0.033, Data = {
      ["Balls"] = CFrame.new(-0.000001, -0.000002, 0.000000, 0.986308, 0.164912, 0.000000, -0.164912, 0.986308, -0.000000, -0.000000, 0.000000, 1.000000),
      ["Cock"] = CFrame.new(-0.000000, 0.000000, 0.000000, 0.999662, 0.025981, 0.000000, -0.025981, 0.999662, -0.000000, -0.000000, 0.000000, 1.000000),
      ["Head"] = CFrame.new(0.000000, 0.000000, 0.000000, 1.000000, -0.000000, 0.000000, 0.000000, 0.984495, 0.175413, -0.000000, -0.175413, 0.984495),
      ["LeftUpperArm"] = CFrame.new(0.000048, -1.068527, 0.061100, 0.992424, 0.000353, -0.122861, -0.121536, -0.143666, -0.982135, -0.017998, 0.989626, -0.142535),
      ["LeftUpperLeg"] = CFrame.new(-0.000220, -0.381772, -0.607291, 1.000000, -0.000000, 0.000000, 0.000000, 0.129094, 0.991632, -0.000000, -0.991632, 0.129094),
      ["LowerTorso"] = CFrame.new(0.000024, -1.192637, -1.186577, -1.000000, -0.000024, 0.000431, 0.000024, 0.993991, 0.109464, -0.000431, 0.109464, -0.993991),
      ["RightUpperArm"] = CFrame.new(0.010361, -1.019242, 0.182845, 0.994098, 0.039394, 0.101076, 0.103695, -0.071352, -0.992047, -0.031868, 0.996673, -0.075016),
      ["RightUpperLeg"] = CFrame.new(-0.000220, -0.381791, -0.607274, 1.000000, -0.000000, 0.000000, 0.000000, 0.129094, 0.991632, -0.000000, -0.991632, 0.129094)
    }},
    { Time = 0.050, Data = {
      ["Balls"] = CFrame.new(-0.000001, -0.000002, 0.000000, 0.990498, 0.137528, 0.000000, -0.137528, 0.990498, -0.000000, -0.000000, 0.000000, 1.000000),
      ["Cock"] = CFrame.new(0.000000, 0.000000, 0.000000, 0.999635, 0.027016, 0.000000, -0.027016, 0.999635, -0.000000, -0.000000, 0.000000, 1.000000),
      ["Head"] = CFrame.new(0.000000, -0.000000, 0.000000, 1.000000, -0.000000, 0.000000, 0.000000, 0.985511, 0.169609, -0.000000, -0.169609, 0.985511),
      ["LeftUpperArm"] = CFrame.new(0.000234, -1.068679, 0.063063, 0.992425, 0.001061, -0.122848, -0.121432, -0.143144, -0.982224, -0.018627, 0.989701, -0.141931),
      ["LeftUpperLeg"] = CFrame.new(-0.000219, -0.382005, -0.604896, 1.000000, -0.000000, 0.000000, 0.000000, 0.129550, 0.991573, -0.000000, -0.991573, 0.129550),
      ["LowerTorso"] = CFrame.new(0.000024, -1.192580, -1.183866, -1.000000, -0.000024, 0.000431, 0.000024, 0.993934, 0.109980, -0.000431, 0.109980, -0.993934),
      ["RightUpperArm"] = CFrame.new(0.010133, -1.019455, 0.184803, 0.994129, 0.038524, 0.101115, 0.103659, -0.071059, -0.992071, -0.031033, 0.996728, -0.074635),
      ["RightUpperLeg"] = CFrame.new(-0.000219, -0.382024, -0.604879, 1.000000, -0.000000, 0.000000, 0.000000, 0.129550, 0.991573, -0.000000, -0.991573, 0.129550)
    }},
    { Time = 0.067, Data = {
      ["Balls"] = CFrame.new(-0.000001, -0.000002, 0.000000, 0.993810, 0.111097, 0.000000, -0.111097, 0.993810, -0.000000, -0.000000, 0.000000, 1.000000),
      ["Cock"] = CFrame.new(0.000000, 0.000000, 0.000000, 0.999597, 0.028397, 0.000000, -0.028397, 0.999597, -0.000000, -0.000000, 0.000000, 1.000000),
      ["Head"] = CFrame.new(0.000000, 0.000000, 0.000000, 1.000000, -0.000000, 0.000000, 0.000000, 0.986465, 0.163972, -0.000000, -0.163972, 0.986465),
      ["LeftUpperArm"] = CFrame.new(0.000505, -1.068919, 0.065777, 0.992430, 0.002084, -0.122796, -0.121248, -0.142529, -0.982336, -0.019549, 0.989789, -0.141197),
      ["LeftUpperLeg"] = CFrame.new(-0.000217, -0.382328, -0.601581, 1.000000, -0.000000, 0.000000, 0.000000, 0.130233, 0.991483, -0.000000, -0.991483, 0.130233),
      ["LowerTorso"] = CFrame.new(0.000024, -1.192503, -1.180086, -1.000000, -0.000024, 0.000431, 0.000024, 0.993858, 0.110667, -0.000431, 0.110667, -0.993857),
      ["RightUpperArm"] = CFrame.new(0.009838, -1.019722, 0.187514, 0.994166, 0.037399, 0.101167, 0.103612, -0.070547, -0.992113, -0.029967, 0.996807, -0.074010),
      ["RightUpperLeg"] = CFrame.new(-0.000218, -0.382347, -0.601564, 1.000000, -0.000000, 0.000000, 0.000000, 0.130233, 0.991483, -0.000000, -0.991483, 0.130233)
    }},
    { Time = 0.083, Data = {
      ["Balls"] = CFrame.new(-0.000000, -0.000002, 0.000000, 0.996319, 0.085725, 0.000000, -0.085725, 0.996319, -0.000000, -0.000000, 0.000000, 1.000000),
      ["Cock"] = CFrame.new(0.000000, 0.000000, 0.000000, 0.999546, 0.030123, 0.000000, -0.030123, 0.999546, -0.000000, -0.000000, 0.000000, 1.000000),
      ["Head"] = CFrame.new(0.000000, 0.000000, 0.000000, 1.000000, -0.000000, 0.000000, 0.000000, 0.987345, 0.158587, -0.000000, -0.158587, 0.987345),
      ["LeftUpperArm"] = CFrame.new(0.000826, -1.069208, 0.069216, 0.992424, 0.003299, -0.122816, -0.121114, -0.141693, -0.982474, -0.020644, 0.989905, -0.140220),
      ["LeftUpperLeg"] = CFrame.new(-0.000216, -0.382737, -0.597381, 1.000000, -0.000000, 0.000000, 0.000000, 0.131143, 0.991363, -0.000000, -0.991363, 0.131143),
      ["LowerTorso"] = CFrame.new(0.000024, -1.192398, -1.175372, -1.000000, -0.000024, 0.000431, 0.000024, 0.993752, 0.111612, -0.000431, 0.111612, -0.993752),
      ["RightUpperArm"] = CFrame.new(0.009447, -1.020105, 0.190946, 0.994227, 0.035905, 0.101110, 0.103430, -0.070067, -0.992166, -0.028539, 0.996896, -0.073377),
      ["RightUpperLeg"] = CFrame.new(-0.000216, -0.382756, -0.597364, 1.000000, -0.000000, 0.000000, 0.000000, 0.131143, 0.991363, -0.000000, -0.991363, 0.131143)
    }},
    { Time = 0.100, Data = {
      ["Balls"] = CFrame.new(-0.000000, -0.000002, 0.000000, 0.998090, 0.061777, 0.000000, -0.061777, 0.998090, -0.000000, -0.000000, 0.000000, 1.000000),
      ["Cock"] = CFrame.new(0.000000, 0.000000, 0.000000, 0.999482, 0.032194, 0.000000, -0.032194, 0.999482, -0.000000, -0.000000, 0.000000, 1.000000),
      ["Head"] = CFrame.new(0.000000, 0.000000, 0.000000, 1.000000, -0.000000, 0.000000, 0.000000, 0.988142, 0.153541, -0.000000, -0.153541, 0.988142),
      ["LeftUpperArm"] = CFrame.new(0.001215, -1.069574, 0.073339, 0.992429, 0.004773, -0.122731, -0.120843, -0.140764, -0.982640, -0.021966, 0.990032, -0.139121),
      ["LeftUpperLeg"] = CFrame.new(-0.000214, -0.383228, -0.592342, 1.000000, -0.000000, 0.000000, 0.000000, 0.132167, 0.991228, -0.000000, -0.991228, 0.132167),
      ["LowerTorso"] = CFrame.new(0.000024, -1.192272, -1.169698, -1.000000, -0.000024, 0.000431, 0.000024, 0.993626, 0.112729, -0.000431, 0.112729, -0.993626),
      ["RightUpperArm"] = CFrame.new(0.008989, -1.020529, 0.195065, 0.994281, 0.034159, 0.101186, 0.103360, -0.069360, -0.992223, -0.026875, 0.997007, -0.072494),
      ["RightUpperLeg"] = CFrame.new(-0.000214, -0.383247, -0.592325, 1.000000, -0.000000, 0.000000, 0.000000, 0.132167, 0.991228, -0.000000, -0.991228, 0.132167)
    }},
    { Time = 0.117, Data = {
      ["Balls"] = CFrame.new(-0.000000, -0.000002, 0.000000, 0.999215, 0.039614, 0.000000, -0.039614, 0.999215, -0.000000, -0.000000, 0.000000, 1.000000),
      ["Cock"] = CFrame.new(0.000000, 0.000000, 0.000000, 0.999401, 0.034610, 0.000000, -0.034610, 0.999401, -0.000000, -0.000000, 0.000000, 1.000000),
      ["Head"] = CFrame.new(0.000000, 0.000000, -0.000000, 1.000000, -0.000000, 0.000000, 0.000000, 0.988862, 0.148835, -0.000000, -0.148835, 0.988862),
      ["LeftUpperArm"] = CFrame.new(0.001655, -1.069976, 0.078105, 0.992421, 0.006439, -0.122717, -0.120625, -0.139613, -0.982832, -0.023462, 0.990185, -0.137778),
      ["LeftUpperLeg"] = CFrame.new(-0.000211, -0.383796, -0.586520, 1.000000, -0.000000, 0.000000, 0.000000, 0.133418, 0.991060, -0.000000, -0.991060, 0.133418),
      ["LowerTorso"] = CFrame.new(0.000025, -1.192135, -1.163055, -1.000000, -0.000025, 0.000431, 0.000025, 0.993489, 0.113932, -0.000431, 0.113932, -0.993488),
      ["RightUpperArm"] = CFrame.new(0.008449, -1.021025, 0.199823, 0.994359, 0.032097, 0.101092, 0.103096, -0.068565, -0.992306, -0.024919, 0.997130, -0.071487),
      ["RightUpperLeg"] = CFrame.new(-0.000212, -0.383815, -0.586503, 1.000000, -0.000000, 0.000000, 0.000000, 0.133418, 0.991060, -0.000000, -0.991060, 0.133418)
    }},
    { Time = 0.133, Data = {
      ["Balls"] = CFrame.new(-0.000000, -0.000002, 0.000000, 0.999813, 0.019335, 0.000000, -0.019335, 0.999813, -0.000000, -0.000000, 0.000000, 1.000000),
      ["Cock"] = CFrame.new(0.000000, 0.000000, 0.000000, 0.999301, 0.037371, 0.000000, -0.037371, 0.999301, -0.000000, -0.000000, 0.000000, 1.000000),
      ["Head"] = CFrame.new(0.000000, -0.000000, 0.000000, 1.000000, -0.000000, 0.000000, 0.000000, 0.989497, 0.144554, -0.000000, -0.144554, 0.989497),
      ["LeftUpperArm"] = CFrame.new(0.002178, -1.070441, 0.083456, 0.992413, 0.008421, -0.122660, -0.120328, -0.138367, -0.983044, -0.025250, 0.990346, -0.136304),
      ["LeftUpperLeg"] = CFrame.new(-0.000209, -0.384433, -0.579978, 1.000000, -0.000000, 0.000000, 0.000000, 0.134781, 0.990875, -0.000000, -0.990875, 0.134781),
      ["LowerTorso"] = CFrame.new(0.000025, -1.191966, -1.155700, -1.000000, -0.000025, 0.000431, 0.000025, 0.993320, 0.115392, -0.000431, 0.115392, -0.993320),
      ["RightUpperArm"] = CFrame.new(0.007844, -1.021578, 0.205168, 0.994427, 0.029790, 0.101127, 0.102946, -0.067657, -0.992383, -0.022721, 0.997264, -0.070346),
      ["RightUpperLeg"] = CFrame.new(-0.000209, -0.384452, -0.579962, 1.000000, -0.000000, 0.000000, 0.000000, 0.134781, 0.990875, -0.000000, -0.990875, 0.134781)
    }},
    { Time = 0.150, Data = {
      ["Balls"] = CFrame.new(-0.000000, -0.000002, 0.000000, 0.999999, 0.001381, 0.000000, -0.001381, 0.999999, -0.000000, -0.000000, 0.000000, 1.000000),
      ["Cock"] = CFrame.new(0.000000, 0.000000, 0.000000, 0.999187, 0.040304, 0.000000, -0.040304, 0.999187, -0.000000, -0.000000, 0.000000, 1.000000),
      ["Head"] = CFrame.new(0.000000, -0.000000, 0.000000, 1.000000, -0.000000, 0.000000, 0.000000, 0.990040, 0.140785, -0.000000, -0.140785, 0.990040),
      ["LeftUpperArm"] = CFrame.new(0.002737, -1.070925, 0.089340, 0.992399, 0.010538, -0.122608, -0.120028, -0.136896, -0.983287, -0.027146, 0.990529, -0.134591),
      ["LeftUpperLeg"] = CFrame.new(-0.000206, -0.385134, -0.572789, 1.000000, -0.000000, 0.000000, 0.000000, 0.136256, 0.990674, -0.000000, -0.990674, 0.136256),
      ["LowerTorso"] = CFrame.new(0.000025, -1.191785, -1.147557, -1.000000, -0.000025, 0.000431, 0.000025, 0.993139, 0.116938, -0.000431, 0.116938, -0.993139),
      ["RightUpperArm"] = CFrame.new(0.007190, -1.022183, 0.211040, 0.994501, 0.027291, 0.101107, 0.102730, -0.066643, -0.992474, -0.020348, 0.997404, -0.069080),
      ["RightUpperLeg"] = CFrame.new(-0.000206, -0.385152, -0.572772, 1.000000, -0.000000, 0.000000, 0.000000, 0.136256, 0.990674, -0.000000, -0.990674, 0.136256)
    }},
    { Time = 0.167, Data = {
      ["Balls"] = CFrame.new(-0.000000, -0.000002, 0.000000, 0.999899, -0.014243, 0.000000, 0.014243, 0.999899, 0.000000, 0.000000, 0.000000, 1.000000),
      ["Cock"] = CFrame.new(0.000000, 0.000000, 0.000000, 0.999054, 0.043496, 0.000000, -0.043496, 0.999054, -0.000000, -0.000000, 0.000000, 1.000000),
      ["Head"] = CFrame.new(0.000000, -0.000000, 0.000000, 1.000000, -0.000000, 0.000000, 0.000000, 0.990498, 0.137528, -0.000000, -0.137528, 0.990498),
      ["LeftUpperArm"] = CFrame.new(0.003329, -1.071479, 0.095683, 0.992379, 0.012777, -0.122560, -0.119723, -0.135428, -0.983527, -0.029164, 0.990705, -0.132866),
      ["LeftUpperLeg"] = CFrame.new(-0.000203, -0.385890, -0.565030, 1.000000, -0.000000, 0.000000, 0.000000, 0.137844, 0.990454, -0.000000, -0.990454, 0.137844),
      ["LowerTorso"] = CFrame.new(0.000026, -1.191581, -1.138819, -1.000000, -0.000026, 0.000431, 0.000026, 0.992935, 0.118655, -0.000431, 0.118655, -0.992935),
      ["RightUpperArm"] = CFrame.new(0.006469, -1.022828, 0.217375, 0.994574, 0.024543, 0.101094, 0.102507, -0.065523, -0.992572, -0.017737, 0.997549, -0.067684),
      ["RightUpperLeg"] = CFrame.new(-0.000203, -0.385908, -0.565013, 1.000000, -0.000000, 0.000000, 0.000000, 0.137844, 0.990454, -0.000000, -0.990454, 0.137844)
    }},
    { Time = 0.183, Data = {
      ["Balls"] = CFrame.new(-0.000000, -0.000001, 0.000000, 0.999630, -0.027189, 0.000000, 0.027189, 0.999630, 0.000000, 0.000000, 0.000000, 1.000000),
      ["Cock"] = CFrame.new(0.000000, 0.000000, 0.000000, 0.998897, 0.046946, 0.000000, -0.046946, 0.998897, -0.000000, -0.000000, 0.000000, 1.000000),
      ["Head"] = CFrame.new(0.000000, 0.000000, 0.000000, 1.000000, -0.000000, 0.000000, 0.000000, 0.990886, 0.134700, -0.000000, -0.134700, 0.990886),
      ["LeftUpperArm"] = CFrame.new(0.003971, -1.072063, 0.102421, 0.992357, 0.015209, -0.122459, -0.119350, -0.133854, -0.983788, -0.031354, 0.990884, -0.131016),
      ["LeftUpperLeg"] = CFrame.new(-0.000199, -0.386693, -0.556787, 1.000000, -0.000000, 0.000000, 0.000000, 0.139544, 0.990216, -0.000000, -0.990216, 0.139544),
      ["LowerTorso"] = CFrame.new(0.000026, -1.191364, -1.129515, -1.000000, -0.000026, 0.000431, 0.000026, 0.992718, 0.120458, -0.000431, 0.120458, -0.992718),
      ["RightUpperArm"] = CFrame.new(0.005702, -1.023532, 0.224103, 0.994637, 0.021614, 0.101144, 0.102343, -0.064406, -0.992662, -0.014941, 0.997690, -0.066272),
      ["RightUpperLeg"] = CFrame.new(-0.000200, -0.386711, -0.556770, 1.000000, -0.000000, 0.000000, 0.000000, 0.139544, 0.990216, -0.000000, -0.990216, 0.139544)
    }},
    { Time = 0.200, Data = {
      ["Balls"] = CFrame.new(-0.000000, -0.000001, 0.000000, 0.999298, -0.037457, 0.000000, 0.037457, 0.999298, 0.000000, 0.000000, 0.000000, 1.000000),
      ["Cock"] = CFrame.new(0.000000, 0.000000, 0.000000, 0.998721, 0.050569, 0.000000, -0.050569, 0.998721, -0.000000, -0.000000, 0.000000, 1.000000),
      ["Head"] = CFrame.new(0.000000, 0.000000, -0.000000, 1.000000, -0.000000, 0.000000, 0.000000, 0.991175, 0.132556, -0.000000, -0.132556, 0.991175),
      ["LeftUpperArm"] = CFrame.new(0.004630, -1.072664, 0.109479, 0.992321, 0.017705, -0.122418, -0.119040, -0.132162, -0.984054, -0.033602, 0.991070, -0.129039),
      ["LeftUpperLeg"] = CFrame.new(-0.000196, -0.387534, -0.548150, 1.000000, -0.000000, 0.000000, 0.000000, 0.141355, 0.989959, -0.000000, -0.989959, 0.141355),
      ["LowerTorso"] = CFrame.new(0.000026, -1.191133, -1.119764, -1.000000, -0.000026, 0.000431, 0.000026, 0.992487, 0.122347, -0.000431, 0.122347, -0.992487),
      ["RightUpperArm"] = CFrame.new(0.004916, -1.024254, 0.231149, 0.994699, 0.018615, 0.101133, 0.102118, -0.063172, -0.992764, -0.012092, 0.997829, -0.064738),
      ["RightUpperLeg"] = CFrame.new(-0.000197, -0.387553, -0.548133, 1.000000, -0.000000, 0.000000, 0.000000, 0.141355, 0.989959, -0.000000, -0.989959, 0.141355)
    }},
    { Time = 0.217, Data = {
      ["Balls"] = CFrame.new(-0.000000, -0.000001, 0.000000, 0.998993, -0.044876, 0.000000, 0.044876, 0.998993, 0.000000, 0.000000, 0.000000, 1.000000),
      ["Cock"] = CFrame.new(0.000000, 0.000000, 0.000000, 0.998526, 0.054277, 0.000000, -0.054277, 0.998526, -0.000000, -0.000000, 0.000000, 1.000000),
      ["Head"] = CFrame.new(0.000000, 0.000000, 0.000000, 1.000000, -0.000000, 0.000000, 0.000000, 0.991381, 0.131013, -0.000000, -0.131013, 0.991381),
      ["LeftUpperArm"] = CFrame.new(0.005325, -1.073273, 0.116782, 0.992290, 0.020338, -0.122257, -0.118607, -0.130362, -0.984347, -0.035957, 0.991258, -0.126945),
      ["LeftUpperLeg"] = CFrame.new(-0.000193, -0.388405, -0.539214, 1.000000, -0.000000, 0.000000, 0.000000, 0.143164, 0.989699, -0.000000, -0.989699, 0.143164),
      ["LowerTorso"] = CFrame.new(0.000027, -1.190888, -1.109697, -1.000000, -0.000027, 0.000431, 0.000027, 0.992242, 0.124321, -0.000431, 0.124321, -0.992242),
      ["RightUpperArm"] = CFrame.new(0.004081, -1.025014, 0.238437, 0.994760, 0.015432, 0.101062, 0.101831, -0.061947, -0.992871, -0.009061, 0.997960, -0.063193),
      ["RightUpperLeg"] = CFrame.new(-0.000193, -0.388424, -0.539197, 1.000000, -0.000000, 0.000000, 0.000000, 0.143164, 0.989699, -0.000000, -0.989699, 0.143164)
    }},
    { Time = 0.233, Data = {
      ["Balls"] = CFrame.new(-0.000000, -0.000001, 0.000000, 0.998781, -0.049361, 0.000000, 0.049361, 0.998781, 0.000000, 0.000000, 0.000000, 1.000000),
      ["Cock"] = CFrame.new(-0.000000, 0.000000, 0.000000, 0.998312, 0.058070, 0.000000, -0.058070, 0.998312, -0.000000, -0.000000, 0.000000, 1.000000),
      ["Head"] = CFrame.new(0.000000, 0.000000, 0.000000, 1.000000, -0.000000, 0.000000, 0.000000, 0.991505, 0.130069, -0.000000, -0.130069, 0.991505),
      ["LeftUpperArm"] = CFrame.new(0.006018, -1.073903, 0.124245, 0.992238, 0.022963, -0.122212, -0.118299, -0.128551, -0.984622, -0.038320, 0.991437, -0.124836),
      ["LeftUpperLeg"] = CFrame.new(-0.000189, -0.389295, -0.530076, 1.000000, -0.000000, 0.000000, 0.000000, 0.145083, 0.989419, -0.000000, -0.989419, 0.145083),
      ["LowerTorso"] = CFrame.new(0.000027, -1.190639, -1.099358, -1.000000, -0.000027, 0.000431, 0.000027, 0.991993, 0.126295, -0.000431, 0.126295, -0.991993),
      ["RightUpperArm"] = CFrame.new(0.003248, -1.025795, 0.245885, 0.994800, 0.012252, 0.101108, 0.101669, -0.060708, -0.992964, -0.006027, 0.998080, -0.061638),
      ["RightUpperLeg"] = CFrame.new(-0.000190, -0.389314, -0.530060, 1.000000, -0.000000, 0.000000, 0.000000, 0.145083, 0.989419, -0.000000, -0.989419, 0.145083)
    }},
    { Time = 0.250, Data = {
      ["Balls"] = CFrame.new(0.000000, 0.000000, 0.000000, 0.998707, -0.050827, 0.000000, 0.050827, 0.998707, 0.000000, 0.000000, 0.000000, 1.000000),
      ["Cock"] = CFrame.new(-0.000000, 0.000000, 0.000000, 0.998085, 0.061863, 0.000000, -0.061863, 0.998085, -0.000000, -0.000000, 0.000000, 1.000000),
      ["Head"] = CFrame.new(0.000000, 0.000000, 0.000000, 1.000000, -0.000000, 0.000000, 0.000000, 0.991550, 0.129726, -0.000000, -0.129726, 0.991550),
      ["LeftUpperArm"] = CFrame.new(0.006761, -1.074547, 0.131786, 0.992182, 0.025774, -0.122112, -0.117924, -0.126744, -0.984901, -0.040862, 0.991601, -0.122714),
      ["LeftUpperLeg"] = CFrame.new(-0.000185, -0.390195, -0.520838, 1.000000, -0.000000, 0.000000, 0.000000, 0.147001, 0.989136, -0.000000, -0.989136, 0.147001),
      ["LowerTorso"] = CFrame.new(0.000028, -1.190374, -1.088967, -1.000000, -0.000028, 0.000431, 0.000028, 0.991728, 0.128354, -0.000431, 0.128354, -0.991729),
      ["RightUpperArm"] = CFrame.new(0.002381, -1.026590, 0.253412, 0.994843, 0.008946, 0.101032, 0.101387, -0.059476, -0.993068, -0.002875, 0.998190, -0.060077),
      ["RightUpperLeg"] = CFrame.new(-0.000186, -0.390214, -0.520821, 1.000000, -0.000000, 0.000000, 0.000000, 0.147001, 0.989136, -0.000000, -0.989136, 0.147001)
    }},
    { Time = 0.267, Data = {
      ["Balls"] = CFrame.new(-0.000000, -0.000001, 0.000000, 0.998781, -0.049361, 0.000000, 0.049361, 0.998781, 0.000000, 0.000000, 0.000000, 1.000000),
      ["Cock"] = CFrame.new(0.000000, 0.000000, 0.000000, 0.997842, 0.065656, 0.000000, -0.065656, 0.997842, -0.000000, -0.000000, 0.000000, 1.000000),
      ["Head"] = CFrame.new(0.000000, 0.000000, 0.000000, 1.000000, -0.000000, 0.000000, 0.000000, 0.991505, 0.130069, -0.000000, -0.130069, 0.991505),
      ["LeftUpperArm"] = CFrame.new(0.007471, -1.075188, 0.139326, 0.992122, 0.028464, -0.122000, -0.117561, -0.124926, -0.985177, -0.043283, 0.991758, -0.120596),
      ["LeftUpperLeg"] = CFrame.new(-0.000182, -0.391096, -0.511599, 1.000000, -0.000000, 0.000000, 0.000000, 0.148804, 0.988867, -0.000000, -0.988867, 0.148804),
      ["LowerTorso"] = CFrame.new(0.000028, -1.190117, -1.078490, -1.000000, -0.000028, 0.000431, 0.000028, 0.991471, 0.130326, -0.000431, 0.130326, -0.991471),
      ["RightUpperArm"] = CFrame.new(0.001532, -1.027382, 0.260936, 0.994869, 0.005703, 0.101010, 0.101170, -0.058231, -0.993163, 0.000218, 0.998287, -0.058509),
      ["RightUpperLeg"] = CFrame.new(-0.000182, -0.391114, -0.511583, 1.000000, -0.000000, 0.000000, 0.000000, 0.148804, 0.988867, -0.000000, -0.988867, 0.148804)
    }},
    { Time = 0.283, Data = {
      ["Balls"] = CFrame.new(-0.000000, -0.000001, 0.000000, 0.998993, -0.044876, 0.000000, 0.044876, 0.998993, 0.000000, 0.000000, 0.000000, 1.000000),
      ["Cock"] = CFrame.new(0.000000, 0.000000, 0.000000, 0.997586, 0.069447, 0.000000, -0.069447, 0.997586, -0.000000, -0.000000, 0.000000, 1.000000),
      ["Head"] = CFrame.new(0.000000, 0.000000, 0.000000, 1.000000, -0.000000, 0.000000, 0.000000, 0.991381, 0.131013, -0.000000, -0.131013, 0.991381),
      ["LeftUpperArm"] = CFrame.new(0.008180, -1.075845, 0.146777, 0.992056, 0.031146, -0.121883, -0.117201, -0.123216, -0.985435, -0.045711, 0.991891, -0.118587),
      ["LeftUpperLeg"] = CFrame.new(-0.000178, -0.391986, -0.502461, 1.000000, -0.000000, 0.000000, 0.000000, 0.150718, 0.988577, -0.000000, -0.988577, 0.150718),
      ["LowerTorso"] = CFrame.new(0.000029, -1.189856, -1.068150, -1.000000, -0.000029, 0.000431, 0.000029, 0.991210, 0.132299, -0.000431, 0.132299, -0.991210),
      ["RightUpperArm"] = CFrame.new(0.000696, -1.028129, 0.268376, 0.994891, 0.002512, 0.100921, 0.100900, -0.056862, -0.993270, 0.003243, 0.998379, -0.056824),
      ["RightUpperLeg"] = CFrame.new(-0.000179, -0.392005, -0.502445, 1.000000, -0.000000, 0.000000, 0.000000, 0.150718, 0.988577, -0.000000, -0.988577, 0.150718)
    }},
    { Time = 0.300, Data = {
      ["Balls"] = CFrame.new(-0.000000, -0.000001, 0.000000, 0.999298, -0.037457, 0.000000, 0.037457, 0.999298, 0.000000, 0.000000, 0.000000, 1.000000),
      ["Cock"] = CFrame.new(0.000000, 0.000000, 0.000000, 0.997321, 0.073152, 0.000000, -0.073152, 0.997321, -0.000000, -0.000000, 0.000000, 1.000000),
      ["Head"] = CFrame.new(0.000000, 0.000000, -0.000000, 1.000000, -0.000000, 0.000000, 0.000000, 0.991175, 0.132556, -0.000000, -0.132556, 0.991175),
      ["LeftUpperArm"] = CFrame.new(0.008858, -1.076445, 0.154067, 0.991988, 0.033714, -0.121753, -0.116856, -0.121381, -0.985704, -0.048011, 0.992033, -0.116469),
      ["LeftUpperLeg"] = CFrame.new(-0.000174, -0.392857, -0.493525, 1.000000, -0.000000, 0.000000, 0.000000, 0.152629, 0.988283, -0.000000, -0.988283, 0.152629),
      ["LowerTorso"] = CFrame.new(0.000029, -1.189590, -1.058079, -1.000000, -0.000029, 0.000431, 0.000029, 0.990945, 0.134271, -0.000431, 0.134271, -0.990945),
      ["RightUpperArm"] = CFrame.new(-0.000121, -1.028909, 0.275647, 0.994898, -0.000604, 0.100885, 0.100695, -0.055716, -0.993356, 0.006221, 0.998446, -0.055371),
      ["RightUpperLeg"] = CFrame.new(-0.000175, -0.392875, -0.493509, 1.000000, -0.000000, 0.000000, 0.000000, 0.152629, 0.988283, -0.000000, -0.988283, 0.152629)
    }},
    { Time = 0.317, Data = {
      ["Balls"] = CFrame.new(-0.000000, -0.000001, 0.000000, 0.999630, -0.027189, 0.000000, 0.027189, 0.999630, 0.000000, 0.000000, 0.000000, 1.000000),
      ["Cock"] = CFrame.new(0.000000, 0.000000, 0.000000, 0.997049, 0.076770, 0.000000, -0.076770, 0.997049, -0.000000, -0.000000, 0.000000, 1.000000),
      ["Head"] = CFrame.new(0.000000, 0.000000, 0.000000, 1.000000, -0.000000, 0.000000, 0.000000, 0.990886, 0.134700, -0.000000, -0.134700, 0.990886),
      ["LeftUpperArm"] = CFrame.new(0.009532, -1.077067, 0.161105, 0.991914, 0.036268, -0.121621, -0.116509, -0.119769, -0.985942, -0.050325, 0.992139, -0.114575),
      ["LeftUpperLeg"] = CFrame.new(-0.000171, -0.393698, -0.484889, 1.000000, -0.000000, 0.000000, 0.000000, 0.154314, 0.988022, -0.000000, -0.988022, 0.154314),
      ["LowerTorso"] = CFrame.new(0.000029, -1.189333, -1.048327, -1.000000, -0.000029, 0.000431, 0.000029, 0.990687, 0.136157, -0.000431, 0.136157, -0.990687),
      ["RightUpperArm"] = CFrame.new(-0.000923, -1.029620, 0.282674, 0.994889, -0.003664, 0.100905, 0.100557, -0.054440, -0.993441, 0.009133, 0.998510, -0.053794),
      ["RightUpperLeg"] = CFrame.new(-0.000172, -0.393717, -0.484873, 1.000000, -0.000000, 0.000000, 0.000000, 0.154314, 0.988022, -0.000000, -0.988022, 0.154314)
    }},
    { Time = 0.333, Data = {
      ["Balls"] = CFrame.new(-0.000000, -0.000001, 0.000000, 0.999899, -0.014243, 0.000000, 0.014243, 0.999899, 0.000000, 0.000000, 0.000000, 1.000000),
      ["Cock"] = CFrame.new(0.000000, 0.000000, 0.000000, 0.996785, 0.080129, 0.000000, -0.080129, 0.996785, -0.000000, -0.000000, 0.000000, 1.000000),
      ["Head"] = CFrame.new(0.000000, -0.000000, 0.000000, 1.000000, -0.000000, 0.000000, 0.000000, 0.990498, 0.137528, -0.000000, -0.137528, 0.990498),
      ["LeftUpperArm"] = CFrame.new(0.010157, -1.077638, 0.167823, 0.991835, 0.038636, -0.121535, -0.116238, -0.118143, -0.986170, -0.052460, 0.992245, -0.112688),
      ["LeftUpperLeg"] = CFrame.new(-0.000168, -0.394501, -0.476646, 1.000000, -0.000000, 0.000000, 0.000000, 0.156109, 0.987740, -0.000000, -0.987740, 0.156109),
      ["LowerTorso"] = CFrame.new(0.000030, -1.189084, -1.039019, -1.000000, -0.000030, 0.000431, 0.000030, 0.990438, 0.137957, -0.000431, 0.137957, -0.990438),
      ["RightUpperArm"] = CFrame.new(-0.001691, -1.030344, 0.289375, 0.994885, -0.006593, 0.100796, 0.100304, -0.053396, -0.993523, 0.011932, 0.998552, -0.052462),
      ["RightUpperLeg"] = CFrame.new(-0.000169, -0.394520, -0.476629, 1.000000, -0.000000, 0.000000, 0.000000, 0.156109, 0.987740, -0.000000, -0.987740, 0.156109)
    }},
    { Time = 0.350, Data = {
      ["Balls"] = CFrame.new(-0.000000, -0.000001, 0.000000, 0.999999, 0.001381, 0.000000, -0.001381, 0.999999, -0.000000, -0.000000, 0.000000, 1.000000),
      ["Cock"] = CFrame.new(0.000000, 0.000000, 0.000000, 0.996516, 0.083401, 0.000000, -0.083401, 0.996516, -0.000000, -0.000000, 0.000000, 1.000000),
      ["Head"] = CFrame.new(0.000000, -0.000000, 0.000000, 1.000000, -0.000000, 0.000000, 0.000000, 0.990040, 0.140785, -0.000000, -0.140785, 0.990040),
      ["LeftUpperArm"] = CFrame.new(0.010766, -1.078179, 0.174143, 0.991761, 0.040939, -0.121383, -0.115911, -0.116627, -0.986389, -0.054538, 0.992332, -0.110921),
      ["LeftUpperLeg"] = CFrame.new(-0.000165, -0.395257, -0.468887, 1.000000, -0.000000, 0.000000, 0.000000, 0.157679, 0.987490, -0.000000, -0.987490, 0.157679),
      ["LowerTorso"] = CFrame.new(0.000030, -1.188844, -1.030277, -1.000000, -0.000030, 0.000431, 0.000030, 0.990198, 0.139671, -0.000431, 0.139671, -0.990198),
      ["RightUpperArm"] = CFrame.new(-0.002395, -1.030972, 0.295683, 0.994864, -0.009282, 0.100798, 0.100182, -0.052211, -0.993598, 0.014485, 0.998593, -0.051013),
      ["RightUpperLeg"] = CFrame.new(-0.000166, -0.395276, -0.468871, 1.000000, -0.000000, 0.000000, 0.000000, 0.157679, 0.987490, -0.000000, -0.987490, 0.157679)
    }},
    { Time = 0.367, Data = {
      ["Balls"] = CFrame.new(-0.000000, -0.000001, 0.000000, 0.999813, 0.019335, 0.000000, -0.019335, 0.999813, -0.000000, -0.000000, 0.000000, 1.000000),
      ["Cock"] = CFrame.new(0.000000, 0.000000, 0.000000, 0.996267, 0.086328, 0.000000, -0.086328, 0.996267, -0.000000, -0.000000, 0.000000, 1.000000),
      ["Head"] = CFrame.new(0.000000, -0.000000, 0.000000, 1.000000, -0.000000, 0.000000, 0.000000, 0.989497, 0.144554, -0.000000, -0.144554, 0.989497),
      ["LeftUpperArm"] = CFrame.new(0.011323, -1.078678, 0.179998, 0.991684, 0.043049, -0.121280, -0.115655, -0.115213, -0.986585, -0.056444, 0.992408, -0.109276),
      ["LeftUpperLeg"] = CFrame.new(-0.000162, -0.395958, -0.461697, 1.000000, -0.000000, 0.000000, 0.000000, 0.159135, 0.987257, -0.000000, -0.987257, 0.159135),
      ["LowerTorso"] = CFrame.new(0.000031, -1.188625, -1.022131, -1.000000, -0.000031, 0.000431, 0.000031, 0.989979, 0.141213, -0.000431, 0.141213, -0.989979),
      ["RightUpperArm"] = CFrame.new(-0.003066, -1.031593, 0.301524, 0.994849, -0.011839, 0.100673, 0.099944, -0.051260, -0.993672, 0.016925, 0.998615, -0.049813),
      ["RightUpperLeg"] = CFrame.new(-0.000163, -0.395977, -0.461681, 1.000000, -0.000000, 0.000000, 0.000000, 0.159135, 0.987257, -0.000000, -0.987257, 0.159135)
    }},
    { Time = 0.383, Data = {
      ["Balls"] = CFrame.new(-0.000000, -0.000001, 0.000000, 0.999215, 0.039614, 0.000000, -0.039614, 0.999215, -0.000000, -0.000000, 0.000000, 1.000000),
      ["Cock"] = CFrame.new(0.000000, 0.000000, 0.000000, 0.996024, 0.089082, 0.000000, -0.089082, 0.996024, -0.000000, -0.000000, 0.000000, 1.000000),
      ["Head"] = CFrame.new(0.000000, 0.000000, -0.000000, 1.000000, -0.000000, 0.000000, 0.000000, 0.988862, 0.148835, -0.000000, -0.148835, 0.988862),
      ["LeftUpperArm"] = CFrame.new(0.011829, -1.079125, 0.185325, 0.991606, 0.044966, -0.121227, -0.115469, -0.113902, -0.986759, -0.058178, 0.992474, -0.107754),
      ["LeftUpperLeg"] = CFrame.new(-0.000159, -0.396595, -0.455155, 1.000000, -0.000000, 0.000000, 0.000000, 0.160477, 0.987039, -0.000000, -0.987039, 0.160477),
      ["LowerTorso"] = CFrame.new(0.000031, -1.188416, -1.014772, -1.000000, -0.000031, 0.000431, 0.000031, 0.989770, 0.142669, -0.000431, 0.142669, -0.989771),
      ["RightUpperArm"] = CFrame.new(-0.003670, -1.032161, 0.306837, 0.994820, -0.014144, 0.100662, 0.099834, -0.050408, -0.993726, 0.019130, 0.998628, -0.048735),
      ["RightUpperLeg"] = CFrame.new(-0.000160, -0.396614, -0.455139, 1.000000, -0.000000, 0.000000, 0.000000, 0.160477, 0.987039, -0.000000, -0.987039, 0.160477)
    }},
    { Time = 0.400, Data = {
      ["Balls"] = CFrame.new(-0.000000, -0.000001, 0.000000, 0.998090, 0.061777, 0.000000, -0.061777, 0.998090, -0.000000, -0.000000, 0.000000, 1.000000),
      ["Cock"] = CFrame.new(0.000000, 0.000000, 0.000000, 0.995806, 0.091492, 0.000000, -0.091492, 0.995806, -0.000000, -0.000000, 0.000000, 1.000000),
      ["Head"] = CFrame.new(0.000000, 0.000000, 0.000000, 1.000000, -0.000000, 0.000000, 0.000000, 0.988142, 0.153541, -0.000000, -0.153541, 0.988142),
      ["LeftUpperArm"] = CFrame.new(0.012284, -1.079544, 0.190062, 0.991541, 0.046689, -0.121106, -0.115229, -0.112814, -0.986912, -0.059741, 0.992519, -0.106479),
      ["LeftUpperLeg"] = CFrame.new(-0.000157, -0.397163, -0.449333, 1.000000, -0.000000, 0.000000, 0.000000, 0.161707, 0.986839, -0.000000, -0.986839, 0.161707),
      ["LowerTorso"] = CFrame.new(0.000031, -1.188230, -1.008211, -1.000000, -0.000031, 0.000430, 0.000031, 0.989584, 0.143954, -0.000430, 0.143954, -0.989584),
      ["RightUpperArm"] = CFrame.new(-0.004210, -1.032639, 0.311566, 0.994791, -0.016205, 0.100642, 0.099733, -0.049543, -0.993780, 0.021091, 0.998641, -0.047669),
      ["RightUpperLeg"] = CFrame.new(-0.000158, -0.397182, -0.449317, 1.000000, -0.000000, 0.000000, 0.000000, 0.161707, 0.986839, -0.000000, -0.986839, 0.161707)
    }},
    { Time = 0.417, Data = {
      ["Balls"] = CFrame.new(-0.000000, -0.000001, 0.000000, 0.996319, 0.085725, 0.000000, -0.085725, 0.996319, -0.000000, -0.000000, 0.000000, 1.000000),
      ["Cock"] = CFrame.new(0.000000, 0.000000, 0.000000, 0.995614, 0.093557, 0.000000, -0.093557, 0.995614, -0.000000, -0.000000, 0.000000, 1.000000),
      ["Head"] = CFrame.new(0.000000, 0.000000, 0.000000, 1.000000, -0.000000, 0.000000, 0.000000, 0.987345, 0.158587, -0.000000, -0.158587, 0.987345),
      ["LeftUpperArm"] = CFrame.new(0.012658, -1.079865, 0.194167, 0.991483, 0.048105, -0.121028, -0.115068, -0.111711, -0.987056, -0.061003, 0.992576, -0.105224),
      ["LeftUpperLeg"] = CFrame.new(-0.000155, -0.397653, -0.444295, 1.000000, -0.000000, 0.000000, 0.000000, 0.162713, 0.986673, -0.000000, -0.986673, 0.162713),
      ["LowerTorso"] = CFrame.new(0.000031, -1.188080, -1.002450, -1.000000, -0.000031, 0.000430, 0.000031, 0.989434, 0.144982, -0.000430, 0.144982, -0.989435),
      ["RightUpperArm"] = CFrame.new(-0.004667, -1.033081, 0.315656, 0.994770, -0.017951, 0.100555, 0.099577, -0.048903, -0.993827, 0.022758, 0.998642, -0.046860),
      ["RightUpperLeg"] = CFrame.new(-0.000156, -0.397672, -0.444279, 1.000000, -0.000000, 0.000000, 0.000000, 0.162713, 0.986673, -0.000000, -0.986673, 0.162713)
    }},
    { Time = 0.433, Data = {
      ["Balls"] = CFrame.new(-0.000000, -0.000001, 0.000000, 0.993810, 0.111097, 0.000000, -0.111097, 0.993810, -0.000000, -0.000000, 0.000000, 1.000000),
      ["Cock"] = CFrame.new(0.000000, 0.000000, 0.000000, 0.995451, 0.095277, 0.000000, -0.095277, 0.995451, -0.000000, -0.000000, 0.000000, 1.000000),
      ["Head"] = CFrame.new(0.000000, 0.000000, 0.000000, 1.000000, -0.000000, 0.000000, 0.000000, 0.986465, 0.163972, -0.000000, -0.163972, 0.986465),
      ["LeftUpperArm"] = CFrame.new(0.012994, -1.080173, 0.197582, 0.991430, 0.049378, -0.120951, -0.114904, -0.110948, -0.987161, -0.062163, 0.992599, -0.104324),
      ["LeftUpperLeg"] = CFrame.new(-0.000153, -0.398063, -0.440095, 1.000000, -0.000000, 0.000000, 0.000000, 0.163606, 0.986526, -0.000000, -0.986526, 0.163606),
      ["LowerTorso"] = CFrame.new(0.000032, -1.187942, -0.997731, -1.000000, -0.000032, 0.000430, 0.000032, 0.989296, 0.145924, -0.000430, 0.145924, -0.989296),
      ["RightUpperArm"] = CFrame.new(-0.005045, -1.033417, 0.319066, 0.994746, -0.019391, 0.100520, 0.099491, -0.048247, -0.993868, 0.024122, 0.998647, -0.046064),
      ["RightUpperLeg"] = CFrame.new(-0.000154, -0.398082, -0.440079, 1.000000, -0.000000, 0.000000, 0.000000, 0.163606, 0.986526, -0.000000, -0.986526, 0.163606)
    }},
    { Time = 0.450, Data = {
      ["Balls"] = CFrame.new(-0.000000, -0.000001, 0.000000, 0.990498, 0.137528, 0.000000, -0.137528, 0.990498, -0.000000, -0.000000, 0.000000, 1.000000),
      ["Cock"] = CFrame.new(0.000000, 0.000000, 0.000000, 0.995318, 0.096654, 0.000000, -0.096654, 0.995318, -0.000000, -0.000000, 0.000000, 1.000000),
      ["Head"] = CFrame.new(0.000000, -0.000000, 0.000000, 1.000000, -0.000000, 0.000000, 0.000000, 0.985511, 0.169609, -0.000000, -0.169609, 0.985511),
      ["LeftUpperArm"] = CFrame.new(0.013248, -1.080401, 0.200279, 0.991385, 0.050336, -0.120920, -0.114815, -0.110288, -0.987246, -0.063030, 0.992624, -0.103559),
      ["LeftUpperLeg"] = CFrame.new(-0.000152, -0.398386, -0.436779, 1.000000, -0.000000, 0.000000, 0.000000, 0.164276, 0.986414, -0.000000, -0.986414, 0.164276),
      ["LowerTorso"] = CFrame.new(0.000032, -1.187827, -0.994034, -1.000000, -0.000032, 0.000430, 0.000032, 0.989182, 0.146694, -0.000430, 0.146694, -0.989182),
      ["RightUpperArm"] = CFrame.new(-0.005355, -1.033706, 0.321756, 0.994726, -0.020574, 0.100481, 0.099408, -0.047819, -0.993897, 0.025254, 0.998644, -0.045521),
      ["RightUpperLeg"] = CFrame.new(-0.000153, -0.398404, -0.436764, 1.000000, -0.000000, 0.000000, 0.000000, 0.164276, 0.986414, -0.000000, -0.986414, 0.164276)
    }},
    { Time = 0.467, Data = {
      ["Balls"] = CFrame.new(-0.000000, -0.000001, 0.000000, 0.986308, 0.164912, 0.000000, -0.164912, 0.986308, -0.000000, -0.000000, 0.000000, 1.000000),
      ["Cock"] = CFrame.new(0.000000, 0.000000, 0.000000, 0.995217, 0.097686, 0.000000, -0.097686, 0.995217, -0.000000, -0.000000, 0.000000, 1.000000),
      ["Head"] = CFrame.new(0.000000, 0.000000, 0.000000, 1.000000, -0.000000, 0.000000, 0.000000, 0.984495, 0.175413, -0.000000, -0.175413, 0.984495),
      ["LeftUpperArm"] = CFrame.new(0.013433, -1.080576, 0.202226, 0.991354, 0.051037, -0.120882, -0.114733, -0.109850, -0.987304, -0.063668, 0.992637, -0.103045),
      ["LeftUpperLeg"] = CFrame.new(-0.000151, -0.398619, -0.434385, 1.000000, -0.000000, 0.000000, 0.000000, 0.164722, 0.986340, -0.000000, -0.986340, 0.164722),
      ["LowerTorso"] = CFrame.new(0.000032, -1.187751, -0.991321, -1.000000, -0.000032, 0.000430, 0.000032, 0.989106, 0.147208, -0.000430, 0.147208, -0.989106),
      ["RightUpperArm"] = CFrame.new(-0.005583, -1.033910, 0.323699, 0.994706, -0.021446, 0.100496, 0.099392, -0.047494, -0.993914, 0.026088, 0.998641, -0.045111),
      ["RightUpperLeg"] = CFrame.new(-0.000152, -0.398638, -0.434369, 1.000000, -0.000000, 0.000000, 0.000000, 0.164722, 0.986340, -0.000000, -0.986340, 0.164722)
    }},
    { Time = 0.483, Data = {
      ["Balls"] = CFrame.new(-0.000000, -0.000001, 0.000000, 0.981256, 0.192711, 0.000000, -0.192711, 0.981256, -0.000000, -0.000000, 0.000000, 1.000000),
      ["Cock"] = CFrame.new(0.000000, 0.000000, 0.000000, 0.995167, 0.098202, 0.000000, -0.098202, 0.995167, -0.000000, -0.000000, 0.000000, 1.000000),
      ["Head"] = CFrame.new(0.000000, -0.000000, 0.000000, 1.000000, -0.000000, 0.000000, 0.000000, 0.983428, 0.181297, -0.000000, -0.181297, 0.983428),
      ["LeftUpperArm"] = CFrame.new(0.013551, -1.080664, 0.203404, 0.991337, 0.051488, -0.120834, -0.114660, -0.109519, -0.987349, -0.064070, 0.992650, -0.102667),
      ["LeftUpperLeg"] = CFrame.new(-0.000150, -0.398760, -0.432938, 1.000000, -0.000000, 0.000000, 0.000000, 0.165057, 0.986284, -0.000000, -0.986284, 0.165057),
      ["LowerTorso"] = CFrame.new(0.000032, -1.187713, -0.989628, -1.000000, -0.000032, 0.000430, 0.000032, 0.989067, 0.147465, -0.000430, 0.147465, -0.989067),
      ["RightUpperArm"] = CFrame.new(-0.005714, -1.034028, 0.324873, 0.994695, -0.021946, 0.100505, 0.099384, -0.047275, -0.993926, 0.026564, 0.998641, -0.044843),
      ["RightUpperLeg"] = CFrame.new(-0.000151, -0.398779, -0.432922, 1.000000, -0.000000, 0.000000, 0.000000, 0.165057, 0.986284, -0.000000, -0.986284, 0.165057)
    }},
    { Time = 0.500, Data = {
      ["Balls"] = CFrame.new(-0.000000, -0.000001, 0.000000, 0.975354, 0.220648, 0.000000, -0.220648, 0.975354, -0.000000, -0.000000, 0.000000, 1.000000),
      ["Cock"] = CFrame.new(0.000000, 0.000000, 0.000000, 0.995141, 0.098460, 0.000000, -0.098460, 0.995141, -0.000000, -0.000000, 0.000000, 1.000000),
      ["Head"] = CFrame.new(0.000000, -0.000000, 0.000000, 1.000000, -0.000000, 0.000000, 0.000000, 0.982294, 0.187347, -0.000000, -0.187347, 0.982294),
      ["LeftUpperArm"] = CFrame.new(0.013586, -1.080693, 0.203798, 0.991329, 0.051616, -0.120837, -0.114657, -0.109408, -0.987362, -0.064185, 0.992656, -0.102541),
