return {
  ["Astros drunk idle"] = {
    { Time = 0.000, Data = {
      ["Head"] = CFrame.new(-0.000000, -0.000000, 0.000000, 0.946549, -0.001993, -0.322554, 0.046264, 0.990481, 0.129644, 0.319225, -0.137637, 0.937631),
      ["LeftUpperArm"] = CFrame.new(0.306099, -1.312165, -0.185343, 0.875737, -0.236221, -0.421051, -0.412338, -0.819592, -0.397803, -0.251121, 0.521986, -0.815150),
      ["LeftUpperLeg"] = CFrame.new(-0.006040, 0.058359, -0.050968, 0.987920, -0.085784, 0.129055, 0.116717, 0.959727, -0.255540, -0.101936, 0.267516, 0.958146),
      ["LowerTorso"] = CFrame.new(0.007475, 0.034872, -2.563279, -0.928581, -0.000608, -0.371130, -0.097701, 0.965126, 0.242870, 0.358040, 0.261785, -0.896257),
      ["RightUpperArm"] = CFrame.new(-0.024354, -0.006075, 0.050643, 0.984586, -0.092614, -0.148364, 0.061038, 0.976907, -0.204759, 0.163902, 0.192547, 0.967503),
      ["RightUpperLeg"] = CFrame.new(0.106381, 0.702803, -0.449875, 0.964826, -0.155520, -0.211956, -0.051550, 0.678677, -0.732626, 0.257787, 0.717782, 0.646788),
      ["рҹҢ§пёҸрҹҳірҹ‘»рҹҸіпёҸвҖҚрҹҢҲрҹҳӮрҹ’һрҹҸҙвҖҚвҳ пёҸрҹҺёрҹҢ§пёҸрҹҳірҹ‘»рҹҸіпёҸвҖҚрҹҢҲрҹҳӮрҹ’һрҹҸҙвҖҚвҳ"] = CFrame.new(-0.000000, -0.000005, 0.000005, 0.999361, 0.025269, -0.025277, -0.028778, 0.988301, -0.149779, 0.021197, 0.150410, 0.988396)
    }},
    { Time = 0.017, Data = {
      ["Head"] = CFrame.new(-0.000000, 0.000000, -0.000000, 0.946534, -0.003153, -0.322589, 0.046298, 0.990929, 0.126162, 0.319264, -0.134352, 0.938094),
      ["LeftUpperArm"] = CFrame.new(0.306405, -1.312323, -0.185453, 0.877287, -0.235058, -0.418468, -0.410050, -0.820193, -0.398928, -0.249453, 0.521568, -0.815930),
      ["LeftUpperLeg"] = CFrame.new(-0.006040, 0.058361, -0.050965, 0.987920, -0.085778, 0.129058, 0.116722, 0.959704, -0.255624, -0.101931, 0.267600, 0.958123),
      ["LowerTorso"] = CFrame.new(0.007458, 0.034843, -2.563268, -0.928581, -0.000592, -0.371130, -0.097717, 0.965104, 0.242953, 0.358035, 0.261867, -0.896235),
      ["RightUpperArm"] = CFrame.new(-0.023934, -0.005828, 0.049579, 0.984686, -0.091016, -0.148693, 0.060106, 0.977846, -0.200511, 0.163648, 0.188503, 0.968342),
      ["RightUpperLeg"] = CFrame.new(0.106393, 0.702854, -0.449909, 0.964821, -0.155628, -0.211899, -0.051508, 0.678464, -0.732825, 0.257814, 0.717960, 0.646580),
      ["рҹҢ§пёҸрҹҳірҹ‘»рҹҸіпёҸвҖҚрҹҢҲрҹҳӮрҹ’һрҹҸҙвҖҚвҳ пёҸрҹҺёрҹҢ§пёҸрҹҳірҹ‘»рҹҸіпёҸвҖҚрҹҢҲрҹҳӮрҹ’һрҹҸҙвҖҚвҳ"] = CFrame.new(-0.000000, -0.000005, 0.000005, 0.999412, 0.022572, -0.025825, -0.026144, 0.988705, -0.147577, 0.022203, 0.148165, 0.988713)
    }},
    { Time = 0.033, Data = {
      ["Head"] = CFrame.new(-0.000000, -0.000000, 0.000000, 0.946549, -0.004220, -0.322532, 0.046257, 0.991355, 0.122780, 0.319226, -0.131136, 0.938562),
      ["LeftUpperArm"] = CFrame.new(0.306700, -1.312491, -0.185584, 0.878857, -0.233936, -0.415794, -0.407729, -0.820831, -0.399991, -0.247724, 0.521066, -0.816776),
      ["LeftUpperLeg"] = CFrame.new(-0.006044, 0.058408, -0.050955, 0.987911, -0.085852, 0.129077, 0.116816, 0.959650, -0.255786, -0.101909, 0.267772, 0.958078),
      ["LowerTorso"] = CFrame.new(0.007493, 0.034761, -2.563250, -0.928576, -0.000626, -0.371141, -0.097849, 0.965032, 0.243184, 0.358011, 0.262131, -0.896167),
      ["RightUpperArm"] = CFrame.new(-0.023491, -0.005585, 0.048517, 0.984790, -0.089331, -0.149023, 0.059087, 0.978771, -0.196254, 0.163391, 0.184464, 0.969163),
      ["RightUpperLeg"] = CFrame.new(0.106412, 0.703064, -0.449940, 0.964838, -0.155763, -0.211720, -0.051506, 0.677838, -0.733405, 0.257749, 0.718522, 0.645981),
      ["рҹҢ§пёҸрҹҳірҹ‘»рҹҸіпёҸвҖҚрҹҢҲрҹҳӮрҹ’һрҹҸҙвҖҚвҳ пёҸрҹҺёрҹҢ§пёҸрҹҳірҹ‘»рҹҸіпёҸвҖҚрҹҢҲрҹҳӮрҹ’һрҹҸҙвҖҚвҳ"] = CFrame.new(0.000000, -0.000005, 0.000005, 0.999458, 0.019798, -0.026286, -0.023414, 0.989112, -0.145293, 0.023124, 0.145830, 0.989039)
    }},
    { Time = 0.050, Data = {
      ["Head"] = CFrame.new(-0.000000, -0.000000, 0.000000, 0.946533, -0.005381, -0.322561, 0.046292, 0.991779, 0.119296, 0.319267, -0.127849, 0.939001),
      ["LeftUpperArm"] = CFrame.new(0.306975, -1.312650, -0.185712, 0.880388, -0.232890, -0.413134, -0.405484, -0.821437, -0.401029, -0.245968, 0.520580, -0.817616),
      ["LeftUpperLeg"] = CFrame.new(-0.006058, 0.058510, -0.050973, 0.987883, -0.085982, 0.129203, 0.117019, 0.959518, -0.256188, -0.101945, 0.268203, 0.957953),
      ["LowerTorso"] = CFrame.new(0.007511, 0.034599, -2.563129, -0.928572, -0.000644, -0.371152, -0.097996, 0.964938, 0.243498, 0.357982, 0.262477, -0.896078),
      ["RightUpperArm"] = CFrame.new(-0.023070, -0.005349, 0.047452, 0.984886, -0.087731, -0.149339, 0.058153, 0.979670, -0.192001, 0.163147, 0.180414, 0.969966),
      ["RightUpperLeg"] = CFrame.new(0.106464, 0.703437, -0.450060, 0.964828, -0.156080, -0.211532, -0.051546, 0.676721, -0.734433, 0.257778, 0.719505, 0.644874),
      ["рҹҢ§пёҸрҹҳірҹ‘»рҹҸіпёҸвҖҚрҹҢҲрҹҳӮрҹ’һрҹҸҙвҖҚвҳ пёҸрҹҺёрҹҢ§пёҸрҹҳірҹ‘»рҹҸіпёҸвҖҚрҹҢҲрҹҳӮрҹ’һрҹҸҙвҖҚвҳ"] = CFrame.new(0.000000, -0.000005, 0.000005, 0.999493, 0.017103, -0.026847, -0.020776, 0.989491, -0.143094, 0.024117, 0.143579, 0.989345)
    }},
    { Time = 0.067, Data = {
      ["Head"] = CFrame.new(-0.000000, -0.000000, -0.000000, 0.946548, -0.006448, -0.322499, 0.046251, 0.992182, 0.115911, 0.319231, -0.124631, 0.939446),
      ["LeftUpperArm"] = CFrame.new(0.307258, -1.312809, -0.185837, 0.881878, -0.231818, -0.410550, -0.403255, -0.822039, -0.402042, -0.244287, 0.520108, -0.818420),
      ["LeftUpperLeg"] = CFrame.new(-0.006072, 0.058648, -0.050942, 0.987857, -0.086209, 0.129256, 0.117297, 0.959376, -0.256590, -0.101884, 0.268635, 0.957838),
      ["LowerTorso"] = CFrame.new(0.007480, 0.034402, -2.563069, -0.928568, -0.000613, -0.371163, -0.098191, 0.964777, 0.244059, 0.357940, 0.263070, -0.895920),
      ["RightUpperArm"] = CFrame.new(-0.022650, -0.005117, 0.046385, 0.984967, -0.086137, -0.149733, 0.057210, 0.980550, -0.187747, 0.162993, 0.176358, 0.970737),
      ["RightUpperLeg"] = CFrame.new(0.106526, 0.703929, -0.450193, 0.964836, -0.156502, -0.211186, -0.051546, 0.675181, -0.735849, 0.257751, 0.720859, 0.643372),
      ["рҹҢ§пёҸрҹҳірҹ‘»рҹҸіпёҸвҖҚрҹҢҲрҹҳӮрҹ’һрҹҸҙвҖҚвҳ пёҸрҹҺёрҹҢ§пёҸрҹҳірҹ‘»рҹҸіпёҸвҖҚрҹҢҲрҹҳӮрҹ’һрҹҸҙвҖҚвҳ"] = CFrame.new(0.000000, -0.000005, 0.000005, 0.999523, 0.014416, -0.027327, -0.018128, 0.989858, -0.140896, 0.025019, 0.141324, 0.989647)
    }},
    { Time = 0.083, Data = {
      ["Head"] = CFrame.new(0.000000, -0.000000, -0.000000, 0.946531, -0.007594, -0.322522, 0.046300, 0.992571, 0.112510, 0.319272, -0.121427, 0.939852),
      ["LeftUpperArm"] = CFrame.new(0.307540, -1.312966, -0.185960, 0.883360, -0.230743, -0.407962, -0.401023, -0.822637, -0.403050, -0.242604, 0.519640, -0.819218),
      ["LeftUpperLeg"] = CFrame.new(-0.006085, 0.058794, -0.050904, 0.987830, -0.086419, 0.129319, 0.117588, 0.959166, -0.257243, -0.101808, 0.269319, 0.957655),
      ["LowerTorso"] = CFrame.new(0.007500, 0.034155, -2.563006, -0.928559, -0.000633, -0.371185, -0.098502, 0.964565, 0.244768, 0.357877, 0.263844, -0.895718),
      ["RightUpperArm"] = CFrame.new(-0.022231, -0.004895, 0.045341, 0.985060, -0.084541, -0.150033, 0.056267, 0.981394, -0.183573, 0.162761, 0.172388, 0.971489),
      ["RightUpperLeg"] = CFrame.new(0.106609, 0.704558, -0.450377, 0.964838, -0.157061, -0.210760, -0.051543, 0.673215, -0.737648, 0.257743, 0.722574, 0.641448),
      ["рҹҢ§пёҸрҹҳірҹ‘»рҹҸіпёҸвҖҚрҹҢҲрҹҳӮрҹ’һрҹҸҙвҖҚвҳ пёҸрҹҺёрҹҢ§пёҸрҹҳірҹ‘»рҹҸіпёҸвҖҚрҹҢҲрҹҳӮрҹ’һрҹҸҙвҖҚвҳ"] = CFrame.new(0.000001, -0.000005, 0.000005, 0.999542, 0.011723, -0.027900, -0.015485, 0.990213, -0.138699, 0.026001, 0.139068, 0.989941)
    }},
    { Time = 0.100, Data = {
      ["Head"] = CFrame.new(-0.000000, -0.000000, -0.000000, 0.946545, -0.008646, -0.322455, 0.046273, 0.992941, 0.109208, 0.319235, -0.118291, 0.940264),
      ["LeftUpperArm"] = CFrame.new(0.307824, -1.313123, -0.186082, 0.884831, -0.229667, -0.405372, -0.398788, -0.823232, -0.404051, -0.240918, 0.519175, -0.820010),
      ["LeftUpperLeg"] = CFrame.new(-0.006107, 0.059027, -0.050851, 0.987785, -0.086793, 0.129410, 0.118053, 0.958914, -0.257968, -0.101703, 0.270095, 0.957447),
      ["LowerTorso"] = CFrame.new(0.007498, 0.033854, -2.562927, -0.928583, -0.000632, -0.371126, -0.098834, 0.964308, 0.245647, 0.357725, 0.264783, -0.895502),
      ["RightUpperArm"] = CFrame.new(-0.021811, -0.004678, 0.044297, 0.985151, -0.082944, -0.150326, 0.055323, 0.982220, -0.179396, 0.162533, 0.168415, 0.972224),
      ["RightUpperLeg"] = CFrame.new(0.106713, 0.705321, -0.450612, 0.964835, -0.157759, -0.210252, -0.051535, 0.670819, -0.739828, 0.257755, 0.724647, 0.639100),
      ["рҹҢ§пёҸрҹҳірҹ‘»рҹҸіпёҸвҖҚрҹҢҲрҹҳӮрҹ’һрҹҸҙвҖҚвҳ пёҸрҹҺёрҹҢ§пёҸрҹҳірҹ‘»рҹҸіпёҸвҖҚрҹҢҲрҹҳӮрҹ’һрҹҸҙвҖҚвҳ"] = CFrame.new(0.000001, -0.000004, 0.000005, 0.999555, 0.009124, -0.028398, -0.012920, 0.990555, -0.136503, 0.026884, 0.136809, 0.990233)
    }},
    { Time = 0.117, Data = {
      ["Head"] = CFrame.new(-0.000000, -0.000000, -0.000000, 0.946531, -0.009679, -0.322469, 0.046266, 0.993291, 0.105988, 0.319279, -0.115240, 0.940628),
      ["LeftUpperArm"] = CFrame.new(0.308114, -1.313278, -0.186201, 0.886264, -0.228565, -0.402857, -0.396570, -0.823823, -0.405028, -0.239308, 0.518723, -0.820767),
      ["LeftUpperLeg"] = CFrame.new(-0.006130, 0.059264, -0.050793, 0.987741, -0.087156, 0.129508, 0.118527, 0.958615, -0.258861, -0.101587, 0.271038, 0.957193),
      ["LowerTorso"] = CFrame.new(0.007468, 0.033480, -2.562753, -0.928574, -0.000602, -0.371148, -0.099192, 0.964027, 0.246604, 0.357648, 0.265805, -0.895229),
      ["RightUpperArm"] = CFrame.new(-0.021416, -0.004475, 0.043294, 0.985234, -0.081445, -0.150598, 0.054450, 0.982992, -0.175393, 0.162322, 0.164603, 0.972912),
      ["RightUpperLeg"] = CFrame.new(0.106837, 0.706217, -0.450898, 0.964827, -0.158593, -0.209661, -0.051524, 0.667988, -0.742386, 0.257788, 0.727076, 0.636322),
      ["рҹҢ§пёҸрҹҳірҹ‘»рҹҸіпёҸвҖҚрҹҢҲрҹҳӮрҹ’һрҹҸҙвҖҚвҳ пёҸрҹҺёрҹҢ§пёҸрҹҳірҹ‘»рҹҸіпёҸвҖҚрҹҢҲрҹҳӮрҹ’һрҹҸҙвҖҚвҳ"] = CFrame.new(0.000001, -0.000004, 0.000004, 0.999561, 0.006525, -0.028903, -0.010354, 0.990874, -0.134393, 0.027762, 0.134634, 0.990506)
    }},
    { Time = 0.133, Data = {
      ["Head"] = CFrame.new(0.000000, -0.000000, 0.000000, 0.946544, -0.010717, -0.322397, 0.046253, 0.993629, 0.102769, 0.319242, -0.112187, 0.941009),
      ["LeftUpperArm"] = CFrame.new(0.308388, -1.313414, -0.186296, 0.887659, -0.227520, -0.400369, -0.394438, -0.824340, -0.406057, -0.237654, 0.518361, -0.821476),
      ["LeftUpperLeg"] = CFrame.new(-0.006157, 0.059546, -0.050727, 0.987687, -0.087599, 0.129622, 0.119090, 0.958282, -0.259831, -0.101454, 0.272069, 0.956915),
      ["LowerTorso"] = CFrame.new(0.007473, 0.033083, -2.562666, -0.928560, -0.000607, -0.371182, -0.099682, 0.963672, 0.247791, 0.357547, 0.267089, -0.894888),
      ["RightUpperArm"] = CFrame.new(-0.021022, -0.004277, 0.042291, 0.985316, -0.079946, -0.150865, 0.053576, 0.983746, -0.171388, 0.162115, 0.160789, 0.973584),
      ["RightUpperLeg"] = CFrame.new(0.106970, 0.707219, -0.451196, 0.964835, -0.159518, -0.208918, -0.051462, 0.664788, -0.745258, 0.257768, 0.729802, 0.633202),
      ["рҹҢ§пёҸрҹҳірҹ‘»рҹҸіпёҸвҖҚрҹҢҲрҹҳӮрҹ’һрҹҸҙвҖҚвҳ пёҸрҹҺёрҹҢ§пёҸрҹҳірҹ‘»рҹҸіпёҸвҖҚрҹҢҲрҹҳӮрҹ’һрҹҸҙвҖҚвҳ"] = CFrame.new(0.000001, -0.000004, 0.000004, 0.999559, 0.004013, -0.029418, -0.007872, 0.991181, -0.132283, 0.028628, 0.132457, 0.990775)
    }},
    { Time = 0.150, Data = {
      ["Head"] = CFrame.new(0.000000, 0.000000, 0.000000, 0.946529, -0.011735, -0.322406, 0.046260, 0.993948, 0.099632, 0.319286, -0.109219, 0.941344),
      ["LeftUpperArm"] = CFrame.new(0.308644, -1.313553, -0.186405, 0.888988, -0.226548, -0.397965, -0.392391, -0.824867, -0.406969, -0.236070, 0.517949, -0.822192),
      ["LeftUpperLeg"] = CFrame.new(-0.006184, 0.059832, -0.050654, 0.987632, -0.088029, 0.129744, 0.119662, 0.957902, -0.260969, -0.101309, 0.273266, 0.956589),
      ["LowerTorso"] = CFrame.new(0.007473, 0.032616, -2.562489, -0.928579, -0.000607, -0.371134, -0.100176, 0.963292, 0.249065, 0.357359, 0.268456, -0.894554),
      ["RightUpperArm"] = CFrame.new(-0.020629, -0.004087, 0.041310, 0.985397, -0.078452, -0.151123, 0.052695, 0.984469, -0.167466, 0.161914, 0.157057, 0.974226),
      ["RightUpperLeg"] = CFrame.new(0.107132, 0.708405, -0.451564, 0.964821, -0.160537, -0.208201, -0.051510, 0.661147, -0.748486, 0.257811, 0.732880, 0.629619),
      ["рҹҢ§пёҸрҹҳірҹ‘»рҹҸіпёҸвҖҚрҹҢҲрҹҳӮрҹ’һрҹҸҙвҖҚвҳ пёҸрҹҺёрҹҢ§пёҸрҹҳірҹ‘»рҹҸіпёҸвҖҚрҹҢҲрҹҳӮрҹ’һрҹҸҙвҖҚвҳ"] = CFrame.new(0.000001, -0.000004, 0.000004, 0.999551, 0.001500, -0.029940, -0.005390, 0.991465, -0.130260, 0.029489, 0.130363, 0.991028)
    }},
    { Time = 0.167, Data = {
      ["Head"] = CFrame.new(-0.000000, -0.000000, 0.000000, 0.946542, -0.012745, -0.322330, 0.046276, 0.994249, 0.096581, 0.319245, -0.106335, 0.941687),
      ["LeftUpperArm"] = CFrame.new(0.308896, -1.313702, -0.186532, 0.890309, -0.225591, -0.395547, -0.390331, -0.825434, -0.407800, -0.234502, 0.517463, -0.822947),
      ["LeftUpperLeg"] = CFrame.new(-0.006216, 0.060165, -0.050571, 0.987568, -0.088534, 0.129886, 0.120328, 0.957464, -0.262267, -0.101141, 0.274636, 0.956214),
      ["LowerTorso"] = CFrame.new(0.007429, 0.032107, -2.562310, -0.928566, -0.000562, -0.371168, -0.100713, 0.962864, 0.250499, 0.357243, 0.269986, -0.894139),
      ["RightUpperArm"] = CFrame.new(-0.020237, -0.003905, 0.040350, 0.985476, -0.076964, -0.151372, 0.051805, 0.985161, -0.163627, 0.161720, 0.153409, 0.974840),
      ["RightUpperLeg"] = CFrame.new(0.107302, 0.709699, -0.451943, 0.964824, -0.161655, -0.207322, -0.051519, 0.657053, -0.752082, 0.257800, 0.736308, 0.625612),
      ["рҹҢ§пёҸрҹҳірҹ‘»рҹҸіпёҸвҖҚрҹҢҲрҹҳӮрҹ’һрҹҸҙвҖҚвҳ пёҸрҹҺёрҹҢ§пёҸрҹҳірҹ‘»рҹҸіпёҸвҖҚрҹҢҲрҹҳӮрҹ’һрҹҸҙвҖҚвҳ"] = CFrame.new(0.000002, -0.000004, 0.000004, 0.999535, -0.000926, -0.030472, -0.002993, 0.991728, -0.128323, 0.030338, 0.128354, 0.991264)
    }},
    { Time = 0.183, Data = {
      ["Head"] = CFrame.new(0.000000, -0.000000, 0.000000, 0.946526, -0.013735, -0.322335, 0.046311, 0.994531, 0.093613, 0.319287, -0.103535, 0.941985),
      ["LeftUpperArm"] = CFrame.new(0.309144, -1.313832, -0.186631, 0.891537, -0.224646, -0.393314, -0.388395, -0.825927, -0.408649, -0.233047, 0.517087, -0.823596),
      ["LeftUpperLeg"] = CFrame.new(-0.006252, 0.060542, -0.050478, 0.987495, -0.089117, 0.130044, 0.121083, 0.956991, -0.263643, -0.100955, 0.276093, 0.955814),
      ["LowerTorso"] = CFrame.new(0.007463, 0.031539, -2.562065, -0.928580, -0.000597, -0.371132, -0.101339, 0.962406, 0.252003, 0.357029, 0.271615, -0.893731),
      ["RightUpperArm"] = CFrame.new(-0.019872, -0.003735, 0.039433, 0.985548, -0.075574, -0.151603, 0.050987, 0.985805, -0.159963, 0.161540, 0.149922, 0.975412),
      ["RightUpperLeg"] = CFrame.new(0.107491, 0.711108, -0.452370, 0.964821, -0.162898, -0.206362, -0.051515, 0.652570, -0.755975, 0.257813, 0.740011, 0.621222),
      ["рҹҢ§пёҸрҹҳірҹ‘»рҹҸіпёҸвҖҚрҹҢҲрҹҳӮрҹ’һрҹҸҙвҖҚвҳ пёҸрҹҺёрҹҢ§пёҸрҹҳірҹ‘»рҹҸіпёҸвҖҚрҹҢҲрҹҳӮрҹ’һрҹҸҙвҖҚвҳ"] = CFrame.new(0.000002, -0.000004, 0.000004, 0.999516, -0.003260, -0.030928, -0.000676, 0.991981, -0.126385, 0.031092, 0.126345, 0.991499)
    }},
    { Time = 0.200, Data = {
      ["Head"] = CFrame.new(-0.000000, -0.000000, -0.000000, 0.946541, -0.014630, -0.322252, 0.046271, 0.994799, 0.090745, 0.319249, -0.100804, 0.942294),
      ["LeftUpperArm"] = CFrame.new(0.309393, -1.313961, -0.186729, 0.892757, -0.223700, -0.391079, -0.386458, -0.826417, -0.409493, -0.231591, 0.516713, -0.824241),
      ["LeftUpperLeg"] = CFrame.new(-0.006294, 0.060965, -0.050375, 0.987412, -0.089780, 0.130218, 0.121928, 0.956482, -0.265097, -0.100751, 0.277637, 0.955388),
      ["LowerTorso"] = CFrame.new(0.007453, 0.030933, -2.561828, -0.928562, -0.000587, -0.371177, -0.102007, 0.961898, 0.253666, 0.356886, 0.273407, -0.893242),
      ["RightUpperArm"] = CFrame.new(-0.019508, -0.003573, 0.038538, 0.985619, -0.074190, -0.151826, 0.050161, 0.986422, -0.156383, 0.161366, 0.146518, 0.975958),
      ["RightUpperLeg"] = CFrame.new(0.107688, 0.712616, -0.452807, 0.964834, -0.164238, -0.205236, -0.051472, 0.647620, -0.760223, 0.257773, 0.744053, 0.616392),
      ["рҹҢ§пёҸрҹҳірҹ‘»рҹҸіпёҸвҖҚрҹҢҲрҹҳӮрҹ’һрҹҸҙвҖҚвҳ пёҸрҹҺёрҹҢ§пёҸрҹҳірҹ‘»рҹҸіпёҸвҖҚрҹҢҲрҹҳӮрҹ’һрҹҸҙвҖҚвҳ"] = CFrame.new(0.000002, -0.000003, 0.000004, 0.999492, -0.005508, -0.031394, 0.001556, 0.992214, -0.124533, 0.031835, 0.124421, 0.991719)
    }},
    { Time = 0.217, Data = {
      ["Head"] = CFrame.new(-0.000000, 0.000000, 0.000000, 0.946527, -0.015493, -0.322251, 0.046262, 0.995042, 0.088043, 0.319290, -0.098243, 0.942551),
      ["LeftUpperArm"] = CFrame.new(0.309628, -1.314082, -0.186822, 0.893914, -0.222807, -0.388939, -0.384617, -0.826877, -0.410297, -0.230188, 0.516363, -0.824853),
      ["LeftUpperLeg"] = CFrame.new(-0.006336, 0.061391, -0.050267, 0.987329, -0.090430, 0.130401, 0.122780, 0.955922, -0.266717, -0.100534, 0.279348, 0.954912),
      ["LowerTorso"] = CFrame.new(0.007505, 0.030300, -2.561618, -0.928571, -0.000640, -0.371154, -0.102779, 0.961335, 0.255482, 0.356640, 0.275380, -0.892734),
      ["RightUpperArm"] = CFrame.new(-0.019170, -0.003423, 0.037686, 0.985683, -0.072904, -0.152031, 0.049406, 0.986994, -0.152978, 0.161206, 0.143277, 0.976465),
      ["RightUpperLeg"] = CFrame.new(0.107912, 0.714283, -0.453311, 0.964824, -0.165649, -0.204147, -0.051517, 0.642343, -0.764684, 0.257801, 0.748302, 0.611214),
      ["рҹҢ§пёҸрҹҳірҹ‘»рҹҸіпёҸвҖҚрҹҢҲрҹҳӮрҹ’һрҹҸҙвҖҚвҳ пёҸрҹҺёрҹҢ§пёҸрҹҳірҹ‘»рҹҸіпёҸвҖҚрҹҢҲрҹҳӮрҹ’һрҹҸҙвҖҚвҳ"] = CFrame.new(0.000002, -0.000003, 0.000004, 0.999463, -0.007670, -0.031869, 0.003701, 0.992429, -0.122766, 0.032569, 0.122582, 0.991924)
    }},
    { Time = 0.233, Data = {
      ["Head"] = CFrame.new(-0.000000, 0.000000, -0.000000, 0.946542, -0.016346, -0.322167, 0.046264, 0.995270, 0.085429, 0.319246, -0.095766, 0.942820),
      ["LeftUpperArm"] = CFrame.new(0.309870, -1.314202, -0.186910, 0.895037, -0.221890, -0.386877, -0.382793, -0.827335, -0.411079, -0.228862, 0.516025, -0.825434),
      ["LeftUpperLeg"] = CFrame.new(-0.006382, 0.061862, -0.050149, 0.987235, -0.091160, 0.130602, 0.123722, 0.955326, -0.268414, -0.100299, 0.281146, 0.954409),
      ["LowerTorso"] = CFrame.new(0.007458, 0.029610, -2.561329, -0.928585, -0.000592, -0.371119, -0.103483, 0.960749, 0.257395, 0.356400, 0.277417, -0.892199),
      ["RightUpperArm"] = CFrame.new(-0.018833, -0.003279, 0.036855, 0.985747, -0.071625, -0.152229, 0.048644, 0.987541, -0.149657, 0.161052, 0.140119, 0.976949),
      ["RightUpperLeg"] = CFrame.new(0.108143, 0.716034, -0.453825, 0.964829, -0.167145, -0.202896, -0.051512, 0.636654, -0.769427, 0.257781, 0.752817, 0.605653),
      ["рҹҢ§пёҸрҹҳірҹ‘»рҹҸіпёҸвҖҚрҹҢҲрҹҳӮрҹ’һрҹҸҙвҖҚвҳ пёҸрҹҺёрҹҢ§пёҸрҹҳірҹ‘»рҹҸіпёҸвҖҚрҹҢҲрҹҳӮрҹ’һрҹҸҙвҖҚвҳ"] = CFrame.new(0.000002, -0.000003, 0.000004, 0.999432, -0.009741, -0.032267, 0.005766, 0.992626, -0.121084, 0.033208, 0.120829, 0.992118)
    }},
    { Time = 0.250, Data = {
      ["Head"] = CFrame.new(-0.000000, -0.000000, -0.000000, 0.946528, -0.017180, -0.322164, 0.046284, 0.995483, 0.082896, 0.319284, -0.093375, 0.943048),
      ["LeftUpperArm"] = CFrame.new(0.310076, -1.314308, -0.186990, 0.896070, -0.221105, -0.384929, -0.381144, -0.827735, -0.411806, -0.227567, 0.515720, -0.825982),
      ["LeftUpperLeg"] = CFrame.new(-0.006434, 0.062378, -0.050022, 0.987131, -0.091969, 0.130819, 0.124753, 0.954691, -0.270188, -0.100043, 0.283031, 0.953879),
      ["LowerTorso"] = CFrame.new(0.007449, 0.028901, -2.561081, -0.928562, -0.000583, -0.371177, -0.104314, 0.960106, 0.259450, 0.356218, 0.279635, -0.891579),
      ["RightUpperArm"] = CFrame.new(-0.018522, -0.003146, 0.036067, 0.985803, -0.070444, -0.152411, 0.047952, 0.988046, -0.146512, 0.160910, 0.137124, 0.977397),
      ["RightUpperLeg"] = CFrame.new(0.108391, 0.717878, -0.454383, 0.964828, -0.168751, -0.201566, -0.051482, 0.630619, -0.774383, 0.257790, 0.757524, 0.599752),
      ["рҹҢ§пёҸрҹҳірҹ‘»рҹҸіпёҸвҖҚрҹҢҲрҹҳӮрҹ’һрҹҸҙвҖҚвҳ пёҸрҹҺёрҹҢ§пёҸрҹҳірҹ‘»рҹҸіпёҸвҖҚрҹҢҲрҹҳӮрҹ’һрҹҸҙвҖҚвҳ"] = CFrame.new(0.000003, -0.000003, 0.000004, 0.999394, -0.011732, -0.032759, 0.007738, 0.992806, -0.119487, 0.033925, 0.119161, 0.992295)
    }},
    { Time = 0.267, Data = {
      ["Head"] = CFrame.new(-0.000000, -0.000000, -0.000000, 0.946542, -0.018005, -0.322078, 0.046314, 0.995682, 0.080450, 0.319238, -0.091066, 0.943289),
      ["LeftUpperArm"] = CFrame.new(0.310284, -1.314424, -0.187087, 0.897071, -0.220313, -0.383048, -0.379503, -0.828176, -0.412436, -0.226366, 0.515352, -0.826542),
      ["LeftUpperLeg"] = CFrame.new(-0.006487, 0.062895, -0.049890, 0.987027, -0.092771, 0.131043, 0.125787, 0.954028, -0.272044, -0.099781, 0.284998, 0.953320),
      ["LowerTorso"] = CFrame.new(0.007519, 0.028153, -2.560794, -0.928566, -0.000654, -0.371166, -0.105232, 0.959429, 0.261575, 0.355937, 0.281949, -0.890962),
      ["RightUpperArm"] = CFrame.new(-0.018238, -0.003023, 0.035323, 0.985855, -0.069361, -0.152577, 0.047333, 0.988511, -0.143544, 0.160781, 0.134291, 0.977812),
      ["RightUpperLeg"] = CFrame.new(0.108653, 0.719855, -0.454968, 0.964827, -0.170400, -0.200184, -0.051518, 0.624161, -0.779595, 0.257790, 0.762487, 0.593429),
      ["рҹҢ§пёҸрҹҳірҹ‘»рҹҸіпёҸвҖҚрҹҢҲрҹҳӮрҹ’һрҹҸҙвҖҚвҳ пёҸрҹҺёрҹҢ§пёҸрҹҳірҹ‘»рҹҸіпёҸвҖҚрҹҢҲрҹҳӮрҹ’һрҹҸҙвҖҚвҳ"] = CFrame.new(0.000003, -0.000003, 0.000004, 0.999357, -0.013631, -0.033173, 0.009631, 0.992980, -0.117889, 0.034547, 0.117494, 0.992472)
    }},
    { Time = 0.283, Data = {
      ["Head"] = CFrame.new(0.000000, 0.000000, 0.000000, 0.946531, -0.018712, -0.322070, 0.046291, 0.995863, 0.078186, 0.319275, -0.088914, 0.943482),
      ["LeftUpperArm"] = CFrame.new(0.310483, -1.314520, -0.187158, 0.898011, -0.219559, -0.381275, -0.377968, -0.828545, -0.413104, -0.225202, 0.515081, -0.827029),
      ["LeftUpperLeg"] = CFrame.new(-0.006539, 0.063417, -0.049753, 0.986921, -0.093561, 0.131276, 0.126830, 0.953311, -0.274066, -0.099505, 0.287131, 0.952709),
      ["LowerTorso"] = CFrame.new(0.007473, 0.027386, -2.560529, -0.928575, -0.000607, -0.371145, -0.106098, 0.958703, 0.263880, 0.355657, 0.284410, -0.890292),
      ["RightUpperArm"] = CFrame.new(-0.017956, -0.002910, 0.034622, 0.985905, -0.068292, -0.152735, 0.046699, 0.988944, -0.140745, 0.160658, 0.131628, 0.978194),
      ["RightUpperLeg"] = CFrame.new(0.108930, 0.721908, -0.455598, 0.964818, -0.172147, -0.198727, -0.051517, 0.617415, -0.784949, 0.257824, 0.767570, 0.586824),
      ["рҹҢ§пёҸрҹҳірҹ‘»рҹҸіпёҸвҖҚрҹҢҲрҹҳӮрҹ’һрҹҸҙвҖҚвҳ пёҸрҹҺёрҹҢ§пёҸрҹҳірҹ‘»рҹҸіпёҸвҖҚрҹҢҲрҹҳӮрҹ’һрҹҸҙвҖҚвҳ"] = CFrame.new(0.000003, -0.000003, 0.000004, 0.999320, -0.015355, -0.033513, 0.011355, 0.993130, -0.116461, 0.035071, 0.116001, 0.992630)
    }},
    { Time = 0.300, Data = {
      ["Head"] = CFrame.new(-0.000000, 0.000000, -0.000000, 0.946547, -0.019394, -0.321981, 0.046292, 0.996026, 0.076093, 0.319226, -0.086931, 0.943683),
      ["LeftUpperArm"] = CFrame.new(0.310646, -1.314603, -0.187221, 0.898865, -0.218938, -0.379616, -0.376610, -0.828857, -0.413717, -0.224069, 0.514843, -0.827484),
      ["LeftUpperLeg"] = CFrame.new(-0.006598, 0.063981, -0.049607, 0.986805, -0.094436, 0.131523, 0.127957, 0.952579, -0.276081, -0.099214, 0.289268, 0.952093),
      ["LowerTorso"] = CFrame.new(0.007510, 0.026565, -2.560161, -0.928579, -0.000645, -0.371136, -0.107047, 0.957965, 0.266166, 0.355363, 0.286885, -0.889615),
      ["RightUpperArm"] = CFrame.new(-0.017678, -0.002804, 0.033967, 0.985954, -0.067235, -0.152883, 0.046050, 0.989345, -0.138116, 0.160541, 0.129136, 0.978545),
      ["RightUpperLeg"] = CFrame.new(0.109210, 0.724058, -0.456214, 0.964829, -0.173887, -0.197148, -0.051532, 0.610305, -0.790489, 0.257777, 0.772846, 0.579879),
      ["рҹҢ§пёҸрҹҳірҹ‘»рҹҸіпёҸвҖҚрҹҢҲрҹҳӮрҹ’һрҹҸҙвҖҚвҳ пёҸрҹҺёрҹҢ§пёҸрҹҳірҹ‘»рҹҸіпёҸвҖҚрҹҢҲрҹҳӮрҹ’һрҹҸҙвҖҚвҳ"] = CFrame.new(0.000003, -0.000003, 0.000004, 0.999279, -0.016999, -0.033946, 0.012986, 0.993267, -0.115118, 0.035674, 0.114594, 0.992772)
    }},
    { Time = 0.317, Data = {
      ["Head"] = CFrame.new(-0.000000, 0.000000, -0.000000, 0.946536, -0.020045, -0.321975, 0.046325, 0.996169, 0.074168, 0.319255, -0.085118, 0.943838),
      ["LeftUpperArm"] = CFrame.new(0.310818, -1.314696, -0.187298, 0.899660, -0.218286, -0.378105, -0.375278, -0.829211, -0.414217, -0.223111, 0.514549, -0.827926),
      ["LeftUpperLeg"] = CFrame.new(-0.006661, 0.064591, -0.049449, 0.986678, -0.095384, 0.131793, 0.129177, 0.951781, -0.278256, -0.098897, 0.291574, 0.951422),
      ["LowerTorso"] = CFrame.new(0.007514, 0.025739, -2.559846, -0.928582, -0.000649, -0.371127, -0.108027, 0.957171, 0.268616, 0.355057, 0.289523, -0.888882),
      ["RightUpperArm"] = CFrame.new(-0.017449, -0.002709, 0.033352, 0.985994, -0.066364, -0.153012, 0.045559, 0.989706, -0.135670, 0.160441, 0.126799, 0.978867),
      ["RightUpperLeg"] = CFrame.new(0.109504, 0.726279, -0.456870, 0.964834, -0.175733, -0.195483, -0.051523, 0.602816, -0.796215, 0.257762, 0.778287, 0.572563),
      ["рҹҢ§пёҸрҹҳірҹ‘»рҹҸіпёҸвҖҚрҹҢҲрҹҳӮрҹ’һрҹҸҙвҖҚвҳ пёҸрҹҺёрҹҢ§пёҸрҹҳірҹ‘»рҹҸіпёҸвҖҚрҹҢҲрҹҳӮрҹ’һрҹҸҙвҖҚвҳ"] = CFrame.new(0.000003, -0.000003, 0.000004, 0.999242, -0.018547, -0.034213, 0.014540, 0.993391, -0.113858, 0.036098, 0.113275, 0.992908)
    }},
    { Time = 0.333, Data = {
      ["Head"] = CFrame.new(-0.000000, -0.000000, -0.000000, 0.946527, -0.020596, -0.321966, 0.046286, 0.996305, 0.072342, 0.319287, -0.083376, 0.943983),
      ["LeftUpperArm"] = CFrame.new(0.310979, -1.314771, -0.187350, 0.900397, -0.217672, -0.376701, -0.374054, -0.829494, -0.414758, -0.222190, 0.514353, -0.828295),
      ["LeftUpperLeg"] = CFrame.new(-0.006725, 0.065200, -0.049289, 0.986549, -0.096330, 0.132065, 0.130397, 0.950976, -0.280430, -0.098577, 0.293878, 0.950746),
      ["LowerTorso"] = CFrame.new(0.007489, 0.024891, -2.559510, -0.928553, -0.000624, -0.371200, -0.109034, 0.956344, 0.271140, 0.354826, 0.292242, -0.888084),
      ["RightUpperArm"] = CFrame.new(-0.017223, -0.002622, 0.032783, 0.986032, -0.065505, -0.153133, 0.045054, 0.990038, -0.133395, 0.160346, 0.124633, 0.979161),
      ["RightUpperLeg"] = CFrame.new(0.109812, 0.728554, -0.457569, 0.964830, -0.177665, -0.193746, -0.051468, 0.595095, -0.802006, 0.257785, 0.783771, 0.565022),
      ["рҹҢ§пёҸрҹҳірҹ‘»рҹҸіпёҸвҖҚрҹҢҲрҹҳӮрҹ’һрҹҸҙвҖҚвҳ пёҸрҹҺёрҹҢ§пёҸрҹҳірҹ‘»рҹҸіпёҸвҖҚрҹҢҲрҹҳӮрҹ’һрҹҸҙвҖҚвҳ"] = CFrame.new(0.000003, -0.000003, 0.000004, 0.999202, -0.020016, -0.034572, 0.016003, 0.993502, -0.112685, 0.036603, 0.112041, 0.993029)
    }},
    { Time = 0.350, Data = {
      ["Head"] = CFrame.new(-0.000000, 0.000000, -0.000000, 0.946546, -0.021122, -0.321876, 0.046273, 0.996425, 0.070687, 0.319232, -0.081803, 0.944140),
      ["LeftUpperArm"] = CFrame.new(0.311121, -1.314849, -0.187416, 0.901078, -0.217131, -0.375384, -0.372917, -0.829791, -0.415186, -0.221341, 0.514102, -0.828678),
      ["LeftUpperLeg"] = CFrame.new(-0.006790, 0.065814, -0.049122, 0.986419, -0.097265, 0.132348, 0.131624, 0.950114, -0.282768, -0.098243, 0.296348, 0.950014),
      ["LowerTorso"] = CFrame.new(0.007460, 0.024024, -2.559157, -0.928556, -0.000595, -0.371193, -0.110045, 0.955485, 0.273750, 0.354506, 0.295040, -0.887286),
      ["RightUpperArm"] = CFrame.new(-0.016999, -0.002542, 0.032258, 0.986084, -0.064654, -0.153162, 0.044541, 0.990343, -0.131288, 0.160171, 0.122640, 0.979441),
      ["RightUpperLeg"] = CFrame.new(0.110127, 0.730965, -0.458267, 0.964832, -0.179547, -0.191997, -0.051544, 0.586993, -0.807950, 0.257766, 0.789432, 0.557094),
      ["рҹҢ§пёҸрҹҳірҹ‘»рҹҸіпёҸвҖҚрҹҢҲрҹҳӮрҹ’һрҹҸҙвҖҚвҳ пёҸрҹҺёрҹҢ§пёҸрҹҳірҹ‘»рҹҸіпёҸвҖҚрҹҢҲрҹҳӮрҹ’һрҹҸҙвҖҚвҳ"] = CFrame.new(0.000003, -0.000003, 0.000004, 0.999165, -0.021308, -0.034855, 0.017296, 0.993603, -0.111593, 0.037010, 0.110897, 0.993142)
    }},
    { Time = 0.367, Data = {
      ["Head"] = CFrame.new(-0.000000, 0.000000, -0.000000, 0.946537, -0.021617, -0.321869, 0.046291, 0.996528, 0.069201, 0.319255, -0.080401, 0.944252),
      ["LeftUpperArm"] = CFrame.new(0.311254, -1.314909, -0.187456, 0.901702, -0.216627, -0.374175, -0.371888, -0.830018, -0.415655, -0.220530, 0.513948, -0.828990),
      ["LeftUpperLeg"] = CFrame.new(-0.006861, 0.066471, -0.048946, 0.986278, -0.098284, 0.132647, 0.132936, 0.949235, -0.285099, -0.097892, 0.298820, 0.949275),
      ["LowerTorso"] = CFrame.new(0.007498, 0.023149, -2.558817, -0.928554, -0.000633, -0.371199, -0.111154, 0.954586, 0.276424, 0.354166, 0.297935, -0.886455),
      ["RightUpperArm"] = CFrame.new(-0.016827, -0.002474, 0.031797, 0.986112, -0.063999, -0.153254, 0.044172, 0.990601, -0.129453, 0.160099, 0.120886, 0.979671),
      ["RightUpperLeg"] = CFrame.new(0.110458, 0.733380, -0.459024, 0.964818, -0.181589, -0.190134, -0.051498, 0.578639, -0.813956, 0.257825, 0.795112, 0.548930),
      ["рҹҢ§пёҸрҹҳірҹ‘»рҹҸіпёҸвҖҚрҹҢҲрҹҳӮрҹ’һрҹҸҙвҖҚвҳ пёҸрҹҺёрҹҢ§пёҸрҹҳірҹ‘»рҹҸіпёҸвҖҚрҹҢҲрҹҳӮрҹ’һрҹҸҙвҖҚвҳ"] = CFrame.new(0.000003, -0.000003, 0.000004, 0.999129, -0.022515, -0.035144, 0.018503, 0.993694, -0.110587, 0.037412, 0.109840, 0.993245)
    }},
    { Time = 0.383, Data = {
      ["Head"] = CFrame.new(0.000000, 0.000000, -0.000000, 0.946528, -0.022098, -0.321862, 0.046322, 0.996623, 0.067799, 0.319277, -0.079083, 0.944356),
      ["LeftUpperArm"] = CFrame.new(0.311373, -1.314973, -0.187509, 0.902242, -0.216173, -0.373133, -0.370966, -0.830260, -0.415996, -0.219870, 0.513749, -0.829289),
      ["LeftUpperLeg"] = CFrame.new(-0.006932, 0.067128, -0.048767, 0.986136, -0.099296, 0.132952, 0.134251, 0.948322, -0.287511, -0.097533, 0.301374, 0.948505),
      ["LowerTorso"] = CFrame.new(0.007452, 0.022237, -2.558383, -0.928556, -0.000588, -0.371193, -0.112180, 0.953684, 0.279112, 0.353836, 0.300811, -0.885614),
      ["RightUpperArm"] = CFrame.new(-0.016659, -0.002413, 0.031381, 0.986140, -0.063358, -0.153340, 0.043789, 0.990834, -0.127788, 0.160031, 0.119303, 0.979876),
      ["RightUpperLeg"] = CFrame.new(0.110783, 0.735885, -0.459741, 0.964832, -0.183523, -0.188200, -0.051518, 0.570048, -0.819995, 0.257771, 0.800852, 0.540546),
      ["рҹҢ§пёҸрҹҳірҹ‘»рҹҸіпёҸвҖҚрҹҢҲрҹҳӮрҹ’һрҹҸҙвҖҚвҳ пёҸрҹҺёрҹҢ§пёҸрҹҳірҹ‘»рҹҸіпёҸвҖҚрҹҢҲрҹҳӮрҹ’һрҹҸҙвҖҚвҳ"] = CFrame.new(0.000003, -0.000002, 0.000004, 0.999097, -0.023548, -0.035355, 0.019539, 0.993767, -0.109748, 0.037719, 0.108959, 0.993330)
    }},
    { Time = 0.400, Data = {
      ["Head"] = CFrame.new(0.000000, 0.000000, -0.000000, 0.946551, -0.022455, -0.321773, 0.046308, 0.996700, 0.066668, 0.319214, -0.078005, 0.944467),
      ["LeftUpperArm"] = CFrame.new(0.311464, -1.315022, -0.187551, 0.902674, -0.215829, -0.372287, -0.370240, -0.830448, -0.416268, -0.219322, 0.513589, -0.829532),
      ["LeftUpperLeg"] = CFrame.new(-0.007004, 0.067785, -0.048585, 0.985992, -0.100307, 0.133260, 0.135565, 0.947401, -0.289921, -0.097170, 0.303925, 0.947727),
      ["LowerTorso"] = CFrame.new(0.007474, 0.021327, -2.557976, -0.928553, -0.000609, -0.371200, -0.113303, 0.952741, 0.281863, 0.353486, 0.303783, -0.884739),
      ["RightUpperArm"] = CFrame.new(-0.016493, -0.002358, 0.031009, 0.986168, -0.062730, -0.153420, 0.043392, 0.991043, -0.126295, 0.159968, 0.117890, 0.980057),
      ["RightUpperLeg"] = CFrame.new(0.111120, 0.738418, -0.460494, 0.964836, -0.185538, -0.186190, -0.051493, 0.561203, -0.826075, 0.257758, 0.806615, 0.531915),
      ["рҹҢ§пёҸрҹҳірҹ‘»рҹҸіпёҸвҖҚрҹҢҲрҹҳӮрҹ’һрҹҸҙвҖҚвҳ пёҸрҹҺёрҹҢ§пёҸрҹҳірҹ‘»рҹҸіпёҸвҖҚрҹҢҲрҹҳӮрҹ’һрҹҸҙвҖҚвҳ"] = CFrame.new(0.000004, -0.000002, 0.000004, 0.999069, -0.024410, -0.035576, 0.020401, 0.993833, -0.108993, 0.038017, 0.108166, 0.993406)
    }},
    { Time = 0.417, Data = {
      ["Head"] = CFrame.new(-0.000000, 0.000000, 0.000000, 0.946545, -0.022780, -0.321768, 0.046324, 0.996763, 0.065705, 0.319230, -0.077098, 0.944536),
      ["LeftUpperArm"] = CFrame.new(0.311559, -1.315060, -0.187573, 0.903105, -0.215469, -0.371450, -0.369524, -0.830593, -0.416615, -0.218756, 0.513507, -0.829733),
      ["LeftUpperLeg"] = CFrame.new(-0.007077, 0.068445, -0.048399, 0.985847, -0.101312, 0.133576, 0.136883, 0.946445, -0.292413, -0.096797, 0.306558, 0.946917),
      ["LowerTorso"] = CFrame.new(0.007492, 0.020422, -2.557590, -0.928581, -0.000628, -0.371128, -0.114430, 0.951763, 0.284699, 0.353047, 0.306834, -0.883861),
      ["RightUpperArm"] = CFrame.new(-0.016379, -0.002314, 0.030702, 0.986186, -0.062294, -0.153480, 0.043146, 0.991209, -0.125070, 0.159921, 0.116721, 0.980205),
      ["RightUpperLeg"] = CFrame.new(0.111463, 0.741004, -0.461262, 0.964839, -0.187548, -0.184151, -0.051486, 0.552185, -0.832130, 0.257750, 0.812353, 0.523114),
      ["рҹҢ§пёҸрҹҳірҹ‘»рҹҸіпёҸвҖҚрҹҢҲрҹҳӮрҹ’һрҹҸҙвҖҚвҳ пёҸрҹҺёрҹҢ§пёҸрҹҳірҹ‘»рҹҸіпёҸвҖҚрҹҢҲрҹҳӮрҹ’һрҹҸҙвҖҚвҳ"] = CFrame.new(0.000004, -0.000002, 0.000004, 0.999045, -0.025184, -0.035713, 0.021178, 0.993881, -0.108407, 0.038225, 0.107547, 0.993465)
    }},
    { Time = 0.433, Data = {
      ["Head"] = CFrame.new(0.000000, -0.000000, 0.000000, 0.946541, -0.023006, -0.321761, 0.046269, 0.996822, 0.064841, 0.319247, -0.076262, 0.944598),
      ["LeftUpperArm"] = CFrame.new(0.311626, -1.315095, -0.187601, 0.903400, -0.215213, -0.370880, -0.369013, -0.830726, -0.416801, -0.218398, 0.513397, -0.829895),
      ["LeftUpperLeg"] = CFrame.new(-0.007155, 0.069146, -0.048204, 0.985689, -0.102400, 0.133907, 0.138284, 0.945470, -0.294896, -0.096408, 0.309193, 0.946100),
      ["LowerTorso"] = CFrame.new(0.007480, 0.019526, -2.557236, -0.928578, -0.000616, -0.371138, -0.115583, 0.950748, 0.287609, 0.352681, 0.309965, -0.882914),
      ["RightUpperArm"] = CFrame.new(-0.016267, -0.002276, 0.030439, 0.986205, -0.061871, -0.153534, 0.042886, 0.991353, -0.124017, 0.159879, 0.115722, 0.980330),
      ["RightUpperLeg"] = CFrame.new(0.111812, 0.743642, -0.462042, 0.964840, -0.189563, -0.182073, -0.051511, 0.542911, -0.838209, 0.257743, 0.818116, 0.514058),
      ["рҹҢ§пёҸрҹҳірҹ‘»рҹҸіпёҸвҖҚрҹҢҲрҹҳӮрҹ’һрҹҸҙвҖҚвҳ пёҸрҹҺёрҹҢ§пёҸрҹҳірҹ‘»рҹҸіпёҸвҖҚрҹҢҲрҹҳӮрҹ’һрҹҸҙвҖҚвҳ"] = CFrame.new(0.000004, -0.000002, 0.000004, 0.999022, -0.025873, -0.035855, 0.021868, 0.993921, -0.107906, 0.038429, 0.107016, 0.993514)
    }},
    { Time = 0.450, Data = {
      ["Head"] = CFrame.new(-0.000000, 0.000000, -0.000000, 0.946538, -0.023189, -0.321756, 0.046257, 0.996862, 0.064232, 0.319257, -0.075681, 0.944641),
      ["LeftUpperArm"] = CFrame.new(0.311672, -1.315123, -0.187627, 0.903668, -0.215037, -0.370328, -0.368581, -0.830833, -0.416970, -0.218017, 0.513299, -0.830056),
      ["LeftUpperLeg"] = CFrame.new(-0.007235, 0.069848, -0.048005, 0.985530, -0.103482, 0.134247, 0.139689, 0.944460, -0.297461, -0.096009, 0.311909, 0.945249),
      ["LowerTorso"] = CFrame.new(0.007484, 0.018593, -2.556758, -0.928573, -0.000621, -0.371148, -0.116721, 0.949749, 0.290435, 0.352318, 0.313011, -0.881984),
      ["RightUpperArm"] = CFrame.new(-0.016206, -0.002249, 0.030240, 0.986214, -0.061639, -0.153568, 0.042777, 0.991455, -0.123234, 0.159852, 0.114966, 0.980423),
      ["RightUpperLeg"] = CFrame.new(0.112170, 0.746282, -0.462853, 0.964831, -0.191647, -0.179924, -0.051479, 0.533452, -0.844262, 0.257781, 0.823833, 0.504825),
      ["рҹҢ§пёҸрҹҳірҹ‘»рҹҸіпёҸвҖҚрҹҢҲрҹҳӮрҹ’һрҹҸҙвҖҚвҳ пёҸрҹҺёрҹҢ§пёҸрҹҳірҹ‘»рҹҸіпёҸвҖҚрҹҢҲрҹҳӮрҹ’һрҹҸҙвҖҚвҳ"] = CFrame.new(0.000004, -0.000002, 0.000004, 0.999005, -0.026305, -0.036009, 0.022298, 0.993957, -0.107486, 0.038619, 0.106576, 0.993554)
    }},
    { Time = 0.467, Data = {
      ["Head"] = CFrame.new(-0.000000, 0.000000, -0.000000, 0.946535, -0.023345, -0.321754, 0.046272, 0.996890, 0.063793, 0.319264, -0.075270, 0.944672),
      ["LeftUpperArm"] = CFrame.new(0.311717, -1.315144, -0.187643, 0.903829, -0.214869, -0.370033, -0.368286, -0.830913, -0.417071, -0.217849, 0.513239, -0.830137),
      ["LeftUpperLeg"] = CFrame.new(-0.007315, 0.070550, -0.047803, 0.985369, -0.104562, 0.134589, 0.141092, 0.943440, -0.300023, -0.095606, 0.314623, 0.944390),
      ["LowerTorso"] = CFrame.new(0.007472, 0.017681, -2.556330, -0.928569, -0.000608, -0.371160, -0.117873, 0.948714, 0.293340, 0.351946, 0.316137, -0.881018),
      ["RightUpperArm"] = CFrame.new(-0.016151, -0.002231, 0.030109, 0.986223, -0.061427, -0.153595, 0.042647, 0.991526, -0.122707, 0.159831, 0.114466, 0.980485),
      ["RightUpperLeg"] = CFrame.new(0.112529, 0.748984, -0.463655, 0.964827, -0.193641, -0.177796, -0.051529, 0.523902, -0.850218, 0.257785, 0.829476, 0.495497),
      ["рҹҢ§пёҸрҹҳірҹ‘»рҹҸіпёҸвҖҚрҹҢҲрҹҳӮрҹ’һрҹҸҙвҖҚвҳ пёҸрҹҺёрҹҢ§пёҸрҹҳірҹ‘»рҹҸіпёҸвҖҚрҹҢҲрҹҳӮрҹ’һрҹҸҙвҖҚвҳ"] = CFrame.new(0.000004, -0.000002, 0.000004, 0.998991, -0.026735, -0.036077, 0.022731, 0.993983, -0.107151, 0.038725, 0.106223, 0.993588)
    }},
    { Time = 0.483, Data = {
      ["Head"] = CFrame.new(0.000000, -0.000000, 0.000000, 0.946532, -0.023472, -0.321754, 0.046315, 0.996905, 0.063524, 0.319267, -0.075029, 0.944690),
      ["LeftUpperArm"] = CFrame.new(0.311740, -1.315159, -0.187656, 0.903963, -0.214781, -0.369757, -0.368070, -0.830967, -0.417156, -0.217658, 0.513190, -0.830218),
      ["LeftUpperLeg"] = CFrame.new(-0.007396, 0.071252, -0.047600, 0.985207, -0.105642, 0.134935, 0.142495, 0.942411, -0.302583, -0.095199, 0.317334, 0.943523),
      ["LowerTorso"] = CFrame.new(0.007459, 0.016769, -2.555882, -0.928564, -0.000596, -0.371172, -0.119025, 0.947667, 0.296243, 0.351571, 0.319259, -0.880041),
      ["RightUpperArm"] = CFrame.new(-0.016099, -0.002218, 0.030023, 0.986232, -0.061229, -0.153616, 0.042503, 0.991576, -0.122352, 0.159814, 0.114138, 0.980526),
      ["RightUpperLeg"] = CFrame.new(0.112882, 0.751653, -0.464446, 0.964836, -0.195662, -0.175523, -0.051481, 0.514164, -0.856146, 0.257762, 0.835076, 0.486011),
      ["рҹҢ§пёҸрҹҳірҹ‘»рҹҸіпёҸвҖҚрҹҢҲрҹҳӮрҹ’һрҹҸҙвҖҚвҳ пёҸрҹҺёрҹҢ§пёҸрҹҳірҹ‘»рҹҸіпёҸвҖҚрҹҢҲрҹҳӮрҹ’һрҹҸҙвҖҚвҳ"] = CFrame.new(0.000004, -0.000002, 0.000004, 0.998984, -0.026908, -0.036156, 0.022902, 0.993997, -0.106983, 0.038818, 0.106047, 0.993603)
    }},
    { Time = 0.500, Data = {
      ["Head"] = CFrame.new(-0.000000, 0.000000, -0.000000, 0.946532, -0.023486, -0.321753, 0.046301, 0.996911, 0.063439, 0.319269, -0.074944, 0.944696),
      ["LeftUpperArm"] = CFrame.new(0.311761, -1.315165, -0.187658, 0.903990, -0.214702, -0.369738, -0.367991, -0.830993, -0.417173, -0.217682, 0.513180, -0.830217),
      ["LeftUpperLeg"] = CFrame.new(-0.007478, 0.071953, -0.047394, 0.985043, -0.106720, 0.135284, 0.143897, 0.941373, -0.305141, -0.094788, 0.320044, 0.942649),
      ["LowerTorso"] = CFrame.new(0.007430, 0.015889, -2.555500, -0.928559, -0.000567, -0.371185, -0.120191, 0.946583, 0.299225, 0.351188, 0.322461, -0.879026),
      ["RightUpperArm"] = CFrame.new(-0.016097, -0.002215, 0.030000, 0.986232, -0.061222, -0.153619, 0.042510, 0.991587, -0.122266, 0.159812, 0.114052, 0.980537),
      ["RightUpperLeg"] = CFrame.new(0.113246, 0.754384, -0.465261, 0.964828, -0.197625, -0.173354, -0.051544, 0.504419, -0.861919, 0.257780, 0.840539, 0.476491),
      ["рҹҢ§пёҸрҹҳірҹ‘»рҹҸіпёҸвҖҚрҹҢҲрҹҳӮрҹ’һрҹҸҙвҖҚвҳ пёҸрҹҺёрҹҢ§пёҸрҹҳірҹ‘»рҹҸіпёҸвҖҚрҹҢҲрҹҳӮрҹ’һрҹҸҙвҖҚвҳ"] = CFrame.new(0.000004, -0.000002, 0.000004, 0.998982, -0.026993, -0.036153, 0.022990, 0.994004, -0.106899, 0.038822, 0.105959, 0.993612)
    }},
    { Time = 0.517, Data = {
      ["Head"] = CFrame.new(-0.000000, -0.000000, 0.000000, 0.946532, -0.023472, -0.321754, 0.046315, 0.996905, 0.063524, 0.319267, -0.075029, 0.944690),
      ["LeftUpperArm"] = CFrame.new(0.311740, -1.315158, -0.187656, 0.903963, -0.214781, -0.369757, -0.368070, -0.830967, -0.417156, -0.217658, 0.513190, -0.830218),
      ["LeftUpperLeg"] = CFrame.new(-0.007561, 0.072653, -0.047187, 0.984877, -0.107798, 0.135636, 0.145297, 0.940325, -0.307697, -0.094373, 0.322751, 0.941767),
      ["LowerTorso"] = CFrame.new(0.007515, 0.014998, -2.555050, -0.928580, -0.000652, -0.371132, -0.121411, 0.945509, 0.302111, 0.350712, 0.325594, -0.878060),
      ["RightUpperArm"] = CFrame.new(-0.016123, -0.002221, 0.030043, 0.986227, -0.061322, -0.153608, 0.042582, 0.991562, -0.122444, 0.159821, 0.114216, 0.980516),
      ["RightUpperLeg"] = CFrame.new(0.113603, 0.757059, -0.466063, 0.964832, -0.199605, -0.171048, -0.051496, 0.494570, -0.867611, 0.257775, 0.845907, 0.466898),
