return {
  ["Astros grab ass"] = {
    { Time = 0.000, Data = {
      ["Balls"] = CFrame.new(-0.000000, -0.000001, 0.000000, 0.984888, 0.173194, 0.000000, -0.173194, 0.984888, -0.000000, -0.000000, 0.000000, 1.000000),
      ["Cock"] = CFrame.new(0.000000, 0.000000, 0.000000, 0.846007, 0.533171, 0.000000, -0.533171, 0.846007, -0.000000, -0.000000, 0.000000, 1.000000),
      ["Head"] = CFrame.new(0.000000, 0.000000, -0.000000, 1.000000, -0.000000, 0.000000, 0.000000, 0.919336, 0.393473, -0.000000, -0.393473, 0.919336),
      ["LeftUpperArm"] = CFrame.new(0.058843, -1.091042, 0.248248, 0.960197, 0.223725, 0.167238, 0.111262, 0.242834, -0.963666, -0.256208, 0.943917, 0.208277),
      ["LeftUpperLeg"] = CFrame.new(-0.000939, -0.021431, -0.021883, 0.998122, 0.042903, 0.043724, -0.042861, 0.999079, -0.001888, -0.043765, 0.000010, 0.999042),
      ["LowerTorso"] = CFrame.new(-1.732730, 0.000000, -1.372220, -0.310177, 0.000000, -0.950679, 0.000000, 1.000000, 0.000000, 0.950679, 0.000000, -0.310177),
      ["RightUpperArm"] = CFrame.new(0.000000, -0.000020, -0.003224, 1.000000, -0.000000, 0.000000, 0.000000, 0.999925, 0.012257, -0.000000, -0.012257, 0.999925),
      ["RightUpperLeg"] = CFrame.new(0.000816, -0.019579, -0.020760, 0.998370, -0.039190, -0.041489, 0.039158, 0.999232, -0.001590, 0.041519, -0.000037, 0.999138)
    }},
    { Time = 0.017, Data = {
      ["Balls"] = CFrame.new(-0.000001, -0.000003, 0.000000, 0.985275, 0.170975, 0.000000, -0.170975, 0.985275, -0.000000, -0.000000, 0.000000, 1.000000),
      ["Cock"] = CFrame.new(0.000000, 0.000000, 0.000000, 0.846007, 0.533171, 0.000000, -0.533171, 0.846007, -0.000000, -0.000000, 0.000000, 1.000000),
      ["Head"] = CFrame.new(0.000000, -0.000000, 0.000000, 1.000000, -0.000000, 0.000000, 0.000000, 0.919786, 0.392420, -0.000000, -0.392420, 0.919786),
      ["LeftUpperArm"] = CFrame.new(0.058842, -1.091068, 0.248255, 0.960180, 0.223720, 0.167344, 0.111397, 0.242735, -0.963676, -0.256214, 0.943943, 0.208147),
      ["LeftUpperLeg"] = CFrame.new(-0.000939, -0.021431, -0.021883, 0.998122, 0.042903, 0.043724, -0.042861, 0.999079, -0.001888, -0.043765, 0.000010, 0.999042),
      ["LowerTorso"] = CFrame.new(-1.732730, 0.000000, -1.372221, -0.310177, 0.000000, -0.950679, 0.000000, 1.000000, 0.000000, 0.950679, 0.000000, -0.310177),
      ["RightUpperArm"] = CFrame.new(0.000000, -0.000024, -0.003564, 1.000000, -0.000000, 0.000000, 0.000000, 0.999908, 0.013552, -0.000000, -0.013552, 0.999908),
      ["RightUpperLeg"] = CFrame.new(0.000816, -0.019578, -0.020760, 0.998370, -0.039192, -0.041487, 0.039156, 0.999232, -0.001676, 0.041521, 0.000049, 0.999138)
    }},
    { Time = 0.033, Data = {
      ["Balls"] = CFrame.new(-0.000001, -0.000003, 0.000000, 0.985673, 0.168670, 0.000000, -0.168670, 0.985673, -0.000000, -0.000000, 0.000000, 1.000000),
      ["Cock"] = CFrame.new(0.000000, 0.000000, 0.000000, 0.845959, 0.533247, 0.000000, -0.533247, 0.845959, -0.000000, -0.000000, 0.000000, 1.000000),
      ["Head"] = CFrame.new(0.000000, -0.000000, -0.000000, 1.000000, -0.000000, 0.000000, 0.000000, 0.920235, 0.391366, -0.000000, -0.391366, 0.920235),
      ["LeftUpperArm"] = CFrame.new(0.058821, -1.091065, 0.248259, 0.960169, 0.223639, 0.167516, 0.111584, 0.242747, -0.963651, -0.256174, 0.943960, 0.208124),
      ["LeftUpperLeg"] = CFrame.new(-0.000939, -0.021429, -0.021883, 0.998122, 0.042905, 0.043722, -0.042859, 0.999079, -0.001974, -0.043767, 0.000097, 0.999042),
      ["LowerTorso"] = CFrame.new(-1.732730, 0.000000, -1.372221, -0.310177, 0.000000, -0.950679, 0.000000, 1.000000, 0.000000, 0.950679, 0.000000, -0.310177),
      ["RightUpperArm"] = CFrame.new(0.000000, -0.000029, -0.003905, 1.000000, -0.000000, 0.000000, 0.000000, 0.999890, 0.014847, -0.000000, -0.014847, 0.999890),
      ["RightUpperLeg"] = CFrame.new(0.000816, -0.019578, -0.020760, 0.998370, -0.039192, -0.041487, 0.039156, 0.999232, -0.001676, 0.041521, 0.000049, 0.999138)
    }},
    { Time = 0.050, Data = {
      ["Balls"] = CFrame.new(-0.000001, -0.000002, 0.000000, 0.986064, 0.166364, 0.000000, -0.166364, 0.986064, -0.000000, -0.000000, 0.000000, 1.000000),
      ["Cock"] = CFrame.new(0.000000, 0.000000, 0.000000, 0.845912, 0.533323, 0.000000, -0.533323, 0.845912, -0.000000, -0.000000, 0.000000, 1.000000),
      ["Head"] = CFrame.new(0.000000, -0.000000, 0.000000, 1.000000, -0.000000, 0.000000, 0.000000, 0.920683, 0.390312, -0.000000, -0.390312, 0.920683),
      ["LeftUpperArm"] = CFrame.new(0.058796, -1.091060, 0.248264, 0.960140, 0.223543, 0.167807, 0.111892, 0.242766, -0.963610, -0.256146, 0.943977, 0.208076),
      ["LeftUpperLeg"] = CFrame.new(-0.000939, -0.021429, -0.021884, 0.998122, 0.042906, 0.043721, -0.042857, 0.999079, -0.002060, -0.043769, 0.000183, 0.999042),
      ["LowerTorso"] = CFrame.new(-1.732850, 0.000000, -1.372240, -0.310177, 0.000121, -0.950679, 0.000019, 1.000000, 0.000121, 0.950679, 0.000019, -0.310177),
      ["RightUpperArm"] = CFrame.new(0.000000, -0.000035, -0.004268, 1.000000, -0.000000, 0.000000, 0.000000, 0.999868, 0.016228, -0.000000, -0.016228, 0.999868),
      ["RightUpperLeg"] = CFrame.new(0.000816, -0.019576, -0.020762, 0.998370, -0.039196, -0.041484, 0.039153, 0.999232, -0.001849, 0.041524, 0.000222, 0.999137)
    }},
    { Time = 0.067, Data = {
      ["Balls"] = CFrame.new(-0.000001, -0.000002, 0.000000, 0.986437, 0.164143, 0.000000, -0.164143, 0.986437, -0.000000, -0.000000, 0.000000, 1.000000),
      ["Cock"] = CFrame.new(0.000000, 0.000000, 0.000000, 0.845816, 0.533475, 0.000000, -0.533475, 0.845816, -0.000000, -0.000000, 0.000000, 1.000000),
      ["Head"] = CFrame.new(0.000000, 0.000000, 0.000000, 1.000000, -0.000000, 0.000000, 0.000000, 0.921095, 0.389339, -0.000000, -0.389339, 0.921095),
      ["LeftUpperArm"] = CFrame.new(0.058738, -1.091080, 0.248283, 0.960124, 0.223323, 0.168192, 0.112348, 0.242691, -0.963577, -0.256007, 0.944049, 0.207923),
      ["LeftUpperLeg"] = CFrame.new(-0.000939, -0.021427, -0.021886, 0.998122, 0.042910, 0.043717, -0.042854, 0.999079, -0.002233, -0.043772, 0.000355, 0.999041),
      ["LowerTorso"] = CFrame.new(-1.732902, 0.000000, -1.372310, -0.310177, 0.000171, -0.950679, -0.000032, 1.000000, 0.000190, 0.950679, 0.000089, -0.310177),
      ["RightUpperArm"] = CFrame.new(0.000000, -0.000040, -0.004608, 1.000000, -0.000000, 0.000000, 0.000000, 0.999846, 0.017523, -0.000000, -0.017523, 0.999846),
      ["RightUpperLeg"] = CFrame.new(0.000816, -0.019575, -0.020763, 0.998370, -0.039198, -0.041482, 0.039151, 0.999231, -0.001935, 0.041526, 0.000308, 0.999137)
    }},
    { Time = 0.083, Data = {
      ["Balls"] = CFrame.new(-0.000001, -0.000002, 0.000000, 0.986804, 0.161921, 0.000000, -0.161921, 0.986804, -0.000000, -0.000000, 0.000000, 1.000000),
      ["Cock"] = CFrame.new(0.000000, -0.000000, 0.000000, 0.845720, 0.533627, 0.000000, -0.533627, 0.845720, -0.000000, -0.000000, 0.000000, 1.000000),
      ["Head"] = CFrame.new(0.000000, 0.000000, 0.000000, 1.000000, -0.000000, 0.000000, 0.000000, 0.921540, 0.388284, -0.000000, -0.388284, 0.921540),
      ["LeftUpperArm"] = CFrame.new(0.058674, -1.091070, 0.248295, 0.960090, 0.223079, 0.168708, 0.112910, 0.242728, -0.963501, -0.255887, 0.944097, 0.207852),
      ["LeftUpperLeg"] = CFrame.new(-0.000939, -0.021425, -0.021888, 0.998122, 0.042914, 0.043713, -0.042850, 0.999079, -0.002406, -0.043776, 0.000528, 0.999041),
      ["LowerTorso"] = CFrame.new(-1.733022, 0.000000, -1.372329, -0.310177, 0.000292, -0.950679, -0.000012, 1.000000, 0.000311, 0.950679, 0.000108, -0.310177),
      ["RightUpperArm"] = CFrame.new(0.000000, -0.000047, -0.004949, 1.000000, -0.000000, 0.000000, 0.000000, 0.999823, 0.018817, -0.000000, -0.018817, 0.999823),
      ["RightUpperLeg"] = CFrame.new(0.000816, -0.019574, -0.020765, 0.998370, -0.039201, -0.041479, 0.039147, 0.999231, -0.002108, 0.041529, 0.000481, 0.999137)
    }},
    { Time = 0.100, Data = {
      ["Balls"] = CFrame.new(-0.000001, -0.000002, 0.000000, 0.987166, 0.159699, 0.000000, -0.159699, 0.987166, -0.000000, -0.000000, 0.000000, 1.000000),
      ["Cock"] = CFrame.new(0.000000, 0.000000, 0.000000, 0.845576, 0.533855, 0.000000, -0.533855, 0.845576, -0.000000, -0.000000, 0.000000, 1.000000),
      ["Head"] = CFrame.new(0.000000, 0.000000, 0.000000, 1.000000, -0.000000, 0.000000, 0.000000, 0.921950, 0.387310, -0.000000, -0.387310, 0.921950),
      ["LeftUpperArm"] = CFrame.new(0.058591, -1.091085, 0.248319, 0.960044, 0.222764, 0.169384, 0.113673, 0.242670, -0.963426, -0.255721, 0.944186, 0.207652),
      ["LeftUpperLeg"] = CFrame.new(-0.000939, -0.021423, -0.021890, 0.998122, 0.042918, 0.043710, -0.042846, 0.999078, -0.002578, -0.043780, 0.000701, 0.999041),
      ["LowerTorso"] = CFrame.new(-1.733143, 0.000000, -1.372349, -0.310177, 0.000412, -0.950679, 0.000007, 1.000000, 0.000432, 0.950679, 0.000127, -0.310177),
      ["RightUpperArm"] = CFrame.new(0.000000, -0.000053, -0.005267, 1.000000, -0.000000, 0.000000, 0.000000, 0.999799, 0.020026, -0.000000, -0.020026, 0.999799),
      ["RightUpperLeg"] = CFrame.new(0.000816, -0.019571, -0.020767, 0.998370, -0.039206, -0.041474, 0.039142, 0.999231, -0.002367, 0.041534, 0.000740, 0.999137)
    }},
    { Time = 0.117, Data = {
      ["Balls"] = CFrame.new(-0.000001, -0.000002, 0.000000, 0.987509, 0.157561, 0.000000, -0.157561, 0.987509, -0.000000, -0.000000, 0.000000, 1.000000),
      ["Cock"] = CFrame.new(0.000000, -0.000000, 0.000000, 0.845432, 0.534083, 0.000000, -0.534083, 0.845432, -0.000000, -0.000000, 0.000000, 1.000000),
      ["Head"] = CFrame.new(0.000000, 0.000000, -0.000000, 1.000000, -0.000000, 0.000000, 0.000000, 0.922358, 0.386335, -0.000000, -0.386335, 0.922358),
      ["LeftUpperArm"] = CFrame.new(0.058521, -1.091100, 0.248339, 0.959974, 0.222501, 0.170125, 0.114490, 0.242612, -0.963344, -0.255619, 0.944263, 0.207428),
      ["LeftUpperLeg"] = CFrame.new(-0.000937, -0.021420, -0.021850, 0.998126, 0.042923, 0.043618, -0.042840, 0.999078, -0.002835, -0.043699, 0.000961, 0.999044),
      ["LowerTorso"] = CFrame.new(-1.733265, 0.000000, -1.372368, -0.310177, 0.000533, -0.950679, 0.000026, 1.000000, 0.000552, 0.950679, 0.000147, -0.310177),
      ["RightUpperArm"] = CFrame.new(0.000000, -0.000060, -0.005607, 1.000000, -0.000000, 0.000000, 0.000000, 0.999773, 0.021320, -0.000000, -0.021320, 0.999773),
      ["RightUpperLeg"] = CFrame.new(0.000816, -0.019568, -0.020770, 0.998370, -0.039212, -0.041468, 0.039137, 0.999230, -0.002626, 0.041539, 0.000998, 0.999136)
    }},
    { Time = 0.133, Data = {
      ["Balls"] = CFrame.new(-0.000001, -0.000002, 0.000000, 0.987848, 0.155423, 0.000000, -0.155423, 0.987848, -0.000000, -0.000000, 0.000000, 1.000000),
      ["Cock"] = CFrame.new(0.000000, 0.000000, 0.000000, 0.845240, 0.534387, 0.000000, -0.534387, 0.845240, -0.000000, -0.000000, 0.000000, 1.000000),
      ["Head"] = CFrame.new(0.000000, 0.000000, 0.000000, 1.000000, -0.000000, 0.000000, 0.000000, 0.922766, 0.385361, -0.000000, -0.385361, 0.922766),
      ["LeftUpperArm"] = CFrame.new(0.058402, -1.091139, 0.248377, 0.959922, 0.222047, 0.171014, 0.115522, 0.242466, -0.963257, -0.255353, 0.944408, 0.207097),
      ["LeftUpperLeg"] = CFrame.new(-0.000937, -0.021417, -0.021853, 0.998126, 0.042931, 0.043610, -0.042833, 0.999077, -0.003180, -0.043707, 0.001306, 0.999044),
      ["LowerTorso"] = CFrame.new(-1.733435, 0.000000, -1.372457, -0.310177, 0.000704, -0.950679, -0.000006, 1.000000, 0.000743, 0.950679, 0.000236, -0.310176),
      ["RightUpperArm"] = CFrame.new(0.000000, -0.000067, -0.005925, 1.000000, -0.000000, 0.000000, 0.000000, 0.999746, 0.022529, -0.000000, -0.022529, 0.999746),
      ["RightUpperLeg"] = CFrame.new(0.000816, -0.019566, -0.020772, 0.998370, -0.039217, -0.041463, 0.039131, 0.999230, -0.002884, 0.041545, 0.001257, 0.999136)
    }},
    { Time = 0.150, Data = {
      ["Balls"] = CFrame.new(-0.000001, -0.000002, 0.000000, 0.988169, 0.153370, 0.000000, -0.153370, 0.988169, -0.000000, -0.000000, 0.000000, 1.000000),
      ["Cock"] = CFrame.new(0.000000, 0.000000, 0.000000, 0.845048, 0.534691, 0.000000, -0.534691, 0.845048, -0.000000, -0.000000, 0.000000, 1.000000),
      ["Head"] = CFrame.new(0.000000, 0.000000, -0.000000, 1.000000, -0.000000, 0.000000, 0.000000, 0.923173, 0.384386, -0.000000, -0.384386, 0.923173),
      ["LeftUpperArm"] = CFrame.new(0.058294, -1.091150, 0.248405, 0.959844, 0.221636, 0.171980, 0.116593, 0.242425, -0.963139, -0.255158, 0.944515, 0.206849),
      ["LeftUpperLeg"] = CFrame.new(-0.000937, -0.021414, -0.021856, 0.998126, 0.042937, 0.043605, -0.042827, 0.999077, -0.003439, -0.043712, 0.001565, 0.999043),
      ["LowerTorso"] = CFrame.new(-1.733555, 0.000000, -1.372475, -0.310177, 0.000825, -0.950679, 0.000014, 1.000000, 0.000863, 0.950679, 0.000255, -0.310176),
      ["RightUpperArm"] = CFrame.new(0.000000, -0.000074, -0.006243, 1.000000, -0.000000, 0.000000, 0.000000, 0.999718, 0.023737, -0.000000, -0.023737, 0.999718),
      ["RightUpperLeg"] = CFrame.new(0.000817, -0.019605, -0.020776, 0.998367, -0.039311, -0.041456, 0.039210, 0.999226, -0.003231, 0.041551, 0.001601, 0.999135)
    }},
    { Time = 0.167, Data = {
      ["Balls"] = CFrame.new(-0.000001, -0.000002, 0.000000, 0.988472, 0.151402, 0.000000, -0.151402, 0.988472, -0.000000, -0.000000, 0.000000, 1.000000),
      ["Cock"] = CFrame.new(0.000000, 0.000000, 0.000000, 0.844855, 0.534995, 0.000000, -0.534995, 0.844855, -0.000000, -0.000000, 0.000000, 1.000000),
      ["Head"] = CFrame.new(0.000000, -0.000000, -0.000000, 1.000000, -0.000000, 0.000000, 0.000000, 0.923544, 0.383492, -0.000000, -0.383492, 0.923544),
      ["LeftUpperArm"] = CFrame.new(0.058182, -1.091160, 0.248434, 0.959747, 0.221211, 0.173065, 0.117784, 0.242388, -0.963003, -0.254976, 0.944624, 0.206576),
      ["LeftUpperLeg"] = CFrame.new(-0.000937, -0.021409, -0.021861, 0.998126, 0.042946, 0.043595, -0.042818, 0.999075, -0.003871, -0.043721, 0.001997, 0.999042),
      ["LowerTorso"] = CFrame.new(-1.733727, 0.000001, -1.372565, -0.310176, 0.000996, -0.950678, -0.000018, 0.999999, 0.001054, 0.950679, 0.000344, -0.310176),
      ["RightUpperArm"] = CFrame.new(0.000000, -0.000081, -0.006538, 1.000000, -0.000000, 0.000000, 0.000000, 0.999691, 0.024859, -0.000000, -0.024859, 0.999691),
      ["RightUpperLeg"] = CFrame.new(0.000817, -0.019601, -0.020779, 0.998367, -0.039318, -0.041450, 0.039203, 0.999225, -0.003577, 0.041558, 0.001946, 0.999134)
    }},
    { Time = 0.183, Data = {
      ["Balls"] = CFrame.new(-0.000000, -0.000002, 0.000000, 0.988772, 0.149434, 0.000000, -0.149434, 0.988772, -0.000000, -0.000000, 0.000000, 1.000000),
      ["Cock"] = CFrame.new(0.000000, 0.000000, 0.000000, 0.844615, 0.535374, 0.000000, -0.535374, 0.844615, -0.000000, -0.000000, 0.000000, 1.000000),
      ["Head"] = CFrame.new(0.000000, -0.000000, 0.000000, 1.000000, -0.000000, 0.000000, 0.000000, 0.923915, 0.382597, -0.000000, -0.382597, 0.923915),
      ["LeftUpperArm"] = CFrame.new(0.058038, -1.091194, 0.248476, 0.959660, 0.220662, 0.174244, 0.119124, 0.242256, -0.962872, -0.254681, 0.944786, 0.206197),
      ["LeftUpperLeg"] = CFrame.new(-0.000937, -0.021405, -0.021864, 0.998126, 0.042954, 0.043588, -0.042810, 0.999074, -0.004216, -0.043729, 0.002342, 0.999041),
      ["LowerTorso"] = CFrame.new(-1.733967, 0.000001, -1.372603, -0.310176, 0.001237, -0.950678, 0.000020, 0.999999, 0.001295, 0.950679, 0.000382, -0.310176),
      ["RightUpperArm"] = CFrame.new(0.000000, -0.000089, -0.006833, 1.000000, -0.000000, 0.000000, 0.000000, 0.999662, 0.025981, -0.000000, -0.025981, 0.999662),
      ["RightUpperLeg"] = CFrame.new(0.000816, -0.019597, -0.020740, 0.998370, -0.039327, -0.041355, 0.039194, 0.999224, -0.004006, 0.041480, 0.002379, 0.999137)
    }},
    { Time = 0.200, Data = {
      ["Balls"] = CFrame.new(-0.000000, -0.000002, 0.000000, 0.989055, 0.147551, 0.000000, -0.147551, 0.989055, -0.000000, -0.000000, 0.000000, 1.000000),
      ["Cock"] = CFrame.new(0.000000, 0.000000, 0.000000, 0.844326, 0.535830, 0.000000, -0.535830, 0.844326, -0.000000, -0.000000, 0.000000, 1.000000),
      ["Head"] = CFrame.new(0.000000, 0.000000, -0.000000, 1.000000, -0.000000, 0.000000, 0.000000, 0.924285, 0.381703, -0.000000, -0.381703, 0.924285),
      ["LeftUpperArm"] = CFrame.new(0.057890, -1.091228, 0.248520, 0.959553, 0.220099, 0.175542, 0.120583, 0.242127, -0.962722, -0.254398, 0.944950, 0.205794),
      ["LeftUpperLeg"] = CFrame.new(-0.000937, -0.021400, -0.021869, 0.998126, 0.042963, 0.043579, -0.042801, 0.999073, -0.004647, -0.043738, 0.002773, 0.999039),
      ["LowerTorso"] = CFrame.new(-1.734261, 0.000001, -1.372712, -0.310177, 0.001529, -0.950678, 0.000008, 0.999999, 0.001606, 0.950679, 0.000490, -0.310176),
      ["RightUpperArm"] = CFrame.new(0.000000, -0.000097, -0.007128, 1.000000, -0.000000, 0.000000, 0.000000, 0.999633, 0.027103, -0.000000, -0.027103, 0.999633),
      ["RightUpperLeg"] = CFrame.new(0.000816, -0.019593, -0.020744, 0.998370, -0.039336, -0.041346, 0.039185, 0.999222, -0.004438, 0.041489, 0.002810, 0.999135)
    }},
    { Time = 0.217, Data = {
      ["Balls"] = CFrame.new(-0.000000, -0.000002, 0.000000, 0.989334, 0.145667, 0.000000, -0.145667, 0.989334, -0.000000, -0.000000, 0.000000, 1.000000),
      ["Cock"] = CFrame.new(0.000000, 0.000000, 0.000000, 0.844037, 0.536285, 0.000000, -0.536285, 0.844037, -0.000000, -0.000000, 0.000000, 1.000000),
      ["Head"] = CFrame.new(0.000000, 0.000000, 0.000000, 1.000000, -0.000000, 0.000000, 0.000000, 0.924621, 0.380889, -0.000000, -0.380889, 0.924621),
      ["LeftUpperArm"] = CFrame.new(0.057722, -1.091233, 0.248560, 0.959449, 0.219460, 0.176905, 0.122096, 0.242109, -0.962536, -0.254068, 0.945104, 0.205496),
      ["LeftUpperLeg"] = CFrame.new(-0.000937, -0.021395, -0.021875, 0.998126, 0.042974, 0.043568, -0.042789, 0.999071, -0.005165, -0.043749, 0.003291, 0.999037),
      ["LowerTorso"] = CFrame.new(-1.734430, 0.000002, -1.372800, -0.310176, 0.001700, -0.950678, -0.000023, 0.999998, 0.001796, 0.950679, 0.000579, -0.310176),
      ["RightUpperArm"] = CFrame.new(0.000000, -0.000104, -0.007400, 1.000000, -0.000000, 0.000000, 0.000000, 0.999604, 0.028138, -0.000000, -0.028138, 0.999604),
      ["RightUpperLeg"] = CFrame.new(0.000816, -0.019588, -0.020749, 0.998370, -0.039344, -0.041338, 0.039176, 0.999220, -0.004869, 0.041497, 0.003242, 0.999133)
    }},
    { Time = 0.233, Data = {
      ["Balls"] = CFrame.new(-0.000000, -0.000002, 0.000000, 0.989584, 0.143954, 0.000000, -0.143954, 0.989584, -0.000000, -0.000000, 0.000000, 1.000000),
      ["Cock"] = CFrame.new(0.000000, 0.000000, 0.000000, 0.843748, 0.536740, 0.000000, -0.536740, 0.843748, -0.000000, -0.000000, 0.000000, 1.000000),
      ["Head"] = CFrame.new(0.000000, 0.000000, -0.000000, 1.000000, -0.000000, 0.000000, 0.000000, 0.924955, 0.380075, -0.000000, -0.380075, 0.924955),
      ["LeftUpperArm"] = CFrame.new(0.057552, -1.091265, 0.248607, 0.959324, 0.218816, 0.178374, 0.123742, 0.241987, -0.962356, -0.253744, 0.945284, 0.205067),
      ["LeftUpperLeg"] = CFrame.new(-0.000939, -0.021433, -0.021879, 0.998122, 0.043070, 0.043558, -0.042866, 0.999065, -0.005598, -0.043759, 0.003720, 0.999035),
      ["LowerTorso"] = CFrame.new(-1.734724, 0.000002, -1.372910, -0.310176, 0.001992, -0.950677, -0.000036, 0.999998, 0.002107, 0.950679, 0.000688, -0.310176),
      ["RightUpperArm"] = CFrame.new(0.000000, -0.000112, -0.007673, 1.000000, -0.000000, 0.000000, 0.000000, 0.999574, 0.029174, -0.000000, -0.029174, 0.999574),
      ["RightUpperLeg"] = CFrame.new(0.000816, -0.019583, -0.020754, 0.998370, -0.039355, -0.041328, 0.039166, 0.999218, -0.005387, 0.041507, 0.003759, 0.999131)
    }},
    { Time = 0.250, Data = {
      ["Balls"] = CFrame.new(-0.000000, -0.000002, 0.000000, 0.989832, 0.142241, 0.000000, -0.142241, 0.989832, -0.000000, -0.000000, 0.000000, 1.000000),
      ["Cock"] = CFrame.new(0.000000, -0.000000, 0.000000, 0.843410, 0.537271, 0.000000, -0.537271, 0.843410, -0.000000, -0.000000, 0.000000, 1.000000),
      ["Head"] = CFrame.new(0.000000, -0.000000, 0.000000, 1.000000, -0.000000, 0.000000, 0.000000, 0.925256, 0.379343, -0.000000, -0.379343, 0.925256),
      ["LeftUpperArm"] = CFrame.new(0.057380, -1.091296, 0.248655, 0.959177, 0.218159, 0.179962, 0.125509, 0.241869, -0.962157, -0.253431, 0.945466, 0.204614),
      ["LeftUpperLeg"] = CFrame.new(-0.000939, -0.021426, -0.021886, 0.998122, 0.043083, 0.043545, -0.042853, 0.999062, -0.006202, -0.043771, 0.004324, 0.999032),
      ["LowerTorso"] = CFrame.new(-1.734963, 0.000003, -1.372947, -0.310176, 0.002233, -0.950677, 0.000003, 0.999997, 0.002348, 0.950679, 0.000726, -0.310175),
      ["RightUpperArm"] = CFrame.new(0.000000, -0.000119, -0.007922, 1.000000, -0.000000, 0.000000, 0.000000, 0.999546, 0.030123, -0.000000, -0.030123, 0.999546),
      ["RightUpperLeg"] = CFrame.new(0.000816, -0.019577, -0.020759, 0.998370, -0.039366, -0.041318, 0.039155, 0.999216, -0.005905, 0.041518, 0.004277, 0.999129)
    }},
    { Time = 0.267, Data = {
      ["Balls"] = CFrame.new(-0.000000, -0.000002, 0.000000, 0.990052, 0.140699, 0.000000, -0.140699, 0.990052, -0.000000, -0.000000, 0.000000, 1.000000),
      ["Cock"] = CFrame.new(0.000000, 0.000000, 0.000000, 0.843071, 0.537802, 0.000000, -0.537802, 0.843071, -0.000000, -0.000000, 0.000000, 1.000000),
      ["Head"] = CFrame.new(0.000000, 0.000000, 0.000000, 1.000000, -0.000000, 0.000000, 0.000000, 0.925556, 0.378610, -0.000000, -0.378610, 0.925556),
      ["LeftUpperArm"] = CFrame.new(0.057174, -1.091353, 0.248717, 0.959037, 0.217379, 0.181644, 0.127424, 0.241652, -0.961960, -0.253005, 0.945701, 0.204054),
      ["LeftUpperLeg"] = CFrame.new(-0.000939, -0.021421, -0.021891, 0.998122, 0.043094, 0.043534, -0.042842, 0.999059, -0.006720, -0.043783, 0.004842, 0.999029),
      ["LowerTorso"] = CFrame.new(-1.735256, 0.000004, -1.373055, -0.310176, 0.002525, -0.950676, -0.000010, 0.999996, 0.002659, 0.950679, 0.000834, -0.310174),
      ["RightUpperArm"] = CFrame.new(0.000000, -0.000127, -0.008172, 1.000000, -0.000000, 0.000000, 0.000000, 0.999517, 0.031072, -0.000000, -0.031072, 0.999517),
      ["RightUpperLeg"] = CFrame.new(0.000816, -0.019571, -0.020765, 0.998370, -0.039378, -0.041306, 0.039142, 0.999212, -0.006509, 0.041529, 0.004881, 0.999125)
    }},
    { Time = 0.283, Data = {
      ["Balls"] = CFrame.new(-0.000000, -0.000002, 0.000000, 0.990258, 0.139242, 0.000000, -0.139242, 0.990258, -0.000000, -0.000000, 0.000000, 1.000000),
      ["Cock"] = CFrame.new(0.000000, 0.000000, 0.000000, 0.842733, 0.538332, 0.000000, -0.538332, 0.842733, -0.000000, -0.000000, 0.000000, 1.000000),
      ["Head"] = CFrame.new(0.000000, 0.000000, 0.000000, 1.000000, -0.000000, 0.000000, 0.000000, 0.925822, 0.377959, -0.000000, -0.377959, 0.925822),
      ["LeftUpperArm"] = CFrame.new(0.056967, -1.091383, 0.248772, 0.958893, 0.216589, 0.183338, 0.129324, 0.241538, -0.961735, -0.252585, 0.945912, 0.203599),
      ["LeftUpperLeg"] = CFrame.new(-0.000937, -0.021415, -0.021855, 0.998126, 0.043107, 0.043435, -0.042829, 0.999056, -0.007322, -0.043709, 0.005448, 0.999029),
      ["LowerTorso"] = CFrame.new(-1.735617, 0.000005, -1.373113, -0.310175, 0.002887, -0.950675, 0.000048, 0.999995, 0.003021, 0.950679, 0.000892, -0.310174),
      ["RightUpperArm"] = CFrame.new(0.000000, -0.000134, -0.008399, 1.000000, -0.000000, 0.000000, 0.000000, 0.999490, 0.031935, -0.000000, -0.031935, 0.999490),
      ["RightUpperLeg"] = CFrame.new(0.000816, -0.019566, -0.020770, 0.998370, -0.039389, -0.041295, 0.039132, 0.999209, -0.007026, 0.041540, 0.005399, 0.999122)
    }},
    { Time = 0.300, Data = {
      ["Balls"] = CFrame.new(-0.000000, -0.000002, 0.000000, 0.990462, 0.137785, 0.000000, -0.137785, 0.990462, -0.000000, -0.000000, 0.000000, 1.000000),
      ["Cock"] = CFrame.new(0.000000, 0.000000, 0.000000, 0.842345, 0.538939, 0.000000, -0.538939, 0.842345, -0.000000, -0.000000, 0.000000, 1.000000),
      ["Head"] = CFrame.new(0.000000, 0.000000, 0.000000, 1.000000, -0.000000, 0.000000, 0.000000, 0.926088, 0.377307, -0.000000, -0.377307, 0.926088),
      ["LeftUpperArm"] = CFrame.new(0.056755, -1.091412, 0.248828, 0.958726, 0.215786, 0.185150, 0.131345, 0.241427, -0.961489, -0.252176, 0.946124, 0.203120),
      ["LeftUpperLeg"] = CFrame.new(-0.000937, -0.021408, -0.021861, 0.998126, 0.043120, 0.043422, -0.042816, 0.999052, -0.007926, -0.043722, 0.006052, 0.999025),
      ["LowerTorso"] = CFrame.new(-1.735909, 0.000006, -1.373221, -0.310175, 0.003179, -0.950674, 0.000035, 0.999994, 0.003332, 0.950680, 0.001000, -0.310173),
      ["RightUpperArm"] = CFrame.new(0.000000, -0.000141, -0.008603, 1.000000, -0.000000, 0.000000, 0.000000, 0.999465, 0.032712, -0.000000, -0.032712, 0.999465),
      ["RightUpperLeg"] = CFrame.new(0.000817, -0.019602, -0.020776, 0.998367, -0.039488, -0.041283, 0.039205, 0.999202, -0.007632, 0.041552, 0.006001, 0.999118)
    }},
    { Time = 0.317, Data = {
      ["Balls"] = CFrame.new(-0.000000, -0.000002, 0.000000, 0.990640, 0.136500, 0.000000, -0.136500, 0.990640, -0.000000, -0.000000, 0.000000, 1.000000),
      ["Cock"] = CFrame.new(0.000000, 0.000000, 0.000000, 0.841957, 0.539545, 0.000000, -0.539545, 0.841957, -0.000000, -0.000000, 0.000000, 1.000000),
      ["Head"] = CFrame.new(0.000000, -0.000000, -0.000000, 1.000000, -0.000000, 0.000000, 0.000000, 0.926320, 0.376737, -0.000000, -0.376737, 0.926320),
      ["LeftUpperArm"] = CFrame.new(0.056561, -1.091471, 0.248887, 0.958531, 0.215046, 0.187015, 0.133433, 0.241205, -0.961258, -0.251823, 0.946349, 0.202508),
      ["LeftUpperLeg"] = CFrame.new(-0.000937, -0.021401, -0.021868, 0.998126, 0.043133, 0.043409, -0.042802, 0.999047, -0.008530, -0.043735, 0.006656, 0.999021),
      ["LowerTorso"] = CFrame.new(-1.736251, 0.000007, -1.373399, -0.310174, 0.003521, -0.950673, -0.000028, 0.999993, 0.003713, 0.950680, 0.001178, -0.310172),
      ["RightUpperArm"] = CFrame.new(0.000000, -0.000148, -0.008807, 1.000000, -0.000000, 0.000000, 0.000000, 0.999439, 0.033488, -0.000000, -0.033488, 0.999439),
      ["RightUpperLeg"] = CFrame.new(0.000817, -0.019595, -0.020783, 0.998367, -0.039502, -0.041270, 0.039191, 0.999197, -0.008322, 0.041565, 0.006691, 0.999113)
    }},
    { Time = 0.333, Data = {
      ["Balls"] = CFrame.new(-0.000000, -0.000002, 0.000000, 0.990805, 0.135300, 0.000000, -0.135300, 0.990805, -0.000000, -0.000000, 0.000000, 1.000000),
      ["Cock"] = CFrame.new(0.000000, 0.000000, 0.000000, 0.841568, 0.540150, 0.000000, -0.540150, 0.841568, -0.000000, -0.000000, 0.000000, 1.000000),
      ["Head"] = CFrame.new(0.000000, -0.000000, 0.000000, 1.000000, -0.000000, 0.000000, 0.000000, 0.926552, 0.376166, -0.000000, -0.376166, 0.926552),
      ["LeftUpperArm"] = CFrame.new(0.056315, -1.091500, 0.248950, 0.958364, 0.214110, 0.188933, 0.135586, 0.241095, -0.960984, -0.251307, 0.946589, 0.202026),
      ["LeftUpperLeg"] = CFrame.new(-0.000937, -0.021393, -0.021875, 0.998126, 0.043148, 0.043394, -0.042787, 0.999042, -0.009220, -0.043750, 0.007346, 0.999016),
      ["LowerTorso"] = CFrame.new(-1.736613, 0.000008, -1.373457, -0.310174, 0.003883, -0.950672, 0.000030, 0.999992, 0.004074, 0.950680, 0.001235, -0.310171),
      ["RightUpperArm"] = CFrame.new(0.000000, -0.000154, -0.008989, 1.000000, -0.000000, 0.000000, 0.000000, 0.999416, 0.034179, -0.000000, -0.034179, 0.999416),
      ["RightUpperLeg"] = CFrame.new(0.000816, -0.019589, -0.020745, 0.998370, -0.039514, -0.041171, 0.039179, 0.999192, -0.008925, 0.041491, 0.007297, 0.999112)
    }},
    { Time = 0.350, Data = {
      ["Balls"] = CFrame.new(-0.000000, -0.000001, 0.000000, 0.990956, 0.134185, 0.000000, -0.134185, 0.990956, -0.000000, -0.000000, 0.000000, 1.000000),
      ["Cock"] = CFrame.new(-0.000000, 0.000000, 0.000000, 0.841180, 0.540756, 0.000000, -0.540756, 0.841180, -0.000000, -0.000000, 0.000000, 1.000000),
      ["Head"] = CFrame.new(0.000000, 0.000000, -0.000000, 1.000000, -0.000000, 0.000000, 0.000000, 0.926751, 0.375677, -0.000000, -0.375677, 0.926751),
      ["LeftUpperArm"] = CFrame.new(0.056096, -1.091529, 0.249008, 0.958143, 0.213280, 0.190981, 0.137847, 0.240981, -0.960691, -0.250919, 0.946805, 0.201494),
      ["LeftUpperLeg"] = CFrame.new(-0.000939, -0.021429, -0.021883, 0.998122, 0.043250, 0.043378, -0.042858, 0.999032, -0.009912, -0.043765, 0.008034, 0.999010),
      ["LowerTorso"] = CFrame.new(-1.736955, 0.000010, -1.373634, -0.310173, 0.004225, -0.950671, -0.000033, 0.999990, 0.004455, 0.950680, 0.001414, -0.310170),
      ["RightUpperArm"] = CFrame.new(0.000000, -0.000159, -0.009148, 1.000000, -0.000000, 0.000000, 0.000000, 0.999395, 0.034783, -0.000000, -0.034783, 0.999395),
      ["RightUpperLeg"] = CFrame.new(0.000816, -0.019582, -0.020752, 0.998370, -0.039528, -0.041158, 0.039164, 0.999187, -0.009615, 0.041504, 0.007987, 0.999106)
    }},
    { Time = 0.367, Data = {
      ["Balls"] = CFrame.new(-0.000000, -0.000001, 0.000000, 0.991084, 0.133242, 0.000000, -0.133242, 0.991084, -0.000000, -0.000000, 0.000000, 1.000000),
      ["Cock"] = CFrame.new(-0.000000, 0.000000, 0.000000, 0.840741, 0.541437, 0.000000, -0.541437, 0.840741, -0.000000, -0.000000, 0.000000, 1.000000),
      ["Head"] = CFrame.new(0.000000, 0.000000, 0.000000, 1.000000, -0.000000, 0.000000, 0.000000, 0.926949, 0.375188, -0.000000, -0.375188, 0.926949),
      ["LeftUpperArm"] = CFrame.new(0.055849, -1.091587, 0.249078, 0.957946, 0.212342, 0.193005, 0.140134, 0.240761, -0.960415, -0.250404, 0.947072, 0.200880),
      ["LeftUpperLeg"] = CFrame.new(-0.000939, -0.021422, -0.021890, 0.998122, 0.043265, 0.043363, -0.042843, 0.999026, -0.010602, -0.043780, 0.008725, 0.999003),
      ["LowerTorso"] = CFrame.new(-1.737316, 0.000012, -1.373692, -0.310173, 0.004587, -0.950669, 0.000024, 0.999988, 0.004817, 0.950680, 0.001471, -0.310169),
      ["RightUpperArm"] = CFrame.new(0.000000, -0.000165, -0.009307, 1.000000, -0.000000, 0.000000, 0.000000, 0.999374, 0.035386, -0.000000, -0.035386, 0.999374),
      ["RightUpperLeg"] = CFrame.new(0.000816, -0.019575, -0.020759, 0.998370, -0.039543, -0.041144, 0.039150, 0.999180, -0.010305, 0.041518, 0.008678, 0.999100)
    }},
    { Time = 0.383, Data = {
      ["Balls"] = CFrame.new(-0.000000, -0.000001, 0.000000, 0.991210, 0.132299, 0.000000, -0.132299, 0.991210, -0.000000, -0.000000, 0.000000, 1.000000),
      ["Cock"] = CFrame.new(0.000000, 0.000000, 0.000000, 0.840303, 0.542118, 0.000000, -0.542118, 0.840303, -0.000000, -0.000000, 0.000000, 1.000000),
      ["Head"] = CFrame.new(0.000000, 0.000000, -0.000000, 1.000000, -0.000000, 0.000000, 0.000000, 0.927114, 0.374781, -0.000000, -0.374781, 0.927114),
      ["LeftUpperArm"] = CFrame.new(0.055617, -1.091647, 0.249145, 0.957718, 0.211457, 0.195093, 0.142475, 0.240536, -0.960127, -0.249953, 0.947327, 0.200239),
      ["LeftUpperLeg"] = CFrame.new(-0.000937, -0.021414, -0.021854, 0.998126, 0.043279, 0.043262, -0.042829, 0.999019, -0.011291, -0.043708, 0.009417, 0.999000),
      ["LowerTorso"] = CFrame.new(-1.737730, 0.000014, -1.373819, -0.310172, 0.004999, -0.950667, 0.000031, 0.999986, 0.005249, 0.950680, 0.001598, -0.310168),
      ["RightUpperArm"] = CFrame.new(0.000000, -0.000169, -0.009420, 1.000000, -0.000000, 0.000000, 0.000000, 0.999358, 0.035818, -0.000000, -0.035818, 0.999358),
      ["RightUpperLeg"] = CFrame.new(0.000816, -0.019568, -0.020766, 0.998370, -0.039557, -0.041130, 0.039136, 0.999173, -0.010996, 0.041531, 0.009368, 0.999093)
    }},
    { Time = 0.400, Data = {
      ["Balls"] = CFrame.new(-0.000000, -0.000001, 0.000000, 0.991301, 0.131613, 0.000000, -0.131613, 0.991301, -0.000000, -0.000000, 0.000000, 1.000000),
      ["Cock"] = CFrame.new(0.000000, 0.000000, 0.000000, 0.839863, 0.542798, 0.000000, -0.542798, 0.839863, -0.000000, -0.000000, 0.000000, 1.000000),
      ["Head"] = CFrame.new(0.000000, 0.000000, 0.000000, 1.000000, -0.000000, 0.000000, 0.000000, 0.927245, 0.374454, -0.000000, -0.374454, 0.927245),
      ["LeftUpperArm"] = CFrame.new(0.055364, -1.091678, 0.249209, 0.957489, 0.210496, 0.197246, 0.144868, 0.240418, -0.959798, -0.249455, 0.947571, 0.199703),
      ["LeftUpperLeg"] = CFrame.new(-0.000937, -0.021406, -0.021862, 0.998126, 0.043294, 0.043247, -0.042813, 0.999011, -0.011981, -0.043723, 0.010107, 0.998993),
      ["LowerTorso"] = CFrame.new(-1.738071, 0.000016, -1.373997, -0.310171, 0.005342, -0.950666, -0.000032, 0.999984, 0.005629, 0.950681, 0.001776, -0.310166),
      ["RightUpperArm"] = CFrame.new(0.000000, -0.000174, -0.009556, 1.000000, -0.000000, 0.000000, 0.000000, 0.999340, 0.036336, -0.000000, -0.036336, 0.999340),
      ["RightUpperLeg"] = CFrame.new(0.000817, -0.019603, -0.020773, 0.998367, -0.039659, -0.041115, 0.039206, 0.999162, -0.011774, 0.041547, 0.010143, 0.999085)
    }},
    { Time = 0.417, Data = {
      ["Balls"] = CFrame.new(-0.000000, -0.000001, 0.000000, 0.991392, 0.130927, 0.000000, -0.130927, 0.991392, -0.000000, -0.000000, 0.000000, 1.000000),
      ["Cock"] = CFrame.new(0.000000, 0.000000, 0.000000, 0.839374, 0.543554, 0.000000, -0.543554, 0.839374, -0.000000, -0.000000, 0.000000, 1.000000),
      ["Head"] = CFrame.new(0.000000, 0.000000, 0.000000, 1.000000, -0.000000, 0.000000, 0.000000, 0.927377, 0.374128, -0.000000, -0.374128, 0.927377),
      ["LeftUpperArm"] = CFrame.new(0.055115, -1.091738, 0.249279, 0.957254, 0.209547, 0.199387, 0.147274, 0.240188, -0.959489, -0.248948, 0.947840, 0.199060),
      ["LeftUpperLeg"] = CFrame.new(-0.000937, -0.021398, -0.021870, 0.998126, 0.043311, 0.043230, -0.042796, 0.999002, -0.012757, -0.043740, 0.010883, 0.998984),
      ["LowerTorso"] = CFrame.new(-1.738484, 0.000018, -1.374124, -0.310171, 0.005754, -0.950664, -0.000025, 0.999982, 0.006061, 0.950681, 0.001904, -0.310165),
      ["RightUpperArm"] = CFrame.new(0.000000, -0.000177, -0.009647, 1.000000, -0.000000, 0.000000, 0.000000, 0.999327, 0.036681, -0.000000, -0.036681, 0.999327),
      ["RightUpperLeg"] = CFrame.new(0.000817, -0.019595, -0.020780, 0.998367, -0.039673, -0.041101, 0.039191, 0.999154, -0.012464, 0.041561, 0.010833, 0.999077)
    }},
    { Time = 0.433, Data = {
      ["Balls"] = CFrame.new(-0.000000, -0.000001, 0.000000, 0.991460, 0.130412, 0.000000, -0.130412, 0.991460, -0.000000, -0.000000, 0.000000, 1.000000),
      ["Cock"] = CFrame.new(0.000000, 0.000000, 0.000000, 0.838934, 0.544234, 0.000000, -0.544234, 0.838934, -0.000000, -0.000000, 0.000000, 1.000000),
      ["Head"] = CFrame.new(0.000000, 0.000000, -0.000000, 1.000000, -0.000000, 0.000000, 0.000000, 0.927476, 0.373884, -0.000000, -0.373884, 0.927476),
      ["LeftUpperArm"] = CFrame.new(0.054848, -1.091799, 0.249354, 0.957016, 0.208532, 0.201581, 0.149747, 0.239956, -0.959165, -0.248387, 0.948122, 0.198415),
      ["LeftUpperLeg"] = CFrame.new(-0.000939, -0.021434, -0.021878, 0.998122, 0.043412, 0.043215, -0.042868, 0.998990, -0.013449, -0.043755, 0.011572, 0.998975),
      ["LowerTorso"] = CFrame.new(-1.738846, 0.000021, -1.374182, -0.310170, 0.006116, -0.950662, 0.000032, 0.999979, 0.006423, 0.950681, 0.001961, -0.310163),
      ["RightUpperArm"] = CFrame.new(0.000000, -0.000180, -0.009738, 1.000000, -0.000000, 0.000000, 0.000000, 0.999314, 0.037026, -0.000000, -0.037026, 0.999314),
      ["RightUpperLeg"] = CFrame.new(0.000815, -0.019588, -0.020745, 0.998371, -0.039689, -0.040999, 0.039176, 0.999145, -0.013239, 0.041490, 0.011611, 0.999071)
    }},
    { Time = 0.450, Data = {
      ["Balls"] = CFrame.new(-0.000000, -0.000001, 0.000000, 0.991516, 0.129983, 0.000000, -0.129983, 0.991516, -0.000000, -0.000000, 0.000000, 1.000000),
      ["Cock"] = CFrame.new(0.000000, 0.000000, 0.000000, 0.838493, 0.544913, 0.000000, -0.544913, 0.838493, -0.000000, -0.000000, 0.000000, 1.000000),
      ["Head"] = CFrame.new(0.000000, 0.000000, -0.000000, 1.000000, -0.000000, 0.000000, 0.000000, 0.927541, 0.373721, -0.000000, -0.373721, 0.927541),
      ["LeftUpperArm"] = CFrame.new(0.054592, -1.091833, 0.249419, 0.956747, 0.207559, 0.203850, 0.152260, 0.239826, -0.958802, -0.247897, 0.948368, 0.197850),
      ["LeftUpperLeg"] = CFrame.new(-0.000939, -0.021425, -0.021886, 0.998122, 0.043429, 0.043198, -0.042851, 0.998980, -0.014226, -0.043772, 0.012348, 0.998965),
      ["LowerTorso"] = CFrame.new(-1.739259, 0.000023, -1.374310, -0.310169, 0.006528, -0.950659, 0.000039, 0.999977, 0.006854, 0.950682, 0.002089, -0.310162),
      ["RightUpperArm"] = CFrame.new(0.000000, -0.000182, -0.009783, 1.000000, -0.000000, 0.000000, 0.000000, 0.999308, 0.037198, -0.000000, -0.037198, 0.999308),
      ["RightUpperLeg"] = CFrame.new(0.000815, -0.019579, -0.020752, 0.998371, -0.039705, -0.040984, 0.039160, 0.999135, -0.014015, 0.041505, 0.012388, 0.999062)
    }},
    { Time = 0.467, Data = {
      ["Balls"] = CFrame.new(-0.000000, -0.000001, 0.000000, 0.991561, 0.129640, 0.000000, -0.129640, 0.991561, -0.000000, -0.000000, 0.000000, 1.000000),
      ["Cock"] = CFrame.new(-0.000000, 0.000000, 0.000000, 0.838001, 0.545668, 0.000000, -0.545668, 0.838001, -0.000000, -0.000000, 0.000000, 1.000000),
      ["Head"] = CFrame.new(0.000000, 0.000000, 0.000000, 1.000000, -0.000000, 0.000000, 0.000000, 0.927607, 0.373558, -0.000000, -0.373558, 0.927607),
      ["LeftUpperArm"] = CFrame.new(0.054339, -1.091897, 0.249490, 0.956471, 0.206599, 0.206108, 0.154785, 0.239585, -0.958457, -0.247397, 0.948639, 0.197177),
      ["LeftUpperLeg"] = CFrame.new(-0.000937, -0.021417, -0.021851, 0.998126, 0.043445, 0.043095, -0.042834, 0.998970, -0.015001, -0.043702, 0.013127, 0.998958),
      ["LowerTorso"] = CFrame.new(-1.739671, 0.000027, -1.374437, -0.310168, 0.006941, -0.950657, 0.000046, 0.999973, 0.007286, 0.950682, 0.002216, -0.310160),
      ["RightUpperArm"] = CFrame.new(0.000000, -0.000184, -0.009829, 1.000000, -0.000000, 0.000000, 0.000000, 0.999301, 0.037371, -0.000000, -0.037371, 0.999301),
      ["RightUpperLeg"] = CFrame.new(0.000815, -0.019572, -0.020759, 0.998371, -0.039719, -0.040970, 0.039145, 0.999125, -0.014706, 0.041518, 0.013078, 0.999052)
    }},
    { Time = 0.483, Data = {
      ["Balls"] = CFrame.new(-0.000000, -0.000001, 0.000000, 0.991584, 0.129469, 0.000000, -0.129469, 0.991584, -0.000000, -0.000000, 0.000000, 1.000000),
      ["Cock"] = CFrame.new(0.000000, 0.000000, 0.000000, 0.837510, 0.546422, 0.000000, -0.546422, 0.837510, -0.000000, -0.000000, 0.000000, 1.000000),
      ["Head"] = CFrame.new(0.000000, -0.000000, 0.000000, 1.000000, -0.000000, 0.000000, 0.000000, 0.927640, 0.373476, -0.000000, -0.373476, 0.927640),
      ["LeftUpperArm"] = CFrame.new(0.054073, -1.091962, 0.249564, 0.956214, 0.205587, 0.208300, 0.157257, 0.239338, -0.958117, -0.246831, 0.948921, 0.196528),
      ["LeftUpperLeg"] = CFrame.new(-0.000937, -0.021409, -0.021859, 0.998126, 0.043462, 0.043078, -0.042817, 0.998958, -0.015777, -0.043719, 0.013903, 0.998947),
      ["LowerTorso"] = CFrame.new(-1.740014, 0.000029, -1.374616, -0.310167, 0.007283, -0.950654, -0.000017, 0.999971, 0.007667, 0.950682, 0.002394, -0.310158),
      ["RightUpperArm"] = CFrame.new(0.000000, -0.000185, -0.009874, 1.000000, -0.000000, 0.000000, 0.000000, 0.999295, 0.037543, -0.000000, -0.037543, 0.999295),
      ["RightUpperLeg"] = CFrame.new(0.000816, -0.019564, -0.020767, 0.998371, -0.039735, -0.040955, 0.039129, 0.999114, -0.015482, 0.041533, 0.013854, 0.999041)
    }},
    { Time = 0.500, Data = {
      ["Balls"] = CFrame.new(-0.000000, -0.000000, 0.000000, 0.991595, 0.129383, 0.000000, -0.129383, 0.991595, -0.000000, -0.000000, 0.000000, 1.000000),
      ["Cock"] = CFrame.new(-0.000000, -0.000000, 0.000000, 0.837067, 0.547101, 0.000000, -0.547101, 0.837067, -0.000000, -0.000000, 0.000000, 1.000000),
      ["Head"] = CFrame.new(0.000000, -0.000000, 0.000000, 1.000000, -0.000000, 0.000000, 0.000000, 0.927640, 0.373476, -0.000000, -0.373476, 0.927640),
      ["LeftUpperArm"] = CFrame.new(0.053801, -1.091999, 0.249632, 0.955928, 0.204551, 0.210622, 0.159835, 0.239195, -0.957726, -0.246283, 0.949181, 0.195959),
