return {
  ["Astros laying down"] = {
    { Time = 0.000, Data = {
      ["Head"] = CFrame.new(0.000000, -0.000002, 0.000000, 0.897430, -0.149889, -0.414912, -0.351981, 0.323699, -0.878253, 0.265947, 0.934212, 0.237739),
      ["LeftUpperArm"] = CFrame.new(0.002357, 0.086554, -0.240269, 0.629200, -0.777244, -0.000025, -0.775010, -0.627389, -0.075778, 0.058882, 0.047699, -0.997125),
      ["LeftUpperLeg"] = CFrame.new(-0.007289, -0.044790, -0.072314, 0.985423, 0.088625, 0.145214, -0.089580, 0.995980, 0.000033, -0.144627, -0.013040, 0.989400),
      ["LowerTorso"] = CFrame.new(-0.001157, -1.439414, -0.589646, -1.000000, 0.001157, -0.000105, -0.000017, 0.076486, 0.997071, 0.001161, 0.997070, -0.076486),
      ["RightUpperArm"] = CFrame.new(0.103849, -0.095668, -0.226441, 0.700994, 0.713167, -0.000032, 0.711115, -0.698981, -0.075776, -0.054063, 0.053096, -0.997125),
      ["RightUpperLeg"] = CFrame.new(-0.010282, 0.068937, -0.214761, 0.991762, -0.112532, -0.061198, 0.115992, 0.991655, 0.056268, 0.054355, -0.062902, 0.996538),
      ["рҹҢ§пёҸрҹҳірҹ‘»рҹҸіпёҸвҖҚрҹҢҲрҹҳӮрҹ’һрҹҸҙвҖҚвҳ пёҸрҹҺёрҹҢ§пёҸрҹҳірҹ‘»рҹҸіпёҸвҖҚрҹҢҲрҹҳӮрҹ’һрҹҸҙвҖҚвҳ"] = CFrame.new(0.000000, 0.000000, 0.000000, 0.919267, -0.393635, 0.000000, 0.393635, 0.919267, 0.000000, 0.000000, 0.000000, 1.000000)
    }},
    { Time = 0.017, Data = {
      ["Head"] = CFrame.new(0.000000, -0.000002, 0.000000, 0.897442, -0.149862, -0.414896, -0.352908, 0.320401, -0.879090, 0.264675, 0.935353, 0.234654),
      ["LeftUpperArm"] = CFrame.new(0.002325, 0.086562, -0.240269, 0.629125, -0.777304, -0.000028, -0.775070, -0.627315, -0.075778, 0.058885, 0.047696, -0.997125),
      ["LeftUpperLeg"] = CFrame.new(-0.007289, -0.044787, -0.072316, 0.985423, 0.088632, 0.145210, -0.089573, 0.995980, -0.000053, -0.144631, -0.012954, 0.989401),
      ["LowerTorso"] = CFrame.new(-0.001157, -1.439415, -0.589627, -1.000000, 0.001157, -0.000105, -0.000017, 0.076486, 0.997071, 0.001161, 0.997070, -0.076486),
      ["RightUpperArm"] = CFrame.new(0.103866, -0.095684, -0.226439, 0.700994, 0.713167, -0.000032, 0.711115, -0.698981, -0.075776, -0.054063, 0.053096, -0.997125),
      ["RightUpperLeg"] = CFrame.new(-0.010282, 0.068937, -0.214761, 0.991762, -0.112532, -0.061198, 0.115992, 0.991655, 0.056268, 0.054355, -0.062902, 0.996538),
      ["рҹҢ§пёҸрҹҳірҹ‘»рҹҸіпёҸвҖҚрҹҢҲрҹҳӮрҹ’һрҹҸҙвҖҚвҳ пёҸрҹҺёрҹҢ§пёҸрҹҳірҹ‘»рҹҸіпёҸвҖҚрҹҢҲрҹҳӮрҹ’һрҹҸҙвҖҚвҳ"] = CFrame.new(0.000000, 0.000000, 0.000000, 0.919267, -0.393635, 0.000000, 0.393635, 0.919267, 0.000000, 0.000000, 0.000000, 1.000000)
    }},
    { Time = 0.033, Data = {
      ["Head"] = CFrame.new(0.000000, -0.000002, 0.000000, 0.897416, -0.149887, -0.414943, -0.353881, 0.317096, -0.879897, 0.263462, 0.936474, 0.231525),
      ["LeftUpperArm"] = CFrame.new(0.002277, 0.086522, -0.240296, 0.629122, -0.777306, 0.000087, -0.775070, -0.627321, -0.075737, 0.058925, 0.047581, -0.997128),
      ["LeftUpperLeg"] = CFrame.new(-0.007289, -0.044783, -0.072318, 0.985423, 0.088638, 0.145206, -0.089567, 0.995981, -0.000139, -0.144635, -0.012868, 0.989401),
      ["LowerTorso"] = CFrame.new(-0.001157, -1.439297, -0.589583, -0.999999, 0.001157, -0.000105, -0.000017, 0.076369, 0.997080, 0.001161, 0.997079, -0.076369),
      ["RightUpperArm"] = CFrame.new(0.103935, -0.095715, -0.226436, 0.700928, 0.713232, -0.000028, 0.711180, -0.698914, -0.075776, -0.054066, 0.053094, -0.997125),
      ["RightUpperLeg"] = CFrame.new(-0.010282, 0.068938, -0.214763, 0.991762, -0.112535, -0.061193, 0.115990, 0.991660, 0.056181, 0.054360, -0.062816, 0.996544),
      ["рҹҢ§пёҸрҹҳірҹ‘»рҹҸіпёҸвҖҚрҹҢҲрҹҳӮрҹ’һрҹҸҙвҖҚвҳ пёҸрҹҺёрҹҢ§пёҸрҹҳірҹ‘»рҹҸіпёҸвҖҚрҹҢҲрҹҳӮрҹ’һрҹҸҙвҖҚвҳ"] = CFrame.new(0.000000, 0.000000, 0.000000, 0.919232, -0.393716, 0.000000, 0.393716, 0.919232, 0.000000, 0.000000, 0.000000, 1.000000)
    }},
    { Time = 0.050, Data = {
      ["Head"] = CFrame.new(0.000000, -0.000002, 0.000000, 0.897438, -0.149906, -0.414889, -0.354721, 0.313894, -0.880706, 0.262255, 0.937549, 0.228526),
      ["LeftUpperArm"] = CFrame.new(0.002181, 0.086479, -0.240313, 0.629048, -0.777366, 0.000120, -0.775132, -0.627252, -0.075660, 0.058891, 0.047500, -0.997134),
      ["LeftUpperLeg"] = CFrame.new(-0.007288, -0.044777, -0.072321, 0.985423, 0.088651, 0.145199, -0.089555, 0.995982, -0.000311, -0.144643, -0.012696, 0.989402),
      ["LowerTorso"] = CFrame.new(-0.001157, -1.439297, -0.589493, -0.999999, 0.001157, -0.000105, -0.000017, 0.076369, 0.997080, 0.001161, 0.997079, -0.076369),
      ["RightUpperArm"] = CFrame.new(0.104038, -0.095780, -0.226452, 0.700861, 0.713298, -0.000058, 0.711248, -0.698853, -0.075697, -0.054035, 0.053012, -0.997131),
      ["RightUpperLeg"] = CFrame.new(-0.010282, 0.068941, -0.214768, 0.991762, -0.112540, -0.061183, 0.115985, 0.991671, 0.056009, 0.054371, -0.062644, 0.996554),
      ["рҹҢ§пёҸрҹҳірҹ‘»рҹҸіпёҸвҖҚрҹҢҲрҹҳӮрҹ’һрҹҸҙвҖҚвҳ пёҸрҹҺёрҹҢ§пёҸрҹҳірҹ‘»рҹҸіпёҸвҖҚрҹҢҲрҹҳӮрҹ’һрҹҸҙвҖҚвҳ"] = CFrame.new(0.000000, 0.000000, 0.000000, 0.919163, -0.393878, 0.000000, 0.393878, 0.919163, 0.000000, 0.000000, 0.000000, 1.000000)
    }},
    { Time = 0.067, Data = {
      ["Head"] = CFrame.new(0.000000, -0.000002, 0.000000, 0.897411, -0.149935, -0.414938, -0.355689, 0.310573, -0.881493, 0.261035, 0.938650, 0.225381),
      ["LeftUpperArm"] = CFrame.new(0.002069, 0.086391, -0.240336, 0.629045, -0.777369, 0.000235, -0.775132, -0.627258, -0.075619, 0.058931, 0.047385, -0.997137),
      ["LeftUpperLeg"] = CFrame.new(-0.007292, -0.044814, -0.072325, 0.985415, 0.088749, 0.145191, -0.089628, 0.995975, -0.000490, -0.144650, -0.012531, 0.989403),
      ["LowerTorso"] = CFrame.new(-0.001157, -1.439180, -0.589378, -0.999999, 0.001157, -0.000105, -0.000017, 0.076252, 0.997089, 0.001161, 0.997088, -0.076252),
      ["RightUpperArm"] = CFrame.new(0.104175, -0.095876, -0.226473, 0.700792, 0.713366, -0.000167, 0.711313, -0.698793, -0.075651, -0.054084, 0.052896, -0.997134),
      ["RightUpperLeg"] = CFrame.new(-0.010282, 0.068945, -0.214776, 0.991762, -0.112548, -0.061169, 0.115978, 0.991686, 0.055751, 0.054386, -0.062386, 0.996569),
      ["рҹҢ§пёҸрҹҳірҹ‘»рҹҸіпёҸвҖҚрҹҢҲрҹҳӮрҹ’һрҹҸҙвҖҚвҳ пёҸрҹҺёрҹҢ§пёҸрҹҳірҹ‘»рҹҸіпёҸвҖҚрҹҢҲрҹҳӮрҹ’һрҹҸҙвҖҚвҳ"] = CFrame.new(0.000000, 0.000000, 0.000000, 0.919093, -0.394040, 0.000000, 0.394040, 0.919093, 0.000000, 0.000000, 0.000000, 1.000000)
    }},
    { Time = 0.083, Data = {
      ["Head"] = CFrame.new(0.000000, -0.000002, 0.000000, 0.897432, -0.149956, -0.414885, -0.356524, 0.307356, -0.882283, 0.259821, 0.939705, 0.222368),
      ["LeftUpperArm"] = CFrame.new(0.001910, 0.086296, -0.240349, 0.628971, -0.777429, 0.000269, -0.775195, -0.627190, -0.075541, 0.058896, 0.047305, -0.997143),
      ["LeftUpperLeg"] = CFrame.new(-0.007292, -0.044804, -0.072331, 0.985415, 0.088768, 0.145180, -0.089609, 0.995977, -0.000748, -0.144662, -0.012273, 0.989405),
      ["LowerTorso"] = CFrame.new(-0.001157, -1.439180, -0.589218, -0.999999, 0.001157, -0.000105, -0.000017, 0.076252, 0.997089, 0.001161, 0.997088, -0.076252),
      ["RightUpperArm"] = CFrame.new(0.104346, -0.096004, -0.226484, 0.700725, 0.713431, -0.000197, 0.711381, -0.698732, -0.075571, -0.054053, 0.052815, -0.997140),
      ["RightUpperLeg"] = CFrame.new(-0.010285, 0.068949, -0.214740, 0.991767, -0.112558, -0.061068, 0.115968, 0.991701, 0.055498, 0.054315, -0.062123, 0.996589),
      ["рҹҢ§пёҸрҹҳірҹ‘»рҹҸіпёҸвҖҚрҹҢҲрҹҳӮрҹ’һрҹҸҙвҖҚвҳ пёҸрҹҺёрҹҢ§пёҸрҹҳірҹ‘»рҹҸіпёҸвҖҚрҹҢҲрҹҳӮрҹ’һрҹҸҙвҖҚвҳ"] = CFrame.new(0.000000, 0.000000, 0.000000, 0.918989, -0.394283, 0.000000, 0.394283, 0.918989, 0.000000, 0.000000, 0.000000, 1.000000)
    }},
    { Time = 0.100, Data = {
      ["Head"] = CFrame.new(0.000000, -0.000002, 0.000000, 0.897441, -0.149890, -0.414890, -0.357408, 0.304220, -0.883011, 0.258572, 0.940735, 0.219448),
      ["LeftUpperArm"] = CFrame.new(0.001705, 0.086197, -0.240391, 0.628820, -0.777551, 0.000414, -0.775317, -0.627053, -0.075423, 0.058905, 0.047106, -0.997152),
      ["LeftUpperLeg"] = CFrame.new(-0.007292, -0.044792, -0.072339, 0.985415, 0.088793, 0.145164, -0.089584, 0.995979, -0.001092, -0.144677, -0.011929, 0.989407),
      ["LowerTorso"] = CFrame.new(-0.001157, -1.439063, -0.589033, -0.999999, 0.001157, -0.000105, -0.000017, 0.076134, 0.997098, 0.001161, 0.997097, -0.076134),
      ["RightUpperArm"] = CFrame.new(0.104567, -0.096147, -0.226523, 0.700589, 0.713565, -0.000336, 0.711513, -0.698610, -0.075446, -0.054070, 0.052617, -0.997150),
      ["RightUpperLeg"] = CFrame.new(-0.010284, 0.068953, -0.214750, 0.991767, -0.112569, -0.061049, 0.115959, 0.991722, 0.055154, 0.054335, -0.061779, 0.996610),
      ["рҹҢ§пёҸрҹҳірҹ‘»рҹҸіпёҸвҖҚрҹҢҲрҹҳӮрҹ’һрҹҸҙвҖҚвҳ пёҸрҹҺёрҹҢ§пёҸрҹҳірҹ‘»рҹҸіпёҸвҖҚрҹҢҲрҹҳӮрҹ’һрҹҸҙвҖҚвҳ"] = CFrame.new(0.000000, 0.000000, 0.000000, 0.918850, -0.394607, 0.000000, 0.394607, 0.918850, 0.000000, 0.000000, 0.000000, 1.000000)
    }},
    { Time = 0.117, Data = {
      ["Head"] = CFrame.new(0.000000, -0.000001, -0.000000, 0.897423, -0.149943, -0.414909, -0.358273, 0.301089, -0.883734, 0.257434, 0.941734, 0.216484),
      ["LeftUpperArm"] = CFrame.new(0.001485, 0.086056, -0.240430, 0.628742, -0.777614, 0.000563, -0.775379, -0.626991, -0.075305, 0.058910, 0.046911, -0.997161),
      ["LeftUpperLeg"] = CFrame.new(-0.007296, -0.044819, -0.072348, 0.985407, 0.088910, 0.145145, -0.089639, 0.995973, -0.001528, -0.144696, -0.011505, 0.989409),
      ["LowerTorso"] = CFrame.new(-0.001157, -1.438946, -0.588814, -1.000000, 0.001157, -0.000105, -0.000017, 0.076017, 0.997107, 0.001161, 0.997106, -0.076017),
      ["RightUpperArm"] = CFrame.new(0.104804, -0.096339, -0.226558, 0.700520, 0.713633, -0.000479, 0.711581, -0.698556, -0.075320, -0.054086, 0.052422, -0.997159),
      ["RightUpperLeg"] = CFrame.new(-0.010284, 0.068958, -0.214760, 0.991767, -0.112580, -0.061029, 0.115950, 0.991742, 0.054810, 0.054355, -0.061435, 0.996630),
      ["рҹҢ§пёҸрҹҳірҹ‘»рҹҸіпёҸвҖҚрҹҢҲрҹҳӮрҹ’һрҹҸҙвҖҚвҳ пёҸрҹҺёрҹҢ§пёҸрҹҳірҹ‘»рҹҸіпёҸвҖҚрҹҢҲрҹҳӮрҹ’һрҹҸҙвҖҚвҳ"] = CFrame.new(-0.000000, 0.000000, 0.000000, 0.918711, -0.394931, 0.000000, 0.394931, 0.918711, 0.000000, 0.000000, 0.000000, 1.000000)
    }},
    { Time = 0.133, Data = {
      ["Head"] = CFrame.new(0.000000, -0.000001, 0.000000, 0.897442, -0.149923, -0.414874, -0.359072, 0.298053, -0.884439, 0.256252, 0.942702, 0.213652),
      ["LeftUpperArm"] = CFrame.new(0.001219, 0.085909, -0.240469, 0.628591, -0.777736, 0.000708, -0.775501, -0.626853, -0.075186, 0.058919, 0.046713, -0.997169),
      ["LeftUpperLeg"] = CFrame.new(-0.007290, -0.044803, -0.072315, 0.985420, 0.088942, 0.145040, -0.089607, 0.995975, -0.001954, -0.144630, -0.011071, 0.989424),
      ["LowerTorso"] = CFrame.new(-0.001157, -1.438828, -0.588561, -1.000000, 0.001157, -0.000105, -0.000017, 0.075899, 0.997116, 0.001161, 0.997115, -0.075900),
      ["RightUpperArm"] = CFrame.new(0.105107, -0.096525, -0.226593, 0.700317, 0.713832, -0.000615, 0.711779, -0.698368, -0.075195, -0.054106, 0.052222, -0.997169),
      ["RightUpperLeg"] = CFrame.new(-0.010284, 0.068965, -0.214776, 0.991767, -0.112595, -0.061000, 0.115935, 0.991772, 0.054294, 0.054385, -0.060919, 0.996660),
      ["рҹҢ§пёҸрҹҳірҹ‘»рҹҸіпёҸвҖҚрҹҢҲрҹҳӮрҹ’һрҹҸҙвҖҚвҳ пёҸрҹҺёрҹҢ§пёҸрҹҳірҹ‘»рҹҸіпёҸвҖҚрҹҢҲрҹҳӮрҹ’һрҹҸҙвҖҚвҳ"] = CFrame.new(-0.000000, 0.000000, 0.000000, 0.918537, -0.395336, 0.000000, 0.395336, 0.918537, 0.000000, 0.000000, 0.000000, 1.000000)
    }},
    { Time = 0.150, Data = {
      ["Head"] = CFrame.new(0.000000, -0.000001, 0.000000, 0.897424, -0.149956, -0.414903, -0.359918, 0.295010, -0.885115, 0.255128, 0.943654, 0.210777),
      ["LeftUpperArm"] = CFrame.new(0.000924, 0.085741, -0.240505, 0.628439, -0.777858, 0.000853, -0.775624, -0.626716, -0.075068, 0.058927, 0.046514, -0.997178),
      ["LeftUpperLeg"] = CFrame.new(-0.007290, -0.044785, -0.072327, 0.985420, 0.088980, 0.145017, -0.089570, 0.995977, -0.002470, -0.144653, -0.010555, 0.989426),
      ["LowerTorso"] = CFrame.new(-0.001220, -1.438593, -0.588285, -0.999999, 0.001220, -0.000046, 0.000046, 0.075665, 0.997133, 0.001220, 0.997133, -0.075665),
      ["RightUpperArm"] = CFrame.new(0.105424, -0.096758, -0.226625, 0.700181, 0.713965, -0.000754, 0.711911, -0.698246, -0.075069, -0.054124, 0.052025, -0.997178),
      ["RightUpperLeg"] = CFrame.new(-0.010282, 0.068930, -0.214746, 0.991762, -0.112700, -0.060887, 0.116005, 0.991792, 0.053780, 0.054326, -0.060400, 0.996695),
      ["рҹҢ§пёҸрҹҳірҹ‘»рҹҸіпёҸвҖҚрҹҢҲрҹҳӮрҹ’һрҹҸҙвҖҚвҳ пёҸрҹҺёрҹҢ§пёҸрҹҳірҹ‘»рҹҸіпёҸвҖҚрҹҢҲрҹҳӮрҹ’һрҹҸҙвҖҚвҳ"] = CFrame.new(-0.000000, 0.000000, 0.000000, 0.918362, -0.395741, 0.000000, 0.395741, 0.918362, 0.000000, 0.000000, 0.000000, 1.000000)
    }},
    { Time = 0.167, Data = {
      ["Head"] = CFrame.new(0.000000, -0.000001, 0.000000, 0.897404, -0.149944, -0.414949, -0.360733, 0.292164, -0.885727, 0.254042, 0.944541, 0.208099),
      ["LeftUpperArm"] = CFrame.new(0.000600, 0.085548, -0.240570, 0.628285, -0.777983, 0.001113, -0.775745, -0.626585, -0.074909, 0.058975, 0.046201, -0.997190),
      ["LeftUpperLeg"] = CFrame.new(-0.007294, -0.044809, -0.072338, 0.985412, 0.089104, 0.144994, -0.089618, 0.995972, -0.002993, -0.144676, -0.010045, 0.989428),
      ["LowerTorso"] = CFrame.new(-0.001220, -1.438476, -0.587967, -1.000000, 0.001220, -0.000046, 0.000046, 0.075547, 0.997142, 0.001220, 0.997142, -0.075547),
      ["RightUpperArm"] = CFrame.new(0.105789, -0.097004, -0.226676, 0.699978, 0.714164, -0.000924, 0.712112, -0.698063, -0.074865, -0.054110, 0.051746, -0.997193),
      ["RightUpperLeg"] = CFrame.new(-0.010282, 0.068938, -0.214761, 0.991762, -0.112716, -0.060858, 0.115991, 0.991821, 0.053264, 0.054356, -0.059884, 0.996724),
      ["рҹҢ§пёҸрҹҳірҹ‘»рҹҸіпёҸвҖҚрҹҢҲрҹҳӮрҹ’һрҹҸҙвҖҚвҳ пёҸрҹҺёрҹҢ§пёҸрҹҳірҹ‘»рҹҸіпёҸвҖҚрҹҢҲрҹҳӮрҹ’һрҹҸҙвҖҚвҳ"] = CFrame.new(-0.000000, 0.000000, 0.000000, 0.918153, -0.396226, 0.000000, 0.396226, 0.918153, 0.000000, 0.000000, 0.000000, 1.000000)
    }},
    { Time = 0.183, Data = {
      ["Head"] = CFrame.new(0.000000, -0.000001, 0.000000, 0.897434, -0.149947, -0.414884, -0.361430, 0.289324, -0.886375, 0.252945, 0.945414, 0.205454),
      ["LeftUpperArm"] = CFrame.new(0.000233, 0.085353, -0.240625, 0.628059, -0.778165, 0.001292, -0.775930, -0.626379, -0.074713, 0.058948, 0.045922, -0.997204),
      ["LeftUpperLeg"] = CFrame.new(-0.007294, -0.044787, -0.072352, 0.985412, 0.089147, 0.144967, -0.089574, 0.995974, -0.003595, -0.144703, -0.009443, 0.989430),
      ["LowerTorso"] = CFrame.new(-0.001220, -1.438241, -0.587628, -1.000000, 0.001220, -0.000046, 0.000046, 0.075312, 0.997160, 0.001220, 0.997159, -0.075313),
      ["RightUpperArm"] = CFrame.new(0.106185, -0.097278, -0.226734, 0.699772, 0.714366, -0.001173, 0.712309, -0.697881, -0.074693, -0.054177, 0.051433, -0.997206),
      ["RightUpperLeg"] = CFrame.new(-0.010284, 0.068947, -0.214736, 0.991767, -0.112737, -0.060738, 0.115972, 0.991855, 0.052666, 0.054305, -0.059277, 0.996763),
      ["рҹҢ§пёҸрҹҳірҹ‘»рҹҸіпёҸвҖҚрҹҢҲрҹҳӮрҹ’һрҹҸҙвҖҚвҳ пёҸрҹҺёрҹҢ§пёҸрҹҳірҹ‘»рҹҸіпёҸвҖҚрҹҢҲрҹҳӮрҹ’һрҹҸҙвҖҚвҳ"] = CFrame.new(0.000000, 0.000000, -0.000000, 0.917908, -0.396793, 0.000000, 0.396793, 0.917908, 0.000000, 0.000000, 0.000000, 1.000000)
    }},
    { Time = 0.200, Data = {
      ["Head"] = CFrame.new(0.000000, -0.000001, -0.000000, 0.897414, -0.149914, -0.414939, -0.362227, 0.286568, -0.886944, 0.251874, 0.946258, 0.202868),
      ["LeftUpperArm"] = CFrame.new(-0.000145, 0.085119, -0.240687, 0.627904, -0.778289, 0.001552, -0.776051, -0.626248, -0.074555, 0.058997, 0.045609, -0.997216),
      ["LeftUpperLeg"] = CFrame.new(-0.007291, -0.044805, -0.072324, 0.985417, 0.089284, 0.144850, -0.089610, 0.995968, -0.004285, -0.144649, -0.008757, 0.989444),
      ["LowerTorso"] = CFrame.new(-0.001220, -1.438007, -0.587258, -1.000000, 0.001220, -0.000046, 0.000046, 0.075078, 0.997178, 0.001220, 0.997177, -0.075078),
      ["RightUpperArm"] = CFrame.new(0.106609, -0.097579, -0.226780, 0.699569, 0.714564, -0.001342, 0.712510, -0.697697, -0.074489, -0.054163, 0.051154, -0.997221),
      ["RightUpperLeg"] = CFrame.new(-0.010285, 0.068957, -0.214756, 0.991767, -0.112758, -0.060699, 0.115953, 0.991894, 0.051978, 0.054346, -0.058588, 0.996802),
      ["рҹҢ§пёҸрҹҳірҹ‘»рҹҸіпёҸвҖҚрҹҢҲрҹҳӮрҹ’һрҹҸҙвҖҚвҳ пёҸрҹҺёрҹҢ§пёҸрҹҳірҹ‘»рҹҸіпёҸвҖҚрҹҢҲрҹҳӮрҹ’һрҹҸҙвҖҚвҳ"] = CFrame.new(0.000000, 0.000000, 0.000000, 0.917663, -0.397359, 0.000000, 0.397359, 0.917663, 0.000000, 0.000000, 0.000000, 1.000000)
    }},
    { Time = 0.217, Data = {
      ["Head"] = CFrame.new(0.000000, -0.000001, -0.000000, 0.897405, -0.149925, -0.414954, -0.362942, 0.283922, -0.887503, 0.250874, 0.947054, 0.200379),
      ["LeftUpperArm"] = CFrame.new(-0.000566, 0.084881, -0.240768, 0.627675, -0.778473, 0.001846, -0.776236, -0.626047, -0.074318, 0.059010, 0.045215, -0.997233),
      ["LeftUpperLeg"] = CFrame.new(-0.007291, -0.044777, -0.072342, 0.985417, 0.089340, 0.144815, -0.089554, 0.995969, -0.005059, -0.144683, -0.007983, 0.989446),
      ["LowerTorso"] = CFrame.new(-0.001220, -1.437771, -0.586861, -0.999999, 0.001220, -0.000046, 0.000046, 0.074843, 0.997195, 0.001220, 0.997195, -0.074843),
      ["RightUpperArm"] = CFrame.new(0.107077, -0.097889, -0.226856, 0.699296, 0.714830, -0.001621, 0.712775, -0.697454, -0.074238, -0.054198, 0.050759, -0.997240),
      ["RightUpperLeg"] = CFrame.new(-0.010285, 0.068966, -0.214776, 0.991767, -0.112779, -0.060660, 0.115934, 0.991932, 0.051290, 0.054386, -0.057900, 0.996840),
      ["рҹҢ§пёҸрҹҳірҹ‘»рҹҸіпёҸвҖҚрҹҢҲрҹҳӮрҹ’һрҹҸҙвҖҚвҳ пёҸрҹҺёрҹҢ§пёҸрҹҳірҹ‘»рҹҸіпёҸвҖҚрҹҢҲрҹҳӮрҹ’һрҹҸҙвҖҚвҳ"] = CFrame.new(0.000000, 0.000000, 0.000000, 0.917383, -0.398006, 0.000000, 0.398006, 0.917383, 0.000000, 0.000000, 0.000000, 1.000000)
    }},
    { Time = 0.233, Data = {
      ["Head"] = CFrame.new(0.000000, -0.000001, -0.000000, 0.897408, -0.149980, -0.414928, -0.363575, 0.281386, -0.888051, 0.249945, 0.947802, 0.197989),
      ["LeftUpperArm"] = CFrame.new(-0.001011, 0.084625, -0.240848, 0.627446, -0.778657, 0.002140, -0.776420, -0.625847, -0.074082, 0.059024, 0.044821, -0.997250),
      ["LeftUpperLeg"] = CFrame.new(-0.007289, -0.044795, -0.072314, 0.985422, 0.089477, 0.144698, -0.089590, 0.995962, -0.005750, -0.144629, -0.007298, 0.989459),
      ["LowerTorso"] = CFrame.new(-0.001220, -1.437536, -0.586434, -1.000000, 0.001220, -0.000046, 0.000046, 0.074608, 0.997213, 0.001220, 0.997212, -0.074608),
      ["RightUpperArm"] = CFrame.new(0.107555, -0.098242, -0.226899, 0.699093, 0.715029, -0.001791, 0.712975, -0.697271, -0.074033, -0.054185, 0.050480, -0.997255),
      ["RightUpperLeg"] = CFrame.new(-0.010282, 0.068935, -0.214754, 0.991762, -0.112890, -0.060532, 0.115997, 0.991964, 0.050518, 0.054342, -0.057123, 0.996887),
      ["рҹҢ§пёҸрҹҳірҹ‘»рҹҸіпёҸвҖҚрҹҢҲрҹҳӮрҹ’һрҹҸҙвҖҚвҳ пёҸрҹҺёрҹҢ§пёҸрҹҳірҹ‘»рҹҸіпёҸвҖҚрҹҢҲрҹҳӮрҹ’һрҹҸҙвҖҚвҳ"] = CFrame.new(-0.000000, 0.000000, 0.000000, 0.917102, -0.398653, 0.000000, 0.398653, 0.917102, 0.000000, 0.000000, 0.000000, 1.000000)
    }},
    { Time = 0.250, Data = {
      ["Head"] = CFrame.new(0.000000, -0.000001, 0.000000, 0.897398, -0.149947, -0.414961, -0.364259, 0.278935, -0.888544, 0.248981, 0.948531, 0.195697),
      ["LeftUpperArm"] = CFrame.new(-0.001479, 0.084350, -0.240927, 0.627217, -0.778841, 0.002434, -0.776604, -0.625646, -0.073846, 0.059037, 0.044427, -0.997267),
      ["LeftUpperLeg"] = CFrame.new(-0.007293, -0.044806, -0.072334, 0.985414, 0.089625, 0.144659, -0.089613, 0.995955, -0.006616, -0.144667, -0.006444, 0.989459),
      ["LowerTorso"] = CFrame.new(-0.001220, -1.437301, -0.585982, -0.999999, 0.001220, -0.000045, 0.000045, 0.074373, 0.997231, 0.001220, 0.997230, -0.074373),
      ["RightUpperArm"] = CFrame.new(0.108077, -0.098602, -0.226970, 0.698820, 0.715295, -0.002070, 0.713240, -0.697026, -0.073783, -0.054219, 0.050085, -0.997272),
      ["RightUpperLeg"] = CFrame.new(-0.010285, 0.068948, -0.214736, 0.991767, -0.112919, -0.060397, 0.115971, 0.992010, 0.049662, 0.054307, -0.056258, 0.996938),
      ["рҹҢ§пёҸрҹҳірҹ‘»рҹҸіпёҸвҖҚрҹҢҲрҹҳӮрҹ’һрҹҸҙвҖҚвҳ пёҸрҹҺёрҹҢ§пёҸрҹҳірҹ‘»рҹҸіпёҸвҖҚрҹҢҲрҹҳӮрҹ’һрҹҸҙвҖҚвҳ"] = CFrame.new(0.000000, 0.000000, 0.000000, 0.916820, -0.399300, 0.000000, 0.399300, 0.916820, 0.000000, 0.000000, 0.000000, 1.000000)
    }},
    { Time = 0.267, Data = {
      ["Head"] = CFrame.new(0.000000, -0.000001, 0.000000, 0.897400, -0.149957, -0.414952, -0.364861, 0.276596, -0.889028, 0.248090, 0.949214, 0.193504),
      ["LeftUpperArm"] = CFrame.new(-0.001970, 0.084058, -0.241004, 0.626987, -0.779025, 0.002728, -0.776788, -0.625445, -0.073610, 0.059050, 0.044033, -0.997283),
      ["LeftUpperLeg"] = CFrame.new(-0.007297, -0.044818, -0.072353, 0.985406, 0.089774, 0.144620, -0.089636, 0.995947, -0.007482, -0.144706, -0.005590, 0.989459),
      ["LowerTorso"] = CFrame.new(-0.001220, -1.437066, -0.585503, -0.999999, 0.001220, -0.000045, 0.000045, 0.074138, 0.997248, 0.001220, 0.997247, -0.074138),
      ["RightUpperArm"] = CFrame.new(0.108622, -0.098985, -0.227040, 0.698547, 0.715561, -0.002349, 0.713505, -0.696781, -0.073533, -0.054254, 0.049690, -0.997290),
      ["RightUpperLeg"] = CFrame.new(-0.010285, 0.068959, -0.214761, 0.991767, -0.112945, -0.060348, 0.115948, 0.992056, 0.048802, 0.054357, -0.055397, 0.996984),
      ["рҹҢ§пёҸрҹҳірҹ‘»рҹҸіпёҸвҖҚрҹҢҲрҹҳӮрҹ’һрҹҸҙвҖҚвҳ пёҸрҹҺёрҹҢ§пёҸрҹҳірҹ‘»рҹҸіпёҸвҖҚрҹҢҲрҹҳӮрҹ’һрҹҸҙвҖҚвҳ"] = CFrame.new(0.000000, 0.000000, 0.000000, 0.916503, -0.400027, 0.000000, 0.400027, 0.916503, 0.000000, 0.000000, 0.000000, 1.000000)
    }},
    { Time = 0.283, Data = {
      ["Head"] = CFrame.new(0.000000, -0.000000, 0.000000, 0.897415, -0.149987, -0.414911, -0.365369, 0.274472, -0.889478, 0.247291, 0.949826, 0.191515),
      ["LeftUpperArm"] = CFrame.new(-0.002499, 0.083769, -0.241081, 0.626683, -0.779268, 0.003019, -0.777032, -0.625170, -0.073374, 0.059065, 0.043637, -0.997300),
      ["LeftUpperLeg"] = CFrame.new(-0.007291, -0.044786, -0.072329, 0.985419, 0.089837, 0.144496, -0.089574, 0.995945, -0.008338, -0.144659, -0.004726, 0.989470),
      ["LowerTorso"] = CFrame.new(-0.001220, -1.436715, -0.585009, -0.999999, 0.001220, -0.000045, 0.000045, 0.073786, 0.997274, 0.001220, 0.997273, -0.073786),
      ["RightUpperArm"] = CFrame.new(0.109208, -0.099372, -0.227109, 0.698206, 0.715892, -0.002625, 0.713835, -0.696469, -0.073283, -0.054291, 0.049293, -0.997308),
      ["RightUpperLeg"] = CFrame.new(-0.010282, 0.068929, -0.214742, 0.991762, -0.113059, -0.060215, 0.116008, 0.992091, 0.047944, 0.054318, -0.054534, 0.997033),
      ["рҹҢ§пёҸрҹҳірҹ‘»рҹҸіпёҸвҖҚрҹҢҲрҹҳӮрҹ’һрҹҸҙвҖҚвҳ пёҸрҹҺёрҹҢ§пёҸрҹҳірҹ‘»рҹҸіпёҸвҖҚрҹҢҲрҹҳӮрҹ’һрҹҸҙвҖҚвҳ"] = CFrame.new(0.000000, 0.000000, 0.000000, 0.916150, -0.400835, 0.000000, 0.400835, 0.916150, 0.000000, 0.000000, 0.000000, 1.000000)
    }},
    { Time = 0.300, Data = {
      ["Head"] = CFrame.new(0.000000, -0.000000, 0.000000, 0.897416, -0.149928, -0.414929, -0.365927, 0.272436, -0.889874, 0.246459, 0.950421, 0.189625),
      ["LeftUpperArm"] = CFrame.new(-0.003048, 0.083462, -0.241187, 0.626376, -0.779513, 0.003425, -0.777276, -0.624899, -0.073098, 0.059121, 0.043125, -0.997319),
      ["LeftUpperLeg"] = CFrame.new(-0.007294, -0.044795, -0.072351, 0.985411, 0.089991, 0.144452, -0.089590, 0.995935, -0.009291, -0.144701, -0.003786, 0.989468),
      ["LowerTorso"] = CFrame.new(-0.001220, -1.436479, -0.584484, -0.999999, 0.001220, -0.000045, 0.000045, 0.073551, 0.997292, 0.001220, 0.997291, -0.073551),
      ["RightUpperArm"] = CFrame.new(0.109798, -0.099798, -0.227197, 0.697933, 0.716157, -0.002938, 0.714102, -0.696230, -0.072953, -0.054291, 0.048818, -0.997332),
      ["RightUpperLeg"] = CFrame.new(-0.010282, 0.068942, -0.214770, 0.991762, -0.113088, -0.060161, 0.115982, 0.992139, 0.046997, 0.054374, -0.053587, 0.997082),
      ["рҹҢ§пёҸрҹҳірҹ‘»рҹҸіпёҸвҖҚрҹҢҲрҹҳӮрҹ’һрҹҸҙвҖҚвҳ пёҸрҹҺёрҹҢ§пёҸрҹҳірҹ‘»рҹҸіпёҸвҖҚрҹҢҲрҹҳӮрҹ’һрҹҸҙвҖҚвҳ"] = CFrame.new(0.000000, 0.000000, 0.000000, 0.915796, -0.401643, 0.000000, 0.401643, 0.915796, 0.000000, 0.000000, 0.000000, 1.000000)
    }},
    { Time = 0.317, Data = {
      ["Head"] = CFrame.new(0.000000, -0.000000, 0.000000, 0.897393, -0.149966, -0.414966, -0.366454, 0.270512, -0.890244, 0.245760, 0.950964, 0.187800),
      ["LeftUpperArm"] = CFrame.new(-0.003599, 0.083122, -0.241282, 0.626146, -0.779697, 0.003756, -0.777463, -0.624704, -0.072784, 0.059096, 0.042653, -0.997341),
      ["LeftUpperLeg"] = CFrame.new(-0.007292, -0.044804, -0.072329, 0.985416, 0.090146, 0.144324, -0.089608, 0.995925, -0.010239, -0.144658, -0.002843, 0.989478),
      ["LowerTorso"] = CFrame.new(-0.001220, -1.436127, -0.583947, -1.000000, 0.001220, -0.000045, 0.000045, 0.073198, 0.997318, 0.001220, 0.997317, -0.073198),
      ["RightUpperArm"] = CFrame.new(0.110425, -0.100224, -0.227263, 0.697592, 0.716488, -0.003214, 0.714432, -0.695917, -0.072703, -0.054328, 0.048421, -0.997349),
      ["RightUpperLeg"] = CFrame.new(-0.010285, 0.068956, -0.214755, 0.991767, -0.113119, -0.060022, 0.115954, 0.992186, 0.046055, 0.054343, -0.052636, 0.997134),
      ["рҹҢ§пёҸрҹҳірҹ‘»рҹҸіпёҸвҖҚрҹҢҲрҹҳӮрҹ’һрҹҸҙвҖҚвҳ пёҸрҹҺёрҹҢ§пёҸрҹҳірҹ‘»рҹҸіпёҸвҖҚрҹҢҲрҹҳӮрҹ’һрҹҸҙвҖҚвҳ"] = CFrame.new(0.000000, 0.000000, 0.000000, 0.915442, -0.402451, 0.000000, 0.402451, 0.915442, 0.000000, 0.000000, 0.000000, 1.000000)
    }},
    { Time = 0.333, Data = {
      ["Head"] = CFrame.new(0.000000, -0.000000, -0.000000, 0.897418, -0.149970, -0.414909, -0.366838, 0.268805, -0.890603, 0.245094, 0.951448, 0.186216),
      ["LeftUpperArm"] = CFrame.new(-0.004184, 0.082787, -0.241385, 0.625839, -0.779941, 0.004163, -0.777706, -0.624433, -0.072508, 0.059151, 0.042141, -0.997359),
      ["LeftUpperLeg"] = CFrame.new(-0.007296, -0.044809, -0.072352, 0.985408, 0.090307, 0.144276, -0.089618, 0.995912, -0.011278, -0.144705, -0.001817, 0.989473),
      ["LowerTorso"] = CFrame.new(-0.001220, -1.435774, -0.583390, -0.999999, 0.001220, -0.000044, 0.000044, 0.072846, 0.997343, 0.001220, 0.997343, -0.072846),
      ["RightUpperArm"] = CFrame.new(0.111071, -0.100668, -0.227348, 0.697251, 0.716818, -0.003524, 0.714765, -0.695610, -0.072374, -0.054331, 0.047944, -0.997371),
      ["RightUpperLeg"] = CFrame.new(-0.010282, 0.068928, -0.214740, 0.991762, -0.113238, -0.059879, 0.116010, 0.992227, 0.045025, 0.054315, -0.051600, 0.997190),
      ["рҹҢ§пёҸрҹҳірҹ‘»рҹҸіпёҸвҖҚрҹҢҲрҹҳӮрҹ’һрҹҸҙвҖҚвҳ пёҸрҹҺёрҹҢ§пёҸрҹҳірҹ‘»рҹҸіпёҸвҖҚрҹҢҲрҹҳӮрҹ’һрҹҸҙвҖҚвҳ"] = CFrame.new(0.000000, 0.000000, 0.000000, 0.915051, -0.403339, 0.000000, 0.403339, 0.915051, 0.000000, 0.000000, 0.000000, 1.000000)
    }},
    { Time = 0.350, Data = {
      ["Head"] = CFrame.new(0.000000, -0.000000, 0.000000, 0.897406, -0.150004, -0.414922, -0.367257, 0.267200, -0.890913, 0.244508, 0.951894, 0.184697),
      ["LeftUpperArm"] = CFrame.new(-0.004785, 0.082440, -0.241478, 0.625534, -0.780184, 0.004491, -0.777953, -0.624161, -0.072195, 0.059129, 0.041667, -0.997380),
      ["LeftUpperLeg"] = CFrame.new(-0.007294, -0.044815, -0.072333, 0.985413, 0.090468, 0.144143, -0.089629, 0.995899, -0.012312, -0.144666, -0.000787, 0.989480),
      ["LowerTorso"] = CFrame.new(-0.001220, -1.435539, -0.582806, -0.999999, 0.001220, -0.000044, 0.000044, 0.072611, 0.997360, 0.001220, 0.997360, -0.072611),
      ["RightUpperArm"] = CFrame.new(0.111735, -0.101130, -0.227441, 0.696908, 0.717150, -0.003914, 0.715094, -0.695302, -0.072079, -0.054412, 0.047434, -0.997391),
      ["RightUpperLeg"] = CFrame.new(-0.010282, 0.068942, -0.214771, 0.991762, -0.113269, -0.059820, 0.115982, 0.992277, 0.043992, 0.054375, -0.050568, 0.997239),
      ["рҹҢ§пёҸрҹҳірҹ‘»рҹҸіпёҸвҖҚрҹҢҲрҹҳӮрҹ’һрҹҸҙвҖҚвҳ пёҸрҹҺёрҹҢ§пёҸрҹҳірҹ‘»рҹҸіпёҸвҖҚрҹҢҲрҹҳӮрҹ’һрҹҸҙвҖҚвҳ"] = CFrame.new(0.000000, 0.000000, 0.000000, 0.914659, -0.404227, 0.000000, 0.404227, 0.914659, 0.000000, 0.000000, 0.000000, 1.000000)
    }},
    { Time = 0.367, Data = {
      ["Head"] = CFrame.new(0.000000, -0.000000, 0.000000, 0.897432, -0.149939, -0.414891, -0.367597, 0.265802, -0.891191, 0.243903, 0.952296, 0.183422),
      ["LeftUpperArm"] = CFrame.new(-0.005400, 0.082082, -0.241580, 0.625227, -0.780428, 0.004897, -0.778196, -0.623890, -0.071920, 0.059183, 0.041155, -0.997398),
      ["LeftUpperLeg"] = CFrame.new(-0.007298, -0.044820, -0.072356, 0.985405, 0.090628, 0.144096, -0.089640, 0.995885, -0.013350, -0.144712, 0.000239, 0.989474),
      ["LowerTorso"] = CFrame.new(-0.001220, -1.435186, -0.582215, -0.999999, 0.001220, -0.000044, 0.000044, 0.072258, 0.997386, 0.001220, 0.997385, -0.072258),
      ["RightUpperArm"] = CFrame.new(0.112413, -0.101605, -0.227524, 0.696566, 0.717480, -0.004224, 0.715426, -0.694995, -0.071750, -0.054415, 0.046957, -0.997414),
      ["RightUpperLeg"] = CFrame.new(-0.010285, 0.068957, -0.214758, 0.991767, -0.113302, -0.059675, 0.115951, 0.992325, 0.042964, 0.054349, -0.049530, 0.997293),
      ["рҹҢ§пёҸрҹҳірҹ‘»рҹҸіпёҸвҖҚрҹҢҲрҹҳӮрҹ’һрҹҸҙвҖҚвҳ пёҸрҹҺёрҹҢ§пёҸрҹҳірҹ‘»рҹҸіпёҸвҖҚрҹҢҲрҹҳӮрҹ’һрҹҸҙвҖҚвҳ"] = CFrame.new(0.000000, 0.000000, 0.000000, 0.914266, -0.405114, 0.000000, 0.405114, 0.914266, 0.000000, 0.000000, 0.000000, 1.000000)
    }},
    { Time = 0.383, Data = {
      ["Head"] = CFrame.new(0.000000, -0.000000, 0.000000, 0.897432, -0.149969, -0.414880, -0.367909, 0.264518, -0.891445, 0.243432, 0.952649, 0.182212),
      ["LeftUpperArm"] = CFrame.new(-0.006044, 0.081733, -0.241682, 0.624844, -0.780732, 0.005300, -0.778499, -0.623544, -0.071644, 0.059240, 0.040640, -0.997416),
      ["LeftUpperLeg"] = CFrame.new(-0.007291, -0.044780, -0.072339, 0.985417, 0.090710, 0.143959, -0.089559, 0.995876, -0.014464, -0.144677, 0.001361, 0.989478),
      ["LowerTorso"] = CFrame.new(-0.001220, -1.434834, -0.581609, -1.000000, 0.001220, -0.000044, 0.000044, 0.071905, 0.997412, 0.001220, 0.997411, -0.071905),
      ["RightUpperArm"] = CFrame.new(0.113105, -0.102093, -0.227606, 0.696225, 0.717810, -0.004534, 0.715758, -0.694686, -0.071421, -0.054417, 0.046480, -0.997436),
      ["RightUpperLeg"] = CFrame.new(-0.010282, 0.068931, -0.214746, 0.991762, -0.113424, -0.059527, 0.116005, 0.992367, 0.041848, 0.054326, -0.048408, 0.997349),
      ["рҹҢ§пёҸрҹҳірҹ‘»рҹҸіпёҸвҖҚрҹҢҲрҹҳӮрҹ’һрҹҸҙвҖҚвҳ пёҸрҹҺёрҹҢ§пёҸрҹҳірҹ‘»рҹҸіпёҸвҖҚрҹҢҲрҹҳӮрҹ’һрҹҸҙвҖҚвҳ"] = CFrame.new(0.000000, 0.000000, 0.000000, 0.913837, -0.406082, 0.000000, 0.406082, 0.913837, 0.000000, 0.000000, 0.000000, 1.000000)
    }},
    { Time = 0.400, Data = {
      ["Head"] = CFrame.new(0.000000, -0.000000, 0.000000, 0.897432, -0.149976, -0.414877, -0.368206, 0.263337, -0.891672, 0.242982, 0.952975, 0.181105),
      ["LeftUpperArm"] = CFrame.new(-0.006683, 0.081355, -0.241793, 0.624539, -0.780973, 0.005667, -0.778748, -0.623277, -0.071254, 0.059179, 0.040088, -0.997442),
      ["LeftUpperLeg"] = CFrame.new(-0.007289, -0.044782, -0.072321, 0.985422, 0.090876, 0.143822, -0.089564, 0.995859, -0.015585, -0.144642, 0.002476, 0.989481),
      ["LowerTorso"] = CFrame.new(-0.001220, -1.434480, -0.580991, -0.999999, 0.001220, -0.000044, 0.000044, 0.071552, 0.997437, 0.001220, 0.997436, -0.071552),
      ["RightUpperArm"] = CFrame.new(0.113828, -0.102576, -0.227718, 0.695813, 0.718206, -0.004954, 0.716155, -0.694316, -0.071047, -0.054467, 0.045888, -0.997461),
      ["RightUpperLeg"] = CFrame.new(-0.010285, 0.068947, -0.214736, 0.991767, -0.113459, -0.059377, 0.115973, 0.992417, 0.040734, 0.054305, -0.047284, 0.997404),
      ["рҹҢ§пёҸрҹҳірҹ‘»рҹҸіпёҸвҖҚрҹҢҲрҹҳӮрҹ’һрҹҸҙвҖҚвҳ пёҸрҹҺёрҹҢ§пёҸрҹҳірҹ‘»рҹҸіпёҸвҖҚрҹҢҲрҹҳӮрҹ’һрҹҸҙвҖҚвҳ"] = CFrame.new(0.000000, 0.000000, 0.000000, 0.913406, -0.407050, 0.000000, 0.407050, 0.913406, 0.000000, 0.000000, 0.000000, 1.000000)
    }},
    { Time = 0.417, Data = {
      ["Head"] = CFrame.new(-0.000000, -0.000000, 0.000000, 0.897395, -0.149991, -0.414952, -0.368525, 0.262363, -0.891827, 0.242634, 0.953241, 0.180168),
      ["LeftUpperArm"] = CFrame.new(-0.007332, 0.080971, -0.241894, 0.624230, -0.781217, 0.006073, -0.778992, -0.623005, -0.070979, 0.059233, 0.039576, -0.997460),
      ["LeftUpperLeg"] = CFrame.new(-0.007293, -0.044784, -0.072346, 0.985414, 0.091043, 0.143770, -0.089569, 0.995840, -0.016709, -0.144693, 0.003588, 0.989470),
      ["LowerTorso"] = CFrame.new(-0.001220, -1.434128, -0.580360, -0.999999, 0.001220, -0.000043, 0.000043, 0.071199, 0.997462, 0.001220, 0.997461, -0.071199),
      ["RightUpperArm"] = CFrame.new(0.114543, -0.103086, -0.227799, 0.695471, 0.718535, -0.005265, 0.716487, -0.694007, -0.070719, -0.054468, 0.045411, -0.997482),
      ["RightUpperLeg"] = CFrame.new(-0.010285, 0.068962, -0.214768, 0.991767, -0.113493, -0.059313, 0.115942, 0.992466, 0.039614, 0.054371, -0.046165, 0.997453),
      ["рҹҢ§пёҸрҹҳірҹ‘»рҹҸіпёҸвҖҚрҹҢҲрҹҳӮрҹ’һрҹҸҙвҖҚвҳ пёҸрҹҺёрҹҢ§пёҸрҹҳірҹ‘»рҹҸіпёҸвҖҚрҹҢҲрҹҳӮрҹ’һрҹҸҙвҖҚвҳ"] = CFrame.new(0.000000, 0.000000, 0.000000, 0.912974, -0.408017, 0.000000, 0.408017, 0.912974, 0.000000, 0.000000, 0.000000, 1.000000)
    }},
    { Time = 0.433, Data = {
      ["Head"] = CFrame.new(0.000000, 0.000000, 0.000000, 0.897408, -0.149970, -0.414932, -0.368702, 0.261609, -0.891975, 0.242319, 0.953451, 0.179476),
      ["LeftUpperArm"] = CFrame.new(-0.008006, 0.080598, -0.242014, 0.623847, -0.781519, 0.006514, -0.779297, -0.622662, -0.070626, 0.059252, 0.038984, -0.997482),
      ["LeftUpperLeg"] = CFrame.new(-0.007291, -0.044787, -0.072329, 0.985419, 0.091210, 0.143632, -0.089574, 0.995821, -0.017830, -0.144658, 0.004704, 0.989471),
      ["LowerTorso"] = CFrame.new(-0.001220, -1.433774, -0.579721, -0.999999, 0.001220, -0.000043, 0.000043, 0.070846, 0.997487, 0.001220, 0.997487, -0.070846),
      ["RightUpperArm"] = CFrame.new(0.115285, -0.103587, -0.227888, 0.695058, 0.718931, -0.005652, 0.716881, -0.693630, -0.070425, -0.054551, 0.044898, -0.997501),
      ["RightUpperLeg"] = CFrame.new(-0.010282, 0.068935, -0.214757, 0.991762, -0.113614, -0.059165, 0.115996, 0.992503, 0.038498, 0.054348, -0.045044, 0.997506),
      ["рҹҢ§пёҸрҹҳірҹ‘»рҹҸіпёҸвҖҚрҹҢҲрҹҳӮрҹ’һрҹҸҙвҖҚвҳ пёҸрҹҺёрҹҢ§пёҸрҹҳірҹ‘»рҹҸіпёҸвҖҚрҹҢҲрҹҳӮрҹ’һрҹҸҙвҖҚвҳ"] = CFrame.new(0.000000, 0.000000, 0.000000, 0.912542, -0.408984, 0.000000, 0.408984, 0.912542, 0.000000, 0.000000, 0.000000, 1.000000)
    }},
    { Time = 0.450, Data = {
      ["Head"] = CFrame.new(-0.000000, -0.000000, 0.000000, 0.897432, -0.149991, -0.414871, -0.368799, 0.260972, -0.892122, 0.242080, 0.953623, 0.178888),
      ["LeftUpperArm"] = CFrame.new(-0.008670, 0.080200, -0.242134, 0.623538, -0.781762, 0.006958, -0.779543, -0.622394, -0.070274, 0.059268, 0.038394, -0.997504),
      ["LeftUpperLeg"] = CFrame.new(-0.007294, -0.044786, -0.072356, 0.985411, 0.091383, 0.143576, -0.089572, 0.995798, -0.019040, -0.144713, 0.005902, 0.989456),
      ["LowerTorso"] = CFrame.new(-0.001220, -1.433421, -0.579074, -0.999999, 0.001220, -0.000043, 0.000043, 0.070493, 0.997512, 0.001220, 0.997512, -0.070493),
      ["RightUpperArm"] = CFrame.new(0.116016, -0.104113, -0.227988, 0.694716, 0.719259, -0.005997, 0.717215, -0.693325, -0.070017, -0.054518, 0.044341, -0.997528),
      ["RightUpperLeg"] = CFrame.new(-0.010285, 0.068953, -0.214749, 0.991767, -0.113652, -0.059010, 0.115961, 0.992553, 0.037298, 0.054332, -0.043833, 0.997560),
      ["рҹҢ§пёҸрҹҳірҹ‘»рҹҸіпёҸвҖҚрҹҢҲрҹҳӮрҹ’һрҹҸҙвҖҚвҳ пёҸрҹҺёрҹҢ§пёҸрҹҳірҹ‘»рҹҸіпёҸвҖҚрҹҢҲрҹҳӮрҹ’һрҹҸҙвҖҚвҳ"] = CFrame.new(0.000000, 0.000000, 0.000000, 0.912108, -0.409950, 0.000000, 0.409950, 0.912108, 0.000000, 0.000000, 0.000000, 1.000000)
    }},
    { Time = 0.467, Data = {
      ["Head"] = CFrame.new(-0.000000, -0.000000, 0.000000, 0.897408, -0.149954, -0.414938, -0.368984, 0.260530, -0.892174, 0.241889, 0.953750, 0.178471),
      ["LeftUpperArm"] = CFrame.new(-0.009355, 0.079821, -0.242233, 0.623154, -0.782064, 0.007362, -0.779846, -0.622046, -0.070000, 0.059324, 0.037879, -0.997520),
      ["LeftUpperLeg"] = CFrame.new(-0.007292, -0.044788, -0.072339, 0.985416, 0.091549, 0.143438, -0.089577, 0.995776, -0.020160, -0.144678, 0.007017, 0.989454),
      ["LowerTorso"] = CFrame.new(-0.001220, -1.432950, -0.578429, -0.999999, 0.001220, -0.000043, 0.000043, 0.070022, 0.997545, 0.001220, 0.997545, -0.070022),
      ["RightUpperArm"] = CFrame.new(0.116770, -0.104625, -0.228077, 0.694303, 0.719655, -0.006384, 0.717609, -0.692948, -0.069724, -0.054601, 0.043828, -0.997546),
      ["RightUpperLeg"] = CFrame.new(-0.010282, 0.068926, -0.214738, 0.991762, -0.113773, -0.058862, 0.116015, 0.992588, 0.036181, 0.054309, -0.042712, 0.997610),
      ["рҹҢ§пёҸрҹҳірҹ‘»рҹҸіпёҸвҖҚрҹҢҲрҹҳӮрҹ’һрҹҸҙвҖҚвҳ пёҸрҹҺёрҹҢ§пёҸрҹҳірҹ‘»рҹҸіпёҸвҖҚрҹҢҲрҹҳӮрҹ’һрҹҸҙвҖҚвҳ"] = CFrame.new(0.000000, 0.000000, -0.000000, 0.911673, -0.410916, 0.000000, 0.410916, 0.911673, 0.000000, 0.000000, 0.000000, 1.000000)
    }},
    { Time = 0.483, Data = {
      ["Head"] = CFrame.new(-0.000000, -0.000000, -0.000000, 0.897408, -0.150001, -0.414921, -0.369012, 0.260321, -0.892224, 0.241847, 0.953799, 0.178262),
      ["LeftUpperArm"] = CFrame.new(-0.010028, 0.079416, -0.242352, 0.622845, -0.782306, 0.007807, -0.780091, -0.621777, -0.069647, 0.059340, 0.037290, -0.997541),
      ["LeftUpperLeg"] = CFrame.new(-0.007290, -0.044788, -0.072323, 0.985420, 0.091721, 0.143296, -0.089576, 0.995751, -0.021366, -0.144647, 0.008219, 0.989449),
      ["LowerTorso"] = CFrame.new(-0.001220, -1.432597, -0.577773, -0.999999, 0.001220, -0.000043, 0.000043, 0.069669, 0.997570, 0.001220, 0.997569, -0.069669),
      ["RightUpperArm"] = CFrame.new(0.117527, -0.105141, -0.228186, 0.693889, 0.720049, -0.006805, 0.718005, -0.692575, -0.069351, -0.054649, 0.043236, -0.997569),
      ["RightUpperLeg"] = CFrame.new(-0.010282, 0.068943, -0.214773, 0.991762, -0.113808, -0.058793, 0.115982, 0.992635, 0.034976, 0.054379, -0.041506, 0.997657),
      ["рҹҢ§пёҸрҹҳірҹ‘»рҹҸіпёҸвҖҚрҹҢҲрҹҳӮрҹ’һрҹҸҙвҖҚвҳ пёҸрҹҺёрҹҢ§пёҸрҹҳірҹ‘»рҹҸіпёҸвҖҚрҹҢҲрҹҳӮрҹ’һрҹҸҙвҖҚвҳ"] = CFrame.new(0.000000, 0.000000, 0.000000, 0.911201, -0.411962, 0.000000, 0.411962, 0.911201, 0.000000, 0.000000, 0.000000, 1.000000)
    }},
    { Time = 0.500, Data = {
      ["Head"] = CFrame.new(0.000000, 0.000000, -0.000000, 0.897395, -0.149959, -0.414963, -0.369091, 0.260205, -0.892225, 0.241772, 0.953837, 0.178158),
      ["LeftUpperArm"] = CFrame.new(-0.010716, 0.079032, -0.242472, 0.622461, -0.782608, 0.008248, -0.780397, -0.621433, -0.069296, 0.059357, 0.036697, -0.997563),
      ["LeftUpperLeg"] = CFrame.new(-0.007294, -0.044790, -0.072349, 0.985413, 0.091888, 0.143243, -0.089580, 0.995726, -0.022491, -0.144698, 0.009331, 0.989432),
      ["LowerTorso"] = CFrame.new(-0.001220, -1.432244, -0.577114, -1.000000, 0.001220, -0.000042, 0.000042, 0.069316, 0.997595, 0.001220, 0.997594, -0.069316),
      ["RightUpperArm"] = CFrame.new(0.118269, -0.105677, -0.228285, 0.693546, 0.720377, -0.007150, 0.718339, -0.692269, -0.068944, -0.054615, 0.042679, -0.997595),
      ["RightUpperLeg"] = CFrame.new(-0.010284, 0.068959, -0.214762, 0.991767, -0.113843, -0.058643, 0.115950, 0.992678, 0.033861, 0.054359, -0.040382, 0.997705),
      ["рҹҢ§пёҸрҹҳірҹ‘»рҹҸіпёҸвҖҚрҹҢҲрҹҳӮрҹ’һрҹҸҙвҖҚвҳ пёҸрҹҺёрҹҢ§пёҸрҹҳірҹ‘»рҹҸіпёҸвҖҚрҹҢҲрҹҳӮрҹ’һрҹҸҙвҖҚвҳ"] = CFrame.new(0.000000, 0.000000, 0.000000, 0.910764, -0.412928, 0.000000, 0.412928, 0.910764, 0.000000, 0.000000, 0.000000, 1.000000)
    }},
    { Time = 0.517, Data = {
      ["Head"] = CFrame.new(-0.000000, -0.000000, 0.000000, 0.897408, -0.150001, -0.414921, -0.369012, 0.260321, -0.892224, 0.241847, 0.953799, 0.178262),
      ["LeftUpperArm"] = CFrame.new(-0.011407, 0.078645, -0.242591, 0.622077, -0.782908, 0.008690, -0.780702, -0.621089, -0.068944, 0.059374, 0.036104, -0.997583),
      ["LeftUpperLeg"] = CFrame.new(-0.007291, -0.044790, -0.072333, 0.985417, 0.092060, 0.143101, -0.089579, 0.995698, -0.023697, -0.144667, 0.010532, 0.989424),
      ["LowerTorso"] = CFrame.new(-0.001220, -1.431890, -0.576455, -0.999999, 0.001220, -0.000042, 0.000042, 0.068963, 0.997619, 0.001220, 0.997618, -0.068963),
      ["RightUpperArm"] = CFrame.new(0.119028, -0.106193, -0.228374, 0.693132, 0.720771, -0.007538, 0.718732, -0.691890, -0.068651, -0.054697, 0.042166, -0.997612),
      ["RightUpperLeg"] = CFrame.new(-0.010282, 0.068933, -0.214754, 0.991761, -0.113966, -0.058489, 0.116001, 0.992712, 0.032658, 0.054341, -0.039174, 0.997754),
