return {
  ["Astros come here"] = {
    { Time = 0.000, Data = {
      ["Balls"] = CFrame.new(-0.000000, -0.000001, 0.000000, 0.991872, 0.127238, 0.000000, -0.127238, 0.991872, -0.000000, -0.000000, 0.000000, 1.000000),
      ["Cock"] = CFrame.new(0.000000, -0.000000, 0.000000, 0.903625, 0.428325, 0.000000, -0.428325, 0.903625, -0.000000, -0.000000, 0.000000, 1.000000),
      ["Head"] = CFrame.new(0.000000, 0.000000, 0.000000, 1.000000, -0.000000, 0.000000, 0.000000, 0.964196, 0.265192, -0.000000, -0.265192, 0.964196),
      ["LeftUpperArm"] = CFrame.new(-0.000000, -0.000024, -0.003587, 1.000000, -0.000000, 0.000000, 0.000000, 0.999907, 0.013639, -0.000000, -0.013639, 0.999907),
      ["LeftUpperLeg"] = CFrame.new(-0.000100, -0.009236, -0.003885, 0.999799, 0.018472, 0.007768, -0.018472, 0.999829, -0.000158, -0.007769, 0.000015, 0.999970),
      ["LowerTorso"] = CFrame.new(1.614992, 0.000000, -2.431557, -0.798671, 0.000000, 0.601768, 0.000000, 1.000000, 0.000000, -0.601768, 0.000000, -0.798671),
      ["RightUpperArm"] = CFrame.new(-0.101254, -0.276002, 0.046941, 0.876521, 0.215385, -0.430489, -0.430483, -0.049436, -0.901244, -0.215396, 0.975277, 0.049388),
      ["RightUpperLeg"] = CFrame.new(0.000197, -0.004747, -0.013206, 0.999606, -0.009496, -0.026412, 0.009493, 0.999955, -0.000212, 0.026412, -0.000039, 0.999651)
    }},
    { Time = 0.017, Data = {
      ["Balls"] = CFrame.new(-0.000001, -0.000003, 0.000000, 0.992221, 0.124492, 0.000000, -0.124492, 0.992221, -0.000000, -0.000000, 0.000000, 1.000000),
      ["Cock"] = CFrame.new(0.000000, -0.000000, 0.000000, 0.903625, 0.428325, 0.000000, -0.428325, 0.903625, -0.000000, -0.000000, 0.000000, 1.000000),
      ["Head"] = CFrame.new(0.000000, 0.000000, 0.000000, 1.000000, -0.000000, 0.000000, 0.000000, 0.963918, 0.266200, -0.000000, -0.266200, 0.963918),
      ["LeftUpperArm"] = CFrame.new(-0.000000, -0.000017, -0.002951, 1.000000, -0.000000, 0.000000, 0.000000, 0.999937, 0.011222, -0.000000, -0.011222, 0.999937),
      ["LeftUpperLeg"] = CFrame.new(-0.000100, -0.009236, -0.003885, 0.999799, 0.018472, 0.007768, -0.018472, 0.999829, -0.000158, -0.007769, 0.000015, 0.999970),
      ["LowerTorso"] = CFrame.new(1.614992, 0.000000, -2.431557, -0.798671, 0.000000, 0.601768, 0.000000, 1.000000, 0.000000, -0.601768, 0.000000, -0.798671),
      ["RightUpperArm"] = CFrame.new(-0.101254, -0.276002, 0.046941, 0.876521, 0.215385, -0.430489, -0.430483, -0.049436, -0.901244, -0.215396, 0.975277, 0.049388),
      ["RightUpperLeg"] = CFrame.new(0.000198, -0.004746, -0.013206, 0.999606, -0.009496, -0.026412, 0.009493, 0.999955, -0.000212, 0.026412, -0.000039, 0.999651)
    }},
    { Time = 0.033, Data = {
      ["Balls"] = CFrame.new(-0.000001, -0.000003, 0.000000, 0.992561, 0.121746, 0.000000, -0.121746, 0.992561, -0.000000, -0.000000, 0.000000, 1.000000),
      ["Cock"] = CFrame.new(0.000000, -0.000000, 0.000000, 0.903663, 0.428245, 0.000000, -0.428245, 0.903663, -0.000000, -0.000000, 0.000000, 1.000000),
      ["Head"] = CFrame.new(0.000000, -0.000000, 0.000000, 1.000000, -0.000000, 0.000000, 0.000000, 0.963616, 0.267291, -0.000000, -0.267291, 0.963616),
      ["LeftUpperArm"] = CFrame.new(-0.000000, -0.000010, -0.002293, 1.000000, -0.000000, 0.000000, 0.000000, 0.999962, 0.008718, -0.000000, -0.008718, 0.999962),
      ["LeftUpperLeg"] = CFrame.new(-0.000100, -0.009236, -0.003884, 0.999799, 0.018472, 0.007769, -0.018472, 0.999829, -0.000072, -0.007769, -0.000072, 0.999970),
      ["LowerTorso"] = CFrame.new(1.614992, 0.000000, -2.431557, -0.798671, 0.000000, 0.601768, 0.000000, 1.000000, 0.000000, -0.601768, 0.000000, -0.798671),
      ["RightUpperArm"] = CFrame.new(-0.101261, -0.276034, 0.046941, 0.876521, 0.215358, -0.430503, -0.430470, -0.049554, -0.901244, -0.215424, 0.975277, 0.049270),
      ["RightUpperLeg"] = CFrame.new(0.000198, -0.004747, -0.013206, 0.999606, -0.009496, -0.026412, 0.009493, 0.999955, -0.000212, 0.026412, -0.000039, 0.999651)
    }},
    { Time = 0.050, Data = {
      ["Balls"] = CFrame.new(-0.000001, -0.000002, 0.000000, 0.992894, 0.118999, 0.000000, -0.118999, 0.992894, -0.000000, -0.000000, 0.000000, 1.000000),
      ["Cock"] = CFrame.new(0.000000, -0.000000, 0.000000, 0.903700, 0.428165, 0.000000, -0.428165, 0.903700, -0.000000, -0.000000, 0.000000, 1.000000),
      ["Head"] = CFrame.new(0.000000, -0.000000, 0.000000, 1.000000, -0.000000, 0.000000, 0.000000, 0.963312, 0.268383, -0.000000, -0.268383, 0.963312),
      ["LeftUpperArm"] = CFrame.new(-0.000000, -0.000005, -0.001657, 1.000000, -0.000000, 0.000000, 0.000000, 0.999980, 0.006301, -0.000000, -0.006301, 0.999980),
      ["LeftUpperLeg"] = CFrame.new(-0.000101, -0.009236, -0.003884, 0.999799, 0.018472, 0.007769, -0.018472, 0.999829, 0.000015, -0.007768, -0.000158, 0.999970),
      ["LowerTorso"] = CFrame.new(1.614965, 0.000000, -2.431475, -0.798671, 0.000027, 0.601768, -0.000027, 1.000000, -0.000082, -0.601768, -0.000082, -0.798671),
      ["RightUpperArm"] = CFrame.new(-0.101229, -0.276034, 0.046934, 0.876439, 0.215481, -0.430607, -0.430583, -0.049554, -0.901189, -0.215528, 0.975250, 0.049351),
      ["RightUpperLeg"] = CFrame.new(0.000197, -0.004747, -0.013206, 0.999606, -0.009494, -0.026412, 0.009494, 0.999955, -0.000125, 0.026412, -0.000125, 0.999651)
    }},
    { Time = 0.067, Data = {
      ["Balls"] = CFrame.new(-0.000001, -0.000002, 0.000000, 0.993210, 0.116337, 0.000000, -0.116337, 0.993210, -0.000000, -0.000000, 0.000000, 1.000000),
      ["Cock"] = CFrame.new(0.000000, 0.000000, 0.000000, 0.903776, 0.428005, 0.000000, -0.428005, 0.903776, -0.000000, -0.000000, 0.000000, 1.000000),
      ["Head"] = CFrame.new(0.000000, 0.000000, 0.000000, 1.000000, -0.000000, 0.000000, 0.000000, 0.963031, 0.269390, -0.000000, -0.269390, 0.963031),
      ["LeftUpperArm"] = CFrame.new(-0.000000, -0.000002, -0.000999, 1.000000, -0.000000, 0.000000, 0.000000, 0.999993, 0.003798, -0.000000, -0.003798, 0.999993),
      ["LeftUpperLeg"] = CFrame.new(-0.000100, -0.009237, -0.003883, 0.999799, 0.018471, 0.007770, -0.018473, 0.999829, 0.000101, -0.007767, -0.000244, 0.999970),
      ["LowerTorso"] = CFrame.new(1.614856, 0.000000, -2.431421, -0.798671, 0.000137, 0.601768, 0.000027, 1.000000, -0.000191, -0.601768, -0.000136, -0.798671),
      ["RightUpperArm"] = CFrame.new(-0.101220, -0.276065, 0.046930, 0.876398, 0.215515, -0.430673, -0.430627, -0.049673, -0.901162, -0.215607, 0.975236, 0.049274),
      ["RightUpperLeg"] = CFrame.new(0.000197, -0.004748, -0.013206, 0.999606, -0.009492, -0.026413, 0.009497, 0.999955, 0.000047, 0.026411, -0.000298, 0.999651)
    }},
    { Time = 0.083, Data = {
      ["Balls"] = CFrame.new(-0.000001, -0.000002, 0.000000, 0.993518, 0.113674, 0.000000, -0.113674, 0.993518, -0.000000, -0.000000, 0.000000, 1.000000),
      ["Cock"] = CFrame.new(0.000000, -0.000000, 0.000000, 0.903852, 0.427845, 0.000000, -0.427845, 0.903852, -0.000000, -0.000000, 0.000000, 1.000000),
      ["Head"] = CFrame.new(0.000000, 0.000000, -0.000000, 1.000000, -0.000000, 0.000000, 0.000000, 0.962749, 0.270396, -0.000000, -0.270396, 0.962749),
      ["LeftUpperArm"] = CFrame.new(-0.000000, -0.000000, -0.000363, 1.000000, -0.000000, 0.000000, 0.000000, 0.999999, 0.001381, -0.000000, -0.001381, 0.999999),
      ["LeftUpperLeg"] = CFrame.new(-0.000100, -0.009237, -0.003883, 0.999799, 0.018471, 0.007772, -0.018473, 0.999829, 0.000274, -0.007765, -0.000417, 0.999970),
      ["LowerTorso"] = CFrame.new(1.614828, 0.000000, -2.431339, -0.798671, 0.000164, 0.601768, -0.000000, 1.000000, -0.000273, -0.601768, -0.000218, -0.798671),
      ["RightUpperArm"] = CFrame.new(-0.101210, -0.276092, 0.046927, 0.876303, 0.215553, -0.430847, -0.430785, -0.049777, -0.901081, -0.215677, 0.975223, 0.049237),
      ["RightUpperLeg"] = CFrame.new(0.000197, -0.004749, -0.013205, 0.999606, -0.009491, -0.026413, 0.009498, 0.999955, 0.000134, 0.026411, -0.000384, 0.999651)
    }},
    { Time = 0.100, Data = {
      ["Balls"] = CFrame.new(-0.000000, -0.000002, 0.000000, 0.993819, 0.111011, 0.000000, -0.111011, 0.993819, -0.000000, -0.000000, 0.000000, 1.000000),
      ["Cock"] = CFrame.new(0.000000, -0.000000, 0.000000, 0.903928, 0.427685, 0.000000, -0.427685, 0.903928, -0.000000, -0.000000, 0.000000, 1.000000),
      ["Head"] = CFrame.new(0.000000, 0.000000, 0.000000, 1.000000, -0.000000, 0.000000, 0.000000, 0.962466, 0.271403, -0.000000, -0.271403, 0.962466),
      ["LeftUpperArm"] = CFrame.new(-0.000000, -0.000000, 0.000250, 1.000000, 0.000000, 0.000000, 0.000000, 1.000000, -0.000950, 0.000000, 0.000950, 1.000000),
      ["LeftUpperLeg"] = CFrame.new(-0.000100, -0.009237, -0.003882, 0.999799, 0.018470, 0.007773, -0.018474, 0.999829, 0.000446, -0.007764, -0.000590, 0.999970),
      ["LowerTorso"] = CFrame.new(1.614799, 0.000000, -2.431254, -0.798671, 0.000191, 0.601768, -0.000028, 1.000000, -0.000355, -0.601768, -0.000300, -0.798671),
      ["RightUpperArm"] = CFrame.new(-0.101176, -0.276154, 0.046916, 0.876181, 0.215683, -0.431031, -0.430928, -0.050014, -0.900999, -0.215888, 0.975182, 0.049123),
      ["RightUpperLeg"] = CFrame.new(0.000197, -0.004751, -0.013205, 0.999606, -0.009488, -0.026414, 0.009501, 0.999955, 0.000392, 0.026409, -0.000643, 0.999651)
    }},
    { Time = 0.117, Data = {
      ["Balls"] = CFrame.new(-0.000000, -0.000002, 0.000000, 0.994104, 0.108433, 0.000000, -0.108433, 0.994104, -0.000000, -0.000000, 0.000000, 1.000000),
      ["Cock"] = CFrame.new(0.000000, 0.000000, 0.000000, 0.904079, 0.427366, 0.000000, -0.427366, 0.904079, -0.000000, -0.000000, 0.000000, 1.000000),
      ["Head"] = CFrame.new(0.000000, -0.000000, 0.000000, 1.000000, -0.000000, 0.000000, 0.000000, 0.962181, 0.272409, -0.000000, -0.272409, 0.962181),
      ["LeftUpperArm"] = CFrame.new(-0.000000, -0.000001, 0.000863, 1.000000, 0.000000, 0.000000, 0.000000, 0.999995, -0.003280, 0.000000, 0.003280, 0.999995),
      ["LeftUpperLeg"] = CFrame.new(-0.000100, -0.009237, -0.003881, 0.999799, 0.018469, 0.007776, -0.018475, 0.999829, 0.000705, -0.007761, -0.000849, 0.999970),
      ["LowerTorso"] = CFrame.new(1.614663, 0.000000, -2.431119, -0.798671, 0.000328, 0.601768, -0.000001, 1.000000, -0.000546, -0.601768, -0.000436, -0.798671),
      ["RightUpperArm"] = CFrame.new(-0.101134, -0.276185, 0.046905, 0.876059, 0.215840, -0.431201, -0.431085, -0.050132, -0.900918, -0.216071, 0.975141, 0.049127),
      ["RightUpperLeg"] = CFrame.new(0.000198, -0.004752, -0.013204, 0.999606, -0.009485, -0.026415, 0.009504, 0.999955, 0.000565, 0.026409, -0.000816, 0.999651)
    }},
    { Time = 0.133, Data = {
      ["Balls"] = CFrame.new(-0.000000, -0.000002, 0.000000, 0.994382, 0.105854, 0.000000, -0.105854, 0.994382, -0.000000, -0.000000, 0.000000, 1.000000),
      ["Cock"] = CFrame.new(0.000000, -0.000000, 0.000000, 0.904192, 0.427126, 0.000000, -0.427126, 0.904192, -0.000000, -0.000000, 0.000000, 1.000000),
      ["Head"] = CFrame.new(0.000000, 0.000000, 0.000000, 1.000000, -0.000000, 0.000000, 0.000000, 0.961896, 0.273415, -0.000000, -0.273415, 0.961896),
      ["LeftUpperArm"] = CFrame.new(-0.000000, -0.000004, 0.001476, 1.000000, 0.000000, 0.000000, 0.000000, 0.999984, -0.005611, 0.000000, 0.005611, 0.999984),
      ["LeftUpperLeg"] = CFrame.new(-0.000100, -0.009238, -0.003880, 0.999799, 0.018468, 0.007778, -0.018476, 0.999829, 0.000964, -0.007759, -0.001108, 0.999969),
      ["LowerTorso"] = CFrame.new(1.614527, 0.000000, -2.430984, -0.798671, 0.000465, 0.601768, 0.000026, 1.000000, -0.000737, -0.601768, -0.000573, -0.798671),
      ["RightUpperArm"] = CFrame.new(-0.101100, -0.276248, 0.046894, 0.875937, 0.215970, -0.431384, -0.431228, -0.050368, -0.900836, -0.216282, 0.975100, 0.049013),
      ["RightUpperLeg"] = CFrame.new(0.000197, -0.004753, -0.013204, 0.999606, -0.009482, -0.026416, 0.009507, 0.999954, 0.000824, 0.026407, -0.001075, 0.999651)
    }},
    { Time = 0.150, Data = {
      ["Balls"] = CFrame.new(-0.000000, -0.000002, 0.000000, 0.994644, 0.103361, 0.000000, -0.103361, 0.994644, -0.000000, -0.000000, 0.000000, 1.000000),
      ["Cock"] = CFrame.new(0.000000, 0.000000, 0.000000, 0.904343, 0.426806, 0.000000, -0.426806, 0.904343, -0.000000, -0.000000, 0.000000, 1.000000),
      ["Head"] = CFrame.new(0.000000, 0.000000, -0.000000, 1.000000, -0.000000, 0.000000, 0.000000, 0.961633, 0.274338, -0.000000, -0.274338, 0.961633),
      ["LeftUpperArm"] = CFrame.new(-0.000000, -0.000008, 0.002066, 1.000000, 0.000000, 0.000000, 0.000000, 0.999969, -0.007855, 0.000000, 0.007855, 0.999969),
      ["LeftUpperLeg"] = CFrame.new(-0.000100, -0.009238, -0.003878, 0.999799, 0.018467, 0.007781, -0.018477, 0.999829, 0.001223, -0.007757, -0.001367, 0.999969),
      ["LowerTorso"] = CFrame.new(1.614499, 0.000000, -2.430901, -0.798671, 0.000492, 0.601768, -0.000001, 1.000000, -0.000819, -0.601768, -0.000655, -0.798671),
      ["RightUpperArm"] = CFrame.new(-0.101050, -0.276310, 0.046880, 0.875773, 0.216161, -0.431620, -0.431428, -0.050605, -0.900727, -0.216544, 0.975045, 0.048940),
      ["RightUpperLeg"] = CFrame.new(0.000197, -0.004755, -0.013203, 0.999606, -0.009479, -0.026418, 0.009510, 0.999954, 0.001083, 0.026406, -0.001334, 0.999650)
    }},
    { Time = 0.167, Data = {
      ["Balls"] = CFrame.new(-0.000000, -0.000002, 0.000000, 0.994891, 0.100954, 0.000000, -0.100954, 0.994891, -0.000000, -0.000000, 0.000000, 1.000000),
      ["Cock"] = CFrame.new(0.000000, -0.000000, 0.000000, 0.904532, 0.426406, 0.000000, -0.426406, 0.904532, -0.000000, -0.000000, 0.000000, 1.000000),
      ["Head"] = CFrame.new(0.000000, 0.000000, 0.000000, 1.000000, -0.000000, 0.000000, 0.000000, 0.961370, 0.275259, -0.000000, -0.275259, 0.961370),
      ["LeftUpperArm"] = CFrame.new(-0.000000, -0.000013, 0.002633, 1.000000, 0.000000, 0.000000, 0.000000, 0.999950, -0.010013, 0.000000, 0.010013, 0.999950),
      ["LeftUpperLeg"] = CFrame.new(-0.000100, -0.009239, -0.003877, 0.999799, 0.018466, 0.007783, -0.018478, 0.999828, 0.001482, -0.007754, -0.001625, 0.999969),
      ["LowerTorso"] = CFrame.new(1.614336, 0.000001, -2.430684, -0.798671, 0.000656, 0.601767, -0.000001, 0.999999, -0.001092, -0.601768, -0.000873, -0.798671),
      ["RightUpperArm"] = CFrame.new(-0.101006, -0.276399, 0.046866, 0.875555, 0.216329, -0.431978, -0.431729, -0.050946, -0.900564, -0.216825, 0.974991, 0.048790),
      ["RightUpperLeg"] = CFrame.new(0.000197, -0.004758, -0.013202, 0.999606, -0.009474, -0.026419, 0.009515, 0.999954, 0.001428, 0.026405, -0.001679, 0.999650)
    }},
    { Time = 0.183, Data = {
      ["Balls"] = CFrame.new(-0.000000, -0.000002, 0.000000, 0.995133, 0.098546, 0.000000, -0.098546, 0.995133, -0.000000, -0.000000, 0.000000, 1.000000),
      ["Cock"] = CFrame.new(0.000000, -0.000000, 0.000000, 0.904721, 0.426005, 0.000000, -0.426005, 0.904721, -0.000000, -0.000000, 0.000000, 1.000000),
      ["Head"] = CFrame.new(0.000000, 0.000000, 0.000000, 1.000000, -0.000000, 0.000000, 0.000000, 0.961106, 0.276181, -0.000000, -0.276181, 0.961106),
      ["LeftUpperArm"] = CFrame.new(-0.000000, -0.000019, 0.003178, 1.000000, 0.000000, 0.000000, 0.000000, 0.999927, -0.012085, 0.000000, 0.012085, 0.999927),
      ["LeftUpperLeg"] = CFrame.new(-0.000100, -0.009240, -0.003876, 0.999799, 0.018465, 0.007786, -0.018479, 0.999828, 0.001827, -0.007751, -0.001971, 0.999968),
      ["LowerTorso"] = CFrame.new(1.614199, 0.000001, -2.430547, -0.798671, 0.000793, 0.601767, 0.000026, 0.999999, -0.001283, -0.601768, -0.001009, -0.798671),
      ["RightUpperArm"] = CFrame.new(-0.100955, -0.276462, 0.046851, 0.875392, 0.216520, -0.432213, -0.431928, -0.051182, -0.900455, -0.217088, 0.974936, 0.048717),
      ["RightUpperLeg"] = CFrame.new(0.000198, -0.004760, -0.013201, 0.999606, -0.009469, -0.026421, 0.009520, 0.999953, 0.001773, 0.026403, -0.002024, 0.999649)
    }},
    { Time = 0.200, Data = {
      ["Balls"] = CFrame.new(-0.000000, -0.000002, 0.000000, 0.995351, 0.096310, 0.000000, -0.096310, 0.995351, -0.000000, -0.000000, 0.000000, 1.000000),
      ["Cock"] = CFrame.new(0.000000, -0.000000, 0.000000, 0.904909, 0.425605, 0.000000, -0.425605, 0.904909, -0.000000, -0.000000, 0.000000, 1.000000),
      ["Head"] = CFrame.new(0.000000, 0.000000, 0.000000, 1.000000, -0.000000, 0.000000, 0.000000, 0.960840, 0.277103, -0.000000, -0.277103, 0.960840),
      ["LeftUpperArm"] = CFrame.new(-0.000000, -0.000026, 0.003723, 1.000000, 0.000000, 0.000000, 0.000000, 0.999900, -0.014156, 0.000000, 0.014156, 0.999900),
      ["LeftUpperLeg"] = CFrame.new(-0.000100, -0.009241, -0.003874, 0.999799, 0.018463, 0.007790, -0.018481, 0.999827, 0.002259, -0.007747, -0.002402, 0.999967),
      ["LowerTorso"] = CFrame.new(1.614035, 0.000001, -2.430328, -0.798671, 0.000957, 0.601767, 0.000026, 0.999999, -0.001556, -0.601768, -0.001227, -0.798670),
      ["RightUpperArm"] = CFrame.new(-0.100896, -0.276555, 0.046833, 0.875187, 0.216745, -0.432515, -0.432171, -0.051536, -0.900318, -0.217430, 0.974867, 0.048567),
      ["RightUpperLeg"] = CFrame.new(0.000197, -0.004719, -0.013201, 0.999607, -0.009379, -0.026422, 0.009438, 0.999953, 0.002120, 0.026401, -0.002368, 0.999649)
    }},
    { Time = 0.217, Data = {
      ["Balls"] = CFrame.new(-0.000000, -0.000002, 0.000000, 0.995565, 0.094073, 0.000000, -0.094073, 0.995565, -0.000000, -0.000000, 0.000000, 1.000000),
      ["Cock"] = CFrame.new(0.000000, 0.000000, 0.000000, 0.905135, 0.425125, 0.000000, -0.425125, 0.905135, -0.000000, -0.000000, 0.000000, 1.000000),
      ["Head"] = CFrame.new(0.000000, 0.000000, 0.000000, 1.000000, -0.000000, 0.000000, 0.000000, 0.960598, 0.277940, -0.000000, -0.277940, 0.960598),
      ["LeftUpperArm"] = CFrame.new(-0.000000, -0.000034, 0.004245, 1.000000, 0.000000, 0.000000, 0.000000, 0.999870, -0.016142, 0.000000, 0.016142, 0.999870),
      ["LeftUpperLeg"] = CFrame.new(-0.000100, -0.009241, -0.003872, 0.999799, 0.018462, 0.007793, -0.018482, 0.999826, 0.002604, -0.007744, -0.002748, 0.999966),
      ["LowerTorso"] = CFrame.new(1.613980, 0.000001, -2.430166, -0.798671, 0.001012, 0.601767, -0.000029, 0.999999, -0.001720, -0.601768, -0.001391, -0.798670),
      ["RightUpperArm"] = CFrame.new(-0.100836, -0.276644, 0.046815, 0.874928, 0.216973, -0.432925, -0.432528, -0.051877, -0.900127, -0.217762, 0.974798, 0.048459),
      ["RightUpperLeg"] = CFrame.new(0.000197, -0.004722, -0.013200, 0.999607, -0.009373, -0.026425, 0.009444, 0.999952, 0.002551, 0.026399, -0.002800, 0.999648)
    }},
    { Time = 0.233, Data = {
      ["Balls"] = CFrame.new(-0.000000, -0.000002, 0.000000, 0.995758, 0.092008, 0.000000, -0.092008, 0.995758, -0.000000, -0.000000, 0.000000, 1.000000),
      ["Cock"] = CFrame.new(0.000000, -0.000000, 0.000000, 0.905360, 0.424645, 0.000000, -0.424645, 0.905360, -0.000000, -0.000000, 0.000000, 1.000000),
      ["Head"] = CFrame.new(0.000000, 0.000000, 0.000000, 1.000000, -0.000000, 0.000000, 0.000000, 0.960380, 0.278694, -0.000000, -0.278694, 0.960380),
      ["LeftUpperArm"] = CFrame.new(-0.000000, -0.000042, 0.004722, 1.000000, 0.000000, 0.000000, 0.000000, 0.999839, -0.017954, 0.000000, 0.017954, 0.999839),
      ["LeftUpperLeg"] = CFrame.new(-0.000100, -0.009242, -0.003870, 0.999799, 0.018460, 0.007797, -0.018484, 0.999825, 0.003036, -0.007740, -0.003179, 0.999965),
      ["LowerTorso"] = CFrame.new(1.613816, 0.000002, -2.429947, -0.798671, 0.001176, 0.601767, -0.000030, 0.999998, -0.001993, -0.601768, -0.001609, -0.798669),
      ["RightUpperArm"] = CFrame.new(-0.100761, -0.276738, 0.046794, 0.874682, 0.217260, -0.433278, -0.432827, -0.052231, -0.899963, -0.218156, 0.974715, 0.048350),
      ["RightUpperLeg"] = CFrame.new(0.000198, -0.004724, -0.013242, 0.999605, -0.009368, -0.026512, 0.009448, 0.999951, 0.002896, 0.026484, -0.003146, 0.999644)
    }},
    { Time = 0.250, Data = {
      ["Balls"] = CFrame.new(-0.000000, -0.000002, 0.000000, 0.995939, 0.090029, 0.000000, -0.090029, 0.995939, -0.000000, -0.000000, 0.000000, 1.000000),
      ["Cock"] = CFrame.new(0.000000, 0.000000, 0.000000, 0.905623, 0.424084, 0.000000, -0.424084, 0.905623, -0.000000, -0.000000, 0.000000, 1.000000),
      ["Head"] = CFrame.new(0.000000, 0.000000, 0.000000, 1.000000, -0.000000, 0.000000, 0.000000, 0.960161, 0.279448, -0.000000, -0.279448, 0.960161),
      ["LeftUpperArm"] = CFrame.new(-0.000000, -0.000051, 0.005199, 1.000000, 0.000000, 0.000000, 0.000000, 0.999805, -0.019767, 0.000000, 0.019767, 0.999805),
      ["LeftUpperLeg"] = CFrame.new(-0.000100, -0.009243, -0.003868, 0.999799, 0.018458, 0.007801, -0.018486, 0.999823, 0.003467, -0.007736, -0.003611, 0.999964),
      ["LowerTorso"] = CFrame.new(1.613570, 0.000003, -2.429756, -0.798671, 0.001421, 0.601766, 0.000052, 0.999997, -0.002293, -0.601768, -0.001800, -0.798669),
      ["RightUpperArm"] = CFrame.new(-0.100693, -0.276862, 0.046772, 0.874436, 0.217519, -0.433645, -0.433112, -0.052703, -0.899798, -0.218578, 0.974632, 0.048124),
      ["RightUpperLeg"] = CFrame.new(0.000198, -0.004728, -0.013241, 0.999605, -0.009361, -0.026515, 0.009455, 0.999949, 0.003414, 0.026482, -0.003664, 0.999643)
    }},
    { Time = 0.267, Data = {
      ["Balls"] = CFrame.new(-0.000000, -0.000002, 0.000000, 0.996109, 0.088135, 0.000000, -0.088135, 0.996109, -0.000000, -0.000000, 0.000000, 1.000000),
      ["Cock"] = CFrame.new(0.000000, 0.000000, 0.000000, 0.905848, 0.423603, 0.000000, -0.423603, 0.905848, -0.000000, -0.000000, 0.000000, 1.000000),
      ["Head"] = CFrame.new(0.000000, 0.000000, 0.000000, 1.000000, -0.000000, 0.000000, 0.000000, 0.959941, 0.280201, -0.000000, -0.280201, 0.959941),
      ["LeftUpperArm"] = CFrame.new(-0.000000, -0.000061, 0.005653, 1.000000, 0.000000, 0.000000, 0.000000, 0.999769, -0.021493, 0.000000, 0.021493, 0.999769),
      ["LeftUpperLeg"] = CFrame.new(-0.000101, -0.009244, -0.003866, 0.999799, 0.018456, 0.007806, -0.018488, 0.999821, 0.003985, -0.007731, -0.004129, 0.999962),
      ["LowerTorso"] = CFrame.new(1.613379, 0.000004, -2.429456, -0.798671, 0.001613, 0.601766, 0.000024, 0.999996, -0.002648, -0.601768, -0.002100, -0.798668),
      ["RightUpperArm"] = CFrame.new(-0.100633, -0.276951, 0.046753, 0.874175, 0.217747, -0.434055, -0.433469, -0.053044, -0.899606, -0.218910, 0.974563, 0.048017),
      ["RightUpperLeg"] = CFrame.new(0.000198, -0.004730, -0.013240, 0.999605, -0.009356, -0.026517, 0.009461, 0.999948, 0.003846, 0.026480, -0.004095, 0.999641)
    }},
    { Time = 0.283, Data = {
      ["Balls"] = CFrame.new(-0.000000, -0.000002, 0.000000, 0.996267, 0.086328, 0.000000, -0.086328, 0.996267, -0.000000, -0.000000, 0.000000, 1.000000),
      ["Cock"] = CFrame.new(0.000000, 0.000000, 0.000000, 0.906147, 0.422963, 0.000000, -0.422963, 0.906147, -0.000000, -0.000000, 0.000000, 1.000000),
      ["Head"] = CFrame.new(0.000000, 0.000000, 0.000000, 1.000000, -0.000000, 0.000000, 0.000000, 0.959746, 0.280870, -0.000000, -0.280870, 0.959746),
      ["LeftUpperArm"] = CFrame.new(-0.000000, -0.000070, 0.006084, 1.000000, 0.000000, 0.000000, 0.000000, 0.999732, -0.023133, 0.000000, 0.023133, 0.999732),
      ["LeftUpperLeg"] = CFrame.new(-0.000100, -0.009245, -0.003864, 0.999799, 0.018455, 0.007810, -0.018489, 0.999819, 0.004417, -0.007727, -0.004560, 0.999960),
      ["LowerTorso"] = CFrame.new(1.613214, 0.000004, -2.429238, -0.798671, 0.001777, 0.601766, 0.000024, 0.999996, -0.002921, -0.601768, -0.002318, -0.798667),
      ["RightUpperArm"] = CFrame.new(-0.100549, -0.277075, 0.046728, 0.873887, 0.218067, -0.434474, -0.433811, -0.053516, -0.899413, -0.219384, 0.974465, 0.047833),
      ["RightUpperLeg"] = CFrame.new(0.000198, -0.004734, -0.013239, 0.999605, -0.009349, -0.026519, 0.009468, 0.999946, 0.004364, 0.026477, -0.004613, 0.999639)
    }},
    { Time = 0.300, Data = {
      ["Balls"] = CFrame.new(-0.000000, -0.000002, 0.000000, 0.996414, 0.084606, 0.000000, -0.084606, 0.996414, -0.000000, -0.000000, 0.000000, 1.000000),
      ["Cock"] = CFrame.new(0.000000, -0.000000, 0.000000, 0.906409, 0.422402, 0.000000, -0.422402, 0.906409, -0.000000, -0.000000, 0.000000, 1.000000),
      ["Head"] = CFrame.new(0.000000, 0.000000, 0.000000, 1.000000, -0.000000, 0.000000, 0.000000, 0.959549, 0.281540, -0.000000, -0.281540, 0.959549),
      ["LeftUpperArm"] = CFrame.new(-0.000000, -0.000080, 0.006470, 1.000000, 0.000000, 0.000000, 0.000000, 0.999697, -0.024600, 0.000000, 0.024600, 0.999697),
      ["LeftUpperLeg"] = CFrame.new(-0.000100, -0.009246, -0.003861, 0.999799, 0.018452, 0.007815, -0.018491, 0.999817, 0.004935, -0.007722, -0.005078, 0.999957),
      ["LowerTorso"] = CFrame.new(1.613023, 0.000005, -2.428938, -0.798671, 0.001968, 0.601765, -0.000004, 0.999995, -0.003276, -0.601768, -0.002618, -0.798666),
      ["RightUpperArm"] = CFrame.new(-0.100480, -0.277196, 0.046706, 0.873585, 0.218329, -0.434949, -0.434210, -0.053974, -0.899193, -0.219796, 0.974382, 0.047649),
      ["RightUpperLeg"] = CFrame.new(0.000198, -0.004737, -0.013237, 0.999605, -0.009342, -0.026522, 0.009474, 0.999943, 0.004881, 0.026475, -0.005131, 0.999636)
    }},
    { Time = 0.317, Data = {
      ["Balls"] = CFrame.new(-0.000000, -0.000002, 0.000000, 0.996545, 0.083056, 0.000000, -0.083056, 0.996545, -0.000000, -0.000000, 0.000000, 1.000000),
      ["Cock"] = CFrame.new(0.000000, -0.000000, 0.000000, 0.906707, 0.421760, 0.000000, -0.421760, 0.906707, -0.000000, -0.000000, 0.000000, 1.000000),
      ["Head"] = CFrame.new(0.000000, 0.000000, 0.000000, 1.000000, -0.000000, 0.000000, 0.000000, 0.959377, 0.282126, -0.000000, -0.282126, 0.959377),
      ["LeftUpperArm"] = CFrame.new(-0.000000, -0.000089, 0.006833, 1.000000, 0.000000, 0.000000, 0.000000, 0.999662, -0.025981, 0.000000, 0.025981, 0.999662),
      ["LeftUpperLeg"] = CFrame.new(-0.000100, -0.009247, -0.003858, 0.999799, 0.018450, 0.007820, -0.018494, 0.999814, 0.005539, -0.007717, -0.005682, 0.999954),
      ["LowerTorso"] = CFrame.new(1.612833, 0.000007, -2.428639, -0.798671, 0.002160, 0.601765, -0.000031, 0.999993, -0.003631, -0.601769, -0.002918, -0.798666),
      ["RightUpperArm"] = CFrame.new(-0.100380, -0.277320, 0.046676, 0.873255, 0.218710, -0.435420, -0.434607, -0.054446, -0.898973, -0.220321, 0.974270, 0.047508),
      ["RightUpperLeg"] = CFrame.new(0.000198, -0.004741, -0.013236, 0.999605, -0.009335, -0.026524, 0.009481, 0.999940, 0.005399, 0.026472, -0.005649, 0.999634)
    }},
    { Time = 0.333, Data = {
      ["Balls"] = CFrame.new(-0.000000, -0.000002, 0.000000, 0.996666, 0.081593, 0.000000, -0.081593, 0.996666, -0.000000, -0.000000, 0.000000, 1.000000),
      ["Cock"] = CFrame.new(0.000000, -0.000000, 0.000000, 0.907005, 0.421119, 0.000000, -0.421119, 0.907005, -0.000000, -0.000000, 0.000000, 1.000000),
      ["Head"] = CFrame.new(0.000000, 0.000000, 0.000000, 1.000000, -0.000000, 0.000000, 0.000000, 0.959205, 0.282711, -0.000000, -0.282711, 0.959205),
      ["LeftUpperArm"] = CFrame.new(-0.000000, -0.000098, 0.007173, 1.000000, 0.000000, 0.000000, 0.000000, 0.999628, -0.027275, 0.000000, 0.027275, 0.999628),
      ["LeftUpperLeg"] = CFrame.new(-0.000100, -0.009248, -0.003856, 0.999799, 0.018448, 0.007825, -0.018496, 0.999811, 0.006057, -0.007712, -0.006200, 0.999951),
      ["LowerTorso"] = CFrame.new(1.612585, 0.000008, -2.428446, -0.798670, 0.002406, 0.601764, 0.000050, 0.999992, -0.003931, -0.601769, -0.003109, -0.798664),
      ["RightUpperArm"] = CFrame.new(-0.100311, -0.277440, 0.046654, 0.872953, 0.218971, -0.435896, -0.435006, -0.054904, -0.898752, -0.220733, 0.974185, 0.047325),
      ["RightUpperLeg"] = CFrame.new(0.000198, -0.004744, -0.013235, 0.999605, -0.009328, -0.026527, 0.009488, 0.999937, 0.005917, 0.026470, -0.006167, 0.999631)
    }},
    { Time = 0.350, Data = {
      ["Balls"] = CFrame.new(-0.000000, -0.000001, 0.000000, 0.996771, 0.080301, 0.000000, -0.080301, 0.996771, -0.000000, -0.000000, 0.000000, 1.000000),
      ["Cock"] = CFrame.new(0.000000, -0.000000, 0.000000, 0.907303, 0.420478, 0.000000, -0.420478, 0.907303, -0.000000, -0.000000, 0.000000, 1.000000),
      ["Head"] = CFrame.new(0.000000, 0.000000, 0.000000, 1.000000, -0.000000, 0.000000, 0.000000, 0.959057, 0.283213, -0.000000, -0.283213, 0.959057),
      ["LeftUpperArm"] = CFrame.new(-0.000000, -0.000107, 0.007491, 1.000000, 0.000000, 0.000000, 0.000000, 0.999594, -0.028483, 0.000000, 0.028483, 0.999594),
      ["LeftUpperLeg"] = CFrame.new(-0.000100, -0.009249, -0.003853, 0.999799, 0.018446, 0.007831, -0.018498, 0.999807, 0.006661, -0.007706, -0.006805, 0.999947),
      ["LowerTorso"] = CFrame.new(1.612395, 0.000009, -2.428148, -0.798670, 0.002597, 0.601763, 0.000023, 0.999991, -0.004286, -0.601769, -0.003409, -0.798663),
      ["RightUpperArm"] = CFrame.new(-0.100210, -0.277564, 0.046625, 0.872622, 0.219352, -0.436367, -0.435403, -0.055375, -0.898531, -0.221258, 0.974073, 0.047185),
      ["RightUpperLeg"] = CFrame.new(0.000198, -0.004748, -0.013233, 0.999605, -0.009320, -0.026529, 0.009496, 0.999934, 0.006521, 0.026467, -0.006771, 0.999627)
    }},
    { Time = 0.367, Data = {
      ["Balls"] = CFrame.new(-0.000000, -0.000001, 0.000000, 0.996867, 0.079095, 0.000000, -0.079095, 0.996867, -0.000000, -0.000000, 0.000000, 1.000000),
      ["Cock"] = CFrame.new(0.000000, -0.000000, 0.000000, 0.907637, 0.419756, 0.000000, -0.419756, 0.907637, -0.000000, -0.000000, 0.000000, 1.000000),
      ["Head"] = CFrame.new(0.000000, 0.000000, 0.000000, 1.000000, -0.000000, 0.000000, 0.000000, 0.958933, 0.283632, -0.000000, -0.283632, 0.958933),
      ["LeftUpperArm"] = CFrame.new(-0.000000, -0.000115, 0.007763, 1.000000, 0.000000, 0.000000, 0.000000, 0.999564, -0.029519, 0.000000, 0.029519, 0.999564),
      ["LeftUpperLeg"] = CFrame.new(-0.000101, -0.009250, -0.003851, 0.999799, 0.018444, 0.007836, -0.018500, 0.999803, 0.007179, -0.007702, -0.007322, 0.999944),
      ["LowerTorso"] = CFrame.new(1.612175, 0.000011, -2.427763, -0.798670, 0.002816, 0.601763, -0.000033, 0.999989, -0.004722, -0.601769, -0.003791, -0.798661),
      ["RightUpperArm"] = CFrame.new(-0.100133, -0.277716, 0.046598, 0.872277, 0.219646, -0.436908, -0.435844, -0.055951, -0.898281, -0.221750, 0.973974, 0.046926),
      ["RightUpperLeg"] = CFrame.new(0.000198, -0.004752, -0.013232, 0.999605, -0.009312, -0.026532, 0.009504, 0.999929, 0.007126, 0.026464, -0.007375, 0.999623)
    }},
    { Time = 0.383, Data = {
      ["Balls"] = CFrame.new(-0.000000, -0.000001, 0.000000, 0.996949, 0.078062, 0.000000, -0.078062, 0.996949, -0.000000, -0.000000, 0.000000, 1.000000),
      ["Cock"] = CFrame.new(0.000000, -0.000000, 0.000000, 0.907971, 0.419034, 0.000000, -0.419034, 0.907971, -0.000000, -0.000000, 0.000000, 1.000000),
      ["Head"] = CFrame.new(0.000000, 0.000000, 0.000000, 1.000000, -0.000000, 0.000000, 0.000000, 0.958810, 0.284050, -0.000000, -0.284050, 0.958810),
      ["LeftUpperArm"] = CFrame.new(-0.000000, -0.000122, 0.008013, 1.000000, 0.000000, 0.000000, 0.000000, 0.999536, -0.030468, 0.000000, 0.030468, 0.999536),
      ["LeftUpperLeg"] = CFrame.new(-0.000100, -0.009251, -0.003848, 0.999799, 0.018441, 0.007841, -0.018502, 0.999799, 0.007783, -0.007696, -0.007927, 0.999939),
      ["LowerTorso"] = CFrame.new(1.611902, 0.000013, -2.427492, -0.798670, 0.003089, 0.601762, 0.000022, 0.999987, -0.005105, -0.601770, -0.004064, -0.798659),
      ["RightUpperArm"] = CFrame.new(-0.100017, -0.277840, 0.046565, 0.871903, 0.220088, -0.437431, -0.436297, -0.056422, -0.898032, -0.222327, 0.973847, 0.046829),
      ["RightUpperLeg"] = CFrame.new(0.000198, -0.004756, -0.013231, 0.999605, -0.009304, -0.026535, 0.009512, 0.999925, 0.007730, 0.026461, -0.007979, 0.999618)
    }},
    { Time = 0.400, Data = {
      ["Balls"] = CFrame.new(-0.000000, -0.000001, 0.000000, 0.997022, 0.077114, 0.000000, -0.077114, 0.997022, -0.000000, -0.000000, 0.000000, 1.000000),
      ["Cock"] = CFrame.new(0.000000, -0.000000, 0.000000, 0.908267, 0.418392, 0.000000, -0.418392, 0.908267, -0.000000, -0.000000, 0.000000, 1.000000),
      ["Head"] = CFrame.new(0.000000, 0.000000, 0.000000, 1.000000, -0.000000, 0.000000, 0.000000, 0.958710, 0.284384, -0.000000, -0.284384, 0.958710),
      ["LeftUpperArm"] = CFrame.new(-0.000000, -0.000129, 0.008240, 1.000000, 0.000000, 0.000000, 0.000000, 0.999509, -0.031331, 0.000000, 0.031331, 0.999509),
      ["LeftUpperLeg"] = CFrame.new(-0.000100, -0.009252, -0.003845, 0.999799, 0.018439, 0.007847, -0.018505, 0.999794, 0.008387, -0.007690, -0.008531, 0.999934),
      ["LowerTorso"] = CFrame.new(1.611711, 0.000015, -2.427192, -0.798670, 0.003281, 0.601761, -0.000006, 0.999985, -0.005459, -0.601770, -0.004364, -0.798658),
      ["RightUpperArm"] = CFrame.new(-0.099940, -0.277991, 0.046539, 0.871557, 0.220382, -0.437972, -0.436738, -0.056998, -0.897782, -0.222818, 0.973747, 0.046572),
      ["RightUpperLeg"] = CFrame.new(0.000198, -0.004760, -0.013229, 0.999605, -0.009296, -0.026538, 0.009520, 0.999920, 0.008334, 0.026458, -0.008583, 0.999613)
    }},
    { Time = 0.417, Data = {
      ["Balls"] = CFrame.new(-0.000000, -0.000001, 0.000000, 0.997082, 0.076339, 0.000000, -0.076339, 0.997082, -0.000000, -0.000000, 0.000000, 1.000000),
      ["Cock"] = CFrame.new(0.000000, -0.000000, 0.000000, 0.908636, 0.417589, 0.000000, -0.417589, 0.908636, -0.000000, -0.000000, 0.000000, 1.000000),
      ["Head"] = CFrame.new(0.000000, 0.000000, 0.000000, 1.000000, -0.000000, 0.000000, 0.000000, 0.958611, 0.284719, -0.000000, -0.284719, 0.958611),
      ["LeftUpperArm"] = CFrame.new(-0.000000, -0.000135, 0.008422, 1.000000, 0.000000, 0.000000, 0.000000, 0.999487, -0.032021, 0.000000, 0.032021, 0.999487),
      ["LeftUpperLeg"] = CFrame.new(-0.000101, -0.009254, -0.003842, 0.999799, 0.018436, 0.007853, -0.018507, 0.999788, 0.009078, -0.007684, -0.009221, 0.999928),
      ["LowerTorso"] = CFrame.new(1.611438, 0.000017, -2.426919, -0.798669, 0.003554, 0.601760, 0.000048, 0.999983, -0.005842, -0.601770, -0.004637, -0.798656),
      ["RightUpperArm"] = CFrame.new(-0.099831, -0.278146, 0.046505, 0.871183, 0.220795, -0.438508, -0.437176, -0.057586, -0.897531, -0.223423, 0.973619, 0.046358),
      ["RightUpperLeg"] = CFrame.new(0.000198, -0.004721, -0.013228, 0.999605, -0.009202, -0.026540, 0.009442, 0.999915, 0.008939, 0.026456, -0.009186, 0.999608)
    }},
    { Time = 0.433, Data = {
      ["Balls"] = CFrame.new(-0.000000, -0.000001, 0.000000, 0.997128, 0.075736, 0.000000, -0.075736, 0.997128, -0.000000, -0.000000, 0.000000, 1.000000),
      ["Cock"] = CFrame.new(0.000000, -0.000000, 0.000000, 0.908968, 0.416866, 0.000000, -0.416866, 0.908968, -0.000000, -0.000000, 0.000000, 1.000000),
      ["Head"] = CFrame.new(0.000000, 0.000000, 0.000000, 1.000000, -0.000000, 0.000000, 0.000000, 0.958537, 0.284970, -0.000000, -0.284970, 0.958537),
      ["LeftUpperArm"] = CFrame.new(-0.000000, -0.000140, 0.008580, 1.000000, 0.000000, 0.000000, 0.000000, 0.999468, -0.032625, 0.000000, 0.032625, 0.999468),
      ["LeftUpperLeg"] = CFrame.new(-0.000101, -0.009255, -0.003882, 0.999799, 0.018433, 0.007945, -0.018510, 0.999782, 0.009681, -0.007765, -0.009826, 0.999922),
      ["LowerTorso"] = CFrame.new(1.611220, 0.000020, -2.426539, -0.798669, 0.003773, 0.601758, -0.000007, 0.999980, -0.006278, -0.601770, -0.005019, -0.798653),
      ["RightUpperArm"] = CFrame.new(-0.099754, -0.278297, 0.046479, 0.870836, 0.221089, -0.439050, -0.437615, -0.058161, -0.897279, -0.223914, 0.973518, 0.046103),
      ["RightUpperLeg"] = CFrame.new(0.000198, -0.004725, -0.013226, 0.999605, -0.009194, -0.026543, 0.009450, 0.999910, 0.009543, 0.026453, -0.009791, 0.999602)
    }},
    { Time = 0.450, Data = {
      ["Balls"] = CFrame.new(-0.000000, -0.000001, 0.000000, 0.997167, 0.075219, 0.000000, -0.075219, 0.997167, -0.000000, -0.000000, 0.000000, 1.000000),
      ["Cock"] = CFrame.new(0.000000, -0.000000, 0.000000, 0.909299, 0.416143, 0.000000, -0.416143, 0.909299, -0.000000, -0.000000, 0.000000, 1.000000),
      ["Head"] = CFrame.new(0.000000, -0.000000, 0.000000, 1.000000, -0.000000, 0.000000, 0.000000, 0.958487, 0.285137, -0.000000, -0.285137, 0.958487),
      ["LeftUpperArm"] = CFrame.new(-0.000000, -0.000144, 0.008694, 1.000000, 0.000000, 0.000000, 0.000000, 0.999453, -0.033057, 0.000000, 0.033057, 0.999453),
      ["LeftUpperLeg"] = CFrame.new(-0.000101, -0.009256, -0.003880, 0.999799, 0.018431, 0.007950, -0.018512, 0.999776, 0.010285, -0.007759, -0.010431, 0.999915),
      ["LowerTorso"] = CFrame.new(1.610945, 0.000022, -2.426264, -0.798669, 0.004046, 0.601757, 0.000047, 0.999978, -0.006661, -0.601771, -0.005291, -0.798651),
      ["RightUpperArm"] = CFrame.new(-0.099645, -0.278452, 0.046444, 0.870460, 0.221502, -0.439586, -0.438053, -0.058750, -0.897027, -0.224519, 0.973389, 0.045890),
      ["RightUpperLeg"] = CFrame.new(0.000198, -0.004729, -0.013225, 0.999605, -0.009184, -0.026546, 0.009459, 0.999903, 0.010234, 0.026450, -0.010481, 0.999595)
    }},
    { Time = 0.467, Data = {
      ["Balls"] = CFrame.new(-0.000000, -0.000001, 0.000000, 0.997199, 0.074789, 0.000000, -0.074789, 0.997199, -0.000000, -0.000000, 0.000000, 1.000000),
      ["Cock"] = CFrame.new(0.000000, -0.000000, 0.000000, 0.909630, 0.415420, 0.000000, -0.415420, 0.909630, -0.000000, -0.000000, 0.000000, 1.000000),
      ["Head"] = CFrame.new(0.000000, 0.000000, -0.000000, 1.000000, -0.000000, 0.000000, 0.000000, 0.958437, 0.285304, -0.000000, -0.285304, 0.958437),
      ["LeftUpperArm"] = CFrame.new(-0.000000, -0.000147, 0.008785, 1.000000, 0.000000, 0.000000, 0.000000, 0.999442, -0.033402, 0.000000, 0.033402, 0.999442),
      ["LeftUpperLeg"] = CFrame.new(-0.000101, -0.009257, -0.003876, 0.999799, 0.018428, 0.007957, -0.018515, 0.999768, 0.010976, -0.007753, -0.011121, 0.999908),
      ["LowerTorso"] = CFrame.new(1.610726, 0.000025, -2.425881, -0.798669, 0.004265, 0.601756, -0.000008, 0.999975, -0.007097, -0.601771, -0.005673, -0.798648),
      ["RightUpperArm"] = CFrame.new(-0.099552, -0.278603, 0.046414, 0.870070, 0.221856, -0.440179, -0.438548, -0.059324, -0.896748, -0.225062, 0.973273, 0.045678),
      ["RightUpperLeg"] = CFrame.new(0.000198, -0.004733, -0.013223, 0.999605, -0.009176, -0.026549, 0.009467, 0.999896, 0.010838, 0.026447, -0.011085, 0.999589)
    }},
    { Time = 0.483, Data = {
      ["Balls"] = CFrame.new(-0.000000, -0.000001, 0.000000, 0.997212, 0.074616, 0.000000, -0.074616, 0.997212, -0.000000, -0.000000, 0.000000, 1.000000),
      ["Cock"] = CFrame.new(0.000000, -0.000000, 0.000000, 0.909996, 0.414616, 0.000000, -0.414616, 0.909996, -0.000000, -0.000000, 0.000000, 1.000000),
      ["Head"] = CFrame.new(0.000000, 0.000000, 0.000000, 1.000000, -0.000000, 0.000000, 0.000000, 0.958412, 0.285388, -0.000000, -0.285388, 0.958412),
      ["LeftUpperArm"] = CFrame.new(-0.000000, -0.000148, 0.008830, 1.000000, 0.000000, 0.000000, 0.000000, 0.999436, -0.033575, 0.000000, 0.033575, 0.999436),
      ["LeftUpperLeg"] = CFrame.new(-0.000101, -0.009259, -0.003874, 0.999799, 0.018426, 0.007962, -0.018517, 0.999761, 0.011580, -0.007747, -0.011725, 0.999901),
      ["LowerTorso"] = CFrame.new(1.610453, 0.000028, -2.425610, -0.798668, 0.004538, 0.601754, 0.000046, 0.999972, -0.007479, -0.601772, -0.005946, -0.798646),
      ["RightUpperArm"] = CFrame.new(-0.099436, -0.278727, 0.046380, 0.869694, 0.222296, -0.440701, -0.438999, -0.059795, -0.896496, -0.225639, 0.973144, 0.045585),
      ["RightUpperLeg"] = CFrame.new(0.000198, -0.004738, -0.013222, 0.999605, -0.009167, -0.026552, 0.009476, 0.999889, 0.011529, 0.026443, -0.011776, 0.999581)
    }},
    { Time = 0.500, Data = {
      ["Balls"] = CFrame.new(-0.000000, 0.000000, 0.000000, 0.997219, 0.074530, 0.000000, -0.074530, 0.997219, -0.000000, -0.000000, 0.000000, 1.000000),
      ["Cock"] = CFrame.new(0.000000, -0.000000, 0.000000, 0.910326, 0.413893, 0.000000, -0.413893, 0.910326, -0.000000, -0.000000, 0.000000, 1.000000),
      ["Head"] = CFrame.new(0.000000, 0.000000, 0.000000, 1.000000, -0.000000, 0.000000, 0.000000, 0.958412, 0.285388, -0.000000, -0.285388, 0.958412),
      ["LeftUpperArm"] = CFrame.new(-0.000000, -0.000149, 0.008853, 1.000000, 0.000000, 0.000000, 0.000000, 0.999433, -0.033661, 0.000000, 0.033661, 0.999433),
