return {
  ["Astros Hump 5"] = {
    { Time = 0.000, Data = {
      ["Balls"] = CFrame.new(0.012523, -0.089123, 0.000001, 0.999392, 0.034869, 0.000000, -0.034869, 0.999392, -0.000000, -0.000000, 0.000000, 1.000000),
      ["Cock"] = CFrame.new(0.012386, -0.089052, -0.000004, 0.999392, 0.034869, 0.000000, -0.034869, 0.999392, -0.000000, -0.000000, 0.000000, 1.000000),
      ["Head"] = CFrame.new(0.000000, -0.000000, -0.000000, 1.000000, -0.000000, 0.000000, 0.000000, 0.712396, 0.701778, -0.000000, -0.701778, 0.712396),
      ["LeftUpperLeg"] = CFrame.new(-0.001473, -0.038345, 0.000007, 0.997055, 0.075291, -0.014582, -0.076690, 0.978901, -0.189395, 0.000015, 0.189956, 0.981793),
      ["LowerTorso"] = CFrame.new(0.038935, -0.284782, 0.957537, -0.999898, -0.001534, 0.014181, -0.000017, 0.994326, 0.106373, -0.014264, 0.106362, -0.994225),
      ["RightUpperArm"] = CFrame.new(0.142047, -0.219082, 0.071740, 0.842023, 0.538972, -0.022491, -0.342462, 0.501876, -0.794255, -0.416794, 0.676483, 0.607169),
      ["RightUpperLeg"] = CFrame.new(0.003178, -0.056273, -0.000876, 0.993644, -0.111243, 0.017210, 0.112553, 0.979464, -0.167281, 0.001752, 0.168155, 0.985759),
      ["Tip"] = CFrame.new(-0.009998, 0.005223, -0.056977, 1.000000, -0.000000, 0.000000, 0.000000, 0.999868, 0.016228, -0.000000, -0.016228, 0.999868),
      ["cuumer"] = CFrame.new(0.000443, 0.028172, 0.002060, 0.999996, 0.002848, -0.000111, -0.002849, 0.999845, -0.017350, 0.000062, 0.017350, 0.999849),
      ["rings"] = CFrame.new(0.000031, 0.000128, -0.000497, 0.999999, -0.001204, 0.000528, 0.001213, 0.999863, -0.016487, -0.000508, 0.016487, 0.999864),
      ["x_C3"] = CFrame.new(0.000000, -0.134712, 0.046668, 1.000000, -0.000000, 0.000000, 0.000000, 0.908489, 0.417910, -0.000000, -0.417910, 0.908489)
    }},
    { Time = 0.017, Data = {
      ["Head"] = CFrame.new(0.000000, -0.000000, -0.000000, 1.000000, -0.000000, 0.000000, 0.000000, 0.712396, 0.701778, -0.000000, -0.701778, 0.712396),
      ["LeftUpperLeg"] = CFrame.new(-0.001473, -0.038345, 0.000009, 0.997055, 0.075292, -0.014579, -0.076690, 0.978918, -0.189310, 0.000018, 0.189871, 0.981809),
      ["LowerTorso"] = CFrame.new(0.038934, -0.284795, 0.957663, -0.999898, -0.001534, 0.014181, -0.000018, 0.994335, 0.106287, -0.014264, 0.106276, -0.994235),
      ["RightUpperArm"] = CFrame.new(0.142052, -0.219077, 0.071746, 0.842023, 0.538972, -0.022491, -0.342462, 0.501876, -0.794255, -0.416794, 0.676483, 0.607169),
      ["RightUpperLeg"] = CFrame.new(0.003178, -0.056273, -0.000873, 0.993644, -0.111244, 0.017205, 0.112553, 0.979478, -0.167196, 0.001747, 0.168069, 0.985774),
      ["x_C3"] = CFrame.new(0.000000, -0.134733, 0.046680, 1.000000, -0.000000, 0.000000, 0.000000, 0.908489, 0.417910, -0.000000, -0.417910, 0.908489)
    }},
    { Time = 0.033, Data = {
      ["Head"] = CFrame.new(0.000000, -0.000000, 0.000000, 1.000000, -0.000000, 0.000000, 0.000000, 0.712461, 0.701712, -0.000000, -0.701712, 0.712461),
      ["LeftUpperLeg"] = CFrame.new(-0.001473, -0.038345, 0.000016, 0.997055, 0.075294, -0.014566, -0.076690, 0.978984, -0.188970, 0.000031, 0.189530, 0.981875),
      ["LowerTorso"] = CFrame.new(0.038929, -0.284834, 0.958024, -0.999898, -0.001533, 0.014181, -0.000018, 0.994345, 0.106201, -0.014264, 0.106190, -0.994244),
      ["RightUpperArm"] = CFrame.new(0.142086, -0.219001, 0.071755, 0.842023, 0.538975, -0.022437, -0.342504, 0.502024, -0.794143, -0.416759, 0.676372, 0.607316),
      ["RightUpperLeg"] = CFrame.new(0.003178, -0.056273, -0.000866, 0.993644, -0.111246, 0.017191, 0.112553, 0.979522, -0.166940, 0.001733, 0.167814, 0.985817),
      ["x_C3"] = CFrame.new(0.000000, -0.134883, 0.046762, 1.000000, -0.000000, 0.000000, 0.000000, 0.908415, 0.418070, -0.000000, -0.418070, 0.908415)
    }},
    { Time = 0.050, Data = {
      ["Head"] = CFrame.new(0.000000, 0.000000, 0.000000, 1.000000, -0.000000, 0.000000, 0.000000, 0.712657, 0.701512, -0.000000, -0.701512, 0.712657),
      ["LeftUpperLeg"] = CFrame.new(-0.001472, -0.038341, -0.000010, 0.997056, 0.075309, -0.014447, -0.076682, 0.979147, -0.188122, -0.000021, 0.188676, 0.982039),
      ["LowerTorso"] = CFrame.new(0.038917, -0.284941, 0.959030, -0.999898, -0.001531, 0.014182, -0.000020, 0.994372, 0.105943, -0.014264, 0.105932, -0.994271),
      ["RightUpperArm"] = CFrame.new(0.142189, -0.218842, 0.071808, 0.842003, 0.539012, -0.022283, -0.342527, 0.502245, -0.793993, -0.416780, 0.676177, 0.607518),
      ["RightUpperLeg"] = CFrame.new(0.003177, -0.056270, -0.000882, 0.993645, -0.111261, 0.017052, 0.112547, 0.979681, -0.166007, 0.001765, 0.166871, 0.985977),
      ["x_C3"] = CFrame.new(0.000000, -0.135292, 0.046984, 1.000000, -0.000000, 0.000000, 0.000000, 0.908193, 0.418552, -0.000000, -0.418552, 0.908193)
    }},
    { Time = 0.067, Data = {
      ["Head"] = CFrame.new(0.000000, -0.000000, -0.000000, 1.000000, -0.000000, 0.000000, 0.000000, 0.712919, 0.701247, -0.000000, -0.701247, 0.712919),
      ["LeftUpperLeg"] = CFrame.new(-0.001472, -0.038341, 0.000021, 0.997056, 0.075320, -0.014385, -0.076682, 0.979457, -0.186505, 0.000042, 0.187059, 0.982349),
      ["LowerTorso"] = CFrame.new(0.038891, -0.285161, 0.961089, -0.999898, -0.001527, 0.014182, -0.000025, 0.994436, 0.105342, -0.014264, 0.105330, -0.994335),
      ["RightUpperArm"] = CFrame.new(0.142371, -0.218518, 0.071915, 0.842008, 0.539019, -0.021935, -0.342505, 0.502733, -0.793694, -0.416789, 0.675809, 0.607922),
      ["RightUpperLeg"] = CFrame.new(0.003177, -0.056267, -0.000874, 0.993646, -0.111284, 0.016865, 0.112541, 0.979983, -0.164221, 0.001748, 0.165075, 0.986279),
      ["x_C3"] = CFrame.new(0.000000, -0.136086, 0.047417, 1.000000, -0.000000, 0.000000, 0.000000, 0.907785, 0.419435, -0.000000, -0.419435, 0.907785)
    }},
    { Time = 0.083, Data = {
      ["Head"] = CFrame.new(0.000000, -0.000000, -0.000000, 1.000000, -0.000000, 0.000000, 0.000000, 0.713442, 0.700714, -0.000000, -0.700714, 0.713442),
      ["LeftUpperLeg"] = CFrame.new(-0.001472, -0.038333, -0.000012, 0.997057, 0.075356, -0.014109, -0.076666, 0.979972, -0.183788, -0.000023, 0.184329, 0.982865),
      ["LowerTorso"] = CFrame.new(0.038850, -0.285527, 0.964525, -0.999898, -0.001520, 0.014183, -0.000032, 0.994545, 0.104310, -0.014264, 0.104299, -0.994444),
      ["RightUpperArm"] = CFrame.new(0.142680, -0.217989, 0.072087, 0.841993, 0.539064, -0.021406, -0.342527, 0.503515, -0.793188, -0.416801, 0.675191, 0.608600),
      ["RightUpperLeg"] = CFrame.new(0.003176, -0.056262, -0.000879, 0.993647, -0.111322, 0.016533, 0.112529, 0.980450, -0.161415, 0.001759, 0.162250, 0.986748),
      ["x_C3"] = CFrame.new(0.000000, -0.137396, 0.048130, 1.000000, -0.000000, 0.000000, 0.000000, 0.907117, 0.420879, -0.000000, -0.420879, 0.907117)
    }},
    { Time = 0.100, Data = {
      ["Head"] = CFrame.new(0.000000, 0.000000, 0.000000, 1.000000, -0.000000, 0.000000, 0.000000, 0.714226, 0.699915, -0.000000, -0.699915, 0.714226),
      ["LeftUpperLeg"] = CFrame.new(-0.001474, -0.038368, -0.000022, 0.997051, 0.075487, -0.013788, -0.076736, 0.980723, -0.179706, -0.000043, 0.180234, 0.983624),
      ["LowerTorso"] = CFrame.new(0.038789, -0.286054, 0.969486, -0.999898, -0.001510, 0.014184, -0.000042, 0.994688, 0.102934, -0.014264, 0.102923, -0.994587),
      ["RightUpperArm"] = CFrame.new(0.143137, -0.217173, 0.072326, 0.841982, 0.539115, -0.020529, -0.342528, 0.504782, -0.792382, -0.416823, 0.674203, 0.609680),
      ["RightUpperLeg"] = CFrame.new(0.003175, -0.056253, -0.000884, 0.993649, -0.111379, 0.016029, 0.112513, 0.981156, -0.157077, 0.001768, 0.157883, 0.987456),
      ["x_C3"] = CFrame.new(0.000000, -0.139350, 0.049195, 1.000000, -0.000000, 0.000000, 0.000000, 0.906110, 0.423043, -0.000000, -0.423043, 0.906110)
    }},
    { Time = 0.117, Data = {
      ["Head"] = CFrame.new(0.000000, 0.000000, -0.000000, 1.000000, -0.000000, 0.000000, 0.000000, 0.715334, 0.698783, -0.000000, -0.698783, 0.715334),
      ["LeftUpperLeg"] = CFrame.new(-0.001474, -0.038360, 0.000002, 0.997053, 0.075541, -0.013400, -0.076721, 0.981737, -0.174087, 0.000005, 0.174602, 0.984639),
      ["LowerTorso"] = CFrame.new(0.038620, -0.286800, 0.976552, -0.999897, -0.001413, 0.014276, 0.000034, 0.994900, 0.100870, -0.014346, 0.100860, -0.994797),
      ["RightUpperArm"] = CFrame.new(0.143761, -0.216040, 0.072673, 0.841995, 0.539137, -0.019377, -0.342547, 0.506533, -0.791256, -0.416780, 0.672871, 0.611178),
      ["RightUpperLeg"] = CFrame.new(0.003174, -0.056242, -0.000882, 0.993651, -0.111454, 0.015343, 0.112491, 0.982107, -0.151033, 0.001765, 0.151800, 0.988410),
      ["x_C3"] = CFrame.new(0.000000, -0.142077, 0.050680, 1.000000, -0.000000, 0.000000, 0.000000, 0.904721, 0.426005, -0.000000, -0.426005, 0.904721)
    }},
    { Time = 0.133, Data = {
      ["Head"] = CFrame.new(0.000000, 0.000000, 0.000000, 1.000000, -0.000000, 0.000000, 0.000000, 0.716765, 0.697315, -0.000000, -0.697315, 0.716765),
      ["LeftUpperLeg"] = CFrame.new(-0.001473, -0.038349, 0.000021, 0.997054, 0.075614, -0.012851, -0.076698, 0.983053, -0.166505, 0.000043, 0.167000, 0.985957),
      ["LowerTorso"] = CFrame.new(0.038506, -0.287779, 0.985875, -0.999897, -0.001394, 0.014278, 0.000015, 0.995166, 0.098204, -0.014346, 0.098194, -0.995064),
      ["RightUpperArm"] = CFrame.new(0.144600, -0.214558, 0.073145, 0.841992, 0.539196, -0.017804, -0.342505, 0.508764, -0.789842, -0.416821, 0.671139, 0.613052),
      ["RightUpperLeg"] = CFrame.new(0.003178, -0.056273, -0.000874, 0.993644, -0.111632, 0.014470, 0.112552, 0.983286, -0.143108, 0.001748, 0.143827, 0.989601),
      ["x_C3"] = CFrame.new(0.000000, -0.145706, 0.052657, 1.000000, -0.000000, 0.000000, 0.000000, 0.902789, 0.430084, -0.000000, -0.430084, 0.902789)
    }},
    { Time = 0.150, Data = {
      ["Head"] = CFrame.new(0.000000, 0.000000, 0.000000, 1.000000, -0.000000, 0.000000, 0.000000, 0.718646, 0.695376, -0.000000, -0.695376, 0.718646),
      ["LeftUpperLeg"] = CFrame.new(-0.001475, -0.038374, -0.000009, 0.997050, 0.075796, -0.012057, -0.076749, 0.984632, -0.156871, -0.000018, 0.157334, 0.987545),
      ["LowerTorso"] = CFrame.new(0.038359, -0.289027, 0.997867, -0.999897, -0.001369, 0.014280, -0.000010, 0.995500, 0.094764, -0.014346, 0.094754, -0.995398),
      ["RightUpperArm"] = CFrame.new(0.145674, -0.212638, 0.073737, 0.841993, 0.539257, -0.015804, -0.342504, 0.511690, -0.787949, -0.416821, 0.668860, 0.615537),
      ["RightUpperLeg"] = CFrame.new(0.003176, -0.056257, -0.000879, 0.993648, -0.111747, 0.013282, 0.112520, 0.984737, -0.132790, 0.001759, 0.133441, 0.991055),
      ["x_C3"] = CFrame.new(0.000000, -0.150366, 0.055196, 1.000000, -0.000000, 0.000000, 0.000000, 0.900338, 0.435192, -0.000000, -0.435192, 0.900338)
    }},
    { Time = 0.167, Data = {
      ["Head"] = CFrame.new(0.000000, 0.000000, 0.000000, 1.000000, -0.000000, 0.000000, 0.000000, 0.720908, 0.693031, -0.000000, -0.693031, 0.720908),
      ["LeftUpperLeg"] = CFrame.new(-0.001474, -0.038358, 0.000012, 0.997053, 0.075900, -0.011160, -0.076716, 0.986490, -0.144745, 0.000023, 0.145175, 0.989406),
      ["LowerTorso"] = CFrame.new(0.038089, -0.290577, 1.012931, -0.999897, -0.001252, 0.014287, 0.000045, 0.995908, 0.090375, -0.014342, 0.090366, -0.995806),
      ["RightUpperArm"] = CFrame.new(0.147019, -0.210232, 0.074458, 0.841976, 0.539352, -0.013276, -0.342526, 0.515377, -0.785533, -0.416837, 0.665947, 0.618677),
      ["RightUpperLeg"] = CFrame.new(0.003174, -0.056241, -0.000856, 0.993652, -0.111873, 0.011863, 0.112487, 0.986394, -0.119894, 0.001712, 0.120467, 0.992716),
      ["x_C3"] = CFrame.new(0.000000, -0.156186, 0.058366, 1.000000, -0.000000, 0.000000, 0.000000, 0.897231, 0.441562, -0.000000, -0.441562, 0.897231)
    }},
    { Time = 0.183, Data = {
      ["Head"] = CFrame.new(0.000000, -0.000000, 0.000000, 1.000000, -0.000000, 0.000000, 0.000000, 0.723674, 0.690142, -0.000000, -0.690142, 0.723674),
      ["LeftUpperLeg"] = CFrame.new(-0.001472, -0.038337, -0.000001, 0.997056, 0.076022, -0.009986, -0.076675, 0.988562, -0.129867, -0.000001, 0.130250, 0.991481),
      ["LowerTorso"] = CFrame.new(0.037864, -0.292434, 1.031221, -0.999897, -0.001214, 0.014290, 0.000007, 0.996370, 0.085125, -0.014342, 0.085116, -0.996268),
      ["RightUpperArm"] = CFrame.new(0.148637, -0.207319, 0.075367, 0.842004, 0.539373, -0.010282, -0.342522, 0.519785, -0.782625, -0.416782, 0.662495, 0.622409),
      ["RightUpperLeg"] = CFrame.new(0.003177, -0.056264, -0.000883, 0.993646, -0.112100, 0.010029, 0.112533, 0.988173, -0.104165, 0.001767, 0.104632, 0.994509),
      ["x_C3"] = CFrame.new(0.000000, -0.163294, 0.062238, 1.000000, -0.000000, 0.000000, 0.000000, 0.893360, 0.449342, -0.000000, -0.449342, 0.893360)
    }},
    { Time = 0.200, Data = {
      ["Head"] = CFrame.new(0.000000, -0.000000, 0.000000, 1.000000, -0.000000, 0.000000, 0.000000, 0.727065, 0.686569, -0.000000, -0.686569, 0.727065),
      ["LeftUpperLeg"] = CFrame.new(-0.001474, -0.038359, -0.000002, 0.997053, 0.076233, -0.008617, -0.076719, 0.990736, -0.112051, -0.000005, 0.112382, 0.993665),
      ["LowerTorso"] = CFrame.new(0.037595, -0.294631, 1.053232, -0.999897, -0.001168, 0.014294, -0.000039, 0.996894, 0.078753, -0.014342, 0.078744, -0.996792),
      ["RightUpperArm"] = CFrame.new(0.150591, -0.203825, 0.076429, 0.841993, 0.539448, -0.006635, -0.342544, 0.525075, -0.779076, -0.416787, 0.658249, 0.626894),
      ["RightUpperLeg"] = CFrame.new(0.003175, -0.056248, -0.000862, 0.993650, -0.112235, 0.007923, 0.112501, 0.989989, -0.085242, 0.001723, 0.085592, 0.996329),
      ["x_C3"] = CFrame.new(0.000000, -0.171819, 0.066882, 1.000000, -0.000000, 0.000000, 0.000000, 0.888645, 0.458596, -0.000000, -0.458596, 0.888645)
    }},
    { Time = 0.217, Data = {
      ["Head"] = CFrame.new(0.000000, -0.000000, 0.000000, 1.000000, -0.000000, 0.000000, 0.000000, 0.730942, 0.682440, -0.000000, -0.682440, 0.730942),
      ["LeftUpperLeg"] = CFrame.new(-0.001472, -0.038339, 0.000020, 0.997056, 0.076356, -0.007027, -0.076679, 0.992907, -0.090858, 0.000039, 0.091130, 0.995839),
      ["LowerTorso"] = CFrame.new(0.037191, -0.297171, 1.079204, -0.999898, -0.001028, 0.014302, -0.000007, 0.997458, 0.071259, -0.014338, 0.071251, -0.997356),
      ["RightUpperArm"] = CFrame.new(0.152889, -0.199710, 0.077680, 0.841983, 0.539499, -0.002298, -0.342525, 0.531271, -0.774872, -0.416822, 0.653217, 0.632113),
      ["RightUpperLeg"] = CFrame.new(0.003173, -0.056234, -0.000873, 0.993653, -0.112358, 0.005363, 0.112472, 0.991664, -0.062868, 0.001745, 0.063072, 0.998007),
      ["x_C3"] = CFrame.new(0.000000, -0.181890, 0.072368, 1.000000, -0.000000, 0.000000, 0.000000, 0.882952, 0.469464, -0.000000, -0.469464, 0.882952)
    }},
    { Time = 0.233, Data = {
      ["Head"] = CFrame.new(0.000000, 0.000000, -0.000000, 1.000000, -0.000000, 0.000000, 0.000000, 0.735482, 0.677545, -0.000000, -0.677545, 0.735482),
      ["LeftUpperLeg"] = CFrame.new(-0.001474, -0.038363, 0.000020, 0.997052, 0.076555, -0.005133, -0.076727, 0.994852, -0.066197, 0.000039, 0.066395, 0.997793),
      ["LowerTorso"] = CFrame.new(0.036734, -0.300059, 1.109456, -0.999897, -0.000880, 0.014309, 0.000017, 0.998042, 0.062554, -0.014336, 0.062548, -0.997939),
      ["RightUpperArm"] = CFrame.new(0.155558, -0.194912, 0.079117, 0.841973, 0.539513, 0.002781, -0.342508, 0.538493, -0.769879, -0.416857, 0.647264, 0.638184),
      ["RightUpperLeg"] = CFrame.new(0.003177, -0.056270, -0.000864, 0.993645, -0.112532, 0.002418, 0.112545, 0.992969, -0.036689, 0.001728, 0.036728, 0.999324),
      ["x_C3"] = CFrame.new(0.000000, -0.193637, 0.078767, 1.000000, -0.000000, 0.000000, 0.000000, 0.876131, 0.482073, -0.000000, -0.482073, 0.876131)
    }},
    { Time = 0.250, Data = {
      ["Head"] = CFrame.new(0.000000, -0.000000, 0.000000, 1.000000, -0.000000, 0.000000, 0.000000, 0.740667, 0.671872, -0.000000, -0.671872, 0.740667),
      ["LeftUpperLeg"] = CFrame.new(-0.001473, -0.038349, 0.000009, 0.997054, 0.076642, -0.002914, -0.076698, 0.996344, -0.037632, 0.000019, 0.037745, 0.999287),
      ["LowerTorso"] = CFrame.new(0.036219, -0.303299, 1.144404, -0.999898, -0.000721, 0.014315, 0.000031, 0.998623, 0.052467, -0.014333, 0.052462, -0.998520),
      ["RightUpperArm"] = CFrame.new(0.158596, -0.189378, 0.080764, 0.842023, 0.539373, 0.008590, -0.342484, 0.546823, -0.763996, -0.416776, 0.640360, 0.645164),
      ["RightUpperLeg"] = CFrame.new(0.003178, -0.056274, -0.000872, 0.993644, -0.112561, -0.001014, 0.112552, 0.993624, -0.006542, 0.001744, 0.006386, 0.999978),
      ["x_C3"] = CFrame.new(0.000000, -0.207187, 0.086148, 1.000000, -0.000000, 0.000000, 0.000000, 0.868011, 0.496546, -0.000000, -0.496546, 0.868011)
    }},
    { Time = 0.267, Data = {
      ["Head"] = CFrame.new(0.000000, 0.000000, 0.000000, 1.000000, -0.000000, 0.000000, 0.000000, 0.746539, 0.665341, -0.000000, -0.665341, 0.746539),
      ["LeftUpperLeg"] = CFrame.new(-0.001472, -0.038342, -0.000001, 0.997055, 0.076681, -0.000693, -0.076685, 0.997014, -0.009044, -0.000003, 0.009070, 0.999959),
      ["LowerTorso"] = CFrame.new(0.035791, -0.306437, 1.179354, -0.999897, -0.000649, 0.014319, -0.000042, 0.999102, 0.042376, -0.014333, 0.042371, -0.998999),
      ["RightUpperArm"] = CFrame.new(0.161647, -0.183879, 0.082382, 0.841999, 0.539286, 0.014426, -0.342493, 0.555020, -0.758058, -0.416816, 0.633343, 0.652028),
      ["RightUpperLeg"] = CFrame.new(0.003175, -0.056249, -0.000878, 0.993650, -0.112426, -0.004449, 0.112500, 0.993369, 0.023696, 0.001756, -0.024047, 0.999709),
      ["x_C3"] = CFrame.new(0.000000, -0.220737, 0.093529, 1.000000, -0.000000, 0.000000, 0.000000, 0.859678, 0.510836, -0.000000, -0.510836, 0.859678)
    }},
    { Time = 0.283, Data = {
      ["Head"] = CFrame.new(0.000000, 0.000000, -0.000000, 1.000000, -0.000000, 0.000000, 0.000000, 0.753134, 0.657868, -0.000000, -0.657868, 0.753134),
      ["LeftUpperLeg"] = CFrame.new(-0.001472, -0.038343, -0.000000, 0.997055, 0.076677, 0.001207, -0.076686, 0.996932, 0.015675, -0.000001, -0.015722, 0.999876),
      ["LowerTorso"] = CFrame.new(0.035334, -0.309074, 1.209617, -0.999898, -0.000500, 0.014323, -0.000018, 0.999433, 0.033662, -0.014331, 0.033658, -0.999331),
      ["RightUpperArm"] = CFrame.new(0.164276, -0.179122, 0.083769, 0.841987, 0.539148, 0.019437, -0.342542, 0.562087, -0.752811, -0.416801, 0.627199, 0.657950),
      ["RightUpperLeg"] = CFrame.new(0.003178, -0.056274, -0.000871, 0.993644, -0.112321, -0.007391, 0.112550, 0.992397, 0.049800, 0.001741, -0.050315, 0.998732),
      ["x_C3"] = CFrame.new(0.000000, -0.232483, 0.099928, 1.000000, -0.000000, 0.000000, 0.000000, 0.852266, 0.523109, -0.000000, -0.523109, 0.852266)
    }},
    { Time = 0.300, Data = {
      ["Head"] = CFrame.new(0.000000, 0.000000, -0.000000, 1.000000, -0.000000, 0.000000, 0.000000, 0.760299, 0.649574, -0.000000, -0.649574, 0.760299),
      ["LeftUpperLeg"] = CFrame.new(-0.001473, -0.038348, 0.000021, 0.997055, 0.076645, 0.002801, -0.076696, 0.996370, 0.036946, 0.000041, -0.037052, 0.999313),
      ["LowerTorso"] = CFrame.new(0.034930, -0.311274, 1.235600, -0.999898, -0.000360, 0.014326, 0.000015, 0.999658, 0.026154, -0.014330, 0.026151, -0.999556),
      ["RightUpperArm"] = CFrame.new(0.166506, -0.175056, 0.084960, 0.842011, 0.538937, 0.023736, -0.342523, 0.568098, -0.748293, -0.416767, 0.621942, 0.662943),
      ["RightUpperLeg"] = CFrame.new(0.003176, -0.056261, -0.000881, 0.993647, -0.112097, -0.009952, 0.112524, 0.991017, 0.072275, 0.001761, -0.072936, 0.997335),
      ["x_C3"] = CFrame.new(0.000000, -0.242555, 0.105414, 1.000000, -0.000000, 0.000000, 0.000000, 0.845768, 0.533551, -0.000000, -0.533551, 0.845768)
    }},
    { Time = 0.317, Data = {
      ["Head"] = CFrame.new(0.000000, 0.000000, -0.000000, 1.000000, -0.000000, 0.000000, 0.000000, 0.766710, 0.641993, -0.000000, -0.641993, 0.766710),
      ["LeftUpperLeg"] = CFrame.new(-0.001473, -0.038356, 0.000020, 0.997053, 0.076598, 0.004179, -0.076712, 0.995544, 0.054846, 0.000040, -0.055005, 0.998486),
      ["LowerTorso"] = CFrame.new(0.034660, -0.313094, 1.257626, -0.999897, -0.000314, 0.014327, -0.000031, 0.999805, 0.019768, -0.014330, 0.019765, -0.999702),
      ["RightUpperArm"] = CFrame.new(0.168395, -0.171619, 0.085950, 0.842010, 0.538765, 0.027415, -0.342508, 0.573169, -0.744423, -0.416783, 0.617421, 0.667146),
      ["RightUpperLeg"] = CFrame.new(0.003175, -0.056248, -0.000863, 0.993651, -0.111863, -0.012048, 0.112497, 0.989464, 0.091129, 0.001727, -0.091906, 0.995766),
      ["x_C3"] = CFrame.new(0.000000, -0.251080, 0.110058, 1.000000, -0.000000, 0.000000, 0.000000, 0.840156, 0.542345, -0.000000, -0.542345, 0.840156)
    }},
    { Time = 0.333, Data = {
      ["Head"] = CFrame.new(0.000000, 0.000000, 0.000000, 1.000000, -0.000000, 0.000000, 0.000000, 0.772337, 0.635214, -0.000000, -0.635214, 0.772337),
      ["LeftUpperLeg"] = CFrame.new(-0.001474, -0.038365, 0.000007, 0.997052, 0.076543, 0.005359, -0.076730, 0.994605, 0.069810, 0.000014, -0.070015, 0.997546),
      ["LowerTorso"] = CFrame.new(0.034350, -0.314579, 1.275933, -0.999898, -0.000190, 0.014328, 0.000018, 0.999895, 0.014502, -0.014329, 0.014501, -0.999793),
      ["RightUpperArm"] = CFrame.new(0.169975, -0.168773, 0.086775, 0.841984, 0.538641, 0.030478, -0.342498, 0.577321, -0.741213, -0.416843, 0.613650, 0.670578),
      ["RightUpperLeg"] = CFrame.new(0.003174, -0.056236, -0.000889, 0.993653, -0.111626, -0.013885, 0.112473, 0.987881, 0.106961, 0.001777, -0.107844, 0.994166),
      ["x_C3"] = CFrame.new(0.000000, -0.258188, 0.113930, 1.000000, -0.000000, 0.000000, 0.000000, 0.835436, 0.549587, -0.000000, -0.549587, 0.835436)
    }},
    { Time = 0.350, Data = {
      ["Head"] = CFrame.new(0.000000, 0.000000, -0.000000, 1.000000, -0.000000, 0.000000, 0.000000, 0.777203, 0.629250, -0.000000, -0.629250, 0.777203),
      ["LeftUpperLeg"] = CFrame.new(-0.001475, -0.038375, -0.000015, 0.997050, 0.076487, 0.006349, -0.076750, 0.993665, 0.082098, -0.000029, -0.082343, 0.996604),
      ["LowerTorso"] = CFrame.new(0.034166, -0.315775, 1.291011, -0.999898, -0.000159, 0.014328, -0.000014, 0.999949, 0.010100, -0.014329, 0.010099, -0.999847),
      ["RightUpperArm"] = CFrame.new(0.171250, -0.166420, 0.087435, 0.842000, 0.538469, 0.032967, -0.342520, 0.580808, -0.738473, -0.416792, 0.610502, 0.673477),
      ["RightUpperLeg"] = CFrame.new(0.003177, -0.056261, -0.000868, 0.993648, -0.111492, -0.015298, 0.112523, 0.986403, 0.119786, 0.001735, -0.120746, 0.992682),
      ["x_C3"] = CFrame.new(0.000000, -0.264007, 0.117100, 1.000000, -0.000000, 0.000000, 0.000000, 0.831501, 0.555524, -0.000000, -0.555524, 0.831501)
    }},
    { Time = 0.367, Data = {
      ["Head"] = CFrame.new(0.000000, -0.000000, -0.000000, 1.000000, -0.000000, 0.000000, 0.000000, 0.781390, 0.624044, -0.000000, -0.624044, 0.781390),
      ["LeftUpperLeg"] = CFrame.new(-0.001472, -0.038339, 0.000000, 0.997056, 0.076353, 0.007066, -0.076679, 0.992812, 0.091890, 0.000001, -0.092162, 0.995744),
      ["LowerTorso"] = CFrame.new(0.034019, -0.316718, 1.303014, -0.999898, -0.000134, 0.014329, -0.000039, 0.999978, 0.006647, -0.014329, 0.006646, -0.999876),
      ["RightUpperArm"] = CFrame.new(0.172267, -0.164559, 0.087982, 0.842016, 0.538317, 0.034979, -0.342459, 0.583511, -0.736367, -0.416810, 0.608055, 0.675677),
      ["RightUpperLeg"] = CFrame.new(0.003174, -0.056242, -0.000876, 0.993652, -0.111285, -0.016479, 0.112484, 0.985097, 0.130119, 0.001753, -0.131146, 0.991361),
      ["x_C3"] = CFrame.new(0.000000, -0.268667, 0.119639, 1.000000, -0.000000, 0.000000, 0.000000, 0.828329, 0.560242, -0.000000, -0.560242, 0.828329)
    }},
    { Time = 0.383, Data = {
      ["Head"] = CFrame.new(0.000000, 0.000000, -0.000000, 1.000000, -0.000000, 0.000000, 0.000000, 0.784971, 0.619533, -0.000000, -0.619533, 0.784971),
      ["LeftUpperLeg"] = CFrame.new(-0.001473, -0.038346, 0.000019, 0.997055, 0.076312, 0.007619, -0.076691, 0.992075, 0.099531, 0.000037, -0.099822, 0.995005),
      ["LowerTorso"] = CFrame.new(0.033818, -0.317444, 1.312347, -0.999898, -0.000028, 0.014329, 0.000028, 0.999992, 0.003971, -0.014329, 0.003971, -0.999890),
      ["RightUpperArm"] = CFrame.new(0.173066, -0.163099, 0.088388, 0.842012, 0.538222, 0.036510, -0.342504, 0.585657, -0.734641, -0.416782, 0.606071, 0.677473),
      ["RightUpperLeg"] = CFrame.new(0.003176, -0.056260, -0.000862, 0.993648, -0.111186, -0.017362, 0.112521, 0.984000, 0.138140, 0.001725, -0.139216, 0.990261),
      ["x_C3"] = CFrame.new(0.000000, -0.272296, 0.121616, 1.000000, -0.000000, 0.000000, 0.000000, 0.825842, 0.563902, -0.000000, -0.563902, 0.825842)
    }},
    { Time = 0.400, Data = {
      ["Head"] = CFrame.new(0.000000, 0.000000, 0.000000, 1.000000, -0.000000, 0.000000, 0.000000, 0.787961, 0.615726, -0.000000, -0.615726, 0.787961),
      ["LeftUpperLeg"] = CFrame.new(-0.001473, -0.038352, -0.000001, 0.997054, 0.076276, 0.008095, -0.076705, 0.991489, 0.105191, -0.000002, -0.105502, 0.994419),
      ["LowerTorso"] = CFrame.new(0.033731, -0.317986, 1.319421, -0.999897, -0.000014, 0.014329, 0.000014, 0.999998, 0.001899, -0.014329, 0.001899, -0.999896),
      ["RightUpperArm"] = CFrame.new(0.173666, -0.162013, 0.088701, 0.842008, 0.538151, 0.037645, -0.342527, 0.587230, -0.733373, -0.416771, 0.604612, 0.678783),
      ["RightUpperLeg"] = CFrame.new(0.003178, -0.056275, -0.000861, 0.993645, -0.111107, -0.018048, 0.112550, 0.983128, 0.144193, 0.001722, -0.145307, 0.989385),
      ["x_C3"] = CFrame.new(0.000000, -0.275024, 0.123101, 1.000000, -0.000000, 0.000000, 0.000000, 0.823952, 0.566660, -0.000000, -0.566660, 0.823952)
    }},
    { Time = 0.417, Data = {
      ["Head"] = CFrame.new(0.000000, 0.000000, 0.000000, 1.000000, -0.000000, 0.000000, 0.000000, 0.790427, 0.612556, -0.000000, -0.612556, 0.790427),
      ["LeftUpperLeg"] = CFrame.new(-0.001473, -0.038357, -0.000008, 0.997053, 0.076250, 0.008425, -0.076714, 0.991043, 0.109307, -0.000015, -0.109631, 0.993972),
      ["LowerTorso"] = CFrame.new(0.033670, -0.318371, 1.324473, -0.999897, -0.000003, 0.014329, 0.000003, 1.000000, 0.000432, -0.014329, 0.000432, -0.999897),
      ["RightUpperArm"] = CFrame.new(0.174103, -0.161233, 0.088916, 0.841983, 0.538129, 0.038510, -0.342534, 0.588363, -0.732461, -0.416816, 0.603528, 0.679719),
      ["RightUpperLeg"] = CFrame.new(0.003175, -0.056244, -0.000871, 0.993652, -0.110963, -0.018540, 0.112488, 0.982501, 0.148453, 0.001743, -0.149596, 0.988746),
      ["x_C3"] = CFrame.new(0.000000, -0.276978, 0.124166, 1.000000, -0.000000, 0.000000, 0.000000, 0.822617, 0.568595, -0.000000, -0.568595, 0.822617)
    }},
    { Time = 0.433, Data = {
      ["Head"] = CFrame.new(0.000000, 0.000000, 0.000000, 1.000000, -0.000000, 0.000000, 0.000000, 0.792434, 0.609958, -0.000000, -0.609958, 0.792434),
      ["LeftUpperLeg"] = CFrame.new(-0.001474, -0.038359, 0.000002, 0.997053, 0.076233, 0.008617, -0.076719, 0.990736, 0.112051, 0.000005, -0.112382, 0.993665),
      ["LowerTorso"] = CFrame.new(0.033628, -0.318628, 1.327827, -0.999897, 0.000004, 0.014329, -0.000004, 1.000000, -0.000518, -0.014329, -0.000518, -0.999897),
      ["RightUpperArm"] = CFrame.new(0.174382, -0.160715, 0.089077, 0.842002, 0.538058, 0.039069, -0.342491, 0.589103, -0.731886, -0.416813, 0.602869, 0.680306),
      ["RightUpperLeg"] = CFrame.new(0.003175, -0.056252, -0.000874, 0.993650, -0.110922, -0.018875, 0.112503, 0.982057, 0.151348, 0.001749, -0.152510, 0.988300),
      ["x_C3"] = CFrame.new(0.000000, -0.278288, 0.124879, 1.000000, -0.000000, 0.000000, 0.000000, 0.821691, 0.569934, -0.000000, -0.569934, 0.821691)
    }},
    { Time = 0.450, Data = {
      ["Head"] = CFrame.new(0.000000, 0.000000, 0.000000, 1.000000, -0.000000, 0.000000, 0.000000, 0.794044, 0.607861, -0.000000, -0.607861, 0.794044),
      ["LeftUpperLeg"] = CFrame.new(-0.001474, -0.038362, -0.000009, 0.997052, 0.076221, 0.008766, -0.076724, 0.990551, 0.113679, -0.000018, -0.114016, 0.993479),
      ["LowerTorso"] = CFrame.new(0.033603, -0.318783, 1.329889, -0.999898, 0.000008, 0.014329, -0.000008, 0.999999, -0.001122, -0.014329, -0.001122, -0.999897),
      ["RightUpperArm"] = CFrame.new(0.174556, -0.160387, 0.089157, 0.842000, 0.538034, 0.039438, -0.342492, 0.589603, -0.731483, -0.416815, 0.602402, 0.680718),
      ["RightUpperLeg"] = CFrame.new(0.003176, -0.056256, -0.000866, 0.993649, -0.110898, -0.019062, 0.112511, 0.981779, 0.153137, 0.001732, -0.154309, 0.988021),
      ["x_C3"] = CFrame.new(0.000000, -0.279082, 0.125312, 1.000000, -0.000000, 0.000000, 0.000000, 0.821123, 0.570751, -0.000000, -0.570751, 0.821123)
    }},
    { Time = 0.467, Data = {
      ["Head"] = CFrame.new(0.000000, 0.000000, -0.000000, 1.000000, -0.000000, 0.000000, 0.000000, 0.795316, 0.606195, -0.000000, -0.606195, 0.795316),
      ["LeftUpperLeg"] = CFrame.new(-0.001474, -0.038362, 0.000007, 0.997052, 0.076217, 0.008799, -0.076724, 0.990452, 0.114537, 0.000015, -0.114875, 0.993380),
      ["LowerTorso"] = CFrame.new(0.033591, -0.318863, 1.330897, -0.999898, 0.000010, 0.014329, -0.000010, 0.999999, -0.001381, -0.014329, -0.001381, -0.999897),
      ["RightUpperArm"] = CFrame.new(0.174655, -0.160235, 0.089206, 0.841978, 0.538057, 0.039591, -0.342517, 0.589799, -0.731313, -0.416839, 0.602189, 0.680892),
      ["RightUpperLeg"] = CFrame.new(0.003176, -0.056259, -0.000885, 0.993648, -0.110883, -0.019196, 0.112519, 0.981645, 0.153986, 0.001769, -0.155168, 0.987887),
      ["x_C3"] = CFrame.new(0.000000, -0.279490, 0.125534, 1.000000, -0.000000, 0.000000, 0.000000, 0.820865, 0.571123, -0.000000, -0.571123, 0.820865)
    }},
    { Time = 0.483, Data = {
      ["Head"] = CFrame.new(0.000000, -0.000000, -0.000000, 1.000000, -0.000000, 0.000000, 0.000000, 0.796254, 0.604963, -0.000000, -0.604963, 0.796254),
      ["LeftUpperLeg"] = CFrame.new(-0.001474, -0.038362, 0.000014, 0.997052, 0.076216, 0.008812, -0.076724, 0.990412, 0.114880, 0.000028, -0.115218, 0.993340),
      ["LowerTorso"] = CFrame.new(0.033585, -0.318892, 1.331344, -0.999898, 0.000011, 0.014329, -0.000011, 0.999999, -0.001554, -0.014329, -0.001554, -0.999897),
      ["RightUpperArm"] = CFrame.new(0.174670, -0.160170, 0.089233, 0.842021, 0.537985, 0.039653, -0.342468, 0.589907, -0.731249, -0.416793, 0.602147, 0.680957),
      ["RightUpperLeg"] = CFrame.new(0.003176, -0.056260, -0.000875, 0.993648, -0.110880, -0.019215, 0.112519, 0.981592, 0.154328, 0.001750, -0.155509, 0.987833),
      ["x_C3"] = CFrame.new(0.000000, -0.279641, 0.125616, 1.000000, -0.000000, 0.000000, 0.000000, 0.820762, 0.571271, -0.000000, -0.571271, 0.820762)
    }},
    { Time = 0.500, Data = {
      ["Head"] = CFrame.new(0.000000, 0.000000, 0.000000, 1.000000, -0.000000, 0.000000, 0.000000, 0.796915, 0.604092, -0.000000, -0.604092, 0.796915),
      ["LeftUpperLeg"] = CFrame.new(-0.001474, -0.038362, 0.000016, 0.997052, 0.076216, 0.008815, -0.076724, 0.990402, 0.114966, 0.000032, -0.115304, 0.993330),
      ["LowerTorso"] = CFrame.new(0.033585, -0.318896, 1.331384, -0.999898, 0.000011, 0.014329, -0.000011, 0.999999, -0.001554, -0.014329, -0.001554, -0.999897),
      ["RightUpperArm"] = CFrame.new(0.174674, -0.160147, 0.089222, 0.842021, 0.537983, 0.039680, -0.342488, 0.589973, -0.731187, -0.416776, 0.602085, 0.681022),
      ["RightUpperLeg"] = CFrame.new(0.003176, -0.056260, -0.000872, 0.993648, -0.110879, -0.019220, 0.112519, 0.981578, 0.154413, 0.001745, -0.155595, 0.987819),
      ["x_C3"] = CFrame.new(0.000000, -0.279662, 0.125628, 1.000000, -0.000000, 0.000000, 0.000000, 0.820762, 0.571271, -0.000000, -0.571271, 0.820762)
    }},
    { Time = 0.517, Data = {
      ["Head"] = CFrame.new(0.000000, 0.000000, 0.000000, 1.000000, -0.000000, 0.000000, 0.000000, 0.797354, 0.603512, -0.000000, -0.603512, 0.797354),
      ["LeftUpperLeg"] = CFrame.new(-0.001474, -0.038362, 0.000011, 0.997052, 0.076217, 0.008805, -0.076724, 0.990432, 0.114709, 0.000022, -0.115046, 0.993360),
      ["LowerTorso"] = CFrame.new(0.033589, -0.318874, 1.331085, -0.999897, 0.000011, 0.014329, -0.000011, 0.999999, -0.001467, -0.014329, -0.001467, -0.999896),
      ["RightUpperArm"] = CFrame.new(0.174649, -0.160193, 0.089209, 0.842021, 0.537985, 0.039653, -0.342468, 0.589907, -0.731249, -0.416793, 0.602147, 0.680957),
      ["RightUpperLeg"] = CFrame.new(0.003176, -0.056260, -0.000880, 0.993648, -0.110882, -0.019206, 0.112519, 0.981619, 0.154157, 0.001760, -0.155339, 0.987860),
      ["x_C3"] = CFrame.new(0.000000, -0.279546, 0.125565, 1.000000, -0.000000, 0.000000, 0.000000, 0.820813, 0.571197, -0.000000, -0.571197, 0.820813)
    }},
    { Time = 0.533, Data = {
      ["Head"] = CFrame.new(0.000000, 0.000000, -0.000000, 1.000000, -0.000000, 0.000000, 0.000000, 0.797629, 0.603148, -0.000000, -0.603148, 0.797629),
      ["LeftUpperLeg"] = CFrame.new(-0.001474, -0.038362, -0.000004, 0.997052, 0.076220, 0.008776, -0.076724, 0.990521, 0.113936, -0.000008, -0.114274, 0.993449),
      ["LowerTorso"] = CFrame.new(0.033600, -0.318806, 1.330188, -0.999898, 0.000009, 0.014329, -0.000009, 0.999999, -0.001208, -0.014329, -0.001208, -0.999897),
      ["RightUpperArm"] = CFrame.new(0.174582, -0.160341, 0.089171, 0.842000, 0.538032, 0.039464, -0.342512, 0.589669, -0.731421, -0.416798, 0.602340, 0.680784),
      ["RightUpperLeg"] = CFrame.new(0.003176, -0.056256, -0.000859, 0.993649, -0.110896, -0.019077, 0.112511, 0.981739, 0.153393, 0.001718, -0.154565, 0.987981),
      ["x_C3"] = CFrame.new(0.000000, -0.279198, 0.125375, 1.000000, -0.000000, 0.000000, 0.000000, 0.821072, 0.570825, -0.000000, -0.570825, 0.821072)
    }},
    { Time = 0.550, Data = {
      ["Head"] = CFrame.new(0.000000, 0.000000, 0.000000, 1.000000, -0.000000, 0.000000, 0.000000, 0.797794, 0.602931, -0.000000, -0.602931, 0.797794),
      ["LeftUpperLeg"] = CFrame.new(-0.001474, -0.038359, 0.000016, 0.997053, 0.076230, 0.008643, -0.076719, 0.990659, 0.112738, 0.000031, -0.113069, 0.993587),
      ["LowerTorso"] = CFrame.new(0.033618, -0.318693, 1.328691, -0.999897, 0.000006, 0.014329, -0.000006, 1.000000, -0.000777, -0.014329, -0.000777, -0.999897),
      ["RightUpperArm"] = CFrame.new(0.174463, -0.160582, 0.089106, 0.841980, 0.538082, 0.039222, -0.342516, 0.589299, -0.731717, -0.416837, 0.602656, 0.680479),
      ["RightUpperLeg"] = CFrame.new(0.003175, -0.056252, -0.000852, 0.993650, -0.110915, -0.018918, 0.112504, 0.981939, 0.152117, 0.001705, -0.153279, 0.988181),
      ["x_C3"] = CFrame.new(0.000000, -0.278618, 0.125059, 1.000000, -0.000000, 0.000000, 0.000000, 0.821484, 0.570231, -0.000000, -0.570231, 0.821484)
    }},
    { Time = 0.567, Data = {
      ["Head"] = CFrame.new(0.000000, 0.000000, 0.000000, 1.000000, -0.000000, 0.000000, 0.000000, 0.797849, 0.602858, -0.000000, -0.602858, 0.797849),
      ["LeftUpperLeg"] = CFrame.new(-0.001474, -0.038359, -0.000018, 0.997053, 0.076238, 0.008577, -0.076719, 0.990852, 0.111021, -0.000035, -0.111352, 0.993781),
      ["LowerTorso"] = CFrame.new(0.033643, -0.318534, 1.326599, -0.999898, 0.000001, 0.014329, -0.000001, 1.000000, -0.000173, -0.014329, -0.000173, -0.999898),
      ["RightUpperArm"] = CFrame.new(0.174285, -0.160896, 0.089005, 0.841981, 0.538104, 0.038879, -0.342535, 0.588864, -0.732058, -0.416818, 0.603061, 0.680132),
      ["RightUpperLeg"] = CFrame.new(0.003175, -0.056248, -0.000861, 0.993651, -0.110939, -0.018732, 0.112496, 0.982215, 0.150328, 0.001721, -0.151480, 0.988459),
      ["x_C3"] = CFrame.new(0.000000, -0.277807, 0.124617, 1.000000, -0.000000, 0.000000, 0.000000, 0.822051, 0.569414, -0.000000, -0.569414, 0.822051)
    }},
    { Time = 0.583, Data = {
      ["Head"] = CFrame.new(0.000000, 0.000000, 0.000000, 1.000000, -0.000000, 0.000000, 0.000000, 0.797849, 0.602858, -0.000000, -0.602858, 0.797849),
      ["LeftUpperLeg"] = CFrame.new(-0.001473, -0.038357, -0.000016, 0.997053, 0.076252, 0.008409, -0.076714, 0.991091, 0.108878, -0.000032, -0.109202, 0.994020),
      ["LowerTorso"] = CFrame.new(0.033676, -0.318329, 1.323907, -0.999898, -0.000004, 0.014329, 0.000004, 1.000000, 0.000604, -0.014329, 0.000604, -0.999897),
      ["RightUpperArm"] = CFrame.new(0.174048, -0.161320, 0.088900, 0.842005, 0.538103, 0.038383, -0.342529, 0.588232, -0.732568, -0.416775, 0.603679, 0.679611),
      ["RightUpperLeg"] = CFrame.new(0.003174, -0.056244, -0.000883, 0.993652, -0.110967, -0.018516, 0.112487, 0.982566, 0.148025, 0.001767, -0.149168, 0.988810),
      ["x_C3"] = CFrame.new(0.000000, -0.276763, 0.124049, 1.000000, -0.000000, 0.000000, 0.000000, 0.822771, 0.568372, -0.000000, -0.568372, 0.822771)
    }},
    { Time = 0.600, Data = {
      ["Head"] = CFrame.new(0.000000, 0.000000, -0.000000, 1.000000, -0.000000, 0.000000, 0.000000, 0.797739, 0.603003, -0.000000, -0.603003, 0.797739),
      ["LeftUpperLeg"] = CFrame.new(-0.001473, -0.038352, 0.000019, 0.997054, 0.076272, 0.008134, -0.076705, 0.991379, 0.106222, 0.000038, -0.106533, 0.994309),
      ["LowerTorso"] = CFrame.new(0.033717, -0.318077, 1.320618, -0.999898, -0.000011, 0.014329, 0.000011, 0.999999, 0.001554, -0.014329, 0.001554, -0.999897),
      ["RightUpperArm"] = CFrame.new(0.173766, -0.161818, 0.088746, 0.842006, 0.538132, 0.037935, -0.342467, 0.587535, -0.733157, -0.416823, 0.604331, 0.679001),
      ["RightUpperLeg"] = CFrame.new(0.003174, -0.056236, -0.000878, 0.993653, -0.111006, -0.018185, 0.112472, 0.982987, 0.145214, 0.001756, -0.146338, 0.989233),
      ["x_C3"] = CFrame.new(0.000000, -0.275488, 0.123354, 1.000000, -0.000000, 0.000000, 0.000000, 0.823644, 0.567107, -0.000000, -0.567107, 0.823644)
    }},
    { Time = 0.617, Data = {
      ["Head"] = CFrame.new(0.000000, 0.000000, -0.000000, 1.000000, -0.000000, 0.000000, 0.000000, 0.797519, 0.603294, -0.000000, -0.603294, 0.797519),
      ["LeftUpperLeg"] = CFrame.new(-0.001473, -0.038350, 0.000000, 0.997054, 0.076290, 0.007926, -0.076700, 0.991715, 0.103047, 0.000001, -0.103351, 0.994645),
      ["LowerTorso"] = CFrame.new(0.033764, -0.317779, 1.316730, -0.999898, -0.000019, 0.014329, 0.000019, 0.999996, 0.002676, -0.014329, 0.002676, -0.999894),
      ["RightUpperArm"] = CFrame.new(0.173436, -0.162437, 0.088590, 0.842009, 0.538178, 0.037223, -0.342485, 0.586597, -0.733899, -0.416803, 0.605202, 0.678238),
      ["RightUpperLeg"] = CFrame.new(0.003178, -0.056271, -0.000884, 0.993645, -0.111135, -0.017832, 0.112542, 0.983464, 0.141889, 0.001768, -0.142994, 0.989722),
      ["x_C3"] = CFrame.new(0.000000, -0.273980, 0.122533, 1.000000, -0.000000, 0.000000, 0.000000, 0.824668, 0.565617, -0.000000, -0.565617, 0.824668)
    }},
    { Time = 0.633, Data = {
      ["Head"] = CFrame.new(0.000000, 0.000000, 0.000000, 1.000000, -0.000000, 0.000000, 0.000000, 0.797135, 0.603802, -0.000000, -0.603802, 0.797135),
      ["LeftUpperLeg"] = CFrame.new(-0.001473, -0.038346, 0.000015, 0.997055, 0.076313, 0.007612, -0.076691, 0.992092, 0.099359, 0.000031, -0.099650, 0.995023),
      ["LowerTorso"] = CFrame.new(0.033819, -0.317434, 1.312244, -0.999898, -0.000028, 0.014329, 0.000028, 0.999992, 0.003971, -0.014329, 0.003971, -0.999890),
      ["RightUpperArm"] = CFrame.new(0.173054, -0.163130, 0.088390, 0.842012, 0.538224, 0.036484, -0.342483, 0.585592, -0.734702, -0.416799, 0.606133, 0.677408),
      ["RightUpperLeg"] = CFrame.new(0.003176, -0.056260, -0.000865, 0.993648, -0.111187, -0.017357, 0.112521, 0.984012, 0.138054, 0.001730, -0.139130, 0.990273),
      ["x_C3"] = CFrame.new(0.000000, -0.272241, 0.121585, 1.000000, -0.000000, 0.000000, 0.000000, 0.825893, 0.563828, -0.000000, -0.563828, 0.825893)
    }},
    { Time = 0.650, Data = {
      ["Head"] = CFrame.new(0.000000, 0.000000, -0.000000, 1.000000, -0.000000, 0.000000, 0.000000, 0.796584, 0.604527, -0.000000, -0.604527, 0.796584),
      ["LeftUpperLeg"] = CFrame.new(-0.001472, -0.038344, -0.000021, 0.997055, 0.076333, 0.007367, -0.076687, 0.992496, 0.095237, -0.000042, -0.095521, 0.995427),
      ["LowerTorso"] = CFrame.new(0.033881, -0.317040, 1.307160, -0.999898, -0.000039, 0.014329, 0.000039, 0.999985, 0.005438, -0.014329, 0.005438, -0.999883),
