return {
  ["Astro lay 9"] = {
    { Time = 0.000, Data = {
      ["Balls"] = CFrame.new(0.057030, -0.056046, 0.000000, 0.991175, -0.132556, 0.000000, 0.132556, 0.991175, 0.000000, 0.000000, 0.000000, 1.000000),
      ["Bone.001"] = CFrame.new(0.000000, 0.000000, 0.000000, 1.000000, -0.000000, 0.000000, 0.000000, 0.819778, 0.572681, -0.000000, -0.572681, 0.819778),
      ["Cock"] = CFrame.new(0.044878, -0.174272, 0.000000, 0.406339, 0.913722, 0.000000, -0.913722, 0.406339, -0.000000, -0.000000, 0.000000, 1.000000),
      ["Head"] = CFrame.new(0.000000, 0.000000, -0.000000, 1.000000, -0.000000, 0.000000, 0.000000, 0.996436, 0.084348, -0.000000, -0.084348, 0.996436),
      ["LeftUpperArm"] = CFrame.new(-0.189903, -1.017475, -0.633225, 0.510654, -0.274695, 0.814724, 0.324339, -0.816035, -0.478427, 0.796264, 0.508558, -0.327618),
      ["LeftUpperLeg"] = CFrame.new(-0.192253, 0.252899, -0.439484, 0.906704, 0.171311, 0.385409, -0.263532, 0.943569, 0.200570, -0.329300, -0.283425, 0.900684),
      ["LowerTorso"] = CFrame.new(-0.001459, -1.650449, -0.852574, -0.999999, -0.001765, -0.000153, -0.000031, 0.104311, -0.994545, 0.001771, -0.994543, -0.104312),
      ["RightUpperArm"] = CFrame.new(0.189903, -1.017475, -0.633225, 0.510654, 0.274695, -0.814724, -0.324339, -0.816035, -0.478427, -0.796264, 0.508558, -0.327618),
      ["RightUpperLeg"] = CFrame.new(0.192260, 0.252895, -0.439483, 0.906704, -0.171311, -0.385409, 0.263532, 0.943569, 0.200570, 0.329300, -0.283425, 0.900684)
    }},
    { Time = 0.017, Data = {
      ["Balls"] = CFrame.new(0.057034, -0.056027, 0.000000, 0.991175, -0.132556, 0.000000, 0.132556, 0.991175, 0.000000, 0.000000, 0.000000, 1.000000),
      ["Bone.001"] = CFrame.new(0.000000, 0.000000, 0.000000, 1.000000, -0.000000, 0.000000, 0.000000, 0.819778, 0.572681, -0.000000, -0.572681, 0.819778),
      ["Cock"] = CFrame.new(0.044853, -0.174226, 0.000000, 0.406339, 0.913722, 0.000000, -0.913722, 0.406339, -0.000000, -0.000000, 0.000000, 1.000000),
      ["Head"] = CFrame.new(0.000000, -0.000000, 0.000000, 1.000000, -0.000000, 0.000000, 0.000000, 0.996444, 0.084262, -0.000000, -0.084262, 0.996444),
      ["LeftUpperArm"] = CFrame.new(-0.189914, -1.017558, -0.633167, 0.510655, -0.274738, 0.814709, 0.324382, -0.815982, -0.478487, 0.796247, 0.508618, -0.327565),
      ["LeftUpperLeg"] = CFrame.new(-0.192244, 0.252749, -0.439402, 0.906717, 0.171372, 0.385352, -0.263635, 0.943506, 0.200729, -0.329183, -0.283597, 0.900673),
      ["LowerTorso"] = CFrame.new(-0.001459, -1.650286, -0.852601, -0.999999, -0.001765, -0.000153, -0.000031, 0.104196, -0.994557, 0.001771, -0.994555, -0.104196),
      ["RightUpperArm"] = CFrame.new(0.189914, -1.017558, -0.633167, 0.510655, 0.274738, -0.814709, -0.324382, -0.815982, -0.478487, -0.796247, 0.508618, -0.327565),
      ["RightUpperLeg"] = CFrame.new(0.192251, 0.252745, -0.439400, 0.906717, -0.171372, -0.385352, 0.263635, 0.943506, 0.200729, 0.329183, -0.283597, 0.900673)
    }},
    { Time = 0.033, Data = {
      ["Balls"] = CFrame.new(0.057066, -0.055889, 0.000000, 0.991210, -0.132299, 0.000000, 0.132299, 0.991210, 0.000000, 0.000000, 0.000000, 1.000000),
      ["Bone.001"] = CFrame.new(0.000000, 0.000000, 0.000000, 1.000000, -0.000000, 0.000000, 0.000000, 0.819882, 0.572533, -0.000000, -0.572533, 0.819882),
      ["Cock"] = CFrame.new(0.044684, -0.173904, 0.000000, 0.406057, 0.913848, 0.000000, -0.913848, 0.406057, -0.000000, -0.000000, 0.000000, 1.000000),
      ["Head"] = CFrame.new(0.000000, 0.000000, 0.000000, 1.000000, -0.000000, 0.000000, 0.000000, 0.996473, 0.083917, -0.000000, -0.083917, 0.996473),
      ["LeftUpperArm"] = CFrame.new(-0.189919, -1.018206, -0.632830, 0.510652, -0.274754, 0.814705, 0.324536, -0.815875, -0.478565, 0.796185, 0.508782, -0.327460),
      ["LeftUpperLeg"] = CFrame.new(-0.192217, 0.251955, -0.439134, 0.906729, 0.171313, 0.385349, -0.263840, 0.943292, 0.201463, -0.328984, -0.284343, 0.900510),
      ["LowerTorso"] = CFrame.new(-0.001459, -1.649482, -0.852821, -0.999999, -0.001765, -0.000153, -0.000031, 0.103734, -0.994605, 0.001771, -0.994604, -0.103734),
      ["RightUpperArm"] = CFrame.new(0.189919, -1.018206, -0.632830, 0.510652, 0.274754, -0.814705, -0.324536, -0.815875, -0.478565, -0.796185, 0.508782, -0.327460),
      ["RightUpperLeg"] = CFrame.new(0.192225, 0.251952, -0.439132, 0.906729, -0.171313, -0.385349, 0.263840, 0.943292, 0.201463, 0.328984, -0.284343, 0.900510)
    }},
    { Time = 0.050, Data = {
      ["Balls"] = CFrame.new(0.057152, -0.055515, 0.000000, 0.991301, -0.131613, 0.000000, 0.131613, 0.991301, 0.000000, 0.000000, 0.000000, 1.000000),
      ["Bone.001"] = CFrame.new(0.000000, 0.000000, 0.000000, 1.000000, -0.000000, 0.000000, 0.000000, 0.820244, 0.572013, -0.000000, -0.572013, 0.820244),
      ["Cock"] = CFrame.new(0.044223, -0.173031, 0.000000, 0.405210, 0.914224, 0.000000, -0.914224, 0.405210, -0.000000, -0.000000, 0.000000, 1.000000),
      ["Head"] = CFrame.new(0.000000, -0.000000, 0.000000, 1.000000, -0.000000, 0.000000, 0.000000, 0.996516, 0.083401, -0.000000, -0.083401, 0.996516),
      ["LeftUpperArm"] = CFrame.new(-0.189913, -1.019955, -0.631889, 0.510641, -0.274732, 0.814719, 0.325070, -0.815550, -0.478756, 0.795974, 0.509314, -0.327146),
      ["LeftUpperLeg"] = CFrame.new(-0.192190, 0.249666, -0.438416, 0.906676, 0.171421, 0.385426, -0.264669, 0.942654, 0.203356, -0.328464, -0.286388, 0.900052),
      ["LowerTorso"] = CFrame.new(-0.001460, -1.647285, -0.853417, -0.999999, -0.001765, -0.000152, -0.000030, 0.102462, -0.994737, 0.001771, -0.994735, -0.102462),
      ["RightUpperArm"] = CFrame.new(0.189913, -1.019955, -0.631889, 0.510641, 0.274732, -0.814719, -0.325070, -0.815550, -0.478756, -0.795974, 0.509314, -0.327146),
      ["RightUpperLeg"] = CFrame.new(0.192197, 0.249662, -0.438414, 0.906676, -0.171421, -0.385426, 0.264669, 0.942654, 0.203356, 0.328464, -0.286388, 0.900052)
    }},
    { Time = 0.067, Data = {
      ["Balls"] = CFrame.new(0.057319, -0.054787, 0.000000, 0.991482, -0.130241, 0.000000, 0.130241, 0.991482, 0.000000, 0.000000, 0.000000, 1.000000),
      ["Bone.001"] = CFrame.new(0.000000, 0.000000, 0.000000, 1.000000, -0.000000, 0.000000, 0.000000, 0.820865, 0.571123, -0.000000, -0.571123, 0.820865),
      ["Cock"] = CFrame.new(0.043325, -0.171331, 0.000000, 0.403703, 0.914890, 0.000000, -0.914890, 0.403703, -0.000000, -0.000000, 0.000000, 1.000000),
      ["Head"] = CFrame.new(0.000000, -0.000000, -0.000000, 1.000000, -0.000000, 0.000000, 0.000000, 0.996574, 0.082712, -0.000000, -0.082712, 0.996574),
      ["LeftUpperArm"] = CFrame.new(-0.189906, -1.023343, -0.630032, 0.510705, -0.274704, 0.814689, 0.326156, -0.814847, -0.479215, 0.795489, 0.510453, -0.326551),
      ["LeftUpperLeg"] = CFrame.new(-0.192093, 0.245323, -0.436987, 0.906660, 0.171419, 0.385465, -0.266052, 0.941445, 0.207120, -0.327389, -0.290341, 0.899177),
      ["LowerTorso"] = CFrame.new(-0.001462, -1.643055, -0.854591, -0.999999, -0.001765, -0.000150, -0.000028, 0.100032, -0.994984, 0.001771, -0.994983, -0.100032),
      ["RightUpperArm"] = CFrame.new(0.189906, -1.023343, -0.630032, 0.510705, 0.274704, -0.814689, -0.326156, -0.814847, -0.479215, -0.795489, 0.510453, -0.326551),
      ["RightUpperLeg"] = CFrame.new(0.192100, 0.245319, -0.436986, 0.906660, -0.171419, -0.385465, 0.266052, 0.941445, 0.207120, 0.327389, -0.290341, 0.899177)
    }},
    { Time = 0.083, Data = {
      ["Balls"] = CFrame.new(0.057594, -0.053586, 0.000000, 0.991773, -0.128010, 0.000000, 0.128010, 0.991773, 0.000000, 0.000000, 0.000000, 1.000000),
      ["Bone.001"] = CFrame.new(0.000000, 0.000000, 0.000000, 1.000000, -0.000000, 0.000000, 0.000000, 0.821948, 0.569562, -0.000000, -0.569562, 0.821948),
      ["Cock"] = CFrame.new(0.041846, -0.168528, 0.000000, 0.401249, 0.915969, 0.000000, -0.915969, 0.401249, -0.000000, -0.000000, 0.000000, 1.000000),
      ["Head"] = CFrame.new(0.000000, 0.000000, 0.000000, 1.000000, -0.000000, 0.000000, 0.000000, 0.996645, 0.081851, -0.000000, -0.081851, 0.996645),
      ["LeftUpperArm"] = CFrame.new(-0.189922, -1.028933, -0.626997, 0.510672, -0.274768, 0.814688, 0.327884, -0.813710, -0.479966, 0.794800, 0.512228, -0.325447),
      ["LeftUpperLeg"] = CFrame.new(-0.191958, 0.238072, -0.434620, 0.906581, 0.171583, 0.385577, -0.268513, 0.939359, 0.213320, -0.325593, -0.296925, 0.897678),
      ["LowerTorso"] = CFrame.new(-0.001465, -1.636027, -0.856531, -0.999998, -0.001765, -0.000146, -0.000024, 0.095974, -0.995384, 0.001771, -0.995382, -0.095973),
      ["RightUpperArm"] = CFrame.new(0.189922, -1.028933, -0.626997, 0.510672, 0.274768, -0.814688, -0.327884, -0.813710, -0.479966, -0.794800, 0.512228, -0.325447),
      ["RightUpperLeg"] = CFrame.new(0.191965, 0.238068, -0.434618, 0.906581, -0.171583, -0.385577, 0.268513, 0.939359, 0.213320, 0.325593, -0.296925, 0.897678)
    }},
    { Time = 0.100, Data = {
      ["Balls"] = CFrame.new(0.058005, -0.051796, 0.000000, 0.992199, -0.124664, 0.000000, 0.124664, 0.992199, 0.000000, 0.000000, 0.000000, 1.000000),
      ["Bone.001"] = CFrame.new(0.000000, 0.000000, 0.000000, 1.000000, -0.000000, 0.000000, 0.000000, 0.823490, 0.567330, -0.000000, -0.567330, 0.823490),
      ["Cock"] = CFrame.new(0.039639, -0.164346, 0.000000, 0.397465, 0.917617, 0.000000, -0.917617, 0.397465, -0.000000, -0.000000, 0.000000, 1.000000),
      ["Head"] = CFrame.new(0.000000, 0.000000, 0.000000, 1.000000, -0.000000, 0.000000, 0.000000, 0.996736, 0.080731, -0.000000, -0.080731, 0.996736),
      ["LeftUpperArm"] = CFrame.new(-0.189916, -1.037275, -0.622460, 0.510702, -0.274747, 0.814676, 0.330498, -0.812021, -0.481033, 0.793696, 0.514914, -0.323898),
      ["LeftUpperLeg"] = CFrame.new(-0.191761, 0.227318, -0.431123, 0.906457, 0.171710, 0.385814, -0.272061, 0.936195, 0.222536, -0.322985, -0.306684, 0.895335),
      ["LowerTorso"] = CFrame.new(-0.001470, -1.625553, -0.859459, -0.999999, -0.001766, -0.000141, -0.000019, 0.089928, -0.995948, 0.001771, -0.995947, -0.089928),
      ["RightUpperArm"] = CFrame.new(0.189916, -1.037275, -0.622460, 0.510702, 0.274747, -0.814676, -0.330498, -0.812021, -0.481033, -0.793696, 0.514914, -0.323898),
      ["RightUpperLeg"] = CFrame.new(0.191769, 0.227313, -0.431121, 0.906457, -0.171710, -0.385814, 0.272061, 0.936195, 0.222536, 0.322985, -0.306684, 0.895335)
    }},
    { Time = 0.117, Data = {
      ["Balls"] = CFrame.new(0.058578, -0.049296, 0.000000, 0.992770, -0.120029, 0.000000, 0.120029, 0.992770, 0.000000, 0.000000, 0.000000, 1.000000),
      ["Bone.001"] = CFrame.new(0.000000, 0.000000, 0.000000, 1.000000, -0.000000, 0.000000, 0.000000, 0.825689, 0.564126, -0.000000, -0.564126, 0.825689),
      ["Cock"] = CFrame.new(0.036558, -0.158509, 0.000000, 0.392242, 0.919862, 0.000000, -0.919862, 0.392242, -0.000000, -0.000000, 0.000000, 1.000000),
      ["Head"] = CFrame.new(0.000000, -0.000000, 0.000000, 1.000000, -0.000000, 0.000000, 0.000000, 0.996840, 0.079440, -0.000000, -0.079440, 0.996840),
      ["LeftUpperArm"] = CFrame.new(-0.189918, -1.048917, -0.616141, 0.510708, -0.274755, 0.814670, 0.334107, -0.809663, -0.482514, 0.792181, 0.518611, -0.321704),
      ["LeftUpperLeg"] = CFrame.new(-0.191470, 0.212319, -0.426155, 0.906316, 0.171968, 0.386030, -0.276992, 0.931616, 0.235303, -0.319167, -0.320186, 0.891972),
      ["LowerTorso"] = CFrame.new(-0.001476, -1.610852, -0.863601, -0.999998, -0.001766, -0.000133, -0.000011, 0.081406, -0.996681, 0.001771, -0.996679, -0.081406),
      ["RightUpperArm"] = CFrame.new(0.189917, -1.048917, -0.616141, 0.510708, 0.274755, -0.814670, -0.334107, -0.809663, -0.482514, -0.792181, 0.518611, -0.321704),
      ["RightUpperLeg"] = CFrame.new(0.191477, 0.212315, -0.426153, 0.906316, -0.171968, -0.386030, 0.276992, 0.931616, 0.235303, 0.319167, -0.320186, 0.891972)
    }},
    { Time = 0.133, Data = {
      ["Balls"] = CFrame.new(0.059341, -0.045970, 0.000000, 0.993508, -0.113760, 0.000000, 0.113760, 0.993508, 0.000000, 0.000000, 0.000000, 1.000000),
      ["Bone.001"] = CFrame.new(0.000000, 0.000000, 0.000000, 1.000000, -0.000000, 0.000000, 0.000000, 0.828582, 0.559868, -0.000000, -0.559868, 0.828582),
      ["Cock"] = CFrame.new(0.032459, -0.150743, 0.000000, 0.385179, 0.922842, 0.000000, -0.922842, 0.385179, -0.000000, -0.000000, 0.000000, 1.000000),
      ["Head"] = CFrame.new(0.000000, 0.000000, 0.000000, 1.000000, -0.000000, 0.000000, 0.000000, 0.996962, 0.077890, -0.000000, -0.077890, 0.996962),
      ["LeftUpperArm"] = CFrame.new(-0.189914, -1.064404, -0.607736, 0.510679, -0.274742, 0.814693, 0.338930, -0.806505, -0.484434, 0.790148, 0.523514, -0.318747),
      ["LeftUpperLeg"] = CFrame.new(-0.191082, 0.192397, -0.419481, 0.906128, 0.172285, 0.386329, -0.283478, 0.925195, 0.252298, -0.313962, -0.338130, 0.887184),
      ["LowerTorso"] = CFrame.new(-0.001485, -1.591360, -0.869230, -0.999998, -0.001767, -0.000123, -0.000001, 0.070140, -0.997537, 0.001771, -0.997536, -0.070140),
      ["RightUpperArm"] = CFrame.new(0.189914, -1.064404, -0.607736, 0.510679, 0.274742, -0.814693, -0.338930, -0.806505, -0.484434, -0.790148, 0.523514, -0.318747),
      ["RightUpperLeg"] = CFrame.new(0.191090, 0.192393, -0.419479, 0.906128, -0.172285, -0.386329, 0.283478, 0.925195, 0.252298, 0.313962, -0.338130, 0.887184)
    }},
    { Time = 0.150, Data = {
      ["Balls"] = CFrame.new(0.060321, -0.041700, 0.000000, 0.994382, -0.105854, 0.000000, 0.105854, 0.994382, 0.000000, 0.000000, 0.000000, 1.000000),
      ["Bone.001"] = CFrame.new(0.000000, 0.000000, 0.000000, 1.000000, -0.000000, 0.000000, 0.000000, 0.832252, 0.554398, -0.000000, -0.554398, 0.832252),
      ["Cock"] = CFrame.new(0.027196, -0.140771, 0.000000, 0.376244, 0.926521, 0.000000, -0.926521, 0.376244, -0.000000, -0.000000, 0.000000, 1.000000),
      ["Head"] = CFrame.new(0.000000, -0.000000, 0.000000, 1.000000, -0.000000, 0.000000, 0.000000, 0.997088, 0.076253, -0.000000, -0.076253, 0.997088),
      ["LeftUpperArm"] = CFrame.new(-0.189914, -1.084265, -0.596935, 0.510688, -0.274745, 0.814686, 0.345133, -0.802358, -0.486935, 0.787452, 0.529847, -0.314931),
      ["LeftUpperLeg"] = CFrame.new(-0.190599, 0.166899, -0.410865, 0.905859, 0.172625, 0.386808, -0.291644, 0.916441, 0.274006, -0.307186, -0.361021, 0.880512),
      ["LowerTorso"] = CFrame.new(-0.001496, -1.566265, -0.876643, -0.999999, -0.001768, -0.000110, 0.000012, 0.055604, -0.998453, 0.001771, -0.998451, -0.055604),
      ["RightUpperArm"] = CFrame.new(0.189914, -1.084265, -0.596935, 0.510688, 0.274745, -0.814686, -0.345133, -0.802358, -0.486935, -0.787452, 0.529847, -0.314931),
      ["RightUpperLeg"] = CFrame.new(0.190606, 0.166894, -0.410863, 0.905859, -0.172625, -0.386808, 0.291644, 0.916441, 0.274006, 0.307186, -0.361021, 0.880512)
    }},
    { Time = 0.167, Data = {
      ["Balls"] = CFrame.new(0.061544, -0.036367, 0.000000, 0.995393, -0.095879, 0.000000, 0.095879, 0.995393, 0.000000, 0.000000, 0.000000, 1.000000),
      ["Bone.001"] = CFrame.new(0.000000, 0.000000, 0.000000, 1.000000, -0.000000, 0.000000, 0.000000, 0.836771, 0.547553, -0.000000, -0.547553, 0.836771),
      ["Cock"] = CFrame.new(0.020622, -0.128317, 0.000000, 0.364913, 0.931042, 0.000000, -0.931042, 0.364913, -0.000000, -0.000000, 0.000000, 1.000000),
      ["Head"] = CFrame.new(0.000000, 0.000000, -0.000000, 1.000000, -0.000000, 0.000000, 0.000000, 0.997232, 0.074358, -0.000000, -0.074358, 0.997232),
      ["LeftUpperArm"] = CFrame.new(-0.189909, -1.109068, -0.583482, 0.510637, -0.274728, 0.814723, 0.352804, -0.797178, -0.489935, 0.784079, 0.537616, -0.310144),
      ["LeftUpperLeg"] = CFrame.new(-0.189986, 0.135170, -0.399932, 0.905539, 0.173094, 0.387346, -0.301612, 0.904734, 0.300808, -0.298377, -0.389222, 0.871480),
      ["LowerTorso"] = CFrame.new(-0.001510, -1.534956, -0.886198, -0.999998, -0.001769, -0.000094, 0.000028, 0.037485, -0.999297, 0.001771, -0.999296, -0.037485),
      ["RightUpperArm"] = CFrame.new(0.189909, -1.109068, -0.583482, 0.510637, 0.274728, -0.814723, -0.352804, -0.797178, -0.489935, -0.784079, 0.537616, -0.310144),
      ["RightUpperLeg"] = CFrame.new(0.189994, 0.135164, -0.399930, 0.905539, -0.173094, -0.387346, 0.301612, 0.904734, 0.300808, 0.298377, -0.389222, 0.871480)
    }},
    { Time = 0.183, Data = {
      ["Balls"] = CFrame.new(0.063038, -0.029853, 0.000000, 0.996494, -0.083659, 0.000000, 0.083659, 0.996494, 0.000000, 0.000000, 0.000000, 1.000000),
      ["Bone.001"] = CFrame.new(0.000000, 0.000000, 0.000000, 1.000000, -0.000000, 0.000000, 0.000000, 0.842248, 0.539090, -0.000000, -0.539090, 0.842248),
      ["Cock"] = CFrame.new(0.012594, -0.113106, 0.000000, 0.351023, 0.936367, 0.000000, -0.936367, 0.351023, -0.000000, -0.000000, 0.000000, 1.000000),
      ["Head"] = CFrame.new(0.000000, 0.000000, -0.000000, 1.000000, -0.000000, 0.000000, 0.000000, 0.997390, 0.072204, -0.000000, -0.072204, 0.997390),
      ["LeftUpperArm"] = CFrame.new(-0.189913, -1.139320, -0.567052, 0.510678, -0.274747, 0.814691, 0.362115, -0.790691, -0.493640, 0.779795, 0.547103, -0.304298),
      ["LeftUpperLeg"] = CFrame.new(-0.189239, 0.096602, -0.386365, 0.905147, 0.173674, 0.388003, -0.313416, 0.889278, 0.333100, -0.287191, -0.423111, 0.859359),
      ["LowerTorso"] = CFrame.new(-0.001588, -1.496683, -0.898315, -0.999999, -0.001709, -0.000013, -0.000013, 0.015322, -0.999883, 0.001709, -0.999881, -0.015322),
      ["RightUpperArm"] = CFrame.new(0.189913, -1.139320, -0.567052, 0.510678, 0.274747, -0.814691, -0.362115, -0.790691, -0.493640, -0.779795, 0.547103, -0.304298),
      ["RightUpperLeg"] = CFrame.new(0.189247, 0.096595, -0.386362, 0.905147, -0.173674, -0.388003, 0.313416, 0.889278, 0.333100, 0.287191, -0.423111, 0.859359)
    }},
    { Time = 0.200, Data = {
      ["Balls"] = CFrame.new(0.064831, -0.022041, 0.000000, 0.997610, -0.069103, 0.000000, 0.069103, 0.997610, 0.000000, 0.000000, 0.000000, 1.000000),
      ["Bone.001"] = CFrame.new(0.000000, 0.000000, 0.000000, 1.000000, -0.000000, 0.000000, 0.000000, 0.848678, 0.528909, -0.000000, -0.528909, 0.848678),
      ["Cock"] = CFrame.new(0.002965, -0.094862, 0.000000, 0.334197, 0.942503, 0.000000, -0.942503, 0.334197, -0.000000, -0.000000, 0.000000, 1.000000),
      ["Head"] = CFrame.new(0.000000, 0.000000, 0.000000, 1.000000, -0.000000, 0.000000, 0.000000, 0.997549, 0.069964, -0.000000, -0.069964, 0.997549),
      ["LeftUpperArm"] = CFrame.new(-0.189913, -1.175564, -0.547369, 0.510696, -0.274748, 0.814680, 0.373257, -0.782758, -0.497965, 0.774512, 0.558393, -0.297200),
      ["LeftUpperLeg"] = CFrame.new(-0.188356, 0.050607, -0.369814, 0.904651, 0.174322, 0.388869, -0.327046, 0.869026, 0.371260, -0.273219, -0.463039, 0.843177),
      ["LowerTorso"] = CFrame.new(-0.001610, -1.450722, -0.913499, -0.999999, -0.001709, 0.000010, 0.000010, -0.011320, -0.999936, 0.001709, -0.999934, 0.011320),
      ["RightUpperArm"] = CFrame.new(0.189913, -1.175564, -0.547369, 0.510696, 0.274748, -0.814680, -0.373257, -0.782758, -0.497965, -0.774512, 0.558393, -0.297200),
      ["RightUpperLeg"] = CFrame.new(0.188364, 0.050601, -0.369811, 0.904651, -0.174322, -0.388869, 0.327046, 0.869026, 0.371260, 0.273219, -0.463039, 0.843177)
    }},
    { Time = 0.217, Data = {
      ["Balls"] = CFrame.new(0.066863, -0.013180, 0.000000, 0.998623, -0.052466, 0.000000, 0.052466, 0.998623, 0.000000, 0.000000, 0.000000, 1.000000),
      ["Bone.001"] = CFrame.new(0.000000, 0.000000, 0.000000, 1.000000, -0.000000, 0.000000, 0.000000, 0.856135, 0.516752, -0.000000, -0.516752, 0.856135),
      ["Cock"] = CFrame.new(-0.007956, -0.074171, 0.000000, 0.315035, 0.949080, 0.000000, -0.949080, 0.315035, -0.000000, -0.000000, 0.000000, 1.000000),
      ["Head"] = CFrame.new(0.000000, 0.000000, 0.000000, 1.000000, -0.000000, 0.000000, 0.000000, 0.997722, 0.067465, -0.000000, -0.067465, 0.997722),
      ["LeftUpperArm"] = CFrame.new(-0.189908, -1.216627, -0.525092, 0.510684, -0.274736, 0.814692, 0.385792, -0.773595, -0.502708, 0.768353, 0.571027, -0.289072),
      ["LeftUpperLeg"] = CFrame.new(-0.187355, -0.001138, -0.350703, 0.904087, 0.174926, 0.389906, -0.341666, 0.843906, 0.413626, -0.256691, -0.507171, 0.822731),
      ["LowerTorso"] = CFrame.new(-0.001576, -1.398575, -0.931576, -0.999998, -0.001768, 0.000098, -0.000024, -0.041553, -0.999136, 0.001771, -0.999135, 0.041553),
      ["RightUpperArm"] = CFrame.new(0.189908, -1.216627, -0.525092, 0.510684, 0.274736, -0.814692, -0.385792, -0.773595, -0.502708, -0.768353, 0.571027, -0.289072),
      ["RightUpperLeg"] = CFrame.new(0.187363, -0.001146, -0.350700, 0.904087, -0.174926, -0.389906, 0.341666, 0.843906, 0.413626, 0.256691, -0.507171, 0.822731)
    }},
    { Time = 0.233, Data = {
      ["Balls"] = CFrame.new(0.068655, -0.005367, 0.000000, 0.999285, -0.037802, 0.000000, 0.037802, 0.999285, 0.000000, 0.000000, 0.000000, 1.000000),
      ["Bone.001"] = CFrame.new(0.000000, 0.000000, 0.000000, 1.000000, -0.000000, 0.000000, 0.000000, 0.864618, 0.502429, -0.000000, -0.502429, 0.864618),
      ["Cock"] = CFrame.new(-0.017586, -0.055927, 0.000000, 0.298058, 0.954548, 0.000000, -0.954548, 0.298058, -0.000000, -0.000000, 0.000000, 1.000000),
      ["Head"] = CFrame.new(0.000000, 0.000000, 0.000000, 1.000000, -0.000000, 0.000000, 0.000000, 0.997904, 0.064708, -0.000000, -0.064708, 0.997904),
      ["LeftUpperArm"] = CFrame.new(-0.189894, -1.252800, -0.505491, 0.510679, -0.274687, 0.814711, 0.396733, -0.765389, -0.506739, 0.762765, 0.582003, -0.281891),
      ["LeftUpperLeg"] = CFrame.new(-0.186475, -0.046406, -0.333551, 0.903585, 0.175422, 0.390847, -0.353843, 0.819915, 0.450038, -0.241515, -0.544946, 0.802935),
      ["LowerTorso"] = CFrame.new(-0.001599, -1.352789, -0.948265, -0.999999, -0.001767, 0.000121, -0.000001, -0.068020, -0.997684, 0.001771, -0.997683, 0.068019),
      ["RightUpperArm"] = CFrame.new(0.189894, -1.252800, -0.505491, 0.510679, 0.274687, -0.814711, -0.396733, -0.765389, -0.506739, -0.762765, 0.582003, -0.281891),
      ["RightUpperLeg"] = CFrame.new(0.186483, -0.046414, -0.333547, 0.903585, -0.175422, -0.390847, 0.353843, 0.819915, 0.450038, 0.241515, -0.544946, 0.802935)
    }},
    { Time = 0.250, Data = {
      ["Balls"] = CFrame.new(0.070150, 0.001146, -0.000000, 0.999671, -0.025636, 0.000000, 0.025636, 0.999671, 0.000000, 0.000000, 0.000000, 1.000000),
      ["Bone.001"] = CFrame.new(0.000000, 0.000000, 0.000000, 1.000000, -0.000000, 0.000000, 0.000000, 0.874060, 0.485818, -0.000000, -0.485818, 0.874060),
      ["Cock"] = CFrame.new(-0.025614, -0.040717, 0.000000, 0.283873, 0.958862, 0.000000, -0.958862, 0.283873, -0.000000, -0.000000, 0.000000, 1.000000),
      ["Head"] = CFrame.new(0.000000, 0.000000, 0.000000, 1.000000, -0.000000, 0.000000, 0.000000, 0.998085, 0.061863, -0.000000, -0.061863, 0.998085),
      ["LeftUpperArm"] = CFrame.new(-0.189908, -1.282908, -0.489159, 0.510640, -0.274740, 0.814718, 0.405833, -0.758355, -0.510096, 0.757989, 0.591115, -0.275748),
      ["LeftUpperLeg"] = CFrame.new(-0.185724, -0.083850, -0.319019, 0.903202, 0.175801, 0.391560, -0.363399, 0.798664, 0.479663, -0.228400, -0.575526, 0.785241),
      ["LowerTorso"] = CFrame.new(-0.001619, -1.314540, -0.962724, -0.999998, -0.001766, 0.000141, 0.000019, -0.090161, -0.995927, 0.001771, -0.995926, 0.090161),
      ["RightUpperArm"] = CFrame.new(0.189907, -1.282908, -0.489159, 0.510640, 0.274740, -0.814718, -0.405833, -0.758355, -0.510096, -0.757989, 0.591115, -0.275748),
      ["RightUpperLeg"] = CFrame.new(0.185731, -0.083859, -0.319015, 0.903202, -0.175801, -0.391560, 0.363399, 0.798664, 0.479663, 0.228400, -0.575526, 0.785241)
    }},
    { Time = 0.267, Data = {
      ["Balls"] = CFrame.new(0.071373, 0.006479, -0.000000, 0.999878, -0.015624, 0.000000, 0.015624, 0.999878, 0.000000, 0.000000, 0.000000, 1.000000),
      ["Bone.001"] = CFrame.new(0.000000, 0.000000, 0.000000, 1.000000, -0.000000, 0.000000, 0.000000, 0.884492, 0.466555, -0.000000, -0.466555, 0.884492),
      ["Cock"] = CFrame.new(-0.032187, -0.028263, 0.000000, 0.272151, 0.962254, 0.000000, -0.962254, 0.272151, -0.000000, -0.000000, 0.000000, 1.000000),
      ["Head"] = CFrame.new(0.000000, -0.000000, 0.000000, 1.000000, -0.000000, 0.000000, 0.000000, 0.998272, 0.058760, -0.000000, -0.058760, 0.998272),
      ["LeftUpperArm"] = CFrame.new(-0.189899, -1.307547, -0.475808, 0.510656, -0.274710, 0.814717, 0.413221, -0.752552, -0.512751, 0.753975, 0.598498, -0.270780),
      ["LeftUpperLeg"] = CFrame.new(-0.185128, -0.114351, -0.307020, 0.902849, 0.176078, 0.392251, -0.370913, 0.780372, 0.503432, -0.217459, -0.600013, 0.769867),
      ["LowerTorso"] = CFrame.new(-0.001635, -1.283277, -0.974927, -0.999998, -0.001764, 0.000157, 0.000035, -0.108235, -0.994125, 0.001771, -0.994124, 0.108235),
      ["RightUpperArm"] = CFrame.new(0.189899, -1.307547, -0.475808, 0.510656, 0.274710, -0.814717, -0.413221, -0.752552, -0.512751, -0.753975, 0.598498, -0.270780),
      ["RightUpperLeg"] = CFrame.new(0.185136, -0.114361, -0.307015, 0.902849, -0.176078, -0.392251, 0.370913, 0.780372, 0.503432, 0.217459, -0.600013, 0.769867)
    }},
    { Time = 0.283, Data = {
      ["Balls"] = CFrame.new(0.072353, 0.010750, -0.000000, 0.999971, -0.007596, 0.000000, 0.007596, 0.999971, 0.000000, 0.000000, 0.000000, 1.000000),
      ["Bone.001"] = CFrame.new(0.000000, 0.000000, 0.000000, 1.000000, -0.000000, 0.000000, 0.000000, 0.895817, 0.444423, -0.000000, -0.444423, 0.895817),
      ["Cock"] = CFrame.new(-0.037451, -0.018291, 0.000000, 0.262748, 0.964865, 0.000000, -0.964865, 0.262748, -0.000000, -0.000000, 0.000000, 1.000000),
      ["Head"] = CFrame.new(0.000000, 0.000000, -0.000000, 1.000000, -0.000000, 0.000000, 0.000000, 0.998464, 0.055397, -0.000000, -0.055397, 0.998464),
      ["LeftUpperArm"] = CFrame.new(-0.189909, -1.327264, -0.465137, 0.510659, -0.274752, 0.814702, 0.419060, -0.747857, -0.514878, 0.750744, 0.604336, -0.266762),
      ["LeftUpperLeg"] = CFrame.new(-0.184655, -0.138671, -0.297305, 0.902560, 0.176323, 0.392805, -0.376722, 0.765142, 0.522147, -0.208485, -0.619248, 0.757012),
      ["LowerTorso"] = CFrame.new(-0.001713, -1.258249, -0.984936, -0.999999, -0.001698, 0.000227, -0.000017, -0.122702, -0.992444, 0.001713, -0.992442, 0.122701),
      ["RightUpperArm"] = CFrame.new(0.189909, -1.327264, -0.465137, 0.510659, 0.274752, -0.814702, -0.419060, -0.747857, -0.514878, -0.750744, 0.604336, -0.266762),
      ["RightUpperLeg"] = CFrame.new(0.184662, -0.138681, -0.297300, 0.902560, -0.176323, -0.392805, 0.376722, 0.765142, 0.522147, 0.208485, -0.619248, 0.757012)
    }},
    { Time = 0.300, Data = {
      ["Balls"] = CFrame.new(0.073116, 0.014076, -0.000000, 0.999999, -0.001381, 0.000000, 0.001381, 0.999999, 0.000000, 0.000000, 0.000000, 1.000000),
      ["Bone.001"] = CFrame.new(0.000000, 0.000000, 0.000000, 1.000000, -0.000000, 0.000000, 0.000000, 0.907860, 0.419274, -0.000000, -0.419274, 0.907860),
      ["Cock"] = CFrame.new(-0.041550, -0.010524, 0.000000, 0.255392, 0.966838, 0.000000, -0.966838, 0.255392, -0.000000, -0.000000, 0.000000, 1.000000),
      ["Head"] = CFrame.new(0.000000, 0.000000, 0.000000, 1.000000, -0.000000, 0.000000, 0.000000, 0.998650, 0.051948, -0.000000, -0.051948, 0.998650),
      ["LeftUpperArm"] = CFrame.new(-0.189906, -1.342609, -0.456825, 0.510635, -0.274742, 0.814720, 0.423648, -0.744161, -0.516474, 0.748180, 0.608885, -0.263601),
      ["LeftUpperLeg"] = CFrame.new(-0.184260, -0.157474, -0.289689, 0.902386, 0.176465, 0.393140, -0.380971, 0.753059, 0.536435, -0.201395, -0.633847, 0.746779),
      ["LowerTorso"] = CFrame.new(-0.001724, -1.238743, -0.992884, -0.999999, -0.001697, 0.000237, -0.000007, -0.133986, -0.990983, 0.001713, -0.990982, 0.133985),
      ["RightUpperArm"] = CFrame.new(0.189906, -1.342609, -0.456825, 0.510635, 0.274742, -0.814720, -0.423648, -0.744161, -0.516474, -0.748180, 0.608885, -0.263601),
      ["RightUpperLeg"] = CFrame.new(0.184267, -0.157484, -0.289684, 0.902386, -0.176465, -0.393140, 0.380971, 0.753059, 0.536435, 0.201395, -0.633847, 0.746779)
    }},
    { Time = 0.317, Data = {
      ["Balls"] = CFrame.new(0.073689, 0.016575, -0.000000, 0.999994, 0.003367, 0.000000, -0.003367, 0.999994, -0.000000, -0.000000, 0.000000, 1.000000),
      ["Bone.001"] = CFrame.new(0.000000, 0.000000, 0.000000, 1.000000, -0.000000, 0.000000, 0.000000, 0.920166, 0.391528, -0.000000, -0.391528, 0.920166),
      ["Cock"] = CFrame.new(-0.044630, -0.004688, 0.000000, 0.249904, 0.968271, 0.000000, -0.968271, 0.249904, -0.000000, -0.000000, 0.000000, 1.000000),
      ["Head"] = CFrame.new(0.000000, -0.000000, 0.000000, 1.000000, -0.000000, 0.000000, 0.000000, 0.998836, 0.048240, -0.000000, -0.048240, 0.998836),
      ["LeftUpperArm"] = CFrame.new(-0.189903, -1.354137, -0.450585, 0.510677, -0.274731, 0.814698, 0.427046, -0.741371, -0.517689, 0.746218, 0.612285, -0.261279),
      ["LeftUpperLeg"] = CFrame.new(-0.183986, -0.171611, -0.283943, 0.902211, 0.176588, 0.393487, -0.384176, 0.743695, 0.547108, -0.196022, -0.644775, 0.738811),
      ["LowerTorso"] = CFrame.new(-0.001732, -1.224175, -0.998927, -0.999999, -0.001696, 0.000244, 0.000000, -0.142372, -0.989813, 0.001713, -0.989812, 0.142371),
      ["RightUpperArm"] = CFrame.new(0.189903, -1.354137, -0.450585, 0.510677, 0.274731, -0.814698, -0.427046, -0.741371, -0.517689, -0.746218, 0.612285, -0.261279),
      ["RightUpperLeg"] = CFrame.new(0.183993, -0.171621, -0.283938, 0.902211, -0.176588, -0.393487, 0.384176, 0.743695, 0.547108, 0.196022, -0.644775, 0.738811)
    }},
    { Time = 0.333, Data = {
      ["Balls"] = CFrame.new(0.074100, 0.018366, -0.000000, 0.999977, 0.006733, 0.000000, -0.006733, 0.999977, -0.000000, -0.000000, 0.000000, 1.000000),
      ["Bone.001"] = CFrame.new(0.000000, 0.000000, 0.000000, 1.000000, -0.000000, 0.000000, 0.000000, 0.930758, 0.365636, -0.000000, -0.365636, 0.930758),
      ["Cock"] = CFrame.new(-0.046837, -0.000506, 0.000000, 0.245881, 0.969300, 0.000000, -0.969300, 0.245881, -0.000000, -0.000000, 0.000000, 1.000000),
      ["Head"] = CFrame.new(0.000000, -0.000000, 0.000000, 1.000000, -0.000000, 0.000000, 0.000000, 0.999016, 0.044359, -0.000000, -0.044359, 0.999016),
      ["LeftUpperArm"] = CFrame.new(-0.189895, -1.362395, -0.446112, 0.510688, -0.274701, 0.814701, 0.429502, -0.739362, -0.518528, 0.744799, 0.614722, -0.259599),
      ["LeftUpperLeg"] = CFrame.new(-0.183783, -0.181696, -0.279820, 0.902098, 0.176662, 0.393712, -0.386385, 0.736944, 0.554635, -0.192161, -0.652460, 0.733055),
      ["LowerTorso"] = CFrame.new(-0.001738, -1.213764, -1.003297, -0.999999, -0.001695, 0.000249, 0.000005, -0.148353, -0.988934, 0.001713, -0.988933, 0.148353),
      ["RightUpperArm"] = CFrame.new(0.189895, -1.362395, -0.446112, 0.510688, 0.274701, -0.814701, -0.429502, -0.739362, -0.518528, -0.744799, 0.614722, -0.259599),
      ["RightUpperLeg"] = CFrame.new(0.183791, -0.181706, -0.279815, 0.902098, -0.176662, -0.393712, 0.386385, 0.736944, 0.554635, 0.192161, -0.652460, 0.733055)
    }},
    { Time = 0.350, Data = {
      ["Balls"] = CFrame.new(0.074375, 0.019566, -0.000000, 0.999960, 0.008977, 0.000000, -0.008977, 0.999960, -0.000000, -0.000000, 0.000000, 1.000000),
      ["Bone.001"] = CFrame.new(0.000000, 0.000000, 0.000000, 1.000000, -0.000000, 0.000000, 0.000000, 0.939521, 0.342492, -0.000000, -0.342492, 0.939521),
      ["Cock"] = CFrame.new(-0.048317, 0.002297, 0.000000, 0.243229, 0.969969, 0.000000, -0.969969, 0.243229, -0.000000, -0.000000, 0.000000, 1.000000),
      ["Head"] = CFrame.new(0.000000, 0.000000, -0.000000, 1.000000, -0.000000, 0.000000, 0.000000, 0.999173, 0.040649, -0.000000, -0.040649, 0.999173),
      ["LeftUpperArm"] = CFrame.new(-0.189905, -1.367933, -0.443126, 0.510671, -0.274738, 0.814699, 0.431102, -0.738024, -0.519106, 0.743886, 0.616311, -0.258448),
      ["LeftUpperLeg"] = CFrame.new(-0.183644, -0.188443, -0.277038, 0.902029, 0.176708, 0.393849, -0.387839, 0.732353, 0.559678, -0.189537, -0.657596, 0.729139),
      ["LowerTorso"] = CFrame.new(-0.001742, -1.206747, -1.006256, -0.999999, -0.001695, 0.000252, 0.000009, -0.152404, -0.988319, 0.001713, -0.988317, 0.152404),
      ["RightUpperArm"] = CFrame.new(0.189905, -1.367933, -0.443126, 0.510671, 0.274738, -0.814699, -0.431102, -0.738024, -0.519106, -0.743886, 0.616311, -0.258448),
      ["RightUpperLeg"] = CFrame.new(0.183651, -0.188453, -0.277033, 0.902029, -0.176708, -0.393849, 0.387839, 0.732353, 0.559678, 0.189537, -0.657596, 0.729139)
    }},
    { Time = 0.367, Data = {
      ["Balls"] = CFrame.new(0.074542, 0.020294, -0.000000, 0.999947, 0.010272, 0.000000, -0.010272, 0.999947, -0.000000, -0.000000, 0.000000, 1.000000),
      ["Bone.001"] = CFrame.new(0.000000, 0.000000, 0.000000, 1.000000, -0.000000, 0.000000, 0.000000, 0.946793, 0.321842, -0.000000, -0.321842, 0.946793),
      ["Cock"] = CFrame.new(-0.049214, 0.003997, 0.000000, 0.241635, 0.970367, 0.000000, -0.970367, 0.241635, -0.000000, -0.000000, 0.000000, 1.000000),
      ["Head"] = CFrame.new(0.000000, -0.000000, -0.000000, 1.000000, -0.000000, 0.000000, 0.000000, 0.999311, 0.037112, -0.000000, -0.037112, 0.999311),
      ["LeftUpperArm"] = CFrame.new(-0.189905, -1.371275, -0.441293, 0.510688, -0.274737, 0.814689, 0.432145, -0.737151, -0.519480, 0.743269, 0.617356, -0.257727),
      ["LeftUpperLeg"] = CFrame.new(-0.183575, -0.192561, -0.275366, 0.901955, 0.176752, 0.394001, -0.388772, 0.729528, 0.562712, -0.187974, -0.660718, 0.726717),
      ["LowerTorso"] = CFrame.new(-0.001744, -1.202476, -1.008061, -0.999999, -0.001694, 0.000254, 0.000011, -0.154875, -0.987934, 0.001713, -0.987933, 0.154874),
      ["RightUpperArm"] = CFrame.new(0.189904, -1.371275, -0.441293, 0.510688, 0.274737, -0.814689, -0.432145, -0.737151, -0.519480, -0.743269, 0.617356, -0.257727),
      ["RightUpperLeg"] = CFrame.new(0.183583, -0.192572, -0.275360, 0.901955, -0.176752, -0.394001, 0.388772, 0.729528, 0.562712, 0.187974, -0.660718, 0.726717)
    }},
    { Time = 0.383, Data = {
      ["Balls"] = CFrame.new(0.074628, 0.020668, -0.000000, 0.999939, 0.011049, 0.000000, -0.011049, 0.999939, -0.000000, -0.000000, 0.000000, 1.000000),
      ["Bone.001"] = CFrame.new(0.000000, 0.000000, 0.000000, 1.000000, -0.000000, 0.000000, 0.000000, 0.952808, 0.303574, -0.000000, -0.303574, 0.952808),
      ["Cock"] = CFrame.new(-0.049675, 0.004870, 0.000000, 0.240784, 0.970579, 0.000000, -0.970579, 0.240784, -0.000000, -0.000000, 0.000000, 1.000000),
      ["Head"] = CFrame.new(0.000000, 0.000000, 0.000000, 1.000000, -0.000000, 0.000000, 0.000000, 0.999427, 0.033833, -0.000000, -0.033833, 0.999427),
      ["LeftUpperArm"] = CFrame.new(-0.189903, -1.373003, -0.440366, 0.510653, -0.274732, 0.814712, 0.432661, -0.736744, -0.519628, 0.742992, 0.617844, -0.257355),
      ["LeftUpperLeg"] = CFrame.new(-0.183520, -0.194638, -0.274482, 0.901958, 0.176757, 0.393992, -0.389176, 0.728094, 0.564288, -0.187121, -0.662296, 0.725500),
      ["LowerTorso"] = CFrame.new(-0.001745, -1.200318, -1.008984, -0.999999, -0.001694, 0.000256, 0.000012, -0.156109, -0.987740, 0.001713, -0.987739, 0.156108),
      ["RightUpperArm"] = CFrame.new(0.189903, -1.373003, -0.440366, 0.510653, 0.274732, -0.814712, -0.432661, -0.736744, -0.519628, -0.742992, 0.617844, -0.257355),
      ["RightUpperLeg"] = CFrame.new(0.183527, -0.194649, -0.274476, 0.901958, -0.176757, -0.393992, 0.389176, 0.728094, 0.564288, 0.187121, -0.662296, 0.725500)
    }},
    { Time = 0.400, Data = {
      ["Balls"] = CFrame.new(0.074660, 0.020806, -0.000000, 0.999936, 0.011308, 0.000000, -0.011308, 0.999936, -0.000000, -0.000000, 0.000000, 1.000000),
      ["Bone.001"] = CFrame.new(0.000000, 0.000000, 0.000000, 1.000000, -0.000000, 0.000000, 0.000000, 0.957712, 0.287728, -0.000000, -0.287728, 0.957712),
      ["Cock"] = CFrame.new(-0.049845, 0.005192, 0.000000, 0.240465, 0.970658, 0.000000, -0.970658, 0.240465, -0.000000, -0.000000, 0.000000, 1.000000),
      ["Head"] = CFrame.new(0.000000, 0.000000, 0.000000, 1.000000, -0.000000, 0.000000, 0.000000, 0.999528, 0.030727, -0.000000, -0.030727, 0.999528),
      ["LeftUpperArm"] = CFrame.new(-0.189908, -1.373645, -0.440032, 0.510645, -0.274753, 0.814710, 0.432810, -0.736612, -0.519692, 0.742912, 0.617993, -0.257231),
      ["LeftUpperLeg"] = CFrame.new(-0.183513, -0.195428, -0.274170, 0.901932, 0.176793, 0.394035, -0.389374, 0.727578, 0.564817, -0.186835, -0.662853, 0.725064),
      ["LowerTorso"] = CFrame.new(-0.001746, -1.199415, -1.009341, -0.999999, -0.001694, 0.000256, 0.000013, -0.156670, -0.987651, 0.001713, -0.987650, 0.156669),
      ["RightUpperArm"] = CFrame.new(0.189907, -1.373645, -0.440033, 0.510645, 0.274753, -0.814710, -0.432810, -0.736612, -0.519692, -0.742912, 0.617993, -0.257231),
      ["RightUpperLeg"] = CFrame.new(0.183520, -0.195438, -0.274165, 0.901932, -0.176793, -0.394035, 0.389374, 0.727578, 0.564817, 0.186835, -0.662853, 0.725064)
    }},
    { Time = 0.417, Data = {
      ["Balls"] = CFrame.new(0.074664, 0.020826, -0.000000, 0.999936, 0.011308, 0.000000, -0.011308, 0.999936, -0.000000, -0.000000, 0.000000, 1.000000),
      ["Bone.001"] = CFrame.new(0.000000, 0.000000, 0.000000, 1.000000, -0.000000, 0.000000, 0.000000, 0.961729, 0.274002, -0.000000, -0.274002, 0.961729),
      ["Cock"] = CFrame.new(-0.049869, 0.005238, 0.000000, 0.240465, 0.970658, 0.000000, -0.970658, 0.240465, -0.000000, -0.000000, 0.000000, 1.000000),
      ["Head"] = CFrame.new(0.000000, -0.000000, 0.000000, 1.000000, -0.000000, 0.000000, 0.000000, 0.999614, 0.027793, -0.000000, -0.027793, 0.999614),
      ["LeftUpperArm"] = CFrame.new(-0.189908, -1.373741, -0.439990, 0.510645, -0.274753, 0.814710, 0.432810, -0.736612, -0.519692, 0.742912, 0.617993, -0.257231),
      ["LeftUpperLeg"] = CFrame.new(-0.183510, -0.195531, -0.274137, 0.901932, 0.176775, 0.394044, -0.389383, 0.727520, 0.564886, -0.186817, -0.662922, 0.725006),
      ["LowerTorso"] = CFrame.new(-0.001746, -1.199365, -1.009379, -0.999999, -0.001694, 0.000256, 0.000013, -0.156670, -0.987651, 0.001713, -0.987650, 0.156669),
      ["RightUpperArm"] = CFrame.new(0.189908, -1.373741, -0.439990, 0.510645, 0.274753, -0.814710, -0.432810, -0.736612, -0.519692, -0.742912, 0.617993, -0.257231),
      ["RightUpperLeg"] = CFrame.new(0.183518, -0.195541, -0.274131, 0.901932, -0.176775, -0.394044, 0.389383, 0.727520, 0.564886, 0.186817, -0.662922, 0.725006)
    }},
    { Time = 0.433, Data = {
      ["Balls"] = CFrame.new(0.074635, 0.020700, -0.000000, 0.999939, 0.011049, 0.000000, -0.011049, 0.999939, -0.000000, -0.000000, 0.000000, 1.000000),
      ["Bone.001"] = CFrame.new(0.000000, 0.000000, 0.000000, 1.000000, -0.000000, 0.000000, 0.000000, 0.964954, 0.262420, -0.000000, -0.262420, 0.964954),
      ["Cock"] = CFrame.new(-0.049714, 0.004945, 0.000000, 0.240678, 0.970605, 0.000000, -0.970605, 0.240678, -0.000000, -0.000000, 0.000000, 1.000000),
      ["Head"] = CFrame.new(0.000000, -0.000000, 0.000000, 1.000000, -0.000000, 0.000000, 0.000000, 0.999685, 0.025118, -0.000000, -0.025118, 0.999685),
      ["LeftUpperArm"] = CFrame.new(-0.189903, -1.373160, -0.440297, 0.510653, -0.274732, 0.814712, 0.432661, -0.736744, -0.519628, 0.742992, 0.617844, -0.257355),
      ["LeftUpperLeg"] = CFrame.new(-0.183515, -0.194807, -0.274424, 0.901958, 0.176720, 0.394009, -0.389194, 0.727978, 0.564425, -0.187085, -0.662433, 0.725384),
      ["LowerTorso"] = CFrame.new(-0.001745, -1.200123, -1.009062, -0.999999, -0.001694, 0.000256, 0.000012, -0.156221, -0.987722, 0.001713, -0.987721, 0.156221),
      ["RightUpperArm"] = CFrame.new(0.189903, -1.373160, -0.440297, 0.510653, 0.274732, -0.814712, -0.432661, -0.736744, -0.519628, -0.742992, 0.617844, -0.257355),
      ["RightUpperLeg"] = CFrame.new(0.183523, -0.194818, -0.274419, 0.901958, -0.176720, -0.394009, 0.389194, 0.727978, 0.564425, 0.187085, -0.662433, 0.725384)
    }},
    { Time = 0.450, Data = {
      ["Balls"] = CFrame.new(0.074549, 0.020324, -0.000000, 0.999946, 0.010359, 0.000000, -0.010359, 0.999946, -0.000000, -0.000000, 0.000000, 1.000000),
