return {
  ["Astros side hump 2"] = {
    { Time = 0.000, Data = {
      ["Balls"] = CFrame.new(0.000000, 0.000000, 0.000000, 0.999450, 0.033165, -0.000017, -0.033078, 0.996872, 0.071784, 0.002398, -0.071744, 0.997420),
      ["Cock"] = CFrame.new(0.000000, 0.000000, 0.000000, 0.977998, -0.202817, 0.048842, 0.203061, 0.979166, -0.000020, -0.047820, 0.009938, 0.998807),
      ["Head"] = CFrame.new(0.000000, 0.000000, 0.000000, 0.837212, 0.531733, -0.127816, -0.546565, 0.821479, -0.162604, 0.018536, 0.205993, 0.978378),
      ["LeftUpperArm"] = CFrame.new(0.126588, -0.983047, -0.906629, -0.028581, -0.992852, -0.115881, 0.151630, 0.110281, -0.982266, 0.988024, -0.045645, 0.147395),
      ["LeftUpperLeg"] = CFrame.new(0.000092, 0.011650, -0.097043, 1.000000, -0.000000, 0.000000, 0.000000, 0.969311, 0.245836, -0.000000, -0.245836, 0.969311),
      ["LowerTorso"] = CFrame.new(1.076539, -1.025545, -0.988326, -0.000986, -0.119185, 0.992872, 0.999911, -0.013300, -0.000604, 0.013277, 0.992783, 0.119188),
      ["RightUpperArm"] = CFrame.new(-0.285101, -0.950450, -0.707489, 0.218670, 0.975758, -0.008952, -0.265889, 0.050755, -0.962667, -0.938875, 0.212887, 0.270542),
      ["RightUpperLeg"] = CFrame.new(0.008225, 0.087352, -0.022946, 0.983549, 0.180640, 0.000025, -0.174713, 0.951242, 0.254195, 0.045894, -0.250017, 0.967153)
    }},
    { Time = 0.017, Data = {
      ["Cock"] = CFrame.new(0.000000, 0.000000, 0.000000, 0.977998, -0.202817, 0.048842, 0.203061, 0.979166, -0.000020, -0.047820, 0.009938, 0.998807),
      ["Head"] = CFrame.new(0.000000, 0.000000, 0.000000, 0.837243, 0.531291, -0.129441, -0.546517, 0.821005, -0.165137, 0.018536, 0.209001, 0.977740),
      ["LeftUpperArm"] = CFrame.new(0.126588, -0.982974, -0.906644, -0.028492, -0.992854, -0.115880, 0.151547, 0.110297, -0.982277, 0.988039, -0.045548, 0.147322),
      ["LeftUpperLeg"] = CFrame.new(0.000092, 0.011650, -0.097043, 1.000000, -0.000000, 0.000000, 0.000000, 0.969333, 0.245752, -0.000000, -0.245752, 0.969333),
      ["LowerTorso"] = CFrame.new(1.076644, -1.025555, -0.988278, -0.000895, -0.119267, 0.992862, 0.999911, -0.013290, -0.000695, 0.013278, 0.992773, 0.119268),
      ["RightUpperArm"] = CFrame.new(-0.285100, -0.950382, -0.707530, 0.218670, 0.975758, -0.008952, -0.265889, 0.050755, -0.962667, -0.938875, 0.212887, 0.270542),
      ["RightUpperLeg"] = CFrame.new(0.008225, 0.087354, -0.022939, 0.983549, 0.180640, 0.000009, -0.174717, 0.951286, 0.254027, 0.045878, -0.249850, 0.967197)
    }},
    { Time = 0.033, Data = {
      ["Cock"] = CFrame.new(0.000000, 0.000000, 0.000000, 0.978051, -0.202563, 0.048842, 0.202806, 0.979219, -0.000027, -0.047822, 0.009932, 0.998807),
      ["Head"] = CFrame.new(-0.000000, 0.000000, 0.000000, 0.837224, 0.530920, -0.131072, -0.546546, 0.820473, -0.167663, 0.018525, 0.212009, 0.977092),
      ["LeftUpperArm"] = CFrame.new(0.126592, -0.982770, -0.906785, -0.028578, -0.992851, -0.115890, 0.151471, 0.110297, -0.982289, 0.988049, -0.045626, 0.147236),
      ["LeftUpperLeg"] = CFrame.new(0.000092, 0.011650, -0.097043, 1.000000, -0.000000, 0.000000, 0.000000, 0.969461, 0.245246, -0.000000, -0.245246, 0.969461),
      ["LowerTorso"] = CFrame.new(1.076956, -1.025568, -0.988135, -0.000968, -0.119510, 0.992833, 0.999912, -0.013280, -0.000624, 0.013259, 0.992744, 0.119512),
      ["RightUpperArm"] = CFrame.new(-0.285098, -0.950176, -0.707645, 0.218692, 0.975753, -0.008919, -0.265738, 0.050759, -0.962708, -0.938913, 0.212906, 0.270396),
      ["RightUpperLeg"] = CFrame.new(0.008226, 0.087353, -0.022962, 0.983547, 0.180651, -0.000115, -0.174716, 0.951396, 0.253616, 0.045926, -0.249423, 0.967305)
    }},
    { Time = 0.050, Data = {
      ["Cock"] = CFrame.new(0.000000, -0.000000, 0.000000, 0.978121, -0.202223, 0.048842, 0.202466, 0.979289, -0.000035, -0.047823, 0.009923, 0.998807),
      ["Head"] = CFrame.new(0.000000, 0.000000, 0.000000, 0.837205, 0.530551, -0.132679, -0.546575, 0.819951, -0.170107, 0.018540, 0.214934, 0.976453),
      ["LeftUpperArm"] = CFrame.new(0.126595, -0.982420, -0.906956, -0.028486, -0.992853, -0.115897, 0.151228, 0.110329, -0.982323, 0.988088, -0.045509, 0.147004),
      ["LeftUpperLeg"] = CFrame.new(0.000092, 0.011650, -0.097043, 1.000000, -0.000000, 0.000000, 0.000000, 0.969631, 0.244571, -0.000000, -0.244571, 0.969631),
      ["LowerTorso"] = CFrame.new(1.077557, -1.025600, -0.987887, -0.000940, -0.119996, 0.992774, 0.999912, -0.013249, -0.000654, 0.013231, 0.992686, 0.119998),
      ["RightUpperArm"] = CFrame.new(-0.285096, -0.949856, -0.707836, 0.218714, 0.975748, -0.008953, -0.265522, 0.050682, -0.962772, -0.938969, 0.212949, 0.270167),
      ["RightUpperLeg"] = CFrame.new(0.008227, 0.087357, -0.022970, 0.983545, 0.180662, -0.000272, -0.174723, 0.951593, 0.252868, 0.045942, -0.248660, 0.967501)
    }},
    { Time = 0.067, Data = {
      ["Cock"] = CFrame.new(0.000000, 0.000000, -0.000000, 0.978209, -0.201800, 0.048833, 0.202039, 0.979377, 0.000040, -0.047834, 0.009827, 0.998807),
      ["Head"] = CFrame.new(0.000000, 0.000000, 0.000000, 0.837233, 0.530104, -0.134277, -0.546530, 0.819469, -0.172556, 0.018564, 0.217856, 0.975804),
      ["LeftUpperArm"] = CFrame.new(0.126600, -0.981961, -0.907248, -0.028568, -0.992857, -0.115837, 0.150914, 0.110272, -0.982377, 0.988134, -0.045547, 0.146686),
      ["LeftUpperLeg"] = CFrame.new(0.000092, 0.011650, -0.097043, 1.000000, -0.000000, 0.000000, 0.000000, 0.969886, 0.243559, -0.000000, -0.243559, 0.969886),
      ["LowerTorso"] = CFrame.new(1.078284, -1.025555, -0.987553, -0.000912, -0.120563, 0.992705, 0.999911, -0.013298, -0.000696, 0.013284, 0.992617, 0.120564),
      ["RightUpperArm"] = CFrame.new(-0.285088, -0.949401, -0.708124, 0.218670, 0.975758, -0.008954, -0.265239, 0.050605, -0.962854, -0.939059, 0.212923, 0.269874),
      ["RightUpperLeg"] = CFrame.new(0.008228, 0.087363, -0.022967, 0.983543, 0.180672, -0.000452, -0.174736, 0.951856, 0.251870, 0.045936, -0.247646, 0.967761)
    }},
    { Time = 0.083, Data = {
      ["Cock"] = CFrame.new(-0.000000, -0.000000, 0.000000, 0.978331, -0.201205, 0.048833, 0.201444, 0.979500, 0.000025, -0.047837, 0.009812, 0.998807),
      ["Head"] = CFrame.new(-0.000000, 0.000000, 0.000000, 0.837220, 0.529737, -0.135801, -0.546554, 0.818930, -0.175021, 0.018496, 0.220754, 0.975154),
      ["LeftUpperArm"] = CFrame.new(0.126607, -0.981343, -0.907597, -0.028562, -0.992855, -0.115854, 0.150595, 0.110305, -0.982423, 0.988183, -0.045507, 0.146368),
      ["LeftUpperLeg"] = CFrame.new(0.000092, 0.011650, -0.097043, 1.000000, -0.000000, 0.000000, 0.000000, 0.970224, 0.242209, -0.000000, -0.242209, 0.970224),
      ["LowerTorso"] = CFrame.new(1.079298, -1.025520, -0.987114, -0.000957, -0.121371, 0.992607, 0.999911, -0.013336, -0.000667, 0.013318, 0.992518, 0.121373),
      ["RightUpperArm"] = CFrame.new(-0.285083, -0.948812, -0.708468, 0.218714, 0.975748, -0.008956, -0.264871, 0.050532, -0.962959, -0.939153, 0.212984, 0.269500),
      ["RightUpperLeg"] = CFrame.new(0.008229, 0.087373, -0.022953, 0.983541, 0.180683, -0.000655, -0.174755, 0.952182, 0.250619, 0.045906, -0.246380, 0.968086)
    }},
    { Time = 0.100, Data = {
      ["Cock"] = CFrame.new(0.000000, 0.000000, -0.000000, 0.978471, -0.200526, 0.048833, 0.200765, 0.979639, 0.000008, -0.047841, 0.009796, 0.998807),
      ["Head"] = CFrame.new(0.000000, 0.000000, 0.000000, 0.837247, 0.529289, -0.137373, -0.546511, 0.818450, -0.177386, 0.018545, 0.223592, 0.974506),
      ["LeftUpperArm"] = CFrame.new(0.126616, -0.980590, -0.908020, -0.028553, -0.992853, -0.115879, 0.150115, 0.110353, -0.982491, 0.988256, -0.045448, 0.145891),
      ["LeftUpperLeg"] = CFrame.new(0.000092, 0.011650, -0.097043, 1.000000, -0.000000, 0.000000, 0.000000, 0.970623, 0.240605, -0.000000, -0.240605, 0.970623),
      ["LowerTorso"] = CFrame.new(1.080520, -1.025590, -0.986583, -0.000900, -0.122343, 0.992487, 0.999912, -0.013273, -0.000729, 0.013262, 0.992399, 0.122344),
      ["RightUpperArm"] = CFrame.new(-0.285077, -0.948090, -0.708890, 0.218757, 0.975738, -0.008958, -0.264504, 0.050459, -0.963064, -0.939246, 0.213046, 0.269125),
      ["RightUpperLeg"] = CFrame.new(0.008231, 0.087381, -0.022965, 0.983537, 0.180704, -0.000976, -0.174771, 0.952593, 0.249040, 0.045932, -0.244770, 0.968493)
    }},
    { Time = 0.117, Data = {
      ["Cock"] = CFrame.new(-0.000000, -0.000000, 0.000000, 0.978644, -0.199676, 0.048833, 0.199915, 0.979813, -0.000013, -0.047845, 0.009775, 0.998807),
      ["Head"] = CFrame.new(-0.000000, 0.000000, 0.000000, 0.837232, 0.528928, -0.138847, -0.546534, 0.817932, -0.179687, 0.018526, 0.226324, 0.973876),
      ["LeftUpperArm"] = CFrame.new(0.126628, -0.979707, -0.908520, -0.028544, -0.992850, -0.115904, 0.149635, 0.110401, -0.982558, 0.988329, -0.045390, 0.145414),
      ["LeftUpperLeg"] = CFrame.new(0.000092, 0.011650, -0.097043, 1.000000, -0.000000, 0.000000, 0.000000, 0.971081, 0.238748, -0.000000, -0.238748, 0.971081),
      ["LowerTorso"] = CFrame.new(1.081945, -1.025579, -0.985957, -0.000925, -0.123475, 0.992347, 0.999911, -0.013290, -0.000722, 0.013277, 0.992259, 0.123476),
      ["RightUpperArm"] = CFrame.new(-0.285066, -0.947260, -0.709401, 0.218735, 0.975743, -0.008993, -0.264003, 0.050304, -0.963209, -0.939392, 0.213062, 0.268603),
      ["RightUpperLeg"] = CFrame.new(0.008226, 0.087350, -0.022961, 0.983549, 0.180639, -0.001331, -0.174709, 0.953082, 0.247209, 0.045924, -0.242909, 0.968961)
    }},
    { Time = 0.133, Data = {
      ["Cock"] = CFrame.new(-0.000000, -0.000000, 0.000000, 0.978835, -0.198741, 0.048833, 0.198980, 0.980004, -0.000036, -0.047849, 0.009752, 0.998807),
      ["Head"] = CFrame.new(0.000000, 0.000000, 0.000000, 0.837216, 0.528564, -0.140320, -0.546559, 0.817407, -0.181987, 0.018507, 0.229056, 0.973237),
      ["LeftUpperArm"] = CFrame.new(0.126640, -0.978692, -0.909089, -0.028532, -0.992847, -0.115937, 0.148995, 0.110465, -0.982648, 0.988426, -0.045311, 0.144778),
      ["LeftUpperLeg"] = CFrame.new(0.000092, 0.011650, -0.097043, 1.000000, -0.000000, 0.000000, 0.000000, 0.971598, 0.236637, -0.000000, -0.236637, 0.971598),
      ["LowerTorso"] = CFrame.new(1.083574, -1.025581, -0.985239, -0.000939, -0.124767, 0.992186, 0.999912, -0.013295, -0.000726, 0.013281, 0.992097, 0.124768),
      ["RightUpperArm"] = CFrame.new(-0.285054, -0.946281, -0.709988, 0.218735, 0.975743, -0.008928, -0.263417, 0.050236, -0.963373, -0.939556, 0.213075, 0.268016),
      ["RightUpperLeg"] = CFrame.new(0.008228, 0.087364, -0.022951, 0.983544, 0.180659, -0.001699, -0.174738, 0.953614, 0.245125, 0.045904, -0.240794, 0.969490)
    }},
    { Time = 0.150, Data = {
      ["Cock"] = CFrame.new(0.000000, 0.000000, 0.000000, 0.979058, -0.197638, 0.048825, 0.197873, 0.980228, 0.000022, -0.047864, 0.009639, 0.998807),
      ["Head"] = CFrame.new(-0.000000, 0.000000, -0.000000, 0.837248, 0.528122, -0.141784, -0.546510, 0.816923, -0.184292, 0.018498, 0.231785, 0.972591),
      ["LeftUpperArm"] = CFrame.new(0.126653, -0.977576, -0.909755, -0.028610, -0.992850, -0.115894, 0.148361, 0.110439, -0.982747, 0.988519, -0.045310, 0.144141),
      ["LeftUpperLeg"] = CFrame.new(0.000092, 0.011650, -0.097043, 1.000000, -0.000000, 0.000000, 0.000000, 0.972192, 0.234186, -0.000000, -0.234186, 0.972192),
      ["LowerTorso"] = CFrame.new(1.085405, -1.025595, -0.984430, -0.000942, -0.126220, 0.992002, 0.999911, -0.013288, -0.000741, 0.013275, 0.991913, 0.126221),
      ["RightUpperArm"] = CFrame.new(-0.285040, -0.945198, -0.710644, 0.218734, 0.975744, -0.008931, -0.262766, 0.050085, -0.963559, -0.939739, 0.213110, 0.267347),
      ["RightUpperLeg"] = CFrame.new(0.008231, 0.087377, -0.022969, 0.983538, 0.180688, -0.002183, -0.174764, 0.954227, 0.242711, 0.045938, -0.238334, 0.970096)
    }},
    { Time = 0.167, Data = {
      ["Cock"] = CFrame.new(0.000000, 0.000000, -0.000000, 0.979298, -0.196448, 0.048825, 0.196683, 0.980467, -0.000008, -0.047869, 0.009610, 0.998807),
      ["Head"] = CFrame.new(0.000000, 0.000000, 0.000000, 0.837231, 0.527764, -0.143208, -0.546535, 0.816422, -0.186427, 0.018529, 0.234351, 0.971976),
      ["LeftUpperArm"] = CFrame.new(0.126668, -0.976311, -0.910465, -0.028596, -0.992845, -0.115935, 0.147561, 0.110519, -0.982859, 0.988639, -0.045213, 0.143345),
      ["LeftUpperLeg"] = CFrame.new(0.000092, 0.011650, -0.097043, 1.000000, -0.000000, 0.000000, 0.000000, 0.972819, 0.231566, -0.000000, -0.231566, 0.972819),
      ["LowerTorso"] = CFrame.new(1.087439, -1.025623, -0.983530, -0.000935, -0.127833, 0.991795, 0.999912, -0.013269, -0.000767, 0.013259, 0.991707, 0.127834),
      ["RightUpperArm"] = CFrame.new(-0.285027, -0.944015, -0.711365, 0.218734, 0.975743, -0.009002, -0.262048, 0.049852, -0.963766, -0.939939, 0.213167, 0.266596),
      ["RightUpperLeg"] = CFrame.new(0.008226, 0.087350, -0.022973, 0.983547, 0.180631, -0.002694, -0.174710, 0.954890, 0.240129, 0.045947, -0.235707, 0.970737)
    }},
    { Time = 0.183, Data = {
      ["Cock"] = CFrame.new(0.000000, 0.000000, -0.000000, 0.979553, -0.195172, 0.048825, 0.195407, 0.980722, -0.000039, -0.047876, 0.009579, 0.998807),
      ["Head"] = CFrame.new(0.000000, 0.000000, 0.000000, 0.837221, 0.527421, -0.144525, -0.546552, 0.815933, -0.188505, 0.018502, 0.236811, 0.971380),
      ["LeftUpperArm"] = CFrame.new(0.126683, -0.974947, -0.911241, -0.028582, -0.992850, -0.115898, 0.146683, 0.110524, -0.982990, 0.988771, -0.045096, 0.142475),
      ["LeftUpperLeg"] = CFrame.new(0.000092, 0.011650, -0.097043, 1.000000, -0.000000, 0.000000, 0.000000, 0.973519, 0.228606, -0.000000, -0.228606, 0.973519),
      ["LowerTorso"] = CFrame.new(1.089671, -1.025573, -0.982539, -0.001008, -0.129605, 0.991565, 0.999911, -0.013329, -0.000726, 0.013311, 0.991476, 0.129607),
      ["RightUpperArm"] = CFrame.new(-0.285011, -0.942691, -0.712158, 0.218754, 0.975739, -0.008973, -0.261245, 0.049705, -0.963992, -0.940158, 0.213222, 0.265779),
      ["RightUpperLeg"] = CFrame.new(0.008230, 0.087370, -0.022968, 0.983541, 0.180657, -0.003226, -0.174749, 0.955612, 0.237208, 0.045936, -0.232740, 0.971454)
    }},
    { Time = 0.200, Data = {
      ["Cock"] = CFrame.new(0.000000, 0.000000, 0.000000, 0.979840, -0.193728, 0.048816, 0.193959, 0.981010, 0.000011, -0.047891, 0.009458, 0.998808),
      ["Head"] = CFrame.new(-0.000000, 0.000000, 0.000000, 0.837210, 0.527082, -0.145818, -0.546568, 0.815459, -0.190501, 0.018499, 0.239189, 0.970797),
      ["LeftUpperArm"] = CFrame.new(0.126702, -0.973450, -0.912090, -0.028568, -0.992845, -0.115938, 0.145882, 0.110603, -0.983100, 0.988889, -0.044999, 0.141678),
      ["LeftUpperLeg"] = CFrame.new(0.000092, 0.011650, -0.097043, 1.000000, -0.000000, 0.000000, 0.000000, 0.974269, 0.225390, -0.000000, -0.225390, 0.974269),
      ["LowerTorso"] = CFrame.new(1.092021, -1.025628, -0.981472, -0.000896, -0.131457, 0.991321, 0.999911, -0.013285, -0.000858, 0.013282, 0.991233, 0.131458),
      ["RightUpperArm"] = CFrame.new(-0.284995, -0.941253, -0.713018, 0.218775, 0.975734, -0.008943, -0.260440, 0.049557, -0.964217, -0.940377, 0.213275, 0.264962),
      ["RightUpperLeg"] = CFrame.new(0.008233, 0.087392, -0.022955, 0.983534, 0.180681, -0.003774, -0.174792, 0.956366, 0.234118, 0.045910, -0.229603, 0.972201)
    }},
    { Time = 0.217, Data = {
      ["Cock"] = CFrame.new(-0.000000, -0.000000, 0.000000, 0.980137, -0.192197, 0.048902, 0.192428, 0.981311, -0.000019, -0.047984, 0.009429, 0.998804),
      ["Head"] = CFrame.new(-0.000000, 0.000000, 0.000000, 0.837248, 0.526666, -0.147102, -0.546510, 0.815027, -0.192503, 0.018508, 0.241565, 0.970208),
      ["LeftUpperArm"] = CFrame.new(0.126720, -0.971860, -0.913018, -0.028642, -0.992847, -0.115910, 0.144926, 0.110608, -0.983241, 0.989028, -0.044960, 0.140721),
      ["LeftUpperLeg"] = CFrame.new(0.000092, 0.011650, -0.097043, 1.000000, -0.000000, 0.000000, 0.000000, 0.975046, 0.222003, -0.000000, -0.222003, 0.975046),
      ["LowerTorso"] = CFrame.new(1.094567, -1.025685, -0.980320, -0.000945, -0.133467, 0.991053, 0.999912, -0.013239, -0.000830, 0.013231, 0.990965, 0.133468),
      ["RightUpperArm"] = CFrame.new(-0.284979, -0.939748, -0.713932, 0.218794, 0.975729, -0.009050, -0.259505, 0.049245, -0.964485, -0.940631, 0.213373, 0.263981),
      ["RightUpperLeg"] = CFrame.new(0.008229, 0.087370, -0.022964, 0.983541, 0.180629, -0.004449, -0.174749, 0.957205, 0.230696, 0.045929, -0.226121, 0.973016)
    }},
    { Time = 0.233, Data = {
      ["Cock"] = CFrame.new(0.000000, 0.000000, -0.000000, 0.980453, -0.190582, 0.048894, 0.190809, 0.981627, 0.000026, -0.048000, 0.009303, 0.998804),
      ["Head"] = CFrame.new(-0.000000, 0.000000, 0.000000, 0.837236, 0.526335, -0.148346, -0.546526, 0.814581, -0.194335, 0.018555, 0.243779, 0.969653),
      ["LeftUpperArm"] = CFrame.new(0.126740, -0.970162, -0.914006, -0.028713, -0.992847, -0.115889, 0.143810, 0.110628, -0.983402, 0.989189, -0.044902, 0.139605),
      ["LeftUpperLeg"] = CFrame.new(0.000092, 0.011650, -0.097043, 1.000000, -0.000000, 0.000000, 0.000000, 0.975868, 0.218360, -0.000000, -0.218360, 0.975868),
      ["LowerTorso"] = CFrame.new(1.097306, -1.025677, -0.979081, -0.000900, -0.135636, 0.990758, 0.999912, -0.013259, -0.000907, 0.013259, 0.990670, 0.135636),
      ["RightUpperArm"] = CFrame.new(-0.284960, -0.938092, -0.714915, 0.218835, 0.975720, -0.008988, -0.258548, 0.049100, -0.964750, -0.940885, 0.213445, 0.263016),
      ["RightUpperLeg"] = CFrame.new(0.008226, 0.087351, -0.022966, 0.983548, 0.180575, -0.005139, -0.174711, 0.958071, 0.227103, 0.045933, -0.222469, 0.973857)
    }},
    { Time = 0.250, Data = {
      ["Cock"] = CFrame.new(0.000000, 0.000000, 0.000000, 0.980782, -0.188880, 0.048894, 0.189107, 0.981957, -0.000016, -0.048008, 0.009262, 0.998804),
      ["Head"] = CFrame.new(0.000000, 0.000000, 0.000000, 0.837232, 0.526027, -0.149460, -0.546533, 0.814171, -0.196029, 0.018569, 0.245807, 0.969141),
      ["LeftUpperArm"] = CFrame.new(0.126762, -0.968338, -0.915012, -0.028610, -0.992845, -0.115936, 0.142763, 0.110736, -0.983543, 0.989343, -0.044690, 0.138573),
      ["LeftUpperLeg"] = CFrame.new(0.000092, 0.011650, -0.097043, 1.000000, -0.000000, 0.000000, 0.000000, 0.976733, 0.214460, -0.000000, -0.214460, 0.976733),
      ["LowerTorso"] = CFrame.new(1.100317, -1.025594, -0.977746, -0.001014, -0.138041, 0.990426, 0.999910, -0.013355, -0.000838, 0.013343, 0.990337, 0.138042),
      ["RightUpperArm"] = CFrame.new(-0.284938, -0.936357, -0.715971, 0.218810, 0.975726, -0.008961, -0.257458, 0.048873, -0.965053, -0.941189, 0.213471, 0.261903),
      ["RightUpperLeg"] = CFrame.new(0.008231, 0.087377, -0.022965, 0.983539, 0.180602, -0.005835, -0.174761, 0.958946, 0.223340, 0.045932, -0.218644, 0.974723)
    }},
    { Time = 0.267, Data = {
      ["Cock"] = CFrame.new(0.000000, 0.000000, -0.000000, 0.981125, -0.187094, 0.048885, 0.187317, 0.982300, 0.000025, -0.048025, 0.009132, 0.998804),
      ["Head"] = CFrame.new(-0.000000, 0.000000, 0.000000, 0.837235, 0.525729, -0.150491, -0.546531, 0.813757, -0.197748, 0.018502, 0.247809, 0.968632),
      ["LeftUpperArm"] = CFrame.new(0.126784, -0.966442, -0.916118, -0.028682, -0.992845, -0.115913, 0.141645, 0.110754, -0.983702, 0.989502, -0.044633, 0.137455),
      ["LeftUpperLeg"] = CFrame.new(0.000092, 0.011650, -0.097043, 1.000000, -0.000000, 0.000000, 0.000000, 0.977636, 0.210303, -0.000000, -0.210303, 0.977636),
      ["LowerTorso"] = CFrame.new(1.103359, -1.025695, -0.976355, -0.000942, -0.140444, 0.990088, 0.999912, -0.013266, -0.000931, 0.013266, 0.990000, 0.140444),
      ["RightUpperArm"] = CFrame.new(-0.284918, -0.934526, -0.717066, 0.218850, 0.975717, -0.008968, -0.256435, 0.048645, -0.965337, -0.941459, 0.213564, 0.260854),
      ["RightUpperLeg"] = CFrame.new(0.008227, 0.087363, -0.022949, 0.983545, 0.180542, -0.006565, -0.174734, 0.959878, 0.219321, 0.045898, -0.214565, 0.975631)
    }},
    { Time = 0.283, Data = {
      ["Cock"] = CFrame.new(-0.000000, -0.000000, 0.000000, 0.981496, -0.185135, 0.048885, 0.185358, 0.982671, -0.000023, -0.048034, 0.009084, 0.998804),
      ["Head"] = CFrame.new(0.000000, 0.000000, 0.000000, 0.837237, 0.525442, -0.151475, -0.546528, 0.813379, -0.199304, 0.018484, 0.249649, 0.968160),
      ["LeftUpperArm"] = CFrame.new(0.126808, -0.964450, -0.917271, -0.028753, -0.992845, -0.115898, 0.140366, 0.110787, -0.983882, 0.989682, -0.044558, 0.136176),
      ["LeftUpperLeg"] = CFrame.new(0.000092, 0.011650, -0.097043, 1.000000, -0.000000, 0.000000, 0.000000, 0.978540, 0.206058, -0.000000, -0.206058, 0.978540),
      ["LowerTorso"] = CFrame.new(1.106587, -1.025723, -0.974883, -0.000947, -0.143004, 0.989722, 0.999912, -0.013253, -0.000958, 0.013254, 0.989634, 0.143003),
      ["RightUpperArm"] = CFrame.new(-0.284894, -0.932625, -0.718228, 0.218824, 0.975723, -0.009010, -0.255278, 0.048334, -0.965659, -0.941780, 0.213610, 0.259657),
      ["RightUpperLeg"] = CFrame.new(0.008233, 0.087391, -0.022968, 0.983534, 0.180573, -0.007393, -0.174789, 0.960834, 0.215053, 0.045937, -0.210219, 0.976574)
    }},
    { Time = 0.300, Data = {
      ["Cock"] = CFrame.new(0.000000, 0.000000, -0.000000, 0.981864, -0.183178, 0.048877, 0.183397, 0.983039, 0.000014, -0.048051, 0.008950, 0.998805),
      ["Head"] = CFrame.new(0.000000, 0.000000, 0.000000, 0.837239, 0.525161, -0.152434, -0.546524, 0.813019, -0.200778, 0.018491, 0.251408, 0.967705),
      ["LeftUpperArm"] = CFrame.new(0.126833, -0.962349, -0.918435, -0.028650, -0.992842, -0.115951, 0.139156, 0.110908, -0.984040, 0.989856, -0.044328, 0.134983),
      ["LeftUpperLeg"] = CFrame.new(0.000092, 0.011649, -0.097043, 1.000000, -0.000000, 0.000000, 0.000000, 0.979477, 0.201556, -0.000000, -0.201556, 0.979477),
      ["LowerTorso"] = CFrame.new(1.109920, -1.025674, -0.973345, -0.000949, -0.145638, 0.989338, 0.999911, -0.013316, -0.001001, 0.013320, 0.989248, 0.145638),
      ["RightUpperArm"] = CFrame.new(-0.284873, -0.930615, -0.719423, 0.218884, 0.975710, -0.008985, -0.254101, 0.048108, -0.965981, -0.942084, 0.213720, 0.258458),
      ["RightUpperLeg"] = CFrame.new(0.008231, 0.087377, -0.022979, 0.983537, 0.180516, -0.008239, -0.174762, 0.961803, 0.210697, 0.045959, -0.205789, 0.977517)
    }},
    { Time = 0.317, Data = {
      ["Cock"] = CFrame.new(0.000000, 0.000000, -0.000000, 0.982243, -0.181133, 0.048877, 0.181352, 0.983418, -0.000037, -0.048060, 0.008900, 0.998805),
      ["Head"] = CFrame.new(-0.000000, -0.000000, 0.000000, 0.837241, 0.524893, -0.153345, -0.546519, 0.812697, -0.202091, 0.018547, 0.253005, 0.967287),
      ["LeftUpperArm"] = CFrame.new(0.126858, -0.960192, -0.919687, -0.028722, -0.992841, -0.115935, 0.137875, 0.110940, -0.984217, 0.990033, -0.044253, 0.133702),
      ["LeftUpperLeg"] = CFrame.new(0.000092, 0.011650, -0.097043, 1.000000, -0.000000, 0.000000, 0.000000, 0.980428, 0.196880, -0.000000, -0.196880, 0.980428),
      ["LowerTorso"] = CFrame.new(1.113356, -1.025723, -0.971744, -0.000937, -0.148349, 0.988935, 0.999911, -0.013284, -0.001046, 0.013292, 0.988846, 0.148348),
      ["RightUpperArm"] = CFrame.new(-0.284847, -0.928548, -0.720678, 0.218877, 0.975711, -0.008995, -0.252790, 0.047798, -0.966340, -0.942438, 0.213784, 0.257112),
      ["RightUpperLeg"] = CFrame.new(0.008230, 0.087367, -0.022979, 0.983541, 0.180455, -0.009108, -0.174742, 0.962806, 0.206084, 0.045958, -0.201101, 0.978492)
    }},
    { Time = 0.333, Data = {
      ["Cock"] = CFrame.new(0.000000, -0.000000, 0.000000, 0.982634, -0.179005, 0.048870, 0.179219, 0.983809, -0.000004, -0.048078, 0.008762, 0.998805),
      ["Head"] = CFrame.new(-0.000000, -0.000000, -0.000000, 0.837202, 0.524724, -0.154136, -0.546579, 0.812365, -0.203259, 0.018560, 0.254416, 0.966917),
      ["LeftUpperArm"] = CFrame.new(0.126884, -0.957956, -0.920979, -0.028794, -0.992840, -0.115925, 0.136432, 0.110985, -0.984413, 0.990231, -0.044161, 0.132260),
      ["LeftUpperLeg"] = CFrame.new(0.000092, 0.011650, -0.097043, 1.000000, -0.000000, 0.000000, 0.000000, 0.981389, 0.192030, -0.000000, -0.192030, 0.981389),
      ["LowerTorso"] = CFrame.new(1.116971, -1.025787, -0.970071, -0.000908, -0.151215, 0.988500, 0.999912, -0.013234, -0.001106, 0.013249, 0.988412, 0.151214),
      ["RightUpperArm"] = CFrame.new(-0.284825, -0.926406, -0.721960, 0.218936, 0.975698, -0.009039, -0.251545, 0.047488, -0.966680, -0.942758, 0.213914, 0.255829),
      ["RightUpperLeg"] = CFrame.new(0.008228, 0.087359, -0.022975, 0.983544, 0.180390, -0.009985, -0.174725, 0.963803, 0.201383, 0.045951, -0.196325, 0.979462)
    }},
    { Time = 0.350, Data = {
      ["Cock"] = CFrame.new(0.000000, 0.000000, 0.000000, 0.983035, -0.176790, 0.048862, 0.177000, 0.984211, 0.000027, -0.048095, 0.008622, 0.998806),
      ["Head"] = CFrame.new(0.000000, 0.000000, -0.000000, 0.837219, 0.524497, -0.154811, -0.546553, 0.812102, -0.204378, 0.018527, 0.255722, 0.966573),
      ["LeftUpperArm"] = CFrame.new(0.126911, -0.955653, -0.922290, -0.028780, -0.992843, -0.115907, 0.135065, 0.111029, -0.984596, 0.990419, -0.043991, 0.130903),
      ["LeftUpperLeg"] = CFrame.new(0.000092, 0.011650, -0.097043, 1.000000, -0.000000, 0.000000, 0.000000, 0.982342, 0.187092, -0.000000, -0.187092, 0.982342),
      ["LowerTorso"] = CFrame.new(1.120764, -1.025779, -0.968327, -0.000955, -0.154234, 0.988034, 0.999911, -0.013259, -0.001104, 0.013271, 0.987945, 0.154233),
      ["RightUpperArm"] = CFrame.new(-0.284797, -0.924196, -0.723300, 0.218928, 0.975699, -0.009051, -0.250232, 0.047177, -0.967036, -0.943109, 0.213976, 0.254480),
      ["RightUpperLeg"] = CFrame.new(0.008226, 0.087354, -0.022960, 0.983548, 0.180321, -0.010885, -0.174715, 0.964828, 0.196424, 0.045921, -0.191291, 0.980459)
    }},
    { Time = 0.367, Data = {
      ["Cock"] = CFrame.new(0.000000, -0.000000, 0.000000, 0.983446, -0.174487, 0.048862, 0.174698, 0.984622, -0.000030, -0.048105, 0.008566, 0.998806),
      ["Head"] = CFrame.new(-0.000000, 0.000000, 0.000000, 0.837236, 0.524284, -0.155439, -0.546527, 0.811878, -0.205336, 0.018543, 0.256866, 0.966269),
      ["LeftUpperArm"] = CFrame.new(0.126940, -0.953265, -0.923639, -0.028765, -0.992836, -0.115973, 0.133613, 0.111160, -0.984780, 0.990616, -0.043823, 0.129459),
      ["LeftUpperLeg"] = CFrame.new(0.000092, 0.011650, -0.097043, 1.000000, -0.000000, 0.000000, 0.000000, 0.983302, 0.181979, -0.000000, -0.181979, 0.983302),
      ["LowerTorso"] = CFrame.new(1.124572, -1.025775, -0.966539, -0.000997, -0.157248, 0.987559, 0.999911, -0.013279, -0.001105, 0.013288, 0.987470, 0.157247),
      ["RightUpperArm"] = CFrame.new(-0.284765, -0.921925, -0.724695, 0.218854, 0.975716, -0.009030, -0.248850, 0.046865, -0.967407, -0.943492, 0.213968, 0.253064),
      ["RightUpperLeg"] = CFrame.new(0.008233, 0.087392, -0.022950, 0.983535, 0.180333, -0.011776, -0.174790, 0.965811, 0.191462, 0.045900, -0.186252, 0.981429)
    }},
    { Time = 0.383, Data = {
      ["Cock"] = CFrame.new(0.000000, 0.000000, 0.000000, 0.983852, -0.172186, 0.048854, 0.172392, 0.985028, -0.000002, -0.048123, 0.008424, 0.998806),
      ["Head"] = CFrame.new(-0.000000, 0.000000, 0.000000, 0.837213, 0.524164, -0.155970, -0.546565, 0.811626, -0.206230, 0.018491, 0.257906, 0.965993),
      ["LeftUpperArm"] = CFrame.new(0.126969, -0.950845, -0.925042, -0.028840, -0.992835, -0.115960, 0.132167, 0.111203, -0.984970, 0.990808, -0.043733, 0.128013),
      ["LeftUpperLeg"] = CFrame.new(0.000092, 0.011650, -0.097043, 1.000000, -0.000000, 0.000000, 0.000000, 0.984266, 0.176693, -0.000000, -0.176693, 0.984266),
      ["LowerTorso"] = CFrame.new(1.128472, -1.025789, -0.964699, -0.000942, -0.160336, 0.987062, 0.999911, -0.013281, -0.001203, 0.013302, 0.986973, 0.160334),
      ["RightUpperArm"] = CFrame.new(-0.284741, -0.919598, -0.726083, 0.218930, 0.975699, -0.009043, -0.247451, 0.046554, -0.967781, -0.943842, 0.214114, 0.251629),
      ["RightUpperLeg"] = CFrame.new(0.008233, 0.087387, -0.022966, 0.983535, 0.180262, -0.012784, -0.174780, 0.966832, 0.186249, 0.045933, -0.180948, 0.982419)
    }},
    { Time = 0.400, Data = {
      ["Cock"] = CFrame.new(0.000000, 0.000000, 0.000000, 0.984267, -0.169799, 0.048847, 0.170001, 0.985444, 0.000025, -0.048140, 0.008279, 0.998806),
      ["Head"] = CFrame.new(0.000000, 0.000000, 0.000000, 0.837238, 0.523983, -0.156444, -0.546526, 0.811463, -0.206969, 0.018500, 0.258784, 0.965758),
      ["LeftUpperArm"] = CFrame.new(0.126997, -0.948372, -0.926447, -0.028828, -0.992837, -0.115946, 0.130635, 0.111258, -0.985168, 0.991011, -0.043547, 0.126492),
      ["LeftUpperLeg"] = CFrame.new(0.000092, 0.011650, -0.097043, 1.000000, -0.000000, 0.000000, 0.000000, 0.985216, 0.171317, -0.000000, -0.171317, 0.985216),
      ["LowerTorso"] = CFrame.new(1.132463, -1.025810, -0.962810, -0.000962, -0.163497, 0.986543, 0.999911, -0.013278, -0.001225, 0.013300, 0.986454, 0.163495),
      ["RightUpperArm"] = CFrame.new(-0.284717, -0.917221, -0.727500, 0.219006, 0.975682, -0.009057, -0.246050, 0.046242, -0.968154, -0.944191, 0.214259, 0.250193),
      ["RightUpperLeg"] = CFrame.new(0.008233, 0.087382, -0.022983, 0.983535, 0.180188, -0.013792, -0.174771, 0.967824, 0.181031, 0.045968, -0.175640, 0.983381)
    }},
    { Time = 0.417, Data = {
      ["Cock"] = CFrame.new(0.000000, 0.000000, 0.000000, 0.984677, -0.167409, 0.048847, 0.167610, 0.985853, -0.000034, -0.048150, 0.008221, 0.998806),
      ["Head"] = CFrame.new(0.000000, 0.000000, 0.000000, 0.837214, 0.523891, -0.156880, -0.546561, 0.811294, -0.207541, 0.018547, 0.259500, 0.965565),
      ["LeftUpperArm"] = CFrame.new(0.127029, -0.945839, -0.927884, -0.028817, -0.992830, -0.116010, 0.129180, 0.111386, -0.985345, 0.991202, -0.043380, 0.125044),
      ["LeftUpperLeg"] = CFrame.new(0.000092, 0.011650, -0.097043, 1.000000, -0.000000, 0.000000, 0.000000, 0.986136, 0.165937, -0.000000, -0.165937, 0.986136),
      ["LowerTorso"] = CFrame.new(1.136462, -1.025837, -0.960888, -0.000977, -0.166652, 0.986015, 0.999911, -0.013270, -0.001252, 0.013293, 0.985927, 0.166650),
      ["RightUpperArm"] = CFrame.new(-0.284684, -0.914826, -0.728977, 0.218929, 0.975698, -0.009106, -0.244598, 0.045844, -0.968540, -0.944586, 0.214269, 0.248690),
      ["RightUpperLeg"] = CFrame.new(0.008231, 0.087385, -0.022950, 0.983538, 0.180101, -0.014729, -0.174775, 0.968817, 0.175632, 0.045901, -0.170167, 0.984346)
    }},
    { Time = 0.433, Data = {
      ["Cock"] = CFrame.new(-0.000000, 0.000000, 0.000000, 0.985080, -0.165020, 0.048840, 0.165217, 0.986257, -0.000007, -0.048167, 0.008076, 0.998807),
      ["Head"] = CFrame.new(0.000000, -0.000000, 0.000000, 0.837246, 0.523750, -0.157177, -0.546510, 0.811215, -0.207982, 0.018574, 0.260031, 0.965422),
      ["LeftUpperArm"] = CFrame.new(0.127058, -0.943289, -0.929336, -0.028807, -0.992832, -0.115994, 0.127646, 0.111438, -0.985539, 0.991401, -0.043196, 0.123521),
      ["LeftUpperLeg"] = CFrame.new(0.000092, 0.011650, -0.097043, 1.000000, -0.000000, 0.000000, 0.000000, 0.987055, 0.160383, -0.000000, -0.160383, 0.987055),
      ["LowerTorso"] = CFrame.new(1.140544, -1.025882, -0.958924, -0.000894, -0.169880, 0.985465, 0.999912, -0.013242, -0.001376, 0.013283, 0.985376, 0.169877),
      ["RightUpperArm"] = CFrame.new(-0.284655, -0.912373, -0.730459, 0.218937, 0.975697, -0.009089, -0.243127, 0.045529, -0.968925, -0.944963, 0.214343, 0.247186),
      ["RightUpperLeg"] = CFrame.new(0.008232, 0.087383, -0.022960, 0.983537, 0.180018, -0.015752, -0.174773, 0.969780, 0.170237, 0.045921, -0.164681, 0.985277)
    }},
    { Time = 0.450, Data = {
      ["Cock"] = CFrame.new(-0.000000, 0.000000, 0.000000, 0.985492, -0.162545, 0.048833, 0.162738, 0.986669, 0.000017, -0.048185, 0.007930, 0.998807),
      ["Head"] = CFrame.new(-0.000000, 0.000000, 0.000000, 0.837238, 0.523702, -0.157378, -0.546524, 0.811109, -0.208361, 0.018532, 0.260458, 0.965307),
      ["LeftUpperArm"] = CFrame.new(0.127089, -0.940711, -0.930826, -0.028885, -0.992831, -0.115984, 0.126033, 0.111490, -0.985741, 0.991605, -0.043091, 0.121909),
      ["LeftUpperLeg"] = CFrame.new(0.000092, 0.011650, -0.097043, 1.000000, -0.000000, 0.000000, 0.000000, 0.987955, 0.154739, -0.000000, -0.154739, 0.987955),
      ["LowerTorso"] = CFrame.new(1.144710, -1.025934, -0.956920, -0.000884, -0.173180, 0.984890, 0.999912, -0.013207, -0.001424, 0.013254, 0.984802, 0.173177),
      ["RightUpperArm"] = CFrame.new(-0.284625, -0.909914, -0.731951, 0.218944, 0.975695, -0.009141, -0.241588, 0.045131, -0.969329, -0.945356, 0.214437, 0.245597),
      ["RightUpperLeg"] = CFrame.new(0.008232, 0.087385, -0.022963, 0.983536, 0.179928, -0.016789, -0.174776, 0.970741, 0.164667, 0.045926, -0.159022, 0.986206)
    }},
    { Time = 0.467, Data = {
      ["Cock"] = CFrame.new(0.000000, 0.000000, 0.000000, 0.985911, -0.159982, 0.048833, 0.160175, 0.987089, -0.000046, -0.048195, 0.007867, 0.998807),
      ["Head"] = CFrame.new(0.000000, 0.000000, 0.000000, 0.837230, 0.523676, -0.157507, -0.546535, 0.811066, -0.208497, 0.018564, 0.260643, 0.965257),
      ["LeftUpperArm"] = CFrame.new(0.127119, -0.938113, -0.932309, -0.028878, -0.992833, -0.115967, 0.124496, 0.111539, -0.985931, 0.991800, -0.042909, 0.120383),
      ["LeftUpperLeg"] = CFrame.new(0.000092, 0.011650, -0.097043, 1.000000, -0.000000, 0.000000, 0.000000, 0.988823, 0.149091, -0.000000, -0.149091, 0.988823),
      ["LowerTorso"] = CFrame.new(1.148875, -1.025900, -0.954894, -0.000962, -0.176473, 0.984305, 0.999911, -0.013261, -0.001400, 0.013300, 0.984216, 0.176470),
      ["RightUpperArm"] = CFrame.new(-0.284595, -0.907412, -0.733463, 0.218951, 0.975693, -0.009125, -0.240114, 0.044814, -0.969710, -0.945731, 0.214509, 0.244089),
      ["RightUpperLeg"] = CFrame.new(0.008233, 0.087387, -0.022966, 0.983535, 0.179834, -0.017827, -0.174781, 0.971669, 0.159094, 0.045932, -0.153358, 0.987103)
    }},
    { Time = 0.483, Data = {
      ["Cock"] = CFrame.new(0.000000, 0.000000, -0.000000, 0.986310, -0.157505, 0.048826, 0.157694, 0.987488, -0.000022, -0.048211, 0.007721, 0.998807),
      ["Head"] = CFrame.new(0.000000, 0.000000, 0.000000, 0.837230, 0.523669, -0.157531, -0.546536, 0.811045, -0.208578, 0.018539, 0.260724, 0.965235),
      ["LeftUpperArm"] = CFrame.new(0.127149, -0.935500, -0.933820, -0.028959, -0.992832, -0.115955, 0.122881, 0.111588, -0.986128, 0.991999, -0.042806, 0.118768),
      ["LeftUpperLeg"] = CFrame.new(0.000092, 0.011650, -0.097043, 1.000000, -0.000000, 0.000000, 0.000000, 0.989659, 0.143440, -0.000000, -0.143440, 0.989659),
      ["LowerTorso"] = CFrame.new(1.153039, -1.025963, -0.952850, -0.000942, -0.179760, 0.983710, 0.999912, -0.013215, -0.001458, 0.013262, 0.983622, 0.179757),
      ["RightUpperArm"] = CFrame.new(-0.284570, -0.904896, -0.734960, 0.219041, 0.975673, -0.009110, -0.238553, 0.044498, -0.970109, -0.946104, 0.214667, 0.242497),
      ["RightUpperLeg"] = CFrame.new(0.008233, 0.087391, -0.022969, 0.983534, 0.179736, -0.018863, -0.174787, 0.972565, 0.153516, 0.045938, -0.147691, 0.987966)
    }},
    { Time = 0.500, Data = {
      ["Cock"] = CFrame.new(-0.000000, -0.000000, 0.000000, 0.986703, -0.155028, 0.048819, 0.155213, 0.987881, 0.000003, -0.048228, 0.007574, 0.998808),
      ["Head"] = CFrame.new(0.000000, 0.000000, 0.000000, 0.837230, 0.523669, -0.157531, -0.546536, 0.811045, -0.208578, 0.018539, 0.260724, 0.965235),
      ["LeftUpperArm"] = CFrame.new(0.127181, -0.932858, -0.935295, -0.028866, -0.992828, -0.116013, 0.121335, 0.111723, -0.986304, 0.992192, -0.042547, 0.117239),
      ["LeftUpperLeg"] = CFrame.new(0.000092, 0.011650, -0.097043, 1.000000, -0.000000, 0.000000, 0.000000, 0.990474, 0.137700, -0.000000, -0.137700, 0.990474),
      ["LowerTorso"] = CFrame.new(1.157278, -1.025956, -0.950776, -0.000915, -0.183119, 0.983090, 0.999911, -0.013242, -0.001536, 0.013299, 0.983002, 0.183115),
      ["RightUpperArm"] = CFrame.new(-0.284539, -0.902373, -0.736485, 0.219045, 0.975672, -0.009095, -0.237077, 0.044179, -0.970486, -0.946474, 0.214737, 0.240986),
      ["RightUpperLeg"] = CFrame.new(0.008226, 0.087352, -0.022969, 0.983548, 0.179548, -0.019906, -0.174709, 0.973444, 0.147934, 0.045939, -0.142022, 0.988797)
    }},
    { Time = 0.517, Data = {
      ["Cock"] = CFrame.new(0.000000, 0.000000, 0.000000, 0.987099, -0.152464, 0.048898, 0.152645, 0.988281, 0.000032, -0.048330, 0.007432, 0.998804),
      ["Head"] = CFrame.new(-0.000000, 0.000000, 0.000000, 0.837238, 0.523702, -0.157378, -0.546524, 0.811109, -0.208361, 0.018532, 0.260458, 0.965307),
      ["LeftUpperArm"] = CFrame.new(0.127212, -0.930239, -0.936810, -0.028950, -0.992827, -0.115999, 0.119716, 0.111769, -0.986497, 0.992386, -0.042446, 0.115622),
      ["LeftUpperLeg"] = CFrame.new(0.000092, 0.011650, -0.097043, 1.000000, -0.000000, 0.000000, 0.000000, 0.991256, 0.131956, -0.000000, -0.131956, 0.991256),
      ["LowerTorso"] = CFrame.new(1.161508, -1.026030, -0.948694, -0.000962, -0.186470, 0.982460, 0.999912, -0.013185, -0.001524, 0.013238, 0.982372, 0.186466),
      ["RightUpperArm"] = CFrame.new(-0.284509, -0.899872, -0.738004, 0.219049, 0.975671, -0.009150, -0.235532, 0.043774, -0.970880, -0.946859, 0.214825, 0.239391),
      ["RightUpperLeg"] = CFrame.new(0.008228, 0.087357, -0.022969, 0.983546, 0.179440, -0.020949, -0.174720, 0.974286, 0.142263, 0.045938, -0.136262, 0.989607)
    }},
    { Time = 0.533, Data = {
      ["Cock"] = CFrame.new(-0.000000, 0.000000, 0.000000, 0.987479, -0.149983, 0.048898, 0.150164, 0.988661, -0.000029, -0.048340, 0.007371, 0.998804),
      ["Head"] = CFrame.new(-0.000000, -0.000000, 0.000000, 0.837246, 0.523743, -0.157201, -0.546511, 0.811194, -0.208063, 0.018549, 0.260112, 0.965400),
      ["LeftUpperArm"] = CFrame.new(0.127243, -0.927627, -0.938323, -0.029035, -0.992827, -0.115984, 0.118096, 0.111813, -0.986687, 0.992578, -0.042346, 0.114002),
      ["LeftUpperLeg"] = CFrame.new(0.000092, 0.011650, -0.097043, 1.000000, -0.000000, 0.000000, 0.000000, 0.991993, 0.126294, -0.000000, -0.126294, 0.991993),
      ["LowerTorso"] = CFrame.new(1.165730, -1.026034, -0.946604, -0.000924, -0.189815, 0.981820, 0.999912, -0.013200, -0.001611, 0.013266, 0.981731, 0.189810),
      ["RightUpperArm"] = CFrame.new(-0.284479, -0.897358, -0.739525, 0.219051, 0.975671, -0.009137, -0.234053, 0.043452, -0.971252, -0.947225, 0.214892, 0.237877),
      ["RightUpperLeg"] = CFrame.new(0.008229, 0.087363, -0.022973, 0.983544, 0.179328, -0.021984, -0.174730, 0.975084, 0.136675, 0.045946, -0.130584, 0.990372)
    }},
    { Time = 0.550, Data = {
      ["Cock"] = CFrame.new(0.000000, 0.000000, 0.000000, 0.987852, -0.147503, 0.048892, 0.147680, 0.989035, -0.000004, -0.048355, 0.007225, 0.998804),
      ["Head"] = CFrame.new(-0.000000, 0.000000, -0.000000, 0.837214, 0.523884, -0.156904, -0.546562, 0.811273, -0.207621, 0.018523, 0.259581, 0.965544),
      ["LeftUpperArm"] = CFrame.new(0.127272, -0.925030, -0.939806, -0.029034, -0.992829, -0.115961, 0.116553, 0.111856, -0.986866, 0.992760, -0.042168, 0.112469),
      ["LeftUpperLeg"] = CFrame.new(0.000092, 0.011650, -0.097043, 1.000000, -0.000000, 0.000000, 0.000000, 0.992708, 0.120544, -0.000000, -0.120544, 0.992708),
      ["LowerTorso"] = CFrame.new(1.169862, -1.026027, -0.944526, -0.000974, -0.193074, 0.981184, 0.999911, -0.013225, -0.001610, 0.013287, 0.981095, 0.193070),
      ["RightUpperArm"] = CFrame.new(-0.284452, -0.894857, -0.741020, 0.219118, 0.975655, -0.009157, -0.232641, 0.043129, -0.971606, -0.947558, 0.215027, 0.236428),
      ["RightUpperLeg"] = CFrame.new(0.008230, 0.087369, -0.022977, 0.983541, 0.179212, -0.023018, -0.174742, 0.975850, 0.131083, 0.045954, -0.124903, 0.991104)
    }},
    { Time = 0.567, Data = {
      ["Cock"] = CFrame.new(0.000000, 0.000000, -0.000000, 0.988220, -0.145023, 0.048886, 0.145196, 0.989403, 0.000020, -0.048370, 0.007078, 0.998804),
      ["Head"] = CFrame.new(-0.000000, 0.000000, 0.000000, 0.837230, 0.523965, -0.156550, -0.546537, 0.811442, -0.207025, 0.018557, 0.258888, 0.965729),
      ["LeftUpperArm"] = CFrame.new(0.127306, -0.922413, -0.941262, -0.028947, -0.992816, -0.116094, 0.115080, 0.112060, -0.987015, 0.992934, -0.041931, 0.111010),
