return {
  ["Astros heavinly fuck 2"] = {
    { Time = 0.000, Data = {
      ["Head"] = CFrame.new(0.000000, -0.000000, 0.000000, 1.000000, -0.000000, 0.000000, 0.000000, 0.874103, 0.485740, -0.000000, -0.485740, 0.874103),
      ["LeftUpperArm"] = CFrame.new(0.775817, -0.072151, 0.201251, 0.959051, -0.187282, 0.212476, 0.121152, 0.949347, 0.289935, -0.256012, -0.252320, 0.933162),
      ["LeftUpperLeg"] = CFrame.new(-0.169807, 0.066915, -0.208779, 0.885965, 0.254719, 0.387537, -0.448191, 0.684955, 0.574423, -0.119129, -0.682609, 0.721009),
      ["LowerTorso"] = CFrame.new(-0.005298, 0.340014, -0.339320, 0.999473, 0.005304, -0.032026, -0.032426, 0.209980, -0.977168, 0.001542, 0.977691, 0.210042),
      ["RightUpperArm"] = CFrame.new(-0.679948, -0.070668, 0.215082, 0.956086, 0.144478, -0.255000, -0.069270, 0.956796, 0.282387, 0.284782, -0.252322, 0.924788),
      ["RightUpperLeg"] = CFrame.new(0.110188, 0.114920, -0.193487, 0.942370, -0.255235, -0.216318, 0.334074, 0.682570, 0.649995, -0.018249, -0.684802, 0.728501),
      ["TTC10_1"] = CFrame.new(0.000000, 0.000000, 0.000000, 0.984082, -0.177716, 0.000000, 0.177716, 0.984082, 0.000000, 0.000000, 0.000000, 1.000000),
      ["TTC11_1"] = CFrame.new(0.000000, -0.000000, 0.000000, 0.729102, -0.684405, 0.000000, 0.684405, 0.729102, 0.000000, 0.000000, 0.000000, 1.000000),
      ["TTC12_1"] = CFrame.new(0.000000, 0.000000, 0.000000, 0.884824, -0.465926, 0.000000, 0.465926, 0.884824, 0.000000, 0.000000, 0.000000, 1.000000),
      ["TTC2_1"] = CFrame.new(0.000000, 0.000000, 0.000004, 0.988642, -0.150290, 0.000000, 0.150290, 0.988642, 0.000000, 0.000000, 0.000000, 1.000000),
      ["TTC2_2"] = CFrame.new(0.000000, 0.000000, 0.000007, 0.956499, -0.291737, 0.000000, 0.291737, 0.956499, 0.000000, 0.000000, 0.000000, 1.000000),
      ["TTC3_1"] = CFrame.new(0.000000, 0.000000, 0.000000, 0.999305, -0.037285, 0.000000, 0.037285, 0.999305, 0.000000, 0.000000, 0.000000, 1.000000),
      ["TTC3_2"] = CFrame.new(0.000000, 0.000000, 0.000000, 0.956269, -0.292488, 0.000000, 0.292488, 0.956269, 0.000000, 0.000000, 0.000000, 1.000000),
      ["TTC4_1"] = CFrame.new(0.000000, 0.000000, 0.000000, 0.976359, -0.216156, 0.000000, 0.216156, 0.976359, 0.000000, 0.000000, 0.000000, 1.000000),
      ["TTC4_2"] = CFrame.new(-0.000000, 0.000000, 0.000000, 0.930951, -0.365145, 0.000000, 0.365145, 0.930951, 0.000000, 0.000000, 0.000000, 1.000000),
      ["TTC5_1"] = CFrame.new(0.000000, 0.000000, 0.000000, 0.899178, -0.437582, 0.000000, 0.437582, 0.899178, 0.000000, 0.000000, 0.000000, 1.000000),
      ["TTC5_2"] = CFrame.new(-0.000000, 0.000000, 0.000000, 0.969226, -0.246173, 0.000000, 0.246173, 0.969226, 0.000000, 0.000000, 0.000000, 1.000000),
      ["TTC6_1"] = CFrame.new(-0.000000, -0.000000, 0.000000, 0.711413, -0.702775, 0.000000, 0.702775, 0.711413, 0.000000, 0.000000, 0.000000, 1.000000),
      ["TTC6_2"] = CFrame.new(0.000000, 0.000000, 0.000000, 0.994400, -0.105683, 0.000000, 0.105683, 0.994400, 0.000000, 0.000000, 0.000000, 1.000000),
      ["TTC7_1"] = CFrame.new(-0.000000, -0.000000, 0.000000, 0.829339, -0.558746, 0.000000, 0.558746, 0.829339, 0.000000, 0.000000, 0.000000, 1.000000),
      ["TTC7_2"] = CFrame.new(0.000000, 0.000000, 0.000000, 0.998729, -0.050396, 0.000000, 0.050396, 0.998729, 0.000000, 0.000000, 0.000000, 1.000000),
      ["TTC8_1"] = CFrame.new(0.000000, 0.000000, 0.000000, 0.902332, -0.431042, 0.000000, 0.431042, 0.902332, 0.000000, 0.000000, 0.000000, 1.000000),
      ["TTC9_1"] = CFrame.new(-0.000000, 0.000000, 0.000000, 0.783837, -0.620966, 0.000000, 0.620966, 0.783837, 0.000000, 0.000000, 0.000000, 1.000000),
      ["Tentacle1_1"] = CFrame.new(0.944746, -2.593105, 0.073051, -0.108068, 0.993257, 0.041984, -0.994143, -0.107973, -0.004537, 0.000027, -0.042229, 0.999108),
      ["Tentacle1_2"] = CFrame.new(-0.026527, -2.571809, -4.108116, 0.035968, -0.030006, 0.998902, -0.994156, 0.100733, 0.038823, -0.101787, -0.994461, -0.026208),
      ["­¤ī¦’ĖÅ­¤ś│­¤æ╗­¤Å│’ĖÅŌĆŹ­¤īł­¤śé­¤Æ×­¤Å┤ŌĆŹŌśĀ’ĖÅ­¤ÄĖ­¤ī¦’ĖÅ­¤ś│­¤æ╗­¤Å│’ĖÅŌĆŹ­¤īł­¤śé­¤Æ×­¤Å┤ŌĆŹŌś"] = CFrame.new(0.000000, 0.000000, 0.000000, 0.962655, -0.270732, 0.000000, 0.270732, 0.962655, 0.000000, 0.000000, 0.000000, 1.000000)
    }},
    { Time = 0.017, Data = {
      ["Head"] = CFrame.new(0.000000, -0.000000, 0.000000, 1.000000, -0.000000, 0.000000, 0.000000, 0.875615, 0.483010, -0.000000, -0.483010, 0.875615),
      ["LeftUpperArm"] = CFrame.new(0.775803, -0.072149, 0.201271, 0.959079, -0.187334, 0.212304, 0.121273, 0.949357, 0.289850, -0.255852, -0.252243, 0.933228),
      ["LeftUpperLeg"] = CFrame.new(-0.169806, 0.066913, -0.208764, 0.885967, 0.257097, 0.385959, -0.448195, 0.688433, 0.570247, -0.119098, -0.678204, 0.725158),
      ["LowerTorso"] = CFrame.new(-0.005300, 0.339871, -0.339433, 0.999473, 0.005306, -0.032026, -0.032426, 0.210089, -0.977144, 0.001543, 0.977668, 0.210150),
      ["RightUpperArm"] = CFrame.new(-0.679947, -0.070652, 0.215144, 0.956172, 0.144485, -0.254675, -0.069441, 0.956858, 0.282137, 0.284452, -0.252086, 0.924954),
      ["RightUpperLeg"] = CFrame.new(0.110192, 0.114907, -0.193493, 0.942361, -0.256545, -0.214802, 0.334100, 0.686470, 0.645861, -0.018237, -0.680399, 0.732615),
      ["TTC10_1"] = CFrame.new(0.000000, 0.000000, 0.000000, 0.984097, -0.177631, 0.000000, 0.177631, 0.984097, 0.000000, 0.000000, 0.000000, 1.000000),
      ["TTC11_1"] = CFrame.new(0.000000, -0.000000, 0.000000, 0.728721, -0.684811, 0.000000, 0.684811, 0.728721, 0.000000, 0.000000, 0.000000, 1.000000),
      ["TTC11_2"] = CFrame.new(-0.000000, -0.000000, 0.000000, 1.000000, 0.000863, 0.000000, -0.000863, 1.000000, -0.000000, -0.000000, 0.000000, 1.000000),
      ["TTC12_1"] = CFrame.new(-0.000000, -0.000000, 0.000000, 0.884824, -0.465926, 0.000000, 0.465926, 0.884824, 0.000000, 0.000000, 0.000000, 1.000000),
      ["TTC2_1"] = CFrame.new(-0.000000, 0.000000, 0.000005, 0.988655, -0.150204, 0.000000, 0.150204, 0.988655, 0.000000, 0.000000, 0.000000, 1.000000),
      ["TTC2_2"] = CFrame.new(0.000000, 0.000001, 0.000007, 0.956626, -0.291320, 0.000000, 0.291320, 0.956626, 0.000000, 0.000000, 0.000000, 1.000000),
      ["TTC3_1"] = CFrame.new(0.000000, 0.000000, 0.000000, 0.999301, -0.037371, 0.000000, 0.037371, 0.999301, 0.000000, 0.000000, 0.000000, 1.000000),
      ["TTC3_2"] = CFrame.new(0.000000, 0.000000, 0.000000, 0.956295, -0.292405, 0.000000, 0.292405, 0.956295, 0.000000, 0.000000, 0.000000, 1.000000),
      ["TTC4_1"] = CFrame.new(0.000000, 0.000000, 0.000000, 0.976396, -0.215987, 0.000000, 0.215987, 0.976396, 0.000000, 0.000000, 0.000000, 1.000000),
      ["TTC4_2"] = CFrame.new(-0.000000, 0.000000, 0.000000, 0.931111, -0.364736, 0.000000, 0.364736, 0.931111, 0.000000, 0.000000, 0.000000, 1.000000),
      ["TTC5_1"] = CFrame.new(0.000000, 0.000000, 0.000000, 0.899101, -0.437742, 0.000000, 0.437742, 0.899101, 0.000000, 0.000000, 0.000000, 1.000000),
      ["TTC5_2"] = CFrame.new(-0.000000, 0.000000, 0.000000, 0.969011, -0.247016, 0.000000, 0.247016, 0.969011, 0.000000, 0.000000, 0.000000, 1.000000),
      ["TTC6_1"] = CFrame.new(-0.000000, -0.000000, 0.000000, 0.711282, -0.702907, 0.000000, 0.702907, 0.711282, 0.000000, 0.000000, 0.000000, 1.000000),
      ["TTC6_2"] = CFrame.new(0.000000, 0.000000, 0.000000, 0.994372, -0.105940, 0.000000, 0.105940, 0.994372, 0.000000, 0.000000, 0.000000, 1.000000),
      ["TTC7_1"] = CFrame.new(-0.000000, -0.000000, 0.000000, 0.829490, -0.558521, 0.000000, 0.558521, 0.829490, 0.000000, 0.000000, 0.000000, 1.000000),
      ["TTC7_2"] = CFrame.new(-0.000000, -0.000000, 0.000000, 0.998690, -0.051172, 0.000000, 0.051172, 0.998690, 0.000000, 0.000000, 0.000000, 1.000000),
      ["TTC8_1"] = CFrame.new(0.000000, 0.000000, -0.000000, 0.902408, -0.430882, 0.000234, 0.430882, 0.902408, 0.000141, -0.000272, -0.000027, 1.000000),
      ["TTC8_2"] = CFrame.new(0.000000, 0.000000, 0.000000, 1.000000, -0.000259, 0.000000, 0.000259, 1.000000, 0.000000, 0.000000, 0.000000, 1.000000),
      ["TTC9_1"] = CFrame.new(-0.000000, 0.000000, 0.000000, 0.783780, -0.621038, 0.000000, 0.621038, 0.783780, 0.000000, 0.000000, 0.000000, 1.000000),
      ["Tentacle1_1"] = CFrame.new(0.944746, -2.593106, 0.073051, -0.108068, 0.993259, 0.041927, -0.994143, -0.107976, -0.004472, 0.000085, -0.042165, 0.999111),
      ["Tentacle1_2"] = CFrame.new(-0.026527, -2.571809, -4.108116, 0.035990, -0.029903, 0.998905, -0.994180, 0.100490, 0.038828, -0.101541, -0.994489, -0.026112),
      ["­¤ī¦’ĖÅ­¤ś│­¤æ╗­¤Å│’ĖÅŌĆŹ­¤īł­¤śé­¤Æ×­¤Å┤ŌĆŹŌśĀ’ĖÅ­¤ÄĖ­¤ī¦’ĖÅ­¤ś│­¤æ╗­¤Å│’ĖÅŌĆŹ­¤īł­¤śé­¤Æ×­¤Å┤ŌĆŹŌś"] = CFrame.new(0.000000, 0.000000, 0.000000, 0.963639, -0.267207, 0.000000, 0.267207, 0.963639, 0.000000, 0.000000, 0.000000, 1.000000)
    }},
    { Time = 0.033, Data = {
      ["Head"] = CFrame.new(0.000000, -0.000000, 0.000000, 1.000000, -0.000000, 0.000000, 0.000000, 0.877074, 0.480354, -0.000000, -0.480354, 0.877074),
      ["LeftUpperArm"] = CFrame.new(0.775808, -0.072127, 0.201349, 0.959189, -0.187314, 0.211825, 0.121479, 0.949439, 0.289496, -0.255341, -0.251949, 0.933447),
      ["LeftUpperLeg"] = CFrame.new(-0.169818, 0.066892, -0.208776, 0.885943, 0.259416, 0.384460, -0.448236, 0.691820, 0.566100, -0.119122, -0.673861, 0.729192),
      ["LowerTorso"] = CFrame.new(-0.005308, 0.339441, -0.339773, 0.999473, 0.005311, -0.032025, -0.032426, 0.210414, -0.977075, 0.001549, 0.977598, 0.210475),
      ["RightUpperArm"] = CFrame.new(-0.679891, -0.070622, 0.215293, 0.956409, 0.144695, -0.253663, -0.070100, 0.956975, 0.281575, 0.283491, -0.251520, 0.925403),
      ["RightUpperLeg"] = CFrame.new(0.110183, 0.114932, -0.193515, 0.942379, -0.257771, -0.213250, 0.334052, 0.690368, 0.641718, -0.018195, -0.675978, 0.736697),
      ["TTC10_1"] = CFrame.new(-0.000000, 0.000000, 0.000000, 0.984143, -0.177375, 0.000000, 0.177375, 0.984143, 0.000000, 0.000000, 0.000000, 1.000000),
      ["TTC10_2"] = CFrame.new(0.000000, 0.000000, 0.000000, 1.000000, -0.000345, 0.000000, 0.000345, 1.000000, 0.000000, 0.000000, 0.000000, 1.000000),
      ["TTC11_1"] = CFrame.new(-0.000000, -0.000000, 0.000000, 0.727511, -0.686096, 0.000000, 0.686096, 0.727511, 0.000000, 0.000000, 0.000000, 1.000000),
      ["TTC11_2"] = CFrame.new(0.000000, -0.000000, 0.000000, 0.999994, 0.003453, 0.000000, -0.003453, 0.999994, -0.000000, -0.000000, 0.000000, 1.000000),
      ["TTC12_1"] = CFrame.new(-0.000000, -0.000000, 0.000000, 0.884824, -0.465926, 0.000000, 0.465926, 0.884824, 0.000000, 0.000000, 0.000000, 1.000000),
      ["TTC2_1"] = CFrame.new(-0.000000, 0.000000, 0.000005, 0.988707, -0.149862, 0.000000, 0.149862, 0.988707, 0.000000, 0.000000, 0.000000, 1.000000),
      ["TTC2_2"] = CFrame.new(0.000000, 0.000001, 0.000007, 0.957006, -0.290067, 0.000000, 0.290067, 0.957006, 0.000000, 0.000000, 0.000000, 1.000000),
      ["TTC3_1"] = CFrame.new(0.000000, 0.000000, 0.000000, 0.999298, -0.037457, 0.000000, 0.037457, 0.999298, 0.000000, 0.000000, 0.000000, 1.000000),
      ["TTC3_2"] = CFrame.new(0.000000, 0.000000, 0.000000, 0.956397, -0.292071, 0.000000, 0.292071, 0.956397, 0.000000, 0.000000, 0.000000, 1.000000),
      ["TTC4_1"] = CFrame.new(0.000000, 0.000000, 0.000000, 0.976471, -0.215647, 0.000000, 0.215647, 0.976471, 0.000000, 0.000000, 0.000000, 1.000000),
      ["TTC4_2"] = CFrame.new(-0.000000, -0.000000, 0.000000, 0.931591, -0.363509, 0.000000, 0.363509, 0.931591, 0.000000, 0.000000, 0.000000, 1.000000),
      ["TTC5_1"] = CFrame.new(0.000000, 0.000000, 0.000000, 0.898946, -0.438060, 0.000019, 0.438060, 0.898946, -0.000084, 0.000019, 0.000084, 1.000000),
      ["TTC5_2"] = CFrame.new(-0.000000, 0.000000, 0.000000, 0.968385, -0.249461, 0.000000, 0.249461, 0.968385, 0.000000, 0.000000, 0.000000, 1.000000),
      ["TTC6_1"] = CFrame.new(-0.000000, -0.000000, 0.000000, 0.710888, -0.703306, 0.000000, 0.703306, 0.710888, 0.000000, 0.000000, 0.000000, 1.000000),
      ["TTC6_2"] = CFrame.new(0.000000, 0.000000, 0.000000, 0.994262, -0.106972, 0.000000, 0.106972, 0.994262, 0.000000, 0.000000, 0.000000, 1.000000),
      ["TTC7_1"] = CFrame.new(-0.000000, -0.000000, 0.000000, 0.829994, -0.557772, 0.000000, 0.557772, 0.829994, 0.000000, 0.000000, 0.000000, 1.000000),
      ["TTC7_2"] = CFrame.new(0.000000, 0.000000, 0.000000, 0.998572, -0.053414, 0.000000, 0.053414, 0.998572, 0.000000, 0.000000, 0.000000, 1.000000),
      ["TTC8_1"] = CFrame.new(0.000000, 0.000000, -0.000000, 0.902636, -0.430403, 0.000953, 0.430403, 0.902637, 0.000481, -0.001067, -0.000024, 0.999999),
      ["TTC8_2"] = CFrame.new(-0.000000, 0.000000, 0.000000, 0.999999, -0.001036, 0.000000, 0.001036, 0.999999, 0.000000, 0.000000, 0.000000, 1.000000),
      ["TTC9_1"] = CFrame.new(-0.000000, 0.000000, 0.000000, 0.783667, -0.621181, 0.000000, 0.621181, 0.783667, 0.000000, 0.000000, 0.000000, 1.000000),
      ["TTC9_2"] = CFrame.new(0.000000, -0.000000, 0.000000, 1.000000, 0.000000, 0.000000, 0.000000, 1.000000, 0.000000, 0.000000, 0.000000, 1.000000),
      ["Tentacle1_1"] = CFrame.new(0.944746, -2.593106, 0.073051, -0.108068, 0.993266, 0.041754, -0.994143, -0.107984, -0.004280, 0.000258, -0.041972, 0.999119),
      ["Tentacle1_2"] = CFrame.new(-0.026528, -2.571810, -4.108117, 0.036035, -0.030023, 0.998899, -0.994262, 0.099666, 0.038863, -0.100723, -0.994568, -0.026259),
      ["­¤ī¦’ĖÅ­¤ś│­¤æ╗­¤Å│’ĖÅŌĆŹ­¤īł­¤śé­¤Æ×­¤Å┤ŌĆŹŌśĀ’ĖÅ­¤ÄĖ­¤ī¦’ĖÅ­¤ś│­¤æ╗­¤Å│’ĖÅŌĆŹ­¤īł­¤śé­¤Æ×­¤Å┤ŌĆŹŌś"] = CFrame.new(0.000000, 0.000000, 0.000000, 0.964587, -0.263764, 0.000000, 0.263764, 0.964587, 0.000000, 0.000000, 0.000000, 1.000000)
    }},
    { Time = 0.050, Data = {
      ["Head"] = CFrame.new(0.000000, -0.000000, 0.000000, 1.000000, -0.000000, 0.000000, 0.000000, 0.878525, 0.477696, -0.000000, -0.477696, 0.878525),
      ["LeftUpperArm"] = CFrame.new(0.775783, -0.072100, 0.201469, 0.959333, -0.187411, 0.211086, 0.121913, 0.949541, 0.288978, -0.254592, -0.251492, 0.933774),
      ["LeftUpperLeg"] = CFrame.new(-0.169803, 0.066918, -0.208754, 0.885974, 0.261665, 0.382860, -0.448186, 0.695153, 0.562043, -0.119079, -0.669548, 0.733161),
      ["LowerTorso"] = CFrame.new(-0.005322, 0.338727, -0.340334, 0.999473, 0.005320, -0.032024, -0.032425, 0.210956, -0.976958, 0.001558, 0.977481, 0.211018),
      ["RightUpperArm"] = CFrame.new(-0.679804, -0.070567, 0.215549, 0.956782, 0.145025, -0.252065, -0.071159, 0.957180, 0.280610, 0.281967, -0.250546, 0.926132),
      ["RightUpperLeg"] = CFrame.new(0.110189, 0.114916, -0.193511, 0.942368, -0.259056, -0.211736, 0.334082, 0.694146, 0.637613, -0.018201, -0.671604, 0.740687),
      ["TTC10_1"] = CFrame.new(0.000000, 0.000000, 0.000000, 0.984220, -0.176949, 0.000000, 0.176949, 0.984220, 0.000000, 0.000000, 0.000000, 1.000000),
      ["TTC10_2"] = CFrame.new(-0.000000, 0.000000, 0.000000, 1.000000, -0.000777, 0.000000, 0.000777, 1.000000, 0.000000, 0.000000, 0.000000, 1.000000),
      ["TTC11_1"] = CFrame.new(0.000000, -0.000000, 0.000000, 0.725532, -0.688188, 0.000000, 0.688188, 0.725532, 0.000000, 0.000000, 0.000000, 1.000000),
      ["TTC11_2"] = CFrame.new(-0.000000, 0.000000, 0.000000, 0.999969, 0.007855, 0.000000, -0.007855, 0.999969, -0.000000, -0.000000, 0.000000, 1.000000),
      ["TTC12_1"] = CFrame.new(-0.000000, -0.000000, 0.000000, 0.884824, -0.465926, 0.000000, 0.465926, 0.884824, 0.000000, 0.000000, 0.000000, 1.000000),
      ["TTC2_1"] = CFrame.new(0.000000, 0.000000, 0.000005, 0.988798, -0.149263, 0.000000, 0.149263, 0.988798, 0.000000, 0.000000, 0.000000, 1.000000),
      ["TTC2_2"] = CFrame.new(0.000000, 0.000001, 0.000007, 0.957612, -0.288062, 0.000000, 0.288062, 0.957612, 0.000000, 0.000000, 0.000000, 1.000000),
      ["TTC3_1"] = CFrame.new(0.000000, 0.000000, 0.000000, 0.999288, -0.037716, 0.000000, 0.037716, 0.999288, 0.000000, 0.000000, 0.000000, 1.000000),
      ["TTC3_2"] = CFrame.new(0.000000, 0.000000, 0.000000, 0.956575, -0.291486, 0.000000, 0.291486, 0.956575, 0.000000, 0.000000, 0.000000, 1.000000),
      ["TTC4_1"] = CFrame.new(0.000000, 0.000000, 0.000000, 0.976621, -0.214969, 0.000000, 0.214969, 0.976621, 0.000000, 0.000000, 0.000000, 1.000000),
      ["TTC4_2"] = CFrame.new(-0.000000, 0.000000, 0.000000, 0.932387, -0.361462, 0.000000, 0.361462, 0.932387, 0.000000, 0.000000, 0.000000, 1.000000),
      ["TTC5_1"] = CFrame.new(0.000000, 0.000000, 0.000000, 0.898674, -0.438618, 0.000039, 0.438618, 0.898674, -0.000168, 0.000039, 0.000168, 1.000000),
      ["TTC5_2"] = CFrame.new(-0.000000, 0.000000, 0.000000, 0.967312, -0.253588, 0.000000, 0.253588, 0.967312, 0.000000, 0.000000, 0.000000, 1.000000),
      ["TTC6_1"] = CFrame.new(-0.000000, -0.000000, 0.000000, 0.710297, -0.703902, 0.000000, 0.703902, 0.710297, 0.000000, 0.000000, 0.000000, 1.000000),
      ["TTC6_2"] = CFrame.new(0.000000, 0.000000, 0.000000, 0.994085, -0.108605, 0.000000, 0.108605, 0.994085, 0.000000, 0.000000, 0.000000, 1.000000),
      ["TTC7_1"] = CFrame.new(-0.000000, -0.000000, 0.000000, 0.830849, -0.556498, 0.000000, 0.556498, 0.830849, 0.000000, 0.000000, 0.000000, 1.000000),
      ["TTC7_2"] = CFrame.new(0.000000, 0.000000, 0.000000, 0.998367, -0.057122, 0.000000, 0.057122, 0.998367, 0.000000, 0.000000, 0.000000, 1.000000),
      ["TTC8_1"] = CFrame.new(0.000000, 0.000000, 0.000000, 0.903052, -0.429524, 0.002244, 0.429523, 0.903055, 0.001037, -0.002472, 0.000027, 0.999997),
      ["TTC8_2"] = CFrame.new(0.000000, 0.000000, 0.000000, 0.999997, -0.002331, 0.000000, 0.002331, 0.999997, 0.000000, 0.000000, 0.000000, 1.000000),
      ["TTC9_1"] = CFrame.new(-0.000000, 0.000000, 0.000000, 0.783440, -0.621468, 0.000000, 0.621468, 0.783440, 0.000000, 0.000000, 0.000000, 1.000000),
      ["TTC9_2"] = CFrame.new(0.000000, 0.000000, 0.000000, 1.000000, -0.000345, 0.000000, 0.000345, 1.000000, 0.000000, 0.000000, 0.000000, 1.000000),
      ["Tentacle1_1"] = CFrame.new(0.944746, -2.593105, 0.073051, -0.107953, 0.993293, 0.041409, -0.994156, -0.107885, -0.003892, 0.000601, -0.041587, 0.999135),
      ["Tentacle1_2"] = CFrame.new(-0.026527, -2.571809, -4.108116, 0.036123, -0.029937, 0.998899, -0.994390, 0.098356, 0.038908, -0.099413, -0.994701, -0.026216),
      ["­¤ī¦’ĖÅ­¤ś│­¤æ╗­¤Å│’ĖÅŌĆŹ­¤īł­¤śé­¤Æ×­¤Å┤ŌĆŹŌśĀ’ĖÅ­¤ÄĖ­¤ī¦’ĖÅ­¤ś│­¤æ╗­¤Å│’ĖÅŌĆŹ­¤īł­¤śé­¤Æ×­¤Å┤ŌĆŹŌś"] = CFrame.new(0.000000, 0.000000, 0.000000, 0.965500, -0.260402, 0.000000, 0.260402, 0.965500, 0.000000, 0.000000, 0.000000, 1.000000)
    }},
    { Time = 0.067, Data = {
      ["Head"] = CFrame.new(0.000000, 0.000000, 0.000000, 1.000000, -0.000000, 0.000000, 0.000000, 0.879883, 0.475190, -0.000000, -0.475190, 0.879883),
      ["LeftUpperArm"] = CFrame.new(0.775748, -0.072065, 0.201629, 0.959524, -0.187540, 0.210100, 0.122491, 0.949677, 0.288287, -0.253593, -0.250883, 0.934210),
      ["LeftUpperLeg"] = CFrame.new(-0.169800, 0.066922, -0.208750, 0.885979, 0.263837, 0.381353, -0.448177, 0.698340, 0.558085, -0.119071, -0.665366, 0.736961),
      ["LowerTorso"] = CFrame.new(-0.005339, 0.337838, -0.341132, 0.999473, 0.005331, -0.032022, -0.032425, 0.211607, -0.976817, 0.001569, 0.977340, 0.211668),
      ["RightUpperArm"] = CFrame.new(-0.679685, -0.070490, 0.215912, 0.957286, 0.145479, -0.249881, -0.072617, 0.957472, 0.279239, 0.279877, -0.249166, 0.927138),
      ["RightUpperLeg"] = CFrame.new(0.110195, 0.114901, -0.193484, 0.942356, -0.260303, -0.210254, 0.334113, 0.697711, 0.633694, -0.018256, -0.667415, 0.744463),
      ["TTC10_1"] = CFrame.new(0.000000, 0.000000, 0.000000, 0.984327, -0.176351, 0.000000, 0.176351, 0.984327, 0.000000, 0.000000, 0.000000, 1.000000),
      ["TTC10_2"] = CFrame.new(0.000000, 0.000000, 0.000000, 0.999999, -0.001381, 0.000000, 0.001381, 0.999999, 0.000000, 0.000000, 0.000000, 1.000000),
      ["TTC11_1"] = CFrame.new(0.000000, 0.000000, 0.000000, 0.722775, -0.691083, 0.000000, 0.691083, 0.722775, 0.000000, 0.000000, 0.000000, 1.000000),
      ["TTC11_2"] = CFrame.new(0.000000, 0.000000, 0.000000, 0.999905, 0.013811, 0.000000, -0.013811, 0.999905, -0.000000, -0.000000, 0.000000, 1.000000),
      ["TTC12_1"] = CFrame.new(-0.000000, -0.000000, 0.000000, 0.884824, -0.465926, 0.000000, 0.465926, 0.884824, 0.000000, 0.000000, 0.000000, 1.000000),
      ["TTC2_1"] = CFrame.new(0.000000, 0.000000, 0.000005, 0.988926, -0.148407, 0.000000, 0.148407, 0.988926, 0.000000, 0.000000, 0.000000, 1.000000),
      ["TTC2_2"] = CFrame.new(0.000000, 0.000001, 0.000007, 0.958487, -0.285137, 0.000000, 0.285137, 0.958487, 0.000000, 0.000000, 0.000000, 1.000000),
      ["TTC3_1"] = CFrame.new(-0.000000, 0.000000, 0.000000, 0.999275, -0.038061, 0.000000, 0.038061, 0.999275, 0.000000, 0.000000, 0.000000, 1.000000),
      ["TTC3_2"] = CFrame.new(0.000000, 0.000000, 0.000000, 0.956829, -0.290652, 0.000000, 0.290652, 0.956829, 0.000000, 0.000000, 0.000000, 1.000000),
      ["TTC4_1"] = CFrame.new(0.000000, 0.000000, 0.000000, 0.976807, -0.214121, 0.000000, 0.214121, 0.976807, 0.000000, 0.000000, 0.000000, 1.000000),
      ["TTC4_2"] = CFrame.new(-0.000000, 0.000000, 0.000000, 0.933462, -0.358677, 0.000000, 0.358677, 0.933462, 0.000000, 0.000000, 0.000000, 1.000000),
      ["TTC5_1"] = CFrame.new(0.000000, 0.000000, 0.000000, 0.898285, -0.439414, 0.000142, 0.439414, 0.898285, -0.000233, -0.000026, 0.000272, 1.000000),
      ["TTC5_2"] = CFrame.new(-0.000000, -0.000000, 0.000000, 0.965817, -0.259225, 0.000000, 0.259225, 0.965817, 0.000000, 0.000000, 0.000000, 1.000000),
      ["TTC6_1"] = CFrame.new(-0.000000, -0.000000, 0.000000, 0.709442, -0.704764, 0.000000, 0.704764, 0.709442, 0.000000, 0.000000, 0.000000, 1.000000),
      ["TTC6_2"] = CFrame.new(0.000000, 0.000000, 0.000000, 0.993838, -0.110839, 0.000000, 0.110839, 0.993838, 0.000000, 0.000000, 0.000000, 1.000000),
      ["TTC7_1"] = CFrame.new(-0.000000, -0.000000, 0.000000, 0.831951, -0.554848, 0.000000, 0.554848, 0.831951, 0.000000, 0.000000, 0.000000, 1.000000),
      ["TTC7_2"] = CFrame.new(0.000000, 0.000000, 0.000000, 0.998063, -0.062208, 0.000000, 0.062208, 0.998063, 0.000000, 0.000000, 0.000000, 1.000000),
      ["TTC8_1"] = CFrame.new(0.000000, 0.000000, -0.000000, 0.903616, -0.428326, 0.003937, 0.428322, 0.903624, 0.001771, -0.004316, 0.000086, 0.999991),
      ["TTC8_2"] = CFrame.new(0.000000, 0.000000, 0.000000, 0.999992, -0.004057, 0.000000, 0.004057, 0.999992, 0.000000, 0.000000, 0.000000, 1.000000),
      ["TTC9_1"] = CFrame.new(-0.000000, 0.000000, 0.000000, 0.783156, -0.621826, 0.000000, 0.621826, 0.783156, 0.000000, 0.000000, 0.000000, 1.000000),
      ["TTC9_2"] = CFrame.new(0.000000, 0.000000, 0.000000, 1.000000, -0.000691, 0.000000, 0.000691, 1.000000, 0.000000, 0.000000, 0.000000, 1.000000),
      ["Tentacle1_1"] = CFrame.new(0.944746, -2.593106, 0.073051, -0.107951, 0.993308, 0.041070, -0.994156, -0.107903, -0.003385, 0.001069, -0.041195, 0.999151),
      ["Tentacle1_2"] = CFrame.new(-0.026528, -2.571808, -4.108115, 0.036153, -0.029984, 0.998896, -0.994576, 0.096468, 0.038892, -0.097528, -0.994884, -0.026334),
      ["­¤ī¦’ĖÅ­¤ś│­¤æ╗­¤Å│’ĖÅŌĆŹ­¤īł­¤śé­¤Æ×­¤Å┤ŌĆŹŌśĀ’ĖÅ­¤ÄĖ­¤ī¦’ĖÅ­¤ś│­¤æ╗­¤Å│’ĖÅŌĆŹ­¤īł­¤śé­¤Æ×­¤Å┤ŌĆŹŌś"] = CFrame.new(0.000000, 0.000000, 0.000000, 0.966379, -0.257122, 0.000000, 0.257122, 0.966379, 0.000000, 0.000000, 0.000000, 1.000000)
    }},
    { Time = 0.083, Data = {
      ["Head"] = CFrame.new(0.000000, 0.000000, 0.000000, 1.000000, -0.000000, 0.000000, 0.000000, 0.881191, 0.472760, -0.000000, -0.472760, 0.881191),
      ["LeftUpperArm"] = CFrame.new(0.775711, -0.072014, 0.201849, 0.959782, -0.187683, 0.208793, 0.123237, 0.949869, 0.287334, -0.252254, -0.250047, 0.934796),
      ["LeftUpperLeg"] = CFrame.new(-0.169810, 0.066906, -0.208762, 0.885959, 0.265935, 0.379940, -0.448210, 0.701385, 0.554227, -0.119096, -0.661316, 0.740593),
      ["LowerTorso"] = CFrame.new(-0.005361, 0.336669, -0.342133, 0.999473, 0.005345, -0.032019, -0.032424, 0.212473, -0.976629, 0.001583, 0.977152, 0.212535),
      ["RightUpperArm"] = CFrame.new(-0.679533, -0.070398, 0.216358, 0.957939, 0.146058, -0.247021, -0.074472, 0.957824, 0.277538, 0.277139, -0.247469, 0.928414),
      ["RightUpperLeg"] = CFrame.new(0.110192, 0.114909, -0.193496, 0.942362, -0.261416, -0.208842, 0.334097, 0.701155, 0.629889, -0.018233, -0.663357, 0.748081),
      ["TTC10_1"] = CFrame.new(0.000000, 0.000000, 0.000000, 0.984465, -0.175584, 0.000000, 0.175584, 0.984465, 0.000000, 0.000000, 0.000000, 1.000000),
      ["TTC10_2"] = CFrame.new(0.000000, -0.000000, 0.000000, 0.999998, -0.002072, 0.000000, 0.002072, 0.999998, 0.000000, 0.000000, 0.000000, 1.000000),
      ["TTC11_1"] = CFrame.new(0.000000, -0.000000, 0.000000, 0.719293, -0.694706, 0.000000, 0.694706, 0.719293, 0.000000, 0.000000, 0.000000, 1.000000),
      ["TTC11_2"] = CFrame.new(0.000000, 0.000000, 0.000000, 0.999771, 0.021407, 0.000000, -0.021407, 0.999771, -0.000000, -0.000000, 0.000000, 1.000000),
      ["TTC12_1"] = CFrame.new(-0.000000, -0.000000, 0.000000, 0.884824, -0.465926, 0.000000, 0.465926, 0.884824, 0.000000, 0.000000, 0.000000, 1.000000),
      ["TTC2_1"] = CFrame.new(0.000000, 0.000000, 0.000005, 0.989080, -0.147379, 0.000000, 0.147379, 0.989080, 0.000000, 0.000000, 0.000000, 1.000000),
      ["TTC2_2"] = CFrame.new(0.000000, 0.000001, 0.000007, 0.959549, -0.281540, 0.000000, 0.281540, 0.959549, 0.000000, 0.000000, 0.000000, 1.000000),
      ["TTC3_1"] = CFrame.new(0.000000, 0.000000, 0.000000, 0.999262, -0.038406, 0.000000, 0.038406, 0.999262, 0.000000, 0.000000, 0.000000, 1.000000),
      ["TTC3_2"] = CFrame.new(0.000000, 0.000000, 0.000000, 0.957133, -0.289649, 0.000000, 0.289649, 0.957133, 0.000000, 0.000000, 0.000000, 1.000000),
      ["TTC4_1"] = CFrame.new(0.000000, 0.000000, 0.000000, 0.977048, -0.213018, 0.000000, 0.213018, 0.977048, 0.000000, 0.000000, 0.000000, 1.000000),
      ["TTC4_2"] = CFrame.new(-0.000000, 0.000000, 0.000000, 0.934840, -0.355069, 0.000000, 0.355069, 0.934840, 0.000000, 0.000000, 0.000000, 1.000000),
      ["TTC5_1"] = CFrame.new(0.000000, 0.000000, -0.000000, 0.897778, -0.440448, 0.000182, 0.440448, 0.897778, -0.000401, 0.000013, 0.000440, 1.000000),
      ["TTC5_2"] = CFrame.new(-0.000000, 0.000000, 0.000000, 0.963848, -0.266452, 0.000000, 0.266452, 0.963848, 0.000000, 0.000000, 0.000000, 1.000000),
      ["TTC6_1"] = CFrame.new(-0.000000, -0.000000, 0.000000, 0.708322, -0.705889, 0.000000, 0.705889, 0.708322, 0.000000, 0.000000, 0.000000, 1.000000),
      ["TTC6_2"] = CFrame.new(0.000000, 0.000000, 0.000000, 0.993508, -0.113760, 0.000000, 0.113760, 0.993508, 0.000000, 0.000000, 0.000000, 1.000000),
      ["TTC7_1"] = CFrame.new(-0.000000, -0.000000, 0.000000, 0.833400, -0.552671, 0.000000, 0.552671, 0.833400, 0.000000, 0.000000, 0.000000, 1.000000),
      ["TTC7_2"] = CFrame.new(0.000000, 0.000000, 0.000000, 0.997639, -0.068672, 0.000000, 0.068672, 0.997639, 0.000000, 0.000000, 0.000000, 1.000000),
      ["TTC8_1"] = CFrame.new(0.000000, 0.000000, 0.000000, 0.904322, -0.426808, 0.006100, 0.426799, 0.904342, 0.002782, -0.006704, 0.000087, 0.999978),
      ["TTC8_2"] = CFrame.new(0.000000, 0.000000, 0.000000, 0.999980, -0.006301, 0.000000, 0.006301, 0.999980, 0.000000, 0.000000, 0.000000, 1.000000),
      ["TTC9_1"] = CFrame.new(-0.000000, 0.000000, 0.000000, 0.782814, -0.622255, 0.000000, 0.622255, 0.782814, 0.000000, 0.000000, 0.000000, 1.000000),
      ["TTC9_2"] = CFrame.new(0.000000, 0.000000, 0.000000, 0.999999, -0.001036, 0.000000, 0.001036, 0.999999, 0.000000, 0.000000, 0.000000, 1.000000),
      ["Tentacle1_1"] = CFrame.new(0.944746, -2.593105, 0.073051, -0.107833, 0.993339, 0.040615, -0.994168, -0.107810, -0.002747, 0.001650, -0.040675, 0.999171),
      ["Tentacle1_2"] = CFrame.new(-0.026527, -2.571810, -4.108117, 0.036292, -0.030012, 0.998890, -0.994794, 0.094165, 0.038973, -0.095230, -0.995104, -0.026438),
      ["­¤ī¦’ĖÅ­¤ś│­¤æ╗­¤Å│’ĖÅŌĆŹ­¤īł­¤śé­¤Æ×­¤Å┤ŌĆŹŌśĀ’ĖÅ­¤ÄĖ­¤ī¦’ĖÅ­¤ś│­¤æ╗­¤Å│’ĖÅŌĆŹ­¤īł­¤śé­¤Æ×­¤Å┤ŌĆŹŌś"] = CFrame.new(0.000000, 0.000000, -0.000000, 0.967202, -0.254009, 0.000000, 0.254009, 0.967202, 0.000000, 0.000000, 0.000000, 1.000000)
    }},
    { Time = 0.100, Data = {
      ["Head"] = CFrame.new(0.000000, -0.000000, 0.000000, 1.000000, -0.000000, 0.000000, 0.000000, 0.882408, 0.470484, -0.000000, -0.470484, 0.882408),
      ["LeftUpperArm"] = CFrame.new(0.775689, -0.071951, 0.202104, 0.960117, -0.187764, 0.207169, 0.124054, 0.950108, 0.286192, -0.250570, -0.249078, 0.935508),
      ["LeftUpperLeg"] = CFrame.new(-0.169815, 0.066901, -0.208787, 0.885948, 0.267848, 0.378620, -0.448219, 0.704209, 0.550626, -0.119144, -0.657531, 0.743948),
      ["LowerTorso"] = CFrame.new(-0.005388, 0.335223, -0.343324, 0.999473, 0.005363, -0.032016, -0.032423, 0.213556, -0.976393, 0.001601, 0.976916, 0.213618),
      ["RightUpperArm"] = CFrame.new(-0.679366, -0.070282, 0.216910, 0.958700, 0.146693, -0.243671, -0.076624, 0.958266, 0.275418, 0.273903, -0.245372, 0.929930),
      ["RightUpperLeg"] = CFrame.new(0.110189, 0.114917, -0.193484, 0.942367, -0.262494, -0.207462, 0.334081, 0.704394, 0.626274, -0.018258, -0.659489, 0.751492),
      ["TTC10_1"] = CFrame.new(0.000000, 0.000000, 0.000000, 0.984631, -0.174645, 0.000000, 0.174645, 0.984631, 0.000000, 0.000000, 0.000000, 1.000000),
      ["TTC10_2"] = CFrame.new(0.000000, 0.000000, 0.000000, 0.999996, -0.002935, 0.000000, 0.002935, 0.999996, 0.000000, 0.000000, 0.000000, 1.000000),
      ["TTC11_1"] = CFrame.new(0.000000, 0.000000, 0.000000, 0.715074, -0.699049, 0.000000, 0.699049, 0.715074, 0.000000, 0.000000, 0.000000, 1.000000),
      ["TTC11_2"] = CFrame.new(0.000000, 0.000000, 0.000000, 0.999536, 0.030468, 0.000000, -0.030468, 0.999536, -0.000000, -0.000000, 0.000000, 1.000000),
      ["TTC12_1"] = CFrame.new(0.000000, 0.000000, 0.000000, 0.884824, -0.465926, 0.000000, 0.465926, 0.884824, 0.000000, 0.000000, 0.000000, 1.000000),
      ["TTC2_1"] = CFrame.new(0.000000, 0.000000, 0.000005, 0.989271, -0.146095, 0.000000, 0.146095, 0.989271, 0.000000, 0.000000, 0.000000, 1.000000),
      ["TTC2_2"] = CFrame.new(0.000000, 0.000001, 0.000007, 0.960792, -0.277270, 0.000000, 0.277270, 0.960792, 0.000000, 0.000000, 0.000000, 1.000000),
      ["TTC3_1"] = CFrame.new(0.000000, 0.000000, 0.000000, 0.999242, -0.038924, 0.000000, 0.038924, 0.999242, 0.000000, 0.000000, 0.000000, 1.000000),
      ["TTC3_2"] = CFrame.new(0.000000, 0.000000, 0.000000, 0.957511, -0.288396, 0.000000, 0.288396, 0.957511, 0.000000, 0.000000, 0.000000, 1.000000),
      ["TTC4_1"] = CFrame.new(0.000000, 0.000000, 0.000000, 0.977325, -0.211746, 0.000000, 0.211746, 0.977325, 0.000000, 0.000000, 0.000000, 1.000000),
      ["TTC4_2"] = CFrame.new(-0.000000, 0.000000, 0.000000, 0.936450, -0.350800, 0.000000, 0.350800, 0.936450, 0.000000, 0.000000, 0.000000, 1.000000),
      ["TTC5_1"] = CFrame.new(0.000000, 0.000000, 0.000000, 0.897192, -0.441641, 0.000305, 0.441641, 0.897192, -0.000549, -0.000031, 0.000628, 1.000000),
      ["TTC5_2"] = CFrame.new(-0.000000, -0.000000, 0.000000, 0.961442, -0.275008, 0.000000, 0.275008, 0.961442, 0.000000, 0.000000, 0.000000, 1.000000),
      ["TTC6_1"] = CFrame.new(0.000000, 0.000000, 0.000000, 0.707002, -0.707211, 0.000000, 0.707211, 0.707002, 0.000000, 0.000000, 0.000000, 1.000000),
      ["TTC6_2"] = CFrame.new(0.000000, 0.000000, 0.000000, 0.993109, -0.117196, 0.000000, 0.117196, 0.993109, 0.000000, 0.000000, 0.000000, 1.000000),
      ["TTC7_1"] = CFrame.new(-0.000000, -0.000000, 0.000000, 0.835090, -0.550114, 0.000000, 0.550114, 0.835090, 0.000000, 0.000000, 0.000000, 1.000000),
      ["TTC7_2"] = CFrame.new(0.000000, 0.000000, 0.000000, 0.997075, -0.076425, 0.000000, 0.076425, 0.997075, 0.000000, 0.000000, 0.000000, 1.000000),
      ["TTC8_1"] = CFrame.new(0.000000, 0.000000, -0.000000, 0.905128, -0.425049, 0.008751, 0.425030, 0.905170, 0.003987, -0.009616, 0.000111, 0.999954),
      ["TTC8_2"] = CFrame.new(0.000000, 0.000000, 0.000000, 0.999960, -0.008977, 0.000000, 0.008977, 0.999960, 0.000000, 0.000000, 0.000000, 1.000000),
      ["TTC9_1"] = CFrame.new(-0.000000, 0.000000, 0.000000, 0.782359, -0.622828, 0.000000, 0.622828, 0.782359, 0.000000, 0.000000, 0.000000, 1.000000),
      ["TTC9_2"] = CFrame.new(0.000000, 0.000000, 0.000000, 0.999999, -0.001467, 0.000000, 0.001467, 0.999999, 0.000000, 0.000000, 0.000000, 1.000000),
      ["Tentacle1_1"] = CFrame.new(0.944746, -2.593105, 0.073051, -0.107718, 0.993377, 0.039982, -0.994179, -0.107722, -0.002038, 0.002282, -0.039969, 0.999198),
      ["Tentacle1_2"] = CFrame.new(-0.026527, -2.571809, -4.108116, 0.036460, -0.030011, 0.998884, -0.995051, 0.091365, 0.039066, -0.092436, -0.995365, -0.026531),
      ["­¤ī¦’ĖÅ­¤ś│­¤æ╗­¤Å│’ĖÅŌĆŹ­¤īł­¤śé­¤Æ×­¤Å┤ŌĆŹŌśĀ’ĖÅ­¤ÄĖ­¤ī¦’ĖÅ­¤ś│­¤æ╗­¤Å│’ĖÅŌĆŹ­¤īł­¤śé­¤Æ×­¤Å┤ŌĆŹŌś"] = CFrame.new(0.000000, 0.000000, 0.000000, 0.967971, -0.251061, 0.000000, 0.251061, 0.967971, 0.000000, 0.000000, 0.000000, 1.000000)
    }},
    { Time = 0.117, Data = {
      ["Head"] = CFrame.new(0.000000, 0.000000, -0.000000, 1.000000, -0.000000, 0.000000, 0.000000, 0.883536, 0.468363, -0.000000, -0.468363, 0.883536),
      ["LeftUpperArm"] = CFrame.new(0.775632, -0.071890, 0.202382, 0.960463, -0.187985, 0.205361, 0.125073, 0.950341, 0.284973, -0.248733, -0.248021, 0.936278),
      ["LeftUpperLeg"] = CFrame.new(-0.169805, 0.066921, -0.208784, 0.885969, 0.269608, 0.377319, -0.448179, 0.706818, 0.547306, -0.119138, -0.654002, 0.747052),
      ["LowerTorso"] = CFrame.new(-0.005419, 0.333614, -0.344712, 0.999473, 0.005382, -0.032013, -0.032422, 0.214746, -0.976132, 0.001621, 0.976655, 0.214808),
      ["RightUpperArm"] = CFrame.new(-0.679155, -0.070157, 0.217525, 0.959552, 0.147493, -0.239804, -0.079130, 0.958739, 0.273052, 0.270182, -0.243032, 0.931631),
      ["RightUpperLeg"] = CFrame.new(0.110191, 0.114911, -0.193471, 0.942363, -0.263486, -0.206220, 0.334092, 0.707311, 0.622971, -0.018282, -0.655962, 0.754573),
      ["TTC10_1"] = CFrame.new(0.000000, 0.000000, 0.000000, 0.984812, -0.173621, 0.000000, 0.173621, 0.984812, 0.000000, 0.000000, 0.000000, 1.000000),
      ["TTC10_2"] = CFrame.new(0.000000, 0.000000, 0.000000, 0.999992, -0.003971, 0.000000, 0.003971, 0.999992, 0.000000, 0.000000, 0.000000, 1.000000),
      ["TTC11_1"] = CFrame.new(0.000000, 0.000000, 0.000000, 0.710165, -0.704035, 0.000000, 0.704035, 0.710165, 0.000000, 0.000000, 0.000000, 1.000000),
      ["TTC11_2"] = CFrame.new(0.000000, 0.000000, 0.000000, 0.999159, 0.040994, 0.000000, -0.040994, 0.999159, -0.000000, -0.000000, 0.000000, 1.000000),
      ["TTC12_1"] = CFrame.new(-0.000000, -0.000000, 0.000000, 0.884824, -0.465926, 0.000000, 0.465926, 0.884824, 0.000000, 0.000000, 0.000000, 1.000000),
      ["TTC2_1"] = CFrame.new(0.000000, 0.000000, 0.000005, 0.989484, -0.144639, 0.000000, 0.144639, 0.989484, 0.000000, 0.000000, 0.000000, 1.000000),
      ["TTC2_2"] = CFrame.new(0.000000, 0.000001, 0.000008, 0.962229, -0.272242, 0.000000, 0.272242, 0.962229, 0.000000, 0.000000, 0.000000, 1.000000),
      ["TTC3_1"] = CFrame.new(0.000000, 0.000000, 0.000000, 0.999222, -0.039441, 0.000000, 0.039441, 0.999222, 0.000000, 0.000000, 0.000000, 1.000000),
      ["TTC3_2"] = CFrame.new(0.000000, 0.000000, 0.000000, 0.957938, -0.286976, 0.000000, 0.286976, 0.957938, 0.000000, 0.000000, 0.000000, 1.000000),
      ["TTC4_1"] = CFrame.new(0.000000, 0.000000, 0.000000, 0.977654, -0.210218, 0.000000, 0.210218, 0.977654, 0.000000, 0.000000, 0.000000, 1.000000),
      ["TTC4_2"] = CFrame.new(-0.000000, 0.000000, 0.000000, 0.938283, -0.345867, 0.000000, 0.345867, 0.938283, 0.000000, 0.000000, 0.000000, 1.000000),
      ["TTC5_1"] = CFrame.new(0.000000, 0.000000, -0.000000, 0.896486, -0.443072, 0.000345, 0.443072, 0.896486, -0.000717, 0.000009, 0.000796, 1.000000),
      ["TTC5_2"] = CFrame.new(-0.000000, -0.000000, 0.000000, 0.958537, -0.284970, 0.000000, 0.284970, 0.958537, 0.000000, 0.000000, 0.000000, 1.000000),
      ["TTC6_1"] = CFrame.new(0.000000, 0.000000, 0.000000, 0.705480, -0.708730, 0.000000, 0.708730, 0.705480, 0.000000, 0.000000, 0.000000, 1.000000),
      ["TTC6_2"] = CFrame.new(0.000000, -0.000000, 0.000000, 0.992635, -0.121145, 0.000000, 0.121145, 0.992635, 0.000000, 0.000000, 0.000000, 1.000000),
      ["TTC7_1"] = CFrame.new(-0.000000, -0.000000, 0.000000, 0.837067, -0.547101, 0.000000, 0.547101, 0.837067, 0.000000, 0.000000, 0.000000, 1.000000),
      ["TTC7_2"] = CFrame.new(0.000000, 0.000000, 0.000000, 0.996348, -0.085381, 0.000000, 0.085381, 0.996348, 0.000000, 0.000000, 0.000000, 1.000000),
      ["TTC8_1"] = CFrame.new(0.000000, 0.000000, -0.000000, 0.906068, -0.422970, 0.011724, 0.422937, 0.906144, 0.005343, -0.012883, 0.000118, 0.999917),
      ["TTC8_2"] = CFrame.new(0.000000, 0.000000, 0.000000, 0.999927, -0.012085, 0.000000, 0.012085, 0.999927, 0.000000, 0.000000, 0.000000, 1.000000),
      ["TTC9_1"] = CFrame.new(-0.000000, 0.000000, 0.000000, 0.781846, -0.623471, 0.000000, 0.623471, 0.781846, 0.000000, 0.000000, 0.000000, 1.000000),
      ["TTC9_2"] = CFrame.new(0.000000, 0.000000, 0.000000, 0.999998, -0.001985, 0.000000, 0.001985, 0.999998, 0.000000, 0.000000, 0.000000, 1.000000),
      ["Tentacle1_1"] = CFrame.new(0.944746, -2.593105, 0.073051, -0.107600, 0.993417, 0.039297, -0.994190, -0.107638, -0.001144, 0.003094, -0.039192, 0.999227),
      ["Tentacle1_2"] = CFrame.new(-0.026527, -2.571809, -4.108116, 0.036565, -0.030065, 0.998879, -0.995347, 0.088067, 0.039087, -0.089144, -0.995661, -0.026705),
      ["­¤ī¦’ĖÅ­¤ś│­¤æ╗­¤Å│’ĖÅŌĆŹ­¤īł­¤śé­¤Æ×­¤Å┤ŌĆŹŌśĀ’ĖÅ­¤ÄĖ­¤ī¦’ĖÅ­¤ś│­¤æ╗­¤Å│’ĖÅŌĆŹ­¤īł­¤śé­¤Æ×­¤Å┤ŌĆŹŌś"] = CFrame.new(0.000000, 0.000000, 0.000000, 0.968688, -0.248281, 0.000000, 0.248281, 0.968688, 0.000000, 0.000000, 0.000000, 1.000000)
    }},
    { Time = 0.133, Data = {
      ["Head"] = CFrame.new(0.000000, 0.000000, 0.000000, 1.000000, -0.000000, 0.000000, 0.000000, 0.884575, 0.466398, -0.000000, -0.466398, 0.884575),
      ["LeftUpperArm"] = CFrame.new(0.775567, -0.071814, 0.202722, 0.960850, -0.188233, 0.203314, 0.126243, 0.950628, 0.283495, -0.246639, -0.246729, 0.937173),
      ["LeftUpperLeg"] = CFrame.new(-0.169806, 0.066913, -0.208766, 0.885966, 0.271244, 0.376153, -0.448195, 0.709127, 0.544298, -0.119103, -0.650819, 0.749832),
      ["LowerTorso"] = CFrame.new(-0.005506, 0.331846, -0.346277, 0.999475, 0.005458, -0.031942, -0.032367, 0.216044, -0.975847, 0.001575, 0.976368, 0.216107),
      ["RightUpperArm"] = CFrame.new(-0.678925, -0.070016, 0.218223, 0.960498, 0.148368, -0.235439, -0.081913, 0.959274, 0.270342, 0.265960, -0.240377, 0.933533),
      ["RightUpperLeg"] = CFrame.new(0.110184, 0.114931, -0.193482, 0.942377, -0.264328, -0.205075, 0.334053, 0.710000, 0.619926, -0.018260, -0.652710, 0.757388),
      ["TTC10_1"] = CFrame.new(0.000000, 0.000000, 0.000000, 0.985022, -0.172426, 0.000000, 0.172426, 0.985022, 0.000000, 0.000000, 0.000000, 1.000000),
      ["TTC10_2"] = CFrame.new(0.000000, -0.000000, 0.000000, 0.999987, -0.005093, 0.000000, 0.005093, 0.999987, 0.000000, 0.000000, 0.000000, 1.000000),
      ["TTC11_1"] = CFrame.new(0.000000, -0.000000, 0.000000, 0.704618, -0.709586, 0.000000, 0.709586, 0.704618, 0.000000, 0.000000, 0.000000, 1.000000),
      ["TTC11_2"] = CFrame.new(0.000000, 0.000000, 0.000000, 0.998605, 0.052811, 0.000000, -0.052811, 0.998605, -0.000000, -0.000000, 0.000000, 1.000000),
      ["TTC12_1"] = CFrame.new(-0.000000, -0.000000, 0.000000, 0.884824, -0.465926, 0.000000, 0.465926, 0.884824, 0.000000, 0.000000, 0.000000, 1.000000),
      ["TTC2_1"] = CFrame.new(-0.000000, 0.000000, 0.000005, 0.989721, -0.143012, 0.000000, 0.143012, 0.989721, 0.000000, 0.000000, 0.000000, 1.000000),
      ["TTC2_2"] = CFrame.new(0.000000, 0.000001, 0.000008, 0.963825, -0.266536, 0.000000, 0.266536, 0.963825, 0.000000, 0.000000, 0.000000, 1.000000),
      ["TTC3_1"] = CFrame.new(0.000000, 0.000000, 0.000000, 0.999198, -0.040045, 0.000000, 0.040045, 0.999198, 0.000000, 0.000000, 0.000000, 1.000000),
      ["TTC3_2"] = CFrame.new(0.000000, 0.000000, 0.000000, 0.958412, -0.285388, 0.000000, 0.285388, 0.958412, 0.000000, 0.000000, 0.000000, 1.000000),
      ["TTC4_1"] = CFrame.new(0.000000, 0.000000, 0.000000, 0.978018, -0.208521, 0.000000, 0.208521, 0.978018, 0.000000, 0.000000, 0.000000, 1.000000),
