return {
  ["Astros Carry Bounce"] = {
    { Time = 0.000, Data = {
      ["Balls"] = CFrame.new(-0.000000, -0.000001, 0.000000, 0.998832, -0.048326, 0.000000, 0.048326, 0.998832, 0.000000, 0.000000, 0.000000, 1.000000),
      ["Cock"] = CFrame.new(0.000000, -0.000000, 0.000000, 0.526614, 0.850104, 0.000000, -0.850104, 0.526614, -0.000000, -0.000000, 0.000000, 1.000000),
      ["Head"] = CFrame.new(0.000000, 0.000000, 0.000000, 1.000000, 0.000000, 0.000000, 0.000000, 0.997848, -0.065569, 0.000000, 0.065569, 0.997848),
      ["LeftUpperArm"] = CFrame.new(0.230254, -1.627866, -0.940299, 0.949155, -0.312900, -0.034603, -0.297390, -0.855151, -0.424589, 0.103263, 0.413292, -0.904725),
      ["LeftUpperLeg"] = CFrame.new(-0.000998, -0.015894, -0.027276, 0.998005, 0.022203, 0.059105, -0.031788, 0.985524, 0.166532, -0.054552, -0.168078, 0.984263),
      ["LowerTorso"] = CFrame.new(0.000000, 0.016274, -0.179678, 1.000000, 0.000000, 0.000000, 0.000000, 0.983726, -0.179678, 0.000000, 0.179678, 0.983726),
      ["RightUpperArm"] = CFrame.new(-0.135300, -1.650823, -0.905835, 0.933225, 0.343980, 0.103775, 0.352765, -0.822410, -0.446318, -0.068179, 0.453123, -0.888837),
      ["RightUpperLeg"] = CFrame.new(0.000893, -0.011216, -0.027671, 0.998216, -0.012826, -0.058320, 0.022425, 0.985691, 0.167065, 0.055342, -0.168075, 0.984220)
    }},
    { Time = 0.017, Data = {
      ["Balls"] = CFrame.new(-0.000000, -0.000003, 0.000000, 0.998493, -0.054880, 0.000000, 0.054880, 0.998493, 0.000000, 0.000000, 0.000000, 1.000000),
      ["Cock"] = CFrame.new(-0.000157, -0.000116, 0.000000, 0.526614, 0.850104, 0.000000, -0.850104, 0.526614, -0.000000, -0.000000, 0.000000, 1.000000),
      ["Head"] = CFrame.new(0.000000, 0.000000, 0.000000, 1.000000, 0.000000, 0.000000, 0.000000, 0.998367, -0.057122, 0.000000, 0.057122, 0.998367),
      ["LeftUpperArm"] = CFrame.new(0.230328, -1.627112, -0.938698, 0.949167, -0.312618, -0.036754, -0.297373, -0.852286, -0.430323, 0.103202, 0.419378, -0.901926),
      ["LeftUpperLeg"] = CFrame.new(-0.000998, -0.015900, -0.027273, 0.998005, 0.022191, 0.059110, -0.031800, 0.985451, 0.166958, -0.054545, -0.168505, 0.984190),
      ["LowerTorso"] = CFrame.new(0.000000, 0.016274, -0.179728, 1.000000, 0.000000, 0.000000, 0.000000, 0.983648, -0.180104, 0.000000, 0.180104, 0.983648),
      ["RightUpperArm"] = CFrame.new(-0.135547, -1.649773, -0.903766, 0.933224, 0.343041, 0.106842, 0.352770, -0.818420, -0.453589, -0.068158, 0.460991, -0.884784),
      ["RightUpperLeg"] = CFrame.new(0.000894, -0.011265, -0.027665, 0.998214, -0.012899, -0.058330, 0.022523, 0.985617, 0.167489, 0.055330, -0.168504, 0.984147)
    }},
    { Time = 0.033, Data = {
      ["Balls"] = CFrame.new(-0.000000, -0.000002, 0.000000, 0.998122, -0.061260, 0.000000, 0.061260, 0.998122, 0.000000, 0.000000, 0.000000, 1.000000),
      ["Cock"] = CFrame.new(-0.000628, -0.000462, 0.000000, 0.526698, 0.850052, 0.000000, -0.850052, 0.526698, -0.000000, -0.000000, 0.000000, 1.000000),
      ["Head"] = CFrame.new(0.000000, -0.000000, 0.000000, 1.000000, 0.000000, 0.000000, 0.000000, 0.998815, -0.048671, 0.000000, 0.048671, 0.998815),
      ["LeftUpperArm"] = CFrame.new(0.230379, -1.626341, -0.937106, 0.949148, -0.312425, -0.038841, -0.297420, -0.849352, -0.436054, 0.103245, 0.425431, -0.899082),
      ["LeftUpperLeg"] = CFrame.new(-0.001001, -0.015963, -0.027302, 0.997998, 0.022233, 0.059217, -0.031926, 0.985244, 0.168149, -0.054604, -0.169703, 0.983981),
      ["LowerTorso"] = CFrame.new(0.000000, 0.016261, -0.179798, 1.000000, 0.000000, 0.000000, 0.000000, 0.983428, -0.181297, 0.000000, 0.181297, 0.983428),
      ["RightUpperArm"] = CFrame.new(-0.135791, -1.648728, -0.901748, 0.933223, 0.342112, 0.109791, 0.352767, -0.814442, -0.460694, -0.068190, 0.468661, -0.880742),
      ["RightUpperLeg"] = CFrame.new(0.000894, -0.011283, -0.027658, 0.998214, -0.012861, -0.058338, 0.022559, 0.985397, 0.168770, 0.055316, -0.169784, 0.983928)
    }},
    { Time = 0.050, Data = {
      ["Balls"] = CFrame.new(-0.000000, -0.000002, 0.000000, 0.997716, -0.067552, 0.000000, 0.067552, 0.997716, 0.000000, 0.000000, 0.000000, 1.000000),
      ["Cock"] = CFrame.new(-0.001407, -0.001035, 0.000000, 0.526866, 0.849948, 0.000000, -0.849948, 0.526866, -0.000000, -0.000000, 0.000000, 1.000000),
      ["Head"] = CFrame.new(0.000000, 0.000000, -0.000000, 1.000000, 0.000000, 0.000000, 0.000000, 0.999180, -0.040477, 0.000000, 0.040477, 0.999180),
      ["LeftUpperArm"] = CFrame.new(0.230453, -1.625586, -0.935558, 0.949155, -0.312144, -0.040880, -0.297399, -0.846481, -0.441614, 0.103244, 0.431318, -0.896273),
      ["LeftUpperLeg"] = CFrame.new(-0.001001, -0.015991, -0.027286, 0.997998, 0.022172, 0.059240, -0.031983, 0.984891, 0.170197, -0.054571, -0.171751, 0.983628),
      ["LowerTorso"] = CFrame.new(0.000000, 0.016238, -0.179900, 1.000000, 0.000000, 0.000000, 0.000000, 0.983065, -0.183258, 0.000000, 0.183258, 0.983065),
      ["RightUpperArm"] = CFrame.new(-0.136060, -1.647684, -0.899758, 0.933251, 0.341089, 0.112699, 0.352694, -0.810471, -0.467701, -0.068188, 0.476231, -0.876673),
      ["RightUpperLeg"] = CFrame.new(0.000892, -0.011351, -0.027599, 0.998217, -0.012894, -0.058273, 0.022695, 0.985041, 0.170816, 0.055199, -0.171834, 0.983578)
    }},
    { Time = 0.067, Data = {
      ["Balls"] = CFrame.new(-0.000000, -0.000002, 0.000000, 0.997283, -0.073669, 0.000000, 0.073669, 0.997283, 0.000000, 0.000000, 0.000000, 1.000000),
      ["Cock"] = CFrame.new(-0.002485, -0.001829, 0.000000, 0.527118, 0.849792, 0.000000, -0.849792, 0.527118, -0.000000, -0.000000, 0.000000, 1.000000),
      ["Head"] = CFrame.new(0.000000, -0.000000, 0.000000, 1.000000, 0.000000, 0.000000, 0.000000, 0.999468, -0.032625, 0.000000, 0.032625, 0.999468),
      ["LeftUpperArm"] = CFrame.new(0.230528, -1.624852, -0.934077, 0.949160, -0.311859, -0.042876, -0.297394, -0.843691, -0.446926, 0.103204, 0.436955, -0.893543),
      ["LeftUpperLeg"] = CFrame.new(-0.001002, -0.016074, -0.027259, 0.997995, 0.022173, 0.059279, -0.032147, 0.984395, 0.173010, -0.054518, -0.174569, 0.983135),
      ["LowerTorso"] = CFrame.new(0.000000, 0.016216, -0.180053, 1.000000, 0.000000, 0.000000, 0.000000, 0.982553, -0.185984, 0.000000, 0.185984, 0.982553),
      ["RightUpperArm"] = CFrame.new(-0.136308, -1.646659, -0.897856, 0.933245, 0.340146, 0.115562, 0.352718, -0.806575, -0.474371, -0.068146, 0.483465, -0.872707),
      ["RightUpperLeg"] = CFrame.new(0.000893, -0.011433, -0.027579, 0.998216, -0.012896, -0.058299, 0.022860, 0.984546, 0.173629, 0.055159, -0.174652, 0.983084)
    }},
    { Time = 0.083, Data = {
      ["Balls"] = CFrame.new(-0.000000, -0.000002, 0.000000, 0.996840, -0.079440, 0.000000, 0.079440, 0.996840, 0.000000, 0.000000, 0.000000, 1.000000),
      ["Cock"] = CFrame.new(-0.003851, -0.002834, 0.000000, 0.527370, 0.849636, 0.000000, -0.849636, 0.527370, -0.000000, -0.000000, 0.000000, 1.000000),
      ["Head"] = CFrame.new(0.000000, -0.000000, 0.000000, 1.000000, 0.000000, 0.000000, 0.000000, 0.999687, -0.025031, 0.000000, 0.025031, 0.999687),
      ["LeftUpperArm"] = CFrame.new(0.230599, -1.624140, -0.932662, 0.949162, -0.311590, -0.044746, -0.297386, -0.840984, -0.452004, 0.103209, 0.442332, -0.890893),
      ["LeftUpperLeg"] = CFrame.new(-0.001004, -0.016166, -0.027226, 0.997993, 0.022151, 0.059327, -0.032332, 0.983754, 0.176589, -0.054451, -0.178152, 0.982495),
      ["LowerTorso"] = CFrame.new(0.000000, 0.016207, -0.180285, 1.000000, 0.000000, 0.000000, 0.000000, 0.981885, -0.189476, 0.000000, 0.189476, 0.981885),
      ["RightUpperArm"] = CFrame.new(-0.136543, -1.645663, -0.896047, 0.933241, 0.339251, 0.118195, 0.352717, -0.802793, -0.480744, -0.068207, 0.490339, -0.868859),
      ["RightUpperLeg"] = CFrame.new(0.000894, -0.011527, -0.027554, 0.998214, -0.012876, -0.058330, 0.023046, 0.983904, 0.177207, 0.055109, -0.178235, 0.982443)
    }},
    { Time = 0.100, Data = {
      ["Balls"] = CFrame.new(-0.000000, -0.000002, 0.000000, 0.996385, -0.084950, 0.000000, 0.084950, 0.996385, 0.000000, 0.000000, 0.000000, 1.000000),
      ["Cock"] = CFrame.new(-0.005490, -0.004040, 0.000000, 0.527706, 0.849427, 0.000000, -0.849427, 0.527706, -0.000000, -0.000000, 0.000000, 1.000000),
      ["Head"] = CFrame.new(0.000000, 0.000000, 0.000000, 1.000000, 0.000000, 0.000000, 0.000000, 0.999840, -0.017868, 0.000000, 0.017868, 0.999840),
      ["LeftUpperArm"] = CFrame.new(0.230665, -1.623451, -0.931315, 0.949161, -0.311339, -0.046491, -0.297374, -0.838366, -0.456849, 0.103258, 0.447449, -0.888328),
      ["LeftUpperLeg"] = CFrame.new(-0.001006, -0.016312, -0.027182, 0.997988, 0.022191, 0.059391, -0.032624, 0.982955, 0.180930, -0.054364, -0.182503, 0.981701),
      ["LowerTorso"] = CFrame.new(0.000000, 0.016193, -0.180460, 1.000000, 0.000000, 0.000000, 0.000000, 0.981088, -0.193562, 0.000000, 0.193562, 0.981088),
      ["RightUpperArm"] = CFrame.new(-0.136776, -1.644713, -0.894346, 0.933235, 0.338367, 0.120747, 0.352736, -0.799179, -0.486714, -0.068190, 0.496810, -0.865176),
      ["RightUpperLeg"] = CFrame.new(0.000896, -0.011672, -0.027521, 0.998211, -0.012921, -0.058373, 0.023338, 0.983121, 0.181464, 0.055043, -0.182501, 0.981664)
    }},
    { Time = 0.117, Data = {
      ["Balls"] = CFrame.new(-0.000000, -0.000002, 0.000000, 0.995947, -0.089943, 0.000000, 0.089943, 0.995947, 0.000000, 0.000000, 0.000000, 1.000000),
      ["Cock"] = CFrame.new(-0.007383, -0.005434, 0.000000, 0.528125, 0.849167, 0.000000, -0.849167, 0.528125, -0.000000, -0.000000, 0.000000, 1.000000),
      ["Head"] = CFrame.new(0.000000, 0.000000, -0.000000, 1.000000, 0.000000, 0.000000, 0.000000, 0.999936, -0.011308, 0.000000, 0.011308, 0.999936),
      ["LeftUpperArm"] = CFrame.new(0.230729, -1.622821, -0.930097, 0.949159, -0.311093, -0.048152, -0.297391, -0.835965, -0.461217, 0.103228, 0.452089, -0.885980),
      ["LeftUpperLeg"] = CFrame.new(-0.001007, -0.016424, -0.027137, 0.997986, 0.022128, 0.059455, -0.032847, 0.982026, 0.185867, -0.054274, -0.187445, 0.980775),
      ["LowerTorso"] = CFrame.new(0.000000, 0.016224, -0.180790, 1.000000, 0.000000, 0.000000, 0.000000, 0.980119, -0.198410, 0.000000, 0.198410, 0.980119),
      ["RightUpperArm"] = CFrame.new(-0.136996, -1.643834, -0.892793, 0.933230, 0.337531, 0.123106, 0.352758, -0.795833, -0.492151, -0.068144, 0.502716, -0.861762),
      ["RightUpperLeg"] = CFrame.new(0.000897, -0.011827, -0.027484, 0.998208, -0.012946, -0.058422, 0.023648, 0.982190, 0.186398, 0.054968, -0.187446, 0.980736)
    }},
    { Time = 0.133, Data = {
      ["Balls"] = CFrame.new(-0.000000, -0.000002, 0.000000, 0.995516, -0.094589, 0.000000, 0.094589, 0.995516, 0.000000, 0.000000, 0.000000, 1.000000),
      ["Cock"] = CFrame.new(-0.009511, -0.007000, 0.000000, 0.528544, 0.848906, 0.000000, -0.848906, 0.528544, -0.000000, -0.000000, 0.000000, 1.000000),
      ["Head"] = CFrame.new(0.000000, 0.000000, -0.000000, 1.000000, 0.000000, 0.000000, 0.000000, 0.999986, -0.005266, 0.000000, 0.005266, 0.999986),
      ["LeftUpperArm"] = CFrame.new(0.230787, -1.622236, -0.928983, 0.949153, -0.310873, -0.049660, -0.297413, -0.833746, -0.465202, 0.103215, 0.456318, -0.883811),
      ["LeftUpperLeg"] = CFrame.new(-0.001012, -0.016590, -0.027125, 0.997976, 0.022123, 0.059620, -0.033180, 0.980953, 0.191392, -0.054250, -0.192982, 0.979701),
      ["LowerTorso"] = CFrame.new(0.000000, 0.016269, -0.181067, 1.000000, 0.000000, 0.000000, 0.000000, 0.979020, -0.203765, 0.000000, 0.203765, 0.979020),
      ["RightUpperArm"] = CFrame.new(-0.137198, -1.643014, -0.891371, 0.933228, 0.336762, 0.125206, 0.352758, -0.792719, -0.497150, -0.068168, 0.508122, -0.858583),
      ["RightUpperLeg"] = CFrame.new(0.000899, -0.011991, -0.027442, 0.998205, -0.012953, -0.058475, 0.023974, 0.981117, 0.191925, 0.054885, -0.192982, 0.979666)
    }},
    { Time = 0.150, Data = {
      ["Balls"] = CFrame.new(-0.000000, -0.000002, 0.000000, 0.995124, -0.098632, 0.000000, 0.098632, 0.995124, 0.000000, 0.000000, 0.000000, 1.000000),
      ["Cock"] = CFrame.new(-0.011849, -0.008721, 0.000000, 0.529047, 0.848593, 0.000000, -0.848593, 0.529047, -0.000000, -0.000000, 0.000000, 1.000000),
      ["LeftUpperArm"] = CFrame.new(0.230859, -1.621720, -0.927997, 0.949172, -0.310601, -0.050979, -0.297363, -0.831785, -0.468731, 0.103185, 0.460066, -0.881869),
      ["LeftUpperLeg"] = CFrame.new(-0.001015, -0.016760, -0.027064, 0.997971, 0.022109, 0.059706, -0.033521, 0.979728, 0.197508, -0.054129, -0.199109, 0.978481),
      ["LowerTorso"] = CFrame.new(0.000000, 0.016349, -0.181346, 1.000000, 0.000000, 0.000000, 0.000000, 0.977782, -0.209624, 0.000000, 0.209624, 0.977782),
      ["RightUpperArm"] = CFrame.new(-0.137384, -1.642284, -0.890116, 0.933228, 0.336053, 0.127099, 0.352763, -0.789941, -0.501549, -0.068146, 0.512896, -0.855742),
      ["RightUpperLeg"] = CFrame.new(0.000900, -0.012162, -0.027396, 0.998202, -0.012942, -0.058532, 0.024317, 0.979892, 0.198042, 0.054792, -0.199109, 0.978444)
    }},
    { Time = 0.167, Data = {
      ["Balls"] = CFrame.new(0.000000, -0.000002, 0.000000, 0.994768, -0.102158, 0.000000, 0.102158, 0.994768, 0.000000, 0.000000, 0.000000, 1.000000),
      ["Cock"] = CFrame.new(-0.014373, -0.010578, 0.000000, 0.529550, 0.848279, 0.000000, -0.848279, 0.529550, -0.000000, -0.000000, 0.000000, 1.000000),
      ["Head"] = CFrame.new(0.000000, 0.000000, -0.000000, 1.000000, -0.000000, 0.000000, 0.000000, 0.999989, 0.004661, -0.000000, -0.004661, 0.999989),
      ["LeftUpperArm"] = CFrame.new(0.230896, -1.621261, -0.927145, 0.949159, -0.310461, -0.052070, -0.297380, -0.830034, -0.471815, 0.103260, 0.463312, -0.880159),
      ["LeftUpperLeg"] = CFrame.new(-0.001017, -0.016937, -0.026999, 0.997966, 0.022081, 0.059797, -0.033873, 0.978376, 0.204044, -0.053998, -0.205654, 0.977134),
      ["LowerTorso"] = CFrame.new(0.000000, 0.016484, -0.181686, 1.000000, 0.000000, 0.000000, 0.000000, 0.976396, -0.215987, 0.000000, 0.215987, 0.976396),
      ["RightUpperArm"] = CFrame.new(-0.137548, -1.641644, -0.889029, 0.933232, 0.335430, 0.128704, 0.352750, -0.787508, -0.505369, -0.068160, 0.517027, -0.853251),
      ["RightUpperLeg"] = CFrame.new(0.000903, -0.012383, -0.027341, 0.998197, -0.013004, -0.058602, 0.024758, 0.978538, 0.204575, 0.054684, -0.205656, 0.977095)
    }},
    { Time = 0.183, Data = {
      ["Balls"] = CFrame.new(0.000000, -0.000002, 0.000000, 0.994455, -0.105167, 0.000000, 0.105167, 0.994455, 0.000000, 0.000000, 0.000000, 1.000000),
      ["Cock"] = CFrame.new(-0.017053, -0.012551, 0.000000, 0.530136, 0.847913, 0.000000, -0.847913, 0.530136, -0.000000, -0.000000, 0.000000, 1.000000),
      ["Head"] = CFrame.new(0.000000, 0.000000, -0.000000, 1.000000, -0.000000, 0.000000, 0.000000, 0.999963, 0.008546, -0.000000, -0.008546, 0.999963),
      ["LeftUpperArm"] = CFrame.new(0.230950, -1.620882, -0.926432, 0.949173, -0.310254, -0.053041, -0.297349, -0.828595, -0.474356, 0.103221, 0.466018, -0.878734),
      ["LeftUpperLeg"] = CFrame.new(-0.001022, -0.017123, -0.026972, 0.997957, 0.022030, 0.059979, -0.034246, 0.976887, 0.210994, -0.053945, -0.212617, 0.975645),
      ["LowerTorso"] = CFrame.new(0.000000, 0.016681, -0.182067, 1.000000, 0.000000, 0.000000, 0.000000, 0.974872, -0.222766, 0.000000, 0.222766, 0.974872),
      ["RightUpperArm"] = CFrame.new(-0.137687, -1.641111, -0.888130, 0.933241, 0.334902, 0.130007, 0.352719, -0.785479, -0.508540, -0.068193, 0.520446, -0.851167),
      ["RightUpperLeg"] = CFrame.new(0.000905, -0.012610, -0.027283, 0.998192, -0.013050, -0.058676, 0.025212, 0.977029, 0.211609, 0.054566, -0.212706, 0.975591)
    }},
    { Time = 0.200, Data = {
      ["Balls"] = CFrame.new(0.000000, -0.000001, 0.000000, 0.994206, -0.107488, 0.000000, 0.107488, 0.994206, 0.000000, 0.000000, 0.000000, 1.000000),
      ["Cock"] = CFrame.new(-0.019862, -0.014618, 0.000000, 0.530721, 0.847547, 0.000000, -0.847547, 0.530721, -0.000000, -0.000000, 0.000000, 1.000000),
      ["Head"] = CFrame.new(0.000000, -0.000000, 0.000000, 1.000000, -0.000000, 0.000000, 0.000000, 0.999933, 0.011567, -0.000000, -0.011567, 0.999933),
      ["LeftUpperArm"] = CFrame.new(0.230974, -1.620573, -0.925868, 0.949157, -0.310164, -0.053854, -0.297411, -0.827419, -0.476367, 0.103192, 0.468163, -0.877596),
      ["LeftUpperLeg"] = CFrame.new(-0.001026, -0.017352, -0.026894, 0.997949, 0.022063, 0.060090, -0.034704, 0.975270, 0.218275, -0.053788, -0.219913, 0.974036),
      ["LowerTorso"] = CFrame.new(0.000000, 0.016921, -0.182388, 1.000000, 0.000000, 0.000000, 0.000000, 0.973240, -0.229790, 0.000000, 0.229790, 0.973240),
      ["RightUpperArm"] = CFrame.new(-0.137786, -1.640676, -0.887413, 0.933221, 0.334526, 0.131113, 0.352773, -0.783829, -0.511042, -0.068187, 0.523168, -0.849497),
      ["RightUpperLeg"] = CFrame.new(0.000908, -0.012841, -0.027221, 0.998187, -0.013088, -0.058753, 0.025673, 0.975412, 0.218890, 0.054443, -0.220002, 0.973979)
    }},
    { Time = 0.217, Data = {
      ["Balls"] = CFrame.new(0.000000, -0.000001, 0.000000, 0.994029, -0.109120, 0.000000, 0.109120, 0.994029, 0.000000, 0.000000, 0.000000, 1.000000),
      ["Cock"] = CFrame.new(-0.022769, -0.016757, 0.000000, 0.531306, 0.847180, 0.000000, -0.847180, 0.531306, -0.000000, -0.000000, 0.000000, 1.000000),
      ["Head"] = CFrame.new(0.000000, 0.000000, -0.000000, 1.000000, -0.000000, 0.000000, 0.000000, 0.999905, 0.013811, -0.000000, -0.013811, 0.999905),
      ["LeftUpperArm"] = CFrame.new(0.231003, -1.620348, -0.925453, 0.949163, -0.310052, -0.054381, -0.297382, -0.826564, -0.477866, 0.103213, 0.469744, -0.876748),
      ["LeftUpperLeg"] = CFrame.new(-0.001028, -0.017542, -0.026817, 0.997944, 0.022002, 0.060194, -0.035084, 0.973541, 0.225802, -0.053633, -0.227450, 0.972312),
      ["LowerTorso"] = CFrame.new(0.000000, 0.017247, -0.182805, 1.000000, 0.000000, 0.000000, 0.000000, 0.971475, -0.237144, 0.000000, 0.237144, 0.971475),
      ["RightUpperArm"] = CFrame.new(-0.137878, -1.640373, -0.886902, 0.933238, 0.334178, 0.131879, 0.352734, -0.782676, -0.512833, -0.068159, 0.525113, -0.848299),
      ["RightUpperLeg"] = CFrame.new(0.000908, -0.013070, -0.027114, 0.998187, -0.013128, -0.058747, 0.026131, 0.973680, 0.226416, 0.054228, -0.227541, 0.972257)
    }},
    { Time = 0.233, Data = {
      ["Balls"] = CFrame.new(0.000000, -0.000001, 0.000000, 0.993915, -0.110152, 0.000000, 0.110152, 0.993915, 0.000000, 0.000000, 0.000000, 1.000000),
      ["Cock"] = CFrame.new(-0.025741, -0.018944, 0.000000, 0.531975, 0.846760, 0.000000, -0.846760, 0.531975, -0.000000, -0.000000, 0.000000, 1.000000),
      ["Head"] = CFrame.new(0.000000, -0.000000, 0.000000, 1.000000, -0.000000, 0.000000, 0.000000, 0.999886, 0.015106, -0.000000, -0.015106, 0.999886),
      ["LeftUpperArm"] = CFrame.new(0.231022, -1.620224, -0.925223, 0.949168, -0.309982, -0.054700, -0.297374, -0.826093, -0.478685, 0.103196, 0.470619, -0.876282),
      ["LeftUpperLeg"] = CFrame.new(-0.001033, -0.017738, -0.026780, 0.997934, 0.021924, 0.060387, -0.035477, 0.971712, 0.233487, -0.053559, -0.235147, 0.970483),
      ["LowerTorso"] = CFrame.new(0.000000, 0.017618, -0.183140, 1.000000, 0.000000, 0.000000, 0.000000, 0.969631, -0.244571, 0.000000, 0.244571, 0.969631),
      ["RightUpperArm"] = CFrame.new(-0.137920, -1.640185, -0.886595, 0.933229, 0.334015, 0.132353, 0.352758, -0.781963, -0.513902, -0.068156, 0.526277, -0.847577),
      ["RightUpperLeg"] = CFrame.new(0.000910, -0.013305, -0.027046, 0.998181, -0.013152, -0.058829, 0.026602, 0.971848, 0.234100, 0.054094, -0.235239, 0.970431)
    }},
    { Time = 0.250, Data = {
      ["Balls"] = CFrame.new(0.000000, 0.000000, 0.000000, 0.993877, -0.110495, 0.000000, 0.110495, 0.993877, 0.000000, 0.000000, 0.000000, 1.000000),
      ["Cock"] = CFrame.new(-0.028745, -0.021155, 0.000000, 0.532559, 0.846393, 0.000000, -0.846393, 0.532559, -0.000000, -0.000000, 0.000000, 1.000000),
      ["Head"] = CFrame.new(0.000000, -0.000000, 0.000000, 1.000000, -0.000000, 0.000000, 0.000000, 0.999879, 0.015537, -0.000000, -0.015537, 0.999879),
      ["LeftUpperArm"] = CFrame.new(0.231024, -1.620178, -0.925141, 0.949168, -0.309972, -0.054756, -0.297356, -0.825921, -0.478992, 0.103250, 0.470926, -0.876110),
      ["LeftUpperLeg"] = CFrame.new(-0.001037, -0.017974, -0.026693, 0.997927, 0.021939, 0.060505, -0.035948, 0.969798, 0.241244, -0.053385, -0.242919, 0.968576),
      ["LowerTorso"] = CFrame.new(0.000000, 0.018053, -0.183470, 1.000000, 0.000000, 0.000000, 0.000000, 0.967708, -0.252072, 0.000000, 0.252072, 0.967708),
      ["RightUpperArm"] = CFrame.new(-0.137935, -1.640123, -0.886493, 0.933226, 0.333961, 0.132511, 0.352766, -0.781725, -0.514259, -0.068155, 0.526665, -0.847336),
      ["RightUpperLeg"] = CFrame.new(0.000913, -0.013542, -0.026977, 0.998176, -0.013173, -0.058912, 0.027075, 0.969934, 0.241857, 0.053955, -0.243011, 0.968522)
    }},
    { Time = 0.267, Data = {
      ["Balls"] = CFrame.new(0.000000, -0.000001, 0.000000, 0.993915, -0.110152, 0.000000, 0.110152, 0.993915, 0.000000, 0.000000, 0.000000, 1.000000),
      ["Cock"] = CFrame.new(-0.031750, -0.023367, 0.000000, 0.533227, 0.845972, 0.000000, -0.845972, 0.533227, -0.000000, -0.000000, 0.000000, 1.000000),
      ["Head"] = CFrame.new(0.000000, -0.000000, 0.000000, 1.000000, -0.000000, 0.000000, 0.000000, 0.999886, 0.015106, -0.000000, -0.015106, 0.999886),
      ["LeftUpperArm"] = CFrame.new(0.231022, -1.620224, -0.925223, 0.949168, -0.309982, -0.054700, -0.297374, -0.826093, -0.478685, 0.103196, 0.470619, -0.876282),
      ["LeftUpperLeg"] = CFrame.new(-0.001039, -0.018166, -0.026610, 0.997922, 0.021868, 0.060614, -0.036332, 0.967824, 0.248992, -0.053219, -0.250677, 0.966607),
      ["LowerTorso"] = CFrame.new(0.000000, 0.018546, -0.183789, 1.000000, 0.000000, 0.000000, 0.000000, 0.965727, -0.259562, 0.000000, 0.259562, 0.965727),
      ["RightUpperArm"] = CFrame.new(-0.137920, -1.640185, -0.886595, 0.933229, 0.334015, 0.132353, 0.352758, -0.781963, -0.513902, -0.068156, 0.526277, -0.847577),
      ["RightUpperLeg"] = CFrame.new(0.000916, -0.013778, -0.026907, 0.998171, -0.013197, -0.058997, 0.027545, 0.967978, 0.249518, 0.053815, -0.250687, 0.966571)
    }},
    { Time = 0.283, Data = {
      ["Balls"] = CFrame.new(0.000000, -0.000001, 0.000000, 0.994029, -0.109120, 0.000000, 0.109120, 0.994029, 0.000000, 0.000000, 0.000000, 1.000000),
      ["Cock"] = CFrame.new(-0.034722, -0.025554, 0.000000, 0.533810, 0.845604, 0.000000, -0.845604, 0.533810, -0.000000, -0.000000, 0.000000, 1.000000),
      ["Head"] = CFrame.new(0.000000, 0.000000, -0.000000, 1.000000, -0.000000, 0.000000, 0.000000, 0.999905, 0.013811, -0.000000, -0.013811, 0.999905),
      ["LeftUpperArm"] = CFrame.new(0.231003, -1.620348, -0.925453, 0.949163, -0.310052, -0.054381, -0.297382, -0.826564, -0.477866, 0.103213, 0.469744, -0.876748),
      ["LeftUpperLeg"] = CFrame.new(-0.001046, -0.018405, -0.026563, 0.997909, 0.021873, 0.060819, -0.036811, 0.965806, 0.256639, -0.053126, -0.258341, 0.964592),
      ["LowerTorso"] = CFrame.new(0.000000, 0.019092, -0.184091, 1.000000, 0.000000, 0.000000, 0.000000, 0.963709, -0.266955, 0.000000, 0.266955, 0.963709),
      ["RightUpperArm"] = CFrame.new(-0.137878, -1.640373, -0.886902, 0.933238, 0.334178, 0.131879, 0.352734, -0.782676, -0.512833, -0.068159, 0.525113, -0.848299),
      ["RightUpperLeg"] = CFrame.new(0.000918, -0.014012, -0.026835, 0.998166, -0.013220, -0.059082, 0.028015, 0.965961, 0.257168, 0.053671, -0.258351, 0.964559)
    }},
    { Time = 0.300, Data = {
      ["Balls"] = CFrame.new(0.000000, -0.000001, 0.000000, 0.994206, -0.107488, 0.000000, 0.107488, 0.994206, 0.000000, 0.000000, 0.000000, 1.000000),
      ["Cock"] = CFrame.new(-0.037628, -0.027693, 0.000000, 0.534393, 0.845236, 0.000000, -0.845236, 0.534393, -0.000000, -0.000000, 0.000000, 1.000000),
      ["Head"] = CFrame.new(0.000000, -0.000000, 0.000000, 1.000000, -0.000000, 0.000000, 0.000000, 0.999933, 0.011567, -0.000000, -0.011567, 0.999933),
      ["LeftUpperArm"] = CFrame.new(0.230974, -1.620573, -0.925869, 0.949157, -0.310164, -0.053854, -0.297411, -0.827419, -0.476367, 0.103192, 0.468163, -0.877596),
      ["LeftUpperLeg"] = CFrame.new(-0.001048, -0.018592, -0.026481, 0.997904, 0.021811, 0.060926, -0.037185, 0.963798, 0.264027, -0.052962, -0.265739, 0.962589),
      ["LowerTorso"] = CFrame.new(0.000000, 0.019680, -0.184369, 1.000000, 0.000000, 0.000000, 0.000000, 0.961681, -0.274170, 0.000000, 0.274170, 0.961681),
      ["RightUpperArm"] = CFrame.new(-0.137786, -1.640676, -0.887414, 0.933221, 0.334526, 0.131113, 0.352773, -0.783829, -0.511042, -0.068187, 0.523168, -0.849497),
      ["RightUpperLeg"] = CFrame.new(0.000919, -0.014239, -0.026720, 0.998165, -0.013259, -0.059082, 0.028468, 0.963928, 0.264638, 0.053442, -0.265834, 0.962536)
    }},
    { Time = 0.317, Data = {
      ["Balls"] = CFrame.new(0.000000, -0.000001, 0.000000, 0.994455, -0.105167, 0.000000, 0.105167, 0.994455, 0.000000, 0.000000, 0.000000, 1.000000),
      ["Cock"] = CFrame.new(-0.040437, -0.029760, 0.000000, 0.534976, 0.844867, 0.000000, -0.844867, 0.534976, -0.000000, -0.000000, 0.000000, 1.000000),
      ["Head"] = CFrame.new(0.000000, 0.000000, -0.000000, 1.000000, -0.000000, 0.000000, 0.000000, 0.999963, 0.008546, -0.000000, -0.008546, 0.999963),
      ["LeftUpperArm"] = CFrame.new(0.230950, -1.620882, -0.926433, 0.949173, -0.310254, -0.053041, -0.297349, -0.828595, -0.474356, 0.103221, 0.466018, -0.878734),
      ["LeftUpperLeg"] = CFrame.new(-0.001051, -0.018777, -0.026399, 0.997899, 0.021753, 0.061031, -0.037554, 0.961780, 0.271235, -0.052798, -0.272957, 0.960576),
      ["LowerTorso"] = CFrame.new(0.000000, 0.020298, -0.184617, 1.000000, 0.000000, 0.000000, 0.000000, 0.959672, -0.281122, 0.000000, 0.281122, 0.959672),
      ["RightUpperArm"] = CFrame.new(-0.137687, -1.641110, -0.888129, 0.933241, 0.334902, 0.130007, 0.352719, -0.785479, -0.508540, -0.068193, 0.520446, -0.851167),
      ["RightUpperLeg"] = CFrame.new(0.000920, -0.014424, -0.026655, 0.998161, -0.013208, -0.059155, 0.028839, 0.961909, 0.271846, 0.053311, -0.273052, 0.960521)
    }},
    { Time = 0.333, Data = {
      ["Balls"] = CFrame.new(0.000000, -0.000001, 0.000000, 0.994768, -0.102158, 0.000000, 0.102158, 0.994768, 0.000000, 0.000000, 0.000000, 1.000000),
      ["Cock"] = CFrame.new(-0.043118, -0.031733, 0.000000, 0.535559, 0.844498, 0.000000, -0.844498, 0.535559, -0.000000, -0.000000, 0.000000, 1.000000),
      ["Head"] = CFrame.new(0.000000, 0.000000, -0.000000, 1.000000, -0.000000, 0.000000, 0.000000, 0.999989, 0.004661, -0.000000, -0.004661, 0.999989),
      ["LeftUpperArm"] = CFrame.new(0.230896, -1.621261, -0.927144, 0.949159, -0.310461, -0.052070, -0.297380, -0.830034, -0.471815, 0.103260, 0.463312, -0.880159),
      ["LeftUpperLeg"] = CFrame.new(-0.001053, -0.018957, -0.026320, 0.997894, 0.021705, 0.061133, -0.037914, 0.959805, 0.278097, -0.052639, -0.279829, 0.958606),
      ["LowerTorso"] = CFrame.new(0.000000, 0.020955, -0.184909, 1.000000, 0.000000, 0.000000, 0.000000, 0.957687, -0.287811, 0.000000, 0.287811, 0.957687),
      ["RightUpperArm"] = CFrame.new(-0.137549, -1.641644, -0.889028, 0.933232, 0.335430, 0.128704, 0.352750, -0.787508, -0.505369, -0.068160, 0.517027, -0.853251),
      ["RightUpperLeg"] = CFrame.new(0.000923, -0.014648, -0.026585, 0.998156, -0.013252, -0.059238, 0.029286, 0.959930, 0.278706, 0.053171, -0.279926, 0.958548)
    }},
    { Time = 0.350, Data = {
      ["Balls"] = CFrame.new(0.000000, -0.000001, 0.000000, 0.995124, -0.098632, 0.000000, 0.098632, 0.995124, 0.000000, 0.000000, 0.000000, 1.000000),
      ["Cock"] = CFrame.new(-0.045641, -0.033590, 0.000000, 0.536058, 0.844181, 0.000000, -0.844181, 0.536058, -0.000000, -0.000000, 0.000000, 1.000000),
      ["LeftUpperArm"] = CFrame.new(0.230859, -1.621720, -0.927997, 0.949172, -0.310601, -0.050979, -0.297363, -0.831785, -0.468731, 0.103185, 0.460066, -0.881869),
      ["LeftUpperLeg"] = CFrame.new(-0.001058, -0.019136, -0.026286, 0.997883, 0.021658, 0.061315, -0.038273, 0.957903, 0.284528, -0.052572, -0.286273, 0.956705),
      ["LowerTorso"] = CFrame.new(0.000000, 0.021584, -0.185065, 1.000000, 0.000000, 0.000000, 0.000000, 0.955808, -0.293990, 0.000000, 0.293990, 0.955808),
      ["RightUpperArm"] = CFrame.new(-0.137384, -1.642284, -0.890115, 0.933228, 0.336053, 0.127099, 0.352763, -0.789941, -0.501549, -0.068146, 0.512896, -0.855742),
      ["RightUpperLeg"] = CFrame.new(0.000926, -0.014865, -0.026517, 0.998150, -0.013310, -0.059320, 0.029720, 0.958026, 0.285136, 0.053035, -0.286372, 0.956650)
    }},
    { Time = 0.367, Data = {
      ["Balls"] = CFrame.new(0.000000, -0.000001, 0.000000, 0.995516, -0.094589, 0.000000, 0.094589, 0.995516, 0.000000, 0.000000, 0.000000, 1.000000),
      ["Cock"] = CFrame.new(-0.047980, -0.035311, 0.000000, 0.536557, 0.843864, 0.000000, -0.843864, 0.536557, -0.000000, -0.000000, 0.000000, 1.000000),
      ["Head"] = CFrame.new(0.000000, 0.000000, -0.000000, 1.000000, 0.000000, 0.000000, 0.000000, 0.999986, -0.005266, 0.000000, 0.005266, 0.999986),
      ["LeftUpperArm"] = CFrame.new(0.230787, -1.622236, -0.928984, 0.949153, -0.310873, -0.049660, -0.297413, -0.833746, -0.465202, 0.103215, 0.456318, -0.883811),
      ["LeftUpperLeg"] = CFrame.new(-0.001061, -0.019303, -0.026214, 0.997878, 0.021639, 0.061407, -0.038607, 0.956111, 0.290451, -0.052427, -0.292206, 0.954917),
      ["LowerTorso"] = CFrame.new(0.000000, 0.022214, -0.185238, 1.000000, 0.000000, 0.000000, 0.000000, 0.954020, -0.299743, 0.000000, 0.299743, 0.954020),
      ["RightUpperArm"] = CFrame.new(-0.137198, -1.643014, -0.891371, 0.933228, 0.336762, 0.125206, 0.352758, -0.792719, -0.497150, -0.068168, 0.508122, -0.858583),
      ["RightUpperLeg"] = CFrame.new(0.000928, -0.015033, -0.026458, 0.998147, -0.013296, -0.059386, 0.030055, 0.956233, 0.291059, 0.052917, -0.292305, 0.954860)
    }},
    { Time = 0.383, Data = {
      ["Balls"] = CFrame.new(-0.000000, -0.000001, 0.000000, 0.995947, -0.089943, 0.000000, 0.089943, 0.995947, 0.000000, 0.000000, 0.000000, 1.000000),
      ["Cock"] = CFrame.new(-0.050107, -0.036877, 0.000000, 0.536972, 0.843600, 0.000000, -0.843600, 0.536972, -0.000000, -0.000000, 0.000000, 1.000000),
      ["Head"] = CFrame.new(0.000000, 0.000000, -0.000000, 1.000000, 0.000000, 0.000000, 0.000000, 0.999936, -0.011308, 0.000000, 0.011308, 0.999936),
      ["LeftUpperArm"] = CFrame.new(0.230729, -1.622821, -0.930097, 0.949159, -0.311093, -0.048152, -0.297391, -0.835965, -0.461217, 0.103228, 0.452089, -0.885980),
      ["LeftUpperLeg"] = CFrame.new(-0.001064, -0.019463, -0.026146, 0.997873, 0.021635, 0.061494, -0.038926, 0.954436, 0.295866, -0.052292, -0.297630, 0.953248),
      ["LowerTorso"] = CFrame.new(0.000000, 0.022824, -0.185406, 1.000000, 0.000000, 0.000000, 0.000000, 0.952356, -0.304989, 0.000000, 0.304989, 0.952356),
      ["RightUpperArm"] = CFrame.new(-0.136996, -1.643834, -0.892793, 0.933230, 0.337531, 0.123106, 0.352758, -0.795833, -0.492151, -0.068144, 0.502716, -0.861762),
      ["RightUpperLeg"] = CFrame.new(0.000927, -0.015187, -0.026359, 0.998148, -0.013311, -0.059365, 0.030363, 0.954558, 0.296475, 0.052720, -0.297729, 0.953194)
    }},
    { Time = 0.400, Data = {
      ["Balls"] = CFrame.new(-0.000000, -0.000001, 0.000000, 0.996385, -0.084950, 0.000000, 0.084950, 0.996385, 0.000000, 0.000000, 0.000000, 1.000000),
      ["Cock"] = CFrame.new(-0.052001, -0.038270, 0.000000, 0.537387, 0.843335, 0.000000, -0.843335, 0.537387, -0.000000, -0.000000, 0.000000, 1.000000),
      ["Head"] = CFrame.new(0.000000, 0.000000, 0.000000, 1.000000, 0.000000, 0.000000, 0.000000, 0.999840, -0.017868, 0.000000, 0.017868, 0.999840),
      ["LeftUpperArm"] = CFrame.new(0.230665, -1.623451, -0.931316, 0.949161, -0.311339, -0.046491, -0.297374, -0.838366, -0.456849, 0.103258, 0.447449, -0.888328),
      ["LeftUpperLeg"] = CFrame.new(-0.001066, -0.019614, -0.026083, 0.997868, 0.021649, 0.061575, -0.039229, 0.952915, 0.300690, -0.052166, -0.302465, 0.951732),
      ["LowerTorso"] = CFrame.new(0.000000, 0.023390, -0.185544, 1.000000, 0.000000, 0.000000, 0.000000, 0.950852, -0.309645, 0.000000, 0.309645, 0.950852),
      ["RightUpperArm"] = CFrame.new(-0.136776, -1.644713, -0.894345, 0.933235, 0.338367, 0.120747, 0.352736, -0.799179, -0.486714, -0.068190, 0.496810, -0.865176),
      ["RightUpperLeg"] = CFrame.new(0.000929, -0.015338, -0.026308, 0.998144, -0.013334, -0.059424, 0.030664, 0.953062, 0.301217, 0.052618, -0.302480, 0.951702)
    }},
    { Time = 0.417, Data = {
      ["Balls"] = CFrame.new(-0.000000, -0.000001, 0.000000, 0.996840, -0.079440, 0.000000, 0.079440, 0.996840, 0.000000, 0.000000, 0.000000, 1.000000),
      ["Cock"] = CFrame.new(-0.053639, -0.039476, 0.000000, 0.537719, 0.843124, 0.000000, -0.843124, 0.537719, -0.000000, -0.000000, 0.000000, 1.000000),
      ["Head"] = CFrame.new(0.000000, -0.000000, 0.000000, 1.000000, 0.000000, 0.000000, 0.000000, 0.999687, -0.025031, 0.000000, 0.025031, 0.999687),
      ["LeftUpperArm"] = CFrame.new(0.230599, -1.624140, -0.932662, 0.949162, -0.311590, -0.044746, -0.297386, -0.840984, -0.452004, 0.103209, 0.442332, -0.890893),
      ["LeftUpperLeg"] = CFrame.new(-0.001068, -0.019714, -0.026034, 0.997865, 0.021600, 0.061636, -0.039428, 0.951585, 0.304847, -0.052067, -0.306626, 0.950405),
      ["LowerTorso"] = CFrame.new(0.000000, 0.023886, -0.185620, 1.000000, 0.000000, 0.000000, 0.000000, 0.949544, -0.313632, 0.000000, 0.313632, 0.949544),
      ["RightUpperArm"] = CFrame.new(-0.136543, -1.645663, -0.896047, 0.933241, 0.339251, 0.118195, 0.352717, -0.802793, -0.480744, -0.068207, 0.490339, -0.868859),
      ["RightUpperLeg"] = CFrame.new(0.000931, -0.015481, -0.026261, 0.998140, -0.013374, -0.059480, 0.030950, 0.951730, 0.305371, 0.052524, -0.306644, 0.950374)
    }},
    { Time = 0.433, Data = {
      ["Balls"] = CFrame.new(-0.000000, -0.000001, 0.000000, 0.997283, -0.073669, 0.000000, 0.073669, 0.997283, 0.000000, 0.000000, 0.000000, 1.000000),
      ["Cock"] = CFrame.new(-0.055005, -0.040482, 0.000000, 0.538051, 0.842912, 0.000000, -0.842912, 0.538051, -0.000000, -0.000000, 0.000000, 1.000000),
      ["Head"] = CFrame.new(0.000000, 0.000000, 0.000000, 1.000000, 0.000000, 0.000000, 0.000000, 0.999470, -0.032539, 0.000000, 0.032539, 0.999470),
      ["LeftUpperArm"] = CFrame.new(0.230528, -1.624852, -0.934076, 0.949160, -0.311859, -0.042876, -0.297394, -0.843691, -0.446926, 0.103204, 0.436955, -0.893543),
      ["LeftUpperLeg"] = CFrame.new(-0.001069, -0.019803, -0.025991, 0.997862, 0.021575, 0.061688, -0.039606, 0.950480, 0.308251, -0.051983, -0.310036, 0.949303),
      ["LowerTorso"] = CFrame.new(0.000000, 0.024340, -0.185762, 1.000000, 0.000000, 0.000000, 0.000000, 0.948414, -0.317035, 0.000000, 0.317035, 0.948414),
      ["RightUpperArm"] = CFrame.new(-0.136308, -1.646659, -0.897856, 0.933245, 0.340146, 0.115562, 0.352718, -0.806575, -0.474371, -0.068146, 0.483465, -0.872707),
      ["RightUpperLeg"] = CFrame.new(0.000932, -0.015571, -0.026226, 0.998138, -0.013350, -0.059517, 0.031131, 0.950598, 0.308859, 0.052454, -0.310136, 0.949244)
    }},
    { Time = 0.450, Data = {
      ["Balls"] = CFrame.new(-0.000000, -0.000001, 0.000000, 0.997716, -0.067552, 0.000000, 0.067552, 0.997716, 0.000000, 0.000000, 0.000000, 1.000000),
      ["Cock"] = CFrame.new(-0.056084, -0.041275, 0.000000, 0.538217, 0.842806, 0.000000, -0.842806, 0.538217, -0.000000, -0.000000, 0.000000, 1.000000),
      ["Head"] = CFrame.new(0.000000, 0.000000, 0.000000, 1.000000, 0.000000, 0.000000, 0.000000, 0.999180, -0.040477, 0.000000, 0.040477, 0.999180),
      ["LeftUpperArm"] = CFrame.new(0.230453, -1.625586, -0.935558, 0.949155, -0.312144, -0.040880, -0.297399, -0.846481, -0.441614, 0.103244, 0.431318, -0.896273),
      ["LeftUpperLeg"] = CFrame.new(-0.001073, -0.019890, -0.025999, 0.997855, 0.021557, 0.061818, -0.039780, 0.949581, 0.310987, -0.051997, -0.312779, 0.948402),
      ["LowerTorso"] = CFrame.new(0.000000, 0.024669, -0.185760, 1.000000, 0.000000, 0.000000, 0.000000, 0.947551, -0.319605, 0.000000, 0.319605, 0.947551),
      ["RightUpperArm"] = CFrame.new(-0.136060, -1.647684, -0.899759, 0.933251, 0.341089, 0.112699, 0.352694, -0.810471, -0.467701, -0.068188, 0.476231, -0.876673),
      ["RightUpperLeg"] = CFrame.new(0.000933, -0.015652, -0.026197, 0.998136, -0.013350, -0.059550, 0.031292, 0.949699, 0.311596, 0.052395, -0.312879, 0.948347)
    }},
    { Time = 0.467, Data = {
      ["Balls"] = CFrame.new(-0.000000, -0.000001, 0.000000, 0.998122, -0.061260, 0.000000, 0.061260, 0.998122, 0.000000, 0.000000, 0.000000, 1.000000),
      ["Cock"] = CFrame.new(-0.056862, -0.041848, 0.000000, 0.538383, 0.842700, 0.000000, -0.842700, 0.538383, -0.000000, -0.000000, 0.000000, 1.000000),
      ["Head"] = CFrame.new(0.000000, -0.000000, 0.000000, 1.000000, 0.000000, 0.000000, 0.000000, 0.998815, -0.048671, 0.000000, 0.048671, 0.998815),
      ["LeftUpperArm"] = CFrame.new(0.230379, -1.626341, -0.937106, 0.949148, -0.312425, -0.038841, -0.297420, -0.849352, -0.436054, 0.103245, 0.425431, -0.899082),
      ["LeftUpperLeg"] = CFrame.new(-0.001073, -0.019917, -0.025978, 0.997855, 0.021492, 0.061840, -0.039835, 0.948924, 0.312979, -0.051955, -0.314771, 0.947745),
      ["LowerTorso"] = CFrame.new(0.000000, 0.024928, -0.185807, 1.000000, 0.000000, 0.000000, 0.000000, 0.946906, -0.321511, 0.000000, 0.321511, 0.946906),
      ["RightUpperArm"] = CFrame.new(-0.135791, -1.648728, -0.901749, 0.933223, 0.342112, 0.109791, 0.352767, -0.814442, -0.460694, -0.068190, 0.468661, -0.880742),
      ["RightUpperLeg"] = CFrame.new(0.000934, -0.015721, -0.026174, 0.998134, -0.013375, -0.059577, 0.031430, 0.949067, 0.313502, 0.052350, -0.314790, 0.947717)
    }},
    { Time = 0.483, Data = {
      ["Balls"] = CFrame.new(-0.000000, -0.000001, 0.000000, 0.998493, -0.054880, 0.000000, 0.054880, 0.998493, 0.000000, 0.000000, 0.000000, 1.000000),
      ["Cock"] = CFrame.new(-0.057333, -0.042195, 0.000000, 0.538466, 0.842647, 0.000000, -0.842647, 0.538466, -0.000000, -0.000000, 0.000000, 1.000000),
      ["Head"] = CFrame.new(0.000000, 0.000000, 0.000000, 1.000000, 0.000000, 0.000000, 0.000000, 0.998367, -0.057122, 0.000000, 0.057122, 0.998367),
      ["LeftUpperArm"] = CFrame.new(0.230329, -1.627102, -0.938677, 0.949167, -0.312617, -0.036768, -0.297368, -0.852248, -0.430402, 0.103215, 0.419457, -0.901888),
      ["LeftUpperLeg"] = CFrame.new(-0.001074, -0.019975, -0.025958, 0.997852, 0.021540, 0.061867, -0.039952, 0.948537, 0.314137, -0.051917, -0.315934, 0.947360),
      ["LowerTorso"] = CFrame.new(0.000000, 0.025089, -0.185843, 1.000000, 0.000000, 0.000000, 0.000000, 0.946511, -0.322671, 0.000000, 0.322671, 0.946511),
      ["RightUpperArm"] = CFrame.new(-0.135547, -1.649774, -0.903766, 0.933224, 0.343041, 0.106842, 0.352770, -0.818420, -0.453589, -0.068158, 0.460991, -0.884784),
      ["RightUpperLeg"] = CFrame.new(0.000934, -0.015738, -0.026164, 0.998134, -0.013336, -0.059586, 0.031464, 0.948654, 0.314747, 0.052329, -0.316034, 0.947304)
    }},
    { Time = 0.500, Data = {
      ["Balls"] = CFrame.new(-0.000000, -0.000001, 0.000000, 0.998832, -0.048326, 0.000000, 0.048326, 0.998832, 0.000000, 0.000000, 0.000000, 1.000000),
      ["Cock"] = CFrame.new(-0.057491, -0.042311, 0.000000, 0.538549, 0.842594, 0.000000, -0.842594, 0.538549, -0.000000, -0.000000, 0.000000, 1.000000),
      ["Head"] = CFrame.new(0.000000, 0.000000, 0.000000, 1.000000, 0.000000, 0.000000, 0.000000, 0.997848, -0.065569, 0.000000, 0.065569, 0.997848),
      ["LeftUpperArm"] = CFrame.new(0.230254, -1.627866, -0.940299, 0.949155, -0.312900, -0.034603, -0.297390, -0.855151, -0.424589, 0.103263, 0.413292, -0.904725),
      ["LeftUpperLeg"] = CFrame.new(-0.001074, -0.019981, -0.025954, 0.997852, 0.021526, 0.061872, -0.039963, 0.948399, 0.314552, -0.051908, -0.316349, 0.947222),
      ["LowerTorso"] = CFrame.new(0.000000, 0.025153, -0.185882, 1.000000, 0.000000, 0.000000, 0.000000, 0.946370, -0.323085, 0.000000, 0.323085, 0.946370),
