return {
  ["Astros Taking It"] = {
    { Time = 0.000, Data = {
      ["Balls"] = CFrame.new(0.000000, 0.000001, 0.000000, 0.990270, -0.139157, 0.000000, 0.139157, 0.990270, 0.000000, 0.000000, 0.000000, 1.000000),
      ["Cock"] = CFrame.new(0.003193, 0.006234, -0.000443, 0.359110, 0.933199, -0.013428, -0.933176, 0.359257, 0.010790, 0.014894, 0.008656, 0.999852),
      ["Head"] = CFrame.new(0.000000, 0.000000, -0.000000, 0.911379, 0.048227, -0.408733, 0.053419, 0.970849, 0.233663, 0.408087, -0.234790, 0.882235),
      ["LeftUpperArm"] = CFrame.new(-0.254000, -1.053292, -0.054765, 0.613400, -0.789773, 0.000004, -0.048773, -0.037886, -0.998091, 0.788265, 0.612228, -0.061759),
      ["LeftUpperLeg"] = CFrame.new(-0.003531, -0.055766, 0.020214, 0.992938, 0.118632, 0.000030, -0.111531, 0.933418, 0.341015, 0.040427, -0.338610, 0.940058),
      ["LowerTorso"] = CFrame.new(0.000000, -1.487787, -0.991528, 1.000000, 0.000000, 0.000000, 0.000000, -0.129891, -0.991528, 0.000000, 0.991528, -0.129891),
      ["M6DOrbs"] = CFrame.new(0.000000, -0.150152, 0.019662, 1.000000, 0.000000, 0.000000, 0.000000, 1.000000, 0.000000, 0.000000, 0.000000, 1.000000),
      ["M6DRod"] = CFrame.new(-0.007422, -0.327445, -0.183790, 1.000000, 0.000000, 0.000000, 0.000000, 0.379999, -0.924987, 0.000000, 0.924987, 0.379999),
      ["RightUpperArm"] = CFrame.new(0.251279, -0.943176, -0.477720, 0.295203, 0.955434, -0.000063, 0.120656, -0.037345, -0.991992, -0.947785, 0.292832, -0.126303),
      ["RightUpperLeg"] = CFrame.new(0.017101, -0.119348, 0.050659, 0.965798, -0.259294, -0.000010, 0.238681, 0.889005, 0.390771, -0.101316, -0.377408, 0.920488),
      ["Tip"] = CFrame.new(-0.021011, -0.029401, 0.040591, 0.999999, 0.000638, -0.001279, -0.000570, 0.998632, 0.052294, 0.001310, -0.052293, 0.998631),
      ["cuumer"] = CFrame.new(0.000191, 0.018649, 0.000504, 0.999996, 0.002848, -0.000111, -0.002849, 0.999848, -0.017177, 0.000062, 0.017178, 0.999852),
      ["rings"] = CFrame.new(0.000076, 0.000253, -0.000993, 0.999996, -0.002557, 0.001276, 0.002620, 0.998633, -0.052205, -0.001140, 0.052209, 0.998636)
    }},
    { Time = 0.083, Data = {
      ["LeftUpperArm"] = CFrame.new(-0.254000, -0.919784, -0.052165, 0.613400, -0.789773, 0.000004, -0.048773, -0.037886, -0.998091, 0.788265, 0.612228, -0.061759),
      ["M6DRod"] = CFrame.new(-0.007422, -0.327445, -0.183790, 1.000000, 0.000000, 0.000000, 0.000000, 0.375569, -0.926794, 0.000000, 0.926794, 0.375569),
      ["RightUpperArm"] = CFrame.new(0.251279, -0.809667, -0.475121, 0.295203, 0.955434, -0.000063, 0.120656, -0.037345, -0.991992, -0.947785, 0.292832, -0.126303)
    }},
    { Time = 0.167, Data = {
      ["Head"] = CFrame.new(-0.000000, 0.000000, -0.000000, 0.967786, 0.029514, -0.250038, -0.075681, 0.981279, -0.177098, 0.240131, 0.190316, 0.951902),
      ["LeftUpperArm"] = CFrame.new(-0.254000, -0.727068, -0.009592, 0.613400, -0.789773, 0.000004, -0.048773, -0.037886, -0.998091, 0.788265, 0.612228, -0.061759),
      ["LeftUpperLeg"] = CFrame.new(-0.003533, -0.055780, 0.020231, 0.992934, 0.107810, -0.049594, -0.111559, 0.990505, -0.080341, 0.040461, 0.085306, 0.995533),
      ["LowerTorso"] = CFrame.new(0.000000, -1.713420, -0.995406, 1.000000, 0.000000, 0.000000, 0.000000, 0.095742, -0.995406, 0.000000, 0.995406, 0.095742),
      ["M6DRod"] = CFrame.new(-0.007422, -0.327446, -0.183790, 1.000000, 0.000000, 0.000000, 0.000000, 0.368313, -0.929702, 0.000000, 0.929702, 0.368313),
      ["RightUpperArm"] = CFrame.new(0.251285, -0.616931, -0.432565, 0.295126, 0.955458, 0.000008, 0.120680, -0.037267, -0.991992, -0.947806, 0.292764, -0.126303),
      ["RightUpperLeg"] = CFrame.new(0.017097, -0.119339, 0.050647, 0.965801, -0.235557, 0.108356, 0.238679, 0.970956, -0.016618, -0.101294, 0.041912, 0.993973)
    }},
    { Time = 0.250, Data = {
      ["Head"] = CFrame.new(0.000000, 0.000001, 0.000000, 0.985512, 0.032062, -0.166549, -0.089239, 0.933080, -0.348422, 0.144232, 0.358236, 0.922423),
      ["LeftUpperArm"] = CFrame.new(-0.254000, -0.807308, 0.004387, 0.613400, -0.789773, 0.000004, -0.048773, -0.037886, -0.998091, 0.788265, 0.612228, -0.061759),
      ["LeftUpperLeg"] = CFrame.new(-0.003532, -0.055767, 0.020233, 0.992936, 0.104528, -0.056135, -0.111534, 0.983685, -0.141152, 0.040465, 0.146416, 0.988395),
      ["LowerTorso"] = CFrame.new(0.000000, -1.747342, -0.991558, 1.000000, 0.000000, 0.000000, 0.000000, 0.129664, -0.991558, 0.000000, 0.991558, 0.129664),
      ["M6DRod"] = CFrame.new(-0.007422, -0.327445, -0.183790, 1.000000, 0.000000, 0.000000, 0.000000, 0.358476, -0.933539, 0.000000, 0.933539, 0.358476),
      ["RightUpperArm"] = CFrame.new(0.251285, -0.697172, -0.418589, 0.295126, 0.955458, 0.000008, 0.120680, -0.037267, -0.991992, -0.947806, 0.292764, -0.126303),
      ["RightUpperLeg"] = CFrame.new(0.017099, -0.119342, 0.050653, 0.965798, -0.228437, 0.122681, 0.238687, 0.968084, -0.076432, -0.101306, 0.103100, 0.989499)
    }},
    { Time = 0.333, Data = {
      ["Head"] = CFrame.new(0.000000, 0.000001, 0.000000, 0.996246, 0.031893, -0.080481, -0.053298, 0.958548, -0.279902, 0.068218, 0.283140, 0.956649),
      ["LeftUpperArm"] = CFrame.new(-0.254000, -0.818931, 0.007229, 0.613400, -0.789773, 0.000004, -0.048773, -0.037886, -0.998091, 0.788265, 0.612228, -0.061759),
      ["LeftUpperLeg"] = CFrame.new(-0.003532, -0.055770, 0.020229, 0.992936, 0.108400, -0.048241, -0.111539, 0.991431, -0.067992, 0.040458, 0.072893, 0.996519),
      ["LowerTorso"] = CFrame.new(0.000000, -1.716321, -0.995123, 1.000000, 0.000000, 0.000000, 0.000000, 0.098642, -0.995123, 0.000000, 0.995123, 0.098642),
      ["M6DRod"] = CFrame.new(-0.007422, -0.327445, -0.183790, 1.000000, 0.000000, 0.000000, 0.000000, 0.406997, -0.913429, 0.000000, 0.913429, 0.406997),
      ["RightUpperArm"] = CFrame.new(0.251285, -0.708795, -0.415745, 0.295126, 0.955458, 0.000008, 0.120680, -0.037267, -0.991992, -0.947806, 0.292764, -0.126303),
      ["RightUpperLeg"] = CFrame.new(0.017103, -0.119357, 0.050659, 0.965790, -0.236924, 0.105438, 0.238715, 0.971079, -0.004522, -0.101317, 0.029537, 0.994416)
    }},
    { Time = 0.417, Data = {
      ["Head"] = CFrame.new(-0.000000, 0.000001, 0.000000, 0.986163, 0.015957, -0.165011, -0.008295, 0.998860, 0.047020, 0.165573, -0.045000, 0.985170),
      ["LeftUpperArm"] = CFrame.new(-0.254000, -0.996729, -0.062171, 0.613400, -0.789773, 0.000004, -0.048773, -0.037886, -0.998091, 0.788265, 0.612228, -0.061759),
      ["LeftUpperLeg"] = CFrame.new(-0.003531, -0.055766, 0.020214, 0.992938, 0.118632, 0.000030, -0.111531, 0.933418, 0.341015, 0.040427, -0.338610, 0.940058),
      ["LowerTorso"] = CFrame.new(0.000000, -1.487787, -0.991528, 1.000000, 0.000000, 0.000000, 0.000000, -0.129891, -0.991528, 0.000000, 0.991528, -0.129891),
      ["M6DOrbs"] = CFrame.new(0.000000, -0.150152, 0.019662, 1.000000, 0.000000, 0.000000, 0.000000, 1.000000, 0.000000, 0.000000, 0.000000, 1.000000),
      ["M6DRod"] = CFrame.new(-0.007422, -0.334086, -0.234493, 1.000000, 0.000000, 0.000000, 0.000000, 0.379999, -0.924987, 0.000000, 0.924987, 0.379999),
      ["RightUpperArm"] = CFrame.new(0.251286, -0.886593, -0.485144, 0.295126, 0.955458, 0.000008, 0.120680, -0.037267, -0.991992, -0.947806, 0.292764, -0.126303),
      ["RightUpperLeg"] = CFrame.new(0.017101, -0.119348, 0.050659, 0.965798, -0.259294, -0.000010, 0.238681, 0.889005, 0.390771, -0.101316, -0.377408, 0.920488)
    }},
    { Time = 0.483, Data = {
      ["Head"] = CFrame.new(-0.000000, 0.000001, -0.000000, 0.972435, 0.018608, -0.232430, 0.085905, 0.898108, 0.431304, 0.216773, -0.439382, 0.871753),
      ["LeftUpperArm"] = CFrame.new(-0.254000, -1.144764, -0.022129, 0.613400, -0.789773, 0.000004, -0.048773, -0.037886, -0.998091, 0.788265, 0.612228, -0.061759),
      ["LeftUpperLeg"] = CFrame.new(-0.003532, -0.055760, 0.020250, 0.992936, 0.118097, 0.011421, -0.111521, 0.896103, 0.429607, 0.040501, -0.427846, 0.902944),
      ["LowerTorso"] = CFrame.new(0.000000, -1.409261, -0.961366, 1.000000, 0.000000, 0.000000, 0.000000, -0.275273, -0.961366, 0.000000, 0.961366, -0.275273),
      ["RightUpperArm"] = CFrame.new(0.251285, -1.034629, -0.445102, 0.295126, 0.955458, 0.000008, 0.120680, -0.037267, -0.991992, -0.947806, 0.292764, -0.126303),
      ["RightUpperLeg"] = CFrame.new(0.017100, -0.119343, 0.050664, 0.965801, -0.257229, -0.032581, 0.238667, 0.832855, 0.499390, -0.101322, -0.490088, 0.865764)
    }},
    { Time = 0.667, Data = {
      ["Head"] = CFrame.new(0.000000, 0.000000, -0.000000, 0.911379, 0.048227, -0.408733, 0.053419, 0.970849, 0.233663, 0.408087, -0.234790, 0.882235),
      ["LeftUpperArm"] = CFrame.new(-0.254000, -1.053292, -0.054765, 0.613400, -0.789773, 0.000004, -0.048773, -0.037886, -0.998091, 0.788265, 0.612228, -0.061759),
      ["LeftUpperLeg"] = CFrame.new(-0.003531, -0.055766, 0.020214, 0.992938, 0.118632, 0.000030, -0.111531, 0.933418, 0.341015, 0.040427, -0.338610, 0.940058),
      ["LowerTorso"] = CFrame.new(0.000000, -1.487787, -0.991528, 1.000000, 0.000000, 0.000000, 0.000000, -0.129891, -0.991528, 0.000000, 0.991528, -0.129891),
      ["M6DOrbs"] = CFrame.new(0.000000, -0.150152, 0.019662, 1.000000, 0.000000, 0.000000, 0.000000, 1.000000, 0.000000, 0.000000, 0.000000, 1.000000),
      ["M6DRod"] = CFrame.new(-0.007422, -0.327445, -0.183790, 1.000000, 0.000000, 0.000000, 0.000000, 0.379999, -0.924987, 0.000000, 0.924987, 0.379999),
      ["RightUpperArm"] = CFrame.new(0.251279, -0.943176, -0.477720, 0.295203, 0.955434, -0.000063, 0.120656, -0.037345, -0.991992, -0.947785, 0.292832, -0.126303),
      ["RightUpperLeg"] = CFrame.new(0.017101, -0.119348, 0.050659, 0.965798, -0.259294, -0.000010, 0.238681, 0.889005, 0.390771, -0.101316, -0.377408, 0.920488)
    }}
  }
}