return {
  ["Astros sloppy top 2"] = {
    { Time = 0.000, Data = {
      ["Cock"] = CFrame.new(-0.000044, 0.000042, -0.000024, 0.650405, 0.719946, -0.242179, -0.674943, 0.694030, 0.250547, 0.348460, 0.000500, 0.937324),
      ["Head"] = CFrame.new(0.000088, -0.084015, -0.100109, 0.988848, -0.148410, 0.012381, 0.101602, 0.611510, -0.784687, 0.108885, 0.777194, 0.619769),
      ["LeftUpperArm"] = CFrame.new(-0.079950, -0.682996, 0.273784, 0.992834, 0.113911, -0.036121, 0.089619, -0.909694, -0.405494, -0.079049, 0.399351, -0.913384),
      ["LeftUpperLeg"] = CFrame.new(-0.260630, 0.237094, -0.668879, 0.982156, 0.188023, -0.004094, -0.137442, 0.732459, 0.666793, 0.128371, -0.654333, 0.745231),
      ["LowerTorso"] = CFrame.new(2.215618, -1.421713, -0.190210, -0.008377, -0.730906, 0.682427, -0.000046, 0.682451, 0.730931, -0.999965, 0.006092, -0.005750),
      ["RightUpperArm"] = CFrame.new(0.017899, -0.309046, 0.049724, 0.993436, 0.103087, -0.049585, -0.081949, 0.338913, -0.937242, -0.079813, 0.935153, 0.345136),
      ["RightUpperLeg"] = CFrame.new(0.065301, 0.337008, -0.756452, 0.987302, -0.158806, 0.003880, 0.110219, 0.702409, 0.703188, -0.114396, -0.693832, 0.710993),
      ["­¤ī¦’ĖÅ­¤ś│­¤æ╗­¤Å│’ĖÅŌĆŹ­¤īł­¤śé­¤Æ×­¤Å┤ŌĆŹŌśĀ’ĖÅ­¤ÄĖ­¤ī¦’ĖÅ­¤ś│­¤æ╗­¤Å│’ĖÅŌĆŹ­¤īł­¤śé­¤Æ×­¤Å┤ŌĆŹŌś"] = CFrame.new(0.000856, 0.205958, 0.074249, 1.000000, 0.000000, 0.000000, 0.000000, 1.000000, 0.000000, 0.000000, 0.000000, 1.000000)
    }},
    { Time = 0.017, Data = {
      ["Head"] = CFrame.new(0.000137, -0.083960, -0.100084, 0.988865, -0.148296, 0.012420, 0.101563, 0.611522, -0.784682, 0.108770, 0.777206, 0.619774),
      ["LeftUpperArm"] = CFrame.new(-0.079937, -0.682995, 0.273784, 0.992825, 0.113995, -0.036103, 0.089703, -0.909685, -0.405495, -0.079067, 0.399348, -0.913384),
      ["LeftUpperLeg"] = CFrame.new(-0.260656, 0.237069, -0.668856, 0.982156, 0.188023, -0.004094, -0.137442, 0.732459, 0.666793, 0.128371, -0.654333, 0.745231),
      ["LowerTorso"] = CFrame.new(2.215618, -1.421713, -0.190279, -0.008377, -0.730906, 0.682427, -0.000046, 0.682451, 0.730931, -0.999965, 0.006092, -0.005750),
      ["RightUpperArm"] = CFrame.new(0.017893, -0.309045, 0.049720, 0.993426, 0.103157, -0.049635, -0.082019, 0.338903, -0.937240, -0.079862, 0.935149, 0.345136),
      ["RightUpperLeg"] = CFrame.new(0.065300, 0.336984, -0.756484, 0.987308, -0.158774, 0.003800, 0.110251, 0.702409, 0.703183, -0.114316, -0.693839, 0.710999)
    }},
    { Time = 0.033, Data = {
      ["Head"] = CFrame.new(0.000283, -0.083795, -0.100009, 0.988886, -0.148145, 0.012530, 0.101567, 0.611609, -0.784614, 0.108573, 0.777167, 0.619858),
      ["LeftUpperArm"] = CFrame.new(-0.079873, -0.682987, 0.273781, 0.992784, 0.114349, -0.036116, 0.090022, -0.909649, -0.405506, -0.079222, 0.399328, -0.913379),
      ["LeftUpperLeg"] = CFrame.new(-0.260735, 0.236992, -0.668784, 0.982156, 0.188023, -0.004094, -0.137442, 0.732459, 0.666793, 0.128371, -0.654333, 0.745231),
      ["LowerTorso"] = CFrame.new(2.215618, -1.421713, -0.190437, -0.008265, -0.730906, 0.682428, 0.000003, 0.682451, 0.730931, -0.999966, 0.006043, -0.005639),
      ["RightUpperArm"] = CFrame.new(0.017857, -0.309065, 0.049717, 0.993406, 0.103295, -0.049739, -0.082156, 0.338785, -0.937270, -0.079965, 0.935176, 0.345037),
      ["RightUpperLeg"] = CFrame.new(0.065297, 0.336999, -0.756477, 0.987320, -0.158695, 0.003833, 0.110172, 0.702421, 0.703183, -0.114284, -0.693845, 0.710999)
    }},
    { Time = 0.050, Data = {
      ["Head"] = CFrame.new(0.000526, -0.083519, -0.099884, 0.988953, -0.147688, 0.012682, 0.101415, 0.611732, -0.784538, 0.108109, 0.777157, 0.619952),
      ["LeftUpperArm"] = CFrame.new(-0.079784, -0.682976, 0.273778, 0.992725, 0.114871, -0.036093, 0.090508, -0.909595, -0.405519, -0.079412, 0.399302, -0.913374),
      ["LeftUpperLeg"] = CFrame.new(-0.260867, 0.236865, -0.668665, 0.982156, 0.188023, -0.004094, -0.137442, 0.732459, 0.666793, 0.128371, -0.654333, 0.745231),
      ["LowerTorso"] = CFrame.new(2.215619, -1.421713, -0.190733, -0.008154, -0.730907, 0.682429, 0.000051, 0.682451, 0.730931, -0.999967, 0.005995, -0.005527),
      ["RightUpperArm"] = CFrame.new(0.017803, -0.309081, 0.049705, 0.993375, 0.103553, -0.049822, -0.082313, 0.338656, -0.937303, -0.080188, 0.935194, 0.344937),
      ["RightUpperLeg"] = CFrame.new(0.065296, 0.336998, -0.756455, 0.987333, -0.158616, 0.003866, 0.110093, 0.702434, 0.703183, -0.114251, -0.693850, 0.710999)
    }},
    { Time = 0.067, Data = {
      ["Head"] = CFrame.new(0.000867, -0.083133, -0.099710, 0.989023, -0.147194, 0.012903, 0.101306, 0.611930, -0.784397, 0.107563, 0.777094, 0.620125),
      ["LeftUpperArm"] = CFrame.new(-0.079644, -0.682969, 0.273750, 0.992632, 0.115661, -0.036105, 0.091232, -0.909549, -0.405461, -0.079735, 0.399180, -0.913399),
      ["LeftUpperLeg"] = CFrame.new(-0.261051, 0.236686, -0.668499, 0.982156, 0.188023, -0.004094, -0.137442, 0.732459, 0.666793, 0.128371, -0.654333, 0.745231),
      ["LowerTorso"] = CFrame.new(2.215620, -1.421714, -0.191055, -0.007994, -0.730908, 0.682429, -0.000012, 0.682451, 0.730931, -0.999968, 0.005835, -0.005464),
      ["RightUpperArm"] = CFrame.new(0.017737, -0.309094, 0.049684, 0.993325, 0.103951, -0.050004, -0.082610, 0.338508, -0.937330, -0.080510, 0.935204, 0.344836),
      ["RightUpperLeg"] = CFrame.new(0.065298, 0.336980, -0.756418, 0.987345, -0.158537, 0.003899, 0.110014, 0.702447, 0.703183, -0.114219, -0.693855, 0.710999)
    }},
    { Time = 0.083, Data = {
      ["Head"] = CFrame.new(0.001306, -0.082637, -0.099485, 0.989122, -0.146509, 0.013127, 0.101081, 0.612152, -0.784253, 0.106864, 0.777049, 0.620302),
      ["LeftUpperArm"] = CFrame.new(-0.079478, -0.682949, 0.273743, 0.992521, 0.116621, -0.036076, 0.092121, -0.909447, -0.405487, -0.080098, 0.399131, -0.913389),
      ["LeftUpperLeg"] = CFrame.new(-0.261287, 0.236457, -0.668284, 0.982156, 0.188023, -0.004094, -0.137442, 0.732459, 0.666793, 0.128371, -0.654333, 0.745231),
      ["LowerTorso"] = CFrame.new(2.215621, -1.421714, -0.191467, -0.007722, -0.730909, 0.682431, -0.000027, 0.682452, 0.730931, -0.999970, 0.005626, -0.005290),
      ["RightUpperArm"] = CFrame.new(0.017641, -0.309103, 0.049655, 0.993264, 0.104419, -0.050236, -0.082978, 0.338350, -0.937355, -0.080881, 0.935209, 0.344736),
      ["RightUpperLeg"] = CFrame.new(0.065299, 0.336930, -0.756406, 0.987363, -0.158425, 0.003852, 0.109968, 0.702459, 0.703177, -0.114107, -0.693868, 0.711004)
    }},
    { Time = 0.100, Data = {
      ["Head"] = CFrame.new(0.001842, -0.082031, -0.099211, 0.989241, -0.145672, 0.013469, 0.100853, 0.612385, -0.784100, 0.105974, 0.777023, 0.620488),
      ["LeftUpperArm"] = CFrame.new(-0.079283, -0.682925, 0.273734, 0.992385, 0.117766, -0.036096, 0.093160, -0.909327, -0.405520, -0.080580, 0.399069, -0.913374),
      ["LeftUpperLeg"] = CFrame.new(-0.261577, 0.236177, -0.668023, 0.982156, 0.188023, -0.004094, -0.137442, 0.732459, 0.666793, 0.128371, -0.654333, 0.745231),
      ["LowerTorso"] = CFrame.new(2.215623, -1.421714, -0.192016, -0.007450, -0.730910, 0.682433, -0.000042, 0.682452, 0.730930, -0.999972, 0.005417, -0.005116),
      ["RightUpperArm"] = CFrame.new(0.017533, -0.309136, 0.049626, 0.993183, 0.105025, -0.050572, -0.083482, 0.338073, -0.937410, -0.081355, 0.935241, 0.344536),
      ["RightUpperLeg"] = CFrame.new(0.065297, 0.336903, -0.756394, 0.987394, -0.158234, 0.003839, 0.109843, 0.702484, 0.703172, -0.113963, -0.693886, 0.711010)
    }},
    { Time = 0.117, Data = {
      ["Head"] = CFrame.new(0.002475, -0.081314, -0.098887, 0.989376, -0.144723, 0.013836, 0.100597, 0.612780, -0.783825, 0.104959, 0.776889, 0.620828),
      ["LeftUpperArm"] = CFrame.new(-0.079037, -0.682904, 0.273701, 0.992214, 0.119180, -0.036151, 0.094437, -0.909212, -0.405481, -0.081194, 0.398910, -0.913388),
      ["LeftUpperLeg"] = CFrame.new(-0.261918, 0.235846, -0.667713, 0.982156, 0.188023, -0.004094, -0.137442, 0.732459, 0.666793, 0.128371, -0.654333, 0.745231),
      ["LowerTorso"] = CFrame.new(2.215624, -1.421715, -0.192703, -0.007179, -0.730912, 0.682435, -0.000058, 0.682452, 0.730930, -0.999974, 0.005208, -0.004942),
      ["RightUpperArm"] = CFrame.new(0.017375, -0.309188, 0.049600, 0.993101, 0.105629, -0.050914, -0.083982, 0.337697, -0.937501, -0.081833, 0.935309, 0.344238),
      ["RightUpperLeg"] = CFrame.new(0.065299, 0.336876, -0.756328, 0.987419, -0.158076, 0.003904, 0.109684, 0.702509, 0.703172, -0.113898, -0.693897, 0.711010)
    }},
    { Time = 0.133, Data = {
      ["Head"] = CFrame.new(0.003206, -0.080488, -0.098514, 0.989541, -0.143543, 0.014290, 0.100256, 0.613123, -0.783600, 0.103719, 0.776837, 0.621101),
      ["LeftUpperArm"] = CFrame.new(-0.078743, -0.682867, 0.273687, 0.992013, 0.120847, -0.036148, 0.095961, -0.909032, -0.405529, -0.081866, 0.398821, -0.913368),
      ["LeftUpperLeg"] = CFrame.new(-0.262313, 0.235463, -0.667356, 0.982156, 0.188023, -0.004094, -0.137442, 0.732459, 0.666793, 0.128371, -0.654333, 0.745231),
      ["LowerTorso"] = CFrame.new(2.215625, -1.421715, -0.193479, -0.006796, -0.730913, 0.682437, -0.000024, 0.682453, 0.730930, -0.999977, 0.004951, -0.004655),
      ["RightUpperArm"] = CFrame.new(0.017220, -0.309212, 0.049554, 0.992998, 0.106424, -0.051279, -0.084577, 0.337399, -0.937555, -0.082477, 0.935327, 0.344037),
      ["RightUpperLeg"] = CFrame.new(0.065301, 0.336819, -0.756283, 0.987450, -0.157886, 0.003883, 0.109554, 0.702469, 0.703232, -0.113758, -0.693981, 0.710950)
    }},
    { Time = 0.150, Data = {
      ["Head"] = CFrame.new(0.004034, -0.079551, -0.098090, 0.989720, -0.142250, 0.014777, 0.099880, 0.613551, -0.783313, 0.102360, 0.776737, 0.621452),
      ["LeftUpperArm"] = CFrame.new(-0.078448, -0.682838, 0.273653, 0.991799, 0.122596, -0.036131, 0.097574, -0.908874, -0.405497, -0.082551, 0.398646, -0.913382),
      ["LeftUpperLeg"] = CFrame.new(-0.262760, 0.235030, -0.666952, 0.982156, 0.188023, -0.004094, -0.137442, 0.732459, 0.666793, 0.128371, -0.654333, 0.745231),
      ["LowerTorso"] = CFrame.new(2.215627, -1.421715, -0.194393, -0.006413, -0.730914, 0.682439, 0.000009, 0.682453, 0.730929, -0.999979, 0.004693, -0.004370),
      ["RightUpperArm"] = CFrame.new(0.017051, -0.309260, 0.049508, 0.992873, 0.107358, -0.051749, -0.085307, 0.336981, -0.937639, -0.083224, 0.935371, 0.343738),
      ["RightUpperLeg"] = CFrame.new(0.065300, 0.336783, -0.756242, 0.987493, -0.157616, 0.003903, 0.109349, 0.702506, 0.703226, -0.113581, -0.694004, 0.710955)
    }},
    { Time = 0.167, Data = {
      ["Head"] = CFrame.new(0.004959, -0.078504, -0.097616, 0.989914, -0.140843, 0.015305, 0.099464, 0.613990, -0.783022, 0.100886, 0.776646, 0.621806),
      ["LeftUpperArm"] = CFrame.new(-0.078078, -0.682799, 0.273614, 0.991537, 0.124699, -0.036128, 0.099504, -0.908674, -0.405477, -0.083391, 0.398450, -0.913391),
      ["LeftUpperLeg"] = CFrame.new(-0.263259, 0.234545, -0.666499, 0.982156, 0.188023, -0.004094, -0.137442, 0.732459, 0.666793, 0.128371, -0.654333, 0.745231),
      ["LowerTorso"] = CFrame.new(2.215628, -1.421716, -0.195285, -0.005869, -0.730916, 0.682442, -0.000021, 0.682454, 0.730929, -0.999983, 0.004276, -0.004021),
      ["RightUpperArm"] = CFrame.new(0.016853, -0.309304, 0.049454, 0.992737, 0.108361, -0.052268, -0.086107, 0.336551, -0.937720, -0.084021, 0.935410, 0.343437),
      ["RightUpperLeg"] = CFrame.new(0.065300, 0.336730, -0.756186, 0.987536, -0.157346, 0.003922, 0.109145, 0.702544, 0.703221, -0.113404, -0.694028, 0.710961)
    }},
    { Time = 0.183, Data = {
      ["Head"] = CFrame.new(0.005982, -0.077346, -0.097093, 0.990124, -0.139285, 0.015945, 0.099050, 0.614514, -0.782663, 0.099215, 0.776513, 0.622242),
      ["LeftUpperArm"] = CFrame.new(-0.077684, -0.682755, 0.273574, 0.991250, 0.126969, -0.036088, 0.101602, -0.908449, -0.405460, -0.084265, 0.398245, -0.913400),
      ["LeftUpperLeg"] = CFrame.new(-0.263811, 0.234010, -0.666000, 0.982156, 0.188023, -0.004094, -0.137442, 0.732459, 0.666793, 0.128371, -0.654333, 0.745231),
      ["LowerTorso"] = CFrame.new(2.215630, -1.421716, -0.196426, -0.005374, -0.730918, 0.682444, 0.000061, 0.682454, 0.730929, -0.999986, 0.003970, -0.003623),
      ["RightUpperArm"] = CFrame.new(0.016623, -0.309370, 0.049401, 0.992589, 0.109431, -0.052843, -0.086973, 0.336011, -0.937834, -0.084872, 0.935479, 0.343038),
      ["RightUpperLeg"] = CFrame.new(0.065303, 0.336661, -0.756115, 0.987579, -0.157076, 0.003941, 0.108941, 0.702581, 0.703215, -0.113227, -0.694051, 0.710966)
    }},
    { Time = 0.200, Data = {
      ["Head"] = CFrame.new(0.007103, -0.076079, -0.096519, 0.990358, -0.137536, 0.016581, 0.098523, 0.615135, -0.782242, 0.097387, 0.776333, 0.622754),
      ["LeftUpperArm"] = CFrame.new(-0.077260, -0.682706, 0.273532, 0.990932, 0.129424, -0.036097, 0.103849, -0.908199, -0.405451, -0.085259, 0.398026, -0.913404),
      ["LeftUpperLeg"] = CFrame.new(-0.264416, 0.233424, -0.665452, 0.982156, 0.188023, -0.004094, -0.137442, 0.732459, 0.666793, 0.128371, -0.654333, 0.745231),
      ["LowerTorso"] = CFrame.new(2.215631, -1.421716, -0.197593, -0.004830, -0.730919, 0.682447, 0.000031, 0.682454, 0.730928, -0.999988, 0.003552, -0.003273),
      ["RightUpperArm"] = CFrame.new(0.016376, -0.309432, 0.049339, 0.992427, 0.110620, -0.053398, -0.087859, 0.335459, -0.937949, -0.085843, 0.935538, 0.342637),
      ["RightUpperLeg"] = CFrame.new(0.065305, 0.336559, -0.756068, 0.987627, -0.156774, 0.003881, 0.108769, 0.702619, 0.703204, -0.112971, -0.694081, 0.710977)
    }},
    { Time = 0.217, Data = {
      ["Head"] = CFrame.new(0.008321, -0.074701, -0.095896, 0.990607, -0.135635, 0.017336, 0.097993, 0.615764, -0.781813, 0.095366, 0.776169, 0.623272),
      ["LeftUpperArm"] = CFrame.new(-0.076785, -0.682648, 0.273486, 0.990571, 0.132148, -0.036137, 0.106330, -0.907911, -0.405453, -0.086389, 0.397787, -0.913401),
      ["LeftUpperLeg"] = CFrame.new(-0.265073, 0.232787, -0.664857, 0.982156, 0.188023, -0.004094, -0.137442, 0.732459, 0.666793, 0.128371, -0.654333, 0.745231),
      ["LowerTorso"] = CFrame.new(2.215633, -1.421717, -0.198850, -0.004175, -0.730921, 0.682449, 0.000050, 0.682455, 0.730928, -0.999991, 0.003085, -0.002813),
      ["RightUpperArm"] = CFrame.new(0.016118, -0.309493, 0.049267, 0.992243, 0.111949, -0.054053, -0.088884, 0.334884, -0.938058, -0.086914, 0.935585, 0.342237),
      ["RightUpperLeg"] = CFrame.new(0.065307, 0.336497, -0.755982, 0.987682, -0.156425, 0.003933, 0.108486, 0.702668, 0.703198, -0.112761, -0.694110, 0.710983)
    }},
    { Time = 0.233, Data = {
      ["Head"] = CFrame.new(0.009636, -0.073213, -0.095223, 0.990867, -0.133620, 0.018132, 0.097421, 0.616403, -0.781381, 0.093232, 0.776011, 0.623791),
      ["LeftUpperArm"] = CFrame.new(-0.076285, -0.682584, 0.273438, 0.990181, 0.135039, -0.036140, 0.108978, -0.907595, -0.405458, -0.087553, 0.397539, -0.913399),
      ["LeftUpperLeg"] = CFrame.new(-0.265783, 0.232098, -0.664215, 0.982156, 0.188023, -0.004094, -0.137442, 0.732459, 0.666793, 0.128371, -0.654333, 0.745231),
      ["LowerTorso"] = CFrame.new(2.215681, -1.421669, -0.200177, -0.003470, -0.730968, 0.682403, 0.000023, 0.682407, 0.730973, -0.999994, 0.002552, -0.002351),
      ["RightUpperArm"] = CFrame.new(0.015815, -0.309575, 0.049197, 0.992047, 0.113296, -0.054834, -0.090024, 0.334197, -0.938194, -0.087968, 0.935669, 0.341738),
      ["RightUpperLeg"] = CFrame.new(0.065308, 0.336402, -0.755921, 0.987742, -0.156044, 0.003906, 0.108235, 0.702718, 0.703188, -0.112472, -0.694146, 0.710994)
    }},
    { Time = 0.250, Data = {
      ["Head"] = CFrame.new(0.011049, -0.071614, -0.094500, 0.991136, -0.131491, 0.018963, 0.096813, 0.617125, -0.780887, 0.090977, 0.775801, 0.624385),
      ["LeftUpperArm"] = CFrame.new(-0.075761, -0.682514, 0.273390, 0.989760, 0.138097, -0.036108, 0.111792, -0.907248, -0.405468, -0.088753, 0.397280, -0.913396),
      ["LeftUpperLeg"] = CFrame.new(-0.266545, 0.231359, -0.663525, 0.982156, 0.188023, -0.004094, -0.137442, 0.732459, 0.666793, 0.128371, -0.654333, 0.745231),
      ["LowerTorso"] = CFrame.new(2.215636, -1.421718, -0.201663, -0.002814, -0.730924, 0.682453, -0.000025, 0.682456, 0.730927, -0.999996, 0.002040, -0.001938),
      ["RightUpperArm"] = CFrame.new(0.015526, -0.309657, 0.049115, 0.991824, 0.114880, -0.055574, -0.091203, 0.333485, -0.938334, -0.089263, 0.935730, 0.341235),
      ["RightUpperLeg"] = CFrame.new(0.065305, 0.336330, -0.755861, 0.987815, -0.155583, 0.003911, 0.107905, 0.702780, 0.703177, -0.112151, -0.694186, 0.711004)
    }},
    { Time = 0.267, Data = {
      ["Head"] = CFrame.new(0.012559, -0.069906, -0.093728, 0.991428, -0.129134, 0.019876, 0.096123, 0.617866, -0.780386, 0.088493, 0.775607, 0.624982),
      ["LeftUpperArm"] = CFrame.new(-0.075164, -0.682430, 0.273336, 0.989279, 0.141507, -0.036088, 0.114924, -0.906847, -0.405490, -0.090106, 0.396995, -0.913387),
      ["LeftUpperLeg"] = CFrame.new(-0.267360, 0.230569, -0.662787, 0.982156, 0.188023, -0.004094, -0.137442, 0.732459, 0.666793, 0.128371, -0.654333, 0.745231),
      ["LowerTorso"] = CFrame.new(2.215637, -1.421718, -0.203284, -0.002046, -0.730925, 0.682455, 0.000043, 0.682456, 0.730927, -0.999998, 0.001525, -0.001365),
      ["RightUpperArm"] = CFrame.new(0.015193, -0.309736, 0.049026, 0.991588, 0.116485, -0.056435, -0.092502, 0.332759, -0.938464, -0.090538, 0.935790, 0.340735),
      ["RightUpperLeg"] = CFrame.new(0.065308, 0.336259, -0.755746, 0.987882, -0.155155, 0.003996, 0.107542, 0.702841, 0.703171, -0.111909, -0.694220, 0.711010)
    }},
    { Time = 0.283, Data = {
      ["Head"] = CFrame.new(0.014167, -0.068087, -0.092905, 0.991727, -0.126663, 0.020826, 0.095395, 0.618688, -0.779824, 0.085890, 0.775359, 0.625653),
      ["LeftUpperArm"] = CFrame.new(-0.074559, -0.682342, 0.273279, 0.988769, 0.145017, -0.036134, 0.118120, -0.906423, -0.405520, -0.091560, 0.396697, -0.913372),
      ["LeftUpperLeg"] = CFrame.new(-0.268228, 0.229728, -0.662002, 0.982156, 0.188023, -0.004094, -0.137442, 0.732459, 0.666793, 0.128371, -0.654333, 0.745231),
      ["LowerTorso"] = CFrame.new(2.215638, -1.421718, -0.204931, -0.001229, -0.730926, 0.682456, -0.000001, 0.682456, 0.730927, -0.999999, 0.000897, -0.000840),
      ["RightUpperArm"] = CFrame.new(0.014844, -0.309811, 0.048927, 0.991336, 0.118208, -0.057276, -0.093819, 0.332018, -0.938596, -0.091933, 0.935837, 0.340232),
      ["RightUpperLeg"] = CFrame.new(0.065310, 0.336155, -0.755656, 0.987954, -0.154694, 0.004002, 0.107213, 0.702902, 0.703160, -0.111588, -0.694261, 0.711021)
    }},
    { Time = 0.300, Data = {
      ["Head"] = CFrame.new(0.015872, -0.066158, -0.092033, 0.992035, -0.124042, 0.021889, 0.094666, 0.619592, -0.779194, 0.083090, 0.775061, 0.626400),
      ["LeftUpperArm"] = CFrame.new(-0.073908, -0.682252, 0.273198, 0.988211, 0.148776, -0.036133, 0.121571, -0.905986, -0.405475, -0.093061, 0.396302, -0.913392),
      ["LeftUpperLeg"] = CFrame.new(-0.269148, 0.228836, -0.661169, 0.982156, 0.188023, -0.004094, -0.137442, 0.732459, 0.666793, 0.128371, -0.654333, 0.745231),
      ["LowerTorso"] = CFrame.new(2.215639, -1.421718, -0.206715, -0.000412, -0.730926, 0.682456, -0.000046, 0.682456, 0.730926, -1.000000, 0.000270, -0.000314),
      ["RightUpperArm"] = CFrame.new(0.014468, -0.309912, 0.048829, 0.991059, 0.120018, -0.058294, -0.095320, 0.331152, -0.938750, -0.093362, 0.935914, 0.339631),
      ["RightUpperLeg"] = CFrame.new(0.065314, 0.336037, -0.755547, 0.988026, -0.154234, 0.004000, 0.106877, 0.702898, 0.703215, -0.111271, -0.694367, 0.710966)
    }},
    { Time = 0.317, Data = {
      ["Head"] = CFrame.new(0.017674, -0.064119, -0.091111, 0.992359, -0.121229, 0.022965, 0.093813, 0.620438, -0.778625, 0.080143, 0.774829, 0.627070),
      ["LeftUpperArm"] = CFrame.new(-0.073211, -0.682141, 0.273136, 0.987601, 0.152786, -0.036071, 0.125268, -0.905464, -0.405517, -0.094619, 0.395970, -0.913376),
      ["LeftUpperLeg"] = CFrame.new(-0.270120, 0.227893, -0.660288, 0.982156, 0.188023, -0.004094, -0.137442, 0.732459, 0.666793, 0.128371, -0.654333, 0.745231),
      ["LowerTorso"] = CFrame.new(2.215639, -1.421719, -0.208565, 0.000572, -0.730926, 0.682456, -0.000018, 0.682456, 0.730926, -1.000000, -0.000430, 0.000377),
      ["RightUpperArm"] = CFrame.new(0.014068, -0.310033, 0.048729, 0.990774, 0.121922, -0.059179, -0.096715, 0.330182, -0.938949, -0.094939, 0.936010, 0.338928),
      ["RightUpperLeg"] = CFrame.new(0.065315, 0.335940, -0.755443, 0.988110, -0.153694, 0.004038, 0.106468, 0.702972, 0.703204, -0.110917, -0.694413, 0.710977)
    }},
    { Time = 0.333, Data = {
      ["Head"] = CFrame.new(0.019574, -0.061969, -0.090138, 0.992686, -0.118303, 0.024072, 0.092924, 0.621438, -0.777933, 0.077073, 0.774480, 0.627886),
      ["LeftUpperArm"] = CFrame.new(-0.072503, -0.682034, 0.273048, 0.986950, 0.156911, -0.036167, 0.129014, -0.904948, -0.405493, -0.096356, 0.395536, -0.913382),
      ["LeftUpperLeg"] = CFrame.new(-0.271146, 0.226899, -0.659360, 0.982156, 0.188023, -0.004094, -0.137442, 0.732459, 0.666793, 0.128371, -0.654333, 0.745231),
      ["LowerTorso"] = CFrame.new(2.215638, -1.421719, -0.210576, 0.001501, -0.730926, 0.682455, -0.000013, 0.682456, 0.730927, -0.999999, -0.001106, 0.001015),
      ["RightUpperArm"] = CFrame.new(0.013663, -0.310131, 0.048610, 0.990451, 0.123988, -0.060279, -0.098373, 0.329271, -0.939097, -0.096589, 0.936060, 0.338324),
      ["RightUpperLeg"] = CFrame.new(0.065316, 0.335810, -0.755363, 0.988199, -0.153122, 0.003997, 0.106092, 0.703044, 0.703188, -0.110483, -0.694466, 0.710993)
    }},
    { Time = 0.350, Data = {
      ["Head"] = CFrame.new(0.021571, -0.059710, -0.089117, 0.993017, -0.115226, 0.025300, 0.092028, 0.622443, -0.777236, 0.073810, 0.774137, 0.628700),
      ["LeftUpperArm"] = CFrame.new(-0.071731, -0.681909, 0.272956, 0.986236, 0.161351, -0.036107, 0.133112, -0.904364, -0.405472, -0.098077, 0.395085, -0.913395),
      ["LeftUpperLeg"] = CFrame.new(-0.272224, 0.225854, -0.658384, 0.982156, 0.188023, -0.004094, -0.137442, 0.732459, 0.666793, 0.128371, -0.654333, 0.745231),
      ["LowerTorso"] = CFrame.new(2.215636, -1.421718, -0.212677, 0.002542, -0.730924, 0.682454, 0.000039, 0.682456, 0.730927, -0.999997, -0.001831, 0.001764),
      ["RightUpperArm"] = CFrame.new(0.013208, -0.310249, 0.048493, 0.990123, 0.126050, -0.061387, -0.100024, 0.328256, -0.939278, -0.098246, 0.936141, 0.337621),
      ["RightUpperLeg"] = CFrame.new(0.065322, 0.335680, -0.755228, 0.988283, -0.152582, 0.004036, 0.105683, 0.703117, 0.703177, -0.110129, -0.694511, 0.711004)
    }},
    { Time = 0.367, Data = {
      ["Head"] = CFrame.new(0.023666, -0.057340, -0.088045, 0.993349, -0.112035, 0.026573, 0.091089, 0.623451, -0.776538, 0.070432, 0.773794, 0.629510),
      ["LeftUpperArm"] = CFrame.new(-0.070930, -0.681774, 0.272861, 0.985469, 0.165974, -0.036095, 0.137357, -0.903733, -0.405461, -0.099916, 0.394612, -0.913399),
      ["LeftUpperLeg"] = CFrame.new(-0.273354, 0.224758, -0.657361, 0.982156, 0.188023, -0.004094, -0.137442, 0.732459, 0.666793, 0.128371, -0.654333, 0.745231),
      ["LowerTorso"] = CFrame.new(2.215635, -1.421717, -0.214804, 0.003631, -0.730922, 0.682451, -0.000020, 0.682455, 0.730927, -0.999993, -0.002667, 0.002463),
      ["RightUpperArm"] = CFrame.new(0.012753, -0.310368, 0.048363, 0.989762, 0.128300, -0.062526, -0.101763, 0.327210, -0.939456, -0.100073, 0.936201, 0.336916),
      ["RightUpperLeg"] = CFrame.new(0.065321, 0.335557, -0.755133, 0.988383, -0.151930, 0.004028, 0.105228, 0.703202, 0.703161, -0.109663, -0.694568, 0.711020)
    }},
    { Time = 0.383, Data = {
      ["Head"] = CFrame.new(0.025858, -0.054860, -0.086923, 0.993691, -0.108616, 0.027925, 0.090068, 0.624547, -0.775776, 0.066821, 0.773397, 0.630390),
      ["LeftUpperArm"] = CFrame.new(-0.070101, -0.681628, 0.272760, 0.984647, 0.170779, -0.036131, 0.141749, -0.903054, -0.405463, -0.101873, 0.394116, -0.913397),
      ["LeftUpperLeg"] = CFrame.new(-0.274537, 0.223611, -0.656290, 0.982156, 0.188023, -0.004094, -0.137442, 0.732459, 0.666793, 0.128371, -0.654333, 0.745231),
      ["LowerTorso"] = CFrame.new(2.215632, -1.421717, -0.217180, 0.004670, -0.730920, 0.682447, 0.000032, 0.682455, 0.730928, -0.999989, -0.003391, 0.003211),
      ["RightUpperArm"] = CFrame.new(0.012286, -0.310488, 0.048223, 0.989371, 0.130687, -0.063766, -0.103639, 0.326132, -0.939626, -0.102001, 0.936247, 0.336210),
      ["RightUpperLeg"] = CFrame.new(0.065326, 0.335434, -0.754984, 0.988478, -0.151311, 0.004099, 0.104740, 0.703286, 0.703149, -0.109277, -0.694618, 0.711030)
    }},
    { Time = 0.400, Data = {
      ["Head"] = CFrame.new(0.028148, -0.052269, -0.085752, 0.994031, -0.105084, 0.029322, 0.089001, 0.625645, -0.775014, 0.063096, 0.772998, 0.631263),
      ["LeftUpperArm"] = CFrame.new(-0.069248, -0.681470, 0.272657, 0.983772, 0.175747, -0.036131, 0.146305, -0.902325, -0.405470, -0.103862, 0.393603, -0.913394),
      ["LeftUpperLeg"] = CFrame.new(-0.275773, 0.222413, -0.655172, 0.982156, 0.188023, -0.004094, -0.137442, 0.732459, 0.666793, 0.128371, -0.654333, 0.745231),
      ["LowerTorso"] = CFrame.new(2.215629, -1.421716, -0.219535, 0.005869, -0.730916, 0.682442, 0.000021, 0.682454, 0.730929, -0.999983, -0.004276, 0.004021),
      ["RightUpperArm"] = CFrame.new(0.011769, -0.310629, 0.048084, 0.988972, 0.133069, -0.065015, -0.105507, 0.324948, -0.939828, -0.103935, 0.936324, 0.335404),
      ["RightUpperLeg"] = CFrame.new(0.065331, 0.335281, -0.754857, 0.988577, -0.150659, 0.004083, 0.104279, 0.703304, 0.703200, -0.108815, -0.694741, 0.710981)
    }},
    { Time = 0.417, Data = {
      ["Head"] = CFrame.new(0.030535, -0.049569, -0.084530, 0.994367, -0.101402, 0.030837, 0.087930, 0.626818, -0.774188, 0.059175, 0.772539, 0.632204),
      ["LeftUpperArm"] = CFrame.new(-0.068323, -0.681291, 0.272546, 0.982807, 0.181064, -0.036144, 0.151174, -0.901512, -0.405492, -0.106004, 0.393056, -0.913384),
      ["LeftUpperLeg"] = CFrame.new(-0.277061, 0.221164, -0.654005, 0.982156, 0.188023, -0.004094, -0.137442, 0.732459, 0.666793, 0.128371, -0.654333, 0.745231),
      ["LowerTorso"] = CFrame.new(2.215624, -1.421714, -0.222027, 0.007067, -0.730912, 0.682435, 0.000009, 0.682452, 0.730930, -0.999975, -0.005160, 0.004830),
      ["RightUpperArm"] = CFrame.new(0.011239, -0.310772, 0.047934, 0.988540, 0.135588, -0.066367, -0.107512, 0.323730, -0.940021, -0.105971, 0.936384, 0.334597),
      ["RightUpperLeg"] = CFrame.new(0.065332, 0.335149, -0.754733, 0.988688, -0.149928, 0.004108, 0.103744, 0.703399, 0.703184, -0.108317, -0.694803, 0.710997)
    }},
    { Time = 0.433, Data = {
      ["Head"] = CFrame.new(0.033019, -0.046758, -0.083259, 0.994706, -0.097530, 0.032357, 0.086737, 0.628075, -0.773304, 0.055098, 0.772017, 0.633210),
      ["LeftUpperArm"] = CFrame.new(-0.067396, -0.681102, 0.272432, 0.981798, 0.186460, -0.036138, 0.156123, -0.900655, -0.405519, -0.108161, 0.392496, -0.913372),
      ["LeftUpperLeg"] = CFrame.new(-0.278402, 0.219864, -0.652792, 0.982156, 0.188023, -0.004094, -0.137442, 0.732459, 0.666793, 0.128371, -0.654333, 0.745231),
      ["LowerTorso"] = CFrame.new(2.215619, -1.421713, -0.224658, 0.008265, -0.730906, 0.682428, -0.000003, 0.682451, 0.730931, -0.999966, -0.006043, 0.005639),
      ["RightUpperArm"] = CFrame.new(0.010690, -0.310939, 0.047782, 0.988084, 0.138220, -0.067707, -0.109528, 0.322391, -0.940249, -0.108133, 0.936461, 0.333688),
      ["RightUpperLeg"] = CFrame.new(0.065342, 0.334961, -0.754578, 0.988787, -0.149277, 0.004100, 0.103289, 0.703482, 0.703167, -0.107851, -0.694859, 0.711012)
    }},
    { Time = 0.450, Data = {
      ["Head"] = CFrame.new(0.035601, -0.043837, -0.081938, 0.995037, -0.093545, 0.033923, 0.085497, 0.629331, -0.772421, 0.050907, 0.771487, 0.634205),
      ["LeftUpperArm"] = CFrame.new(-0.066424, -0.680904, 0.272293, 0.980712, 0.192100, -0.036086, 0.161323, -0.899759, -0.405473, -0.110361, 0.391831, -0.913394),
      ["LeftUpperLeg"] = CFrame.new(-0.279795, 0.218513, -0.651530, 0.982156, 0.188023, -0.004094, -0.137442, 0.732459, 0.666793, 0.128371, -0.654333, 0.745231),
      ["LowerTorso"] = CFrame.new(2.215613, -1.421711, -0.227379, 0.009573, -0.730900, 0.682418, 0.000033, 0.682449, 0.730933, -0.999954, -0.006975, 0.006558),
      ["RightUpperArm"] = CFrame.new(0.010130, -0.311082, 0.047609, 0.987593, 0.140993, -0.069143, -0.111685, 0.321115, -0.940431, -0.110391, 0.936486, 0.332878),
      ["RightUpperLeg"] = CFrame.new(0.065342, 0.334836, -0.754440, 0.988909, -0.148466, 0.004157, 0.102675, 0.703588, 0.703151, -0.107319, -0.694926, 0.711028)
    }},
    { Time = 0.467, Data = {
      ["Head"] = CFrame.new(0.038281, -0.040806, -0.080567, 0.995358, -0.089409, 0.035613, 0.084248, 0.630585, -0.771534, 0.046525, 0.770953, 0.635190),
      ["LeftUpperArm"] = CFrame.new(-0.065398, -0.680677, 0.272165, 0.979531, 0.198022, -0.036140, 0.166728, -0.898747, -0.405531, -0.112785, 0.391204, -0.913367),
      ["LeftUpperLeg"] = CFrame.new(-0.281241, 0.217111, -0.650222, 0.982156, 0.188023, -0.004094, -0.137442, 0.732459, 0.666793, 0.128371, -0.654333, 0.745231),
      ["LowerTorso"] = CFrame.new(2.215604, -1.421709, -0.230125, 0.010929, -0.730891, 0.682406, -0.000043, 0.682447, 0.730935, -0.999940, -0.008018, 0.007427),
      ["RightUpperArm"] = CFrame.new(0.009537, -0.311251, 0.047436, 0.987078, 0.143829, -0.070640, -0.113903, 0.319716, -0.940642, -0.112707, 0.936533, 0.331967),
      ["RightUpperLeg"] = CFrame.new(0.065351, 0.334658, -0.754269, 0.989018, -0.147735, 0.004175, 0.102135, 0.703616, 0.703202, -0.106825, -0.695053, 0.710978)
    }},
    { Time = 0.483, Data = {
      ["Head"] = CFrame.new(0.041057, -0.037664, -0.079146, 0.995667, -0.085163, 0.037342, 0.082954, 0.631984, -0.770529, 0.042021, 0.770288, 0.636310),
      ["LeftUpperArm"] = CFrame.new(-0.064376, -0.680448, 0.272015, 0.978305, 0.204002, -0.036101, 0.172234, -0.897720, -0.405505, -0.115133, 0.390490, -0.913380),
      ["LeftUpperLeg"] = CFrame.new(-0.282739, 0.215658, -0.648865, 0.982156, 0.188023, -0.004094, -0.137442, 0.732459, 0.666793, 0.128371, -0.654333, 0.745231),
      ["LowerTorso"] = CFrame.new(2.215595, -1.421706, -0.233074, 0.012347, -0.730882, 0.682392, 0.000040, 0.682444, 0.730937, -0.999924, -0.008998, 0.008456),
      ["RightUpperArm"] = CFrame.new(0.008914, -0.311419, 0.047252, 0.986539, 0.146731, -0.072189, -0.116186, 0.318292, -0.940846, -0.115074, 0.936568, 0.331056),
      ["RightUpperLeg"] = CFrame.new(0.065357, 0.334500, -0.754100, 0.989139, -0.146925, 0.004232, 0.101521, 0.703721, 0.703185, -0.106294, -0.695118, 0.710994)
    }},
    { Time = 0.500, Data = {
      ["Head"] = CFrame.new(0.043932, -0.034412, -0.077676, 0.995970, -0.080688, 0.039165, 0.081570, 0.633314, -0.769584, 0.037292, 0.769677, 0.637343),
      ["LeftUpperArm"] = CFrame.new(-0.063282, -0.680192, 0.271855, 0.976965, 0.210327, -0.036074, 0.178050, -0.896588, -0.405498, -0.117631, 0.389734, -0.913384),
      ["LeftUpperLeg"] = CFrame.new(-0.284290, 0.214154, -0.647461, 0.982156, 0.188023, -0.004094, -0.137442, 0.732459, 0.666793, 0.128371, -0.654333, 0.745231),
      ["LowerTorso"] = CFrame.new(2.215584, -1.421703, -0.236049, 0.013812, -0.730871, 0.682376, 0.000011, 0.682441, 0.730940, -0.999905, -0.010088, 0.009435),
      ["RightUpperArm"] = CFrame.new(0.008276, -0.311616, 0.047066, 0.985960, 0.149764, -0.073849, -0.118597, 0.316729, -0.941073, -0.117549, 0.936618, 0.330043),
      ["RightUpperLeg"] = CFrame.new(0.065363, 0.334309, -0.753957, 0.989264, -0.146082, 0.004210, 0.100939, 0.703826, 0.703165, -0.105683, -0.695190, 0.711014)
    }},
    { Time = 0.517, Data = {
      ["Head"] = CFrame.new(0.046903, -0.031050, -0.076155, 0.996256, -0.076103, 0.041028, 0.080140, 0.634786, -0.768521, 0.032443, 0.768931, 0.638508),
      ["LeftUpperArm"] = CFrame.new(-0.062183, -0.679923, 0.271690, 0.975560, 0.216745, -0.036112, 0.183925, -0.895398, -0.405504, -0.120226, 0.388951, -0.913380),
      ["LeftUpperLeg"] = CFrame.new(-0.285894, 0.212600, -0.646009, 0.982156, 0.188023, -0.004094, -0.137442, 0.732459, 0.666793, 0.128371, -0.654333, 0.745231),
      ["LowerTorso"] = CFrame.new(2.215571, -1.421700, -0.239162, 0.015277, -0.730858, 0.682358, -0.000018, 0.682438, 0.730944, -0.999883, -0.011179, 0.010412),
      ["RightUpperArm"] = CFrame.new(0.007620, -0.311813, 0.046867, 0.985352, 0.152914, -0.075493, -0.121023, 0.315137, -0.941298, -0.120146, 0.936646, 0.329027),
      ["RightUpperLeg"] = CFrame.new(0.065374, 0.334119, -0.753758, 0.989383, -0.145272, 0.004268, 0.100325, 0.703929, 0.703149, -0.105152, -0.695255, 0.711030)
    }},
    { Time = 0.533, Data = {
      ["Head"] = CFrame.new(0.049972, -0.027578, -0.074585, 0.996523, -0.071403, 0.042943, 0.078659, 0.636178, -0.767522, 0.027484, 0.768231, 0.639583),
      ["LeftUpperArm"] = CFrame.new(-0.061018, -0.679625, 0.271517, 0.974039, 0.223488, -0.036079, 0.190125, -0.894095, -0.405521, -0.122887, 0.388134, -0.913373),
      ["LeftUpperLeg"] = CFrame.new(-0.287550, 0.210994, -0.644510, 0.982156, 0.188023, -0.004094, -0.137442, 0.732459, 0.666793, 0.128371, -0.654333, 0.745231),
      ["LowerTorso"] = CFrame.new(2.215556, -1.421696, -0.242365, 0.016851, -0.730844, 0.682337, 0.000001, 0.682434, 0.730947, -0.999858, -0.012317, 0.011500),
      ["RightUpperArm"] = CFrame.new(0.006932, -0.312010, 0.046657, 0.984716, 0.156128, -0.077191, -0.123514, 0.313518, -0.941515, -0.122796, 0.936659, 0.328011),
      ["RightUpperLeg"] = CFrame.new(0.065380, 0.333936, -0.753600, 0.989518, -0.144349, 0.004279, 0.099664, 0.704044, 0.703128, -0.104508, -0.695331, 0.711050)
    }},
    { Time = 0.550, Data = {
      ["Head"] = CFrame.new(0.053139, -0.023996, -0.072965, 0.996775, -0.066481, 0.044943, 0.077089, 0.637717, -0.766403, 0.022290, 0.767396, 0.640785),
      ["LeftUpperArm"] = CFrame.new(-0.059848, -0.679321, 0.271316, 0.972444, 0.230322, -0.036121, 0.196388, -0.892762, -0.405473, -0.125637, 0.387206, -0.913393),
      ["LeftUpperLeg"] = CFrame.new(-0.289259, 0.209337, -0.642963, 0.982156, 0.188023, -0.004094, -0.137442, 0.732459, 0.666793, 0.128371, -0.654333, 0.745231),
      ["LowerTorso"] = CFrame.new(2.215540, -1.421692, -0.245707, 0.018423, -0.730828, 0.682313, 0.000019, 0.682430, 0.730951, -0.999830, -0.013454, 0.012586),
      ["RightUpperArm"] = CFrame.new(0.006231, -0.312212, 0.046435, 0.984036, 0.159477, -0.078994, -0.126137, 0.311855, -0.941720, -0.125548, 0.936650, 0.326993),
      ["RightUpperLeg"] = CFrame.new(0.065388, 0.333739, -0.753425, 0.989652, -0.143427, 0.004283, 0.098999, 0.704092, 0.703174, -0.103869, -0.695473, 0.711005)
    }},
    { Time = 0.567, Data = {
      ["Head"] = CFrame.new(0.056403, -0.020303, -0.071295, 0.997004, -0.061445, 0.046992, 0.075468, 0.639247, -0.765289, 0.016984, 0.766542, 0.641969),
      ["LeftUpperArm"] = CFrame.new(-0.058634, -0.678981, 0.271130, 0.970742, 0.237397, -0.036098, 0.202887, -0.891289, -0.405514, -0.128442, 0.386326, -0.913376),
      ["LeftUpperLeg"] = CFrame.new(-0.291021, 0.207629, -0.641369, 0.982156, 0.188023, -0.004094, -0.137442, 0.732459, 0.666793, 0.128371, -0.654333, 0.745231),
      ["LowerTorso"] = CFrame.new(2.215476, -1.421735, -0.249073, 0.020154, -0.730763, 0.682334, 0.000038, 0.682473, 0.730911, -0.999797, -0.014705, 0.013782),
      ["RightUpperArm"] = CFrame.new(0.005497, -0.312441, 0.046211, 0.983326, 0.162886, -0.080859, -0.128818, 0.310061, -0.941949, -0.128359, 0.936659, 0.325873),
      ["RightUpperLeg"] = CFrame.new(0.065393, 0.333562, -0.753253, 0.989796, -0.142425, 0.004326, 0.098259, 0.704217, 0.703153, -0.103193, -0.695553, 0.711025)
    }},
    { Time = 0.583, Data = {
      ["Head"] = CFrame.new(0.059764, -0.016500, -0.069575, 0.997205, -0.056262, 0.049170, 0.073832, 0.640768, -0.764176, 0.011487, 0.765670, 0.643130),
      ["LeftUpperArm"] = CFrame.new(-0.057395, -0.678628, 0.270913, 0.968940, 0.244643, -0.036134, 0.209530, -0.889760, -0.405493, -0.131352, 0.385327, -0.913384),
      ["LeftUpperLeg"] = CFrame.new(-0.292834, 0.205871, -0.639727, 0.982156, 0.188023, -0.004094, -0.137442, 0.732459, 0.666793, 0.128371, -0.654333, 0.745231),
      ["LowerTorso"] = CFrame.new(2.215501, -1.421681, -0.252646, 0.021724, -0.730789, 0.682258, -0.000011, 0.682419, 0.730961, -0.999764, -0.015887, 0.014817),
      ["RightUpperArm"] = CFrame.new(0.004764, -0.312649, 0.045962, 0.982566, 0.166482, -0.082751, -0.131587, 0.308319, -0.942138, -0.131336, 0.936602, 0.324850),
      ["RightUpperLeg"] = CFrame.new(0.065407, 0.333330, -0.753049, 0.989928, -0.141502, 0.004337, 0.097598, 0.704329, 0.703133, -0.102550, -0.695628, 0.711045)
    }},
    { Time = 0.600, Data = {
      ["Head"] = CFrame.new(0.063223, -0.012587, -0.067805, 0.997377, -0.050971, 0.051394, 0.072145, 0.642423, -0.762947, 0.005871, 0.764653, 0.644415),
      ["LeftUpperArm"] = CFrame.new(-0.056112, -0.678247, 0.270689, 0.967020, 0.252127, -0.036115, 0.216411, -0.888116, -0.405483, -0.134308, 0.384294, -0.913389),
      ["LeftUpperLeg"] = CFrame.new(-0.294701, 0.204061, -0.638037, 0.982156, 0.188023, -0.004094, -0.137442, 0.732459, 0.666793, 0.128371, -0.654333, 0.745231),
      ["LowerTorso"] = CFrame.new(2.215432, -1.421723, -0.256241, 0.023562, -0.730720, 0.682271, 0.000055, 0.682461, 0.730922, -0.999722, -0.017185, 0.016121),
      ["RightUpperArm"] = CFrame.new(0.003980, -0.312880, 0.045713, 0.981789, 0.170069, -0.084656, -0.134342, 0.306459, -0.942356, -0.134322, 0.936568, 0.323726),
      ["RightUpperLeg"] = CFrame.new(0.065418, 0.333124, -0.752845, 0.990071, -0.140501, 0.004374, 0.096853, 0.704386, 0.703179, -0.101878, -0.695773, 0.711000)
    }},
    { Time = 0.617, Data = {
      ["Head"] = CFrame.new(0.066779, -0.008564, -0.065986, 0.997524, -0.045487, 0.053635, 0.070327, 0.643999, -0.761787, 0.000111, 0.763673, 0.645604),
      ["LeftUpperArm"] = CFrame.new(-0.054804, -0.677841, 0.270455, 0.964991, 0.259781, -0.036144, 0.223429, -0.886373, -0.405492, -0.137376, 0.383220, -0.913384),
      ["LeftUpperLeg"] = CFrame.new(-0.296620, 0.202200, -0.636299, 0.982156, 0.188023, -0.004094, -0.137442, 0.732459, 0.666793, 0.128371, -0.654333, 0.745231),
      ["LowerTorso"] = CFrame.new(2.215407, -1.421716, -0.259976, 0.025288, -0.730695, 0.682236, 0.000006, 0.682454, 0.730928, -0.999680, -0.018480, 0.017263),
      ["RightUpperArm"] = CFrame.new(0.003181, -0.313144, 0.045460, 0.980962, 0.173784, -0.086677, -0.137221, 0.304449, -0.942593, -0.137419, 0.936542, 0.322500),
      ["RightUpperLeg"] = CFrame.new(0.065432, 0.332899, -0.752627, 0.990212, -0.139499, 0.004417, 0.096112, 0.704508, 0.703158, -0.101201, -0.695852, 0.711020)
    }},
    { Time = 0.633, Data = {
      ["Head"] = CFrame.new(0.070408, -0.004458, -0.064129, 0.997629, -0.039940, 0.056039, 0.068570, 0.645701, -0.760505, -0.005810, 0.762545, 0.646909),
      ["LeftUpperArm"] = CFrame.new(-0.053453, -0.677402, 0.270213, 0.962834, 0.267669, -0.036118, 0.230682, -0.884504, -0.405511, -0.140489, 0.382108, -0.913376),
      ["LeftUpperLeg"] = CFrame.new(-0.298592, 0.200289, -0.634515, 0.982156, 0.188023, -0.004094, -0.137442, 0.732459, 0.666793, 0.128371, -0.654333, 0.745231),
      ["LowerTorso"] = CFrame.new(2.215379, -1.421709, -0.263802, 0.027123, -0.730667, 0.682195, 0.000005, 0.682447, 0.730935, -0.999632, -0.019822, 0.018514),
      ["RightUpperArm"] = CFrame.new(0.002368, -0.313388, 0.045183, 0.980083, 0.177634, -0.088794, -0.140238, 0.302486, -0.942781, -0.140611, 0.936455, 0.321373),
      ["RightUpperLeg"] = CFrame.new(0.065441, 0.332681, -0.752450, 0.990369, -0.138384, 0.004414, 0.095326, 0.704639, 0.703133, -0.100413, -0.695941, 0.711044)
    }},
    { Time = 0.650, Data = {
      ["Head"] = CFrame.new(0.073965, -0.000434, -0.062309, 0.997704, -0.034466, 0.058298, 0.066729, 0.647311, -0.759299, -0.011567, 0.761446, 0.648125),
      ["LeftUpperArm"] = CFrame.new(-0.052079, -0.676946, 0.269939, 0.960557, 0.275724, -0.036151, 0.238075, -0.882561, -0.405471, -0.143704, 0.380871, -0.913393),
      ["LeftUpperLeg"] = CFrame.new(-0.300616, 0.198326, -0.632682, 0.982156, 0.188023, -0.004094, -0.137442, 0.732459, 0.666793, 0.128371, -0.654333, 0.745231),
