return {
  ["Astros fingering 2"] = {
    { Time = 0.000, Data = {
      ["Head"] = CFrame.new(0.000000, -0.103128, -0.039456, 1.000000, 0.000000, 0.000000, 0.000000, 0.800911, -0.598784, 0.000000, 0.598784, 0.800911),
      ["LeftUpperArm"] = CFrame.new(-0.009814, -0.513706, -0.172791, 0.768684, -0.597642, -0.227923, 0.600663, 0.796944, -0.063912, 0.219838, -0.087777, 0.971579),
      ["LeftUpperLeg"] = CFrame.new(-0.114759, 0.021462, 0.105177, 0.931903, 0.118696, 0.342737, -0.072109, 0.986705, -0.145648, -0.355468, 0.111015, 0.928072),
      ["LowerTorso"] = CFrame.new(0.000001, -1.439426, -1.544171, 1.000000, 0.000000, 0.000000, 0.000000, 0.203425, -0.979091, 0.000000, 0.979091, 0.203425),
      ["RightUpperArm"] = CFrame.new(-0.124488, -0.169847, 0.138824, 0.965574, -0.235109, -0.111317, 0.234357, 0.971945, -0.019977, 0.112891, -0.006799, 0.993584),
      ["RightUpperLeg"] = CFrame.new(0.150228, 0.022406, -0.234385, 0.931906, -0.043116, -0.360129, 0.125078, 0.970204, 0.207508, 0.340451, -0.238422, 0.909532),
      ["­¤ī¦’ĖÅ­¤ś│­¤æ╗­¤Å│’ĖÅŌĆŹ­¤īł­¤śé­¤Æ×­¤Å┤ŌĆŹŌśĀ’ĖÅ­¤ÄĖ­¤ī¦’ĖÅ­¤ś│­¤æ╗­¤Å│’ĖÅŌĆŹ­¤īł­¤śé­¤Æ×­¤Å┤ŌĆŹŌś"] = CFrame.new(0.040630, -0.049872, -0.000522, 0.990088, -0.136454, 0.033267, 0.137660, 0.989783, -0.037152, -0.027858, 0.041363, 0.998756)
    }},
    { Time = 0.017, Data = {
      ["Head"] = CFrame.new(-0.000000, -0.103128, -0.039456, 1.000000, 0.000000, 0.000000, 0.000000, 0.800911, -0.598784, 0.000000, 0.598784, 0.800911),
      ["LeftUpperArm"] = CFrame.new(-0.009752, -0.513751, -0.172802, 0.768678, -0.597558, -0.228165, 0.600582, 0.796999, -0.063984, 0.220082, -0.087849, 0.971518),
      ["LeftUpperLeg"] = CFrame.new(-0.114759, 0.021470, 0.105175, 0.931903, 0.118711, 0.342732, -0.072093, 0.986694, -0.145732, -0.355472, 0.111100, 0.928061),
      ["LowerTorso"] = CFrame.new(0.000001, -1.439441, -1.544171, 1.000000, 0.000000, 0.000000, 0.000000, 0.203425, -0.979091, 0.000000, 0.979091, 0.203425),
      ["RightUpperArm"] = CFrame.new(-0.124490, -0.169843, 0.138832, 0.965574, -0.235114, -0.111307, 0.234353, 0.971945, -0.020063, 0.112901, -0.006713, 0.993584),
      ["RightUpperLeg"] = CFrame.new(0.150224, 0.022455, -0.234394, 0.931913, -0.043047, -0.360117, 0.124978, 0.970231, 0.207441, 0.340467, -0.238324, 0.909551)
    }},
    { Time = 0.033, Data = {
      ["Head"] = CFrame.new(-0.000000, -0.103128, -0.039456, 1.000000, 0.000000, 0.000000, 0.000000, 0.800856, -0.598857, 0.000000, 0.598857, 0.800856),
      ["LeftUpperArm"] = CFrame.new(-0.009543, -0.513872, -0.172854, 0.768712, -0.597223, -0.228923, 0.600278, 0.797218, -0.064109, 0.220789, -0.088137, 0.971331),
      ["LeftUpperLeg"] = CFrame.new(-0.114759, 0.021477, 0.105174, 0.931903, 0.118726, 0.342727, -0.072078, 0.986682, -0.145817, -0.355475, 0.111184, 0.928050),
      ["LowerTorso"] = CFrame.new(0.000001, -1.439594, -1.544148, 1.000000, 0.000000, 0.000000, 0.000000, 0.203534, -0.979068, 0.000000, 0.979068, 0.203534),
      ["RightUpperArm"] = CFrame.new(-0.124490, -0.169833, 0.138787, 0.965564, -0.235114, -0.111392, 0.234352, 0.971945, -0.020073, 0.112986, -0.006723, 0.993574),
      ["RightUpperLeg"] = CFrame.new(0.150225, 0.022463, -0.234396, 0.931913, -0.043063, -0.360116, 0.124963, 0.970251, 0.207358, 0.340473, -0.238241, 0.909571)
    }},
    { Time = 0.050, Data = {
      ["Head"] = CFrame.new(-0.000000, -0.103128, -0.039456, 1.000000, 0.000000, 0.000000, 0.000000, 0.800802, -0.598929, 0.000000, 0.598929, 0.800802),
      ["LeftUpperArm"] = CFrame.new(-0.009225, -0.514097, -0.172953, 0.768676, -0.596782, -0.230191, 0.599895, 0.797490, -0.064307, 0.221952, -0.088659, 0.971018),
      ["LeftUpperLeg"] = CFrame.new(-0.114759, 0.021493, 0.105170, 0.931903, 0.118756, 0.342716, -0.072046, 0.986660, -0.145985, -0.355481, 0.111352, 0.928027),
      ["LowerTorso"] = CFrame.new(0.000001, -1.439775, -1.544126, 1.000000, 0.000000, 0.000000, 0.000000, 0.203643, -0.979045, 0.000000, 0.979045, 0.203643),
      ["RightUpperArm"] = CFrame.new(-0.124491, -0.169816, 0.138739, 0.965564, -0.235118, -0.111382, 0.234347, 0.971944, -0.020158, 0.112996, -0.006638, 0.993573),
      ["RightUpperLeg"] = CFrame.new(0.150225, 0.022478, -0.234402, 0.931913, -0.043095, -0.360112, 0.124933, 0.970290, 0.207192, 0.340484, -0.238075, 0.909610)
    }},
    { Time = 0.067, Data = {
      ["Head"] = CFrame.new(-0.000000, -0.103128, -0.039456, 1.000000, 0.000000, 0.000000, 0.000000, 0.800747, -0.599002, 0.000000, 0.599002, 0.800747),
      ["LeftUpperArm"] = CFrame.new(-0.008762, -0.514398, -0.173071, 0.768678, -0.596100, -0.231946, 0.599278, 0.797927, -0.064638, 0.223606, -0.089315, 0.970579),
      ["LeftUpperLeg"] = CFrame.new(-0.114755, 0.021551, 0.105170, 0.931911, 0.118702, 0.342712, -0.071931, 0.986646, -0.146139, -0.355482, 0.111537, 0.928004),
      ["LowerTorso"] = CFrame.new(0.000001, -1.439986, -1.544103, 1.000000, 0.000000, 0.000000, 0.000000, 0.203752, -0.979023, 0.000000, 0.979023, 0.203752),
      ["RightUpperArm"] = CFrame.new(-0.124470, -0.169786, 0.138664, 0.965584, -0.235039, -0.111372, 0.234257, 0.971964, -0.020239, 0.113007, -0.006547, 0.993573),
      ["RightUpperLeg"] = CFrame.new(0.150221, 0.022542, -0.234415, 0.931921, -0.043059, -0.360097, 0.124804, 0.970357, 0.206958, 0.340511, -0.237810, 0.909669)
    }},
    { Time = 0.083, Data = {
      ["Head"] = CFrame.new(-0.000000, -0.103128, -0.039456, 1.000000, 0.000000, 0.000000, 0.000000, 0.800638, -0.599148, 0.000000, 0.599148, 0.800638),
      ["LeftUpperArm"] = CFrame.new(-0.008175, -0.514788, -0.173211, 0.768659, -0.595248, -0.234185, 0.598499, 0.798473, -0.065110, 0.225747, -0.090112, 0.970009),
      ["LeftUpperLeg"] = CFrame.new(-0.114751, 0.021624, 0.105166, 0.931919, 0.118677, 0.342698, -0.071784, 0.986609, -0.146461, -0.355490, 0.111889, 0.927959),
      ["LowerTorso"] = CFrame.new(0.000001, -1.440225, -1.544080, 1.000000, 0.000000, 0.000000, 0.000000, 0.203861, -0.979000, 0.000000, 0.979000, 0.203861),
      ["RightUpperArm"] = CFrame.new(-0.124471, -0.169755, 0.138559, 0.965584, -0.235044, -0.111362, 0.234253, 0.971963, -0.020325, 0.113017, -0.006462, 0.993572),
      ["RightUpperLeg"] = CFrame.new(0.150236, 0.022560, -0.234464, 0.931890, -0.043096, -0.360173, 0.124768, 0.970416, 0.206704, 0.340609, -0.237563, 0.909697)
    }},
    { Time = 0.100, Data = {
      ["Head"] = CFrame.new(-0.000000, -0.103128, -0.039456, 1.000000, 0.000000, 0.000000, 0.000000, 0.800529, -0.599294, 0.000000, 0.599294, 0.800529),
      ["LeftUpperArm"] = CFrame.new(-0.007460, -0.515270, -0.173387, 0.768637, -0.594219, -0.236856, 0.597571, 0.799127, -0.065615, 0.228268, -0.091104, 0.969326),
      ["LeftUpperLeg"] = CFrame.new(-0.114766, 0.021659, 0.105119, 0.931889, 0.118743, 0.342759, -0.071715, 0.986563, -0.146801, -0.355585, 0.112221, 0.927882),
      ["LowerTorso"] = CFrame.new(0.000001, -1.440603, -1.544035, 1.000000, 0.000000, 0.000000, 0.000000, 0.204078, -0.978955, 0.000000, 0.978955, 0.204078),
      ["RightUpperArm"] = CFrame.new(-0.124474, -0.169718, 0.138449, 0.965584, -0.235053, -0.111342, 0.234243, 0.971962, -0.020496, 0.113037, -0.006290, 0.993571),
      ["RightUpperLeg"] = CFrame.new(0.150233, 0.022633, -0.234481, 0.931897, -0.043076, -0.360156, 0.124624, 0.970502, 0.206387, 0.340642, -0.237215, 0.909776)
    }},
    { Time = 0.117, Data = {
      ["Head"] = CFrame.new(-0.000000, -0.103128, -0.039456, 1.000000, 0.000000, 0.000000, 0.000000, 0.800420, -0.599439, 0.000000, 0.599439, 0.800420),
      ["LeftUpperArm"] = CFrame.new(-0.006597, -0.515827, -0.173609, 0.768618, -0.592932, -0.240121, 0.596416, 0.799942, -0.066195, 0.231332, -0.092333, 0.968483),
      ["LeftUpperLeg"] = CFrame.new(-0.114762, 0.021740, 0.105113, 0.931897, 0.118734, 0.342739, -0.071552, 0.986514, -0.147207, -0.355595, 0.112658, 0.927825),
      ["LowerTorso"] = CFrame.new(0.000001, -1.441008, -1.543990, 1.000000, 0.000000, 0.000000, 0.000000, 0.204296, -0.978909, 0.000000, 0.978909, 0.204296),
      ["RightUpperArm"] = CFrame.new(-0.124476, -0.169673, 0.138310, 0.965584, -0.235063, -0.111321, 0.234233, 0.971961, -0.020667, 0.113058, -0.006119, 0.993570),
      ["RightUpperLeg"] = CFrame.new(0.150229, 0.022713, -0.234500, 0.931905, -0.043071, -0.360137, 0.124464, 0.970607, 0.205987, 0.340680, -0.236785, 0.909874)
    }},
    { Time = 0.133, Data = {
      ["Head"] = CFrame.new(-0.000000, -0.103128, -0.039456, 1.000000, 0.000000, 0.000000, 0.000000, 0.800257, -0.599658, 0.000000, 0.599658, 0.800257),
      ["LeftUpperArm"] = CFrame.new(-0.005606, -0.516476, -0.173852, 0.768564, -0.591471, -0.243868, 0.595097, 0.800864, -0.066912, 0.234882, -0.093699, 0.967497),
      ["LeftUpperLeg"] = CFrame.new(-0.114758, 0.021830, 0.105106, 0.931905, 0.118740, 0.342714, -0.071373, 0.986454, -0.147697, -0.355609, 0.113179, 0.927757),
      ["LowerTorso"] = CFrame.new(0.000001, -1.441444, -1.543944, 1.000000, 0.000000, 0.000000, 0.000000, 0.204514, -0.978864, 0.000000, 0.978864, 0.204514),
      ["RightUpperArm"] = CFrame.new(-0.124480, -0.169622, 0.138163, 0.965574, -0.235077, -0.111376, 0.234217, 0.971959, -0.020934, 0.113174, -0.005873, 0.993558),
      ["RightUpperLeg"] = CFrame.new(0.150225, 0.022800, -0.234522, 0.931912, -0.043083, -0.360117, 0.124290, 0.970732, 0.205504, 0.340723, -0.236271, 0.909991)
    }},
    { Time = 0.150, Data = {
      ["Head"] = CFrame.new(-0.000000, -0.103128, -0.039457, 1.000000, 0.000000, 0.000000, 0.000000, 0.800093, -0.599876, 0.000000, 0.599876, 0.800093),
      ["LeftUpperArm"] = CFrame.new(-0.004488, -0.517215, -0.174130, 0.768489, -0.589829, -0.248046, 0.593628, 0.801891, -0.067656, 0.238811, -0.095254, 0.966383),
      ["LeftUpperLeg"] = CFrame.new(-0.114769, 0.021922, 0.105058, 0.931883, 0.118751, 0.342771, -0.071189, 0.986393, -0.148191, -0.355705, 0.113695, 0.927657),
      ["LowerTorso"] = CFrame.new(0.000001, -1.442017, -1.543876, 1.000000, 0.000000, 0.000000, 0.000000, 0.204841, -0.978795, 0.000000, 0.978795, 0.204841),
      ["RightUpperArm"] = CFrame.new(-0.124484, -0.169564, 0.137990, 0.965574, -0.235092, -0.111345, 0.234202, 0.971957, -0.021191, 0.113204, -0.005616, 0.993556),
      ["RightUpperLeg"] = CFrame.new(0.150237, 0.022883, -0.234584, 0.931888, -0.043083, -0.360178, 0.124124, 0.970856, 0.205016, 0.340848, -0.235759, 0.910077)
    }},
    { Time = 0.167, Data = {
      ["Head"] = CFrame.new(-0.000000, -0.103128, -0.039457, 1.000000, 0.000000, 0.000000, 0.000000, 0.799874, -0.600167, 0.000000, 0.600167, 0.799874),
      ["LeftUpperArm"] = CFrame.new(-0.003241, -0.518045, -0.174433, 0.768342, -0.588005, -0.252784, 0.591990, 0.803024, -0.068560, 0.243305, -0.096968, 0.965091),
      ["LeftUpperLeg"] = CFrame.new(-0.114761, 0.022069, 0.105051, 0.931900, 0.118703, 0.342743, -0.070894, 0.986317, -0.148835, -0.355720, 0.114401, 0.927564),
      ["LowerTorso"] = CFrame.new(0.000001, -1.442510, -1.543831, 1.000000, 0.000000, 0.000000, 0.000000, 0.205059, -0.978750, 0.000000, 0.978750, 0.205059),
      ["RightUpperArm"] = CFrame.new(-0.124488, -0.169498, 0.137789, 0.965574, -0.235107, -0.111314, 0.234188, 0.971955, -0.021447, 0.113235, -0.005359, 0.993554),
      ["RightUpperLeg"] = CFrame.new(0.150230, 0.023027, -0.234617, 0.931903, -0.043043, -0.360144, 0.123836, 0.971027, 0.204382, 0.340912, -0.235063, 0.910233)
    }},
    { Time = 0.183, Data = {
      ["Head"] = CFrame.new(-0.000000, -0.103128, -0.039457, 1.000000, 0.000000, 0.000000, 0.000000, 0.799656, -0.600459, 0.000000, 0.600459, 0.799656),
      ["LeftUpperArm"] = CFrame.new(-0.001845, -0.518953, -0.174767, 0.768214, -0.585925, -0.257953, 0.590130, 0.804313, -0.069474, 0.248181, -0.098855, 0.963657),
      ["LeftUpperLeg"] = CFrame.new(-0.114756, 0.022174, 0.105041, 0.931908, 0.118739, 0.342707, -0.070685, 0.986233, -0.149494, -0.355740, 0.115090, 0.927472),
      ["LowerTorso"] = CFrame.new(0.000001, -1.443249, -1.543739, 1.000000, 0.000000, 0.000000, 0.000000, 0.205494, -0.978658, 0.000000, 0.978658, 0.205494),
      ["RightUpperArm"] = CFrame.new(-0.124470, -0.169421, 0.137559, 0.965585, -0.235036, -0.111370, 0.234087, 0.971973, -0.021710, 0.113351, -0.005108, 0.993542),
      ["RightUpperLeg"] = CFrame.new(0.150226, 0.023129, -0.234644, 0.931911, -0.043086, -0.360120, 0.123631, 0.971189, 0.203733, 0.340967, -0.234383, 0.910388)
    }},
    { Time = 0.200, Data = {
      ["Head"] = CFrame.new(-0.000000, -0.103128, -0.039457, 1.000000, 0.000000, 0.000000, 0.000000, 0.799437, -0.600750, 0.000000, 0.600750, 0.799437),
      ["LeftUpperArm"] = CFrame.new(-0.000322, -0.519952, -0.175118, 0.768018, -0.583663, -0.263601, 0.588103, 0.805706, -0.070515, 0.253541, -0.100868, 0.962051),
      ["LeftUpperLeg"] = CFrame.new(-0.114763, 0.022333, 0.104991, 0.931894, 0.118711, 0.342755, -0.070368, 0.986144, -0.150225, -0.355839, 0.115874, 0.927336),
      ["LowerTorso"] = CFrame.new(0.000001, -1.443909, -1.543671, 1.000000, 0.000000, 0.000000, 0.000000, 0.205820, -0.978590, 0.000000, 0.978590, 0.205820),
      ["RightUpperArm"] = CFrame.new(-0.124475, -0.169342, 0.137324, 0.965585, -0.235056, -0.111329, 0.234068, 0.971970, -0.022052, 0.113392, -0.004766, 0.993539),
      ["RightUpperLeg"] = CFrame.new(0.150234, 0.023277, -0.234719, 0.931894, -0.043051, -0.360166, 0.123336, 0.971378, 0.203011, 0.341118, -0.233606, 0.910531)
    }},
    { Time = 0.217, Data = {
      ["Head"] = CFrame.new(-0.000000, -0.103128, -0.039457, 1.000000, 0.000000, 0.000000, 0.000000, 0.799164, -0.601113, 0.000000, 0.601113, 0.799164),
      ["LeftUpperArm"] = CFrame.new(0.001354, -0.521030, -0.175511, 0.767774, -0.581131, -0.269836, 0.585845, 0.807253, -0.071612, 0.259442, -0.103100, 0.960240),
      ["LeftUpperLeg"] = CFrame.new(-0.114755, 0.022487, 0.104982, 0.931911, 0.118678, 0.342721, -0.070059, 0.986055, -0.150953, -0.355857, 0.116664, 0.927230),
      ["LowerTorso"] = CFrame.new(0.000001, -1.444708, -1.543580, 1.000000, 0.000000, 0.000000, 0.000000, 0.206255, -0.978498, 0.000000, 0.978498, 0.206255),
      ["RightUpperArm"] = CFrame.new(-0.124479, -0.169257, 0.137058, 0.965575, -0.235075, -0.111373, 0.234047, 0.971967, -0.022404, 0.113518, -0.004434, 0.993526),
      ["RightUpperLeg"] = CFrame.new(0.150230, 0.023387, -0.234749, 0.931902, -0.043110, -0.360140, 0.123116, 0.971559, 0.202278, 0.341177, -0.232842, 0.910704)
    }},
    { Time = 0.233, Data = {
      ["Head"] = CFrame.new(-0.000000, -0.103128, -0.039457, 1.000000, 0.000000, 0.000000, 0.000000, 0.798890, -0.601477, 0.000000, 0.601477, 0.798890),
      ["LeftUpperArm"] = CFrame.new(0.003162, -0.522201, -0.175935, 0.767463, -0.578404, -0.276494, 0.583433, 0.808899, -0.072722, 0.265718, -0.105505, 0.958260),
      ["LeftUpperLeg"] = CFrame.new(-0.114766, 0.022620, 0.104927, 0.931888, 0.118765, 0.342753, -0.069795, 0.985934, -0.151867, -0.355968, 0.117601, 0.927069),
      ["LowerTorso"] = CFrame.new(0.000001, -1.445534, -1.543488, 1.000000, 0.000000, 0.000000, 0.000000, 0.206690, -0.978406, 0.000000, 0.978406, 0.206690),
      ["RightUpperArm"] = CFrame.new(-0.124485, -0.169164, 0.136767, 0.965575, -0.235094, -0.111332, 0.234027, 0.971964, -0.022747, 0.113559, -0.004091, 0.993523),
      ["RightUpperLeg"] = CFrame.new(0.150223, 0.023546, -0.234787, 0.931916, -0.043101, -0.360103, 0.122797, 0.971765, 0.201478, 0.341252, -0.231980, 0.910896)
    }},
    { Time = 0.250, Data = {
      ["Head"] = CFrame.new(-0.000000, -0.103128, -0.039457, 1.000000, 0.000000, 0.000000, 0.000000, 0.798562, -0.601913, 0.000000, 0.601913, 0.798562),
      ["LeftUpperArm"] = CFrame.new(0.005100, -0.523464, -0.176372, 0.767051, -0.575490, -0.283627, 0.580853, 0.810643, -0.073947, 0.272476, -0.108024, 0.956079),
      ["LeftUpperLeg"] = CFrame.new(-0.114754, 0.022832, 0.104918, 0.931913, 0.118677, 0.342715, -0.069369, 0.985828, -0.152748, -0.355986, 0.118574, 0.926938),
      ["LowerTorso"] = CFrame.new(0.000001, -1.446389, -1.543396, 1.000000, 0.000000, 0.000000, 0.000000, 0.207125, -0.978314, 0.000000, 0.978314, 0.207125),
      ["RightUpperArm"] = CFrame.new(-0.124469, -0.169060, 0.136468, 0.965586, -0.235034, -0.111367, 0.233917, 0.971980, -0.023180, 0.113695, -0.003669, 0.993509),
      ["RightUpperLeg"] = CFrame.new(0.150231, 0.023716, -0.234870, 0.931900, -0.043113, -0.360144, 0.122457, 0.972009, 0.200506, 0.341419, -0.230953, 0.911095)
    }},
    { Time = 0.267, Data = {
      ["Head"] = CFrame.new(-0.000000, -0.103128, -0.039457, 1.000000, 0.000000, 0.000000, 0.000000, 0.798288, -0.602277, 0.000000, 0.602277, 0.798288),
      ["LeftUpperArm"] = CFrame.new(0.007041, -0.524730, -0.176805, 0.766575, -0.572561, -0.290751, 0.578268, 0.812378, -0.075152, 0.279229, -0.110522, 0.953843),
      ["LeftUpperLeg"] = CFrame.new(-0.114761, 0.023014, 0.104864, 0.931899, 0.118695, 0.342748, -0.069006, 0.985700, -0.153731, -0.356094, 0.119611, 0.926764),
      ["LowerTorso"] = CFrame.new(0.000001, -1.447382, -1.543281, 1.000000, 0.000000, 0.000000, 0.000000, 0.207669, -0.978199, 0.000000, 0.978199, 0.207669),
      ["RightUpperArm"] = CFrame.new(-0.124475, -0.168954, 0.136143, 0.965586, -0.235058, -0.111316, 0.233892, 0.971976, -0.023608, 0.113746, -0.003241, 0.993505),
      ["RightUpperLeg"] = CFrame.new(0.150224, 0.023883, -0.234910, 0.931915, -0.043120, -0.360106, 0.122122, 0.972233, 0.199622, 0.341499, -0.230008, 0.911304)
    }},
    { Time = 0.283, Data = {
      ["Head"] = CFrame.new(-0.000000, -0.103128, -0.039458, 1.000000, 0.000000, 0.000000, 0.000000, 0.797904, -0.602785, 0.000000, 0.602785, 0.797904),
      ["LeftUpperArm"] = CFrame.new(0.008856, -0.525907, -0.177191, 0.766092, -0.569807, -0.297359, 0.575831, 0.814002, -0.076286, 0.285519, -0.112787, 0.951713),
      ["LeftUpperLeg"] = CFrame.new(-0.114753, 0.023193, 0.104851, 0.931915, 0.118707, 0.342699, -0.068649, 0.985572, -0.154712, -0.356119, 0.120652, 0.926619),
      ["LowerTorso"] = CFrame.new(0.000001, -1.448404, -1.543165, 1.000000, 0.000000, 0.000000, 0.000000, 0.208212, -0.978084, 0.000000, 0.978084, 0.208212),
      ["RightUpperArm"] = CFrame.new(-0.124483, -0.168841, 0.135809, 0.965576, -0.235087, -0.111340, 0.233862, 0.971970, -0.024131, 0.113892, -0.002738, 0.993489),
      ["RightUpperLeg"] = CFrame.new(0.150228, 0.024104, -0.235002, 0.931905, -0.043064, -0.360136, 0.121682, 0.972501, 0.198582, 0.341681, -0.228882, 0.911519)
    }},
    { Time = 0.300, Data = {
      ["Head"] = CFrame.new(-0.000000, -0.103128, -0.039458, 1.000000, 0.000000, 0.000000, 0.000000, 0.797574, -0.603221, 0.000000, 0.603221, 0.797574),
      ["LeftUpperArm"] = CFrame.new(0.010546, -0.526993, -0.177554, 0.765613, -0.567218, -0.303479, 0.573558, 0.815513, -0.077271, 0.291321, -0.114903, 0.949700),
      ["LeftUpperLeg"] = CFrame.new(-0.114760, 0.023391, 0.104794, 0.931901, 0.118755, 0.342721, -0.068254, 0.985418, -0.155863, -0.356233, 0.121857, 0.926417),
      ["LowerTorso"] = CFrame.new(0.000001, -1.449564, -1.543027, 1.000000, 0.000000, 0.000000, 0.000000, 0.208863, -0.977945, 0.000000, 0.977945, 0.208863),
      ["RightUpperArm"] = CFrame.new(-0.124489, -0.168721, 0.135424, 0.965566, -0.235112, -0.111374, 0.233836, 0.971966, -0.024569, 0.114028, -0.002320, 0.993475),
      ["RightUpperLeg"] = CFrame.new(0.150237, 0.024281, -0.235087, 0.931889, -0.043093, -0.360175, 0.121326, 0.972761, 0.197526, 0.341852, -0.227771, 0.911733)
    }},
    { Time = 0.317, Data = {
      ["Head"] = CFrame.new(-0.000000, -0.103128, -0.039458, 1.000000, 0.000000, 0.000000, 0.000000, 0.797190, -0.603729, 0.000000, 0.603729, 0.797190),
      ["LeftUpperArm"] = CFrame.new(0.012109, -0.527991, -0.177873, 0.765150, -0.564810, -0.309086, 0.571434, 0.816914, -0.078193, 0.296662, -0.116793, 0.947814),
      ["LeftUpperLeg"] = CFrame.new(-0.114763, 0.023631, 0.104740, 0.931895, 0.118718, 0.342750, -0.067774, 0.985271, -0.156999, -0.356340, 0.123077, 0.926215),
      ["LowerTorso"] = CFrame.new(0.000001, -1.450643, -1.542911, 1.000000, 0.000000, 0.000000, 0.000000, 0.209406, -0.977829, 0.000000, 0.977829, 0.209406),
      ["RightUpperArm"] = CFrame.new(-0.124475, -0.168590, 0.135035, 0.965577, -0.235056, -0.111399, 0.233721, 0.971980, -0.025088, 0.114175, -0.001812, 0.993459),
      ["RightUpperLeg"] = CFrame.new(0.150226, 0.024521, -0.235143, 0.931911, -0.043079, -0.360120, 0.120847, 0.973063, 0.196325, 0.341963, -0.226477, 0.912014)
    }},
    { Time = 0.333, Data = {
      ["Head"] = CFrame.new(-0.000000, -0.103128, -0.039458, 1.000000, 0.000000, 0.000000, 0.000000, 0.796749, -0.604310, 0.000000, 0.604310, 0.796749),
      ["LeftUpperArm"] = CFrame.new(0.013527, -0.528912, -0.178174, 0.764661, -0.562644, -0.314205, 0.569547, 0.818154, -0.078989, 0.301511, -0.118555, 0.946063),
      ["LeftUpperLeg"] = CFrame.new(-0.114766, 0.023878, 0.104685, 0.931889, 0.118697, 0.342774, -0.067278, 0.985109, -0.158219, -0.356450, 0.124381, 0.925998),
      ["LowerTorso"] = CFrame.new(0.000001, -1.451859, -1.542771, 1.000000, 0.000000, 0.000000, 0.000000, 0.210057, -0.977689, 0.000000, 0.977689, 0.210057),
      ["RightUpperArm"] = CFrame.new(-0.124484, -0.168457, 0.134642, 0.965577, -0.235090, -0.111328, 0.233686, 0.971973, -0.025687, 0.114246, -0.001213, 0.993452),
      ["RightUpperLeg"] = CFrame.new(0.150231, 0.024748, -0.235236, 0.931901, -0.043039, -0.360149, 0.120392, 0.973346, 0.195201, 0.342149, -0.225267, 0.912244)
    }},
    { Time = 0.350, Data = {
      ["Head"] = CFrame.new(-0.000000, -0.103128, -0.039458, 1.000000, 0.000000, 0.000000, 0.000000, 0.796309, -0.604890, 0.000000, 0.604890, 0.796309),
      ["LeftUpperArm"] = CFrame.new(0.014815, -0.529742, -0.178433, 0.764208, -0.560663, -0.318814, 0.567812, 0.819288, -0.079727, 0.305901, -0.120099, 0.944458),
      ["LeftUpperLeg"] = CFrame.new(-0.114754, 0.024131, 0.104670, 0.931913, 0.118685, 0.342712, -0.066774, 0.984934, -0.159520, -0.356481, 0.125775, 0.925798),
      ["LowerTorso"] = CFrame.new(0.000001, -1.453105, -1.542631, 1.000000, 0.000000, 0.000000, 0.000000, 0.210708, -0.977549, 0.000000, 0.977549, 0.210708),
      ["RightUpperArm"] = CFrame.new(-0.124469, -0.168312, 0.134196, 0.965587, -0.235035, -0.111353, 0.233570, 0.971987, -0.026206, 0.114393, -0.000705, 0.993435),
      ["RightUpperLeg"] = CFrame.new(0.150235, 0.024991, -0.235334, 0.931892, -0.043031, -0.360175, 0.119906, 0.973664, 0.193910, 0.342345, -0.223890, 0.912509)
    }},
    { Time = 0.367, Data = {
      ["Head"] = CFrame.new(-0.000000, -0.103128, -0.039459, 1.000000, 0.000000, 0.000000, 0.000000, 0.795868, -0.605470, 0.000000, 0.605470, 0.795868),
      ["LeftUpperArm"] = CFrame.new(0.015978, -0.530481, -0.178678, 0.763770, -0.558851, -0.323020, 0.566240, 0.820314, -0.080356, 0.309884, -0.121533, 0.942975),
      ["LeftUpperLeg"] = CFrame.new(-0.114757, 0.024387, 0.104614, 0.931907, 0.118679, 0.342731, -0.066262, 0.984756, -0.160824, -0.356593, 0.127163, 0.925565),
      ["LowerTorso"] = CFrame.new(0.000001, -1.454487, -1.542467, 1.000000, 0.000000, 0.000000, 0.000000, 0.211467, -0.977385, 0.000000, 0.977385, 0.211467),
      ["RightUpperArm"] = CFrame.new(-0.124478, -0.168165, 0.133743, 0.965578, -0.235069, -0.111366, 0.233534, 0.971979, -0.026815, 0.114549, -0.000116, 0.993418),
      ["RightUpperLeg"] = CFrame.new(0.150224, 0.025246, -0.235394, 0.931913, -0.043049, -0.360117, 0.119396, 0.973998, 0.192541, 0.342464, -0.222428, 0.912822)
    }},
    { Time = 0.383, Data = {
      ["Head"] = CFrame.new(-0.000000, -0.103128, -0.039459, 1.000000, 0.000000, 0.000000, 0.000000, 0.795426, -0.606050, 0.000000, 0.606050, 0.795426),
      ["LeftUpperArm"] = CFrame.new(0.017010, -0.531130, -0.178876, 0.763412, -0.557233, -0.326639, 0.564823, 0.821236, -0.080906, 0.313332, -0.122728, 0.941680),
      ["LeftUpperLeg"] = CFrame.new(-0.114760, 0.024659, 0.104555, 0.931901, 0.118703, 0.342740, -0.065719, 0.984551, -0.162296, -0.356710, 0.128719, 0.925305),
      ["LowerTorso"] = CFrame.new(0.000001, -1.455898, -1.542303, 1.000000, 0.000000, 0.000000, 0.000000, 0.212226, -0.977221, 0.000000, 0.977221, 0.212226),
      ["RightUpperArm"] = CFrame.new(-0.124488, -0.168012, 0.133285, 0.965568, -0.235108, -0.111370, 0.233493, 0.971969, -0.027510, 0.114716, 0.000558, 0.993398),
      ["RightUpperLeg"] = CFrame.new(0.150229, 0.025497, -0.235494, 0.931904, -0.043057, -0.360140, 0.118895, 0.974330, 0.191167, 0.342664, -0.220968, 0.913101)
    }},
    { Time = 0.400, Data = {
      ["Head"] = CFrame.new(-0.000000, -0.103128, -0.039459, 1.000000, 0.000000, 0.000000, 0.000000, 0.794929, -0.606702, 0.000000, 0.606702, 0.794929),
      ["LeftUpperArm"] = CFrame.new(0.017895, -0.531700, -0.179059, 0.763062, -0.555864, -0.329775, 0.563646, 0.822001, -0.081342, 0.316290, -0.123808, 0.940549),
      ["LeftUpperLeg"] = CFrame.new(-0.114763, 0.024930, 0.104497, 0.931894, 0.118727, 0.342749, -0.065176, 0.984344, -0.163767, -0.356827, 0.130275, 0.925042),
      ["LowerTorso"] = CFrame.new(0.000001, -1.457337, -1.542138, 1.000000, 0.000000, 0.000000, 0.000000, 0.212984, -0.977056, 0.000000, 0.977056, 0.212984),
      ["RightUpperArm"] = CFrame.new(-0.124475, -0.167847, 0.132777, 0.965578, -0.235057, -0.111385, 0.233373, 0.971981, -0.028114, 0.114872, 0.001152, 0.993380),
      ["RightUpperLeg"] = CFrame.new(0.150234, 0.025755, -0.235597, 0.931894, -0.043081, -0.360162, 0.118378, 0.974678, 0.189708, 0.342870, -0.219424, 0.913397)
    }},
    { Time = 0.417, Data = {
      ["Head"] = CFrame.new(-0.000000, -0.103128, -0.039459, 1.000000, 0.000000, 0.000000, 0.000000, 0.794431, -0.607354, 0.000000, 0.607354, 0.794431),
      ["LeftUpperArm"] = CFrame.new(0.018650, -0.532179, -0.179210, 0.762746, -0.554683, -0.332484, 0.562619, 0.822664, -0.081755, 0.318870, -0.124703, 0.939559),
      ["LeftUpperLeg"] = CFrame.new(-0.114767, 0.025203, 0.104439, 0.931888, 0.118751, 0.342759, -0.064633, 0.984134, -0.165238, -0.356943, 0.131830, 0.924777),
      ["LowerTorso"] = CFrame.new(0.000001, -1.458807, -1.541973, 1.000000, 0.000000, 0.000000, 0.000000, 0.213742, -0.976890, 0.000000, 0.976890, 0.213742),
      ["RightUpperArm"] = CFrame.new(-0.124485, -0.167680, 0.132262, 0.965569, -0.235096, -0.111388, 0.233331, 0.971970, -0.028809, 0.115039, 0.001826, 0.993359),
      ["RightUpperLeg"] = CFrame.new(0.150239, 0.026021, -0.235702, 0.931885, -0.043121, -0.360183, 0.117846, 0.975041, 0.188166, 0.343079, -0.217795, 0.913708)
    }},
    { Time = 0.433, Data = {
      ["Head"] = CFrame.new(-0.000000, -0.103128, -0.039459, 1.000000, 0.000000, 0.000000, 0.000000, 0.793877, -0.608078, 0.000000, 0.608078, 0.793877),
      ["LeftUpperArm"] = CFrame.new(0.019252, -0.532580, -0.179318, 0.762478, -0.553774, -0.334607, 0.561821, 0.823173, -0.082112, 0.320911, -0.125381, 0.938774),
      ["LeftUpperLeg"] = CFrame.new(-0.114766, 0.025532, 0.104381, 0.931889, 0.118722, 0.342765, -0.063973, 0.983903, -0.166862, -0.357058, 0.133569, 0.924483),
      ["LowerTorso"] = CFrame.new(0.000001, -1.460412, -1.541783, 1.000000, 0.000000, 0.000000, 0.000000, 0.214608, -0.976700, 0.000000, 0.976700, 0.214608),
      ["RightUpperArm"] = CFrame.new(-0.124475, -0.167502, 0.131743, 0.965579, -0.235055, -0.111382, 0.233201, 0.971979, -0.029584, 0.115215, 0.002591, 0.993337),
      ["RightUpperLeg"] = CFrame.new(0.150225, 0.026333, -0.235771, 0.931913, -0.043086, -0.360113, 0.117221, 0.975409, 0.186645, 0.343216, -0.216150, 0.914047)
    }},
    { Time = 0.450, Data = {
      ["Head"] = CFrame.new(-0.000000, -0.103128, -0.039460, 1.000000, 0.000000, 0.000000, 0.000000, 0.793323, -0.608801, 0.000000, 0.608801, 0.793323),
      ["LeftUpperArm"] = CFrame.new(0.019748, -0.532875, -0.179412, 0.762305, -0.552965, -0.336334, 0.561115, 0.823631, -0.082353, 0.322554, -0.125944, 0.938135),
      ["LeftUpperLeg"] = CFrame.new(-0.114765, 0.025862, 0.104324, 0.931890, 0.118692, 0.342772, -0.063314, 0.983669, -0.168486, -0.357172, 0.135308, 0.924186),
      ["LowerTorso"] = CFrame.new(0.000001, -1.462046, -1.541593, 1.000000, 0.000000, 0.000000, 0.000000, 0.215473, -0.976510, 0.000000, 0.976510, 0.215473),
      ["RightUpperArm"] = CFrame.new(-0.124485, -0.167322, 0.131171, 0.965569, -0.235094, -0.111386, 0.233159, 0.971967, -0.030279, 0.115382, 0.003266, 0.993316),
      ["RightUpperLeg"] = CFrame.new(0.150226, 0.026657, -0.235885, 0.931910, -0.043074, -0.360122, 0.116574, 0.975809, 0.184951, 0.343444, -0.214339, 0.914388)
    }},
    { Time = 0.467, Data = {
      ["Head"] = CFrame.new(-0.000000, -0.103128, -0.039460, 1.000000, 0.000000, 0.000000, 0.000000, 0.792712, -0.609596, 0.000000, 0.609596, 0.792712),
      ["LeftUpperArm"] = CFrame.new(0.020096, -0.533092, -0.179493, 0.762157, -0.552410, -0.337580, 0.560651, 0.823934, -0.082485, 0.323709, -0.126398, 0.937676),
      ["LeftUpperLeg"] = CFrame.new(-0.114764, 0.026200, 0.104266, 0.931892, 0.118678, 0.342774, -0.062638, 0.983418, -0.170193, -0.357288, 0.137131, 0.923873),
      ["LowerTorso"] = CFrame.new(0.000001, -1.463816, -1.541378, 1.000000, 0.000000, 0.000000, 0.000000, 0.216446, -0.976295, 0.000000, 0.976295, 0.216446),
      ["RightUpperArm"] = CFrame.new(-0.124474, -0.167130, 0.130595, 0.965580, -0.235054, -0.111380, 0.233028, 0.971974, -0.031054, 0.115558, 0.004031, 0.993293),
      ["RightUpperLeg"] = CFrame.new(0.150228, 0.026981, -0.235999, 0.931907, -0.043061, -0.360131, 0.115927, 0.976206, 0.183256, 0.343671, -0.212527, 0.914725)
    }},
    { Time = 0.483, Data = {
      ["Head"] = CFrame.new(-0.000000, -0.103129, -0.039460, 1.000000, 0.000000, 0.000000, 0.000000, 0.792156, -0.610319, 0.000000, 0.610319, 0.792156),
      ["LeftUpperArm"] = CFrame.new(0.020293, -0.533230, -0.179539, 0.762036, -0.552123, -0.338321, 0.560413, 0.824085, -0.082589, 0.324404, -0.126663, 0.937400),
      ["LeftUpperLeg"] = CFrame.new(-0.114764, 0.026546, 0.104207, 0.931893, 0.118678, 0.342771, -0.061947, 0.983150, -0.171984, -0.357406, 0.139037, 0.923542),
      ["LowerTorso"] = CFrame.new(0.000001, -1.465506, -1.541186, 1.000000, 0.000000, 0.000000, 0.000000, 0.217310, -0.976103, 0.000000, 0.976103, 0.217310),
      ["RightUpperArm"] = CFrame.new(-0.124487, -0.166937, 0.130012, 0.965570, -0.235102, -0.111363, 0.232976, 0.971958, -0.031920, 0.115745, 0.004876, 0.993267),
      ["RightUpperLeg"] = CFrame.new(0.150229, 0.027304, -0.236112, 0.931904, -0.043049, -0.360141, 0.115279, 0.976599, 0.181561, 0.343897, -0.210715, 0.915060)
    }},
    { Time = 0.500, Data = {
      ["Head"] = CFrame.new(-0.000000, -0.103128, -0.039461, 1.000000, 0.000000, 0.000000, 0.000000, 0.791487, -0.611186, 0.000000, 0.611186, 0.791487),
      ["LeftUpperArm"] = CFrame.new(0.020355, -0.533276, -0.179541, 0.762027, -0.552038, -0.338481, 0.560332, 0.824137, -0.082625, 0.324567, -0.126699, 0.937339),
      ["LeftUpperLeg"] = CFrame.new(-0.114764, 0.026900, 0.104147, 0.931893, 0.118694, 0.342763, -0.061239, 0.982865, -0.173858, -0.357525, 0.141026, 0.923194),
      ["LowerTorso"] = CFrame.new(0.000001, -1.467334, -1.540970, 1.000000, 0.000000, 0.000000, 0.000000, 0.218282, -0.975886, 0.000000, 0.975886, 0.218282),
      ["RightUpperArm"] = CFrame.new(-0.124476, -0.166732, 0.129380, 0.965580, -0.235062, -0.111358, 0.232845, 0.971964, -0.032695, 0.115921, 0.005641, 0.993242),
      ["RightUpperLeg"] = CFrame.new(0.150231, 0.027644, -0.236230, 0.931901, -0.043068, -0.360147, 0.114601, 0.977023, 0.179699, 0.344132, -0.208735, 0.915425)
    }},
    { Time = 0.517, Data = {
      ["Head"] = CFrame.new(-0.000000, -0.103128, -0.039461, 1.000000, 0.000000, 0.000000, 0.000000, 0.790874, -0.611979, 0.000000, 0.611979, 0.790874),
      ["LeftUpperArm"] = CFrame.new(0.020293, -0.533230, -0.179539, 0.762036, -0.552123, -0.338321, 0.560413, 0.824085, -0.082589, 0.324404, -0.126663, 0.937400),
      ["LeftUpperLeg"] = CFrame.new(-0.114763, 0.027254, 0.104088, 0.931894, 0.118711, 0.342755, -0.060532, 0.982575, -0.175732, -0.357644, 0.143016, 0.922842),
      ["LowerTorso"] = CFrame.new(0.000001, -1.469297, -1.540728, 1.000000, 0.000000, 0.000000, 0.000000, 0.219361, -0.975644, 0.000000, 0.975644, 0.219361),
      ["RightUpperArm"] = CFrame.new(-0.124489, -0.166526, 0.128741, 0.965570, -0.235111, -0.111341, 0.232793, 0.971947, -0.033561, 0.116108, 0.006486, 0.993215),
      ["RightUpperLeg"] = CFrame.new(0.150233, 0.027983, -0.236347, 0.931898, -0.043088, -0.360153, 0.113922, 0.977444, 0.177836, 0.344367, -0.206754, 0.915786)
    }},
    { Time = 0.533, Data = {
      ["Head"] = CFrame.new(-0.000000, -0.103129, -0.039461, 1.000000, 0.000000, 0.000000, 0.000000, 0.790203, -0.612845, 0.000000, 0.612845, 0.790203),
      ["LeftUpperArm"] = CFrame.new(0.020096, -0.533092, -0.179493, 0.762157, -0.552410, -0.337580, 0.560651, 0.823934, -0.082485, 0.323709, -0.126398, 0.937676),
      ["LeftUpperLeg"] = CFrame.new(-0.114763, 0.027624, 0.104026, 0.931895, 0.118757, 0.342737, -0.059793, 0.982253, -0.177773, -0.357766, 0.145172, 0.922458),
      ["LowerTorso"] = CFrame.new(0.000001, -1.471181, -1.540510, 1.000000, 0.000000, 0.000000, 0.000000, 0.220331, -0.975425, 0.000000, 0.975425, 0.220331),
      ["RightUpperArm"] = CFrame.new(-0.124481, -0.166308, 0.128097, 0.965581, -0.235080, -0.111315, 0.232652, 0.971948, -0.034508, 0.116304, 0.007422, 0.993186),
      ["RightUpperLeg"] = CFrame.new(0.150231, 0.028380, -0.236473, 0.931901, -0.043055, -0.360148, 0.113129, 0.977900, 0.175821, 0.344619, -0.204591, 0.916177)
    }},
    { Time = 0.550, Data = {
      ["Head"] = CFrame.new(-0.000000, -0.103129, -0.039461, 1.000000, 0.000000, 0.000000, 0.000000, 0.789532, -0.613710, 0.000000, 0.613710, 0.789532),
      ["LeftUpperArm"] = CFrame.new(0.019748, -0.532875, -0.179412, 0.762305, -0.552965, -0.336334, 0.561115, 0.823631, -0.082353, 0.322554, -0.125944, 0.938135),
      ["LeftUpperLeg"] = CFrame.new(-0.114759, 0.028029, 0.103970, 0.931903, 0.118704, 0.342732, -0.058984, 0.981949, -0.179714, -0.357879, 0.147260, 0.922083),
      ["LowerTorso"] = CFrame.new(0.000001, -1.473171, -1.540266, 1.000000, 0.000000, 0.000000, 0.000000, 0.221409, -0.975181, 0.000000, 0.975181, 0.221409),
      ["RightUpperArm"] = CFrame.new(-0.124472, -0.166090, 0.127428, 0.965581, -0.235045, -0.111385, 0.232514, 0.971949, -0.035379, 0.116576, 0.008262, 0.993147),
      ["RightUpperLeg"] = CFrame.new(0.150232, 0.028727, -0.236592, 0.931898, -0.043090, -0.360153, 0.112434, 0.978329, 0.173873, 0.344856, -0.202525, 0.916547)
    }},
    { Time = 0.567, Data = {
      ["Head"] = CFrame.new(-0.000000, -0.103129, -0.039462, 1.000000, 0.000000, 0.000000, 0.000000, 0.788859, -0.614574, 0.000000, 0.614574, 0.788859),
      ["LeftUpperArm"] = CFrame.new(0.019252, -0.532580, -0.179318, 0.762478, -0.553774, -0.334607, 0.561821, 0.823173, -0.082112, 0.320911, -0.125381, 0.938774),
      ["LeftUpperLeg"] = CFrame.new(-0.114758, 0.028383, 0.103912, 0.931904, 0.118721, 0.342726, -0.058276, 0.981647, -0.181586, -0.357994, 0.149248, 0.921719),
      ["LowerTorso"] = CFrame.new(0.000001, -1.475025, -1.540045, 1.000000, 0.000000, 0.000000, 0.000000, 0.222378, -0.974961, 0.000000, 0.974961, 0.222378),
      ["RightUpperArm"] = CFrame.new(-0.124485, -0.165884, 0.126788, 0.965571, -0.235094, -0.111368, 0.232461, 0.971930, -0.036244, 0.116762, 0.009108, 0.993118),
      ["RightUpperLeg"] = CFrame.new(0.150234, 0.029067, -0.236708, 0.931894, -0.043109, -0.360160, 0.111754, 0.978736, 0.172008, 0.345087, -0.200543, 0.916896)
    }},
    { Time = 0.583, Data = {
      ["Head"] = CFrame.new(-0.000000, -0.103129, -0.039462, 1.000000, 0.000000, 0.000000, 0.000000, 0.788242, -0.615366, 0.000000, 0.615366, 0.788242),
      ["LeftUpperArm"] = CFrame.new(0.018650, -0.532179, -0.179210, 0.762746, -0.554683, -0.332484, 0.562619, 0.822664, -0.081755, 0.318870, -0.124703, 0.939559),
      ["LeftUpperLeg"] = CFrame.new(-0.114758, 0.028737, 0.103855, 0.931904, 0.118738, 0.342719, -0.057568, 0.981341, -0.183458, -0.358108, 0.151235, 0.921351),
      ["LowerTorso"] = CFrame.new(0.000001, -1.476849, -1.539824, 1.000000, 0.000000, 0.000000, 0.000000, 0.223347, -0.974739, 0.000000, 0.974739, 0.223347),
      ["RightUpperArm"] = CFrame.new(-0.124476, -0.165680, 0.126178, 0.965582, -0.235058, -0.111352, 0.232325, 0.971930, -0.037105, 0.116948, 0.009958, 0.993088),
      ["RightUpperLeg"] = CFrame.new(0.150233, 0.029449, -0.236827, 0.931897, -0.043045, -0.360160, 0.110990, 0.979146, 0.170159, 0.345325, -0.198545, 0.917241)
    }},
    { Time = 0.600, Data = {
      ["Head"] = CFrame.new(-0.000000, -0.103129, -0.039462, 1.000000, 0.000000, 0.000000, 0.000000, 0.787623, -0.616157, 0.000000, 0.616157, 0.787623),
      ["LeftUpperArm"] = CFrame.new(0.017895, -0.531700, -0.179059, 0.763062, -0.555864, -0.329775, 0.563646, 0.822001, -0.081342, 0.316290, -0.123808, 0.940549),
      ["LeftUpperLeg"] = CFrame.new(-0.114758, 0.029084, 0.103800, 0.931904, 0.118739, 0.342718, -0.056875, 0.981045, -0.185245, -0.358218, 0.153138, 0.920993),
      ["LowerTorso"] = CFrame.new(0.000001, -1.478645, -1.539603, 1.000000, 0.000000, 0.000000, 0.000000, 0.224314, -0.974517, 0.000000, 0.974517, 0.224314),
      ["RightUpperArm"] = CFrame.new(-0.124487, -0.165488, 0.125573, 0.965572, -0.235102, -0.111345, 0.232277, 0.971912, -0.037885, 0.117125, 0.010718, 0.993059),
      ["RightUpperLeg"] = CFrame.new(0.150235, 0.029781, -0.236939, 0.931893, -0.043048, -0.360170, 0.110325, 0.979529, 0.168377, 0.345549, -0.196645, 0.917566)
    }},
    { Time = 0.617, Data = {
      ["Head"] = CFrame.new(-0.000000, -0.103129, -0.039463, 1.000000, 0.000000, 0.000000, 0.000000, 0.787060, -0.616876, 0.000000, 0.616876, 0.787060),
      ["LeftUpperArm"] = CFrame.new(0.017010, -0.531130, -0.178876, 0.763412, -0.557233, -0.326639, 0.564823, 0.821236, -0.080906, 0.313332, -0.122728, 0.941680),
      ["LeftUpperLeg"] = CFrame.new(-0.114758, 0.029423, 0.103746, 0.931904, 0.118726, 0.342723, -0.056198, 0.980761, -0.186947, -0.358325, 0.154957, 0.920647),
      ["LowerTorso"] = CFrame.new(0.000001, -1.480409, -1.539379, 1.000000, 0.000000, 0.000000, 0.000000, 0.225282, -0.974294, 0.000000, 0.974294, 0.225282),
      ["RightUpperArm"] = CFrame.new(-0.124477, -0.165298, 0.124997, 0.965582, -0.235062, -0.111340, 0.232145, 0.971913, -0.038661, 0.117300, 0.011483, 0.993030),
      ["RightUpperLeg"] = CFrame.new(0.150225, 0.030068, -0.237004, 0.931913, -0.043129, -0.360108, 0.109752, 0.979886, 0.166667, 0.345677, -0.194841, 0.917902)
    }},
    { Time = 0.633, Data = {
      ["Head"] = CFrame.new(-0.000000, -0.103129, -0.039463, 1.000000, 0.000000, 0.000000, 0.000000, 0.786497, -0.617595, 0.000000, 0.617595, 0.786497),
      ["LeftUpperArm"] = CFrame.new(0.015978, -0.530481, -0.178678, 0.763770, -0.558851, -0.323020, 0.566240, 0.820314, -0.080356, 0.309884, -0.121533, 0.942975),
      ["LeftUpperLeg"] = CFrame.new(-0.114758, 0.029754, 0.103695, 0.931904, 0.118698, 0.342733, -0.055536, 0.980489, -0.188566, -0.358428, 0.156691, 0.920314),
      ["LowerTorso"] = CFrame.new(0.000001, -1.482038, -1.539181, 1.000000, 0.000000, 0.000000, 0.000000, 0.226141, -0.974094, 0.000000, 0.974094, 0.226141),
      ["RightUpperArm"] = CFrame.new(-0.124487, -0.165119, 0.124425, 0.965572, -0.235101, -0.111343, 0.232103, 0.971895, -0.039355, 0.117467, 0.012157, 0.993002),
      ["RightUpperLeg"] = CFrame.new(0.150227, 0.030385, -0.237110, 0.931909, -0.043101, -0.360122, 0.109117, 0.980230, 0.165051, 0.345889, -0.193108, 0.918188)
    }},
    { Time = 0.650, Data = {
      ["Head"] = CFrame.new(-0.000000, -0.103129, -0.039463, 1.000000, 0.000000, 0.000000, 0.000000, 0.785932, -0.618313, 0.000000, 0.618313, 0.785932),
      ["LeftUpperArm"] = CFrame.new(0.014815, -0.529742, -0.178433, 0.764208, -0.560663, -0.318814, 0.567812, 0.819288, -0.079727, 0.305901, -0.120099, 0.944458),
      ["LeftUpperLeg"] = CFrame.new(-0.114762, 0.030043, 0.103640, 0.931896, 0.118754, 0.342735, -0.054959, 0.980206, -0.190199, -0.358538, 0.158409, 0.919977),
      ["LowerTorso"] = CFrame.new(0.000001, -1.483636, -1.538981, 1.000000, 0.000000, 0.000000, 0.000000, 0.227000, -0.973895, 0.000000, 0.973895, 0.227000),
      ["RightUpperArm"] = CFrame.new(-0.124476, -0.164943, 0.123906, 0.965583, -0.235061, -0.111338, 0.231970, 0.971895, -0.040130, 0.117642, 0.012922, 0.992972),
