return {
  ["Astros Legs up 2"] = {
    { Time = 0.000, Data = {
      ["Balls"] = CFrame.new(-0.000005, -0.000002, -0.000004, 0.848060, 0.529900, 0.000000, -0.529900, 0.848060, -0.000000, -0.000000, 0.000000, 1.000000),
      ["Cock"] = CFrame.new(-0.002443, 0.004511, -0.000001, 0.342043, 0.939684, 0.000000, -0.939684, 0.342043, -0.000000, -0.000000, 0.000000, 1.000000),
      ["Head"] = CFrame.new(0.000000, -0.008515, 0.013661, 1.000000, 0.000000, 0.000000, 0.000000, 0.848631, -0.528985, 0.000000, 0.528985, 0.848631),
      ["LeftUpperArm"] = CFrame.new(-0.000000, -0.081616, 0.015929, 1.000000, -0.000000, 0.000000, 0.000000, 0.968342, 0.249629, -0.000000, -0.249629, 0.968342),
      ["LeftUpperLeg"] = CFrame.new(-0.254908, 0.000000, -0.852123, 0.990746, 0.000000, 0.135728, 0.000000, 1.000000, 0.000000, -0.135728, 0.000000, 0.990746),
      ["LowerTorso"] = CFrame.new(-2.969187, -2.116988, -0.009361, -0.011375, 0.179867, 0.983625, -0.000010, 0.983689, -0.179879, -0.999935, -0.002056, -0.011188),
      ["RightUpperArm"] = CFrame.new(0.000000, -0.081960, 0.035897, 1.000000, -0.000000, 0.000000, 0.000000, 0.961729, 0.274002, -0.000000, -0.274002, 0.961729),
      ["RightUpperLeg"] = CFrame.new(0.290142, -0.000017, -0.818772, 0.987618, 0.001583, -0.156871, 0.000034, 0.999947, 0.010301, 0.156879, -0.010179, 0.987565),
      ["Tip"] = CFrame.new(0.000000, -0.006145, -0.013135, 1.000000, 0.000000, 0.000000, 0.000000, 0.999848, -0.017436, 0.000000, 0.017436, 0.999848),
      ["cuumer"] = CFrame.new(-0.000097, -0.018666, -0.000198, 0.999996, -0.002849, 0.000062, 0.002848, 0.999848, 0.017178, -0.000111, -0.017177, 0.999852),
      ["rings"] = CFrame.new(-0.000032, -0.000114, 0.000498, 0.999999, 0.001300, -0.000593, -0.001290, 0.999849, 0.017350, 0.000615, -0.017350, 0.999849),
      ["x_C3"] = CFrame.new(0.000000, 0.526162, 0.066218, 1.000000, 0.000000, 0.000000, 0.000000, 0.743890, -0.668302, 0.000000, 0.668302, 0.743890)
    }},
    { Time = 0.017, Data = {
      ["Head"] = CFrame.new(0.000000, -0.008515, 0.013661, 1.000000, 0.000000, 0.000000, 0.000000, 0.848631, -0.528985, 0.000000, 0.528985, 0.848631),
      ["LeftUpperArm"] = CFrame.new(-0.000000, -0.081613, 0.015928, 1.000000, -0.000000, 0.000000, 0.000000, 0.968342, 0.249629, -0.000000, -0.249629, 0.968342),
      ["LeftUpperLeg"] = CFrame.new(-0.254908, 0.000000, -0.852123, 0.990746, 0.000000, 0.135728, 0.000000, 1.000000, 0.000000, -0.135728, 0.000000, 0.990746),
      ["LowerTorso"] = CFrame.new(-2.969188, -2.116990, -0.009361, -0.011375, 0.179867, 0.983625, -0.000010, 0.983689, -0.179879, -0.999935, -0.002056, -0.011188),
      ["RightUpperArm"] = CFrame.new(0.000000, -0.081958, 0.035896, 1.000000, -0.000000, 0.000000, 0.000000, 0.961729, 0.274002, -0.000000, -0.274002, 0.961729),
      ["RightUpperLeg"] = CFrame.new(0.290142, -0.000017, -0.818772, 0.987618, 0.001583, -0.156871, 0.000034, 0.999947, 0.010301, 0.156879, -0.010179, 0.987565),
      ["x_C3"] = CFrame.new(0.000000, 0.526162, 0.066218, 1.000000, 0.000000, 0.000000, 0.000000, 0.743890, -0.668302, 0.000000, 0.668302, 0.743890)
    }},
    { Time = 0.033, Data = {
      ["Head"] = CFrame.new(0.000000, -0.008515, 0.013661, 1.000000, 0.000000, 0.000000, 0.000000, 0.848631, -0.528985, 0.000000, 0.528985, 0.848631),
      ["LeftUpperArm"] = CFrame.new(-0.000000, -0.081595, 0.015923, 1.000000, -0.000000, 0.000000, 0.000000, 0.968342, 0.249629, -0.000000, -0.249629, 0.968342),
      ["LeftUpperLeg"] = CFrame.new(-0.254908, 0.000000, -0.852123, 0.990746, 0.000000, 0.135728, 0.000000, 1.000000, 0.000000, -0.135728, 0.000000, 0.990746),
      ["LowerTorso"] = CFrame.new(-2.969190, -2.117002, -0.009361, -0.011375, 0.179867, 0.983625, -0.000010, 0.983689, -0.179879, -0.999935, -0.002056, -0.011188),
      ["RightUpperArm"] = CFrame.new(0.000000, -0.081941, 0.035891, 1.000000, -0.000000, 0.000000, 0.000000, 0.961729, 0.274002, -0.000000, -0.274002, 0.961729),
      ["RightUpperLeg"] = CFrame.new(0.290142, -0.000014, -0.818772, 0.987618, 0.001576, -0.156871, 0.000027, 0.999948, 0.010215, 0.156879, -0.010093, 0.987566),
      ["x_C3"] = CFrame.new(0.000000, 0.526162, 0.066218, 1.000000, 0.000000, 0.000000, 0.000000, 0.743890, -0.668302, 0.000000, 0.668302, 0.743890)
    }},
    { Time = 0.050, Data = {
      ["Head"] = CFrame.new(0.000000, -0.008515, 0.013661, 1.000000, 0.000000, 0.000000, 0.000000, 0.848678, -0.528909, 0.000000, 0.528909, 0.848678),
      ["LeftUpperArm"] = CFrame.new(-0.000000, -0.081545, 0.015911, 1.000000, -0.000000, 0.000000, 0.000000, 0.968342, 0.249629, -0.000000, -0.249629, 0.968342),
      ["LeftUpperLeg"] = CFrame.new(-0.254908, 0.000003, -0.852123, 0.990746, 0.000006, 0.135728, 0.000006, 1.000000, -0.000086, -0.135728, 0.000086, 0.990746),
      ["LowerTorso"] = CFrame.new(-2.969196, -2.117035, -0.009361, -0.011375, 0.179867, 0.983625, -0.000010, 0.983689, -0.179879, -0.999935, -0.002056, -0.011188),
      ["RightUpperArm"] = CFrame.new(0.000000, -0.081896, 0.035878, 1.000000, -0.000000, 0.000000, 0.000000, 0.961729, 0.274002, -0.000000, -0.274002, 0.961729),
      ["RightUpperLeg"] = CFrame.new(0.290142, -0.000014, -0.818772, 0.987618, 0.001576, -0.156871, 0.000027, 0.999948, 0.010215, 0.156879, -0.010093, 0.987566),
      ["x_C3"] = CFrame.new(0.000000, 0.526162, 0.066218, 1.000000, 0.000000, 0.000000, 0.000000, 0.743890, -0.668302, 0.000000, 0.668302, 0.743890)
    }},
    { Time = 0.067, Data = {
      ["Head"] = CFrame.new(0.000000, -0.008515, 0.013661, 1.000000, 0.000000, 0.000000, 0.000000, 0.848773, -0.528757, 0.000000, 0.528757, 0.848773),
      ["LeftUpperArm"] = CFrame.new(-0.000000, -0.081448, 0.015885, 1.000000, -0.000000, 0.000000, 0.000000, 0.968342, 0.249629, -0.000000, -0.249629, 0.968342),
      ["LeftUpperLeg"] = CFrame.new(-0.254908, 0.000006, -0.852123, 0.990746, 0.000012, 0.135728, 0.000012, 1.000000, -0.000172, -0.135728, 0.000172, 0.990746),
      ["LowerTorso"] = CFrame.new(-2.969208, -2.117099, -0.009361, -0.011375, 0.179867, 0.983625, -0.000010, 0.983689, -0.179879, -0.999935, -0.002056, -0.011188),
      ["RightUpperArm"] = CFrame.new(0.000000, -0.081807, 0.035853, 1.000000, -0.000000, 0.000000, 0.000000, 0.961729, 0.274002, -0.000000, -0.274002, 0.961729),
      ["RightUpperLeg"] = CFrame.new(0.290142, -0.000010, -0.818772, 0.987618, 0.001569, -0.156871, 0.000020, 0.999949, 0.010129, 0.156879, -0.010007, 0.987567),
      ["x_C3"] = CFrame.new(0.000000, 0.526162, 0.066218, 1.000000, 0.000000, 0.000000, 0.000000, 0.743890, -0.668302, 0.000000, 0.668302, 0.743890)
    }},
    { Time = 0.083, Data = {
      ["Head"] = CFrame.new(0.000000, -0.008515, 0.013661, 1.000000, 0.000000, 0.000000, 0.000000, 0.848963, -0.528452, 0.000000, 0.528452, 0.848963),
      ["LeftUpperArm"] = CFrame.new(-0.000000, -0.081288, 0.015844, 1.000000, -0.000000, 0.000000, 0.000000, 0.968342, 0.249629, -0.000000, -0.249629, 0.968342),
      ["LeftUpperLeg"] = CFrame.new(-0.254908, 0.000012, -0.852123, 0.990746, 0.000023, 0.135728, 0.000023, 1.000000, -0.000344, -0.135728, 0.000344, 0.990746),
      ["LowerTorso"] = CFrame.new(-2.969226, -2.117203, -0.009360, -0.011375, 0.179867, 0.983625, -0.000010, 0.983689, -0.179879, -0.999935, -0.002056, -0.011188),
      ["RightUpperArm"] = CFrame.new(0.000000, -0.081660, 0.035811, 1.000000, -0.000000, 0.000000, 0.000000, 0.961729, 0.274002, -0.000000, -0.274002, 0.961729),
      ["RightUpperLeg"] = CFrame.new(0.290142, -0.000007, -0.818772, 0.987618, 0.001562, -0.156871, 0.000013, 0.999950, 0.010043, 0.156879, -0.009921, 0.987568),
      ["x_C3"] = CFrame.new(0.000000, 0.526162, 0.066218, 1.000000, 0.000000, 0.000000, 0.000000, 0.743890, -0.668302, 0.000000, 0.668302, 0.743890)
    }},
    { Time = 0.100, Data = {
      ["Head"] = CFrame.new(0.000000, -0.008515, 0.013661, 1.000000, 0.000000, 0.000000, 0.000000, 0.849153, -0.528147, 0.000000, 0.528147, 0.849153),
      ["LeftUpperArm"] = CFrame.new(-0.000000, -0.081055, 0.015760, 1.000000, -0.000000, 0.000000, 0.000000, 0.968320, 0.249713, -0.000000, -0.249713, 0.968320),
      ["LeftUpperLeg"] = CFrame.new(-0.254908, 0.000018, -0.852123, 0.990746, 0.000035, 0.135728, 0.000035, 1.000000, -0.000517, -0.135728, 0.000517, 0.990746),
      ["LowerTorso"] = CFrame.new(-2.969256, -2.117361, -0.009360, -0.011375, 0.179867, 0.983625, -0.000010, 0.983689, -0.179879, -0.999935, -0.002056, -0.011188),
      ["RightUpperArm"] = CFrame.new(0.000000, -0.081448, 0.035727, 1.000000, -0.000000, 0.000000, 0.000000, 0.961705, 0.274086, -0.000000, -0.274086, 0.961705),
      ["RightUpperLeg"] = CFrame.new(0.290142, -0.000003, -0.818772, 0.987618, 0.001556, -0.156871, 0.000007, 0.999950, 0.009957, 0.156879, -0.009835, 0.987569),
      ["x_C3"] = CFrame.new(0.000000, 0.526162, 0.066218, 1.000000, 0.000000, 0.000000, 0.000000, 0.743890, -0.668302, 0.000000, 0.668302, 0.743890)
    }},
    { Time = 0.117, Data = {
      ["Head"] = CFrame.new(0.000000, -0.008515, 0.013661, 1.000000, 0.000000, 0.000000, 0.000000, 0.849485, -0.527613, 0.000000, 0.527613, 0.849485),
      ["LeftUpperArm"] = CFrame.new(-0.000000, -0.080721, 0.015675, 1.000000, -0.000000, 0.000000, 0.000000, 0.968320, 0.249713, -0.000000, -0.249713, 0.968320),
      ["LeftUpperLeg"] = CFrame.new(-0.254908, -0.000013, -0.852123, 0.990746, 0.000145, 0.135728, -0.000027, 1.000000, -0.000867, -0.135728, 0.000855, 0.990746),
      ["LowerTorso"] = CFrame.new(-2.969296, -2.117579, -0.009359, -0.011375, 0.179867, 0.983625, -0.000010, 0.983689, -0.179879, -0.999935, -0.002056, -0.011188),
      ["RightUpperArm"] = CFrame.new(0.000000, -0.081149, 0.035618, 1.000000, -0.000000, 0.000000, 0.000000, 0.961681, 0.274170, -0.000000, -0.274170, 0.961681),
      ["RightUpperLeg"] = CFrame.new(0.290142, 0.000007, -0.818772, 0.987618, 0.001535, -0.156872, -0.000014, 0.999953, 0.009699, 0.156879, -0.009577, 0.987571),
      ["x_C3"] = CFrame.new(0.000000, 0.526162, 0.066218, 1.000000, 0.000000, 0.000000, 0.000000, 0.743890, -0.668302, 0.000000, 0.668302, 0.743890)
    }},
    { Time = 0.133, Data = {
      ["Head"] = CFrame.new(0.000000, -0.008515, 0.013661, 1.000000, 0.000000, 0.000000, 0.000000, 0.849911, -0.526927, 0.000000, 0.526927, 0.849911),
      ["LeftUpperArm"] = CFrame.new(-0.000000, -0.080283, 0.015538, 1.000000, -0.000000, 0.000000, 0.000000, 0.968298, 0.249798, -0.000000, -0.249798, 0.968298),
      ["LeftUpperLeg"] = CFrame.new(-0.254908, -0.000002, -0.852123, 0.990746, 0.000168, 0.135728, -0.000004, 0.999999, -0.001212, -0.135728, 0.001200, 0.990745),
      ["LowerTorso"] = CFrame.new(-2.969349, -2.117872, -0.009359, -0.011375, 0.179867, 0.983625, -0.000010, 0.983689, -0.179879, -0.999935, -0.002056, -0.011188),
      ["RightUpperArm"] = CFrame.new(0.000000, -0.080750, 0.035481, 1.000000, -0.000000, 0.000000, 0.000000, 0.961657, 0.274254, -0.000000, -0.274254, 0.961657),
      ["RightUpperLeg"] = CFrame.new(0.290142, 0.000017, -0.818772, 0.987618, 0.001515, -0.156872, -0.000034, 0.999955, 0.009441, 0.156879, -0.009319, 0.987574),
      ["x_C3"] = CFrame.new(0.000000, 0.526162, 0.066218, 1.000000, 0.000000, 0.000000, 0.000000, 0.743890, -0.668302, 0.000000, 0.668302, 0.743890)
    }},
    { Time = 0.150, Data = {
      ["Head"] = CFrame.new(0.000000, -0.008515, 0.013661, 1.000000, 0.000000, 0.000000, 0.000000, 0.850430, -0.526088, 0.000000, 0.526088, 0.850430),
      ["LeftUpperArm"] = CFrame.new(-0.000000, -0.079719, 0.015369, 1.000000, -0.000000, 0.000000, 0.000000, 0.968276, 0.249882, -0.000000, -0.249882, 0.968276),
      ["LeftUpperLeg"] = CFrame.new(-0.254908, 0.000018, -0.852123, 0.990746, 0.000209, 0.135728, 0.000037, 0.999998, -0.001814, -0.135728, 0.001803, 0.990744),
      ["LowerTorso"] = CFrame.new(-2.969417, -2.118246, -0.009358, -0.011375, 0.179867, 0.983625, -0.000010, 0.983689, -0.179879, -0.999935, -0.002056, -0.011188),
      ["RightUpperArm"] = CFrame.new(0.000000, -0.080235, 0.035310, 1.000000, -0.000000, 0.000000, 0.000000, 0.961633, 0.274338, -0.000000, -0.274338, 0.961633),
      ["RightUpperLeg"] = CFrame.new(0.290142, -0.000016, -0.818772, 0.987618, 0.001408, -0.156872, 0.000032, 0.999958, 0.009176, 0.156879, -0.009067, 0.987576),
      ["x_C3"] = CFrame.new(0.000000, 0.526162, 0.066218, 1.000000, 0.000000, 0.000000, 0.000000, 0.743890, -0.668302, 0.000000, 0.668302, 0.743890)
    }},
    { Time = 0.167, Data = {
      ["Head"] = CFrame.new(0.000000, -0.008516, 0.013661, 1.000000, 0.000000, 0.000000, 0.000000, 0.851091, -0.525019, 0.000000, 0.525019, 0.851091),
      ["LeftUpperArm"] = CFrame.new(-0.000000, -0.079019, 0.015141, 1.000000, -0.000000, 0.000000, 0.000000, 0.968233, 0.250050, -0.000000, -0.250050, 0.968233),
      ["LeftUpperLeg"] = CFrame.new(-0.254908, -0.000004, -0.852123, 0.990746, 0.000337, 0.135728, -0.000008, 0.999997, -0.002423, -0.135728, 0.002400, 0.990743),
      ["LowerTorso"] = CFrame.new(-2.969502, -2.118713, -0.009357, -0.011375, 0.179867, 0.983625, -0.000010, 0.983689, -0.179879, -0.999935, -0.002056, -0.011188),
      ["RightUpperArm"] = CFrame.new(0.000000, -0.079591, 0.035103, 1.000000, -0.000000, 0.000000, 0.000000, 0.961610, 0.274421, -0.000000, -0.274421, 0.961610),
      ["RightUpperLeg"] = CFrame.new(0.290142, 0.000002, -0.818772, 0.987618, 0.001374, -0.156873, -0.000002, 0.999962, 0.008746, 0.156879, -0.008637, 0.987580),
      ["x_C3"] = CFrame.new(0.000000, 0.526162, 0.066218, 1.000000, 0.000000, 0.000000, 0.000000, 0.743890, -0.668302, 0.000000, 0.668302, 0.743890)
    }},
    { Time = 0.183, Data = {
      ["Head"] = CFrame.new(0.000000, -0.008515, 0.013661, 1.000000, 0.000000, 0.000000, 0.000000, 0.851937, -0.523644, 0.000000, 0.523644, 0.851937),
      ["LeftUpperArm"] = CFrame.new(-0.000000, -0.078156, 0.014895, 1.000000, -0.000000, 0.000000, 0.000000, 0.968211, 0.250135, -0.000000, -0.250135, 0.968211),
      ["LeftUpperLeg"] = CFrame.new(-0.254908, -0.000017, -0.852123, 0.990746, 0.000481, 0.135728, -0.000035, 0.999995, -0.003290, -0.135729, 0.003255, 0.990741),
      ["LowerTorso"] = CFrame.new(-2.969607, -2.119284, -0.009356, -0.011375, 0.179867, 0.983625, -0.000010, 0.983689, -0.179879, -0.999935, -0.002056, -0.011188),
      ["RightUpperArm"] = CFrame.new(0.000000, -0.078809, 0.034832, 1.000000, -0.000000, 0.000000, 0.000000, 0.961562, 0.274589, -0.000000, -0.274589, 0.961562),
      ["RightUpperLeg"] = CFrame.new(0.290142, -0.000022, -0.818772, 0.987618, 0.001248, -0.156873, 0.000043, 0.999966, 0.008223, 0.156878, -0.008128, 0.987584),
      ["x_C3"] = CFrame.new(0.000000, 0.526162, 0.066218, 1.000000, 0.000000, 0.000000, 0.000000, 0.743890, -0.668302, 0.000000, 0.668302, 0.743890)
    }},
    { Time = 0.200, Data = {
      ["Head"] = CFrame.new(0.000000, -0.008515, 0.013661, 1.000000, 0.000000, 0.000000, 0.000000, 0.852875, -0.522115, 0.000000, 0.522115, 0.852875),
      ["LeftUpperArm"] = CFrame.new(-0.000000, -0.077125, 0.014582, 1.000000, -0.000000, 0.000000, 0.000000, 0.968167, 0.250303, -0.000000, -0.250303, 0.968167),
      ["LeftUpperLeg"] = CFrame.new(-0.254908, 0.000015, -0.852123, 0.990746, 0.000546, 0.135728, 0.000029, 0.999991, -0.004238, -0.135729, 0.004202, 0.990737),
      ["LowerTorso"] = CFrame.new(-2.969734, -2.119969, -0.009355, -0.011375, 0.179867, 0.983625, -0.000010, 0.983689, -0.179879, -0.999935, -0.002056, -0.011188),
      ["RightUpperArm"] = CFrame.new(0.000000, -0.077874, 0.034494, 1.000000, -0.000000, 0.000000, 0.000000, 0.961490, 0.274840, -0.000000, -0.274840, 0.961490),
      ["RightUpperLeg"] = CFrame.new(0.290142, 0.000002, -0.818772, 0.987618, 0.001200, -0.156874, -0.000005, 0.999971, 0.007620, 0.156878, -0.007525, 0.987589),
      ["x_C3"] = CFrame.new(0.000000, 0.526162, 0.066218, 1.000000, 0.000000, 0.000000, 0.000000, 0.743890, -0.668302, 0.000000, 0.668302, 0.743890)
    }},
    { Time = 0.217, Data = {
      ["Head"] = CFrame.new(0.000000, -0.008515, 0.013661, 1.000000, 0.000000, 0.000000, 0.000000, 0.854044, -0.520201, 0.000000, 0.520201, 0.854044),
      ["LeftUpperArm"] = CFrame.new(-0.000000, -0.075911, 0.014198, 1.000000, -0.000000, 0.000000, 0.000000, 0.968102, 0.250556, -0.000000, -0.250556, 0.968102),
      ["LeftUpperLeg"] = CFrame.new(-0.254908, 0.000010, -0.852123, 0.990746, 0.000709, 0.135727, 0.000020, 0.999986, -0.005363, -0.135729, 0.005316, 0.990732),
      ["LowerTorso"] = CFrame.new(-2.969880, -2.120778, -0.009353, -0.011375, 0.179867, 0.983625, -0.000010, 0.983689, -0.179879, -0.999935, -0.002056, -0.011188),
      ["RightUpperArm"] = CFrame.new(0.000000, -0.076761, 0.034130, 1.000000, -0.000000, 0.000000, 0.000000, 0.961442, 0.275008, -0.000000, -0.275008, 0.961442),
      ["RightUpperLeg"] = CFrame.new(0.290142, -0.000013, -0.818772, 0.987618, 0.001060, -0.156874, 0.000027, 0.999976, 0.006925, 0.156878, -0.006844, 0.987594),
      ["x_C3"] = CFrame.new(0.000000, 0.526162, 0.066218, 1.000000, 0.000000, 0.000000, 0.000000, 0.743890, -0.668302, 0.000000, 0.668302, 0.743890)
    }},
    { Time = 0.233, Data = {
      ["Head"] = CFrame.new(0.000000, -0.008515, 0.013661, 1.000000, 0.000000, 0.000000, 0.000000, 0.855347, -0.518056, 0.000000, 0.518056, 0.855347),
      ["LeftUpperArm"] = CFrame.new(-0.000000, -0.074486, 0.013784, 1.000000, -0.000000, 0.000000, 0.000000, 0.968058, 0.250724, -0.000000, -0.250724, 0.968058),
      ["LeftUpperLeg"] = CFrame.new(-0.254908, 0.000011, -0.852124, 0.990746, 0.000883, 0.135726, 0.000022, 0.999978, -0.006661, -0.135729, 0.006602, 0.990724),
      ["LowerTorso"] = CFrame.new(-2.970053, -2.121722, -0.009351, -0.011375, 0.179867, 0.983625, -0.000010, 0.983689, -0.179879, -0.999935, -0.002056, -0.011188),
      ["RightUpperArm"] = CFrame.new(0.000000, -0.075473, 0.033667, 1.000000, -0.000000, 0.000000, 0.000000, 0.961346, 0.275343, -0.000000, -0.275343, 0.961346),
      ["RightUpperLeg"] = CFrame.new(0.290142, 0.000021, -0.818772, 0.987618, 0.000992, -0.156875, -0.000041, 0.999982, 0.006065, 0.156878, -0.005983, 0.987600),
      ["x_C3"] = CFrame.new(0.000000, 0.526162, 0.066218, 1.000000, 0.000000, 0.000000, 0.000000, 0.743890, -0.668302, 0.000000, 0.668302, 0.743890)
    }},
    { Time = 0.250, Data = {
      ["Head"] = CFrame.new(0.000000, -0.008515, 0.013661, 1.000000, 0.000000, 0.000000, 0.000000, 0.856875, -0.515525, 0.000000, 0.515525, 0.856875),
      ["LeftUpperArm"] = CFrame.new(-0.000000, -0.072847, 0.013290, 1.000000, -0.000000, 0.000000, 0.000000, 0.967993, 0.250977, -0.000000, -0.250977, 0.967993),
      ["LeftUpperLeg"] = CFrame.new(-0.254908, 0.000021, -0.852124, 0.990746, 0.001075, 0.135725, 0.000041, 0.999966, -0.008217, -0.135729, 0.008146, 0.990712),
      ["LowerTorso"] = CFrame.new(-2.970252, -2.122810, -0.009349, -0.011375, 0.179867, 0.983625, -0.000010, 0.983689, -0.179879, -0.999935, -0.002056, -0.011188),
      ["RightUpperArm"] = CFrame.new(0.000000, -0.073977, 0.033170, 1.000000, -0.000000, 0.000000, 0.000000, 0.961274, 0.275595, -0.000000, -0.275595, 0.961274),
      ["RightUpperLeg"] = CFrame.new(0.290142, 0.000015, -0.818772, 0.987618, 0.000831, -0.156876, -0.000030, 0.999987, 0.005111, 0.156878, -0.005043, 0.987605),
      ["x_C3"] = CFrame.new(0.000000, 0.526162, 0.066218, 1.000000, 0.000000, 0.000000, 0.000000, 0.743890, -0.668302, 0.000000, 0.668302, 0.743890)
    }},
    { Time = 0.267, Data = {
      ["Head"] = CFrame.new(0.000000, -0.008516, 0.013661, 1.000000, 0.000000, 0.000000, 0.000000, 0.858624, -0.512605, 0.000000, 0.512605, 0.858624),
      ["LeftUpperArm"] = CFrame.new(-0.000000, -0.070977, 0.012714, 1.000000, -0.000000, 0.000000, 0.000000, 0.967906, 0.251314, -0.000000, -0.251314, 0.967906),
      ["LeftUpperLeg"] = CFrame.new(-0.254908, -0.000004, -0.852124, 0.990746, 0.001370, 0.135723, -0.000008, 0.999950, -0.010037, -0.135730, 0.009943, 0.990696),
      ["LowerTorso"] = CFrame.new(-2.970479, -2.124054, -0.009346, -0.011375, 0.179867, 0.983625, -0.000010, 0.983689, -0.179879, -0.999935, -0.002056, -0.011188),
      ["RightUpperArm"] = CFrame.new(0.000000, -0.072271, 0.032588, 1.000000, -0.000000, 0.000000, 0.000000, 0.961178, 0.275930, -0.000000, -0.275930, 0.961178),
      ["RightUpperLeg"] = CFrame.new(0.290142, 0.000016, -0.818771, 0.987618, 0.000657, -0.156876, -0.000032, 0.999992, 0.003986, 0.156878, -0.003931, 0.987610),
      ["x_C3"] = CFrame.new(0.000000, 0.526162, 0.066218, 1.000000, 0.000000, 0.000000, 0.000000, 0.743890, -0.668302, 0.000000, 0.668302, 0.743890)
    }},
    { Time = 0.283, Data = {
      ["Head"] = CFrame.new(0.000000, -0.008515, 0.013661, 1.000000, 0.000000, 0.000000, 0.000000, 0.860591, -0.509296, 0.000000, 0.509296, 0.860591),
      ["LeftUpperArm"] = CFrame.new(-0.000000, -0.068856, 0.012072, 1.000000, -0.000000, 0.000000, 0.000000, 0.967818, 0.251651, -0.000000, -0.251651, 0.967818),
      ["LeftUpperLeg"] = CFrame.new(-0.254908, 0.000021, -0.852124, 0.990746, 0.001591, 0.135721, 0.000041, 0.999928, -0.012024, -0.135731, 0.011918, 0.990674),
      ["LowerTorso"] = CFrame.new(-2.970737, -2.125463, -0.009343, -0.011375, 0.179867, 0.983625, -0.000010, 0.983689, -0.179879, -0.999935, -0.002056, -0.011188),
      ["RightUpperArm"] = CFrame.new(0.000000, -0.070341, 0.031919, 1.000000, -0.000000, 0.000000, 0.000000, 0.961057, 0.276349, -0.000000, -0.276349, 0.961057),
      ["RightUpperLeg"] = CFrame.new(0.290142, -0.000023, -0.818772, 0.987618, 0.000389, -0.156877, 0.000045, 0.999996, 0.002767, 0.156877, -0.002740, 0.987614),
      ["x_C3"] = CFrame.new(0.000000, 0.526162, 0.066218, 1.000000, 0.000000, 0.000000, 0.000000, 0.743890, -0.668302, 0.000000, 0.668302, 0.743890)
    }},
    { Time = 0.300, Data = {
      ["Head"] = CFrame.new(0.000000, -0.008515, 0.013661, 1.000000, 0.000000, 0.000000, 0.000000, 0.862771, -0.505596, 0.000000, 0.505596, 0.862771),
      ["LeftUpperArm"] = CFrame.new(-0.000000, -0.066472, 0.011340, 1.000000, -0.000000, 0.000000, 0.000000, 0.967708, 0.252072, -0.000000, -0.252072, 0.967708),
      ["LeftUpperLeg"] = CFrame.new(-0.254908, 0.000011, -0.852125, 0.990746, 0.001916, 0.135718, 0.000022, 0.999898, -0.014274, -0.135732, 0.014145, 0.990645),
      ["LowerTorso"] = CFrame.new(-2.971027, -2.127049, -0.009340, -0.011375, 0.179867, 0.983625, -0.000010, 0.983689, -0.179879, -0.999935, -0.002056, -0.011188),
      ["RightUpperArm"] = CFrame.new(0.000000, -0.068166, 0.031181, 1.000000, -0.000000, 0.000000, 0.000000, 0.960937, 0.276768, -0.000000, -0.276768, 0.960937),
      ["RightUpperLeg"] = CFrame.new(0.290142, -0.000008, -0.818771, 0.987618, 0.000188, -0.156877, 0.000016, 0.999999, 0.001298, 0.156877, -0.001284, 0.987617),
      ["x_C3"] = CFrame.new(0.000000, 0.526162, 0.066218, 1.000000, 0.000000, 0.000000, 0.000000, 0.743890, -0.668302, 0.000000, 0.668302, 0.743890)
    }},
    { Time = 0.317, Data = {
      ["Head"] = CFrame.new(0.000000, -0.008515, 0.013661, 1.000000, 0.000000, 0.000000, 0.000000, 0.865202, -0.501424, 0.000000, 0.501424, 0.865202),
      ["LeftUpperArm"] = CFrame.new(-0.000000, -0.063805, 0.010534, 1.000000, -0.000000, 0.000000, 0.000000, 0.967599, 0.252493, -0.000000, -0.252493, 0.967599),
      ["LeftUpperLeg"] = CFrame.new(-0.254908, 0.000010, -0.852126, 0.990745, 0.002259, 0.135714, 0.000020, 0.999859, -0.016783, -0.135733, 0.016631, 0.990606),
      ["LowerTorso"] = CFrame.new(-2.971350, -2.128820, -0.009336, -0.011375, 0.179867, 0.983625, -0.000010, 0.983689, -0.179879, -0.999935, -0.002056, -0.011188),
      ["RightUpperArm"] = CFrame.new(0.000000, -0.065739, 0.030346, 1.000000, -0.000000, 0.000000, 0.000000, 0.960792, 0.277270, -0.000000, -0.277270, 0.960792),
      ["RightUpperLeg"] = CFrame.new(0.290142, 0.000010, -0.818771, 0.987618, -0.000020, -0.156877, -0.000020, 1.000000, -0.000258, 0.156877, 0.000258, 0.987618),
      ["x_C3"] = CFrame.new(0.000000, 0.526162, 0.066218, 1.000000, 0.000000, 0.000000, 0.000000, 0.743890, -0.668302, 0.000000, 0.668302, 0.743890)
    }},
    { Time = 0.333, Data = {
      ["Head"] = CFrame.new(0.000000, -0.008515, 0.013661, 1.000000, 0.000000, 0.000000, 0.000000, 0.867878, -0.496778, 0.000000, 0.496778, 0.867878),
      ["LeftUpperArm"] = CFrame.new(-0.000000, -0.060838, 0.009651, 1.000000, -0.000000, 0.000000, 0.000000, 0.967489, 0.252914, -0.000000, -0.252914, 0.967489),
      ["LeftUpperLeg"] = CFrame.new(-0.254908, 0.000018, -0.852126, 0.990745, 0.002619, 0.135709, 0.000035, 0.999809, -0.019551, -0.135735, 0.019375, 0.990556),
      ["LowerTorso"] = CFrame.new(-2.971711, -2.130789, -0.009332, -0.011375, 0.179867, 0.983625, -0.000010, 0.983689, -0.179879, -0.999935, -0.002056, -0.011188),
      ["RightUpperArm"] = CFrame.new(0.000000, -0.063044, 0.029411, 1.000000, -0.000000, 0.000000, 0.000000, 0.960623, 0.277856, -0.000000, -0.277856, 0.960623),
      ["RightUpperLeg"] = CFrame.new(0.290142, -0.000008, -0.818772, 0.987618, -0.000328, -0.156877, 0.000016, 0.999998, -0.001993, 0.156877, 0.001966, 0.987616),
      ["x_C3"] = CFrame.new(0.000000, 0.526162, 0.066218, 1.000000, 0.000000, 0.000000, 0.000000, 0.743890, -0.668302, 0.000000, 0.668302, 0.743890)
    }},
    { Time = 0.350, Data = {
      ["Head"] = CFrame.new(0.000000, -0.008515, 0.013661, 1.000000, 0.000000, 0.000000, 0.000000, 0.870790, -0.491655, 0.000000, 0.491655, 0.870790),
      ["LeftUpperArm"] = CFrame.new(-0.000000, -0.057877, 0.008746, 1.000000, -0.000000, 0.000000, 0.000000, 0.967357, 0.253419, -0.000000, -0.253419, 0.967357),
      ["LeftUpperLeg"] = CFrame.new(-0.254909, -0.000017, -0.852128, 0.990745, 0.003065, 0.135703, -0.000035, 0.999751, -0.022324, -0.135737, 0.022112, 0.990498),
      ["LowerTorso"] = CFrame.new(-2.972070, -2.132757, -0.009328, -0.011375, 0.179867, 0.983625, -0.000010, 0.983689, -0.179879, -0.999935, -0.002056, -0.011188),
      ["RightUpperArm"] = CFrame.new(0.000000, -0.060342, 0.028499, 1.000000, -0.000000, 0.000000, 0.000000, 0.960477, 0.278359, -0.000000, -0.278359, 0.960477),
      ["RightUpperLeg"] = CFrame.new(0.290142, 0.000017, -0.818772, 0.987618, -0.000550, -0.156876, -0.000034, 0.999993, -0.003721, 0.156877, 0.003680, 0.987611),
      ["x_C3"] = CFrame.new(0.000000, 0.526162, 0.066218, 1.000000, 0.000000, 0.000000, 0.000000, 0.743890, -0.668302, 0.000000, 0.668302, 0.743890)
    }},
    { Time = 0.367, Data = {
      ["Head"] = CFrame.new(0.000000, -0.008515, 0.013661, 1.000000, 0.000000, 0.000000, 0.000000, 0.873973, -0.485974, 0.000000, 0.485974, 0.873973),
      ["LeftUpperArm"] = CFrame.new(-0.000000, -0.055210, 0.007941, 1.000000, -0.000000, 0.000000, 0.000000, 0.967246, 0.253840, -0.000000, -0.253840, 0.967246),
      ["LeftUpperLeg"] = CFrame.new(-0.254909, -0.000018, -0.852129, 0.990745, 0.003408, 0.135697, -0.000037, 0.999692, -0.024833, -0.135739, 0.024598, 0.990439),
      ["LowerTorso"] = CFrame.new(-2.972394, -2.134529, -0.009324, -0.011375, 0.179867, 0.983625, -0.000010, 0.983689, -0.179879, -0.999935, -0.002056, -0.011188),
      ["RightUpperArm"] = CFrame.new(0.000000, -0.057915, 0.027664, 1.000000, -0.000000, 0.000000, 0.000000, 0.960331, 0.278861, -0.000000, -0.278861, 0.960331),
      ["RightUpperLeg"] = CFrame.new(0.290142, -0.000008, -0.818772, 0.987618, -0.000845, -0.156875, 0.000016, 0.999986, -0.005283, 0.156878, 0.005215, 0.987604),
      ["x_C3"] = CFrame.new(0.000000, 0.526162, 0.066218, 1.000000, 0.000000, 0.000000, 0.000000, 0.743890, -0.668302, 0.000000, 0.668302, 0.743890)
    }},
    { Time = 0.383, Data = {
      ["Head"] = CFrame.new(0.000000, -0.008516, 0.013661, 1.000000, 0.000000, 0.000000, 0.000000, 0.877331, -0.479885, 0.000000, 0.479885, 0.877331),
      ["LeftUpperArm"] = CFrame.new(-0.000000, -0.052827, 0.007208, 1.000000, -0.000000, 0.000000, 0.000000, 0.967136, 0.254261, -0.000000, -0.254261, 0.967136),
      ["LeftUpperLeg"] = CFrame.new(-0.254909, 0.000015, -0.852129, 0.990744, 0.003646, 0.135691, 0.000029, 0.999633, -0.027077, -0.135740, 0.026830, 0.990381),
      ["LowerTorso"] = CFrame.new(-2.972684, -2.136114, -0.009321, -0.011375, 0.179867, 0.983625, -0.000010, 0.983689, -0.179879, -0.999935, -0.002056, -0.011188),
      ["RightUpperArm"] = CFrame.new(0.000000, -0.055747, 0.026903, 1.000000, -0.000000, 0.000000, 0.000000, 0.960185, 0.279364, -0.000000, -0.279364, 0.960185),
      ["RightUpperLeg"] = CFrame.new(0.290142, 0.000007, -0.818772, 0.987618, -0.001046, -0.156875, -0.000013, 0.999977, -0.006753, 0.156878, 0.006671, 0.987595),
      ["x_C3"] = CFrame.new(0.000000, 0.526162, 0.066218, 1.000000, 0.000000, 0.000000, 0.000000, 0.743890, -0.668302, 0.000000, 0.668302, 0.743890)
    }},
    { Time = 0.400, Data = {
      ["Head"] = CFrame.new(0.000000, -0.008515, 0.013661, 1.000000, 0.000000, 0.000000, 0.000000, 0.880433, -0.474171, 0.000000, 0.474171, 0.880433),
      ["LeftUpperArm"] = CFrame.new(-0.000000, -0.050705, 0.006567, 1.000000, -0.000000, 0.000000, 0.000000, 0.967047, 0.254598, -0.000000, -0.254598, 0.967047),
      ["LeftUpperLeg"] = CFrame.new(-0.254909, -0.000003, -0.852130, 0.990744, 0.003954, 0.135685, -0.000008, 0.999577, -0.029069, -0.135743, 0.028799, 0.990325),
      ["LowerTorso"] = CFrame.new(-2.972942, -2.137523, -0.009318, -0.011375, 0.179867, 0.983625, -0.000010, 0.983689, -0.179879, -0.999935, -0.002056, -0.011188),
      ["RightUpperArm"] = CFrame.new(0.000000, -0.053811, 0.026257, 1.000000, -0.000000, 0.000000, 0.000000, 0.960088, 0.279699, -0.000000, -0.279699, 0.960088),
      ["RightUpperLeg"] = CFrame.new(0.290142, 0.000012, -0.818772, 0.987618, -0.001227, -0.156874, -0.000022, 0.999968, -0.007964, 0.156878, 0.007869, 0.987587),
      ["x_C3"] = CFrame.new(0.000000, 0.526162, 0.066218, 1.000000, 0.000000, 0.000000, 0.000000, 0.743890, -0.668302, 0.000000, 0.668302, 0.743890)
    }},
    { Time = 0.417, Data = {
      ["Head"] = CFrame.new(0.000000, -0.008516, 0.013661, 1.000000, 0.000000, 0.000000, 0.000000, 0.883202, -0.468992, 0.000000, 0.468992, 0.883202),
      ["LeftUpperArm"] = CFrame.new(-0.000000, -0.048830, 0.006012, 1.000000, -0.000000, 0.000000, 0.000000, 0.966980, 0.254850, -0.000000, -0.254850, 0.966980),
      ["LeftUpperLeg"] = CFrame.new(-0.254909, 0.000012, -0.852131, 0.990744, 0.004157, 0.135680, 0.000024, 0.999526, -0.030797, -0.135744, 0.030515, 0.990274),
      ["LowerTorso"] = CFrame.new(-2.973169, -2.138767, -0.009315, -0.011375, 0.179867, 0.983625, -0.000010, 0.983689, -0.179879, -0.999935, -0.002056, -0.011188),
      ["RightUpperArm"] = CFrame.new(0.000000, -0.052105, 0.025675, 1.000000, -0.000000, 0.000000, 0.000000, 0.959990, 0.280033, -0.000000, -0.280033, 0.959990),
      ["RightUpperLeg"] = CFrame.new(0.290142, 0.000013, -0.818772, 0.987618, -0.001402, -0.156872, -0.000025, 0.999959, -0.009090, 0.156879, 0.008981, 0.987577),
      ["x_C3"] = CFrame.new(0.000000, 0.526162, 0.066218, 1.000000, 0.000000, 0.000000, 0.000000, 0.743890, -0.668302, 0.000000, 0.668302, 0.743890)
    }},
    { Time = 0.433, Data = {
      ["Head"] = CFrame.new(0.000000, -0.008515, 0.013661, 1.000000, 0.000000, 0.000000, 0.000000, 0.885692, -0.464273, 0.000000, 0.464273, 0.885692),
      ["LeftUpperArm"] = CFrame.new(-0.000000, -0.047191, 0.005519, 1.000000, -0.000000, 0.000000, 0.000000, 0.966914, 0.255103, -0.000000, -0.255103, 0.966914),
      ["LeftUpperLeg"] = CFrame.new(-0.254909, -0.000021, -0.852132, 0.990744, 0.004435, 0.135674, -0.000043, 0.999476, -0.032358, -0.135747, 0.032053, 0.990225),
      ["LowerTorso"] = CFrame.new(-2.973368, -2.139856, -0.009313, -0.011375, 0.179867, 0.983625, -0.000010, 0.983689, -0.179879, -0.999935, -0.002056, -0.011188),
      ["RightUpperArm"] = CFrame.new(0.000000, -0.050616, 0.025156, 1.000000, -0.000000, 0.000000, 0.000000, 0.959893, 0.280368, -0.000000, -0.280368, 0.959893),
      ["RightUpperLeg"] = CFrame.new(0.290142, 0.000007, -0.818772, 0.987618, -0.001562, -0.156871, -0.000013, 0.999950, -0.010043, 0.156879, 0.009921, 0.987568),
      ["x_C3"] = CFrame.new(0.000000, 0.526162, 0.066218, 1.000000, 0.000000, 0.000000, 0.000000, 0.743890, -0.668302, 0.000000, 0.668302, 0.743890)
    }},
    { Time = 0.450, Data = {
      ["Head"] = CFrame.new(0.000000, -0.008515, 0.013661, 1.000000, 0.000000, 0.000000, 0.000000, 0.887910, -0.460017, 0.000000, 0.460017, 0.887910),
      ["LeftUpperArm"] = CFrame.new(-0.000000, -0.045772, 0.005082, 1.000000, -0.000000, 0.000000, 0.000000, 0.966847, 0.255356, -0.000000, -0.255356, 0.966847),
      ["LeftUpperLeg"] = CFrame.new(-0.254909, -0.000017, -0.852133, 0.990743, 0.004615, 0.135670, -0.000035, 0.999431, -0.033741, -0.135748, 0.033424, 0.990179),
      ["LowerTorso"] = CFrame.new(-2.973541, -2.140799, -0.009311, -0.011375, 0.179867, 0.983625, -0.000010, 0.983689, -0.179879, -0.999935, -0.002056, -0.011188),
      ["RightUpperArm"] = CFrame.new(0.000000, -0.049322, 0.024715, 1.000000, -0.000000, 0.000000, 0.000000, 0.959819, 0.280619, -0.000000, -0.280619, 0.959819),
      ["RightUpperLeg"] = CFrame.new(0.290142, -0.000002, -0.818773, 0.987618, -0.001716, -0.156870, 0.000005, 0.999940, -0.010911, 0.156880, 0.010775, 0.987559),
      ["x_C3"] = CFrame.new(0.000000, 0.526162, 0.066218, 1.000000, 0.000000, 0.000000, 0.000000, 0.743890, -0.668302, 0.000000, 0.668302, 0.743890)
    }},
    { Time = 0.467, Data = {
      ["Head"] = CFrame.new(0.000000, -0.008516, 0.013661, 1.000000, 0.000000, 0.000000, 0.000000, 0.889904, -0.456148, 0.000000, 0.456148, 0.889904),
      ["LeftUpperArm"] = CFrame.new(-0.000000, -0.044553, 0.004721, 1.000000, -0.000000, 0.000000, 0.000000, 0.966803, 0.255524, -0.000000, -0.255524, 0.966803),
      ["LeftUpperLeg"] = CFrame.new(-0.254909, 0.000021, -0.852133, 0.990743, 0.004691, 0.135667, 0.000041, 0.999392, -0.034860, -0.135748, 0.034543, 0.990141),
      ["LowerTorso"] = CFrame.new(-2.973689, -2.141608, -0.009309, -0.011375, 0.179867, 0.983625, -0.000010, 0.983689, -0.179879, -0.999935, -0.002056, -0.011188),
      ["RightUpperArm"] = CFrame.new(0.000000, -0.048215, 0.024329, 1.000000, -0.000000, 0.000000, 0.000000, 0.959746, 0.280870, -0.000000, -0.280870, 0.959746),
      ["RightUpperLeg"] = CFrame.new(0.290142, -0.000018, -0.818773, 0.987618, -0.001857, -0.156869, 0.000036, 0.999933, -0.011606, 0.156880, 0.011456, 0.987551),
      ["x_C3"] = CFrame.new(0.000000, 0.526162, 0.066218, 1.000000, 0.000000, 0.000000, 0.000000, 0.743890, -0.668302, 0.000000, 0.668302, 0.743890)
    }},
    { Time = 0.483, Data = {
      ["Head"] = CFrame.new(0.000000, -0.008515, 0.013661, 1.000000, 0.000000, 0.000000, 0.000000, 0.891639, -0.452747, 0.000000, 0.452747, 0.891639),
      ["LeftUpperArm"] = CFrame.new(-0.000000, -0.043522, 0.004408, 1.000000, -0.000000, 0.000000, 0.000000, 0.966758, 0.255692, -0.000000, -0.255692, 0.966758),
      ["LeftUpperLeg"] = CFrame.new(-0.254904, 0.000009, -0.852091, 0.990755, 0.004840, 0.135578, 0.000018, 0.999358, -0.035813, -0.135664, 0.035485, 0.990119),
      ["LowerTorso"] = CFrame.new(-2.973814, -2.142293, -0.009308, -0.011375, 0.179867, 0.983625, -0.000010, 0.983689, -0.179879, -0.999935, -0.002056, -0.011188),
      ["RightUpperArm"] = CFrame.new(0.000000, -0.047275, 0.024013, 1.000000, -0.000000, 0.000000, 0.000000, 0.959697, 0.281038, -0.000000, -0.281038, 0.959697),
      ["RightUpperLeg"] = CFrame.new(0.290142, 0.000006, -0.818773, 0.987618, -0.001904, -0.156868, -0.000011, 0.999925, -0.012208, 0.156880, 0.012059, 0.987544),
      ["x_C3"] = CFrame.new(0.000000, 0.526162, 0.066218, 1.000000, 0.000000, 0.000000, 0.000000, 0.743890, -0.668302, 0.000000, 0.668302, 0.743890)
    }},
    { Time = 0.500, Data = {
      ["Head"] = CFrame.new(0.000000, -0.008515, 0.013661, 1.000000, 0.000000, 0.000000, 0.000000, 0.893160, -0.449738, 0.000000, 0.449738, 0.893160),
      ["LeftUpperArm"] = CFrame.new(-0.000000, -0.042665, 0.004140, 1.000000, -0.000000, 0.000000, 0.000000, 0.966714, 0.255860, -0.000000, -0.255860, 0.966714),
      ["LeftUpperLeg"] = CFrame.new(-0.254904, -0.000005, -0.852092, 0.990755, 0.004985, 0.135574, -0.000009, 0.999327, -0.036680, -0.135666, 0.036340, 0.990088),
      ["LowerTorso"] = CFrame.new(-2.973918, -2.142864, -0.009307, -0.011375, 0.179867, 0.983625, -0.000010, 0.983689, -0.179879, -0.999935, -0.002056, -0.011188),
      ["RightUpperArm"] = CFrame.new(0.000000, -0.046493, 0.023743, 1.000000, -0.000000, 0.000000, 0.000000, 0.959648, 0.281205, -0.000000, -0.281205, 0.959648),
      ["RightUpperLeg"] = CFrame.new(0.290142, -0.000017, -0.818773, 0.987618, -0.002031, -0.156867, 0.000034, 0.999919, -0.012731, 0.156881, 0.012568, 0.987538),
      ["x_C3"] = CFrame.new(0.000000, 0.526162, 0.066218, 1.000000, 0.000000, 0.000000, 0.000000, 0.743890, -0.668302, 0.000000, 0.668302, 0.743890)
    }},
    { Time = 0.517, Data = {
      ["Head"] = CFrame.new(0.000000, -0.008516, 0.013661, 1.000000, 0.000000, 0.000000, 0.000000, 0.894473, -0.447122, 0.000000, 0.447122, 0.894473),
      ["LeftUpperArm"] = CFrame.new(-0.000000, -0.041959, 0.003934, 1.000000, -0.000000, 0.000000, 0.000000, 0.966691, 0.255945, -0.000000, -0.255945, 0.966691),
      ["LeftUpperLeg"] = CFrame.new(-0.254904, 0.000016, -0.852092, 0.990755, 0.005026, 0.135572, 0.000032, 0.999305, -0.037282, -0.135666, 0.036942, 0.990066),
      ["LowerTorso"] = CFrame.new(-2.974003, -2.143332, -0.009306, -0.011375, 0.179867, 0.983625, -0.000010, 0.983689, -0.179879, -0.999935, -0.002056, -0.011188),
      ["RightUpperArm"] = CFrame.new(0.000000, -0.045855, 0.023513, 1.000000, -0.000000, 0.000000, 0.000000, 0.959599, 0.281373, -0.000000, -0.281373, 0.959599),
      ["RightUpperLeg"] = CFrame.new(0.290142, 0.000000, -0.818773, 0.987618, -0.002065, -0.156867, 0.000000, 0.999913, -0.013161, 0.156881, 0.012998, 0.987532),
      ["x_C3"] = CFrame.new(0.000000, 0.526162, 0.066218, 1.000000, 0.000000, 0.000000, 0.000000, 0.743890, -0.668302, 0.000000, 0.668302, 0.743890)
    }},
    { Time = 0.533, Data = {
      ["Head"] = CFrame.new(0.000000, -0.008515, 0.013661, 1.000000, 0.000000, 0.000000, 0.000000, 0.895620, -0.444820, 0.000000, 0.444820, 0.895620),
      ["LeftUpperArm"] = CFrame.new(-0.000000, -0.041395, 0.003765, 1.000000, -0.000000, 0.000000, 0.000000, 0.966669, 0.256029, -0.000000, -0.256029, 0.966669),
      ["LeftUpperLeg"] = CFrame.new(-0.254904, -0.000009, -0.852093, 0.990754, 0.005148, 0.135569, -0.000019, 0.999285, -0.037805, -0.135667, 0.037453, 0.990046),
      ["LowerTorso"] = CFrame.new(-2.974072, -2.143706, -0.009305, -0.011375, 0.179867, 0.983625, -0.000010, 0.983689, -0.179879, -0.999935, -0.002056, -0.011188),
      ["RightUpperArm"] = CFrame.new(0.000000, -0.045341, 0.023343, 1.000000, -0.000000, 0.000000, 0.000000, 0.959574, 0.281456, -0.000000, -0.281456, 0.959574),
      ["RightUpperLeg"] = CFrame.new(0.290142, 0.000014, -0.818773, 0.987618, -0.002092, -0.156867, -0.000027, 0.999909, -0.013506, 0.156881, 0.013343, 0.987527),
      ["x_C3"] = CFrame.new(0.000000, 0.526162, 0.066218, 1.000000, 0.000000, 0.000000, 0.000000, 0.743890, -0.668302, 0.000000, 0.668302, 0.743890)
    }},
    { Time = 0.550, Data = {
      ["Head"] = CFrame.new(0.000000, -0.008516, 0.013661, 1.000000, 0.000000, 0.000000, 0.000000, 0.896604, -0.442834, 0.000000, 0.442834, 0.896604),
      ["LeftUpperArm"] = CFrame.new(-0.000000, -0.040958, 0.003629, 1.000000, -0.000000, 0.000000, 0.000000, 0.966647, 0.256113, -0.000000, -0.256113, 0.966647),
      ["LeftUpperLeg"] = CFrame.new(-0.254904, 0.000005, -0.852093, 0.990754, 0.005177, 0.135568, 0.000010, 0.999269, -0.038235, -0.135667, 0.037883, 0.990030),
      ["LowerTorso"] = CFrame.new(-2.974125, -2.143998, -0.009304, -0.011375, 0.179867, 0.983625, -0.000010, 0.983689, -0.179879, -0.999935, -0.002056, -0.011188),
      ["RightUpperArm"] = CFrame.new(0.000000, -0.044942, 0.023205, 1.000000, -0.000000, 0.000000, 0.000000, 0.959549, 0.281540, -0.000000, -0.281540, 0.959549),
      ["RightUpperLeg"] = CFrame.new(0.290142, -0.000019, -0.818774, 0.987617, -0.002199, -0.156866, 0.000039, 0.999905, -0.013771, 0.156881, 0.013594, 0.987524),
      ["x_C3"] = CFrame.new(0.000000, 0.526162, 0.066218, 1.000000, 0.000000, 0.000000, 0.000000, 0.743890, -0.668302, 0.000000, 0.668302, 0.743890)
    }},
    { Time = 0.567, Data = {
