return {
  ["Astros im sorry"] = {
    { Time = 0.000, Data = {
      ["Balls"] = CFrame.new(-0.000001, -0.000004, 0.000000, 0.977490, 0.210982, 0.000000, -0.210982, 0.977490, -0.000000, -0.000000, 0.000000, 1.000000),
      ["Cock"] = CFrame.new(0.000000, 0.000000, 0.000000, 0.999730, 0.023219, 0.000000, -0.023219, 0.999730, -0.000000, -0.000000, 0.000000, 1.000000),
      ["Head"] = CFrame.new(-0.000000, -0.000000, 0.000000, 0.925492, 0.063660, -0.373378, 0.000025, 0.985765, 0.168132, 0.378766, -0.155614, 0.912316),
      ["LeftUpperArm"] = CFrame.new(-0.266948, -0.086710, 0.199767, 0.352343, -0.861587, 0.365407, -0.926793, -0.375481, 0.008319, 0.130036, -0.341588, -0.930811),
      ["LeftUpperLeg"] = CFrame.new(-0.000915, -0.015799, -0.018083, 0.998169, 0.048506, 0.036131, -0.048475, 0.998823, -0.001740, -0.036173, -0.000015, 0.999346),
      ["LowerTorso"] = CFrame.new(0.000000, -0.009357, 0.956474, 1.000000, 0.000000, 0.000000, 0.000000, 1.000000, 0.000000, 0.000000, 0.000000, 1.000000),
      ["RightUpperArm"] = CFrame.new(-0.000095, -0.000001, 0.000836, 0.993038, -0.000361, -0.117796, -0.000016, 0.999995, -0.003199, 0.117797, 0.003178, 0.993033),
      ["RightUpperLeg"] = CFrame.new(0.000815, -0.016256, -0.023433, 0.998372, -0.032548, -0.046841, 0.032512, 0.999470, -0.001539, 0.046866, 0.000014, 0.998901)
    }},
    { Time = 0.017, Data = {
      ["Balls"] = CFrame.new(-0.000001, -0.000005, 0.000000, 0.977873, 0.209200, 0.000000, -0.209200, 0.977873, -0.000000, -0.000000, 0.000000, 1.000000),
      ["Cock"] = CFrame.new(0.000000, 0.000000, 0.000000, 0.999758, 0.022011, 0.000000, -0.022011, 0.999758, -0.000000, -0.000000, 0.000000, 1.000000),
      ["Head"] = CFrame.new(-0.000000, 0.000000, 0.000000, 0.925495, 0.063427, -0.373411, -0.000041, 0.985896, 0.167361, 0.378760, -0.154877, 0.912444),
      ["LeftUpperArm"] = CFrame.new(-0.267065, -0.086551, 0.199888, 0.352141, -0.862033, 0.364550, -0.927031, -0.374876, 0.009028, 0.128878, -0.341128, -0.931141),
      ["LeftUpperLeg"] = CFrame.new(-0.000915, -0.015798, -0.018084, 0.998169, 0.048508, 0.036129, -0.048474, 0.998823, -0.001826, -0.036175, 0.000072, 0.999345),
      ["LowerTorso"] = CFrame.new(0.000000, -0.009357, 0.956474, 1.000000, 0.000000, 0.000000, 0.000000, 1.000000, 0.000000, 0.000000, 0.000000, 1.000000),
      ["RightUpperArm"] = CFrame.new(-0.000052, -0.000001, 0.000497, 0.993038, -0.000198, -0.117796, -0.000026, 0.999998, -0.001901, 0.117797, 0.001891, 0.993036),
      ["RightUpperLeg"] = CFrame.new(0.000815, -0.016256, -0.023433, 0.998372, -0.032548, -0.046841, 0.032512, 0.999470, -0.001539, 0.046866, 0.000014, 0.998901)
    }},
    { Time = 0.033, Data = {
      ["Balls"] = CFrame.new(-0.000001, -0.000005, 0.000000, 0.978253, 0.207417, 0.000000, -0.207417, 0.978253, -0.000000, -0.000000, 0.000000, 1.000000),
      ["Cock"] = CFrame.new(0.000000, 0.000000, 0.000000, 0.999784, 0.020802, 0.000000, -0.020802, 0.999784, -0.000000, -0.000000, 0.000000, 1.000000),
      ["Head"] = CFrame.new(0.000000, -0.000000, -0.000000, 0.925501, 0.063127, -0.373448, -0.000006, 0.986015, 0.166658, 0.378746, -0.154240, 0.912558),
      ["LeftUpperArm"] = CFrame.new(-0.267172, -0.086411, 0.200005, 0.352059, -0.862438, 0.363670, -0.927237, -0.374346, 0.009876, 0.127621, -0.340685, -0.931476),
      ["LeftUpperLeg"] = CFrame.new(-0.000915, -0.015797, -0.018085, 0.998169, 0.048509, 0.036127, -0.048472, 0.998823, -0.001913, -0.036177, 0.000158, 0.999345),
      ["LowerTorso"] = CFrame.new(0.000000, -0.009357, 0.956474, 1.000000, 0.000000, 0.000000, 0.000000, 1.000000, 0.000000, 0.000000, 0.000000, 1.000000),
      ["RightUpperArm"] = CFrame.new(-0.000009, -0.000000, 0.000159, 0.993038, -0.000036, -0.117797, -0.000036, 1.000000, -0.000603, 0.117797, 0.000603, 0.993038),
      ["RightUpperLeg"] = CFrame.new(0.000815, -0.016254, -0.023435, 0.998372, -0.032552, -0.046838, 0.032508, 0.999470, -0.001712, 0.046869, 0.000186, 0.998901)
    }},
    { Time = 0.050, Data = {
      ["Balls"] = CFrame.new(-0.000001, -0.000005, 0.000000, 0.978629, 0.205634, 0.000000, -0.205634, 0.978629, -0.000000, -0.000000, 0.000000, 1.000000),
      ["Cock"] = CFrame.new(0.000000, 0.000000, 0.000000, 0.999808, 0.019594, 0.000000, -0.019594, 0.999808, -0.000000, -0.000000, 0.000000, 1.000000),
      ["Head"] = CFrame.new(0.000000, 0.000000, -0.000000, 0.925506, 0.062810, -0.373488, 0.000012, 0.986148, 0.165871, 0.378732, -0.153519, 0.912685),
      ["LeftUpperArm"] = CFrame.new(-0.267293, -0.086252, 0.200138, 0.351879, -0.862900, 0.362745, -0.927472, -0.373740, 0.010635, 0.126395, -0.340178, -0.931828),
      ["LeftUpperLeg"] = CFrame.new(-0.000914, -0.015796, -0.018044, 0.998172, 0.048513, 0.036037, -0.048469, 0.998823, -0.002083, -0.036095, 0.000333, 0.999348),
      ["LowerTorso"] = CFrame.new(0.000000, -0.009357, 0.956474, 1.000000, 0.000000, 0.000000, 0.000000, 1.000000, 0.000000, 0.000000, 0.000000, 1.000000),
      ["RightUpperArm"] = CFrame.new(0.000011, -0.000000, -0.000181, 0.993038, 0.000041, -0.117797, 0.000041, 1.000000, 0.000689, 0.117797, -0.000689, 0.993038),
      ["RightUpperLeg"] = CFrame.new(0.000815, -0.016252, -0.023436, 0.998372, -0.032556, -0.046836, 0.032504, 0.999470, -0.001884, 0.046872, 0.000359, 0.998901)
    }},
    { Time = 0.067, Data = {
      ["Balls"] = CFrame.new(-0.000001, -0.000004, 0.000000, 0.979002, 0.203850, 0.000000, -0.203850, 0.979002, -0.000000, -0.000000, 0.000000, 1.000000),
      ["Cock"] = CFrame.new(0.000000, 0.000000, 0.000000, 0.999831, 0.018386, 0.000000, -0.018386, 0.999831, -0.000000, -0.000000, 0.000000, 1.000000),
      ["Head"] = CFrame.new(-0.000000, -0.000000, 0.000000, 0.925509, 0.062593, -0.373517, -0.000037, 0.986263, 0.165184, 0.378726, -0.152865, 0.912797),
      ["LeftUpperArm"] = CFrame.new(-0.267405, -0.086122, 0.200280, 0.351767, -0.863325, 0.361842, -0.927663, -0.373248, 0.011296, 0.125305, -0.339641, -0.932171),
      ["LeftUpperLeg"] = CFrame.new(-0.000914, -0.015794, -0.018048, 0.998172, 0.048517, 0.036031, -0.048464, 0.998822, -0.002342, -0.036102, 0.000592, 0.999348),
      ["LowerTorso"] = CFrame.new(0.000000, -0.009357, 0.956820, 1.000000, -0.000000, 0.000000, 0.000000, 1.000000, 0.000345, -0.000000, -0.000345, 1.000000),
      ["RightUpperArm"] = CFrame.new(0.000053, -0.000001, -0.000520, 0.993038, 0.000203, -0.117796, 0.000031, 0.999998, 0.001987, 0.117797, -0.001977, 0.993036),
      ["RightUpperLeg"] = CFrame.new(0.000815, -0.016249, -0.023438, 0.998372, -0.032563, -0.046831, 0.032498, 0.999470, -0.002143, 0.046876, 0.000618, 0.998901)
    }},
    { Time = 0.083, Data = {
      ["Balls"] = CFrame.new(-0.000001, -0.000004, 0.000000, 0.979354, 0.202151, 0.000000, -0.202151, 0.979354, -0.000000, -0.000000, 0.000000, 1.000000),
      ["Cock"] = CFrame.new(0.000000, 0.000000, 0.000000, 0.999851, 0.017264, 0.000000, -0.017264, 0.999851, -0.000000, -0.000000, 0.000000, 1.000000),
      ["Head"] = CFrame.new(-0.000000, -0.000000, 0.000000, 0.925515, 0.062276, -0.373557, -0.000019, 0.986394, 0.164396, 0.378712, -0.152144, 0.912924),
      ["LeftUpperArm"] = CFrame.new(-0.267522, -0.085963, 0.200401, 0.351558, -0.863769, 0.360985, -0.927898, -0.372641, 0.012007, 0.124146, -0.339179, -0.932494),
      ["LeftUpperLeg"] = CFrame.new(-0.000916, -0.015834, -0.018052, 0.998168, 0.048610, 0.036022, -0.048544, 0.998817, -0.002689, -0.036110, 0.000935, 0.999347),
      ["LowerTorso"] = CFrame.new(0.000000, -0.009357, 0.956992, 1.000000, -0.000000, 0.000000, 0.000000, 1.000000, 0.000518, -0.000000, -0.000518, 1.000000),
      ["RightUpperArm"] = CFrame.new(0.000095, -0.000001, -0.000836, 0.993038, 0.000361, -0.117796, 0.000016, 0.999995, 0.003199, 0.117797, -0.003178, 0.993033),
      ["RightUpperLeg"] = CFrame.new(0.000815, -0.016245, -0.023441, 0.998372, -0.032571, -0.046826, 0.032490, 0.999469, -0.002488, 0.046882, 0.000963, 0.998900)
    }},
    { Time = 0.100, Data = {
      ["Balls"] = CFrame.new(-0.000001, -0.000004, 0.000000, 0.979704, 0.200451, 0.000000, -0.200451, 0.979704, -0.000000, -0.000000, 0.000000, 1.000000),
      ["Cock"] = CFrame.new(0.000000, 0.000000, 0.000000, 0.999871, 0.016055, 0.000000, -0.016055, 0.999871, -0.000000, -0.000000, 0.000000, 1.000000),
      ["Head"] = CFrame.new(-0.000000, -0.000000, 0.000000, 0.925487, 0.061982, -0.373674, 0.000023, 0.986511, 0.163693, 0.378780, -0.151504, 0.913002),
      ["LeftUpperArm"] = CFrame.new(-0.267633, -0.085828, 0.200537, 0.351469, -0.864191, 0.360060, -0.928093, -0.372130, 0.012787, 0.122938, -0.338663, -0.932842),
      ["LeftUpperLeg"] = CFrame.new(-0.000916, -0.015830, -0.018057, 0.998168, 0.048617, 0.036012, -0.048537, 0.998817, -0.003120, -0.036121, 0.001367, 0.999346),
      ["LowerTorso"] = CFrame.new(0.000000, -0.009357, 0.957251, 1.000000, -0.000000, 0.000000, 0.000000, 1.000000, 0.000777, -0.000000, -0.000777, 1.000000),
      ["RightUpperArm"] = CFrame.new(0.000138, -0.000003, -0.001174, 0.993038, 0.000523, -0.117796, 0.000006, 0.999990, 0.004496, 0.117797, -0.004466, 0.993028),
      ["RightUpperLeg"] = CFrame.new(0.000813, -0.016240, -0.023401, 0.998376, -0.032581, -0.046732, 0.032480, 0.999468, -0.002918, 0.046803, 0.001396, 0.998903)
    }},
    { Time = 0.117, Data = {
      ["Balls"] = CFrame.new(-0.000001, -0.000004, 0.000000, 0.980050, 0.198750, 0.000000, -0.198750, 0.980050, -0.000000, -0.000000, 0.000000, 1.000000),
      ["Cock"] = CFrame.new(0.000000, 0.000000, 0.000000, 0.999888, 0.014933, 0.000000, -0.014933, 0.999888, -0.000000, -0.000000, 0.000000, 1.000000),
      ["Head"] = CFrame.new(0.000000, 0.000000, 0.000000, 0.925490, 0.061766, -0.373703, -0.000026, 0.986625, 0.163005, 0.378773, -0.150850, 0.913113),
      ["LeftUpperArm"] = CFrame.new(-0.267739, -0.085694, 0.200660, 0.351351, -0.864596, 0.359202, -0.928288, -0.371618, 0.013518, 0.121798, -0.338193, -0.933162),
      ["LeftUpperLeg"] = CFrame.new(-0.000916, -0.015825, -0.018063, 0.998168, 0.048627, 0.035999, -0.048527, 0.998815, -0.003638, -0.036133, 0.001884, 0.999345),
      ["LowerTorso"] = CFrame.new(0.000000, -0.009357, 0.957596, 1.000000, -0.000000, 0.000000, 0.000000, 0.999999, 0.001122, -0.000000, -0.001122, 0.999999),
      ["RightUpperArm"] = CFrame.new(0.000179, -0.000004, -0.001490, 0.993038, 0.000681, -0.117795, -0.000009, 0.999984, 0.005708, 0.117797, -0.005667, 0.993021),
      ["RightUpperLeg"] = CFrame.new(0.000813, -0.016234, -0.023406, 0.998376, -0.032593, -0.046724, 0.032468, 0.999467, -0.003436, 0.046811, 0.001914, 0.998902)
    }},
    { Time = 0.133, Data = {
      ["Balls"] = CFrame.new(-0.000001, -0.000004, 0.000000, 0.980376, 0.197135, 0.000000, -0.197135, 0.980376, -0.000000, -0.000000, 0.000000, 1.000000),
      ["Cock"] = CFrame.new(0.000000, 0.000000, 0.000000, 0.999905, 0.013811, 0.000000, -0.013811, 0.999905, -0.000000, -0.000000, 0.000000, 1.000000),
      ["Head"] = CFrame.new(-0.000000, 0.000000, 0.000000, 0.925495, 0.061465, -0.373739, 0.000009, 0.986741, 0.162302, 0.378760, -0.150213, 0.913224),
      ["LeftUpperArm"] = CFrame.new(-0.267841, -0.085559, 0.200772, 0.351207, -0.864982, 0.358413, -0.928482, -0.371106, 0.014201, 0.120726, -0.337768, -0.933456),
      ["LeftUpperLeg"] = CFrame.new(-0.000916, -0.015820, -0.018071, 0.998168, 0.048638, 0.035984, -0.048516, 0.998813, -0.004242, -0.036148, 0.002488, 0.999343),
      ["LowerTorso"] = CFrame.new(0.000000, -0.009356, 0.957855, 1.000000, -0.000000, 0.000000, 0.000000, 0.999999, 0.001381, -0.000000, -0.001381, 0.999999),
      ["RightUpperArm"] = CFrame.new(0.000221, -0.000006, -0.001806, 0.993038, 0.000838, -0.117794, -0.000023, 0.999976, 0.006919, 0.117797, -0.006868, 0.993014),
      ["RightUpperLeg"] = CFrame.new(0.000814, -0.016271, -0.023410, 0.998373, -0.032691, -0.046715, 0.032542, 0.999463, -0.003956, 0.046820, 0.002429, 0.998900)
    }},
    { Time = 0.150, Data = {
      ["Balls"] = CFrame.new(-0.000001, -0.000003, 0.000000, 0.980700, 0.195519, 0.000000, -0.195519, 0.980700, -0.000000, -0.000000, 0.000000, 1.000000),
      ["Cock"] = CFrame.new(0.000000, 0.000000, 0.000000, 0.999919, 0.012689, 0.000000, -0.012689, 0.999919, -0.000000, -0.000000, 0.000000, 1.000000),
      ["Head"] = CFrame.new(-0.000000, 0.000000, 0.000000, 0.925498, 0.061265, -0.373765, -0.000024, 0.986840, 0.161698, 0.378753, -0.149642, 0.913320),
      ["LeftUpperArm"] = CFrame.new(-0.267942, -0.085424, 0.200884, 0.351061, -0.865368, 0.357624, -0.928676, -0.370593, 0.014884, 0.119653, -0.337342, -0.933747),
      ["LeftUpperLeg"] = CFrame.new(-0.000916, -0.015814, -0.018078, 0.998168, 0.048649, 0.035970, -0.048505, 0.998811, -0.004846, -0.036162, 0.003092, 0.999341),
      ["LowerTorso"] = CFrame.new(0.000000, -0.009356, 0.958287, 1.000000, -0.000000, 0.000000, 0.000000, 0.999998, 0.001813, -0.000000, -0.001813, 0.999998),
      ["RightUpperArm"] = CFrame.new(0.000262, -0.000009, -0.002122, 0.993038, 0.000996, -0.117794, -0.000038, 0.999967, 0.008131, 0.117798, -0.008070, 0.993005),
      ["RightUpperLeg"] = CFrame.new(0.000814, -0.016262, -0.023415, 0.998373, -0.032707, -0.046704, 0.032526, 0.999460, -0.004646, 0.046831, 0.003120, 0.998898)
    }},
    { Time = 0.167, Data = {
      ["Balls"] = CFrame.new(-0.000001, -0.000003, 0.000000, 0.981021, 0.193902, 0.000000, -0.193902, 0.981021, -0.000000, -0.000000, 0.000000, 1.000000),
      ["Cock"] = CFrame.new(0.000000, 0.000000, 0.000000, 0.999932, 0.011653, 0.000000, -0.011653, 0.999932, -0.000000, -0.000000, 0.000000, 1.000000),
      ["Head"] = CFrame.new(-0.000000, -0.000000, -0.000000, 0.925503, 0.060964, -0.373801, 0.000011, 0.986955, 0.160994, 0.378740, -0.149005, 0.913430),
      ["LeftUpperArm"] = CFrame.new(-0.268044, -0.085290, 0.200996, 0.350914, -0.865753, 0.356835, -0.928869, -0.370080, 0.015567, 0.118580, -0.336916, -0.934038),
      ["LeftUpperLeg"] = CFrame.new(-0.000914, -0.015808, -0.018043, 0.998171, 0.048661, 0.035866, -0.048493, 0.998808, -0.005534, -0.036093, 0.003785, 0.999341),
      ["LowerTorso"] = CFrame.new(0.000000, -0.009355, 0.958633, 1.000000, -0.000000, 0.000000, 0.000000, 0.999998, 0.002158, -0.000000, -0.002158, 0.999998),
      ["RightUpperArm"] = CFrame.new(0.000279, -0.000011, -0.002417, 0.993038, 0.001062, -0.117793, 0.000028, 0.999957, 0.009251, 0.117798, -0.009190, 0.992995),
      ["RightUpperLeg"] = CFrame.new(0.000814, -0.016255, -0.023421, 0.998373, -0.032723, -0.046693, 0.032509, 0.999457, -0.005337, 0.046842, 0.003810, 0.998895)
    }},
    { Time = 0.183, Data = {
      ["Balls"] = CFrame.new(-0.000001, -0.000003, 0.000000, 0.981322, 0.192370, 0.000000, -0.192370, 0.981322, -0.000000, -0.000000, 0.000000, 1.000000),
      ["Cock"] = CFrame.new(0.000000, 0.000000, 0.000000, 0.999944, 0.010617, 0.000000, -0.010617, 0.999944, -0.000000, -0.000000, 0.000000, 1.000000),
      ["Head"] = CFrame.new(-0.000000, 0.000000, 0.000000, 0.925506, 0.060765, -0.373827, -0.000021, 0.987054, 0.160391, 0.378733, -0.148435, 0.913525),
      ["LeftUpperArm"] = CFrame.new(-0.268150, -0.085160, 0.201126, 0.350765, -0.866157, 0.356000, -0.929056, -0.369586, 0.016181, 0.117557, -0.336420, -0.934346),
      ["LeftUpperLeg"] = CFrame.new(-0.000914, -0.015800, -0.018054, 0.998171, 0.048676, 0.035845, -0.048477, 0.998804, -0.006397, -0.036114, 0.004647, 0.999337),
      ["LowerTorso"] = CFrame.new(0.000000, -0.009354, 0.959064, 1.000000, -0.000000, 0.000000, 0.000000, 0.999997, 0.002590, -0.000000, -0.002590, 0.999997),
      ["RightUpperArm"] = CFrame.new(0.000319, -0.000014, -0.002710, 0.993038, 0.001214, -0.117792, 0.000008, 0.999946, 0.010376, 0.117798, -0.010305, 0.992984),
      ["RightUpperLeg"] = CFrame.new(0.000814, -0.016246, -0.023427, 0.998373, -0.032742, -0.046680, 0.032491, 0.999453, -0.006113, 0.046855, 0.004586, 0.998891)
    }},
    { Time = 0.200, Data = {
      ["Balls"] = CFrame.new(-0.000001, -0.000003, 0.000000, 0.981605, 0.190923, 0.000000, -0.190923, 0.981605, -0.000000, -0.000000, 0.000000, 1.000000),
      ["Cock"] = CFrame.new(0.000000, 0.000000, 0.000000, 0.999954, 0.009582, 0.000000, -0.009582, 0.999954, -0.000000, -0.000000, 0.000000, 1.000000),
      ["Head"] = CFrame.new(-0.000000, -0.000000, -0.000000, 0.925511, 0.060480, -0.373860, 0.000031, 0.987154, 0.159770, 0.378720, -0.147881, 0.913620),
      ["LeftUpperArm"] = CFrame.new(-0.268236, -0.085050, 0.201229, 0.350685, -0.866486, 0.355278, -0.929210, -0.369169, 0.016835, 0.116570, -0.336032, -0.934609),
      ["LeftUpperLeg"] = CFrame.new(-0.000914, -0.015793, -0.018063, 0.998171, 0.048690, 0.035827, -0.048463, 0.998799, -0.007173, -0.036133, 0.005424, 0.999332),
      ["LowerTorso"] = CFrame.new(0.000000, -0.009352, 0.959582, 1.000000, -0.000000, 0.000000, 0.000000, 0.999995, 0.003108, -0.000000, -0.003108, 0.999995),
      ["RightUpperArm"] = CFrame.new(0.000358, -0.000017, -0.002981, 0.993038, 0.001362, -0.117791, -0.000017, 0.999935, 0.011415, 0.117799, -0.011334, 0.992973),
      ["RightUpperLeg"] = CFrame.new(0.000814, -0.016235, -0.023434, 0.998373, -0.032762, -0.046666, 0.032471, 0.999448, -0.006976, 0.046869, 0.005449, 0.998886)
    }},
    { Time = 0.217, Data = {
      ["Balls"] = CFrame.new(-0.000001, -0.000003, 0.000000, 0.981885, 0.189476, 0.000000, -0.189476, 0.981885, -0.000000, -0.000000, 0.000000, 1.000000),
      ["Cock"] = CFrame.new(0.000000, 0.000000, 0.000000, 0.999963, 0.008632, 0.000000, -0.008632, 0.999963, -0.000000, -0.000000, 0.000000, 1.000000),
      ["Head"] = CFrame.new(-0.000000, -0.000000, 0.000000, 0.925514, 0.060280, -0.373886, -0.000002, 0.987252, 0.159167, 0.378714, -0.147310, 0.913715),
      ["LeftUpperArm"] = CFrame.new(-0.268333, -0.084915, 0.201329, 0.350509, -0.866852, 0.354557, -0.929402, -0.368655, 0.017470, 0.115566, -0.335650, -0.934871),
      ["LeftUpperLeg"] = CFrame.new(-0.000916, -0.015828, -0.018075, 0.998167, 0.048793, 0.035803, -0.048532, 0.998789, -0.008124, -0.036156, 0.006371, 0.999326),
      ["LowerTorso"] = CFrame.new(0.000000, -0.009351, 0.960100, 1.000000, -0.000000, 0.000000, 0.000000, 0.999993, 0.003626, -0.000000, -0.003626, 0.999993),
      ["RightUpperArm"] = CFrame.new(0.000397, -0.000020, -0.003251, 0.993037, 0.001509, -0.117790, -0.000042, 0.999922, 0.012454, 0.117799, -0.012363, 0.992961),
      ["RightUpperLeg"] = CFrame.new(0.000814, -0.016267, -0.023399, 0.998374, -0.032870, -0.046564, 0.032535, 0.999439, -0.007926, 0.046798, 0.006398, 0.998884)
    }},
    { Time = 0.233, Data = {
      ["Balls"] = CFrame.new(-0.000001, -0.000003, 0.000000, 0.982147, 0.188114, 0.000000, -0.188114, 0.982147, -0.000000, -0.000000, 0.000000, 1.000000),
      ["Cock"] = CFrame.new(0.000000, 0.000000, 0.000000, 0.999970, 0.007683, 0.000000, -0.007683, 0.999970, -0.000000, -0.000000, 0.000000, 1.000000),
      ["Head"] = CFrame.new(-0.000000, -0.000000, 0.000000, 0.925516, 0.060097, -0.373909, -0.000018, 0.987335, 0.158647, 0.378707, -0.146824, 0.913796),
      ["LeftUpperArm"] = CFrame.new(-0.268419, -0.084810, 0.201437, 0.350402, -0.867181, 0.353858, -0.929550, -0.368256, 0.018006, 0.114696, -0.335238, -0.935126),
      ["LeftUpperLeg"] = CFrame.new(-0.000915, -0.015819, -0.018043, 0.998170, 0.048810, 0.035694, -0.048516, 0.998781, -0.009071, -0.036093, 0.007323, 0.999322),
      ["LowerTorso"] = CFrame.new(0.000000, -0.009348, 0.960704, 1.000000, -0.000000, 0.000000, 0.000000, 0.999991, 0.004230, -0.000000, -0.004230, 0.999991),
      ["RightUpperArm"] = CFrame.new(0.000413, -0.000024, -0.003523, 0.993037, 0.001570, -0.117789, 0.000019, 0.999909, 0.013488, 0.117799, -0.013397, 0.992947),
      ["RightUpperLeg"] = CFrame.new(0.000814, -0.016256, -0.023407, 0.998374, -0.032892, -0.046548, 0.032513, 0.999432, -0.008875, 0.046814, 0.007347, 0.998877)
    }},
    { Time = 0.250, Data = {
      ["Balls"] = CFrame.new(-0.000001, -0.000002, 0.000000, 0.982391, 0.186836, 0.000000, -0.186836, 0.982391, -0.000000, -0.000000, 0.000000, 1.000000),
      ["Cock"] = CFrame.new(0.000000, 0.000000, 0.000000, 0.999977, 0.006819, 0.000000, -0.006819, 0.999977, -0.000000, -0.000000, 0.000000, 1.000000),
      ["Head"] = CFrame.new(-0.000000, -0.000000, -0.000000, 0.925486, 0.059904, -0.374015, -0.000043, 0.987432, 0.158043, 0.378782, -0.146250, 0.913857),
      ["LeftUpperArm"] = CFrame.new(-0.268501, -0.084699, 0.201528, 0.350293, -0.867491, 0.353204, -0.929704, -0.367837, 0.018611, 0.113777, -0.334894, -0.935361),
      ["LeftUpperLeg"] = CFrame.new(-0.000915, -0.015810, -0.018056, 0.998170, 0.048829, 0.035668, -0.048497, 0.998772, -0.010106, -0.036118, 0.008358, 0.999313),
      ["LowerTorso"] = CFrame.new(0.000000, -0.009346, 0.961222, 1.000000, -0.000000, 0.000000, 0.000000, 0.999989, 0.004748, -0.000000, -0.004748, 0.999989),
      ["RightUpperArm"] = CFrame.new(0.000450, -0.000028, -0.003771, 0.993037, 0.001712, -0.117787, -0.000011, 0.999896, 0.014441, 0.117800, -0.014339, 0.992934),
      ["RightUpperLeg"] = CFrame.new(0.000814, -0.016244, -0.023415, 0.998374, -0.032916, -0.046531, 0.032489, 0.999423, -0.009910, 0.046830, 0.008382, 0.998868)
    }},
    { Time = 0.267, Data = {
      ["Balls"] = CFrame.new(-0.000001, -0.000002, 0.000000, 0.982633, 0.185558, 0.000000, -0.185558, 0.982633, -0.000000, -0.000000, 0.000000, 1.000000),
      ["Cock"] = CFrame.new(0.000000, 0.000000, 0.000000, 0.999982, 0.005956, 0.000000, -0.005956, 0.999982, -0.000000, -0.000000, 0.000000, 1.000000),
      ["Head"] = CFrame.new(0.000000, -0.000000, 0.000000, 0.925491, 0.059652, -0.374042, 0.000042, 0.987505, 0.157591, 0.378769, -0.145864, 0.913924),
      ["LeftUpperArm"] = CFrame.new(-0.268573, -0.084619, 0.201626, 0.350255, -0.867764, 0.352572, -0.929814, -0.367533, 0.019116, 0.112993, -0.334522, -0.935590),
      ["LeftUpperLeg"] = CFrame.new(-0.000915, -0.015800, -0.018069, 0.998170, 0.048849, 0.035641, -0.048477, 0.998761, -0.011228, -0.036145, 0.009480, 0.999302),
      ["LowerTorso"] = CFrame.new(0.000000, -0.009342, 0.961913, 1.000000, -0.000000, 0.000000, 0.000000, 0.999985, 0.005438, -0.000000, -0.005438, 0.999985),
      ["RightUpperArm"] = CFrame.new(0.000464, -0.000031, -0.003998, 0.993037, 0.001763, -0.117787, 0.000040, 0.999883, 0.015303, 0.117800, -0.015201, 0.992921),
      ["RightUpperLeg"] = CFrame.new(0.000815, -0.016275, -0.023424, 0.998372, -0.033026, -0.046514, 0.032551, 0.999410, -0.010948, 0.046848, 0.009416, 0.998858)
    }},
    { Time = 0.283, Data = {
      ["Balls"] = CFrame.new(-0.000001, -0.000002, 0.000000, 0.982842, 0.184451, 0.000000, -0.184451, 0.982842, -0.000000, -0.000000, 0.000000, 1.000000),
      ["Cock"] = CFrame.new(0.000000, 0.000000, 0.000000, 0.999987, 0.005179, 0.000000, -0.005179, 0.999987, -0.000000, -0.000000, 0.000000, 1.000000),
      ["Head"] = CFrame.new(-0.000000, -0.000000, 0.000000, 0.925494, 0.059469, -0.374065, 0.000026, 0.987587, 0.157071, 0.378763, -0.145378, 0.914004),
      ["LeftUpperArm"] = CFrame.new(-0.268654, -0.084515, 0.201722, 0.350120, -0.868075, 0.351940, -0.929962, -0.367133, 0.019604, 0.112192, -0.334155, -0.935817),
      ["LeftUpperLeg"] = CFrame.new(-0.000917, -0.015833, -0.018083, 0.998166, 0.048955, 0.035613, -0.048543, 0.998745, -0.012351, -0.036173, 0.010600, 0.999289),
      ["LowerTorso"] = CFrame.new(0.000000, -0.009339, 0.962517, 1.000000, -0.000000, 0.000000, 0.000000, 0.999982, 0.006043, -0.000000, -0.006043, 0.999982),
      ["RightUpperArm"] = CFrame.new(0.000500, -0.000034, -0.004223, 0.993037, 0.001900, -0.117785, 0.000005, 0.999869, 0.016170, 0.117800, -0.016058, 0.992907),
      ["RightUpperLeg"] = CFrame.new(0.000815, -0.016262, -0.023433, 0.998372, -0.033053, -0.046495, 0.032524, 0.999398, -0.012069, 0.046866, 0.010537, 0.998846)
    }},
    { Time = 0.300, Data = {
      ["Balls"] = CFrame.new(-0.000001, -0.000002, 0.000000, 0.983049, 0.183343, 0.000000, -0.183343, 0.983049, -0.000000, -0.000000, 0.000000, 1.000000),
      ["Cock"] = CFrame.new(0.000000, 0.000000, 0.000000, 0.999990, 0.004402, 0.000000, -0.004402, 0.999990, -0.000000, -0.000000, 0.000000, 1.000000),
      ["Head"] = CFrame.new(0.000000, 0.000000, 0.000000, 0.925496, 0.059302, -0.374085, 0.000027, 0.987657, 0.156635, 0.378756, -0.144975, 0.914071),
      ["LeftUpperArm"] = CFrame.new(-0.268716, -0.084429, 0.201790, 0.350055, -0.868311, 0.351422, -0.930078, -0.366810, 0.020129, 0.111427, -0.333897, -0.936001),
      ["LeftUpperLeg"] = CFrame.new(-0.000915, -0.015822, -0.018055, 0.998169, 0.048976, 0.035497, -0.048521, 0.998730, -0.013557, -0.036116, 0.011810, 0.999278),
      ["LowerTorso"] = CFrame.new(0.000000, -0.009335, 0.963207, 1.000000, -0.000000, 0.000000, 0.000000, 0.999977, 0.006733, -0.000000, -0.006733, 0.999977),
      ["RightUpperArm"] = CFrame.new(0.000535, -0.000038, -0.004426, 0.993037, 0.002032, -0.117784, -0.000036, 0.999856, 0.016950, 0.117801, -0.016828, 0.992895),
      ["RightUpperLeg"] = CFrame.new(0.000813, -0.016248, -0.023400, 0.998376, -0.033080, -0.046389, 0.032497, 0.999384, -0.013276, 0.046799, 0.011747, 0.998835)
    }},
    { Time = 0.317, Data = {
      ["Balls"] = CFrame.new(-0.000001, -0.000002, 0.000000, 0.983239, 0.182320, 0.000000, -0.182320, 0.983239, -0.000000, -0.000000, 0.000000, 1.000000),
      ["Cock"] = CFrame.new(0.000000, 0.000000, 0.000000, 0.999993, 0.003712, 0.000000, -0.003712, 0.999993, -0.000000, -0.000000, 0.000000, 1.000000),
      ["Head"] = CFrame.new(0.000000, -0.000000, -0.000000, 0.925499, 0.059135, -0.374105, 0.000028, 0.987726, 0.156199, 0.378750, -0.144572, 0.914137),
      ["LeftUpperArm"] = CFrame.new(-0.268779, -0.084349, 0.201864, 0.349965, -0.868548, 0.350926, -0.930190, -0.366505, 0.020537, 0.110779, -0.333615, -0.936178),
      ["LeftUpperLeg"] = CFrame.new(-0.000915, -0.015811, -0.018069, 0.998169, 0.048997, 0.035467, -0.048499, 0.998714, -0.014765, -0.036145, 0.013018, 0.999262),
      ["LowerTorso"] = CFrame.new(0.000000, -0.009330, 0.963898, 1.000000, -0.000000, 0.000000, 0.000000, 0.999972, 0.007424, -0.000000, -0.007424, 0.999972),
      ["RightUpperArm"] = CFrame.new(0.000547, -0.000041, -0.004630, 0.993037, 0.002078, -0.117783, 0.000010, 0.999843, 0.017726, 0.117801, -0.017603, 0.992881),
      ["RightUpperLeg"] = CFrame.new(0.000814, -0.016277, -0.023410, 0.998373, -0.033194, -0.046368, 0.032555, 0.999365, -0.014486, 0.046820, 0.012953, 0.998819)
    }},
    { Time = 0.333, Data = {
      ["Balls"] = CFrame.new(-0.000001, -0.000002, 0.000000, 0.983413, 0.181383, 0.000000, -0.181383, 0.983413, -0.000000, -0.000000, 0.000000, 1.000000),
      ["Cock"] = CFrame.new(0.000000, 0.000000, 0.000000, 0.999995, 0.003108, 0.000000, -0.003108, 0.999995, -0.000000, -0.000000, 0.000000, 1.000000),
      ["Head"] = CFrame.new(0.000000, 0.000000, 0.000000, 0.925502, 0.058968, -0.374125, 0.000029, 0.987795, 0.155762, 0.378744, -0.144169, 0.914204),
      ["LeftUpperArm"] = CFrame.new(-0.268841, -0.084269, 0.201938, 0.349875, -0.868785, 0.350430, -0.930301, -0.366200, 0.020945, 0.110131, -0.333333, -0.936355),
      ["LeftUpperLeg"] = CFrame.new(-0.000915, -0.015800, -0.018085, 0.998169, 0.049020, 0.035436, -0.048476, 0.998695, -0.016059, -0.036177, 0.014312, 0.999243),
      ["LowerTorso"] = CFrame.new(0.000000, -0.009324, 0.964589, 1.000000, -0.000000, 0.000000, 0.000000, 0.999967, 0.008114, -0.000000, -0.008114, 0.999967),
      ["RightUpperArm"] = CFrame.new(0.000579, -0.000044, -0.004787, 0.993037, 0.002200, -0.117781, -0.000040, 0.999832, 0.018334, 0.117802, -0.018201, 0.992870),
      ["RightUpperLeg"] = CFrame.new(0.000814, -0.016262, -0.023420, 0.998373, -0.033224, -0.046347, 0.032524, 0.999346, -0.015780, 0.046841, 0.014247, 0.998801)
    }},
    { Time = 0.350, Data = {
      ["Balls"] = CFrame.new(-0.000000, -0.000002, 0.000000, 0.983569, 0.180530, 0.000000, -0.180530, 0.983569, -0.000000, -0.000000, 0.000000, 1.000000),
      ["Cock"] = CFrame.new(0.000000, 0.000000, 0.000000, 0.999997, 0.002503, 0.000000, -0.002503, 0.999997, -0.000000, -0.000000, 0.000000, 1.000000),
      ["Head"] = CFrame.new(0.000000, 0.000000, 0.000000, 0.925502, 0.058902, -0.374136, -0.000038, 0.987847, 0.155427, 0.378744, -0.143833, 0.914257),
      ["LeftUpperArm"] = CFrame.new(-0.268898, -0.084188, 0.202001, 0.349759, -0.869003, 0.350002, -0.930412, -0.365895, 0.021303, 0.109552, -0.333097, -0.936507),
      ["LeftUpperLeg"] = CFrame.new(-0.000916, -0.015832, -0.018058, 0.998168, 0.049129, 0.035317, -0.048540, 0.998671, -0.017352, -0.036123, 0.015606, 0.999225),
      ["LowerTorso"] = CFrame.new(0.000000, -0.009318, 0.965365, 1.000000, -0.000000, 0.000000, 0.000000, 0.999960, 0.008891, -0.000000, -0.008891, 0.999960),
      ["RightUpperArm"] = CFrame.new(0.000589, -0.000048, -0.004968, 0.993037, 0.002241, -0.117781, 0.000000, 0.999819, 0.019023, 0.117802, -0.018891, 0.992857),
      ["RightUpperLeg"] = CFrame.new(0.000814, -0.016247, -0.023431, 0.998373, -0.033254, -0.046325, 0.032494, 0.999326, -0.017074, 0.046862, 0.015541, 0.998780)
    }},
    { Time = 0.367, Data = {
      ["Balls"] = CFrame.new(-0.000000, -0.000002, 0.000000, 0.983710, 0.179763, 0.000000, -0.179763, 0.983710, -0.000000, -0.000000, 0.000000, 1.000000),
      ["Cock"] = CFrame.new(0.000000, 0.000000, 0.000000, 0.999998, 0.001985, 0.000000, -0.001985, 0.999998, -0.000000, -0.000000, 0.000000, 1.000000),
      ["Head"] = CFrame.new(-0.000000, 0.000000, 0.000000, 0.925504, 0.058768, -0.374150, -0.000004, 0.987890, 0.155158, 0.378737, -0.143598, 0.914296),
      ["LeftUpperArm"] = CFrame.new(-0.268941, -0.084134, 0.202052, 0.349715, -0.869167, 0.349642, -0.930487, -0.365686, 0.021631, 0.109058, -0.332902, -0.936634),
      ["LeftUpperLeg"] = CFrame.new(-0.000916, -0.015820, -0.018074, 0.998168, 0.049152, 0.035285, -0.048516, 0.998648, -0.018647, -0.036154, 0.016900, 0.999203),
      ["LowerTorso"] = CFrame.new(0.000000, -0.009310, 0.966142, 1.000000, -0.000000, 0.000000, 0.000000, 0.999953, 0.009668, -0.000000, -0.009668, 0.999953),
      ["RightUpperArm"] = CFrame.new(0.000597, -0.000050, -0.005104, 0.993037, 0.002271, -0.117780, 0.000031, 0.999809, 0.019540, 0.117802, -0.019408, 0.992847),
      ["RightUpperLeg"] = CFrame.new(0.000814, -0.016274, -0.023399, 0.998374, -0.033372, -0.046215, 0.032549, 0.999300, -0.018455, 0.046799, 0.016921, 0.998761)
    }},
    { Time = 0.383, Data = {
      ["Balls"] = CFrame.new(-0.000000, -0.000002, 0.000000, 0.983834, 0.179081, 0.000000, -0.179081, 0.983834, -0.000000, -0.000000, 0.000000, 1.000000),
      ["Cock"] = CFrame.new(0.000000, 0.000000, 0.000000, 0.999999, 0.001554, 0.000000, -0.001554, 0.999999, -0.000000, -0.000000, 0.000000, 1.000000),
      ["Head"] = CFrame.new(-0.000000, 0.000000, -0.000000, 0.925507, 0.058617, -0.374167, 0.000014, 0.987945, 0.154806, 0.378731, -0.143279, 0.914349),
      ["LeftUpperArm"] = CFrame.new(-0.268989, -0.084083, 0.202121, 0.349669, -0.869348, 0.349235, -0.930556, -0.365495, 0.021890, 0.108614, -0.332637, -0.936780),
      ["LeftUpperLeg"] = CFrame.new(-0.000914, -0.015808, -0.018047, 0.998171, 0.049175, 0.035165, -0.048492, 0.998623, -0.020025, -0.036101, 0.018283, 0.999181),
      ["LowerTorso"] = CFrame.new(0.000000, -0.009303, 0.966919, 1.000000, -0.000000, 0.000000, 0.000000, 0.999945, 0.010445, -0.000000, -0.010445, 0.999945),
      ["RightUpperArm"] = CFrame.new(0.000628, -0.000053, -0.005239, 0.993037, 0.002388, -0.117779, -0.000025, 0.999799, 0.020062, 0.117803, -0.019920, 0.992837),
      ["RightUpperLeg"] = CFrame.new(0.000814, -0.016258, -0.023411, 0.998374, -0.033404, -0.046192, 0.032516, 0.999274, -0.019836, 0.046821, 0.018301, 0.998736)
    }},
    { Time = 0.400, Data = {
      ["Balls"] = CFrame.new(-0.000000, -0.000001, 0.000000, 0.983943, 0.178484, 0.000000, -0.178484, 0.983943, -0.000000, -0.000000, 0.000000, 1.000000),
      ["Cock"] = CFrame.new(0.000000, 0.000000, 0.000000, 0.999999, 0.001122, 0.000000, -0.001122, 0.999999, -0.000000, -0.000000, 0.000000, 1.000000),
      ["Head"] = CFrame.new(-0.000000, -0.000000, 0.000000, 0.925507, 0.058584, -0.374172, -0.000020, 0.987971, 0.154638, 0.378731, -0.143111, 0.914375),
      ["LeftUpperArm"] = CFrame.new(-0.269028, -0.084029, 0.202161, 0.349600, -0.869494, 0.348942, -0.930632, -0.365285, 0.022169, 0.108188, -0.332487, -0.936882),
      ["LeftUpperLeg"] = CFrame.new(-0.000914, -0.015794, -0.018065, 0.998171, 0.049201, 0.035129, -0.048466, 0.998594, -0.021491, -0.036137, 0.019750, 0.999152),
      ["LowerTorso"] = CFrame.new(0.000000, -0.009293, 0.967782, 1.000000, -0.000000, 0.000000, 0.000000, 0.999936, 0.011308, -0.000000, -0.011308, 0.999936),
      ["RightUpperArm"] = CFrame.new(0.000635, -0.000055, -0.005352, 0.993037, 0.002413, -0.117778, 0.000001, 0.999790, 0.020493, 0.117803, -0.020350, 0.992828),
      ["RightUpperLeg"] = CFrame.new(0.000814, -0.016241, -0.023422, 0.998374, -0.033436, -0.046169, 0.032484, 0.999247, -0.021216, 0.046844, 0.019682, 0.998708)
    }},
    { Time = 0.417, Data = {
      ["Balls"] = CFrame.new(-0.000000, -0.000001, 0.000000, 0.984036, 0.177972, 0.000000, -0.177972, 0.984036, -0.000000, -0.000000, 0.000000, 1.000000),
      ["Cock"] = CFrame.new(0.000000, 0.000000, 0.000000, 1.000000, 0.000777, 0.000000, -0.000777, 1.000000, -0.000000, -0.000000, 0.000000, 1.000000),
      ["Head"] = CFrame.new(-0.000000, 0.000000, 0.000000, 0.925509, 0.058450, -0.374187, 0.000015, 0.988013, 0.154370, 0.378725, -0.142876, 0.914415),
      ["LeftUpperArm"] = CFrame.new(-0.269061, -0.083973, 0.202188, 0.349506, -0.869622, 0.348718, -0.930709, -0.365076, 0.022398, 0.107831, -0.332383, -0.936960),
      ["LeftUpperLeg"] = CFrame.new(-0.000916, -0.015825, -0.018082, 0.998167, 0.049312, 0.035094, -0.048527, 0.998560, -0.022873, -0.036171, 0.021128, 0.999122),
      ["LowerTorso"] = CFrame.new(0.000000, -0.009284, 0.968559, 1.000000, -0.000000, 0.000000, 0.000000, 0.999927, 0.012085, -0.000000, -0.012085, 0.999927),
      ["RightUpperArm"] = CFrame.new(0.000640, -0.000057, -0.005443, 0.993037, 0.002434, -0.117778, 0.000021, 0.999783, 0.020838, 0.117803, -0.020695, 0.992821),
      ["RightUpperLeg"] = CFrame.new(0.000815, -0.016267, -0.023434, 0.998371, -0.033556, -0.046143, 0.032536, 0.999213, -0.022685, 0.046868, 0.021146, 0.998677)
    }},
    { Time = 0.433, Data = {
      ["Balls"] = CFrame.new(-0.000000, -0.000001, 0.000000, 0.984113, 0.177546, 0.000000, -0.177546, 0.984113, -0.000000, -0.000000, 0.000000, 1.000000),
      ["Cock"] = CFrame.new(0.000000, 0.000000, 0.000000, 1.000000, 0.000518, 0.000000, -0.000518, 1.000000, -0.000000, -0.000000, 0.000000, 1.000000),
      ["Head"] = CFrame.new(0.000000, -0.000000, -0.000000, 0.925509, 0.058417, -0.374192, -0.000019, 0.988039, 0.154202, 0.378725, -0.142708, 0.914441),
      ["LeftUpperArm"] = CFrame.new(-0.269085, -0.083948, 0.202223, 0.349483, -0.869712, 0.348514, -0.930743, -0.364980, 0.022528, 0.107608, -0.332250, -0.937033),
      ["LeftUpperLeg"] = CFrame.new(-0.000915, -0.015812, -0.018057, 0.998170, 0.049336, 0.034971, -0.048501, 0.998527, -0.024338, -0.036121, 0.022597, 0.999092),
      ["LowerTorso"] = CFrame.new(0.000000, -0.009273, 0.969422, 1.000000, -0.000000, 0.000000, 0.000000, 0.999916, 0.012948, -0.000000, -0.012948, 0.999916),
      ["RightUpperArm"] = CFrame.new(0.000645, -0.000059, -0.005533, 0.993037, 0.002454, -0.117777, 0.000041, 0.999776, 0.021182, 0.117803, -0.021040, 0.992814),
      ["RightUpperLeg"] = CFrame.new(0.000813, -0.016251, -0.023403, 0.998375, -0.033589, -0.046032, 0.032502, 0.999180, -0.024150, 0.046806, 0.022614, 0.998648)
    }},
    { Time = 0.450, Data = {
      ["Balls"] = CFrame.new(-0.000000, -0.000001, 0.000000, 0.984174, 0.177204, 0.000000, -0.177204, 0.984174, -0.000000, -0.000000, 0.000000, 1.000000),
      ["Cock"] = CFrame.new(0.000000, 0.000000, 0.000000, 1.000000, 0.000259, 0.000000, -0.000259, 1.000000, -0.000000, -0.000000, 0.000000, 1.000000),
      ["Head"] = CFrame.new(0.000000, 0.000000, 0.000000, 0.925509, 0.058401, -0.374195, -0.000036, 0.988052, 0.154118, 0.378725, -0.142625, 0.914454),
      ["LeftUpperArm"] = CFrame.new(-0.269109, -0.083924, 0.202258, 0.349460, -0.869803, 0.348311, -0.930777, -0.364885, 0.022657, 0.107386, -0.332118, -0.937105),
      ["LeftUpperLeg"] = CFrame.new(-0.000915, -0.015799, -0.018075, 0.998170, 0.049362, 0.034935, -0.048475, 0.998491, -0.025804, -0.036156, 0.024063, 0.999056),
      ["LowerTorso"] = CFrame.new(0.000000, -0.009263, 0.970199, 1.000000, -0.000000, 0.000000, 0.000000, 0.999906, 0.013725, -0.000000, -0.013725, 0.999906),
      ["RightUpperArm"] = CFrame.new(0.000672, -0.000060, -0.005600, 0.993037, 0.002556, -0.117776, -0.000029, 0.999770, 0.021446, 0.117804, -0.021293, 0.992809),
      ["RightUpperLeg"] = CFrame.new(0.000813, -0.016233, -0.023415, 0.998375, -0.033623, -0.046008, 0.032468, 0.999144, -0.025616, 0.046830, 0.024081, 0.998613)
    }},
    { Time = 0.467, Data = {
      ["Balls"] = CFrame.new(-0.000000, -0.000001, 0.000000, 0.984220, 0.176949, 0.000000, -0.176949, 0.984220, -0.000000, -0.000000, 0.000000, 1.000000),
      ["Cock"] = CFrame.new(0.000000, 0.000000, 0.000000, 1.000000, 0.000000, 0.000000, 0.000000, 1.000000, 0.000000, 0.000000, 0.000000, 1.000000),
      ["Head"] = CFrame.new(0.000000, 0.000000, 0.000000, 0.925512, 0.058300, -0.374204, 0.000032, 0.988068, 0.154018, 0.378718, -0.142557, 0.914467),
      ["LeftUpperArm"] = CFrame.new(-0.269123, -0.083893, 0.202262, 0.349413, -0.869858, 0.348222, -0.930818, -0.364770, 0.022806, 0.107183, -0.332100, -0.937135),
      ["LeftUpperLeg"] = CFrame.new(-0.000915, -0.015829, -0.018050, 0.998169, 0.049473, 0.034811, -0.048536, 0.998449, -0.027270, -0.036107, 0.025530, 0.999022),
      ["LowerTorso"] = CFrame.new(0.000000, -0.009251, 0.971062, 1.000000, -0.000000, 0.000000, 0.000000, 0.999894, 0.014588, -0.000000, -0.014588, 0.999894),
      ["RightUpperArm"] = CFrame.new(0.000675, -0.000062, -0.005645, 0.993037, 0.002566, -0.117776, -0.000019, 0.999766, 0.021618, 0.117804, -0.021465, 0.992805),
      ["RightUpperLeg"] = CFrame.new(0.000815, -0.016259, -0.023427, 0.998372, -0.033743, -0.045982, 0.032520, 0.999104, -0.027085, 0.046855, 0.025546, 0.998575)
    }},
    { Time = 0.483, Data = {
      ["Balls"] = CFrame.new(-0.000000, -0.000001, 0.000000, 0.984235, 0.176863, 0.000000, -0.176863, 0.984235, -0.000000, -0.000000, 0.000000, 1.000000),
      ["Cock"] = CFrame.new(0.000000, 0.000000, 0.000000, 1.000000, 0.000000, 0.000000, 0.000000, 1.000000, 0.000000, 0.000000, 0.000000, 1.000000),
      ["Head"] = CFrame.new(0.000000, -0.000000, 0.000000, 0.925512, 0.058283, -0.374207, 0.000015, 0.988081, 0.153934, 0.378718, -0.142473, 0.914480),
      ["LeftUpperArm"] = CFrame.new(-0.269128, -0.083893, 0.202275, 0.349437, -0.869875, 0.348154, -0.930817, -0.364770, 0.022856, 0.107115, -0.332054, -0.937159),
      ["LeftUpperLeg"] = CFrame.new(-0.000915, -0.015815, -0.018069, 0.998169, 0.049500, 0.034773, -0.048508, 0.998407, -0.028823, -0.036144, 0.027083, 0.998980),
      ["LowerTorso"] = CFrame.new(0.000000, -0.009238, 0.971925, 1.000000, -0.000000, 0.000000, 0.000000, 0.999881, 0.015451, -0.000000, -0.015451, 0.999881),
      ["RightUpperArm"] = CFrame.new(0.000676, -0.000062, -0.005668, 0.993037, 0.002571, -0.117776, -0.000014, 0.999764, 0.021704, 0.117804, -0.021551, 0.992803),
      ["RightUpperLeg"] = CFrame.new(0.000815, -0.016242, -0.023439, 0.998372, -0.033776, -0.045957, 0.032486, 0.999064, -0.028551, 0.046879, 0.027012, 0.998535)
    }},
    { Time = 0.500, Data = {
      ["Balls"] = CFrame.new(0.000000, 0.000000, 0.000000, 0.984251, 0.176778, 0.000000, -0.176778, 0.984251, -0.000000, -0.000000, 0.000000, 1.000000),
      ["Head"] = CFrame.new(0.000000, -0.000000, 0.000000, 0.925512, 0.058283, -0.374207, 0.000015, 0.988081, 0.153934, 0.378718, -0.142473, 0.914480),
      ["LeftUpperArm"] = CFrame.new(-0.269128, -0.083893, 0.202275, 0.349437, -0.869875, 0.348154, -0.930817, -0.364770, 0.022856, 0.107115, -0.332054, -0.937159),
      ["LeftUpperLeg"] = CFrame.new(-0.000914, -0.015803, -0.018043, 0.998172, 0.049524, 0.034650, -0.048482, 0.998365, -0.030287, -0.036094, 0.028552, 0.998940),
