return {
  ["Astros hump day"] = {
    { Time = 0.000, Data = {
      ["Cock"] = CFrame.new(0.000000, 0.000000, 0.000000, 0.602507, 0.798114, 0.000000, -0.798114, 0.602507, -0.000000, -0.000000, 0.000000, 1.000000),
      ["Head"] = CFrame.new(-0.225670, 0.232639, 0.252898, 0.974725, -0.157956, -0.157994, -0.089991, 0.369684, -0.924789, 0.204484, 0.915633, 0.346126),
      ["LeftUpperArm"] = CFrame.new(0.018149, -0.056573, -0.277344, 0.764479, -0.622466, -0.167654, -0.638226, -0.694202, -0.332793, 0.090767, 0.361414, -0.927977),
      ["LeftUpperLeg"] = CFrame.new(-0.668836, 0.620819, -0.263735, 0.987635, 0.154184, 0.028362, -0.057837, 0.526507, -0.848201, -0.145712, 0.836073, 0.528915),
      ["LowerTorso"] = CFrame.new(0.104191, 0.013924, 0.991628, 0.994493, -0.104459, -0.008532, -0.000005, -0.081450, 0.996677, -0.104807, -0.991188, -0.081002),
      ["RightUpperArm"] = CFrame.new(0.130256, 0.125151, -0.553310, 0.595068, 0.762451, 0.254090, 0.798465, -0.524945, -0.294764, -0.091360, 0.378287, -0.921169),
      ["RightUpperLeg"] = CFrame.new(0.668836, 0.620835, -0.263726, 0.987635, -0.154184, -0.028362, 0.057837, 0.526507, -0.848201, 0.145712, 0.836073, 0.528915)
    }},
    { Time = 0.008, Data = {
      ["Head"] = CFrame.new(-0.225670, 0.232639, 0.252898, 0.974721, -0.158018, -0.157953, -0.089910, 0.369778, -0.924760, 0.204537, 0.915584, 0.346223),
      ["LeftUpperArm"] = CFrame.new(0.018149, -0.056586, -0.277341, 0.764479, -0.622466, -0.167654, -0.638226, -0.694202, -0.332793, 0.090767, 0.361414, -0.927977),
      ["LeftUpperLeg"] = CFrame.new(-0.668834, 0.620831, -0.263723, 0.987635, 0.154184, 0.028362, -0.057837, 0.526507, -0.848201, -0.145712, 0.836073, 0.528915),
      ["LowerTorso"] = CFrame.new(0.104190, 0.013904, 0.991619, 0.994493, -0.104459, -0.008532, -0.000005, -0.081450, 0.996677, -0.104807, -0.991188, -0.081002),
      ["RightUpperArm"] = CFrame.new(0.130256, 0.125131, -0.553308, 0.595068, 0.762451, 0.254090, 0.798465, -0.524945, -0.294764, -0.091360, 0.378287, -0.921169),
      ["RightUpperLeg"] = CFrame.new(0.668834, 0.620847, -0.263714, 0.987635, -0.154184, -0.028362, 0.057837, 0.526507, -0.848201, 0.145712, 0.836073, 0.528915)
    }},
    { Time = 0.017, Data = {
      ["Head"] = CFrame.new(-0.225670, 0.232639, 0.252898, 0.974726, -0.158220, -0.157722, -0.089535, 0.370151, -0.924647, 0.204679, 0.915399, 0.346629),
      ["LeftUpperArm"] = CFrame.new(0.018155, -0.056668, -0.277300, 0.764479, -0.622458, -0.167683, -0.638222, -0.694170, -0.332869, 0.090797, 0.361490, -0.927945),
      ["LeftUpperLeg"] = CFrame.new(-0.668822, 0.620904, -0.263639, 0.987635, 0.154181, 0.028378, -0.057852, 0.526674, -0.848096, -0.145706, 0.835968, 0.529081),
      ["LowerTorso"] = CFrame.new(0.104185, 0.013531, 0.991581, 0.994493, -0.104460, -0.008519, 0.000007, -0.081216, 0.996697, -0.104807, -0.991207, -0.080768),
      ["RightUpperArm"] = CFrame.new(0.130251, 0.125009, -0.553269, 0.595077, 0.762445, 0.254090, 0.798442, -0.524879, -0.294946, -0.091514, 0.378392, -0.921111),
      ["RightUpperLeg"] = CFrame.new(0.668823, 0.620921, -0.263630, 0.987635, -0.154181, -0.028378, 0.057852, 0.526674, -0.848096, 0.145706, 0.835968, 0.529081)
    }},
    { Time = 0.025, Data = {
      ["Head"] = CFrame.new(-0.225670, 0.232639, 0.252898, 0.974723, -0.158547, -0.157411, -0.088997, 0.370710, -0.924475, 0.204926, 0.915116, 0.347229),
      ["LeftUpperArm"] = CFrame.new(0.018168, -0.056870, -0.277157, 0.764487, -0.622452, -0.167670, -0.638169, -0.694007, -0.333309, 0.091105, 0.361812, -0.927789),
      ["LeftUpperLeg"] = CFrame.new(-0.668795, 0.621120, -0.263445, 0.987626, 0.154213, 0.028506, -0.057860, 0.527257, -0.847733, -0.145761, 0.835595, 0.529656),
      ["LowerTorso"] = CFrame.new(0.104112, 0.012804, 0.991459, 0.994499, -0.104404, -0.008438, -0.000033, -0.080865, 0.996725, -0.104744, -0.991242, -0.080424),
      ["RightUpperArm"] = CFrame.new(0.130240, 0.124664, -0.553181, 0.595093, 0.762432, 0.254091, 0.798394, -0.524745, -0.295312, -0.091822, 0.378603, -0.920993),
      ["RightUpperLeg"] = CFrame.new(0.668796, 0.621136, -0.263436, 0.987626, -0.154213, -0.028506, 0.057860, 0.527257, -0.847733, 0.145761, 0.835595, 0.529656)
    }},
    { Time = 0.033, Data = {
      ["Head"] = CFrame.new(-0.225670, 0.232639, 0.252898, 0.974728, -0.159013, -0.156909, -0.088166, 0.371547, -0.924218, 0.205262, 0.914695, 0.348138),
      ["LeftUpperArm"] = CFrame.new(0.018193, -0.057281, -0.276907, 0.764497, -0.622440, -0.167665, -0.638088, -0.693745, -0.334007, 0.091583, 0.362333, -0.927538),
      ["LeftUpperLeg"] = CFrame.new(-0.668742, 0.621544, -0.263070, 0.987609, 0.154277, 0.028755, -0.057870, 0.528339, -0.847059, -0.145874, 0.834899, 0.530720),
      ["LowerTorso"] = CFrame.new(0.104083, 0.011250, 0.991219, 0.994499, -0.104407, -0.008395, 0.000010, -0.080047, 0.996791, -0.104744, -0.991308, -0.079606),
      ["RightUpperArm"] = CFrame.new(0.130234, 0.124014, -0.553007, 0.595047, 0.762462, 0.254108, 0.798355, -0.524401, -0.296030, -0.092457, 0.379020, -0.920758),
      ["RightUpperLeg"] = CFrame.new(0.668743, 0.621560, -0.263061, 0.987609, -0.154277, -0.028755, 0.057870, 0.528339, -0.847059, 0.145874, 0.834899, 0.530720)
    }},
    { Time = 0.042, Data = {
      ["Head"] = CFrame.new(-0.225670, 0.232639, 0.252898, 0.974724, -0.159614, -0.156320, -0.087182, 0.372472, -0.923939, 0.205698, 0.914214, 0.349142),
      ["LeftUpperArm"] = CFrame.new(0.018233, -0.057940, -0.276467, 0.764519, -0.622425, -0.167627, -0.637929, -0.693255, -0.335328, 0.092508, 0.363298, -0.927069),
      ["LeftUpperLeg"] = CFrame.new(-0.668654, 0.622233, -0.262441, 0.987583, 0.154369, 0.029149, -0.057903, 0.530167, -0.845914, -0.146037, 0.833722, 0.532523),
      ["LowerTorso"] = CFrame.new(0.104099, 0.008746, 0.990812, 0.994493, -0.104476, -0.008268, 0.000015, -0.078754, 0.996894, -0.104802, -0.991404, -0.078319),
      ["RightUpperArm"] = CFrame.new(0.130213, 0.122938, -0.552710, 0.595026, 0.762473, 0.254126, 0.798243, -0.523855, -0.297295, -0.093554, 0.379752, -0.920346),
      ["RightUpperLeg"] = CFrame.new(0.668655, 0.622249, -0.262432, 0.987583, -0.154369, -0.029149, 0.057903, 0.530167, -0.845914, 0.146037, 0.833722, 0.532523)
    }},
    { Time = 0.050, Data = {
      ["Head"] = CFrame.new(-0.225670, 0.232639, 0.252898, 0.974746, -0.160299, -0.155479, -0.085844, 0.373770, -0.923540, 0.206156, 0.913565, 0.350570),
      ["LeftUpperArm"] = CFrame.new(0.018298, -0.058936, -0.275822, 0.764543, -0.622379, -0.167685, -0.637727, -0.692565, -0.337133, 0.093692, 0.364690, -0.926403),
      ["LeftUpperLeg"] = CFrame.new(-0.668525, 0.623275, -0.261523, 0.987540, 0.154528, 0.029769, -0.057926, 0.532820, -0.844244, -0.146321, 0.832000, 0.535132),
      ["LowerTorso"] = CFrame.new(0.104033, 0.004942, 0.990217, 0.994494, -0.104489, -0.008042, -0.000002, -0.076758, 0.997050, -0.104798, -0.991560, -0.076335),
      ["RightUpperArm"] = CFrame.new(0.130176, 0.121313, -0.552277, 0.595028, 0.762465, 0.254145, 0.798057, -0.523106, -0.299107, -0.095114, 0.380800, -0.919753),
      ["RightUpperLeg"] = CFrame.new(0.668526, 0.623291, -0.261514, 0.987540, -0.154528, -0.029769, 0.057926, 0.532820, -0.844244, 0.146321, 0.832000, 0.535132)
    }},
    { Time = 0.058, Data = {
      ["Head"] = CFrame.new(-0.225670, 0.232639, 0.252898, 0.974740, -0.161158, -0.154629, -0.084391, 0.375250, -0.923074, 0.206786, 0.912806, 0.352171),
      ["LeftUpperArm"] = CFrame.new(0.018400, -0.060342, -0.274938, 0.764640, -0.622271, -0.167643, -0.637355, -0.691666, -0.339673, 0.095415, 0.366576, -0.925483),
      ["LeftUpperLeg"] = CFrame.new(-0.668340, 0.624766, -0.260222, 0.987489, 0.154673, 0.030680, -0.057885, 0.536548, -0.841882, -0.146678, 0.829574, 0.538789),
      ["LowerTorso"] = CFrame.new(0.103938, -0.000401, 0.989381, 0.994494, -0.104504, -0.007772, 0.000024, -0.073938, 0.997263, -0.104793, -0.991772, -0.073529),
      ["RightUpperArm"] = CFrame.new(0.130122, 0.119042, -0.551682, 0.595068, 0.762451, 0.254092, 0.797756, -0.522083, -0.301688, -0.097365, 0.382228, -0.918924),
      ["RightUpperLeg"] = CFrame.new(0.668341, 0.624782, -0.260213, 0.987489, -0.154673, -0.030680, 0.057885, 0.536548, -0.841882, 0.146678, 0.829574, 0.538789)
    }},
    { Time = 0.067, Data = {
      ["Head"] = CFrame.new(-0.225670, 0.232639, 0.252898, 0.974742, -0.162097, -0.153631, -0.082725, 0.376911, -0.922548, 0.207448, 0.911955, 0.353981),
      ["LeftUpperArm"] = CFrame.new(0.018511, -0.062186, -0.273758, 0.764690, -0.622223, -0.167593, -0.636938, -0.690367, -0.343080, 0.097772, 0.369096, -0.924234),
      ["LeftUpperLeg"] = CFrame.new(-0.668100, 0.626687, -0.258505, 0.987410, 0.154946, 0.031824, -0.057954, 0.541563, -0.838660, -0.147182, 0.826257, 0.543725),
      ["LowerTorso"] = CFrame.new(0.103814, -0.007411, 0.988250, 0.994495, -0.104527, -0.007338, -0.000027, -0.070286, 0.997527, -0.104784, -0.992035, -0.069902),
      ["RightUpperArm"] = CFrame.new(0.130064, 0.116032, -0.550898, 0.595067, 0.762475, 0.254021, 0.797385, -0.520669, -0.305093, -0.100365, 0.384103, -0.917819),
      ["RightUpperLeg"] = CFrame.new(0.668100, 0.626704, -0.258496, 0.987410, -0.154946, -0.031824, 0.057954, 0.541563, -0.838660, 0.147182, 0.826257, 0.543725)
    }},
    { Time = 0.075, Data = {
      ["Head"] = CFrame.new(-0.225670, 0.232639, 0.252898, 0.974743, -0.163251, -0.152397, -0.080693, 0.378837, -0.921939, 0.208241, 0.910951, 0.356096),
      ["LeftUpperArm"] = CFrame.new(0.018672, -0.064567, -0.272243, 0.764810, -0.622092, -0.167531, -0.636328, -0.688745, -0.347444, 0.100756, 0.372333, -0.922614),
      ["LeftUpperLeg"] = CFrame.new(-0.667788, 0.629205, -0.256299, 0.987314, 0.155234, 0.033358, -0.057943, 0.547865, -0.834558, -0.147827, 0.822038, 0.549909),
      ["LowerTorso"] = CFrame.new(0.103650, -0.016442, 0.986780, 0.994496, -0.104552, -0.006847, -0.000023, -0.065565, 0.997848, -0.104776, -0.992356, -0.065207),
      ["RightUpperArm"] = CFrame.new(0.129989, 0.112186, -0.549878, 0.595023, 0.762514, 0.254007, 0.796926, -0.518789, -0.309462, -0.104193, 0.386561, -0.916359),
      ["RightUpperLeg"] = CFrame.new(0.667789, 0.629221, -0.256291, 0.987314, -0.155234, -0.033358, 0.057943, 0.547865, -0.834558, 0.147827, 0.822038, 0.549909)
    }},
    { Time = 0.083, Data = {
      ["Head"] = CFrame.new(-0.225670, 0.232639, 0.252898, 0.974736, -0.164463, -0.151135, -0.078567, 0.380944, -0.921254, 0.209086, 0.909854, 0.358399),
      ["LeftUpperArm"] = CFrame.new(0.018868, -0.067522, -0.270344, 0.764942, -0.621951, -0.167454, -0.635561, -0.686659, -0.352933, 0.104523, 0.376401, -0.920542),
      ["LeftUpperLeg"] = CFrame.new(-0.667406, 0.632295, -0.253571, 0.987180, 0.155674, 0.035233, -0.058036, 0.555727, -0.829337, -0.148686, 0.816660, 0.557637),
      ["LowerTorso"] = CFrame.new(0.103442, -0.027739, 0.984914, 0.994497, -0.104579, -0.006293, 0.000044, -0.059651, 0.998219, -0.104768, -0.992726, -0.059319),
      ["RightUpperArm"] = CFrame.new(0.129885, 0.107372, -0.548601, 0.595018, 0.762521, 0.254000, 0.796294, -0.516473, -0.314914, -0.108945, 0.389638, -0.914501),
      ["RightUpperLeg"] = CFrame.new(0.667407, 0.632311, -0.253563, 0.987180, -0.155674, -0.035233, 0.058036, 0.555727, -0.829337, 0.148686, 0.816660, 0.557637)
    }},
    { Time = 0.092, Data = {
      ["Head"] = CFrame.new(-0.225670, 0.232639, 0.252898, 0.974730, -0.165820, -0.149686, -0.076145, 0.383317, -0.920473, 0.210010, 0.908610, 0.361004),
      ["LeftUpperArm"] = CFrame.new(0.019107, -0.071119, -0.268017, 0.765081, -0.621775, -0.167472, -0.634637, -0.684056, -0.359588, 0.109023, 0.381398, -0.917960),
      ["LeftUpperLeg"] = CFrame.new(-0.666935, 0.636094, -0.250209, 0.987027, 0.156103, 0.037546, -0.058102, 0.565287, -0.822846, -0.149673, 0.809989, 0.567023),
      ["LowerTorso"] = CFrame.new(0.103185, -0.041440, 0.982582, 0.994498, -0.104611, -0.005554, 0.000052, -0.052526, 0.998620, -0.104758, -0.993125, -0.052232),
      ["RightUpperArm"] = CFrame.new(0.129755, 0.101479, -0.547070, 0.595054, 0.762517, 0.253927, 0.795460, -0.513704, -0.321484, -0.114694, 0.393289, -0.912234),
      ["RightUpperLeg"] = CFrame.new(0.666935, 0.636110, -0.250200, 0.987027, -0.156103, -0.037546, 0.058102, 0.565287, -0.822846, 0.149673, 0.809989, 0.567023)
    }},
    { Time = 0.100, Data = {
      ["Head"] = CFrame.new(-0.225670, 0.232639, 0.252898, 0.974703, -0.167379, -0.148114, -0.073485, 0.385856, -0.919628, 0.211077, 0.907249, 0.363795),
      ["LeftUpperArm"] = CFrame.new(0.019378, -0.075428, -0.265270, 0.765232, -0.621623, -0.167347, -0.633492, -0.680912, -0.367488, 0.114490, 0.387227, -0.914848),
      ["LeftUpperLeg"] = CFrame.new(-0.666369, 0.640623, -0.246160, 0.986844, 0.156581, 0.040275, -0.058235, 0.576634, -0.814925, -0.150826, 0.801858, 0.578166),
      ["LowerTorso"] = CFrame.new(0.102874, -0.058034, 0.979725, 0.994499, -0.104645, -0.004611, 0.000021, -0.043819, 0.999040, -0.104746, -0.993544, -0.043576),
      ["RightUpperArm"] = CFrame.new(0.129605, 0.094446, -0.545214, 0.595055, 0.762531, 0.253884, 0.794419, -0.510242, -0.329472, -0.121690, 0.397744, -0.909391),
      ["RightUpperLeg"] = CFrame.new(0.666369, 0.640638, -0.246152, 0.986844, -0.156581, -0.040275, 0.058235, 0.576634, -0.814925, 0.150826, 0.801858, 0.578166)
    }},
    { Time = 0.108, Data = {
      ["Head"] = CFrame.new(-0.225670, 0.232639, 0.252898, 0.974679, -0.169023, -0.146398, -0.070610, 0.388563, -0.918713, 0.212169, 0.905787, 0.366789),
      ["LeftUpperArm"] = CFrame.new(0.019720, -0.080494, -0.261991, 0.765444, -0.621364, -0.167341, -0.632050, -0.677113, -0.376871, 0.120865, 0.394242, -0.911025),
      ["LeftUpperLeg"] = CFrame.new(-0.665699, 0.645998, -0.241372, 0.986629, 0.157053, 0.043551, -0.058342, 0.589855, -0.805399, -0.152179, 0.792089, 0.591131),
      ["LowerTorso"] = CFrame.new(0.102559, -0.077542, 0.976242, 0.994494, -0.104737, -0.003529, 0.000005, -0.033628, 0.999434, -0.104796, -0.993931, -0.033442),
      ["RightUpperArm"] = CFrame.new(0.129435, 0.086155, -0.543046, 0.595011, 0.762580, 0.253838, 0.793152, -0.506091, -0.338796, -0.129894, 0.402919, -0.905972),
      ["RightUpperLeg"] = CFrame.new(0.665700, 0.646014, -0.241365, 0.986629, -0.157053, -0.043551, 0.058342, 0.589855, -0.805399, 0.152179, 0.792089, 0.591131)
    }},
    { Time = 0.117, Data = {
      ["Head"] = CFrame.new(-0.225670, 0.232639, 0.252899, 0.974655, -0.170739, -0.144557, -0.067497, 0.391626, -0.917646, 0.213290, 0.904145, 0.370176),
      ["LeftUpperArm"] = CFrame.new(0.020117, -0.086397, -0.258207, 0.765718, -0.621067, -0.167188, -0.630240, -0.672651, -0.387736, 0.128351, 0.402265, -0.906482),
      ["LeftUpperLeg"] = CFrame.new(-0.664926, 0.652250, -0.235831, 0.986362, 0.157603, 0.047444, -0.058502, 0.605147, -0.793961, -0.153841, 0.780358, 0.606114),
      ["LowerTorso"] = CFrame.new(0.102109, -0.100341, 0.972058, 0.994495, -0.104763, -0.002295, 0.000021, -0.021695, 0.999765, -0.104788, -0.994261, -0.021574),
      ["RightUpperArm"] = CFrame.new(0.129231, 0.076491, -0.540526, 0.594998, 0.762610, 0.253778, 0.791540, -0.501220, -0.349634, -0.139436, 0.408907, -0.901861),
      ["RightUpperLeg"] = CFrame.new(0.664927, 0.652265, -0.235823, 0.986362, -0.157603, -0.047444, 0.058502, 0.605147, -0.793961, 0.153841, 0.780358, 0.606114)
    }},
    { Time = 0.125, Data = {
      ["Head"] = CFrame.new(-0.225670, 0.232639, 0.252898, 0.974605, -0.172668, -0.142587, -0.064156, 0.394750, -0.916546, 0.214544, 0.902418, 0.373647),
      ["LeftUpperArm"] = CFrame.new(0.020562, -0.093163, -0.253861, 0.765984, -0.620776, -0.167047, -0.628105, -0.667343, -0.400173, 0.136940, 0.411450, -0.901087),
      ["LeftUpperLeg"] = CFrame.new(-0.664033, 0.659400, -0.229390, 0.986058, 0.158128, 0.051812, -0.058810, 0.622450, -0.780447, -0.155661, 0.766519, 0.623072),
      ["LowerTorso"] = CFrame.new(0.101577, -0.126709, 0.967055, 0.994495, -0.104779, -0.000839, 0.000015, -0.007863, 0.999969, -0.104782, -0.994465, -0.007818),
      ["RightUpperArm"] = CFrame.new(0.128993, 0.065360, -0.537648, 0.595007, 0.762638, 0.253674, 0.789518, -0.495542, -0.362076, -0.150426, 0.415718, -0.896967),
      ["RightUpperLeg"] = CFrame.new(0.664034, 0.659415, -0.229382, 0.986058, -0.158128, -0.051812, 0.058810, 0.622450, -0.780447, 0.155661, 0.766519, 0.623072)
    }},
    { Time = 0.133, Data = {
      ["Head"] = CFrame.new(-0.225670, 0.232639, 0.252898, 0.974546, -0.174743, -0.140446, -0.060504, 0.398215, -0.915294, 0.215869, 0.900494, 0.377506),
      ["LeftUpperArm"] = CFrame.new(0.021095, -0.100863, -0.248899, 0.766353, -0.620349, -0.166943, -0.625458, -0.661166, -0.414322, 0.146647, 0.421933, -0.894689),
      ["LeftUpperLeg"] = CFrame.new(-0.663015, 0.667571, -0.222033, 0.985706, 0.158586, 0.056877, -0.059161, 0.641905, -0.764498, -0.157748, 0.750206, 0.642111),
      ["LowerTorso"] = CFrame.new(0.100950, -0.156757, 0.961106, 0.994495, -0.104779, 0.000839, -0.000015, 0.007863, 0.999969, -0.104782, -0.994464, 0.007818),
      ["RightUpperArm"] = CFrame.new(0.128731, 0.052686, -0.534388, 0.594944, 0.762714, 0.253593, 0.787083, -0.488887, -0.376152, -0.162918, 0.423388, -0.891179),
      ["RightUpperLeg"] = CFrame.new(0.663016, 0.667586, -0.222026, 0.985706, -0.158586, -0.056877, 0.059161, 0.641905, -0.764498, 0.157748, 0.750206, 0.642111)
    }},
    { Time = 0.142, Data = {
      ["Head"] = CFrame.new(-0.225670, 0.232639, 0.252898, 0.974463, -0.176963, -0.138227, -0.056694, 0.401740, -0.913997, 0.217275, 0.898493, 0.381448),
      ["LeftUpperArm"] = CFrame.new(0.021670, -0.109526, -0.243329, 0.766698, -0.619972, -0.166762, -0.622350, -0.653925, -0.430190, 0.157656, 0.433610, -0.887202),
      ["LeftUpperLeg"] = CFrame.new(-0.661865, 0.676819, -0.213695, 0.985300, 0.158934, 0.062646, -0.059580, 0.663374, -0.745912, -0.160109, 0.731215, 0.663092),
      ["LowerTorso"] = CFrame.new(0.100155, -0.190808, 0.954073, 0.994501, -0.104695, 0.002686, 0.000004, 0.025683, 0.999670, -0.104729, -0.994173, 0.025542),
      ["RightUpperArm"] = CFrame.new(0.128426, 0.038347, -0.530726, 0.594953, 0.762759, 0.253434, 0.784009, -0.481258, -0.392073, -0.177090, 0.431959, -0.884336),
      ["RightUpperLeg"] = CFrame.new(0.661866, 0.676833, -0.213688, 0.985300, -0.158934, -0.062646, 0.059580, 0.663374, -0.745912, 0.160109, 0.731215, 0.663092)
    }},
    { Time = 0.150, Data = {
      ["Head"] = CFrame.new(-0.225670, 0.232639, 0.252899, 0.974371, -0.179262, -0.135889, -0.052644, 0.405602, -0.912532, 0.218699, 0.896299, 0.385770),
      ["LeftUpperArm"] = CFrame.new(0.022327, -0.119214, -0.237100, 0.767121, -0.619511, -0.166529, -0.618574, -0.645563, -0.447900, 0.169974, 0.446603, -0.878438),
      ["LeftUpperLeg"] = CFrame.new(-0.660579, 0.687143, -0.204319, 0.984825, 0.159189, 0.069123, -0.060208, 0.686942, -0.724213, -0.162770, 0.709062, 0.686103),
      ["LowerTorso"] = CFrame.new(0.099299, -0.229113, 0.945776, 0.994499, -0.104637, 0.004833, -0.000043, 0.045732, 0.998954, -0.104749, -0.993458, 0.045475),
      ["RightUpperArm"] = CFrame.new(0.128081, 0.022276, -0.526635, 0.594929, 0.762808, 0.253342, 0.780284, -0.472453, -0.409812, -0.192916, 0.441488, -0.876283),
      ["RightUpperLeg"] = CFrame.new(0.660581, 0.687157, -0.204313, 0.984825, -0.159189, -0.069123, 0.060208, 0.686942, -0.724213, 0.162770, 0.709062, 0.686103)
    }},
    { Time = 0.158, Data = {
      ["Head"] = CFrame.new(-0.225670, 0.232639, 0.252898, 0.974245, -0.181773, -0.133438, -0.048350, 0.409603, -0.910982, 0.220249, 0.893971, 0.390265),
      ["LeftUpperArm"] = CFrame.new(0.023062, -0.129964, -0.230197, 0.767606, -0.618998, -0.166201, -0.614035, -0.635929, -0.467498, 0.183688, 0.460907, -0.868230),
      ["LeftUpperLeg"] = CFrame.new(-0.659153, 0.698647, -0.193858, 0.984276, 0.159244, 0.076433, -0.060977, 0.712436, -0.699083, -0.165778, 0.683430, 0.710944),
      ["LowerTorso"] = CFrame.new(0.098308, -0.271828, 0.936033, 0.994495, -0.104539, 0.007098, 0.000032, 0.068045, 0.997682, -0.104780, -0.992190, 0.067673),
      ["RightUpperArm"] = CFrame.new(0.127708, 0.004392, -0.522124, 0.594850, 0.762909, 0.253226, 0.775767, -0.462328, -0.429463, -0.210567, 0.451911, -0.866856),
      ["RightUpperLeg"] = CFrame.new(0.659155, 0.698660, -0.193852, 0.984276, -0.159244, -0.076433, 0.060977, 0.712436, -0.699083, 0.165778, 0.683430, 0.710944)
    }},
    { Time = 0.167, Data = {
      ["Head"] = CFrame.new(-0.225670, 0.232639, 0.252898, 0.974098, -0.184453, -0.130805, -0.043765, 0.413737, -0.909344, 0.221850, 0.891515, 0.394948),
      ["LeftUpperArm"] = CFrame.new(0.023862, -0.141781, -0.222573, 0.768075, -0.618484, -0.165947, -0.608727, -0.624746, -0.489024, 0.198779, 0.476624, -0.856340),
      ["LeftUpperLeg"] = CFrame.new(-0.657567, 0.711343, -0.182163, 0.983668, 0.158962, 0.084426, -0.062001, 0.739608, -0.670176, -0.168975, 0.653996, 0.737385),
      ["LowerTorso"] = CFrame.new(0.097036, -0.319351, 0.924630, 0.994503, -0.104259, 0.009735, -0.000007, 0.092901, 0.995675, -0.104712, -0.990202, 0.092389),
      ["RightUpperArm"] = CFrame.new(0.127281, -0.015437, -0.517192, 0.594836, 0.762974, 0.253063, 0.770247, -0.450924, -0.450985, -0.229977, 0.463183, -0.855904),
      ["RightUpperLeg"] = CFrame.new(0.657568, 0.711355, -0.182158, 0.983668, -0.158962, -0.084426, 0.062001, 0.739608, -0.670176, 0.168975, 0.653996, 0.737385)
    }},
    { Time = 0.175, Data = {
      ["Head"] = CFrame.new(-0.225670, 0.232639, 0.252898, 0.973936, -0.187218, -0.128058, -0.038938, 0.418192, -0.907524, 0.223458, 0.888856, 0.400002),
      ["LeftUpperArm"] = CFrame.new(0.024672, -0.153520, -0.215041, 0.768588, -0.617934, -0.165624, -0.603002, -0.613272, -0.510183, 0.213686, 0.491992, -0.843968),
      ["LeftUpperLeg"] = CFrame.new(-0.655988, 0.723999, -0.170463, 0.983045, 0.158338, 0.092470, -0.063105, 0.765645, -0.640161, -0.172161, 0.623472, 0.762656),
      ["LowerTorso"] = CFrame.new(0.095778, -0.366761, 0.912609, 0.994502, -0.103993, 0.012306, 0.000014, 0.117644, 0.993056, -0.104719, -0.987596, 0.116999),
      ["RightUpperArm"] = CFrame.new(0.126860, -0.035168, -0.512322, 0.594771, 0.763061, 0.252956, 0.764265, -0.439147, -0.472281, -0.249294, 0.474224, -0.844372),
      ["RightUpperLeg"] = CFrame.new(0.655990, 0.724011, -0.170459, 0.983045, -0.158338, -0.092470, 0.063105, 0.765645, -0.640161, 0.172161, 0.623472, 0.762656)
    }},
    { Time = 0.183, Data = {
      ["Head"] = CFrame.new(-0.225670, 0.232639, 0.252898, 0.973737, -0.190129, -0.125252, -0.033937, 0.422776, -0.905599, 0.225134, 0.886065, 0.405220),
      ["LeftUpperArm"] = CFrame.new(0.025404, -0.163998, -0.208314, 0.769056, -0.617427, -0.165337, -0.597519, -0.602600, -0.529003, 0.226988, 0.505625, -0.832358),
      ["LeftUpperLeg"] = CFrame.new(-0.654567, 0.735333, -0.159881, 0.982485, 0.157462, 0.099643, -0.064212, 0.788073, -0.612224, -0.174927, 0.595102, 0.784381),
      ["LowerTorso"] = CFrame.new(0.094600, -0.409298, 0.901276, 0.994500, -0.103707, 0.014617, 0.000023, 0.139780, 0.990183, -0.104732, -0.984737, 0.139013),
      ["RightUpperArm"] = CFrame.new(0.126479, -0.052881, -0.508015, 0.594740, 0.763131, 0.252816, 0.758450, -0.428372, -0.491174, -0.266531, 0.483869, -0.833566),
      ["RightUpperLeg"] = CFrame.new(0.654569, 0.735345, -0.159877, 0.982485, -0.157462, -0.099643, 0.064212, 0.788073, -0.612224, 0.174927, 0.595102, 0.784381)
    }},
    { Time = 0.192, Data = {
      ["Head"] = CFrame.new(-0.225670, 0.232639, 0.252898, 0.973508, -0.193216, -0.122269, -0.028643, 0.427476, -0.903573, 0.226852, 0.883138, 0.410617),
      ["LeftUpperArm"] = CFrame.new(0.026046, -0.173295, -0.202351, 0.769438, -0.617026, -0.165055, -0.592388, -0.592756, -0.545634, 0.238833, 0.517609, -0.821608),
      ["LeftUpperLeg"] = CFrame.new(-0.653308, 0.745420, -0.150437, 0.981960, 0.156534, 0.106075, -0.065314, 0.807234, -0.586606, -0.177451, 0.569096, 0.802895),
      ["LowerTorso"] = CFrame.new(0.093505, -0.447393, 0.890703, 0.994499, -0.103412, 0.016684, 0.000036, 0.159618, 0.987179, -0.104749, -0.981748, 0.158743),
      ["RightUpperArm"] = CFrame.new(0.126137, -0.068683, -0.504214, 0.594702, 0.763191, 0.252724, 0.752939, -0.418546, -0.507840, -0.281802, 0.492300, -0.823546),
      ["RightUpperLeg"] = CFrame.new(0.653310, 0.745432, -0.150433, 0.981960, -0.156534, -0.106075, 0.065314, 0.807234, -0.586606, 0.177451, 0.569096, 0.802895)
    }},
    { Time = 0.200, Data = {
      ["Head"] = CFrame.new(-0.225670, 0.232639, 0.252898, 0.973246, -0.196374, -0.119287, -0.023234, 0.432394, -0.901385, 0.228588, 0.880041, 0.416264),
      ["LeftUpperArm"] = CFrame.new(0.026624, -0.181523, -0.197100, 0.769809, -0.616639, -0.164772, -0.587598, -0.583862, -0.560209, 0.249242, 0.528074, -0.811798),
      ["LeftUpperLeg"] = CFrame.new(-0.652185, 0.754363, -0.141999, 0.981498, 0.155493, 0.111731, -0.066342, 0.823556, -0.563342, -0.179613, 0.545506, 0.818634),
      ["LowerTorso"] = CFrame.new(0.092433, -0.481239, 0.880973, 0.994503, -0.103051, 0.018568, -0.000010, 0.177235, 0.984169, -0.104710, -0.978759, 0.176259),
      ["RightUpperArm"] = CFrame.new(0.125834, -0.082695, -0.500879, 0.594682, 0.763250, 0.252595, 0.747746, -0.409670, -0.522540, -0.295348, 0.499621, -0.814340),
      ["RightUpperLeg"] = CFrame.new(0.652187, 0.754374, -0.141996, 0.981498, -0.155493, -0.111731, 0.066342, 0.823556, -0.563342, 0.179613, 0.545506, 0.818634)
    }},
    { Time = 0.208, Data = {
      ["Head"] = CFrame.new(-0.225670, 0.232639, 0.252898, 0.972968, -0.199491, -0.116349, -0.017914, 0.437090, -0.899239, 0.230245, 0.877015, 0.421701),
      ["LeftUpperArm"] = CFrame.new(0.027134, -0.188741, -0.192497, 0.770125, -0.616300, -0.164568, -0.583251, -0.575848, -0.572903, 0.258314, 0.537191, -0.802933),
      ["LeftUpperLeg"] = CFrame.new(-0.651201, 0.762262, -0.134575, 0.981078, 0.154425, 0.116789, -0.067238, 0.837403, -0.542434, -0.181565, 0.524317, 0.831941),
      ["LowerTorso"] = CFrame.new(0.091520, -0.511011, 0.872130, 0.994501, -0.102764, 0.020160, 0.000018, 0.192683, 0.981261, -0.104723, -0.975865, 0.191626),
      ["RightUpperArm"] = CFrame.new(0.125576, -0.095023, -0.497977, 0.594626, 0.763332, 0.252477, 0.742981, -0.401697, -0.535368, -0.307244, 0.505930, -0.806000),
      ["RightUpperLeg"] = CFrame.new(0.651203, 0.762272, -0.134572, 0.981078, -0.154425, -0.116789, 0.067238, 0.837403, -0.542434, 0.181565, 0.524317, 0.831941)
    }},
    { Time = 0.217, Data = {
      ["Head"] = CFrame.new(-0.225670, 0.232639, 0.252899, 0.972677, -0.202464, -0.113616, -0.012874, 0.441586, -0.897126, 0.231807, 0.874077, 0.426914),
      ["LeftUpperArm"] = CFrame.new(0.027573, -0.195019, -0.188493, 0.770388, -0.616031, -0.164342, -0.579312, -0.568685, -0.583948, 0.266272, 0.545072, -0.794982),
      ["LeftUpperLeg"] = CFrame.new(-0.650335, 0.769121, -0.128021, 0.980720, 0.153390, 0.121078, -0.068128, 0.849084, -0.523846, -0.183159, 0.505497, 0.843164),
      ["LowerTorso"] = CFrame.new(0.090755, -0.536997, 0.864194, 0.994494, -0.102547, 0.021593, 0.000010, 0.206134, 0.978524, -0.104796, -0.973135, 0.205000),
      ["RightUpperArm"] = CFrame.new(0.125338, -0.105813, -0.495465, 0.594633, 0.763361, 0.252370, 0.738643, -0.394722, -0.546443, -0.317518, 0.511345, -0.798567),
      ["RightUpperLeg"] = CFrame.new(0.650337, 0.769131, -0.128018, 0.980720, -0.153390, -0.121078, 0.068128, 0.849084, -0.523846, 0.183159, 0.505497, 0.843164)
    }},
    { Time = 0.225, Data = {
      ["Head"] = CFrame.new(-0.225670, 0.232639, 0.252898, 0.972383, -0.205326, -0.110959, -0.008009, 0.445788, -0.895103, 0.233252, 0.871272, 0.431832),
      ["LeftUpperArm"] = CFrame.new(0.027953, -0.200450, -0.185056, 0.770612, -0.615798, -0.164166, -0.575847, -0.562435, -0.593353, 0.273052, 0.551779, -0.788024),
      ["LeftUpperLeg"] = CFrame.new(-0.649588, 0.775034, -0.122343, 0.980401, 0.152458, 0.124782, -0.068965, 0.858875, -0.507521, -0.184548, 0.488968, 0.852556),
      ["LowerTorso"] = CFrame.new(0.089960, -0.559586, 0.857157, 0.994500, -0.102228, 0.022800, 0.000019, 0.217856, 0.975981, -0.104740, -0.970612, 0.216660),
      ["RightUpperArm"] = CFrame.new(0.125140, -0.115116, -0.493294, 0.594562, 0.763419, 0.252364, 0.734811, -0.388484, -0.555998, -0.326420, 0.516015, -0.791946),
      ["RightUpperLeg"] = CFrame.new(0.649591, 0.775044, -0.122340, 0.980401, -0.152458, -0.124782, 0.068965, 0.858875, -0.507521, 0.184548, 0.488968, 0.852556)
    }},
    { Time = 0.233, Data = {
      ["Head"] = CFrame.new(-0.225670, 0.232639, 0.252898, 0.972084, -0.208039, -0.108504, -0.003426, 0.449802, -0.893122, 0.234609, 0.868561, 0.436532),
      ["LeftUpperArm"] = CFrame.new(0.028290, -0.205098, -0.182119, 0.770853, -0.615555, -0.163945, -0.572725, -0.557041, -0.601408, 0.278876, 0.557492, -0.781941),
      ["LeftUpperLeg"] = CFrame.new(-0.648952, 0.780123, -0.117497, 0.980119, 0.151581, 0.128023, -0.069647, 0.867026, -0.493371, -0.185785, 0.474646, 0.860346),
      ["LowerTorso"] = CFrame.new(0.089311, -0.578818, 0.851034, 0.994500, -0.101987, 0.023857, -0.000000, 0.227772, 0.973715, -0.104741, -0.968359, 0.226519),
      ["RightUpperArm"] = CFrame.new(0.124962, -0.123120, -0.491464, 0.594576, 0.763435, 0.252282, 0.731411, -0.383237, -0.564063, -0.333942, 0.519901, -0.786248),
      ["RightUpperLeg"] = CFrame.new(0.648954, 0.780132, -0.117494, 0.980119, -0.151581, -0.128023, 0.069647, 0.867026, -0.493371, 0.185785, 0.474646, 0.860346)
    }},
    { Time = 0.242, Data = {
      ["Head"] = CFrame.new(-0.225670, 0.232639, 0.252898, 0.971788, -0.210636, -0.106120, 0.000980, 0.453533, -0.891239, 0.235856, 0.865991, 0.440944),
      ["LeftUpperArm"] = CFrame.new(0.028565, -0.209004, -0.179640, 0.771006, -0.615391, -0.163838, -0.570115, -0.552369, -0.608159, 0.283757, 0.562301, -0.776724),
      ["LeftUpperLeg"] = CFrame.new(-0.648409, 0.784440, -0.113370, 0.979890, 0.150744, 0.130735, -0.070202, 0.873745, -0.481291, -0.186781, 0.462435, 0.866757),
      ["LowerTorso"] = CFrame.new(0.088750, -0.595167, 0.845751, 0.994501, -0.101771, 0.024717, 0.000024, 0.236234, 0.971696, -0.104730, -0.966352, 0.234937),
      ["RightUpperArm"] = CFrame.new(0.124819, -0.129853, -0.489913, 0.594529, 0.763479, 0.252261, 0.728481, -0.378638, -0.570919, -0.340369, 0.523195, -0.781291),
      ["RightUpperLeg"] = CFrame.new(0.648411, 0.784449, -0.113368, 0.979890, -0.150744, -0.130735, 0.070202, 0.873745, -0.481291, 0.186781, 0.462435, 0.866757)
    }},
    { Time = 0.250, Data = {
      ["Head"] = CFrame.new(-0.225670, 0.232639, 0.252898, 0.971491, -0.213081, -0.103934, 0.005102, 0.457086, -0.889408, 0.237023, 0.863521, 0.445142),
      ["LeftUpperArm"] = CFrame.new(0.028789, -0.212239, -0.177574, 0.771123, -0.615275, -0.163723, -0.567884, -0.548393, -0.613818, 0.287883, 0.566305, -0.772284),
      ["LeftUpperLeg"] = CFrame.new(-0.647958, 0.787966, -0.109907, 0.979696, 0.150113, 0.132900, -0.070813, 0.879234, -0.471098, -0.187568, 0.452122, 0.872012),
      ["LowerTorso"] = CFrame.new(0.088327, -0.608775, 0.841288, 0.994496, -0.101636, 0.025449, 0.000041, 0.243266, 0.969960, -0.104774, -0.964620, 0.241931),
      ["RightUpperArm"] = CFrame.new(0.124698, -0.135479, -0.488638, 0.594504, 0.763510, 0.252226, 0.726013, -0.374849, -0.576535, -0.345643, 0.525872, -0.777168),
      ["RightUpperLeg"] = CFrame.new(0.647960, 0.787975, -0.109905, 0.979696, -0.150113, -0.132900, 0.070813, 0.879234, -0.471098, 0.187568, 0.452122, 0.872012)
    }},
    { Time = 0.258, Data = {
      ["Head"] = CFrame.new(-0.225670, 0.232639, 0.252899, 0.971185, -0.215450, -0.101888, 0.009001, 0.460367, -0.887683, 0.238157, 0.861187, 0.449040),
      ["LeftUpperArm"] = CFrame.new(0.028988, -0.214919, -0.175906, 0.771271, -0.615119, -0.163613, -0.566026, -0.545252, -0.618317, 0.291128, 0.569499, -0.768710),
      ["LeftUpperLeg"] = CFrame.new(-0.647588, 0.790919, -0.107090, 0.979539, 0.149490, 0.134748, -0.071182, 0.883595, -0.462810, -0.188248, 0.443749, 0.876156),
      ["LowerTorso"] = CFrame.new(0.087917, -0.619891, 0.837606, 0.994498, -0.101462, 0.026044, 0.000041, 0.248999, 0.968504, -0.104751, -0.963174, 0.247633),
      ["RightUpperArm"] = CFrame.new(0.124600, -0.140077, -0.487600, 0.594500, 0.763538, 0.252149, 0.723914, -0.371719, -0.581183, -0.350027, 0.528048, -0.773723),
      ["RightUpperLeg"] = CFrame.new(0.647590, 0.790928, -0.107088, 0.979539, -0.149490, -0.134748, 0.071182, 0.883595, -0.462810, 0.188248, 0.443749, 0.876156)
    }},
    { Time = 0.267, Data = {
      ["Head"] = CFrame.new(-0.225670, 0.232639, 0.252899, 0.970889, -0.217692, -0.099920, 0.012733, 0.463468, -0.886022, 0.239190, 0.858957, 0.452748),
      ["LeftUpperArm"] = CFrame.new(0.029144, -0.217047, -0.174564, 0.771383, -0.615008, -0.163505, -0.564497, -0.542674, -0.621972, 0.293787, 0.572077, -0.765779),
      ["LeftUpperLeg"] = CFrame.new(-0.647291, 0.793255, -0.104820, 0.979414, 0.149000, 0.136190, -0.071534, 0.887067, -0.456064, -0.188764, 0.436933, 0.879465),
      ["LowerTorso"] = CFrame.new(0.087568, -0.628754, 0.834644, 0.994501, -0.101301, 0.026577, -0.000023, 0.253552, 0.967322, -0.104729, -0.962003, 0.252155),
      ["RightUpperArm"] = CFrame.new(0.124512, -0.143758, -0.486756, 0.594525, 0.763522, 0.252138, 0.722208, -0.369205, -0.584895, -0.353490, 0.529831, -0.770924),
      ["RightUpperLeg"] = CFrame.new(0.647293, 0.793263, -0.104817, 0.979414, -0.149000, -0.136190, 0.071534, 0.887067, -0.456064, 0.188764, 0.436933, 0.879465)
    }},
    { Time = 0.275, Data = {
      ["Head"] = CFrame.new(-0.225670, 0.232639, 0.252899, 0.970630, -0.219661, -0.098118, 0.016151, 0.466417, -0.884418, 0.240035, 0.856857, 0.456266),
      ["LeftUpperArm"] = CFrame.new(0.029246, -0.218675, -0.173516, 0.771402, -0.614996, -0.163460, -0.563357, -0.540552, -0.624846, 0.295919, 0.574094, -0.763445),
      ["LeftUpperLeg"] = CFrame.new(-0.647064, 0.795051, -0.103066, 0.979307, 0.148663, 0.137319, -0.071854, 0.889729, -0.450799, -0.189194, 0.431604, 0.882000),
      ["LowerTorso"] = CFrame.new(0.087356, -0.635694, 0.832305, 0.994499, -0.101236, 0.026885, 0.000050, 0.257134, 0.966376, -0.104745, -0.961059, 0.255724),
      ["RightUpperArm"] = CFrame.new(0.124450, -0.146622, -0.486113, 0.594501, 0.763538, 0.252149, 0.720928, -0.367242, -0.587704, -0.356135, 0.531172, -0.768781),
      ["RightUpperLeg"] = CFrame.new(0.647066, 0.795060, -0.103063, 0.979307, -0.148663, -0.137319, 0.071854, 0.889729, -0.450799, 0.189194, 0.431604, 0.882000)
    }},
    { Time = 0.283, Data = {
      ["Head"] = CFrame.new(-0.225670, 0.232639, 0.252898, 0.970356, -0.221621, -0.096406, 0.019417, 0.469094, -0.882935, 0.240900, 0.854889, 0.459491),
      ["LeftUpperArm"] = CFrame.new(0.029348, -0.219928, -0.172732, 0.771504, -0.614888, -0.163385, -0.562415, -0.539071, -0.626971, 0.297441, 0.575600, -0.761717),
      ["LeftUpperLeg"] = CFrame.new(-0.646892, 0.796412, -0.101745, 0.979230, 0.148388, 0.138167, -0.072072, 0.891696, -0.446860, -0.189512, 0.427621, 0.883870),
      ["LowerTorso"] = CFrame.new(0.087177, -0.640853, 0.830556, 0.994496, -0.101167, 0.027265, -0.000049, 0.259769, 0.965671, -0.104777, -0.960357, 0.258335),
      ["RightUpperArm"] = CFrame.new(0.124407, -0.148784, -0.485640, 0.594496, 0.763562, 0.252088, 0.719931, -0.365797, -0.589824, -0.358153, 0.532134, -0.767177),
      ["RightUpperLeg"] = CFrame.new(0.646895, 0.796421, -0.101743, 0.979230, -0.148388, -0.138167, 0.072072, 0.891696, -0.446860, 0.189512, 0.427621, 0.883870)
    }},
    { Time = 0.292, Data = {
      ["Head"] = CFrame.new(-0.225670, 0.232639, 0.252899, 0.970093, -0.223426, -0.094873, 0.022384, 0.471527, -0.881567, 0.241700, 0.853078, 0.462426),
      ["LeftUpperArm"] = CFrame.new(0.029401, -0.220809, -0.172176, 0.771509, -0.614889, -0.163356, -0.561810, -0.537943, -0.628480, 0.298570, 0.576653, -0.760478),
      ["LeftUpperLeg"] = CFrame.new(-0.646766, 0.797395, -0.100784, 0.979181, 0.148158, 0.138757, -0.072214, 0.893103, -0.444018, -0.189709, 0.424754, 0.885209),
      ["LowerTorso"] = CFrame.new(0.087001, -0.644657, 0.829273, 0.994501, -0.101070, 0.027422, -0.000009, 0.261766, 0.965131, -0.104724, -0.959825, 0.260326),
      ["RightUpperArm"] = CFrame.new(0.124375, -0.150295, -0.485278, 0.594440, 0.763577, 0.252175, 0.719247, -0.364623, -0.591383, -0.359618, 0.532918, -0.765947),
      ["RightUpperLeg"] = CFrame.new(0.646769, 0.797403, -0.100781, 0.979181, -0.148158, -0.138757, 0.072214, 0.893103, -0.444018, 0.189709, 0.424754, 0.885209)
    }},
    { Time = 0.300, Data = {
      ["Head"] = CFrame.new(-0.225670, 0.232639, 0.252899, 0.969860, -0.225026, -0.093456, 0.025109, 0.473808, -0.880270, 0.242364, 0.851392, 0.465178),
      ["LeftUpperArm"] = CFrame.new(0.029443, -0.221410, -0.171807, 0.771533, -0.614862, -0.163341, -0.561399, -0.537228, -0.629458, 0.299279, 0.577347, -0.759673),
      ["LeftUpperLeg"] = CFrame.new(-0.646682, 0.798071, -0.100150, 0.979147, 0.147983, 0.139184, -0.072274, 0.894040, -0.442120, -0.189862, 0.422841, 0.886091),
      ["LowerTorso"] = CFrame.new(0.086982, -0.647126, 0.828422, 0.994494, -0.101105, 0.027556, 0.000007, 0.263023, 0.964790, -0.104793, -0.959477, 0.261575),
      ["RightUpperArm"] = CFrame.new(0.124348, -0.151350, -0.485054, 0.594478, 0.763563, 0.252125, 0.718754, -0.363994, -0.592369, -0.360539, 0.533366, -0.765201),
      ["RightUpperLeg"] = CFrame.new(0.646685, 0.798079, -0.100147, 0.979147, -0.147983, -0.139184, 0.072274, 0.894040, -0.442120, 0.189862, 0.422841, 0.886091)
    }},
    { Time = 0.308, Data = {
      ["Head"] = CFrame.new(-0.225670, 0.232639, 0.252899, 0.969631, -0.226541, -0.092172, 0.027608, 0.475840, -0.879098, 0.243011, 0.849856, 0.467644),
      ["LeftUpperArm"] = CFrame.new(0.029476, -0.221778, -0.171580, 0.771571, -0.614819, -0.163326, -0.561123, -0.536810, -0.630060, 0.299698, 0.577782, -0.759176),
      ["LeftUpperLeg"] = CFrame.new(-0.646635, 0.798455, -0.099777, 0.979118, 0.147928, 0.139449, -0.072361, 0.894616, -0.440937, -0.189980, 0.421639, 0.886639),
      ["LowerTorso"] = CFrame.new(0.086871, -0.648598, 0.827923, 0.994500, -0.101026, 0.027647, -0.000022, 0.263761, 0.964588, -0.104740, -0.959283, 0.262308),
      ["RightUpperArm"] = CFrame.new(0.124343, -0.151967, -0.484918, 0.594450, 0.763597, 0.252089, 0.718448, -0.363523, -0.593029, -0.361195, 0.533639, -0.764701),
      ["RightUpperLeg"] = CFrame.new(0.646638, 0.798464, -0.099775, 0.979118, -0.147928, -0.139449, 0.072361, 0.894616, -0.440937, 0.189980, 0.421639, 0.886639)
    }},
    { Time = 0.317, Data = {
      ["Head"] = CFrame.new(-0.225670, 0.232639, 0.252899, 0.969405, -0.227966, -0.091029, 0.029893, 0.477714, -0.878007, 0.243642, 0.848423, 0.469912),
      ["LeftUpperArm"] = CFrame.new(0.029481, -0.221962, -0.171470, 0.771558, -0.614844, -0.163296, -0.561002, -0.536572, -0.630371, 0.299959, 0.577977, -0.758925),
      ["LeftUpperLeg"] = CFrame.new(-0.646611, 0.798656, -0.099586, 0.979103, 0.147903, 0.139578, -0.072401, 0.894885, -0.440385, -0.190041, 0.421077, 0.886893),
      ["LowerTorso"] = CFrame.new(0.086848, -0.649394, 0.827651, 0.994500, -0.101020, 0.027669, 0.000001, 0.264179, 0.964474, -0.104740, -0.959169, 0.262726),
      ["RightUpperArm"] = CFrame.new(0.124336, -0.152285, -0.484845, 0.594438, 0.763600, 0.252107, 0.718310, -0.363287, -0.593340, -0.361488, 0.533795, -0.764454),
      ["RightUpperLeg"] = CFrame.new(0.646614, 0.798664, -0.099584, 0.979103, -0.147903, -0.139578, 0.072401, 0.894885, -0.440385, 0.190041, 0.421077, 0.886893)
    }},
    { Time = 0.325, Data = {
      ["Head"] = CFrame.new(-0.225670, 0.232639, 0.252899, 0.969214, -0.229187, -0.089988, 0.031922, 0.479356, -0.877040, 0.244143, 0.847166, 0.471914),
      ["LeftUpperArm"] = CFrame.new(0.029489, -0.222021, -0.171415, 0.771558, -0.614828, -0.163357, -0.560972, -0.536453, -0.630499, 0.300015, 0.578105, -0.758806),
      ["LeftUpperLeg"] = CFrame.new(-0.646599, 0.798724, -0.099500, 0.979103, 0.147884, 0.139598, -0.072426, 0.895000, -0.440147, -0.190031, 0.420839, 0.887008),
      ["LowerTorso"] = CFrame.new(0.086841, -0.649638, 0.827565, 0.994500, -0.101018, 0.027675, 0.000007, 0.264284, 0.964445, -0.104740, -0.959140, 0.262831),
