return {
  ["Astros taking it 5"] = {
    { Time = 0.000, Data = {
      ["BaseOpened"] = CFrame.new(-0.000002, -0.068412, 0.001191, 1.000000, 0.000000, 0.000000, 0.000000, 0.985614, -0.169012, 0.000000, 0.169012, 0.985614),
      ["Head"] = CFrame.new(-0.000038, 0.202677, -0.169963, 1.000000, 0.000494, -0.000248, -0.000134, 0.652258, 0.757997, 0.000536, -0.757997, 0.652258),
      ["LeftUpperArm"] = CFrame.new(0.105150, -0.207491, 0.294920, 0.992907, 0.100078, -0.064191, 0.040252, -0.790956, -0.610548, -0.111875, 0.603634, -0.789374),
      ["LeftUpperLeg"] = CFrame.new(-0.277122, 0.013347, -0.033236, 0.820673, 0.324416, 0.470373, 0.529478, -0.741251, -0.412555, 0.214825, 0.587625, -0.780095),
      ["LowerTorso"] = CFrame.new(-0.002711, -0.565804, -1.566522, -0.999999, -0.001596, -0.000664, 0.001522, -0.630547, -0.776150, 0.000820, -0.776150, 0.630548),
      ["RightUpperArm"] = CFrame.new(-0.105150, -0.207491, 0.294920, 0.992907, -0.100078, 0.064191, -0.040252, -0.790956, -0.610548, 0.111875, 0.603634, -0.789374),
      ["RightUpperLeg"] = CFrame.new(0.277131, 0.013355, -0.033202, 0.820673, -0.324416, -0.470373, -0.529478, -0.741251, -0.412555, -0.214825, 0.587625, -0.780095),
      ["­¤ī¦’ĖÅ­¤ś│­¤æ╗­¤Å│’ĖÅŌĆŹ­¤īł­¤śé­¤Æ×­¤Å┤ŌĆŹŌśĀ’ĖÅ­¤ÄĖ­¤ī¦’ĖÅ­¤ś│­¤æ╗­¤Å│’ĖÅŌĆŹ­¤īł­¤śé­¤Æ×­¤Å┤ŌĆŹŌś"] = CFrame.new(0.067542, -0.105459, 0.124020, -0.168404, 0.296712, 0.940001, 0.590403, 0.794004, -0.144855, -0.789345, 0.530585, -0.308893)
    }},
    { Time = 0.017, Data = {
      ["Head"] = CFrame.new(-0.000038, 0.202678, -0.169963, 1.000000, 0.000494, -0.000248, -0.000134, 0.652114, 0.758121, 0.000536, -0.758121, 0.652114),
      ["LeftUpperArm"] = CFrame.new(0.105150, -0.207530, 0.294925, 0.992907, 0.100081, -0.064186, 0.040247, -0.790900, -0.610620, -0.111877, 0.603706, -0.789318),
      ["LeftUpperLeg"] = CFrame.new(-0.277142, 0.013384, -0.033250, 0.820633, 0.324489, 0.470392, 0.529551, -0.741210, -0.412533, 0.214797, 0.587635, -0.780095),
      ["LowerTorso"] = CFrame.new(-0.002711, -0.565655, -1.566730, -0.999998, -0.001596, -0.000664, 0.001522, -0.630695, -0.776029, 0.000820, -0.776029, 0.630697),
      ["RightUpperArm"] = CFrame.new(-0.105151, -0.207530, 0.294925, 0.992907, -0.100081, 0.064186, -0.040247, -0.790900, -0.610620, 0.111877, 0.603706, -0.789318),
      ["RightUpperLeg"] = CFrame.new(0.277151, 0.013392, -0.033216, 0.820633, -0.324489, -0.470392, -0.529551, -0.741210, -0.412533, -0.214797, 0.587635, -0.780095)
    }},
    { Time = 0.033, Data = {
      ["Head"] = CFrame.new(-0.000038, 0.202677, -0.169963, 1.000000, 0.000494, -0.000248, -0.000134, 0.651826, 0.758369, 0.000536, -0.758369, 0.651826),
      ["LeftUpperArm"] = CFrame.new(0.105160, -0.207632, 0.294955, 0.992899, 0.100121, -0.064249, 0.040198, -0.790679, -0.610911, -0.111965, 0.603990, -0.789088),
      ["LeftUpperLeg"] = CFrame.new(-0.277142, 0.013374, -0.033225, 0.820633, 0.324534, 0.470362, 0.529531, -0.741304, -0.412389, 0.214847, 0.587491, -0.780189),
      ["LowerTorso"] = CFrame.new(-0.002711, -0.565432, -1.567174, -0.999999, -0.001596, -0.000664, 0.001522, -0.630918, -0.775848, 0.000820, -0.775848, 0.630919),
      ["RightUpperArm"] = CFrame.new(-0.105160, -0.207632, 0.294955, 0.992899, -0.100121, 0.064249, -0.040198, -0.790679, -0.610911, 0.111965, 0.603990, -0.789088),
      ["RightUpperLeg"] = CFrame.new(0.277151, 0.013382, -0.033191, 0.820633, -0.324534, -0.470362, -0.529531, -0.741304, -0.412389, -0.214847, 0.587491, -0.780189)
    }},
    { Time = 0.050, Data = {
      ["Head"] = CFrame.new(-0.000038, 0.202677, -0.169963, 1.000000, 0.000494, -0.000248, -0.000134, 0.651321, 0.758802, 0.000536, -0.758802, 0.651321),
      ["LeftUpperArm"] = CFrame.new(0.105165, -0.207813, 0.294996, 0.992899, 0.100138, -0.064222, 0.040168, -0.790345, -0.611344, -0.111976, 0.604423, -0.788755),
      ["LeftUpperLeg"] = CFrame.new(-0.277125, 0.013354, -0.033238, 0.820665, 0.324606, 0.470255, 0.529491, -0.741399, -0.412271, 0.214821, 0.587332, -0.780316),
      ["LowerTorso"] = CFrame.new(-0.002711, -0.564990, -1.567977, -0.999999, -0.001596, -0.000663, 0.001522, -0.631363, -0.775486, 0.000819, -0.775486, 0.631364),
      ["RightUpperArm"] = CFrame.new(-0.105165, -0.207813, 0.294996, 0.992899, -0.100138, 0.064222, -0.040168, -0.790345, -0.611344, 0.111976, 0.604423, -0.788755),
      ["RightUpperLeg"] = CFrame.new(0.277134, 0.013362, -0.033204, 0.820665, -0.324606, -0.470255, -0.529491, -0.741399, -0.412271, -0.214821, 0.587332, -0.780316)
    }},
    { Time = 0.067, Data = {
      ["Head"] = CFrame.new(-0.000038, 0.202677, -0.169963, 1.000000, 0.000494, -0.000248, -0.000133, 0.650600, 0.759420, 0.000536, -0.759420, 0.650600),
      ["LeftUpperArm"] = CFrame.new(0.105170, -0.208071, 0.295046, 0.992899, 0.100162, -0.064185, 0.040127, -0.789901, -0.611921, -0.111991, 0.605000, -0.788311),
      ["LeftUpperLeg"] = CFrame.new(-0.277129, 0.013361, -0.033239, 0.820657, 0.324796, 0.470138, 0.529505, -0.741547, -0.411986, 0.214818, 0.587040, -0.780537),
      ["LowerTorso"] = CFrame.new(-0.002711, -0.564396, -1.569075, -0.999999, -0.001597, -0.000663, 0.001522, -0.631956, -0.775003, 0.000819, -0.775003, 0.631957),
      ["RightUpperArm"] = CFrame.new(-0.105170, -0.208071, 0.295045, 0.992899, -0.100162, 0.064185, -0.040127, -0.789901, -0.611921, 0.111991, 0.605000, -0.788311),
      ["RightUpperLeg"] = CFrame.new(0.277138, 0.013369, -0.033205, 0.820657, -0.324796, -0.470138, -0.529505, -0.741547, -0.411986, -0.214818, 0.587040, -0.780537)
    }},
    { Time = 0.083, Data = {
      ["Head"] = CFrame.new(-0.000038, 0.202678, -0.169963, 1.000000, 0.000494, -0.000247, -0.000133, 0.649661, 0.760224, 0.000537, -0.760224, 0.649661),
      ["LeftUpperArm"] = CFrame.new(0.105164, -0.208393, 0.295123, 0.992897, 0.100140, -0.064244, 0.039961, -0.789295, -0.612712, -0.112065, 0.605793, -0.787691),
      ["LeftUpperLeg"] = CFrame.new(-0.277133, 0.013363, -0.033229, 0.820649, 0.325009, 0.470005, 0.529509, -0.741743, -0.411630, 0.214840, 0.586675, -0.780805),
      ["LowerTorso"] = CFrame.new(-0.002747, -0.563657, -1.570471, -0.999999, -0.001560, -0.000740, 0.001560, -0.632696, -0.774399, 0.000740, -0.774399, 0.632697),
      ["RightUpperArm"] = CFrame.new(-0.105164, -0.208393, 0.295123, 0.992897, -0.100140, 0.064244, -0.039961, -0.789295, -0.612712, 0.112065, 0.605793, -0.787691),
      ["RightUpperLeg"] = CFrame.new(0.277142, 0.013371, -0.033195, 0.820649, -0.325009, -0.470005, -0.529509, -0.741743, -0.411630, -0.214840, 0.586675, -0.780805)
    }},
    { Time = 0.100, Data = {
      ["Head"] = CFrame.new(-0.000038, 0.202678, -0.169963, 1.000000, 0.000494, -0.000247, -0.000133, 0.648504, 0.761211, 0.000537, -0.761211, 0.648504),
      ["LeftUpperArm"] = CFrame.new(0.105151, -0.208793, 0.295210, 0.992903, 0.100097, -0.064213, 0.039813, -0.788577, -0.613645, -0.112061, 0.606734, -0.786966),
      ["LeftUpperLeg"] = CFrame.new(-0.277121, 0.013355, -0.033256, 0.820673, 0.325249, 0.469797, 0.529493, -0.741938, -0.411298, 0.214786, 0.586295, -0.781105),
      ["LowerTorso"] = CFrame.new(-0.002747, -0.562695, -1.572225, -0.999999, -0.001560, -0.000739, 0.001560, -0.633657, -0.773613, 0.000739, -0.773613, 0.633658),
      ["RightUpperArm"] = CFrame.new(-0.105151, -0.208793, 0.295209, 0.992903, -0.100097, 0.064213, -0.039813, -0.788577, -0.613645, 0.112061, 0.606734, -0.786966),
      ["RightUpperLeg"] = CFrame.new(0.277130, 0.013363, -0.033222, 0.820673, -0.325249, -0.469797, -0.529493, -0.741938, -0.411298, -0.214786, 0.586295, -0.781105)
    }},
    { Time = 0.117, Data = {
      ["Head"] = CFrame.new(-0.000038, 0.202678, -0.169963, 1.000000, 0.000495, -0.000247, -0.000132, 0.647128, 0.762381, 0.000537, -0.762381, 0.647128),
      ["LeftUpperArm"] = CFrame.new(0.105169, -0.209254, 0.295321, 0.992895, 0.100172, -0.064221, 0.039703, -0.787684, -0.614799, -0.112171, 0.607881, -0.786065),
      ["LeftUpperLeg"] = CFrame.new(-0.277145, 0.013384, -0.033234, 0.820625, 0.325579, 0.469652, 0.529550, -0.742187, -0.410775, 0.214830, 0.585797, -0.781467),
      ["LowerTorso"] = CFrame.new(-0.002746, -0.561590, -1.574277, -0.999999, -0.001561, -0.000738, 0.001561, -0.634765, -0.772704, 0.000738, -0.772704, 0.634766),
      ["RightUpperArm"] = CFrame.new(-0.105169, -0.209254, 0.295321, 0.992895, -0.100172, 0.064221, -0.039703, -0.787684, -0.614799, 0.112171, 0.607881, -0.786065),
      ["RightUpperLeg"] = CFrame.new(0.277154, 0.013391, -0.033200, 0.820625, -0.325579, -0.469652, -0.529550, -0.742187, -0.410775, -0.214830, 0.585797, -0.781467)
    }},
    { Time = 0.133, Data = {
      ["Head"] = CFrame.new(-0.000038, 0.202677, -0.169963, 1.000000, 0.000495, -0.000246, -0.000132, 0.645603, 0.763673, 0.000537, -0.763673, 0.645603),
      ["LeftUpperArm"] = CFrame.new(0.105161, -0.209794, 0.295443, 0.992902, 0.100143, -0.064167, 0.039529, -0.786683, -0.616090, -0.112176, 0.609180, -0.785058),
      ["LeftUpperLeg"] = CFrame.new(-0.277133, 0.013366, -0.033236, 0.820649, 0.325863, 0.469413, 0.529514, -0.742475, -0.410299, 0.214826, 0.585272, -0.781861),
      ["LowerTorso"] = CFrame.new(-0.002746, -0.560336, -1.576627, -0.999998, -0.001561, -0.000737, 0.001561, -0.636018, -0.771673, 0.000737, -0.771673, 0.636019),
      ["RightUpperArm"] = CFrame.new(-0.105161, -0.209794, 0.295443, 0.992902, -0.100143, 0.064167, -0.039529, -0.786683, -0.616090, 0.112176, 0.609180, -0.785058),
      ["RightUpperLeg"] = CFrame.new(0.277142, 0.013374, -0.033202, 0.820649, -0.325863, -0.469413, -0.529514, -0.742475, -0.410299, -0.214826, 0.585272, -0.781861)
    }},
    { Time = 0.150, Data = {
      ["Head"] = CFrame.new(-0.000038, 0.202678, -0.169963, 1.000000, 0.000495, -0.000246, -0.000131, 0.643784, 0.765207, 0.000537, -0.765207, 0.643784),
      ["LeftUpperArm"] = CFrame.new(0.105160, -0.210411, 0.295573, 0.992900, 0.100148, -0.064184, 0.039317, -0.785568, -0.617525, -0.112265, 0.610617, -0.783928),
      ["LeftUpperLeg"] = CFrame.new(-0.277141, 0.013374, -0.033227, 0.820633, 0.326265, 0.469162, 0.529532, -0.742817, -0.409657, 0.214844, 0.584614, -0.782348),
      ["LowerTorso"] = CFrame.new(-0.002745, -0.558940, -1.579278, -0.999999, -0.001562, -0.000735, 0.001562, -0.637416, -0.770519, 0.000735, -0.770519, 0.637417),
      ["RightUpperArm"] = CFrame.new(-0.105160, -0.210411, 0.295573, 0.992900, -0.100148, 0.064184, -0.039317, -0.785568, -0.617525, 0.112265, 0.610617, -0.783928),
      ["RightUpperLeg"] = CFrame.new(0.277150, 0.013382, -0.033193, 0.820633, -0.326265, -0.469162, -0.529532, -0.742817, -0.409657, -0.214844, 0.584614, -0.782348)
    }},
    { Time = 0.167, Data = {
      ["Head"] = CFrame.new(-0.000038, 0.202678, -0.169963, 1.000000, 0.000495, -0.000245, -0.000130, 0.641814, 0.766860, 0.000537, -0.766860, 0.641814),
      ["LeftUpperArm"] = CFrame.new(0.105162, -0.211090, 0.295729, 0.992898, 0.100163, -0.064189, 0.039089, -0.784280, -0.619174, -0.112360, 0.612268, -0.782626),
      ["LeftUpperLeg"] = CFrame.new(-0.277133, 0.013369, -0.033243, 0.820649, 0.326717, 0.468819, 0.529520, -0.743205, -0.408968, 0.214812, 0.583868, -0.782913),
      ["LowerTorso"] = CFrame.new(-0.002744, -0.557326, -1.582289, -0.999999, -0.001563, -0.000733, 0.001563, -0.639031, -0.769179, 0.000733, -0.769179, 0.639033),
      ["RightUpperArm"] = CFrame.new(-0.105162, -0.211090, 0.295730, 0.992898, -0.100163, 0.064189, -0.039089, -0.784280, -0.619174, 0.112360, 0.612268, -0.782626),
      ["RightUpperLeg"] = CFrame.new(0.277142, 0.013377, -0.033209, 0.820649, -0.326717, -0.468819, -0.529520, -0.743205, -0.408968, -0.214812, 0.583868, -0.782913)
    }},
    { Time = 0.183, Data = {
      ["Head"] = CFrame.new(-0.000038, 0.202678, -0.169963, 1.000000, 0.000496, -0.000244, -0.000129, 0.639619, 0.768692, 0.000537, -0.768692, 0.639619),
      ["LeftUpperArm"] = CFrame.new(0.105144, -0.211846, 0.295895, 0.992903, 0.100101, -0.064212, 0.038770, -0.782882, -0.620961, -0.112430, 0.614064, -0.781207),
      ["LeftUpperLeg"] = CFrame.new(-0.277125, 0.013362, -0.033259, 0.820665, 0.327168, 0.468477, 0.529508, -0.743593, -0.408279, 0.214780, 0.583122, -0.783479),
      ["LowerTorso"] = CFrame.new(-0.002743, -0.555569, -1.585600, -0.999999, -0.001564, -0.000732, 0.001564, -0.640789, -0.767715, 0.000732, -0.767715, 0.640791),
      ["RightUpperArm"] = CFrame.new(-0.105144, -0.211846, 0.295895, 0.992903, -0.100101, 0.064212, -0.038770, -0.782882, -0.620961, 0.112430, 0.614064, -0.781207),
      ["RightUpperLeg"] = CFrame.new(0.277134, 0.013370, -0.033225, 0.820665, -0.327168, -0.468477, -0.529508, -0.743593, -0.408279, -0.214780, 0.583122, -0.783479)
    }},
    { Time = 0.200, Data = {
      ["Head"] = CFrame.new(-0.000038, 0.202678, -0.169963, 1.000000, 0.000496, -0.000243, -0.000129, 0.637196, 0.770701, 0.000538, -0.770701, 0.637196),
      ["LeftUpperArm"] = CFrame.new(0.105149, -0.212677, 0.296067, 0.992901, 0.100128, -0.064198, 0.038521, -0.781360, -0.622891, -0.112530, 0.615996, -0.779670),
      ["LeftUpperLeg"] = CFrame.new(-0.277118, 0.013347, -0.033250, 0.820681, 0.327663, 0.468103, 0.529477, -0.744072, -0.407445, 0.214797, 0.582231, -0.784136),
      ["LowerTorso"] = CFrame.new(-0.002742, -0.553597, -1.589274, -0.999999, -0.001565, -0.000730, 0.001565, -0.642762, -0.766064, 0.000730, -0.766064, 0.642763),
      ["RightUpperArm"] = CFrame.new(-0.105149, -0.212677, 0.296067, 0.992901, -0.100128, 0.064198, -0.038521, -0.781360, -0.622891, 0.112530, 0.615996, -0.779670),
      ["RightUpperLeg"] = CFrame.new(0.277126, 0.013355, -0.033216, 0.820681, -0.327663, -0.468103, -0.529477, -0.744072, -0.407445, -0.214797, 0.582231, -0.784136)
    }},
    { Time = 0.217, Data = {
      ["Head"] = CFrame.new(-0.000038, 0.202678, -0.169963, 1.000000, 0.000497, -0.000243, -0.000128, 0.634545, 0.772886, 0.000538, -0.772886, 0.634544),
      ["LeftUpperArm"] = CFrame.new(0.105163, -0.213569, 0.296264, 0.992891, 0.100191, -0.064251, 0.038228, -0.779661, -0.625034, -0.112717, 0.618135, -0.777949),
      ["LeftUpperLeg"] = CFrame.new(-0.277130, 0.013363, -0.033242, 0.820656, 0.328254, 0.467732, 0.529509, -0.744557, -0.406516, 0.214813, 0.581278, -0.784839),
      ["LowerTorso"] = CFrame.new(-0.002741, -0.551559, -1.593190, -0.999998, -0.001566, -0.000728, 0.001566, -0.644802, -0.764348, 0.000728, -0.764348, 0.644804),
      ["RightUpperArm"] = CFrame.new(-0.105163, -0.213569, 0.296264, 0.992891, -0.100191, 0.064251, -0.038228, -0.779661, -0.625034, 0.112717, 0.618135, -0.777949),
      ["RightUpperLeg"] = CFrame.new(0.277139, 0.013371, -0.033208, 0.820656, -0.328254, -0.467732, -0.529509, -0.744557, -0.406516, -0.214813, 0.581278, -0.784839)
    }},
    { Time = 0.233, Data = {
      ["Head"] = CFrame.new(-0.000038, 0.202678, -0.169963, 1.000000, 0.000497, -0.000242, -0.000127, 0.631661, 0.775245, 0.000538, -0.775245, 0.631661),
      ["LeftUpperArm"] = CFrame.new(0.105151, -0.214523, 0.296490, 0.992896, 0.100154, -0.064238, 0.037866, -0.777790, -0.627383, -0.112799, 0.620493, -0.776057),
      ["LeftUpperLeg"] = CFrame.new(-0.277122, 0.013352, -0.033246, 0.820671, 0.328726, 0.467373, 0.529487, -0.744988, -0.405753, 0.214805, 0.580458, -0.785447),
      ["LowerTorso"] = CFrame.new(-0.002740, -0.549311, -1.597471, -0.999999, -0.001567, -0.000725, 0.001567, -0.647054, -0.762443, 0.000725, -0.762443, 0.647055),
      ["RightUpperArm"] = CFrame.new(-0.105151, -0.214523, 0.296490, 0.992896, -0.100154, 0.064238, -0.037866, -0.777790, -0.627383, 0.112799, 0.620493, -0.776057),
      ["RightUpperLeg"] = CFrame.new(0.277131, 0.013360, -0.033212, 0.820671, -0.328726, -0.467373, -0.529487, -0.744988, -0.405753, -0.214805, 0.580458, -0.785447)
    }},
    { Time = 0.250, Data = {
      ["Head"] = CFrame.new(-0.000038, 0.202677, -0.169963, 1.000000, 0.000498, -0.000241, -0.000126, 0.628617, 0.777715, 0.000538, -0.777715, 0.628617),
      ["LeftUpperArm"] = CFrame.new(0.105139, -0.215566, 0.296704, 0.992901, 0.100121, -0.064221, 0.037499, -0.775854, -0.629798, -0.112882, 0.622918, -0.774100),
      ["LeftUpperLeg"] = CFrame.new(-0.277135, 0.013379, -0.033263, 0.820647, 0.329272, 0.467032, 0.529540, -0.745378, -0.404968, 0.214771, 0.579648, -0.786055),
      ["LowerTorso"] = CFrame.new(-0.002739, -0.546849, -1.602117, -0.999998, -0.001568, -0.000723, 0.001568, -0.649515, -0.760347, 0.000723, -0.760347, 0.649517),
      ["RightUpperArm"] = CFrame.new(-0.105139, -0.215566, 0.296704, 0.992901, -0.100121, 0.064221, -0.037499, -0.775854, -0.629798, 0.112882, 0.622918, -0.774100),
      ["RightUpperLeg"] = CFrame.new(0.277144, 0.013387, -0.033229, 0.820647, -0.329272, -0.467032, -0.529540, -0.745378, -0.404968, -0.214771, 0.579648, -0.786055)
    }},
    { Time = 0.267, Data = {
      ["Head"] = CFrame.new(-0.000038, 0.202678, -0.169963, 1.000000, 0.000498, -0.000240, -0.000124, 0.625336, 0.780356, 0.000539, -0.780355, 0.625336),
      ["LeftUpperArm"] = CFrame.new(0.105157, -0.216591, 0.296933, 0.992891, 0.100200, -0.064251, 0.037179, -0.773844, -0.632283, -0.113075, 0.625399, -0.772068),
      ["LeftUpperLeg"] = CFrame.new(-0.277123, 0.013345, -0.033228, 0.820670, 0.329621, 0.466744, 0.529475, -0.745801, -0.404274, 0.214842, 0.578905, -0.786583),
      ["LowerTorso"] = CFrame.new(-0.002738, -0.544471, -1.606709, -0.999999, -0.001569, -0.000720, 0.001569, -0.651896, -0.758306, 0.000720, -0.758306, 0.651898),
      ["RightUpperArm"] = CFrame.new(-0.105157, -0.216591, 0.296933, 0.992891, -0.100200, 0.064251, -0.037179, -0.773844, -0.632283, 0.113075, 0.625399, -0.772068),
      ["RightUpperLeg"] = CFrame.new(0.277132, 0.013353, -0.033194, 0.820670, -0.329621, -0.466744, -0.529475, -0.745801, -0.404274, -0.214842, 0.578905, -0.786583)
    }},
    { Time = 0.283, Data = {
      ["Head"] = CFrame.new(-0.000038, 0.202677, -0.169963, 1.000000, 0.000499, -0.000238, -0.000123, 0.621741, 0.783223, 0.000539, -0.783223, 0.621741),
      ["LeftUpperArm"] = CFrame.new(0.105145, -0.217553, 0.297136, 0.992895, 0.100161, -0.064243, 0.036822, -0.772007, -0.634547, -0.113153, 0.627673, -0.770210),
      ["LeftUpperLeg"] = CFrame.new(-0.277131, 0.013360, -0.033231, 0.820654, 0.329999, 0.466507, 0.529503, -0.746091, -0.403702, 0.214835, 0.578316, -0.787018),
      ["LowerTorso"] = CFrame.new(-0.002737, -0.542243, -1.611006, -0.999999, -0.001570, -0.000718, 0.001570, -0.654126, -0.756384, 0.000718, -0.756384, 0.654127),
      ["RightUpperArm"] = CFrame.new(-0.105145, -0.217553, 0.297136, 0.992895, -0.100161, 0.064243, -0.036822, -0.772007, -0.634547, 0.113153, 0.627673, -0.770210),
      ["RightUpperLeg"] = CFrame.new(0.277140, 0.013368, -0.033197, 0.820654, -0.329999, -0.466507, -0.529503, -0.746091, -0.403702, -0.214835, 0.578316, -0.787018)
    }},
    { Time = 0.300, Data = {
      ["Head"] = CFrame.new(-0.000038, 0.202678, -0.169963, 1.000000, 0.000499, -0.000237, -0.000122, 0.618053, 0.786137, 0.000539, -0.786136, 0.618053),
      ["LeftUpperArm"] = CFrame.new(0.105152, -0.218435, 0.297329, 0.992893, 0.100197, -0.064215, 0.036555, -0.770271, -0.636668, -0.113255, 0.629796, -0.768460),
      ["LeftUpperLeg"] = CFrame.new(-0.277140, 0.013375, -0.033234, 0.820637, 0.330377, 0.466269, 0.529532, -0.746380, -0.403129, 0.214829, 0.577727, -0.787452),
      ["LowerTorso"] = CFrame.new(-0.002736, -0.540168, -1.615010, -0.999999, -0.001571, -0.000716, 0.001571, -0.656205, -0.754581, 0.000716, -0.754581, 0.656206),
      ["RightUpperArm"] = CFrame.new(-0.105152, -0.218435, 0.297329, 0.992893, -0.100197, 0.064215, -0.036555, -0.770271, -0.636668, 0.113255, 0.629796, -0.768460),
      ["RightUpperLeg"] = CFrame.new(0.277149, 0.013382, -0.033200, 0.820637, -0.330377, -0.466269, -0.529532, -0.746380, -0.403129, -0.214829, 0.577727, -0.787452)
    }},
    { Time = 0.317, Data = {
      ["Head"] = CFrame.new(-0.000038, 0.202678, -0.169963, 1.000000, 0.000500, -0.000236, -0.000121, 0.614499, 0.788918, 0.000539, -0.788918, 0.614499),
      ["LeftUpperArm"] = CFrame.new(0.105136, -0.219256, 0.297496, 0.992898, 0.100144, -0.064230, 0.036224, -0.768710, -0.638571, -0.113324, 0.631709, -0.766878),
      ["LeftUpperLeg"] = CFrame.new(-0.277128, 0.013357, -0.033236, 0.820660, 0.330659, 0.466027, 0.529497, -0.746663, -0.402651, 0.214825, 0.577200, -0.787840),
      ["LowerTorso"] = CFrame.new(-0.002735, -0.538237, -1.618714, -0.999999, -0.001572, -0.000714, 0.001572, -0.658134, -0.752899, 0.000714, -0.752899, 0.658136),
      ["RightUpperArm"] = CFrame.new(-0.105136, -0.219256, 0.297496, 0.992898, -0.100144, 0.064230, -0.036224, -0.768710, -0.638571, 0.113324, 0.631709, -0.766878),
      ["RightUpperLeg"] = CFrame.new(0.277137, 0.013365, -0.033202, 0.820660, -0.330659, -0.466027, -0.529497, -0.746663, -0.402651, -0.214825, 0.577200, -0.787840)
    }},
    { Time = 0.333, Data = {
      ["Head"] = CFrame.new(-0.000038, 0.202677, -0.169963, 1.000000, 0.000500, -0.000235, -0.000120, 0.611156, 0.791510, 0.000540, -0.791510, 0.611156),
      ["LeftUpperArm"] = CFrame.new(0.105139, -0.219997, 0.297653, 0.992896, 0.100166, -0.064225, 0.035983, -0.767255, -0.640332, -0.113417, 0.633472, -0.765408),
      ["LeftUpperLeg"] = CFrame.new(-0.277132, 0.013359, -0.033226, 0.820652, 0.330870, 0.465892, 0.529501, -0.746853, -0.402292, 0.214846, 0.576832, -0.788102),
      ["LowerTorso"] = CFrame.new(-0.002734, -0.536528, -1.622061, -0.999998, -0.001573, -0.000712, 0.001573, -0.659845, -0.751400, 0.000712, -0.751400, 0.659847),
      ["RightUpperArm"] = CFrame.new(-0.105139, -0.219997, 0.297653, 0.992896, -0.100166, 0.064225, -0.035983, -0.767255, -0.640332, 0.113417, 0.633472, -0.765408),
      ["RightUpperLeg"] = CFrame.new(0.277141, 0.013367, -0.033192, 0.820652, -0.330870, -0.465892, -0.529501, -0.746853, -0.402292, -0.214846, 0.576832, -0.788102)
    }},
    { Time = 0.350, Data = {
      ["Head"] = CFrame.new(-0.000038, 0.202677, -0.169963, 1.000000, 0.000501, -0.000234, -0.000119, 0.608029, 0.793915, 0.000540, -0.793915, 0.608029),
      ["LeftUpperArm"] = CFrame.new(0.105141, -0.220661, 0.297801, 0.992894, 0.100182, -0.064230, 0.035753, -0.765912, -0.641951, -0.113506, 0.635092, -0.764051),
      ["LeftUpperLeg"] = CFrame.new(-0.277120, 0.013352, -0.033253, 0.820675, 0.331108, 0.465681, 0.529486, -0.747043, -0.401959, 0.214792, 0.576450, -0.788397),
      ["LowerTorso"] = CFrame.new(-0.002733, -0.534966, -1.625110, -0.999999, -0.001574, -0.000710, 0.001574, -0.661410, -0.750023, 0.000710, -0.750023, 0.661411),
      ["RightUpperArm"] = CFrame.new(-0.105141, -0.220661, 0.297801, 0.992894, -0.100182, 0.064230, -0.035753, -0.765912, -0.641951, 0.113506, 0.635092, -0.764051),
      ["RightUpperLeg"] = CFrame.new(0.277129, 0.013360, -0.033219, 0.820675, -0.331108, -0.465681, -0.529486, -0.747043, -0.401959, -0.214792, 0.576450, -0.788397)
    }},
    { Time = 0.367, Data = {
      ["Head"] = CFrame.new(-0.000038, 0.202678, -0.169963, 1.000000, 0.000501, -0.000233, -0.000118, 0.605043, 0.796193, 0.000540, -0.796193, 0.605043),
      ["LeftUpperArm"] = CFrame.new(0.105142, -0.221264, 0.297923, 0.992892, 0.100190, -0.064248, 0.035538, -0.764742, -0.643356, -0.113591, 0.636499, -0.762867),
      ["LeftUpperLeg"] = CFrame.new(-0.277124, 0.013364, -0.033267, 0.820667, 0.331275, 0.465578, 0.529511, -0.747141, -0.401745, 0.214764, 0.576227, -0.788567),
      ["LowerTorso"] = CFrame.new(-0.002732, -0.533548, -1.627860, -0.999999, -0.001574, -0.000709, 0.001574, -0.662829, -0.748769, 0.000709, -0.748769, 0.662831),
      ["RightUpperArm"] = CFrame.new(-0.105142, -0.221264, 0.297923, 0.992892, -0.100190, 0.064248, -0.035538, -0.764742, -0.643356, 0.113591, 0.636499, -0.762867),
      ["RightUpperLeg"] = CFrame.new(0.277133, 0.013372, -0.033233, 0.820667, -0.331275, -0.465578, -0.529511, -0.747141, -0.401745, -0.214764, 0.576227, -0.788567)
    }},
    { Time = 0.383, Data = {
      ["Head"] = CFrame.new(-0.000038, 0.202678, -0.169963, 1.000000, 0.000502, -0.000232, -0.000117, 0.602353, 0.798230, 0.000540, -0.798230, 0.602353),
      ["LeftUpperArm"] = CFrame.new(0.105141, -0.221790, 0.298036, 0.992890, 0.100191, -0.064275, 0.035333, -0.763687, -0.644619, -0.113672, 0.637764, -0.761798),
      ["LeftUpperLeg"] = CFrame.new(-0.277124, 0.013349, -0.033229, 0.820667, 0.331341, 0.465531, 0.529481, -0.747279, -0.401528, 0.214839, 0.576010, -0.788706),
      ["LowerTorso"] = CFrame.new(-0.002732, -0.532344, -1.630246, -0.999999, -0.001575, -0.000708, 0.001575, -0.664033, -0.747702, 0.000708, -0.747702, 0.664035),
      ["RightUpperArm"] = CFrame.new(-0.105141, -0.221790, 0.298036, 0.992890, -0.100191, 0.064275, -0.035333, -0.763687, -0.644619, 0.113672, 0.637764, -0.761798),
      ["RightUpperLeg"] = CFrame.new(0.277133, 0.013356, -0.033195, 0.820667, -0.331341, -0.465531, -0.529481, -0.747279, -0.401528, -0.214839, 0.576010, -0.788706)
    }},
    { Time = 0.400, Data = {
      ["Head"] = CFrame.new(-0.000038, 0.202678, -0.169963, 1.000000, 0.000502, -0.000232, -0.000116, 0.599808, 0.800144, 0.000540, -0.800144, 0.599808),
      ["LeftUpperArm"] = CFrame.new(0.105130, -0.222255, 0.298125, 0.992896, 0.100155, -0.064236, 0.035174, -0.762808, -0.645669, -0.113667, 0.638822, -0.760912),
      ["LeftUpperLeg"] = CFrame.new(-0.277129, 0.013367, -0.033256, 0.820658, 0.331486, 0.465443, 0.529516, -0.747331, -0.401386, 0.214786, 0.575860, -0.788830),
      ["LowerTorso"] = CFrame.new(-0.002731, -0.531285, -1.632333, -0.999999, -0.001575, -0.000706, 0.001575, -0.665094, -0.746758, 0.000706, -0.746758, 0.665095),
      ["RightUpperArm"] = CFrame.new(-0.105130, -0.222255, 0.298125, 0.992896, -0.100155, 0.064236, -0.035174, -0.762808, -0.645669, 0.113667, 0.638822, -0.760912),
      ["RightUpperLeg"] = CFrame.new(0.277138, 0.013374, -0.033222, 0.820658, -0.331486, -0.465443, -0.529516, -0.747331, -0.401386, -0.214786, 0.575860, -0.788830)
    }},
    { Time = 0.417, Data = {
      ["Head"] = CFrame.new(-0.000038, 0.202677, -0.169963, 1.000000, 0.000502, -0.000231, -0.000115, 0.597566, 0.801820, 0.000541, -0.801820, 0.597566),
      ["LeftUpperArm"] = CFrame.new(0.105147, -0.222641, 0.298202, 0.992888, 0.100223, -0.064257, 0.035076, -0.762038, -0.646581, -0.113768, 0.639729, -0.760134),
      ["LeftUpperLeg"] = CFrame.new(-0.277129, 0.013367, -0.033256, 0.820658, 0.331486, 0.465443, 0.529516, -0.747331, -0.401386, 0.214786, 0.575860, -0.788830),
      ["LowerTorso"] = CFrame.new(-0.002731, -0.530368, -1.634119, -0.999999, -0.001576, -0.000706, 0.001576, -0.666011, -0.745940, 0.000706, -0.745940, 0.666013),
      ["RightUpperArm"] = CFrame.new(-0.105147, -0.222641, 0.298202, 0.992888, -0.100223, 0.064257, -0.035076, -0.762038, -0.646581, 0.113768, 0.639729, -0.760134),
      ["RightUpperLeg"] = CFrame.new(0.277138, 0.013374, -0.033221, 0.820658, -0.331486, -0.465443, -0.529516, -0.747331, -0.401386, -0.214786, 0.575860, -0.788830)
    }},
    { Time = 0.433, Data = {
      ["Head"] = CFrame.new(-0.000038, 0.202678, -0.169963, 1.000000, 0.000503, -0.000230, -0.000114, 0.595472, 0.803376, 0.000541, -0.803376, 0.595472),
      ["LeftUpperArm"] = CFrame.new(0.105133, -0.222953, 0.298275, 0.992894, 0.100175, -0.064236, 0.034938, -0.761392, -0.647349, -0.113757, 0.640505, -0.759482),
      ["LeftUpperLeg"] = CFrame.new(-0.277129, 0.013366, -0.033256, 0.820658, 0.331486, 0.465443, 0.529516, -0.747331, -0.401386, 0.214786, 0.575860, -0.788830),
      ["LowerTorso"] = CFrame.new(-0.002730, -0.529664, -1.635542, -0.999998, -0.001576, -0.000705, 0.001576, -0.666717, -0.745310, 0.000705, -0.745310, 0.666718),
      ["RightUpperArm"] = CFrame.new(-0.105133, -0.222953, 0.298275, 0.992894, -0.100175, 0.064236, -0.034938, -0.761392, -0.647349, 0.113757, 0.640505, -0.759482),
      ["RightUpperLeg"] = CFrame.new(0.277138, 0.013374, -0.033222, 0.820658, -0.331486, -0.465443, -0.529516, -0.747331, -0.401386, -0.214786, 0.575860, -0.788830)
    }},
    { Time = 0.450, Data = {
      ["Head"] = CFrame.new(-0.000038, 0.202677, -0.169963, 1.000000, 0.000503, -0.000230, -0.000114, 0.593606, 0.804756, 0.000541, -0.804756, 0.593606),
      ["LeftUpperArm"] = CFrame.new(0.105146, -0.223203, 0.298319, 0.992886, 0.100228, -0.064279, 0.034866, -0.760918, -0.647911, -0.113850, 0.641060, -0.758999),
      ["LeftUpperLeg"] = CFrame.new(-0.277145, 0.013381, -0.033231, 0.820626, 0.331436, 0.465534, 0.529544, -0.747284, -0.401433, 0.214837, 0.575948, -0.788752),
      ["LowerTorso"] = CFrame.new(-0.002730, -0.529099, -1.636661, -0.999998, -0.001576, -0.000704, 0.001576, -0.667280, -0.744805, 0.000704, -0.744805, 0.667282),
      ["RightUpperArm"] = CFrame.new(-0.105146, -0.223203, 0.298319, 0.992886, -0.100228, 0.064279, -0.034866, -0.760918, -0.647911, 0.113850, 0.641060, -0.758999),
      ["RightUpperLeg"] = CFrame.new(0.277154, 0.013389, -0.033196, 0.820626, -0.331436, -0.465534, -0.529544, -0.747284, -0.401433, -0.214837, 0.575948, -0.788752)
    }},
    { Time = 0.467, Data = {
      ["Head"] = CFrame.new(-0.000038, 0.202677, -0.169963, 1.000000, 0.000503, -0.000229, -0.000113, 0.591892, 0.806017, 0.000541, -0.806017, 0.591892),
      ["LeftUpperArm"] = CFrame.new(0.105151, -0.223377, 0.298356, 0.992886, 0.100246, -0.064252, 0.034834, -0.760561, -0.648331, -0.113860, 0.641480, -0.758643),
      ["LeftUpperLeg"] = CFrame.new(-0.277124, 0.013349, -0.033230, 0.820667, 0.331341, 0.465531, 0.529481, -0.747279, -0.401528, 0.214839, 0.576010, -0.788706),
      ["LowerTorso"] = CFrame.new(-0.002730, -0.528678, -1.637480, -0.999999, -0.001577, -0.000704, 0.001577, -0.667703, -0.744427, 0.000704, -0.744427, 0.667704),
      ["RightUpperArm"] = CFrame.new(-0.105151, -0.223377, 0.298356, 0.992886, -0.100246, 0.064252, -0.034834, -0.760561, -0.648331, 0.113860, 0.641480, -0.758643),
      ["RightUpperLeg"] = CFrame.new(0.277133, 0.013357, -0.033195, 0.820667, -0.331341, -0.465531, -0.529481, -0.747279, -0.401528, -0.214839, 0.576010, -0.788706)
    }},
    { Time = 0.483, Data = {
      ["Head"] = CFrame.new(-0.000038, 0.202677, -0.169963, 1.000000, 0.000503, -0.000229, -0.000113, 0.590487, 0.807047, 0.000541, -0.807047, 0.590487),
      ["LeftUpperArm"] = CFrame.new(0.105132, -0.223476, 0.298387, 0.992892, 0.100177, -0.064263, 0.034733, -0.760330, -0.648608, -0.113837, 0.641766, -0.758405),
      ["LeftUpperLeg"] = CFrame.new(-0.277125, 0.013359, -0.033254, 0.820667, 0.331297, 0.465562, 0.529501, -0.747187, -0.401672, 0.214789, 0.576155, -0.788614),
      ["LowerTorso"] = CFrame.new(-0.002730, -0.528468, -1.637933, -0.999999, -0.001577, -0.000703, 0.001577, -0.667914, -0.744237, 0.000703, -0.744237, 0.667915),
      ["RightUpperArm"] = CFrame.new(-0.105133, -0.223476, 0.298387, 0.992892, -0.100177, 0.064263, -0.034733, -0.760330, -0.648608, 0.113837, 0.641766, -0.758405),
      ["RightUpperLeg"] = CFrame.new(0.277133, 0.013367, -0.033220, 0.820667, -0.331297, -0.465562, -0.529501, -0.747187, -0.401672, -0.214789, 0.576155, -0.788614)
    }},
    { Time = 0.500, Data = {
      ["Head"] = CFrame.new(-0.000038, 0.202677, -0.169963, 1.000000, 0.000503, -0.000228, -0.000112, 0.589315, 0.807903, 0.000541, -0.807903, 0.589315),
      ["LeftUpperArm"] = CFrame.new(0.105133, -0.223515, 0.298391, 0.992892, 0.100180, -0.064259, 0.034727, -0.760271, -0.648678, -0.113838, 0.641835, -0.758346),
      ["LeftUpperLeg"] = CFrame.new(-0.277140, 0.013379, -0.033241, 0.820635, 0.331226, 0.465669, 0.529540, -0.747095, -0.401792, 0.214815, 0.576315, -0.788489),
      ["LowerTorso"] = CFrame.new(-0.002730, -0.528325, -1.638147, -0.999998, -0.001577, -0.000703, 0.001577, -0.668054, -0.744111, 0.000703, -0.744111, 0.668056),
      ["RightUpperArm"] = CFrame.new(-0.105133, -0.223515, 0.298391, 0.992892, -0.100180, 0.064259, -0.034727, -0.760271, -0.648678, 0.113838, 0.641835, -0.758346),
      ["RightUpperLeg"] = CFrame.new(0.277149, 0.013387, -0.033207, 0.820635, -0.331226, -0.465669, -0.529540, -0.747095, -0.401792, -0.214815, 0.576315, -0.788489)
    }},
    { Time = 0.517, Data = {
      ["Head"] = CFrame.new(-0.000038, 0.202678, -0.169963, 1.000000, 0.000504, -0.000228, -0.000112, 0.588297, 0.808645, 0.000541, -0.808645, 0.588297),
      ["LeftUpperArm"] = CFrame.new(0.105132, -0.223476, 0.298387, 0.992892, 0.100177, -0.064263, 0.034733, -0.760330, -0.648608, -0.113837, 0.641766, -0.758405),
      ["LeftUpperLeg"] = CFrame.new(-0.277136, 0.013366, -0.033227, 0.820643, 0.331059, 0.465773, 0.529516, -0.746997, -0.402006, 0.214843, 0.576538, -0.788319),
      ["LowerTorso"] = CFrame.new(-0.002730, -0.528468, -1.637933, -0.999999, -0.001577, -0.000703, 0.001577, -0.667914, -0.744237, 0.000703, -0.744237, 0.667915),
      ["RightUpperArm"] = CFrame.new(-0.105133, -0.223476, 0.298387, 0.992892, -0.100177, 0.064263, -0.034733, -0.760330, -0.648608, 0.113837, 0.641766, -0.758405),
      ["RightUpperLeg"] = CFrame.new(0.277145, 0.013374, -0.033193, 0.820643, -0.331059, -0.465773, -0.529516, -0.746997, -0.402006, -0.214843, 0.576538, -0.788319)
    }},
    { Time = 0.533, Data = {
      ["Head"] = CFrame.new(-0.000038, 0.202677, -0.169963, 1.000000, 0.000504, -0.000228, -0.000112, 0.587513, 0.809214, 0.000541, -0.809214, 0.587513),
      ["LeftUpperArm"] = CFrame.new(0.105151, -0.223377, 0.298356, 0.992886, 0.100246, -0.064252, 0.034834, -0.760561, -0.648331, -0.113860, 0.641480, -0.758643),
      ["LeftUpperLeg"] = CFrame.new(-0.277132, 0.013359, -0.033226, 0.820652, 0.330870, 0.465892, 0.529501, -0.746853, -0.402292, 0.214846, 0.576832, -0.788102),
      ["LowerTorso"] = CFrame.new(-0.002730, -0.528678, -1.637480, -0.999999, -0.001577, -0.000704, 0.001577, -0.667703, -0.744427, 0.000704, -0.744427, 0.667704),
      ["RightUpperArm"] = CFrame.new(-0.105151, -0.223377, 0.298356, 0.992886, -0.100246, 0.064252, -0.034834, -0.760561, -0.648331, 0.113860, 0.641480, -0.758643),
      ["RightUpperLeg"] = CFrame.new(0.277141, 0.013367, -0.033192, 0.820652, -0.330870, -0.465892, -0.529501, -0.746853, -0.402292, -0.214846, 0.576832, -0.788102)
    }},
    { Time = 0.550, Data = {
      ["Head"] = CFrame.new(-0.000038, 0.202677, -0.169963, 1.000000, 0.000504, -0.000228, -0.000111, 0.586964, 0.809613, 0.000541, -0.809613, 0.586964),
      ["LeftUpperArm"] = CFrame.new(0.105146, -0.223203, 0.298319, 0.992886, 0.100228, -0.064279, 0.034866, -0.760918, -0.647911, -0.113850, 0.641060, -0.758999),
      ["LeftUpperLeg"] = CFrame.new(-0.277128, 0.013352, -0.033224, 0.820660, 0.330681, 0.466011, 0.529487, -0.746709, -0.402579, 0.214850, 0.577127, -0.787886),
      ["LowerTorso"] = CFrame.new(-0.002730, -0.529099, -1.636661, -0.999998, -0.001576, -0.000704, 0.001576, -0.667280, -0.744805, 0.000704, -0.744805, 0.667282),
      ["RightUpperArm"] = CFrame.new(-0.105146, -0.223203, 0.298319, 0.992886, -0.100228, 0.064279, -0.034866, -0.760918, -0.647911, 0.113850, 0.641060, -0.758999),
      ["RightUpperLeg"] = CFrame.new(0.277137, 0.013360, -0.033190, 0.820660, -0.330681, -0.466011, -0.529487, -0.746709, -0.402579, -0.214850, 0.577127, -0.787886)
    }},
    { Time = 0.567, Data = {
      ["Head"] = CFrame.new(-0.000038, 0.202678, -0.169963, 1.000000, 0.000504, -0.000227, -0.000111, 0.586651, 0.809840, 0.000541, -0.809840, 0.586651),
      ["LeftUpperArm"] = CFrame.new(0.105133, -0.222953, 0.298275, 0.992894, 0.100175, -0.064236, 0.034938, -0.761392, -0.647349, -0.113757, 0.640505, -0.759482),
      ["LeftUpperLeg"] = CFrame.new(-0.277144, 0.013382, -0.033236, 0.820628, 0.330566, 0.466149, 0.529546, -0.746524, -0.402843, 0.214826, 0.577432, -0.787669),
      ["LowerTorso"] = CFrame.new(-0.002730, -0.529664, -1.635542, -0.999998, -0.001576, -0.000705, 0.001576, -0.666717, -0.745310, 0.000705, -0.745310, 0.666718),
      ["RightUpperArm"] = CFrame.new(-0.105133, -0.222953, 0.298275, 0.992894, -0.100175, 0.064236, -0.034938, -0.761392, -0.647349, 0.113757, 0.640505, -0.759482),
      ["RightUpperLeg"] = CFrame.new(0.277153, 0.013389, -0.033202, 0.820628, -0.330566, -0.466149, -0.529546, -0.746524, -0.402843, -0.214826, 0.577432, -0.787669)
    }},
    { Time = 0.583, Data = {
      ["Head"] = CFrame.new(-0.000038, 0.202677, -0.169963, 1.000000, 0.000504, -0.000227, -0.000111, 0.586494, 0.809954, 0.000541, -0.809954, 0.586494),
      ["LeftUpperArm"] = CFrame.new(0.105147, -0.222641, 0.298202, 0.992888, 0.100223, -0.064257, 0.035076, -0.762038, -0.646581, -0.113768, 0.639729, -0.760134),
      ["LeftUpperLeg"] = CFrame.new(-0.277140, 0.013380, -0.033247, 0.820637, 0.330355, 0.466284, 0.529542, -0.746334, -0.403202, 0.214804, 0.577799, -0.787406),
      ["LowerTorso"] = CFrame.new(-0.002731, -0.530367, -1.634119, -0.999999, -0.001576, -0.000706, 0.001576, -0.666011, -0.745940, 0.000706, -0.745940, 0.666013),
      ["RightUpperArm"] = CFrame.new(-0.105147, -0.222641, 0.298202, 0.992888, -0.100223, 0.064257, -0.035076, -0.762038, -0.646581, 0.113768, 0.639729, -0.760134),
      ["RightUpperLeg"] = CFrame.new(0.277149, 0.013388, -0.033213, 0.820637, -0.330355, -0.466284, -0.529542, -0.746334, -0.403202, -0.214804, 0.577799, -0.787406)
    }},
    { Time = 0.600, Data = {
      ["Head"] = CFrame.new(-0.000038, 0.202677, -0.169963, 1.000000, 0.000504, -0.000227, -0.000111, 0.586729, 0.809783, 0.000541, -0.809783, 0.586729),
      ["LeftUpperArm"] = CFrame.new(0.105130, -0.222255, 0.298125, 0.992896, 0.100155, -0.064236, 0.035174, -0.762808, -0.645669, -0.113667, 0.638822, -0.760912),
      ["LeftUpperLeg"] = CFrame.new(-0.277115, 0.013340, -0.033244, 0.820686, 0.330070, 0.466400, 0.529464, -0.746183, -0.403582, 0.214809, 0.578156, -0.787142),
      ["LowerTorso"] = CFrame.new(-0.002731, -0.531286, -1.632334, -0.999999, -0.001575, -0.000706, 0.001575, -0.665094, -0.746758, 0.000706, -0.746758, 0.665095),
      ["RightUpperArm"] = CFrame.new(-0.105130, -0.222255, 0.298125, 0.992896, -0.100155, 0.064236, -0.035174, -0.762808, -0.645669, 0.113667, 0.638822, -0.760912),
      ["RightUpperLeg"] = CFrame.new(0.277124, 0.013348, -0.033210, 0.820686, -0.330070, -0.466400, -0.529464, -0.746183, -0.403582, -0.214809, 0.578156, -0.787142)
    }},
    { Time = 0.617, Data = {
      ["Head"] = CFrame.new(-0.000038, 0.202678, -0.169963, 1.000000, 0.000504, -0.000228, -0.000112, 0.587357, 0.809328, 0.000541, -0.809328, 0.587357),
      ["LeftUpperArm"] = CFrame.new(0.105141, -0.221790, 0.298036, 0.992890, 0.100191, -0.064275, 0.035333, -0.763687, -0.644619, -0.113672, 0.637764, -0.761798),
      ["LeftUpperLeg"] = CFrame.new(-0.277127, 0.013353, -0.033229, 0.820662, 0.329810, 0.466626, 0.529489, -0.745947, -0.403988, 0.214838, 0.578610, -0.786801),
      ["LowerTorso"] = CFrame.new(-0.002732, -0.532344, -1.630246, -0.999999, -0.001575, -0.000708, 0.001575, -0.664033, -0.747702, 0.000708, -0.747702, 0.664035),
      ["RightUpperArm"] = CFrame.new(-0.105141, -0.221790, 0.298036, 0.992890, -0.100191, 0.064275, -0.035333, -0.763687, -0.644619, 0.113672, 0.637764, -0.761798),
      ["RightUpperLeg"] = CFrame.new(0.277136, 0.013360, -0.033195, 0.820662, -0.329810, -0.466626, -0.529489, -0.745947, -0.403988, -0.214838, 0.578610, -0.786801)
    }},
    { Time = 0.633, Data = {
      ["Head"] = CFrame.new(-0.000038, 0.202678, -0.169963, 1.000000, 0.000504, -0.000228, -0.000112, 0.588454, 0.808531, 0.000541, -0.808531, 0.588454),
      ["LeftUpperArm"] = CFrame.new(0.105142, -0.221264, 0.297923, 0.992892, 0.100190, -0.064248, 0.035538, -0.764742, -0.643356, -0.113591, 0.636499, -0.762867),
      ["LeftUpperLeg"] = CFrame.new(-0.277139, 0.013371, -0.033228, 0.820638, 0.329528, 0.466867, 0.529524, -0.745663, -0.404465, 0.214842, 0.579137, -0.786412),
      ["LowerTorso"] = CFrame.new(-0.002732, -0.533548, -1.627860, -0.999999, -0.001574, -0.000709, 0.001574, -0.662829, -0.748769, 0.000709, -0.748769, 0.662831),
      ["RightUpperArm"] = CFrame.new(-0.105142, -0.221264, 0.297923, 0.992892, -0.100190, 0.064248, -0.035538, -0.764742, -0.643356, 0.113591, 0.636499, -0.762867),
      ["RightUpperLeg"] = CFrame.new(0.277148, 0.013379, -0.033194, 0.820638, -0.329528, -0.466867, -0.529524, -0.745663, -0.404465, -0.214842, 0.579137, -0.786412)
    }},
    { Time = 0.650, Data = {
