return {
  ["Astros hump"] = {
    { Time = 0.000, Data = {
      ["Cock"] = CFrame.new(0.000000, 0.000000, 0.000000, 0.986874, -0.161494, 0.000000, 0.161494, 0.986874, 0.000000, 0.000000, 0.000000, 1.000000),
      ["Head"] = CFrame.new(0.000000, -0.000001, 0.000006, 1.000000, 0.000000, 0.000000, 0.000000, 0.999756, -0.022097, 0.000000, 0.022097, 0.999756),
      ["LeftUpperArm"] = CFrame.new(-0.075601, -0.410805, -0.104745, 0.973408, 0.006815, 0.228978, 0.162694, 0.683116, -0.711958, -0.161270, 0.730278, 0.663841),
      ["LeftUpperLeg"] = CFrame.new(-0.000741, -0.061672, -0.016640, 0.999535, 0.024217, 0.018511, -0.020481, 0.983349, -0.180570, -0.022576, 0.180107, 0.983388),
      ["LowerTorso"] = CFrame.new(0.000000, 0.003005, 0.444723, 1.000000, -0.000000, 0.000000, 0.000000, 0.996996, 0.077459, -0.000000, -0.077459, 0.996996),
      ["RightUpperArm"] = CFrame.new(-0.064636, -0.511161, -0.212895, 0.932079, 0.205786, -0.298127, -0.359537, 0.626126, -0.691881, 0.044286, 0.752076, 0.657587),
      ["RightUpperLeg"] = CFrame.new(0.001827, -0.070963, -0.027062, 0.998291, -0.046314, -0.035629, 0.039099, 0.982571, -0.181730, 0.043425, 0.180027, 0.982703)
    }},
    { Time = 0.017, Data = {
      ["Cock"] = CFrame.new(-0.000000, -0.000000, 0.000000, 0.986860, -0.161579, 0.000000, 0.161579, 0.986860, 0.000000, 0.000000, 0.000000, 1.000000),
      ["Head"] = CFrame.new(0.000000, -0.000001, 0.000006, 1.000000, 0.000000, 0.000000, 0.000000, 0.999674, -0.025549, 0.000000, 0.025549, 0.999674),
      ["LeftUpperLeg"] = CFrame.new(-0.000741, -0.061638, -0.016636, 0.999535, 0.024216, 0.018513, -0.020482, 0.983365, -0.180485, -0.022575, 0.180022, 0.983404),
      ["LowerTorso"] = CFrame.new(0.000000, 0.002998, 0.444590, 1.000000, -0.000000, 0.000000, 0.000000, 0.997002, 0.077373, -0.000000, -0.077373, 0.997002),
      ["RightUpperLeg"] = CFrame.new(0.001827, -0.070929, -0.027058, 0.998291, -0.046312, -0.035631, 0.039100, 0.982587, -0.181645, 0.043423, 0.179941, 0.982718)
    }},
    { Time = 0.033, Data = {
      ["Cock"] = CFrame.new(0.000000, 0.000000, 0.000000, 0.986818, -0.161836, 0.000000, 0.161836, 0.986818, 0.000000, 0.000000, 0.000000, 1.000000),
      ["Head"] = CFrame.new(0.000000, -0.000001, 0.000006, 1.000000, 0.000000, 0.000000, 0.000000, 0.999579, -0.029001, 0.000000, 0.029001, 0.999579),
      ["LeftUpperLeg"] = CFrame.new(-0.000740, -0.061534, -0.016623, 0.999535, 0.024213, 0.018517, -0.020486, 0.983427, -0.180144, -0.022572, 0.179681, 0.983466),
      ["LowerTorso"] = CFrame.new(0.000000, 0.002985, 0.444278, 1.000000, -0.000000, 0.000000, 0.000000, 0.997016, 0.077201, -0.000000, -0.077201, 0.997016),
      ["RightUpperLeg"] = CFrame.new(0.001823, -0.070784, -0.027040, 0.998295, -0.046220, -0.035647, 0.039022, 0.982653, -0.181303, 0.043408, 0.179602, 0.982781)
    }},
    { Time = 0.050, Data = {
      ["Cock"] = CFrame.new(0.000000, 0.000000, 0.000000, 0.986762, -0.162178, 0.000000, 0.162178, 0.986762, 0.000000, 0.000000, 0.000000, 1.000000),
      ["Head"] = CFrame.new(0.000000, -0.000001, 0.000006, 1.000000, 0.000000, 0.000000, 0.000000, 0.999473, -0.032453, 0.000000, 0.032453, 0.999473),
      ["LeftUpperLeg"] = CFrame.new(-0.000738, -0.061362, -0.016602, 0.999535, 0.024207, 0.018524, -0.020492, 0.983536, -0.179547, -0.022565, 0.179084, 0.983575),
      ["LowerTorso"] = CFrame.new(0.000000, 0.002965, 0.443786, 1.000000, -0.000000, 0.000000, 0.000000, 0.997036, 0.076942, -0.000000, -0.076942, 0.997036),
      ["RightUpperLeg"] = CFrame.new(0.001819, -0.070615, -0.027016, 0.998295, -0.046209, -0.035661, 0.039035, 0.982762, -0.180706, 0.043397, 0.179006, 0.982890)
    }},
    { Time = 0.067, Data = {
      ["Cock"] = CFrame.new(0.000000, 0.000000, 0.000000, 0.986677, -0.162690, 0.000000, 0.162690, 0.986677, 0.000000, 0.000000, 0.000000, 1.000000),
      ["Head"] = CFrame.new(0.000000, -0.000001, 0.000006, 1.000000, 0.000000, 0.000000, 0.000000, 0.999355, -0.035904, 0.000000, 0.035904, 0.999355),
      ["LeftUpperLeg"] = CFrame.new(-0.000735, -0.061078, -0.016568, 0.999537, 0.024114, 0.018541, -0.020415, 0.983677, -0.178779, -0.022550, 0.178318, 0.983715),
      ["LowerTorso"] = CFrame.new(0.000000, 0.002931, 0.443030, 1.000000, -0.000000, 0.000000, 0.000000, 0.997069, 0.076512, -0.000000, -0.076512, 0.997069),
      ["RightUpperLeg"] = CFrame.new(0.001815, -0.070379, -0.026981, 0.998295, -0.046194, -0.035681, 0.039054, 0.982918, -0.179854, 0.043380, 0.178154, 0.983046)
    }},
    { Time = 0.083, Data = {
      ["Cock"] = CFrame.new(0.000000, 0.000000, 0.000000, 0.986578, -0.163289, 0.000000, 0.163289, 0.986578, 0.000000, 0.000000, 0.000000, 1.000000),
      ["Head"] = CFrame.new(0.000000, -0.000001, 0.000006, 1.000000, 0.000000, 0.000000, 0.000000, 0.999229, -0.039269, 0.000000, 0.039269, 0.999229),
      ["LeftUpperLeg"] = CFrame.new(-0.000732, -0.060769, -0.016530, 0.999537, 0.024105, 0.018554, -0.020427, 0.983863, -0.177755, -0.022539, 0.177294, 0.983900),
      ["LowerTorso"] = CFrame.new(0.000000, 0.002892, 0.442096, 1.000000, -0.000000, 0.000000, 0.000000, 0.997108, 0.075995, -0.000000, -0.075995, 0.997108),
      ["RightUpperLeg"] = CFrame.new(0.001811, -0.070072, -0.026982, 0.998292, -0.046183, -0.035791, 0.039069, 0.983104, -0.178833, 0.043445, 0.177129, 0.983228)
    }},
    { Time = 0.100, Data = {
      ["Cock"] = CFrame.new(0.000000, 0.000000, 0.000000, 0.986451, -0.164058, 0.000000, 0.164058, 0.986451, 0.000000, 0.000000, 0.000000, 1.000000),
      ["Head"] = CFrame.new(0.000000, -0.000001, 0.000006, 1.000000, 0.000000, 0.000000, 0.000000, 0.999091, -0.042633, 0.000000, 0.042633, 0.999091),
      ["LeftUpperLeg"] = CFrame.new(-0.000729, -0.060390, -0.016527, 0.999535, 0.024100, 0.018655, -0.020434, 0.984093, -0.176477, -0.022612, 0.176014, 0.984128),
      ["LowerTorso"] = CFrame.new(0.000000, 0.002846, 0.440986, 1.000000, -0.000000, 0.000000, 0.000000, 0.997154, 0.075392, -0.000000, -0.075392, 0.997154),
      ["RightUpperLeg"] = CFrame.new(0.001803, -0.069703, -0.026930, 0.998292, -0.046161, -0.035819, 0.039095, 0.983319, -0.177639, 0.043422, 0.175935, 0.983444)
    }},
    { Time = 0.117, Data = {
      ["Cock"] = CFrame.new(0.000000, 0.000000, 0.000000, 0.986294, -0.164997, 0.000000, 0.164997, 0.986294, 0.000000, 0.000000, 0.000000, 1.000000),
      ["Head"] = CFrame.new(0.000000, -0.000001, 0.000006, 1.000000, 0.000000, 0.000000, 0.000000, 0.998946, -0.045911, 0.000000, 0.045911, 0.998946),
      ["LeftUpperLeg"] = CFrame.new(-0.000724, -0.059949, -0.016472, 0.999535, 0.024086, 0.018673, -0.020451, 0.984351, -0.175027, -0.022597, 0.174564, 0.984387),
      ["LowerTorso"] = CFrame.new(0.000000, 0.002788, 0.439614, 1.000000, -0.000000, 0.000000, 0.000000, 0.997212, 0.074616, -0.000000, -0.074616, 0.997212),
      ["RightUpperLeg"] = CFrame.new(0.001793, -0.069228, -0.026864, 0.998295, -0.046047, -0.035863, 0.039043, 0.983597, -0.176103, 0.043383, 0.174402, 0.983718)
    }},
    { Time = 0.133, Data = {
      ["Cock"] = CFrame.new(0.000000, 0.000000, 0.000000, 0.986122, -0.166022, 0.000000, 0.166022, 0.986122, 0.000000, 0.000000, 0.000000, 1.000000),
      ["Head"] = CFrame.new(0.000000, -0.000001, 0.000006, 1.000000, 0.000000, 0.000000, 0.000000, 0.998794, -0.049102, 0.000000, 0.049102, 0.998794),
      ["LeftUpperLeg"] = CFrame.new(-0.000719, -0.059444, -0.016410, 0.999535, 0.024070, 0.018694, -0.020470, 0.984653, -0.173320, -0.022579, 0.172857, 0.984688),
      ["LowerTorso"] = CFrame.new(0.000000, 0.002724, 0.438069, 1.000000, -0.000000, 0.000000, 0.000000, 0.997276, 0.073755, -0.000000, -0.073755, 0.997276),
      ["RightUpperLeg"] = CFrame.new(0.001785, -0.068727, -0.026837, 0.998292, -0.046025, -0.035986, 0.039071, 0.983885, -0.174484, 0.043437, 0.172780, 0.984002)
    }},
    { Time = 0.150, Data = {
      ["Cock"] = CFrame.new(0.000000, 0.000000, 0.000000, 0.985920, -0.167218, 0.000000, 0.167218, 0.985920, 0.000000, 0.000000, 0.000000, 1.000000),
      ["Head"] = CFrame.new(0.000000, -0.000001, 0.000007, 1.000000, 0.000000, 0.000000, 0.000000, 0.998636, -0.052207, 0.000000, 0.052207, 0.998636),
      ["LeftUpperLeg"] = CFrame.new(-0.000713, -0.058875, -0.016340, 0.999535, 0.024052, 0.018717, -0.020492, 0.984981, -0.171443, -0.022559, 0.170980, 0.985016),
      ["LowerTorso"] = CFrame.new(0.000000, 0.002654, 0.436353, 1.000000, -0.000000, 0.000000, 0.000000, 0.997346, 0.072807, -0.000000, -0.072807, 0.997346),
      ["RightUpperLeg"] = CFrame.new(0.001772, -0.068126, -0.026754, 0.998296, -0.045904, -0.036040, 0.039029, 0.984232, -0.172520, 0.043391, 0.170819, 0.984346)
    }},
    { Time = 0.167, Data = {
      ["Cock"] = CFrame.new(0.000000, 0.000000, 0.000000, 0.985702, -0.168499, 0.000000, 0.168499, 0.985702, 0.000000, 0.000000, 0.000000, 1.000000),
      ["Head"] = CFrame.new(0.000000, -0.000001, 0.000007, 1.000000, 0.000000, 0.000000, 0.000000, 0.998469, -0.055311, 0.000000, 0.055311, 0.998469),
      ["LeftUpperLeg"] = CFrame.new(-0.000706, -0.058202, -0.016258, 0.999537, 0.023946, 0.018750, -0.020430, 0.985351, -0.169308, -0.022530, 0.168847, 0.985385),
      ["LowerTorso"] = CFrame.new(0.000000, 0.002579, 0.434467, 1.000000, -0.000000, 0.000000, 0.000000, 0.997421, 0.071774, -0.000000, -0.071774, 0.997421),
      ["RightUpperLeg"] = CFrame.new(0.001762, -0.067503, -0.026710, 0.998292, -0.045873, -0.036173, 0.039066, 0.984587, -0.170474, 0.043436, 0.168770, 0.984698)
    }},
    { Time = 0.183, Data = {
      ["Cock"] = CFrame.new(0.000000, 0.000000, 0.000000, 0.985453, -0.169951, 0.000000, 0.169951, 0.985453, 0.000000, 0.000000, 0.000000, 1.000000),
      ["Head"] = CFrame.new(0.000000, -0.000001, 0.000007, 1.000000, 0.000000, 0.000000, 0.000000, 0.998302, -0.058243, 0.000000, 0.058243, 0.998302),
      ["LeftUpperLeg"] = CFrame.new(-0.000700, -0.057508, -0.016216, 0.999536, 0.023931, 0.018864, -0.020449, 0.985744, -0.167003, -0.022592, 0.166540, 0.985776),
      ["LowerTorso"] = CFrame.new(0.000000, 0.002493, 0.432327, 1.000000, -0.000000, 0.000000, 0.000000, 0.997507, 0.070567, -0.000000, -0.070567, 0.997507),
      ["RightUpperLeg"] = CFrame.new(0.001747, -0.066782, -0.026610, 0.998296, -0.045745, -0.036234, 0.039031, 0.984985, -0.168168, 0.043383, 0.166467, 0.985092)
    }},
    { Time = 0.200, Data = {
      ["Cock"] = CFrame.new(0.000000, 0.000000, 0.000000, 0.985186, -0.171487, 0.000000, 0.171487, 0.985186, 0.000000, 0.000000, 0.000000, 1.000000),
      ["Head"] = CFrame.new(0.000000, -0.000001, 0.000007, 1.000000, 0.000000, 0.000000, 0.000000, 0.998132, -0.061087, 0.000000, 0.061087, 0.998132),
      ["LeftUpperLeg"] = CFrame.new(-0.000692, -0.056760, -0.016124, 0.999536, 0.023908, 0.018894, -0.020478, 0.986160, -0.164526, -0.022566, 0.164063, 0.986192),
      ["LowerTorso"] = CFrame.new(0.000000, 0.002409, 0.430109, 1.000000, -0.000000, 0.000000, 0.000000, 0.997592, 0.069361, -0.000000, -0.069361, 0.997592),
      ["RightUpperLeg"] = CFrame.new(0.001734, -0.066043, -0.026549, 0.998292, -0.045707, -0.036378, 0.039079, 0.985403, -0.165693, 0.043420, 0.163989, 0.985506)
    }},
    { Time = 0.217, Data = {
      ["Cock"] = CFrame.new(0.000000, 0.000000, 0.000000, 0.984903, -0.173109, 0.000000, 0.173109, 0.984903, 0.000000, 0.000000, 0.000000, 1.000000),
      ["Head"] = CFrame.new(0.000000, -0.000001, 0.000007, 1.000000, 0.000000, 0.000000, 0.000000, 0.997960, -0.063846, 0.000000, 0.063846, 0.997960),
      ["LeftUpperLeg"] = CFrame.new(-0.000683, -0.055912, -0.016021, 0.999538, 0.023796, 0.018933, -0.020422, 0.986600, -0.161877, -0.022532, 0.161415, 0.986629),
      ["LowerTorso"] = CFrame.new(0.000000, 0.002314, 0.427643, 1.000000, -0.000000, 0.000000, 0.000000, 0.997687, 0.067982, -0.000000, -0.067982, 0.997687),
      ["RightUpperLeg"] = CFrame.new(0.001718, -0.065208, -0.026476, 0.998293, -0.045577, -0.036534, 0.039046, 0.985860, -0.162960, 0.043445, 0.161255, 0.985956)
    }},
    { Time = 0.233, Data = {
      ["Cock"] = CFrame.new(0.000000, 0.000000, 0.000000, 0.984586, -0.174901, 0.000000, 0.174901, 0.984586, 0.000000, 0.000000, 0.000000, 1.000000),
      ["Head"] = CFrame.new(0.000000, -0.000001, 0.000007, 1.000000, 0.000000, 0.000000, 0.000000, 0.997785, -0.066517, 0.000000, 0.066517, 0.997785),
      ["LeftUpperLeg"] = CFrame.new(-0.000676, -0.055051, -0.015958, 0.999536, 0.023775, 0.019055, -0.020448, 0.987071, -0.158972, -0.022588, 0.158508, 0.987099),
      ["LowerTorso"] = CFrame.new(0.000000, 0.002215, 0.425018, 1.000000, -0.000000, 0.000000, 0.000000, 0.997785, 0.066517, -0.000000, -0.066517, 0.997785),
      ["RightUpperLeg"] = CFrame.new(0.001702, -0.064365, -0.026358, 0.998293, -0.045525, -0.036599, 0.039108, 0.986319, -0.160141, 0.043389, 0.158436, 0.986415)
    }},
    { Time = 0.250, Data = {
      ["Cock"] = CFrame.new(0.000000, 0.000000, 0.000000, 0.984251, -0.176778, 0.000000, 0.176778, 0.984251, 0.000000, 0.000000, 0.000000, 1.000000),
      ["Head"] = CFrame.new(0.000000, -0.000001, 0.000007, 1.000000, 0.000000, 0.000000, 0.000000, 0.997616, -0.069016, 0.000000, 0.069016, 0.997616),
      ["LeftUpperLeg"] = CFrame.new(-0.000666, -0.054141, -0.015846, 0.999536, 0.023746, 0.019091, -0.020482, 0.987548, -0.155979, -0.022557, 0.155515, 0.987576),
      ["LowerTorso"] = CFrame.new(0.000000, 0.002118, 0.422323, 1.000000, -0.000000, 0.000000, 0.000000, 0.997882, 0.065052, -0.000000, -0.065052, 0.997882),
      ["RightUpperLeg"] = CFrame.new(0.001684, -0.063426, -0.026270, 0.998293, -0.045388, -0.036763, 0.039083, 0.986815, -0.157064, 0.043407, 0.155359, 0.986904)
    }},
    { Time = 0.267, Data = {
      ["Cock"] = CFrame.new(0.000000, 0.000000, 0.000000, 0.983896, -0.178740, 0.000000, 0.178740, 0.983896, 0.000000, 0.000000, 0.000000, 1.000000),
      ["Head"] = CFrame.new(0.000000, -0.000001, 0.000007, 1.000000, 0.000000, 0.000000, 0.000000, 0.997446, -0.071429, 0.000000, 0.071429, 0.997446),
      ["LeftUpperLeg"] = CFrame.new(-0.000657, -0.053137, -0.015768, 0.999536, 0.023635, 0.019222, -0.020427, 0.988057, -0.152729, -0.022602, 0.152265, 0.988081),
      ["LowerTorso"] = CFrame.new(0.000000, 0.002013, 0.419390, 1.000000, -0.000000, 0.000000, 0.000000, 0.997987, 0.063415, -0.000000, -0.063415, 0.997987),
      ["RightUpperLeg"] = CFrame.new(0.001666, -0.062438, -0.026177, 0.998293, -0.045250, -0.036928, 0.039059, 0.987314, -0.153900, 0.043424, 0.152195, 0.987396)
    }},
    { Time = 0.283, Data = {
      ["Cock"] = CFrame.new(0.000000, 0.000000, 0.000000, 0.983522, -0.180786, 0.000000, 0.180786, 0.983522, 0.000000, 0.000000, 0.000000, 1.000000),
      ["Head"] = CFrame.new(0.000000, -0.000001, 0.000007, 1.000000, 0.000000, 0.000000, 0.000000, 0.997283, -0.073669, 0.000000, 0.073669, 0.997283),
      ["LeftUpperLeg"] = CFrame.new(-0.000647, -0.052132, -0.015644, 0.999536, 0.023603, 0.019262, -0.020465, 0.988566, -0.149391, -0.022568, 0.148928, 0.988591),
      ["LowerTorso"] = CFrame.new(0.000000, 0.001905, 0.416308, 1.000000, -0.000000, 0.000000, 0.000000, 0.998095, 0.061691, -0.000000, -0.061691, 0.998095),
      ["RightUpperLeg"] = CFrame.new(0.001646, -0.061406, -0.026076, 0.998293, -0.045107, -0.037099, 0.039042, 0.987842, -0.150479, 0.043436, 0.148774, 0.987917)
    }},
    { Time = 0.300, Data = {
      ["Cock"] = CFrame.new(0.000000, 0.000000, 0.000000, 0.983113, -0.183002, 0.000000, 0.183002, 0.983113, 0.000000, 0.000000, 0.000000, 1.000000),
      ["Head"] = CFrame.new(0.000000, -0.000001, 0.000007, 1.000000, 0.000000, 0.000000, 0.000000, 0.997121, -0.075822, 0.000000, 0.075822, 0.997121),
      ["LeftUpperLeg"] = CFrame.new(-0.000636, -0.051038, -0.015554, 0.999536, 0.023489, 0.019396, -0.020413, 0.989091, -0.145882, -0.022611, 0.145418, 0.989112),
      ["LowerTorso"] = CFrame.new(0.000000, 0.001800, 0.413167, 1.000000, -0.000000, 0.000000, 0.000000, 0.998200, 0.059967, -0.000000, -0.059967, 0.998200),
      ["RightUpperLeg"] = CFrame.new(0.001626, -0.060330, -0.025970, 0.998293, -0.044961, -0.037272, 0.039027, 0.988371, -0.146971, 0.043446, 0.145265, 0.988438)
    }},
    { Time = 0.317, Data = {
      ["Cock"] = CFrame.new(-0.000000, -0.000000, 0.000000, 0.982698, -0.185218, 0.000000, 0.185218, 0.982698, 0.000000, 0.000000, 0.000000, 1.000000),
      ["Head"] = CFrame.new(0.000000, -0.000001, 0.000007, 1.000000, 0.000000, 0.000000, 0.000000, 0.996969, -0.077803, 0.000000, 0.077803, 0.996969),
      ["LeftUpperLeg"] = CFrame.new(-0.000625, -0.049949, -0.015420, 0.999536, 0.023453, 0.019440, -0.020455, 0.989627, -0.142199, -0.022573, 0.141736, 0.989647),
      ["LowerTorso"] = CFrame.new(0.000000, 0.001693, 0.409884, 1.000000, -0.000000, 0.000000, 0.000000, 0.998307, 0.058156, -0.000000, -0.058156, 0.998307),
      ["RightUpperLeg"] = CFrame.new(0.001607, -0.059257, -0.025863, 0.998290, -0.044899, -0.037439, 0.039100, 0.988895, -0.143377, 0.043461, 0.141668, 0.988960)
    }},
    { Time = 0.333, Data = {
      ["Cock"] = CFrame.new(0.000000, 0.000000, 0.000000, 0.982261, -0.187517, 0.000000, 0.187517, 0.982261, 0.000000, 0.000000, 0.000000, 1.000000),
      ["Head"] = CFrame.new(0.000000, -0.000001, 0.000007, 1.000000, 0.000000, 0.000000, 0.000000, 0.996826, -0.079612, 0.000000, 0.079612, 0.996826),
      ["LeftUpperLeg"] = CFrame.new(-0.000614, -0.048823, -0.015281, 0.999536, 0.023416, 0.019485, -0.020498, 0.990160, -0.138430, -0.022534, 0.137966, 0.990181),
      ["LowerTorso"] = CFrame.new(0.000000, 0.001584, 0.406464, 1.000000, -0.000000, 0.000000, 0.000000, 0.998416, 0.056260, -0.000000, -0.056260, 0.998416),
      ["RightUpperLeg"] = CFrame.new(0.001585, -0.058105, -0.025746, 0.998290, -0.044748, -0.037617, 0.039090, 0.989435, -0.139609, 0.043467, 0.137900, 0.989492)
    }},
    { Time = 0.350, Data = {
      ["Cock"] = CFrame.new(0.000000, 0.000000, 0.000000, 0.981803, -0.189902, 0.000000, 0.189902, 0.981803, 0.000000, 0.000000, 0.000000, 1.000000),
      ["Head"] = CFrame.new(0.000000, -0.000001, 0.000007, 1.000000, 0.000000, 0.000000, 0.000000, 0.996694, -0.081248, 0.000000, 0.081248, 0.996694),
      ["LeftUpperLeg"] = CFrame.new(-0.000602, -0.047616, -0.015178, 0.999536, 0.023297, 0.019622, -0.020450, 0.990693, -0.134573, -0.022575, 0.134109, 0.990709),
      ["LowerTorso"] = CFrame.new(0.000000, 0.001474, 0.402911, 1.000000, -0.000000, 0.000000, 0.000000, 0.998526, 0.054277, -0.000000, -0.054277, 0.998526),
      ["RightUpperLeg"] = CFrame.new(0.001561, -0.056923, -0.025581, 0.998293, -0.044587, -0.037712, 0.039091, 0.989983, -0.135666, 0.043383, 0.133960, 0.990037)
    }},
    { Time = 0.367, Data = {
      ["Cock"] = CFrame.new(0.000000, 0.000000, 0.000000, 0.981322, -0.192370, 0.000000, 0.192370, 0.981322, 0.000000, 0.000000, 0.000000, 1.000000),
      ["Head"] = CFrame.new(0.000000, -0.000001, 0.000007, 1.000000, 0.000000, 0.000000, 0.000000, 0.996574, -0.082712, 0.000000, 0.082712, 0.996574),
      ["LeftUpperLeg"] = CFrame.new(-0.000591, -0.046421, -0.015074, 0.999534, 0.023263, 0.019756, -0.020490, 0.991231, -0.130544, -0.022619, 0.130078, 0.991246),
      ["LowerTorso"] = CFrame.new(0.000000, 0.001368, 0.399316, 1.000000, -0.000000, 0.000000, 0.000000, 0.998632, 0.052293, -0.000000, -0.052293, 0.998632),
      ["RightUpperLeg"] = CFrame.new(0.001538, -0.055705, -0.025456, 0.998294, -0.044431, -0.037892, 0.039085, 0.990516, -0.131724, 0.043385, 0.130018, 0.990562)
    }},
    { Time = 0.383, Data = {
      ["Cock"] = CFrame.new(0.000000, 0.000000, 0.000000, 0.980819, -0.194923, 0.000000, 0.194923, 0.980819, 0.000000, 0.000000, 0.000000, 1.000000),
      ["Head"] = CFrame.new(0.000000, -0.000001, 0.000007, 1.000000, 0.000000, 0.000000, 0.000000, 0.996458, -0.084089, 0.000000, 0.084089, 0.996458),
      ["LeftUpperLeg"] = CFrame.new(-0.000578, -0.045158, -0.014920, 0.999536, 0.023136, 0.019809, -0.020451, 0.991765, -0.126426, -0.022571, 0.125962, 0.991778),
      ["LowerTorso"] = CFrame.new(0.000000, 0.001262, 0.395596, 1.000000, -0.000000, 0.000000, 0.000000, 0.998738, 0.050224, -0.000000, -0.050224, 0.998738),
      ["RightUpperLeg"] = CFrame.new(0.001514, -0.054461, -0.025326, 0.998294, -0.044272, -0.038076, 0.039084, 0.991054, -0.127608, 0.043385, 0.125902, 0.991094)
    }},
    { Time = 0.400, Data = {
      ["Cock"] = CFrame.new(0.000000, 0.000000, 0.000000, 0.980308, -0.197475, 0.000000, 0.197475, 0.980308, 0.000000, 0.000000, 0.000000, 1.000000),
      ["Head"] = CFrame.new(0.000000, -0.000001, 0.000007, 1.000000, 0.000000, 0.000000, 0.000000, 0.996363, -0.085209, 0.000000, 0.085209, 0.996363),
      ["LeftUpperLeg"] = CFrame.new(-0.000566, -0.043909, -0.014810, 0.999534, 0.023099, 0.019944, -0.020493, 0.992291, -0.122222, -0.022614, 0.121756, 0.992302),
      ["LowerTorso"] = CFrame.new(0.000000, 0.001160, 0.391842, 1.000000, -0.000000, 0.000000, 0.000000, 0.998840, 0.048154, -0.000000, -0.048154, 0.998840),
      ["RightUpperLeg"] = CFrame.new(0.001490, -0.053192, -0.025193, 0.998294, -0.044110, -0.038261, 0.039084, 0.991586, -0.123405, 0.043383, 0.121699, 0.991619)
    }},
    { Time = 0.417, Data = {
      ["Cock"] = CFrame.new(0.000000, 0.000000, 0.000000, 0.979791, -0.200026, 0.000000, 0.200026, 0.979791, 0.000000, 0.000000, 0.000000, 1.000000),
      ["Head"] = CFrame.new(0.000000, -0.000001, 0.000008, 1.000000, 0.000000, 0.000000, 0.000000, 0.996274, -0.086242, 0.000000, 0.086242, 0.996274),
      ["LeftUpperLeg"] = CFrame.new(-0.000552, -0.042599, -0.014651, 0.999536, 0.022971, 0.019998, -0.020455, 0.992801, -0.118015, -0.022565, 0.117551, 0.992810),
      ["LowerTorso"] = CFrame.new(0.000000, 0.001058, 0.387973, 1.000000, -0.000000, 0.000000, 0.000000, 0.998942, 0.045997, -0.000000, -0.045997, 0.998942),
      ["RightUpperLeg"] = CFrame.new(0.001468, -0.051901, -0.025100, 0.998290, -0.043951, -0.038534, 0.039081, 0.992111, -0.119116, 0.043465, 0.117406, 0.992132)
    }},
    { Time = 0.433, Data = {
      ["Cock"] = CFrame.new(-0.000000, -0.000000, 0.000000, 0.979249, -0.202660, 0.000000, 0.202660, 0.979249, 0.000000, 0.000000, 0.000000, 1.000000),
      ["Head"] = CFrame.new(0.000000, -0.000001, 0.000008, 1.000000, 0.000000, 0.000000, 0.000000, 0.996207, -0.087016, 0.000000, 0.087016, 0.996207),
      ["LeftUpperLeg"] = CFrame.new(-0.000539, -0.041269, -0.014533, 0.999536, 0.022845, 0.020140, -0.020413, 0.993313, -0.113635, -0.022601, 0.113171, 0.993318),
      ["LowerTorso"] = CFrame.new(0.000000, 0.000962, 0.384080, 1.000000, -0.000000, 0.000000, 0.000000, 0.999039, 0.043841, -0.000000, -0.043841, 0.999039),
      ["RightUpperLeg"] = CFrame.new(0.001443, -0.050594, -0.024962, 0.998290, -0.043787, -0.038720, 0.039084, 0.992617, -0.114824, 0.043462, 0.113114, 0.992631)
    }},
    { Time = 0.450, Data = {
      ["Cock"] = CFrame.new(0.000000, 0.000000, 0.000000, 0.978683, -0.205379, 0.000000, 0.205379, 0.978683, 0.000000, 0.000000, 0.000000, 1.000000),
      ["Head"] = CFrame.new(0.000000, -0.000001, 0.000008, 1.000000, 0.000000, 0.000000, 0.000000, 0.996154, -0.087619, 0.000000, 0.087619, 0.996154),
      ["LeftUpperLeg"] = CFrame.new(-0.000526, -0.039970, -0.014373, 0.999536, 0.022802, 0.020189, -0.020462, 0.993794, -0.109340, -0.022557, 0.108876, 0.993799),
      ["LowerTorso"] = CFrame.new(0.000000, 0.000869, 0.380167, 1.000000, -0.000000, 0.000000, 0.000000, 0.999131, 0.041684, -0.000000, -0.041684, 0.999131),
      ["RightUpperLeg"] = CFrame.new(0.001418, -0.049273, -0.024822, 0.998290, -0.043620, -0.038907, 0.039089, 0.993113, -0.110444, 0.043457, 0.108734, 0.993121)
    }},
    { Time = 0.467, Data = {
      ["Cock"] = CFrame.new(0.000000, 0.000000, 0.000000, 0.978126, -0.208011, 0.000000, 0.208011, 0.978126, 0.000000, 0.000000, 0.000000, 1.000000),
      ["Head"] = CFrame.new(0.000000, -0.000001, 0.000008, 1.000000, 0.000000, 0.000000, 0.000000, 0.996109, -0.088135, 0.000000, 0.088135, 0.996109),
      ["LeftUpperLeg"] = CFrame.new(-0.000513, -0.038615, -0.014252, 0.999536, 0.022675, 0.020331, -0.020422, 0.994276, -0.104871, -0.022593, 0.104407, 0.994278),
      ["LowerTorso"] = CFrame.new(0.000000, 0.000778, 0.376153, 1.000000, -0.000000, 0.000000, 0.000000, 0.999222, 0.039441, -0.000000, -0.039441, 0.999222),
      ["RightUpperLeg"] = CFrame.new(0.001393, -0.047941, -0.024681, 0.998290, -0.043452, -0.039094, 0.039094, 0.993591, -0.106062, 0.043452, 0.104353, 0.993591)
    }},
    { Time = 0.483, Data = {
      ["Cock"] = CFrame.new(0.000000, 0.000000, 0.000000, 0.977545, -0.210727, 0.000000, 0.210727, 0.977545, 0.000000, 0.000000, 0.000000, 1.000000),
      ["Head"] = CFrame.new(0.000000, -0.000001, 0.000008, 1.000000, 0.000000, 0.000000, 0.000000, 0.996086, -0.088393, 0.000000, 0.088393, 0.996086),
      ["LeftUpperLeg"] = CFrame.new(-0.000500, -0.037298, -0.014090, 0.999536, 0.022630, 0.020381, -0.020472, 0.994728, -0.100486, -0.022548, 0.100022, 0.994730),
      ["LowerTorso"] = CFrame.new(0.000000, 0.000692, 0.372129, 1.000000, -0.000000, 0.000000, 0.000000, 0.999308, 0.037198, -0.000000, -0.037198, 0.999308),
      ["RightUpperLeg"] = CFrame.new(0.001367, -0.046603, -0.024538, 0.998290, -0.043282, -0.039282, 0.039101, 0.994057, -0.101594, 0.043446, 0.099884, 0.994050)
    }},
    { Time = 0.500, Data = {
      ["Cock"] = CFrame.new(0.000000, 0.000000, 0.000000, 0.976956, -0.213442, 0.000000, 0.213442, 0.976956, 0.000000, 0.000000, 0.000000, 1.000000),
      ["Head"] = CFrame.new(0.000000, -0.000001, 0.000008, 1.000000, 0.000000, 0.000000, 0.000000, 0.996078, -0.088480, 0.000000, 0.088480, 0.996078),
      ["LeftUpperLeg"] = CFrame.new(-0.000486, -0.035932, -0.013968, 0.999536, 0.022502, 0.020522, -0.020432, 0.995170, -0.096014, -0.022584, 0.095550, 0.995168),
      ["LowerTorso"] = CFrame.new(0.000000, 0.000614, 0.368187, 1.000000, -0.000000, 0.000000, 0.000000, 0.999386, 0.035041, -0.000000, -0.035041, 0.999386),
      ["RightUpperLeg"] = CFrame.new(0.001340, -0.045217, -0.024394, 0.998294, -0.043027, -0.039472, 0.039020, 0.994499, -0.097207, 0.043438, 0.095501, 0.994481)
    }},
    { Time = 0.517, Data = {
      ["Cock"] = CFrame.new(-0.000000, -0.000000, 0.000000, 0.976359, -0.216156, 0.000000, 0.216156, 0.976359, 0.000000, 0.000000, 0.000000, 1.000000),
      ["Head"] = CFrame.new(0.000000, -0.000001, 0.000008, 1.000000, 0.000000, 0.000000, 0.000000, 0.996086, -0.088393, 0.000000, 0.088393, 0.996086),
      ["LeftUpperLeg"] = CFrame.new(-0.000473, -0.034611, -0.013805, 0.999536, 0.022456, 0.020573, -0.020483, 0.995591, -0.091541, -0.022538, 0.091077, 0.995589),
      ["LowerTorso"] = CFrame.new(0.000000, 0.000538, 0.364158, 1.000000, -0.000000, 0.000000, 0.000000, 0.999462, 0.032798, -0.000000, -0.032798, 0.999462),
      ["RightUpperLeg"] = CFrame.new(0.001315, -0.043875, -0.024251, 0.998294, -0.042856, -0.039659, 0.039028, 0.994926, -0.092736, 0.043432, 0.091030, 0.994901)
    }},
    { Time = 0.533, Data = {
      ["Cock"] = CFrame.new(0.000000, 0.000000, 0.000000, 0.975773, -0.218784, 0.000000, 0.218784, 0.975773, 0.000000, 0.000000, 0.000000, 1.000000),
      ["Head"] = CFrame.new(0.000000, -0.000001, 0.000008, 1.000000, 0.000000, 0.000000, 0.000000, 0.996109, -0.088135, 0.000000, 0.088135, 0.996109),
      ["LeftUpperLeg"] = CFrame.new(-0.000460, -0.033250, -0.013683, 0.999536, 0.022327, 0.020713, -0.020443, 0.995993, -0.087066, -0.022574, 0.086602, 0.995987),
      ["LowerTorso"] = CFrame.new(0.000000, 0.000467, 0.360133, 1.000000, -0.000000, 0.000000, 0.000000, 0.999533, 0.030554, -0.000000, -0.030554, 0.999533),
      ["RightUpperLeg"] = CFrame.new(0.001289, -0.042537, -0.024109, 0.998294, -0.042685, -0.039845, 0.039035, 0.995332, -0.088262, 0.043427, 0.086556, 0.995300)
    }},
    { Time = 0.550, Data = {
      ["Cock"] = CFrame.new(0.000000, 0.000000, 0.000000, 0.975161, -0.221495, 0.000000, 0.221495, 0.975161, 0.000000, 0.000000, 0.000000, 1.000000),
      ["Head"] = CFrame.new(0.000000, -0.000001, 0.000008, 1.000000, 0.000000, 0.000000, 0.000000, 0.996154, -0.087619, 0.000000, 0.087619, 0.996154),
      ["LeftUpperLeg"] = CFrame.new(-0.000448, -0.031938, -0.013565, 0.999534, 0.022285, 0.020849, -0.020490, 0.996366, -0.082677, -0.022615, 0.082211, 0.996358),
      ["LowerTorso"] = CFrame.new(0.000000, 0.000403, 0.356205, 1.000000, -0.000000, 0.000000, 0.000000, 0.999597, 0.028397, -0.000000, -0.028397, 0.999597),
      ["RightUpperLeg"] = CFrame.new(0.001264, -0.041206, -0.023968, 0.998294, -0.042514, -0.040029, 0.039041, 0.995711, -0.083874, 0.043423, 0.082168, 0.995672)
    }},
    { Time = 0.567, Data = {
      ["Cock"] = CFrame.new(0.000000, 0.000000, 0.000000, 0.974561, -0.224120, 0.000000, 0.224120, 0.974561, 0.000000, 0.000000, 0.000000, 1.000000),
      ["Head"] = CFrame.new(0.000000, -0.000001, 0.000008, 1.000000, 0.000000, 0.000000, 0.000000, 0.996207, -0.087016, 0.000000, 0.087016, 0.996207),
      ["LeftUpperLeg"] = CFrame.new(-0.000434, -0.030596, -0.013403, 0.999536, 0.022152, 0.020901, -0.020453, 0.996721, -0.078285, -0.022567, 0.077821, 0.996712),
      ["LowerTorso"] = CFrame.new(0.000000, 0.000342, 0.352205, 1.000000, -0.000000, 0.000000, 0.000000, 0.999658, 0.026153, -0.000000, -0.026153, 0.999658),
      ["RightUpperLeg"] = CFrame.new(0.001239, -0.039885, -0.023829, 0.998294, -0.042343, -0.040212, 0.039047, 0.996071, -0.079484, 0.043420, 0.077778, 0.996025)
    }},
    { Time = 0.583, Data = {
      ["Cock"] = CFrame.new(0.000000, 0.000000, 0.000000, 0.973954, -0.226744, 0.000000, 0.226744, 0.973954, 0.000000, 0.000000, 0.000000, 1.000000),
      ["Head"] = CFrame.new(0.000000, -0.000001, 0.000008, 1.000000, 0.000000, 0.000000, 0.000000, 0.996274, -0.086242, 0.000000, 0.086242, 0.996274),
      ["LeftUpperLeg"] = CFrame.new(-0.000421, -0.029266, -0.013286, 0.999536, 0.022024, 0.021038, -0.020412, 0.997051, -0.073978, -0.022606, 0.073515, 0.997038),
      ["LowerTorso"] = CFrame.new(0.000000, 0.000288, 0.348311, 1.000000, -0.000000, 0.000000, 0.000000, 0.999712, 0.023996, -0.000000, -0.023996, 0.999712),
      ["RightUpperLeg"] = CFrame.new(0.001215, -0.038579, -0.023692, 0.998293, -0.042173, -0.040393, 0.039051, 0.996405, -0.075179, 0.043418, 0.073473, 0.996352)
    }},
    { Time = 0.600, Data = {
      ["Cock"] = CFrame.new(0.000000, 0.000000, 0.000000, 0.973340, -0.229367, 0.000000, 0.229367, 0.973340, 0.000000, 0.000000, 0.000000, 1.000000),
      ["Head"] = CFrame.new(0.000000, -0.000001, 0.000007, 1.000000, 0.000000, 0.000000, 0.000000, 0.996363, -0.085209, 0.000000, 0.085209, 0.996363),
      ["LeftUpperLeg"] = CFrame.new(-0.000408, -0.028000, -0.013130, 0.999536, 0.021979, 0.021086, -0.020461, 0.997360, -0.069671, -0.022562, 0.069207, 0.997347),
      ["LowerTorso"] = CFrame.new(0.000000, 0.000240, 0.344526, 1.000000, -0.000000, 0.000000, 0.000000, 0.999760, 0.021924, -0.000000, -0.021924, 0.999760),
      ["RightUpperLeg"] = CFrame.new(0.001190, -0.037291, -0.023557, 0.998293, -0.042002, -0.040573, 0.039056, 0.996720, -0.070873, 0.043417, 0.069168, 0.996660)
    }},
    { Time = 0.617, Data = {
      ["Cock"] = CFrame.new(0.000000, 0.000000, 0.000000, 0.972739, -0.231904, 0.000000, 0.231904, 0.972739, 0.000000, 0.000000, 0.000000, 1.000000),
      ["Head"] = CFrame.new(0.000000, -0.000001, 0.000007, 1.000000, 0.000000, 0.000000, 0.000000, 0.996458, -0.084089, 0.000000, 0.084089, 0.996458),
      ["LeftUpperLeg"] = CFrame.new(-0.000395, -0.026710, -0.013018, 0.999536, 0.021851, 0.021221, -0.020420, 0.997647, -0.065449, -0.022602, 0.064985, 0.997630),
      ["LowerTorso"] = CFrame.new(0.000000, 0.000196, 0.340685, 1.000000, -0.000000, 0.000000, 0.000000, 0.999805, 0.019767, -0.000000, -0.019767, 0.999805),
      ["RightUpperLeg"] = CFrame.new(0.001166, -0.036024, -0.023425, 0.998293, -0.041833, -0.040751, 0.039059, 0.997011, -0.066653, 0.043418, 0.064947, 0.996944)
    }},
    { Time = 0.633, Data = {
      ["Cock"] = CFrame.new(0.000000, 0.000000, 0.000000, 0.972151, -0.234356, 0.000000, 0.234356, 0.972151, 0.000000, 0.000000, 0.000000, 1.000000),
      ["Head"] = CFrame.new(0.000000, -0.000001, 0.000007, 1.000000, 0.000000, 0.000000, 0.000000, 0.996574, -0.082712, 0.000000, 0.082712, 0.996574),
      ["LeftUpperLeg"] = CFrame.new(-0.000383, -0.025490, -0.012867, 0.999536, 0.021807, 0.021267, -0.020467, 0.997909, -0.061312, -0.022559, 0.060848, 0.997892),
      ["LowerTorso"] = CFrame.new(0.000000, 0.000157, 0.336963, 1.000000, -0.000000, 0.000000, 0.000000, 0.999843, 0.017695, -0.000000, -0.017695, 0.999843),
      ["RightUpperLeg"] = CFrame.new(0.001143, -0.034781, -0.023297, 0.998293, -0.041665, -0.040927, 0.039060, 0.997279, -0.062517, 0.043420, 0.060812, 0.997204)
    }},
    { Time = 0.650, Data = {
      ["Cock"] = CFrame.new(0.000000, 0.000000, 0.000000, 0.971557, -0.236806, 0.000000, 0.236806, 0.971557, 0.000000, 0.000000, 0.000000, 1.000000),
      ["Head"] = CFrame.new(0.000000, -0.000001, 0.000007, 1.000000, 0.000000, 0.000000, 0.000000, 0.996694, -0.081248, 0.000000, 0.081248, 0.996694),
      ["LeftUpperLeg"] = CFrame.new(-0.000371, -0.024253, -0.012762, 0.999536, 0.021680, 0.021399, -0.020423, 0.998145, -0.057347, -0.022602, 0.056883, 0.998125),
      ["LowerTorso"] = CFrame.new(0.000000, 0.000123, 0.333366, 1.000000, -0.000000, 0.000000, 0.000000, 0.999877, 0.015710, -0.000000, -0.015710, 0.999877),
      ["RightUpperLeg"] = CFrame.new(0.001120, -0.033564, -0.023174, 0.998293, -0.041500, -0.041098, 0.039057, 0.997520, -0.058553, 0.043426, 0.056848, 0.997438)
    }},
    { Time = 0.667, Data = {
      ["Cock"] = CFrame.new(0.000000, 0.000000, 0.000000, 0.970978, -0.239170, 0.000000, 0.239170, 0.970978, 0.000000, 0.000000, 0.000000, 1.000000),
      ["Head"] = CFrame.new(0.000000, -0.000001, 0.000007, 1.000000, 0.000000, 0.000000, 0.000000, 0.996826, -0.079612, 0.000000, 0.079612, 0.996826),
      ["LeftUpperLeg"] = CFrame.new(-0.000359, -0.023091, -0.012619, 0.999536, 0.021638, 0.021442, -0.020467, 0.998364, -0.053381, -0.022562, 0.052918, 0.998344),
      ["LowerTorso"] = CFrame.new(0.000000, 0.000094, 0.329811, 1.000000, -0.000000, 0.000000, 0.000000, 0.999906, 0.013725, -0.000000, -0.013725, 0.999906),
      ["RightUpperLeg"] = CFrame.new(0.001098, -0.032381, -0.023054, 0.998293, -0.041334, -0.041269, 0.039055, 0.997745, -0.054589, 0.043432, 0.052884, 0.997656)
    }},
    { Time = 0.683, Data = {
      ["Cock"] = CFrame.new(0.000000, 0.000000, 0.000000, 0.970413, -0.241449, 0.000000, 0.241449, 0.970413, 0.000000, 0.000000, 0.000000, 1.000000),
      ["Head"] = CFrame.new(0.000000, -0.000001, 0.000007, 1.000000, 0.000000, 0.000000, 0.000000, 0.996969, -0.077803, 0.000000, 0.077803, 0.996969),
      ["LeftUpperLeg"] = CFrame.new(-0.000348, -0.021921, -0.012522, 0.999536, 0.021513, 0.021571, -0.020422, 0.998561, -0.049587, -0.022607, 0.049124, 0.998537),
      ["LowerTorso"] = CFrame.new(0.000000, 0.000071, 0.326475, 1.000000, -0.000000, 0.000000, 0.000000, 0.999929, 0.011912, -0.000000, -0.011912, 0.999929),
      ["RightUpperLeg"] = CFrame.new(0.001076, -0.031230, -0.022939, 0.998293, -0.041171, -0.041436, 0.039049, 0.997945, -0.050796, 0.043442, 0.049091, 0.997849)
    }},
    { Time = 0.700, Data = {
      ["Cock"] = CFrame.new(0.000000, 0.000000, 0.000000, 0.969865, -0.243643, 0.000000, 0.243643, 0.969865, 0.000000, 0.000000, 0.000000, 1.000000),
      ["Head"] = CFrame.new(0.000000, -0.000001, 0.000007, 1.000000, 0.000000, 0.000000, 0.000000, 0.997121, -0.075822, 0.000000, 0.075822, 0.997121),
      ["LeftUpperLeg"] = CFrame.new(-0.000337, -0.020832, -0.012388, 0.999536, 0.021473, 0.021611, -0.020464, 0.998737, -0.045879, -0.022569, 0.045415, 0.998713),
      ["LowerTorso"] = CFrame.new(0.000000, 0.000050, 0.323104, 1.000000, -0.000000, 0.000000, 0.000000, 0.999950, 0.010013, -0.000000, -0.010013, 0.999950),
      ["RightUpperLeg"] = CFrame.new(0.001055, -0.030117, -0.022830, 0.998292, -0.041010, -0.041601, 0.039041, 0.998127, -0.047089, 0.043454, 0.045384, 0.998024)
    }},
    { Time = 0.717, Data = {
      ["Cock"] = CFrame.new(0.000000, 0.000000, 0.000000, 0.969333, -0.245752, 0.000000, 0.245752, 0.969333, 0.000000, 0.000000, 0.000000, 1.000000),
      ["Head"] = CFrame.new(0.000000, -0.000001, 0.000007, 1.000000, 0.000000, 0.000000, 0.000000, 0.997283, -0.073669, 0.000000, 0.073669, 0.997283),
      ["LeftUpperLeg"] = CFrame.new(-0.000326, -0.019741, -0.012257, 0.999538, 0.021348, 0.021651, -0.020417, 0.998895, -0.042342, -0.022531, 0.041880, 0.998869),
      ["LowerTorso"] = CFrame.new(0.000000, 0.000034, 0.319960, 1.000000, -0.000000, 0.000000, 0.000000, 0.999966, 0.008287, -0.000000, -0.008287, 0.999966),
      ["RightUpperLeg"] = CFrame.new(0.001033, -0.029045, -0.022683, 0.998296, -0.040850, -0.041675, 0.039032, 0.998288, -0.043552, 0.043383, 0.041851, 0.998182)
    }},
    { Time = 0.733, Data = {
      ["Cock"] = CFrame.new(0.000000, 0.000000, 0.000000, 0.968818, -0.247775, 0.000000, 0.247775, 0.968818, 0.000000, 0.000000, 0.000000, 1.000000),
      ["Head"] = CFrame.new(0.000000, -0.000001, 0.000007, 1.000000, 0.000000, 0.000000, 0.000000, 0.997446, -0.071429, 0.000000, 0.071429, 0.997446),
      ["LeftUpperLeg"] = CFrame.new(-0.000316, -0.018736, -0.012177, 0.999536, 0.021314, 0.021773, -0.020454, 0.999031, -0.038979, -0.022583, 0.038515, 0.999003),
      ["LowerTorso"] = CFrame.new(0.000000, 0.000022, 0.316876, 1.000000, -0.000000, 0.000000, 0.000000, 0.999978, 0.006560, -0.000000, -0.006560, 0.999978),
      ["RightUpperLeg"] = CFrame.new(0.001016, -0.028057, -0.022587, 0.998292, -0.040782, -0.041830, 0.039103, 0.998427, -0.040191, 0.043403, 0.038486, 0.998316)
    }},
    { Time = 0.750, Data = {
      ["Cock"] = CFrame.new(0.000000, 0.000000, 0.000000, 0.968298, -0.249798, 0.000000, 0.249798, 0.968298, 0.000000, 0.000000, 0.000000, 1.000000),
      ["Head"] = CFrame.new(0.000000, -0.000001, 0.000007, 1.000000, 0.000000, 0.000000, 0.000000, 0.997616, -0.069016, 0.000000, 0.069016, 0.997616),
      ["LeftUpperLeg"] = CFrame.new(-0.000307, -0.017777, -0.012058, 0.999536, 0.021278, 0.021808, -0.020491, 0.999152, -0.035700, -0.022549, 0.035237, 0.999125),
      ["LowerTorso"] = CFrame.new(0.000000, 0.000013, 0.314026, 1.000000, -0.000000, 0.000000, 0.000000, 0.999987, 0.005007, -0.000000, -0.005007, 0.999987),
      ["RightUpperLeg"] = CFrame.new(0.000997, -0.027072, -0.022495, 0.998292, -0.040628, -0.041985, 0.039086, 0.998554, -0.036913, 0.043424, 0.035209, 0.998436)
    }},
    { Time = 0.767, Data = {
      ["Cock"] = CFrame.new(0.000000, 0.000000, 0.000000, 0.967840, -0.251567, 0.000000, 0.251567, 0.967840, 0.000000, 0.000000, 0.000000, 1.000000),
      ["Head"] = CFrame.new(0.000000, -0.000001, 0.000007, 1.000000, 0.000000, 0.000000, 0.000000, 0.997785, -0.066517, 0.000000, 0.066517, 0.997785),
      ["LeftUpperLeg"] = CFrame.new(-0.000298, -0.016824, -0.011988, 0.999536, 0.021159, 0.021929, -0.020438, 0.999260, -0.032594, -0.022602, 0.032131, 0.999228),
      ["LowerTorso"] = CFrame.new(0.000000, 0.000006, 0.311243, 1.000000, -0.000000, 0.000000, 0.000000, 0.999994, 0.003453, -0.000000, -0.003453, 0.999994),
      ["RightUpperLeg"] = CFrame.new(0.000980, -0.026136, -0.022411, 0.998292, -0.040478, -0.042135, 0.039066, 0.998664, -0.033808, 0.043448, 0.032105, 0.998540)
    }},
    { Time = 0.783, Data = {
      ["Cock"] = CFrame.new(0.000000, 0.000000, 0.000000, 0.967379, -0.253335, 0.000000, 0.253335, 0.967379, 0.000000, 0.000000, 0.000000, 1.000000),
      ["Head"] = CFrame.new(0.000000, -0.000001, 0.000007, 1.000000, 0.000000, 0.000000, 0.000000, 0.997960, -0.063846, 0.000000, 0.063846, 0.997960),
      ["LeftUpperLeg"] = CFrame.new(-0.000289, -0.015966, -0.011883, 0.999536, 0.021128, 0.021959, -0.020470, 0.999348, -0.029747, -0.022573, 0.029284, 0.999316),
      ["LowerTorso"] = CFrame.new(0.000000, 0.000002, 0.308615, 1.000000, -0.000000, 0.000000, 0.000000, 0.999998, 0.001985, -0.000000, -0.001985, 0.999998),
      ["RightUpperLeg"] = CFrame.new(0.000962, -0.025250, -0.022292, 0.998295, -0.040332, -0.042194, 0.039042, 0.998758, -0.030960, 0.043391, 0.029260, 0.998630)
    }},
    { Time = 0.800, Data = {
      ["Cock"] = CFrame.new(0.000000, 0.000000, 0.000000, 0.966958, -0.254935, 0.000000, 0.254935, 0.966958, 0.000000, 0.000000, 0.000000, 1.000000),
