return {
  ["Astros nyan dance"] = {
    { Time = 0.000, Data = {
      ["BustJ"] = CFrame.new(0.000000, 0.000000, 0.000000, 0.967949, 0.000000, 0.251146, 0.000000, 1.000000, 0.000000, -0.251146, 0.000000, 0.967949),
      ["Head"] = CFrame.new(-0.000000, 0.000000, 0.000000, 0.988937, -0.147898, -0.011400, 0.146644, 0.963181, 0.225337, -0.022347, -0.224516, 0.974214),
      ["LeftUpperArm"] = CFrame.new(-0.018049, -0.172552, 0.054960, 0.796203, -0.600990, 0.069793, -0.577219, -0.719963, 0.385321, -0.181325, -0.347079, -0.920140),
      ["LeftUpperLeg"] = CFrame.new(-0.013867, -0.053800, -0.103830, 0.972265, 0.058141, 0.226540, -0.107601, 0.971209, 0.212544, -0.207660, -0.231025, 0.950529),
      ["LowerTorso"] = CFrame.new(0.000000, 0.005197, -0.101814, 1.000000, 0.000000, 0.000000, 0.000000, 0.994803, -0.101814, 0.000000, 0.101814, 0.994803),
      ["RightUpperArm"] = CFrame.new(-0.050131, 0.069472, 0.043268, 0.526226, 0.806211, -0.270389, 0.848732, -0.478395, 0.225372, 0.052345, -0.348085, -0.936001),
      ["RightUpperLeg"] = CFrame.new(0.031029, -0.110531, -0.133583, 0.937953, -0.149507, -0.312876, 0.221054, 0.952973, 0.207309, 0.267169, -0.263608, 0.926893)
    }},
    { Time = 0.017, Data = {
      ["BustJ"] = CFrame.new(0.000000, 0.000000, 0.000000, 0.972395, 0.000000, 0.233341, 0.000000, 1.000000, 0.000000, -0.233341, 0.000000, 0.972395),
      ["ButtJ"] = CFrame.new(0.000000, 0.000000, 0.000000, 0.999906, 0.000000, 0.013725, 0.000000, 1.000000, 0.000000, -0.013725, 0.000000, 0.999906),
      ["Head"] = CFrame.new(0.000000, 0.000000, 0.000000, 0.991712, -0.127978, -0.011358, 0.127233, 0.965947, 0.225297, -0.017862, -0.224874, 0.974224),
      ["LeftUpperLeg"] = CFrame.new(-0.012901, -0.054966, -0.103692, 0.968754, 0.092008, 0.230326, -0.140690, 0.968640, 0.204801, -0.204260, -0.230806, 0.951318),
      ["LowerTorso"] = CFrame.new(0.029282, 0.005292, -0.101816, 0.999907, -0.013586, 0.001385, 0.013656, 0.994710, -0.101807, 0.000006, 0.101816, 0.994803),
      ["RightUpperLeg"] = CFrame.new(0.024469, -0.120788, -0.132503, 0.942877, -0.122803, -0.309680, 0.195458, 0.956690, 0.215732, 0.269775, -0.263938, 0.926044)
    }},
    { Time = 0.033, Data = {
      ["BustJ"] = CFrame.new(0.000000, 0.000000, 0.000000, 0.976527, 0.000000, 0.215393, 0.000000, 1.000000, 0.000000, -0.215393, 0.000000, 0.976527),
      ["ButtJ"] = CFrame.new(0.000000, 0.000000, 0.000000, 0.999628, 0.000000, 0.027275, 0.000000, 1.000000, 0.000000, -0.027275, 0.000000, 0.999628),
      ["Head"] = CFrame.new(0.000000, -0.000000, 0.000000, 0.994075, -0.108103, -0.011333, 0.107868, 0.968285, 0.225362, -0.013388, -0.225249, 0.974209),
      ["LeftUpperLeg"] = CFrame.new(-0.012509, -0.056048, -0.103597, 0.964126, 0.125543, 0.233883, -0.173424, 0.964957, 0.196933, -0.200963, -0.230429, 0.952111),
      ["LowerTorso"] = CFrame.new(0.058465, 0.005574, -0.101822, 0.999627, -0.027169, 0.002770, 0.027310, 0.994431, -0.101785, 0.000011, 0.101823, 0.994803),
      ["RightUpperLeg"] = CFrame.new(0.018303, -0.130904, -0.131459, 0.947064, -0.096107, -0.306321, 0.169863, 0.959652, 0.224087, 0.272426, -0.264257, 0.925177)
    }},
    { Time = 0.050, Data = {
      ["BustJ"] = CFrame.new(0.000000, 0.000000, 0.000000, 0.980308, 0.000000, 0.197475, 0.000000, 1.000000, 0.000000, -0.197475, 0.000000, 0.980308),
      ["ButtJ"] = CFrame.new(0.000000, 0.000000, 0.000000, 0.999170, 0.000000, 0.040736, 0.000000, 1.000000, 0.000000, -0.040736, 0.000000, 0.999170),
      ["Head"] = CFrame.new(0.000000, -0.000000, -0.000000, 0.996031, -0.088272, -0.011401, 0.088566, 0.970242, 0.225360, -0.008831, -0.225475, 0.974209),
      ["LeftUpperLeg"] = CFrame.new(-0.012654, -0.056999, -0.103463, 0.958492, 0.158475, 0.237022, -0.205516, 0.960214, 0.189080, -0.197627, -0.229943, 0.952927),
      ["LowerTorso"] = CFrame.new(0.087193, 0.006031, -0.101833, 0.999171, -0.040491, 0.004141, 0.040702, 0.993977, -0.101751, 0.000004, 0.101835, 0.994801),
      ["RightUpperLeg"] = CFrame.new(0.012549, -0.140818, -0.130418, 0.950527, -0.069627, -0.302738, 0.144433, 0.961868, 0.232267, 0.275022, -0.264502, 0.924339)
    }},
    { Time = 0.067, Data = {
      ["BustJ"] = CFrame.new(0.000000, 0.000000, 0.000000, 0.983757, 0.000000, 0.179507, 0.000000, 1.000000, 0.000000, -0.179507, 0.000000, 0.983757),
      ["ButtJ"] = CFrame.new(0.000000, 0.000000, 0.000000, 0.998545, 0.000000, 0.053932, 0.000000, 1.000000, 0.000000, -0.053932, 0.000000, 0.998545),
      ["Head"] = CFrame.new(0.000000, 0.000000, 0.000000, 0.997574, -0.068691, -0.011326, 0.069475, 0.971809, 0.225301, -0.004469, -0.225541, 0.974223),
      ["LeftUpperLeg"] = CFrame.new(-0.013336, -0.057867, -0.103370, 0.951885, 0.190678, 0.239910, -0.236878, 0.954484, 0.181244, -0.194431, -0.229353, 0.953726),
      ["LowerTorso"] = CFrame.new(0.115455, 0.006658, -0.101849, 0.998545, -0.053635, 0.005503, 0.053916, 0.993353, -0.101702, -0.000012, 0.101851, 0.994800),
      ["RightUpperLeg"] = CFrame.new(0.007249, -0.150568, -0.129412, 0.953233, -0.043719, -0.299059, 0.119519, 0.963355, 0.240128, 0.277602, -0.264641, 0.923527)
    }},
    { Time = 0.083, Data = {
      ["BustJ"] = CFrame.new(0.000000, 0.000000, 0.000000, 0.986860, 0.000000, 0.161579, 0.000000, 1.000000, 0.000000, -0.161579, 0.000000, 0.986860),
      ["ButtJ"] = CFrame.new(0.000000, 0.000000, 0.000000, 0.997768, 0.000000, 0.066776, 0.000000, 1.000000, 0.000000, -0.066776, 0.000000, 0.997768),
      ["Head"] = CFrame.new(0.000000, 0.000000, -0.000000, 0.998713, -0.049423, -0.011381, 0.050717, 0.972959, 0.225342, -0.000064, -0.225630, 0.974213),
      ["LeftUpperLeg"] = CFrame.new(-0.014487, -0.058564, -0.103286, 0.944470, 0.221811, 0.242438, -0.267151, 0.947910, 0.173486, -0.191329, -0.228620, 0.954529),
      ["LowerTorso"] = CFrame.new(0.142989, 0.007428, -0.101781, 0.997768, -0.066432, 0.006759, 0.066774, 0.992586, -0.101559, 0.000038, 0.101783, 0.994807),
      ["RightUpperLeg"] = CFrame.new(0.002388, -0.159982, -0.128416, 0.955258, -0.018313, -0.295207, 0.095053, 0.964144, 0.247771, 0.280084, -0.264746, 0.922747)
    }},
    { Time = 0.100, Data = {
      ["BustJ"] = CFrame.new(0.000000, 0.000000, 0.000000, 0.989609, 0.000000, 0.143783, 0.000000, 1.000000, 0.000000, -0.143783, 0.000000, 0.989609),
      ["ButtJ"] = CFrame.new(0.000000, 0.000000, 0.000000, 0.996860, 0.000000, 0.079181, 0.000000, 1.000000, 0.000000, -0.079181, 0.000000, 0.996860),
      ["Head"] = CFrame.new(0.000000, 0.000000, -0.000000, 0.999470, -0.030494, -0.011388, 0.032277, 0.973750, 0.225320, 0.004219, -0.225569, 0.974218),
      ["LeftUpperLeg"] = CFrame.new(-0.016077, -0.059144, -0.103236, 0.936342, 0.251749, 0.244717, -0.296266, 0.940572, 0.165983, -0.188388, -0.227918, 0.955282),
      ["LowerTorso"] = CFrame.new(0.169523, 0.008330, -0.101805, 0.996866, -0.078700, 0.008076, 0.079113, 0.991686, -0.101487, -0.000022, 0.101808, 0.994804),
      ["RightUpperLeg"] = CFrame.new(-0.002011, -0.169095, -0.127462, 0.956606, 0.006224, -0.291319, 0.071374, 0.964310, 0.254974, 0.282508, -0.264702, 0.922020)
    }},
    { Time = 0.117, Data = {
      ["BustJ"] = CFrame.new(0.000000, 0.000000, 0.000000, 0.992026, 0.000000, 0.126037, 0.000000, 1.000000, 0.000000, -0.126037, 0.000000, 0.992026),
      ["ButtJ"] = CFrame.new(0.000000, 0.000000, 0.000000, 0.995845, 0.000000, 0.091061, 0.000000, 1.000000, 0.000000, -0.091061, 0.000000, 0.995845),
      ["Head"] = CFrame.new(0.000000, -0.000000, -0.000000, 0.999862, -0.012081, -0.011370, 0.014333, 0.974180, 0.225316, 0.008355, -0.225448, 0.974219),
      ["LeftUpperLeg"] = CFrame.new(-0.018037, -0.059602, -0.103182, 0.927668, 0.280343, 0.246656, -0.324040, 0.932639, 0.158693, -0.185552, -0.227141, 0.956022),
      ["LowerTorso"] = CFrame.new(0.195148, 0.009353, -0.101831, 0.995842, -0.090619, 0.009289, 0.091094, 0.990665, -0.101409, -0.000012, 0.101834, 0.994801),
      ["RightUpperLeg"] = CFrame.new(-0.005956, -0.177841, -0.126551, 0.957339, 0.029821, -0.287423, 0.048604, 0.963872, 0.261894, 0.284849, -0.264691, 0.921303)
    }},
    { Time = 0.133, Data = {
      ["BustJ"] = CFrame.new(0.000000, 0.000000, 0.000000, 0.994113, 0.000000, 0.108347, 0.000000, 1.000000, 0.000000, -0.108347, 0.000000, 0.994113),
      ["ButtJ"] = CFrame.new(0.000000, 0.000000, 0.000000, 0.994742, 0.000000, 0.102416, 0.000000, 1.000000, 0.000000, -0.102416, 0.000000, 0.994742),
      ["Head"] = CFrame.new(0.000000, -0.000000, -0.000000, 0.999919, 0.005896, -0.011317, -0.003195, 0.974278, 0.225328, 0.012354, -0.225274, 0.974217),
      ["LeftUpperLeg"] = CFrame.new(-0.020270, -0.059859, -0.103134, 0.918673, 0.307271, 0.248244, -0.350149, 0.924333, 0.151670, -0.182856, -0.226258, 0.956750),
      ["LowerTorso"] = CFrame.new(0.219431, 0.010449, -0.101860, 0.994745, -0.101842, 0.010466, 0.102378, 0.989572, -0.101324, -0.000038, 0.101863, 0.994798),
      ["RightUpperLeg"] = CFrame.new(-0.009460, -0.186172, -0.125685, 0.957528, 0.052274, -0.283563, 0.026897, 0.962947, 0.268344, 0.287083, -0.264574, 0.920643)
    }},
    { Time = 0.150, Data = {
      ["BustJ"] = CFrame.new(0.000000, 0.000000, 0.000000, 0.995861, 0.000000, 0.090889, 0.000000, 1.000000, 0.000000, -0.090889, 0.000000, 0.995861),
      ["ButtJ"] = CFrame.new(0.000000, 0.000000, 0.000000, 0.993587, 0.000000, 0.113073, 0.000000, 1.000000, 0.000000, -0.113073, 0.000000, 0.993587),
      ["Head"] = CFrame.new(-0.000000, -0.000000, 0.000000, 0.999667, 0.023186, -0.011342, -0.020036, 0.974071, 0.225353, 0.016273, -0.225051, 0.974211),
      ["LeftUpperLeg"] = CFrame.new(-0.022734, -0.060009, -0.103115, 0.909466, 0.332524, 0.249600, -0.374622, 0.915771, 0.144992, -0.180363, -0.225370, 0.957433),
      ["LowerTorso"] = CFrame.new(0.242470, 0.011606, -0.101801, 0.993580, -0.112545, 0.011526, 0.113134, 0.988418, -0.101151, -0.000008, 0.101805, 0.994804),
      ["RightUpperLeg"] = CFrame.new(-0.012556, -0.194059, -0.124818, 0.957278, 0.073408, -0.279695, 0.006431, 0.961597, 0.274389, 0.289096, -0.264466, 0.920044)
    }},
    { Time = 0.167, Data = {
      ["BustJ"] = CFrame.new(0.000000, 0.000000, 0.000000, 0.997289, 0.000000, 0.073583, 0.000000, 1.000000, 0.000000, -0.073583, 0.000000, 0.997289),
      ["ButtJ"] = CFrame.new(0.000000, 0.000000, 0.000000, 0.992392, 0.000000, 0.123119, 0.000000, 1.000000, 0.000000, -0.123119, 0.000000, 0.992392),
      ["Head"] = CFrame.new(0.000000, 0.000000, -0.000000, 0.999144, 0.039775, -0.011361, -0.036197, 0.973616, 0.225305, 0.020023, -0.224701, 0.974222),
      ["LeftUpperLeg"] = CFrame.new(-0.025338, -0.060050, -0.103083, 0.900256, 0.355969, 0.250649, -0.397309, 0.907142, 0.138702, -0.178001, -0.224453, 0.958090),
      ["LowerTorso"] = CFrame.new(0.263926, 0.012791, -0.101831, 0.992393, -0.122466, 0.012550, 0.123108, 0.987234, -0.101060, -0.000013, 0.101836, 0.994801),
      ["RightUpperLeg"] = CFrame.new(-0.015228, -0.201403, -0.124084, 0.956598, 0.093240, -0.276091, -0.012766, 0.959929, 0.279952, 0.291130, -0.264277, 0.919457)
    }},
    { Time = 0.183, Data = {
      ["BustJ"] = CFrame.new(0.000000, 0.000000, 0.000000, 0.998402, 0.000000, 0.056518, 0.000000, 1.000000, 0.000000, -0.056518, 0.000000, 0.998402),
      ["ButtJ"] = CFrame.new(0.000000, 0.000000, 0.000000, 0.991210, 0.000000, 0.132299, 0.000000, 1.000000, 0.000000, -0.132299, 0.000000, 0.991210),
      ["Head"] = CFrame.new(-0.000000, -0.000000, 0.000000, 0.998385, 0.055662, -0.011372, -0.051675, 0.972906, 0.225351, 0.023607, -0.224399, 0.974211),
      ["LeftUpperLeg"] = CFrame.new(-0.027996, -0.059955, -0.103114, 0.891240, 0.377358, 0.251579, -0.418015, 0.898668, 0.132889, -0.175940, -0.223600, 0.958670),
      ["LowerTorso"] = CFrame.new(0.283735, 0.013973, -0.101859, 0.991210, -0.131612, 0.013448, 0.132297, 0.986054, -0.100972, 0.000029, 0.101863, 0.994798),
      ["RightUpperLeg"] = CFrame.new(-0.017542, -0.208211, -0.123347, 0.955659, 0.111481, -0.272559, -0.030474, 0.958042, 0.285003, 0.292895, -0.264059, 0.918959)
    }},
    { Time = 0.200, Data = {
      ["BustJ"] = CFrame.new(0.000000, 0.000000, 0.000000, 0.999215, 0.000000, 0.039614, 0.000000, 1.000000, 0.000000, -0.039614, 0.000000, 0.999215),
      ["ButtJ"] = CFrame.new(0.000000, 0.000000, 0.000000, 0.990052, 0.000000, 0.140699, 0.000000, 1.000000, 0.000000, -0.140699, 0.000000, 0.990052),
      ["Head"] = CFrame.new(-0.000000, 0.000000, -0.000000, 0.997429, 0.070757, -0.011387, -0.066382, 0.972021, 0.225319, 0.027012, -0.223984, 0.974219),
      ["LeftUpperLeg"] = CFrame.new(-0.030635, -0.059799, -0.103114, 0.882590, 0.396742, 0.252251, -0.436758, 0.890485, 0.127592, -0.174004, -0.222784, 0.959213),
      ["LowerTorso"] = CFrame.new(0.301827, 0.015122, -0.101802, 0.990051, -0.139980, 0.014300, 0.140708, 0.984907, -0.100798, 0.000025, 0.101807, 0.994804),
      ["RightUpperLeg"] = CFrame.new(-0.019504, -0.214445, -0.122693, 0.954503, 0.128083, -0.269292, -0.046574, 0.956007, 0.289624, 0.294540, -0.263905, 0.918477)
    }},
    { Time = 0.217, Data = {
      ["BustJ"] = CFrame.new(0.000000, 0.000000, 0.000000, 0.999734, 0.000000, 0.023046, 0.000000, 1.000000, 0.000000, -0.023046, 0.000000, 0.999734),
      ["ButtJ"] = CFrame.new(0.000000, 0.000000, 0.000000, 0.988952, 0.000000, 0.148235, 0.000000, 1.000000, 0.000000, -0.148235, 0.000000, 0.988952),
      ["Head"] = CFrame.new(0.000000, -0.000000, 0.000000, 0.996327, 0.084880, -0.011336, -0.080156, 0.970970, 0.225372, 0.030137, -0.223636, 0.974207),
      ["LeftUpperLeg"] = CFrame.new(-0.033153, -0.059539, -0.103130, 0.874526, 0.413907, 0.252754, -0.453340, 0.882834, 0.122832, -0.172299, -0.222003, 0.959702),
      ["LowerTorso"] = CFrame.new(0.318059, 0.016223, -0.101833, 0.988949, -0.147484, 0.015114, 0.148257, 0.983808, -0.100710, -0.000017, 0.101838, 0.994801),
      ["RightUpperLeg"] = CFrame.new(-0.021143, -0.220047, -0.122120, 0.953224, 0.142941, -0.266331, -0.061007, 0.953965, 0.293647, 0.296044, -0.263663, 0.918063)
    }},
    { Time = 0.233, Data = {
      ["BustJ"] = CFrame.new(0.000000, 0.000000, 0.000000, 0.999977, 0.000000, 0.006733, 0.000000, 1.000000, 0.000000, -0.006733, 0.000000, 0.999977),
      ["ButtJ"] = CFrame.new(0.000000, 0.000000, 0.000000, 0.987929, 0.000000, 0.154910, 0.000000, 1.000000, 0.000000, -0.154910, 0.000000, 0.987929),
      ["Head"] = CFrame.new(-0.000000, 0.000000, 0.000000, 0.995108, 0.098136, -0.011387, -0.093064, 0.969824, 0.225346, 0.033158, -0.223184, 0.974212),
      ["LeftUpperLeg"] = CFrame.new(-0.035519, -0.059286, -0.103147, 0.867133, 0.428968, 0.253116, -0.467875, 0.875801, 0.118599, -0.170804, -0.221267, 0.960139),
      ["LowerTorso"] = CFrame.new(0.332297, 0.017233, -0.101859, 0.987937, -0.154047, 0.015794, 0.154855, 0.982799, -0.100632, -0.000020, 0.101864, 0.994798),
      ["RightUpperLeg"] = CFrame.new(-0.022501, -0.224977, -0.121587, 0.951933, 0.155976, -0.263619, -0.073694, 0.951983, 0.297150, 0.297309, -0.263440, 0.917718)
    }},
    { Time = 0.250, Data = {
      ["BustJ"] = CFrame.new(0.000000, 0.000000, 0.000000, 0.999957, -0.000000, -0.009236, 0.000000, 1.000000, -0.000000, 0.009236, 0.000000, 0.999957),
      ["ButtJ"] = CFrame.new(0.000000, 0.000000, 0.000000, 0.987027, 0.000000, 0.160554, 0.000000, 1.000000, 0.000000, -0.160554, 0.000000, 0.987027),
      ["Head"] = CFrame.new(0.000000, -0.000000, 0.000000, 0.993820, 0.110420, -0.011374, -0.105040, 0.968607, 0.225317, 0.035897, -0.222729, 0.974219),
      ["LeftUpperLeg"] = CFrame.new(-0.037625, -0.058990, -0.103160, 0.860639, 0.441712, 0.253361, -0.480171, 0.869602, 0.115012, -0.169521, -0.220640, 0.960511),
      ["LowerTorso"] = CFrame.new(0.344583, 0.018139, -0.101793, 0.987021, -0.159756, 0.016337, 0.160589, 0.981894, -0.100479, 0.000011, 0.101799, 0.994805),
      ["RightUpperLeg"] = CFrame.new(-0.023584, -0.229226, -0.121177, 0.950664, 0.167145, -0.261343, -0.084517, 0.950118, 0.300220, 0.298487, -0.263320, 0.917370)
    }},
    { Time = 0.267, Data = {
      ["BustJ"] = CFrame.new(0.000000, 0.000000, 0.000000, 0.999689, -0.000000, -0.024945, 0.000000, 1.000000, -0.000000, 0.024945, 0.000000, 0.999689),
      ["ButtJ"] = CFrame.new(0.000000, 0.000000, 0.000000, 0.986251, 0.000000, 0.165254, 0.000000, 1.000000, 0.000000, -0.165254, 0.000000, 0.986251),
      ["Head"] = CFrame.new(-0.000000, 0.000000, 0.000000, 0.992507, 0.121658, -0.011389, -0.115988, 0.967345, 0.225369, 0.038435, -0.222359, 0.974207),
      ["LeftUpperLeg"] = CFrame.new(-0.039460, -0.058750, -0.103198, 0.855082, 0.452242, 0.253596, -0.490344, 0.864298, 0.112039, -0.168514, -0.220152, 0.960800),
      ["LowerTorso"] = CFrame.new(0.354615, 0.018901, -0.101814, 0.986258, -0.164352, 0.016830, 0.165211, 0.981133, -0.100419, -0.000009, 0.101820, 0.994803),
      ["RightUpperLeg"] = CFrame.new(-0.024437, -0.232697, -0.120806, 0.949532, 0.176396, -0.259372, -0.093547, 0.948513, 0.302609, 0.299397, -0.263073, 0.917145)
    }},
    { Time = 0.283, Data = {
      ["BustJ"] = CFrame.new(0.000000, 0.000000, 0.000000, 0.999191, -0.000000, -0.040218, 0.000000, 1.000000, -0.000000, 0.040218, 0.000000, 0.999191),
      ["ButtJ"] = CFrame.new(0.000000, 0.000000, 0.000000, 0.985629, 0.000000, 0.168926, 0.000000, 1.000000, 0.000000, -0.168926, 0.000000, 0.985629),
      ["Head"] = CFrame.new(-0.000000, -0.000000, 0.000000, 0.991206, 0.131843, -0.011355, -0.125924, 0.966111, 0.225326, 0.040678, -0.221915, 0.974217),
      ["LeftUpperLeg"] = CFrame.new(-0.040906, -0.058487, -0.103198, 0.850712, 0.460387, 0.253639, -0.498174, 0.860113, 0.109676, -0.167665, -0.219659, 0.961061),
      ["LowerTorso"] = CFrame.new(0.362538, 0.019523, -0.101828, 0.985635, -0.168011, 0.017189, 0.168888, 0.980511, -0.100373, 0.000009, 0.101834, 0.994801),
      ["RightUpperLeg"] = CFrame.new(-0.025080, -0.235449, -0.120514, 0.948590, 0.183613, -0.257806, -0.100568, 0.947172, 0.304552, 0.300106, -0.262968, 0.916943)
    }},
    { Time = 0.300, Data = {
      ["BustJ"] = CFrame.new(0.000000, 0.000000, 0.000000, 0.998479, -0.000000, -0.055139, 0.000000, 1.000000, -0.000000, 0.055139, 0.000000, 0.998479),
      ["ButtJ"] = CFrame.new(0.000000, 0.000000, 0.000000, 0.985171, 0.000000, 0.171573, 0.000000, 1.000000, 0.000000, -0.171573, 0.000000, 0.985171),
      ["Head"] = CFrame.new(-0.000000, -0.000000, 0.000000, 0.989958, 0.140902, -0.011357, -0.134751, 0.964911, 0.225362, 0.042713, -0.221569, 0.974209),
      ["LeftUpperLeg"] = CFrame.new(-0.041995, -0.058330, -0.103204, 0.847472, 0.466283, 0.253716, -0.503865, 0.857001, 0.108021, -0.167067, -0.219384, 0.961228),
      ["LowerTorso"] = CFrame.new(0.368236, 0.019981, -0.101843, 0.985177, -0.170645, 0.017496, 0.171540, 0.980055, -0.100335, -0.000025, 0.101849, 0.994800),
      ["RightUpperLeg"] = CFrame.new(-0.025527, -0.237428, -0.120297, 0.947883, 0.188780, -0.256670, -0.105613, 0.946190, 0.305891, 0.300605, -0.262842, 0.916816)
    }},
    { Time = 0.317, Data = {
      ["BustJ"] = CFrame.new(0.000000, 0.000000, 0.000000, 0.997574, -0.000000, -0.069620, 0.000000, 1.000000, -0.000000, 0.069620, 0.000000, 0.997574),
      ["ButtJ"] = CFrame.new(0.000000, 0.000000, 0.000000, 0.984903, 0.000000, 0.173109, 0.000000, 1.000000, 0.000000, -0.173109, 0.000000, 0.984903),
      ["Head"] = CFrame.new(0.000000, -0.000000, 0.000000, 0.988811, 0.148741, -0.011332, -0.142401, 0.963827, 0.225298, 0.044433, -0.221164, 0.974224),
      ["LeftUpperLeg"] = CFrame.new(-0.042662, -0.058223, -0.103245, 0.845496, 0.469818, 0.253787, -0.507268, 0.855129, 0.106932, -0.166782, -0.219149, 0.961331),
      ["LowerTorso"] = CFrame.new(0.371613, 0.020249, -0.101850, 0.984908, -0.172175, 0.017660, 0.173078, 0.979786, -0.100314, -0.000032, 0.101857, 0.994799),
      ["RightUpperLeg"] = CFrame.new(-0.025790, -0.238610, -0.120161, 0.947446, 0.191912, -0.255961, -0.108672, 0.945578, 0.306713, 0.300893, -0.262778, 0.916739)
    }},
    { Time = 0.333, Data = {
      ["BustJ"] = CFrame.new(0.000000, 0.000000, 0.000000, 0.996487, -0.000000, -0.083745, 0.000000, 1.000000, -0.000000, 0.083745, 0.000000, 0.996487),
      ["ButtJ"] = CFrame.new(0.000000, 0.000000, 0.000000, 0.984812, 0.000000, 0.173621, 0.000000, 1.000000, 0.000000, -0.173621, 0.000000, 0.984812),
      ["Head"] = CFrame.new(0.000000, -0.000000, 0.000000, 0.987764, 0.155544, -0.011333, -0.149031, 0.962821, 0.225310, 0.045957, -0.220864, 0.974221),
      ["LeftUpperLeg"] = CFrame.new(-0.042886, -0.058186, -0.103255, 0.844834, 0.470991, 0.253817, -0.508403, 0.854496, 0.106597, -0.166679, -0.219098, 0.961361),
      ["LowerTorso"] = CFrame.new(0.372826, 0.020354, -0.101850, 0.984803, -0.172771, 0.017691, 0.173675, 0.979681, -0.100309, -0.000001, 0.101857, 0.994799),
      ["RightUpperLeg"] = CFrame.new(-0.025871, -0.239027, -0.120142, 0.947286, 0.192939, -0.255782, -0.109650, 0.945367, 0.307014, 0.301043, -0.262783, 0.916689)
    }},
    { Time = 0.350, Data = {
      ["BustJ"] = CFrame.new(0.000000, 0.000000, 0.000000, 0.995251, -0.000000, -0.097342, 0.000000, 1.000000, -0.000000, 0.097342, 0.000000, 0.995251),
      ["ButtJ"] = CFrame.new(0.000000, 0.000000, 0.000000, 0.984873, 0.000000, 0.173280, 0.000000, 1.000000, 0.000000, -0.173280, 0.000000, 0.984873),
      ["Head"] = CFrame.new(0.000000, -0.000000, 0.000000, 0.986879, 0.161058, -0.011395, -0.154392, 0.961976, 0.225310, 0.047250, -0.220595, 0.974220),
      ["LeftUpperLeg"] = CFrame.new(-0.042734, -0.058197, -0.103242, 0.845275, 0.470202, 0.253811, -0.507651, 0.854908, 0.106875, -0.166732, -0.219186, 0.961331),
      ["LowerTorso"] = CFrame.new(0.372090, 0.020294, -0.101850, 0.984863, -0.172431, 0.017673, 0.173334, 0.979741, -0.100312, -0.000019, 0.101857, 0.994799),
      ["RightUpperLeg"] = CFrame.new(-0.025821, -0.238776, -0.120153, 0.947393, 0.192258, -0.255899, -0.108993, 0.945499, 0.306841, 0.300945, -0.262807, 0.916714)
    }},
    { Time = 0.367, Data = {
      ["BustJ"] = CFrame.new(0.000000, 0.000000, 0.000000, 0.993877, -0.000000, -0.110495, 0.000000, 1.000000, -0.000000, 0.110495, 0.000000, 0.993877),
      ["ButtJ"] = CFrame.new(0.000000, 0.000000, 0.000000, 0.985052, 0.000000, 0.172256, 0.000000, 1.000000, 0.000000, -0.172256, 0.000000, 0.985052),
      ["Head"] = CFrame.new(0.000000, 0.000000, -0.000000, 0.986170, 0.165352, -0.011331, -0.158589, 0.961280, 0.225369, 0.048158, -0.220455, 0.974208),
      ["LeftUpperLeg"] = CFrame.new(-0.042301, -0.058258, -0.103222, 0.846551, 0.467930, 0.253755, -0.505456, 0.856125, 0.107535, -0.166928, -0.219296, 0.961272),
      ["LowerTorso"] = CFrame.new(0.369889, 0.020115, -0.101843, 0.985043, -0.171412, 0.017535, 0.172307, 0.979921, -0.100328, 0.000014, 0.101849, 0.994800),
      ["RightUpperLeg"] = CFrame.new(-0.025659, -0.238030, -0.120227, 0.947686, 0.190226, -0.256332, -0.107010, 0.945893, 0.306327, 0.300734, -0.262871, 0.916765)
    }},
    { Time = 0.383, Data = {
      ["BustJ"] = CFrame.new(0.000000, 0.000000, 0.000000, 0.992381, -0.000000, -0.123205, 0.000000, 1.000000, -0.000000, 0.123205, 0.000000, 0.992381),
      ["ButtJ"] = CFrame.new(0.000000, 0.000000, 0.000000, 0.985335, 0.000000, 0.170634, 0.000000, 1.000000, 0.000000, -0.170634, 0.000000, 0.985335),
      ["Head"] = CFrame.new(-0.000000, -0.000000, 0.000000, 0.985646, 0.168445, -0.011327, -0.161607, 0.960786, 0.225331, 0.048838, -0.220266, 0.974217),
      ["LeftUpperLeg"] = CFrame.new(-0.041624, -0.058403, -0.103232, 0.848587, 0.464240, 0.253734, -0.501894, 0.858092, 0.108542, -0.167338, -0.219455, 0.961165),
      ["LowerTorso"] = CFrame.new(0.366223, 0.019817, -0.101836, 0.985341, -0.169712, 0.017362, 0.170597, 0.980217, -0.100351, 0.000012, 0.101842, 0.994801),
      ["RightUpperLeg"] = CFrame.new(-0.025374, -0.236755, -0.120370, 0.948143, 0.186926, -0.257066, -0.103783, 0.946525, 0.305481, 0.300422, -0.262961, 0.916841)
    }},
    { Time = 0.400, Data = {
      ["BustJ"] = CFrame.new(0.000000, 0.000000, 0.000000, 0.990793, -0.000000, -0.135386, 0.000000, 1.000000, -0.000000, 0.135386, 0.000000, 0.990793),
      ["ButtJ"] = CFrame.new(0.000000, 0.000000, 0.000000, 0.985746, 0.000000, 0.168243, 0.000000, 1.000000, 0.000000, -0.168243, 0.000000, 0.985746),
      ["Head"] = CFrame.new(-0.000000, 0.000000, -0.000000, 0.985320, 0.170341, -0.011367, -0.163444, 0.960467, 0.225363, 0.049306, -0.220196, 0.974209),
      ["LeftUpperLeg"] = CFrame.new(-0.040658, -0.058549, -0.103219, 0.851469, 0.458955, 0.253693, -0.496814, 0.860844, 0.110105, -0.167857, -0.219790, 0.960998),
      ["LowerTorso"] = CFrame.new(0.361098, 0.019407, -0.101828, 0.985752, -0.167328, 0.017155, 0.168205, 0.980628, -0.100379, -0.000026, 0.101834, 0.994801),
      ["RightUpperLeg"] = CFrame.new(-0.024976, -0.234952, -0.120537, 0.948777, 0.182333, -0.258024, -0.099337, 0.947409, 0.304216, 0.299923, -0.263002, 0.916993)
    }},
    { Time = 0.417, Data = {
      ["BustJ"] = CFrame.new(0.000000, 0.000000, 0.000000, 0.989118, -0.000000, -0.147122, 0.000000, 1.000000, -0.000000, 0.147122, 0.000000, 0.989118),
      ["ButtJ"] = CFrame.new(0.000000, 0.000000, 0.000000, 0.986251, 0.000000, 0.165254, 0.000000, 1.000000, 0.000000, -0.165254, 0.000000, 0.986251),
      ["Head"] = CFrame.new(0.000000, 0.000000, -0.000000, 0.985215, 0.170944, -0.011383, -0.164028, 0.960365, 0.225373, 0.049458, -0.220174, 0.974206),
      ["LeftUpperLeg"] = CFrame.new(-0.039460, -0.058750, -0.103198, 0.855082, 0.452242, 0.253596, -0.490344, 0.864298, 0.112039, -0.168514, -0.220152, 0.960800),
      ["LowerTorso"] = CFrame.new(0.354615, 0.018901, -0.101814, 0.986258, -0.164352, 0.016830, 0.165211, 0.981133, -0.100419, -0.000009, 0.101820, 0.994803),
      ["RightUpperLeg"] = CFrame.new(-0.024437, -0.232697, -0.120806, 0.949532, 0.176396, -0.259372, -0.093547, 0.948513, 0.302609, 0.299397, -0.263073, 0.917145)
    }},
    { Time = 0.433, Data = {
      ["BustJ"] = CFrame.new(0.000000, 0.000000, 0.000000, 0.987400, -0.000000, -0.158245, 0.000000, 1.000000, -0.000000, 0.158245, 0.000000, 0.987400),
      ["ButtJ"] = CFrame.new(0.000000, 0.000000, 0.000000, 0.986860, 0.000000, 0.161579, 0.000000, 1.000000, 0.000000, -0.161579, 0.000000, 0.986860),
      ["Head"] = CFrame.new(-0.000000, -0.000000, 0.000000, 0.985276, 0.170595, -0.011337, -0.163699, 0.960424, 0.225364, 0.049335, -0.220190, 0.974209),
      ["LeftUpperLeg"] = CFrame.new(-0.038023, -0.058946, -0.103177, 0.859434, 0.444011, 0.253431, -0.482394, 0.868458, 0.114353, -0.169320, -0.220532, 0.960571),
      ["LowerTorso"] = CFrame.new(0.346697, 0.018293, -0.101800, 0.986867, -0.160691, 0.016471, 0.161533, 0.981740, -0.100465, -0.000027, 0.101806, 0.994804),
      ["RightUpperLeg"] = CFrame.new(-0.023782, -0.229958, -0.121060, 0.950445, 0.169171, -0.260837, -0.086519, 0.949775, 0.300736, 0.298612, -0.263266, 0.917345)
    }},
    { Time = 0.450, Data = {
      ["BustJ"] = CFrame.new(0.000000, 0.000000, 0.000000, 0.985629, -0.000000, -0.168926, 0.000000, 1.000000, -0.000000, 0.168926, 0.000000, 0.985629),
      ["ButtJ"] = CFrame.new(0.000000, 0.000000, 0.000000, 0.987550, 0.000000, 0.157305, 0.000000, 1.000000, 0.000000, -0.157305, 0.000000, 0.987550),
      ["Head"] = CFrame.new(-0.000000, -0.000000, 0.000000, 0.985439, 0.169652, -0.011360, -0.162775, 0.960584, 0.225352, 0.049144, -0.220221, 0.974211),
      ["LeftUpperLeg"] = CFrame.new(-0.036386, -0.059156, -0.103144, 0.864440, 0.434312, 0.253214, -0.473033, 0.873226, 0.117118, -0.170247, -0.221020, 0.960295),
      ["LowerTorso"] = CFrame.new(0.337450, 0.017603, -0.101780, 0.987559, -0.156435, 0.015996, 0.157251, 0.982430, -0.100521, 0.000010, 0.101785, 0.994806),
      ["RightUpperLeg"] = CFrame.new(-0.022963, -0.226767, -0.121417, 0.951414, 0.160668, -0.262675, -0.078238, 0.951215, 0.298443, 0.297811, -0.263392, 0.917569)
    }},
    { Time = 0.467, Data = {
      ["BustJ"] = CFrame.new(0.000000, 0.000000, 0.000000, 0.983850, -0.000000, -0.178995, 0.000000, 1.000000, -0.000000, 0.178995, 0.000000, 0.983850),
      ["ButtJ"] = CFrame.new(0.000000, 0.000000, 0.000000, 0.988328, 0.000000, 0.152343, 0.000000, 1.000000, 0.000000, -0.152343, 0.000000, 0.988328),
      ["Head"] = CFrame.new(0.000000, 0.000000, 0.000000, 0.985732, 0.167936, -0.011386, -0.161098, 0.960872, 0.225328, 0.048781, -0.220278, 0.974217),
      ["LeftUpperLeg"] = CFrame.new(-0.034599, -0.059390, -0.103148, 0.869991, 0.423208, 0.253003, -0.462320, 0.878526, 0.120219, -0.171392, -0.221558, 0.959967),
      ["LowerTorso"] = CFrame.new(0.326887, 0.016847, -0.101845, 0.988324, -0.151578, 0.015496, 0.152368, 0.983184, -0.100665, 0.000023, 0.101851, 0.994800),
      ["RightUpperLeg"] = CFrame.new(-0.021989, -0.223106, -0.121801, 0.952444, 0.150956, -0.264693, -0.068798, 0.952766, 0.295811, 0.296845, -0.263533, 0.917842)
    }},
    { Time = 0.483, Data = {
      ["BustJ"] = CFrame.new(0.000000, 0.000000, 0.000000, 0.982082, -0.000000, -0.188454, 0.000000, 1.000000, -0.000000, 0.188454, 0.000000, 0.982082),
      ["ButtJ"] = CFrame.new(0.000000, 0.000000, 0.000000, 0.989156, 0.000000, 0.146866, 0.000000, 1.000000, 0.000000, -0.146866, 0.000000, 0.989156),
      ["Head"] = CFrame.new(-0.000000, -0.000000, 0.000000, 0.986139, 0.165531, -0.011397, -0.158749, 0.961251, 0.225377, 0.048262, -0.220444, 0.974205),
      ["LeftUpperLeg"] = CFrame.new(-0.032668, -0.059617, -0.103103, 0.876074, 0.410690, 0.252644, -0.450236, 0.884288, 0.123779, -0.172575, -0.222189, 0.959609),
      ["LowerTorso"] = CFrame.new(0.314947, 0.016006, -0.101826, 0.989166, -0.146035, 0.014954, 0.146799, 0.984024, -0.100728, -0.000006, 0.101832, 0.994802),
      ["RightUpperLeg"] = CFrame.new(-0.020843, -0.218974, -0.122216, 0.953492, 0.140127, -0.266866, -0.058268, 0.954356, 0.292931, 0.295732, -0.263758, 0.918136)
    }},
    { Time = 0.500, Data = {
      ["BustJ"] = CFrame.new(0.000000, 0.000000, 0.000000, 0.980325, -0.000000, -0.197390, 0.000000, 1.000000, -0.000000, 0.197390, 0.000000, 0.980325),
      ["ButtJ"] = CFrame.new(0.000000, 0.000000, 0.000000, 0.990052, 0.000000, 0.140699, 0.000000, 1.000000, 0.000000, -0.140699, 0.000000, 0.990052),
      ["Head"] = CFrame.new(0.000000, -0.000000, -0.000000, 0.986639, 0.162521, -0.011399, -0.155817, 0.961741, 0.225332, 0.047584, -0.220546, 0.974215),
      ["LeftUpperLeg"] = CFrame.new(-0.030635, -0.059799, -0.103114, 0.882590, 0.396742, 0.252251, -0.436758, 0.890485, 0.127592, -0.174004, -0.222784, 0.959213),
      ["LowerTorso"] = CFrame.new(0.301827, 0.015122, -0.101802, 0.990051, -0.139980, 0.014300, 0.140708, 0.984907, -0.100798, 0.000025, 0.101807, 0.994804),
      ["RightUpperLeg"] = CFrame.new(-0.019504, -0.214445, -0.122693, 0.954503, 0.128083, -0.269292, -0.046574, 0.956007, 0.289624, 0.294540, -0.263905, 0.918477)
    }},
    { Time = 0.517, Data = {
      ["BustJ"] = CFrame.new(0.000000, 0.000000, 0.000000, 0.978593, -0.000000, -0.205804, 0.000000, 1.000000, -0.000000, 0.205804, 0.000000, 0.978593),
      ["ButtJ"] = CFrame.new(0.000000, 0.000000, 0.000000, 0.990968, 0.000000, 0.134100, 0.000000, 1.000000, 0.000000, -0.134100, 0.000000, 0.990968),
      ["Head"] = CFrame.new(-0.000000, 0.000000, 0.000000, 0.987228, 0.158906, -0.011377, -0.152296, 0.962298, 0.225362, 0.046760, -0.220751, 0.974209),
      ["LeftUpperLeg"] = CFrame.new(-0.028527, -0.059942, -0.103081, 0.889477, 0.381422, 0.251691, -0.421949, 0.896981, 0.131850, -0.175471, -0.223478, 0.958784),
      ["LowerTorso"] = CFrame.new(0.287551, 0.014207, -0.101778, 0.990968, -0.133407, 0.013620, 0.134100, 0.985821, -0.100868, 0.000030, 0.101783, 0.994807),
      ["RightUpperLeg"] = CFrame.new(-0.017955, -0.209525, -0.123236, 0.955427, 0.114916, -0.271943, -0.033784, 0.957640, 0.285978, 0.293287, -0.264044, 0.918838)
    }},
    { Time = 0.533, Data = {
      ["BustJ"] = CFrame.new(0.000000, 0.000000, 0.000000, 0.976937, -0.000000, -0.213527, 0.000000, 1.000000, -0.000000, 0.213527, 0.000000, 0.976937),
      ["ButtJ"] = CFrame.new(0.000000, 0.000000, 0.000000, 0.991916, 0.000000, 0.126895, 0.000000, 1.000000, 0.000000, -0.126895, 0.000000, 0.991916),
      ["Head"] = CFrame.new(0.000000, 0.000000, 0.000000, 0.987912, 0.154599, -0.011355, -0.148106, 0.962967, 0.225298, 0.045766, -0.220893, 0.974224),
      ["LeftUpperLeg"] = CFrame.new(-0.026393, -0.060005, -0.103109, 0.896628, 0.364715, 0.251079, -0.405789, 0.903740, 0.136346, -0.177183, -0.224137, 0.958316),
      ["LowerTorso"] = CFrame.new(0.272062, 0.013267, -0.101842, 0.991917, -0.126229, 0.012914, 0.126887, 0.986759, -0.101025, 0.000009, 0.101847, 0.994800),
      ["RightUpperLeg"] = CFrame.new(-0.016203, -0.204213, -0.123765, 0.956263, 0.100698, -0.274627, -0.019995, 0.959182, 0.282081, 0.291822, -0.264253, 0.919244)
    }},
    { Time = 0.550, Data = {
      ["BustJ"] = CFrame.new(0.000000, 0.000000, 0.000000, 0.975334, -0.000000, -0.220733, 0.000000, 1.000000, -0.000000, 0.220733, 0.000000, 0.975334),
      ["ButtJ"] = CFrame.new(0.000000, 0.000000, 0.000000, 0.992874, 0.000000, 0.119170, 0.000000, 1.000000, 0.000000, -0.119170, 0.000000, 0.992874),
      ["Head"] = CFrame.new(0.000000, 0.000000, 0.000000, 0.988666, 0.149696, -0.011395, -0.143317, 0.963687, 0.225316, 0.044710, -0.221130, 0.974219),
      ["LeftUpperLeg"] = CFrame.new(-0.024293, -0.060066, -0.103098, 0.903911, 0.346854, 0.250275, -0.388496, 0.910573, 0.141166, -0.178930, -0.224832, 0.957828),
      ["LowerTorso"] = CFrame.new(0.255478, 0.012309, -0.101821, 0.992876, -0.118532, 0.012176, 0.119155, 0.987715, -0.101095, -0.000044, 0.101825, 0.994802),
      ["RightUpperLeg"] = CFrame.new(-0.014209, -0.198553, -0.124360, 0.956917, 0.085428, -0.277509, -0.005207, 0.960635, 0.277766, 0.290313, -0.264354, 0.919693)
    }},
    { Time = 0.567, Data = {
      ["BustJ"] = CFrame.new(0.000000, 0.000000, 0.000000, 0.973836, -0.000000, -0.227252, 0.000000, 1.000000, -0.000000, 0.227252, 0.000000, 0.973836),
      ["ButtJ"] = CFrame.new(0.000000, 0.000000, 0.000000, 0.993819, 0.000000, 0.111011, 0.000000, 1.000000, 0.000000, -0.111011, 0.000000, 0.993819),
      ["Head"] = CFrame.new(-0.000000, -0.000000, 0.000000, 0.989487, 0.144174, -0.011333, -0.137948, 0.964469, 0.225320, 0.043415, -0.221388, 0.974219),
      ["LeftUpperLeg"] = CFrame.new(-0.022231, -0.060006, -0.103105, 0.911304, 0.327652, 0.249335, -0.369903, 0.917478, 0.146310, -0.180821, -0.225563, 0.957301),
      ["LowerTorso"] = CFrame.new(0.237924, 0.011363, -0.101796, 0.993822, -0.110405, 0.011330, 0.110984, 0.988659, -0.101168, -0.000032, 0.101801, 0.994805),
      ["RightUpperLeg"] = CFrame.new(-0.011970, -0.192522, -0.124988, 0.957361, 0.069286, -0.280461, 0.010425, 0.961896, 0.273216, 0.288705, -0.264490, 0.920160)
    }},
    { Time = 0.583, Data = {
      ["BustJ"] = CFrame.new(0.000000, 0.000000, 0.000000, 0.972415, -0.000000, -0.233257, 0.000000, 1.000000, -0.000000, 0.233257, 0.000000, 0.972415),
      ["ButtJ"] = CFrame.new(0.000000, 0.000000, 0.000000, 0.994742, 0.000000, 0.102416, 0.000000, 1.000000, 0.000000, -0.102416, 0.000000, 0.994742),
      ["Head"] = CFrame.new(-0.000000, 0.000000, -0.000000, 0.990360, 0.138053, -0.011339, -0.131981, 0.965304, 0.225322, 0.042052, -0.221654, 0.974218),
      ["LeftUpperLeg"] = CFrame.new(-0.020270, -0.059859, -0.103134, 0.918673, 0.307271, 0.248244, -0.350149, 0.924333, 0.151670, -0.182856, -0.226258, 0.956750),
      ["LowerTorso"] = CFrame.new(0.219431, 0.010449, -0.101860, 0.994745, -0.101842, 0.010466, 0.102378, 0.989572, -0.101324, -0.000038, 0.101863, 0.994798),
      ["RightUpperLeg"] = CFrame.new(-0.009460, -0.186172, -0.125685, 0.957528, 0.052274, -0.283563, 0.026897, 0.962947, 0.268344, 0.287083, -0.264574, 0.920643)
    }},
    { Time = 0.600, Data = {
      ["BustJ"] = CFrame.new(0.000000, 0.000000, 0.000000, 0.971123, -0.000000, -0.238579, 0.000000, 1.000000, -0.000000, 0.238579, 0.000000, 0.971123),
      ["ButtJ"] = CFrame.new(0.000000, 0.000000, 0.000000, 0.995630, 0.000000, 0.093385, 0.000000, 1.000000, 0.000000, -0.093385, 0.000000, 0.995630),
      ["Head"] = CFrame.new(0.000000, -0.000000, 0.000000, 0.991262, 0.131417, -0.011404, -0.125498, 0.966167, 0.225324, 0.040630, -0.221924, 0.974217),
      ["LeftUpperLeg"] = CFrame.new(-0.018454, -0.059660, -0.103140, 0.925909, 0.285873, 0.246921, -0.329381, 0.931013, 0.157237, -0.184937, -0.226918, 0.956194),
      ["LowerTorso"] = CFrame.new(0.200130, 0.009569, -0.101835, 0.995627, -0.092935, 0.009493, 0.093419, 0.990450, -0.101394, 0.000021, 0.101838, 0.994801),
      ["RightUpperLeg"] = CFrame.new(-0.006694, -0.179554, -0.126364, 0.957423, 0.034383, -0.286634, 0.044197, 0.963720, 0.263232, 0.285285, -0.264693, 0.921168)
    }},
    { Time = 0.617, Data = {
      ["BustJ"] = CFrame.new(0.000000, 0.000000, 0.000000, 0.969950, -0.000000, -0.243306, 0.000000, 1.000000, -0.000000, 0.243306, 0.000000, 0.969950),
      ["ButtJ"] = CFrame.new(0.000000, 0.000000, 0.000000, 0.996466, 0.000000, 0.084003, 0.000000, 1.000000, 0.000000, -0.084003, 0.000000, 0.996466),
      ["Head"] = CFrame.new(0.000000, 0.000000, -0.000000, 0.992197, 0.124160, -0.011366, -0.118434, 0.967061, 0.225314, 0.038967, -0.222209, 0.974220),
      ["LeftUpperLeg"] = CFrame.new(-0.016817, -0.059331, -0.103215, 0.932936, 0.263350, 0.245514, -0.307524, 0.937478, 0.162987, -0.187242, -0.227558, 0.955593),
      ["LowerTorso"] = CFrame.new(0.179879, 0.008725, -0.101816, 0.996471, -0.083502, 0.008580, 0.083942, 0.991292, -0.101457, -0.000033, 0.101819, 0.994803),
      ["RightUpperLeg"] = CFrame.new(-0.003648, -0.172642, -0.127075, 0.956979, 0.015785, -0.289726, 0.062151, 0.964193, 0.257818, 0.283421, -0.264733, 0.921731)
    }},
    { Time = 0.633, Data = {
      ["BustJ"] = CFrame.new(0.000000, 0.000000, 0.000000, 0.968904, -0.000000, -0.247438, 0.000000, 1.000000, -0.000000, 0.247438, 0.000000, 0.968904),
      ["ButtJ"] = CFrame.new(0.000000, 0.000000, 0.000000, 0.997238, 0.000000, 0.074272, 0.000000, 1.000000, 0.000000, -0.074272, 0.000000, 0.997238),
      ["Head"] = CFrame.new(-0.000000, -0.000000, 0.000000, 0.993129, 0.116472, -0.011378, -0.110938, 0.967952, 0.225304, 0.037255, -0.222494, 0.974222),
      ["LeftUpperLeg"] = CFrame.new(-0.015401, -0.058948, -0.103262, 0.939652, 0.239953, 0.243879, -0.284814, 0.943568, 0.168996, -0.189565, -0.228258, 0.954968),
      ["LowerTorso"] = CFrame.new(0.159075, 0.007958, -0.101796, 0.997237, -0.073896, 0.007571, 0.074283, 0.992057, -0.101516, -0.000010, 0.101798, 0.994805),
      ["RightUpperLeg"] = CFrame.new(-0.000313, -0.165501, -0.127811, 0.956158, -0.003504, -0.292829, 0.080766, 0.964304, 0.252182, 0.281493, -0.264776, 0.922310)
    }},
    { Time = 0.650, Data = {
      ["BustJ"] = CFrame.new(0.000000, 0.000000, 0.000000, 0.968015, -0.000000, -0.250893, 0.000000, 1.000000, -0.000000, 0.250893, 0.000000, 0.968015),
      ["ButtJ"] = CFrame.new(0.000000, 0.000000, 0.000000, 0.997938, 0.000000, 0.064190, 0.000000, 1.000000, 0.000000, -0.064190, 0.000000, 0.997938),
      ["Head"] = CFrame.new(0.000000, -0.000000, 0.000000, 0.994049, 0.108342, -0.011348, -0.103018, 0.968810, 0.225376, 0.035412, -0.222865, 0.974206),
      ["LeftUpperLeg"] = CFrame.new(-0.014227, -0.058455, -0.103306, 0.946000, 0.215714, 0.241973, -0.261227, 0.949280, 0.175007, -0.191949, -0.228767, 0.954370),
      ["LowerTorso"] = CFrame.new(0.137499, 0.007266, -0.101864, 0.997938, -0.063854, 0.006544, 0.064188, 0.992747, -0.101656, -0.000005, 0.101866, 0.994798),
      ["RightUpperLeg"] = CFrame.new(0.003325, -0.158110, -0.128622, 0.954905, -0.023309, -0.295995, 0.099866, 0.964045, 0.246260, 0.279612, -0.264714, 0.922899)
    }},
    { Time = 0.667, Data = {
      ["BustJ"] = CFrame.new(0.000000, 0.000000, 0.000000, 0.967268, -0.000000, -0.253756, 0.000000, 1.000000, -0.000000, 0.253756, 0.000000, 0.967268),
      ["ButtJ"] = CFrame.new(0.000000, 0.000000, 0.000000, 0.998545, 0.000000, 0.053932, 0.000000, 1.000000, 0.000000, -0.053932, 0.000000, 0.998545),
      ["Head"] = CFrame.new(0.000000, 0.000000, 0.000000, 0.994953, 0.099693, -0.011382, -0.094582, 0.969673, 0.225363, 0.033504, -0.223150, 0.974208),
      ["LeftUpperLeg"] = CFrame.new(-0.013336, -0.057867, -0.103370, 0.951885, 0.190678, 0.239910, -0.236878, 0.954484, 0.181244, -0.194431, -0.229353, 0.953726),
