return {
  ["Astros push ups"] = {
    { Time = 0.000, Data = {
      ["Balls"] = CFrame.new(0.000000, 0.000000, 0.000000, 0.884160, -0.467184, 0.000000, 0.467184, 0.884160, 0.000000, 0.000000, 0.000000, 1.000000),
      ["Cock"] = CFrame.new(0.000000, 0.000000, 0.000000, 0.581217, -0.813748, 0.000000, 0.813748, 0.581217, 0.000000, 0.000000, 0.000000, 1.000000),
      ["Head"] = CFrame.new(0.000001, 0.300864, -0.149029, 1.000000, -0.000000, 0.000000, 0.000000, 0.707002, 0.707211, -0.000000, -0.707211, 0.707002),
      ["LeftUpperArm"] = CFrame.new(-0.067955, -0.262748, 0.224984, 0.650283, -0.748463, -0.130134, -0.757789, -0.651185, -0.041416, -0.053743, 0.125546, -0.990632),
      ["LeftUpperLeg"] = CFrame.new(-0.552250, 0.252820, -0.871887, 0.839500, 0.074541, 0.538223, -0.324333, 0.863472, 0.386296, -0.435945, -0.498859, 0.749060),
      ["LowerTorso"] = CFrame.new(-0.000002, -1.723232, -0.464211, 1.000000, 0.000000, 0.000000, 0.000000, 0.032449, -0.999473, 0.000000, 0.999473, 0.032449),
      ["RightUpperArm"] = CFrame.new(0.067958, -0.407229, 0.220279, 0.650283, 0.748469, 0.130098, 0.757786, -0.651192, -0.041337, 0.053779, 0.125467, -0.990639),
      ["RightUpperLeg"] = CFrame.new(0.552261, 0.252813, -0.871882, 0.839500, -0.074541, -0.538223, 0.324333, 0.863472, 0.386296, 0.435945, -0.498859, 0.749060)
    }},
    { Time = 0.017, Data = {
      ["Head"] = CFrame.new(0.000001, 0.300865, -0.149029, 1.000000, -0.000000, 0.000000, 0.000000, 0.706936, 0.707277, -0.000000, -0.707277, 0.706936),
      ["LeftUpperArm"] = CFrame.new(-0.067955, -0.262754, 0.225029, 0.650274, -0.748464, -0.130176, -0.757788, -0.651193, -0.041301, -0.053857, 0.125503, -0.990631),
      ["LeftUpperLeg"] = CFrame.new(-0.552250, 0.252830, -0.871894, 0.839500, 0.074566, 0.538219, -0.324312, 0.863513, 0.386221, -0.435960, -0.498784, 0.749102),
      ["LowerTorso"] = CFrame.new(-0.000002, -1.723352, -0.464207, 1.000000, 0.000000, 0.000000, 0.000000, 0.032569, -0.999469, 0.000000, 0.999469, 0.032569),
      ["RightUpperArm"] = CFrame.new(0.067957, -0.407235, 0.220324, 0.650274, 0.748470, 0.130140, 0.757785, -0.651200, -0.041223, 0.053893, 0.125425, -0.990638),
      ["RightUpperLeg"] = CFrame.new(0.552261, 0.252915, -0.871888, 0.839500, -0.074566, -0.538219, 0.324312, 0.863513, 0.386221, 0.435960, -0.498784, 0.749102)
    }},
    { Time = 0.033, Data = {
      ["Head"] = CFrame.new(0.000001, 0.300864, -0.149029, 1.000000, -0.000000, 0.000000, 0.000000, 0.706738, 0.707476, -0.000000, -0.707476, 0.706738),
      ["LeftUpperArm"] = CFrame.new(-0.067959, -0.262774, 0.225144, 0.650266, -0.748476, -0.130147, -0.757782, -0.651216, -0.041031, -0.054043, 0.125304, -0.990645),
      ["LeftUpperLeg"] = CFrame.new(-0.552264, 0.252901, -0.871973, 0.839473, 0.074563, 0.538261, -0.324170, 0.863696, 0.385932, -0.436118, -0.498467, 0.749221),
      ["LowerTorso"] = CFrame.new(-0.000002, -1.723593, -0.464198, 1.000000, 0.000000, 0.000000, 0.000000, 0.032809, -0.999462, 0.000000, 0.999462, 0.032809),
      ["RightUpperArm"] = CFrame.new(0.067961, -0.407254, 0.220439, 0.650266, 0.748482, 0.130112, 0.757780, -0.651224, -0.040953, 0.054079, 0.125226, -0.990653),
      ["RightUpperLeg"] = CFrame.new(0.552274, 0.253262, -0.871961, 0.839473, -0.074563, -0.538261, 0.324170, 0.863696, 0.385932, 0.436118, -0.498467, 0.749221)
    }},
    { Time = 0.050, Data = {
      ["Head"] = CFrame.new(0.000001, 0.300864, -0.149029, 1.000000, -0.000000, 0.000000, 0.000000, 0.706407, 0.707806, -0.000000, -0.707806, 0.706407),
      ["LeftUpperArm"] = CFrame.new(-0.067964, -0.262807, 0.225329, 0.650239, -0.748495, -0.130168, -0.757773, -0.651263, -0.040454, -0.054494, 0.124942, -0.990666),
      ["LeftUpperLeg"] = CFrame.new(-0.552254, 0.252991, -0.872023, 0.839492, 0.074609, 0.538226, -0.323990, 0.863920, 0.385582, -0.436216, -0.498073, 0.749426),
      ["LowerTorso"] = CFrame.new(-0.000002, -1.724072, -0.464182, 1.000000, 0.000000, 0.000000, 0.000000, 0.033290, -0.999446, 0.000000, 0.999446, 0.033290),
      ["RightUpperArm"] = CFrame.new(0.067965, -0.407285, 0.220644, 0.650239, 0.748495, 0.130168, 0.757773, -0.651263, -0.040454, 0.054494, 0.124942, -0.990666),
      ["RightUpperLeg"] = CFrame.new(0.552265, 0.253812, -0.872002, 0.839492, -0.074609, -0.538226, 0.323990, 0.863920, 0.385582, 0.436216, -0.498073, 0.749426)
    }},
    { Time = 0.067, Data = {
      ["Head"] = CFrame.new(0.000001, 0.300864, -0.149029, 1.000000, -0.000000, 0.000000, 0.000000, 0.705878, 0.708334, -0.000000, -0.708334, 0.705878),
      ["LeftUpperArm"] = CFrame.new(-0.067954, -0.262870, 0.225604, 0.650285, -0.748459, -0.130151, -0.757698, -0.651390, -0.039805, -0.054986, 0.124500, -0.990695),
      ["LeftUpperLeg"] = CFrame.new(-0.552258, 0.253132, -0.872135, 0.839483, 0.074603, 0.538240, -0.323707, 0.864244, 0.385092, -0.436441, -0.497511, 0.749668),
      ["LowerTorso"] = CFrame.new(-0.000002, -1.724792, -0.464157, 1.000000, 0.000000, 0.000000, 0.000000, 0.034010, -0.999422, 0.000000, 0.999422, 0.034010),
      ["RightUpperArm"] = CFrame.new(0.067955, -0.407348, 0.220919, 0.650285, 0.748459, 0.130151, 0.757698, -0.651390, -0.039805, 0.054986, 0.124500, -0.990695),
      ["RightUpperLeg"] = CFrame.new(0.552269, 0.254598, -0.872102, 0.839483, -0.074603, -0.538240, 0.323707, 0.864244, 0.385092, 0.436441, -0.497511, 0.749668)
    }},
    { Time = 0.083, Data = {
      ["Head"] = CFrame.new(0.000001, 0.300864, -0.149029, 1.000000, -0.000000, 0.000000, 0.000000, 0.705281, 0.708927, -0.000000, -0.708927, 0.705281),
      ["LeftUpperArm"] = CFrame.new(-0.067963, -0.262927, 0.225959, 0.650249, -0.748491, -0.130143, -0.757682, -0.651460, -0.038958, -0.055623, 0.123939, -0.990730),
      ["LeftUpperLeg"] = CFrame.new(-0.552253, 0.253334, -0.872274, 0.839494, 0.074567, 0.538229, -0.323305, 0.864668, 0.384477, -0.436720, -0.496778, 0.749991),
      ["LowerTorso"] = CFrame.new(-0.000002, -1.725632, -0.464126, 1.000000, 0.000000, 0.000000, 0.000000, 0.034849, -0.999393, 0.000000, 0.999393, 0.034849),
      ["RightUpperArm"] = CFrame.new(0.067963, -0.407405, 0.221275, 0.650249, 0.748491, 0.130143, 0.757682, -0.651460, -0.038958, 0.055623, 0.123939, -0.990730),
      ["RightUpperLeg"] = CFrame.new(0.552264, 0.255627, -0.872226, 0.839494, -0.074567, -0.538229, 0.323305, 0.864668, 0.384477, 0.436720, -0.496778, 0.749991)
    }},
    { Time = 0.100, Data = {
      ["Head"] = CFrame.new(0.000001, 0.300864, -0.149029, 1.000000, -0.000000, 0.000000, 0.000000, 0.704552, 0.709652, -0.000000, -0.709652, 0.704552),
      ["LeftUpperArm"] = CFrame.new(-0.067957, -0.263016, 0.226394, 0.650277, -0.748468, -0.130139, -0.757600, -0.651617, -0.037925, -0.056416, 0.123255, -0.990770),
      ["LeftUpperLeg"] = CFrame.new(-0.552248, 0.253566, -0.872436, 0.839504, 0.074607, 0.538207, -0.322842, 0.865214, 0.383637, -0.437043, -0.495821, 0.750437),
      ["LowerTorso"] = CFrame.new(-0.000002, -1.726711, -0.464086, 1.000000, 0.000000, 0.000000, 0.000000, 0.035928, -0.999354, 0.000000, 0.999354, 0.035928),
      ["RightUpperArm"] = CFrame.new(0.067957, -0.407493, 0.221710, 0.650277, 0.748468, 0.130139, 0.757600, -0.651617, -0.037925, 0.056416, 0.123255, -0.990770),
      ["RightUpperLeg"] = CFrame.new(0.552258, 0.256870, -0.872368, 0.839504, -0.074607, -0.538207, 0.322842, 0.865214, 0.383637, 0.437043, -0.495821, 0.750437)
    }},
    { Time = 0.117, Data = {
      ["Head"] = CFrame.new(0.000001, 0.300864, -0.149029, 1.000000, -0.000000, 0.000000, 0.000000, 0.703689, 0.710508, -0.000000, -0.710508, 0.703689),
      ["LeftUpperArm"] = CFrame.new(-0.067952, -0.263115, 0.226910, 0.650295, -0.748451, -0.130143, -0.757513, -0.651787, -0.036699, -0.057358, 0.122450, -0.990816),
      ["LeftUpperLeg"] = CFrame.new(-0.552257, 0.253848, -0.872661, 0.839487, 0.074594, 0.538236, -0.322277, 0.865859, 0.382657, -0.437492, -0.494696, 0.750917),
      ["LowerTorso"] = CFrame.new(-0.000002, -1.728029, -0.464036, 1.000000, 0.000000, 0.000000, 0.000000, 0.037246, -0.999306, 0.000000, 0.999306, 0.037246),
      ["RightUpperArm"] = CFrame.new(0.067953, -0.407594, 0.222225, 0.650295, 0.748451, 0.130143, 0.757513, -0.651787, -0.036699, 0.057358, 0.122450, -0.990816),
      ["RightUpperLeg"] = CFrame.new(0.552267, 0.258349, -0.872570, 0.839487, -0.074594, -0.538236, 0.322277, 0.865859, 0.382657, 0.437492, -0.494696, 0.750917)
    }},
    { Time = 0.133, Data = {
      ["Head"] = CFrame.new(0.000001, 0.300864, -0.149028, 1.000000, -0.000000, 0.000000, 0.000000, 0.702691, 0.711495, -0.000000, -0.711495, 0.702691),
      ["LeftUpperArm"] = CFrame.new(-0.067951, -0.263229, 0.227484, 0.650304, -0.748448, -0.130118, -0.757420, -0.651979, -0.035203, -0.058487, 0.121447, -0.990874),
      ["LeftUpperLeg"] = CFrame.new(-0.552265, 0.254141, -0.872893, 0.839470, 0.074606, 0.538260, -0.321691, 0.866543, 0.381600, -0.437956, -0.493495, 0.751437),
      ["LowerTorso"] = CFrame.new(-0.000002, -1.729466, -0.463979, 1.000000, 0.000000, 0.000000, 0.000000, 0.038683, -0.999251, 0.000000, 0.999251, 0.038683),
      ["RightUpperArm"] = CFrame.new(0.067952, -0.407707, 0.222800, 0.650304, 0.748448, 0.130118, 0.757420, -0.651979, -0.035203, 0.058487, 0.121447, -0.990874),
      ["RightUpperLeg"] = CFrame.new(0.552275, 0.260022, -0.872776, 0.839470, -0.074606, -0.538260, 0.321691, 0.866543, 0.381600, 0.437956, -0.493495, 0.751437)
    }},
    { Time = 0.150, Data = {
      ["Head"] = CFrame.new(0.000001, 0.300864, -0.149028, 1.000000, -0.000000, 0.000000, 0.000000, 0.701492, 0.712678, -0.000000, -0.712678, 0.701492),
      ["LeftUpperArm"] = CFrame.new(-0.067950, -0.263353, 0.228160, 0.650303, -0.748445, -0.130136, -0.757323, -0.652177, -0.033592, -0.059730, 0.120400, -0.990927),
      ["LeftUpperLeg"] = CFrame.new(-0.552265, 0.254505, -0.873159, 0.839471, 0.074614, 0.538257, -0.320964, 0.867365, 0.380343, -0.438486, -0.492048, 0.752076),
      ["LowerTorso"] = CFrame.new(-0.000002, -1.731141, -0.463911, 1.000000, 0.000000, 0.000000, 0.000000, 0.040358, -0.999185, 0.000000, 0.999185, 0.040358),
      ["RightUpperArm"] = CFrame.new(0.067951, -0.407831, 0.223475, 0.650303, 0.748445, 0.130136, 0.757323, -0.652177, -0.033592, 0.059730, 0.120400, -0.990927),
      ["RightUpperLeg"] = CFrame.new(0.552274, 0.261950, -0.873011, 0.839471, -0.074614, -0.538257, 0.320964, 0.867365, 0.380343, 0.438486, -0.492048, 0.752076)
    }},
    { Time = 0.167, Data = {
      ["Head"] = CFrame.new(0.000001, 0.300863, -0.149028, 1.000000, -0.000000, 0.000000, 0.000000, 0.700223, 0.713924, -0.000000, -0.713924, 0.700223),
      ["LeftUpperArm"] = CFrame.new(-0.067952, -0.263490, 0.228915, 0.650294, -0.748449, -0.130161, -0.757220, -0.652386, -0.031789, -0.061123, 0.119232, -0.990983),
      ["LeftUpperLeg"] = CFrame.new(-0.552255, 0.254929, -0.873450, 0.839491, 0.074593, 0.538230, -0.320116, 0.868283, 0.378959, -0.439068, -0.490429, 0.752794),
      ["LowerTorso"] = CFrame.new(-0.000003, -1.732934, -0.463834, 1.000000, 0.000000, 0.000000, 0.000000, 0.042151, -0.999111, 0.000000, 0.999111, 0.042151),
      ["RightUpperArm"] = CFrame.new(0.067953, -0.407967, 0.224230, 0.650294, 0.748449, 0.130161, 0.757220, -0.652386, -0.031789, 0.061123, 0.119232, -0.990983),
      ["RightUpperLeg"] = CFrame.new(0.552264, 0.264122, -0.873269, 0.839491, -0.074593, -0.538230, 0.320116, 0.868283, 0.378959, 0.439068, -0.490429, 0.752794)
    }},
    { Time = 0.183, Data = {
      ["Head"] = CFrame.new(0.000001, 0.300863, -0.149027, 1.000000, -0.000000, 0.000000, 0.000000, 0.698818, 0.715300, -0.000000, -0.715300, 0.698818),
      ["LeftUpperArm"] = CFrame.new(-0.067957, -0.263639, 0.229729, 0.650274, -0.748467, -0.130157, -0.757108, -0.652614, -0.029715, -0.062701, 0.117866, -0.991048),
      ["LeftUpperLeg"] = CFrame.new(-0.552268, 0.255365, -0.873792, 0.839464, 0.074598, 0.538270, -0.319245, 0.869279, 0.377409, -0.439753, -0.488661, 0.753543),
      ["LowerTorso"] = CFrame.new(-0.000003, -1.734965, -0.463743, 1.000000, 0.000000, 0.000000, 0.000000, 0.044181, -0.999024, 0.000000, 0.999024, 0.044181),
      ["RightUpperArm"] = CFrame.new(0.067958, -0.408117, 0.225045, 0.650274, 0.748467, 0.130157, 0.757108, -0.652614, -0.029715, 0.062701, 0.117866, -0.991048),
      ["RightUpperLeg"] = CFrame.new(0.552277, 0.266490, -0.873574, 0.839464, -0.074598, -0.538270, 0.319245, 0.869279, 0.377409, 0.439753, -0.488661, 0.753543)
    }},
    { Time = 0.200, Data = {
      ["Head"] = CFrame.new(0.000001, 0.300863, -0.149027, 1.000000, -0.000000, 0.000000, 0.000000, 0.697275, 0.716804, -0.000000, -0.716804, 0.697275),
      ["LeftUpperArm"] = CFrame.new(-0.067962, -0.263797, 0.230645, 0.650244, -0.748487, -0.130195, -0.756992, -0.652845, -0.027527, -0.064394, 0.116456, -0.991107),
      ["LeftUpperLeg"] = CFrame.new(-0.552249, 0.255870, -0.874123, 0.839501, 0.074597, 0.538213, -0.318235, 0.870368, 0.375746, -0.440414, -0.486717, 0.754415),
      ["LowerTorso"] = CFrame.new(-0.000003, -1.737230, -0.463637, 1.000000, 0.000000, 0.000000, 0.000000, 0.046448, -0.998921, 0.000000, 0.998921, 0.046448),
      ["RightUpperArm"] = CFrame.new(0.067963, -0.408275, 0.225960, 0.650244, 0.748487, 0.130195, 0.756992, -0.652845, -0.027527, 0.064394, 0.116456, -0.991107),
      ["RightUpperLeg"] = CFrame.new(0.552259, 0.269111, -0.873865, 0.839501, -0.074597, -0.538213, 0.318235, 0.870368, 0.375746, 0.440414, -0.486717, 0.754415)
    }},
    { Time = 0.217, Data = {
      ["Head"] = CFrame.new(0.000001, 0.300863, -0.149027, 1.000000, -0.000000, 0.000000, 0.000000, 0.695526, 0.718501, -0.000000, -0.718501, 0.695526),
      ["LeftUpperArm"] = CFrame.new(-0.067955, -0.263988, 0.231609, 0.650285, -0.748463, -0.130126, -0.756801, -0.653164, -0.025110, -0.066199, 0.114808, -0.991180),
      ["LeftUpperLeg"] = CFrame.new(-0.552254, 0.256387, -0.874504, 0.839492, 0.074624, 0.538223, -0.317200, 0.871533, 0.373917, -0.441176, -0.484625, 0.755316),
      ["LowerTorso"] = CFrame.new(-0.000003, -1.739612, -0.463520, 1.000000, 0.000000, 0.000000, 0.000000, 0.048830, -0.998807, 0.000000, 0.998807, 0.048830),
      ["RightUpperArm"] = CFrame.new(0.067956, -0.408465, 0.226924, 0.650285, 0.748463, 0.130126, 0.756801, -0.653164, -0.025110, 0.066199, 0.114808, -0.991180),
      ["RightUpperLeg"] = CFrame.new(0.552263, 0.271929, -0.874202, 0.839492, -0.074624, -0.538223, 0.317200, 0.871533, 0.373917, 0.441176, -0.484625, 0.755316)
    }},
    { Time = 0.233, Data = {
      ["Head"] = CFrame.new(0.000001, 0.300862, -0.149026, 1.000000, -0.000000, 0.000000, 0.000000, 0.693705, 0.720260, -0.000000, -0.720260, 0.693705),
      ["LeftUpperArm"] = CFrame.new(-0.067965, -0.264168, 0.232684, 0.650235, -0.748497, -0.130179, -0.756667, -0.653412, -0.022537, -0.068191, 0.113156, -0.991234),
      ["LeftUpperLeg"] = CFrame.new(-0.552249, 0.256966, -0.874911, 0.839501, 0.074620, 0.538210, -0.316044, 0.872790, 0.371959, -0.441988, -0.482358, 0.756292),
      ["LowerTorso"] = CFrame.new(-0.000003, -1.742229, -0.463384, 1.000000, 0.000000, 0.000000, 0.000000, 0.051448, -0.998676, 0.000000, 0.998676, 0.051448),
      ["RightUpperArm"] = CFrame.new(0.067966, -0.408646, 0.227999, 0.650235, 0.748497, 0.130179, 0.756667, -0.653412, -0.022537, 0.068191, 0.113156, -0.991234),
      ["RightUpperLeg"] = CFrame.new(0.552258, 0.274991, -0.874561, 0.839501, -0.074620, -0.538210, 0.316044, 0.872790, 0.371959, 0.441988, -0.482358, 0.756292)
    }},
    { Time = 0.250, Data = {
      ["Head"] = CFrame.new(0.000001, 0.300862, -0.149026, 1.000000, -0.000000, 0.000000, 0.000000, 0.691742, 0.722145, -0.000000, -0.722145, 0.691742),
      ["LeftUpperArm"] = CFrame.new(-0.067963, -0.264379, 0.233808, 0.650254, -0.748490, -0.130124, -0.756458, -0.653746, -0.019735, -0.070296, 0.111266, -0.991302),
      ["LeftUpperLeg"] = CFrame.new(-0.552259, 0.257607, -0.875386, 0.839482, 0.074590, 0.538244, -0.314763, 0.874177, 0.369783, -0.442938, -0.479845, 0.757334),
      ["LowerTorso"] = CFrame.new(-0.000003, -1.745081, -0.463229, 1.000000, 0.000000, 0.000000, 0.000000, 0.054299, -0.998525, 0.000000, 0.998525, 0.054299),
      ["RightUpperArm"] = CFrame.new(0.067963, -0.408856, 0.229123, 0.650254, 0.748490, 0.130124, 0.756458, -0.653746, -0.019735, 0.070296, 0.111266, -0.991302),
      ["RightUpperLeg"] = CFrame.new(0.552267, 0.278300, -0.874985, 0.839482, -0.074590, -0.538244, 0.314763, 0.874177, 0.369783, 0.442938, -0.479845, 0.757334)
    }},
    { Time = 0.267, Data = {
      ["Head"] = CFrame.new(0.000001, 0.300862, -0.149025, 1.000000, -0.000000, 0.000000, 0.000000, 0.689569, 0.724220, -0.000000, -0.724220, 0.689569),
      ["LeftUpperArm"] = CFrame.new(-0.067958, -0.264587, 0.234962, 0.650263, -0.748472, -0.130182, -0.756247, -0.654066, -0.016975, -0.072442, 0.109489, -0.991345),
      ["LeftUpperLeg"] = CFrame.new(-0.552246, 0.258247, -0.875815, 0.839508, 0.074556, 0.538208, -0.313483, 0.875516, 0.367695, -0.443796, -0.477402, 0.758375),
      ["LowerTorso"] = CFrame.new(-0.000003, -1.747809, -0.463073, 1.000000, 0.000000, 0.000000, 0.000000, 0.057028, -0.998373, 0.000000, 0.998373, 0.057028),
      ["RightUpperArm"] = CFrame.new(0.067959, -0.409064, 0.230277, 0.650263, 0.748472, 0.130182, 0.756247, -0.654066, -0.016975, 0.072442, 0.109489, -0.991345),
      ["RightUpperLeg"] = CFrame.new(0.552254, 0.281608, -0.875364, 0.839508, -0.074556, -0.538208, 0.313483, 0.875516, 0.367695, 0.443796, -0.477402, 0.758375)
    }},
    { Time = 0.283, Data = {
      ["Head"] = CFrame.new(0.000001, 0.300861, -0.149025, 1.000000, -0.000000, 0.000000, 0.000000, 0.687321, 0.726354, -0.000000, -0.726354, 0.687321),
      ["LeftUpperArm"] = CFrame.new(-0.067955, -0.264783, 0.236006, 0.650290, -0.748459, -0.130121, -0.756034, -0.654374, -0.014366, -0.074396, 0.107718, -0.991394),
      ["LeftUpperLeg"] = CFrame.new(-0.552242, 0.258827, -0.876218, 0.839515, 0.074553, 0.538198, -0.312323, 0.876753, 0.365731, -0.444600, -0.475128, 0.759332),
      ["LowerTorso"] = CFrame.new(-0.000003, -1.750534, -0.462909, 1.000000, 0.000000, 0.000000, 0.000000, 0.059752, -0.998213, 0.000000, 0.998213, 0.059752),
      ["RightUpperArm"] = CFrame.new(0.067956, -0.409260, 0.231320, 0.650290, 0.748459, 0.130121, 0.756034, -0.654374, -0.014366, 0.074396, 0.107718, -0.991394),
      ["RightUpperLeg"] = CFrame.new(0.552251, 0.284673, -0.875718, 0.839515, -0.074553, -0.538198, 0.312323, 0.876753, 0.365731, 0.444600, -0.475128, 0.759332)
    }},
    { Time = 0.300, Data = {
      ["Head"] = CFrame.new(0.000001, 0.300861, -0.149024, 1.000000, -0.000000, 0.000000, 0.000000, 0.684927, 0.728612, -0.000000, -0.728612, 0.684927),
      ["LeftUpperArm"] = CFrame.new(-0.067963, -0.264946, 0.237001, 0.650244, -0.748491, -0.130168, -0.755890, -0.654589, -0.011984, -0.076236, 0.106185, -0.991420),
      ["LeftUpperLeg"] = CFrame.new(-0.552248, 0.259348, -0.876594, 0.839503, 0.074578, 0.538212, -0.311281, 0.877888, 0.363891, -0.445352, -0.473023, 0.760205),
      ["LowerTorso"] = CFrame.new(-0.000004, -1.752900, -0.462761, 1.000000, 0.000000, 0.000000, 0.000000, 0.062118, -0.998069, 0.000000, 0.998069, 0.062118),
      ["RightUpperArm"] = CFrame.new(0.067964, -0.409422, 0.232315, 0.650244, 0.748491, 0.130168, 0.755890, -0.654589, -0.011984, 0.076236, 0.106185, -0.991420),
      ["RightUpperLeg"] = CFrame.new(0.552256, 0.287494, -0.876050, 0.839503, -0.074578, -0.538212, 0.311281, 0.877888, 0.363891, 0.445352, -0.473023, 0.760205)
    }},
    { Time = 0.317, Data = {
      ["Head"] = CFrame.new(0.000001, 0.300861, -0.149024, 1.000000, -0.000000, 0.000000, 0.000000, 0.682662, 0.730735, -0.000000, -0.730735, 0.682662),
      ["LeftUpperArm"] = CFrame.new(-0.067955, -0.265115, 0.237894, 0.650279, -0.748460, -0.130171, -0.755684, -0.654864, -0.009723, -0.077967, 0.104691, -0.991444),
      ["LeftUpperLeg"] = CFrame.new(-0.552254, 0.259849, -0.876954, 0.839492, 0.074554, 0.538234, -0.310280, 0.878940, 0.362202, -0.446072, -0.471069, 0.760996),
      ["LowerTorso"] = CFrame.new(-0.000004, -1.755144, -0.462615, 1.000000, 0.000000, 0.000000, 0.000000, 0.064363, -0.997927, 0.000000, 0.997927, 0.064363),
      ["RightUpperArm"] = CFrame.new(0.067956, -0.409593, 0.233208, 0.650279, 0.748460, 0.130171, 0.755684, -0.654864, -0.009723, 0.077967, 0.104691, -0.991444),
      ["RightUpperLeg"] = CFrame.new(0.552262, 0.290111, -0.876370, 0.839492, -0.074554, -0.538234, 0.310280, 0.878940, 0.362202, 0.446072, -0.471069, 0.760996)
    }},
    { Time = 0.333, Data = {
      ["Head"] = CFrame.new(0.000001, 0.300860, -0.149023, 1.000000, -0.000000, 0.000000, 0.000000, 0.680457, 0.732788, -0.000000, -0.732788, 0.680457),
      ["LeftUpperArm"] = CFrame.new(-0.067961, -0.265254, 0.238719, 0.650261, -0.748483, -0.130126, -0.755547, -0.655048, -0.007762, -0.079429, 0.103363, -0.991467),
      ["LeftUpperLeg"] = CFrame.new(-0.552246, 0.260298, -0.877252, 0.839507, 0.074581, 0.538206, -0.309382, 0.879894, 0.360652, -0.446666, -0.469281, 0.761751),
      ["LowerTorso"] = CFrame.new(-0.000004, -1.757151, -0.462481, 1.000000, 0.000000, 0.000000, 0.000000, 0.066370, -0.997795, 0.000000, 0.997795, 0.066370),
      ["RightUpperArm"] = CFrame.new(0.067961, -0.409730, 0.234042, 0.650251, 0.748479, 0.130204, 0.755547, -0.655049, -0.007726, 0.079507, 0.103399, -0.991457),
      ["RightUpperLeg"] = CFrame.new(0.552254, 0.292502, -0.876638, 0.839507, -0.074606, -0.538202, 0.309361, 0.879932, 0.360576, 0.446680, -0.469205, 0.761790)
    }},
    { Time = 0.350, Data = {
      ["Head"] = CFrame.new(0.000001, 0.300860, -0.149023, 1.000000, -0.000000, 0.000000, 0.000000, 0.678453, 0.734644, -0.000000, -0.734644, 0.678453),
      ["LeftUpperArm"] = CFrame.new(-0.067966, -0.265382, 0.239452, 0.650243, -0.748501, -0.130116, -0.755412, -0.655224, -0.005879, -0.080855, 0.102114, -0.991481),
      ["LeftUpperLeg"] = CFrame.new(-0.552261, 0.260719, -0.877571, 0.839477, 0.074537, 0.538259, -0.308541, 0.880767, 0.359239, -0.447304, -0.467648, 0.762381),
      ["LowerTorso"] = CFrame.new(-0.000004, -1.759036, -0.462351, 1.000000, 0.000000, 0.000000, 0.000000, 0.068256, -0.997668, 0.000000, 0.997668, 0.068256),
      ["RightUpperArm"] = CFrame.new(0.067967, -0.409857, 0.234766, 0.650243, 0.748501, 0.130116, 0.755412, -0.655224, -0.005879, 0.080855, 0.102114, -0.991481),
      ["RightUpperLeg"] = CFrame.new(0.552269, 0.294661, -0.876916, 0.839477, -0.074537, -0.538259, 0.308541, 0.880767, 0.359239, 0.447304, -0.467648, 0.762381)
    }},
    { Time = 0.367, Data = {
      ["Head"] = CFrame.new(0.000001, 0.300860, -0.149022, 1.000000, -0.000000, 0.000000, 0.000000, 0.676581, 0.736368, -0.000000, -0.736368, 0.676581),
      ["LeftUpperArm"] = CFrame.new(-0.067951, -0.265514, 0.240126, 0.650305, -0.748443, -0.130135, -0.755224, -0.655453, -0.004273, -0.082099, 0.101060, -0.991487),
      ["LeftUpperLeg"] = CFrame.new(-0.552262, 0.261088, -0.877827, 0.839474, 0.074544, 0.538262, -0.307804, 0.881542, 0.357967, -0.447817, -0.466183, 0.762977),
      ["LowerTorso"] = CFrame.new(-0.000004, -1.760686, -0.462234, 1.000000, 0.000000, 0.000000, 0.000000, 0.069905, -0.997554, 0.000000, 0.997554, 0.069905),
      ["RightUpperArm"] = CFrame.new(0.067952, -0.409990, 0.235439, 0.650305, 0.748443, 0.130135, 0.755224, -0.655453, -0.004273, 0.082099, 0.101060, -0.991487),
      ["RightUpperLeg"] = CFrame.new(0.552270, 0.296593, -0.877143, 0.839474, -0.074544, -0.538262, 0.307804, 0.881542, 0.357967, 0.447817, -0.466183, 0.762977)
    }},
    { Time = 0.383, Data = {
      ["Head"] = CFrame.new(0.000001, 0.300859, -0.149022, 1.000000, -0.000000, 0.000000, 0.000000, 0.674843, 0.737961, -0.000000, -0.737961, 0.674843),
      ["LeftUpperArm"] = CFrame.new(-0.067950, -0.265616, 0.240720, 0.650306, -0.748441, -0.130148, -0.755104, -0.655599, -0.002854, -0.083189, 0.100131, -0.991490),
      ["LeftUpperLeg"] = CFrame.new(-0.552250, 0.261405, -0.878022, 0.839499, 0.074602, 0.538215, -0.307170, 0.882222, 0.356835, -0.448204, -0.464886, 0.763540),
      ["LowerTorso"] = CFrame.new(-0.000004, -1.762098, -0.462132, 1.000000, 0.000000, 0.000000, 0.000000, 0.071317, -0.997454, 0.000000, 0.997454, 0.071317),
      ["RightUpperArm"] = CFrame.new(0.067952, -0.410092, 0.236033, 0.650306, 0.748441, 0.130148, 0.755104, -0.655599, -0.002854, 0.083189, 0.100131, -0.991490),
      ["RightUpperLeg"] = CFrame.new(0.552257, 0.298291, -0.877311, 0.839499, -0.074602, -0.538215, 0.307170, 0.882222, 0.356835, 0.448204, -0.464886, 0.763540)
    }},
    { Time = 0.400, Data = {
      ["Head"] = CFrame.new(0.000001, 0.300859, -0.149022, 1.000000, -0.000000, 0.000000, 0.000000, 0.673240, 0.739424, -0.000000, -0.739424, 0.673240),
      ["LeftUpperArm"] = CFrame.new(-0.067965, -0.265689, 0.241215, 0.650245, -0.748499, -0.130118, -0.755049, -0.655667, -0.001542, -0.084160, 0.099248, -0.991498),
      ["LeftUpperLeg"] = CFrame.new(-0.552260, 0.261693, -0.878238, 0.839479, 0.074589, 0.538249, -0.306594, 0.882824, 0.355840, -0.448637, -0.463744, 0.763980),
      ["LowerTorso"] = CFrame.new(-0.000004, -1.763391, -0.462037, 1.000000, 0.000000, 0.000000, 0.000000, 0.072611, -0.997360, 0.000000, 0.997360, 0.072611),
      ["RightUpperArm"] = CFrame.new(0.067967, -0.410165, 0.236528, 0.650245, 0.748499, 0.130118, 0.755049, -0.655667, -0.001542, 0.084160, 0.099248, -0.991498),
      ["RightUpperLeg"] = CFrame.new(0.552267, 0.299774, -0.877504, 0.839479, -0.074589, -0.538249, 0.306594, 0.882824, 0.355840, 0.448637, -0.463744, 0.763980)
    }},
    { Time = 0.417, Data = {
      ["Head"] = CFrame.new(0.000001, 0.300859, -0.149021, 1.000000, -0.000000, 0.000000, 0.000000, 0.671773, 0.740757, -0.000000, -0.740757, 0.671773),
      ["LeftUpperArm"] = CFrame.new(-0.067961, -0.265768, 0.241649, 0.650266, -0.748481, -0.130117, -0.754943, -0.655791, -0.000508, -0.084949, 0.098561, -0.991499),
      ["LeftUpperLeg"] = CFrame.new(-0.552256, 0.261918, -0.878385, 0.839486, 0.074602, 0.538236, -0.306144, 0.883293, 0.355063, -0.448932, -0.462848, 0.764351),
      ["LowerTorso"] = CFrame.new(-0.000004, -1.764449, -0.461958, 1.000000, 0.000000, 0.000000, 0.000000, 0.073669, -0.997283, 0.000000, 0.997283, 0.073669),
      ["RightUpperArm"] = CFrame.new(0.067962, -0.410244, 0.236962, 0.650266, 0.748481, 0.130117, 0.754943, -0.655791, -0.000508, 0.084949, 0.098561, -0.991499),
      ["RightUpperLeg"] = CFrame.new(0.552264, 0.301012, -0.877632, 0.839486, -0.074602, -0.538236, 0.306144, 0.883293, 0.355063, 0.448932, -0.462848, 0.764351)
    }},
    { Time = 0.433, Data = {
      ["Head"] = CFrame.new(0.000001, 0.300858, -0.149021, 1.000000, -0.000000, 0.000000, 0.000000, 0.670443, 0.741961, -0.000000, -0.741961, 0.670443),
      ["LeftUpperArm"] = CFrame.new(-0.067953, -0.265837, 0.242013, 0.650286, -0.748452, -0.130187, -0.754844, -0.655904, 0.000370, -0.085667, 0.098030, -0.991489),
      ["LeftUpperLeg"] = CFrame.new(-0.552253, 0.262133, -0.878525, 0.839493, 0.074591, 0.538226, -0.305714, 0.883723, 0.354362, -0.449211, -0.462027, 0.764683),
      ["LowerTorso"] = CFrame.new(-0.000004, -1.765271, -0.461895, 1.000000, 0.000000, 0.000000, 0.000000, 0.074491, -0.997222, 0.000000, 0.997222, 0.074491),
      ["RightUpperArm"] = CFrame.new(0.067954, -0.410312, 0.237326, 0.650286, 0.748452, 0.130187, 0.754844, -0.655904, 0.000370, 0.085667, 0.098030, -0.991489),
      ["RightUpperLeg"] = CFrame.new(0.552260, 0.302055, -0.877756, 0.839493, -0.074591, -0.538226, 0.305714, 0.883723, 0.354362, 0.449211, -0.462027, 0.764683)
    }},
    { Time = 0.450, Data = {
      ["Head"] = CFrame.new(0.000001, 0.300858, -0.149021, 1.000000, -0.000000, 0.000000, 0.000000, 0.669180, 0.743100, -0.000000, -0.743100, 0.669180),
      ["LeftUpperArm"] = CFrame.new(-0.067960, -0.265874, 0.242288, 0.650255, -0.748481, -0.130172, -0.754815, -0.655937, 0.001026, -0.086152, 0.097588, -0.991491),
      ["LeftUpperLeg"] = CFrame.new(-0.552258, 0.262278, -0.878633, 0.839483, 0.074584, 0.538244, -0.305425, 0.884022, 0.353864, -0.449427, -0.461456, 0.764901),
      ["LowerTorso"] = CFrame.new(-0.000004, -1.765976, -0.461841, 1.000000, 0.000000, 0.000000, 0.000000, 0.075195, -0.997169, 0.000000, 0.997169, 0.075195),
      ["RightUpperArm"] = CFrame.new(0.067962, -0.410351, 0.237601, 0.650255, 0.748481, 0.130172, 0.754815, -0.655937, 0.001026, 0.086152, 0.097588, -0.991491),
      ["RightUpperLeg"] = CFrame.new(0.552265, 0.302843, -0.877852, 0.839483, -0.074584, -0.538244, 0.305425, 0.884022, 0.353864, 0.449427, -0.461456, 0.764901)
    }},
    { Time = 0.467, Data = {
      ["Head"] = CFrame.new(0.000001, 0.300858, -0.149021, 1.000000, -0.000000, 0.000000, 0.000000, 0.668126, 0.744048, -0.000000, -0.744048, 0.668126),
      ["LeftUpperArm"] = CFrame.new(-0.067950, -0.265921, 0.242482, 0.650306, -0.748441, -0.130150, -0.754733, -0.656031, 0.001483, -0.086493, 0.097264, -0.991494),
      ["LeftUpperLeg"] = CFrame.new(-0.552249, 0.262369, -0.878679, 0.839500, 0.074629, 0.538210, -0.305242, 0.884228, 0.353508, -0.449519, -0.461054, 0.765090),
      ["LowerTorso"] = CFrame.new(-0.000004, -1.766446, -0.461805, 1.000000, 0.000000, 0.000000, 0.000000, 0.075665, -0.997133, 0.000000, 0.997133, 0.075665),
      ["RightUpperArm"] = CFrame.new(0.067952, -0.410397, 0.237795, 0.650306, 0.748441, 0.130150, 0.754733, -0.656031, 0.001483, 0.086493, 0.097264, -0.991494),
      ["RightUpperLeg"] = CFrame.new(0.552257, 0.303395, -0.877889, 0.839500, -0.074629, -0.538210, 0.305242, 0.884228, 0.353508, 0.449519, -0.461054, 0.765090)
    }},
    { Time = 0.483, Data = {
      ["Head"] = CFrame.new(0.000001, 0.300858, -0.149020, 1.000000, -0.000000, 0.000000, 0.000000, 0.667211, 0.744869, -0.000000, -0.744869, 0.667211),
      ["LeftUpperArm"] = CFrame.new(-0.067952, -0.265937, 0.242607, 0.650285, -0.748450, -0.130199, -0.754720, -0.656045, 0.001790, -0.086756, 0.097100, -0.991487),
      ["LeftUpperLeg"] = CFrame.new(-0.552263, 0.262432, -0.878748, 0.839472, 0.074603, 0.538258, -0.305116, 0.884359, 0.353290, -0.449656, -0.460808, 0.765157),
      ["LowerTorso"] = CFrame.new(-0.000004, -1.766680, -0.461787, 1.000000, 0.000000, 0.000000, 0.000000, 0.075900, -0.997115, 0.000000, 0.997115, 0.075900),
      ["RightUpperArm"] = CFrame.new(0.067954, -0.410413, 0.237920, 0.650285, 0.748450, 0.130199, 0.754720, -0.656045, 0.001790, 0.086756, 0.097100, -0.991487),
      ["RightUpperLeg"] = CFrame.new(0.552271, 0.303734, -0.877952, 0.839472, -0.074603, -0.538258, 0.305116, 0.884359, 0.353290, 0.449656, -0.460808, 0.765157)
    }},
    { Time = 0.500, Data = {
      ["Head"] = CFrame.new(0.000001, 0.300858, -0.149020, 1.000000, -0.000000, 0.000000, 0.000000, 0.666436, 0.745562, -0.000000, -0.745562, 0.666436),
      ["LeftUpperArm"] = CFrame.new(-0.067954, -0.265943, 0.242642, 0.650285, -0.748456, -0.130164, -0.754716, -0.656049, 0.001868, -0.086792, 0.097022, -0.991491),
      ["LeftUpperLeg"] = CFrame.new(-0.552254, 0.262482, -0.878766, 0.839490, 0.074548, 0.538238, -0.305016, 0.884414, 0.353239, -0.449692, -0.460711, 0.765195),
      ["LowerTorso"] = CFrame.new(-0.000004, -1.766797, -0.461778, 1.000000, 0.000000, 0.000000, 0.000000, 0.076017, -0.997106, 0.000000, 0.997106, 0.076017),
      ["RightUpperArm"] = CFrame.new(0.067956, -0.410419, 0.237955, 0.650285, 0.748456, 0.130164, 0.754716, -0.656049, 0.001868, 0.086792, 0.097022, -0.991491),
      ["RightUpperLeg"] = CFrame.new(0.552262, 0.303876, -0.877969, 0.839490, -0.074548, -0.538238, 0.305016, 0.884414, 0.353239, 0.449692, -0.460711, 0.765195)
    }},
    { Time = 0.517, Data = {
      ["Head"] = CFrame.new(0.000001, 0.300858, -0.149020, 1.000000, -0.000000, 0.000000, 0.000000, 0.665801, 0.746129, -0.000000, -0.746129, 0.665801),
      ["LeftUpperArm"] = CFrame.new(-0.067952, -0.265937, 0.242607, 0.650285, -0.748450, -0.130199, -0.754720, -0.656045, 0.001790, -0.086756, 0.097100, -0.991487),
      ["LeftUpperLeg"] = CFrame.new(-0.552263, 0.262432, -0.878748, 0.839472, 0.074603, 0.538258, -0.305116, 0.884359, 0.353290, -0.449656, -0.460808, 0.765157),
      ["LowerTorso"] = CFrame.new(-0.000004, -1.766680, -0.461787, 1.000000, 0.000000, 0.000000, 0.000000, 0.075900, -0.997115, 0.000000, 0.997115, 0.075900),
      ["RightUpperArm"] = CFrame.new(0.067954, -0.410413, 0.237920, 0.650285, 0.748450, 0.130199, 0.754720, -0.656045, 0.001790, 0.086756, 0.097100, -0.991487),
      ["RightUpperLeg"] = CFrame.new(0.552271, 0.303734, -0.877953, 0.839472, -0.074603, -0.538258, 0.305116, 0.884359, 0.353290, 0.449656, -0.460808, 0.765157)
    }},
    { Time = 0.533, Data = {
      ["Head"] = CFrame.new(0.000001, 0.300858, -0.149020, 1.000000, -0.000000, 0.000000, 0.000000, 0.665307, 0.746570, -0.000000, -0.746570, 0.665307),
      ["LeftUpperArm"] = CFrame.new(-0.067950, -0.265921, 0.242482, 0.650306, -0.748441, -0.130150, -0.754733, -0.656031, 0.001483, -0.086493, 0.097264, -0.991494),
      ["LeftUpperLeg"] = CFrame.new(-0.552249, 0.262369, -0.878679, 0.839500, 0.074629, 0.538210, -0.305242, 0.884228, 0.353508, -0.449519, -0.461054, 0.765090),
      ["LowerTorso"] = CFrame.new(-0.000004, -1.766446, -0.461805, 1.000000, 0.000000, 0.000000, 0.000000, 0.075665, -0.997133, 0.000000, 0.997133, 0.075665),
      ["RightUpperArm"] = CFrame.new(0.067952, -0.410397, 0.237795, 0.650306, 0.748441, 0.130150, 0.754733, -0.656031, 0.001483, 0.086493, 0.097264, -0.991494),
      ["RightUpperLeg"] = CFrame.new(0.552257, 0.303395, -0.877889, 0.839500, -0.074629, -0.538210, 0.305242, 0.884228, 0.353508, 0.449519, -0.461054, 0.765090)
    }},
    { Time = 0.550, Data = {
      ["Head"] = CFrame.new(0.000001, 0.300858, -0.149020, 1.000000, -0.000000, 0.000000, 0.000000, 0.664954, 0.746884, -0.000000, -0.746884, 0.664954),
      ["LeftUpperArm"] = CFrame.new(-0.067960, -0.265874, 0.242288, 0.650255, -0.748481, -0.130172, -0.754815, -0.655937, 0.001026, -0.086152, 0.097588, -0.991491),
      ["LeftUpperLeg"] = CFrame.new(-0.552258, 0.262278, -0.878633, 0.839483, 0.074584, 0.538244, -0.305425, 0.884022, 0.353864, -0.449427, -0.461456, 0.764901),
      ["LowerTorso"] = CFrame.new(-0.000004, -1.765976, -0.461841, 1.000000, 0.000000, 0.000000, 0.000000, 0.075195, -0.997169, 0.000000, 0.997169, 0.075195),
      ["RightUpperArm"] = CFrame.new(0.067962, -0.410351, 0.237601, 0.650255, 0.748481, 0.130172, 0.754815, -0.655937, 0.001026, 0.086152, 0.097588, -0.991491),
      ["RightUpperLeg"] = CFrame.new(0.552265, 0.302843, -0.877852, 0.839483, -0.074584, -0.538244, 0.305425, 0.884022, 0.353864, 0.449427, -0.461456, 0.764901)
    }},
    { Time = 0.567, Data = {
      ["Head"] = CFrame.new(0.000001, 0.300858, -0.149020, 1.000000, -0.000000, 0.000000, 0.000000, 0.664742, 0.747073, -0.000000, -0.747073, 0.664742),
      ["LeftUpperArm"] = CFrame.new(-0.067953, -0.265837, 0.242013, 0.650286, -0.748452, -0.130187, -0.754844, -0.655904, 0.000370, -0.085667, 0.098030, -0.991489),
      ["LeftUpperLeg"] = CFrame.new(-0.552253, 0.262133, -0.878525, 0.839493, 0.074591, 0.538226, -0.305714, 0.883723, 0.354362, -0.449211, -0.462027, 0.764683),
      ["LowerTorso"] = CFrame.new(-0.000004, -1.765271, -0.461895, 1.000000, 0.000000, 0.000000, 0.000000, 0.074491, -0.997222, 0.000000, 0.997222, 0.074491),
      ["RightUpperArm"] = CFrame.new(0.067954, -0.410312, 0.237326, 0.650286, 0.748452, 0.130187, 0.754844, -0.655904, 0.000370, 0.085667, 0.098030, -0.991489),
      ["RightUpperLeg"] = CFrame.new(0.552260, 0.302055, -0.877756, 0.839493, -0.074591, -0.538226, 0.305714, 0.883723, 0.354362, 0.449211, -0.462027, 0.764683)
    }},
    { Time = 0.583, Data = {
      ["Head"] = CFrame.new(0.000001, 0.300858, -0.149020, 1.000000, -0.000000, 0.000000, 0.000000, 0.664671, 0.747136, -0.000000, -0.747136, 0.664671),
      ["LeftUpperArm"] = CFrame.new(-0.067961, -0.265769, 0.241649, 0.650266, -0.748481, -0.130117, -0.754943, -0.655791, -0.000508, -0.084949, 0.098561, -0.991499),
      ["LeftUpperLeg"] = CFrame.new(-0.552256, 0.261918, -0.878385, 0.839486, 0.074602, 0.538236, -0.306144, 0.883293, 0.355063, -0.448932, -0.462848, 0.764351),
      ["LowerTorso"] = CFrame.new(-0.000004, -1.764449, -0.461958, 1.000000, 0.000000, 0.000000, 0.000000, 0.073669, -0.997283, 0.000000, 0.997283, 0.073669),
      ["RightUpperArm"] = CFrame.new(0.067962, -0.410244, 0.236962, 0.650266, 0.748481, 0.130117, 0.754943, -0.655791, -0.000508, 0.084949, 0.098561, -0.991499),
      ["RightUpperLeg"] = CFrame.new(0.552264, 0.301012, -0.877632, 0.839486, -0.074602, -0.538236, 0.306144, 0.883293, 0.355063, 0.448932, -0.462848, 0.764351)
    }},
    { Time = 0.600, Data = {
      ["Head"] = CFrame.new(0.000001, 0.300858, -0.149020, 1.000000, -0.000000, 0.000000, 0.000000, 0.664812, 0.747010, -0.000000, -0.747010, 0.664812),
      ["LeftUpperArm"] = CFrame.new(-0.067965, -0.265688, 0.241215, 0.650245, -0.748499, -0.130118, -0.755049, -0.655667, -0.001542, -0.084160, 0.099248, -0.991498),
      ["LeftUpperLeg"] = CFrame.new(-0.552260, 0.261693, -0.878238, 0.839479, 0.074589, 0.538249, -0.306594, 0.882824, 0.355840, -0.448637, -0.463744, 0.763980),
      ["LowerTorso"] = CFrame.new(-0.000004, -1.763391, -0.462037, 1.000000, 0.000000, 0.000000, 0.000000, 0.072611, -0.997360, 0.000000, 0.997360, 0.072611),
      ["RightUpperArm"] = CFrame.new(0.067967, -0.410165, 0.236528, 0.650245, 0.748499, 0.130118, 0.755049, -0.655667, -0.001542, 0.084160, 0.099248, -0.991498),
      ["RightUpperLeg"] = CFrame.new(0.552267, 0.299774, -0.877504, 0.839479, -0.074589, -0.538249, 0.306594, 0.882824, 0.355840, 0.448637, -0.463744, 0.763980)
    }},
    { Time = 0.617, Data = {
      ["Head"] = CFrame.new(0.000001, 0.300858, -0.149020, 1.000000, -0.000000, 0.000000, 0.000000, 0.665236, 0.746633, -0.000000, -0.746633, 0.665236),
      ["LeftUpperArm"] = CFrame.new(-0.067950, -0.265616, 0.240720, 0.650306, -0.748441, -0.130148, -0.755104, -0.655599, -0.002854, -0.083189, 0.100131, -0.991490),
      ["LeftUpperLeg"] = CFrame.new(-0.552250, 0.261405, -0.878022, 0.839499, 0.074602, 0.538215, -0.307170, 0.882222, 0.356835, -0.448204, -0.464886, 0.763540),
      ["LowerTorso"] = CFrame.new(-0.000004, -1.762098, -0.462132, 1.000000, 0.000000, 0.000000, 0.000000, 0.071317, -0.997454, 0.000000, 0.997454, 0.071317),
      ["RightUpperArm"] = CFrame.new(0.067952, -0.410092, 0.236033, 0.650306, 0.748441, 0.130148, 0.755104, -0.655599, -0.002854, 0.083189, 0.100131, -0.991490),
      ["RightUpperLeg"] = CFrame.new(0.552257, 0.298291, -0.877311, 0.839499, -0.074602, -0.538215, 0.307170, 0.882222, 0.356835, 0.448204, -0.464886, 0.763540)
    }},
    { Time = 0.633, Data = {
      ["Head"] = CFrame.new(0.000001, 0.300858, -0.149020, 1.000000, -0.000000, 0.000000, 0.000000, 0.665942, 0.746003, -0.000000, -0.746003, 0.665942),
      ["LeftUpperArm"] = CFrame.new(-0.067951, -0.265514, 0.240126, 0.650305, -0.748443, -0.130135, -0.755224, -0.655453, -0.004273, -0.082099, 0.101060, -0.991487),
      ["LeftUpperLeg"] = CFrame.new(-0.552262, 0.261088, -0.877827, 0.839474, 0.074544, 0.538262, -0.307804, 0.881542, 0.357967, -0.447817, -0.466183, 0.762977),
      ["LowerTorso"] = CFrame.new(-0.000004, -1.760686, -0.462234, 1.000000, 0.000000, 0.000000, 0.000000, 0.069905, -0.997554, 0.000000, 0.997554, 0.069905),
      ["RightUpperArm"] = CFrame.new(0.067952, -0.409990, 0.235439, 0.650305, 0.748443, 0.130135, 0.755224, -0.655453, -0.004273, 0.082099, 0.101060, -0.991487),
      ["RightUpperLeg"] = CFrame.new(0.552270, 0.296593, -0.877143, 0.839474, -0.074544, -0.538262, 0.307804, 0.881542, 0.357967, 0.447817, -0.466183, 0.762977)
    }},
    { Time = 0.650, Data = {
      ["Head"] = CFrame.new(0.000001, 0.300858, -0.149020, 1.000000, -0.000000, 0.000000, 0.000000, 0.666929, 0.745121, -0.000000, -0.745121, 0.666929),
      ["LeftUpperArm"] = CFrame.new(-0.067966, -0.265382, 0.239452, 0.650243, -0.748501, -0.130116, -0.755412, -0.655224, -0.005879, -0.080855, 0.102114, -0.991481),
      ["LeftUpperLeg"] = CFrame.new(-0.552261, 0.260719, -0.877571, 0.839477, 0.074537, 0.538259, -0.308541, 0.880767, 0.359239, -0.447304, -0.467648, 0.762381),
      ["LowerTorso"] = CFrame.new(-0.000004, -1.759036, -0.462351, 1.000000, 0.000000, 0.000000, 0.000000, 0.068256, -0.997668, 0.000000, 0.997668, 0.068256),
