return {
  ["Astros 3 some"] = {
    { Time = 0.000, Data = {
      ["Head"] = CFrame.new(0.000000, 0.000000, 0.000000, 0.786219, -0.082355, 0.612436, 0.000018, 0.991082, 0.133250, -0.617948, -0.104753, 0.779209),
      ["LeftUpperArm"] = CFrame.new(0.267971, -1.125147, 0.672138, 0.949737, 0.208378, 0.233618, 0.275319, -0.200817, -0.940145, -0.148991, 0.957210, -0.248094),
      ["LeftUpperLeg"] = CFrame.new(-0.108397, -0.324879, -0.557893, 0.972724, 0.049717, 0.226573, -0.229102, 0.052942, 0.971962, 0.036328, -0.997359, 0.062888),
      ["LowerTorso"] = CFrame.new(0.194870, -1.575045, -0.000010, 0.971548, -0.194870, 0.134611, 0.193026, 0.980829, 0.026742, -0.137242, 0.000002, 0.990538),
      ["RightUpperArm"] = CFrame.new(-0.158715, -1.304346, 0.271133, -0.192683, -0.860490, 0.471624, 0.206430, -0.505421, -0.837816, 0.959302, -0.064076, 0.275017),
      ["RightUpperLeg"] = CFrame.new(-0.018940, -0.524149, -0.575752, 0.982882, -0.058998, 0.174535, -0.171426, 0.054227, 0.983704, -0.067501, -0.996784, 0.043185),
      ["рҹҢ§пёҸрҹҳірҹ‘»рҹҸіпёҸвҖҚрҹҢҲрҹҳӮрҹ’һрҹҸҙвҖҚвҳ пёҸрҹҺёрҹҢ§пёҸрҹҳірҹ‘»рҹҸіпёҸвҖҚрҹҢҲрҹҳӮрҹ’һрҹҸҙвҖҚвҳ"] = CFrame.new(-0.000000, -0.000000, 0.000000, 0.973620, -0.227866, -0.011861, 0.228174, 0.972297, 0.050749, -0.000031, -0.052117, 0.998641)
    }},
    { Time = 0.017, Data = {
      ["Head"] = CFrame.new(0.000000, 0.000000, -0.000000, 0.786170, -0.082225, 0.612516, -0.000179, 0.991079, 0.133275, -0.618010, -0.104886, 0.779142),
      ["LeftUpperArm"] = CFrame.new(0.267990, -1.125107, 0.672138, 0.949796, 0.208316, 0.233435, 0.275147, -0.200977, -0.940161, -0.148936, 0.957190, -0.248205),
      ["LeftUpperLeg"] = CFrame.new(-0.108499, -0.324798, -0.557893, 0.972696, 0.049719, 0.226693, -0.229221, 0.052925, 0.971935, 0.036326, -0.997360, 0.062876),
      ["LowerTorso"] = CFrame.new(0.194917, -1.575011, -0.000022, 0.971514, -0.195039, 0.134609, 0.193196, 0.980795, 0.026754, -0.137242, 0.000014, 0.990538),
      ["RightUpperArm"] = CFrame.new(-0.156063, -1.295082, 0.272595, -0.193698, -0.863640, 0.465411, 0.206019, -0.499625, -0.841386, 0.959186, -0.067091, 0.274703),
      ["RightUpperLeg"] = CFrame.new(-0.019127, -0.524257, -0.575755, 0.982861, -0.058996, 0.174655, -0.171547, 0.054220, 0.983683, -0.067503, -0.996785, 0.043170),
      ["рҹҢ§пёҸрҹҳірҹ‘»рҹҸіпёҸвҖҚрҹҢҲрҹҳӮрҹ’һрҹҸҙвҖҚвҳ пёҸрҹҺёрҹҢ§пёҸрҹҳірҹ‘»рҹҸіпёҸвҖҚрҹҢҲрҹҳӮрҹ’һрҹҸҙвҖҚвҳ"] = CFrame.new(-0.000000, 0.000000, -0.000000, 0.973620, -0.227862, -0.011967, 0.228176, 0.972288, 0.050911, 0.000034, -0.052298, 0.998632)
    }},
    { Time = 0.033, Data = {
      ["Head"] = CFrame.new(0.000000, 0.000000, -0.000000, 0.786136, -0.081854, 0.612609, -0.000787, 0.991058, 0.133430, -0.618053, -0.105377, 0.779042),
      ["LeftUpperArm"] = CFrame.new(0.268028, -1.124896, 0.672161, 0.949935, 0.208049, 0.233106, 0.274773, -0.201112, -0.940241, -0.148736, 0.957220, -0.248209),
      ["LeftUpperLeg"] = CFrame.new(-0.108821, -0.324618, -0.557900, 0.972584, 0.049739, 0.227170, -0.229700, 0.052976, 0.971819, 0.036303, -0.997356, 0.062948),
      ["LowerTorso"] = CFrame.new(0.194976, -1.574926, -0.000044, 0.971442, -0.195464, 0.134518, 0.193621, 0.980711, 0.026774, -0.137156, 0.000036, 0.990549),
      ["RightUpperArm"] = CFrame.new(-0.153409, -1.285829, 0.274055, -0.194694, -0.866751, 0.459169, 0.205607, -0.493790, -0.844924, 0.959072, -0.070094, 0.274348),
      ["RightUpperLeg"] = CFrame.new(-0.019678, -0.524552, -0.575727, 0.982782, -0.059038, 0.175081, -0.171964, 0.054318, 0.983605, -0.067580, -0.996777, 0.043231),
      ["рҹҢ§пёҸрҹҳірҹ‘»рҹҸіпёҸвҖҚрҹҢҲрҹҳӮрҹ’һрҹҸҙвҖҚвҳ пёҸрҹҺёрҹҢ§пёҸрҹҳірҹ‘»рҹҸіпёҸвҖҚрҹҢҲрҹҳӮрҹ’һрҹҸҙвҖҚвҳ"] = CFrame.new(-0.000000, -0.000000, -0.000000, 0.973620, -0.227859, -0.012026, 0.228176, 0.972261, 0.051425, -0.000025, -0.052812, 0.998604)
    }},
    { Time = 0.050, Data = {
      ["Head"] = CFrame.new(0.000000, 0.000000, 0.000000, 0.786000, -0.081305, 0.612856, -0.001707, 0.991025, 0.133664, -0.618224, -0.106106, 0.778807),
      ["LeftUpperArm"] = CFrame.new(0.268116, -1.124543, 0.672194, 0.950164, 0.207696, 0.232487, 0.274103, -0.201327, -0.940391, -0.148509, 0.957251, -0.248224),
      ["LeftUpperLeg"] = CFrame.new(-0.109344, -0.324277, -0.557967, 0.972421, 0.049642, 0.227890, -0.230415, 0.053010, 0.971647, 0.036154, -0.997359, 0.062986),
      ["LowerTorso"] = CFrame.new(0.195136, -1.574773, -0.000012, 0.971289, -0.196233, 0.134499, 0.194379, 0.980557, 0.026913, -0.137165, 0.000004, 0.990548),
      ["RightUpperArm"] = CFrame.new(-0.150766, -1.276609, 0.275505, -0.195672, -0.869826, 0.452897, 0.205192, -0.487916, -0.848431, 0.958962, -0.073083, 0.273953),
      ["RightUpperLeg"] = CFrame.new(-0.020586, -0.525001, -0.575644, 0.982632, -0.059194, 0.175870, -0.172741, 0.054403, 0.983464, -0.067783, -0.996763, 0.043233),
      ["рҹҢ§пёҸрҹҳірҹ‘»рҹҸіпёҸвҖҚрҹҢҲрҹҳӮрҹ’һрҹҸҙвҖҚвҳ пёҸрҹҺёрҹҢ§пёҸрҹҳірҹ‘»рҹҸіпёҸвҖҚрҹҢҲрҹҳӮрҹ’һрҹҸҙвҖҚвҳ"] = CFrame.new(-0.000000, -0.000000, 0.000000, 0.973619, -0.227852, -0.012201, 0.228178, 0.972220, 0.052186, -0.000029, -0.053593, 0.998563)
    }},
    { Time = 0.067, Data = {
      ["Head"] = CFrame.new(0.000000, -0.000000, 0.000000, 0.785769, -0.080415, 0.613271, -0.003103, 0.990987, 0.133919, -0.618513, -0.107132, 0.778437),
      ["LeftUpperArm"] = CFrame.new(0.268241, -1.124076, 0.672234, 0.950478, 0.207216, 0.231631, 0.273196, -0.201727, -0.940569, -0.148175, 0.957271, -0.248348),
      ["LeftUpperLeg"] = CFrame.new(-0.110079, -0.323810, -0.558004, 0.972183, 0.049609, 0.228908, -0.231430, 0.052994, 0.971407, 0.036060, -0.997362, 0.063001),
      ["LowerTorso"] = CFrame.new(0.195310, -1.574567, 0.000002, 0.971085, -0.197257, 0.134476, 0.195391, 0.980352, 0.027069, -0.137173, -0.000011, 0.990547),
      ["RightUpperArm"] = CFrame.new(-0.148133, -1.267456, 0.276953, -0.196630, -0.872835, 0.446650, 0.204834, -0.482060, -0.851857, 0.958843, -0.076012, 0.273574),
      ["RightUpperLeg"] = CFrame.new(-0.021857, -0.525633, -0.575590, 0.982431, -0.059273, 0.176962, -0.173818, 0.054585, 0.983264, -0.067941, -0.996748, 0.043323),
      ["рҹҢ§пёҸрҹҳірҹ‘»рҹҸіпёҸвҖҚрҹҢҲрҹҳӮрҹ’һрҹҸҙвҖҚвҳ пёҸрҹҺёрҹҢ§пёҸрҹҳірҹ‘»рҹҸіпёҸвҖҚрҹҢҲрҹҳӮрҹ’һрҹҸҙвҖҚвҳ"] = CFrame.new(-0.000000, 0.000000, 0.000000, 0.973618, -0.227840, -0.012501, 0.228183, 0.972159, 0.053279, 0.000014, -0.054726, 0.998501)
    }},
    { Time = 0.083, Data = {
      ["Head"] = CFrame.new(0.000000, 0.000000, 0.000000, 0.785542, -0.079447, 0.613687, -0.004747, 0.990921, 0.134359, -0.618790, -0.108458, 0.778034),
      ["LeftUpperArm"] = CFrame.new(0.268386, -1.123470, 0.672290, 0.950871, 0.206543, 0.230619, 0.272095, -0.202207, -0.940785, -0.147680, 0.957315, -0.248472),
      ["LeftUpperLeg"] = CFrame.new(-0.111022, -0.323217, -0.558078, 0.971876, 0.049534, 0.230224, -0.232742, 0.053060, 0.971090, 0.035886, -0.997362, 0.063097),
      ["LowerTorso"] = CFrame.new(0.195584, -1.574292, -0.000007, 0.970811, -0.198621, 0.134448, 0.196743, 0.980076, 0.027248, -0.137182, -0.000001, 0.990546),
      ["RightUpperArm"] = CFrame.new(-0.145511, -1.258410, 0.278391, -0.197550, -0.875742, 0.440511, 0.204439, -0.476291, -0.855192, 0.958738, -0.078886, 0.273127),
      ["RightUpperLeg"] = CFrame.new(-0.023492, -0.526474, -0.575536, 0.982186, -0.059337, 0.178297, -0.175133, 0.054872, 0.983015, -0.068112, -0.996729, 0.043503),
      ["рҹҢ§пёҸрҹҳірҹ‘»рҹҸіпёҸвҖҚрҹҢҲрҹҳӮрҹ’һрҹҸҙвҖҚвҳ пёҸрҹҺёрҹҢ§пёҸрҹҳірҹ‘»рҹҸіпёҸвҖҚрҹҢҲрҹҳӮрҹ’һрҹҸҙвҖҚвҳ"] = CFrame.new(-0.000000, -0.000000, 0.000000, 0.973617, -0.227827, -0.012831, 0.228188, 0.972083, 0.054630, 0.000027, -0.056116, 0.998424)
    }},
    { Time = 0.100, Data = {
      ["Head"] = CFrame.new(0.000000, -0.000000, 0.000000, 0.785217, -0.078140, 0.614270, -0.006866, 0.990846, 0.134820, -0.619182, -0.110081, 0.777493),
      ["LeftUpperArm"] = CFrame.new(0.268579, -1.122725, 0.672357, 0.951350, 0.205784, 0.229316, 0.270697, -0.202765, -0.941068, -0.147159, 0.957361, -0.248605),
      ["LeftUpperLeg"] = CFrame.new(-0.112172, -0.322502, -0.558183, 0.971498, 0.049403, 0.231842, -0.234351, 0.053093, 0.970701, 0.035646, -0.997367, 0.063157),
      ["LowerTorso"] = CFrame.new(0.195876, -1.573963, -0.000035, 0.970483, -0.200238, 0.134417, 0.198348, 0.979747, 0.027445, -0.137190, 0.000027, 0.990545),
      ["RightUpperArm"] = CFrame.new(-0.142919, -1.249475, 0.279799, -0.198539, -0.878582, 0.434369, 0.204153, -0.470542, -0.858436, 0.958595, -0.081755, 0.272786),
      ["RightUpperLeg"] = CFrame.new(-0.025473, -0.527490, -0.575401, 0.981872, -0.059587, 0.179934, -0.176748, 0.055032, 0.982716, -0.068459, -0.996705, 0.043503),
      ["рҹҢ§пёҸрҹҳірҹ‘»рҹҸіпёҸвҖҚрҹҢҲрҹҳӮрҹ’һрҹҸҙвҖҚвҳ пёҸрҹҺёрҹҢ§пёҸрҹҳірҹ‘»рҹҸіпёҸвҖҚрҹҢҲрҹҳӮрҹ’һрҹҸҙвҖҚвҳ"] = CFrame.new(-0.000000, -0.000000, 0.000000, 0.973616, -0.227810, -0.013200, 0.228193, 0.971986, 0.056323, -0.000000, -0.057849, 0.998325)
    }},
    { Time = 0.117, Data = {
      ["Head"] = CFrame.new(0.000000, 0.000000, -0.000000, 0.784841, -0.076651, 0.614938, -0.009293, 0.990753, 0.135356, -0.619627, -0.111948, 0.776872),
      ["LeftUpperArm"] = CFrame.new(0.268803, -1.121844, 0.672436, 0.951911, 0.204884, 0.227788, 0.269052, -0.203400, -0.941403, -0.146546, 0.957419, -0.248743),
      ["LeftUpperLeg"] = CFrame.new(-0.113529, -0.321670, -0.558257, 0.971043, 0.049335, 0.233756, -0.236259, 0.053073, 0.970240, 0.035461, -0.997371, 0.063192),
      ["LowerTorso"] = CFrame.new(0.196196, -1.573577, 0.000005, 0.970100, -0.202115, 0.134373, 0.200202, 0.979362, 0.027745, -0.137208, -0.000013, 0.990542),
      ["RightUpperArm"] = CFrame.new(-0.140359, -1.240689, 0.281200, -0.199404, -0.881328, 0.428367, 0.203776, -0.464885, -0.861602, 0.958495, -0.084516, 0.272293),
      ["RightUpperLeg"] = CFrame.new(-0.027802, -0.528678, -0.575291, 0.981505, -0.059748, 0.181875, -0.178659, 0.055407, 0.982350, -0.068771, -0.996675, 0.043708),
      ["рҹҢ§пёҸрҹҳірҹ‘»рҹҸіпёҸвҖҚрҹҢҲрҹҳӮрҹ’һрҹҸҙвҖҚвҳ пёҸрҹҺёрҹҢ§пёҸрҹҳірҹ‘»рҹҸіпёҸвҖҚрҹҢҲрҹҳӮрҹ’һрҹҸҙвҖҚвҳ"] = CFrame.new(-0.000000, 0.000000, -0.000000, 0.973634, -0.227704, -0.013693, 0.228115, 0.971884, 0.058349, 0.000021, -0.059934, 0.998202)
    }},
    { Time = 0.133, Data = {
      ["Head"] = CFrame.new(0.000000, 0.000000, -0.000000, 0.784416, -0.074928, 0.615693, -0.012137, 0.990632, 0.136019, -0.620117, -0.114168, 0.776158),
      ["LeftUpperArm"] = CFrame.new(0.269060, -1.120858, 0.672521, 0.952552, 0.203855, 0.226025, 0.267169, -0.204216, -0.941762, -0.145825, 0.957465, -0.248990),
      ["LeftUpperLeg"] = CFrame.new(-0.115079, -0.320695, -0.558398, 0.970530, 0.049165, 0.235910, -0.238404, 0.053151, 0.969711, 0.035136, -0.997375, 0.063306),
      ["LowerTorso"] = CFrame.new(0.196626, -1.573118, 0.000021, 0.969642, -0.204331, 0.134324, 0.202394, 0.978902, 0.028068, -0.137225, -0.000029, 0.990540),
      ["RightUpperArm"] = CFrame.new(-0.137837, -1.232072, 0.282558, -0.200320, -0.883973, 0.422449, 0.203415, -0.459319, -0.864667, 0.958381, -0.087278, 0.271824),
      ["RightUpperLeg"] = CFrame.new(-0.030468, -0.530029, -0.575155, 0.981073, -0.059964, 0.184118, -0.180870, 0.055766, 0.981925, -0.069148, -0.996642, 0.043865),
      ["рҹҢ§пёҸрҹҳірҹ‘»рҹҸіпёҸвҖҚрҹҢҲрҹҳӮрҹ’һрҹҸҙвҖҚвҳ пёҸрҹҺёрҹҢ§пёҸрҹҳірҹ‘»рҹҸіпёҸвҖҚрҹҢҲрҹҳӮрҹ’һрҹҸҙвҖҚвҳ"] = CFrame.new(-0.000000, -0.000000, 0.000000, 0.973632, -0.227680, -0.014217, 0.228123, 0.971743, 0.060631, 0.000011, -0.062276, 0.998059)
    }},
    { Time = 0.150, Data = {
      ["Head"] = CFrame.new(-0.000000, 0.000000, -0.000000, 0.783935, -0.072996, 0.616537, -0.015260, 0.990498, 0.136676, -0.620656, -0.116553, 0.775372),
      ["LeftUpperArm"] = CFrame.new(0.269333, -1.119741, 0.672622, 0.953267, 0.202632, 0.224105, 0.265091, -0.205107, -0.942156, -0.144945, 0.957534, -0.249238),
      ["LeftUpperLeg"] = CFrame.new(-0.116824, -0.319583, -0.558539, 0.969954, 0.048997, 0.238303, -0.240785, 0.053193, 0.969120, 0.034807, -0.997382, 0.063393),
      ["LowerTorso"] = CFrame.new(0.197002, -1.572617, 0.000025, 0.969144, -0.206715, 0.134272, 0.204754, 0.978401, 0.028403, -0.137243, -0.000034, 0.990537),
      ["RightUpperArm"] = CFrame.new(-0.135357, -1.223662, 0.283879, -0.201288, -0.886493, 0.416670, 0.203130, -0.453907, -0.867587, 0.958239, -0.089997, 0.271439),
      ["RightUpperLeg"] = CFrame.new(-0.033460, -0.531538, -0.574993, 0.980576, -0.060235, 0.186662, -0.183380, 0.056108, 0.981440, -0.069590, -0.996606, 0.043972),
      ["рҹҢ§пёҸрҹҳірҹ‘»рҹҸіпёҸвҖҚрҹҢҲрҹҳӮрҹ’һрҹҸҙвҖҚвҳ пёҸрҹҺёрҹҢ§пёҸрҹҳірҹ‘»рҹҸіпёҸвҖҚрҹҢҲрҹҳӮрҹ’һрҹҸҙвҖҚвҳ"] = CFrame.new(-0.000000, -0.000000, -0.000000, 0.973630, -0.227653, -0.014771, 0.228131, 0.971579, 0.063170, -0.000030, -0.064874, 0.997893)
    }},
    { Time = 0.167, Data = {
      ["Head"] = CFrame.new(0.000000, -0.000000, 0.000000, 0.783399, -0.070833, 0.617470, -0.018800, 0.990329, 0.137457, -0.621235, -0.119292, 0.774491),
      ["LeftUpperArm"] = CFrame.new(0.269646, -1.118496, 0.672731, 0.954062, 0.201319, 0.221893, 0.262713, -0.206069, -0.942612, -0.144041, 0.957604, -0.249492),
      ["LeftUpperLeg"] = CFrame.new(-0.118773, -0.318400, -0.558688, 0.969282, 0.048847, 0.241051, -0.243525, 0.053298, 0.968429, 0.034458, -0.997383, 0.063557),
      ["LowerTorso"] = CFrame.new(0.197498, -1.572037, 0.000015, 0.968579, -0.209437, 0.134129, 0.207454, 0.977822, 0.028752, -0.137176, -0.000023, 0.990547),
      ["RightUpperArm"] = CFrame.new(-0.132935, -1.215460, 0.285160, -0.202223, -0.888920, 0.411008, 0.202808, -0.448592, -0.870422, 0.958110, -0.092663, 0.270995),
      ["RightUpperLeg"] = CFrame.new(-0.036777, -0.533228, -0.574830, 0.980026, -0.060488, 0.189448, -0.186126, 0.056551, 0.980897, -0.070046, -0.996566, 0.044163),
      ["рҹҢ§пёҸрҹҳірҹ‘»рҹҸіпёҸвҖҚрҹҢҲрҹҳӮрҹ’һрҹҸҙвҖҚвҳ пёҸрҹҺёрҹҢ§пёҸрҹҳірҹ‘»рҹҸіпёҸвҖҚрҹҢҲрҹҳӮрҹ’һрҹҸҙвҖҚвҳ"] = CFrame.new(-0.000000, -0.000000, 0.000000, 0.973628, -0.227619, -0.015450, 0.228142, 0.971385, 0.066041, -0.000024, -0.067825, 0.997697)
    }},
    { Time = 0.183, Data = {
      ["Head"] = CFrame.new(-0.000000, -0.000000, 0.000000, 0.782802, -0.068490, 0.618490, -0.022648, 0.990130, 0.138310, -0.621858, -0.122277, 0.773525),
      ["LeftUpperArm"] = CFrame.new(0.270002, -1.117122, 0.672850, 0.954905, 0.199929, 0.219509, 0.260152, -0.207077, -0.943102, -0.143097, 0.957678, -0.249751),
      ["LeftUpperLeg"] = CFrame.new(-0.120902, -0.317062, -0.558866, 0.968560, 0.048640, 0.243978, -0.246439, 0.053382, 0.967687, 0.034044, -0.997389, 0.063690),
      ["LowerTorso"] = CFrame.new(0.198035, -1.571396, -0.000023, 0.967940, -0.212411, 0.134066, 0.210405, 0.977180, 0.029127, -0.137194, 0.000015, 0.990544),
      ["RightUpperArm"] = CFrame.new(-0.130587, -1.207485, 0.286438, -0.202972, -0.891278, 0.405494, 0.202495, -0.443368, -0.873167, 0.958018, -0.095118, 0.270470),
      ["RightUpperLeg"] = CFrame.new(-0.040404, -0.535091, -0.574611, 0.979413, -0.060858, 0.192476, -0.189110, 0.056983, 0.980301, -0.070627, -0.996519, 0.044301),
      ["рҹҢ§пёҸрҹҳірҹ‘»рҹҸіпёҸвҖҚрҹҢҲрҹҳӮрҹ’һрҹҸҙвҖҚвҳ пёҸрҹҺёрҹҢ§пёҸрҹҳірҹ‘»рҹҸіпёҸвҖҚрҹҢҲрҹҳӮрҹ’һрҹҸҙвҖҚвҳ"] = CFrame.new(-0.000000, -0.000000, 0.000000, 0.973624, -0.227578, -0.016245, 0.228157, 0.971165, 0.069159, 0.000037, -0.071041, 0.997473)
    }},
    { Time = 0.200, Data = {
      ["Head"] = CFrame.new(-0.000000, 0.000000, 0.000000, 0.782143, -0.065971, 0.619597, -0.026804, 0.989897, 0.139233, -0.622523, -0.125508, 0.772472),
      ["LeftUpperArm"] = CFrame.new(0.270366, -1.115627, 0.672984, 0.955817, 0.198341, 0.216968, 0.257394, -0.208154, -0.943621, -0.141996, 0.957775, -0.250008),
      ["LeftUpperLeg"] = CFrame.new(-0.123214, -0.315607, -0.559044, 0.967768, 0.048435, 0.247143, -0.249590, 0.053426, 0.966877, 0.033627, -0.997397, 0.063793),
      ["LowerTorso"] = CFrame.new(0.198625, -1.570688, 0.000007, 0.967235, -0.215644, 0.133990, 0.213602, 0.976472, 0.029606, -0.137221, -0.000015, 0.990540),
      ["RightUpperArm"] = CFrame.new(-0.128295, -1.199791, 0.287646, -0.203845, -0.893478, 0.400180, 0.202218, -0.438375, -0.875749, 0.957891, -0.097593, 0.270038),
      ["RightUpperLeg"] = CFrame.new(-0.044329, -0.537088, -0.574420, 0.978735, -0.061148, 0.195804, -0.192391, 0.057506, 0.979632, -0.071163, -0.996471, 0.044519),
      ["рҹҢ§пёҸрҹҳірҹ‘»рҹҸіпёҸвҖҚрҹҢҲрҹҳӮрҹ’һрҹҸҙвҖҚвҳ пёҸрҹҺёрҹҢ§пёҸрҹҳірҹ‘»рҹҸіпёҸвҖҚрҹҢҲрҹҳӮрҹ’һрҹҸҙвҖҚвҳ"] = CFrame.new(-0.000000, 0.000000, -0.000000, 0.973621, -0.227537, -0.016983, 0.228170, 0.970915, 0.072542, -0.000017, -0.074504, 0.997221)
    }},
    { Time = 0.217, Data = {
      ["Head"] = CFrame.new(0.000000, 0.000000, -0.000000, 0.781416, -0.063274, 0.620794, -0.031268, 0.989626, 0.140225, -0.623226, -0.128985, 0.771331),
      ["LeftUpperArm"] = CFrame.new(0.270754, -1.114045, 0.673122, 0.956798, 0.196621, 0.214191, 0.254393, -0.209402, -0.944158, -0.140789, 0.957858, -0.250375),
      ["LeftUpperLeg"] = CFrame.new(-0.125705, -0.314045, -0.559229, 0.966903, 0.048248, 0.250542, -0.252978, 0.053547, 0.965989, 0.033191, -0.997399, 0.063981),
      ["LowerTorso"] = CFrame.new(0.199185, -1.569931, 0.000034, 0.966494, -0.219044, 0.133824, 0.216968, 0.975715, 0.030086, -0.137164, -0.000043, 0.990548),
      ["RightUpperArm"] = CFrame.new(-0.126092, -1.192361, 0.288826, -0.204620, -0.895608, 0.394989, 0.202004, -0.433478, -0.878232, 0.957771, -0.099914, 0.269615),
      ["RightUpperLeg"] = CFrame.new(-0.048546, -0.539266, -0.574205, 0.978005, -0.061495, 0.199311, -0.195849, 0.058017, 0.978916, -0.071762, -0.996420, 0.044697),
      ["рҹҢ§пёҸрҹҳірҹ‘»рҹҸіпёҸвҖҚрҹҢҲрҹҳӮрҹ’һрҹҸҙвҖҚвҳ пёҸрҹҺёрҹҢ§пёҸрҹҳірҹ‘»рҹҸіпёҸвҖҚрҹҢҲрҹҳӮрҹ’һрҹҸҙвҖҚвҳ"] = CFrame.new(-0.000000, -0.000000, 0.000000, 0.973618, -0.227487, -0.017837, 0.228186, 0.970633, 0.076172, -0.000015, -0.078233, 0.996935)
    }},
    { Time = 0.233, Data = {
      ["Head"] = CFrame.new(0.000000, -0.000000, -0.000000, 0.780620, -0.060402, 0.622080, -0.036040, 0.989313, 0.141284, -0.623966, -0.132709, 0.770101),
      ["LeftUpperArm"] = CFrame.new(0.271190, -1.112344, 0.673265, 0.957825, 0.194873, 0.211175, 0.251155, -0.210690, -0.944738, -0.139612, 0.957932, -0.250748),
      ["LeftUpperLeg"] = CFrame.new(-0.128379, -0.312410, -0.559444, 0.965949, 0.048004, 0.254239, -0.256658, 0.053627, 0.965013, 0.032690, -0.997407, 0.064121),
      ["LowerTorso"] = CFrame.new(0.199891, -1.569084, 0.000028, 0.965652, -0.222780, 0.133737, 0.220669, 0.974869, 0.030599, -0.137193, -0.000037, 0.990544),
      ["RightUpperArm"] = CFrame.new(-0.123968, -1.185248, 0.289954, -0.205351, -0.897598, 0.390063, 0.201719, -0.428818, -0.880582, 0.957674, -0.102146, 0.269121),
      ["RightUpperLeg"] = CFrame.new(-0.053040, -0.541590, -0.573986, 0.977213, -0.061824, 0.203060, -0.199542, 0.058625, 0.978134, -0.072376, -0.996364, 0.044952),
      ["рҹҢ§пёҸрҹҳірҹ‘»рҹҸіпёҸвҖҚрҹҢҲрҹҳӮрҹ’һрҹҸҙвҖҚвҳ пёҸрҹҺёрҹҢ§пёҸрҹҳірҹ‘»рҹҸіпёҸвҖҚрҹҢҲрҹҳӮрҹ’һрҹҸҙвҖҚвҳ"] = CFrame.new(-0.000000, -0.000000, 0.000000, 0.973633, -0.227349, -0.018717, 0.228118, 0.970336, 0.080058, -0.000039, -0.082217, 0.996614)
    }},
    { Time = 0.250, Data = {
      ["Head"] = CFrame.new(0.000000, -0.000000, 0.000000, 0.779751, -0.057327, 0.623459, -0.041092, 0.988966, 0.142329, -0.624739, -0.136600, 0.768792),
      ["LeftUpperArm"] = CFrame.new(0.271628, -1.110538, 0.673422, 0.958913, 0.192926, 0.208001, 0.247719, -0.212040, -0.945344, -0.138277, 0.958028, -0.251119),
      ["LeftUpperLeg"] = CFrame.new(-0.131207, -0.310626, -0.559658, 0.964949, 0.047760, 0.258053, -0.260454, 0.053682, 0.963993, 0.032187, -0.997415, 0.064240),
      ["LowerTorso"] = CFrame.new(0.200582, -1.568184, 0.000010, 0.964756, -0.226683, 0.133646, 0.224536, 0.973969, 0.031124, -0.137222, -0.000018, 0.990540),
      ["RightUpperArm"] = CFrame.new(-0.121937, -1.178451, 0.291028, -0.206057, -0.899483, 0.385319, 0.201457, -0.424328, -0.882814, 0.957578, -0.104285, 0.268642),
      ["RightUpperLeg"] = CFrame.new(-0.057789, -0.544045, -0.573711, 0.976347, -0.062268, 0.207047, -0.203470, 0.059218, 0.977289, -0.073115, -0.996301, 0.045147),
      ["рҹҢ§пёҸрҹҳірҹ‘»рҹҸіпёҸвҖҚрҹҢҲрҹҳӮрҹ’һрҹҸҙвҖҚвҳ пёҸрҹҺёрҹҢ§пёҸрҹҳірҹ‘»рҹҸіпёҸвҖҚрҹҢҲрҹҳӮрҹ’һрҹҸҙвҖҚвҳ"] = CFrame.new(-0.000000, 0.000000, 0.000000, 0.973628, -0.227287, -0.019706, 0.228139, 0.969989, 0.084104, -0.000001, -0.086381, 0.996262)
    }},
    { Time = 0.267, Data = {
      ["Head"] = CFrame.new(0.000000, -0.000000, 0.000000, 0.778805, -0.054161, 0.624923, -0.046371, 0.988568, 0.143466, -0.625550, -0.140710, 0.767390),
      ["LeftUpperArm"] = CFrame.new(0.272082, -1.108626, 0.673589, 0.960035, 0.190845, 0.204722, 0.244148, -0.213425, -0.945961, -0.136839, 0.958138, -0.251490),
      ["LeftUpperLeg"] = CFrame.new(-0.134207, -0.308790, -0.559909, 0.963856, 0.047474, 0.262161, -0.264544, 0.053811, 0.962871, 0.031604, -0.997422, 0.064425),
      ["LowerTorso"] = CFrame.new(0.201266, -1.567228, -0.000010, 0.963816, -0.230751, 0.133465, 0.228571, 0.973013, 0.031650, -0.137167, 0.000002, 0.990548),
      ["RightUpperArm"] = CFrame.new(-0.119993, -1.172022, 0.292038, -0.206806, -0.901204, 0.380870, 0.201239, -0.420144, -0.884863, 0.957462, -0.106349, 0.268245),
      ["RightUpperLeg"] = CFrame.new(-0.062783, -0.546621, -0.573433, 0.975414, -0.062694, 0.211275, -0.207632, 0.059906, 0.976371, -0.073869, -0.996233, 0.045416),
      ["рҹҢ§пёҸрҹҳірҹ‘»рҹҸіпёҸвҖҚрҹҢҲрҹҳӮрҹ’һрҹҸҙвҖҚвҳ пёҸрҹҺёрҹҢ§пёҸрҹҳірҹ‘»рҹҸіпёҸвҖҚрҹҢҲрҹҳӮрҹ’һрҹҸҙвҖҚвҳ"] = CFrame.new(-0.000000, -0.000000, -0.000000, 0.973623, -0.227219, -0.020724, 0.228162, 0.969601, 0.088404, 0.000007, -0.090801, 0.995869)
    }},
    { Time = 0.283, Data = {
      ["Head"] = CFrame.new(0.000000, 0.000000, 0.000000, 0.777836, -0.050816, 0.626409, -0.051951, 0.988115, 0.144668, -0.626316, -0.145071, 0.765952),
      ["LeftUpperArm"] = CFrame.new(0.272579, -1.106640, 0.673755, 0.961196, 0.188745, 0.201193, 0.240344, -0.214948, -0.946590, -0.135418, 0.958214, -0.251971),
      ["LeftUpperLeg"] = CFrame.new(-0.137361, -0.306855, -0.560130, 0.962692, 0.047250, 0.266442, -0.268808, 0.053895, 0.961685, 0.031080, -0.997428, 0.064585),
      ["LowerTorso"] = CFrame.new(0.201959, -1.566213, 0.000033, 0.962806, -0.234991, 0.133355, 0.232763, 0.971997, 0.032282, -0.137207, -0.000041, 0.990542),
      ["RightUpperArm"] = CFrame.new(-0.118169, -1.165921, 0.293000, -0.207463, -0.902866, 0.376552, 0.201084, -0.416067, -0.886822, 0.957353, -0.108264, 0.267870),
      ["RightUpperLeg"] = CFrame.new(-0.068014, -0.549332, -0.573189, 0.974427, -0.063054, 0.215678, -0.211974, 0.060568, 0.975397, -0.074566, -0.996171, 0.045654),
      ["рҹҢ§пёҸрҹҳірҹ‘»рҹҸіпёҸвҖҚрҹҢҲрҹҳӮрҹ’һрҹҸҙвҖҚвҳ пёҸрҹҺёрҹҢ§пёҸрҹҳірҹ‘»рҹҸіпёҸвҖҚрҹҢҲрҹҳӮрҹ’һрҹҸҙвҖҚвҳ"] = CFrame.new(-0.000000, -0.000000, 0.000000, 0.973618, -0.227145, -0.021771, 0.228186, 0.969170, 0.092960, -0.000015, -0.095476, 0.995432)
    }},
    { Time = 0.300, Data = {
      ["Head"] = CFrame.new(0.000000, -0.000000, -0.000000, 0.776784, -0.047271, 0.627991, -0.057812, 0.987616, 0.145851, -0.627108, -0.149600, 0.764431),
      ["LeftUpperArm"] = CFrame.new(0.273086, -1.104558, 0.673929, 0.962385, 0.186508, 0.197559, 0.236405, -0.216502, -0.947227, -0.133893, 0.958301, -0.252450),
      ["LeftUpperLeg"] = CFrame.new(-0.140660, -0.304830, -0.560389, 0.961461, 0.046982, 0.270897, -0.273247, 0.054068, 0.960423, 0.030476, -0.997431, 0.064822),
      ["LowerTorso"] = CFrame.new(0.202741, -1.565118, -0.000027, 0.961715, -0.239475, 0.133249, 0.237211, 0.970903, 0.032847, -0.137238, 0.000019, 0.990538),
      ["RightUpperArm"] = CFrame.new(-0.116446, -1.160217, 0.293903, -0.208083, -0.904377, 0.372565, 0.200918, -0.412301, -0.888617, 0.957253, -0.110051, 0.267499),
      ["RightUpperLeg"] = CFrame.new(-0.073451, -0.552140, -0.572881, 0.973357, -0.063516, 0.220323, -0.216544, 0.061332, 0.974345, -0.075399, -0.996095, 0.045944),
      ["рҹҢ§пёҸрҹҳірҹ‘»рҹҸіпёҸвҖҚрҹҢҲрҹҳӮрҹ’һрҹҸҙвҖҚвҳ пёҸрҹҺёрҹҢ§пёҸрҹҳірҹ‘»рҹҸіпёҸвҖҚрҹҢҲрҹҳӮрҹ’һрҹҸҙвҖҚвҳ"] = CFrame.new(-0.000000, 0.000000, 0.000000, 0.973631, -0.226976, -0.022920, 0.228130, 0.968719, 0.097677, 0.000033, -0.100330, 0.994954)
    }},
    { Time = 0.317, Data = {
      ["Head"] = CFrame.new(0.000000, -0.000000, 0.000000, 0.775645, -0.043720, 0.629653, -0.063818, 0.987053, 0.147151, -0.627935, -0.154320, 0.762813),
      ["LeftUpperArm"] = CFrame.new(0.273599, -1.102388, 0.674113, 0.963602, 0.184134, 0.193819, 0.232329, -0.218086, -0.947872, -0.132266, 0.958401, -0.252928),
      ["LeftUpperLeg"] = CFrame.new(-0.144090, -0.302696, -0.560638, 0.960175, 0.046699, 0.275470, -0.277797, 0.054095, 0.959116, 0.029888, -0.997443, 0.064914),
      ["LowerTorso"] = CFrame.new(0.203549, -1.563958, -0.000004, 0.960573, -0.244128, 0.133042, 0.241819, 0.969743, 0.033497, -0.137194, -0.000004, 0.990544),
      ["RightUpperArm"] = CFrame.new(-0.114838, -1.154908, 0.294733, -0.208668, -0.905762, 0.368853, 0.200683, -0.408786, -0.890293, 0.957175, -0.111753, 0.267071),
      ["RightUpperLeg"] = CFrame.new(-0.079096, -0.555088, -0.572576, 0.972237, -0.063973, 0.225082, -0.221230, 0.062077, 0.973244, -0.076234, -0.996019, 0.046201),
      ["рҹҢ§пёҸрҹҳірҹ‘»рҹҸіпёҸвҖҚрҹҢҲрҹҳӮрҹ’һрҹҸҙвҖҚвҳ пёҸрҹҺёрҹҢ§пёҸрҹҳірҹ‘»рҹҸіпёҸвҖҚрҹҢҲрҹҳӮрҹ’һрҹҸҙвҖҚвҳ"] = CFrame.new(-0.000000, 0.000000, 0.000000, 0.973625, -0.226890, -0.024006, 0.228156, 0.968207, 0.102571, -0.000029, -0.105343, 0.994436)
    }},
    { Time = 0.333, Data = {
      ["Head"] = CFrame.new(0.000000, 0.000000, 0.000000, 0.774474, -0.039965, 0.631343, -0.070097, 0.986435, 0.148431, -0.628711, -0.159211, 0.761167),
      ["LeftUpperArm"] = CFrame.new(0.274161, -1.100129, 0.674298, 0.964827, 0.181793, 0.189893, 0.228077, -0.219673, -0.948538, -0.130723, 0.958486, -0.253410),
      ["LeftUpperLeg"] = CFrame.new(-0.147653, -0.300497, -0.560933, 0.958817, 0.046390, 0.280212, -0.282520, 0.054328, 0.957722, 0.029205, -0.997445, 0.065196),
      ["LowerTorso"] = CFrame.new(0.204389, -1.562733, -0.000003, 0.959354, -0.248946, 0.132915, 0.246590, 0.968517, 0.034170, -0.137237, -0.000005, 0.990538),
      ["RightUpperArm"] = CFrame.new(-0.113349, -1.150020, 0.295524, -0.209150, -0.907019, 0.365476, 0.200536, -0.405582, -0.891790, 0.957101, -0.113227, 0.266717),
      ["RightUpperLeg"] = CFrame.new(-0.084929, -0.558161, -0.572274, 0.971066, -0.064427, 0.229957, -0.226033, 0.062804, 0.972093, -0.077071, -0.995944, 0.046424),
      ["рҹҢ§пёҸрҹҳірҹ‘»рҹҸіпёҸвҖҚрҹҢҲрҹҳӮрҹ’һрҹҸҙвҖҚвҳ пёҸрҹҺёрҹҢ§пёҸрҹҳірҹ‘»рҹҸіпёҸвҖҚрҹҢҲрҹҳӮрҹ’һрҹҸҙвҖҚвҳ"] = CFrame.new(-0.000000, -0.000000, -0.000000, 0.973617, -0.226793, -0.025198, 0.228188, 0.967650, 0.107624, -0.000026, -0.110534, 0.993872)
    }},
    { Time = 0.350, Data = {
      ["Head"] = CFrame.new(0.000000, 0.000000, 0.000000, 0.773267, -0.036087, 0.633053, -0.076567, 0.985759, 0.149719, -0.629440, -0.164244, 0.759492),
      ["LeftUpperArm"] = CFrame.new(0.274722, -1.097794, 0.674491, 0.966076, 0.179314, 0.185861, 0.223688, -0.221285, -0.949208, -0.129079, 0.958582, -0.253889),
      ["LeftUpperLeg"] = CFrame.new(-0.151342, -0.298241, -0.561249, 0.957384, 0.046004, 0.285132, -0.287412, 0.054413, 0.956260, 0.028477, -0.997458, 0.065316),
      ["LowerTorso"] = CFrame.new(0.205186, -1.561461, 0.000003, 0.958100, -0.253843, 0.132699, 0.251441, 0.967246, 0.034836, -0.137195, -0.000011, 0.990544),
      ["RightUpperArm"] = CFrame.new(-0.111995, -1.145532, 0.296236, -0.209614, -0.908188, 0.362294, 0.200414, -0.402565, -0.893183, 0.957025, -0.114615, 0.266397),
      ["RightUpperLeg"] = CFrame.new(-0.090923, -0.561317, -0.571938, 0.969822, -0.064921, 0.235010, -0.231005, 0.063628, 0.970870, -0.077983, -0.995860, 0.046711),
      ["рҹҢ§пёҸрҹҳірҹ‘»рҹҸіпёҸвҖҚрҹҢҲрҹҳӮрҹ’һрҹҸҙвҖҚвҳ пёҸрҹҺёрҹҢ§пёҸрҹҳірҹ‘»рҹҸіпёҸвҖҚрҹҢҲрҹҳӮрҹ’һрҹҸҙвҖҚвҳ"] = CFrame.new(-0.000000, -0.000000, 0.000000, 0.973629, -0.226604, -0.026404, 0.228137, 0.967067, 0.112846, -0.000037, -0.115894, 0.993262)
    }},
    { Time = 0.367, Data = {
      ["Head"] = CFrame.new(0.000000, -0.000000, 0.000000, 0.771909, -0.032185, 0.634918, -0.083161, 0.985024, 0.151037, -0.630271, -0.169387, 0.757672),
      ["LeftUpperArm"] = CFrame.new(0.275282, -1.095419, 0.674685, 0.967344, 0.176707, 0.181713, 0.219169, -0.223025, -0.949855, -0.127319, 0.958663, -0.254471),
      ["LeftUpperLeg"] = CFrame.new(-0.155145, -0.295917, -0.561512, 0.955884, 0.045755, 0.290159, -0.292421, 0.054565, 0.954732, 0.027852, -0.997461, 0.065537),
      ["LowerTorso"] = CFrame.new(0.206035, -1.560118, -0.000015, 0.956764, -0.258902, 0.132562, 0.256453, 0.965904, 0.035525, -0.137240, 0.000007, 0.990538),
      ["RightUpperArm"] = CFrame.new(-0.110766, -1.141491, 0.296874, -0.210047, -0.909217, 0.359450, 0.200282, -0.399870, -0.894422, 0.956957, -0.115880, 0.266092),
      ["RightUpperLeg"] = CFrame.new(-0.097058, -0.564542, -0.571567, 0.968504, -0.065457, 0.240242, -0.236145, 0.064549, 0.969572, -0.078973, -0.995765, 0.047059),
      ["рҹҢ§пёҸрҹҳірҹ‘»рҹҸіпёҸвҖҚрҹҢҲрҹҳӮрҹ’һрҹҸҙвҖҚвҳ пёҸрҹҺёрҹҢ§пёҸрҹҳірҹ‘»рҹҸіпёҸвҖҚрҹҢҲрҹҳӮрҹ’һрҹҸҙвҖҚвҳ"] = CFrame.new(-0.000000, -0.000000, 0.000000, 0.973620, -0.226487, -0.027720, 0.228177, 0.966415, 0.118226, 0.000012, -0.121432, 0.992600)
    }},
    { Time = 0.383, Data = {
      ["Head"] = CFrame.new(0.000000, 0.000000, 0.000000, 0.770568, -0.028184, 0.636734, -0.089969, 0.984209, 0.152444, -0.630976, -0.174754, 0.755864),
      ["LeftUpperArm"] = CFrame.new(0.275865, -1.092977, 0.674881, 0.968612, 0.174078, 0.177446, 0.214524, -0.224764, -0.950505, -0.125579, 0.958738, -0.255054),
      ["LeftUpperLeg"] = CFrame.new(-0.159049, -0.293533, -0.561835, 0.954325, 0.045386, 0.295302, -0.297537, 0.054704, 0.953142, 0.027105, -0.997471, 0.065710),
      ["LowerTorso"] = CFrame.new(0.206946, -1.558704, -0.000034, 0.955367, -0.264124, 0.132334, 0.261630, 0.964489, 0.036214, -0.137200, 0.000025, 0.990543),
      ["RightUpperArm"] = CFrame.new(-0.109668, -1.137904, 0.297437, -0.210451, -0.910110, 0.356946, 0.200141, -0.397500, -0.895509, 0.956898, -0.117022, 0.265805),
      ["RightUpperLeg"] = CFrame.new(-0.103329, -0.567842, -0.571266, 0.967135, -0.065881, 0.245581, -0.241407, 0.065321, 0.968223, -0.079829, -0.995687, 0.047271),
      ["рҹҢ§пёҸрҹҳірҹ‘»рҹҸіпёҸвҖҚрҹҢҲрҹҳӮрҹ’һрҹҸҙвҖҚвҳ пёҸрҹҺёрҹҢ§пёҸрҹҳірҹ‘»рҹҸіпёҸвҖҚрҹҢҲрҹҳӮрҹ’һрҹҸҙвҖҚвҳ"] = CFrame.new(-0.000000, -0.000000, 0.000000, 0.973631, -0.226285, -0.028954, 0.228130, 0.965741, 0.123699, -0.000029, -0.127042, 0.991897)
    }},
    { Time = 0.400, Data = {
      ["Head"] = CFrame.new(0.000000, 0.000000, 0.000000, 0.769129, -0.024095, 0.638639, -0.096834, 0.983358, 0.153720, -0.631715, -0.180073, 0.753996),
      ["LeftUpperArm"] = CFrame.new(0.276456, -1.090474, 0.675082, 0.969875, 0.171375, 0.173127, 0.209806, -0.226501, -0.951146, -0.123790, 0.958816, -0.255633),
      ["LeftUpperLeg"] = CFrame.new(-0.163041, -0.291075, -0.562126, 0.952717, 0.045077, 0.300496, -0.302708, 0.054811, 0.951506, 0.026420, -0.997479, 0.065865),
      ["LowerTorso"] = CFrame.new(0.207770, -1.557258, 0.000033, 0.953941, -0.269346, 0.132092, 0.266795, 0.963043, 0.036987, -0.137173, -0.000042, 0.990547),
      ["RightUpperArm"] = CFrame.new(-0.108714, -1.134765, 0.297923, -0.210840, -0.910898, 0.354698, 0.200086, -0.395387, -0.896457, 0.956824, -0.118039, 0.265622),
      ["RightUpperLeg"] = CFrame.new(-0.109711, -0.571241, -0.570869, 0.965707, -0.066468, 0.250981, -0.246714, 0.066209, 0.966824, -0.080880, -0.995589, 0.047540),
      ["рҹҢ§пёҸрҹҳірҹ‘»рҹҸіпёҸвҖҚрҹҢҲрҹҳӮрҹ’һрҹҸҙвҖҚвҳ пёҸрҹҺёрҹҢ§пёҸрҹҳірҹ‘»рҹҸіпёҸвҖҚрҹҢҲрҹҳӮрҹ’һрҹҸҙвҖҚвҳ"] = CFrame.new(-0.000000, -0.000000, 0.000000, 0.973620, -0.226153, -0.030299, 0.228174, 0.964993, 0.129328, -0.000010, -0.132830, 0.991139)
    }},
    { Time = 0.417, Data = {
      ["Head"] = CFrame.new(0.000000, 0.000000, 0.000000, 0.767645, -0.019917, 0.640566, -0.103919, 0.982421, 0.155081, -0.632394, -0.185614, 0.752080),
      ["LeftUpperArm"] = CFrame.new(0.277049, -1.087921, 0.675287, 0.971132, 0.168598, 0.168755, 0.205015, -0.228233, -0.951777, -0.121952, 0.958898, -0.256210),
      ["LeftUpperLeg"] = CFrame.new(-0.167122, -0.288587, -0.562425, 0.951042, 0.044785, 0.305799, -0.307990, 0.055001, 0.949798, 0.025717, -0.997481, 0.066102),
      ["LowerTorso"] = CFrame.new(0.208675, -1.555738, -0.000009, 0.952428, -0.274724, 0.131940, 0.272125, 0.961523, 0.037697, -0.137220, 0.000001, 0.990541),
      ["RightUpperArm"] = CFrame.new(-0.107893, -1.132113, 0.298354, -0.211119, -0.911540, 0.352880, 0.200026, -0.393667, -0.897227, 0.956775, -0.118836, 0.265442),
      ["RightUpperLeg"] = CFrame.new(-0.116189, -0.574687, -0.570526, 0.964227, -0.066915, 0.256494, -0.252133, 0.067181, 0.965358, -0.081828, -0.995494, 0.047906),
      ["рҹҢ§пёҸрҹҳірҹ‘»рҹҸіпёҸвҖҚрҹҢҲрҹҳӮрҹ’һрҹҸҙвҖҚвҳ пёҸрҹҺёрҹҢ§пёҸрҹҳірҹ‘»рҹҸіпёҸвҖҚрҹҢҲрҹҳӮрҹ’һрҹҸҙвҖҚвҳ"] = CFrame.new(-0.000000, -0.000000, 0.000000, 0.973629, -0.225931, -0.031637, 0.228136, 0.964231, 0.134955, 0.000014, -0.138614, 0.990346)
    }},
    { Time = 0.433, Data = {
      ["Head"] = CFrame.new(0.000000, 0.000000, 0.000000, 0.766120, -0.015753, 0.642504, -0.111003, 0.981433, 0.156423, -0.633039, -0.191159, 0.750147),
      ["LeftUpperArm"] = CFrame.new(0.277657, -1.085351, 0.675485, 0.972383, 0.165807, 0.164254, 0.200105, -0.230066, -0.952380, -0.120122, 0.958946, -0.256891),
      ["LeftUpperLeg"] = CFrame.new(-0.171272, -0.286050, -0.562753, 0.949319, 0.044432, 0.311157, -0.313321, 0.055179, 0.948043, 0.024954, -0.997487, 0.066304),
      ["LowerTorso"] = CFrame.new(0.209593, -1.554163, -0.000046, 0.950871, -0.280178, 0.131699, 0.277534, 0.959948, 0.038400, -0.137183, 0.000037, 0.990546),
      ["RightUpperArm"] = CFrame.new(-0.107230, -1.129905, 0.298707, -0.211301, -0.912111, 0.351292, 0.199935, -0.392142, -0.897914, 0.956754, -0.119494, 0.265223),
      ["RightUpperLeg"] = CFrame.new(-0.122743, -0.578192, -0.570162, 0.962693, -0.067433, 0.262058, -0.257609, 0.068022, 0.963852, -0.082822, -0.995402, 0.048113),
      ["рҹҢ§пёҸрҹҳірҹ‘»рҹҸіпёҸвҖҚрҹҢҲрҹҳӮрҹ’һрҹҸҙвҖҚвҳ пёҸрҹҺёрҹҢ§пёҸрҹҳірҹ‘»рҹҸіпёҸвҖҚрҹҢҲрҹҳӮрҹ’һрҹҸҙвҖҚвҳ"] = CFrame.new(-0.000000, -0.000000, -0.000000, 0.973618, -0.225785, -0.033000, 0.228184, 0.963391, 0.140748, 0.000013, -0.144565, 0.989495)
    }},
    { Time = 0.450, Data = {
      ["Head"] = CFrame.new(0.000000, -0.000000, -0.000000, 0.764488, -0.011482, 0.644536, -0.118284, 0.980367, 0.157762, -0.633694, -0.196845, 0.748121),
      ["LeftUpperArm"] = CFrame.new(0.278258, -1.082716, 0.675693, 0.973625, 0.162932, 0.159709, 0.195115, -0.231787, -0.952998, -0.118256, 0.959024, -0.257464),
      ["LeftUpperLeg"] = CFrame.new(-0.175494, -0.283511, -0.563081, 0.947526, 0.044079, 0.316625, -0.318761, 0.055321, 0.946219, 0.024192, -0.997495, 0.066468),
      ["LowerTorso"] = CFrame.new(0.210459, -1.552555, -0.000009, 0.949271, -0.285632, 0.131527, 0.282929, 0.958339, 0.039200, -0.137244, 0.000001, 0.990537),
      ["RightUpperArm"] = CFrame.new(-0.106706, -1.128197, 0.298988, -0.211457, -0.912530, 0.350108, 0.199896, -0.391014, -0.898415, 0.956727, -0.119991, 0.265094),
      ["RightUpperLeg"] = CFrame.new(-0.129356, -0.581742, -0.569822, 0.961115, -0.067872, 0.267676, -0.263134, 0.068956, 0.962292, -0.083771, -0.995308, 0.048415),
      ["рҹҢ§пёҸрҹҳірҹ‘»рҹҸіпёҸвҖҚрҹҢҲрҹҳӮрҹ’һрҹҸҙвҖҚвҳ пёҸрҹҺёрҹҢ§пёҸрҹҳірҹ‘»рҹҸіпёҸвҖҚрҹҢҲрҹҳӮрҹ’һрҹҸҙвҖҚвҳ"] = CFrame.new(-0.000000, -0.000000, 0.000000, 0.973626, -0.225548, -0.034356, 0.228149, 0.962536, 0.146538, 0.000018, -0.150511, 0.988608)
    }},
    { Time = 0.467, Data = {
      ["Head"] = CFrame.new(0.000000, -0.000000, 0.000000, 0.762877, -0.007299, 0.646502, -0.125475, 0.979254, 0.159116, -0.634251, -0.202506, 0.746135),
      ["LeftUpperArm"] = CFrame.new(0.278870, -1.080078, 0.675895, 0.974837, 0.160057, 0.155156, 0.190123, -0.233586, -0.953567, -0.116383, 0.959072, -0.258139),
      ["LeftUpperLeg"] = CFrame.new(-0.179761, -0.280923, -0.563407, 0.945701, 0.043724, 0.322085, -0.324194, 0.055449, 0.944364, 0.023432, -0.997504, 0.066613),
      ["LowerTorso"] = CFrame.new(0.211357, -1.550891, -0.000052, 0.947626, -0.291156, 0.131277, 0.288408, 0.956676, 0.039908, -0.137209, 0.000044, 0.990542),
      ["RightUpperArm"] = CFrame.new(-0.106332, -1.126961, 0.299157, -0.211671, -0.912835, 0.349181, 0.199845, -0.390153, -0.898800, 0.956691, -0.120468, 0.265010),
      ["RightUpperLeg"] = CFrame.new(-0.136003, -0.585319, -0.569453, 0.959483, -0.068368, 0.273348, -0.268711, 0.069877, 0.960683, -0.084781, -0.995210, 0.048674),
      ["рҹҢ§пёҸрҹҳірҹ‘»рҹҸіпёҸвҖҚрҹҢҲрҹҳӮрҹ’һрҹҸҙвҖҚвҳ пёҸрҹҺёрҹҢ§пёҸрҹҳірҹ‘»рҹҸіпёҸвҖҚрҹҢҲрҹҳӮрҹ’һрҹҸҙвҖҚвҳ"] = CFrame.new(-0.000000, -0.000000, 0.000000, 0.973634, -0.225303, -0.035721, 0.228117, 0.961631, 0.152409, 0.000012, -0.156539, 0.987672)
    }},
    { Time = 0.483, Data = {
      ["Head"] = CFrame.new(0.000000, -0.000000, 0.000000, 0.761160, -0.003060, 0.648556, -0.132752, 0.978082, 0.160416, -0.634832, -0.208200, 0.744071),
      ["LeftUpperArm"] = CFrame.new(0.279487, -1.077415, 0.676097, 0.976020, 0.157173, 0.150604, 0.185125, -0.235358, -0.954115, -0.114515, 0.959116, -0.258811),
      ["LeftUpperLeg"] = CFrame.new(-0.184062, -0.278302, -0.563741, 0.943842, 0.043387, 0.327535, -0.329619, 0.055680, 0.942471, 0.022654, -0.997506, 0.066854),
      ["LowerTorso"] = CFrame.new(0.212229, -1.549193, -0.000010, 0.945948, -0.296678, 0.131012, 0.293873, 0.954978, 0.040700, -0.137188, 0.000001, 0.990545),
      ["RightUpperArm"] = CFrame.new(-0.106096, -1.126248, 0.299277, -0.211778, -0.912976, 0.348746, 0.199850, -0.389755, -0.898972, 0.956666, -0.120686, 0.265000),
      ["RightUpperLeg"] = CFrame.new(-0.142663, -0.588906, -0.569054, 0.957794, -0.068921, 0.279072, -0.274337, 0.070783, 0.959025, -0.085850, -0.995108, 0.048888),
      ["рҹҢ§пёҸрҹҳірҹ‘»рҹҸіпёҸвҖҚрҹҢҲрҹҳӮрҹ’һрҹҸҙвҖҚвҳ пёҸрҹҺёрҹҢ§пёҸрҹҳірҹ‘»рҹҸіпёҸвҖҚрҹҢҲрҹҳӮрҹ’һрҹҸҙвҖҚвҳ"] = CFrame.new(-0.000000, 0.000000, -0.000000, 0.973621, -0.225136, -0.037092, 0.228171, 0.960670, 0.158274, -0.000000, -0.162562, 0.986698)
    }},
    { Time = 0.500, Data = {
      ["Head"] = CFrame.new(0.000000, -0.000000, 0.000000, 0.759455, 0.001222, 0.650559, -0.140130, 0.976832, 0.161751, -0.635289, -0.214006, 0.742030),
      ["LeftUpperArm"] = CFrame.new(0.280102, -1.074741, 0.676298, 0.977193, 0.154266, 0.145931, 0.180000, -0.237121, -0.954659, -0.112668, 0.959154, -0.259481),
      ["LeftUpperLeg"] = CFrame.new(-0.188400, -0.275692, -0.564035, 0.941929, 0.043089, 0.333037, -0.335094, 0.055758, 0.940533, 0.021957, -0.997514, 0.066959),
      ["LowerTorso"] = CFrame.new(0.213079, -1.547462, 0.000033, 0.944238, -0.302193, 0.130743, 0.299331, 0.953247, 0.041490, -0.137168, -0.000041, 0.990548),
      ["RightUpperArm"] = CFrame.new(-0.106024, -1.125993, 0.299314, -0.211790, -0.913051, 0.348544, 0.199824, -0.389556, -0.899064, 0.956669, -0.120766, 0.264953),
      ["RightUpperLeg"] = CFrame.new(-0.149338, -0.592545, -0.568678, 0.956092, -0.069395, 0.284732, -0.279894, 0.071794, 0.957343, -0.086876, -0.995003, 0.049218),
      ["рҹҢ§пёҸрҹҳірҹ‘»рҹҸіпёҸвҖҚрҹҢҲрҹҳӮрҹ’һрҹҸҙвҖҚвҳ пёҸрҹҺёрҹҢ§пёҸрҹҳірҹ‘»рҹҸіпёҸвҖҚрҹҢҲрҹҳӮрҹ’һрҹҸҙвҖҚвҳ"] = CFrame.new(-0.000000, -0.000000, 0.000000, 0.973628, -0.224877, -0.038465, 0.228143, 0.959678, 0.164221, -0.000016, -0.168666, 0.985673)
    }},
    { Time = 0.517, Data = {
      ["Head"] = CFrame.new(0.000000, 0.000000, 0.000000, 0.757713, 0.005437, 0.652566, -0.147395, 0.975551, 0.163017, -0.635725, -0.219705, 0.739989),
      ["LeftUpperArm"] = CFrame.new(0.280702, -1.072060, 0.676500, 0.978333, 0.151297, 0.141327, 0.174920, -0.238857, -0.955171, -0.110757, 0.959196, -0.260147),
      ["LeftUpperLeg"] = CFrame.new(-0.192752, -0.273076, -0.564398, 0.939986, 0.042689, 0.338532, -0.340558, 0.055961, 0.938557, 0.021122, -0.997520, 0.067141),
      ["LowerTorso"] = CFrame.new(0.213917, -1.545701, -0.000023, 0.942484, -0.307695, 0.130569, 0.304786, 0.951485, 0.042208, -0.137221, 0.000015, 0.990540),
      ["RightUpperArm"] = CFrame.new(-0.106096, -1.126248, 0.299277, -0.211778, -0.912976, 0.348746, 0.199850, -0.389755, -0.898972, 0.956666, -0.120686, 0.265000),
      ["RightUpperLeg"] = CFrame.new(-0.155984, -0.596158, -0.568280, 0.954333, -0.069942, 0.290441, -0.285506, 0.072673, 0.955618, -0.087945, -0.994900, 0.049385),
