return {
  ["Astros hump 11"] = {
    { Time = 0.000, Data = {
      ["Balls"] = CFrame.new(0.000000, 0.000000, 0.000000, 0.998827, 0.048412, 0.000000, -0.048412, 0.998827, -0.000000, -0.000000, 0.000000, 1.000000),
      ["Cock"] = CFrame.new(-0.005580, -0.073104, 0.000000, 0.886416, 0.450847, 0.104901, -0.442082, 0.891727, -0.096887, -0.137224, 0.039507, 0.989752),
      ["Head"] = CFrame.new(-0.000058, 0.014707, -0.000378, 0.987995, 0.025040, 0.152442, -0.029346, 0.999230, 0.026059, -0.151672, -0.030220, 0.987969),
      ["LeftUpperArm"] = CFrame.new(0.056681, -0.366331, -0.079542, 0.954824, -0.246620, 0.165803, 0.243335, 0.328563, -0.912598, 0.170588, 0.911716, 0.373731),
      ["LeftUpperLeg"] = CFrame.new(-0.040897, -0.003529, -0.208926, 0.986186, 0.126118, 0.107382, -0.116954, 0.989252, -0.087766, -0.117297, 0.073995, 0.990336),
      ["LowerTorso"] = CFrame.new(-0.000000, -0.012812, 1.036737, 1.000000, -0.000000, 0.000000, 0.000000, 0.997102, 0.076081, -0.000000, -0.076081, 0.997102),
      ["RightUpperArm"] = CFrame.new(-0.082653, -0.171988, 0.042932, 0.992727, -0.004340, -0.120306, 0.019907, 0.991509, 0.128502, 0.118727, -0.129962, 0.984385),
      ["RightUpperLeg"] = CFrame.new(0.040897, -0.003529, -0.208918, 0.986186, -0.126118, -0.107382, 0.116954, 0.989252, -0.087766, 0.117297, 0.073995, 0.990336)
    }},
    { Time = 0.017, Data = {
      ["Balls"] = CFrame.new(-0.000000, 0.000000, 0.000000, 0.998861, 0.047722, 0.000000, -0.047722, 0.998861, -0.000000, -0.000000, 0.000000, 1.000000),
      ["Cock"] = CFrame.new(-0.005580, -0.073104, 0.000000, 0.886041, 0.451425, 0.105581, -0.442584, 0.891436, -0.097264, -0.138026, 0.039451, 0.989643),
      ["Head"] = CFrame.new(-0.000058, 0.014707, -0.000378, 0.987995, 0.025007, 0.152448, -0.029379, 0.999217, 0.026489, -0.151666, -0.030650, 0.987956),
      ["LeftUpperArm"] = CFrame.new(0.056664, -0.366260, -0.079372, 0.954824, -0.246642, 0.165769, 0.243455, 0.329335, -0.912287, 0.170414, 0.911431, 0.374503),
      ["LeftUpperLeg"] = CFrame.new(-0.040903, -0.003557, -0.208068, 0.986176, 0.126148, 0.107444, -0.117100, 0.989325, -0.086741, -0.117239, 0.072960, 0.990420),
      ["LowerTorso"] = CFrame.new(-0.000000, -0.012878, 1.035299, 1.000000, -0.000000, 0.000000, 0.000000, 0.997167, 0.075219, -0.000000, -0.075219, 0.997167),
      ["RightUpperArm"] = CFrame.new(-0.082633, -0.171982, 0.042978, 0.992728, -0.004264, -0.120300, 0.019811, 0.991533, 0.128336, 0.118734, -0.129786, 0.984407),
      ["RightUpperLeg"] = CFrame.new(0.040902, -0.003556, -0.208061, 0.986176, -0.126148, -0.107444, 0.117100, 0.989325, -0.086741, 0.117239, 0.072960, 0.990420)
    }},
    { Time = 0.033, Data = {
      ["Balls"] = CFrame.new(0.000000, 0.000000, 0.000000, 0.998953, 0.045739, 0.000000, -0.045739, 0.998953, -0.000000, -0.000000, 0.000000, 1.000000),
      ["Cock"] = CFrame.new(-0.005580, -0.073104, 0.000000, 0.884880, 0.453238, 0.107533, -0.444172, 0.890523, -0.098383, -0.140352, 0.039294, 0.989322),
      ["Head"] = CFrame.new(-0.000058, 0.014707, -0.000378, 0.987997, 0.024822, 0.152463, -0.029391, 0.999182, 0.027787, -0.151648, -0.031934, 0.987919),
      ["LeftUpperArm"] = CFrame.new(0.056639, -0.366024, -0.078866, 0.954825, -0.246620, 0.165795, 0.243922, 0.331747, -0.911288, 0.169740, 0.910562, 0.376916),
      ["LeftUpperLeg"] = CFrame.new(-0.040899, -0.003606, -0.205359, 0.986184, 0.126133, 0.107387, -0.117475, 0.989561, -0.083474, -0.116795, 0.069705, 0.990707),
      ["LowerTorso"] = CFrame.new(-0.000000, -0.013063, 1.031073, 1.000000, -0.000000, 0.000000, 0.000000, 0.997352, 0.072721, -0.000000, -0.072721, 0.997352),
      ["RightUpperArm"] = CFrame.new(-0.082601, -0.171955, 0.043183, 0.992731, -0.004139, -0.120287, 0.019593, 0.991635, 0.127576, 0.118753, -0.129005, 0.984508),
      ["RightUpperLeg"] = CFrame.new(0.040898, -0.003606, -0.205352, 0.986184, -0.126133, -0.107387, 0.117475, 0.989561, -0.083474, 0.116795, 0.069705, 0.990707)
    }},
    { Time = 0.050, Data = {
      ["Balls"] = CFrame.new(0.000000, 0.000000, 0.000000, 0.999105, 0.042288, 0.000000, -0.042288, 0.999105, -0.000000, -0.000000, 0.000000, 1.000000),
      ["Cock"] = CFrame.new(-0.005580, -0.073104, 0.000000, 0.882916, 0.456286, 0.110731, -0.446833, 0.888973, -0.100335, -0.144218, 0.039109, 0.988773),
      ["Head"] = CFrame.new(-0.000058, 0.014707, -0.000378, 0.987989, 0.024484, 0.152572, -0.029384, 0.999119, 0.029949, -0.151705, -0.034073, 0.987838),
      ["LeftUpperArm"] = CFrame.new(0.056583, -0.365675, -0.078014, 0.954826, -0.246634, 0.165767, 0.244616, 0.335595, -0.909692, 0.168730, 0.909147, 0.380766),
      ["LeftUpperLeg"] = CFrame.new(-0.040895, -0.003672, -0.200885, 0.986191, 0.126081, 0.107383, -0.118069, 0.989939, -0.077974, -0.116134, 0.064218, 0.991155),
      ["LowerTorso"] = CFrame.new(-0.000000, -0.013362, 1.023971, 1.000000, -0.000000, 0.000000, 0.000000, 0.997651, 0.068499, -0.000000, -0.068499, 0.997651),
      ["RightUpperArm"] = CFrame.new(-0.082551, -0.171917, 0.043480, 0.992734, -0.003949, -0.120268, 0.019268, 0.991782, 0.126478, 0.118780, -0.127876, 0.984652),
      ["RightUpperLeg"] = CFrame.new(0.040895, -0.003672, -0.200878, 0.986191, -0.126081, -0.107383, 0.118069, 0.989939, -0.077974, 0.116134, 0.064218, 0.991155)
    }},
    { Time = 0.067, Data = {
      ["Balls"] = CFrame.new(-0.000000, 0.000000, 0.000000, 0.999295, 0.037543, 0.000000, -0.037543, 0.999295, -0.000000, -0.000000, 0.000000, 1.000000),
      ["Cock"] = CFrame.new(-0.005580, -0.073104, 0.000000, 0.880162, 0.460479, 0.115210, -0.450488, 0.886826, -0.102960, -0.149582, 0.038720, 0.987991),
      ["Head"] = CFrame.new(-0.000058, 0.014706, -0.000378, 0.987996, 0.023988, 0.152606, -0.029363, 0.999022, 0.033066, -0.151664, -0.037150, 0.987734),
      ["LeftUpperArm"] = CFrame.new(0.056486, -0.365172, -0.076839, 0.954801, -0.246721, 0.165779, 0.245669, 0.341033, -0.907383, 0.167334, 0.907097, 0.386231),
      ["LeftUpperLeg"] = CFrame.new(-0.040898, -0.003793, -0.194650, 0.986186, 0.126086, 0.107420, -0.118955, 0.990400, -0.070414, -0.115267, 0.056663, 0.991717),
      ["LowerTorso"] = CFrame.new(-0.000000, -0.013747, 1.014079, 1.000000, -0.000000, 0.000000, 0.000000, 0.998036, 0.062639, -0.000000, -0.062639, 0.998036),
      ["RightUpperArm"] = CFrame.new(-0.082464, -0.171861, 0.043914, 0.992739, -0.003618, -0.120238, 0.018740, 0.991995, 0.124877, 0.118824, -0.126223, 0.984860),
      ["RightUpperLeg"] = CFrame.new(0.040897, -0.003793, -0.194643, 0.986186, -0.126086, -0.107420, 0.118955, 0.990400, -0.070414, 0.115267, 0.056663, 0.991717)
    }},
    { Time = 0.083, Data = {
      ["Balls"] = CFrame.new(-0.000000, -0.000000, 0.000000, 0.999506, 0.031417, 0.000000, -0.031417, 0.999506, -0.000000, -0.000000, 0.000000, 1.000000),
      ["Cock"] = CFrame.new(-0.005580, -0.073104, 0.000000, 0.876525, 0.465896, 0.121017, -0.455190, 0.884016, -0.106384, -0.156545, 0.038162, 0.986933),
      ["Head"] = CFrame.new(-0.000058, 0.014707, -0.000378, 0.987990, 0.023430, 0.152733, -0.029402, 0.998884, 0.036955, -0.151697, -0.041002, 0.987576),
      ["LeftUpperArm"] = CFrame.new(0.056388, -0.364535, -0.075333, 0.954802, -0.246738, 0.165751, 0.246929, 0.347995, -0.904393, 0.165468, 0.904444, 0.393193),
      ["LeftUpperLeg"] = CFrame.new(-0.040901, -0.003973, -0.186600, 0.986179, 0.126135, 0.107428, -0.120146, 0.990909, -0.060531, -0.114087, 0.046787, 0.992368),
      ["LowerTorso"] = CFrame.new(-0.000000, -0.014194, 1.001308, 1.000000, -0.000000, 0.000000, 0.000000, 0.998483, 0.055053, -0.000000, -0.055053, 0.998483),
      ["RightUpperArm"] = CFrame.new(-0.082361, -0.171792, 0.044462, 0.992744, -0.003227, -0.120202, 0.018101, 0.992260, 0.122852, 0.118875, -0.124137, 0.985119),
      ["RightUpperLeg"] = CFrame.new(0.040901, -0.003974, -0.186594, 0.986179, -0.126135, -0.107428, 0.120146, 0.990909, -0.060531, 0.114087, 0.046787, 0.992368)
    }},
    { Time = 0.100, Data = {
      ["Balls"] = CFrame.new(0.000000, 0.000000, 0.000000, 0.999712, 0.023996, 0.000000, -0.023996, 0.999712, -0.000000, -0.000000, 0.000000, 1.000000),
      ["Cock"] = CFrame.new(-0.005580, -0.073104, 0.000000, 0.872019, 0.472453, 0.127952, -0.460840, 0.880556, -0.110667, -0.164954, 0.037538, 0.985587),
      ["Head"] = CFrame.new(-0.000058, 0.014707, -0.000378, 0.987988, 0.022628, 0.152866, -0.029341, 0.998695, 0.041804, -0.151721, -0.045787, 0.987362),
      ["LeftUpperArm"] = CFrame.new(0.056266, -0.363750, -0.073517, 0.954801, -0.246763, 0.165721, 0.248463, 0.356523, -0.900643, 0.163162, 0.901110, 0.401720),
      ["LeftUpperLeg"] = CFrame.new(-0.040901, -0.004161, -0.176740, 0.986180, 0.126157, 0.107397, -0.121535, 0.991398, -0.048574, -0.112602, 0.034850, 0.993029),
      ["LowerTorso"] = CFrame.new(-0.000000, -0.014664, 0.985658, 1.000000, -0.000000, 0.000000, 0.000000, 0.998953, 0.045739, -0.000000, -0.045739, 0.998953),
      ["RightUpperArm"] = CFrame.new(-0.082221, -0.171706, 0.045148, 0.992751, -0.002695, -0.120156, 0.017258, 0.992585, 0.120324, 0.118941, -0.121525, 0.985436),
      ["RightUpperLeg"] = CFrame.new(0.040900, -0.004162, -0.176735, 0.986180, -0.126157, -0.107397, 0.121535, 0.991398, -0.048574, 0.112602, 0.034850, 0.993029)
    }},
    { Time = 0.117, Data = {
      ["Balls"] = CFrame.new(0.000000, -0.000000, 0.000000, 0.999885, 0.015192, 0.000000, -0.015192, 0.999885, -0.000000, -0.000000, 0.000000, 1.000000),
      ["Cock"] = CFrame.new(-0.005580, -0.073104, 0.000000, 0.866558, 0.480138, 0.136180, -0.467409, 0.876425, -0.115792, -0.174948, 0.036689, 0.983894),
      ["Head"] = CFrame.new(-0.000058, 0.014706, -0.000378, 0.987999, 0.021761, 0.152920, -0.029345, 0.998440, 0.047512, -0.151647, -0.051429, 0.987096),
      ["LeftUpperArm"] = CFrame.new(0.056123, -0.362852, -0.071390, 0.954797, -0.246788, 0.165706, 0.250253, 0.366491, -0.896135, 0.160426, 0.897095, 0.411684),
      ["LeftUpperLeg"] = CFrame.new(-0.040902, -0.004356, -0.165105, 0.986178, 0.126149, 0.107425, -0.123123, 0.991796, -0.034376, -0.110881, 0.020674, 0.993619),
      ["LowerTorso"] = CFrame.new(-0.000000, -0.015105, 0.967213, 1.000000, -0.000000, 0.000000, 0.000000, 0.999395, 0.034783, -0.000000, -0.034783, 0.999395),
      ["RightUpperArm"] = CFrame.new(-0.082065, -0.171609, 0.045949, 0.992759, -0.002103, -0.120106, 0.016304, 0.992954, 0.117371, 0.119013, -0.118479, 0.985798),
      ["RightUpperLeg"] = CFrame.new(0.040901, -0.004357, -0.165101, 0.986178, -0.126149, -0.107425, 0.123123, 0.991796, -0.034376, 0.110881, 0.020674, 0.993619)
    }},
    { Time = 0.133, Data = {
      ["Balls"] = CFrame.new(0.000000, 0.000000, 0.000000, 0.999988, 0.004920, 0.000000, -0.004920, 0.999988, -0.000000, -0.000000, 0.000000, 1.000000),
      ["Cock"] = CFrame.new(-0.005580, -0.073104, 0.000000, 0.860039, 0.489011, 0.145609, -0.474956, 0.871555, -0.121693, -0.186415, 0.035503, 0.981829),
      ["Head"] = CFrame.new(-0.000058, 0.014706, -0.000378, 0.987999, 0.020739, 0.153062, -0.029330, 0.998106, 0.054084, -0.151651, -0.057925, 0.986735),
      ["LeftUpperArm"] = CFrame.new(0.055956, -0.361827, -0.068974, 0.954789, -0.246825, 0.165697, 0.252295, 0.377951, -0.890786, 0.157243, 0.892317, 0.423136),
      ["LeftUpperLeg"] = CFrame.new(-0.040900, -0.004552, -0.151651, 0.986182, 0.126115, 0.107423, -0.124897, 0.992006, -0.018016, -0.108836, 0.004350, 0.994050),
      ["LowerTorso"] = CFrame.new(-0.000000, -0.015465, 0.945888, 1.000000, -0.000000, 0.000000, 0.000000, 0.999756, 0.022097, -0.000000, -0.022097, 0.999756),
      ["RightUpperArm"] = CFrame.new(-0.081895, -0.171499, 0.046886, 0.992766, -0.001456, -0.120053, 0.015232, 0.993374, 0.113908, 0.119092, -0.114913, 0.986211),
      ["RightUpperLeg"] = CFrame.new(0.040899, -0.004553, -0.151647, 0.986182, -0.126115, -0.107423, 0.124897, 0.992006, -0.018016, 0.108836, 0.004350, 0.994050)
    }},
    { Time = 0.150, Data = {
      ["Balls"] = CFrame.new(0.000000, -0.000000, 0.000000, 0.999978, -0.006560, 0.000000, 0.006560, 0.999978, 0.000000, 0.000000, 0.000000, 1.000000),
      ["Cock"] = CFrame.new(-0.005580, -0.073104, 0.000000, 0.852420, 0.498991, 0.156169, -0.483349, 0.865936, -0.128565, -0.199385, 0.034107, 0.979327),
      ["Head"] = CFrame.new(-0.000058, 0.014707, -0.000378, 0.987985, 0.019647, 0.153293, -0.029384, 0.997674, 0.061513, -0.151728, -0.065278, 0.986264),
      ["LeftUpperArm"] = CFrame.new(0.055764, -0.360686, -0.066282, 0.954776, -0.246875, 0.165700, 0.254575, 0.390859, -0.884545, 0.153606, 0.886726, 0.436031),
      ["LeftUpperLeg"] = CFrame.new(-0.040900, -0.004788, -0.136370, 0.986182, 0.126141, 0.107398, -0.126938, 0.991911, 0.000586, -0.106455, -0.014210, 0.994216),
      ["LowerTorso"] = CFrame.new(-0.000000, -0.015679, 0.921767, 1.000000, -0.000000, 0.000000, 0.000000, 0.999970, 0.007769, -0.000000, -0.007769, 0.999970),
      ["RightUpperArm"] = CFrame.new(-0.081686, -0.171379, 0.047939, 0.992775, -0.000663, -0.119993, 0.013962, 0.993831, 0.110026, 0.119179, -0.110907, 0.986659),
      ["RightUpperLeg"] = CFrame.new(0.040899, -0.004791, -0.136367, 0.986182, -0.126141, -0.107398, 0.126938, 0.991911, 0.000586, 0.106455, -0.014210, 0.994216)
    }},
    { Time = 0.167, Data = {
      ["Balls"] = CFrame.new(0.000000, 0.000000, 0.000000, 0.999810, -0.019508, 0.000000, 0.019508, 0.999810, 0.000000, 0.000000, 0.000000, 1.000000),
      ["Cock"] = CFrame.new(-0.005580, -0.073104, 0.000000, 0.843608, 0.510052, 0.167846, -0.492550, 0.859534, -0.136364, -0.213822, 0.032365, 0.976336),
      ["Head"] = CFrame.new(-0.000058, 0.014707, -0.000378, 0.987989, 0.018318, 0.153435, -0.029329, 0.997129, 0.069813, -0.151716, -0.073474, 0.985690),
      ["LeftUpperArm"] = CFrame.new(0.055552, -0.359413, -0.063342, 0.954782, -0.246924, 0.165589, 0.256970, 0.405277, -0.877335, 0.149526, 0.880215, 0.450403),
      ["LeftUpperLeg"] = CFrame.new(-0.040903, -0.005013, -0.119307, 0.986177, 0.126154, 0.107428, -0.129137, 0.991399, 0.021251, -0.103823, -0.034830, 0.993986),
      ["LowerTorso"] = CFrame.new(-0.000000, -0.015675, 0.894767, 1.000000, 0.000000, 0.000000, 0.000000, 0.999966, -0.008287, 0.000000, 0.008287, 0.999966),
      ["RightUpperArm"] = CFrame.new(-0.081462, -0.171252, 0.049106, 0.992782, 0.000190, -0.119931, 0.012581, 0.994316, 0.105719, 0.119270, -0.106465, 0.987137),
      ["RightUpperLeg"] = CFrame.new(0.040901, -0.005015, -0.119305, 0.986177, -0.126154, -0.107428, 0.129137, 0.991399, 0.021251, 0.103823, -0.034830, 0.993986)
    }},
    { Time = 0.183, Data = {
      ["Balls"] = CFrame.new(0.000000, -0.000000, 0.000000, 0.999430, -0.033747, 0.000000, 0.033747, 0.999430, 0.000000, 0.000000, 0.000000, 1.000000),
      ["Cock"] = CFrame.new(-0.005580, -0.073104, 0.000000, 0.833544, 0.522091, 0.180626, -0.502444, 0.852357, -0.145042, -0.229683, 0.030144, 0.972799),
      ["Head"] = CFrame.new(-0.000058, 0.014706, -0.000378, 0.987992, 0.016922, 0.153576, -0.029341, 0.996445, 0.078967, -0.151694, -0.082525, 0.984977),
      ["LeftUpperArm"] = CFrame.new(0.055328, -0.358078, -0.060143, 0.954779, -0.246938, 0.165587, 0.259605, 0.420936, -0.869148, 0.144924, 0.872831, 0.466007),
      ["LeftUpperLeg"] = CFrame.new(-0.040903, -0.005224, -0.100405, 0.986176, 0.126145, 0.107449, -0.131496, 0.990329, 0.044236, -0.100830, -0.057754, 0.993226),
      ["LowerTorso"] = CFrame.new(-0.000000, -0.015371, 0.864977, 1.000000, 0.000000, 0.000000, 0.000000, 0.999662, -0.025981, 0.000000, 0.025981, 0.999662),
      ["RightUpperArm"] = CFrame.new(-0.081223, -0.171115, 0.050410, 0.992789, 0.001099, -0.119870, 0.011081, 0.994835, 0.100900, 0.119362, -0.101501, 0.987649),
      ["RightUpperLeg"] = CFrame.new(0.040902, -0.005228, -0.100404, 0.986176, -0.126145, -0.107449, 0.131496, 0.990329, 0.044236, 0.100830, -0.057754, 0.993226)
    }},
    { Time = 0.200, Data = {
      ["Balls"] = CFrame.new(0.000000, 0.000000, 0.000000, 0.998781, -0.049361, 0.000000, 0.049361, 0.998781, 0.000000, 0.000000, 0.000000, 1.000000),
      ["Cock"] = CFrame.new(-0.005580, -0.073104, 0.000000, 0.822089, 0.535171, 0.194327, -0.513036, 0.844294, -0.154795, -0.246911, 0.027559, 0.968646),
      ["Head"] = CFrame.new(-0.000058, 0.014707, -0.000378, 0.987996, 0.015365, 0.153710, -0.029340, 0.995593, 0.089067, -0.151664, -0.092507, 0.984094),
      ["LeftUpperArm"] = CFrame.new(0.055062, -0.356629, -0.056743, 0.954766, -0.247035, 0.165518, 0.262394, 0.438040, -0.859809, 0.139900, 0.864346, 0.483046),
      ["LeftUpperLeg"] = CFrame.new(-0.040903, -0.005408, -0.079667, 0.986177, 0.126132, 0.107448, -0.133984, 0.988560, 0.069269, -0.097481, -0.082708, 0.991795),
      ["LowerTorso"] = CFrame.new(-0.000000, -0.014677, 0.832315, 1.000000, 0.000000, 0.000000, 0.000000, 0.998969, -0.045394, 0.000000, 0.045394, 0.998969),
      ["RightUpperArm"] = CFrame.new(-0.080946, -0.170973, 0.051853, 0.992795, 0.002149, -0.119807, 0.009379, 0.995378, 0.095575, 0.119458, -0.096010, 0.988186),
      ["RightUpperLeg"] = CFrame.new(0.040901, -0.005413, -0.079668, 0.986177, -0.126132, -0.107448, 0.133984, 0.988560, 0.069269, 0.097481, -0.082708, 0.991795)
    }},
    { Time = 0.217, Data = {
      ["Balls"] = CFrame.new(0.000000, -0.000000, 0.000000, 0.997820, -0.066000, 0.000000, 0.066000, 0.997820, 0.000000, 0.000000, 0.000000, 1.000000),
      ["Cock"] = CFrame.new(-0.005580, -0.073104, 0.000000, 0.809380, 0.548932, 0.208752, -0.524016, 0.835510, -0.165316, -0.265162, 0.024414, 0.963895),
      ["Head"] = CFrame.new(-0.000058, 0.014707, -0.000378, 0.987987, 0.013743, 0.153924, -0.029403, 0.994560, 0.099930, -0.151713, -0.103255, 0.983017),
      ["LeftUpperArm"] = CFrame.new(0.054787, -0.355128, -0.053219, 0.954767, -0.247104, 0.165405, 0.265211, 0.456099, -0.849492, 0.134472, 0.854935, 0.501003),
      ["LeftUpperLeg"] = CFrame.new(-0.040901, -0.005570, -0.057516, 0.986181, 0.126140, 0.107406, -0.136567, 0.985969, 0.095989, -0.093791, -0.109331, 0.989571),
      ["LowerTorso"] = CFrame.new(-0.000000, -0.013522, 0.797510, 1.000000, 0.000000, 0.000000, 0.000000, 0.997814, -0.066087, 0.000000, 0.066087, 0.997814),
      ["RightUpperArm"] = CFrame.new(-0.080653, -0.170830, 0.053388, 0.992799, 0.003265, -0.119746, 0.007569, 0.995921, 0.089908, 0.119551, -0.090167, 0.988725),
      ["RightUpperLeg"] = CFrame.new(0.040899, -0.005576, -0.057518, 0.986181, -0.126140, -0.107406, 0.136567, 0.985969, 0.095989, 0.093791, -0.109331, 0.989571)
    }},
    { Time = 0.233, Data = {
      ["Balls"] = CFrame.new(0.000000, -0.000000, 0.000000, 0.996666, -0.081593, 0.000000, 0.081593, 0.996666, 0.000000, 0.000000, 0.000000, 1.000000),
      ["Cock"] = CFrame.new(-0.005580, -0.073104, 0.000000, 0.797020, 0.561641, 0.222079, -0.533977, 0.827110, -0.175379, -0.282183, 0.021195, 0.959126),
      ["Head"] = CFrame.new(-0.000058, 0.014707, -0.000378, 0.987994, 0.011879, 0.154035, -0.029364, 0.993303, 0.111741, -0.151676, -0.114922, 0.981727),
      ["LeftUpperArm"] = CFrame.new(0.054539, -0.353779, -0.049991, 0.954762, -0.247130, 0.165400, 0.267813, 0.472822, -0.839473, 0.129254, 0.845793, 0.517617),
      ["LeftUpperLeg"] = CFrame.new(-0.040899, -0.005645, -0.036733, 0.986185, 0.126081, 0.107436, -0.138837, 0.982902, 0.120943, -0.090351, -0.134188, 0.986828),
      ["LowerTorso"] = CFrame.new(-0.000000, -0.012048, 0.764881, 1.000000, 0.000000, 0.000000, 0.000000, 0.996341, -0.085467, 0.000000, 0.085467, 0.996341),
      ["RightUpperArm"] = CFrame.new(-0.080322, -0.170686, 0.055062, 0.992801, 0.004522, -0.119687, 0.005555, 0.996473, 0.083735, 0.119644, -0.083797, 0.989274),
      ["RightUpperLeg"] = CFrame.new(0.040896, -0.005652, -0.036737, 0.986185, -0.126081, -0.107436, 0.138837, 0.982902, 0.120943, 0.090351, -0.134188, 0.986828)
    }},
    { Time = 0.250, Data = {
      ["Balls"] = CFrame.new(0.000000, -0.000000, 0.000000, 0.995401, -0.095793, 0.000000, 0.095793, 0.995401, 0.000000, 0.000000, 0.000000, 1.000000),
      ["Cock"] = CFrame.new(-0.005580, -0.073104, 0.000000, 0.785359, 0.573079, 0.234074, -0.542790, 0.819302, -0.184728, -0.297641, 0.018024, 0.954508),
      ["Head"] = CFrame.new(-0.000058, 0.014707, -0.000378, 0.987987, 0.009941, 0.154219, -0.029396, 0.991797, 0.124394, -0.151717, -0.127433, 0.980175),
      ["LeftUpperArm"] = CFrame.new(0.054299, -0.352590, -0.047124, 0.954755, -0.247204, 0.165324, 0.270065, 0.487928, -0.830055, 0.124527, 0.837148, 0.532613),
      ["LeftUpperLeg"] = CFrame.new(-0.040903, -0.005735, -0.017708, 0.986177, 0.126154, 0.107427, -0.140950, 0.979545, 0.143615, -0.087112, -0.156771, 0.983786),
      ["LowerTorso"] = CFrame.new(-0.000000, -0.010378, 0.735148, 1.000000, 0.000000, 0.000000, 0.000000, 0.994671, -0.103103, 0.000000, 0.103103, 0.994671),
      ["RightUpperArm"] = CFrame.new(-0.080000, -0.170542, 0.056872, 0.992811, 0.005746, -0.119553, 0.003507, 0.997022, 0.077043, 0.119639, -0.076908, 0.989834),
      ["RightUpperLeg"] = CFrame.new(0.040900, -0.005741, -0.017713, 0.986177, -0.126154, -0.107427, 0.140950, 0.979545, 0.143615, 0.087112, -0.156771, 0.983786)
    }},
    { Time = 0.267, Data = {
      ["Balls"] = CFrame.new(0.000000, -0.000000, 0.000000, 0.994085, -0.108605, 0.000000, 0.108605, 0.994085, 0.000000, 0.000000, 0.000000, 1.000000),
      ["Cock"] = CFrame.new(-0.005580, -0.073104, 0.000000, 0.774489, 0.583344, 0.244697, -0.550590, 0.812087, -0.193299, -0.311475, 0.014981, 0.950136),
      ["Head"] = CFrame.new(-0.000058, 0.014706, -0.000378, 0.987993, 0.007928, 0.154293, -0.029333, 0.990143, 0.136954, -0.151686, -0.139835, 0.978487),
      ["LeftUpperArm"] = CFrame.new(0.054093, -0.351566, -0.044577, 0.954747, -0.247232, 0.165331, 0.272064, 0.501398, -0.821329, 0.120162, 0.829142, 0.545972),
      ["LeftUpperLeg"] = CFrame.new(-0.040900, -0.005722, -0.000497, 0.986183, 0.126089, 0.107447, -0.142675, 0.976071, 0.164103, -0.084184, -0.177166, 0.980574),
      ["LowerTorso"] = CFrame.new(-0.000000, -0.008591, 0.708223, 1.000000, 0.000000, 0.000000, 0.000000, 0.992884, -0.119085, 0.000000, 0.119085, 0.992884),
      ["RightUpperArm"] = CFrame.new(-0.079655, -0.170411, 0.058684, 0.992808, 0.007059, -0.119511, 0.001376, 0.997521, 0.070353, 0.119711, -0.070011, 0.990337),
      ["RightUpperLeg"] = CFrame.new(0.040897, -0.005729, -0.000503, 0.986183, -0.126089, -0.107447, 0.142675, 0.976071, 0.164103, 0.084184, -0.177166, 0.980574)
    }},
    { Time = 0.283, Data = {
      ["Balls"] = CFrame.new(0.000000, -0.000000, 0.000000, 0.992760, -0.120115, 0.000000, 0.120115, 0.992760, 0.000000, 0.000000, 0.000000, 1.000000),
      ["Cock"] = CFrame.new(-0.005580, -0.073104, 0.000001, 0.764542, 0.592385, 0.254078, -0.557350, 0.805564, -0.201065, -0.323784, 0.012112, 0.946054),
      ["Head"] = CFrame.new(-0.000058, 0.014706, -0.000378, 0.987996, 0.006145, 0.154358, -0.029382, 0.988443, 0.148716, -0.151660, -0.151466, 0.976758),
      ["LeftUpperArm"] = CFrame.new(0.053894, -0.350649, -0.042371, 0.954743, -0.247309, 0.165240, 0.273758, 0.513457, -0.813276, 0.116287, 0.821706, 0.557922),
      ["LeftUpperLeg"] = CFrame.new(-0.040903, -0.005738, 0.014949, 0.986178, 0.126144, 0.107427, -0.144275, 0.972580, 0.182410, -0.081472, -0.195388, 0.977336),
      ["LowerTorso"] = CFrame.new(-0.000000, -0.006778, 0.684187, 1.000000, 0.000000, 0.000000, 0.000000, 0.991072, -0.133328, 0.000000, 0.133328, 0.991072),
      ["RightUpperArm"] = CFrame.new(-0.079323, -0.170301, 0.060360, 0.992802, 0.008318, -0.119480, -0.000638, 0.997939, 0.064172, 0.119767, -0.063634, 0.990761),
      ["RightUpperLeg"] = CFrame.new(0.040900, -0.005745, 0.014942, 0.986178, -0.126144, -0.107427, 0.144275, 0.972580, 0.182410, 0.081472, -0.195388, 0.977336)
    }},
    { Time = 0.300, Data = {
      ["Balls"] = CFrame.new(0.000000, -0.000000, 0.000000, 0.991482, -0.130241, 0.000000, 0.130241, 0.991482, 0.000000, 0.000000, 0.000000, 1.000000),
      ["Cock"] = CFrame.new(-0.005580, -0.073104, 0.000000, 0.755559, 0.600296, 0.262250, -0.563189, 0.799722, -0.207998, -0.334588, 0.009459, 0.942317),
      ["Head"] = CFrame.new(-0.000058, 0.014706, -0.000378, 0.987998, 0.004436, 0.154405, -0.029361, 0.986757, 0.159525, -0.151653, -0.162144, 0.975044),
      ["LeftUpperArm"] = CFrame.new(0.053732, -0.349887, -0.040442, 0.954739, -0.247327, 0.165234, 0.275227, 0.523913, -0.806080, 0.112798, 0.815073, 0.568271),
      ["LeftUpperLeg"] = CFrame.new(-0.040903, -0.005706, 0.028573, 0.986178, 0.126142, 0.107429, -0.145594, 0.969234, 0.198465, -0.079090, -0.211363, 0.974202),
      ["LowerTorso"] = CFrame.new(-0.000000, -0.005014, 0.663037, 1.000000, 0.000000, 0.000000, 0.000000, 0.989308, -0.145838, 0.000000, 0.145838, 0.989308),
      ["RightUpperArm"] = CFrame.new(-0.079029, -0.170211, 0.061898, 0.992794, 0.009436, -0.119461, -0.002450, 0.998285, 0.058495, 0.119808, -0.057780, 0.991114),
      ["RightUpperLeg"] = CFrame.new(0.040900, -0.005714, 0.028565, 0.986178, -0.126142, -0.107429, 0.145594, 0.969234, 0.198465, 0.079090, -0.211363, 0.974202)
    }},
    { Time = 0.317, Data = {
      ["Balls"] = CFrame.new(0.000000, -0.000000, 0.000000, 0.990294, -0.138985, 0.000000, 0.138985, 0.990294, 0.000000, 0.000000, 0.000000, 1.000000),
      ["Cock"] = CFrame.new(-0.005580, -0.073104, 0.000001, 0.747703, 0.607027, 0.269181, -0.568089, 0.794649, -0.214028, -0.343825, 0.007111, 0.939007),
      ["Head"] = CFrame.new(-0.000058, 0.014707, -0.000378, 0.987997, 0.002878, 0.154445, -0.029361, 0.985099, 0.169463, -0.151655, -0.171963, 0.973360),
      ["LeftUpperArm"] = CFrame.new(0.053592, -0.349227, -0.038811, 0.954740, -0.247341, 0.165208, 0.276455, 0.532976, -0.799693, 0.109745, 0.809172, 0.577232),
      ["LeftUpperLeg"] = CFrame.new(-0.040896, -0.005630, 0.040415, 0.986192, 0.126084, 0.107369, -0.146640, 0.966124, 0.212372, -0.076955, -0.225184, 0.971272),
      ["LowerTorso"] = CFrame.new(-0.000000, -0.003351, 0.644680, 1.000000, 0.000000, 0.000000, 0.000000, 0.987645, -0.156706, 0.000000, 0.156706, 0.987645),
      ["RightUpperArm"] = CFrame.new(-0.078753, -0.170134, 0.063345, 0.992785, 0.010489, -0.119449, -0.004154, 0.998578, 0.053155, 0.119837, -0.052275, 0.991416),
      ["RightUpperLeg"] = CFrame.new(0.040892, -0.005638, 0.040406, 0.986192, -0.126084, -0.107369, 0.146640, 0.966124, 0.212372, 0.076955, -0.225184, 0.971272)
    }},
    { Time = 0.333, Data = {
      ["Balls"] = CFrame.new(0.000000, -0.000000, 0.000000, 0.989233, -0.146352, 0.000000, 0.146352, 0.989233, 0.000000, 0.000000, 0.000000, 1.000000),
      ["Cock"] = CFrame.new(-0.005580, -0.073104, 0.000000, 0.740880, 0.612727, 0.275069, -0.572227, 0.790279, -0.219124, -0.351645, 0.004943, 0.936120),
      ["Head"] = CFrame.new(-0.000058, 0.014707, -0.000378, 0.987995, 0.001473, 0.154479, -0.029381, 0.983496, 0.178530, -0.151667, -0.180926, 0.971732),
      ["LeftUpperArm"] = CFrame.new(0.053460, -0.348706, -0.037441, 0.954721, -0.247405, 0.165221, 0.277517, 0.540505, -0.794254, 0.107200, 0.804143, 0.584690),
      ["LeftUpperLeg"] = CFrame.new(-0.040902, -0.005608, 0.050397, 0.986181, 0.126120, 0.107432, -0.147611, 0.963318, 0.224120, -0.075225, -0.236881, 0.968622),
      ["LowerTorso"] = CFrame.new(-0.000000, -0.001856, 0.629199, 1.000000, 0.000000, 0.000000, 0.000000, 0.986151, -0.165852, 0.000000, 0.165852, 0.986151),
      ["RightUpperArm"] = CFrame.new(-0.078513, -0.170072, 0.064653, 0.992786, 0.011398, -0.119360, -0.005658, 0.998816, 0.048320, 0.119769, -0.047296, 0.991675),
      ["RightUpperLeg"] = CFrame.new(0.040898, -0.005617, 0.050387, 0.986181, -0.126120, -0.107432, 0.147611, 0.963318, 0.224120, 0.075225, -0.236881, 0.968622)
    }},
    { Time = 0.350, Data = {
      ["Balls"] = CFrame.new(0.000000, -0.000000, 0.000000, 0.988314, -0.152429, 0.000000, 0.152429, 0.988314, 0.000000, 0.000000, 0.000000, 1.000000),
      ["Cock"] = CFrame.new(-0.005580, -0.073104, 0.000000, 0.735230, 0.617364, 0.279818, -0.575541, 0.786671, -0.223385, -0.358035, 0.003193, 0.933703),
      ["Head"] = CFrame.new(-0.000058, 0.014707, -0.000378, 0.987992, 0.000135, 0.154504, -0.029337, 0.981972, 0.186737, -0.151694, -0.189028, 0.970184),
      ["LeftUpperArm"] = CFrame.new(0.053370, -0.348258, -0.036348, 0.954735, -0.247387, 0.165168, 0.278287, 0.546744, -0.789701, 0.105057, 0.799919, 0.590840),
      ["LeftUpperLeg"] = CFrame.new(-0.040900, -0.005550, 0.058588, 0.986184, 0.126099, 0.107422, -0.148323, 0.960939, 0.233660, -0.073762, -0.246365, 0.966366),
      ["LowerTorso"] = CFrame.new(-0.000000, -0.000563, 0.616501, 1.000000, 0.000000, 0.000000, 0.000000, 0.984858, -0.173365, 0.000000, 0.173365, 0.984858),
      ["RightUpperArm"] = CFrame.new(-0.078288, -0.170022, 0.065825, 0.992775, 0.012255, -0.119360, -0.007042, 0.999007, 0.043997, 0.119780, -0.042838, 0.991876),
      ["RightUpperLeg"] = CFrame.new(0.040896, -0.005559, 0.058578, 0.986184, -0.126099, -0.107422, 0.148323, 0.960939, 0.233660, 0.073762, -0.246365, 0.966366)
    }},
    { Time = 0.367, Data = {
      ["Balls"] = CFrame.new(0.000000, -0.000000, 0.000000, 0.987577, -0.157134, 0.000000, 0.157134, 0.987577, 0.000000, 0.000000, 0.000000, 1.000000),
      ["Cock"] = CFrame.new(-0.005580, -0.073104, 0.000000, 0.730832, 0.620941, 0.283403, -0.578087, 0.783855, -0.226686, -0.362905, 0.001838, 0.931824),
      ["Head"] = CFrame.new(-0.000058, 0.014707, -0.000378, 0.987986, -0.000958, 0.154538, -0.029392, 0.980563, 0.193989, -0.151721, -0.196200, 0.968755),
      ["LeftUpperArm"] = CFrame.new(0.053289, -0.347931, -0.035499, 0.954731, -0.247415, 0.165149, 0.278912, 0.551516, -0.786154, 0.103425, 0.796628, 0.595556),
      ["LeftUpperLeg"] = CFrame.new(-0.040901, -0.005507, 0.064953, 0.986184, 0.126092, 0.107437, -0.148882, 0.959019, 0.241076, -0.072636, -0.253740, 0.964541),
      ["LowerTorso"] = CFrame.new(-0.000000, 0.000476, 0.606668, 1.000000, 0.000000, 0.000000, 0.000000, 0.983819, -0.179166, 0.000000, 0.179166, 0.983819),
      ["RightUpperArm"] = CFrame.new(-0.078078, -0.169981, 0.066882, 0.992765, 0.013051, -0.119363, -0.008314, 0.999161, 0.040097, 0.119786, -0.038815, 0.992041),
      ["RightUpperLeg"] = CFrame.new(0.040897, -0.005516, 0.064942, 0.986184, -0.126092, -0.107437, 0.148882, 0.959019, 0.241076, 0.072636, -0.253740, 0.964541)
    }},
    { Time = 0.383, Data = {
      ["Balls"] = CFrame.new(0.000000, -0.000000, 0.000000, 0.987041, -0.160468, 0.000000, 0.160468, 0.987041, 0.000000, 0.000000, 0.000000, 1.000000),
      ["Cock"] = CFrame.new(-0.005580, -0.073104, 0.000000, 0.727663, 0.623467, 0.285997, -0.579864, 0.781849, -0.229065, -0.366421, 0.000843, 0.930449),
      ["Head"] = CFrame.new(-0.000058, 0.014707, -0.000378, 0.987994, -0.001983, 0.154482, -0.029380, 0.979259, 0.200471, -0.151675, -0.202602, 0.967443),
      ["LeftUpperArm"] = CFrame.new(0.053237, -0.347712, -0.034889, 0.954736, -0.247417, 0.165121, 0.279324, 0.554871, -0.783643, 0.102265, 0.794294, 0.598864),
      ["LeftUpperLeg"] = CFrame.new(-0.040899, -0.005476, 0.069531, 0.986187, 0.126107, 0.107390, -0.149282, 0.957607, 0.246382, -0.071767, -0.259010, 0.963205),
      ["LowerTorso"] = CFrame.new(-0.000000, 0.001246, 0.599611, 1.000000, 0.000000, 0.000000, 0.000000, 0.983049, -0.183343, 0.000000, 0.183343, 0.983049),
      ["RightUpperArm"] = CFrame.new(-0.077907, -0.169949, 0.067823, 0.992755, 0.013701, -0.119370, -0.009388, 0.999285, 0.036618, 0.119787, -0.035232, 0.992174),
      ["RightUpperLeg"] = CFrame.new(0.040895, -0.005486, 0.069521, 0.986187, -0.126107, -0.107390, 0.149282, 0.957607, 0.246382, 0.071767, -0.259010, 0.963205)
    }},
    { Time = 0.400, Data = {
      ["Balls"] = CFrame.new(0.000000, -0.000000, 0.000000, 0.986705, -0.162519, 0.000000, 0.162519, 0.986705, 0.000000, 0.000000, 0.000000, 1.000000),
      ["Cock"] = CFrame.new(-0.005580, -0.073104, 0.000001, 0.725750, 0.624952, 0.287614, -0.580887, 0.780663, -0.230512, -0.368589, 0.000223, 0.929592),
      ["Head"] = CFrame.new(-0.000058, 0.014706, -0.000378, 0.987986, -0.002864, 0.154516, -0.029396, 0.978091, 0.206092, -0.151721, -0.208158, 0.966256),
      ["LeftUpperArm"] = CFrame.new(0.053188, -0.347561, -0.034543, 0.954723, -0.247479, 0.165099, 0.279612, 0.556954, -0.782061, 0.101592, 0.792816, 0.600935),
      ["LeftUpperLeg"] = CFrame.new(-0.040903, -0.005471, 0.072238, 0.986178, 0.126121, 0.107451, -0.149549, 0.956739, 0.249572, -0.071326, -0.262192, 0.962376),
      ["LowerTorso"] = CFrame.new(-0.000000, 0.001710, 0.595412, 1.000000, 0.000000, 0.000000, 0.000000, 0.982585, -0.185814, 0.000000, 0.185814, 0.982585),
      ["RightUpperArm"] = CFrame.new(-0.077751, -0.169924, 0.068628, 0.992746, 0.014295, -0.119378, -0.010345, 0.999380, 0.033650, 0.119785, -0.032171, 0.992279),
      ["RightUpperLeg"] = CFrame.new(0.040899, -0.005481, 0.072228, 0.986178, -0.126121, -0.107451, 0.149549, 0.956739, 0.249572, 0.071326, -0.262192, 0.962376)
    }},
    { Time = 0.417, Data = {
      ["Balls"] = CFrame.new(0.000000, -0.000000, 0.000000, 0.986592, -0.163203, 0.000000, 0.163203, 0.986592, 0.000000, 0.000000, 0.000000, 1.000000),
      ["Cock"] = CFrame.new(-0.005580, -0.073104, 0.000000, 0.725112, 0.625470, 0.288097, -0.581257, 0.780248, -0.230982, -0.369260, 0.000029, 0.929326),
      ["Head"] = CFrame.new(-0.000058, 0.014706, -0.000378, 0.987992, -0.003662, 0.154463, -0.029332, 0.977094, 0.210779, -0.151696, -0.212778, 0.965253),
      ["LeftUpperArm"] = CFrame.new(0.053201, -0.347525, -0.034410, 0.954743, -0.247393, 0.165116, 0.279654, 0.557596, -0.781589, 0.101291, 0.792391, 0.601545),
      ["LeftUpperLeg"] = CFrame.new(-0.040899, -0.005439, 0.073149, 0.986186, 0.126076, 0.107432, -0.149575, 0.956470, 0.250585, -0.071162, -0.263192, 0.962115),
      ["LowerTorso"] = CFrame.new(-0.000000, 0.001871, 0.593984, 1.000000, 0.000000, 0.000000, 0.000000, 0.982423, -0.186666, 0.000000, 0.186666, 0.982423),
      ["RightUpperArm"] = CFrame.new(-0.077610, -0.169905, 0.069317, 0.992737, 0.014830, -0.119385, -0.011189, 0.999453, 0.031107, 0.119781, -0.029546, 0.992361),
      ["RightUpperLeg"] = CFrame.new(0.040895, -0.005448, 0.073138, 0.986186, -0.126076, -0.107432, 0.149575, 0.956470, 0.250585, 0.071162, -0.263192, 0.962115)
    }},
    { Time = 0.433, Data = {
      ["Balls"] = CFrame.new(0.000000, -0.000000, 0.000000, 0.986649, -0.162861, 0.000000, 0.162861, 0.986649, 0.000000, 0.000000, 0.000000, 1.000000),
      ["Cock"] = CFrame.new(-0.005580, -0.073104, 0.000000, 0.725459, 0.625176, 0.287861, -0.581037, 0.780484, -0.230740, -0.368924, 0.000135, 0.929459),
      ["Head"] = CFrame.new(-0.000058, 0.014707, -0.000378, 0.987995, -0.004221, 0.154427, -0.029372, 0.976260, 0.214603, -0.151667, -0.216563, 0.964416),
      ["LeftUpperArm"] = CFrame.new(0.053185, -0.347545, -0.034480, 0.954720, -0.247473, 0.165126, 0.279670, 0.557262, -0.781821, 0.101461, 0.792601, 0.601240),
      ["LeftUpperLeg"] = CFrame.new(-0.040899, -0.005453, 0.072707, 0.986186, 0.126105, 0.107398, -0.149557, 0.956604, 0.250082, -0.071201, -0.262689, 0.962250),
      ["LowerTorso"] = CFrame.new(-0.000000, 0.001791, 0.594704, 1.000000, 0.000000, 0.000000, 0.000000, 0.982504, -0.186240, 0.000000, 0.186240, 0.982504),
      ["RightUpperArm"] = CFrame.new(-0.077507, -0.169891, 0.069869, 0.992730, 0.015223, -0.119393, -0.011830, 0.999507, 0.029071, 0.119777, -0.027447, 0.992421),
      ["RightUpperLeg"] = CFrame.new(0.040895, -0.005462, 0.072696, 0.986186, -0.126105, -0.107398, 0.149557, 0.956604, 0.250082, 0.071201, -0.262689, 0.962250)
    }},
    { Time = 0.450, Data = {
      ["Balls"] = CFrame.new(0.000000, -0.000000, 0.000000, 0.986832, -0.161750, 0.000000, 0.161750, 0.986832, 0.000000, 0.000000, 0.000000, 1.000000),
      ["Cock"] = CFrame.new(-0.005580, -0.073104, 0.000000, 0.726417, 0.624434, 0.287053, -0.580526, 0.781077, -0.230016, -0.367841, 0.000445, 0.929889),
      ["Head"] = CFrame.new(-0.000058, 0.014707, -0.000378, 0.987998, -0.004720, 0.154392, -0.029354, 0.975582, 0.217665, -0.151649, -0.219585, 0.963735),
      ["LeftUpperArm"] = CFrame.new(0.053208, -0.347606, -0.034667, 0.954726, -0.247445, 0.165131, 0.279529, 0.556260, -0.782585, 0.101791, 0.793313, 0.600244),
      ["LeftUpperLeg"] = CFrame.new(-0.040897, -0.005457, 0.071328, 0.986190, 0.126097, 0.107368, -0.149423, 0.957041, 0.248487, -0.071422, -0.261099, 0.962666),
      ["LowerTorso"] = CFrame.new(-0.000000, 0.001549, 0.596863, 1.000000, 0.000000, 0.000000, 0.000000, 0.982746, -0.184962, 0.000000, 0.184962, 0.982746),
      ["RightUpperArm"] = CFrame.new(-0.077442, -0.169880, 0.070304, 0.992736, 0.015468, -0.119315, -0.012275, 0.999548, 0.027455, 0.119686, -0.025791, 0.992477),
      ["RightUpperLeg"] = CFrame.new(0.040893, -0.005467, 0.071317, 0.986190, -0.126097, -0.107368, 0.149423, 0.957041, 0.248487, 0.071422, -0.261099, 0.962666)
    }},
    { Time = 0.467, Data = {
      ["Balls"] = CFrame.new(0.000000, -0.000000, 0.000000, 0.987110, -0.160041, 0.000000, 0.160041, 0.987110, 0.000000, 0.000000, 0.000000, 1.000000),
      ["Cock"] = CFrame.new(-0.005580, -0.073104, 0.000001, 0.728009, 0.623173, 0.285760, -0.579642, 0.782084, -0.228824, -0.366085, 0.000947, 0.930581),
      ["Head"] = CFrame.new(-0.000058, 0.014707, -0.000378, 0.987987, -0.005069, 0.154452, -0.029357, 0.975106, 0.219789, -0.151721, -0.221683, 0.963243),
      ["LeftUpperArm"] = CFrame.new(0.053243, -0.347735, -0.034963, 0.954739, -0.247415, 0.165106, 0.279260, 0.554484, -0.783939, 0.102410, 0.794565, 0.598481),
      ["LeftUpperLeg"] = CFrame.new(-0.040903, -0.005498, 0.068976, 0.986179, 0.126129, 0.107436, -0.149271, 0.957761, 0.245788, -0.071897, -0.258428, 0.963351),
      ["LowerTorso"] = CFrame.new(-0.000000, 0.001151, 0.600463, 1.000000, 0.000000, 0.000000, 0.000000, 0.983144, -0.182832, 0.000000, 0.182832, 0.983144),
      ["RightUpperArm"] = CFrame.new(-0.077371, -0.169873, 0.070626, 0.992731, 0.015741, -0.119320, -0.012692, 0.999574, 0.026269, 0.119682, -0.024564, 0.992508),
      ["RightUpperLeg"] = CFrame.new(0.040899, -0.005507, 0.068965, 0.986179, -0.126129, -0.107436, 0.149271, 0.957761, 0.245788, 0.071897, -0.258428, 0.963351)
    }},
    { Time = 0.483, Data = {
      ["Balls"] = CFrame.new(0.000000, -0.000000, 0.000000, 0.987496, -0.157647, 0.000000, 0.157647, 0.987496, 0.000000, 0.000000, 0.000000, 1.000000),
      ["Cock"] = CFrame.new(-0.005580, -0.073104, 0.000000, 0.730312, 0.621320, 0.283911, -0.578321, 0.783555, -0.227126, -0.363578, 0.001682, 0.931562),
      ["Head"] = CFrame.new(-0.000058, 0.014707, -0.000378, 0.987988, -0.005255, 0.154440, -0.029371, 0.974817, 0.221062, -0.151712, -0.222943, 0.962954),
      ["LeftUpperArm"] = CFrame.new(0.053276, -0.347899, -0.035395, 0.954728, -0.247433, 0.165140, 0.278986, 0.552059, -0.785747, 0.103253, 0.796246, 0.596096),
      ["LeftUpperLeg"] = CFrame.new(-0.040903, -0.005523, 0.065730, 0.986179, 0.126136, 0.107423, -0.148991, 0.958768, 0.242001, -0.072468, -0.254662, 0.964311),
      ["LowerTorso"] = CFrame.new(-0.000000, 0.000600, 0.605504, 1.000000, 0.000000, 0.000000, 0.000000, 0.983694, -0.179848, 0.000000, 0.179848, 0.983694),
      ["RightUpperArm"] = CFrame.new(-0.077336, -0.169869, 0.070810, 0.992729, 0.015872, -0.119323, -0.012905, 0.999589, 0.025590, 0.119680, -0.023864, 0.992526),
      ["RightUpperLeg"] = CFrame.new(0.040899, -0.005532, 0.065720, 0.986179, -0.126136, -0.107423, 0.148991, 0.958768, 0.242001, 0.072468, -0.254662, 0.964311)
    }},
    { Time = 0.500, Data = {
      ["Balls"] = CFrame.new(0.000000, -0.000000, 0.000000, 0.987982, -0.154568, 0.000000, 0.154568, 0.987982, 0.000000, 0.000000, 0.000000, 1.000000),
      ["Cock"] = CFrame.new(-0.005580, -0.073104, 0.000000, 0.733207, 0.619013, 0.281479, -0.576697, 0.785377, -0.224954, -0.360317, 0.002609, 0.932826),
      ["Head"] = CFrame.new(-0.000058, 0.014707, -0.000378, 0.987988, -0.005289, 0.154438, -0.029404, 0.974721, 0.221484, -0.151706, -0.223365, 0.962857),
      ["LeftUpperArm"] = CFrame.new(0.053318, -0.348114, -0.035952, 0.954723, -0.247457, 0.165132, 0.278586, 0.548926, -0.788080, 0.104370, 0.798402, 0.593010),
      ["LeftUpperLeg"] = CFrame.new(-0.040900, -0.005536, 0.061549, 0.986184, 0.126109, 0.107413, -0.148594, 0.960050, 0.237117, -0.073219, -0.249802, 0.965525),
