return {
  ["Astros give blowjob"] = {
    { Time = 0.000, Data = {
      ["Head"] = CFrame.new(0.000000, 0.000889, -0.006779, 1.000000, -0.000000, 0.000000, 0.000000, 0.992966, 0.118398, -0.000000, -0.118398, 0.992966),
      ["LeftUpperArm"] = CFrame.new(0.229833, -0.774318, -0.217494, 0.952101, 0.118739, -0.281787, -0.289746, 0.055811, -0.955475, -0.097725, 0.991356, 0.087542),
      ["LeftUpperLeg"] = CFrame.new(-0.040157, -0.065988, -0.713732, 0.919654, 0.245975, 0.306159, -0.345077, 0.133908, 0.928973, 0.187507, -0.959982, 0.208030),
      ["LowerTorso"] = CFrame.new(0.002408, -1.581587, -1.391663, -0.999999, -0.000199, 0.001717, 0.000027, 0.991403, 0.130841, -0.001728, 0.130841, -0.991402),
      ["RightUpperArm"] = CFrame.new(0.098265, -0.941000, -0.264737, 0.571993, 0.681447, 0.456568, 0.755907, -0.221802, -0.615961, -0.318477, 0.697448, -0.641980),
      ["RightUpperLeg"] = CFrame.new(0.040163, -0.066006, -0.713717, 0.919654, -0.245975, -0.306159, 0.345077, 0.133908, 0.928973, -0.187507, -0.959982, 0.208030)
    }},
    { Time = 0.017, Data = {
      ["Head"] = CFrame.new(0.000000, 0.000890, -0.006783, 1.000000, -0.000000, 0.000000, 0.000000, 0.992976, 0.118312, -0.000000, -0.118312, 0.992976),
      ["LeftUpperArm"] = CFrame.new(0.229849, -0.774297, -0.217430, 0.952101, 0.118739, -0.281787, -0.289746, 0.055811, -0.955475, -0.097725, 0.991356, 0.087542),
      ["LeftUpperLeg"] = CFrame.new(-0.040160, -0.065961, -0.713767, 0.919647, 0.245938, 0.306210, -0.345141, 0.134017, 0.928933, 0.187423, -0.959976, 0.208131),
      ["LowerTorso"] = CFrame.new(0.002408, -1.581591, -1.391683, -0.999999, -0.000199, 0.001717, 0.000027, 0.991392, 0.130927, -0.001728, 0.130927, -0.991391),
      ["RightUpperArm"] = CFrame.new(0.098267, -0.941073, -0.264776, 0.571849, 0.681839, 0.456162, 0.756086, -0.222296, -0.615564, -0.318312, 0.696908, -0.642648),
      ["RightUpperLeg"] = CFrame.new(0.040166, -0.065978, -0.713752, 0.919647, -0.245938, -0.306210, 0.345141, 0.134017, 0.928933, -0.187423, -0.959976, 0.208131)
    }},
    { Time = 0.033, Data = {
      ["Head"] = CFrame.new(0.000000, 0.000890, -0.006793, 1.000000, -0.000000, 0.000000, 0.000000, 0.993028, 0.117882, -0.000000, -0.117882, 0.993028),
      ["LeftUpperArm"] = CFrame.new(0.229917, -0.774305, -0.217239, 0.952088, 0.118825, -0.281796, -0.289737, 0.055555, -0.955493, -0.097881, 0.991360, 0.087321),
      ["LeftUpperLeg"] = CFrame.new(-0.040143, -0.065762, -0.713793, 0.919681, 0.245913, 0.306128, -0.345102, 0.134267, 0.928912, 0.187328, -0.959948, 0.208348),
      ["LowerTorso"] = CFrame.new(0.002408, -1.581616, -1.391654, -0.999998, -0.000200, 0.001717, 0.000027, 0.991369, 0.131098, -0.001728, 0.131098, -0.991368),
      ["RightUpperArm"] = CFrame.new(0.098246, -0.941351, -0.264886, 0.571569, 0.682912, 0.454906, 0.756584, -0.224007, -0.614331, -0.317632, 0.695307, -0.644716),
      ["RightUpperLeg"] = CFrame.new(0.040149, -0.065780, -0.713777, 0.919681, -0.245913, -0.306128, 0.345102, 0.134267, 0.928912, -0.187328, -0.959948, 0.208348)
    }},
    { Time = 0.050, Data = {
      ["Head"] = CFrame.new(0.000000, 0.000890, -0.006809, 1.000000, -0.000000, 0.000000, 0.000000, 0.993099, 0.117281, -0.000000, -0.117281, 0.993099),
      ["LeftUpperArm"] = CFrame.new(0.229981, -0.774295, -0.216914, 0.952088, 0.118774, -0.281817, -0.289720, 0.055206, -0.955518, -0.097933, 0.991385, 0.086973),
      ["LeftUpperLeg"] = CFrame.new(-0.040146, -0.065513, -0.713829, 0.919674, 0.245928, 0.306137, -0.345199, 0.134701, 0.928813, 0.187184, -0.959883, 0.208775),
      ["LowerTorso"] = CFrame.new(0.002407, -1.581638, -1.391751, -0.999999, -0.000200, 0.001717, 0.000028, 0.991313, 0.131527, -0.001728, 0.131527, -0.991311),
      ["RightUpperArm"] = CFrame.new(0.098212, -0.941832, -0.265079, 0.571160, 0.684699, 0.452729, 0.757366, -0.226923, -0.612293, -0.316502, 0.692599, -0.648177),
      ["RightUpperLeg"] = CFrame.new(0.040152, -0.065530, -0.713813, 0.919674, -0.245928, -0.306137, 0.345199, 0.134701, 0.928813, -0.187184, -0.959883, 0.208775)
    }},
    { Time = 0.067, Data = {
      ["Head"] = CFrame.new(0.000000, 0.000891, -0.006833, 1.000000, -0.000000, 0.000000, 0.000000, 0.993200, 0.116423, -0.000000, -0.116423, 0.993200),
      ["LeftUpperArm"] = CFrame.new(0.230081, -0.774307, -0.216461, 0.952099, 0.118749, -0.281791, -0.289633, 0.054626, -0.955578, -0.098081, 0.991421, 0.086403),
      ["LeftUpperLeg"] = CFrame.new(-0.040148, -0.065144, -0.713849, 0.919667, 0.245943, 0.306145, -0.345295, 0.135134, 0.928714, 0.187040, -0.959818, 0.209201),
      ["LowerTorso"] = CFrame.new(0.002407, -1.581680, -1.391799, -0.999999, -0.000200, 0.001717, 0.000028, 0.991244, 0.132042, -0.001728, 0.132042, -0.991243),
      ["RightUpperArm"] = CFrame.new(0.098154, -0.942471, -0.265343, 0.570533, 0.687170, 0.449765, 0.758490, -0.230872, -0.609419, -0.314936, 0.688836, -0.652932),
      ["RightUpperLeg"] = CFrame.new(0.040154, -0.065161, -0.713834, 0.919667, -0.245943, -0.306145, 0.345295, 0.135134, 0.928714, -0.187040, -0.959818, 0.209201)
    }},
    { Time = 0.083, Data = {
      ["Head"] = CFrame.new(0.000000, 0.000892, -0.006863, 1.000000, -0.000000, 0.000000, 0.000000, 0.993330, 0.115306, -0.000000, -0.115306, 0.993330),
      ["LeftUpperArm"] = CFrame.new(0.230229, -0.774285, -0.215881, 0.952086, 0.118784, -0.281821, -0.289607, 0.054020, -0.955620, -0.098289, 0.991449, 0.085833),
      ["LeftUpperLeg"] = CFrame.new(-0.040154, -0.064698, -0.713918, 0.919653, 0.245956, 0.306176, -0.345477, 0.135893, 0.928536, 0.186772, -0.959708, 0.209946),
      ["LowerTorso"] = CFrame.new(0.002407, -1.581731, -1.391886, -0.999999, -0.000201, 0.001717, 0.000029, 0.991153, 0.132728, -0.001728, 0.132728, -0.991151),
      ["RightUpperArm"] = CFrame.new(0.098088, -0.943278, -0.265704, 0.569695, 0.690376, 0.445902, 0.759937, -0.235898, -0.605679, -0.312959, 0.683910, -0.659033),
      ["RightUpperLeg"] = CFrame.new(0.040160, -0.064716, -0.713903, 0.919653, -0.245956, -0.306176, 0.345477, 0.135893, 0.928536, -0.186772, -0.959708, 0.209946)
    }},
    { Time = 0.100, Data = {
      ["Head"] = CFrame.new(0.000000, 0.000893, -0.006900, 1.000000, -0.000000, 0.000000, 0.000000, 0.993489, 0.113932, -0.000000, -0.113932, 0.993489),
      ["LeftUpperArm"] = CFrame.new(0.230398, -0.774277, -0.215171, 0.952108, 0.118785, -0.281747, -0.289452, 0.053207, -0.955713, -0.098533, 0.991493, 0.085041),
      ["LeftUpperLeg"] = CFrame.new(-0.040143, -0.064103, -0.714001, 0.919674, 0.245908, 0.306153, -0.345597, 0.136684, 0.928375, 0.186449, -0.959608, 0.210690),
      ["LowerTorso"] = CFrame.new(0.002406, -1.581790, -1.392011, -0.999999, -0.000202, 0.001717, 0.000029, 0.991037, 0.133585, -0.001728, 0.133585, -0.991036),
      ["RightUpperArm"] = CFrame.new(0.097987, -0.944265, -0.266158, 0.568715, 0.694217, 0.441165, 0.761692, -0.242045, -0.601032, -0.310465, 0.677848, -0.666434),
      ["RightUpperLeg"] = CFrame.new(0.040148, -0.064121, -0.713985, 0.919674, -0.245908, -0.306153, 0.345597, 0.136684, 0.928375, -0.186449, -0.959608, 0.210690)
    }},
    { Time = 0.117, Data = {
      ["Head"] = CFrame.new(0.000000, 0.000895, -0.006943, 1.000000, -0.000000, 0.000000, 0.000000, 0.993665, 0.112385, -0.000000, -0.112385, 0.993665),
      ["LeftUpperArm"] = CFrame.new(0.230589, -0.774296, -0.214329, 0.952094, 0.118753, -0.281806, -0.289402, 0.052136, -0.955787, -0.098810, 0.991554, 0.084005),
      ["LeftUpperLeg"] = CFrame.new(-0.040148, -0.063430, -0.714060, 0.919660, 0.245956, 0.306156, -0.345800, 0.137658, 0.928156, 0.186141, -0.959456, 0.211650),
      ["LowerTorso"] = CFrame.new(0.002405, -1.581856, -1.392173, -0.999998, -0.000203, 0.001717, 0.000030, 0.990898, 0.134614, -0.001728, 0.134614, -0.990897),
      ["RightUpperArm"] = CFrame.new(0.097855, -0.945421, -0.266721, 0.567599, 0.698708, 0.435475, 0.763716, -0.249268, -0.595486, -0.307520, 0.670577, -0.675099),
      ["RightUpperLeg"] = CFrame.new(0.040154, -0.063447, -0.714045, 0.919660, -0.245956, -0.306156, 0.345800, 0.137658, 0.928156, -0.186141, -0.959456, 0.211650)
    }},
    { Time = 0.133, Data = {
      ["Head"] = CFrame.new(0.000000, 0.000896, -0.006993, 1.000000, -0.000000, 0.000000, 0.000000, 0.993877, 0.110495, -0.000000, -0.110495, 0.993877),
      ["LeftUpperArm"] = CFrame.new(0.230826, -0.774276, -0.213363, 0.952092, 0.118780, -0.281803, -0.289294, 0.051064, -0.955877, -0.099149, 0.991607, 0.082980),
      ["LeftUpperLeg"] = CFrame.new(-0.040140, -0.062639, -0.714175, 0.919673, 0.245906, 0.306157, -0.346005, 0.138773, 0.927913, 0.185693, -0.959308, 0.212711),
      ["LowerTorso"] = CFrame.new(0.002405, -1.581929, -1.392375, -0.999999, -0.000204, 0.001717, 0.000031, 0.990734, 0.135814, -0.001728, 0.135814, -0.990733),
      ["RightUpperArm"] = CFrame.new(0.097685, -0.946732, -0.267405, 0.566345, 0.703822, 0.428822, 0.766003, -0.257515, -0.589003, -0.304126, 0.662058, -0.684972),
      ["RightUpperLeg"] = CFrame.new(0.040145, -0.062656, -0.714160, 0.919673, -0.245906, -0.306157, 0.346005, 0.138773, 0.927913, -0.185693, -0.959308, 0.212711)
    }},
    { Time = 0.150, Data = {
      ["Head"] = CFrame.new(0.000000, 0.000898, -0.007050, 1.000000, -0.000000, 0.000000, 0.000000, 0.994113, 0.108347, -0.000000, -0.108347, 0.994113),
      ["LeftUpperArm"] = CFrame.new(0.231085, -0.774276, -0.212265, 0.952089, 0.118773, -0.281815, -0.289175, 0.049759, -0.955982, -0.099522, 0.991674, 0.081721),
      ["LeftUpperLeg"] = CFrame.new(-0.040148, -0.061769, -0.714268, 0.919652, 0.245951, 0.306182, -0.346292, 0.140070, 0.927611, 0.185260, -0.959108, 0.213987),
      ["LowerTorso"] = CFrame.new(0.002404, -1.582021, -1.392529, -0.999999, -0.000205, 0.001716, 0.000033, 0.990557, 0.137100, -0.001728, 0.137100, -0.990556),
      ["RightUpperArm"] = CFrame.new(0.097466, -0.948200, -0.268225, 0.564942, 0.709517, 0.421219, 0.768595, -0.266792, -0.581450, -0.300171, 0.652232, -0.696054),
      ["RightUpperLeg"] = CFrame.new(0.040154, -0.061787, -0.714253, 0.919652, -0.245951, -0.306182, 0.346292, 0.140070, 0.927611, -0.185260, -0.959108, 0.213987)
    }},
    { Time = 0.167, Data = {
      ["Head"] = CFrame.new(0.000000, 0.000900, -0.007114, 1.000000, -0.000000, 0.000000, 0.000000, 0.994363, 0.106026, -0.000000, -0.106026, 0.994363),
      ["LeftUpperArm"] = CFrame.new(0.231386, -0.774267, -0.211041, 0.952097, 0.118808, -0.281772, -0.288991, 0.048336, -0.956111, -0.099974, 0.991740, 0.080356),
      ["LeftUpperLeg"] = CFrame.new(-0.040139, -0.060755, -0.714384, 0.919665, 0.245954, 0.306141, -0.346528, 0.141507, 0.927305, 0.184753, -0.958896, 0.215369),
      ["LowerTorso"] = CFrame.new(0.002403, -1.582107, -1.392806, -0.999998, -0.000206, 0.001716, 0.000034, 0.990342, 0.138643, -0.001728, 0.138642, -0.990341),
      ["RightUpperArm"] = CFrame.new(0.097170, -0.949809, -0.269176, 0.563468, 0.715691, 0.412662, 0.771420, -0.277041, -0.572852, -0.295661, 0.641119, -0.708202),
      ["RightUpperLeg"] = CFrame.new(0.040145, -0.060773, -0.714369, 0.919665, -0.245954, -0.306141, 0.346528, 0.141507, 0.927305, -0.184753, -0.958896, 0.215369)
    }},
    { Time = 0.183, Data = {
      ["Head"] = CFrame.new(0.000000, 0.000902, -0.007184, 1.000000, -0.000000, 0.000000, 0.000000, 0.994635, 0.103447, -0.000000, -0.103447, 0.994635),
      ["LeftUpperArm"] = CFrame.new(0.231698, -0.774249, -0.209687, 0.952095, 0.118768, -0.281798, -0.288859, 0.046796, -0.956227, -0.100382, 0.991819, 0.078861),
      ["LeftUpperLeg"] = CFrame.new(-0.040133, -0.059654, -0.714528, 0.919671, 0.245919, 0.306151, -0.346827, 0.143051, 0.926956, 0.184161, -0.958676, 0.216852),
      ["LowerTorso"] = CFrame.new(0.002402, -1.582209, -1.393036, -0.999998, -0.000207, 0.001716, 0.000035, 0.990113, 0.140271, -0.001728, 0.140270, -0.990112),
      ["RightUpperArm"] = CFrame.new(0.096824, -0.951534, -0.270311, 0.561851, 0.722442, 0.402989, 0.774468, -0.288169, -0.563168, -0.290728, 0.628519, -0.721416),
      ["RightUpperLeg"] = CFrame.new(0.040139, -0.059671, -0.714513, 0.919671, -0.245919, -0.306151, 0.346827, 0.143051, 0.926956, -0.184161, -0.958676, 0.216852)
    }},
    { Time = 0.200, Data = {
      ["Head"] = CFrame.new(0.000000, 0.000905, -0.007261, 1.000000, -0.000000, 0.000000, 0.000000, 0.994935, 0.100524, -0.000000, -0.100524, 0.994935),
      ["LeftUpperArm"] = CFrame.new(0.232051, -0.774221, -0.208205, 0.952103, 0.118769, -0.281770, -0.288662, 0.045138, -0.956366, -0.100869, 0.991895, 0.077260),
      ["LeftUpperLeg"] = CFrame.new(-0.040128, -0.058443, -0.714677, 0.919677, 0.245919, 0.306133, -0.347147, 0.144809, 0.926563, 0.183529, -0.958412, 0.218548),
      ["LowerTorso"] = CFrame.new(0.002401, -1.582316, -1.393304, -0.999998, -0.000209, 0.001716, 0.000037, 0.989857, 0.142070, -0.001728, 0.142070, -0.989855),
      ["RightUpperArm"] = CFrame.new(0.096387, -0.953374, -0.271621, 0.560157, 0.729611, 0.392291, 0.777744, -0.300165, -0.552281, -0.285199, 0.614466, -0.735591),
      ["RightUpperLeg"] = CFrame.new(0.040133, -0.058461, -0.714662, 0.919677, -0.245919, -0.306133, 0.347147, 0.144809, 0.926563, -0.183529, -0.958412, 0.218548)
    }},
    { Time = 0.217, Data = {
      ["Head"] = CFrame.new(0.000000, 0.000908, -0.007345, 1.000000, -0.000000, 0.000000, 0.000000, 0.995243, 0.097428, -0.000000, -0.097428, 0.995243),
      ["LeftUpperArm"] = CFrame.new(0.232442, -0.774221, -0.206596, 0.952086, 0.118797, -0.281813, -0.288513, 0.043220, -0.956500, -0.101449, 0.991978, 0.075423),
      ["LeftUpperLeg"] = CFrame.new(-0.040125, -0.057149, -0.714864, 0.919676, 0.245899, 0.306153, -0.347539, 0.146780, 0.926106, 0.182792, -0.958118, 0.220450),
      ["LowerTorso"] = CFrame.new(0.002399, -1.582439, -1.393524, -0.999998, -0.000211, 0.001716, 0.000038, 0.989584, 0.143954, -0.001728, 0.143954, -0.989583),
      ["RightUpperArm"] = CFrame.new(0.095844, -0.955302, -0.273121, 0.558381, 0.737151, 0.380551, 0.781235, -0.312932, -0.540134, -0.279074, 0.598901, -0.750624),
      ["RightUpperLeg"] = CFrame.new(0.040131, -0.057167, -0.714849, 0.919676, -0.245899, -0.306153, 0.347539, 0.146780, 0.926106, -0.182792, -0.958118, 0.220450)
    }},
    { Time = 0.233, Data = {
      ["Head"] = CFrame.new(0.000000, 0.000911, -0.007435, 1.000000, -0.000000, 0.000000, 0.000000, 0.995565, 0.094073, -0.000000, -0.094073, 0.995565),
      ["LeftUpperArm"] = CFrame.new(0.232843, -0.774206, -0.204857, 0.952094, 0.118748, -0.281807, -0.288296, 0.041207, -0.956654, -0.101988, 0.992069, 0.073468),
      ["LeftUpperLeg"] = CFrame.new(-0.040122, -0.055736, -0.715037, 0.919675, 0.245880, 0.306173, -0.347929, 0.148749, 0.925645, 0.182054, -0.957819, 0.222349),
      ["LowerTorso"] = CFrame.new(0.002398, -1.582552, -1.393868, -0.999999, -0.000213, 0.001715, 0.000040, 0.989271, 0.146095, -0.001728, 0.146095, -0.989269),
      ["RightUpperArm"] = CFrame.new(0.095188, -0.957311, -0.274844, 0.556611, 0.745027, 0.367586, 0.784824, -0.326442, -0.526770, -0.272463, 0.581697, -0.766416),
      ["RightUpperLeg"] = CFrame.new(0.040128, -0.055753, -0.715022, 0.919675, -0.245880, -0.306173, 0.347929, 0.148749, 0.925645, -0.182054, -0.957819, 0.222349)
    }},
    { Time = 0.250, Data = {
      ["Head"] = CFrame.new(0.000000, 0.000914, -0.007533, 1.000000, -0.000000, 0.000000, 0.000000, 0.995892, 0.090545, -0.000000, -0.090545, 0.995892),
      ["LeftUpperArm"] = CFrame.new(0.233302, -0.774188, -0.202993, 0.952089, 0.118801, -0.281804, -0.288075, 0.039051, -0.956811, -0.102665, 0.992150, 0.071403),
      ["LeftUpperLeg"] = CFrame.new(-0.040120, -0.054213, -0.715215, 0.919673, 0.245895, 0.306165, -0.348339, 0.150930, 0.925138, 0.181277, -0.957474, 0.224461),
      ["LowerTorso"] = CFrame.new(0.002483, -1.582680, -1.394162, -0.999998, -0.000301, 0.001709, -0.000044, 0.988939, 0.148321, -0.001734, 0.148321, -0.988938),
      ["RightUpperArm"] = CFrame.new(0.094391, -0.959385, -0.276802, 0.554832, 0.753135, 0.353482, 0.788566, -0.340636, -0.511987, -0.265187, 0.562811, -0.782892),
      ["RightUpperLeg"] = CFrame.new(0.040126, -0.054230, -0.715200, 0.919673, -0.245895, -0.306165, 0.348339, 0.150930, 0.925138, -0.181277, -0.957474, 0.224461)
    }},
    { Time = 0.267, Data = {
      ["Head"] = CFrame.new(0.000000, 0.000917, -0.007636, 1.000000, -0.000000, 0.000000, 0.000000, 0.996237, 0.086672, -0.000000, -0.086672, 0.996237),
      ["LeftUpperArm"] = CFrame.new(0.233772, -0.774155, -0.201001, 0.952107, 0.118777, -0.281752, -0.287787, 0.036799, -0.956987, -0.103300, 0.992239, 0.069219),
      ["LeftUpperLeg"] = CFrame.new(-0.040117, -0.052580, -0.715399, 0.919671, 0.245945, 0.306131, -0.348768, 0.153322, 0.924583, 0.180460, -0.957081, 0.226783),
      ["LowerTorso"] = CFrame.new(0.002481, -1.582794, -1.394580, -0.999999, -0.000303, 0.001708, -0.000042, 0.988564, 0.150803, -0.001735, 0.150803, -0.988562),
      ["RightUpperArm"] = CFrame.new(0.093503, -0.961375, -0.278879, 0.553192, 0.760895, 0.339142, 0.792171, -0.354509, -0.496780, -0.257768, 0.543473, -0.798870),
      ["RightUpperLeg"] = CFrame.new(0.040123, -0.052598, -0.715384, 0.919671, -0.245945, -0.306131, 0.348768, 0.153322, 0.924583, -0.180460, -0.957081, 0.226783)
    }},
    { Time = 0.283, Data = {
      ["Head"] = CFrame.new(0.000000, 0.000921, -0.007747, 1.000000, -0.000000, 0.000000, 0.000000, 0.996588, 0.082540, -0.000000, -0.082540, 0.996588),
      ["LeftUpperArm"] = CFrame.new(0.234278, -0.774151, -0.198881, 0.952101, 0.118779, -0.281771, -0.287544, 0.034286, -0.957154, -0.104029, 0.992329, 0.066797),
      ["LeftUpperLeg"] = CFrame.new(-0.040118, -0.050854, -0.715601, 0.919662, 0.245940, 0.306162, -0.349248, 0.155710, 0.924002, 0.179577, -0.956696, 0.229095),
      ["LowerTorso"] = CFrame.new(0.002480, -1.582921, -1.394950, -0.999999, -0.000305, 0.001708, -0.000039, 0.988169, 0.153370, -0.001735, 0.153370, -0.988168),
      ["RightUpperArm"] = CFrame.new(0.092584, -0.963109, -0.280877, 0.551757, 0.767771, 0.325718, 0.795397, -0.366974, -0.482362, -0.250813, 0.525222, -0.813163),
      ["RightUpperLeg"] = CFrame.new(0.040123, -0.050872, -0.715587, 0.919662, -0.245940, -0.306162, 0.349248, 0.155710, 0.924002, -0.179577, -0.956696, 0.229095)
    }},
    { Time = 0.300, Data = {
      ["Head"] = CFrame.new(0.000000, 0.000924, -0.007864, 1.000000, -0.000000, 0.000000, 0.000000, 0.996935, 0.078234, -0.000000, -0.078234, 0.996935),
      ["LeftUpperArm"] = CFrame.new(0.234812, -0.774138, -0.196634, 0.952095, 0.118763, -0.281799, -0.287293, 0.031651, -0.957319, -0.104775, 0.992418, 0.064255),
      ["LeftUpperLeg"] = CFrame.new(-0.040118, -0.049023, -0.715819, 0.919653, 0.245988, 0.306152, -0.349756, 0.158415, 0.923350, 0.178634, -0.956240, 0.231723),
      ["LowerTorso"] = CFrame.new(0.002478, -1.583058, -1.395271, -0.999999, -0.000307, 0.001708, -0.000037, 0.987754, 0.156022, -0.001735, 0.156022, -0.987752),
      ["RightUpperArm"] = CFrame.new(0.091676, -0.964660, -0.282847, 0.550540, 0.773922, 0.312970, 0.798250, -0.378305, -0.468703, -0.244341, 0.507869, -0.826055),
      ["RightUpperLeg"] = CFrame.new(0.040124, -0.049040, -0.715805, 0.919653, -0.245988, -0.306152, 0.349756, 0.158415, 0.923350, -0.178634, -0.956240, 0.231723)
    }},
    { Time = 0.317, Data = {
      ["Head"] = CFrame.new(0.000000, 0.000928, -0.007988, 1.000000, -0.000000, 0.000000, 0.000000, 0.997289, 0.073583, -0.000000, -0.073583, 0.997289),
      ["LeftUpperArm"] = CFrame.new(0.235387, -0.774117, -0.194263, 0.952099, 0.118790, -0.281773, -0.286977, 0.028895, -0.957502, -0.105600, 0.992499, 0.061601),
      ["LeftUpperLeg"] = CFrame.new(-0.040105, -0.047067, -0.716082, 0.919669, 0.245920, 0.306156, -0.350253, 0.161150, 0.922688, 0.177570, -0.955800, 0.234338),
      ["LowerTorso"] = CFrame.new(0.002476, -1.583180, -1.395716, -0.999999, -0.000310, 0.001707, -0.000034, 0.987290, 0.158929, -0.001735, 0.158929, -0.987288),
      ["RightUpperArm"] = CFrame.new(0.090759, -0.966011, -0.284691, 0.549535, 0.779267, 0.301254, 0.800775, -0.388448, -0.455925, -0.238266, 0.491784, -0.837483),
      ["RightUpperLeg"] = CFrame.new(0.040111, -0.047084, -0.716067, 0.919669, -0.245920, -0.306156, 0.350253, 0.161150, 0.922688, -0.177570, -0.955800, 0.234338)
    }},
    { Time = 0.333, Data = {
      ["Head"] = CFrame.new(0.000000, 0.000933, -0.008119, 1.000000, -0.000000, 0.000000, 0.000000, 0.997633, 0.068758, -0.000000, -0.068758, 0.997633),
      ["LeftUpperArm"] = CFrame.new(0.235987, -0.774087, -0.191765, 0.952103, 0.118799, -0.281755, -0.286652, 0.026017, -0.957681, -0.106441, 0.992577, 0.058825),
      ["LeftUpperLeg"] = CFrame.new(-0.040109, -0.045031, -0.716324, 0.919652, 0.245948, 0.306186, -0.350829, 0.164058, 0.921957, 0.176521, -0.955298, 0.237162),
      ["LowerTorso"] = CFrame.new(0.002474, -1.583310, -1.396111, -0.999999, -0.000312, 0.001707, -0.000032, 0.986804, 0.161921, -0.001735, 0.161921, -0.986802),
      ["RightUpperArm"] = CFrame.new(0.089879, -0.967196, -0.286452, 0.548671, 0.783987, 0.290388, 0.803009, -0.397518, -0.444023, -0.232674, 0.476807, -0.847655),
      ["RightUpperLeg"] = CFrame.new(0.040115, -0.045048, -0.716310, 0.919652, -0.245948, -0.306186, 0.350829, 0.164058, 0.921957, -0.176521, -0.955298, 0.237162)
    }},
    { Time = 0.350, Data = {
      ["Head"] = CFrame.new(0.000000, 0.000937, -0.008256, 1.000000, -0.000000, 0.000000, 0.000000, 0.997971, 0.063673, -0.000000, -0.063673, 0.997971),
      ["LeftUpperArm"] = CFrame.new(0.236615, -0.774049, -0.189141, 0.952107, 0.118792, -0.281745, -0.286319, 0.023017, -0.957858, -0.107301, 0.992652, 0.055927),
      ["LeftUpperLeg"] = CFrame.new(-0.040096, -0.042853, -0.716599, 0.919668, 0.245949, 0.306137, -0.351360, 0.167207, 0.921188, 0.175377, -0.954752, 0.240192),
      ["LowerTorso"] = CFrame.new(0.002472, -1.583420, -1.396627, -0.999998, -0.000315, 0.001706, -0.000029, 0.986265, 0.165168, -0.001735, 0.165168, -0.986264),
      ["RightUpperArm"] = CFrame.new(0.089033, -0.968210, -0.288070, 0.547948, 0.788068, 0.280538, 0.804961, -0.405507, -0.433131, -0.227577, 0.463156, -0.856561),
      ["RightUpperLeg"] = CFrame.new(0.040102, -0.042871, -0.716584, 0.919668, -0.245949, -0.306137, 0.351360, 0.167207, 0.921188, -0.175377, -0.954752, 0.240192)
    }},
    { Time = 0.367, Data = {
      ["Head"] = CFrame.new(0.000000, 0.000942, -0.008400, 1.000000, -0.000000, 0.000000, 0.000000, 0.998297, 0.058329, -0.000000, -0.058329, 0.998297),
      ["LeftUpperArm"] = CFrame.new(0.237279, -0.774041, -0.186392, 0.952086, 0.118808, -0.281809, -0.286029, 0.019751, -0.958017, -0.108255, 0.992721, 0.052787),
      ["LeftUpperLeg"] = CFrame.new(-0.040087, -0.040586, -0.716902, 0.919676, 0.245914, 0.306141, -0.351950, 0.170456, 0.920367, 0.174147, -0.954186, 0.243314),
      ["LowerTorso"] = CFrame.new(0.002470, -1.583536, -1.397096, -0.999998, -0.000318, 0.001706, -0.000026, 0.985702, 0.168499, -0.001735, 0.168499, -0.985700),
      ["RightUpperArm"] = CFrame.new(0.088255, -0.969067, -0.289567, 0.547290, 0.791639, 0.271626, 0.806679, -0.412461, -0.423254, -0.223030, 0.450758, -0.864335),
      ["RightUpperLeg"] = CFrame.new(0.040092, -0.040604, -0.716887, 0.919676, -0.245914, -0.306141, 0.351950, 0.170456, 0.920367, -0.174147, -0.954186, 0.243314)
    }},
    { Time = 0.383, Data = {
      ["Head"] = CFrame.new(0.000000, 0.000946, -0.008551, 1.000000, -0.000000, 0.000000, 0.000000, 0.998609, 0.052724, -0.000000, -0.052724, 0.998609),
      ["LeftUpperArm"] = CFrame.new(0.237970, -0.774019, -0.183517, 0.952100, 0.118809, -0.281762, -0.285613, 0.016385, -0.958205, -0.109227, 0.992782, 0.049534),
      ["LeftUpperLeg"] = CFrame.new(-0.040094, -0.038234, -0.717174, 0.919650, 0.245957, 0.306185, -0.352608, 0.173770, 0.919495, 0.172950, -0.953577, 0.246534),
      ["LowerTorso"] = CFrame.new(0.002468, -1.583642, -1.397599, -0.999998, -0.000321, 0.001705, -0.000023, 0.985097, 0.172000, -0.001735, 0.171999, -0.985096),
      ["RightUpperArm"] = CFrame.new(0.087518, -0.969817, -0.290898, 0.546862, 0.794599, 0.263731, 0.808085, -0.418575, -0.414480, -0.218954, 0.439781, -0.871006),
      ["RightUpperLeg"] = CFrame.new(0.040100, -0.038251, -0.717159, 0.919650, -0.245957, -0.306185, 0.352608, 0.173770, 0.919495, -0.172950, -0.953577, 0.246534)
    }},
    { Time = 0.400, Data = {
      ["Head"] = CFrame.new(0.000000, 0.000951, -0.008708, 1.000000, -0.000000, 0.000000, 0.000000, 0.998901, 0.046860, -0.000000, -0.046860, 0.998901),
      ["LeftUpperArm"] = CFrame.new(0.238670, -0.773988, -0.180516, 0.952103, 0.118731, -0.281784, -0.285246, 0.012895, -0.958368, -0.110155, 0.992843, 0.046145),
      ["LeftUpperLeg"] = CFrame.new(-0.040085, -0.035740, -0.717478, 0.919657, 0.245973, 0.306150, -0.353219, 0.177322, 0.918582, 0.171659, -0.952919, 0.249958),
      ["LowerTorso"] = CFrame.new(0.002465, -1.583753, -1.398054, -0.999998, -0.000324, 0.001705, -0.000020, 0.984465, 0.175584, -0.001735, 0.175583, -0.984463),
      ["RightUpperArm"] = CFrame.new(0.086876, -0.970413, -0.292073, 0.546422, 0.797150, 0.256854, 0.809312, -0.423669, -0.406840, -0.215491, 0.430182, -0.876646),
      ["RightUpperLeg"] = CFrame.new(0.040091, -0.035757, -0.717464, 0.919657, -0.245973, -0.306150, 0.353219, 0.177322, 0.918582, -0.171659, -0.952919, 0.249958)
    }},
    { Time = 0.417, Data = {
      ["Head"] = CFrame.new(0.000000, 0.000957, -0.008872, 1.000000, -0.000000, 0.000000, 0.000000, 0.999170, 0.040736, -0.000000, -0.040736, 0.999170),
      ["LeftUpperArm"] = CFrame.new(0.239445, -0.773958, -0.177396, 0.952102, 0.118816, -0.281751, -0.284811, 0.009254, -0.958539, -0.111282, 0.992873, 0.042651),
      ["LeftUpperLeg"] = CFrame.new(-0.040079, -0.033154, -0.717812, 0.919656, 0.245953, 0.306170, -0.353888, 0.180970, 0.917613, 0.170282, -0.952238, 0.253470),
      ["LowerTorso"] = CFrame.new(0.002463, -1.583835, -1.398630, -0.999998, -0.000327, 0.001704, -0.000016, 0.983772, 0.179422, -0.001735, 0.179421, -0.983771),
      ["RightUpperArm"] = CFrame.new(0.086307, -0.970925, -0.293088, 0.546134, 0.799213, 0.250991, 0.810302, -0.428006, -0.400278, -0.212482, 0.421984, -0.881352),
      ["RightUpperLeg"] = CFrame.new(0.040085, -0.033172, -0.717797, 0.919656, -0.245953, -0.306170, 0.353888, 0.180970, 0.917613, -0.170282, -0.952238, 0.253470)
    }},
    { Time = 0.433, Data = {
      ["Head"] = CFrame.new(0.000000, 0.000962, -0.009043, 1.000000, -0.000000, 0.000000, 0.000000, 0.999410, 0.034351, -0.000000, -0.034351, 0.999410),
      ["LeftUpperArm"] = CFrame.new(0.240229, -0.773920, -0.174149, 0.952091, 0.118822, -0.281788, -0.284424, 0.005488, -0.958683, -0.112366, 0.992900, 0.039021),
      ["LeftUpperLeg"] = CFrame.new(-0.040074, -0.030457, -0.718151, 0.919654, 0.245967, 0.306163, -0.354571, 0.184820, 0.916581, 0.168863, -0.951495, 0.257184),
      ["LowerTorso"] = CFrame.new(0.002460, -1.583918, -1.399156, -0.999999, -0.000331, 0.001703, -0.000013, 0.983049, 0.183343, -0.001735, 0.183343, -0.983048),
      ["RightUpperArm"] = CFrame.new(0.085841, -0.971310, -0.293924, 0.545836, 0.800896, 0.246229, 0.811147, -0.431427, -0.394857, -0.210010, 0.415254, -0.885133),
      ["RightUpperLeg"] = CFrame.new(0.040080, -0.030475, -0.718137, 0.919654, -0.245967, -0.306163, 0.354571, 0.184820, 0.916581, -0.168863, -0.951495, 0.257184)
    }},
    { Time = 0.450, Data = {
      ["Head"] = CFrame.new(0.000000, 0.000968, -0.009220, 1.000000, -0.000000, 0.000000, 0.000000, 0.999614, 0.027793, -0.000000, -0.027793, 0.999614),
      ["LeftUpperArm"] = CFrame.new(0.241019, -0.773900, -0.170776, 0.952103, 0.118735, -0.281782, -0.283961, 0.001501, -0.958835, -0.113424, 0.992925, 0.035145),
      ["LeftUpperLeg"] = CFrame.new(-0.040073, -0.027669, -0.718519, 0.919644, 0.245945, 0.306211, -0.355310, 0.188765, 0.915490, 0.167358, -0.950726, 0.260983),
      ["LowerTorso"] = CFrame.new(0.002458, -1.583984, -1.399716, -0.999999, -0.000334, 0.001703, -0.000009, 0.982278, 0.187432, -0.001735, 0.187432, -0.982276),
      ["RightUpperArm"] = CFrame.new(0.085461, -0.971622, -0.294582, 0.545694, 0.802142, 0.242458, 0.811733, -0.434137, -0.390660, -0.208105, 0.409992, -0.888031),
      ["RightUpperLeg"] = CFrame.new(0.040078, -0.027686, -0.718505, 0.919644, -0.245945, -0.306211, 0.355310, 0.188765, 0.915490, -0.167358, -0.950726, 0.260983)
    }},
    { Time = 0.467, Data = {
      ["Head"] = CFrame.new(0.000000, 0.000974, -0.009404, 1.000000, -0.000000, 0.000000, 0.000000, 0.999782, 0.020889, -0.000000, -0.020889, 0.999782),
      ["LeftUpperArm"] = CFrame.new(0.241867, -0.773879, -0.167284, 0.952101, 0.118748, -0.281783, -0.283487, -0.002640, -0.958972, -0.114620, 0.992921, 0.031150),
      ["LeftUpperLeg"] = CFrame.new(-0.040051, -0.024711, -0.718887, 0.919675, 0.245948, 0.306116, -0.355949, 0.192942, 0.914371, 0.165825, -0.949886, 0.264989),
      ["LowerTorso"] = CFrame.new(0.002455, -1.584032, -1.400311, -0.999999, -0.000338, 0.001702, -0.000006, 0.981456, 0.191690, -0.001735, 0.191689, -0.981454),
      ["RightUpperArm"] = CFrame.new(0.085193, -0.971827, -0.295053, 0.545545, 0.803043, 0.239795, 0.812183, -0.436004, -0.387634, -0.206735, 0.406229, -0.890078),
      ["RightUpperLeg"] = CFrame.new(0.040056, -0.024729, -0.718873, 0.919675, -0.245948, -0.306116, 0.355949, 0.192942, 0.914371, -0.165825, -0.949886, 0.264989)
    }},
    { Time = 0.483, Data = {
      ["Head"] = CFrame.new(0.000000, 0.000980, -0.009595, 1.000000, -0.000000, 0.000000, 0.000000, 0.999905, 0.013811, -0.000000, -0.013811, 0.999905),
      ["LeftUpperArm"] = CFrame.new(0.242745, -0.773821, -0.163668, 0.952099, 0.118761, -0.281786, -0.283009, -0.006788, -0.959093, -0.115816, 0.992900, 0.027147),
      ["LeftUpperLeg"] = CFrame.new(-0.040053, -0.021718, -0.719291, 0.919656, 0.245924, 0.306194, -0.356756, 0.197178, 0.913152, 0.164191, -0.949022, 0.269071),
      ["LowerTorso"] = CFrame.new(0.002452, -1.584059, -1.400941, -0.999998, -0.000342, 0.001701, -0.000002, 0.980581, 0.196114, -0.001735, 0.196114, -0.980579),
      ["RightUpperArm"] = CFrame.new(0.085027, -0.971952, -0.295331, 0.545471, 0.803562, 0.238221, 0.812449, -0.437131, -0.385801, -0.205881, 0.403986, -0.891296),
      ["RightUpperLeg"] = CFrame.new(0.040059, -0.021736, -0.719277, 0.919656, -0.245924, -0.306194, 0.356756, 0.197178, 0.913152, -0.164191, -0.949022, 0.269071)
    }},
    { Time = 0.500, Data = {
      ["Head"] = CFrame.new(0.000000, 0.000986, -0.009793, 1.000000, -0.000000, 0.000000, 0.000000, 0.999979, 0.006474, -0.000000, -0.006474, 0.999979),
      ["LeftUpperArm"] = CFrame.new(0.243660, -0.773788, -0.159933, 0.952106, 0.118800, -0.281745, -0.282453, -0.011187, -0.959216, -0.117107, 0.992855, 0.022904),
      ["LeftUpperLeg"] = CFrame.new(-0.040035, -0.018551, -0.719683, 0.919677, 0.245908, 0.306143, -0.357452, 0.201540, 0.911927, 0.162550, -0.948109, 0.273251),
      ["LowerTorso"] = CFrame.new(0.002449, -1.584079, -1.401519, -0.999999, -0.000346, 0.001700, 0.000002, 0.979669, 0.200621, -0.001735, 0.200620, -0.979668),
      ["RightUpperArm"] = CFrame.new(0.084968, -0.972001, -0.295427, 0.545475, 0.803724, 0.237666, 0.812515, -0.437534, -0.385207, -0.205613, 0.403228, -0.891702),
      ["RightUpperLeg"] = CFrame.new(0.040041, -0.018568, -0.719669, 0.919677, -0.245908, -0.306143, 0.357452, 0.201540, 0.911927, -0.162550, -0.948109, 0.273251)
    }},
    { Time = 0.517, Data = {
      ["Head"] = CFrame.new(0.000000, 0.000993, -0.009997, 1.000000, 0.000000, 0.000000, 0.000000, 0.999999, -0.001209, 0.000000, 0.001209, 0.999999),
      ["LeftUpperArm"] = CFrame.new(0.244560, -0.773757, -0.156200, 0.952103, 0.118777, -0.281766, -0.281951, -0.015595, -0.959302, -0.118337, 0.992799, 0.018642),
      ["LeftUpperLeg"] = CFrame.new(-0.040039, -0.015441, -0.720093, 0.919656, 0.245918, 0.306199, -0.358264, 0.205958, 0.910620, 0.160874, -0.947157, 0.277514),
      ["LowerTorso"] = CFrame.new(0.002446, -1.584061, -1.402179, -0.999998, -0.000350, 0.001699, 0.000006, 0.978718, 0.205209, -0.001735, 0.205209, -0.978717),
      ["RightUpperArm"] = CFrame.new(0.084918, -0.971945, -0.295101, 0.545550, 0.803507, 0.238225, 0.812470, -0.437334, -0.385527, -0.205590, 0.403875, -0.891413),
      ["RightUpperLeg"] = CFrame.new(0.040045, -0.015459, -0.720080, 0.919656, -0.245918, -0.306199, 0.358264, 0.205958, 0.910620, -0.160874, -0.947157, 0.277514)
    }},
    { Time = 0.533, Data = {
      ["Head"] = CFrame.new(0.000000, 0.001000, -0.010208, 1.000000, 0.000000, 0.000000, 0.000000, 0.999959, -0.009064, 0.000000, 0.009064, 0.999959),
      ["LeftUpperArm"] = CFrame.new(0.245432, -0.773745, -0.152600, 0.952099, 0.118766, -0.281783, -0.281451, -0.019917, -0.959369, -0.119553, 0.992722, 0.014464),
      ["LeftUpperLeg"] = CFrame.new(-0.040022, -0.012382, -0.720492, 0.919675, 0.245885, 0.306167, -0.358938, 0.210191, 0.909386, 0.159251, -0.946235, 0.281565),
      ["LowerTorso"] = CFrame.new(0.002443, -1.584026, -1.402799, -0.999998, -0.000354, 0.001699, 0.000010, 0.977782, 0.209624, -0.001735, 0.209624, -0.977780),
      ["RightUpperArm"] = CFrame.new(0.084773, -0.971797, -0.294159, 0.545777, 0.802878, 0.239821, 0.812357, -0.436816, -0.386352, -0.205436, 0.405682, -0.890628),
      ["RightUpperLeg"] = CFrame.new(0.040028, -0.012400, -0.720478, 0.919675, -0.245885, -0.306167, 0.358938, 0.210191, 0.909386, -0.159251, -0.946235, 0.281565)
    }},
    { Time = 0.550, Data = {
      ["Head"] = CFrame.new(0.000000, 0.001007, -0.010426, 1.000000, 0.000000, 0.000000, 0.000000, 0.999854, -0.017091, 0.000000, 0.017091, 0.999854),
      ["LeftUpperArm"] = CFrame.new(0.246284, -0.773698, -0.149131, 0.952095, 0.118797, -0.281785, -0.280963, -0.023957, -0.959419, -0.120727, 0.992630, 0.010568),
      ["LeftUpperLeg"] = CFrame.new(-0.040019, -0.009442, -0.720835, 0.919669, 0.245949, 0.306135, -0.359610, 0.214275, 0.908167, 0.157766, -0.945302, 0.285508),
      ["LowerTorso"] = CFrame.new(0.002440, -1.583976, -1.403380, -0.999998, -0.000357, 0.001698, 0.000014, 0.976863, 0.213867, -0.001735, 0.213866, -0.976861),
      ["RightUpperArm"] = CFrame.new(0.084525, -0.971536, -0.292566, 0.546151, 0.801808, 0.242534, 0.812156, -0.435892, -0.387815, -0.205235, 0.408781, -0.889256),
      ["RightUpperLeg"] = CFrame.new(0.040024, -0.009459, -0.720821, 0.919669, -0.245949, -0.306135, 0.359610, 0.214275, 0.908167, -0.157766, -0.945302, 0.285508)
    }},
    { Time = 0.567, Data = {
      ["Head"] = CFrame.new(0.000000, 0.001014, -0.010650, 1.000000, 0.000000, 0.000000, 0.000000, 0.999676, -0.025463, 0.000000, 0.025463, 0.999676),
      ["LeftUpperArm"] = CFrame.new(0.247106, -0.773689, -0.145793, 0.952090, 0.118829, -0.281787, -0.280473, -0.027989, -0.959454, -0.121898, 0.992520, 0.006680),
      ["LeftUpperLeg"] = CFrame.new(-0.040020, -0.006637, -0.721217, 0.919653, 0.245945, 0.306185, -0.360318, 0.218246, 0.906940, 0.156233, -0.944394, 0.289329),
      ["LowerTorso"] = CFrame.new(0.002438, -1.583914, -1.403920, -0.999998, -0.000361, 0.001697, 0.000018, 0.975963, 0.217936, -0.001735, 0.217936, -0.975961),
      ["RightUpperArm"] = CFrame.new(0.084184, -0.971147, -0.290333, 0.546586, 0.800327, 0.246413, 0.811950, -0.434511, -0.389792, -0.204892, 0.413130, -0.887323),
      ["RightUpperLeg"] = CFrame.new(0.040026, -0.006655, -0.721203, 0.919653, -0.245945, -0.306185, 0.360318, 0.218246, 0.906940, -0.156233, -0.944394, 0.289329)
    }},
    { Time = 0.583, Data = {
      ["Head"] = CFrame.new(0.000000, 0.001021, -0.010881, 1.000000, 0.000000, 0.000000, 0.000000, 0.999419, -0.034092, 0.000000, 0.034092, 0.999419),
      ["LeftUpperArm"] = CFrame.new(0.247874, -0.773654, -0.142582, 0.952100, 0.118777, -0.281776, -0.279996, -0.031764, -0.959476, -0.122913, 0.992413, 0.003015),
      ["LeftUpperLeg"] = CFrame.new(-0.040001, -0.003885, -0.721587, 0.919679, 0.245895, 0.306148, -0.360890, 0.222035, 0.905792, 0.154754, -0.943523, 0.292942),
      ["LowerTorso"] = CFrame.new(0.002435, -1.583841, -1.404422, -0.999999, -0.000364, 0.001696, 0.000021, 0.975084, 0.221834, -0.001735, 0.221834, -0.975083),
      ["RightUpperArm"] = CFrame.new(0.083726, -0.970659, -0.287461, 0.547245, 0.798353, 0.251309, 0.811592, -0.432781, -0.392454, -0.204555, 0.418728, -0.884773),
      ["RightUpperLeg"] = CFrame.new(0.040007, -0.003902, -0.721573, 0.919679, -0.245895, -0.306148, 0.360890, 0.222035, 0.905792, -0.154754, -0.943523, 0.292942)
    }},
    { Time = 0.600, Data = {
      ["Head"] = CFrame.new(0.000000, 0.001028, -0.011112, 1.000000, 0.000000, 0.000000, 0.000000, 0.999087, -0.042720, 0.000000, 0.042720, 0.999087),
      ["LeftUpperArm"] = CFrame.new(0.248634, -0.773625, -0.139502, 0.952085, 0.118803, -0.281816, -0.279583, -0.035411, -0.959468, -0.123967, 0.992286, -0.000499),
      ["LeftUpperLeg"] = CFrame.new(-0.039999, -0.001276, -0.721935, 0.919670, 0.245892, 0.306176, -0.361512, 0.225678, 0.904643, 0.153347, -0.942659, 0.296443),
      ["LowerTorso"] = CFrame.new(0.002433, -1.583761, -1.404885, -0.999999, -0.000368, 0.001696, 0.000024, 0.974229, 0.225560, -0.001735, 0.225559, -0.974228),
      ["RightUpperArm"] = CFrame.new(0.083155, -0.970068, -0.283966, 0.548033, 0.795900, 0.257301, 0.811196, -0.430686, -0.395564, -0.204013, 0.425503, -0.881661),
      ["RightUpperLeg"] = CFrame.new(0.040005, -0.001294, -0.721921, 0.919670, -0.245892, -0.306176, 0.361512, 0.225678, 0.904643, -0.153347, -0.942659, 0.296443)
    }},
    { Time = 0.617, Data = {
      ["Head"] = CFrame.new(0.000000, 0.001036, -0.011337, 1.000000, 0.000000, 0.000000, 0.000000, 0.998699, -0.051000, 0.000000, 0.051000, 0.998699),
      ["LeftUpperArm"] = CFrame.new(0.249350, -0.773603, -0.136552, 0.952094, 0.118788, -0.281792, -0.279117, -0.038932, -0.959468, -0.124944, 0.992156, -0.003911),
      ["LeftUpperLeg"] = CFrame.new(-0.039994, 0.001244, -0.722254, 0.919670, 0.245924, 0.306152, -0.362072, 0.229211, 0.903530, 0.152026, -0.941798, 0.299840),
      ["LowerTorso"] = CFrame.new(0.002430, -1.583654, -1.405395, -0.999999, -0.000371, 0.001695, 0.000028, 0.973380, 0.229198, -0.001735, 0.229198, -0.973379),
      ["RightUpperArm"] = CFrame.new(0.082475, -0.969356, -0.279859, 0.548947, 0.792978, 0.264278, 0.810718, -0.428163, -0.399266, -0.203456, 0.433431, -0.877920),
      ["RightUpperLeg"] = CFrame.new(0.040000, 0.001227, -0.722241, 0.919670, -0.245924, -0.306152, 0.362072, 0.229211, 0.903530, -0.152026, -0.941798, 0.299840)
    }},
    { Time = 0.633, Data = {
      ["Head"] = CFrame.new(0.000000, 0.001043, -0.011554, 1.000000, 0.000000, 0.000000, 0.000000, 0.998252, -0.059105, 0.000000, 0.059105, 0.998252),
      ["LeftUpperArm"] = CFrame.new(0.250046, -0.773557, -0.133729, 0.952103, 0.118808, -0.281753, -0.278664, -0.042208, -0.959461, -0.125884, 0.992020, -0.007079),
      ["LeftUpperLeg"] = CFrame.new(-0.039989, 0.003657, -0.722569, 0.919668, 0.245922, 0.306157, -0.362610, 0.232531, 0.902465, 0.150744, -0.940984, 0.303025),
      ["LowerTorso"] = CFrame.new(0.002428, -1.583543, -1.405866, -0.999999, -0.000374, 0.001694, 0.000031, 0.972557, 0.232665, -0.001735, 0.232665, -0.972556),
      ["RightUpperArm"] = CFrame.new(0.081668, -0.968518, -0.275118, 0.549971, 0.789520, 0.272378, 0.810203, -0.425186, -0.403469, -0.202736, 0.442578, -0.873512),
      ["RightUpperLeg"] = CFrame.new(0.039995, 0.003639, -0.722556, 0.919668, -0.245922, -0.306157, 0.362610, 0.232531, 0.902465, -0.150744, -0.940984, 0.303025)
    }},
    { Time = 0.650, Data = {
      ["Head"] = CFrame.new(0.000000, 0.001050, -0.011765, 1.000000, 0.000000, 0.000000, 0.000000, 0.997756, -0.066948, 0.000000, 0.066948, 0.997756),
      ["LeftUpperArm"] = CFrame.new(0.250696, -0.773547, -0.131034, 0.952102, 0.118769, -0.281773, -0.278269, -0.045469, -0.959427, -0.126762, 0.991880, -0.010242),
      ["LeftUpperLeg"] = CFrame.new(-0.039980, 0.005984, -0.722844, 0.919675, 0.245938, 0.306124, -0.363079, 0.235642, 0.901469, 0.149570, -0.940206, 0.306009),
      ["LowerTorso"] = CFrame.new(0.002426, -1.583449, -1.406214, -0.999999, -0.000376, 0.001694, 0.000034, 0.971783, 0.235877, -0.001735, 0.235876, -0.971782),
      ["RightUpperArm"] = CFrame.new(0.080714, -0.967556, -0.269741, 0.551179, 0.785454, 0.281537, 0.809580, -0.421765, -0.408284, -0.201946, 0.452965, -0.868356),
