return {
  ["Astros side hump (m)"] = {
    { Time = 0.000, Data = {
      ["Balls"] = CFrame.new(-0.000683, -0.002163, 0.034471, 0.980592, 0.195065, -0.019706, -0.195930, 0.978621, -0.062555, 0.007082, 0.065201, 0.997847),
      ["Cock"] = CFrame.new(-0.000000, 0.000000, 0.038330, 0.757782, 0.652508, 0.000000, -0.652508, 0.757782, -0.000000, -0.000000, 0.000000, 1.000000),
      ["Head"] = CFrame.new(0.000000, 0.000000, -0.000000, 0.995369, -0.087272, 0.040306, 0.084202, 0.993812, 0.072436, -0.046379, -0.068707, 0.996558),
      ["LeftUpperArm"] = CFrame.new(-0.019639, -0.949769, 0.160573, 0.938106, -0.070127, 0.339174, 0.239556, 0.838638, -0.489182, -0.250139, 0.540156, 0.803531),
      ["LeftUpperLeg"] = CFrame.new(-0.137144, 0.078935, -0.177840, 0.818262, -0.572500, -0.051871, 0.262573, 0.291964, 0.919680, -0.511373, -0.766160, 0.389226),
      ["LowerTorso"] = CFrame.new(-1.022058, -1.138239, -2.211282, 0.000016, -0.259687, -0.965693, -1.000000, 0.000207, -0.000072, 0.000219, 0.965693, -0.259687),
      ["RightUpperArm"] = CFrame.new(-0.342078, -0.282761, -0.391872, 0.972897, 0.231117, 0.007481, 0.043408, -0.150762, -0.987617, -0.227127, 0.961174, -0.156708),
      ["RightUpperLeg"] = CFrame.new(0.000000, 0.069877, -0.470360, 1.000000, -0.000000, 0.000000, 0.000000, 0.741226, 0.671255, -0.000000, -0.671255, 0.741226)
    }},
    { Time = 0.017, Data = {
      ["Balls"] = CFrame.new(-0.000683, -0.002164, 0.034471, 0.987953, 0.153500, -0.019644, -0.154443, 0.986022, -0.062513, 0.009774, 0.064793, 0.997851),
      ["Cock"] = CFrame.new(-0.000000, 0.000000, 0.038330, 0.757722, 0.652578, 0.000000, -0.652578, 0.757722, -0.000000, -0.000000, 0.000000, 1.000000),
      ["Head"] = CFrame.new(0.000000, 0.000000, -0.000000, 0.995365, -0.087568, 0.039750, 0.084230, 0.993306, 0.079054, -0.046407, -0.075340, 0.996077),
      ["LeftUpperArm"] = CFrame.new(-0.019629, -0.949400, 0.161425, 0.938174, -0.070080, 0.338996, 0.239442, 0.838605, -0.489294, -0.249994, 0.540213, 0.803538),
      ["LeftUpperLeg"] = CFrame.new(-0.137139, 0.078916, -0.176714, 0.818278, -0.572487, -0.051760, 0.262134, 0.291503, 0.919952, -0.511573, -0.766345, 0.388599),
      ["LowerTorso"] = CFrame.new(-1.020913, -1.138319, -2.210860, 0.000009, -0.260355, -0.965513, -1.000000, 0.000288, -0.000087, 0.000300, 0.965513, -0.260355),
      ["RightUpperArm"] = CFrame.new(-0.342026, -0.282451, -0.391836, 0.972847, 0.231314, 0.007903, 0.043592, -0.149585, -0.987788, -0.227307, 0.961311, -0.155607),
      ["RightUpperLeg"] = CFrame.new(0.000000, 0.069645, -0.469202, 1.000000, -0.000000, 0.000000, 0.000000, 0.740729, 0.671804, -0.000000, -0.671804, 0.740729)
    }},
    { Time = 0.033, Data = {
      ["Balls"] = CFrame.new(-0.000682, -0.002163, 0.034471, 0.993495, 0.112155, -0.019699, -0.113182, 0.991602, -0.062572, 0.012516, 0.064395, 0.997846),
      ["Cock"] = CFrame.new(-0.000000, 0.000000, 0.038330, 0.757421, 0.652926, 0.000000, -0.652926, 0.757421, -0.000000, -0.000000, 0.000000, 1.000000),
      ["Head"] = CFrame.new(0.000000, 0.000000, -0.000000, 0.995369, -0.087772, 0.039204, 0.084176, 0.992776, 0.085496, -0.046425, -0.081800, 0.995567),
      ["LeftUpperArm"] = CFrame.new(-0.019605, -0.948300, 0.163971, 0.938404, -0.069963, 0.338382, 0.239077, 0.838506, -0.489642, -0.249479, 0.540381, 0.803585),
      ["LeftUpperLeg"] = CFrame.new(-0.137144, 0.078966, -0.173326, 0.818285, -0.572487, -0.051661, 0.261036, 0.290026, 0.920731, -0.512123, -0.766905, 0.386764),
      ["LowerTorso"] = CFrame.new(-1.017486, -1.138315, -2.209596, -0.000060, -0.262358, -0.964971, -1.000000, 0.000282, -0.000015, 0.000276, 0.964971, -0.262358),
      ["RightUpperArm"] = CFrame.new(-0.341933, -0.281559, -0.391721, 0.972752, 0.231667, 0.009176, 0.044138, -0.146191, -0.988271, -0.227608, 0.961748, -0.152433),
      ["RightUpperLeg"] = CFrame.new(0.000000, 0.068950, -0.465742, 1.000000, -0.000000, 0.000000, 0.000000, 0.739360, 0.673310, -0.000000, -0.673310, 0.739360)
    }},
    { Time = 0.050, Data = {
      ["Balls"] = CFrame.new(-0.000682, -0.002163, 0.034471, 0.997244, 0.071528, -0.019699, -0.072631, 0.995394, -0.062570, 0.015133, 0.063828, 0.997846),
      ["Cock"] = CFrame.new(-0.000000, 0.000000, 0.038330, 0.756940, 0.653484, 0.000000, -0.653484, 0.756940, -0.000000, -0.000000, 0.000000, 1.000000),
      ["Head"] = CFrame.new(0.000000, -0.000000, 0.000000, 0.995369, -0.088054, 0.038571, 0.084215, 0.992206, 0.091847, -0.046357, -0.088173, 0.995026),
      ["LeftUpperArm"] = CFrame.new(-0.019571, -0.946466, 0.168164, 0.938796, -0.069792, 0.337330, 0.238449, 0.838389, -0.490149, -0.248605, 0.540586, 0.803718),
      ["LeftUpperLeg"] = CFrame.new(-0.137140, 0.078980, -0.167731, 0.818321, -0.572467, -0.051310, 0.259084, 0.287713, 0.922007, -0.513056, -0.767791, 0.383758),
      ["LowerTorso"] = CFrame.new(-1.012016, -1.138219, -2.207548, 0.000034, -0.265469, -0.964120, -1.000000, 0.000188, -0.000087, 0.000204, 0.964119, -0.265469),
      ["RightUpperArm"] = CFrame.new(-0.341741, -0.280076, -0.391547, 0.972557, 0.232395, 0.011164, 0.044939, -0.140552, -0.989053, -0.228282, 0.962412, -0.147138),
      ["RightUpperLeg"] = CFrame.new(0.000000, 0.067801, -0.460017, 1.000000, -0.000000, 0.000000, 0.000000, 0.737049, 0.675839, -0.000000, -0.675839, 0.737049)
    }},
    { Time = 0.067, Data = {
      ["Balls"] = CFrame.new(-0.000682, -0.002163, 0.034471, 0.999291, 0.032108, -0.019661, -0.033280, 0.997490, -0.062495, 0.017605, 0.063105, 0.997852),
      ["Cock"] = CFrame.new(-0.000000, 0.000000, 0.038330, 0.756278, 0.654251, 0.000000, -0.654251, 0.756278, -0.000000, -0.000000, 0.000000, 1.000000),
      ["Head"] = CFrame.new(0.000000, -0.000000, 0.000000, 0.995365, -0.088331, 0.038033, 0.084256, 0.991619, 0.097941, -0.046366, -0.094282, 0.994465),
      ["LeftUpperArm"] = CFrame.new(-0.019524, -0.943933, 0.173980, 0.939348, -0.069552, 0.335841, 0.237569, 0.838205, -0.490891, -0.247361, 0.540902, 0.803889),
      ["LeftUpperLeg"] = CFrame.new(-0.137124, 0.079014, -0.159955, 0.818390, -0.572402, -0.050922, 0.256407, 0.284416, 0.923776, -0.514288, -0.769067, 0.379531),
      ["LowerTorso"] = CFrame.new(-1.004318, -1.138199, -2.204661, 0.000053, -0.269901, -0.962888, -1.000000, 0.000168, -0.000102, 0.000190, 0.962888, -0.269901),
      ["RightUpperArm"] = CFrame.new(-0.341497, -0.278025, -0.391315, 0.972297, 0.233325, 0.014056, 0.046171, -0.132756, -0.990073, -0.229142, 0.963294, -0.139852),
      ["RightUpperLeg"] = CFrame.new(0.000000, 0.066210, -0.452090, 1.000000, -0.000000, 0.000000, 0.000000, 0.733909, 0.679247, -0.000000, -0.679247, 0.733909)
    }},
    { Time = 0.083, Data = {
      ["Balls"] = CFrame.new(-0.000681, -0.002163, 0.034471, 0.999791, -0.005538, -0.019690, 0.004297, 0.998035, -0.062512, 0.019997, 0.062415, 0.997850),
      ["Cock"] = CFrame.new(-0.000000, 0.000000, 0.038330, 0.755433, 0.655226, 0.000000, -0.655226, 0.755433, -0.000000, -0.000000, 0.000000, 1.000000),
      ["Head"] = CFrame.new(0.000000, 0.000000, 0.000000, 0.995368, -0.088516, 0.037511, 0.084219, 0.991029, 0.103773, -0.046360, -0.100133, 0.993893),
      ["LeftUpperArm"] = CFrame.new(-0.019463, -0.940729, 0.181354, 0.940057, -0.069243, 0.333914, 0.236436, 0.837954, -0.491865, -0.245747, 0.541331, 0.804096),
      ["LeftUpperLeg"] = CFrame.new(-0.137133, 0.079067, -0.150133, 0.818420, -0.572401, -0.050453, 0.253038, 0.280173, 0.926000, -0.515908, -0.770623, 0.374138),
      ["LowerTorso"] = CFrame.new(-0.994512, -1.138342, -2.200956, -0.000019, -0.275569, -0.961281, -1.000000, 0.000312, -0.000070, 0.000320, 0.961281, -0.275569),
      ["RightUpperArm"] = CFrame.new(-0.341206, -0.275434, -0.391042, 0.971971, 0.234431, 0.017724, 0.047719, -0.122904, -0.991271, -0.230206, 0.964332, -0.130646),
      ["RightUpperLeg"] = CFrame.new(0.000000, 0.064194, -0.442048, 1.000000, -0.000000, 0.000000, 0.000000, 0.729801, 0.683660, -0.000000, -0.683660, 0.729801)
    }},
    { Time = 0.100, Data = {
      ["Balls"] = CFrame.new(-0.000681, -0.002163, 0.034471, 0.998964, -0.041021, -0.019705, 0.039717, 0.997253, -0.062529, 0.022216, 0.061682, 0.997849),
      ["Cock"] = CFrame.new(-0.000000, 0.000000, 0.038330, 0.754406, 0.656408, 0.000000, -0.656408, 0.754406, -0.000000, -0.000000, 0.000000, 1.000000),
      ["Head"] = CFrame.new(0.000000, 0.000000, -0.000000, 0.995368, -0.088696, 0.037088, 0.084186, 0.990442, 0.109263, -0.046425, -0.105634, 0.993321),
      ["LeftUpperArm"] = CFrame.new(-0.019379, -0.936877, 0.190189, 0.940868, -0.068831, 0.331707, 0.235083, 0.837682, -0.492975, -0.243933, 0.541803, 0.804330),
      ["LeftUpperLeg"] = CFrame.new(-0.137145, 0.079101, -0.138348, 0.818451, -0.572412, -0.049823, 0.248936, 0.275108, 0.928626, -0.517850, -0.772438, 0.367657),
      ["LowerTorso"] = CFrame.new(-0.982880, -1.138224, -2.196503, 0.000026, -0.282240, -0.959344, -1.000000, 0.000194, -0.000084, 0.000210, 0.959344, -0.282240),
      ["RightUpperArm"] = CFrame.new(-0.340844, -0.272292, -0.390750, 0.971550, 0.235805, 0.022051, 0.049459, -0.110958, -0.992594, -0.231612, 0.965445, -0.119464),
      ["RightUpperLeg"] = CFrame.new(0.000000, 0.061776, -0.430001, 1.000000, -0.000000, 0.000000, 0.000000, 0.724892, 0.688862, -0.000000, -0.688862, 0.724892)
    }},
    { Time = 0.117, Data = {
      ["Balls"] = CFrame.new(-0.000681, -0.002162, 0.034471, 0.997080, -0.073790, -0.019637, 0.072435, 0.995411, -0.062534, 0.024161, 0.060929, 0.997850),
      ["Cock"] = CFrame.new(-0.000000, 0.000000, 0.038330, 0.753194, 0.657798, 0.000000, -0.657798, 0.753194, -0.000000, -0.000000, 0.000000, 1.000000),
      ["Head"] = CFrame.new(0.000000, -0.000000, -0.000000, 0.995364, -0.088950, 0.036590, 0.084252, 0.989855, 0.114405, -0.046395, -0.110791, 0.992760),
      ["LeftUpperArm"] = CFrame.new(-0.019307, -0.932424, 0.200392, 0.941818, -0.068449, 0.329079, 0.233545, 0.837376, -0.494225, -0.241734, 0.542325, 0.804642),
      ["LeftUpperLeg"] = CFrame.new(-0.137138, 0.079155, -0.124666, 0.818533, -0.572355, -0.049134, 0.244227, 0.269301, 0.931574, -0.519959, -0.774524, 0.360216),
      ["LowerTorso"] = CFrame.new(-0.969342, -1.138343, -2.191265, -0.000023, -0.290043, -0.957013, -1.000000, 0.000314, -0.000071, 0.000321, 0.957013, -0.290043),
      ["RightUpperArm"] = CFrame.new(-0.340478, -0.268684, -0.390450, 0.971082, 0.237200, 0.027140, 0.051530, -0.097238, -0.993927, -0.233120, 0.966582, -0.106649),
      ["RightUpperLeg"] = CFrame.new(0.000000, 0.058982, -0.416081, 1.000000, -0.000000, 0.000000, 0.000000, 0.719229, 0.694774, -0.000000, -0.694774, 0.719229)
    }},
    { Time = 0.133, Data = {
      ["Balls"] = CFrame.new(-0.000680, -0.002162, 0.034471, 0.994427, -0.103579, -0.019665, 0.102173, 0.992800, -0.062525, 0.026000, 0.060168, 0.997850),
      ["Cock"] = CFrame.new(-0.000000, 0.000000, 0.038330, 0.751858, 0.659325, 0.000000, -0.659325, 0.751858, -0.000000, -0.000000, 0.000000, 1.000000),
      ["Head"] = CFrame.new(0.000000, 0.000000, -0.000000, 0.995363, -0.089111, 0.036205, 0.084239, 0.989311, 0.119032, -0.046425, -0.115430, 0.992230),
      ["LeftUpperArm"] = CFrame.new(-0.019207, -0.927429, 0.211871, 0.942865, -0.067950, 0.326172, 0.231796, 0.837000, -0.495683, -0.239324, 0.542967, 0.804929),
      ["LeftUpperLeg"] = CFrame.new(-0.137160, 0.079178, -0.109326, 0.818563, -0.572381, -0.048310, 0.238860, 0.262692, 0.934847, -0.522398, -0.776771, 0.351749),
      ["LowerTorso"] = CFrame.new(-0.954268, -1.138200, -2.185340, 0.000044, -0.298672, -0.954356, -1.000000, 0.000173, -0.000100, 0.000195, 0.954356, -0.298672),
      ["RightUpperArm"] = CFrame.new(-0.340051, -0.264594, -0.390177, 0.970507, 0.238822, 0.032869, 0.053807, -0.081686, -0.995205, -0.234992, 0.967622, -0.092127),
      ["RightUpperLeg"] = CFrame.new(0.000000, 0.055843, -0.400440, 1.000000, -0.000000, 0.000000, 0.000000, 0.712723, 0.701446, -0.000000, -0.701446, 0.712723)
    }},
    { Time = 0.150, Data = {
      ["Balls"] = CFrame.new(-0.000680, -0.002162, 0.034471, 0.991324, -0.129953, -0.019717, 0.128502, 0.989738, -0.062493, 0.027635, 0.059417, 0.997851),
      ["Cock"] = CFrame.new(-0.000000, 0.000000, 0.038330, 0.750397, 0.660988, 0.000000, -0.660988, 0.750397, -0.000000, -0.000000, 0.000000, 1.000000),
      ["Head"] = CFrame.new(0.000000, 0.000000, 0.000000, 0.995363, -0.089261, 0.035842, 0.084239, 0.988807, 0.123142, -0.046433, -0.119552, 0.991742),
      ["LeftUpperArm"] = CFrame.new(-0.019105, -0.921939, 0.224485, 0.943993, -0.067432, 0.323003, 0.229905, 0.836588, -0.497257, -0.236689, 0.543666, 0.805236),
      ["LeftUpperLeg"] = CFrame.new(-0.137151, 0.079213, -0.092373, 0.818663, -0.572312, -0.047433, 0.232980, 0.255498, 0.938318, -0.524892, -0.779217, 0.342504),
      ["LowerTorso"] = CFrame.new(-0.937680, -1.138226, -2.178723, 0.000019, -0.308182, -0.951327, -1.000000, 0.000197, -0.000084, 0.000213, 0.951327, -0.308182),
      ["RightUpperArm"] = CFrame.new(-0.339617, -0.260111, -0.389946, 0.969866, 0.240472, 0.039157, 0.056252, -0.064641, -0.996322, -0.237056, 0.968501, -0.076220),
      ["RightUpperLeg"] = CFrame.new(0.000000, 0.052392, -0.383250, 1.000000, -0.000000, 0.000000, 0.000000, 0.705546, 0.708664, -0.000000, -0.708664, 0.705546)
    }},
    { Time = 0.167, Data = {
      ["Balls"] = CFrame.new(-0.000680, -0.002162, 0.034471, 0.988069, -0.152748, -0.019704, 0.151261, 0.986515, -0.062510, 0.028986, 0.058784, 0.997850),
      ["Cock"] = CFrame.new(-0.000000, 0.000000, 0.038330, 0.748808, 0.662787, 0.000000, -0.662787, 0.748808, -0.000000, -0.000000, 0.000000, 1.000000),
      ["Head"] = CFrame.new(0.000000, -0.000000, 0.000000, 0.995363, -0.089400, 0.035506, 0.084253, 0.988363, 0.126651, -0.046416, -0.123072, 0.991312),
      ["LeftUpperArm"] = CFrame.new(-0.018990, -0.916000, 0.238074, 0.945237, -0.066853, 0.319466, 0.227756, 0.836200, -0.498896, -0.233785, 0.544335, 0.805633),
      ["LeftUpperLeg"] = CFrame.new(-0.137148, 0.079227, -0.074055, 0.818757, -0.572255, -0.046493, 0.226588, 0.247660, 0.941978, -0.527537, -0.781785, 0.332439),
      ["LowerTorso"] = CFrame.new(-0.919736, -1.138229, -2.171448, 0.000011, -0.318483, -0.947929, -1.000000, 0.000202, -0.000080, 0.000217, 0.947929, -0.318483),
      ["RightUpperArm"] = CFrame.new(-0.339213, -0.255261, -0.389769, 0.969183, 0.242008, 0.045999, 0.058865, -0.046201, -0.997196, -0.239205, 0.969174, -0.059023),
      ["RightUpperLeg"] = CFrame.new(0.000000, 0.048669, -0.364699, 1.000000, -0.000000, 0.000000, 0.000000, 0.697678, 0.716412, -0.000000, -0.716412, 0.697678)
    }},
    { Time = 0.183, Data = {
      ["Balls"] = CFrame.new(-0.000680, -0.002162, 0.034471, 0.984949, -0.171725, -0.019632, 0.170211, 0.983419, -0.062569, 0.030051, 0.058286, 0.997847),
      ["Cock"] = CFrame.new(-0.000000, 0.000000, 0.038330, 0.747154, 0.664651, 0.000000, -0.664651, 0.747154, -0.000000, -0.000000, 0.000000, 1.000000),
      ["Head"] = CFrame.new(0.000000, -0.000000, 0.000000, 0.995370, -0.089443, 0.035199, 0.084194, 0.987980, 0.129643, -0.046371, -0.126080, 0.990936),
      ["LeftUpperArm"] = CFrame.new(-0.018884, -0.909710, 0.252540, 0.946516, -0.066299, 0.315771, 0.225577, 0.835713, -0.500698, -0.230699, 0.545150, 0.805971),
      ["LeftUpperLeg"] = CFrame.new(-0.137175, 0.079227, -0.054597, 0.818796, -0.572277, -0.045514, 0.219766, 0.239215, 0.945769, -0.530354, -0.784395, 0.321635),
      ["LowerTorso"] = CFrame.new(-0.900826, -1.138257, -2.163638, -0.000021, -0.329272, -0.944235, -1.000000, 0.000233, -0.000059, 0.000239, 0.944235, -0.329272),
      ["RightUpperArm"] = CFrame.new(-0.338796, -0.250124, -0.389680, 0.968412, 0.243593, 0.053297, 0.061619, -0.026667, -0.997743, -0.241622, 0.969511, -0.040834),
      ["RightUpperLeg"] = CFrame.new(0.000000, 0.044713, -0.344991, 1.000000, -0.000000, 0.000000, 0.000000, 0.689229, 0.724543, -0.000000, -0.724543, 0.689229)
    }},
    { Time = 0.200, Data = {
      ["Balls"] = CFrame.new(-0.000680, -0.002162, 0.034471, 0.982245, -0.186568, -0.019699, 0.185029, 0.980743, -0.062506, 0.030981, 0.057752, 0.997850),
      ["Cock"] = CFrame.new(0.000000, 0.000000, 0.038330, 0.745370, 0.666651, 0.000000, -0.666651, 0.745370, -0.000000, -0.000000, 0.000000, 1.000000),
      ["Head"] = CFrame.new(0.000000, 0.000000, 0.000000, 0.995366, -0.089564, 0.035002, 0.084232, 0.987670, 0.131955, -0.046389, -0.128395, 0.990638),
      ["LeftUpperArm"] = CFrame.new(-0.018751, -0.903107, 0.267680, 0.947856, -0.065634, 0.311867, 0.223185, 0.835249, -0.502542, -0.227502, 0.545941, 0.806344),
      ["LeftUpperLeg"] = CFrame.new(-0.137197, 0.079197, -0.034157, 0.818850, -0.572284, -0.044447, 0.212559, 0.230388, 0.949600, -0.533201, -0.787027, 0.310297),
      ["LowerTorso"] = CFrame.new(-0.881056, -1.138204, -2.155321, 0.000031, -0.340535, -0.940232, -1.000000, 0.000179, -0.000098, 0.000202, 0.940232, -0.340535),
      ["RightUpperArm"] = CFrame.new(-0.338404, -0.244701, -0.389688, 0.967584, 0.245086, 0.060939, 0.064380, -0.006047, -0.997907, -0.244204, 0.969483, -0.021630),
      ["RightUpperLeg"] = CFrame.new(0.000000, 0.040568, -0.324341, 1.000000, -0.000000, 0.000000, 0.000000, 0.680319, 0.732916, -0.000000, -0.732916, 0.680319)
    }},
    { Time = 0.217, Data = {
      ["Balls"] = CFrame.new(-0.000680, -0.002162, 0.034471, 0.980146, -0.197296, -0.019709, 0.195739, 0.978658, -0.062561, 0.031631, 0.057461, 0.997846),
      ["Cock"] = CFrame.new(-0.000000, 0.000000, 0.038330, 0.743519, 0.668715, 0.000000, -0.668715, 0.743519, -0.000000, -0.000000, 0.000000, 1.000000),
      ["Head"] = CFrame.new(0.000000, 0.000000, 0.000000, 0.995369, -0.089589, 0.034839, 0.084197, 0.987444, 0.133664, -0.046376, -0.130112, 0.990414),
      ["LeftUpperArm"] = CFrame.new(-0.018623, -0.896285, 0.283358, 0.949203, -0.064985, 0.307881, 0.220773, 0.834732, -0.504462, -0.224215, 0.546808, 0.806677),
      ["LeftUpperLeg"] = CFrame.new(-0.137224, 0.079183, -0.012950, 0.818898, -0.572299, -0.043346, 0.205138, 0.221321, 0.953381, -0.536026, -0.789614, 0.298640),
      ["LowerTorso"] = CFrame.new(-0.860530, -1.138255, -2.146529, -0.000023, -0.352259, -0.935902, -1.000000, 0.000231, -0.000063, 0.000239, 0.935902, -0.352259),
      ["RightUpperArm"] = CFrame.new(-0.338020, -0.239117, -0.389811, 0.966678, 0.246542, 0.068927, 0.067261, 0.015185, -0.997620, -0.247002, 0.969013, -0.001904),
      ["RightUpperLeg"] = CFrame.new(0.000000, 0.036279, -0.302975, 1.000000, -0.000000, 0.000000, 0.000000, 0.671003, 0.741454, -0.000000, -0.741454, 0.671003)
    }},
    { Time = 0.233, Data = {
      ["Balls"] = CFrame.new(-0.000680, -0.002162, 0.034472, 0.978806, -0.203842, -0.019680, 0.202277, 0.977328, -0.062559, 0.031986, 0.057252, 0.997847),
      ["Cock"] = CFrame.new(-0.000000, 0.000000, 0.038330, 0.741661, 0.670775, 0.000000, -0.670775, 0.741661, -0.000000, -0.000000, 0.000000, 1.000000),
      ["Head"] = CFrame.new(0.000000, -0.000000, 0.000000, 0.995362, -0.089693, 0.034786, 0.084259, 0.987298, 0.134693, -0.046426, -0.131138, 0.990277),
      ["LeftUpperArm"] = CFrame.new(-0.018504, -0.889307, 0.299384, 0.950556, -0.064364, 0.303809, 0.218332, 0.834211, -0.506382, -0.220848, 0.547676, 0.807017),
      ["LeftUpperLeg"] = CFrame.new(-0.137255, 0.079129, 0.008776, 0.818940, -0.572322, -0.042244, 0.197467, 0.211910, 0.957132, -0.538836, -0.792175, 0.286556),
      ["LowerTorso"] = CFrame.new(-0.839705, -1.138265, -2.137429, 0.000033, -0.364085, -0.931366, -1.000000, 0.000243, -0.000130, 0.000273, 0.931366, -0.364085),
      ["RightUpperArm"] = CFrame.new(-0.337697, -0.233388, -0.390047, 0.965747, 0.247773, 0.077078, 0.070077, 0.036966, -0.996856, -0.249844, 0.968112, 0.018337),
      ["RightUpperLeg"] = CFrame.new(0.000000, 0.031894, -0.281128, 1.000000, -0.000000, 0.000000, 0.000000, 0.661340, 0.750086, -0.000000, -0.750086, 0.661340)
    }},
    { Time = 0.250, Data = {
      ["Balls"] = CFrame.new(-0.000680, -0.002160, 0.034472, 0.978361, -0.205967, -0.019707, 0.204398, 0.976890, -0.062503, 0.032125, 0.057122, 0.997850),
      ["Cock"] = CFrame.new(-0.000000, -0.000000, 0.038330, 0.739734, 0.672900, 0.000000, -0.672900, 0.739734, -0.000000, -0.000000, 0.000000, 1.000000),
      ["Head"] = CFrame.new(0.000000, 0.000000, -0.000000, 0.995365, -0.089693, 0.034685, 0.084257, 0.987252, 0.135032, -0.046354, -0.131484, 0.990234),
      ["LeftUpperArm"] = CFrame.new(-0.018368, -0.882261, 0.315602, 0.951927, -0.063678, 0.299633, 0.215790, 0.833650, -0.508393, -0.217415, 0.548610, 0.807315),
      ["LeftUpperLeg"] = CFrame.new(-0.137277, 0.079048, 0.030810, 0.819001, -0.572315, -0.041141, 0.189662, 0.202347, 0.960773, -0.541540, -0.794677, 0.274268),
      ["LowerTorso"] = CFrame.new(-0.818683, -1.138261, -2.128066, 0.000031, -0.376006, -0.926617, -1.000000, 0.000241, -0.000132, 0.000273, 0.926617, -0.376006),
      ["RightUpperArm"] = CFrame.new(-0.337430, -0.227628, -0.390402, 0.964791, 0.248788, 0.085336, 0.072881, 0.058868, -0.995602, -0.252717, 0.966767, 0.038663),
      ["RightUpperLeg"] = CFrame.new(0.000000, 0.027460, -0.259039, 1.000000, -0.000000, 0.000000, 0.000000, 0.651393, 0.758740, -0.000000, -0.758740, 0.651393)
    }},
    { Time = 0.267, Data = {
      ["Balls"] = CFrame.new(-0.000679, -0.002162, 0.034472, 0.978806, -0.203842, -0.019680, 0.202277, 0.977328, -0.062559, 0.031986, 0.057252, 0.997847),
      ["Cock"] = CFrame.new(0.000000, 0.000000, 0.038330, 0.737800, 0.675020, 0.000000, -0.675020, 0.737800, -0.000000, -0.000000, 0.000000, 1.000000),
      ["Head"] = CFrame.new(0.000000, -0.000000, 0.000000, 0.995362, -0.089693, 0.034786, 0.084259, 0.987298, 0.134693, -0.046426, -0.131138, 0.990277),
      ["LeftUpperArm"] = CFrame.new(-0.018243, -0.875203, 0.331801, 0.953302, -0.063035, 0.295368, 0.213207, 0.833132, -0.510328, -0.213912, 0.549471, 0.807665),
      ["LeftUpperLeg"] = CFrame.new(-0.137346, 0.078962, 0.052833, 0.818966, -0.572444, -0.040020, 0.181844, 0.192743, 0.964253, -0.544267, -0.796968, 0.261945),
      ["LowerTorso"] = CFrame.new(-0.797709, -1.138280, -2.118545, -0.000057, -0.387882, -0.921709, -1.000000, 0.000259, -0.000048, 0.000257, 0.921709, -0.387882),
      ["RightUpperArm"] = CFrame.new(-0.337190, -0.221843, -0.390882, 0.963779, 0.249701, 0.093698, 0.075670, 0.080866, -0.993849, -0.255742, 0.964940, 0.059042),
      ["RightUpperLeg"] = CFrame.new(0.000000, 0.023027, -0.236950, 1.000000, -0.000000, 0.000000, 0.000000, 0.641449, 0.767166, -0.000000, -0.767166, 0.641449)
    }},
    { Time = 0.283, Data = {
      ["Balls"] = CFrame.new(-0.000680, -0.002162, 0.034472, 0.980146, -0.197296, -0.019709, 0.195739, 0.978658, -0.062561, 0.031631, 0.057461, 0.997846),
      ["Cock"] = CFrame.new(0.000000, 0.000000, 0.038330, 0.735921, 0.677068, 0.000000, -0.677068, 0.735921, -0.000000, -0.000000, 0.000000, 1.000000),
      ["Head"] = CFrame.new(0.000000, 0.000000, 0.000000, 0.995369, -0.089589, 0.034839, 0.084197, 0.987444, 0.133664, -0.046376, -0.130112, 0.990414),
      ["LeftUpperArm"] = CFrame.new(-0.018127, -0.868229, 0.347830, 0.954598, -0.062427, 0.291281, 0.210745, 0.832596, -0.512221, -0.210543, 0.550351, 0.807951),
      ["LeftUpperLeg"] = CFrame.new(-0.137377, 0.078868, 0.074731, 0.819009, -0.572459, -0.038924, 0.174096, 0.183290, 0.967520, -0.546732, -0.799184, 0.249779),
      ["LowerTorso"] = CFrame.new(-0.777079, -1.138316, -2.109001, -0.000030, -0.399510, -0.916729, -1.000000, 0.000298, -0.000097, 0.000312, 0.916729, -0.399510),
      ["RightUpperArm"] = CFrame.new(-0.337000, -0.216159, -0.391472, 0.962762, 0.250425, 0.101861, 0.078262, 0.102477, -0.991652, -0.258773, 0.962697, 0.079062),
      ["RightUpperLeg"] = CFrame.new(0.000000, 0.018642, -0.215102, 1.000000, -0.000000, 0.000000, 0.000000, 0.631438, 0.775426, -0.000000, -0.775426, 0.631438)
    }},
    { Time = 0.300, Data = {
      ["Balls"] = CFrame.new(-0.000680, -0.002162, 0.034471, 0.982245, -0.186568, -0.019699, 0.185029, 0.980743, -0.062506, 0.030981, 0.057752, 0.997850),
      ["Cock"] = CFrame.new(-0.000000, 0.000000, 0.038330, 0.734035, 0.679111, 0.000000, -0.679111, 0.734035, -0.000000, -0.000000, 0.000000, 1.000000),
      ["Head"] = CFrame.new(0.000000, 0.000000, 0.000000, 0.995366, -0.089564, 0.035002, 0.084232, 0.987670, 0.131955, -0.046389, -0.128395, 0.990638),
      ["LeftUpperArm"] = CFrame.new(-0.018011, -0.861413, 0.363512, 0.955876, -0.061824, 0.287190, 0.208276, 0.832056, -0.514104, -0.207175, 0.551235, 0.808219),
      ["LeftUpperLeg"] = CFrame.new(-0.137440, 0.078746, 0.096147, 0.818985, -0.572569, -0.037806, 0.166457, 0.174008, 0.970574, -0.549141, -0.801178, 0.237818),
      ["LowerTorso"] = CFrame.new(-0.756960, -1.138242, -2.099522, 0.000040, -0.410828, -0.911713, -1.000000, 0.000225, -0.000145, 0.000265, 0.911713, -0.410828),
      ["RightUpperArm"] = CFrame.new(-0.336888, -0.210600, -0.392155, 0.961765, 0.250850, 0.109923, 0.080799, 0.123613, -0.989036, -0.261687, 0.960101, 0.098618),
      ["RightUpperLeg"] = CFrame.new(0.000000, 0.014353, -0.193737, 1.000000, -0.000000, 0.000000, 0.000000, 0.621516, 0.783402, -0.000000, -0.783402, 0.621516)
    }},
    { Time = 0.317, Data = {
      ["Balls"] = CFrame.new(-0.000680, -0.002162, 0.034472, 0.984949, -0.171725, -0.019632, 0.170211, 0.983419, -0.062569, 0.030051, 0.058286, 0.997847),
      ["Cock"] = CFrame.new(0.000000, 0.000000, 0.038330, 0.732207, 0.681083, 0.000000, -0.681083, 0.732207, -0.000000, -0.000000, 0.000000, 1.000000),
      ["Head"] = CFrame.new(0.000000, 0.000000, -0.000000, 0.995370, -0.089443, 0.035199, 0.084194, 0.987980, 0.129643, -0.046371, -0.126080, 0.990936),
      ["LeftUpperArm"] = CFrame.new(-0.017885, -0.854819, 0.378660, 0.957092, -0.061187, 0.283252, 0.205839, 0.831560, -0.515886, -0.203976, 0.552054, 0.808474),
      ["LeftUpperLeg"] = CFrame.new(-0.137468, 0.078628, 0.116950, 0.819028, -0.572575, -0.036759, 0.159073, 0.165052, 0.973372, -0.551262, -0.803066, 0.226263),
      ["LowerTorso"] = CFrame.new(-0.737505, -1.138270, -2.090196, 0.000009, -0.421776, -0.906700, -1.000000, 0.000254, -0.000128, 0.000284, 0.906700, -0.421776),
      ["RightUpperArm"] = CFrame.new(-0.336785, -0.205232, -0.392932, 0.960737, 0.251241, 0.117742, 0.083183, 0.144026, -0.986072, -0.264700, 0.957149, 0.117472),
      ["RightUpperLeg"] = CFrame.new(0.000000, 0.010208, -0.173086, 1.000000, -0.000000, 0.000000, 0.000000, 0.611917, 0.790922, -0.000000, -0.790922, 0.611917)
    }},
    { Time = 0.333, Data = {
      ["Balls"] = CFrame.new(-0.000680, -0.002162, 0.034471, 0.988069, -0.152748, -0.019704, 0.151261, 0.986515, -0.062510, 0.028986, 0.058784, 0.997850),
      ["Cock"] = CFrame.new(-0.000000, 0.000000, 0.038330, 0.730498, 0.682915, 0.000000, -0.682915, 0.730498, -0.000000, -0.000000, 0.000000, 1.000000),
      ["Head"] = CFrame.new(0.000000, -0.000000, 0.000000, 0.995363, -0.089400, 0.035506, 0.084253, 0.988363, 0.126651, -0.046416, -0.123072, 0.991312),
      ["LeftUpperArm"] = CFrame.new(-0.017792, -0.848525, 0.393114, 0.958222, -0.060680, 0.279515, 0.203596, 0.831085, -0.517540, -0.200897, 0.552826, 0.808718),
      ["LeftUpperLeg"] = CFrame.new(-0.137531, 0.078478, 0.136790, 0.818995, -0.572684, -0.035772, 0.151952, 0.156344, 0.975944, -0.553315, -0.804729, 0.215066),
      ["LowerTorso"] = CFrame.new(-0.719062, -1.138275, -2.081205, 0.000001, -0.432100, -0.901826, -1.000000, 0.000260, -0.000125, 0.000288, 0.901826, -0.432100),
      ["RightUpperArm"] = CFrame.new(-0.336742, -0.200134, -0.393763, 0.959758, 0.251404, 0.125144, 0.085352, 0.163409, -0.982859, -0.267545, 0.953988, 0.135375),
      ["RightUpperLeg"] = CFrame.new(0.000000, 0.006252, -0.153378, 1.000000, -0.000000, 0.000000, 0.000000, 0.602584, 0.798056, -0.000000, -0.798056, 0.602584)
    }},
    { Time = 0.350, Data = {
      ["Balls"] = CFrame.new(-0.000680, -0.002162, 0.034471, 0.991324, -0.129953, -0.019717, 0.128502, 0.989738, -0.062493, 0.027635, 0.059417, 0.997851),
      ["Cock"] = CFrame.new(0.000000, -0.000000, 0.038330, 0.728848, 0.684676, 0.000000, -0.684676, 0.728848, -0.000000, -0.000000, 0.000000, 1.000000),
      ["Head"] = CFrame.new(0.000000, 0.000000, 0.000000, 0.995363, -0.089261, 0.035842, 0.084239, 0.988807, 0.123142, -0.046433, -0.119552, 0.991742),
      ["LeftUpperArm"] = CFrame.new(-0.017676, -0.842610, 0.406734, 0.959272, -0.060100, 0.276016, 0.201419, 0.830605, -0.519158, -0.198059, 0.553609, 0.808882),
      ["LeftUpperLeg"] = CFrame.new(-0.137576, 0.078338, 0.155530, 0.818993, -0.572747, -0.034807, 0.145252, 0.148252, 0.978225, -0.555115, -0.806215, 0.204610),
      ["LowerTorso"] = CFrame.new(-0.701704, -1.138267, -2.072610, 0.000005, -0.441816, -0.897106, -1.000000, 0.000253, -0.000130, 0.000285, 0.897106, -0.441816),
      ["RightUpperArm"] = CFrame.new(-0.336752, -0.195329, -0.394631, 0.958834, 0.251365, 0.132111, 0.087327, 0.181680, -0.979473, -0.270207, 0.950688, 0.152250),
      ["RightUpperLeg"] = CFrame.new(0.000000, 0.002529, -0.134827, 1.000000, -0.000000, 0.000000, 0.000000, 0.593762, 0.804641, -0.000000, -0.804641, 0.593762)
    }},
    { Time = 0.367, Data = {
      ["Balls"] = CFrame.new(-0.000680, -0.002162, 0.034471, 0.994427, -0.103579, -0.019665, 0.102173, 0.992800, -0.062525, 0.026000, 0.060168, 0.997850),
      ["Cock"] = CFrame.new(0.000000, 0.000000, 0.038330, 0.727320, 0.686299, 0.000000, -0.686299, 0.727320, -0.000000, -0.000000, 0.000000, 1.000000),
      ["Head"] = CFrame.new(0.000000, 0.000000, -0.000000, 0.995363, -0.089111, 0.036205, 0.084239, 0.989311, 0.119032, -0.046425, -0.115430, 0.992230),
      ["LeftUpperArm"] = CFrame.new(-0.017595, -0.837119, 0.419338, 0.960243, -0.059661, 0.272716, 0.199429, 0.830197, -0.520578, -0.195350, 0.554269, 0.809089),
      ["LeftUpperLeg"] = CFrame.new(-0.137622, 0.078205, 0.172927, 0.818982, -0.572816, -0.033917, 0.139037, 0.140747, 0.980234, -0.556720, -0.807509, 0.194912),
      ["LowerTorso"] = CFrame.new(-0.685694, -1.138234, -2.064567, -0.000029, -0.450745, -0.892653, -1.000000, 0.000221, -0.000079, 0.000233, 0.892653, -0.450745),
      ["RightUpperArm"] = CFrame.new(-0.336772, -0.190925, -0.395508, 0.957937, 0.251291, 0.138595, 0.089165, 0.198423, -0.976052, -0.272774, 0.947355, 0.167671),
      ["RightUpperLeg"] = CFrame.new(0.000000, -0.000922, -0.117637, 1.000000, -0.000000, 0.000000, 0.000000, 0.585551, 0.810636, -0.000000, -0.810636, 0.585551)
    }},
    { Time = 0.383, Data = {
      ["Balls"] = CFrame.new(-0.000681, -0.002162, 0.034471, 0.997080, -0.073790, -0.019637, 0.072435, 0.995411, -0.062534, 0.024161, 0.060929, 0.997850),
      ["Cock"] = CFrame.new(-0.000000, 0.000000, 0.038330, 0.725916, 0.687784, 0.000000, -0.687784, 0.725916, -0.000000, -0.000000, 0.000000, 1.000000),
      ["Head"] = CFrame.new(0.000000, -0.000000, -0.000000, 0.995364, -0.088950, 0.036590, 0.084252, 0.989855, 0.114405, -0.046395, -0.110791, 0.992760),
      ["LeftUpperArm"] = CFrame.new(-0.017510, -0.832124, 0.430807, 0.961106, -0.059217, 0.269756, 0.197603, 0.829822, -0.521869, -0.192946, 0.554877, 0.809249),
      ["LeftUpperLeg"] = CFrame.new(-0.137688, 0.078079, 0.188752, 0.818924, -0.572943, -0.033157, 0.133371, 0.133802, 0.981992, -0.558190, -0.808599, 0.185988),
      ["LowerTorso"] = CFrame.new(-0.671156, -1.138252, -2.057166, 0.000015, -0.458839, -0.888519, -1.000000, 0.000239, -0.000140, 0.000277, 0.888519, -0.458840),
      ["RightUpperArm"] = CFrame.new(-0.336823, -0.186912, -0.396368, 0.957120, 0.251097, 0.144470, 0.090760, 0.213681, -0.972678, -0.275107, 0.944082, 0.181729),
      ["RightUpperLeg"] = CFrame.new(0.000000, -0.004061, -0.101996, 1.000000, -0.000000, 0.000000, 0.000000, 0.577972, 0.816057, -0.000000, -0.816057, 0.577972)
    }},
    { Time = 0.400, Data = {
      ["Balls"] = CFrame.new(-0.000681, -0.002162, 0.034471, 0.998964, -0.041021, -0.019705, 0.039717, 0.997253, -0.062529, 0.022216, 0.061682, 0.997849),
      ["Cock"] = CFrame.new(0.000000, 0.000000, 0.038330, 0.724700, 0.689064, 0.000000, -0.689064, 0.724700, -0.000000, -0.000000, 0.000000, 1.000000),
      ["Head"] = CFrame.new(0.000000, -0.000000, 0.000000, 0.995368, -0.088696, 0.037088, 0.084186, 0.990442, 0.109263, -0.046425, -0.105634, 0.993321),
      ["LeftUpperArm"] = CFrame.new(-0.017424, -0.827693, 0.441038, 0.961885, -0.058781, 0.267060, 0.195927, 0.829434, -0.523117, -0.190759, 0.555503, 0.809338),
      ["LeftUpperLeg"] = CFrame.new(-0.137736, 0.077965, 0.202879, 0.818896, -0.573024, -0.032456, 0.128326, 0.127684, 0.983478, -0.559412, -0.809531, 0.178094),
      ["LowerTorso"] = CFrame.new(-0.658269, -1.138245, -2.050529, -0.000044, -0.465991, -0.884789, -1.000000, 0.000234, -0.000073, 0.000241, 0.884789, -0.465991),
      ["RightUpperArm"] = CFrame.new(-0.336882, -0.183337, -0.397189, 0.956364, 0.250872, 0.149772, 0.092203, 0.227278, -0.969455, -0.277249, 0.940961, 0.194229),
      ["RightUpperLeg"] = CFrame.new(0.000000, -0.006855, -0.088076, 1.000000, -0.000000, 0.000000, 0.000000, 0.571204, 0.820808, -0.000000, -0.820808, 0.571204)
    }},
    { Time = 0.417, Data = {
      ["Balls"] = CFrame.new(-0.000681, -0.002162, 0.034471, 0.999791, -0.005538, -0.019690, 0.004297, 0.998035, -0.062512, 0.019997, 0.062415, 0.997850),
      ["Cock"] = CFrame.new(0.000000, 0.000000, 0.038330, 0.723610, 0.690209, 0.000000, -0.690209, 0.723610, -0.000000, -0.000000, 0.000000, 1.000000),
      ["Head"] = CFrame.new(-0.000000, 0.000000, 0.000000, 0.995368, -0.088516, 0.037511, 0.084219, 0.991029, 0.103773, -0.046360, -0.100133, 0.993893),
      ["LeftUpperArm"] = CFrame.new(-0.017381, -0.823842, 0.449865, 0.962540, -0.058527, 0.264748, 0.194562, 0.829157, -0.524065, -0.188846, 0.555943, 0.809484),
      ["LeftUpperLeg"] = CFrame.new(-0.137761, 0.077842, 0.215140, 0.818901, -0.573052, -0.031811, 0.123911, 0.122407, 0.984714, -0.560399, -0.810326, 0.171247),
      ["LowerTorso"] = CFrame.new(-0.647143, -1.138188, -2.044739, 0.000011, -0.472155, -0.881515, -1.000000, 0.000177, -0.000108, 0.000207, 0.881515, -0.472155),
      ["RightUpperArm"] = CFrame.new(-0.336965, -0.180271, -0.397928, 0.955721, 0.250558, 0.154334, 0.093439, 0.238934, -0.966530, -0.279047, 0.938153, 0.204942),
      ["RightUpperLeg"] = CFrame.new(0.000000, -0.009273, -0.076029, 1.000000, -0.000000, 0.000000, 0.000000, 0.565349, 0.824852, -0.000000, -0.824852, 0.565349)
    }},
    { Time = 0.433, Data = {
      ["Balls"] = CFrame.new(-0.000681, -0.002162, 0.034471, 0.999291, 0.032108, -0.019661, -0.033280, 0.997490, -0.062495, 0.017605, 0.063105, 0.997852),
      ["Cock"] = CFrame.new(0.000000, 0.000000, 0.038330, 0.722711, 0.691151, 0.000000, -0.691151, 0.722711, -0.000000, -0.000000, 0.000000, 1.000000),
      ["Head"] = CFrame.new(0.000000, -0.000000, 0.000000, 0.995365, -0.088331, 0.038033, 0.084256, 0.991619, 0.097941, -0.046366, -0.094282, 0.994465),
      ["LeftUpperArm"] = CFrame.new(-0.017323, -0.820648, 0.457248, 0.963075, -0.058229, 0.262862, 0.193395, 0.828867, -0.524955, -0.187310, 0.556407, 0.809522),
      ["LeftUpperLeg"] = CFrame.new(-0.137806, 0.077763, 0.225346, 0.818860, -0.573139, -0.031301, 0.120276, 0.118008, 0.985702, -0.561250, -0.810917, 0.165567),
      ["LowerTorso"] = CFrame.new(-0.637876, -1.138237, -2.039874, -0.000038, -0.477285, -0.878748, -1.000000, 0.000226, -0.000079, 0.000236, 0.878748, -0.477285),
      ["RightUpperArm"] = CFrame.new(-0.337031, -0.177709, -0.398577, 0.955179, 0.250307, 0.158049, 0.094339, 0.248675, -0.963982, -0.280594, 0.935685, 0.213915),
      ["RightUpperLeg"] = CFrame.new(0.000000, -0.011289, -0.065987, 1.000000, -0.000000, 0.000000, 0.000000, 0.560425, 0.828205, -0.000000, -0.828205, 0.560425)
    }},
    { Time = 0.450, Data = {
      ["Balls"] = CFrame.new(-0.000682, -0.002162, 0.034471, 0.997244, 0.071528, -0.019699, -0.072631, 0.995394, -0.062570, 0.015133, 0.063828, 0.997846),
      ["Cock"] = CFrame.new(-0.000000, 0.000000, 0.038330, 0.722003, 0.691890, 0.000000, -0.691890, 0.722003, -0.000000, -0.000000, 0.000000, 1.000000),
      ["Head"] = CFrame.new(0.000000, -0.000000, 0.000000, 0.995369, -0.088054, 0.038571, 0.084215, 0.992206, 0.091847, -0.046357, -0.088173, 0.995026),
      ["LeftUpperArm"] = CFrame.new(-0.017286, -0.818111, 0.463050, 0.963502, -0.058029, 0.261337, 0.192461, 0.828701, -0.525560, -0.186072, 0.556675, 0.809623),
      ["LeftUpperLeg"] = CFrame.new(-0.137830, 0.077694, 0.233426, 0.818850, -0.573173, -0.030958, 0.117395, 0.114433, 0.986470, -0.561875, -0.811405, 0.160991),
      ["LowerTorso"] = CFrame.new(-0.630561, -1.138191, -2.036007, 0.000068, -0.481334, -0.876537, -1.000000, 0.000181, -0.000177, 0.000244, 0.876537, -0.481334),
      ["RightUpperArm"] = CFrame.new(-0.337089, -0.175720, -0.399098, 0.954736, 0.250083, 0.161050, 0.095143, 0.256239, -0.961920, -0.281827, 0.933702, 0.220847),
      ["RightUpperLeg"] = CFrame.new(0.000000, -0.012880, -0.058060, 1.000000, -0.000000, 0.000000, 0.000000, 0.556532, 0.830827, -0.000000, -0.830827, 0.556532)
    }},
    { Time = 0.467, Data = {
      ["Balls"] = CFrame.new(-0.000682, -0.002162, 0.034471, 0.993495, 0.112155, -0.019699, -0.113182, 0.991602, -0.062572, 0.012516, 0.064395, 0.997846),
      ["Cock"] = CFrame.new(-0.000000, 0.000000, 0.038330, 0.721488, 0.692427, 0.000000, -0.692427, 0.721488, -0.000000, -0.000000, 0.000000, 1.000000),
      ["Head"] = CFrame.new(-0.000000, 0.000000, -0.000000, 0.995369, -0.087772, 0.039204, 0.084176, 0.992776, 0.085496, -0.046425, -0.081800, 0.995567),
      ["LeftUpperArm"] = CFrame.new(-0.017258, -0.816283, 0.467249, 0.963802, -0.057878, 0.260260, 0.191800, 0.828561, -0.526022, -0.185196, 0.556899, 0.809670),
      ["LeftUpperLeg"] = CFrame.new(-0.137848, 0.077628, 0.239262, 0.818839, -0.573204, -0.030651, 0.115282, 0.111906, 0.987009, -0.562328, -0.811735, 0.157713),
      ["LowerTorso"] = CFrame.new(-0.625285, -1.138252, -2.033202, -0.000056, -0.484252, -0.874929, -1.000000, 0.000242, -0.000070, 0.000246, 0.874929, -0.484252),
      ["RightUpperArm"] = CFrame.new(-0.337150, -0.174269, -0.399485, 0.954436, 0.249854, 0.163171, 0.095666, 0.261753, -0.960382, -0.282666, 0.932233, 0.225925),
      ["RightUpperLeg"] = CFrame.new(0.000000, -0.014029, -0.052335, 1.000000, -0.000000, 0.000000, 0.000000, 0.553682, 0.832729, -0.000000, -0.832729, 0.553682)
    }},
    { Time = 0.483, Data = {
      ["Balls"] = CFrame.new(-0.000682, -0.002163, 0.034471, 0.987953, 0.153500, -0.019644, -0.154443, 0.986022, -0.062513, 0.009774, 0.064793, 0.997851),
      ["Cock"] = CFrame.new(0.000000, 0.000000, 0.038330, 0.721166, 0.692762, 0.000000, -0.692762, 0.721166, -0.000000, -0.000000, 0.000000, 1.000000),
      ["Head"] = CFrame.new(0.000000, 0.000000, 0.000000, 0.995365, -0.087568, 0.039750, 0.084230, 0.993306, 0.079054, -0.046407, -0.075340, 0.996077),
      ["LeftUpperArm"] = CFrame.new(-0.017223, -0.815183, 0.469795, 0.964010, -0.057719, 0.259527, 0.191308, 0.828459, -0.526363, -0.184626, 0.557068, 0.809684),
      ["LeftUpperLeg"] = CFrame.new(-0.137865, 0.077613, 0.242787, 0.818822, -0.573236, -0.030496, 0.114053, 0.110391, 0.987323, -0.562603, -0.811920, 0.155770),
      ["LowerTorso"] = CFrame.new(-0.622126, -1.138172, -2.031518, 0.000023, -0.485986, -0.873966, -1.000000, 0.000163, -0.000117, 0.000199, 0.873966, -0.485986),
      ["RightUpperArm"] = CFrame.new(-0.337193, -0.173379, -0.399725, 0.954257, 0.249691, 0.164465, 0.095979, 0.265138, -0.959422, -0.283165, 0.931320, 0.229044),
      ["RightUpperLeg"] = CFrame.new(0.000000, -0.014723, -0.048875, 1.000000, -0.000000, 0.000000, 0.000000, 0.551967, 0.833866, -0.000000, -0.833866, 0.551967)
    }},
    { Time = 0.500, Data = {
      ["Balls"] = CFrame.new(-0.000683, -0.002163, 0.034471, 0.980592, 0.195065, -0.019706, -0.195930, 0.978621, -0.062555, 0.007082, 0.065201, 0.997847),
      ["Cock"] = CFrame.new(0.000000, 0.000000, 0.038330, 0.721102, 0.692829, 0.000000, -0.692829, 0.721102, -0.000000, -0.000000, 0.000000, 1.000000),
      ["Head"] = CFrame.new(0.000000, 0.000000, -0.000000, 0.995369, -0.087272, 0.040306, 0.084202, 0.993812, 0.072436, -0.046379, -0.068707, 0.996558),
