return {
  ["Astros grinding"] = {
    { Time = 0.000, Data = {
      ["Head"] = CFrame.new(0.000000, 0.000000, 0.000000, 1.000000, -0.000000, 0.000000, 0.000000, 0.998901, 0.046860, -0.000000, -0.046860, 0.998901),
      ["LeftUpperArm"] = CFrame.new(-0.059246, -1.121945, 0.028165, 0.943618, -0.277834, -0.179984, -0.316054, -0.594394, -0.739463, 0.098467, 0.754655, -0.648691),
      ["LeftUpperLeg"] = CFrame.new(-0.009577, -0.356370, -0.499451, 0.982589, 0.016456, 0.185061, -0.178145, 0.366269, 0.913297, -0.052753, -0.930363, 0.362824),
      ["LowerTorso"] = CFrame.new(0.016802, -1.095171, -2.454681, -0.999992, -0.001342, 0.003710, -0.000019, 0.941957, 0.335733, -0.003945, 0.335731, -0.941950),
      ["RightUpperArm"] = CFrame.new(0.083666, -1.134403, 0.014061, 0.946712, 0.307851, 0.094683, 0.268441, -0.591732, -0.760127, -0.177979, 0.745038, -0.642840),
      ["RightUpperLeg"] = CFrame.new(0.011162, 0.272456, -0.539868, 0.972534, -0.117897, -0.200693, 0.229330, 0.632832, 0.739548, 0.039815, -0.765260, 0.642488),
      ["рҹҢ§пёҸрҹҳірҹ‘»рҹҸіпёҸвҖҚрҹҢҲрҹҳӮрҹ’һрҹҸҙвҖҚвҳ пёҸрҹҺёрҹҢ§пёҸрҹҳірҹ‘»рҹҸіпёҸвҖҚрҹҢҲрҹҳӮрҹ’һрҹҸҙвҖҚвҳ"] = CFrame.new(0.000000, -0.000000, 0.000000, 0.895792, 0.435991, -0.086416, -0.443001, 0.859980, -0.253345, -0.036140, 0.265227, 0.963508)
    }},
    { Time = 0.017, Data = {
      ["Head"] = CFrame.new(0.000000, 0.000000, 0.000000, 1.000000, -0.000000, 0.000000, 0.000000, 0.999098, 0.042461, -0.000000, -0.042461, 0.999098),
      ["LeftUpperArm"] = CFrame.new(-0.059224, -1.121942, 0.028176, 0.943683, -0.277749, -0.179771, -0.315829, -0.594380, -0.739571, 0.098563, 0.754698, -0.648627),
      ["LeftUpperLeg"] = CFrame.new(-0.009575, -0.356340, -0.499508, 0.982589, 0.016456, 0.185061, -0.178145, 0.366269, 0.913297, -0.052753, -0.930363, 0.362824),
      ["LowerTorso"] = CFrame.new(0.016802, -1.095164, -2.454719, -0.999992, -0.001342, 0.003710, -0.000019, 0.941928, 0.335816, -0.003945, 0.335813, -0.941920),
      ["RightUpperArm"] = CFrame.new(0.083654, -1.134372, 0.014091, 0.946736, 0.307803, 0.094599, 0.268313, -0.591614, -0.760264, -0.178045, 0.745151, -0.642690),
      ["RightUpperLeg"] = CFrame.new(0.011157, 0.272483, -0.539894, 0.972534, -0.117897, -0.200693, 0.229330, 0.632832, 0.739548, 0.039815, -0.765260, 0.642488),
      ["рҹҢ§пёҸрҹҳірҹ‘»рҹҸіпёҸвҖҚрҹҢҲрҹҳӮрҹ’һрҹҸҙвҖҚвҳ пёҸрҹҺёрҹҢ§пёҸрҹҳірҹ‘»рҹҸіпёҸвҖҚрҹҢҲрҹҳӮрҹ’һрҹҸҙвҖҚвҳ"] = CFrame.new(-0.000021, -0.000077, -0.000026, 0.895829, 0.435901, -0.086488, -0.442934, 0.860020, -0.253329, -0.036045, 0.265248, 0.963506)
    }},
    { Time = 0.033, Data = {
      ["Head"] = CFrame.new(0.000000, -0.000000, 0.000000, 1.000000, -0.000000, 0.000000, 0.000000, 0.999275, 0.038061, -0.000000, -0.038061, 0.999275),
      ["LeftUpperArm"] = CFrame.new(-0.059192, -1.121877, 0.028239, 0.943821, -0.277627, -0.179234, -0.315293, -0.594133, -0.739998, 0.098955, 0.754937, -0.648289),
      ["LeftUpperLeg"] = CFrame.new(-0.009569, -0.356249, -0.499687, 0.982589, 0.016476, 0.185059, -0.178139, 0.366462, 0.913221, -0.052771, -0.930287, 0.363017),
      ["LowerTorso"] = CFrame.new(0.016802, -1.095143, -2.454830, -0.999992, -0.001343, 0.003710, -0.000018, 0.941839, 0.336063, -0.003945, 0.336061, -0.941832),
      ["RightUpperArm"] = CFrame.new(0.083626, -1.134306, 0.014155, 0.946823, 0.307699, 0.094065, 0.267751, -0.591362, -0.760658, -0.178427, 0.745395, -0.642301),
      ["RightUpperLeg"] = CFrame.new(0.011141, 0.272563, -0.539983, 0.972534, -0.117916, -0.200682, 0.229326, 0.632977, 0.739425, 0.039837, -0.765138, 0.642633),
      ["рҹҢ§пёҸрҹҳірҹ‘»рҹҸіпёҸвҖҚрҹҢҲрҹҳӮрҹ’һрҹҸҙвҖҚвҳ пёҸрҹҺёрҹҢ§пёҸрҹҳірҹ‘»рҹҸіпёҸвҖҚрҹҢҲрҹҳӮрҹ’һрҹҸҙвҖҚвҳ"] = CFrame.new(-0.000083, -0.000308, -0.000103, 0.895943, 0.435645, -0.086601, -0.442722, 0.860161, -0.253220, -0.035823, 0.265210, 0.963525)
    }},
    { Time = 0.050, Data = {
      ["Head"] = CFrame.new(0.000000, 0.000000, 0.000000, 1.000000, -0.000000, 0.000000, 0.000000, 0.999436, 0.033575, -0.000000, -0.033575, 0.999436),
      ["LeftUpperArm"] = CFrame.new(-0.059142, -1.121777, 0.028336, 0.944064, -0.277439, -0.178243, -0.314340, -0.593755, -0.740707, 0.099668, 0.755304, -0.647753),
      ["LeftUpperLeg"] = CFrame.new(-0.009559, -0.356096, -0.499988, 0.982589, 0.016514, 0.185056, -0.178128, 0.366849, 0.913068, -0.052809, -0.930134, 0.363404),
      ["LowerTorso"] = CFrame.new(0.016802, -1.095107, -2.455019, -0.999992, -0.001344, 0.003710, -0.000017, 0.941692, 0.336476, -0.003945, 0.336473, -0.941685),
      ["RightUpperArm"] = CFrame.new(0.083596, -1.134215, 0.014239, 0.946948, 0.307581, 0.093179, 0.266875, -0.591018, -0.761233, -0.179071, 0.745716, -0.641749),
      ["RightUpperLeg"] = CFrame.new(0.011116, 0.272697, -0.540129, 0.972534, -0.117945, -0.200665, 0.229321, 0.633193, 0.739242, 0.039870, -0.764955, 0.642849),
      ["рҹҢ§пёҸрҹҳірҹ‘»рҹҸіпёҸвҖҚрҹҢҲрҹҳӮрҹ’һрҹҸҙвҖҚвҳ пёҸрҹҺёрҹҢ§пёҸрҹҳірҹ‘»рҹҸіпёҸвҖҚрҹҢҲрҹҳӮрҹ’һрҹҸҙвҖҚвҳ"] = CFrame.new(-0.000186, -0.000691, -0.000232, 0.896091, 0.435283, -0.086888, -0.442453, 0.860318, -0.253156, -0.035443, 0.265295, 0.963516)
    }},
    { Time = 0.067, Data = {
      ["Head"] = CFrame.new(0.000000, -0.000000, 0.000000, 1.000000, -0.000000, 0.000000, 0.000000, 0.999572, 0.029260, -0.000000, -0.029260, 0.999572),
      ["LeftUpperArm"] = CFrame.new(-0.059064, -1.121624, 0.028485, 0.944406, -0.277141, -0.176891, -0.313000, -0.593172, -0.741740, 0.100640, 0.755871, -0.646940),
      ["LeftUpperLeg"] = CFrame.new(-0.009539, -0.355848, -0.500430, 0.982599, 0.016492, 0.185004, -0.178043, 0.367342, 0.912886, -0.052904, -0.929940, 0.363886),
      ["LowerTorso"] = CFrame.new(0.016801, -1.095086, -2.455199, -0.999992, -0.001345, 0.003709, -0.000016, 0.941515, 0.336971, -0.003945, 0.336968, -0.941508),
      ["RightUpperArm"] = CFrame.new(0.083549, -1.134063, 0.014379, 0.947116, 0.307406, 0.092048, 0.265705, -0.590437, -0.762093, -0.179923, 0.746248, -0.640892),
      ["RightUpperLeg"] = CFrame.new(0.011086, 0.272866, -0.540376, 0.972522, -0.117957, -0.200714, 0.229347, 0.633553, 0.738926, 0.040002, -0.764655, 0.643197),
      ["рҹҢ§пёҸрҹҳірҹ‘»рҹҸіпёҸвҖҚрҹҢҲрҹҳӮрҹ’һрҹҸҙвҖҚвҳ пёҸрҹҺёрҹҢ§пёҸрҹҳірҹ‘»рҹҸіпёҸвҖҚрҹҢҲрҹҳӮрҹ’һрҹҸҙвҖҚвҳ"] = CFrame.new(-0.000329, -0.001227, -0.000413, 0.896315, 0.434756, -0.087217, -0.442040, 0.860577, -0.252999, -0.034936, 0.265320, 0.963527)
    }},
    { Time = 0.083, Data = {
      ["Head"] = CFrame.new(0.000000, -0.000000, -0.000000, 1.000000, -0.000000, 0.000000, 0.000000, 0.999691, 0.024859, -0.000000, -0.024859, 0.999691),
      ["LeftUpperArm"] = CFrame.new(-0.058981, -1.121447, 0.028654, 0.944817, -0.276824, -0.175185, -0.311357, -0.592499, -0.742969, 0.101874, 0.756514, -0.645994),
      ["LeftUpperLeg"] = CFrame.new(-0.009521, -0.355577, -0.500964, 0.982599, 0.016550, 0.184998, -0.178027, 0.367921, 0.912656, -0.052960, -0.929710, 0.364466),
      ["LowerTorso"] = CFrame.new(0.016801, -1.095049, -2.455454, -0.999992, -0.001346, 0.003709, -0.000015, 0.941279, 0.337631, -0.003945, 0.337628, -0.941271),
      ["RightUpperArm"] = CFrame.new(0.083479, -1.133873, 0.014557, 0.947347, 0.307140, 0.090543, 0.264136, -0.589719, -0.763193, -0.181012, 0.746925, -0.639795),
      ["RightUpperLeg"] = CFrame.new(0.011040, 0.273105, -0.540635, 0.972522, -0.118005, -0.200686, 0.229337, 0.633913, 0.738620, 0.040057, -0.764349, 0.643557),
      ["рҹҢ§пёҸрҹҳірҹ‘»рҹҸіпёҸвҖҚрҹҢҲрҹҳӮрҹ’һрҹҸҙвҖҚвҳ пёҸрҹҺёрҹҢ§пёҸрҹҳірҹ‘»рҹҸіпёҸвҖҚрҹҢҲрҹҳӮрҹ’һрҹҸҙвҖҚвҳ"] = CFrame.new(-0.000514, -0.001913, -0.000643, 0.896614, 0.434060, -0.087606, -0.441480, 0.860914, -0.252830, -0.034321, 0.265367, 0.963536)
    }},
    { Time = 0.100, Data = {
      ["Head"] = CFrame.new(0.000000, -0.000000, 0.000000, 1.000000, -0.000000, 0.000000, 0.000000, 0.999787, 0.020630, -0.000000, -0.020630, 0.999787),
      ["LeftUpperArm"] = CFrame.new(-0.058859, -1.121223, 0.028874, 0.945354, -0.276361, -0.173003, -0.309213, -0.591646, -0.744542, 0.103406, 0.757350, -0.644770),
      ["LeftUpperLeg"] = CFrame.new(-0.009499, -0.355233, -0.501676, 0.982597, 0.016508, 0.185014, -0.177982, 0.368703, 0.912349, -0.053154, -0.929401, 0.365225),
      ["LowerTorso"] = CFrame.new(0.016801, -1.094996, -2.455789, -0.999992, -0.001348, 0.003708, -0.000013, 0.940982, 0.338455, -0.003945, 0.338453, -0.940975),
      ["RightUpperArm"] = CFrame.new(0.083405, -1.133641, 0.014771, 0.947613, 0.306859, 0.088701, 0.262241, -0.588833, -0.764529, -0.182372, 0.747739, -0.638457),
      ["RightUpperLeg"] = CFrame.new(0.010982, 0.273417, -0.541013, 0.972528, -0.117959, -0.200688, 0.229282, 0.634433, 0.738190, 0.040248, -0.763924, 0.644049),
      ["рҹҢ§пёҸрҹҳірҹ‘»рҹҸіпёҸвҖҚрҹҢҲрҹҳӮрҹ’һрҹҸҙвҖҚвҳ пёҸрҹҺёрҹҢ§пёҸрҹҳірҹ‘»рҹҸіпёҸвҖҚрҹҢҲрҹҳӮрҹ’һрҹҸҙвҖҚвҳ"] = CFrame.new(-0.000738, -0.002747, -0.000924, 0.896947, 0.433260, -0.088151, -0.440864, 0.861289, -0.252625, -0.033529, 0.265454, 0.963540)
    }},
    { Time = 0.117, Data = {
      ["Head"] = CFrame.new(0.000000, -0.000000, 0.000000, 1.000000, -0.000000, 0.000000, 0.000000, 0.999865, 0.016401, -0.000000, -0.016401, 0.999865),
      ["LeftUpperArm"] = CFrame.new(-0.058753, -1.120966, 0.029113, 0.945926, -0.275957, -0.170503, -0.306838, -0.590672, -0.746296, 0.105235, 0.758258, -0.643406),
      ["LeftUpperLeg"] = CFrame.new(-0.009467, -0.354809, -0.502465, 0.982607, 0.016525, 0.184959, -0.177886, 0.369581, 0.912012, -0.053287, -0.929051, 0.366093),
      ["LowerTorso"] = CFrame.new(0.016800, -1.094925, -2.456203, -0.999993, -0.001350, 0.003707, -0.000011, 0.940626, 0.339445, -0.003945, 0.339442, -0.940619),
      ["RightUpperArm"] = CFrame.new(0.083318, -1.133363, 0.015025, 0.947914, 0.306527, 0.086599, 0.260057, -0.587779, -0.766085, -0.183925, 0.748703, -0.636879),
      ["RightUpperLeg"] = CFrame.new(0.010923, 0.273742, -0.541433, 0.972516, -0.118008, -0.200715, 0.229300, 0.635080, 0.737628, 0.040424, -0.763379, 0.644685),
      ["рҹҢ§пёҸрҹҳірҹ‘»рҹҸіпёҸвҖҚрҹҢҲрҹҳӮрҹ’һрҹҸҙвҖҚвҳ пёҸрҹҺёрҹҢ§пёҸрҹҳірҹ‘»рҹҸіпёҸвҖҚрҹҢҲрҹҳӮрҹ’һрҹҸҙвҖҚвҳ"] = CFrame.new(-0.001002, -0.003728, -0.001254, 0.897355, 0.432296, -0.088738, -0.440103, 0.861765, -0.252328, -0.032610, 0.265482, 0.963564)
    }},
    { Time = 0.133, Data = {
      ["Head"] = CFrame.new(0.000000, 0.000000, -0.000000, 1.000000, -0.000000, 0.000000, 0.000000, 0.999924, 0.012344, -0.000000, -0.012344, 0.999924),
      ["LeftUpperArm"] = CFrame.new(-0.058590, -1.120661, 0.029409, 0.946611, -0.275338, -0.167679, -0.304031, -0.589512, -0.748359, 0.107203, 0.759384, -0.641750),
      ["LeftUpperLeg"] = CFrame.new(-0.009431, -0.354327, -0.503364, 0.982618, 0.016551, 0.184902, -0.177787, 0.370555, 0.911636, -0.053428, -0.928663, 0.367056),
      ["LowerTorso"] = CFrame.new(0.016800, -1.094865, -2.456612, -0.999992, -0.001352, 0.003707, -0.000009, 0.940239, 0.340516, -0.003945, 0.340513, -0.940231),
      ["RightUpperArm"] = CFrame.new(0.083228, -1.133041, 0.015314, 0.948245, 0.306184, 0.084158, 0.257545, -0.586555, -0.767870, -0.185746, 0.749803, -0.635054),
      ["RightUpperLeg"] = CFrame.new(0.010854, 0.274116, -0.541901, 0.972504, -0.118058, -0.200742, 0.229318, 0.635726, 0.737065, 0.040600, -0.762833, 0.645320),
      ["рҹҢ§пёҸрҹҳірҹ‘»рҹҸіпёҸвҖҚрҹҢҲрҹҳӮрҹ’һрҹҸҙвҖҚвҳ пёҸрҹҺёрҹҢ§пёҸрҹҳірҹ‘»рҹҸіпёҸвҖҚрҹҢҲрҹҳӮрҹ’һрҹҸҙвҖҚвҳ"] = CFrame.new(-0.001304, -0.004853, -0.001632, 0.897834, 0.431146, -0.089487, -0.439205, 0.862295, -0.252082, -0.031520, 0.265631, 0.963559)
    }},
    { Time = 0.150, Data = {
      ["Head"] = CFrame.new(0.000000, 0.000000, 0.000000, 1.000000, -0.000000, 0.000000, 0.000000, 0.999966, 0.008287, -0.000000, -0.008287, 0.999966),
      ["LeftUpperArm"] = CFrame.new(-0.058434, -1.120331, 0.029722, 0.947355, -0.274743, -0.164422, -0.300877, -0.588255, -0.750620, 0.109506, 0.760574, -0.639950),
      ["LeftUpperLeg"] = CFrame.new(-0.009398, -0.353813, -0.504412, 0.982615, 0.016547, 0.184915, -0.177730, 0.371721, 0.911173, -0.053659, -0.928197, 0.368199),
      ["LowerTorso"] = CFrame.new(0.016800, -1.094754, -2.457189, -0.999992, -0.001354, 0.003706, -0.000006, 0.939760, 0.341834, -0.003945, 0.341832, -0.939753),
      ["RightUpperArm"] = CFrame.new(0.083106, -1.132681, 0.015646, 0.948634, 0.305720, 0.081419, 0.254666, -0.585184, -0.769873, -0.187720, 0.751063, -0.632982),
      ["RightUpperLeg"] = CFrame.new(0.010767, 0.274579, -0.542440, 0.972510, -0.118041, -0.200727, 0.229257, 0.636460, 0.736451, 0.040824, -0.762223, 0.646025),
      ["рҹҢ§пёҸрҹҳірҹ‘»рҹҸіпёҸвҖҚрҹҢҲрҹҳӮрҹ’һрҹҸҙвҖҚвҳ пёҸрҹҺёрҹҢ§пёҸрҹҳірҹ‘»рҹҸіпёҸвҖҚрҹҢҲрҹҳӮрҹ’һрҹҸҙвҖҚвҳ"] = CFrame.new(-0.001643, -0.006118, -0.002058, 0.898385, 0.429830, -0.090279, -0.438162, 0.862925, -0.251744, -0.030303, 0.265720, 0.963574)
    }},
    { Time = 0.167, Data = {
      ["Head"] = CFrame.new(0.000000, 0.000000, -0.000000, 1.000000, -0.000000, 0.000000, 0.000000, 0.999990, 0.004402, -0.000000, -0.004402, 0.999990),
      ["LeftUpperArm"] = CFrame.new(-0.058251, -1.119942, 0.030087, 0.948178, -0.274048, -0.160798, -0.297324, -0.586778, -0.753187, 0.112056, 0.761964, -0.637851),
      ["LeftUpperLeg"] = CFrame.new(-0.009355, -0.353221, -0.505530, 0.982625, 0.016602, 0.184856, -0.177623, 0.372981, 0.910679, -0.053828, -0.927690, 0.369450),
      ["LowerTorso"] = CFrame.new(0.016799, -1.094683, -2.457680, -0.999992, -0.001357, 0.003705, -0.000003, 0.939280, 0.343152, -0.003945, 0.343149, -0.939273),
      ["RightUpperArm"] = CFrame.new(0.082983, -1.132294, 0.015997, 0.949045, 0.305251, 0.078327, 0.251463, -0.583712, -0.772041, -0.189946, 0.752398, -0.630728),
      ["RightUpperLeg"] = CFrame.new(0.010680, 0.275050, -0.543019, 0.972498, -0.118120, -0.200737, 0.229268, 0.637320, 0.735703, 0.041033, -0.761492, 0.646874),
      ["рҹҢ§пёҸрҹҳірҹ‘»рҹҸіпёҸвҖҚрҹҢҲрҹҳӮрҹ’һрҹҸҙвҖҚвҳ пёҸрҹҺёрҹҢ§пёҸрҹҳірҹ‘»рҹҸіпёҸвҖҚрҹҢҲрҹҳӮрҹ’һрҹҸҙвҖҚвҳ"] = CFrame.new(-0.002020, -0.007520, -0.002530, 0.898970, 0.428423, -0.091143, -0.437050, 0.863591, -0.251391, -0.028991, 0.265827, 0.963585)
    }},
    { Time = 0.183, Data = {
      ["Head"] = CFrame.new(0.000000, 0.000000, -0.000000, 1.000000, -0.000000, 0.000000, 0.000000, 1.000000, 0.000604, -0.000000, -0.000604, 1.000000),
      ["LeftUpperArm"] = CFrame.new(-0.058056, -1.119527, 0.030477, 0.949045, -0.273308, -0.156894, -0.293493, -0.585197, -0.755915, 0.114784, 0.763444, -0.635592),
      ["LeftUpperLeg"] = CFrame.new(-0.009315, -0.352600, -0.506786, 0.982623, 0.016618, 0.184867, -0.177560, 0.374336, 0.910134, -0.054078, -0.927144, 0.370782),
      ["LowerTorso"] = CFrame.new(0.016798, -1.094556, -2.458344, -0.999992, -0.001360, 0.003704, 0.000000, 0.938707, 0.344716, -0.003945, 0.344713, -0.938700),
      ["RightUpperArm"] = CFrame.new(0.082848, -1.131860, 0.016387, 0.949480, 0.304740, 0.074972, 0.247964, -0.582061, -0.774415, -0.192357, 0.753883, -0.628220),
      ["RightUpperLeg"] = CFrame.new(0.010575, 0.275608, -0.543666, 0.972503, -0.118131, -0.200706, 0.229201, 0.638267, 0.734903, 0.041289, -0.760697, 0.647793),
      ["рҹҢ§пёҸрҹҳірҹ‘»рҹҸіпёҸвҖҚрҹҢҲрҹҳӮрҹ’һрҹҸҙвҖҚвҳ пёҸрҹҺёрҹҢ§пёҸрҹҳірҹ‘»рҹҸіпёҸвҖҚрҹҢҲрҹҳӮрҹ’һрҹҸҙвҖҚвҳ"] = CFrame.new(-0.002433, -0.009055, -0.003046, 0.899587, 0.426928, -0.092061, -0.435871, 0.864318, -0.250942, -0.027564, 0.265871, 0.963614)
    }},
    { Time = 0.200, Data = {
      ["Head"] = CFrame.new(0.000000, 0.000000, -0.000000, 1.000000, 0.000000, 0.000000, 0.000000, 0.999995, -0.003108, 0.000000, 0.003108, 0.999995),
      ["LeftUpperArm"] = CFrame.new(-0.057860, -1.119084, 0.030885, 0.949954, -0.272564, -0.152632, -0.289343, -0.583509, -0.758814, 0.117763, 0.765001, -0.633171),
      ["LeftUpperLeg"] = CFrame.new(-0.009264, -0.351904, -0.508106, 0.982633, 0.016692, 0.184806, -0.177447, 0.375786, 0.909559, -0.054265, -0.926556, 0.372222),
      ["LowerTorso"] = CFrame.new(0.016798, -1.094466, -2.458927, -0.999992, -0.001363, 0.003702, 0.000003, 0.938131, 0.346279, -0.003945, 0.346277, -0.938124),
      ["RightUpperArm"] = CFrame.new(0.082703, -1.131378, 0.016816, 0.949936, 0.304189, 0.071356, 0.244166, -0.580228, -0.776993, -0.194950, 0.755516, -0.625452),
      ["RightUpperLeg"] = CFrame.new(0.010476, 0.276153, -0.544383, 0.972480, -0.118193, -0.200782, 0.229243, 0.639268, 0.734019, 0.041597, -0.759847, 0.648770),
      ["рҹҢ§пёҸрҹҳірҹ‘»рҹҸіпёҸвҖҚрҹҢҲрҹҳӮрҹ’һрҹҸҙвҖҚвҳ пёҸрҹҺёрҹҢ§пёҸрҹҳірҹ‘»рҹҸіпёҸвҖҚрҹҢҲрҹҳӮрҹ’һрҹҸҙвҖҚвҳ"] = CFrame.new(-0.002880, -0.010719, -0.003606, 0.900275, 0.425259, -0.093060, -0.434542, 0.865095, -0.250565, -0.026049, 0.266016, 0.963617)
    }},
    { Time = 0.217, Data = {
      ["Head"] = CFrame.new(0.000000, 0.000000, -0.000000, 1.000000, 0.000000, 0.000000, 0.000000, 0.999978, -0.006647, 0.000000, 0.006647, 0.999978),
      ["LeftUpperArm"] = CFrame.new(-0.057632, -1.118599, 0.031336, 0.950925, -0.271697, -0.148064, -0.284829, -0.581664, -0.761931, 0.120891, 0.766712, -0.630506),
      ["LeftUpperLeg"] = CFrame.new(-0.009212, -0.351145, -0.509587, 0.982641, 0.016666, 0.184767, -0.177304, 0.377436, 0.908903, -0.054590, -0.925886, 0.373839),
      ["LowerTorso"] = CFrame.new(0.016797, -1.094317, -2.459685, -0.999992, -0.001367, 0.003701, 0.000007, 0.937462, 0.348089, -0.003945, 0.348086, -0.937454),
      ["RightUpperArm"] = CFrame.new(0.082549, -1.130868, 0.017269, 0.950407, 0.303603, 0.067461, 0.240076, -0.578286, -0.779711, -0.197711, 0.757239, -0.622495),
      ["RightUpperLeg"] = CFrame.new(0.010354, 0.276798, -0.545121, 0.972485, -0.118214, -0.200745, 0.229173, 0.640283, 0.733155, 0.041865, -0.758988, 0.649757),
      ["рҹҢ§пёҸрҹҳірҹ‘»рҹҸіпёҸвҖҚрҹҢҲрҹҳӮрҹ’һрҹҸҙвҖҚвҳ пёҸрҹҺёрҹҢ§пёҸрҹҳірҹ‘»рҹҸіпёҸвҖҚрҹҢҲрҹҳӮрҹ’һрҹҸҙвҖҚвҳ"] = CFrame.new(-0.003360, -0.012508, -0.004208, 0.900990, 0.423491, -0.094196, -0.433157, 0.865932, -0.250074, -0.024337, 0.266116, 0.963634)
    }},
    { Time = 0.233, Data = {
      ["Head"] = CFrame.new(0.000000, -0.000000, -0.000000, 1.000000, 0.000000, 0.000000, 0.000000, 0.999950, -0.010013, 0.000000, 0.010013, 0.999950),
      ["LeftUpperArm"] = CFrame.new(-0.057402, -1.118064, 0.031821, 0.951926, -0.270823, -0.143150, -0.279986, -0.579631, -0.765268, 0.124278, 0.768559, -0.627593),
      ["LeftUpperLeg"] = CFrame.new(-0.009155, -0.350352, -0.511096, 0.982651, 0.016759, 0.184705, -0.177184, 0.379073, 0.908245, -0.054796, -0.925215, 0.375466),
      ["LowerTorso"] = CFrame.new(0.016796, -1.094168, -2.460456, -0.999992, -0.001370, 0.003700, 0.000011, 0.936757, 0.349979, -0.003945, 0.349977, -0.936750),
      ["RightUpperArm"] = CFrame.new(0.082397, -1.130327, 0.017742, 0.950885, 0.303023, 0.063212, 0.235654, -0.576231, -0.782577, -0.200714, 0.759036, -0.619337),
      ["RightUpperLeg"] = CFrame.new(0.010230, 0.277468, -0.545950, 0.972478, -0.118218, -0.200775, 0.229134, 0.641440, 0.732156, 0.042231, -0.758010, 0.650874),
      ["рҹҢ§пёҸрҹҳірҹ‘»рҹҸіпёҸвҖҚрҹҢҲрҹҳӮрҹ’һрҹҸҙвҖҚвҳ пёҸрҹҺёрҹҢ§пёҸрҹҳірҹ‘»рҹҸіпёҸвҖҚрҹҢҲрҹҳӮрҹ’һрҹҸҙвҖҚвҳ"] = CFrame.new(-0.003873, -0.014417, -0.004850, 0.901773, 0.421552, -0.095394, -0.431623, 0.866841, -0.249574, -0.022517, 0.266233, 0.963646)
    }},
    { Time = 0.250, Data = {
      ["Head"] = CFrame.new(0.000000, 0.000000, -0.000000, 1.000000, 0.000000, 0.000000, 0.000000, 0.999913, -0.013207, 0.000000, 0.013207, 0.999913),
      ["LeftUpperArm"] = CFrame.new(-0.057164, -1.117498, 0.032331, 0.952951, -0.269915, -0.137952, -0.274853, -0.577481, -0.768747, 0.127832, 0.770494, -0.624498),
      ["LeftUpperLeg"] = CFrame.new(-0.009096, -0.349501, -0.512758, 0.982659, 0.016751, 0.184665, -0.177035, 0.380910, 0.907506, -0.055139, -0.924461, 0.377270),
      ["LowerTorso"] = CFrame.new(0.016795, -1.094018, -2.461239, -0.999992, -0.001374, 0.003698, 0.000015, 0.936019, 0.351951, -0.003945, 0.351948, -0.936011),
      ["RightUpperArm"] = CFrame.new(0.082226, -1.129735, 0.018258, 0.951376, 0.302373, 0.058776, 0.230963, -0.573983, -0.785620, -0.203814, 0.760995, -0.615911),
      ["RightUpperLeg"] = CFrame.new(0.010108, 0.278140, -0.546804, 0.972455, -0.118308, -0.200834, 0.229170, 0.642649, 0.731084, 0.042572, -0.756971, 0.652060),
      ["рҹҢ§пёҸрҹҳірҹ‘»рҹҸіпёҸвҖҚрҹҢҲрҹҳӮрҹ’һрҹҸҙвҖҚвҳ пёҸрҹҺёрҹҢ§пёҸрҹҳірҹ‘»рҹҸіпёҸвҖҚрҹҢҲрҹҳӮрҹ’һрҹҸҙвҖҚвҳ"] = CFrame.new(-0.004417, -0.016439, -0.005530, 0.902584, 0.419520, -0.096665, -0.430020, 0.867785, -0.249062, -0.020602, 0.266367, 0.963651)
    }},
    { Time = 0.267, Data = {
      ["Head"] = CFrame.new(0.000000, 0.000000, -0.000000, 1.000000, 0.000000, 0.000000, 0.000000, 0.999867, -0.016314, 0.000000, 0.016314, 0.999867),
      ["LeftUpperArm"] = CFrame.new(-0.056897, -1.116908, 0.032865, 0.954020, -0.268902, -0.132431, -0.269353, -0.575235, -0.772369, 0.131512, 0.772526, -0.621215),
      ["LeftUpperLeg"] = CFrame.new(-0.009034, -0.348606, -0.514504, 0.982666, 0.016753, 0.184624, -0.176882, 0.382839, 0.906723, -0.055490, -0.923663, 0.379166),
      ["LowerTorso"] = CFrame.new(0.016795, -1.093864, -2.462039, -0.999992, -0.001378, 0.003697, 0.000020, 0.935244, 0.354003, -0.003945, 0.354000, -0.935237),
      ["RightUpperArm"] = CFrame.new(0.082058, -1.129126, 0.018782, 0.951851, 0.301737, 0.054161, 0.226097, -0.571666, -0.788719, -0.207024, 0.762989, -0.612363),
      ["RightUpperLeg"] = CFrame.new(0.009963, 0.278906, -0.547680, 0.972460, -0.118368, -0.200775, 0.229091, 0.643944, 0.729968, 0.042883, -0.755861, 0.653327),
      ["рҹҢ§пёҸрҹҳірҹ‘»рҹҸіпёҸвҖҚрҹҢҲрҹҳӮрҹ’һрҹҸҙвҖҚвҳ пёҸрҹҺёрҹҢ§пёҸрҹҳірҹ‘»рҹҸіпёҸвҖҚрҹҢҲрҹҳӮрҹ’һрҹҸҙвҖҚвҳ"] = CFrame.new(-0.004989, -0.018571, -0.006247, 0.903461, 0.417317, -0.097999, -0.428266, 0.868801, -0.248541, -0.018579, 0.266517, 0.963651)
    }},
    { Time = 0.283, Data = {
      ["Head"] = CFrame.new(0.000000, 0.000000, -0.000000, 1.000000, 0.000000, 0.000000, 0.000000, 0.999816, -0.019163, 0.000000, 0.019163, 0.999816),
      ["LeftUpperArm"] = CFrame.new(-0.056644, -1.116297, 0.033406, 0.955075, -0.267940, -0.126650, -0.263638, -0.572914, -0.776057, 0.135377, 0.774583, -0.617814),
      ["LeftUpperLeg"] = CFrame.new(-0.008964, -0.347647, -0.516291, 0.982687, 0.016803, 0.184512, -0.176682, 0.384765, 0.905947, -0.055771, -0.922862, 0.381072),
      ["LowerTorso"] = CFrame.new(0.016794, -1.093673, -2.462940, -0.999992, -0.001383, 0.003695, 0.000024, 0.934403, 0.356218, -0.003945, 0.356216, -0.934395),
      ["RightUpperArm"] = CFrame.new(0.081894, -1.128465, 0.019341, 0.952318, 0.301112, 0.049206, 0.220882, -0.569151, -0.792009, -0.210478, 0.765114, -0.608523),
      ["RightUpperLeg"] = CFrame.new(0.009818, 0.279690, -0.548629, 0.972453, -0.118391, -0.200794, 0.229046, 0.645236, 0.728841, 0.043271, -0.754754, 0.654579),
      ["рҹҢ§пёҸрҹҳірҹ‘»рҹҸіпёҸвҖҚрҹҢҲрҹҳӮрҹ’һрҹҸҙвҖҚвҳ пёҸрҹҺёрҹҢ§пёҸрҹҳірҹ‘»рҹҸіпёҸвҖҚрҹҢҲрҹҳӮрҹ’һрҹҸҙвҖҚвҳ"] = CFrame.new(-0.005590, -0.020805, -0.006999, 0.904327, 0.415101, -0.099417, -0.426522, 0.869812, -0.248005, -0.016473, 0.266681, 0.963644)
    }},
    { Time = 0.300, Data = {
      ["Head"] = CFrame.new(0.000000, 0.000000, -0.000000, 1.000000, 0.000000, 0.000000, 0.000000, 0.999760, -0.021924, 0.000000, 0.021924, 0.999760),
      ["LeftUpperArm"] = CFrame.new(-0.056383, -1.115634, 0.033985, 0.956136, -0.266946, -0.120596, -0.257619, -0.570388, -0.779929, 0.139413, 0.776787, -0.614139),
      ["LeftUpperLeg"] = CFrame.new(-0.008902, -0.346708, -0.518170, 0.982684, 0.016895, 0.184516, -0.176594, 0.386868, 0.905068, -0.056092, -0.921980, 0.383153),
      ["LowerTorso"] = CFrame.new(0.016793, -1.093473, -2.463865, -0.999992, -0.001387, 0.003693, 0.000029, 0.933524, 0.358514, -0.003945, 0.358511, -0.933517),
      ["RightUpperArm"] = CFrame.new(0.081705, -1.127790, 0.019915, 0.952795, 0.300393, 0.044110, 0.215451, -0.566585, -0.795338, -0.213922, 0.767297, -0.604559),
      ["RightUpperLeg"] = CFrame.new(0.009666, 0.280509, -0.549622, 0.972447, -0.118433, -0.200801, 0.228997, 0.646667, 0.727587, 0.043681, -0.753522, 0.655970),
      ["рҹҢ§пёҸрҹҳірҹ‘»рҹҸіпёҸвҖҚрҹҢҲрҹҳӮрҹ’һрҹҸҙвҖҚвҳ пёҸрҹҺёрҹҢ§пёҸрҹҳірҹ‘»рҹҸіпёҸвҖҚрҹҢҲрҹҳӮрҹ’һрҹҸҙвҖҚвҳ"] = CFrame.new(-0.006216, -0.023137, -0.007783, 0.905260, 0.412729, -0.100796, -0.424617, 0.870915, -0.247399, -0.014324, 0.266761, 0.963656)
    }},
    { Time = 0.317, Data = {
      ["Head"] = CFrame.new(0.000000, 0.000000, -0.000000, 1.000000, 0.000000, 0.000000, 0.000000, 0.999702, -0.024427, 0.000000, 0.024427, 0.999702),
      ["LeftUpperArm"] = CFrame.new(-0.056117, -1.114954, 0.034573, 0.957197, -0.265936, -0.114242, -0.251307, -0.567806, -0.783863, 0.143590, 0.779022, -0.610334),
      ["LeftUpperLeg"] = CFrame.new(-0.008832, -0.345697, -0.520139, 0.982692, 0.016916, 0.184474, -0.176434, 0.388978, 0.904194, -0.056461, -0.921092, 0.385230),
      ["LowerTorso"] = CFrame.new(0.016792, -1.093294, -2.464735, -0.999992, -0.001392, 0.003692, 0.000034, 0.932640, 0.360808, -0.003945, 0.360805, -0.932633),
      ["RightUpperArm"] = CFrame.new(0.081531, -1.127075, 0.020509, 0.953236, 0.299729, 0.038773, 0.209789, -0.563866, -0.798777, -0.217554, 0.769557, -0.600377),
      ["RightUpperLeg"] = CFrame.new(0.009508, 0.281359, -0.550646, 0.972440, -0.118476, -0.200809, 0.228947, 0.648095, 0.726331, 0.044091, -0.752287, 0.657358),
      ["рҹҢ§пёҸрҹҳірҹ‘»рҹҸіпёҸвҖҚрҹҢҲрҹҳӮрҹ’һрҹҸҙвҖҚвҳ пёҸрҹҺёрҹҢ§пёҸрҹҳірҹ‘»рҹҸіпёҸвҖҚрҹҢҲрҹҳӮрҹ’һрҹҸҙвҖҚвҳ"] = CFrame.new(-0.006866, -0.025558, -0.008598, 0.906175, 0.410327, -0.102362, -0.422731, 0.871991, -0.246841, -0.012027, 0.266953, 0.963634)
    }},
    { Time = 0.333, Data = {
      ["Head"] = CFrame.new(0.000000, 0.000000, -0.000000, 1.000000, 0.000000, 0.000000, 0.000000, 0.999642, -0.026757, 0.000000, 0.026757, 0.999642),
      ["LeftUpperArm"] = CFrame.new(-0.055846, -1.114233, 0.035189, 0.958231, -0.264904, -0.107793, -0.244842, -0.565062, -0.787881, 0.147803, 0.781365, -0.606320),
      ["LeftUpperLeg"] = CFrame.new(-0.008754, -0.344630, -0.522138, 0.982712, 0.016994, 0.184360, -0.176224, 0.391178, 0.903286, -0.056767, -0.920158, 0.387410),
      ["LowerTorso"] = CFrame.new(0.016876, -1.093069, -2.465719, -0.999992, -0.001481, 0.003674, -0.000046, 0.931686, 0.363264, -0.003961, 0.363261, -0.931679),
      ["RightUpperArm"] = CFrame.new(0.081342, -1.126325, 0.021130, 0.953670, 0.299013, 0.033233, 0.203858, -0.561013, -0.802313, -0.221258, 0.771917, -0.595977),
      ["RightUpperLeg"] = CFrame.new(0.009345, 0.282239, -0.551703, 0.972433, -0.118528, -0.200811, 0.228895, 0.649590, 0.725010, 0.044511, -0.750988, 0.658814),
      ["рҹҢ§пёҸрҹҳірҹ‘»рҹҸіпёҸвҖҚрҹҢҲрҹҳӮрҹ’һрҹҸҙвҖҚвҳ пёҸрҹҺёрҹҢ§пёҸрҹҳірҹ‘»рҹҸіпёҸвҖҚрҹҢҲрҹҳӮрҹ’һрҹҸҙвҖҚвҳ"] = CFrame.new(-0.007540, -0.028064, -0.009441, 0.907156, 0.407769, -0.103890, -0.420684, 0.873157, -0.246214, -0.009687, 0.267059, 0.963631)
    }},
    { Time = 0.350, Data = {
      ["Head"] = CFrame.new(0.000000, 0.000000, -0.000000, 1.000000, 0.000000, 0.000000, 0.000000, 0.999582, -0.028915, 0.000000, 0.028915, 0.999582),
      ["LeftUpperArm"] = CFrame.new(-0.055570, -1.113474, 0.035829, 0.959254, -0.263855, -0.101056, -0.238071, -0.562179, -0.792008, 0.152164, 0.783796, -0.602089),
      ["LeftUpperLeg"] = CFrame.new(-0.008675, -0.343519, -0.524258, 0.982729, 0.016961, 0.184269, -0.175985, 0.393480, 0.902332, -0.057201, -0.919177, 0.389669),
      ["LowerTorso"] = CFrame.new(0.016875, -1.092828, -2.466740, -0.999993, -0.001486, 0.003672, -0.000040, 0.930694, 0.365800, -0.003961, 0.365797, -0.930687),
      ["RightUpperArm"] = CFrame.new(0.081160, -1.125553, 0.021759, 0.954069, 0.298321, 0.027514, 0.197742, -0.558076, -0.805884, -0.225057, 0.774310, -0.591434),
      ["RightUpperLeg"] = CFrame.new(0.009183, 0.283130, -0.552830, 0.972414, -0.118554, -0.200886, 0.228874, 0.651153, 0.723614, 0.045020, -0.749630, 0.660324),
      ["рҹҢ§пёҸрҹҳірҹ‘»рҹҸіпёҸвҖҚрҹҢҲрҹҳӮрҹ’һрҹҸҙвҖҚвҳ пёҸрҹҺёрҹҢ§пёҸрҹҳірҹ‘»рҹҸіпёҸвҖҚрҹҢҲрҹҳӮрҹ’һрҹҸҙвҖҚвҳ"] = CFrame.new(-0.008233, -0.030646, -0.010310, 0.908121, 0.405198, -0.105502, -0.418644, 0.874318, -0.245573, -0.007263, 0.267178, 0.963620)
    }},
    { Time = 0.367, Data = {
      ["Head"] = CFrame.new(0.000000, 0.000000, -0.000000, 1.000000, 0.000000, 0.000000, 0.000000, 0.999525, -0.030813, 0.000000, 0.030813, 0.999525),
      ["LeftUpperArm"] = CFrame.new(-0.055303, -1.112712, 0.036463, 0.960238, -0.262838, -0.094120, -0.231120, -0.559282, -0.796108, 0.156608, 0.786206, -0.597791),
      ["LeftUpperLeg"] = CFrame.new(-0.008599, -0.342415, -0.526410, 0.982737, 0.017010, 0.184225, -0.175815, 0.395861, 0.901323, -0.057596, -0.918153, 0.392018),
      ["LowerTorso"] = CFrame.new(0.016873, -1.092567, -2.467796, -0.999993, -0.001492, 0.003670, -0.000035, 0.929661, 0.368416, -0.003961, 0.368412, -0.929654),
      ["RightUpperArm"] = CFrame.new(0.080995, -1.124752, 0.022398, 0.954414, 0.297693, 0.021732, 0.191552, -0.555030, -0.809475, -0.228913, 0.776737, -0.586752),
      ["RightUpperLeg"] = CFrame.new(0.009010, 0.284062, -0.553942, 0.972408, -0.118616, -0.200883, 0.228818, 0.652711, 0.722226, 0.045451, -0.748263, 0.661843),
      ["рҹҢ§пёҸрҹҳірҹ‘»рҹҸіпёҸвҖҚрҹҢҲрҹҳӮрҹ’һрҹҸҙвҖҚвҳ пёҸрҹҺёрҹҢ§пёҸрҹҳірҹ‘»рҹҸіпёҸвҖҚрҹҢҲрҹҳӮрҹ’һрҹҸҙвҖҚвҳ"] = CFrame.new(-0.008946, -0.033299, -0.011202, 0.909145, 0.402453, -0.107179, -0.416453, 0.875544, -0.244926, -0.004732, 0.267308, 0.963600)
    }},
    { Time = 0.383, Data = {
      ["Head"] = CFrame.new(0.000000, 0.000000, 0.000000, 1.000000, 0.000000, 0.000000, 0.000000, 0.999470, -0.032539, 0.000000, 0.032539, 0.999470),
      ["LeftUpperArm"] = CFrame.new(-0.055013, -1.111933, 0.037112, 0.961206, -0.261738, -0.087036, -0.223945, -0.556315, -0.800226, 0.161030, 0.788674, -0.593349),
      ["LeftUpperLeg"] = CFrame.new(-0.008522, -0.341287, -0.528608, 0.982744, 0.017058, 0.184181, -0.175643, 0.398238, 0.900309, -0.057990, -0.917124, 0.394362),
      ["LowerTorso"] = CFrame.new(0.016872, -1.092318, -2.468814, -0.999992, -0.001497, 0.003668, -0.000029, 0.928621, 0.371029, -0.003961, 0.371026, -0.928614),
      ["RightUpperArm"] = CFrame.new(0.080818, -1.123934, 0.023047, 0.954742, 0.297020, 0.015732, 0.185100, -0.551921, -0.813094, -0.232822, 0.779207, -0.581920),
      ["RightUpperLeg"] = CFrame.new(0.008833, 0.285015, -0.555076, 0.972401, -0.118677, -0.200880, 0.228761, 0.654266, 0.720835, 0.045882, -0.746894, 0.663358),
      ["рҹҢ§пёҸрҹҳірҹ‘»рҹҸіпёҸвҖҚрҹҢҲрҹҳӮрҹ’һрҹҸҙвҖҚвҳ пёҸрҹҺёрҹҢ§пёҸрҹҳірҹ‘»рҹҸіпёҸвҖҚрҹҢҲрҹҳӮрҹ’һрҹҸҙвҖҚвҳ"] = CFrame.new(-0.009675, -0.036013, -0.012115, 0.910157, 0.399706, -0.108857, -0.414259, 0.876764, -0.244284, -0.002200, 0.267432, 0.963574)
    }},
    { Time = 0.400, Data = {
      ["Head"] = CFrame.new(0.000000, -0.000000, -0.000000, 1.000000, 0.000000, 0.000000, 0.000000, 0.999422, -0.034006, 0.000000, 0.034006, 0.999422),
      ["LeftUpperArm"] = CFrame.new(-0.054761, -1.111101, 0.037779, 0.962100, -0.260779, -0.079742, -0.216606, -0.553152, -0.804429, 0.165668, 0.791213, -0.588673),
      ["LeftUpperLeg"] = CFrame.new(-0.008443, -0.340135, -0.530850, 0.982752, 0.017115, 0.184136, -0.175469, 0.400703, 0.899248, -0.058393, -0.916048, 0.396795),
      ["LowerTorso"] = CFrame.new(0.016871, -1.092045, -2.469876, -0.999992, -0.001502, 0.003666, -0.000023, 0.927541, 0.373721, -0.003961, 0.373718, -0.927534),
      ["RightUpperArm"] = CFrame.new(0.080649, -1.123093, 0.023705, 0.955023, 0.296378, 0.009554, 0.178458, -0.548721, -0.816736, -0.236820, 0.781707, -0.576932),
      ["RightUpperLeg"] = CFrame.new(0.008658, 0.285972, -0.556272, 0.972382, -0.118713, -0.200949, 0.228736, 0.655887, 0.719369, 0.046401, -0.745465, 0.664927),
      ["рҹҢ§пёҸрҹҳірҹ‘»рҹҸіпёҸвҖҚрҹҢҲрҹҳӮрҹ’һрҹҸҙвҖҚвҳ пёҸрҹҺёрҹҢ§пёҸрҹҳірҹ‘»рҹҸіпёҸвҖҚрҹҢҲрҹҳӮрҹ’һрҹҸҙвҖҚвҳ"] = CFrame.new(-0.010419, -0.038783, -0.013047, 0.911152, 0.396946, -0.110620, -0.412071, 0.877976, -0.243629, 0.000415, 0.267567, 0.963539)
    }},
    { Time = 0.417, Data = {
      ["Head"] = CFrame.new(0.000000, -0.000000, -0.000000, 1.000000, 0.000000, 0.000000, 0.000000, 0.999380, -0.035214, 0.000000, 0.035214, 0.999380),
      ["LeftUpperArm"] = CFrame.new(-0.054478, -1.110270, 0.038451, 0.962973, -0.259705, -0.072362, -0.209087, -0.549991, -0.808574, 0.170192, 0.793765, -0.583927),
      ["LeftUpperLeg"] = CFrame.new(-0.008362, -0.338965, -0.533128, 0.982759, 0.017172, 0.184091, -0.175293, 0.403164, 0.898182, -0.058795, -0.914966, 0.399224),
      ["LowerTorso"] = CFrame.new(0.016870, -1.091777, -2.470910, -0.999992, -0.001507, 0.003663, -0.000018, 0.926453, 0.376412, -0.003961, 0.376408, -0.926445),
      ["RightUpperArm"] = CFrame.new(0.080469, -1.122227, 0.024378, 0.955277, 0.295692, 0.003348, 0.171705, -0.545430, -0.820381, -0.240754, 0.784266, -0.571809),
      ["RightUpperLeg"] = CFrame.new(0.008474, 0.286964, -0.557450, 0.972375, -0.118794, -0.200935, 0.228674, 0.657574, 0.717847, 0.046854, -0.743965, 0.666574),
      ["рҹҢ§пёҸрҹҳірҹ‘»рҹҸіпёҸвҖҚрҹҢҲрҹҳӮрҹ’һрҹҸҙвҖҚвҳ пёҸрҹҺёрҹҢ§пёҸрҹҳірҹ‘»рҹҸіпёҸвҖҚрҹҢҲрҹҳӮрҹ’һрҹҸҙвҖҚвҳ"] = CFrame.new(-0.011176, -0.041601, -0.013995, 0.912206, 0.394028, -0.112347, -0.409720, 0.879276, -0.242907, 0.003072, 0.267612, 0.963522)
    }},
    { Time = 0.433, Data = {
      ["Head"] = CFrame.new(0.000000, -0.000000, -0.000000, 1.000000, 0.000000, 0.000000, 0.000000, 0.999343, -0.036249, 0.000000, 0.036249, 0.999343),
      ["LeftUpperArm"] = CFrame.new(-0.054226, -1.109427, 0.039114, 0.963768, -0.258744, -0.064824, -0.201458, -0.546786, -0.812675, 0.174830, 0.796289, -0.579101),
      ["LeftUpperLeg"] = CFrame.new(-0.008270, -0.337719, -0.535426, 0.982789, 0.017214, 0.183928, -0.174995, 0.405724, 0.897087, -0.059181, -0.913834, 0.401753),
      ["LowerTorso"] = CFrame.new(0.016869, -1.091478, -2.472003, -0.999992, -0.001513, 0.003661, -0.000012, 0.925323, 0.379181, -0.003961, 0.379178, -0.925315),
      ["RightUpperArm"] = CFrame.new(0.080298, -1.121357, 0.025044, 0.955479, 0.295042, -0.003049, 0.164772, -0.542123, -0.823986, -0.244764, 0.786799, -0.566602),
      ["RightUpperLeg"] = CFrame.new(0.008287, 0.287969, -0.558642, 0.972368, -0.118875, -0.200921, 0.228611, 0.659257, 0.716322, 0.047306, -0.742462, 0.668216),
      ["рҹҢ§пёҸрҹҳірҹ‘»рҹҸіпёҸвҖҚрҹҢҲрҹҳӮрҹ’һрҹҸҙвҖҚвҳ пёҸрҹҺёрҹҢ§пёҸрҹҳірҹ‘»рҹҸіпёҸвҖҚрҹҢҲрҹҳӮрҹ’һрҹҸҙвҖҚвҳ"] = CFrame.new(-0.011944, -0.044458, -0.014956, 0.913242, 0.391092, -0.114177, -0.407376, 0.880544, -0.242253, 0.005794, 0.267749, 0.963471)
    }},
    { Time = 0.450, Data = {
      ["Head"] = CFrame.new(0.000000, 0.000000, 0.000000, 1.000000, 0.000000, 0.000000, 0.000000, 0.999311, -0.037112, 0.000000, 0.037112, 0.999311),
      ["LeftUpperArm"] = CFrame.new(-0.053962, -1.108558, 0.039794, 0.964516, -0.257743, -0.057253, -0.193714, -0.543480, -0.816765, 0.179400, 0.798874, -0.574123),
      ["LeftUpperLeg"] = CFrame.new(-0.008188, -0.336519, -0.537761, 0.982796, 0.017280, 0.183883, -0.174815, 0.408267, 0.895967, -0.059591, -0.912699, 0.404264),
      ["LowerTorso"] = CFrame.new(0.016868, -1.091147, -2.473152, -0.999992, -0.001518, 0.003659, -0.000006, 0.924150, 0.382029, -0.003961, 0.382026, -0.924144),
      ["RightUpperArm"] = CFrame.new(0.080135, -1.120458, 0.025722, 0.955628, 0.294425, -0.009433, 0.157801, -0.538698, -0.827589, -0.248744, 0.789379, -0.561256),
      ["RightUpperLeg"] = CFrame.new(0.008104, 0.288968, -0.559884, 0.972349, -0.118921, -0.200986, 0.228581, 0.660935, 0.714784, 0.047835, -0.740961, 0.669842),
      ["рҹҢ§пёҸрҹҳірҹ‘»рҹҸіпёҸвҖҚрҹҢҲрҹҳӮрҹ’һрҹҸҙвҖҚвҳ пёҸрҹҺёрҹҢ§пёҸрҹҳірҹ‘»рҹҸіпёҸвҖҚрҹҢҲрҹҳӮрҹ’һрҹҸҙвҖҚвҳ"] = CFrame.new(-0.012720, -0.047347, -0.015928, 0.914264, 0.388153, -0.116009, -0.405028, 0.881804, -0.241606, 0.008517, 0.267878, 0.963415)
    }},
    { Time = 0.467, Data = {
      ["Head"] = CFrame.new(0.000000, 0.000000, -0.000000, 1.000000, 0.000000, 0.000000, 0.000000, 0.999288, -0.037716, 0.000000, 0.037716, 0.999288),
      ["LeftUpperArm"] = CFrame.new(-0.053719, -1.107676, 0.040469, 0.965186, -0.256819, -0.049601, -0.185898, -0.540127, -0.820795, 0.184005, 0.801441, -0.569065),
      ["LeftUpperLeg"] = CFrame.new(-0.008105, -0.335309, -0.540112, 0.982804, 0.017345, 0.183838, -0.174634, 0.410806, 0.894841, -0.060001, -0.911558, 0.406771),
      ["LowerTorso"] = CFrame.new(0.016866, -1.090847, -2.474204, -0.999992, -0.001524, 0.003657, 0.000000, 0.923003, 0.384793, -0.003961, 0.384790, -0.922996),
      ["RightUpperArm"] = CFrame.new(0.079992, -1.119567, 0.026380, 0.955710, 0.293879, -0.015907, 0.150775, -0.535314, -0.831087, -0.252754, 0.791880, -0.555915),
      ["RightUpperLeg"] = CFrame.new(0.007914, 0.289994, -0.561094, 0.972342, -0.119002, -0.200972, 0.228517, 0.662608, 0.713253, 0.048287, -0.739451, 0.671476),
      ["рҹҢ§пёҸрҹҳірҹ‘»рҹҸіпёҸвҖҚрҹҢҲрҹҳӮрҹ’һрҹҸҙвҖҚвҳ пёҸрҹҺёрҹҢ§пёҸрҹҳірҹ‘»рҹҸіпёҸвҖҚрҹҢҲрҹҳӮрҹ’һрҹҸҙвҖҚвҳ"] = CFrame.new(-0.013503, -0.050261, -0.016908, 0.915273, 0.385217, -0.117825, -0.402676, 0.883079, -0.240881, 0.011258, 0.267918, 0.963376)
    }},
    { Time = 0.483, Data = {
      ["Head"] = CFrame.new(0.000000, 0.000000, -0.000000, 1.000000, 0.000000, 0.000000, 0.000000, 0.999275, -0.038061, 0.000000, 0.038061, 0.999275),
      ["LeftUpperArm"] = CFrame.new(-0.053476, -1.106767, 0.041156, 0.965799, -0.255895, -0.041840, -0.177927, -0.536670, -0.824820, 0.188614, 0.804054, -0.563846),
      ["LeftUpperLeg"] = CFrame.new(-0.008017, -0.334057, -0.542498, 0.982821, 0.017338, 0.183747, -0.174381, 0.413349, 0.893719, -0.060456, -0.910408, 0.409271),
      ["LowerTorso"] = CFrame.new(0.016865, -1.090510, -2.475324, -0.999992, -0.001530, 0.003654, 0.000006, 0.921813, 0.387635, -0.003961, 0.387632, -0.921806),
      ["RightUpperArm"] = CFrame.new(0.079838, -1.118652, 0.027053, 0.955760, 0.293294, -0.022407, 0.143638, -0.531834, -0.834579, -0.256694, 0.794438, -0.550433),
      ["RightUpperLeg"] = CFrame.new(0.007729, 0.291009, -0.562355, 0.972323, -0.119058, -0.201031, 0.228483, 0.664347, 0.711645, 0.048827, -0.737881, 0.673162),
      ["рҹҢ§пёҸрҹҳірҹ‘»рҹҸіпёҸвҖҚрҹҢҲрҹҳӮрҹ’һрҹҸҙвҖҚвҳ пёҸрҹҺёрҹҢ§пёҸрҹҳірҹ‘»рҹҸіпёҸвҖҚрҹҢҲрҹҳӮрҹ’һрҹҸҙвҖҚвҳ"] = CFrame.new(-0.014290, -0.053190, -0.017894, 0.916303, 0.382193, -0.119651, -0.400240, 0.884357, -0.240250, 0.013992, 0.268031, 0.963309)
    }},
    { Time = 0.500, Data = {
      ["Head"] = CFrame.new(0.000000, 0.000000, -0.000000, 1.000000, 0.000000, 0.000000, 0.000000, 0.999272, -0.038147, 0.000000, 0.038147, 0.999272),
      ["LeftUpperArm"] = CFrame.new(-0.053234, -1.105867, 0.041832, 0.966345, -0.254974, -0.034137, -0.169973, -0.533246, -0.828709, 0.193096, 0.806621, -0.558638),
      ["LeftUpperLeg"] = CFrame.new(-0.007934, -0.332836, -0.544871, 0.982828, 0.017412, 0.183702, -0.174195, 0.415969, 0.892539, -0.060873, -0.909212, 0.411859),
      ["LowerTorso"] = CFrame.new(0.016864, -1.090166, -2.476439, -0.999993, -0.001535, 0.003652, 0.000013, 0.920614, 0.390475, -0.003961, 0.390472, -0.920607),
      ["RightUpperArm"] = CFrame.new(0.079693, -1.117727, 0.027723, 0.955754, 0.292744, -0.028907, 0.136475, -0.528313, -0.838010, -0.260594, 0.796986, -0.544889),
      ["RightUpperLeg"] = CFrame.new(0.007537, 0.292045, -0.563579, 0.972315, -0.119149, -0.201013, 0.228414, 0.666080, 0.710045, 0.049289, -0.736302, 0.674855),
      ["рҹҢ§пёҸрҹҳірҹ‘»рҹҸіпёҸвҖҚрҹҢҲрҹҳӮрҹ’һрҹҸҙвҖҚвҳ пёҸрҹҺёрҹҢ§пёҸрҹҳірҹ‘»рҹҸіпёҸвҖҚрҹҢҲрҹҳӮрҹ’һрҹҸҙвҖҚвҳ"] = CFrame.new(-0.015079, -0.056128, -0.018882, 0.917279, 0.379241, -0.121556, -0.397891, 0.885615, -0.239519, 0.016817, 0.268071, 0.963252)
    }},
    { Time = 0.517, Data = {
      ["Head"] = CFrame.new(0.000000, 0.000000, -0.000000, 1.000000, 0.000000, 0.000000, 0.000000, 0.999275, -0.038061, 0.000000, 0.038061, 0.999275),
      ["LeftUpperArm"] = CFrame.new(-0.052993, -1.104981, 0.042490, 0.966831, -0.254058, -0.026301, -0.161884, -0.529877, -0.832481, 0.197562, 0.809126, -0.553429),
      ["LeftUpperLeg"] = CFrame.new(-0.007845, -0.331581, -0.547263, 0.982845, 0.017405, 0.183612, -0.173940, 0.418501, 0.891404, -0.061327, -0.908050, 0.414349),
      ["LowerTorso"] = CFrame.new(0.016863, -1.089813, -2.477550, -0.999992, -0.001541, 0.003649, 0.000019, 0.919405, 0.393312, -0.003961, 0.393309, -0.919398),
      ["RightUpperArm"] = CFrame.new(0.079558, -1.116790, 0.028390, 0.955693, 0.292228, -0.035406, 0.129286, -0.524752, -0.841380, -0.264454, 0.799524, -0.539283),
      ["RightUpperLeg"] = CFrame.new(0.007351, 0.293062, -0.564836, 0.972296, -0.119195, -0.201078, 0.228381, 0.667741, 0.708495, 0.049819, -0.734789, 0.676464),
