return {
  ["Astros Taking it 3"] = {
    { Time = 0.000, Data = {
      ["Head"] = CFrame.new(0.000061, 0.000132, 0.000052, -0.035411, -0.237993, -0.970621, -0.497774, 0.846381, -0.189370, 0.866583, 0.476444, -0.148438),
      ["LeftUpperArm"] = CFrame.new(0.052450, 0.147049, -0.051025, 0.750217, -0.634673, -0.185377, 0.658267, 0.690598, 0.299599, -0.062127, -0.346792, 0.935882),
      ["LeftUpperLeg"] = CFrame.new(-0.079700, -0.140138, -0.389837, 0.792858, 0.609278, 0.012478, -0.587069, 0.769130, -0.252565, -0.163479, 0.192923, 0.967499),
      ["LowerTorso"] = CFrame.new(0.000000, -1.336767, 1.489197, 1.000000, 0.000000, 0.000000, 0.000000, -0.268293, 0.963337, 0.000000, -0.963337, -0.268293),
      ["RightUpperArm"] = CFrame.new(-0.151414, 0.129875, -0.079968, 0.584634, 0.724095, 0.365909, -0.804087, 0.577155, 0.142607, -0.107925, -0.377596, 0.919659),
      ["RightUpperLeg"] = CFrame.new(0.210305, 0.313085, -0.293677, 0.778798, -0.627139, -0.013083, 0.604269, 0.755668, -0.252637, 0.168325, 0.188848, 0.967473)
    }},
    { Time = 0.017, Data = {
      ["Head"] = CFrame.new(0.000061, 0.000132, 0.000052, -0.035389, -0.238006, -0.970619, -0.498103, 0.846195, -0.189335, 0.866395, 0.476768, -0.148497),
      ["LeftUpperArm"] = CFrame.new(0.052446, 0.147050, -0.051017, 0.750222, -0.634690, -0.185298, 0.658253, 0.690598, 0.299630, -0.062206, -0.346762, 0.935888),
      ["LeftUpperLeg"] = CFrame.new(-0.079758, -0.140204, -0.389887, 0.792740, 0.609430, 0.012535, -0.587201, 0.769020, -0.252593, -0.163578, 0.192880, 0.967491),
      ["LowerTorso"] = CFrame.new(0.000000, -1.336805, 1.489061, 1.000000, 0.000000, 0.000000, 0.000000, -0.268293, 0.963337, 0.000000, -0.963337, -0.268293),
      ["RightUpperArm"] = CFrame.new(-0.151409, 0.129875, -0.079959, 0.584657, 0.724113, 0.365835, -0.804080, 0.577155, 0.142647, -0.107851, -0.377560, 0.919683),
      ["RightUpperLeg"] = CFrame.new(0.210362, 0.313014, -0.293686, 0.778684, -0.627280, -0.013060, 0.604410, 0.755554, -0.252638, 0.168342, 0.188832, 0.967473)
    }},
    { Time = 0.033, Data = {
      ["Head"] = CFrame.new(0.000061, 0.000132, 0.000052, -0.035410, -0.237996, -0.970621, -0.498931, 0.845743, -0.189174, 0.865918, 0.477574, -0.148692),
      ["LeftUpperArm"] = CFrame.new(0.052464, 0.147066, -0.051018, 0.750283, -0.634622, -0.185284, 0.658185, 0.690658, 0.299639, -0.062190, -0.346765, 0.935888),
      ["LeftUpperLeg"] = CFrame.new(-0.079982, -0.140485, -0.389963, 0.792292, 0.610013, 0.012524, -0.587763, 0.768580, -0.252625, -0.163730, 0.192792, 0.967483),
      ["LowerTorso"] = CFrame.new(0.000000, -1.336918, 1.488653, 1.000000, 0.000000, 0.000000, 0.000000, -0.268293, 0.963337, 0.000000, -0.963337, -0.268293),
      ["RightUpperArm"] = CFrame.new(-0.151385, 0.129862, -0.079931, 0.584605, 0.724207, 0.365733, -0.804124, 0.577106, 0.142595, -0.107798, -0.377456, 0.919732),
      ["RightUpperLeg"] = CFrame.new(0.210565, 0.312769, -0.293743, 0.778278, -0.627784, -0.013088, 0.604902, 0.755177, -0.252591, 0.168456, 0.188669, 0.967485)
    }},
    { Time = 0.050, Data = {
      ["Head"] = CFrame.new(0.000061, 0.000132, 0.000052, -0.035385, -0.238011, -0.970618, -0.500417, 0.844916, -0.188944, 0.865061, 0.479027, -0.149002),
      ["LeftUpperArm"] = CFrame.new(0.052475, 0.147090, -0.050990, 0.750350, -0.634579, -0.185161, 0.658106, 0.690749, 0.299602, -0.062222, -0.346662, 0.935924),
      ["LeftUpperLeg"] = CFrame.new(-0.080321, -0.140907, -0.390083, 0.791615, 0.610891, 0.012574, -0.588608, 0.767939, -0.252606, -0.163971, 0.192566, 0.967488),
      ["LowerTorso"] = CFrame.new(0.000000, -1.337108, 1.487973, 1.000000, 0.000000, 0.000000, 0.000000, -0.268293, 0.963337, 0.000000, -0.963337, -0.268293),
      ["RightUpperArm"] = CFrame.new(-0.151355, 0.129849, -0.079895, 0.584577, 0.724320, 0.365556, -0.804162, 0.577056, 0.142582, -0.107671, -0.377317, 0.919804),
      ["RightUpperLeg"] = CFrame.new(0.210859, 0.312427, -0.293867, 0.777692, -0.628508, -0.013132, 0.605586, 0.754608, -0.252653, 0.168704, 0.188533, 0.967468)
    }},
    { Time = 0.067, Data = {
      ["Head"] = CFrame.new(0.000061, 0.000132, 0.000051, -0.035402, -0.238004, -0.970619, -0.502398, 0.843819, -0.188587, 0.863911, 0.480961, -0.149445),
      ["LeftUpperArm"] = CFrame.new(0.052503, 0.147122, -0.050976, 0.750483, -0.634476, -0.184974, 0.657943, 0.690871, 0.299681, -0.062347, -0.346608, 0.935936),
      ["LeftUpperLeg"] = CFrame.new(-0.080798, -0.141505, -0.390239, 0.790660, 0.612127, 0.012538, -0.589803, 0.767001, -0.252670, -0.164283, 0.192381, 0.967471),
      ["LowerTorso"] = CFrame.new(0.000000, -1.337373, 1.487021, 1.000000, 0.000000, 0.000000, 0.000000, -0.268293, 0.963337, 0.000000, -0.963337, -0.268293),
      ["RightUpperArm"] = CFrame.new(-0.151321, 0.129844, -0.079839, 0.584548, 0.724450, 0.365344, -0.804195, 0.577032, 0.142496, -0.107584, -0.377104, 0.919901),
      ["RightUpperLeg"] = CFrame.new(0.211266, 0.311940, -0.293995, 0.776877, -0.629514, -0.013159, 0.606560, 0.753830, -0.252638, 0.168959, 0.188287, 0.967471)
    }},
    { Time = 0.083, Data = {
      ["Head"] = CFrame.new(0.000061, 0.000132, 0.000051, -0.035413, -0.237967, -0.970627, -0.504981, 0.842385, -0.188102, 0.862404, 0.483487, -0.150001),
      ["LeftUpperArm"] = CFrame.new(0.052530, 0.147154, -0.050961, 0.750615, -0.634374, -0.184788, 0.657779, 0.690992, 0.299760, -0.062473, -0.346554, 0.935947),
      ["LeftUpperLeg"] = CFrame.new(-0.081419, -0.142279, -0.390444, 0.789418, 0.613727, 0.012553, -0.591350, 0.765804, -0.252684, -0.164693, 0.192050, 0.967467),
      ["LowerTorso"] = CFrame.new(0.000000, -1.337714, 1.485796, 1.000000, 0.000000, 0.000000, 0.000000, -0.268293, 0.963337, 0.000000, -0.963337, -0.268293),
      ["RightUpperArm"] = CFrame.new(-0.151283, 0.129831, -0.079783, 0.584566, 0.724599, 0.365020, -0.804219, 0.576982, 0.142563, -0.107309, -0.376893, 0.920020),
      ["RightUpperLeg"] = CFrame.new(0.211794, 0.311319, -0.294180, 0.775824, -0.630811, -0.013220, 0.607803, 0.752822, -0.252653, 0.169328, 0.187980, 0.967467)
    }},
    { Time = 0.100, Data = {
      ["Head"] = CFrame.new(0.000061, 0.000132, 0.000051, -0.035416, -0.237961, -0.970629, -0.508108, 0.840626, -0.187549, 0.860565, 0.486542, -0.150682),
      ["LeftUpperArm"] = CFrame.new(0.052573, 0.147211, -0.050927, 0.750809, -0.634212, -0.184557, 0.657551, 0.691205, 0.299772, -0.062552, -0.346427, 0.935989),
      ["LeftUpperLeg"] = CFrame.new(-0.082185, -0.143228, -0.390697, 0.787887, 0.615691, 0.012619, -0.593249, 0.764346, -0.252650, -0.165199, 0.191573, 0.967476),
      ["LowerTorso"] = CFrame.new(0.000000, -1.338131, 1.484300, 1.000000, 0.000000, 0.000000, 0.000000, -0.268293, 0.963337, 0.000000, -0.963337, -0.268293),
      ["RightUpperArm"] = CFrame.new(-0.151219, 0.129812, -0.079691, 0.584508, 0.724841, 0.364631, -0.804289, 0.576908, 0.142464, -0.107095, -0.376540, 0.920189),
      ["RightUpperLeg"] = CFrame.new(0.212437, 0.310556, -0.294382, 0.774539, -0.632388, -0.013233, 0.609328, 0.751583, -0.252672, 0.169732, 0.187641, 0.967462)
    }},
    { Time = 0.117, Data = {
      ["Head"] = CFrame.new(0.000061, 0.000131, 0.000050, -0.035408, -0.237984, -0.970624, -0.511778, 0.838535, -0.186928, 0.858388, 0.490125, -0.151485),
      ["LeftUpperArm"] = CFrame.new(0.052612, 0.147267, -0.050886, 0.751008, -0.634066, -0.184247, 0.657308, 0.691417, 0.299814, -0.062710, -0.346270, 0.936037),
      ["LeftUpperLeg"] = CFrame.new(-0.083097, -0.144345, -0.391027, 0.786062, 0.618018, 0.012679, -0.595482, 0.762582, -0.252725, -0.165858, 0.191108, 0.967455),
      ["LowerTorso"] = CFrame.new(0.000000, -1.338623, 1.482532, 1.000000, 0.000000, 0.000000, 0.000000, -0.268293, 0.963337, 0.000000, -0.963337, -0.268293),
      ["RightUpperArm"] = CFrame.new(-0.151141, 0.129767, -0.079609, 0.584399, 0.725141, 0.364210, -0.804415, 0.576734, 0.142461, -0.106748, -0.376230, 0.920356),
      ["RightUpperLeg"] = CFrame.new(0.213230, 0.309626, -0.294646, 0.772954, -0.634323, -0.013269, 0.611190, 0.750052, -0.252722, 0.170260, 0.187232, 0.967448)
    }},
    { Time = 0.133, Data = {
      ["Head"] = CFrame.new(0.000061, 0.000131, 0.000050, -0.035494, -0.238006, -0.970615, -0.516050, 0.836087, -0.186147, 0.855823, 0.494279, -0.152499),
      ["LeftUpperArm"] = CFrame.new(0.052650, 0.147323, -0.050844, 0.751207, -0.633920, -0.183938, 0.657066, 0.691629, 0.299856, -0.062868, -0.346113, 0.936084),
      ["LeftUpperLeg"] = CFrame.new(-0.084157, -0.145636, -0.391404, 0.783940, 0.620705, 0.012790, -0.598062, 0.760551, -0.252753, -0.166612, 0.190494, 0.967446),
      ["LowerTorso"] = CFrame.new(0.000000, -1.339191, 1.480492, 1.000000, 0.000000, 0.000000, 0.000000, -0.268293, 0.963337, 0.000000, -0.963337, -0.268293),
      ["RightUpperArm"] = CFrame.new(-0.151069, 0.129755, -0.079488, 0.584364, 0.725419, 0.363712, -0.804473, 0.576685, 0.142328, -0.106500, -0.375768, 0.920574),
      ["RightUpperLeg"] = CFrame.new(0.214112, 0.308591, -0.294922, 0.771190, -0.636466, -0.013270, 0.613261, 0.748343, -0.252774, 0.170812, 0.186799, 0.967434)
    }},
    { Time = 0.150, Data = {
      ["Head"] = CFrame.new(0.000062, 0.000131, 0.000049, -0.035449, -0.237968, -0.970626, -0.520897, 0.833272, -0.185269, 0.852884, 0.499028, -0.153495),
      ["LeftUpperArm"] = CFrame.new(0.052705, 0.147388, -0.050815, 0.751472, -0.633714, -0.183564, 0.656738, 0.691872, 0.300014, -0.063120, -0.346006, 0.936107),
      ["LeftUpperLeg"] = CFrame.new(-0.085364, -0.147097, -0.391816, 0.781526, 0.623741, 0.012813, -0.600984, 0.758207, -0.252864, -0.167436, 0.189919, 0.967417),
      ["LowerTorso"] = CFrame.new(0.000000, -1.339836, 1.478179, 1.000000, 0.000000, 0.000000, 0.000000, -0.268293, 0.963337, 0.000000, -0.963337, -0.268293),
      ["RightUpperArm"] = CFrame.new(-0.150976, 0.129717, -0.079369, 0.584300, 0.725773, 0.363108, -0.804579, 0.576536, 0.142331, -0.106045, -0.375313, 0.920812),
      ["RightUpperLeg"] = CFrame.new(0.215119, 0.307420, -0.295242, 0.769179, -0.638894, -0.013333, 0.615604, 0.746415, -0.252778, 0.171451, 0.186224, 0.967432)
    }},
    { Time = 0.167, Data = {
      ["Head"] = CFrame.new(0.000062, 0.000130, 0.000048, -0.035488, -0.237987, -0.970620, -0.526283, 0.830098, -0.184291, 0.849569, 0.504281, -0.154707),
      ["LeftUpperArm"] = CFrame.new(0.052758, 0.147460, -0.050766, 0.751737, -0.633516, -0.183161, 0.656414, 0.692144, 0.300095, -0.063341, -0.345822, 0.936160),
      ["LeftUpperLeg"] = CFrame.new(-0.086695, -0.148698, -0.392257, 0.778863, 0.627061, 0.012927, -0.604186, 0.755663, -0.252847, -0.168319, 0.189123, 0.967420),
      ["LowerTorso"] = CFrame.new(0.000000, -1.340556, 1.475595, 1.000000, 0.000000, 0.000000, 0.000000, -0.268293, 0.963337, 0.000000, -0.963337, -0.268293),
      ["RightUpperArm"] = CFrame.new(-0.150879, 0.129686, -0.079230, 0.584235, 0.726145, 0.362468, -0.804681, 0.576412, 0.142260, -0.105630, -0.374784, 0.921075),
      ["RightUpperLeg"] = CFrame.new(0.216280, 0.306086, -0.295637, 0.766859, -0.641676, -0.013388, 0.618273, 0.744166, -0.252894, 0.172239, 0.185657, 0.967401)
    }},
    { Time = 0.183, Data = {
      ["Head"] = CFrame.new(0.000062, 0.000130, 0.000047, -0.035384, -0.238002, -0.970620, -0.532182, 0.826555, -0.183276, 0.845890, 0.510061, -0.155907),
      ["LeftUpperArm"] = CFrame.new(0.052826, 0.147557, -0.050697, 0.752062, -0.633260, -0.182714, 0.656024, 0.692508, 0.300108, -0.063515, -0.345565, 0.936243),
      ["LeftUpperLeg"] = CFrame.new(-0.088205, -0.150503, -0.392738, 0.775841, 0.630796, 0.012942, -0.607796, 0.752741, -0.252915, -0.169280, 0.188356, 0.967402),
      ["LowerTorso"] = CFrame.new(0.000000, -1.341351, 1.472738, 1.000000, 0.000000, 0.000000, 0.000000, -0.268293, 0.963337, 0.000000, -0.963337, -0.268293),
      ["RightUpperArm"] = CFrame.new(-0.150763, 0.129641, -0.079073, 0.584095, 0.726591, 0.361799, -0.804834, 0.576238, 0.142097, -0.105236, -0.374187, 0.921363),
      ["RightUpperLeg"] = CFrame.new(0.217535, 0.304647, -0.296029, 0.764351, -0.644660, -0.013437, 0.621152, 0.741751, -0.252934, 0.173024, 0.184984, 0.967390)
    }},
    { Time = 0.200, Data = {
      ["Head"] = CFrame.new(0.000063, 0.000130, 0.000047, -0.035399, -0.237961, -0.970630, -0.538607, 0.822656, -0.182041, 0.841813, 0.516344, -0.157289),
      ["LeftUpperArm"] = CFrame.new(0.052893, 0.147645, -0.050641, 0.752393, -0.633010, -0.182218, 0.655618, 0.692841, 0.300229, -0.063800, -0.345355, 0.936301),
      ["LeftUpperLeg"] = CFrame.new(-0.089845, -0.152437, -0.393275, 0.772559, 0.634810, 0.012990, -0.611663, 0.749568, -0.253015, -0.170353, 0.187524, 0.967375),
      ["LowerTorso"] = CFrame.new(0.000000, -1.342223, 1.469610, 1.000000, 0.000000, 0.000000, 0.000000, -0.268293, 0.963337, 0.000000, -0.963337, -0.268293),
      ["RightUpperArm"] = CFrame.new(-0.150642, 0.129590, -0.078917, 0.584000, 0.727056, 0.361018, -0.804979, 0.576038, 0.142088, -0.104654, -0.373591, 0.921671),
      ["RightUpperLeg"] = CFrame.new(0.218919, 0.303074, -0.296464, 0.761586, -0.647922, -0.013549, 0.624298, 0.739107, -0.252928, 0.173892, 0.184167, 0.967390)
    }},
    { Time = 0.217, Data = {
      ["Head"] = CFrame.new(0.000063, 0.000129, 0.000046, -0.035477, -0.237976, -0.970623, -0.545554, 0.818362, -0.180705, 0.837325, 0.523116, -0.158862),
      ["LeftUpperArm"] = CFrame.new(0.052977, 0.147750, -0.050586, 0.752783, -0.632693, -0.181707, 0.655143, 0.693234, 0.300357, -0.064068, -0.345148, 0.936359),
      ["LeftUpperLeg"] = CFrame.new(-0.091647, -0.154538, -0.393857, 0.768955, 0.639168, 0.013088, -0.615864, 0.746101, -0.253069, -0.171519, 0.186539, 0.967360),
      ["LowerTorso"] = CFrame.new(0.000000, -1.343169, 1.466209, 1.000000, 0.000000, 0.000000, 0.000000, -0.268293, 0.963337, 0.000000, -0.963337, -0.268293),
      ["RightUpperArm"] = CFrame.new(-0.150511, 0.129553, -0.078722, 0.583905, 0.727555, 0.360165, -0.805114, 0.575889, 0.141931, -0.104152, -0.372848, 0.922029),
      ["RightUpperLeg"] = CFrame.new(0.220459, 0.301337, -0.296933, 0.758508, -0.651523, -0.013572, 0.627774, 0.736130, -0.253005, 0.174829, 0.183386, 0.967370)
    }},
    { Time = 0.233, Data = {
      ["Head"] = CFrame.new(0.000063, 0.000129, 0.000045, -0.035501, -0.237955, -0.970627, -0.553053, 0.813637, -0.179239, 0.832390, 0.530445, -0.160487),
      ["LeftUpperArm"] = CFrame.new(0.053055, 0.147862, -0.050502, 0.753179, -0.632399, -0.181087, 0.654657, 0.693657, 0.300440, -0.064385, -0.344835, 0.936453),
      ["LeftUpperLeg"] = CFrame.new(-0.093613, -0.156800, -0.394500, 0.765022, 0.643869, 0.013206, -0.620387, 0.742314, -0.253158, -0.172804, 0.185478, 0.967335),
      ["LowerTorso"] = CFrame.new(0.000000, -1.344194, 1.462537, 1.000000, 0.000000, 0.000000, 0.000000, -0.268293, 0.963337, 0.000000, -0.963337, -0.268293),
      ["RightUpperArm"] = CFrame.new(-0.150366, 0.129488, -0.078538, 0.583756, 0.728112, 0.359280, -0.805303, 0.575638, 0.141871, -0.103518, -0.372147, 0.922383),
      ["RightUpperLeg"] = CFrame.new(0.222104, 0.299507, -0.297454, 0.755222, -0.655327, -0.013639, 0.631435, 0.732955, -0.253115, 0.175869, 0.182546, 0.967340)
    }},
    { Time = 0.250, Data = {
      ["Head"] = CFrame.new(0.000064, 0.000128, 0.000044, -0.035463, -0.238013, -0.970614, -0.560994, 0.808508, -0.177765, 0.827060, 0.538205, -0.162196),
      ["LeftUpperArm"] = CFrame.new(0.053153, 0.147982, -0.050440, 0.753634, -0.632029, -0.180483, 0.654100, 0.694110, 0.300607, -0.064717, -0.344602, 0.936516),
      ["LeftUpperLeg"] = CFrame.new(-0.095747, -0.159220, -0.395202, 0.760751, 0.648907, 0.013345, -0.625228, 0.738200, -0.253282, -0.174207, 0.184341, 0.967301),
      ["LowerTorso"] = CFrame.new(0.000000, -1.345292, 1.458592, 1.000000, 0.000000, 0.000000, 0.000000, -0.268293, 0.963337, 0.000000, -0.963337, -0.268293),
      ["RightUpperArm"] = CFrame.new(-0.150212, 0.129431, -0.078325, 0.583629, 0.728704, 0.358285, -0.805481, 0.575413, 0.141776, -0.102849, -0.371336, 0.922785),
      ["RightUpperLeg"] = CFrame.new(0.223884, 0.297549, -0.298015, 0.751664, -0.659402, -0.013768, 0.635354, 0.729537, -0.253180, 0.176991, 0.181559, 0.967321)
    }},
    { Time = 0.267, Data = {
      ["Head"] = CFrame.new(0.000064, 0.000128, 0.000043, -0.035461, -0.238005, -0.970616, -0.569530, 0.802892, -0.176070, 0.821205, 0.546551, -0.164022),
      ["LeftUpperArm"] = CFrame.new(0.053249, 0.148110, -0.050357, 0.754089, -0.631668, -0.179849, 0.653546, 0.694593, 0.300697, -0.065019, -0.344292, 0.936608),
      ["LeftUpperLeg"] = CFrame.new(-0.098050, -0.161807, -0.395908, 0.756144, 0.654267, 0.013453, -0.630400, 0.733770, -0.253333, -0.175619, 0.183075, 0.967286),
      ["LowerTorso"] = CFrame.new(0.000000, -1.346466, 1.454375, 1.000000, 0.000000, 0.000000, 0.000000, -0.268293, 0.963337, 0.000000, -0.963337, -0.268293),
      ["RightUpperArm"] = CFrame.new(-0.150034, 0.129360, -0.078085, 0.583447, 0.729388, 0.357187, -0.805704, 0.575136, 0.141630, -0.102128, -0.370421, 0.923232),
      ["RightUpperLeg"] = CFrame.new(0.225707, 0.295563, -0.298579, 0.748020, -0.663531, -0.013884, 0.639328, 0.726034, -0.253248, 0.178118, 0.180558, 0.967302)
    }},
    { Time = 0.283, Data = {
      ["Head"] = CFrame.new(0.000065, 0.000127, 0.000041, -0.035426, -0.238022, -0.970614, -0.578438, 0.796886, -0.174307, 0.814957, 0.555264, -0.165912),
      ["LeftUpperArm"] = CFrame.new(0.053360, 0.148254, -0.050268, 0.754609, -0.631254, -0.179122, 0.652910, 0.695135, 0.300826, -0.065384, -0.343956, 0.936707),
      ["LeftUpperLeg"] = CFrame.new(-0.100500, -0.164513, -0.396668, 0.751243, 0.659886, 0.013593, -0.635812, 0.729055, -0.253421, -0.177139, 0.181738, 0.967261),
      ["LowerTorso"] = CFrame.new(0.000000, -1.347716, 1.449887, 1.000000, 0.000000, 0.000000, 0.000000, -0.268293, 0.963337, 0.000000, -0.963337, -0.268293),
      ["RightUpperArm"] = CFrame.new(-0.149870, 0.129309, -0.077843, 0.583340, 0.730014, 0.356082, -0.805870, 0.574935, 0.141502, -0.101425, -0.369500, 0.923679),
      ["RightUpperLeg"] = CFrame.new(0.227387, 0.293749, -0.299080, 0.744664, -0.667293, -0.013978, 0.642956, 0.722810, -0.253285, 0.179119, 0.179625, 0.967291)
    }},
    { Time = 0.300, Data = {
      ["Head"] = CFrame.new(0.000065, 0.000127, 0.000040, -0.035401, -0.237952, -0.970632, -0.587706, 0.790502, -0.172358, 0.808300, 0.564345, -0.167830),
      ["LeftUpperArm"] = CFrame.new(0.053468, 0.148390, -0.050190, 0.755133, -0.630847, -0.178345, 0.652256, 0.695647, 0.301061, -0.065859, -0.343668, 0.936779),
      ["LeftUpperLeg"] = CFrame.new(-0.103096, -0.167342, -0.397441, 0.746049, 0.665750, 0.013684, -0.641468, 0.724050, -0.253515, -0.178686, 0.180357, 0.967235),
      ["LowerTorso"] = CFrame.new(0.000000, -1.349024, 1.445194, 1.000000, 0.000000, 0.000000, 0.000000, -0.268293, 0.963337, 0.000000, -0.963337, -0.268293),
      ["RightUpperArm"] = CFrame.new(-0.149688, 0.129238, -0.077593, 0.583179, 0.730714, 0.354909, -0.806087, 0.574657, 0.141397, -0.100631, -0.368547, 0.924147),
      ["RightUpperLeg"] = CFrame.new(0.228950, 0.292077, -0.299538, 0.741540, -0.670763, -0.014008, 0.646302, 0.719790, -0.253371, 0.180035, 0.178831, 0.967268)
    }},
    { Time = 0.317, Data = {
      ["Head"] = CFrame.new(0.000066, 0.000126, 0.000039, -0.035466, -0.238016, -0.970613, -0.596514, 0.784278, -0.170526, 0.801819, 0.572936, -0.169795),
      ["LeftUpperArm"] = CFrame.new(0.053578, 0.148534, -0.050101, 0.755651, -0.630432, -0.177617, 0.651618, 0.696189, 0.301189, -0.066224, -0.343332, 0.936876),
      ["LeftUpperLeg"] = CFrame.new(-0.105595, -0.170019, -0.398194, 0.741048, 0.671309, 0.013820, -0.646821, 0.719238, -0.253612, -0.180192, 0.179000, 0.967207),
      ["LowerTorso"] = CFrame.new(0.000000, -1.350274, 1.440705, 1.000000, 0.000000, 0.000000, 0.000000, -0.268293, 0.963337, 0.000000, -0.963337, -0.268293),
      ["RightUpperArm"] = CFrame.new(-0.149511, 0.129167, -0.077352, 0.582994, 0.731394, 0.353809, -0.806310, 0.574379, 0.141252, -0.099910, -0.367629, 0.924590),
      ["RightUpperLeg"] = CFrame.new(0.230399, 0.290546, -0.299979, 0.738644, -0.673949, -0.014085, 0.649365, 0.716998, -0.253455, 0.180915, 0.178067, 0.967245)
    }},
    { Time = 0.333, Data = {
      ["Head"] = CFrame.new(0.000066, 0.000126, 0.000038, -0.035406, -0.238011, -0.970617, -0.604737, 0.778332, -0.168800, 0.795638, 0.580991, -0.171492),
      ["LeftUpperArm"] = CFrame.new(0.053674, 0.148662, -0.050018, 0.756102, -0.630068, -0.176983, 0.651063, 0.696670, 0.301277, -0.066527, -0.343023, 0.936968),
      ["LeftUpperLeg"] = CFrame.new(-0.107991, -0.172547, -0.398903, 0.736256, 0.676561, 0.013890, -0.651878, 0.714606, -0.253759, -0.181609, 0.177777, 0.967168),
      ["LowerTorso"] = CFrame.new(0.000000, -1.351449, 1.436489, 1.000000, 0.000000, 0.000000, 0.000000, -0.268293, 0.963337, 0.000000, -0.963337, -0.268293),
      ["RightUpperArm"] = CFrame.new(-0.149353, 0.129115, -0.077119, 0.582860, 0.731999, 0.352777, -0.806484, 0.574176, 0.141085, -0.099282, -0.366742, 0.925010),
      ["RightUpperLeg"] = CFrame.new(0.231728, 0.289149, -0.300362, 0.735990, -0.676846, -0.014128, 0.652159, 0.714438, -0.253508, 0.181680, 0.177365, 0.967230)
    }},
    { Time = 0.350, Data = {
      ["Head"] = CFrame.new(0.000067, 0.000125, 0.000037, -0.035449, -0.238009, -0.970616, -0.612405, 0.772681, -0.167106, 0.789749, 0.588486, -0.173149),
      ["LeftUpperArm"] = CFrame.new(0.053756, 0.148766, -0.049955, 0.756494, -0.629764, -0.176392, 0.650573, 0.697060, 0.301433, -0.066876, -0.342788, 0.937029),
      ["LeftUpperLeg"] = CFrame.new(-0.110216, -0.174871, -0.399529, 0.731804, 0.681372, 0.013982, -0.656525, 0.710326, -0.253796, -0.182861, 0.176549, 0.967157),
      ["LowerTorso"] = CFrame.new(0.000000, -1.352548, 1.432544, 1.000000, 0.000000, 0.000000, 0.000000, -0.268293, 0.963337, 0.000000, -0.963337, -0.268293),
      ["RightUpperArm"] = CFrame.new(-0.149200, 0.129057, -0.076906, 0.582726, 0.732585, 0.351780, -0.806663, 0.573947, 0.140992, -0.098614, -0.365928, 0.925404),
      ["RightUpperLeg"] = CFrame.new(0.232933, 0.287886, -0.300687, 0.733580, -0.679456, -0.014139, 0.654688, 0.712115, -0.253529, 0.182330, 0.176727, 0.967225)
    }},
    { Time = 0.367, Data = {
      ["Head"] = CFrame.new(0.000067, 0.000125, 0.000036, -0.035439, -0.237951, -0.970631, -0.619409, 0.767422, -0.165519, 0.784268, 0.595352, -0.174585),
      ["LeftUpperArm"] = CFrame.new(0.053852, 0.148893, -0.049873, 0.756944, -0.629400, -0.175758, 0.650017, 0.697541, 0.301521, -0.067179, -0.342480, 0.937120),
      ["LeftUpperLeg"] = CFrame.new(-0.112302, -0.177011, -0.400147, 0.727630, 0.685824, 0.014100, -0.660804, 0.706305, -0.253912, -0.184098, 0.175437, 0.967125),
      ["LowerTorso"] = CFrame.new(0.000000, -1.353570, 1.428871, 1.000000, 0.000000, 0.000000, 0.000000, -0.268293, 0.963337, 0.000000, -0.963337, -0.268293),
      ["RightUpperArm"] = CFrame.new(-0.149057, 0.128992, -0.076721, 0.582569, 0.733136, 0.350892, -0.806854, 0.573693, 0.140934, -0.097981, -0.365223, 0.925749),
      ["RightUpperLeg"] = CFrame.new(0.234019, 0.286761, -0.300996, 0.731410, -0.681790, -0.014197, 0.656939, 0.710031, -0.253548, 0.182947, 0.176121, 0.967219)
    }},
    { Time = 0.383, Data = {
      ["Head"] = CFrame.new(0.000067, 0.000124, 0.000035, -0.035496, -0.238009, -0.970614, -0.625878, 0.762466, -0.164079, 0.779112, 0.601662, -0.176029),
      ["LeftUpperArm"] = CFrame.new(0.053920, 0.148981, -0.049817, 0.757269, -0.629148, -0.175261, 0.649609, 0.697871, 0.301638, -0.067465, -0.342272, 0.937176),
      ["LeftUpperLeg"] = CFrame.new(-0.114241, -0.178980, -0.400703, 0.723751, 0.689915, 0.014196, -0.664742, 0.702570, -0.253996, -0.185210, 0.174393, 0.967101),
      ["LowerTorso"] = CFrame.new(0.000000, -1.354517, 1.425471, 1.000000, 0.000000, 0.000000, 0.000000, -0.268293, 0.963337, 0.000000, -0.963337, -0.268293),
      ["RightUpperArm"] = CFrame.new(-0.148928, 0.128953, -0.076524, 0.582464, 0.733628, 0.350036, -0.806990, 0.573540, 0.140780, -0.097480, -0.364475, 0.926097),
      ["RightUpperLeg"] = CFrame.new(0.234984, 0.285776, -0.301303, 0.729483, -0.683850, -0.014270, 0.658908, 0.708170, -0.253643, 0.183560, 0.175626, 0.967193)
    }},
    { Time = 0.400, Data = {
      ["Head"] = CFrame.new(0.000068, 0.000124, 0.000034, -0.035466, -0.238003, -0.970617, -0.631800, 0.757854, -0.162747, 0.774320, 0.607463, -0.177248),
      ["LeftUpperArm"] = CFrame.new(0.054005, 0.149084, -0.049763, 0.757654, -0.628827, -0.174749, 0.649132, 0.698260, 0.301762, -0.067736, -0.342067, 0.937231),
      ["LeftUpperLeg"] = CFrame.new(-0.116061, -0.180813, -0.401201, 0.720110, 0.693714, 0.014260, -0.668408, 0.699064, -0.254049, -0.186206, 0.173411, 0.967086),
      ["LowerTorso"] = CFrame.new(0.000000, -1.355389, 1.422342, 1.000000, 0.000000, 0.000000, 0.000000, -0.268293, 0.963337, 0.000000, -0.963337, -0.268293),
      ["RightUpperArm"] = CFrame.new(-0.148804, 0.128908, -0.076347, 0.582359, 0.734103, 0.349216, -0.807131, 0.573361, 0.140700, -0.096939, -0.363801, 0.926419),
      ["RightUpperLeg"] = CFrame.new(0.235821, 0.284918, -0.301537, 0.727810, -0.685629, -0.014343, 0.660625, 0.706574, -0.253627, 0.184029, 0.175117, 0.967196)
    }},
    { Time = 0.417, Data = {
      ["Head"] = CFrame.new(0.000068, 0.000124, 0.000033, -0.035462, -0.237972, -0.970625, -0.637190, 0.753600, -0.161483, 0.769891, 0.612746, -0.178357),
      ["LeftUpperArm"] = CFrame.new(0.054072, 0.149172, -0.049707, 0.757978, -0.628574, -0.174252, 0.648723, 0.698590, 0.301879, -0.068022, -0.341859, 0.937286),
      ["LeftUpperLeg"] = CFrame.new(-0.117727, -0.182479, -0.401638, 0.716775, 0.697157, 0.014304, -0.671740, 0.695855, -0.254069, -0.187079, 0.172502, 0.967080),
      ["LowerTorso"] = CFrame.new(0.000000, -1.356184, 1.419486, 1.000000, 0.000000, 0.000000, 0.000000, -0.268293, 0.963337, 0.000000, -0.963337, -0.268293),
      ["RightUpperArm"] = CFrame.new(-0.148690, 0.128855, -0.076199, 0.582231, 0.734541, 0.348506, -0.807284, 0.573157, 0.140653, -0.096433, -0.363236, 0.926693),
      ["RightUpperLeg"] = CFrame.new(0.236529, 0.284194, -0.301731, 0.726394, -0.687128, -0.014352, 0.662074, 0.705207, -0.253657, 0.184416, 0.174753, 0.967188)
    }},
    { Time = 0.433, Data = {
      ["Head"] = CFrame.new(0.000068, 0.000123, 0.000032, -0.035438, -0.238024, -0.970613, -0.642058, 0.749688, -0.160404, 0.765837, 0.617505, -0.179393),
      ["LeftUpperArm"] = CFrame.new(0.054126, 0.149243, -0.049658, 0.758238, -0.628373, -0.173848, 0.648397, 0.698859, 0.301956, -0.068246, -0.341677, 0.937336),
      ["LeftUpperLeg"] = CFrame.new(-0.119210, -0.183937, -0.402065, 0.713809, 0.700193, 0.014386, -0.674654, 0.692995, -0.254164, -0.187933, 0.171720, 0.967054),
      ["LowerTorso"] = CFrame.new(0.000000, -1.356904, 1.416901, 1.000000, 0.000000, 0.000000, 0.000000, -0.268293, 0.963337, 0.000000, -0.963337, -0.268293),
      ["RightUpperArm"] = CFrame.new(-0.148595, 0.128823, -0.076059, 0.582156, 0.734905, 0.347862, -0.807387, 0.573028, 0.140585, -0.096018, -0.362702, 0.926945),
      ["RightUpperLeg"] = CFrame.new(0.237113, 0.283605, -0.301908, 0.725228, -0.688358, -0.014408, 0.663253, 0.704088, -0.253683, 0.184770, 0.174422, 0.967180)
    }},
    { Time = 0.450, Data = {
      ["Head"] = CFrame.new(0.000068, 0.000123, 0.000032, -0.035402, -0.237967, -0.970628, -0.646350, 0.746211, -0.159373, 0.762219, 0.621724, -0.180227),
      ["LeftUpperArm"] = CFrame.new(0.054183, 0.149315, -0.049618, 0.758492, -0.628156, -0.173524, 0.648084, 0.699129, 0.302003, -0.068390, -0.341525, 0.937381),
      ["LeftUpperLeg"] = CFrame.new(-0.120566, -0.185263, -0.402435, 0.711097, 0.702946, 0.014435, -0.677306, 0.690380, -0.254227, -0.188674, 0.171003, 0.967037),
      ["LowerTorso"] = CFrame.new(0.000000, -1.357548, 1.414589, 1.000000, 0.000000, 0.000000, 0.000000, -0.268293, 0.963337, 0.000000, -0.963337, -0.268293),
      ["RightUpperArm"] = CFrame.new(-0.148505, 0.128790, -0.075928, 0.582060, 0.735251, 0.347293, -0.807497, 0.572900, 0.140477, -0.095678, -0.362204, 0.927175),
      ["RightUpperLeg"] = CFrame.new(0.237566, 0.283149, -0.302045, 0.724322, -0.689311, -0.014400, 0.664166, 0.703201, -0.253755, 0.185043, 0.174236, 0.967161)
    }},
    { Time = 0.467, Data = {
      ["Head"] = CFrame.new(0.000069, 0.000123, 0.000031, -0.035356, -0.237997, -0.970622, -0.650134, 0.743099, -0.158526, 0.758997, 0.625429, -0.181003),
      ["LeftUpperArm"] = CFrame.new(0.054223, 0.149370, -0.049576, 0.758686, -0.628007, -0.173213, 0.647840, 0.699338, 0.302042, -0.068550, -0.341370, 0.937426),
      ["LeftUpperLeg"] = CFrame.new(-0.121761, -0.186428, -0.402745, 0.708707, 0.705355, 0.014465, -0.679634, 0.688078, -0.254255, -0.189293, 0.170361, 0.967029),
      ["LowerTorso"] = CFrame.new(0.000000, -1.358117, 1.412549, 1.000000, 0.000000, 0.000000, 0.000000, -0.268293, 0.963337, 0.000000, -0.963337, -0.268293),
      ["RightUpperArm"] = CFrame.new(-0.148419, 0.128750, -0.075817, 0.581963, 0.735579, 0.346760, -0.807612, 0.572746, 0.140443, -0.095299, -0.361780, 0.927380),
      ["RightUpperLeg"] = CFrame.new(0.237888, 0.282816, -0.302110, 0.723678, -0.689987, -0.014393, 0.664831, 0.702587, -0.253715, 0.185172, 0.174039, 0.967172)
    }},
    { Time = 0.483, Data = {
      ["Head"] = CFrame.new(0.000069, 0.000122, 0.000031, -0.035415, -0.237958, -0.970630, -0.653363, 0.740440, -0.157686, 0.756216, 0.628589, -0.181696),
      ["LeftUpperArm"] = CFrame.new(0.054263, 0.149426, -0.049535, 0.758880, -0.627858, -0.172903, 0.647596, 0.699548, 0.302081, -0.068710, -0.341214, 0.937471),
      ["LeftUpperLeg"] = CFrame.new(-0.122829, -0.187457, -0.403038, 0.706569, 0.707495, 0.014543, -0.681694, 0.686028, -0.254281, -0.189880, 0.169753, 0.967021),
      ["LowerTorso"] = CFrame.new(0.000000, -1.358609, 1.410780, 1.000000, 0.000000, 0.000000, 0.000000, -0.268293, 0.963337, 0.000000, -0.963337, -0.268293),
      ["RightUpperArm"] = CFrame.new(-0.148358, 0.128724, -0.075733, 0.581919, 0.735816, 0.346331, -0.807682, 0.572644, 0.140460, -0.094972, -0.361461, 0.927538),
      ["RightUpperLeg"] = CFrame.new(0.238084, 0.282622, -0.302174, 0.723288, -0.690396, -0.014401, 0.665220, 0.702206, -0.253750, 0.185300, 0.173955, 0.967163)
    }},
    { Time = 0.500, Data = {
      ["Head"] = CFrame.new(0.000069, 0.000122, 0.000030, -0.035474, -0.237949, -0.970630, -0.656140, 0.738133, -0.156972, 0.753805, 0.631301, -0.182312),
      ["LeftUpperArm"] = CFrame.new(0.054304, 0.149474, -0.049514, 0.759073, -0.627701, -0.172622, 0.647349, 0.699727, 0.302196, -0.068900, -0.341136, 0.937486),
      ["LeftUpperLeg"] = CFrame.new(-0.123700, -0.188290, -0.403284, 0.704827, 0.709229, 0.014580, -0.683358, 0.684345, -0.254350, -0.190370, 0.169309, 0.967002),
      ["LowerTorso"] = CFrame.new(0.000000, -1.359026, 1.409284, 1.000000, 0.000000, 0.000000, 0.000000, -0.268293, 0.963337, 0.000000, -0.963337, -0.268293),
      ["RightUpperArm"] = CFrame.new(-0.148296, 0.128705, -0.075640, 0.581854, 0.736051, 0.345939, -0.807754, 0.572566, 0.140363, -0.094758, -0.361105, 0.927698),
      ["RightUpperLeg"] = CFrame.new(0.238147, 0.282555, -0.302182, 0.723161, -0.690530, -0.014377, 0.665354, 0.702079, -0.253751, 0.185317, 0.173937, 0.967163)
    }},
    { Time = 0.517, Data = {
      ["Head"] = CFrame.new(0.000069, 0.000122, 0.000030, -0.035428, -0.237989, -0.970621, -0.658411, 0.736212, -0.156482, 0.751824, 0.633524, -0.182778),
      ["LeftUpperArm"] = CFrame.new(0.054334, 0.149513, -0.049487, 0.759198, -0.627589, -0.172485, 0.647201, 0.699876, 0.302166, -0.068917, -0.341036, 0.937521),
      ["LeftUpperLeg"] = CFrame.new(-0.124437, -0.188996, -0.403473, 0.703352, 0.710692, 0.014586, -0.684770, 0.682919, -0.254384, -0.190750, 0.168933, 0.966993),
      ["LowerTorso"] = CFrame.new(0.000000, -1.359367, 1.408060, 1.000000, 0.000000, 0.000000, 0.000000, -0.268293, 0.963337, 0.000000, -0.963337, -0.268293),
      ["RightUpperArm"] = CFrame.new(-0.148259, 0.128698, -0.075574, 0.581843, 0.736195, 0.345651, -0.807781, 0.572539, 0.140318, -0.094597, -0.360853, 0.927813),
      ["RightUpperLeg"] = CFrame.new(0.238116, 0.282588, -0.302178, 0.723225, -0.690463, -0.014389, 0.665287, 0.702142, -0.253751, 0.185309, 0.173946, 0.967163)
    }},
    { Time = 0.533, Data = {
      ["Head"] = CFrame.new(0.000069, 0.000122, 0.000030, -0.035498, -0.237965, -0.970625, -0.660141, 0.734764, -0.155997, 0.750302, 0.635212, -0.183173),
      ["LeftUpperArm"] = CFrame.new(0.054362, 0.149545, -0.049473, 0.759327, -0.627484, -0.172298, 0.647036, 0.699996, 0.302242, -0.069044, -0.340984, 0.937530),
      ["LeftUpperLeg"] = CFrame.new(-0.124973, -0.189511, -0.403600, 0.702280, 0.711752, 0.014585, -0.685800, 0.681886, -0.254382, -0.191002, 0.168645, 0.966994),
      ["LowerTorso"] = CFrame.new(0.000000, -1.359632, 1.407108, 1.000000, 0.000000, 0.000000, 0.000000, -0.268293, 0.963337, 0.000000, -0.963337, -0.268293),
      ["RightUpperArm"] = CFrame.new(-0.148211, 0.128665, -0.075528, 0.581756, 0.736379, 0.345406, -0.807869, 0.572412, 0.140329, -0.094379, -0.360680, 0.927902),
      ["RightUpperLeg"] = CFrame.new(0.238020, 0.282688, -0.302166, 0.723415, -0.690263, -0.014425, 0.665087, 0.702333, -0.253749, 0.185284, 0.173972, 0.967163)
    }},
    { Time = 0.550, Data = {
      ["Head"] = CFrame.new(0.000069, 0.000122, 0.000030, -0.035470, -0.237992, -0.970619, -0.661371, 0.733713, -0.155734, 0.749219, 0.636416, -0.183425),
      ["LeftUpperArm"] = CFrame.new(0.054374, 0.149569, -0.049446, 0.759391, -0.627440, -0.172175, 0.646957, 0.700086, 0.302204, -0.069078, -0.340881, 0.937565),
      ["LeftUpperLeg"] = CFrame.new(-0.125378, -0.189895, -0.403710, 0.701469, 0.712550, 0.014632, -0.686568, 0.681114, -0.254377, -0.191223, 0.168392, 0.966994),
      ["LowerTorso"] = CFrame.new(0.000000, -1.359822, 1.406428, 1.000000, 0.000000, 0.000000, 0.000000, -0.268293, 0.963337, 0.000000, -0.963337, -0.268293),
      ["RightUpperArm"] = CFrame.new(-0.148197, 0.128672, -0.075490, 0.581800, 0.736432, 0.345221, -0.807850, 0.572437, 0.140335, -0.094270, -0.360534, 0.927970),
      ["RightUpperLeg"] = CFrame.new(0.237888, 0.282816, -0.302110, 0.723678, -0.689987, -0.014393, 0.664831, 0.702587, -0.253715, 0.185172, 0.174039, 0.967172)
    }},
    { Time = 0.567, Data = {
      ["Head"] = CFrame.new(0.000069, 0.000122, 0.000030, -0.035399, -0.237962, -0.970629, -0.662103, 0.733086, -0.155578, 0.748576, 0.637149, -0.183506),
      ["LeftUpperArm"] = CFrame.new(0.054388, 0.149585, -0.049439, 0.759456, -0.627387, -0.172081, 0.646874, 0.700145, 0.302242, -0.069141, -0.340855, 0.937570),
      ["LeftUpperLeg"] = CFrame.new(-0.125647, -0.190150, -0.403781, 0.700931, 0.713079, 0.014615, -0.687077, 0.680586, -0.254415, -0.191365, 0.168286, 0.966985),
      ["LowerTorso"] = CFrame.new(0.000000, -1.359935, 1.406019, 1.000000, 0.000000, 0.000000, 0.000000, -0.268293, 0.963337, 0.000000, -0.963337, -0.268293),
      ["RightUpperArm"] = CFrame.new(-0.148173, 0.128658, -0.075462, 0.581745, 0.736523, 0.345118, -0.807896, 0.572385, 0.140284, -0.094218, -0.360428, 0.928016),
      ["RightUpperLeg"] = CFrame.new(0.237693, 0.283011, -0.302046, 0.724069, -0.689578, -0.014385, 0.664442, 0.702968, -0.253680, 0.185044, 0.174123, 0.967181)
    }},
    { Time = 0.583, Data = {
      ["Head"] = CFrame.new(0.000069, 0.000122, 0.000029, -0.035445, -0.238004, -0.970617, -0.662403, 0.732830, -0.155507, 0.748309, 0.637428, -0.183630),
      ["LeftUpperArm"] = CFrame.new(0.054388, 0.149585, -0.049439, 0.759456, -0.627387, -0.172081, 0.646874, 0.700145, 0.302242, -0.069141, -0.340855, 0.937570),
      ["LeftUpperLeg"] = CFrame.new(-0.125718, -0.190209, -0.403828, 0.700789, 0.713218, 0.014670, -0.687196, 0.680454, -0.254449, -0.191459, 0.168234, 0.966975),
      ["LowerTorso"] = CFrame.new(0.000000, -1.359973, 1.405883, 1.000000, 0.000000, 0.000000, 0.000000, -0.268293, 0.963337, 0.000000, -0.963337, -0.268293),
      ["RightUpperArm"] = CFrame.new(-0.148174, 0.128659, -0.075462, 0.581745, 0.736523, 0.345118, -0.807896, 0.572385, 0.140284, -0.094218, -0.360428, 0.928016),
      ["RightUpperLeg"] = CFrame.new(0.237435, 0.283277, -0.301989, 0.724585, -0.689035, -0.014369, 0.663910, 0.703455, -0.253721, 0.184931, 0.174303, 0.967171)
    }},
    { Time = 0.600, Data = {
      ["Head"] = CFrame.new(0.000069, 0.000122, 0.000029, -0.035450, -0.237989, -0.970621, -0.662206, 0.733001, -0.155541, 0.748483, 0.637237, -0.183583),
      ["LeftUpperArm"] = CFrame.new(0.054388, 0.149585, -0.049439, 0.759456, -0.627387, -0.172081, 0.646874, 0.700145, 0.302242, -0.069141, -0.340855, 0.937570),
      ["LeftUpperLeg"] = CFrame.new(-0.125647, -0.190150, -0.403781, 0.700931, 0.713079, 0.014615, -0.687077, 0.680586, -0.254415, -0.191365, 0.168286, 0.966985),
      ["LowerTorso"] = CFrame.new(0.000000, -1.359944, 1.405988, 1.000000, 0.000000, 0.000000, 0.000000, -0.268293, 0.963337, 0.000000, -0.963337, -0.268293),
      ["RightUpperArm"] = CFrame.new(-0.148173, 0.128658, -0.075462, 0.581745, 0.736523, 0.345118, -0.807896, 0.572385, 0.140284, -0.094218, -0.360428, 0.928016),
      ["RightUpperLeg"] = CFrame.new(0.237113, 0.283605, -0.301908, 0.725228, -0.688358, -0.014408, 0.663253, 0.704088, -0.253683, 0.184770, 0.174422, 0.967180)
    }},
    { Time = 0.617, Data = {
      ["Head"] = CFrame.new(0.000069, 0.000122, 0.000030, -0.035465, -0.238006, -0.970616, -0.661569, 0.733542, -0.155700, 0.749046, 0.636607, -0.183472),
      ["LeftUpperArm"] = CFrame.new(0.054374, 0.149569, -0.049446, 0.759391, -0.627440, -0.172175, 0.646957, 0.700086, 0.302204, -0.069078, -0.340881, 0.937565),
      ["LeftUpperLeg"] = CFrame.new(-0.125482, -0.189987, -0.403761, 0.701261, 0.712753, 0.014675, -0.686751, 0.680917, -0.254411, -0.191325, 0.168331, 0.966985),
      ["LowerTorso"] = CFrame.new(0.000000, -1.359857, 1.406300, 1.000000, 0.000000, 0.000000, 0.000000, -0.268293, 0.963337, 0.000000, -0.963337, -0.268293),
      ["RightUpperArm"] = CFrame.new(-0.148182, 0.128652, -0.075491, 0.581724, 0.736488, 0.345228, -0.807907, 0.572361, 0.140318, -0.094253, -0.360538, 0.927970),
      ["RightUpperLeg"] = CFrame.new(0.236724, 0.283999, -0.301795, 0.726006, -0.687539, -0.014360, 0.662464, 0.704827, -0.253692, 0.184544, 0.174669, 0.967179)
    }},
    { Time = 0.633, Data = {
      ["Head"] = CFrame.new(0.000069, 0.000122, 0.000030, -0.035434, -0.237981, -0.970623, -0.660630, 0.734339, -0.155931, 0.749875, 0.635697, -0.183238),
      ["LeftUpperArm"] = CFrame.new(0.054362, 0.149545, -0.049473, 0.759327, -0.627484, -0.172298, 0.647036, 0.699996, 0.302242, -0.069044, -0.340984, 0.937530),
      ["LeftUpperLeg"] = CFrame.new(-0.125176, -0.189701, -0.403663, 0.701874, 0.712151, 0.014592, -0.686179, 0.681490, -0.254418, -0.191129, 0.168557, 0.966984),
      ["LowerTorso"] = CFrame.new(0.000000, -1.359712, 1.406821, 1.000000, 0.000000, 0.000000, 0.000000, -0.268293, 0.963337, 0.000000, -0.963337, -0.268293),
      ["RightUpperArm"] = CFrame.new(-0.148206, 0.128672, -0.075509, 0.581756, 0.736396, 0.345370, -0.807864, 0.572437, 0.140255, -0.094419, -0.360606, 0.927927),
      ["RightUpperLeg"] = CFrame.new(0.236303, 0.284427, -0.301678, 0.726846, -0.686651, -0.014324, 0.661608, 0.705629, -0.253699, 0.184310, 0.174923, 0.967177)
    }},
    { Time = 0.650, Data = {
      ["Head"] = CFrame.new(0.000069, 0.000122, 0.000030, -0.035461, -0.238014, -0.970614, -0.659352, 0.735419, -0.156250, 0.750997, 0.634436, -0.183014),
      ["LeftUpperArm"] = CFrame.new(0.054348, 0.149529, -0.049480, 0.759262, -0.627536, -0.172392, 0.647119, 0.699936, 0.302204, -0.068981, -0.341010, 0.937525),
      ["LeftUpperLeg"] = CFrame.new(-0.124738, -0.189288, -0.403532, 0.702751, 0.711287, 0.014590, -0.685355, 0.682347, -0.254345, -0.190868, 0.168741, 0.967004),
      ["LowerTorso"] = CFrame.new(0.000000, -1.359509, 1.407550, 1.000000, 0.000000, 0.000000, 0.000000, -0.268293, 0.963337, 0.000000, -0.963337, -0.268293),
      ["RightUpperArm"] = CFrame.new(-0.148239, 0.128678, -0.075565, 0.581789, 0.736270, 0.345584, -0.807831, 0.572463, 0.140341, -0.094505, -0.360822, 0.927834),
