return {
  ["Astros standing jerk"] = {
    { Time = 0.000, Data = {
      ["Balls"] = CFrame.new(-0.034769, 0.143798, 0.000000, 0.964334, 0.264688, 0.000000, -0.264688, 0.964334, -0.000000, -0.000000, 0.000000, 1.000000),
      ["Cock"] = CFrame.new(-0.040865, 0.126951, 0.000000, 0.497193, 0.864165, 0.077582, -0.858495, 0.502930, -0.100235, -0.125638, -0.016767, 0.991934),
      ["Head"] = CFrame.new(0.000000, 0.080322, -0.139660, 1.000000, -0.000000, 0.000000, 0.000000, 0.908304, 0.418311, -0.000000, -0.418311, 0.908304),
      ["LeftUpperArm"] = CFrame.new(-0.091854, -0.489942, 0.185478, 0.688626, -0.689418, -0.224715, 0.404508, 0.622439, -0.670032, 0.601803, 0.370502, 0.707503),
      ["LeftUpperLeg"] = CFrame.new(-0.101892, 0.158863, -0.159135, 0.924646, 0.068961, 0.374532, -0.127549, 0.982746, 0.133946, -0.358833, -0.171623, 0.917488),
      ["LowerTorso"] = CFrame.new(-0.004075, -0.276429, 1.581148, 1.000000, -0.000000, 0.000000, 0.000000, 0.990510, 0.137443, -0.000000, -0.137443, 0.990510),
      ["RightUpperArm"] = CFrame.new(0.036611, -0.130135, 0.043858, 0.953173, 0.145385, -0.265187, -0.129694, 0.988649, 0.075847, 0.273204, -0.037902, 0.961209),
      ["RightUpperLeg"] = CFrame.new(0.101899, 0.158861, -0.159134, 0.924646, -0.068961, -0.374532, 0.127549, 0.982746, 0.133946, 0.358833, -0.171623, 0.917488),
      ["Tip"] = CFrame.new(-0.024055, 0.000388, -0.003040, 1.000000, 0.000000, 0.000000, 0.000000, 1.000000, 0.000000, 0.000000, 0.000000, 1.000000)
    }},
    { Time = 0.008, Data = {
      ["Balls"] = CFrame.new(-0.034769, 0.143798, 0.000000, 0.964357, 0.264604, 0.000000, -0.264604, 0.964357, -0.000000, -0.000000, 0.000000, 1.000000),
      ["Cock"] = CFrame.new(-0.040865, 0.126951, 0.000000, 0.497107, 0.864210, 0.077620, -0.858551, 0.502849, -0.100164, -0.125594, -0.016848, 0.991939),
      ["LeftUpperArm"] = CFrame.new(-0.091939, -0.489981, 0.185581, 0.688613, -0.689498, -0.224510, 0.404517, 0.622230, -0.670221, 0.601813, 0.370705, 0.707389),
      ["LeftUpperLeg"] = CFrame.new(-0.101892, 0.158855, -0.159133, 0.924646, 0.068944, 0.374535, -0.127565, 0.982733, 0.134029, -0.358827, -0.171707, 0.917475),
      ["LowerTorso"] = CFrame.new(-0.004075, -0.276433, 1.581134, 1.000000, -0.000000, 0.000000, 0.000000, 0.990510, 0.137443, -0.000000, -0.137443, 0.990510),
      ["RightUpperLeg"] = CFrame.new(0.101899, 0.158853, -0.159131, 0.924646, -0.068944, -0.374535, 0.127565, 0.982733, 0.134029, 0.358827, -0.171707, 0.917475)
    }},
    { Time = 0.017, Data = {
      ["Balls"] = CFrame.new(-0.034769, 0.143798, 0.000000, 0.964472, 0.264184, 0.000000, -0.264184, 0.964472, -0.000000, -0.000000, 0.000000, 1.000000),
      ["Cock"] = CFrame.new(-0.040865, 0.126951, 0.000000, 0.496956, 0.864308, 0.077504, -0.858667, 0.502681, -0.100012, -0.125401, -0.016849, 0.991963),
      ["LeftUpperArm"] = CFrame.new(-0.092208, -0.490084, 0.185838, 0.688478, -0.689800, -0.223998, 0.404634, 0.621650, -0.670688, 0.601888, 0.371116, 0.707109),
      ["LeftUpperLeg"] = CFrame.new(-0.101891, 0.158840, -0.159127, 0.924646, 0.068911, 0.374541, -0.127596, 0.982706, 0.134197, -0.358816, -0.171875, 0.917448),
      ["LowerTorso"] = CFrame.new(-0.004075, -0.276459, 1.581007, 1.000000, -0.000000, 0.000000, 0.000000, 0.990522, 0.137357, -0.000000, -0.137357, 0.990522),
      ["RightUpperLeg"] = CFrame.new(0.101899, 0.158837, -0.159125, 0.924646, -0.068911, -0.374541, 0.127596, 0.982706, 0.134197, 0.358816, -0.171875, 0.917448)
    }},
    { Time = 0.025, Data = {
      ["Balls"] = CFrame.new(-0.034769, 0.143798, 0.000000, 0.964656, 0.263512, 0.000000, -0.263512, 0.964656, -0.000000, -0.000000, 0.000000, 1.000000),
      ["Cock"] = CFrame.new(-0.040865, 0.126951, 0.000000, 0.496632, 0.864505, 0.077379, -0.858883, 0.502341, -0.099867, -0.125206, -0.016862, 0.991987),
      ["LeftUpperArm"] = CFrame.new(-0.092633, -0.490250, 0.186300, 0.688329, -0.690214, -0.223177, 0.404671, 0.620705, -0.671541, 0.602034, 0.371928, 0.706558),
      ["LeftUpperLeg"] = CFrame.new(-0.101896, 0.158774, -0.159115, 0.924637, 0.068946, 0.374556, -0.127728, 0.982656, 0.134432, -0.358792, -0.172142, 0.917407),
      ["LowerTorso"] = CFrame.new(-0.004075, -0.276506, 1.580767, 1.000000, -0.000000, 0.000000, 0.000000, 0.990545, 0.137186, -0.000000, -0.137186, 0.990545),
      ["RightUpperLeg"] = CFrame.new(0.101903, 0.158771, -0.159113, 0.924637, -0.068946, -0.374556, 0.127728, 0.982656, 0.134432, 0.358792, -0.172142, 0.917407)
    }},
    { Time = 0.033, Data = {
      ["Balls"] = CFrame.new(-0.034769, 0.143798, 0.000000, 0.964908, 0.262588, 0.000000, -0.262588, 0.964908, -0.000000, -0.000000, 0.000000, 1.000000),
      ["Cock"] = CFrame.new(-0.040865, 0.126951, 0.000000, 0.496242, 0.864746, 0.077186, -0.859171, 0.501923, -0.099491, -0.124776, -0.016945, 0.992040),
      ["LeftUpperArm"] = CFrame.new(-0.093242, -0.490483, 0.186916, 0.688057, -0.690849, -0.222049, 0.404816, 0.619386, -0.672670, 0.602247, 0.372946, 0.705839),
      ["LeftUpperLeg"] = CFrame.new(-0.101884, 0.158695, -0.159056, 0.924661, 0.068955, 0.374496, -0.127886, 0.982580, 0.134841, -0.358675, -0.172575, 0.917372),
      ["LowerTorso"] = CFrame.new(-0.004075, -0.276575, 1.580413, 1.000000, -0.000000, 0.000000, 0.000000, 0.990581, 0.136928, -0.000000, -0.136928, 0.990581),
      ["RightUpperLeg"] = CFrame.new(0.101891, 0.158692, -0.159054, 0.924661, -0.068955, -0.374496, 0.127886, 0.982580, 0.134841, 0.358675, -0.172575, 0.917372)
    }},
    { Time = 0.042, Data = {
      ["Balls"] = CFrame.new(-0.034769, 0.143798, 0.000000, 0.965228, 0.261411, 0.000000, -0.261411, 0.965228, -0.000000, -0.000000, 0.000000, 1.000000),
      ["Cock"] = CFrame.new(-0.040865, 0.126951, 0.000000, 0.495690, 0.865088, 0.076910, -0.859563, 0.501333, -0.099080, -0.124270, -0.016996, 0.992103),
      ["LeftUpperArm"] = CFrame.new(-0.094019, -0.490794, 0.187737, 0.687758, -0.691640, -0.220507, 0.404978, 0.617643, -0.674174, 0.602480, 0.374368, 0.704887),
      ["LeftUpperLeg"] = CFrame.new(-0.101888, 0.158605, -0.159035, 0.924652, 0.068940, 0.374520, -0.128065, 0.982490, 0.135327, -0.358633, -0.173094, 0.917290),
      ["LowerTorso"] = CFrame.new(-0.004075, -0.276664, 1.579946, 1.000000, -0.000000, 0.000000, 0.000000, 0.990628, 0.136586, -0.000000, -0.136586, 0.990628),
      ["RightUpperLeg"] = CFrame.new(0.101895, 0.158603, -0.159033, 0.924652, -0.068940, -0.374520, 0.128065, 0.982490, 0.135327, 0.358633, -0.173094, 0.917290)
    }},
    { Time = 0.050, Data = {
      ["Balls"] = CFrame.new(-0.034769, 0.143798, 0.000000, 0.965636, 0.259898, 0.000000, -0.259898, 0.965636, -0.000000, -0.000000, 0.000000, 1.000000),
      ["Cock"] = CFrame.new(-0.040865, 0.126952, 0.000000, 0.494965, 0.865528, 0.076623, -0.860054, 0.500570, -0.098676, -0.123762, -0.017059, 0.992165),
      ["LeftUpperArm"] = CFrame.new(-0.094962, -0.491157, 0.188720, 0.687389, -0.692583, -0.218689, 0.405182, 0.615576, -0.675939, 0.602764, 0.376024, 0.703763),
      ["LeftUpperLeg"] = CFrame.new(-0.101893, 0.158508, -0.159011, 0.924644, 0.068908, 0.374548, -0.128260, 0.982386, 0.135898, -0.358586, -0.173696, 0.917195),
      ["LowerTorso"] = CFrame.new(-0.004075, -0.276763, 1.579451, 1.000000, -0.000000, 0.000000, 0.000000, 0.990676, 0.136243, -0.000000, -0.136243, 0.990676),
      ["RightUpperLeg"] = CFrame.new(0.101900, 0.158505, -0.159010, 0.924644, -0.068908, -0.374548, 0.128260, 0.982386, 0.135898, 0.358586, -0.173696, 0.917195)
    }},
    { Time = 0.058, Data = {
      ["Balls"] = CFrame.new(-0.034769, 0.143798, 0.000000, 0.966087, 0.258216, 0.000000, -0.258216, 0.966087, -0.000000, -0.000000, 0.000000, 1.000000),
      ["Cock"] = CFrame.new(-0.040865, 0.126952, 0.000000, 0.494172, 0.866012, 0.076271, -0.860616, 0.499728, -0.098040, -0.123019, -0.017191, 0.992255),
      ["LeftUpperArm"] = CFrame.new(-0.096091, -0.491602, 0.189872, 0.686895, -0.693752, -0.216525, 0.405463, 0.613076, -0.678039, 0.603137, 0.377949, 0.702410),
      ["LeftUpperLeg"] = CFrame.new(-0.101881, 0.158397, -0.158941, 0.924667, 0.068851, 0.374500, -0.128480, 0.982253, 0.136641, -0.358446, -0.174464, 0.917104),
      ["LowerTorso"] = CFrame.new(-0.004075, -0.276883, 1.578843, 1.000000, -0.000000, 0.000000, 0.000000, 0.990734, 0.135814, -0.000000, -0.135814, 0.990734),
      ["RightUpperLeg"] = CFrame.new(0.101888, 0.158395, -0.158939, 0.924667, -0.068851, -0.374500, 0.128480, 0.982253, 0.136641, 0.358446, -0.174464, 0.917104)
    }},
    { Time = 0.067, Data = {
      ["Balls"] = CFrame.new(-0.034769, 0.143798, 0.000000, 0.966625, 0.256197, 0.000000, -0.256197, 0.966625, -0.000000, -0.000000, 0.000000, 1.000000),
      ["Cock"] = CFrame.new(-0.040865, 0.126952, 0.000000, 0.493302, 0.866546, 0.075839, -0.861232, 0.498799, -0.097366, -0.122200, -0.017285, 0.992355),
      ["LeftUpperArm"] = CFrame.new(-0.097366, -0.492100, 0.191220, 0.686426, -0.694996, -0.214011, 0.405724, 0.610247, -0.680431, 0.603496, 0.380236, 0.700866),
      ["LeftUpperLeg"] = CFrame.new(-0.101890, 0.158234, -0.158905, 0.924650, 0.068854, 0.374542, -0.128807, 0.982098, 0.137447, -0.358374, -0.175334, 0.916966),
      ["LowerTorso"] = CFrame.new(-0.004075, -0.277024, 1.578122, 1.000000, -0.000000, 0.000000, 0.000000, 0.990805, 0.135300, -0.000000, -0.135300, 0.990805),
      ["RightUpperLeg"] = CFrame.new(0.101897, 0.158232, -0.158903, 0.924650, -0.068854, -0.374542, 0.128807, 0.982098, 0.137447, 0.358374, -0.175334, 0.916966)
    }},
    { Time = 0.075, Data = {
      ["Balls"] = CFrame.new(-0.034769, 0.143798, 0.000000, 0.967224, 0.253925, 0.000000, -0.253925, 0.967224, -0.000000, -0.000000, 0.000000, 1.000000),
      ["Cock"] = CFrame.new(-0.040866, 0.126952, 0.000000, 0.492268, 0.867178, 0.075325, -0.861950, 0.497696, -0.096655, -0.121306, -0.017346, 0.992464),
      ["LeftUpperArm"] = CFrame.new(-0.098825, -0.492682, 0.192736, 0.685830, -0.696459, -0.211147, 0.406061, 0.606976, -0.683151, 0.603947, 0.382787, 0.699086),
      ["LeftUpperLeg"] = CFrame.new(-0.101882, 0.158066, -0.158825, 0.924665, 0.068848, 0.374507, -0.129143, 0.981929, 0.138342, -0.358214, -0.176284, 0.916846),
      ["LowerTorso"] = CFrame.new(-0.004075, -0.277185, 1.577287, 1.000000, -0.000000, 0.000000, 0.000000, 0.990886, 0.134700, -0.000000, -0.134700, 0.990886),
      ["RightUpperLeg"] = CFrame.new(0.101889, 0.158063, -0.158823, 0.924665, -0.068848, -0.374507, 0.129143, 0.981929, 0.138342, 0.358214, -0.176284, 0.916846)
    }},
    { Time = 0.083, Data = {
      ["Balls"] = CFrame.new(-0.034769, 0.143798, 0.000000, 0.967884, 0.251398, 0.000000, -0.251398, 0.967884, -0.000000, -0.000000, 0.000000, 1.000000),
      ["Cock"] = CFrame.new(-0.040866, 0.126953, 0.000000, 0.491146, 0.867852, 0.074893, -0.862727, 0.496513, -0.095798, -0.120324, -0.017562, 0.992579),
      ["LeftUpperArm"] = CFrame.new(-0.100451, -0.493334, 0.194428, 0.685160, -0.698074, -0.207963, 0.406406, 0.603310, -0.686186, 0.604475, 0.385630, 0.697066),
      ["LeftUpperLeg"] = CFrame.new(-0.101891, 0.157879, -0.158780, 0.924647, 0.068802, 0.374558, -0.129517, 0.981730, 0.139398, -0.358124, -0.177406, 0.916665),
      ["LowerTorso"] = CFrame.new(-0.004075, -0.277368, 1.576339, 1.000000, -0.000000, 0.000000, 0.000000, 0.990979, 0.134014, -0.000000, -0.134014, 0.990979),
      ["RightUpperLeg"] = CFrame.new(0.101898, 0.157876, -0.158778, 0.924647, -0.068802, -0.374558, 0.129517, 0.981730, 0.139398, 0.358124, -0.177406, 0.916665)
    }},
    { Time = 0.092, Data = {
      ["Balls"] = CFrame.new(-0.034769, 0.143798, 0.000000, 0.968602, 0.248618, 0.000000, -0.248618, 0.968602, -0.000000, -0.000000, 0.000000, 1.000000),
      ["Cock"] = CFrame.new(-0.040866, 0.126953, 0.000000, 0.489867, 0.868625, 0.074305, -0.863611, 0.495154, -0.094862, -0.119192, -0.017701, 0.992713),
      ["LeftUpperArm"] = CFrame.new(-0.102242, -0.494059, 0.196295, 0.684416, -0.699837, -0.204458, 0.406760, 0.599245, -0.689530, 0.605079, 0.388760, 0.694798),
      ["LeftUpperLeg"] = CFrame.new(-0.101883, 0.157687, -0.158691, 0.924662, 0.068747, 0.374532, -0.129900, 0.981516, 0.140544, -0.357947, -0.178608, 0.916501),
      ["LowerTorso"] = CFrame.new(-0.004075, -0.277559, 1.575363, 1.000000, -0.000000, 0.000000, 0.000000, 0.991072, 0.133328, -0.000000, -0.133328, 0.991072),
      ["RightUpperLeg"] = CFrame.new(0.101891, 0.157685, -0.158689, 0.924662, -0.068747, -0.374532, 0.129900, 0.981516, 0.140544, 0.357947, -0.178608, 0.916501)
    }},
    { Time = 0.100, Data = {
      ["Balls"] = CFrame.new(-0.034769, 0.143798, 0.000000, 0.969376, 0.245583, 0.000000, -0.245583, 0.969376, -0.000000, -0.000000, 0.000000, 1.000000),
      ["Cock"] = CFrame.new(-0.040866, 0.126953, 0.000000, 0.488422, 0.869495, 0.073635, -0.864595, 0.493620, -0.093888, -0.117983, -0.017807, 0.992856),
      ["LeftUpperArm"] = CFrame.new(-0.104192, -0.494859, 0.198347, 0.683637, -0.701724, -0.200560, 0.407155, 0.594772, -0.693160, 0.605695, 0.392211, 0.692318),
      ["LeftUpperLeg"] = CFrame.new(-0.101897, 0.157442, -0.158635, 0.924636, 0.068751, 0.374596, -0.130390, 0.981277, 0.141751, -0.357837, -0.179912, 0.916288),
      ["LowerTorso"] = CFrame.new(-0.004075, -0.277770, 1.574273, 1.000000, -0.000000, 0.000000, 0.000000, 0.991175, 0.132556, -0.000000, -0.132556, 0.991175),
      ["RightUpperLeg"] = CFrame.new(0.101904, 0.157440, -0.158634, 0.924636, -0.068751, -0.374596, 0.130390, 0.981277, 0.141751, 0.357837, -0.179912, 0.916288)
    }},
    { Time = 0.108, Data = {
      ["Balls"] = CFrame.new(-0.034769, 0.143798, 0.000000, 0.970224, 0.242209, 0.000000, -0.242209, 0.970224, -0.000000, -0.000000, 0.000000, 1.000000),
      ["Cock"] = CFrame.new(-0.040866, 0.126954, 0.000000, 0.486895, 0.870407, 0.072974, -0.865641, 0.492004, -0.092726, -0.116613, -0.018022, 0.993014),
      ["LeftUpperArm"] = CFrame.new(-0.106305, -0.495734, 0.200571, 0.682780, -0.703751, -0.196334, 0.407555, 0.589885, -0.697090, 0.606392, 0.395942, 0.689579),
      ["LeftUpperLeg"] = CFrame.new(-0.101894, 0.157185, -0.158533, 0.924642, 0.068730, 0.374585, -0.130905, 0.981008, 0.143132, -0.357634, -0.181380, 0.916078),
      ["LowerTorso"] = CFrame.new(-0.004075, -0.278002, 1.573071, 1.000000, -0.000000, 0.000000, 0.000000, 0.991290, 0.131699, -0.000000, -0.131699, 0.991290),
      ["RightUpperLeg"] = CFrame.new(0.101901, 0.157182, -0.158532, 0.924642, -0.068730, -0.374585, 0.130905, 0.981008, 0.143132, 0.357634, -0.181380, 0.916078)
    }},
    { Time = 0.117, Data = {
      ["Balls"] = CFrame.new(-0.034769, 0.143798, 0.000000, 0.971123, 0.238579, 0.000000, -0.238579, 0.971123, -0.000000, -0.000000, 0.000000, 1.000000),
      ["Cock"] = CFrame.new(-0.040866, 0.126954, 0.000000, 0.485288, 0.871365, 0.072237, -0.866737, 0.490297, -0.091522, -0.115167, -0.018196, 0.993179),
      ["LeftUpperArm"] = CFrame.new(-0.108594, -0.496688, 0.202942, 0.681787, -0.705966, -0.191776, 0.408053, 0.584576, -0.701259, 0.607172, 0.399855, 0.686628),
      ["LeftUpperLeg"] = CFrame.new(-0.101891, 0.156920, -0.158428, 0.924647, 0.068693, 0.374578, -0.131435, 0.980723, 0.144595, -0.357424, -0.182932, 0.915851),
      ["LowerTorso"] = CFrame.new(-0.004075, -0.278253, 1.571755, 1.000000, -0.000000, 0.000000, 0.000000, 0.991415, 0.130755, -0.000000, -0.130755, 0.991415),
      ["RightUpperLeg"] = CFrame.new(0.101898, 0.156917, -0.158427, 0.924647, -0.068693, -0.374578, 0.131435, 0.980723, 0.144595, 0.357424, -0.182932, 0.915851)
    }},
    { Time = 0.125, Data = {
      ["Balls"] = CFrame.new(-0.034769, 0.143798, 0.000000, 0.972069, 0.234694, 0.000000, -0.234694, 0.972069, -0.000000, -0.000000, 0.000000, 1.000000),
      ["Cock"] = CFrame.new(-0.040867, 0.126954, 0.000000, 0.483510, 0.872420, 0.071420, -0.867930, 0.488412, -0.090281, -0.113645, -0.018336, 0.993352),
      ["LeftUpperArm"] = CFrame.new(-0.111024, -0.497723, 0.205519, 0.680810, -0.708235, -0.186815, 0.408494, 0.578835, -0.705749, 0.607972, 0.404168, 0.683387),
      ["LeftUpperLeg"] = CFrame.new(-0.101888, 0.156639, -0.158317, 0.924653, 0.068623, 0.374576, -0.131996, 0.980405, 0.146226, -0.357202, -0.184652, 0.915593),
      ["LowerTorso"] = CFrame.new(-0.004075, -0.278525, 1.570325, 1.000000, -0.000000, 0.000000, 0.000000, 0.991550, 0.129726, -0.000000, -0.129726, 0.991550),
      ["RightUpperLeg"] = CFrame.new(0.101895, 0.156636, -0.158315, 0.924653, -0.068623, -0.374576, 0.131996, 0.980405, 0.146226, 0.357202, -0.184652, 0.915593)
    }},
    { Time = 0.133, Data = {
      ["Balls"] = CFrame.new(-0.034769, 0.143798, 0.000000, 0.973060, 0.230551, 0.000000, -0.230551, 0.973060, -0.000000, -0.000000, 0.000000, 1.000000),
      ["Cock"] = CFrame.new(-0.040867, 0.126955, 0.000000, 0.481649, 0.873515, 0.070614, -0.869183, 0.486443, -0.088849, -0.111960, -0.018582, 0.993539),
      ["LeftUpperArm"] = CFrame.new(-0.113626, -0.498840, 0.208240, 0.679694, -0.710682, -0.181515, 0.409030, 0.572655, -0.710466, 0.608861, 0.408654, 0.679920),
      ["LeftUpperLeg"] = CFrame.new(-0.101889, 0.156316, -0.158201, 0.924650, 0.068636, 0.374582, -0.132642, 0.980076, 0.147841, -0.356971, -0.186386, 0.915331),
      ["LowerTorso"] = CFrame.new(-0.004075, -0.278804, 1.568868, 1.000000, -0.000000, 0.000000, 0.000000, 0.991684, 0.128697, -0.000000, -0.128697, 0.991684),
      ["RightUpperLeg"] = CFrame.new(0.101897, 0.156313, -0.158199, 0.924650, -0.068636, -0.374582, 0.132642, 0.980076, 0.147841, 0.356971, -0.186386, 0.915331)
    }},
    { Time = 0.142, Data = {
      ["Balls"] = CFrame.new(-0.034769, 0.143798, 0.000000, 0.974092, 0.226152, 0.000000, -0.226152, 0.974092, -0.000000, -0.000000, 0.000000, 1.000000),
      ["Cock"] = CFrame.new(-0.040867, 0.126955, 0.000000, 0.479616, 0.874704, 0.069728, -0.870531, 0.484294, -0.087379, -0.110199, -0.018792, 0.993732),
      ["LeftUpperArm"] = CFrame.new(-0.116364, -0.500028, 0.211146, 0.678589, -0.713161, -0.175840, 0.409536, 0.566080, -0.715426, 0.609753, 0.413467, 0.676200),
      ["LeftUpperLeg"] = CFrame.new(-0.101887, 0.156020, -0.158083, 0.924656, 0.068533, 0.374587, -0.133234, 0.979723, 0.149638, -0.356736, -0.188272, 0.915037),
      ["LowerTorso"] = CFrame.new(-0.004075, -0.279103, 1.567297, 1.000000, -0.000000, 0.000000, 0.000000, 0.991828, 0.127581, -0.000000, -0.127581, 0.991828),
      ["RightUpperLeg"] = CFrame.new(0.101894, 0.156017, -0.158081, 0.924656, -0.068533, -0.374587, 0.133234, 0.979723, 0.149638, 0.356736, -0.188272, 0.915037)
    }},
    { Time = 0.150, Data = {
      ["Balls"] = CFrame.new(-0.034769, 0.143798, 0.000000, 0.975181, 0.221410, 0.000000, -0.221410, 0.975181, -0.000000, -0.000000, 0.000000, 1.000000),
      ["Cock"] = CFrame.new(-0.040867, 0.126956, 0.000000, 0.477409, 0.875986, 0.068763, -0.871974, 0.481963, -0.085869, -0.108362, -0.018965, 0.993931),
      ["LeftUpperArm"] = CFrame.new(-0.119273, -0.501320, 0.214211, 0.677339, -0.715812, -0.169781, 0.410100, 0.558989, -0.720659, 0.610762, 0.418503, 0.672180),
      ["LeftUpperLeg"] = CFrame.new(-0.101888, 0.155666, -0.157954, 0.924652, 0.068481, 0.374605, -0.133942, 0.979327, 0.151586, -0.356480, -0.190340, 0.914709),
      ["LowerTorso"] = CFrame.new(-0.004075, -0.279421, 1.565613, 1.000000, -0.000000, 0.000000, 0.000000, 0.991982, 0.126380, -0.000000, -0.126380, 0.991982),
      ["RightUpperLeg"] = CFrame.new(0.101895, 0.155663, -0.157953, 0.924652, -0.068481, -0.374605, 0.133942, 0.979327, 0.151586, 0.356480, -0.190340, 0.914709)
    }},
    { Time = 0.158, Data = {
      ["Balls"] = CFrame.new(-0.034769, 0.143798, 0.000000, 0.976284, 0.216495, 0.000000, -0.216495, 0.976284, -0.000000, -0.000000, 0.000000, 1.000000),
      ["Cock"] = CFrame.new(-0.040868, 0.126957, 0.000000, 0.475116, 0.877306, 0.067813, -0.873471, 0.479545, -0.084169, -0.106361, -0.019243, 0.994141),
      ["LeftUpperArm"] = CFrame.new(-0.122328, -0.502687, 0.217433, 0.676039, -0.718535, -0.163338, 0.410726, 0.551484, -0.726064, 0.611781, 0.423761, 0.667946),
      ["LeftUpperLeg"] = CFrame.new(-0.101890, 0.155304, -0.157822, 0.924649, 0.068412, 0.374626, -0.134665, 0.978911, 0.153617, -0.356216, -0.192491, 0.914362),
      ["LowerTorso"] = CFrame.new(-0.004075, -0.279758, 1.563815, 1.000000, -0.000000, 0.000000, 0.000000, 0.992145, 0.125093, -0.000000, -0.125093, 0.992145),
      ["RightUpperLeg"] = CFrame.new(0.101897, 0.155301, -0.157820, 0.924649, -0.068412, -0.374626, 0.134665, 0.978911, 0.153617, 0.356216, -0.192491, 0.914362)
    }},
    { Time = 0.167, Data = {
      ["Balls"] = CFrame.new(-0.034769, 0.143798, 0.000000, 0.977435, 0.211237, 0.000000, -0.211237, 0.977435, -0.000000, -0.000000, 0.000000, 1.000000),
      ["Cock"] = CFrame.new(-0.040868, 0.126957, 0.000000, 0.472734, 0.878671, 0.066789, -0.875013, 0.477031, -0.082425, -0.104284, -0.019476, 0.994357),
      ["LeftUpperArm"] = CFrame.new(-0.125523, -0.504134, 0.220817, 0.674664, -0.721312, -0.156643, 0.411243, 0.543554, -0.731729, 0.612949, 0.429253, 0.663351),
      ["LeftUpperLeg"] = CFrame.new(-0.101897, 0.154892, -0.157682, 0.924636, 0.068411, 0.374658, -0.135488, 0.978466, 0.155715, -0.355937, -0.194741, 0.913994),
      ["LowerTorso"] = CFrame.new(-0.004075, -0.280113, 1.561904, 1.000000, -0.000000, 0.000000, 0.000000, 0.992317, 0.123720, -0.000000, -0.123720, 0.992317),
      ["RightUpperLeg"] = CFrame.new(0.101904, 0.154890, -0.157680, 0.924636, -0.068411, -0.374658, 0.135488, 0.978466, 0.155715, 0.355937, -0.194741, 0.913994)
    }},
    { Time = 0.175, Data = {
      ["Balls"] = CFrame.new(-0.034769, 0.143798, 0.000000, 0.978611, 0.205719, 0.000000, -0.205719, 0.978611, -0.000000, -0.000000, 0.000000, 1.000000),
      ["Cock"] = CFrame.new(-0.040868, 0.126958, 0.000000, 0.470174, 0.880126, 0.065687, -0.876644, 0.474333, -0.080641, -0.102131, -0.019669, 0.994576),
      ["LeftUpperArm"] = CFrame.new(-0.128872, -0.505693, 0.224372, 0.673216, -0.724193, -0.149414, 0.411885, 0.535071, -0.737597, 0.614110, 0.435021, 0.658503),
      ["LeftUpperLeg"] = CFrame.new(-0.101882, 0.154519, -0.157502, 0.924664, 0.068317, 0.374604, -0.136235, 0.978009, 0.157918, -0.355578, -0.197055, 0.913638),
      ["LowerTorso"] = CFrame.new(-0.004075, -0.280476, 1.559964, 1.000000, -0.000000, 0.000000, 0.000000, 0.992487, 0.122347, -0.000000, -0.122347, 0.992487),
      ["RightUpperLeg"] = CFrame.new(0.101889, 0.154516, -0.157500, 0.924664, -0.068317, -0.374604, 0.136235, 0.978009, 0.157918, 0.355578, -0.197055, 0.913638)
    }},
    { Time = 0.183, Data = {
      ["Balls"] = CFrame.new(-0.034769, 0.143798, 0.000000, 0.979825, 0.199856, 0.000000, -0.199856, 0.979825, -0.000000, -0.000000, 0.000000, 1.000000),
      ["Cock"] = CFrame.new(-0.040869, 0.126958, 0.000000, 0.467524, 0.881617, 0.064603, -0.878327, 0.471544, -0.078664, -0.099815, -0.019965, 0.994806),
      ["LeftUpperArm"] = CFrame.new(-0.132350, -0.507321, 0.228078, 0.671728, -0.727082, -0.141893, 0.412482, 0.526200, -0.743621, 0.615338, 0.440983, 0.653371),
      ["LeftUpperLeg"] = CFrame.new(-0.101889, 0.154084, -0.157351, 0.924651, 0.068266, 0.374646, -0.137104, 0.977506, 0.160265, -0.355278, -0.199554, 0.913212),
      ["LowerTorso"] = CFrame.new(-0.004075, -0.280856, 1.557911, 1.000000, -0.000000, 0.000000, 0.000000, 0.992666, 0.120888, -0.000000, -0.120888, 0.992666),
      ["RightUpperLeg"] = CFrame.new(0.101896, 0.154081, -0.157349, 0.924651, -0.068266, -0.374646, 0.137104, 0.977506, 0.160265, 0.355278, -0.199554, 0.913212)
    }},
    { Time = 0.192, Data = {
      ["Balls"] = CFrame.new(-0.034769, 0.143798, 0.000000, 0.981038, 0.193817, 0.000000, -0.193817, 0.981038, -0.000000, -0.000000, 0.000000, 1.000000),
      ["Cock"] = CFrame.new(-0.040869, 0.126959, 0.000000, 0.464701, 0.883197, 0.063369, -0.880100, 0.468568, -0.076602, -0.097347, -0.020174, 0.995046),
      ["LeftUpperArm"] = CFrame.new(-0.135971, -0.509054, 0.231940, 0.670139, -0.730039, -0.134001, 0.413060, 0.516808, -0.749860, 0.616680, 0.447160, 0.647884),
      ["LeftUpperLeg"] = CFrame.new(-0.101895, 0.153642, -0.157197, 0.924638, 0.068199, 0.374691, -0.137988, 0.976980, 0.162694, -0.354970, -0.202136, 0.912764),
      ["LowerTorso"] = CFrame.new(-0.004075, -0.281255, 1.555745, 1.000000, -0.000000, 0.000000, 0.000000, 0.992853, 0.119342, -0.000000, -0.119342, 0.992853),
      ["RightUpperLeg"] = CFrame.new(0.101902, 0.153639, -0.157195, 0.924638, -0.068199, -0.374691, 0.137988, 0.976980, 0.162694, 0.354970, -0.202136, 0.912764)
    }},
    { Time = 0.200, Data = {
      ["Balls"] = CFrame.new(-0.034769, 0.143798, 0.000000, 0.982278, 0.187432, 0.000000, -0.187432, 0.982278, -0.000000, -0.000000, 0.000000, 1.000000),
      ["Cock"] = CFrame.new(-0.040869, 0.126960, 0.000000, 0.461776, 0.884814, 0.062183, -0.881913, 0.465494, -0.074465, -0.094833, -0.020454, 0.995283),
      ["LeftUpperArm"] = CFrame.new(-0.139729, -0.510894, 0.235966, 0.668487, -0.733031, -0.125665, 0.413656, 0.506883, -0.756279, 0.618073, 0.453581, 0.642067),
      ["LeftUpperLeg"] = CFrame.new(-0.101886, 0.153196, -0.156997, 0.924657, 0.068123, 0.374658, -0.138880, 0.976431, 0.165212, -0.354573, -0.204797, 0.912325),
      ["LowerTorso"] = CFrame.new(-0.004075, -0.281670, 1.553465, 1.000000, -0.000000, 0.000000, 0.000000, 0.993048, 0.117711, -0.000000, -0.117711, 0.993048),
      ["RightUpperLeg"] = CFrame.new(0.101893, 0.153193, -0.156996, 0.924657, -0.068123, -0.374658, 0.138880, 0.976431, 0.165212, 0.354573, -0.204797, 0.912325)
    }},
    { Time = 0.208, Data = {
      ["Balls"] = CFrame.new(-0.034769, 0.143798, 0.000000, 0.983507, 0.180871, 0.000000, -0.180871, 0.983507, -0.000000, -0.000000, 0.000000, 1.000000),
      ["Cock"] = CFrame.new(-0.040870, 0.126960, 0.000000, 0.458755, 0.886472, 0.060927, -0.883762, 0.462321, -0.072282, -0.092244, -0.020685, 0.995522),
      ["LeftUpperArm"] = CFrame.new(-0.143623, -0.512829, 0.240126, 0.666727, -0.736064, -0.116983, 0.414257, 0.496472, -0.762828, 0.619569, 0.460137, 0.635931),
      ["LeftUpperLeg"] = CFrame.new(-0.101897, 0.152689, -0.156827, 0.924634, 0.068090, 0.374720, -0.139893, 0.975832, 0.167874, -0.354234, -0.207643, 0.911813),
      ["LowerTorso"] = CFrame.new(-0.004075, -0.282102, 1.551071, 1.000000, -0.000000, 0.000000, 0.000000, 0.993250, 0.115993, -0.000000, -0.115993, 0.993250),
      ["RightUpperLeg"] = CFrame.new(0.101905, 0.152685, -0.156825, 0.924634, -0.068090, -0.374720, 0.139893, 0.975832, 0.167874, 0.354234, -0.207643, 0.911813)
    }},
    { Time = 0.217, Data = {
      ["Balls"] = CFrame.new(-0.034769, 0.143798, 0.000000, 0.984767, 0.173877, 0.000000, -0.173877, 0.984767, -0.000000, -0.000000, 0.000000, 1.000000),
      ["Cock"] = CFrame.new(-0.040870, 0.126961, 0.000000, 0.455556, 0.888212, 0.059569, -0.885701, 0.458959, -0.069938, -0.089459, -0.020900, 0.995771),
      ["LeftUpperArm"] = CFrame.new(-0.147624, -0.514848, 0.244448, 0.664994, -0.739019, -0.107858, 0.414881, 0.485622, -0.769445, 0.621012, 0.466928, 0.629541),
      ["LeftUpperLeg"] = CFrame.new(-0.101888, 0.152220, -0.156617, 0.924653, 0.067965, 0.374698, -0.140831, 0.975217, 0.170640, -0.353814, -0.210552, 0.911309),
      ["LowerTorso"] = CFrame.new(-0.004075, -0.282540, 1.548649, 1.000000, -0.000000, 0.000000, 0.000000, 0.993449, 0.114275, -0.000000, -0.114275, 0.993449),
      ["RightUpperLeg"] = CFrame.new(0.101895, 0.152217, -0.156615, 0.924653, -0.067965, -0.374698, 0.140831, 0.975217, 0.170640, 0.353814, -0.210552, 0.911309)
    }},
    { Time = 0.225, Data = {
      ["Balls"] = CFrame.new(-0.034769, 0.143798, 0.000000, 0.986007, 0.166706, 0.000000, -0.166706, 0.986007, -0.000000, -0.000000, 0.000000, 1.000000),
      ["Cock"] = CFrame.new(-0.040871, 0.126962, 0.000000, 0.452160, 0.890032, 0.058258, -0.887720, 0.455406, -0.067521, -0.086627, -0.021187, 0.996015),
      ["LeftUpperArm"] = CFrame.new(-0.151764, -0.516984, 0.248905, 0.663111, -0.742024, -0.098406, 0.415432, 0.474196, -0.776244, 0.622655, 0.473855, 0.622705),
      ["LeftUpperLeg"] = CFrame.new(-0.101884, 0.151702, -0.156397, 0.924661, 0.067908, 0.374686, -0.141867, 0.974567, 0.173472, -0.353377, -0.213559, 0.910779),
      ["LowerTorso"] = CFrame.new(-0.004075, -0.283005, 1.546027, 1.000000, -0.000000, 0.000000, 0.000000, 0.993665, 0.112385, -0.000000, -0.112385, 0.993665),
      ["RightUpperLeg"] = CFrame.new(0.101891, 0.151698, -0.156396, 0.924661, -0.067908, -0.374686, 0.141867, 0.974567, 0.173472, 0.353377, -0.213559, 0.910779)
    }},
    { Time = 0.233, Data = {
      ["Balls"] = CFrame.new(-0.034769, 0.143798, 0.000000, 0.987221, 0.159357, 0.000000, -0.159357, 0.987221, -0.000000, -0.000000, 0.000000, 1.000000),
      ["Cock"] = CFrame.new(-0.040871, 0.126963, 0.000000, 0.448664, 0.891888, 0.056881, -0.889771, 0.451748, -0.065056, -0.083719, -0.021422, 0.996259),
      ["LeftUpperArm"] = CFrame.new(-0.156019, -0.519226, 0.253508, 0.661187, -0.744987, -0.088461, 0.416059, 0.462244, -0.783087, 0.624281, 0.480962, 0.615588),
      ["LeftUpperLeg"] = CFrame.new(-0.101896, 0.151165, -0.156211, 0.924638, 0.067808, 0.374762, -0.142941, 0.973873, 0.176463, -0.353005, -0.216733, 0.910172),
      ["LowerTorso"] = CFrame.new(-0.004075, -0.283463, 1.543471, 1.000000, -0.000000, 0.000000, 0.000000, 0.993867, 0.110581, -0.000000, -0.110581, 0.993867),
      ["RightUpperLeg"] = CFrame.new(0.101903, 0.151162, -0.156209, 0.924638, -0.067808, -0.374762, 0.142941, 0.973873, 0.176463, 0.353005, -0.216733, 0.910172)
    }},
    { Time = 0.242, Data = {
      ["Balls"] = CFrame.new(-0.034769, 0.143798, 0.000000, 0.988367, 0.152087, 0.000000, -0.152087, 0.988367, -0.000000, -0.000000, 0.000000, 1.000000),
      ["Cock"] = CFrame.new(-0.040871, 0.126964, 0.000000, 0.445073, 0.893778, 0.055408, -0.891858, 0.447987, -0.062425, -0.080616, -0.021632, 0.996510),
      ["LeftUpperArm"] = CFrame.new(-0.160407, -0.521595, 0.258240, 0.659107, -0.747975, -0.078178, 0.416601, 0.449683, -0.790081, 0.626117, 0.488178, 0.607997),
      ["LeftUpperLeg"] = CFrame.new(-0.101891, 0.150648, -0.155989, 0.924646, 0.067751, 0.374752, -0.143975, 0.973204, 0.179292, -0.352563, -0.219737, 0.909624),
      ["LowerTorso"] = CFrame.new(-0.004075, -0.283920, 1.540848, 1.000000, -0.000000, 0.000000, 0.000000, 0.994076, 0.108691, -0.000000, -0.108691, 0.994076),
      ["RightUpperLeg"] = CFrame.new(0.101898, 0.150644, -0.155987, 0.924646, -0.067751, -0.374752, 0.143975, 0.973204, 0.179292, 0.352563, -0.219737, 0.909624)
    }},
    { Time = 0.250, Data = {
      ["Balls"] = CFrame.new(-0.034769, 0.143798, 0.000000, 0.989409, 0.145153, 0.000000, -0.145153, 0.989409, -0.000000, -0.000000, 0.000000, 1.000000),
      ["Cock"] = CFrame.new(-0.040872, 0.126964, -0.000000, 0.441280, 0.895744, 0.053986, -0.894020, 0.444030, -0.059720, -0.077465, -0.021911, 0.996754),
      ["LeftUpperArm"] = CFrame.new(-0.164873, -0.524046, 0.263130, 0.657099, -0.750778, -0.067475, 0.417096, 0.436688, -0.797079, 0.627895, 0.495616, 0.600094),
      ["LeftUpperLeg"] = CFrame.new(-0.101887, 0.150138, -0.155769, 0.924654, 0.067711, 0.374740, -0.144993, 0.972543, 0.182037, -0.352125, -0.222656, 0.909083),
      ["LowerTorso"] = CFrame.new(-0.004075, -0.284346, 1.538426, 1.000000, -0.000000, 0.000000, 0.000000, 0.994262, 0.106972, -0.000000, -0.106972, 0.994262),
      ["RightUpperLeg"] = CFrame.new(0.101895, 0.150135, -0.155767, 0.924654, -0.067711, -0.374740, 0.144993, 0.972543, 0.182037, 0.352125, -0.222656, 0.909083)
    }},
    { Time = 0.258, Data = {
      ["Balls"] = CFrame.new(-0.034769, 0.143798, 0.000000, 0.990366, 0.138471, 0.000000, -0.138471, 0.990366, -0.000000, -0.000000, 0.000000, 1.000000),
      ["Cock"] = CFrame.new(-0.040872, 0.126965, -0.000000, 0.437387, 0.897744, 0.052427, -0.896210, 0.439964, -0.056920, -0.074166, -0.022089, 0.997001),
      ["LeftUpperArm"] = CFrame.new(-0.169320, -0.526540, 0.267964, 0.654992, -0.753506, -0.056703, 0.417639, 0.423529, -0.803866, 0.629733, 0.502844, 0.592101),
      ["LeftUpperLeg"] = CFrame.new(-0.101895, 0.149675, -0.155597, 0.924639, 0.067593, 0.374798, -0.145918, 0.971901, 0.184707, -0.351781, -0.225478, 0.908521),
      ["LowerTorso"] = CFrame.new(-0.004075, -0.284759, 1.536030, 1.000000, -0.000000, 0.000000, 0.000000, 0.994446, 0.105253, -0.000000, -0.105253, 0.994446),
      ["RightUpperLeg"] = CFrame.new(0.101902, 0.149672, -0.155595, 0.924639, -0.067593, -0.374798, 0.145918, 0.971901, 0.184707, 0.351781, -0.225478, 0.908521)
    }},
    { Time = 0.267, Data = {
      ["Balls"] = CFrame.new(-0.034769, 0.143798, 0.000000, 0.991244, 0.132042, 0.000000, -0.132042, 0.991244, -0.000000, -0.000000, 0.000000, 1.000000),
      ["Cock"] = CFrame.new(-0.040873, 0.126966, -0.000000, 0.433466, 0.899726, 0.050998, -0.898377, 0.435882, -0.054086, -0.070892, -0.022371, 0.997233),
      ["LeftUpperArm"] = CFrame.new(-0.173564, -0.528971, 0.272613, 0.652996, -0.755947, -0.046261, 0.418093, 0.410737, -0.810243, 0.631502, 0.509744, 0.584265),
      ["LeftUpperLeg"] = CFrame.new(-0.101891, 0.149190, -0.155385, 0.924647, 0.067603, 0.374778, -0.146888, 0.971278, 0.187200, -0.351358, -0.228144, 0.908019),
      ["LowerTorso"] = CFrame.new(-0.004075, -0.285142, 1.533834, 1.000000, -0.000000, 0.000000, 0.000000, 0.994608, 0.103705, -0.000000, -0.103705, 0.994608),
      ["RightUpperLeg"] = CFrame.new(0.101898, 0.149187, -0.155383, 0.924647, -0.067603, -0.374778, 0.146888, 0.971278, 0.187200, 0.351358, -0.228144, 0.908019)
    }},
    { Time = 0.275, Data = {
      ["Balls"] = CFrame.new(-0.034769, 0.143798, 0.000000, 0.992036, 0.125951, 0.000000, -0.125951, 0.992036, -0.000000, -0.000000, 0.000000, 1.000000),
      ["Cock"] = CFrame.new(-0.040873, 0.126967, -0.000000, 0.429706, 0.901611, 0.049496, -0.900427, 0.431962, -0.051387, -0.067711, -0.022486, 0.997452),
      ["LeftUpperArm"] = CFrame.new(-0.177633, -0.531349, 0.277059, 0.651019, -0.758199, -0.036180, 0.418475, 0.398268, -0.816248, 0.633288, 0.516253, 0.576567),
      ["LeftUpperLeg"] = CFrame.new(-0.101899, 0.148752, -0.155220, 0.924631, 0.067535, 0.374828, -0.147765, 0.970675, 0.189618, -0.351031, -0.230713, 0.907496),
      ["LowerTorso"] = CFrame.new(-0.004075, -0.285522, 1.531579, 1.000000, -0.000000, 0.000000, 0.000000, 0.994777, 0.102072, -0.000000, -0.102072, 0.994777),
      ["RightUpperLeg"] = CFrame.new(0.101906, 0.148748, -0.155218, 0.924631, -0.067535, -0.374828, 0.147765, 0.970675, 0.189618, 0.351031, -0.230713, 0.907496)
    }},
    { Time = 0.283, Data = {
      ["Balls"] = CFrame.new(-0.034769, 0.143798, 0.000000, 0.992770, 0.120029, 0.000000, -0.120029, 0.992770, -0.000000, -0.000000, 0.000000, 1.000000),
      ["Cock"] = CFrame.new(-0.040874, 0.126968, -0.000000, 0.426006, 0.903438, 0.048153, -0.902406, 0.428118, -0.048770, -0.064676, -0.022677, 0.997649),
      ["LeftUpperArm"] = CFrame.new(-0.181498, -0.533635, 0.281322, 0.649197, -0.760161, -0.026420, 0.418854, 0.386275, -0.821799, 0.634905, 0.522443, 0.569165),
      ["LeftUpperLeg"] = CFrame.new(-0.101886, 0.148367, -0.155023, 0.924657, 0.067410, 0.374786, -0.148534, 0.970094, 0.191975, -0.350637, -0.233180, 0.907017),
      ["LowerTorso"] = CFrame.new(-0.004075, -0.285873, 1.529523, 1.000000, -0.000000, 0.000000, 0.000000, 0.994926, 0.100610, -0.000000, -0.100610, 0.994926),
      ["RightUpperLeg"] = CFrame.new(0.101893, 0.148363, -0.155021, 0.924657, -0.067410, -0.374786, 0.148534, 0.970094, 0.191975, 0.350637, -0.233180, 0.907017)
    }},
    { Time = 0.292, Data = {
      ["Balls"] = CFrame.new(-0.034769, 0.143798, 0.000000, 0.993429, 0.114447, 0.000000, -0.114447, 0.993429, -0.000000, -0.000000, 0.000000, 1.000000),
      ["Cock"] = CFrame.new(-0.040874, 0.126969, -0.000000, 0.422471, 0.905166, 0.046825, -0.904278, 0.424444, -0.046144, -0.061642, -0.022849, 0.997837),
      ["LeftUpperArm"] = CFrame.new(-0.185195, -0.535878, 0.285403, 0.647402, -0.761959, -0.016994, 0.419136, 0.374567, -0.827058, 0.636550, 0.528316, 0.561860),
      ["LeftUpperLeg"] = CFrame.new(-0.101894, 0.147952, -0.154867, 0.924641, 0.067391, 0.374829, -0.149364, 0.969536, 0.194142, -0.350326, -0.235498, 0.906539),
      ["LowerTorso"] = CFrame.new(-0.004075, -0.286204, 1.527581, 1.000000, -0.000000, 0.000000, 0.000000, 0.995064, 0.099234, -0.000000, -0.099234, 0.995064),
      ["RightUpperLeg"] = CFrame.new(0.101901, 0.147948, -0.154865, 0.924641, -0.067391, -0.374829, 0.149364, 0.969536, 0.194142, 0.350326, -0.235498, 0.906539)
    }},
    { Time = 0.300, Data = {
      ["Balls"] = CFrame.new(-0.034769, 0.143798, 0.000000, 0.994029, 0.109120, 0.000000, -0.109120, 0.994029, -0.000000, -0.000000, 0.000000, 1.000000),
      ["Cock"] = CFrame.new(-0.040874, 0.126970, -0.000000, 0.419001, 0.906839, 0.045609, -0.906080, 0.420847, -0.043675, -0.058801, -0.023026, 0.998004),
      ["LeftUpperArm"] = CFrame.new(-0.188702, -0.538020, 0.289295, 0.645735, -0.763520, -0.007969, 0.419382, 0.363369, -0.831915, 0.638079, 0.533854, 0.554846),
      ["LeftUpperLeg"] = CFrame.new(-0.101881, 0.147591, -0.154678, 0.924667, 0.067316, 0.374779, -0.150086, 0.969000, 0.196249, -0.349950, -0.237714, 0.906106),
      ["LowerTorso"] = CFrame.new(-0.004075, -0.286523, 1.525667, 1.000000, -0.000000, 0.000000, 0.000000, 0.995200, 0.097858, -0.000000, -0.097858, 0.995200),
      ["RightUpperLeg"] = CFrame.new(0.101888, 0.147587, -0.154676, 0.924667, -0.067316, -0.374779, 0.150086, 0.969000, 0.196249, 0.349950, -0.237714, 0.906106)
    }},
    { Time = 0.308, Data = {
      ["Balls"] = CFrame.new(-0.034769, 0.143798, 0.000000, 0.994572, 0.104049, 0.000000, -0.104049, 0.994572, -0.000000, -0.000000, 0.000000, 1.000000),
      ["Cock"] = CFrame.new(-0.040875, 0.126970, -0.000000, 0.415701, 0.908419, 0.044360, -0.907775, 0.417421, -0.041269, -0.056007, -0.023113, 0.998163),
      ["LeftUpperArm"] = CFrame.new(-0.192052, -0.540129, 0.293012, 0.644072, -0.764964, 0.000819, 0.419635, 0.352422, -0.836484, 0.639591, 0.539100, 0.547991),
      ["LeftUpperLeg"] = CFrame.new(-0.101884, 0.147234, -0.154533, 0.924661, 0.067247, 0.374807, -0.150799, 0.968479, 0.198264, -0.349660, -0.239848, 0.905655),
      ["LowerTorso"] = CFrame.new(-0.004075, -0.286823, 1.523866, 1.000000, -0.000000, 0.000000, 0.000000, 0.995326, 0.096568, -0.000000, -0.096568, 0.995326),
      ["RightUpperLeg"] = CFrame.new(0.101891, 0.147230, -0.154531, 0.924661, -0.067247, -0.374807, 0.150799, 0.968479, 0.198264, 0.349660, -0.239848, 0.905655)
    }},
    { Time = 0.317, Data = {
      ["Balls"] = CFrame.new(-0.034769, 0.143798, 0.000000, 0.995064, 0.099234, 0.000000, -0.099234, 0.995064, -0.000000, -0.000000, 0.000000, 1.000000),
      ["Cock"] = CFrame.new(-0.040875, 0.126971, -0.000000, 0.412468, 0.909946, 0.043220, -0.909405, 0.414076, -0.039023, -0.053405, -0.023209, 0.998303),
      ["LeftUpperArm"] = CFrame.new(-0.195227, -0.542148, 0.296548, 0.642510, -0.766222, 0.009171, 0.419780, 0.341941, -0.840750, 0.641066, 0.544040, 0.541346),
      ["LeftUpperLeg"] = CFrame.new(-0.101887, 0.146885, -0.154390, 0.924654, 0.067195, 0.374833, -0.151498, 0.967972, 0.200196, -0.349375, -0.241899, 0.905219),
      ["LowerTorso"] = CFrame.new(-0.004075, -0.287103, 1.522179, 1.000000, -0.000000, 0.000000, 0.000000, 0.995443, 0.095363, -0.000000, -0.095363, 0.995443),
      ["RightUpperLeg"] = CFrame.new(0.101894, 0.146881, -0.154388, 0.924654, -0.067195, -0.374833, 0.151498, 0.967972, 0.200196, 0.349375, -0.241899, 0.905219)
    }},
    { Time = 0.325, Data = {
      ["Balls"] = CFrame.new(-0.034769, 0.143798, 0.000000, 0.995508, 0.094675, 0.000000, -0.094675, 0.995508, -0.000000, -0.000000, 0.000000, 1.000000),
      ["Cock"] = CFrame.new(-0.040876, 0.126972, -0.000000, 0.409404, 0.911379, 0.042165, -0.910934, 0.410907, -0.036815, -0.050878, -0.023337, 0.998432),
      ["LeftUpperArm"] = CFrame.new(-0.198236, -0.544071, 0.299897, 0.641022, -0.767331, 0.017148, 0.419956, 0.331951, -0.844657, 0.642439, 0.548645, 0.535033),
      ["LeftUpperLeg"] = CFrame.new(-0.101891, 0.146551, -0.154253, 0.924647, 0.067176, 0.374853, -0.152164, 0.967501, 0.201962, -0.349103, -0.243783, 0.904819),
      ["LowerTorso"] = CFrame.new(-0.004075, -0.287364, 1.520605, 1.000000, -0.000000, 0.000000, 0.000000, 0.995549, 0.094245, -0.000000, -0.094245, 0.995549),
