return {
  ["Astros juice wlrd dance"] = {
    { Time = 0.000, Data = {
      ["Cock"] = CFrame.new(-0.000003, 0.000001, -0.000000, 0.971433, -0.056554, -0.230478, 0.058116, 0.998310, -0.000013, 0.230089, -0.013382, 0.973078),
      ["Head"] = CFrame.new(0.000000, -0.000008, -0.000001, 1.000000, 0.000000, 0.000000, 0.000000, 0.988182, -0.153285, 0.000000, 0.153285, 0.988182),
      ["LeftUpperArm"] = CFrame.new(-0.080491, -0.274327, 0.000778, 0.372279, 0.928115, -0.003413, -0.927724, 0.372010, -0.030619, -0.027149, 0.014565, 0.999525),
      ["LeftUpperLeg"] = CFrame.new(-0.000751, 0.006349, 0.000199, 0.998497, 0.054796, -0.000281, -0.054777, 0.997977, -0.032285, -0.001489, 0.032252, 0.999479),
      ["LowerTorso"] = CFrame.new(0.000000, -1.653081, 0.135390, 1.000000, 0.000000, 0.000000, 0.000000, 0.028001, -0.999608, 0.000000, 0.999608, 0.028001),
      ["RightUpperArm"] = CFrame.new(0.022054, -0.285833, 0.000444, 0.415794, -0.909453, 0.003112, 0.909060, 0.415508, -0.031034, 0.026931, 0.015733, 0.999514),
      ["RightUpperLeg"] = CFrame.new(0.000894, 0.003958, 0.000117, 0.998226, -0.059539, 0.000271, 0.059517, 0.997705, -0.032286, 0.001652, 0.032245, 0.999479)
    }},
    { Time = 0.017, Data = {
      ["Cock"] = CFrame.new(-0.000003, 0.000001, -0.000000, 0.971433, -0.056554, -0.230478, 0.058116, 0.998310, -0.000013, 0.230089, -0.013382, 0.973078),
      ["Head"] = CFrame.new(0.000000, -0.000008, -0.000001, 1.000000, 0.000000, 0.000000, 0.000000, 0.988182, -0.153285, 0.000000, 0.153285, 0.988182),
      ["LeftUpperArm"] = CFrame.new(-0.080491, -0.274327, 0.000778, 0.372279, 0.928115, -0.003413, -0.927724, 0.372010, -0.030619, -0.027149, 0.014565, 0.999525),
      ["LeftUpperLeg"] = CFrame.new(-0.000751, 0.006349, 0.000199, 0.998497, 0.054796, -0.000281, -0.054777, 0.997977, -0.032285, -0.001489, 0.032252, 0.999479),
      ["LowerTorso"] = CFrame.new(0.000000, -1.653091, 0.135391, 1.000000, 0.000000, 0.000000, 0.000000, 0.028001, -0.999608, 0.000000, 0.999608, 0.028001),
      ["RightUpperArm"] = CFrame.new(0.022054, -0.285833, 0.000444, 0.415794, -0.909453, 0.003112, 0.909060, 0.415508, -0.031034, 0.026931, 0.015733, 0.999514),
      ["RightUpperLeg"] = CFrame.new(0.000894, 0.003958, 0.000117, 0.998226, -0.059539, 0.000271, 0.059517, 0.997705, -0.032286, 0.001652, 0.032245, 0.999479)
    }},
    { Time = 0.033, Data = {
      ["Cock"] = CFrame.new(-0.000003, 0.000001, -0.000000, 0.971433, -0.056554, -0.230478, 0.058116, 0.998310, -0.000013, 0.230089, -0.013382, 0.973078),
      ["Head"] = CFrame.new(0.000000, -0.000008, -0.000001, 1.000000, 0.000000, 0.000000, 0.000000, 0.988156, -0.153456, 0.000000, 0.153456, 0.988156),
      ["LeftUpperArm"] = CFrame.new(-0.080491, -0.274327, 0.000778, 0.372279, 0.928115, -0.003413, -0.927724, 0.372010, -0.030619, -0.027149, 0.014565, 0.999525),
      ["LeftUpperLeg"] = CFrame.new(-0.000751, 0.006349, 0.000199, 0.998497, 0.054796, -0.000281, -0.054777, 0.997977, -0.032285, -0.001489, 0.032252, 0.999479),
      ["LowerTorso"] = CFrame.new(0.000000, -1.653123, 0.135393, 1.000000, 0.000000, 0.000000, 0.000000, 0.028001, -0.999608, 0.000000, 0.999608, 0.028001),
      ["RightUpperArm"] = CFrame.new(0.022054, -0.285833, 0.000444, 0.415794, -0.909453, 0.003112, 0.909060, 0.415508, -0.031034, 0.026931, 0.015733, 0.999514),
      ["RightUpperLeg"] = CFrame.new(0.000894, 0.003958, 0.000117, 0.998226, -0.059539, 0.000271, 0.059517, 0.997705, -0.032286, 0.001652, 0.032245, 0.999479)
    }},
    { Time = 0.050, Data = {
      ["Cock"] = CFrame.new(-0.000003, 0.000001, -0.000000, 0.971438, -0.056469, -0.230478, 0.058030, 0.998315, -0.000003, 0.230090, -0.013372, 0.973078),
      ["Head"] = CFrame.new(0.000000, -0.000008, -0.000001, 1.000000, 0.000000, 0.000000, 0.000000, 0.988129, -0.153627, 0.000000, 0.153627, 0.988129),
      ["LeftUpperArm"] = CFrame.new(-0.080491, -0.274327, 0.000778, 0.372279, 0.928115, -0.003413, -0.927724, 0.372010, -0.030619, -0.027149, 0.014565, 0.999525),
      ["LeftUpperLeg"] = CFrame.new(-0.000751, 0.006349, 0.000199, 0.998497, 0.054796, -0.000281, -0.054777, 0.997977, -0.032285, -0.001489, 0.032252, 0.999479),
      ["LowerTorso"] = CFrame.new(0.000000, -1.653294, 0.135399, 1.000000, 0.000000, 0.000000, 0.000000, 0.028122, -0.999605, 0.000000, 0.999605, 0.028122),
      ["RightUpperArm"] = CFrame.new(0.022054, -0.285833, 0.000444, 0.415794, -0.909453, 0.003112, 0.909060, 0.415508, -0.031034, 0.026931, 0.015733, 0.999514),
      ["RightUpperLeg"] = CFrame.new(0.000894, 0.003958, 0.000117, 0.998226, -0.059539, 0.000271, 0.059517, 0.997705, -0.032286, 0.001652, 0.032245, 0.999479)
    }},
    { Time = 0.067, Data = {
      ["Cock"] = CFrame.new(-0.000003, 0.000001, -0.000000, 0.971448, -0.056297, -0.230478, 0.057859, 0.998325, 0.000017, 0.230091, -0.013352, 0.973078),
      ["Head"] = CFrame.new(0.000000, -0.000008, -0.000001, 1.000000, 0.000000, 0.000000, 0.000000, 0.988076, -0.153969, 0.000000, 0.153969, 0.988076),
      ["LeftUpperArm"] = CFrame.new(-0.080491, -0.274327, 0.000778, 0.372279, 0.928115, -0.003413, -0.927724, 0.372010, -0.030619, -0.027149, 0.014565, 0.999525),
      ["LeftUpperLeg"] = CFrame.new(-0.000751, 0.006349, 0.000199, 0.998497, 0.054796, -0.000281, -0.054777, 0.997977, -0.032285, -0.001489, 0.032252, 0.999479),
      ["LowerTorso"] = CFrame.new(0.000000, -1.653484, 0.135405, 1.000000, 0.000000, 0.000000, 0.000000, 0.028242, -0.999601, 0.000000, 0.999601, 0.028242),
      ["RightUpperArm"] = CFrame.new(0.022054, -0.285833, 0.000444, 0.415794, -0.909453, 0.003112, 0.909060, 0.415508, -0.031034, 0.026931, 0.015733, 0.999514),
      ["RightUpperLeg"] = CFrame.new(0.000894, 0.003958, 0.000117, 0.998226, -0.059539, 0.000271, 0.059517, 0.997705, -0.032286, 0.001652, 0.032245, 0.999479)
    }},
    { Time = 0.083, Data = {
      ["Cock"] = CFrame.new(-0.000003, 0.000001, -0.000000, 0.971458, -0.056126, -0.230478, 0.057688, 0.998335, 0.000038, 0.230092, -0.013332, 0.973078),
      ["Head"] = CFrame.new(0.000000, -0.000007, -0.000001, 1.000000, 0.000000, 0.000000, 0.000000, 0.988022, -0.154311, 0.000000, 0.154311, 0.988022),
      ["LeftUpperArm"] = CFrame.new(-0.080491, -0.274327, 0.000778, 0.372279, 0.928115, -0.003413, -0.927724, 0.372010, -0.030619, -0.027149, 0.014565, 0.999525),
      ["LeftUpperLeg"] = CFrame.new(-0.000751, 0.006349, 0.000199, 0.998497, 0.054796, -0.000281, -0.054777, 0.997977, -0.032285, -0.001489, 0.032252, 0.999479),
      ["LowerTorso"] = CFrame.new(0.000000, -1.653697, 0.135414, 1.000000, 0.000000, 0.000000, 0.000000, 0.028362, -0.999598, 0.000000, 0.999598, 0.028362),
      ["RightUpperArm"] = CFrame.new(0.022054, -0.285833, 0.000444, 0.415794, -0.909453, 0.003112, 0.909060, 0.415508, -0.031034, 0.026931, 0.015733, 0.999514),
      ["RightUpperLeg"] = CFrame.new(0.000894, 0.003958, 0.000117, 0.998226, -0.059539, 0.000271, 0.059517, 0.997705, -0.032286, 0.001652, 0.032245, 0.999479)
    }},
    { Time = 0.100, Data = {
      ["Cock"] = CFrame.new(-0.000003, 0.000001, -0.000000, 0.971467, -0.055965, -0.230475, 0.057507, 0.998345, -0.000028, 0.230096, -0.013227, 0.973078),
      ["Head"] = CFrame.new(0.000000, -0.000008, -0.000001, 1.000000, 0.000000, 0.000000, 0.000000, 0.987942, -0.154824, 0.000000, 0.154824, 0.987942),
      ["LeftUpperArm"] = CFrame.new(-0.080491, -0.274327, 0.000778, 0.372279, 0.928115, -0.003413, -0.927724, 0.372010, -0.030619, -0.027149, 0.014565, 0.999525),
      ["LeftUpperLeg"] = CFrame.new(-0.000751, 0.006349, 0.000199, 0.998497, 0.054796, -0.000281, -0.054777, 0.997977, -0.032285, -0.001489, 0.032252, 0.999479),
      ["LowerTorso"] = CFrame.new(0.000000, -1.653928, 0.135423, 1.000000, 0.000000, 0.000000, 0.000000, 0.028483, -0.999594, 0.000000, 0.999594, 0.028483),
      ["RightUpperArm"] = CFrame.new(0.022054, -0.285833, 0.000444, 0.415794, -0.909453, 0.003112, 0.909060, 0.415508, -0.031034, 0.026931, 0.015733, 0.999514),
      ["RightUpperLeg"] = CFrame.new(0.000894, 0.003958, 0.000117, 0.998226, -0.059539, 0.000271, 0.059517, 0.997705, -0.032286, 0.001652, 0.032245, 0.999479)
    }},
    { Time = 0.117, Data = {
      ["Cock"] = CFrame.new(-0.000003, 0.000001, -0.000000, 0.971482, -0.055708, -0.230475, 0.057250, 0.998360, 0.000002, 0.230097, -0.013197, 0.973078),
      ["Head"] = CFrame.new(0.000000, -0.000008, -0.000001, 1.000000, 0.000000, 0.000000, 0.000000, 0.987861, -0.155338, 0.000000, 0.155338, 0.987861),
      ["LeftUpperArm"] = CFrame.new(-0.080491, -0.274327, 0.000778, 0.372279, 0.928115, -0.003413, -0.927724, 0.372010, -0.030619, -0.027149, 0.014565, 0.999525),
      ["LeftUpperLeg"] = CFrame.new(-0.000751, 0.006349, 0.000199, 0.998497, 0.054796, -0.000281, -0.054777, 0.997977, -0.032285, -0.001489, 0.032252, 0.999479),
      ["LowerTorso"] = CFrame.new(0.000000, -1.654181, 0.135433, 1.000000, 0.000000, 0.000000, 0.000000, 0.028603, -0.999591, 0.000000, 0.999591, 0.028603),
      ["RightUpperArm"] = CFrame.new(0.022054, -0.285833, 0.000444, 0.415794, -0.909453, 0.003112, 0.909060, 0.415508, -0.031034, 0.026931, 0.015733, 0.999514),
      ["RightUpperLeg"] = CFrame.new(0.000894, 0.003958, 0.000117, 0.998226, -0.059539, 0.000271, 0.059517, 0.997705, -0.032286, 0.001652, 0.032245, 0.999479)
    }},
    { Time = 0.133, Data = {
      ["Cock"] = CFrame.new(-0.000003, 0.000001, -0.000000, 0.971497, -0.055451, -0.230475, 0.056993, 0.998375, 0.000032, 0.230099, -0.013166, 0.973078),
      ["Head"] = CFrame.new(0.000000, -0.000007, -0.000001, 1.000000, 0.000000, 0.000000, 0.000000, 0.987754, -0.156022, 0.000000, 0.156022, 0.987754),
      ["LeftUpperArm"] = CFrame.new(-0.080491, -0.274327, 0.000778, 0.372279, 0.928115, -0.003413, -0.927724, 0.372010, -0.030619, -0.027149, 0.014565, 0.999525),
      ["LeftUpperLeg"] = CFrame.new(-0.000751, 0.006349, 0.000199, 0.998497, 0.054796, -0.000281, -0.054777, 0.997977, -0.032285, -0.001489, 0.032252, 0.999479),
      ["LowerTorso"] = CFrame.new(0.000000, -1.654573, 0.135448, 1.000000, 0.000000, 0.000000, 0.000000, 0.028843, -0.999584, 0.000000, 0.999584, 0.028843),
      ["RightUpperArm"] = CFrame.new(0.022054, -0.285833, 0.000444, 0.415794, -0.909453, 0.003112, 0.909060, 0.415508, -0.031034, 0.026931, 0.015733, 0.999514),
      ["RightUpperLeg"] = CFrame.new(0.000894, 0.003958, 0.000117, 0.998226, -0.059539, 0.000271, 0.059517, 0.997705, -0.032286, 0.001652, 0.032245, 0.999479)
    }},
    { Time = 0.150, Data = {
      ["Cock"] = CFrame.new(-0.000003, 0.000001, -0.000000, 0.971512, -0.055204, -0.230473, 0.056726, 0.998390, -0.000024, 0.230103, -0.013051, 0.973079),
      ["Head"] = CFrame.new(0.000000, -0.000008, -0.000001, 1.000000, 0.000000, 0.000000, 0.000000, 0.987645, -0.156706, 0.000000, 0.156706, 0.987645),
      ["LeftUpperArm"] = CFrame.new(-0.080491, -0.274327, 0.000778, 0.372279, 0.928115, -0.003413, -0.927724, 0.372010, -0.030619, -0.027149, 0.014565, 0.999525),
      ["LeftUpperLeg"] = CFrame.new(-0.000751, 0.006349, 0.000199, 0.998497, 0.054796, -0.000281, -0.054777, 0.997977, -0.032285, -0.001489, 0.032252, 0.999479),
      ["LowerTorso"] = CFrame.new(0.000000, -1.654986, 0.135463, 1.000000, 0.000000, 0.000000, 0.000000, 0.029084, -0.999577, 0.000000, 0.999577, 0.029084),
      ["RightUpperArm"] = CFrame.new(0.022054, -0.285833, 0.000444, 0.415794, -0.909453, 0.003112, 0.909060, 0.415508, -0.031034, 0.026931, 0.015733, 0.999514),
      ["RightUpperLeg"] = CFrame.new(0.000894, 0.003958, 0.000117, 0.998226, -0.059539, 0.000271, 0.059517, 0.997705, -0.032286, 0.001652, 0.032245, 0.999479)
    }},
    { Time = 0.167, Data = {
      ["Cock"] = CFrame.new(-0.000003, 0.000001, -0.000000, 0.971531, -0.054862, -0.230473, 0.056383, 0.998409, 0.000016, 0.230106, -0.013011, 0.973079),
      ["Head"] = CFrame.new(0.000000, -0.000008, -0.000001, 1.000000, 0.000000, 0.000000, 0.000000, 0.987523, -0.157476, 0.000000, 0.157476, 0.987523),
      ["LeftUpperArm"] = CFrame.new(-0.080491, -0.274327, 0.000778, 0.372279, 0.928115, -0.003413, -0.927724, 0.372010, -0.030619, -0.027149, 0.014565, 0.999525),
      ["LeftUpperLeg"] = CFrame.new(-0.000751, 0.006349, 0.000199, 0.998497, 0.054796, -0.000281, -0.054777, 0.997977, -0.032285, -0.001489, 0.032252, 0.999479),
      ["LowerTorso"] = CFrame.new(0.000000, -1.655419, 0.135480, 1.000000, 0.000000, 0.000000, 0.000000, 0.029325, -0.999570, 0.000000, 0.999570, 0.029325),
      ["RightUpperArm"] = CFrame.new(0.022054, -0.285833, 0.000444, 0.415794, -0.909453, 0.003112, 0.909060, 0.415508, -0.031034, 0.026931, 0.015733, 0.999514),
      ["RightUpperLeg"] = CFrame.new(0.000894, 0.003958, 0.000117, 0.998226, -0.059539, 0.000271, 0.059517, 0.997705, -0.032286, 0.001652, 0.032245, 0.999479)
    }},
    { Time = 0.183, Data = {
      ["Cock"] = CFrame.new(-0.000003, 0.000001, -0.000000, 0.971550, -0.054529, -0.230471, 0.056031, 0.998429, -0.000029, 0.230110, -0.012885, 0.973079),
      ["Head"] = CFrame.new(0.000000, -0.000007, -0.000001, 1.000000, 0.000000, 0.000000, 0.000000, 0.987372, -0.158416, 0.000000, 0.158416, 0.987372),
      ["LeftUpperArm"] = CFrame.new(-0.080491, -0.274327, 0.000778, 0.372279, 0.928115, -0.003413, -0.927724, 0.372010, -0.030619, -0.027149, 0.014565, 0.999525),
      ["LeftUpperLeg"] = CFrame.new(-0.000751, 0.006349, 0.000199, 0.998497, 0.054796, -0.000281, -0.054777, 0.997977, -0.032285, -0.001489, 0.032252, 0.999479),
      ["LowerTorso"] = CFrame.new(0.000000, -1.655873, 0.135499, 1.000000, 0.000000, 0.000000, 0.000000, 0.029565, -0.999563, 0.000000, 0.999563, 0.029565),
      ["RightUpperArm"] = CFrame.new(0.022054, -0.285833, 0.000444, 0.415794, -0.909453, 0.003112, 0.909060, 0.415508, -0.031034, 0.026931, 0.015733, 0.999514),
      ["RightUpperLeg"] = CFrame.new(0.000894, 0.003958, 0.000117, 0.998226, -0.059539, 0.000271, 0.059517, 0.997705, -0.032286, 0.001652, 0.032245, 0.999479)
    }},
    { Time = 0.200, Data = {
      ["Cock"] = CFrame.new(-0.000003, 0.000001, -0.000000, 0.971574, -0.054101, -0.230471, 0.055603, 0.998453, 0.000021, 0.230113, -0.012835, 0.973079),
      ["Head"] = CFrame.new(0.000000, -0.000008, -0.000001, 1.000000, 0.000000, 0.000000, 0.000000, 0.987221, -0.159357, 0.000000, 0.159357, 0.987221),
      ["LeftUpperArm"] = CFrame.new(-0.080491, -0.274327, 0.000778, 0.372279, 0.928115, -0.003413, -0.927724, 0.372010, -0.030619, -0.027149, 0.014565, 0.999525),
      ["LeftUpperLeg"] = CFrame.new(-0.000751, 0.006349, 0.000199, 0.998497, 0.054796, -0.000281, -0.054777, 0.997977, -0.032285, -0.001489, 0.032252, 0.999479),
      ["LowerTorso"] = CFrame.new(0.000000, -1.656345, 0.135517, 1.000000, 0.000000, 0.000000, 0.000000, 0.029806, -0.999556, 0.000000, 0.999556, 0.029806),
      ["RightUpperArm"] = CFrame.new(0.022054, -0.285833, 0.000444, 0.415794, -0.909453, 0.003112, 0.909060, 0.415508, -0.031034, 0.026931, 0.015733, 0.999514),
      ["RightUpperLeg"] = CFrame.new(0.000894, 0.003958, 0.000117, 0.998226, -0.059539, 0.000271, 0.059517, 0.997705, -0.032286, 0.001652, 0.032245, 0.999479)
    }},
    { Time = 0.217, Data = {
      ["Cock"] = CFrame.new(-0.000003, 0.000001, -0.000000, 0.971598, -0.053683, -0.230468, 0.055164, 0.998477, -0.000015, 0.230118, -0.012699, 0.973080),
      ["Head"] = CFrame.new(0.000000, -0.000008, -0.000001, 1.000000, 0.000000, 0.000000, 0.000000, 0.987055, -0.160383, 0.000000, 0.160383, 0.987055),
      ["LeftUpperArm"] = CFrame.new(-0.080491, -0.274327, 0.000778, 0.372279, 0.928115, -0.003413, -0.927724, 0.372010, -0.030619, -0.027149, 0.014565, 0.999525),
      ["LeftUpperLeg"] = CFrame.new(-0.000751, 0.006349, 0.000199, 0.998497, 0.054796, -0.000281, -0.054777, 0.997977, -0.032285, -0.001489, 0.032252, 0.999479),
      ["LowerTorso"] = CFrame.new(0.000000, -1.656960, 0.135541, 1.000000, 0.000000, 0.000000, 0.000000, 0.030167, -0.999545, 0.000000, 0.999545, 0.030167),
      ["RightUpperArm"] = CFrame.new(0.022054, -0.285833, 0.000444, 0.415794, -0.909453, 0.003112, 0.909060, 0.415508, -0.031034, 0.026931, 0.015733, 0.999514),
      ["RightUpperLeg"] = CFrame.new(0.000894, 0.003958, 0.000117, 0.998226, -0.059539, 0.000271, 0.059517, 0.997705, -0.032286, 0.001652, 0.032245, 0.999479)
    }},
    { Time = 0.233, Data = {
      ["Cock"] = CFrame.new(-0.000003, 0.000001, -0.000000, 0.971626, -0.053179, -0.230466, 0.054641, 0.998506, -0.000040, 0.230124, -0.012554, 0.973080),
      ["Head"] = CFrame.new(0.000000, -0.000008, -0.000001, 1.000000, 0.000000, 0.000000, 0.000000, 0.986860, -0.161579, 0.000000, 0.161579, 0.986860),
      ["LeftUpperArm"] = CFrame.new(-0.080491, -0.274327, 0.000778, 0.372279, 0.928115, -0.003413, -0.927724, 0.372010, -0.030619, -0.027149, 0.014565, 0.999525),
      ["LeftUpperLeg"] = CFrame.new(-0.000751, 0.006349, 0.000199, 0.998497, 0.054796, -0.000281, -0.054777, 0.997977, -0.032285, -0.001489, 0.032252, 0.999479),
      ["LowerTorso"] = CFrame.new(0.000000, -1.657594, 0.135566, 1.000000, 0.000000, 0.000000, 0.000000, 0.030527, -0.999534, 0.000000, 0.999534, 0.030527),
      ["RightUpperArm"] = CFrame.new(0.022054, -0.285833, 0.000444, 0.415794, -0.909453, 0.003112, 0.909060, 0.415508, -0.031034, 0.026931, 0.015733, 0.999514),
      ["RightUpperLeg"] = CFrame.new(0.000894, 0.003958, 0.000117, 0.998226, -0.059539, 0.000271, 0.059517, 0.997705, -0.032286, 0.001652, 0.032245, 0.999479)
    }},
    { Time = 0.250, Data = {
      ["Cock"] = CFrame.new(-0.000003, 0.000001, -0.000000, 0.971654, -0.052665, -0.230466, 0.054127, 0.998534, 0.000020, 0.230127, -0.012494, 0.973080),
      ["Head"] = CFrame.new(0.000000, -0.000008, -0.000001, 1.000000, 0.000000, 0.000000, 0.000000, 0.986663, -0.162776, 0.000000, 0.162776, 0.986663),
      ["LeftUpperArm"] = CFrame.new(-0.080491, -0.274327, 0.000778, 0.372279, 0.928115, -0.003413, -0.927724, 0.372010, -0.030619, -0.027149, 0.014565, 0.999525),
      ["LeftUpperLeg"] = CFrame.new(-0.000751, 0.006349, 0.000199, 0.998497, 0.054796, -0.000281, -0.054777, 0.997977, -0.032285, -0.001489, 0.032252, 0.999479),
      ["LowerTorso"] = CFrame.new(0.000000, -1.658249, 0.135592, 1.000000, 0.000000, 0.000000, 0.000000, 0.030888, -0.999523, 0.000000, 0.999523, 0.030888),
      ["RightUpperArm"] = CFrame.new(0.022054, -0.285833, 0.000444, 0.415794, -0.909453, 0.003112, 0.909060, 0.415508, -0.031034, 0.026931, 0.015733, 0.999514),
      ["RightUpperLeg"] = CFrame.new(0.000894, 0.003958, 0.000117, 0.998226, -0.059539, 0.000271, 0.059517, 0.997705, -0.032286, 0.001652, 0.032245, 0.999479)
    }},
    { Time = 0.267, Data = {
      ["Cock"] = CFrame.new(-0.000003, 0.000001, -0.000000, 0.971682, -0.052161, -0.230464, 0.053603, 0.998562, -0.000006, 0.230133, -0.012348, 0.973081),
      ["Head"] = CFrame.new(0.000000, -0.000008, -0.000001, 1.000000, 0.000000, 0.000000, 0.000000, 0.986451, -0.164058, 0.000000, 0.164058, 0.986451),
      ["LeftUpperArm"] = CFrame.new(-0.080491, -0.274327, 0.000778, 0.372279, 0.928115, -0.003413, -0.927724, 0.372010, -0.030619, -0.027149, 0.014565, 0.999525),
      ["LeftUpperLeg"] = CFrame.new(-0.000751, 0.006349, 0.000199, 0.998497, 0.054796, -0.000281, -0.054777, 0.997977, -0.032285, -0.001489, 0.032252, 0.999479),
      ["LowerTorso"] = CFrame.new(0.000000, -1.658924, 0.135620, 1.000000, 0.000000, 0.000000, 0.000000, 0.031248, -0.999512, 0.000000, 0.999512, 0.031248),
      ["RightUpperArm"] = CFrame.new(0.022054, -0.285833, 0.000444, 0.415794, -0.909453, 0.003112, 0.909060, 0.415508, -0.031034, 0.026931, 0.015733, 0.999514),
      ["RightUpperLeg"] = CFrame.new(0.000894, 0.003958, 0.000117, 0.998226, -0.059539, 0.000271, 0.059517, 0.997705, -0.032286, 0.001652, 0.032245, 0.999479)
    }},
    { Time = 0.283, Data = {
      ["Cock"] = CFrame.new(-0.000003, 0.000001, -0.000000, 0.971714, -0.051572, -0.230462, 0.052993, 0.998595, -0.000021, 0.230139, -0.012192, 0.973081),
      ["Head"] = CFrame.new(0.000000, -0.000008, -0.000001, 1.000000, 0.000000, 0.000000, 0.000000, 0.986222, -0.165424, 0.000000, 0.165424, 0.986222),
      ["LeftUpperArm"] = CFrame.new(-0.080491, -0.274327, 0.000778, 0.372279, 0.928115, -0.003413, -0.927724, 0.372010, -0.030619, -0.027149, 0.014565, 0.999525),
      ["LeftUpperLeg"] = CFrame.new(-0.000751, 0.006349, 0.000199, 0.998497, 0.054796, -0.000281, -0.054777, 0.997977, -0.032285, -0.001489, 0.032252, 0.999479),
      ["LowerTorso"] = CFrame.new(0.000000, -1.659739, 0.135652, 1.000000, 0.000000, 0.000000, 0.000000, 0.031729, -0.999497, 0.000000, 0.999497, 0.031729),
      ["RightUpperArm"] = CFrame.new(0.022054, -0.285833, 0.000444, 0.415794, -0.909453, 0.003112, 0.909060, 0.415508, -0.031034, 0.026931, 0.015733, 0.999514),
      ["RightUpperLeg"] = CFrame.new(0.000894, 0.003958, 0.000117, 0.998226, -0.059539, 0.000271, 0.059517, 0.997705, -0.032286, 0.001652, 0.032245, 0.999479)
    }},
    { Time = 0.300, Data = {
      ["Cock"] = CFrame.new(-0.000003, 0.000001, -0.000000, 0.971745, -0.050982, -0.230459, 0.052384, 0.998627, -0.000037, 0.230145, -0.012036, 0.973082),
      ["Head"] = CFrame.new(0.000000, -0.000008, -0.000001, 1.000000, 0.000000, 0.000000, 0.000000, 0.985963, -0.166962, 0.000000, 0.166962, 0.985963),
      ["LeftUpperArm"] = CFrame.new(-0.080491, -0.274327, 0.000778, 0.372279, 0.928115, -0.003413, -0.927724, 0.372010, -0.030619, -0.027149, 0.014565, 0.999525),
      ["LeftUpperLeg"] = CFrame.new(-0.000751, 0.006349, 0.000199, 0.998497, 0.054796, -0.000281, -0.054777, 0.997977, -0.032285, -0.001489, 0.032252, 0.999479),
      ["LowerTorso"] = CFrame.new(0.000000, -1.660573, 0.135685, 1.000000, 0.000000, 0.000000, 0.000000, 0.032209, -0.999481, 0.000000, 0.999481, 0.032209),
      ["RightUpperArm"] = CFrame.new(0.022054, -0.285833, 0.000444, 0.415794, -0.909453, 0.003112, 0.909060, 0.415508, -0.031034, 0.026931, 0.015733, 0.999514),
      ["RightUpperLeg"] = CFrame.new(0.000894, 0.003958, 0.000117, 0.998226, -0.059539, 0.000271, 0.059517, 0.997705, -0.032286, 0.001652, 0.032245, 0.999479)
    }},
    { Time = 0.317, Data = {
      ["Cock"] = CFrame.new(-0.000003, 0.000001, -0.000000, 0.971781, -0.050297, -0.230459, 0.051699, 0.998663, 0.000043, 0.230149, -0.011956, 0.973082),
      ["Head"] = CFrame.new(0.000000, -0.000008, -0.000001, 1.000000, 0.000000, 0.000000, 0.000000, 0.985702, -0.168499, 0.000000, 0.168499, 0.985702),
      ["LeftUpperArm"] = CFrame.new(-0.080491, -0.274327, 0.000778, 0.372279, 0.928115, -0.003413, -0.927724, 0.372010, -0.030619, -0.027149, 0.014565, 0.999525),
      ["LeftUpperLeg"] = CFrame.new(-0.000751, 0.006349, 0.000199, 0.998497, 0.054796, -0.000281, -0.054777, 0.997977, -0.032285, -0.001489, 0.032252, 0.999479),
      ["LowerTorso"] = CFrame.new(0.000000, -1.661429, 0.135720, 1.000000, 0.000000, 0.000000, 0.000000, 0.032689, -0.999466, 0.000000, 0.999466, 0.032689),
      ["RightUpperArm"] = CFrame.new(0.022054, -0.285833, 0.000444, 0.415794, -0.909453, 0.003112, 0.909060, 0.415508, -0.031034, 0.026931, 0.015733, 0.999514),
      ["RightUpperLeg"] = CFrame.new(0.000894, 0.003958, 0.000117, 0.998226, -0.059539, 0.000271, 0.059517, 0.997705, -0.032286, 0.001652, 0.032245, 0.999479)
    }},
    { Time = 0.333, Data = {
      ["Cock"] = CFrame.new(-0.000003, 0.000001, -0.000000, 0.971816, -0.049622, -0.230457, 0.051003, 0.998698, 0.000038, 0.230155, -0.011791, 0.973082),
      ["Head"] = CFrame.new(0.000000, -0.000008, -0.000001, 1.000000, 0.000000, 0.000000, 0.000000, 0.985423, -0.170122, 0.000000, 0.170122, 0.985423),
      ["LeftUpperArm"] = CFrame.new(-0.080491, -0.274327, 0.000778, 0.372279, 0.928115, -0.003413, -0.927724, 0.372010, -0.030619, -0.027149, 0.014565, 0.999525),
      ["LeftUpperLeg"] = CFrame.new(-0.000751, 0.006349, 0.000199, 0.998497, 0.054796, -0.000281, -0.054777, 0.997977, -0.032285, -0.001489, 0.032252, 0.999479),
      ["LowerTorso"] = CFrame.new(0.000000, -1.662305, 0.135756, 1.000000, 0.000000, 0.000000, 0.000000, 0.033170, -0.999450, 0.000000, 0.999450, 0.033170),
      ["RightUpperArm"] = CFrame.new(0.022054, -0.285833, 0.000444, 0.415794, -0.909453, 0.003112, 0.909060, 0.415508, -0.031034, 0.026931, 0.015733, 0.999514),
      ["RightUpperLeg"] = CFrame.new(0.000894, 0.003958, 0.000117, 0.998226, -0.059539, 0.000271, 0.059517, 0.997705, -0.032286, 0.001652, 0.032245, 0.999479)
    }},
    { Time = 0.350, Data = {
      ["Cock"] = CFrame.new(-0.000003, 0.000001, -0.000000, 0.971851, -0.048947, -0.230455, 0.050308, 0.998734, 0.000032, 0.230162, -0.011625, 0.973083),
      ["Head"] = CFrame.new(0.000000, -0.000008, -0.000001, 1.000000, 0.000000, 0.000000, 0.000000, 0.985127, -0.171829, 0.000000, 0.171829, 0.985127),
      ["LeftUpperArm"] = CFrame.new(-0.080491, -0.274327, 0.000778, 0.372279, 0.928115, -0.003413, -0.927724, 0.372010, -0.030619, -0.027149, 0.014565, 0.999525),
      ["LeftUpperLeg"] = CFrame.new(-0.000751, 0.006349, 0.000199, 0.998497, 0.054796, -0.000281, -0.054777, 0.997977, -0.032285, -0.001489, 0.032252, 0.999479),
      ["LowerTorso"] = CFrame.new(0.000000, -1.663200, 0.135793, 1.000000, 0.000000, 0.000000, 0.000000, 0.033650, -0.999434, 0.000000, 0.999434, 0.033650),
      ["RightUpperArm"] = CFrame.new(0.022054, -0.285833, 0.000444, 0.415794, -0.909453, 0.003112, 0.909060, 0.415508, -0.031034, 0.026931, 0.015733, 0.999514),
      ["RightUpperLeg"] = CFrame.new(0.000894, 0.003958, 0.000117, 0.998226, -0.059539, 0.000271, 0.059517, 0.997705, -0.032286, 0.001652, 0.032245, 0.999479)
    }},
    { Time = 0.367, Data = {
      ["Cock"] = CFrame.new(-0.000003, 0.000001, -0.000000, 0.971890, -0.048186, -0.230453, 0.049527, 0.998773, 0.000036, 0.230168, -0.011449, 0.973083),
      ["Head"] = CFrame.new(0.000000, -0.000008, -0.000001, 1.000000, 0.000000, 0.000000, 0.000000, 0.984812, -0.173621, 0.000000, 0.173621, 0.984812),
      ["LeftUpperArm"] = CFrame.new(-0.080491, -0.274327, 0.000778, 0.372279, 0.928115, -0.003413, -0.927724, 0.372010, -0.030619, -0.027149, 0.014565, 0.999525),
      ["LeftUpperLeg"] = CFrame.new(-0.000751, 0.006349, 0.000199, 0.998497, 0.054796, -0.000281, -0.054777, 0.997977, -0.032285, -0.001489, 0.032252, 0.999479),
      ["LowerTorso"] = CFrame.new(0.000000, -1.664236, 0.135836, 1.000000, 0.000000, 0.000000, 0.000000, 0.034250, -0.999413, 0.000000, 0.999413, 0.034250),
      ["RightUpperArm"] = CFrame.new(0.022054, -0.285833, 0.000444, 0.415794, -0.909453, 0.003112, 0.909060, 0.415508, -0.031034, 0.026931, 0.015733, 0.999514),
      ["RightUpperLeg"] = CFrame.new(0.000894, 0.003958, 0.000117, 0.998226, -0.059539, 0.000271, 0.059517, 0.997705, -0.032286, 0.001652, 0.032245, 0.999479)
    }},
    { Time = 0.383, Data = {
      ["Cock"] = CFrame.new(-0.000003, 0.000001, -0.000000, 0.971932, -0.047349, -0.230449, 0.048650, 0.998816, -0.000035, 0.230177, -0.011178, 0.973085),
      ["Head"] = CFrame.new(0.000000, -0.000008, -0.000001, 1.000000, 0.000000, 0.000000, 0.000000, 0.984480, -0.175498, 0.000000, 0.175498, 0.984480),
      ["LeftUpperArm"] = CFrame.new(-0.080491, -0.274327, 0.000778, 0.372279, 0.928115, -0.003413, -0.927724, 0.372010, -0.030619, -0.027149, 0.014565, 0.999525),
      ["LeftUpperLeg"] = CFrame.new(-0.000751, 0.006349, 0.000199, 0.998497, 0.054796, -0.000281, -0.054777, 0.997977, -0.032285, -0.001489, 0.032252, 0.999479),
      ["LowerTorso"] = CFrame.new(0.000000, -1.665172, 0.135876, 1.000000, 0.000000, 0.000000, 0.000000, 0.034729, -0.999397, 0.000000, 0.999397, 0.034729),
      ["RightUpperArm"] = CFrame.new(0.022054, -0.285833, 0.000444, 0.415794, -0.909453, 0.003112, 0.909060, 0.415508, -0.031034, 0.026931, 0.015733, 0.999514),
      ["RightUpperLeg"] = CFrame.new(0.000894, 0.003958, 0.000117, 0.998226, -0.059539, 0.000271, 0.059517, 0.997705, -0.032286, 0.001652, 0.032245, 0.999479)
    }},
    { Time = 0.400, Data = {
      ["Cock"] = CFrame.new(-0.000003, 0.000001, -0.000000, 0.971969, -0.046588, -0.230447, 0.047869, 0.998854, -0.000030, 0.230184, -0.011002, 0.973085),
      ["Head"] = CFrame.new(0.000000, -0.000008, -0.000001, 1.000000, 0.000000, 0.000000, 0.000000, 0.984113, -0.177546, 0.000000, 0.177546, 0.984113),
      ["LeftUpperArm"] = CFrame.new(-0.080491, -0.274327, 0.000778, 0.372279, 0.928115, -0.003413, -0.927724, 0.372010, -0.030619, -0.027149, 0.014565, 0.999525),
      ["LeftUpperLeg"] = CFrame.new(-0.000751, 0.006349, 0.000199, 0.998497, 0.054796, -0.000281, -0.054777, 0.997977, -0.032285, -0.001489, 0.032252, 0.999479),
      ["LowerTorso"] = CFrame.new(0.000000, -1.666368, 0.135925, 1.000000, 0.000000, 0.000000, 0.000000, 0.035449, -0.999371, 0.000000, 0.999371, 0.035449),
      ["RightUpperArm"] = CFrame.new(0.022054, -0.285833, 0.000444, 0.415794, -0.909453, 0.003112, 0.909060, 0.415508, -0.031034, 0.026931, 0.015733, 0.999514),
      ["RightUpperLeg"] = CFrame.new(0.000894, 0.003958, 0.000117, 0.998226, -0.059539, 0.000271, 0.059517, 0.997705, -0.032286, 0.001652, 0.032245, 0.999479)
    }},
    { Time = 0.417, Data = {
      ["Cock"] = CFrame.new(-0.000003, 0.000001, -0.000000, 0.972010, -0.045741, -0.230445, 0.047003, 0.998895, -0.000016, 0.230191, -0.010816, 0.973085),
      ["Head"] = CFrame.new(0.000000, -0.000008, -0.000001, 1.000000, 0.000000, 0.000000, 0.000000, 0.983741, -0.179592, 0.000000, 0.179592, 0.983741),
      ["LeftUpperArm"] = CFrame.new(-0.080491, -0.274327, 0.000778, 0.372279, 0.928115, -0.003413, -0.927724, 0.372010, -0.030619, -0.027149, 0.014565, 0.999525),
      ["LeftUpperLeg"] = CFrame.new(-0.000751, 0.006349, 0.000199, 0.998497, 0.054796, -0.000281, -0.054777, 0.997977, -0.032285, -0.001489, 0.032252, 0.999479),
      ["LowerTorso"] = CFrame.new(0.000000, -1.667464, 0.135972, 1.000000, 0.000000, 0.000000, 0.000000, 0.036048, -0.999350, 0.000000, 0.999350, 0.036048),
      ["RightUpperArm"] = CFrame.new(0.022054, -0.285833, 0.000444, 0.415794, -0.909453, 0.003112, 0.909060, 0.415508, -0.031034, 0.026931, 0.015733, 0.999514),
      ["RightUpperLeg"] = CFrame.new(0.000894, 0.003958, 0.000117, 0.998226, -0.059539, 0.000271, 0.059517, 0.997705, -0.032286, 0.001652, 0.032245, 0.999479)
    }},
    { Time = 0.433, Data = {
      ["Cock"] = CFrame.new(-0.000003, 0.000001, -0.000000, 0.972054, -0.044809, -0.230443, 0.046050, 0.998939, 0.000009, 0.230198, -0.010620, 0.973086),
      ["Head"] = CFrame.new(0.000000, -0.000008, -0.000001, 1.000000, 0.000000, 0.000000, 0.000000, 0.983350, -0.181724, 0.000000, 0.181724, 0.983350),
      ["LeftUpperArm"] = CFrame.new(-0.080491, -0.274327, 0.000778, 0.372279, 0.928115, -0.003413, -0.927724, 0.372010, -0.030619, -0.027149, 0.014565, 0.999525),
      ["LeftUpperLeg"] = CFrame.new(-0.000751, 0.006349, 0.000199, 0.998497, 0.054796, -0.000281, -0.054777, 0.997977, -0.032285, -0.001489, 0.032252, 0.999479),
      ["LowerTorso"] = CFrame.new(0.000000, -1.668581, 0.136021, 1.000000, 0.000000, 0.000000, 0.000000, 0.036647, -0.999328, 0.000000, 0.999328, 0.036647),
      ["RightUpperArm"] = CFrame.new(0.022054, -0.285833, 0.000444, 0.415794, -0.909453, 0.003112, 0.909060, 0.415508, -0.031034, 0.026931, 0.015733, 0.999514),
      ["RightUpperLeg"] = CFrame.new(0.000894, 0.003958, 0.000117, 0.998226, -0.059539, 0.000271, 0.059517, 0.997705, -0.032286, 0.001652, 0.032245, 0.999479)
    }},
    { Time = 0.450, Data = {
      ["Cock"] = CFrame.new(-0.000003, 0.000001, -0.000000, 0.972097, -0.043877, -0.230441, 0.045098, 0.998983, 0.000033, 0.230205, -0.010425, 0.973086),
      ["Head"] = CFrame.new(0.000000, -0.000008, -0.000001, 1.000000, 0.000000, 0.000000, 0.000000, 0.982938, -0.183939, 0.000000, 0.183939, 0.982938),
      ["LeftUpperArm"] = CFrame.new(-0.080491, -0.274327, 0.000778, 0.372279, 0.928115, -0.003413, -0.927724, 0.372010, -0.030619, -0.027149, 0.014565, 0.999525),
      ["LeftUpperLeg"] = CFrame.new(-0.000751, 0.006349, 0.000199, 0.998497, 0.054796, -0.000281, -0.054777, 0.997977, -0.032285, -0.001489, 0.032252, 0.999479),
      ["LowerTorso"] = CFrame.new(0.000000, -1.669836, 0.136074, 1.000000, 0.000000, 0.000000, 0.000000, 0.037366, -0.999302, 0.000000, 0.999302, 0.037366),
      ["RightUpperArm"] = CFrame.new(0.022054, -0.285833, 0.000444, 0.415794, -0.909453, 0.003112, 0.909060, 0.415508, -0.031034, 0.026931, 0.015733, 0.999514),
      ["RightUpperLeg"] = CFrame.new(0.000894, 0.003958, 0.000117, 0.998226, -0.059539, 0.000271, 0.059517, 0.997705, -0.032286, 0.001652, 0.032245, 0.999479)
    }},
    { Time = 0.467, Data = {
      ["Cock"] = CFrame.new(-0.000003, 0.000001, -0.000000, 0.972139, -0.042954, -0.230437, 0.044136, 0.999026, -0.000028, 0.230214, -0.010143, 0.973087),
      ["Head"] = CFrame.new(0.000000, -0.000008, -0.000001, 1.000000, 0.000000, 0.000000, 0.000000, 0.982504, -0.186240, 0.000000, 0.186240, 0.982504),
      ["LeftUpperArm"] = CFrame.new(-0.080491, -0.274327, 0.000778, 0.372279, 0.928115, -0.003413, -0.927724, 0.372010, -0.030619, -0.027149, 0.014565, 0.999525),
      ["LeftUpperLeg"] = CFrame.new(-0.000751, 0.006349, 0.000199, 0.998497, 0.054796, -0.000281, -0.054777, 0.997977, -0.032285, -0.001489, 0.032252, 0.999479),
      ["LowerTorso"] = CFrame.new(0.000000, -1.671113, 0.136130, 1.000000, 0.000000, 0.000000, 0.000000, 0.038085, -0.999275, 0.000000, 0.999275, 0.038085),
      ["RightUpperArm"] = CFrame.new(0.022054, -0.285833, 0.000444, 0.415794, -0.909453, 0.003112, 0.909060, 0.415508, -0.031034, 0.026931, 0.015733, 0.999514),
      ["RightUpperLeg"] = CFrame.new(0.000894, 0.003958, 0.000117, 0.998226, -0.059539, 0.000271, 0.059517, 0.997705, -0.032286, 0.001652, 0.032245, 0.999479)
    }},
    { Time = 0.483, Data = {
      ["Cock"] = CFrame.new(-0.000003, 0.000001, -0.000000, 0.972184, -0.041936, -0.230435, 0.043097, 0.999071, 0.000006, 0.230221, -0.009937, 0.973088),
      ["Head"] = CFrame.new(0.000000, -0.000008, -0.000001, 1.000000, 0.000000, 0.000000, 0.000000, 0.982049, -0.188625, 0.000000, 0.188625, 0.982049),
      ["LeftUpperArm"] = CFrame.new(-0.080491, -0.274327, 0.000778, 0.372279, 0.928115, -0.003413, -0.927724, 0.372010, -0.030619, -0.027149, 0.014565, 0.999525),
      ["LeftUpperLeg"] = CFrame.new(-0.000751, 0.006349, 0.000199, 0.998497, 0.054796, -0.000281, -0.054777, 0.997977, -0.032285, -0.001489, 0.032252, 0.999479),
      ["LowerTorso"] = CFrame.new(0.000000, -1.672408, 0.136187, 1.000000, 0.000000, 0.000000, 0.000000, 0.038803, -0.999247, 0.000000, 0.999247, 0.038803),
      ["RightUpperArm"] = CFrame.new(0.022054, -0.285833, 0.000444, 0.415794, -0.909453, 0.003112, 0.909060, 0.415508, -0.031034, 0.026931, 0.015733, 0.999514),
      ["RightUpperLeg"] = CFrame.new(0.000894, 0.003958, 0.000117, 0.998226, -0.059539, 0.000271, 0.059517, 0.997705, -0.032286, 0.001652, 0.032245, 0.999479)
    }},
    { Time = 0.500, Data = {
      ["Cock"] = CFrame.new(-0.000004, 0.000001, -0.000000, 0.972227, -0.040918, -0.230433, 0.042059, 0.999115, 0.000041, 0.230228, -0.009731, 0.973088),
      ["Head"] = CFrame.new(0.000000, -0.000008, -0.000001, 1.000000, 0.000000, 0.000000, 0.000000, 0.981572, -0.191094, 0.000000, 0.191094, 0.981572),
      ["LeftUpperArm"] = CFrame.new(-0.080491, -0.274327, 0.000778, 0.372279, 0.928115, -0.003413, -0.927724, 0.372010, -0.030619, -0.027149, 0.014565, 0.999525),
      ["LeftUpperLeg"] = CFrame.new(-0.000751, 0.006349, 0.000199, 0.998497, 0.054796, -0.000281, -0.054777, 0.997977, -0.032285, -0.001489, 0.032252, 0.999479),
      ["LowerTorso"] = CFrame.new(0.000000, -1.673724, 0.136247, 1.000000, 0.000000, 0.000000, 0.000000, 0.039521, -0.999219, 0.000000, 0.999219, 0.039521),
      ["RightUpperArm"] = CFrame.new(0.022054, -0.285833, 0.000444, 0.415794, -0.909453, 0.003112, 0.909060, 0.415508, -0.031034, 0.026931, 0.015733, 0.999514),
      ["RightUpperLeg"] = CFrame.new(0.000894, 0.003958, 0.000117, 0.998226, -0.059539, 0.000271, 0.059517, 0.997705, -0.032286, 0.001652, 0.032245, 0.999479)
    }},
    { Time = 0.517, Data = {
      ["Cock"] = CFrame.new(-0.000004, 0.000001, -0.000000, 0.972270, -0.039910, -0.230430, 0.041011, 0.999159, -0.000011, 0.230236, -0.009440, 0.973089),
      ["Head"] = CFrame.new(0.000000, -0.000008, -0.000001, 1.000000, 0.000000, 0.000000, 0.000000, 0.981088, -0.193562, 0.000000, 0.193562, 0.981088),
      ["LeftUpperArm"] = CFrame.new(-0.080491, -0.274327, 0.000778, 0.372279, 0.928115, -0.003413, -0.927724, 0.372010, -0.030619, -0.027149, 0.014565, 0.999525),
      ["LeftUpperLeg"] = CFrame.new(-0.000751, 0.006349, 0.000199, 0.998497, 0.054796, -0.000281, -0.054777, 0.997977, -0.032285, -0.001489, 0.032252, 0.999479),
      ["LowerTorso"] = CFrame.new(0.000000, -1.675160, 0.136310, 1.000000, 0.000000, 0.000000, 0.000000, 0.040358, -0.999185, 0.000000, 0.999185, 0.040358),
      ["RightUpperArm"] = CFrame.new(0.022054, -0.285833, 0.000444, 0.415794, -0.909453, 0.003112, 0.909060, 0.415508, -0.031034, 0.026931, 0.015733, 0.999514),
      ["RightUpperLeg"] = CFrame.new(0.000894, 0.003958, 0.000117, 0.998226, -0.059539, 0.000271, 0.059517, 0.997705, -0.032286, 0.001652, 0.032245, 0.999479)
    }},
    { Time = 0.533, Data = {
      ["Cock"] = CFrame.new(-0.000003, 0.000001, -0.000000, 0.972292, -0.038891, -0.230513, 0.039973, 0.999201, 0.000022, 0.230328, -0.009236, 0.973069),
      ["Head"] = CFrame.new(0.000000, -0.000007, -0.000001, 1.000000, 0.000000, 0.000000, 0.000000, 0.980615, -0.195944, 0.000000, 0.195944, 0.980615),
      ["LeftUpperArm"] = CFrame.new(-0.080491, -0.274327, 0.000778, 0.372279, 0.928115, -0.003413, -0.927724, 0.372010, -0.030619, -0.027149, 0.014565, 0.999525),
      ["LeftUpperLeg"] = CFrame.new(-0.000751, 0.006349, 0.000199, 0.998497, 0.054796, -0.000281, -0.054777, 0.997977, -0.032285, -0.001489, 0.032252, 0.999479),
      ["LowerTorso"] = CFrame.new(0.000000, -1.676455, 0.136369, 1.000000, 0.000000, 0.000000, 0.000000, 0.041076, -0.999156, 0.000000, 0.999156, 0.041076),
      ["RightUpperArm"] = CFrame.new(0.022054, -0.285833, 0.000444, 0.415794, -0.909453, 0.003112, 0.909060, 0.415508, -0.031034, 0.026931, 0.015733, 0.999514),
      ["RightUpperLeg"] = CFrame.new(0.000894, 0.003958, 0.000117, 0.998226, -0.059539, 0.000271, 0.059517, 0.997705, -0.032286, 0.001652, 0.032245, 0.999479)
    }},
    { Time = 0.550, Data = {
      ["Cock"] = CFrame.new(-0.000004, 0.000001, -0.000000, 0.972329, -0.037969, -0.230509, 0.039010, 0.999239, -0.000039, 0.230335, -0.008954, 0.973070),
      ["Head"] = CFrame.new(0.000000, -0.000008, -0.000001, 1.000000, 0.000000, 0.000000, 0.000000, 0.980153, -0.198240, 0.000000, 0.198240, 0.980153),
      ["LeftUpperArm"] = CFrame.new(-0.080491, -0.274327, 0.000778, 0.372279, 0.928115, -0.003413, -0.927724, 0.372010, -0.030619, -0.027149, 0.014565, 0.999525),
      ["LeftUpperLeg"] = CFrame.new(-0.000751, 0.006349, 0.000199, 0.998497, 0.054796, -0.000281, -0.054777, 0.997977, -0.032285, -0.001489, 0.032252, 0.999479),
      ["LowerTorso"] = CFrame.new(0.000000, -1.677729, 0.136427, 1.000000, 0.000000, 0.000000, 0.000000, 0.041793, -0.999126, 0.000000, 0.999126, 0.041793),
      ["RightUpperArm"] = CFrame.new(0.022054, -0.285833, 0.000444, 0.415794, -0.909453, 0.003112, 0.909060, 0.415508, -0.031034, 0.026931, 0.015733, 0.999514),
      ["RightUpperLeg"] = CFrame.new(0.000894, 0.003958, 0.000117, 0.998226, -0.059539, 0.000271, 0.059517, 0.997705, -0.032286, 0.001652, 0.032245, 0.999479)
    }},
    { Time = 0.567, Data = {
      ["Cock"] = CFrame.new(-0.000004, 0.000001, -0.000000, 0.972365, -0.037036, -0.230508, 0.038058, 0.999276, -0.000015, 0.230341, -0.008758, 0.973071),
      ["Head"] = CFrame.new(0.000000, -0.000007, -0.000001, 1.000000, 0.000000, 0.000000, 0.000000, 0.979704, -0.200451, 0.000000, 0.200451, 0.979704),
      ["LeftUpperArm"] = CFrame.new(-0.080491, -0.274327, 0.000778, 0.372279, 0.928115, -0.003413, -0.927724, 0.372010, -0.030619, -0.027149, 0.014565, 0.999525),
      ["LeftUpperLeg"] = CFrame.new(-0.000751, 0.006349, 0.000199, 0.998497, 0.054796, -0.000281, -0.054777, 0.997977, -0.032285, -0.001489, 0.032252, 0.999479),
      ["LowerTorso"] = CFrame.new(0.000000, -1.678864, 0.136480, 1.000000, 0.000000, 0.000000, 0.000000, 0.042390, -0.999101, 0.000000, 0.999101, 0.042390),
      ["RightUpperArm"] = CFrame.new(0.022054, -0.285833, 0.000444, 0.415794, -0.909453, 0.003112, 0.909060, 0.415508, -0.031034, 0.026931, 0.015733, 0.999514),
