return {
  ["Astros taking shot (m)"] = {
    { Time = 0.000, Data = {
      ["Balls"] = CFrame.new(-0.000000, -0.000001, 0.000000, 0.995073, 0.099148, 0.000000, -0.099148, 0.995073, -0.000000, -0.000000, 0.000000, 1.000000),
      ["Cock"] = CFrame.new(0.000000, 0.000000, 0.000000, 0.998577, -0.053328, 0.000000, 0.053328, 0.998577, 0.000000, 0.000000, 0.000000, 1.000000),
      ["Head"] = CFrame.new(0.000000, 0.000000, 0.000000, 1.000000, -0.000000, 0.000000, 0.000000, 0.953889, 0.300160, -0.000000, -0.300160, 0.953889),
      ["LeftUpperArm"] = CFrame.new(-0.000000, -0.000053, -0.005267, 1.000000, -0.000000, 0.000000, 0.000000, 0.999799, 0.020026, -0.000000, -0.020026, 0.999799),
      ["LeftUpperLeg"] = CFrame.new(-0.004281, -0.426066, -0.484867, 0.991439, 0.120499, 0.050288, -0.081782, 0.272834, 0.958579, 0.101788, -0.954485, 0.280353),
      ["LowerTorso"] = CFrame.new(0.000000, -0.589368, 0.686798, 1.000000, 0.000000, 0.000000, 0.000000, 1.000000, 0.000000, 0.000000, 0.000000, 1.000000),
      ["RightUpperArm"] = CFrame.new(0.018418, -0.712683, -0.354874, 0.452668, 0.779921, 0.432221, 0.159730, 0.405962, -0.899823, -0.877256, 0.476360, 0.059189),
      ["RightUpperLeg"] = CFrame.new(0.009892, -0.438944, -0.452654, 0.980218, -0.189642, -0.056640, 0.107502, 0.269863, 0.956879, -0.166179, -0.944039, 0.284911)
    }},
    { Time = 0.017, Data = {
      ["Balls"] = CFrame.new(-0.000000, -0.000003, 0.000000, 0.996244, 0.086586, 0.000000, -0.086586, 0.996244, -0.000000, -0.000000, 0.000000, 1.000000),
      ["Cock"] = CFrame.new(0.000000, 0.000000, 0.000000, 0.998568, -0.053500, 0.000000, 0.053500, 0.998568, 0.000000, 0.000000, 0.000000, 1.000000),
      ["Head"] = CFrame.new(0.000000, 0.000000, 0.000000, 1.000000, -0.000000, 0.000000, 0.000000, 0.952356, 0.304989, -0.000000, -0.304989, 0.952356),
      ["LeftUpperArm"] = CFrame.new(-0.000000, -0.000077, -0.006379, 1.000000, -0.000000, 0.000000, 0.000000, 0.999706, 0.024255, -0.000000, -0.024255, 0.999706),
      ["LeftUpperLeg"] = CFrame.new(-0.004325, -0.426137, -0.484496, 0.991439, 0.120494, 0.050301, -0.081771, 0.272627, 0.958639, 0.101797, -0.954545, 0.280146),
      ["LowerTorso"] = CFrame.new(0.000000, -0.589368, 0.686664, 1.000000, 0.000000, 0.000000, 0.000000, 1.000000, 0.000000, 0.000000, 0.000000, 1.000000),
      ["RightUpperArm"] = CFrame.new(0.018424, -0.712658, -0.354906, 0.452672, 0.779944, 0.432175, 0.159458, 0.406056, -0.899829, -0.877303, 0.476241, 0.059442),
      ["RightUpperLeg"] = CFrame.new(0.009969, -0.439043, -0.452259, 0.980202, -0.189703, -0.056713, 0.107551, 0.269641, 0.956936, -0.166242, -0.944090, 0.284705)
    }},
    { Time = 0.033, Data = {
      ["Balls"] = CFrame.new(-0.000000, -0.000002, 0.000000, 0.997244, 0.074186, 0.000000, -0.074186, 0.997244, -0.000000, -0.000000, 0.000000, 1.000000),
      ["Cock"] = CFrame.new(0.000000, 0.000000, 0.000000, 0.998549, -0.053845, 0.000000, 0.053845, 0.998549, 0.000000, 0.000000, 0.000000, 1.000000),
      ["Head"] = CFrame.new(0.000000, 0.000000, 0.000000, 1.000000, -0.000000, 0.000000, 0.000000, 0.950771, 0.309895, -0.000000, -0.309895, 0.950771),
      ["LeftUpperArm"] = CFrame.new(-0.000000, -0.000105, -0.007446, 1.000000, -0.000000, 0.000000, 0.000000, 0.999599, 0.028311, -0.000000, -0.028311, 0.999599),
      ["LeftUpperLeg"] = CFrame.new(-0.004455, -0.426375, -0.483421, 0.991442, 0.120429, 0.050403, -0.081795, 0.272109, 0.958784, 0.101750, -0.954701, 0.279630),
      ["LowerTorso"] = CFrame.new(0.000000, -0.589368, 0.685573, 1.000000, 0.000000, 0.000000, 0.000000, 1.000000, -0.000691, 0.000000, 0.000691, 1.000000),
      ["RightUpperArm"] = CFrame.new(0.018470, -0.712639, -0.354998, 0.452646, 0.780122, 0.431881, 0.158696, 0.406128, -0.899931, -0.877455, 0.475888, 0.060030),
      ["RightUpperLeg"] = CFrame.new(0.010175, -0.439265, -0.451189, 0.980208, -0.189634, -0.056843, 0.107549, 0.269022, 0.957110, -0.166208, -0.944281, 0.284092)
    }},
    { Time = 0.050, Data = {
      ["Balls"] = CFrame.new(-0.000000, -0.000002, 0.000000, 0.998074, 0.062036, 0.000000, -0.062036, 0.998074, -0.000000, -0.000000, 0.000000, 1.000000),
      ["Cock"] = CFrame.new(0.000000, 0.000000, 0.000000, 0.998512, -0.054535, 0.000000, 0.054535, 0.998512, 0.000000, 0.000000, 0.000000, 1.000000),
      ["Head"] = CFrame.new(0.000000, 0.000000, 0.000000, 1.000000, -0.000000, 0.000000, 0.000000, 0.949242, 0.314546, -0.000000, -0.314546, 0.949242),
      ["LeftUpperArm"] = CFrame.new(-0.000000, -0.000138, -0.008512, 1.000000, -0.000000, 0.000000, 0.000000, 0.999476, 0.032367, -0.000000, -0.032367, 0.999476),
      ["LeftUpperLeg"] = CFrame.new(-0.004670, -0.426747, -0.481617, 0.991444, 0.120350, 0.050537, -0.081792, 0.271073, 0.959078, 0.101726, -0.955006, 0.278597),
      ["LowerTorso"] = CFrame.new(0.000000, -0.589367, 0.684048, 1.000000, 0.000000, 0.000000, 0.000000, 0.999999, -0.001554, 0.000000, 0.001554, 0.999999),
      ["RightUpperArm"] = CFrame.new(0.018551, -0.712604, -0.355160, 0.452589, 0.780428, 0.431388, 0.157391, 0.406263, -0.900099, -0.877720, 0.475271, 0.061038),
      ["RightUpperLeg"] = CFrame.new(0.010518, -0.439619, -0.449399, 0.980214, -0.189554, -0.057004, 0.107520, 0.268094, 0.957374, -0.166192, -0.944561, 0.283170)
    }},
    { Time = 0.067, Data = {
      ["Balls"] = CFrame.new(-0.000000, -0.000002, 0.000000, 0.998734, 0.050310, 0.000000, -0.050310, 0.998734, -0.000000, -0.000000, 0.000000, 1.000000),
      ["Cock"] = CFrame.new(-0.000000, -0.000000, 0.000000, 0.998464, -0.055397, 0.000000, 0.055397, 0.998464, 0.000000, 0.000000, 0.000000, 1.000000),
      ["Head"] = CFrame.new(0.000000, 0.000000, 0.000000, 1.000000, -0.000000, 0.000000, 0.000000, 0.947718, 0.319108, -0.000000, -0.319108, 0.947718),
      ["LeftUpperArm"] = CFrame.new(-0.000000, -0.000173, -0.009534, 1.000000, -0.000000, 0.000000, 0.000000, 0.999343, 0.036249, -0.000000, -0.036249, 0.999343),
      ["LeftUpperLeg"] = CFrame.new(-0.004976, -0.427290, -0.479080, 0.991436, 0.120331, 0.050742, -0.081840, 0.269714, 0.959456, 0.101766, -0.955393, 0.277252),
      ["LowerTorso"] = CFrame.new(0.000000, -0.589364, 0.681922, 1.000000, 0.000000, 0.000000, 0.000000, 0.999996, -0.002762, 0.000000, 0.002762, 0.999996),
      ["RightUpperArm"] = CFrame.new(0.018658, -0.712564, -0.355370, 0.452537, 0.780835, 0.430704, 0.155650, 0.406412, -0.900335, -0.878056, 0.474474, 0.062379),
      ["RightUpperLeg"] = CFrame.new(0.010998, -0.440157, -0.446915, 0.980210, -0.189479, -0.057327, 0.107574, 0.266735, 0.957747, -0.166182, -0.944960, 0.281840)
    }},
    { Time = 0.083, Data = {
      ["Balls"] = CFrame.new(-0.000000, -0.000002, 0.000000, 0.999239, 0.039010, 0.000000, -0.039010, 0.999239, -0.000000, -0.000000, 0.000000, 1.000000),
      ["Cock"] = CFrame.new(0.000000, 0.000000, 0.000000, 0.998402, -0.056518, 0.000000, 0.056518, 0.998402, 0.000000, 0.000000, 0.000000, 1.000000),
      ["Head"] = CFrame.new(0.000000, 0.000000, 0.000000, 1.000000, -0.000000, 0.000000, 0.000000, 0.946229, 0.323499, -0.000000, -0.323499, 0.946229),
      ["LeftUpperArm"] = CFrame.new(-0.000000, -0.000210, -0.010509, 1.000000, -0.000000, 0.000000, 0.000000, 0.999201, 0.039959, -0.000000, -0.039959, 0.999201),
      ["LeftUpperLeg"] = CFrame.new(-0.005355, -0.427928, -0.475893, 0.991439, 0.120235, 0.050915, -0.081804, 0.268053, 0.959925, 0.101768, -0.955872, 0.275594),
      ["LowerTorso"] = CFrame.new(0.000000, -0.589359, 0.679293, 1.000000, 0.000000, 0.000000, 0.000000, 0.999991, -0.004230, 0.000000, 0.004230, 0.999991),
      ["RightUpperArm"] = CFrame.new(0.018799, -0.712510, -0.355649, 0.452451, 0.781371, 0.429822, 0.153366, 0.406619, -0.900633, -0.878502, 0.473413, 0.064139),
      ["RightUpperLeg"] = CFrame.new(0.011600, -0.440758, -0.443749, 0.980216, -0.189378, -0.057560, 0.107482, 0.265082, 0.958217, -0.166207, -0.945446, 0.280192)
    }},
    { Time = 0.100, Data = {
      ["Balls"] = CFrame.new(-0.000000, -0.000002, 0.000000, 0.999594, 0.028483, 0.000000, -0.028483, 0.999594, -0.000000, -0.000000, 0.000000, 1.000000),
      ["Cock"] = CFrame.new(0.000000, 0.000000, 0.000000, 0.998323, -0.057898, 0.000000, 0.057898, 0.998323, 0.000000, 0.000000, 0.000000, 1.000000),
      ["Head"] = CFrame.new(0.000000, 0.000000, 0.000000, 1.000000, -0.000000, 0.000000, 0.000000, 0.944833, 0.327554, -0.000000, -0.327554, 0.944833),
      ["LeftUpperArm"] = CFrame.new(-0.000000, -0.000249, -0.011439, 1.000000, -0.000000, 0.000000, 0.000000, 0.999054, 0.043496, -0.000000, -0.043496, 0.999054),
      ["LeftUpperLeg"] = CFrame.new(-0.005810, -0.428712, -0.472094, 0.991444, 0.120076, 0.051183, -0.081798, 0.265974, 0.960504, 0.101720, -0.956473, 0.273520),
      ["LowerTorso"] = CFrame.new(0.000000, -0.589350, 0.676087, 1.000000, 0.000000, 0.000000, 0.000000, 0.999982, -0.006043, 0.000000, 0.006043, 0.999982),
      ["RightUpperArm"] = CFrame.new(0.018968, -0.712430, -0.355996, 0.452286, 0.782013, 0.428828, 0.150649, 0.406922, -0.900955, -0.879058, 0.472091, 0.066236),
      ["RightUpperLeg"] = CFrame.new(0.012326, -0.441556, -0.439984, 0.980217, -0.189229, -0.058023, 0.107525, 0.262996, 0.958786, -0.166170, -0.946058, 0.278140)
    }},
    { Time = 0.117, Data = {
      ["Balls"] = CFrame.new(-0.000000, -0.000002, 0.000000, 0.999826, 0.018645, 0.000000, -0.018645, 0.999826, -0.000000, -0.000000, 0.000000, 1.000000),
      ["Cock"] = CFrame.new(0.000000, 0.000000, 0.000000, 0.998231, -0.059450, 0.000000, 0.059450, 0.998231, 0.000000, 0.000000, 0.000000, 1.000000),
      ["Head"] = CFrame.new(0.000000, 0.000000, 0.000000, 1.000000, -0.000000, 0.000000, 0.000000, 0.943535, 0.331274, -0.000000, -0.331274, 0.943535),
      ["LeftUpperArm"] = CFrame.new(-0.000000, -0.000287, -0.012279, 1.000000, -0.000000, 0.000000, 0.000000, 0.998910, 0.046687, -0.000000, -0.046687, 0.998910),
      ["LeftUpperLeg"] = CFrame.new(-0.006343, -0.429618, -0.467634, 0.991436, 0.120028, 0.051453, -0.081791, 0.263569, 0.961167, 0.101805, -0.957144, 0.271129),
      ["LowerTorso"] = CFrame.new(0.000000, -0.589334, 0.672318, 1.000000, 0.000000, 0.000000, 0.000000, 0.999966, -0.008201, 0.000000, 0.008201, 0.999966),
      ["RightUpperArm"] = CFrame.new(0.019150, -0.712339, -0.356378, 0.452159, 0.782705, 0.427698, 0.147550, 0.407270, -0.901310, -0.879648, 0.470642, 0.068662),
      ["RightUpperLeg"] = CFrame.new(0.013168, -0.442434, -0.435588, 0.980213, -0.189120, -0.058448, 0.107489, 0.260596, 0.959446, -0.166219, -0.946743, 0.275768)
    }},
    { Time = 0.133, Data = {
      ["Balls"] = CFrame.new(-0.000000, -0.000002, 0.000000, 0.999952, 0.009754, 0.000000, -0.009754, 0.999952, -0.000000, -0.000000, 0.000000, 1.000000),
      ["Cock"] = CFrame.new(0.000000, 0.000000, 0.000000, 0.998127, -0.061174, 0.000000, 0.061174, 0.998127, 0.000000, 0.000000, 0.000000, 1.000000),
      ["Head"] = CFrame.new(0.000000, 0.000000, 0.000000, 1.000000, -0.000000, 0.000000, 0.000000, 0.942310, 0.334742, -0.000000, -0.334742, 0.942310),
      ["LeftUpperArm"] = CFrame.new(-0.000000, -0.000324, -0.013050, 1.000000, -0.000000, 0.000000, 0.000000, 0.998768, 0.049620, -0.000000, -0.049620, 0.998768),
      ["LeftUpperLeg"] = CFrame.new(-0.006934, -0.430623, -0.462684, 0.991442, 0.119854, 0.051753, -0.081758, 0.260962, 0.961881, 0.101779, -0.957880, 0.268527),
      ["LowerTorso"] = CFrame.new(0.000000, -0.589312, 0.668178, 1.000000, 0.000000, 0.000000, 0.000000, 0.999945, -0.010531, 0.000000, 0.010531, 0.999945),
      ["RightUpperArm"] = CFrame.new(0.019373, -0.712256, -0.356821, 0.451989, 0.783555, 0.426320, 0.143965, 0.407582, -0.901749, -0.880330, 0.468955, 0.071419),
      ["RightUpperLeg"] = CFrame.new(0.014111, -0.443441, -0.430679, 0.980214, -0.188953, -0.058963, 0.107487, 0.257985, 0.960151, -0.166212, -0.947492, 0.273190)
    }},
    { Time = 0.150, Data = {
      ["Balls"] = CFrame.new(-0.000000, -0.000002, 0.000000, 0.999998, 0.001813, 0.000000, -0.001813, 0.999998, -0.000000, -0.000000, 0.000000, 1.000000),
      ["Cock"] = CFrame.new(0.000000, 0.000000, 0.000000, 0.998009, -0.063070, 0.000000, 0.063070, 0.998009, 0.000000, 0.000000, 0.000000, 1.000000),
      ["Head"] = CFrame.new(0.000000, -0.000000, 0.000000, 1.000000, -0.000000, 0.000000, 0.000000, 0.941220, 0.337795, -0.000000, -0.337795, 0.941220),
      ["LeftUpperArm"] = CFrame.new(-0.000000, -0.000360, -0.013753, 1.000000, -0.000000, 0.000000, 0.000000, 0.998632, 0.052293, -0.000000, -0.052293, 0.998632),
      ["LeftUpperLeg"] = CFrame.new(-0.007588, -0.431782, -0.457243, 0.991439, 0.119686, 0.052194, -0.081828, 0.258025, 0.962667, 0.101751, -0.958696, 0.265610),
      ["LowerTorso"] = CFrame.new(0.000000, -0.589282, 0.663600, 1.000000, 0.000000, 0.000000, 0.000000, 0.999914, -0.013121, 0.000000, 0.013121, 0.999914),
      ["RightUpperArm"] = CFrame.new(0.019604, -0.712154, -0.357298, 0.451810, 0.784432, 0.424893, 0.140108, 0.407973, -0.902179, -0.881043, 0.467145, 0.074422),
      ["RightUpperLeg"] = CFrame.new(0.015152, -0.444593, -0.425283, 0.980205, -0.188791, -0.059629, 0.107578, 0.255040, 0.960928, -0.166207, -0.948321, 0.270301)
    }},
    { Time = 0.167, Data = {
      ["Balls"] = CFrame.new(-0.000000, -0.000001, 0.000000, 0.999987, -0.005093, 0.000000, 0.005093, 0.999987, 0.000000, 0.000000, 0.000000, 1.000000),
      ["Cock"] = CFrame.new(0.000000, 0.000000, 0.000000, 0.997876, -0.065139, 0.000000, 0.065139, 0.997876, 0.000000, 0.000000, 0.000000, 1.000000),
      ["Head"] = CFrame.new(0.000000, 0.000000, -0.000000, 1.000000, -0.000000, 0.000000, 0.000000, 0.940269, 0.340433, -0.000000, -0.340433, 0.940269),
      ["LeftUpperArm"] = CFrame.new(-0.000000, -0.000391, -0.014343, 1.000000, -0.000000, 0.000000, 0.000000, 0.998512, 0.054535, -0.000000, -0.054535, 0.998512),
      ["LeftUpperLeg"] = CFrame.new(-0.008289, -0.432963, -0.451358, 0.991444, 0.119496, 0.052526, -0.081766, 0.254885, 0.963508, 0.101748, -0.959560, 0.262475),
      ["LowerTorso"] = CFrame.new(0.000000, -0.589242, 0.658692, 1.000000, 0.000000, 0.000000, 0.000000, 0.999874, -0.015883, 0.000000, 0.015883, 0.999874),
      ["RightUpperArm"] = CFrame.new(0.019863, -0.712064, -0.357813, 0.451581, 0.785417, 0.423313, 0.135982, 0.408316, -0.902655, -0.881807, 0.465185, 0.077586),
      ["RightUpperLeg"] = CFrame.new(0.016270, -0.445764, -0.419446, 0.980206, -0.188605, -0.060195, 0.107530, 0.251897, 0.961761, -0.166230, -0.949198, 0.267192)
    }},
    { Time = 0.183, Data = {
      ["Balls"] = CFrame.new(-0.000000, -0.000001, 0.000000, 0.999942, -0.010790, 0.000000, 0.010790, 0.999942, 0.000000, 0.000000, 0.000000, 1.000000),
      ["Cock"] = CFrame.new(0.000000, 0.000000, 0.000000, 0.997727, -0.067379, 0.000000, 0.067379, 0.997727, 0.000000, 0.000000, 0.000000, 1.000000),
      ["Head"] = CFrame.new(0.000000, 0.000000, 0.000000, 1.000000, -0.000000, 0.000000, 0.000000, 0.939491, 0.342575, -0.000000, -0.342575, 0.939491),
      ["LeftUpperArm"] = CFrame.new(-0.000000, -0.000419, -0.014842, 1.000000, -0.000000, 0.000000, 0.000000, 0.998406, 0.056432, -0.000000, -0.056432, 0.998406),
      ["LeftUpperLeg"] = CFrame.new(-0.009039, -0.434275, -0.445108, 0.991441, 0.119315, 0.052992, -0.081814, 0.251516, 0.964389, 0.101738, -0.960471, 0.259125),
      ["LowerTorso"] = CFrame.new(0.000000, -0.589191, 0.653477, 1.000000, 0.000000, 0.000000, 0.000000, 0.999823, -0.018817, 0.000000, 0.018817, 0.999823),
      ["RightUpperArm"] = CFrame.new(0.020136, -0.711965, -0.358363, 0.451379, 0.786457, 0.421595, 0.131476, 0.408693, -0.903152, -0.882593, 0.463094, 0.081075),
      ["RightUpperLeg"] = CFrame.new(0.017456, -0.447027, -0.413273, 0.980213, -0.188359, -0.060849, 0.107517, 0.248538, 0.962636, -0.166198, -0.950131, 0.263872)
    }},
    { Time = 0.200, Data = {
      ["Balls"] = CFrame.new(-0.000000, -0.000001, 0.000000, 0.999883, -0.015279, 0.000000, 0.015279, 0.999883, 0.000000, 0.000000, 0.000000, 1.000000),
      ["Cock"] = CFrame.new(0.000000, 0.000000, 0.000000, 0.997568, -0.069706, 0.000000, 0.069706, 0.997568, 0.000000, 0.000000, 0.000000, 1.000000),
      ["Head"] = CFrame.new(0.000000, -0.000000, 0.000000, 1.000000, -0.000000, 0.000000, 0.000000, 0.938858, 0.344304, -0.000000, -0.344304, 0.938858),
      ["LeftUpperArm"] = CFrame.new(-0.000000, -0.000441, -0.015227, 1.000000, -0.000000, 0.000000, 0.000000, 0.998323, 0.057898, -0.000000, -0.057898, 0.998323),
      ["LeftUpperLeg"] = CFrame.new(-0.009826, -0.435616, -0.438521, 0.991436, 0.119179, 0.053402, -0.081799, 0.247929, 0.965319, 0.101806, -0.961420, 0.255554),
      ["LowerTorso"] = CFrame.new(0.000000, -0.589127, 0.647981, 1.000000, 0.000000, 0.000000, 0.000000, 0.999760, -0.021924, 0.000000, 0.021924, 0.999760),
      ["RightUpperArm"] = CFrame.new(0.020411, -0.711836, -0.358944, 0.451122, 0.787502, 0.419917, 0.126810, 0.409180, -0.903599, -0.883407, 0.460883, 0.084727),
      ["RightUpperLeg"] = CFrame.new(0.018706, -0.448376, -0.406772, 0.980204, -0.188171, -0.061577, 0.107553, 0.244945, 0.963553, -0.166230, -0.951101, 0.260335)
    }},
    { Time = 0.217, Data = {
      ["Balls"] = CFrame.new(-0.000000, -0.000001, 0.000000, 0.999828, -0.018558, 0.000000, 0.018558, 0.999828, 0.000000, 0.000000, 0.000000, 1.000000),
      ["Cock"] = CFrame.new(0.000000, 0.000000, 0.000000, 0.997396, -0.072118, 0.000000, 0.072118, 0.997396, 0.000000, 0.000000, 0.000000, 1.000000),
      ["Head"] = CFrame.new(0.000000, 0.000000, 0.000000, 1.000000, -0.000000, 0.000000, 0.000000, 0.938374, 0.345621, -0.000000, -0.345621, 0.938374),
      ["LeftUpperArm"] = CFrame.new(-0.000000, -0.000458, -0.015522, 1.000000, -0.000000, 0.000000, 0.000000, 0.998257, 0.059019, -0.000000, -0.059019, 0.998257),
      ["LeftUpperLeg"] = CFrame.new(-0.010633, -0.436994, -0.431765, 0.991444, 0.118919, 0.053834, -0.081762, 0.244239, 0.966262, 0.101758, -0.962396, 0.251872),
      ["LowerTorso"] = CFrame.new(0.000000, -0.589052, 0.642316, 1.000000, 0.000000, 0.000000, 0.000000, 0.999685, -0.025118, 0.000000, 0.025118, 0.999685),
      ["RightUpperArm"] = CFrame.new(0.020708, -0.711734, -0.359543, 0.450847, 0.788629, 0.418093, 0.121984, 0.409567, -0.904088, -0.884227, 0.458606, 0.088451),
      ["RightUpperLeg"] = CFrame.new(0.019991, -0.449736, -0.400072, 0.980211, -0.187914, -0.062251, 0.107522, 0.241361, 0.964461, -0.166211, -0.952068, 0.256789)
    }},
    { Time = 0.233, Data = {
      ["Balls"] = CFrame.new(-0.000000, -0.000001, 0.000000, 0.999789, -0.020544, 0.000000, 0.020544, 0.999789, 0.000000, 0.000000, 0.000000, 1.000000),
      ["Cock"] = CFrame.new(0.000000, 0.000000, 0.000000, 0.997219, -0.074530, 0.000000, 0.074530, 0.997219, 0.000000, 0.000000, 0.000000, 1.000000),
      ["Head"] = CFrame.new(0.000000, 0.000000, 0.000000, 1.000000, -0.000000, 0.000000, 0.000000, 0.938101, 0.346361, -0.000000, -0.346361, 0.938101),
      ["LeftUpperArm"] = CFrame.new(-0.000000, -0.000468, -0.015681, 1.000000, -0.000000, 0.000000, 0.000000, 0.998221, 0.059622, -0.000000, -0.059622, 0.998221),
      ["LeftUpperLeg"] = CFrame.new(-0.011464, -0.438437, -0.424830, 0.991440, 0.118724, 0.054319, -0.081794, 0.240529, 0.967190, 0.101764, -0.963354, 0.248181),
      ["LowerTorso"] = CFrame.new(0.000000, -0.588964, 0.636510, 1.000000, 0.000000, 0.000000, 0.000000, 0.999597, -0.028397, 0.000000, 0.028397, 0.999597),
      ["RightUpperArm"] = CFrame.new(0.021013, -0.711627, -0.360166, 0.450513, 0.789789, 0.416259, 0.117053, 0.409977, -0.904554, -0.885063, 0.456237, 0.092252),
      ["RightUpperLeg"] = CFrame.new(0.021313, -0.451157, -0.393191, 0.980201, -0.187719, -0.062989, 0.107548, 0.237645, 0.965380, -0.166251, -0.953041, 0.253129)
    }},
    { Time = 0.250, Data = {
      ["Balls"] = CFrame.new(0.000000, 0.000000, 0.000000, 0.999775, -0.021234, 0.000000, 0.021234, 0.999775, 0.000000, 0.000000, 0.000000, 1.000000),
      ["Cock"] = CFrame.new(0.000000, 0.000000, 0.000000, 0.997029, -0.077028, 0.000000, 0.077028, 0.997029, 0.000000, 0.000000, 0.000000, 1.000000),
      ["Head"] = CFrame.new(0.000000, 0.000000, 0.000000, 1.000000, -0.000000, 0.000000, 0.000000, 0.938010, 0.346608, -0.000000, -0.346608, 0.938010),
      ["LeftUpperArm"] = CFrame.new(-0.000000, -0.000472, -0.015749, 1.000000, -0.000000, 0.000000, 0.000000, 0.998206, 0.059881, -0.000000, -0.059881, 0.998206),
      ["LeftUpperLeg"] = CFrame.new(-0.012304, -0.439894, -0.417815, 0.991437, 0.118525, 0.054810, -0.081819, 0.236704, 0.968131, 0.101774, -0.964325, 0.244375),
      ["LowerTorso"] = CFrame.new(0.000000, -0.588863, 0.630589, 1.000000, 0.000000, 0.000000, 0.000000, 0.999495, -0.031762, 0.000000, 0.031762, 0.999495),
      ["RightUpperArm"] = CFrame.new(0.021312, -0.711524, -0.360778, 0.450241, 0.790926, 0.414390, 0.112069, 0.410366, -0.905009, -0.885846, 0.453912, 0.096126),
      ["RightUpperLeg"] = CFrame.new(0.022640, -0.452581, -0.386291, 0.980213, -0.187398, -0.063751, 0.107551, 0.233832, 0.966310, -0.166178, -0.954046, 0.249360)
    }},
    { Time = 0.267, Data = {
      ["Balls"] = CFrame.new(-0.000000, -0.000001, 0.000000, 0.999789, -0.020544, 0.000000, 0.020544, 0.999789, 0.000000, 0.000000, 0.000000, 1.000000),
      ["Cock"] = CFrame.new(0.000000, 0.000000, 0.000000, 0.996840, -0.079440, 0.000000, 0.079440, 0.996840, 0.000000, 0.000000, 0.000000, 1.000000),
      ["Head"] = CFrame.new(0.000000, 0.000000, 0.000000, 1.000000, -0.000000, 0.000000, 0.000000, 0.938101, 0.346361, -0.000000, -0.346361, 0.938101),
      ["LeftUpperArm"] = CFrame.new(-0.000000, -0.000468, -0.015681, 1.000000, -0.000000, 0.000000, 0.000000, 0.998221, 0.059622, -0.000000, -0.059622, 0.998221),
      ["LeftUpperLeg"] = CFrame.new(-0.013139, -0.441319, -0.410828, 0.991445, 0.118260, 0.055241, -0.081783, 0.232986, 0.969035, 0.101728, -0.965263, 0.240665),
      ["LowerTorso"] = CFrame.new(0.000000, -0.588754, 0.624755, 1.000000, 0.000000, 0.000000, 0.000000, 0.999386, -0.035041, 0.000000, 0.035041, 0.999386),
      ["RightUpperArm"] = CFrame.new(0.021605, -0.711405, -0.361399, 0.449952, 0.792042, 0.412569, 0.107033, 0.410818, -0.905413, -0.886616, 0.451551, 0.100074),
      ["RightUpperLeg"] = CFrame.new(0.023977, -0.454013, -0.379330, 0.980203, -0.187194, -0.064499, 0.107568, 0.229992, 0.967229, -0.166226, -0.955019, 0.245575)
    }},
    { Time = 0.283, Data = {
      ["Balls"] = CFrame.new(-0.000000, -0.000001, 0.000000, 0.999828, -0.018558, 0.000000, 0.018558, 0.999828, 0.000000, 0.000000, 0.000000, 1.000000),
      ["Cock"] = CFrame.new(0.000000, 0.000000, 0.000000, 0.996638, -0.081937, 0.000000, 0.081937, 0.996638, 0.000000, 0.000000, 0.000000, 1.000000),
      ["Head"] = CFrame.new(0.000000, 0.000000, 0.000000, 1.000000, -0.000000, 0.000000, 0.000000, 0.938374, 0.345621, -0.000000, -0.345621, 0.938374),
      ["LeftUpperArm"] = CFrame.new(-0.000000, -0.000458, -0.015522, 1.000000, -0.000000, 0.000000, 0.000000, 0.998257, 0.059019, -0.000000, -0.059019, 0.998257),
      ["LeftUpperLeg"] = CFrame.new(-0.013970, -0.442760, -0.403889, 0.991441, 0.118058, 0.055731, -0.081809, 0.229142, 0.969949, 0.101740, -0.966207, 0.236839),
      ["LowerTorso"] = CFrame.new(0.000000, -0.588633, 0.618949, 1.000000, 0.000000, 0.000000, 0.000000, 0.999265, -0.038320, 0.000000, 0.038320, 0.999265),
      ["RightUpperArm"] = CFrame.new(0.021914, -0.711314, -0.362026, 0.449564, 0.793216, 0.410730, 0.102110, 0.411166, -0.905823, -0.887392, 0.449166, 0.103850),
      ["RightUpperLeg"] = CFrame.new(0.025292, -0.455400, -0.372474, 0.980209, -0.186925, -0.065183, 0.107528, 0.226266, 0.968112, -0.166216, -0.955962, 0.241887)
    }},
    { Time = 0.300, Data = {
      ["Balls"] = CFrame.new(-0.000000, -0.000001, 0.000000, 0.999883, -0.015279, 0.000000, 0.015279, 0.999883, 0.000000, 0.000000, 0.000000, 1.000000),
      ["Cock"] = CFrame.new(0.000000, 0.000000, 0.000000, 0.996444, -0.084262, 0.000000, 0.084262, 0.996444, 0.000000, 0.000000, 0.000000, 1.000000),
      ["Head"] = CFrame.new(0.000000, -0.000000, 0.000000, 1.000000, -0.000000, 0.000000, 0.000000, 0.938858, 0.344304, -0.000000, -0.344304, 0.938858),
      ["LeftUpperArm"] = CFrame.new(-0.000000, -0.000441, -0.015227, 1.000000, -0.000000, 0.000000, 0.000000, 0.998323, 0.057898, -0.000000, -0.057898, 0.998323),
      ["LeftUpperLeg"] = CFrame.new(-0.014784, -0.444147, -0.397074, 0.991436, 0.117914, 0.056141, -0.081792, 0.225501, 0.970803, 0.101812, -0.967081, 0.233215),
      ["LowerTorso"] = CFrame.new(0.000000, -0.588502, 0.613199, 1.000000, 0.000000, 0.000000, 0.000000, 0.999134, -0.041598, 0.000000, 0.041598, 0.999134),
      ["RightUpperArm"] = CFrame.new(0.022203, -0.711227, -0.362617, 0.449245, 0.794315, 0.408953, 0.097352, 0.411496, -0.906197, -0.888089, 0.446917, 0.107535),
      ["RightUpperLeg"] = CFrame.new(0.026577, -0.456760, -0.365772, 0.980215, -0.186658, -0.065857, 0.107496, 0.222636, 0.968957, -0.166201, -0.956866, 0.238296)
    }},
    { Time = 0.317, Data = {
      ["Balls"] = CFrame.new(-0.000000, -0.000001, 0.000000, 0.999942, -0.010790, 0.000000, 0.010790, 0.999942, 0.000000, 0.000000, 0.000000, 1.000000),
      ["Cock"] = CFrame.new(0.000000, 0.000000, 0.000000, 0.996244, -0.086586, 0.000000, 0.086586, 0.996244, 0.000000, 0.000000, 0.000000, 1.000000),
      ["Head"] = CFrame.new(0.000000, 0.000000, 0.000000, 1.000000, -0.000000, 0.000000, 0.000000, 0.939491, 0.342575, -0.000000, -0.342575, 0.939491),
      ["LeftUpperArm"] = CFrame.new(-0.000000, -0.000419, -0.014842, 1.000000, -0.000000, 0.000000, 0.000000, 0.998406, 0.056432, -0.000000, -0.056432, 0.998406),
      ["LeftUpperLeg"] = CFrame.new(-0.015564, -0.445485, -0.390547, 0.991443, 0.117651, 0.056558, -0.081768, 0.221971, 0.971619, 0.101758, -0.967929, 0.229692),
      ["LowerTorso"] = CFrame.new(0.000000, -0.588368, 0.607704, 1.000000, 0.000000, 0.000000, 0.000000, 0.999000, -0.044704, 0.000000, 0.044704, 0.999000),
      ["RightUpperArm"] = CFrame.new(0.022479, -0.711134, -0.363196, 0.448952, 0.795365, 0.407231, 0.092649, 0.411851, -0.906529, -0.888740, 0.444718, 0.111212),
      ["RightUpperLeg"] = CFrame.new(0.027828, -0.458113, -0.359270, 0.980205, -0.186458, -0.066574, 0.107540, 0.219088, 0.969761, -0.166234, -0.957723, 0.234803)
    }},
    { Time = 0.333, Data = {
      ["Balls"] = CFrame.new(-0.000000, -0.000001, 0.000000, 0.999987, -0.005093, 0.000000, 0.005093, 0.999987, 0.000000, 0.000000, 0.000000, 1.000000),
      ["Cock"] = CFrame.new(0.000000, 0.000000, 0.000000, 0.996047, -0.088824, 0.000000, 0.088824, 0.996047, 0.000000, 0.000000, 0.000000, 1.000000),
      ["Head"] = CFrame.new(0.000000, 0.000000, -0.000000, 1.000000, -0.000000, 0.000000, 0.000000, 0.940269, 0.340433, -0.000000, -0.340433, 0.940269),
      ["LeftUpperArm"] = CFrame.new(-0.000000, -0.000391, -0.014343, 1.000000, -0.000000, 0.000000, 0.000000, 0.998512, 0.054535, -0.000000, -0.054535, 0.998512),
      ["LeftUpperLeg"] = CFrame.new(-0.016314, -0.446796, -0.384295, 0.991439, 0.117457, 0.057022, -0.081816, 0.218528, 0.972395, 0.101754, -0.968736, 0.226268),
      ["LowerTorso"] = CFrame.new(0.000000, -0.588232, 0.602492, 1.000000, 0.000000, 0.000000, 0.000000, 0.998865, -0.047636, 0.000000, 0.047636, 0.998865),
      ["RightUpperArm"] = CFrame.new(0.022756, -0.711056, -0.363766, 0.448608, 0.796418, 0.405548, 0.088112, 0.412148, -0.906847, -0.889375, 0.442552, 0.114719),
      ["RightUpperLeg"] = CFrame.new(0.029014, -0.459375, -0.353094, 0.980211, -0.186193, -0.067226, 0.107527, 0.215655, 0.970531, -0.166209, -0.958554, 0.231408)
    }},
    { Time = 0.350, Data = {
      ["Balls"] = CFrame.new(-0.000000, -0.000001, 0.000000, 0.999998, 0.001813, 0.000000, -0.001813, 0.999998, -0.000000, -0.000000, 0.000000, 1.000000),
      ["Cock"] = CFrame.new(0.000000, 0.000000, 0.000000, 0.995861, -0.090889, 0.000000, 0.090889, 0.995861, 0.000000, 0.000000, 0.000000, 1.000000),
      ["Head"] = CFrame.new(0.000000, -0.000000, 0.000000, 1.000000, -0.000000, 0.000000, 0.000000, 0.941220, 0.337795, -0.000000, -0.337795, 0.941220),
      ["LeftUpperArm"] = CFrame.new(-0.000000, -0.000360, -0.013753, 1.000000, -0.000000, 0.000000, 0.000000, 0.998632, 0.052293, -0.000000, -0.052293, 0.998632),
      ["LeftUpperLeg"] = CFrame.new(-0.017022, -0.448014, -0.378383, 0.991433, 0.117325, 0.057399, -0.081827, 0.215401, 0.973091, 0.101804, -0.969452, 0.223156),
      ["LowerTorso"] = CFrame.new(0.000000, -0.588097, 0.597586, 1.000000, 0.000000, 0.000000, 0.000000, 0.998729, -0.050396, 0.000000, 0.050396, 0.998729),
      ["RightUpperArm"] = CFrame.new(0.022999, -0.710980, -0.364275, 0.448344, 0.797341, 0.404023, 0.083954, 0.412437, -0.907109, -0.889910, 0.440616, 0.117974),
      ["RightUpperLeg"] = CFrame.new(0.030130, -0.460577, -0.347289, 0.980216, -0.185938, -0.067848, 0.107541, 0.212537, 0.971217, -0.166166, -0.959299, 0.228328)
    }},
    { Time = 0.367, Data = {
      ["Balls"] = CFrame.new(-0.000000, -0.000001, 0.000000, 0.999952, 0.009754, 0.000000, -0.009754, 0.999952, -0.000000, -0.000000, 0.000000, 1.000000),
      ["Cock"] = CFrame.new(0.000000, 0.000000, 0.000000, 0.995686, -0.092782, 0.000000, 0.092782, 0.995686, 0.000000, 0.000000, 0.000000, 1.000000),
      ["Head"] = CFrame.new(0.000000, 0.000000, 0.000000, 1.000000, -0.000000, 0.000000, 0.000000, 0.942310, 0.334742, -0.000000, -0.334742, 0.942310),
      ["LeftUpperArm"] = CFrame.new(-0.000000, -0.000324, -0.013050, 1.000000, -0.000000, 0.000000, 0.000000, 0.998768, 0.049620, -0.000000, -0.049620, 0.998768),
      ["LeftUpperLeg"] = CFrame.new(-0.017672, -0.449113, -0.372932, 0.991438, 0.117128, 0.057715, -0.081777, 0.212386, 0.973758, 0.101797, -0.970141, 0.220146),
      ["LowerTorso"] = CFrame.new(0.000000, -0.587963, 0.593010, 1.000000, 0.000000, 0.000000, 0.000000, 0.998595, -0.052983, 0.000000, 0.052983, 0.998595),
      ["RightUpperArm"] = CFrame.new(0.023228, -0.710905, -0.364760, 0.448077, 0.798213, 0.402595, 0.080014, 0.412718, -0.907338, -0.890407, 0.438770, 0.121061),
      ["RightUpperLeg"] = CFrame.new(0.031167, -0.461670, -0.341881, 0.980216, -0.185739, -0.068391, 0.107511, 0.209518, 0.971876, -0.166186, -0.960002, 0.225342)
    }},
    { Time = 0.383, Data = {
      ["Balls"] = CFrame.new(-0.000000, -0.000001, 0.000000, 0.999826, 0.018645, 0.000000, -0.018645, 0.999826, -0.000000, -0.000000, 0.000000, 1.000000),
      ["Cock"] = CFrame.new(0.000000, 0.000000, 0.000000, 0.995525, -0.094503, 0.000000, 0.094503, 0.995525, 0.000000, 0.000000, 0.000000, 1.000000),
      ["Head"] = CFrame.new(0.000000, 0.000000, -0.000000, 1.000000, -0.000000, 0.000000, 0.000000, 0.943535, 0.331274, -0.000000, -0.331274, 0.943535),
      ["LeftUpperArm"] = CFrame.new(-0.000000, -0.000287, -0.012279, 1.000000, -0.000000, 0.000000, 0.000000, 0.998910, 0.046687, -0.000000, -0.046687, 0.998910),
      ["LeftUpperLeg"] = CFrame.new(-0.018262, -0.450145, -0.368013, 0.991446, 0.116887, 0.058079, -0.081798, 0.209689, 0.974341, 0.101709, -0.970757, 0.217457),
      ["LowerTorso"] = CFrame.new(0.000000, -0.587837, 0.588872, 1.000000, 0.000000, 0.000000, 0.000000, 0.998469, -0.055311, 0.000000, 0.055311, 0.998469),
      ["RightUpperArm"] = CFrame.new(0.023450, -0.710865, -0.365203, 0.447773, 0.799058, 0.401256, 0.076509, 0.412872, -0.907570, -0.890868, 0.437085, 0.123737),
      ["RightUpperLeg"] = CFrame.new(0.032110, -0.462676, -0.336968, 0.980216, -0.185549, -0.068904, 0.107508, 0.206817, 0.972455, -0.166188, -0.960624, 0.222673)
    }},
    { Time = 0.400, Data = {
      ["Balls"] = CFrame.new(-0.000000, -0.000001, 0.000000, 0.999594, 0.028483, 0.000000, -0.028483, 0.999594, -0.000000, -0.000000, 0.000000, 1.000000),
      ["Cock"] = CFrame.new(0.000000, 0.000000, 0.000000, 0.995376, -0.096051, 0.000000, 0.096051, 0.995376, 0.000000, 0.000000, 0.000000, 1.000000),
      ["Head"] = CFrame.new(0.000000, 0.000000, 0.000000, 1.000000, -0.000000, 0.000000, 0.000000, 0.944833, 0.327554, -0.000000, -0.327554, 0.944833),
      ["LeftUpperArm"] = CFrame.new(-0.000000, -0.000249, -0.011439, 1.000000, -0.000000, 0.000000, 0.000000, 0.999054, 0.043496, -0.000000, -0.043496, 0.999054),
      ["LeftUpperLeg"] = CFrame.new(-0.018795, -0.451052, -0.363552, 0.991437, 0.116828, 0.058343, -0.081795, 0.207301, 0.974852, 0.101796, -0.971276, 0.215082),
      ["LowerTorso"] = CFrame.new(0.000000, -0.587715, 0.585107, 1.000000, 0.000000, 0.000000, 0.000000, 0.998347, -0.057467, 0.000000, 0.057467, 0.998347),
      ["RightUpperArm"] = CFrame.new(0.023645, -0.710814, -0.365608, 0.447515, 0.799797, 0.400069, 0.073275, 0.413067, -0.907748, -0.891270, 0.435546, 0.126248),
      ["RightUpperLeg"] = CFrame.new(0.032950, -0.463585, -0.332604, 0.980216, -0.185370, -0.069386, 0.107533, 0.204434, 0.972956, -0.166172, -0.961168, 0.220323)
    }},
    { Time = 0.417, Data = {
      ["Balls"] = CFrame.new(-0.000000, -0.000001, 0.000000, 0.999239, 0.039010, 0.000000, -0.039010, 0.999239, -0.000000, -0.000000, 0.000000, 1.000000),
      ["Cock"] = CFrame.new(0.000000, 0.000000, 0.000000, 0.995243, -0.097428, 0.000000, 0.097428, 0.995243, 0.000000, 0.000000, 0.000000, 1.000000),
      ["Head"] = CFrame.new(0.000000, 0.000000, 0.000000, 1.000000, -0.000000, 0.000000, 0.000000, 0.946229, 0.323499, -0.000000, -0.323499, 0.946229),
      ["LeftUpperArm"] = CFrame.new(-0.000000, -0.000210, -0.010509, 1.000000, -0.000000, 0.000000, 0.000000, 0.999201, 0.039959, -0.000000, -0.039959, 0.999201),
      ["LeftUpperLeg"] = CFrame.new(-0.019250, -0.451840, -0.359752, 0.991442, 0.116659, 0.058600, -0.081796, 0.205245, 0.975287, 0.101748, -0.971733, 0.213031),
      ["LowerTorso"] = CFrame.new(0.000000, -0.587609, 0.581903, 1.000000, 0.000000, 0.000000, 0.000000, 0.998242, -0.059277, 0.000000, 0.059277, 0.998242),
      ["RightUpperArm"] = CFrame.new(0.023804, -0.710771, -0.365941, 0.447314, 0.800402, 0.399082, 0.070581, 0.413230, -0.907887, -0.891588, 0.434278, 0.128351),
      ["RightUpperLeg"] = CFrame.new(0.033679, -0.464360, -0.328804, 0.980210, -0.185256, -0.069770, 0.107531, 0.202371, 0.973387, -0.166206, -0.961627, 0.218287)
    }},
    { Time = 0.433, Data = {
      ["Balls"] = CFrame.new(-0.000000, -0.000001, 0.000000, 0.998734, 0.050310, 0.000000, -0.050310, 0.998734, -0.000000, -0.000000, 0.000000, 1.000000),
      ["Cock"] = CFrame.new(0.000000, 0.000000, 0.000000, 0.995133, -0.098546, 0.000000, 0.098546, 0.995133, 0.000000, 0.000000, 0.000000, 1.000000),
      ["Head"] = CFrame.new(0.000000, -0.000000, 0.000000, 1.000000, -0.000000, 0.000000, 0.000000, 0.947718, 0.319108, -0.000000, -0.319108, 0.947718),
      ["LeftUpperArm"] = CFrame.new(-0.000000, -0.000173, -0.009534, 1.000000, -0.000000, 0.000000, 0.000000, 0.999343, 0.036249, -0.000000, -0.036249, 0.999343),
      ["LeftUpperLeg"] = CFrame.new(-0.019630, -0.452478, -0.356563, 0.991444, 0.116552, 0.058771, -0.081759, 0.203512, 0.975653, 0.101754, -0.972111, 0.211300),
      ["LowerTorso"] = CFrame.new(0.000000, -0.587521, 0.579275, 1.000000, 0.000000, 0.000000, 0.000000, 0.998153, -0.060743, 0.000000, 0.060743, 0.998153),
      ["RightUpperArm"] = CFrame.new(0.023948, -0.710737, -0.366241, 0.447085, 0.800952, 0.398235, 0.068265, 0.413358, -0.908006, -0.891883, 0.433141, 0.130129),
      ["RightUpperLeg"] = CFrame.new(0.034288, -0.465020, -0.325643, 0.980205, -0.185152, -0.070123, 0.107557, 0.200629, 0.973745, -0.166222, -0.962012, 0.216572)
    }},
    { Time = 0.450, Data = {
      ["Balls"] = CFrame.new(-0.000000, -0.000001, 0.000000, 0.998074, 0.062036, 0.000000, -0.062036, 0.998074, -0.000000, -0.000000, 0.000000, 1.000000),
      ["Cock"] = CFrame.new(0.000000, 0.000000, 0.000000, 0.995047, -0.099406, 0.000000, 0.099406, 0.995047, 0.000000, 0.000000, 0.000000, 1.000000),
      ["Head"] = CFrame.new(0.000000, 0.000000, 0.000000, 1.000000, -0.000000, 0.000000, 0.000000, 0.949242, 0.314546, -0.000000, -0.314546, 0.949242),
      ["LeftUpperArm"] = CFrame.new(-0.000000, -0.000138, -0.008512, 1.000000, -0.000000, 0.000000, 0.000000, 0.999476, 0.032367, -0.000000, -0.032367, 0.999476),
      ["LeftUpperLeg"] = CFrame.new(-0.019935, -0.453020, -0.354024, 0.991436, 0.116522, 0.058976, -0.081806, 0.202092, 0.975944, 0.101800, -0.972410, 0.209893),
      ["LowerTorso"] = CFrame.new(0.000000, -0.587447, 0.577152, 1.000000, 0.000000, 0.000000, 0.000000, 0.998079, -0.061949, 0.000000, 0.061949, 0.998079),
      ["RightUpperArm"] = CFrame.new(0.024057, -0.710710, -0.366467, 0.446919, 0.801365, 0.397589, 0.066489, 0.413460, -0.908092, -0.892100, 0.432279, 0.131501),
      ["RightUpperLeg"] = CFrame.new(0.034760, -0.465525, -0.323181, 0.980216, -0.184994, -0.070390, 0.107546, 0.199225, 0.974034, -0.166167, -0.962334, 0.215179)
    }},
    { Time = 0.467, Data = {
      ["Balls"] = CFrame.new(-0.000000, -0.000001, 0.000000, 0.997244, 0.074186, 0.000000, -0.074186, 0.997244, -0.000000, -0.000000, 0.000000, 1.000000),
      ["Cock"] = CFrame.new(0.000000, 0.000000, 0.000000, 0.994978, -0.100094, 0.000000, 0.100094, 0.994978, 0.000000, 0.000000, 0.000000, 1.000000),
      ["Head"] = CFrame.new(0.000000, -0.000000, 0.000000, 1.000000, -0.000000, 0.000000, 0.000000, 0.950771, 0.309895, -0.000000, -0.309895, 0.950771),
      ["LeftUpperArm"] = CFrame.new(-0.000000, -0.000105, -0.007446, 1.000000, -0.000000, 0.000000, 0.000000, 0.999599, 0.028311, -0.000000, -0.028311, 0.999599),
      ["LeftUpperLeg"] = CFrame.new(-0.020151, -0.453396, -0.352221, 0.991438, 0.116438, 0.059102, -0.081810, 0.201115, 0.976146, 0.101774, -0.972623, 0.208919),
      ["LowerTorso"] = CFrame.new(0.000000, -0.587393, 0.575627, 1.000000, 0.000000, 0.000000, 0.000000, 0.998025, -0.062811, 0.000000, 0.062811, 0.998025),
      ["RightUpperArm"] = CFrame.new(0.024130, -0.710690, -0.366623, 0.446819, 0.801642, 0.397144, 0.065250, 0.413538, -0.908146, -0.892242, 0.431690, 0.132469),
      ["RightUpperLeg"] = CFrame.new(0.035111, -0.465912, -0.321363, 0.980205, -0.184970, -0.070604, 0.107582, 0.198236, 0.974232, -0.166208, -0.962543, 0.214212)
    }},
    { Time = 0.483, Data = {
      ["Balls"] = CFrame.new(-0.000000, -0.000001, 0.000000, 0.996244, 0.086586, 0.000000, -0.086586, 0.996244, -0.000000, -0.000000, 0.000000, 1.000000),
      ["Cock"] = CFrame.new(0.000000, 0.000000, 0.000000, 0.994943, -0.100438, 0.000000, 0.100438, 0.994943, 0.000000, 0.000000, 0.000000, 1.000000),
      ["Head"] = CFrame.new(0.000000, 0.000000, 0.000000, 1.000000, -0.000000, 0.000000, 0.000000, 0.952356, 0.304989, -0.000000, -0.304989, 0.952356),
      ["LeftUpperArm"] = CFrame.new(-0.000000, -0.000077, -0.006379, 1.000000, -0.000000, 0.000000, 0.000000, 0.999706, 0.024255, -0.000000, -0.024255, 0.999706),
      ["LeftUpperLeg"] = CFrame.new(-0.020282, -0.453605, -0.351109, 0.991438, 0.116418, 0.059141, -0.081776, 0.200463, 0.976282, 0.101802, -0.972760, 0.208267),
      ["LowerTorso"] = CFrame.new(0.000000, -0.587360, 0.574710, 1.000000, 0.000000, 0.000000, 0.000000, 0.997993, -0.063329, 0.000000, 0.063329, 0.997993),
      ["RightUpperArm"] = CFrame.new(0.024173, -0.710686, -0.366706, 0.446818, 0.801807, 0.396810, 0.064442, 0.413551, -0.908198, -0.892301, 0.431371, 0.133112),
      ["RightUpperLeg"] = CFrame.new(0.035320, -0.466112, -0.320261, 0.980205, -0.184951, -0.070656, 0.107536, 0.197696, 0.974347, -0.166238, -0.962658, 0.213671)
    }},
    { Time = 0.500, Data = {
      ["Balls"] = CFrame.new(-0.000000, -0.000001, 0.000000, 0.995073, 0.099148, 0.000000, -0.099148, 0.995073, -0.000000, -0.000000, 0.000000, 1.000000),
      ["Cock"] = CFrame.new(0.000000, 0.000000, 0.000000, 0.994926, -0.100610, 0.000000, 0.100610, 0.994926, 0.000000, 0.000000, 0.000000, 1.000000),
      ["Head"] = CFrame.new(0.000000, 0.000000, 0.000000, 1.000000, -0.000000, 0.000000, 0.000000, 0.953889, 0.300160, -0.000000, -0.300160, 0.953889),
      ["LeftUpperArm"] = CFrame.new(-0.000000, -0.000053, -0.005267, 1.000000, -0.000000, 0.000000, 0.000000, 0.999799, 0.020026, -0.000000, -0.020026, 0.999799),
      ["LeftUpperLeg"] = CFrame.new(-0.020325, -0.453705, -0.350773, 0.991440, 0.116361, 0.059214, -0.081824, 0.200355, 0.976301, 0.101739, -0.972789, 0.208161),
