return {
  ["Astros hump 14"] = {
    { Time = 0.000, Data = {
      ["Balls"] = CFrame.new(0.000000, 0.000000, 0.000000, 0.999740, -0.022788, 0.000000, 0.022788, 0.999740, 0.000000, 0.000000, 0.000000, 1.000000),
      ["Cock"] = CFrame.new(0.000000, 0.000000, 0.000000, 0.935089, 0.354413, 0.000000, -0.354413, 0.935089, -0.000000, -0.000000, 0.000000, 1.000000),
      ["Head"] = CFrame.new(0.000000, 0.083068, -0.066714, 1.000000, -0.000000, 0.000000, 0.000000, 0.916009, 0.401159, -0.000000, -0.401159, 0.916009),
      ["LeftUpperArm"] = CFrame.new(0.036079, -0.962178, -0.296591, 0.895865, -0.290019, -0.336622, -0.336941, 0.050442, -0.940174, 0.289648, 0.955691, -0.052531),
      ["LeftUpperLeg"] = CFrame.new(-0.058570, -0.035426, -0.043119, 0.993748, 0.066313, 0.089821, -0.070851, 0.996316, 0.048319, -0.086286, -0.054381, 0.994785),
      ["LowerTorso"] = CFrame.new(-0.000000, 0.000000, 0.765283, 1.000000, 0.000000, 0.000000, 0.000000, 0.999991, -0.004316, 0.000000, 0.004316, 0.999991),
      ["RightUpperArm"] = CFrame.new(-0.036079, -0.962178, -0.296591, 0.895865, 0.290019, 0.336622, 0.336941, 0.050442, -0.940174, -0.289648, 0.955691, -0.052531),
      ["RightUpperLeg"] = CFrame.new(0.058571, -0.035426, -0.043119, 0.993748, -0.066313, -0.089821, 0.070851, 0.996316, 0.048319, 0.086286, -0.054381, 0.994785)
    }},
    { Time = 0.017, Data = {
      ["Balls"] = CFrame.new(0.000000, -0.000000, 0.000000, 0.999738, -0.022874, 0.000000, 0.022874, 0.999738, 0.000000, 0.000000, 0.000000, 1.000000),
      ["Cock"] = CFrame.new(0.000000, 0.000000, 0.000000, 0.935027, 0.354577, 0.000000, -0.354577, 0.935027, -0.000000, -0.000000, 0.000000, 1.000000),
      ["Head"] = CFrame.new(0.000000, 0.083068, -0.066714, 1.000000, -0.000000, 0.000000, 0.000000, 0.915938, 0.401320, -0.000000, -0.401320, 0.915938),
      ["LeftUpperArm"] = CFrame.new(0.036074, -0.962328, -0.294883, 0.895868, -0.290036, -0.336599, -0.336846, 0.050679, -0.940195, 0.289749, 0.955673, -0.052296),
      ["LeftUpperLeg"] = CFrame.new(-0.058570, -0.035433, -0.043112, 0.993748, 0.066297, 0.089833, -0.070866, 0.996298, 0.048664, -0.086274, -0.054726, 0.994767),
      ["LowerTorso"] = CFrame.new(-0.000000, -0.000085, 0.764920, 1.000000, 0.000000, 0.000000, 0.000000, 0.999990, -0.004489, 0.000000, 0.004489, 0.999990),
      ["RightUpperArm"] = CFrame.new(-0.036075, -0.962328, -0.294883, 0.895868, 0.290036, 0.336599, 0.336846, 0.050679, -0.940195, -0.289749, 0.955673, -0.052296),
      ["RightUpperLeg"] = CFrame.new(0.058571, -0.035434, -0.043112, 0.993748, -0.066297, -0.089833, 0.070866, 0.996298, 0.048664, 0.086274, -0.054726, 0.994767)
    }},
    { Time = 0.033, Data = {
      ["Balls"] = CFrame.new(0.000000, 0.000000, 0.000000, 0.999726, -0.023392, 0.000000, 0.023392, 0.999726, 0.000000, 0.000000, 0.000000, 1.000000),
      ["Cock"] = CFrame.new(0.000000, 0.000000, 0.000000, 0.934871, 0.354987, 0.000000, -0.354987, 0.934871, -0.000000, -0.000000, 0.000000, 1.000000),
      ["Head"] = CFrame.new(0.000000, 0.083068, -0.066714, 1.000000, -0.000000, 0.000000, 0.000000, 0.915761, 0.401724, -0.000000, -0.401724, 0.915761),
      ["LeftUpperArm"] = CFrame.new(0.036097, -0.962666, -0.289753, 0.895874, -0.289952, -0.336656, -0.336553, 0.051826, -0.940237, 0.290072, 0.955637, -0.051154),
      ["LeftUpperLeg"] = CFrame.new(-0.058566, -0.035456, -0.043049, 0.993755, 0.066249, 0.089784, -0.070913, 0.996239, 0.049786, -0.086148, -0.055842, 0.994716),
      ["LowerTorso"] = CFrame.new(-0.000000, -0.000342, 0.763828, 1.000000, 0.000000, 0.000000, 0.000000, 0.999987, -0.005007, 0.000000, 0.005007, 0.999987),
      ["RightUpperArm"] = CFrame.new(-0.036097, -0.962666, -0.289753, 0.895874, 0.289952, 0.336656, 0.336553, 0.051826, -0.940237, -0.290072, 0.955637, -0.051154),
      ["RightUpperLeg"] = CFrame.new(0.058568, -0.035457, -0.043048, 0.993755, -0.066249, -0.089784, 0.070913, 0.996239, 0.049786, 0.086148, -0.055842, 0.994716)
    }},
    { Time = 0.050, Data = {
      ["Balls"] = CFrame.new(0.000000, 0.000000, 0.000000, 0.999708, -0.024168, 0.000000, 0.024168, 0.999708, 0.000000, 0.000000, 0.000000, 1.000000),
      ["Cock"] = CFrame.new(-0.000000, 0.000000, 0.000000, 0.934622, 0.355644, 0.000000, -0.355644, 0.934622, -0.000000, -0.000000, 0.000000, 1.000000),
      ["Head"] = CFrame.new(0.000000, 0.083068, -0.066715, 1.000000, -0.000000, 0.000000, 0.000000, 0.915442, 0.402451, -0.000000, -0.402451, 0.915442),
      ["LeftUpperArm"] = CFrame.new(0.036096, -0.963291, -0.281211, 0.895889, -0.289954, -0.336615, -0.336001, 0.053504, -0.940341, 0.290666, 0.955544, -0.049491),
      ["LeftUpperLeg"] = CFrame.new(-0.058569, -0.035536, -0.043015, 0.993749, 0.066257, 0.089844, -0.071073, 0.996140, 0.051504, -0.086084, -0.057568, 0.994623),
      ["LowerTorso"] = CFrame.new(-0.000000, -0.000769, 0.762096, 1.000000, 0.000000, 0.000000, 0.000000, 0.999983, -0.005784, 0.000000, 0.005784, 0.999983),
      ["RightUpperArm"] = CFrame.new(-0.036096, -0.963291, -0.281211, 0.895889, 0.289954, 0.336615, 0.336001, 0.053504, -0.940341, -0.290666, 0.955544, -0.049491),
      ["RightUpperLeg"] = CFrame.new(0.058571, -0.035537, -0.043015, 0.993749, -0.066257, -0.089844, 0.071073, 0.996140, 0.051504, 0.086084, -0.057568, 0.994623)
    }},
    { Time = 0.067, Data = {
      ["Balls"] = CFrame.new(-0.000000, 0.000000, 0.000000, 0.999678, -0.025377, 0.000000, 0.025377, 0.999678, 0.000000, 0.000000, 0.000000, 1.000000),
      ["Cock"] = CFrame.new(0.000000, 0.000000, 0.000000, 0.934247, 0.356628, 0.000000, -0.356628, 0.934247, -0.000000, -0.000000, 0.000000, 1.000000),
      ["Head"] = CFrame.new(0.000000, 0.083068, -0.066716, 1.000000, -0.000000, 0.000000, 0.000000, 0.915015, 0.403420, -0.000000, -0.403420, 0.915015),
      ["LeftUpperArm"] = CFrame.new(0.036087, -0.964123, -0.269259, 0.895869, -0.289988, -0.336638, -0.335261, 0.056016, -0.940459, 0.291579, 0.955389, -0.047039),
      ["LeftUpperLeg"] = CFrame.new(-0.058571, -0.035675, -0.042923, 0.993745, 0.066319, 0.089845, -0.071351, 0.995989, 0.053996, -0.085904, -0.060069, 0.994491),
      ["LowerTorso"] = CFrame.new(-0.000000, -0.001365, 0.759550, 1.000000, 0.000000, 0.000000, 0.000000, 0.999976, -0.006992, 0.000000, 0.006992, 0.999976),
      ["RightUpperArm"] = CFrame.new(-0.036087, -0.964122, -0.269259, 0.895869, 0.289988, 0.336638, 0.335261, 0.056016, -0.940459, -0.291579, 0.955389, -0.047039),
      ["RightUpperLeg"] = CFrame.new(0.058573, -0.035676, -0.042922, 0.993745, -0.066319, -0.089845, 0.071351, 0.995989, 0.053996, 0.085904, -0.060069, 0.994491)
    }},
    { Time = 0.083, Data = {
      ["Balls"] = CFrame.new(0.000000, 0.000000, 0.000000, 0.999640, -0.026844, 0.000000, 0.026844, 0.999640, 0.000000, 0.000000, 0.000000, 1.000000),
      ["Cock"] = CFrame.new(-0.000000, 0.000000, 0.000000, 0.933776, 0.357858, 0.000000, -0.357858, 0.933776, -0.000000, -0.000000, 0.000000, 1.000000),
      ["Head"] = CFrame.new(0.000000, 0.083068, -0.066716, 1.000000, -0.000000, 0.000000, 0.000000, 0.914480, 0.404630, -0.000000, -0.404630, 0.914480),
      ["LeftUpperArm"] = CFrame.new(0.036090, -0.965224, -0.253888, 0.895895, -0.289978, -0.336580, -0.334250, 0.059121, -0.940628, 0.292660, 0.955206, -0.043959),
      ["LeftUpperLeg"] = CFrame.new(-0.058566, -0.035782, -0.042777, 0.993754, 0.066271, 0.089779, -0.071566, 0.995800, 0.057097, -0.085618, -0.063165, 0.994324),
      ["LowerTorso"] = CFrame.new(-0.000000, -0.002131, 0.756362, 1.000000, 0.000000, 0.000000, 0.000000, 0.999964, -0.008459, 0.000000, 0.008459, 0.999964),
      ["RightUpperArm"] = CFrame.new(-0.036090, -0.965224, -0.253888, 0.895895, 0.289978, 0.336580, 0.334250, 0.059121, -0.940628, -0.292660, 0.955206, -0.043959),
      ["RightUpperLeg"] = CFrame.new(0.058568, -0.035783, -0.042777, 0.993754, -0.066271, -0.089779, 0.071566, 0.995800, 0.057097, 0.085618, -0.063165, 0.994324)
    }},
    { Time = 0.100, Data = {
      ["Balls"] = CFrame.new(0.000000, 0.000000, 0.000000, 0.999592, -0.028570, 0.000000, 0.028570, 0.999592, 0.000000, 0.000000, 0.000000, 1.000000),
      ["Cock"] = CFrame.new(0.000000, 0.000000, 0.000000, 0.933209, 0.359333, 0.000000, -0.359333, 0.933209, -0.000000, -0.000000, 0.000000, 1.000000),
      ["Head"] = CFrame.new(0.000001, 0.083069, -0.066717, 1.000000, -0.000000, 0.000000, 0.000000, 0.913765, 0.406243, -0.000000, -0.406243, 0.913765),
      ["LeftUpperArm"] = CFrame.new(0.036084, -0.966535, -0.235111, 0.895885, -0.290001, -0.336584, -0.333048, 0.063054, -0.940799, 0.294056, 0.954947, -0.040095),
      ["LeftUpperLeg"] = CFrame.new(-0.058568, -0.035950, -0.042658, 0.993750, 0.066271, 0.089827, -0.071902, 0.995547, 0.060965, -0.085387, -0.067043, 0.994090),
      ["LowerTorso"] = CFrame.new(-0.000000, -0.003062, 0.752361, 1.000000, 0.000000, 0.000000, 0.000000, 0.999946, -0.010359, 0.000000, 0.010359, 0.999946),
      ["RightUpperArm"] = CFrame.new(-0.036084, -0.966535, -0.235111, 0.895885, 0.290001, 0.336584, 0.333048, 0.063054, -0.940799, -0.294056, 0.954947, -0.040095),
      ["RightUpperLeg"] = CFrame.new(0.058570, -0.035951, -0.042658, 0.993750, -0.066271, -0.089827, 0.071902, 0.995547, 0.060965, 0.085387, -0.067043, 0.994090)
    }},
    { Time = 0.117, Data = {
      ["Balls"] = CFrame.new(0.000000, -0.000000, 0.000000, 0.999528, -0.030727, 0.000000, 0.030727, 0.999528, 0.000000, 0.000000, 0.000000, 1.000000),
      ["Cock"] = CFrame.new(0.000000, 0.000000, 0.000000, 0.932514, 0.361135, 0.000000, -0.361135, 0.932514, -0.000000, -0.000000, 0.000000, 1.000000),
      ["Head"] = CFrame.new(0.000001, 0.083069, -0.066719, 1.000000, -0.000000, 0.000000, 0.000000, 0.912974, 0.408017, -0.000000, -0.408017, 0.912974),
      ["LeftUpperArm"] = CFrame.new(0.036089, -0.968118, -0.212919, 0.895878, -0.289982, -0.336621, -0.331691, 0.067569, -0.940965, 0.295608, 0.954644, -0.035651),
      ["LeftUpperLeg"] = CFrame.new(-0.058569, -0.036174, -0.042480, 0.993747, 0.066329, 0.089815, -0.072350, 0.995225, 0.065520, -0.085041, -0.071608, 0.993801),
      ["LowerTorso"] = CFrame.new(-0.000000, -0.004159, 0.747719, 1.000000, 0.000000, 0.000000, 0.000000, 0.999922, -0.012516, 0.000000, 0.012516, 0.999922),
      ["RightUpperArm"] = CFrame.new(-0.036089, -0.968118, -0.212919, 0.895878, 0.289982, 0.336621, 0.331691, 0.067569, -0.940965, -0.295608, 0.954644, -0.035651),
      ["RightUpperLeg"] = CFrame.new(0.058571, -0.036175, -0.042480, 0.993747, -0.066329, -0.089815, 0.072350, 0.995225, 0.065520, 0.085041, -0.071608, 0.993801)
    }},
    { Time = 0.133, Data = {
      ["Balls"] = CFrame.new(0.000000, 0.000000, 0.000000, 0.999451, -0.033143, 0.000000, 0.033143, 0.999451, 0.000000, 0.000000, 0.000000, 1.000000),
      ["Cock"] = CFrame.new(0.000000, 0.000000, 0.000000, 0.931718, 0.363182, 0.000000, -0.363182, 0.931718, -0.000000, -0.000000, 0.000000, 1.000000),
      ["Head"] = CFrame.new(0.000001, 0.083070, -0.066720, 1.000000, -0.000000, 0.000000, 0.000000, 0.912036, 0.410111, -0.000000, -0.410111, 0.912036),
      ["LeftUpperArm"] = CFrame.new(0.036084, -0.969913, -0.187325, 0.895876, -0.290001, -0.336608, -0.330021, 0.072903, -0.941154, 0.297475, 0.954246, -0.030394),
      ["LeftUpperLeg"] = CFrame.new(-0.058568, -0.036371, -0.042289, 0.993750, 0.066267, 0.089827, -0.072743, 0.994831, 0.070852, -0.084668, -0.076943, 0.993434),
      ["LowerTorso"] = CFrame.new(-0.000000, -0.005419, 0.742349, 1.000000, 0.000000, 0.000000, 0.000000, 0.999887, -0.015020, 0.000000, 0.015020, 0.999887),
      ["RightUpperArm"] = CFrame.new(-0.036084, -0.969913, -0.187325, 0.895876, 0.290001, 0.336608, 0.330021, 0.072903, -0.941154, -0.297475, 0.954246, -0.030394),
      ["RightUpperLeg"] = CFrame.new(0.058569, -0.036372, -0.042289, 0.993750, -0.066267, -0.089827, 0.072743, 0.994831, 0.070852, 0.084668, -0.076943, 0.993434)
    }},
    { Time = 0.150, Data = {
      ["Balls"] = CFrame.new(0.000000, 0.000000, 0.000000, 0.999355, -0.035904, 0.000000, 0.035904, 0.999355, 0.000000, 0.000000, 0.000000, 1.000000),
      ["Cock"] = CFrame.new(0.000000, -0.000000, 0.000000, 0.930822, 0.365472, 0.000000, -0.365472, 0.930822, -0.000000, -0.000000, 0.000000, 1.000000),
      ["Head"] = CFrame.new(0.000001, 0.083070, -0.066721, 1.000000, -0.000000, 0.000000, 0.000000, 0.910946, 0.412526, -0.000000, -0.412526, 0.910946),
      ["LeftUpperArm"] = CFrame.new(0.036095, -0.971953, -0.158324, 0.895876, -0.289959, -0.336645, -0.328175, 0.078925, -0.941314, 0.299513, 0.953779, -0.024450),
      ["LeftUpperLeg"] = CFrame.new(-0.058565, -0.036621, -0.042041, 0.993755, 0.066267, 0.089777, -0.073244, 0.994354, 0.076783, -0.084182, -0.082879, 0.992998),
      ["LowerTorso"] = CFrame.new(-0.000000, -0.006839, 0.736252, 1.000000, 0.000000, 0.000000, 0.000000, 0.999840, -0.017868, 0.000000, 0.017868, 0.999840),
      ["RightUpperArm"] = CFrame.new(-0.036095, -0.971953, -0.158324, 0.895876, 0.289959, 0.336645, 0.328175, 0.078925, -0.941314, -0.299513, 0.953779, -0.024450),
      ["RightUpperLeg"] = CFrame.new(0.058567, -0.036622, -0.042040, 0.993755, -0.066267, -0.089777, 0.073244, 0.994354, 0.076783, 0.084182, -0.082879, 0.992998)
    }},
    { Time = 0.167, Data = {
      ["Balls"] = CFrame.new(-0.000000, 0.000000, 0.000000, 0.999242, -0.038924, 0.000000, 0.038924, 0.999242, 0.000000, 0.000000, 0.000000, 1.000000),
      ["Cock"] = CFrame.new(0.000000, 0.000000, 0.000000, 0.929791, 0.368088, 0.000000, -0.368088, 0.929791, -0.000000, -0.000000, 0.000000, 1.000000),
      ["Head"] = CFrame.new(0.000001, 0.083070, -0.066723, 1.000000, -0.000000, 0.000000, 0.000000, 0.909740, 0.415179, -0.000000, -0.415179, 0.909740),
      ["LeftUpperArm"] = CFrame.new(0.036084, -0.974269, -0.125926, 0.895880, -0.290002, -0.336598, -0.326047, 0.085517, -0.941478, 0.301815, 0.953198, -0.017941),
      ["LeftUpperLeg"] = CFrame.new(-0.058570, -0.036929, -0.041818, 0.993746, 0.066319, 0.089839, -0.073861, 0.993776, 0.083393, -0.083750, -0.089507, 0.992459),
      ["LowerTorso"] = CFrame.new(-0.000000, -0.008417, 0.729427, 1.000000, 0.000000, 0.000000, 0.000000, 0.999778, -0.021061, 0.000000, 0.021061, 0.999778),
      ["RightUpperArm"] = CFrame.new(-0.036084, -0.974269, -0.125925, 0.895880, 0.290002, 0.336598, 0.326047, 0.085517, -0.941478, -0.301815, 0.953198, -0.017941),
      ["RightUpperLeg"] = CFrame.new(0.058571, -0.036930, -0.041818, 0.993746, -0.066319, -0.089839, 0.073861, 0.993776, 0.083393, 0.083750, -0.089507, 0.992459)
    }},
    { Time = 0.183, Data = {
      ["Balls"] = CFrame.new(-0.000000, 0.000000, 0.000000, 0.999102, -0.042375, 0.000000, 0.042375, 0.999102, 0.000000, 0.000000, 0.000000, 1.000000),
      ["Cock"] = CFrame.new(0.000000, 0.000000, 0.000000, 0.928654, 0.370946, 0.000000, -0.370946, 0.928654, -0.000000, -0.000000, 0.000000, 1.000000),
      ["Head"] = CFrame.new(0.000001, 0.083071, -0.066725, 1.000000, -0.000000, 0.000000, 0.000000, 0.908415, 0.418070, -0.000000, -0.418070, 0.908415),
      ["LeftUpperArm"] = CFrame.new(0.036093, -0.976804, -0.090127, 0.895884, -0.289968, -0.336617, -0.323720, 0.092898, -0.941581, 0.304300, 0.952517, -0.010642),
      ["LeftUpperLeg"] = CFrame.new(-0.058567, -0.037208, -0.041539, 0.993750, 0.066255, 0.089840, -0.074418, 0.993087, 0.090780, -0.083204, -0.096899, 0.991810),
      ["LowerTorso"] = CFrame.new(-0.000000, -0.010148, 0.721875, 1.000000, 0.000000, 0.000000, 0.000000, 0.999697, -0.024600, 0.000000, 0.024600, 0.999697),
      ["RightUpperArm"] = CFrame.new(-0.036093, -0.976804, -0.090127, 0.895884, 0.289968, 0.336617, 0.323720, 0.092898, -0.941581, -0.304300, 0.952517, -0.010642),
      ["RightUpperLeg"] = CFrame.new(0.058569, -0.037209, -0.041539, 0.993750, -0.066255, -0.089840, 0.074418, 0.993087, 0.090780, 0.083204, -0.096899, 0.991810)
    }},
    { Time = 0.200, Data = {
      ["Balls"] = CFrame.new(0.000000, 0.000000, 0.000000, 0.998938, -0.046084, 0.000000, 0.046084, 0.998938, 0.000000, 0.000000, 0.000000, 1.000000),
      ["Cock"] = CFrame.new(0.000000, 0.000000, 0.000000, 0.927410, 0.374047, 0.000000, -0.374047, 0.927410, -0.000000, -0.000000, 0.000000, 1.000000),
      ["Head"] = CFrame.new(0.000001, 0.083072, -0.066727, 1.000000, -0.000000, 0.000000, 0.000000, 0.906931, 0.421279, -0.000000, -0.421279, 0.906931),
      ["LeftUpperArm"] = CFrame.new(0.036084, -0.979590, -0.050941, 0.895890, -0.290002, -0.336571, -0.321087, 0.100948, -0.941654, 0.307058, 0.951687, -0.002678),
      ["LeftUpperLeg"] = CFrame.new(-0.058564, -0.037539, -0.041199, 0.993756, 0.066251, 0.089782, -0.075083, 0.992266, 0.098850, -0.082539, -0.104974, 0.991044),
      ["LowerTorso"] = CFrame.new(-0.000000, -0.012032, 0.713683, 1.000000, 0.000000, 0.000000, 0.000000, 0.999597, -0.028397, 0.000000, 0.028397, 0.999597),
      ["RightUpperArm"] = CFrame.new(-0.036084, -0.979590, -0.050941, 0.895890, 0.290002, 0.336571, 0.321087, 0.100948, -0.941654, -0.307058, 0.951687, -0.002678),
      ["RightUpperLeg"] = CFrame.new(0.058566, -0.037541, -0.041199, 0.993756, -0.066251, -0.089782, 0.075083, 0.992266, 0.098850, 0.082539, -0.104974, 0.991044)
    }},
    { Time = 0.217, Data = {
      ["Balls"] = CFrame.new(0.000000, -0.000000, 0.000000, 0.998747, -0.050051, 0.000000, 0.050051, 0.998747, 0.000000, 0.000000, 0.000000, 1.000000),
      ["Cock"] = CFrame.new(0.000000, 0.000000, 0.000000, 0.926055, 0.377388, 0.000000, -0.377388, 0.926055, -0.000000, -0.000000, 0.000000, 1.000000),
      ["Head"] = CFrame.new(0.000001, 0.083072, -0.066730, 1.000000, -0.000000, 0.000000, 0.000000, 0.905285, 0.424805, -0.000000, -0.424805, 0.905285),
      ["LeftUpperArm"] = CFrame.new(0.036099, -0.982554, -0.009213, 0.895892, -0.289946, -0.336613, -0.318347, 0.109534, -0.941625, 0.309890, 0.950754, 0.005827),
      ["LeftUpperLeg"] = CFrame.new(-0.058568, -0.037926, -0.040887, 0.993747, 0.066306, 0.089833, -0.075855, 0.991316, 0.107422, -0.081931, -0.113565, 0.990147),
      ["LowerTorso"] = CFrame.new(-0.000000, -0.014020, 0.704858, 1.000000, 0.000000, 0.000000, 0.000000, 0.999470, -0.032539, 0.000000, 0.032539, 0.999470),
      ["RightUpperArm"] = CFrame.new(-0.036099, -0.982554, -0.009213, 0.895892, 0.289946, 0.336613, 0.318347, 0.109534, -0.941625, -0.309890, 0.950754, 0.005827),
      ["RightUpperLeg"] = CFrame.new(0.058570, -0.037927, -0.040887, 0.993747, -0.066306, -0.089833, 0.075855, 0.991316, 0.107422, 0.081931, -0.113565, 0.990147)
    }},
    { Time = 0.233, Data = {
      ["Balls"] = CFrame.new(-0.000000, -0.000000, 0.000000, 0.998554, -0.053759, 0.000000, 0.053759, 0.998554, 0.000000, 0.000000, 0.000000, 1.000000),
      ["Cock"] = CFrame.new(0.000000, 0.000000, 0.000000, 0.924788, 0.380482, 0.000000, -0.380482, 0.924788, -0.000000, -0.000000, 0.000000, 1.000000),
      ["Head"] = CFrame.new(0.000001, 0.083073, -0.066732, 1.000000, -0.000000, 0.000000, 0.000000, 0.903549, 0.428485, -0.000000, -0.428485, 0.903549),
      ["LeftUpperArm"] = CFrame.new(0.036090, -0.985331, 0.029934, 0.895891, -0.289982, -0.336586, -0.315670, 0.117616, -0.941551, 0.312621, 0.949777, 0.013832),
      ["LeftUpperLeg"] = CFrame.new(-0.058565, -0.038253, -0.040543, 0.993752, 0.066305, 0.089779, -0.076512, 0.990359, 0.115481, -0.081257, -0.121629, 0.989244),
      ["LowerTorso"] = CFrame.new(-0.000000, -0.015871, 0.696580, 1.000000, 0.000000, 0.000000, 0.000000, 0.999336, -0.036422, 0.000000, 0.036422, 0.999336),
      ["RightUpperArm"] = CFrame.new(-0.036090, -0.985331, 0.029934, 0.895891, 0.289982, 0.336586, 0.315670, 0.117616, -0.941551, -0.312621, 0.949777, 0.013832),
      ["RightUpperLeg"] = CFrame.new(0.058567, -0.038256, -0.040542, 0.993752, -0.066305, -0.089779, 0.076512, 0.990359, 0.115481, 0.081257, -0.121629, 0.989244)
    }},
    { Time = 0.250, Data = {
      ["Balls"] = CFrame.new(0.000000, -0.000000, 0.000000, 0.998362, -0.057208, 0.000000, 0.057208, 0.998362, 0.000000, 0.000000, 0.000000, 1.000000),
      ["Cock"] = CFrame.new(0.000000, 0.000000, 0.000000, 0.923612, 0.383329, 0.000000, -0.383329, 0.923612, -0.000000, -0.000000, 0.000000, 1.000000),
      ["Head"] = CFrame.new(0.000001, 0.083074, -0.066735, 1.000000, -0.000000, 0.000000, 0.000000, 0.901606, 0.432559, -0.000000, -0.432559, 0.901606),
      ["LeftUpperArm"] = CFrame.new(0.036094, -0.987874, 0.065666, 0.895881, -0.289967, -0.336625, -0.313281, 0.124969, -0.941402, 0.315043, 0.948842, 0.021116),
      ["LeftUpperLeg"] = CFrame.new(-0.058563, -0.038523, -0.040258, 0.993756, 0.066248, 0.089781, -0.077052, 0.989440, 0.122764, -0.080700, -0.128915, 0.988367),
      ["LowerTorso"] = CFrame.new(-0.000000, -0.017552, 0.689116, 1.000000, 0.000000, 0.000000, 0.000000, 0.999205, -0.039873, 0.000000, 0.039873, 0.999205),
      ["RightUpperArm"] = CFrame.new(-0.036094, -0.987874, 0.065666, 0.895881, 0.289967, 0.336625, 0.313281, 0.124969, -0.941402, -0.315043, 0.948842, 0.021116),
      ["RightUpperLeg"] = CFrame.new(0.058565, -0.038526, -0.040257, 0.993756, -0.066248, -0.089781, 0.077052, 0.989440, 0.122764, 0.080700, -0.128915, 0.988367)
    }},
    { Time = 0.267, Data = {
      ["Balls"] = CFrame.new(0.000000, -0.000000, 0.000000, 0.998185, -0.060225, 0.000000, 0.060225, 0.998185, 0.000000, 0.000000, 0.000000, 1.000000),
      ["Cock"] = CFrame.new(0.000000, 0.000000, 0.000000, 0.922528, 0.385929, 0.000000, -0.385929, 0.922528, -0.000000, -0.000000, 0.000000, 1.000000),
      ["Head"] = CFrame.new(0.000001, 0.083074, -0.066737, 1.000000, -0.000000, 0.000000, 0.000000, 0.899682, 0.436547, -0.000000, -0.436547, 0.899682),
      ["LeftUpperArm"] = CFrame.new(0.036080, -0.990179, 0.097976, 0.895867, -0.290021, -0.336616, -0.311058, 0.131605, -0.941235, 0.317278, 0.947928, 0.027687),
      ["LeftUpperLeg"] = CFrame.new(-0.058568, -0.038825, -0.040024, 0.993746, 0.066300, 0.089855, -0.077656, 0.988542, 0.129435, -0.080244, -0.135603, 0.987508),
      ["LowerTorso"] = CFrame.new(-0.000000, -0.019059, 0.682293, 1.000000, 0.000000, 0.000000, 0.000000, 0.999072, -0.043065, 0.000000, 0.043065, 0.999072),
      ["RightUpperArm"] = CFrame.new(-0.036080, -0.990179, 0.097976, 0.895867, 0.290021, 0.336616, 0.311058, 0.131605, -0.941235, -0.317278, 0.947928, 0.027687),
      ["RightUpperLeg"] = CFrame.new(0.058570, -0.038828, -0.040023, 0.993746, -0.066300, -0.089855, 0.077656, 0.988542, 0.129435, 0.080244, -0.135603, 0.987508)
    }},
    { Time = 0.283, Data = {
      ["Balls"] = CFrame.new(0.000000, -0.000000, 0.000000, 0.998015, -0.062984, 0.000000, 0.062984, 0.998015, 0.000000, 0.000000, 0.000000, 1.000000),
      ["Cock"] = CFrame.new(0.000000, 0.000000, 0.000000, 0.921574, 0.388203, 0.000000, -0.388203, 0.921574, -0.000000, -0.000000, 0.000000, 1.000000),
      ["Head"] = CFrame.new(0.000001, 0.083075, -0.066740, 1.000000, -0.000000, 0.000000, 0.000000, 0.897856, 0.440289, -0.000000, -0.440289, 0.897856),
      ["LeftUpperArm"] = CFrame.new(0.036096, -0.992244, 0.126884, 0.895886, -0.289959, -0.336617, -0.309072, 0.137529, -0.941042, 0.319159, 0.947106, 0.033592),
      ["LeftUpperLeg"] = CFrame.new(-0.058566, -0.039065, -0.039764, 0.993749, 0.066307, 0.089813, -0.078136, 0.987714, 0.135339, -0.079736, -0.141510, 0.986720),
      ["LowerTorso"] = CFrame.new(-0.000000, -0.020399, 0.676198, 1.000000, 0.000000, 0.000000, 0.000000, 0.998946, -0.045911, 0.000000, 0.045911, 0.998946),
      ["RightUpperArm"] = CFrame.new(-0.036096, -0.992245, 0.126884, 0.895886, 0.289959, 0.336617, 0.309072, 0.137529, -0.941042, -0.319159, 0.947106, 0.033592),
      ["RightUpperLeg"] = CFrame.new(0.058568, -0.039067, -0.039764, 0.993749, -0.066307, -0.089813, 0.078136, 0.987714, 0.135339, 0.079736, -0.141510, 0.986720)
    }},
    { Time = 0.300, Data = {
      ["Balls"] = CFrame.new(-0.000000, 0.000000, 0.000000, 0.997859, -0.065397, 0.000000, 0.065397, 0.997859, 0.000000, 0.000000, 0.000000, 1.000000),
      ["Cock"] = CFrame.new(-0.000000, 0.000000, 0.000000, 0.920717, 0.390231, 0.000000, -0.390231, 0.920717, -0.000000, -0.000000, 0.000000, 1.000000),
      ["Head"] = CFrame.new(0.000001, 0.083076, -0.066742, 1.000000, -0.000000, 0.000000, 0.000000, 0.896172, 0.443708, -0.000000, -0.443708, 0.896172),
      ["LeftUpperArm"] = CFrame.new(0.036080, -0.994068, 0.152375, 0.895863, -0.290019, -0.336627, -0.307313, 0.142753, -0.940840, 0.320916, 0.946314, 0.038760),
      ["LeftUpperLeg"] = CFrame.new(-0.058565, -0.039250, -0.039563, 0.993751, 0.066254, 0.089829, -0.078506, 0.986955, 0.140555, -0.079344, -0.146729, 0.985989),
      ["LowerTorso"] = CFrame.new(-0.000000, -0.021575, 0.670830, 1.000000, 0.000000, 0.000000, 0.000000, 0.998827, -0.048412, 0.000000, 0.048412, 0.998827),
      ["RightUpperArm"] = CFrame.new(-0.036080, -0.994068, 0.152375, 0.895863, 0.290019, 0.336627, 0.307313, 0.142753, -0.940840, -0.320916, 0.946314, 0.038760),
      ["RightUpperLeg"] = CFrame.new(0.058567, -0.039252, -0.039563, 0.993751, -0.066254, -0.089829, 0.078506, 0.986955, 0.140555, 0.079344, -0.146729, 0.985989)
    }},
    { Time = 0.317, Data = {
      ["Balls"] = CFrame.new(0.000000, 0.000000, 0.000000, 0.997716, -0.067552, 0.000000, 0.067552, 0.997716, 0.000000, 0.000000, 0.000000, 1.000000),
      ["Cock"] = CFrame.new(0.000000, 0.000000, 0.000000, 0.919994, 0.391934, 0.000000, -0.391934, 0.919994, -0.000000, -0.000000, 0.000000, 1.000000),
      ["Head"] = CFrame.new(0.000001, 0.083076, -0.066744, 1.000000, -0.000000, 0.000000, 0.000000, 0.894592, 0.446884, -0.000000, -0.446884, 0.894592),
      ["LeftUpperArm"] = CFrame.new(0.036079, -0.995649, 0.174464, 0.895876, -0.290024, -0.336589, -0.305734, 0.147280, -0.940657, 0.322386, 0.945619, 0.043275),
      ["LeftUpperLeg"] = CFrame.new(-0.058567, -0.039463, -0.039373, 0.993747, 0.066318, 0.089828, -0.078933, 0.986266, 0.145082, -0.078973, -0.151265, 0.985334),
      ["LowerTorso"] = CFrame.new(-0.000000, -0.022590, 0.666189, 1.000000, 0.000000, 0.000000, 0.000000, 0.998721, -0.050569, 0.000000, 0.050569, 0.998721),
      ["RightUpperArm"] = CFrame.new(-0.036079, -0.995649, 0.174464, 0.895876, 0.290024, 0.336589, 0.305734, 0.147280, -0.940657, -0.322386, 0.945619, 0.043275),
      ["RightUpperLeg"] = CFrame.new(0.058568, -0.039466, -0.039373, 0.993747, -0.066318, -0.089828, 0.078933, 0.986266, 0.145082, 0.078973, -0.151265, 0.985334)
    }},
    { Time = 0.333, Data = {
      ["Balls"] = CFrame.new(0.000000, -0.000000, 0.000000, 0.997598, -0.069275, 0.000000, 0.069275, 0.997598, 0.000000, 0.000000, 0.000000, 1.000000),
      ["Cock"] = CFrame.new(0.000000, 0.000000, 0.000000, 0.919336, 0.393473, 0.000000, -0.393473, 0.919336, -0.000000, -0.000000, 0.000000, 1.000000),
      ["Head"] = CFrame.new(0.000001, 0.083077, -0.066746, 1.000000, -0.000000, 0.000000, 0.000000, 0.893160, 0.449738, -0.000000, -0.449738, 0.893160),
      ["LeftUpperArm"] = CFrame.new(0.036095, -0.996984, 0.193154, 0.895885, -0.289964, -0.336616, -0.304455, 0.151118, -0.940463, 0.323569, 0.945031, 0.047103),
      ["LeftUpperLeg"] = CFrame.new(-0.058566, -0.039619, -0.039200, 0.993749, 0.066328, 0.089798, -0.079246, 0.985668, 0.148926, -0.078633, -0.155111, 0.984763),
      ["LowerTorso"] = CFrame.new(-0.000000, -0.023442, 0.662190, 1.000000, 0.000000, 0.000000, 0.000000, 0.998623, -0.052466, 0.000000, 0.052466, 0.998623),
      ["RightUpperArm"] = CFrame.new(-0.036095, -0.996984, 0.193154, 0.895885, 0.289964, 0.336616, 0.304455, 0.151118, -0.940463, -0.323569, 0.945031, 0.047103),
      ["RightUpperLeg"] = CFrame.new(0.058567, -0.039622, -0.039200, 0.993749, -0.066328, -0.089798, 0.079246, 0.985668, 0.148926, 0.078633, -0.155111, 0.984763)
    }},
    { Time = 0.350, Data = {
      ["Balls"] = CFrame.new(0.000000, -0.000000, 0.000000, 0.997495, -0.070740, 0.000000, 0.070740, 0.997495, 0.000000, 0.000000, 0.000000, 1.000000),
      ["Cock"] = CFrame.new(0.000000, 0.000000, 0.000000, 0.918815, 0.394688, 0.000000, -0.394688, 0.918815, -0.000000, -0.000000, 0.000000, 1.000000),
      ["Head"] = CFrame.new(0.000002, 0.083077, -0.066748, 1.000000, -0.000000, 0.000000, 0.000000, 0.891840, 0.452352, -0.000000, -0.452352, 0.891840),
      ["LeftUpperArm"] = CFrame.new(0.036095, -0.998073, 0.208439, 0.895893, -0.289965, -0.336596, -0.303351, 0.154271, -0.940308, 0.324583, 0.944521, 0.050250),
      ["LeftUpperLeg"] = CFrame.new(-0.058565, -0.039720, -0.039089, 0.993750, 0.066280, 0.089823, -0.079448, 0.985182, 0.152000, -0.078417, -0.158186, 0.984291),
      ["LowerTorso"] = CFrame.new(-0.000000, -0.024140, 0.659004, 1.000000, 0.000000, 0.000000, 0.000000, 0.998545, -0.053932, 0.000000, 0.053932, 0.998545),
      ["RightUpperArm"] = CFrame.new(-0.036095, -0.998073, 0.208439, 0.895893, 0.289965, 0.336596, 0.303351, 0.154271, -0.940308, -0.324583, 0.944521, 0.050250),
      ["RightUpperLeg"] = CFrame.new(0.058567, -0.039723, -0.039089, 0.993750, -0.066280, -0.089823, 0.079448, 0.985182, 0.152000, 0.078417, -0.158186, 0.984291)
    }},
    { Time = 0.367, Data = {
      ["Balls"] = CFrame.new(0.000000, -0.000000, 0.000000, 0.997409, -0.071946, 0.000000, 0.071946, 0.997409, 0.000000, 0.000000, 0.000000, 1.000000),
      ["Cock"] = CFrame.new(0.000000, -0.000000, 0.000000, 0.918432, 0.395579, 0.000000, -0.395579, 0.918432, -0.000000, -0.000000, 0.000000, 1.000000),
      ["Head"] = CFrame.new(0.000002, 0.083078, -0.066750, 1.000000, -0.000000, 0.000000, 0.000000, 0.890672, 0.454646, -0.000000, -0.454646, 0.890672),
      ["LeftUpperArm"] = CFrame.new(0.036096, -0.998914, 0.220325, 0.895898, -0.289962, -0.336584, -0.302487, 0.156745, -0.940177, 0.325374, 0.944115, 0.052718),
      ["LeftUpperLeg"] = CFrame.new(-0.058565, -0.039809, -0.038991, 0.993751, 0.066260, 0.089827, -0.079625, 0.984783, 0.154476, -0.078224, -0.160663, 0.983905),
      ["LowerTorso"] = CFrame.new(-0.000000, -0.024678, 0.656459, 1.000000, 0.000000, 0.000000, 0.000000, 0.998479, -0.055139, 0.000000, 0.055139, 0.998479),
      ["RightUpperArm"] = CFrame.new(-0.036095, -0.998914, 0.220325, 0.895898, 0.289962, 0.336584, 0.302487, 0.156745, -0.940177, -0.325374, 0.944115, 0.052718),
      ["RightUpperLeg"] = CFrame.new(0.058566, -0.039812, -0.038990, 0.993751, -0.066260, -0.089827, 0.079625, 0.984783, 0.154476, 0.078224, -0.160663, 0.983905)
    }},
    { Time = 0.383, Data = {
      ["Balls"] = CFrame.new(0.000000, -0.000000, 0.000000, 0.997352, -0.072721, 0.000000, 0.072721, 0.997352, 0.000000, 0.000000, 0.000000, 1.000000),
      ["Cock"] = CFrame.new(0.000000, 0.000000, 0.000000, 0.918118, 0.396307, 0.000000, -0.396307, 0.918118, -0.000000, -0.000000, 0.000000, 1.000000),
      ["Head"] = CFrame.new(0.000002, 0.083078, -0.066751, 1.000000, -0.000000, 0.000000, 0.000000, 0.889620, 0.456701, -0.000000, -0.456701, 0.889620),
      ["LeftUpperArm"] = CFrame.new(0.036077, -0.999538, 0.228811, 0.895862, -0.290031, -0.336619, -0.301940, 0.158429, -0.940071, 0.325980, 0.943812, 0.054359),
      ["LeftUpperLeg"] = CFrame.new(-0.058564, -0.039882, -0.038908, 0.993752, 0.066275, 0.089805, -0.079772, 0.984502, 0.156183, -0.078062, -0.162371, 0.983637),
      ["LowerTorso"] = CFrame.new(-0.000000, -0.025062, 0.654641, 1.000000, 0.000000, 0.000000, 0.000000, 0.998431, -0.056001, 0.000000, 0.056001, 0.998431),
      ["RightUpperArm"] = CFrame.new(-0.036077, -0.999538, 0.228811, 0.895862, 0.290031, 0.336619, 0.301940, 0.158429, -0.940071, -0.325980, 0.943812, 0.054359),
      ["RightUpperLeg"] = CFrame.new(0.058566, -0.039885, -0.038908, 0.993752, -0.066275, -0.089805, 0.079772, 0.984502, 0.156183, 0.078062, -0.162371, 0.983637)
    }},
    { Time = 0.400, Data = {
      ["Balls"] = CFrame.new(0.000000, 0.000000, 0.000000, 0.997314, -0.073238, 0.000000, 0.073238, 0.997314, 0.000000, 0.000000, 0.000000, 1.000000),
      ["Cock"] = CFrame.new(0.000000, 0.000000, 0.000000, 0.917943, 0.396712, 0.000000, -0.396712, 0.917943, -0.000000, -0.000000, 0.000000, 1.000000),
      ["Head"] = CFrame.new(0.000002, 0.083078, -0.066752, 1.000000, -0.000000, 0.000000, 0.000000, 0.888685, 0.458518, -0.000000, -0.458518, 0.888685),
      ["LeftUpperArm"] = CFrame.new(0.036080, -0.999882, 0.233902, 0.895864, -0.290019, -0.336624, -0.301558, 0.159551, -0.940003, 0.326328, 0.943627, 0.055478),
      ["LeftUpperLeg"] = CFrame.new(-0.058567, -0.039945, -0.038883, 0.993746, 0.066314, 0.089847, -0.079898, 0.984329, 0.157203, -0.078014, -0.163398, 0.983471),
      ["LowerTorso"] = CFrame.new(-0.000000, -0.025297, 0.653637, 1.000000, 0.000000, 0.000000, 0.000000, 0.998406, -0.056432, 0.000000, 0.056432, 0.998406),
      ["RightUpperArm"] = CFrame.new(-0.036080, -0.999882, 0.233902, 0.895864, 0.290019, 0.336624, 0.301558, 0.159551, -0.940003, -0.326328, 0.943627, 0.055478),
      ["RightUpperLeg"] = CFrame.new(0.058569, -0.039948, -0.038882, 0.993746, -0.066314, -0.089847, 0.079898, 0.984329, 0.157203, 0.078014, -0.163398, 0.983471)
    }},
    { Time = 0.417, Data = {
      ["Balls"] = CFrame.new(0.000000, -0.000000, 0.000000, 0.997308, -0.073324, 0.000000, 0.073324, 0.997308, 0.000000, 0.000000, 0.000000, 1.000000),
      ["Cock"] = CFrame.new(0.000000, 0.000000, 0.000000, 0.917908, 0.396793, 0.000000, -0.396793, 0.917908, -0.000000, -0.000000, 0.000000, 1.000000),
      ["Head"] = CFrame.new(0.000002, 0.083079, -0.066753, 1.000000, -0.000000, 0.000000, 0.000000, 0.887910, 0.460017, -0.000000, -0.460017, 0.887910),
      ["LeftUpperArm"] = CFrame.new(0.036080, -1.000006, 0.235600, 0.895865, -0.290022, -0.336620, -0.301437, 0.159887, -0.939985, 0.326438, 0.943569, 0.055814),
      ["LeftUpperLeg"] = CFrame.new(-0.058563, -0.039949, -0.038833, 0.993753, 0.066305, 0.089772, -0.079905, 0.984273, 0.157548, -0.077914, -0.163737, 0.983422),
      ["LowerTorso"] = CFrame.new(-0.000000, -0.025373, 0.653273, 1.000000, 0.000000, 0.000000, 0.000000, 0.998397, -0.056605, 0.000000, 0.056605, 0.998397),
      ["RightUpperArm"] = CFrame.new(-0.036080, -1.000006, 0.235600, 0.895865, 0.290022, 0.336620, 0.301437, 0.159887, -0.939985, -0.326438, 0.943569, 0.055814),
      ["RightUpperLeg"] = CFrame.new(0.058565, -0.039952, -0.038832, 0.993753, -0.066305, -0.089772, 0.079905, 0.984273, 0.157548, 0.077914, -0.163737, 0.983422)
    }},
    { Time = 0.433, Data = {
      ["Balls"] = CFrame.new(0.000000, -0.000000, 0.000000, 0.997314, -0.073238, 0.000000, 0.073238, 0.997314, 0.000000, 0.000000, 0.000000, 1.000000),
      ["Cock"] = CFrame.new(0.000000, 0.000000, 0.000000, 0.917943, 0.396712, 0.000000, -0.396712, 0.917943, -0.000000, -0.000000, 0.000000, 1.000000),
      ["Head"] = CFrame.new(0.000002, 0.083079, -0.066754, 1.000000, -0.000000, 0.000000, 0.000000, 0.887296, 0.461200, -0.000000, -0.461200, 0.887296),
      ["LeftUpperArm"] = CFrame.new(0.036086, -0.999957, 0.234738, 0.895864, -0.289999, -0.336641, -0.301538, 0.159663, -0.939991, 0.326346, 0.943614, 0.055590),
      ["LeftUpperLeg"] = CFrame.new(-0.058567, -0.039949, -0.038879, 0.993746, 0.066306, 0.089852, -0.079905, 0.984301, 0.157374, -0.078007, -0.163569, 0.983443),
      ["LowerTorso"] = CFrame.new(-0.000000, -0.025334, 0.653457, 1.000000, 0.000000, 0.000000, 0.000000, 0.998402, -0.056518, 0.000000, 0.056518, 0.998402),
      ["RightUpperArm"] = CFrame.new(-0.036086, -0.999957, 0.234738, 0.895864, 0.289999, 0.336641, 0.301538, 0.159663, -0.939991, -0.326346, 0.943614, 0.055590),
      ["RightUpperLeg"] = CFrame.new(0.058569, -0.039952, -0.038879, 0.993746, -0.066306, -0.089852, 0.079905, 0.984301, 0.157374, 0.078007, -0.163569, 0.983443)
    }},
    { Time = 0.450, Data = {
      ["Balls"] = CFrame.new(-0.000000, 0.000000, 0.000000, 0.997327, -0.073066, 0.000000, 0.073066, 0.997327, 0.000000, 0.000000, 0.000000, 1.000000),
      ["Cock"] = CFrame.new(0.000000, 0.000000, 0.000000, 0.918013, 0.396550, 0.000000, -0.396550, 0.918013, -0.000000, -0.000000, 0.000000, 1.000000),
      ["Head"] = CFrame.new(0.000002, 0.083079, -0.066755, 1.000000, -0.000000, 0.000000, 0.000000, 0.886804, 0.462146, -0.000000, -0.462146, 0.886804),
      ["LeftUpperArm"] = CFrame.new(0.036076, -0.999778, 0.232138, 0.895864, -0.290037, -0.336611, -0.301698, 0.159102, -0.940034, 0.326200, 0.943698, 0.055031),
      ["LeftUpperLeg"] = CFrame.new(-0.058564, -0.039896, -0.038894, 0.993752, 0.066244, 0.089828, -0.079799, 0.984391, 0.156866, -0.078035, -0.163054, 0.983526),
      ["LowerTorso"] = CFrame.new(-0.000000, -0.025216, 0.654008, 1.000000, 0.000000, 0.000000, 0.000000, 0.998416, -0.056260, 0.000000, 0.056260, 0.998416),
      ["RightUpperArm"] = CFrame.new(-0.036076, -0.999778, 0.232138, 0.895864, 0.290037, 0.336611, 0.301698, 0.159102, -0.940034, -0.326200, 0.943698, 0.055031),
      ["RightUpperLeg"] = CFrame.new(0.058566, -0.039899, -0.038893, 0.993752, -0.066244, -0.089828, 0.079799, 0.984391, 0.156866, 0.078035, -0.163054, 0.983526)
    }},
    { Time = 0.467, Data = {
      ["Balls"] = CFrame.new(0.000000, -0.000000, 0.000000, 0.997359, -0.072635, 0.000000, 0.072635, 0.997359, 0.000000, 0.000000, 0.000000, 1.000000),
      ["Cock"] = CFrame.new(0.000000, -0.000000, 0.000000, 0.918153, 0.396226, 0.000000, -0.396226, 0.918153, -0.000000, -0.000000, 0.000000, 1.000000),
      ["Head"] = CFrame.new(0.000002, 0.083079, -0.066755, 1.000000, -0.000000, 0.000000, 0.000000, 0.886434, 0.462855, -0.000000, -0.462855, 0.886434),
      ["LeftUpperArm"] = CFrame.new(0.036083, -0.999470, 0.227809, 0.895862, -0.290009, -0.336641, -0.302041, 0.158205, -0.940076, 0.325888, 0.943857, 0.054135),
      ["LeftUpperLeg"] = CFrame.new(-0.058564, -0.039879, -0.038912, 0.993752, 0.066282, 0.089800, -0.079765, 0.984529, 0.156012, -0.078069, -0.162200, 0.983665),
      ["LowerTorso"] = CFrame.new(-0.000000, -0.025021, 0.654927, 1.000000, 0.000000, 0.000000, 0.000000, 0.998440, -0.055829, 0.000000, 0.055829, 0.998440),
      ["RightUpperArm"] = CFrame.new(-0.036084, -0.999471, 0.227809, 0.895862, 0.290009, 0.336641, 0.302041, 0.158205, -0.940076, -0.325888, 0.943857, 0.054135),
      ["RightUpperLeg"] = CFrame.new(0.058566, -0.039882, -0.038911, 0.993752, -0.066282, -0.089800, 0.079765, 0.984529, 0.156012, 0.078069, -0.162200, 0.983665)
    }},
    { Time = 0.483, Data = {
      ["Balls"] = CFrame.new(0.000000, 0.000000, 0.000000, 0.997402, -0.072032, 0.000000, 0.072032, 0.997402, 0.000000, 0.000000, 0.000000, 1.000000),
      ["Cock"] = CFrame.new(0.000000, 0.000000, 0.000000, 0.918362, 0.395741, 0.000000, -0.395741, 0.918362, -0.000000, -0.000000, 0.000000, 1.000000),
      ["Head"] = CFrame.new(0.000002, 0.083079, -0.066755, 1.000000, -0.000000, 0.000000, 0.000000, 0.886228, 0.463249, -0.000000, -0.463249, 0.886228),
      ["LeftUpperArm"] = CFrame.new(0.036090, -0.999034, 0.221747, 0.895899, -0.289985, -0.336562, -0.302386, 0.156970, -0.940172, 0.325466, 0.944071, 0.052942),
      ["LeftUpperLeg"] = CFrame.new(-0.058564, -0.039814, -0.038985, 0.993751, 0.066248, 0.089835, -0.079635, 0.984742, 0.154732, -0.078214, -0.160919, 0.983864),
      ["LowerTorso"] = CFrame.new(-0.000000, -0.024746, 0.656213, 1.000000, 0.000000, 0.000000, 0.000000, 0.998474, -0.055225, 0.000000, 0.055225, 0.998474),
      ["RightUpperArm"] = CFrame.new(-0.036090, -0.999034, 0.221747, 0.895899, 0.289985, 0.336562, 0.302386, 0.156970, -0.940172, -0.325466, 0.944071, 0.052942),
      ["RightUpperLeg"] = CFrame.new(0.058566, -0.039817, -0.038985, 0.993751, -0.066248, -0.089835, 0.079635, 0.984742, 0.154732, 0.078214, -0.160919, 0.983864)
    }},
    { Time = 0.500, Data = {
      ["Balls"] = CFrame.new(-0.000000, 0.000000, 0.000000, 0.997458, -0.071257, 0.000000, 0.071257, 0.997458, 0.000000, 0.000000, 0.000000, 1.000000),
      ["Cock"] = CFrame.new(0.000000, 0.000000, 0.000000, 0.918641, 0.395093, 0.000000, -0.395093, 0.918641, -0.000000, -0.000000, 0.000000, 1.000000),
      ["Head"] = CFrame.new(0.000002, 0.083079, -0.066755, 1.000000, -0.000000, 0.000000, 0.000000, 0.886146, 0.463407, -0.000000, -0.463407, 0.886146),
      ["LeftUpperArm"] = CFrame.new(0.036098, -0.998469, 0.213951, 0.895895, -0.289952, -0.336600, -0.302970, 0.155396, -0.940245, 0.324933, 0.944341, 0.051372),
      ["LeftUpperLeg"] = CFrame.new(-0.058565, -0.039783, -0.039018, 0.993751, 0.066318, 0.089784, -0.079574, 0.984987, 0.153195, -0.078276, -0.159382, 0.984109),
