return {
  ["Astros taking it 4"] = {
    { Time = 0.000, Data = {
      ["Balls"] = CFrame.new(-0.000003, -0.000004, -0.000003, 0.999392, -0.034869, 0.000000, 0.034869, 0.999392, 0.000000, 0.000000, 0.000000, 1.000000),
      ["Cock"] = CFrame.new(-0.000977, 0.000653, 0.000004, 0.965930, 0.258805, 0.000000, -0.258805, 0.965930, -0.000000, -0.000000, 0.000000, 1.000000),
      ["Head"] = CFrame.new(-0.039971, -0.008200, 0.000000, 0.874598, -0.474558, -0.099362, 0.459137, 0.744789, 0.484234, -0.155793, -0.469131, 0.869278),
      ["LeftUpperArm"] = CFrame.new(0.007574, -0.002267, -0.033611, 0.999585, 0.028799, 0.000032, -0.028567, 0.991382, 0.127852, 0.003650, -0.127799, 0.991793),
      ["LeftUpperLeg"] = CFrame.new(-0.001943, -0.044033, 0.000008, 0.996115, 0.087306, 0.011548, -0.088066, 0.987489, 0.130802, 0.000017, -0.131310, 0.991341),
      ["LowerTorso"] = CFrame.new(-0.015870, -0.069126, -1.506113, -0.999774, -0.001932, -0.021167, 0.000035, 0.995710, -0.092529, 0.021255, -0.092509, -0.995485),
      ["RightUpperArm"] = CFrame.new(0.075630, -0.583465, -0.201360, 0.808798, 0.588086, -0.000017, 0.146408, -0.201383, -0.968509, -0.569570, 0.783326, -0.248979),
      ["RightUpperLeg"] = CFrame.new(0.000401, -0.019878, 0.002456, 0.999198, -0.039630, -0.005766, 0.039745, 0.963670, 0.264122, -0.004911, -0.264139, 0.964472),
      ["Tip"] = CFrame.new(-0.020000, 0.027918, -0.024984, 1.000000, 0.000000, 0.000000, 0.000000, 0.999392, -0.034869, 0.000000, 0.034869, 0.999392),
      ["cuumer"] = CFrame.new(-0.000759, -0.012656, 0.027016, 0.999935, -0.011396, -0.000133, 0.011379, 0.997568, 0.068758, -0.000651, -0.068755, 0.997633),
      ["rings"] = CFrame.new(-0.000068, -0.000222, 0.001001, 0.999996, 0.002609, -0.001077, -0.002570, 0.999392, 0.034784, 0.001167, -0.034781, 0.999394),
      ["x_C3"] = CFrame.new(0.000000, 0.048400, -0.023513, 1.000000, -0.000000, 0.000000, 0.000000, 0.985364, 0.170463, -0.000000, -0.170463, 0.985364)
    }},
    { Time = 0.017, Data = {
      ["Head"] = CFrame.new(-0.039971, -0.008200, 0.000000, 0.874598, -0.474558, -0.099362, 0.459137, 0.744789, 0.484234, -0.155793, -0.469131, 0.869278),
      ["LeftUpperArm"] = CFrame.new(0.007574, -0.002269, -0.033634, 0.999585, 0.028799, 0.000034, -0.028567, 0.991371, 0.127937, 0.003651, -0.127885, 0.991782),
      ["LeftUpperLeg"] = CFrame.new(-0.001943, -0.044033, 0.000010, 0.996115, 0.087306, 0.011551, -0.088066, 0.987478, 0.130887, 0.000021, -0.131396, 0.991330),
      ["LowerTorso"] = CFrame.new(-0.015870, -0.069119, -1.506049, -0.999774, -0.001932, -0.021167, 0.000035, 0.995710, -0.092529, 0.021255, -0.092509, -0.995485),
      ["RightUpperArm"] = CFrame.new(0.075628, -0.583494, -0.201307, 0.808798, 0.588086, -0.000017, 0.146408, -0.201383, -0.968509, -0.569570, 0.783326, -0.248979),
      ["RightUpperLeg"] = CFrame.new(0.000401, -0.019883, 0.002460, 0.999198, -0.039630, -0.005768, 0.039745, 0.963647, 0.264206, -0.004912, -0.264223, 0.964449),
      ["x_C3"] = CFrame.new(0.000000, 0.048400, -0.023513, 1.000000, -0.000000, 0.000000, 0.000000, 0.985364, 0.170463, -0.000000, -0.170463, 0.985364)
    }},
    { Time = 0.033, Data = {
      ["Head"] = CFrame.new(-0.039971, -0.008200, -0.000000, 0.874598, -0.474562, -0.099340, 0.459144, 0.744833, 0.484159, -0.155772, -0.469056, 0.869322),
      ["LeftUpperArm"] = CFrame.new(0.007574, -0.002278, -0.033702, 0.999585, 0.028799, 0.000037, -0.028566, 0.991338, 0.128195, 0.003655, -0.128143, 0.991749),
      ["LeftUpperLeg"] = CFrame.new(-0.001947, -0.044082, -0.000063, 0.996106, 0.087378, 0.011748, -0.088164, 0.987414, 0.131308, -0.000127, -0.131832, 0.991272),
      ["LowerTorso"] = CFrame.new(-0.015863, -0.069063, -1.505508, -0.999774, -0.001933, -0.021167, 0.000036, 0.995702, -0.092615, 0.021255, -0.092595, -0.995477),
      ["RightUpperArm"] = CFrame.new(0.075613, -0.583699, -0.200931, 0.808798, 0.588086, -0.000017, 0.146408, -0.201383, -0.968509, -0.569570, 0.783326, -0.248979),
      ["RightUpperLeg"] = CFrame.new(0.000403, -0.019929, 0.002444, 0.999198, -0.039617, -0.005862, 0.039756, 0.963532, 0.264624, -0.004836, -0.264645, 0.964334),
      ["x_C3"] = CFrame.new(0.000000, 0.048400, -0.023513, 1.000000, -0.000000, 0.000000, 0.000000, 0.985364, 0.170463, -0.000000, -0.170463, 0.985364)
    }},
    { Time = 0.050, Data = {
      ["Head"] = CFrame.new(-0.039971, -0.008200, -0.000000, 0.874639, -0.474519, -0.099193, 0.459061, 0.744964, 0.484036, -0.155789, -0.468892, 0.869408),
      ["LeftUpperArm"] = CFrame.new(0.007574, -0.002302, -0.033882, 0.999585, 0.028799, 0.000047, -0.028565, 0.991249, 0.128881, 0.003665, -0.128829, 0.991660),
      ["LeftUpperLeg"] = CFrame.new(-0.001948, -0.044096, -0.000252, 0.996103, 0.087342, 0.012231, -0.088192, 0.987253, 0.132488, -0.000504, -0.133050, 0.991109),
      ["LowerTorso"] = CFrame.new(-0.015844, -0.068898, -1.503929, -0.999774, -0.001936, -0.021167, 0.000040, 0.995670, -0.092959, 0.021255, -0.092939, -0.995445),
      ["RightUpperArm"] = CFrame.new(0.075572, -0.584254, -0.199911, 0.808798, 0.588086, -0.000017, 0.146408, -0.201383, -0.968509, -0.569570, 0.783326, -0.248979),
      ["RightUpperLeg"] = CFrame.new(0.000408, -0.020036, 0.002519, 0.999198, -0.039614, -0.005886, 0.039753, 0.963208, 0.265799, -0.004860, -0.265820, 0.964010),
      ["x_C3"] = CFrame.new(0.000000, 0.048400, -0.023513, 1.000000, -0.000000, 0.000000, 0.000000, 0.985364, 0.170463, -0.000000, -0.170463, 0.985364)
    }},
    { Time = 0.067, Data = {
      ["Head"] = CFrame.new(-0.039971, -0.008200, 0.000000, 0.874636, -0.474563, -0.099003, 0.459075, 0.745185, 0.483684, -0.155763, -0.468497, 0.869625),
      ["LeftUpperArm"] = CFrame.new(0.007574, -0.002349, -0.034243, 0.999585, 0.028799, 0.000067, -0.028563, 0.991069, 0.130253, 0.003685, -0.130201, 0.991481),
      ["LeftUpperLeg"] = CFrame.new(-0.001959, -0.044212, -0.000625, 0.996082, 0.087440, 0.013205, -0.088423, 0.986925, 0.134761, -0.001249, -0.135401, 0.990790),
      ["LowerTorso"] = CFrame.new(-0.015720, -0.068567, -1.500752, -0.999774, -0.002031, -0.021162, -0.000038, 0.995597, -0.093734, 0.021259, -0.093712, -0.995372),
      ["RightUpperArm"] = CFrame.new(0.075492, -0.585336, -0.197925, 0.808798, 0.588086, -0.000017, 0.146408, -0.201383, -0.968509, -0.569570, 0.783326, -0.248979),
      ["RightUpperLeg"] = CFrame.new(0.000417, -0.020246, 0.002663, 0.999198, -0.039607, -0.005933, 0.039747, 0.962580, 0.268066, -0.004907, -0.268086, 0.963382),
      ["x_C3"] = CFrame.new(0.000000, 0.048400, -0.023513, 1.000000, -0.000000, 0.000000, 0.000000, 0.985364, 0.170463, -0.000000, -0.170463, 0.985364)
    }},
    { Time = 0.083, Data = {
      ["Head"] = CFrame.new(-0.039971, -0.008200, -0.000000, 0.874631, -0.474643, -0.098666, 0.459088, 0.745536, 0.483129, -0.155755, -0.467856, 0.869972),
      ["LeftUpperArm"] = CFrame.new(0.007574, -0.002426, -0.034829, 0.999585, 0.028799, 0.000100, -0.028559, 0.990774, 0.132483, 0.003717, -0.132431, 0.991185),
      ["LeftUpperLeg"] = CFrame.new(-0.001972, -0.044349, -0.001264, 0.996055, 0.087484, 0.014850, -0.088699, 0.986376, 0.138548, -0.002527, -0.139318, 0.990244),
      ["LowerTorso"] = CFrame.new(-0.015659, -0.068036, -1.495674, -0.999774, -0.002043, -0.021161, -0.000026, 0.995491, -0.094853, 0.021259, -0.094831, -0.995267),
      ["RightUpperArm"] = CFrame.new(0.075361, -0.587093, -0.194644, 0.808798, 0.588086, 0.000017, 0.146375, -0.201283, -0.968535, -0.569578, 0.783352, -0.248878),
      ["RightUpperLeg"] = CFrame.new(0.000432, -0.020597, 0.002858, 0.999198, -0.039583, -0.006096, 0.039749, 0.961522, 0.271838, -0.004899, -0.271863, 0.962324),
      ["x_C3"] = CFrame.new(0.000000, 0.048400, -0.023513, 1.000000, -0.000000, 0.000000, 0.000000, 0.985364, 0.170463, -0.000000, -0.170463, 0.985364)
    }},
    { Time = 0.100, Data = {
      ["Head"] = CFrame.new(-0.039971, -0.008200, -0.000000, 0.874620, -0.474784, -0.098081, 0.459085, 0.746063, 0.482318, -0.155823, -0.466873, 0.870488),
      ["LeftUpperArm"] = CFrame.new(0.007572, -0.002545, -0.035709, 0.999585, 0.028793, 0.000234, -0.028558, 0.990321, 0.135825, 0.003679, -0.135775, 0.990733),
      ["LeftUpperLeg"] = CFrame.new(-0.001994, -0.044557, -0.002156, 0.996012, 0.087546, 0.017191, -0.089114, 0.985517, 0.144273, -0.004311, -0.145229, 0.989389),
      ["LowerTorso"] = CFrame.new(-0.015568, -0.067236, -1.488044, -0.999774, -0.002061, -0.021159, -0.000008, 0.995326, -0.096573, 0.021259, -0.096551, -0.995101),
      ["RightUpperArm"] = CFrame.new(0.075165, -0.589754, -0.189758, 0.808798, 0.588086, 0.000017, 0.146375, -0.201283, -0.968535, -0.569578, 0.783352, -0.248878),
      ["RightUpperLeg"] = CFrame.new(0.000454, -0.021125, 0.003128, 0.999198, -0.039541, -0.006382, 0.039759, 0.959917, 0.277449, -0.004844, -0.277480, 0.960719),
      ["x_C3"] = CFrame.new(0.000000, 0.048400, -0.023513, 1.000000, -0.000000, 0.000000, 0.000000, 0.985364, 0.170463, -0.000000, -0.170463, 0.985364)
    }},
    { Time = 0.117, Data = {
      ["Head"] = CFrame.new(-0.039971, -0.008200, 0.000000, 0.874609, -0.474947, -0.097385, 0.459118, 0.746808, 0.481133, -0.155784, -0.465515, 0.871222),
      ["LeftUpperArm"] = CFrame.new(0.007571, -0.002718, -0.036949, 0.999586, 0.028786, 0.000389, -0.028555, 0.989664, 0.140537, 0.003661, -0.140489, 0.990075),
      ["LeftUpperLeg"] = CFrame.new(-0.002031, -0.044891, -0.003421, 0.995938, 0.087679, 0.020499, -0.089784, 0.984280, 0.152089, -0.006842, -0.153312, 0.988154),
      ["LowerTorso"] = CFrame.new(-0.015442, -0.066123, -1.477474, -0.999774, -0.002086, -0.021157, 0.000017, 0.995098, -0.098895, 0.021259, -0.098873, -0.994873),
      ["RightUpperArm"] = CFrame.new(0.074906, -0.593456, -0.182949, 0.808756, 0.588144, 0.000073, 0.146433, -0.201241, -0.968535, -0.569623, 0.783319, -0.248878),
      ["RightUpperLeg"] = CFrame.new(0.000485, -0.021856, 0.003538, 0.999197, -0.039490, -0.006713, 0.039764, 0.957635, 0.285227, -0.004835, -0.285265, 0.958437),
      ["x_C3"] = CFrame.new(0.000000, 0.048400, -0.023513, 1.000000, -0.000000, 0.000000, 0.000000, 0.985364, 0.170463, -0.000000, -0.170463, 0.985364)
    }},
    { Time = 0.133, Data = {
      ["Head"] = CFrame.new(-0.039971, -0.008200, -0.000000, 0.874636, -0.475099, -0.096397, 0.459068, 0.747811, 0.479620, -0.155780, -0.463746, 0.872165),
      ["LeftUpperArm"] = CFrame.new(0.007569, -0.002957, -0.038593, 0.999586, 0.028779, 0.000566, -0.028550, 0.988756, 0.146787, 0.003665, -0.146742, 0.989168),
      ["LeftUpperLeg"] = CFrame.new(-0.002085, -0.045329, -0.005133, 0.995829, 0.087754, 0.024970, -0.090658, 0.982522, 0.162580, -0.010266, -0.164166, 0.986379),
      ["LowerTorso"] = CFrame.new(-0.015186, -0.064623, -1.463319, -0.999774, -0.002206, -0.021149, -0.000035, 0.994776, -0.102078, 0.021264, -0.102054, -0.994552),
      ["RightUpperArm"] = CFrame.new(0.074542, -0.598397, -0.173876, 0.808756, 0.588144, 0.000073, 0.146433, -0.201241, -0.968535, -0.569623, 0.783319, -0.248878),
      ["RightUpperLeg"] = CFrame.new(0.000527, -0.022826, 0.004111, 0.999197, -0.039428, -0.007096, 0.039763, 0.954517, 0.295492, -0.004877, -0.295537, 0.955319),
      ["x_C3"] = CFrame.new(0.000000, 0.048400, -0.023513, 1.000000, -0.000000, 0.000000, 0.000000, 0.985364, 0.170463, -0.000000, -0.170463, 0.985364)
    }},
    { Time = 0.150, Data = {
      ["Head"] = CFrame.new(-0.039971, -0.008200, 0.000000, 0.874614, -0.475394, -0.095137, 0.459093, 0.749028, 0.477694, -0.155832, -0.461474, 0.873360),
      ["LeftUpperArm"] = CFrame.new(0.007566, -0.003276, -0.040687, 0.999586, 0.028769, 0.000768, -0.028542, 0.987542, 0.154744, 0.003694, -0.154702, 0.987954),
      ["LeftUpperLeg"] = CFrame.new(-0.002163, -0.045885, -0.007282, 0.995674, 0.087731, 0.030612, -0.091770, 0.980105, 0.175987, -0.014564, -0.178035, 0.983916),
      ["LowerTorso"] = CFrame.new(-0.014968, -0.062678, -1.445098, -0.999774, -0.002250, -0.021144, 0.000009, 0.994344, -0.106204, 0.021264, -0.106180, -0.994120),
      ["RightUpperArm"] = CFrame.new(0.074074, -0.604742, -0.162227, 0.808756, 0.588144, 0.000073, 0.146433, -0.201241, -0.968535, -0.569623, 0.783319, -0.248878),
      ["RightUpperLeg"] = CFrame.new(0.000580, -0.024074, 0.004829, 0.999197, -0.039337, -0.007625, 0.039769, 0.950320, 0.308723, -0.004898, -0.308778, 0.951121),
      ["x_C3"] = CFrame.new(0.000000, 0.048400, -0.023513, 1.000000, -0.000000, 0.000000, 0.000000, 0.985364, 0.170463, -0.000000, -0.170463, 0.985364)
    }},
    { Time = 0.167, Data = {
      ["Head"] = CFrame.new(-0.039971, -0.008200, -0.000000, 0.874632, -0.475666, -0.093598, 0.459079, 0.750627, 0.475191, -0.155775, -0.458586, 0.874890),
      ["LeftUpperArm"] = CFrame.new(0.007562, -0.003698, -0.043295, 0.999586, 0.028751, 0.001084, -0.028537, 0.985938, 0.164657, 0.003665, -0.164620, 0.986350),
      ["LeftUpperLeg"] = CFrame.new(-0.002283, -0.046675, -0.009932, 0.995435, 0.087710, 0.037630, -0.093352, 0.976824, 0.192617, -0.019864, -0.195250, 0.980552),
      ["LowerTorso"] = CFrame.new(-0.014611, -0.060234, -1.422430, -0.999774, -0.002390, -0.021134, -0.000023, 0.993790, -0.111275, 0.021268, -0.111249, -0.993565),
      ["RightUpperArm"] = CFrame.new(0.073490, -0.612665, -0.147679, 0.808756, 0.588144, 0.000073, 0.146433, -0.201241, -0.968535, -0.569623, 0.783319, -0.248878),
      ["RightUpperLeg"] = CFrame.new(0.000646, -0.025637, 0.005715, 0.999196, -0.039213, -0.008305, 0.039782, 0.944859, 0.325053, -0.004900, -0.325122, 0.945659),
      ["x_C3"] = CFrame.new(0.000000, 0.048400, -0.023513, 1.000000, -0.000000, 0.000000, 0.000000, 0.985364, 0.170463, -0.000000, -0.170463, 0.985364)
    }},
    { Time = 0.183, Data = {
      ["Head"] = CFrame.new(-0.039971, -0.008200, -0.000000, 0.874597, -0.476103, -0.091686, 0.459126, 0.752472, 0.472217, -0.155833, -0.455095, 0.876701),
      ["LeftUpperArm"] = CFrame.new(0.007578, -0.004250, -0.046484, 0.999584, 0.028814, 0.001441, -0.028615, 0.983835, 0.176776, 0.003676, -0.176743, 0.984250),
      ["LeftUpperLeg"] = CFrame.new(-0.002452, -0.047660, -0.013198, 0.995096, 0.087411, 0.046286, -0.095322, 0.972406, 0.212934, -0.026396, -0.216302, 0.975970),
      ["LowerTorso"] = CFrame.new(-0.014280, -0.057214, -1.394750, -0.999774, -0.002456, -0.021126, 0.000043, 0.993078, -0.117459, 0.021268, -0.117434, -0.992853),
      ["RightUpperArm"] = CFrame.new(0.072776, -0.622316, -0.129904, 0.808756, 0.588144, 0.000107, 0.146401, -0.201140, -0.968561, -0.569632, 0.783345, -0.248778),
      ["RightUpperLeg"] = CFrame.new(0.000728, -0.027548, 0.006793, 0.999196, -0.039047, -0.009143, 0.039804, 0.937784, 0.344930, -0.004894, -0.345016, 0.938584),
      ["x_C3"] = CFrame.new(0.000000, 0.048400, -0.023513, 1.000000, -0.000000, 0.000000, 0.000000, 0.985364, 0.170463, -0.000000, -0.170463, 0.985364)
    }},
    { Time = 0.200, Data = {
      ["Head"] = CFrame.new(-0.039971, -0.008200, 0.000000, 0.874598, -0.476537, -0.089391, 0.459121, 0.754729, 0.468606, -0.155843, -0.450883, 0.878873),
      ["LeftUpperArm"] = CFrame.new(0.007571, -0.004968, -0.050316, 0.999584, 0.028786, 0.001826, -0.028604, 0.981106, 0.191343, 0.003716, -0.191315, 0.981522),
      ["LeftUpperLeg"] = CFrame.new(-0.002696, -0.048968, -0.017054, 0.994608, 0.086901, 0.056601, -0.097939, 0.966549, 0.237048, -0.034108, -0.241313, 0.969848),
      ["LowerTorso"] = CFrame.new(-0.013796, -0.053535, -1.361503, -0.999774, -0.002621, -0.021111, 0.000037, 0.992166, -0.124928, 0.021273, -0.124901, -0.991942),
      ["RightUpperArm"] = CFrame.new(0.071920, -0.633924, -0.108591, 0.808756, 0.588144, 0.000107, 0.146401, -0.201140, -0.968561, -0.569632, 0.783345, -0.248778),
      ["RightUpperLeg"] = CFrame.new(0.000824, -0.029801, 0.008079, 0.999198, -0.038746, -0.010130, 0.039751, 0.928733, 0.368611, -0.004874, -0.368718, 0.929528),
      ["x_C3"] = CFrame.new(0.000000, 0.048400, -0.023513, 1.000000, -0.000000, 0.000000, 0.000000, 0.985364, 0.170463, -0.000000, -0.170463, 0.985364)
    }},
    { Time = 0.217, Data = {
      ["Head"] = CFrame.new(-0.039971, -0.008200, 0.000000, 0.874634, -0.476969, -0.086693, 0.459072, 0.757429, 0.464279, -0.155783, -0.445873, 0.881436),
      ["LeftUpperArm"] = CFrame.new(0.007559, -0.005847, -0.054632, 0.999584, 0.028743, 0.002325, -0.028599, 0.977765, 0.207745, 0.003698, -0.207725, 0.978180),
      ["LeftUpperLeg"] = CFrame.new(-0.003023, -0.050545, -0.021424, 0.993954, 0.085935, 0.068345, -0.101094, 0.959149, 0.264224, -0.042847, -0.269535, 0.962037),
      ["LowerTorso"] = CFrame.new(-0.013259, -0.049301, -1.323856, -0.999774, -0.002797, -0.021094, 0.000041, 0.991071, -0.133335, 0.021279, -0.133306, -0.990847),
      ["RightUpperArm"] = CFrame.new(0.070949, -0.647062, -0.084414, 0.808756, 0.588144, 0.000140, 0.146368, -0.201039, -0.968586, -0.569640, 0.783371, -0.248677),
      ["RightUpperLeg"] = CFrame.new(0.000935, -0.032410, 0.009538, 0.999196, -0.038475, -0.011277, 0.039799, 0.917773, 0.395106, -0.004852, -0.395238, 0.918566),
      ["x_C3"] = CFrame.new(0.000000, 0.048400, -0.023513, 1.000000, -0.000000, 0.000000, 0.000000, 0.985364, 0.170463, -0.000000, -0.170463, 0.985364)
    }},
    { Time = 0.233, Data = {
      ["Head"] = CFrame.new(-0.039971, -0.008200, 0.000000, 0.874615, -0.477560, -0.083574, 0.459102, 0.760429, 0.459319, -0.155800, -0.440096, 0.884331),
      ["LeftUpperArm"] = CFrame.new(0.007547, -0.006681, -0.058424, 0.999584, 0.028696, 0.002794, -0.028600, 0.974592, 0.222156, 0.003652, -0.222143, 0.975007),
      ["LeftUpperLeg"] = CFrame.new(-0.003359, -0.052076, -0.025203, 0.993283, 0.084888, 0.078635, -0.104157, 0.951942, 0.288024, -0.050406, -0.294280, 0.954389),
      ["LowerTorso"] = CFrame.new(-0.012776, -0.045501, -1.290619, -0.999774, -0.002962, -0.021078, 0.000035, 0.990039, -0.140792, 0.021285, -0.140761, -0.989815),
      ["RightUpperArm"] = CFrame.new(0.070081, -0.658669, -0.063092, 0.808789, 0.588099, 0.000201, 0.146424, -0.201039, -0.968578, -0.569579, 0.783405, -0.248710),
      ["RightUpperLeg"] = CFrame.new(0.001031, -0.034670, 0.010823, 0.999198, -0.038134, -0.012250, 0.039761, 0.907472, 0.418228, -0.004832, -0.418379, 0.908260),
      ["x_C3"] = CFrame.new(0.000000, 0.048400, -0.023513, 1.000000, -0.000000, 0.000000, 0.000000, 0.985364, 0.170463, -0.000000, -0.170463, 0.985364)
    }},
    { Time = 0.250, Data = {
      ["Head"] = CFrame.new(-0.039971, -0.008200, 0.000000, 0.874627, -0.478163, -0.079927, 0.459084, 0.763924, 0.453499, -0.155788, -0.433336, 0.887666),
      ["LeftUpperArm"] = CFrame.new(0.007537, -0.007416, -0.061561, 0.999584, 0.028658, 0.003141, -0.028597, 0.971796, 0.234081, 0.003656, -0.234074, 0.972212),
      ["LeftUpperLeg"] = CFrame.new(-0.003663, -0.053356, -0.028323, 0.992674, 0.083691, 0.087139, -0.106717, 0.945508, 0.307614, -0.056646, -0.314659, 0.947513),
      ["LowerTorso"] = CFrame.new(-0.012365, -0.042297, -1.262957, -0.999775, -0.003108, -0.020976, 0.000009, 0.989143, -0.146959, 0.021205, -0.146926, -0.988920),
      ["RightUpperArm"] = CFrame.new(0.069368, -0.668347, -0.045324, 0.808789, 0.588099, 0.000201, 0.146424, -0.201039, -0.968578, -0.569579, 0.783405, -0.248710),
      ["RightUpperLeg"] = CFrame.new(0.001112, -0.036582, 0.011946, 0.999196, -0.037925, -0.012989, 0.039785, 0.898422, 0.437327, -0.004916, -0.437493, 0.899209),
      ["x_C3"] = CFrame.new(0.000000, 0.048400, -0.023513, 1.000000, -0.000000, 0.000000, 0.000000, 0.985364, 0.170463, -0.000000, -0.170463, 0.985364)
    }},
    { Time = 0.267, Data = {
      ["Head"] = CFrame.new(-0.039971, -0.008200, 0.000000, 0.874634, -0.478745, -0.076278, 0.459072, 0.767368, 0.447659, -0.155781, -0.426555, 0.890945),
      ["LeftUpperArm"] = CFrame.new(0.007530, -0.008050, -0.064137, 0.999584, 0.028631, 0.003371, -0.028589, 0.969386, 0.243873, 0.003714, -0.243868, 0.969801),
      ["LeftUpperLeg"] = CFrame.new(-0.003940, -0.054500, -0.030890, 0.992120, 0.082634, 0.094182, -0.109004, 0.939891, 0.323609, -0.061779, -0.331325, 0.941492),
      ["LowerTorso"] = CFrame.new(-0.012008, -0.039644, -1.240309, -0.999775, -0.003247, -0.020961, -0.000023, 0.988379, -0.152010, 0.021211, -0.151975, -0.988157),
      ["RightUpperArm"] = CFrame.new(0.068783, -0.676244, -0.030769, 0.808789, 0.588099, 0.000235, 0.146391, -0.200938, -0.968604, -0.569588, 0.783430, -0.248609),
      ["RightUpperLeg"] = CFrame.new(0.001178, -0.038114, 0.012825, 0.999198, -0.037647, -0.013632, 0.039737, 0.890726, 0.452800, -0.004904, -0.452978, 0.891508),
      ["x_C3"] = CFrame.new(0.000000, 0.048400, -0.023513, 1.000000, -0.000000, 0.000000, 0.000000, 0.985364, 0.170463, -0.000000, -0.170463, 0.985364)
    }},
    { Time = 0.283, Data = {
      ["Head"] = CFrame.new(-0.039971, -0.008200, 0.000000, 0.874607, -0.479286, -0.073133, 0.459123, 0.770283, 0.442572, -0.155786, -0.420654, 0.893746),
      ["LeftUpperArm"] = CFrame.new(0.007521, -0.008577, -0.066199, 0.999584, 0.028595, 0.003659, -0.028595, 0.967381, 0.251709, 0.003659, -0.251709, 0.967796),
      ["LeftUpperLeg"] = CFrame.new(-0.004171, -0.055429, -0.032872, 0.991659, 0.081709, 0.099683, -0.110865, 0.935200, 0.336317, -0.065744, -0.344563, 0.936458),
      ["LowerTorso"] = CFrame.new(-0.011791, -0.037504, -1.222196, -0.999775, -0.003290, -0.020955, 0.000020, 0.987752, -0.156030, 0.021211, -0.155996, -0.987530),
      ["RightUpperArm"] = CFrame.new(0.068316, -0.682588, -0.019120, 0.808789, 0.588099, 0.000235, 0.146391, -0.200938, -0.968604, -0.569588, 0.783430, -0.248609),
      ["RightUpperLeg"] = CFrame.new(0.001232, -0.039384, 0.013503, 0.999197, -0.037468, -0.014228, 0.039785, 0.884363, 0.465101, -0.004844, -0.465293, 0.885143),
      ["x_C3"] = CFrame.new(0.000000, 0.048400, -0.023513, 1.000000, -0.000000, 0.000000, 0.000000, 0.985364, 0.170463, -0.000000, -0.170463, 0.985364)
    }},
    { Time = 0.300, Data = {
      ["Head"] = CFrame.new(-0.039971, -0.008200, 0.000000, 0.874627, -0.479665, -0.070349, 0.459072, 0.772811, 0.438197, -0.155821, -0.415554, 0.896122),
      ["LeftUpperArm"] = CFrame.new(0.007515, -0.008997, -0.067793, 0.999584, 0.028573, 0.003834, -0.028595, 0.965784, 0.257767, 0.003663, -0.257769, 0.966200),
      ["LeftUpperLeg"] = CFrame.new(-0.004359, -0.056160, -0.034436, 0.991282, 0.080890, 0.104006, -0.112326, 0.931424, 0.346169, -0.068872, -0.354834, 0.932389),
      ["LowerTorso"] = CFrame.new(-0.011536, -0.035821, -1.208057, -0.999775, -0.003410, -0.020942, -0.000032, 0.987247, -0.159195, 0.021218, -0.159159, -0.987025),
      ["RightUpperArm"] = CFrame.new(0.067951, -0.687530, -0.010048, 0.808789, 0.588099, 0.000235, 0.146391, -0.200938, -0.968604, -0.569588, 0.783430, -0.248609),
      ["RightUpperLeg"] = CFrame.new(0.001273, -0.040362, 0.014078, 0.999196, -0.037349, -0.014597, 0.039801, 0.879303, 0.474597, -0.004891, -0.474796, 0.880082),
      ["x_C3"] = CFrame.new(0.000000, 0.048400, -0.023513, 1.000000, -0.000000, 0.000000, 0.000000, 0.985364, 0.170463, -0.000000, -0.170463, 0.985364)
    }},
    { Time = 0.317, Data = {
      ["Head"] = CFrame.new(-0.039971, -0.008200, 0.000000, 0.874615, -0.480023, -0.068026, 0.459095, 0.774918, 0.434435, -0.155824, -0.411193, 0.898131),
      ["LeftUpperArm"] = CFrame.new(0.007509, -0.009324, -0.069010, 0.999584, 0.028552, 0.003988, -0.028598, 0.964538, 0.262390, 0.003645, -0.262395, 0.964954),
      ["LeftUpperLeg"] = CFrame.new(-0.004512, -0.056775, -0.035605, 0.990976, 0.080349, 0.107283, -0.113555, 0.928514, 0.353507, -0.071210, -0.362499, 0.929260),
      ["LowerTorso"] = CFrame.new(-0.011409, -0.034547, -1.197417, -0.999775, -0.003435, -0.020938, -0.000006, 0.986858, -0.161588, 0.021218, -0.161552, -0.986636),
      ["RightUpperArm"] = CFrame.new(0.067677, -0.691243, -0.003230, 0.808789, 0.588099, 0.000235, 0.146391, -0.200938, -0.968604, -0.569588, 0.783430, -0.248609),
      ["RightUpperLeg"] = CFrame.new(0.001303, -0.041061, 0.014479, 0.999198, -0.037163, -0.014894, 0.039740, 0.875429, 0.481711, -0.004863, -0.481917, 0.876204),
      ["x_C3"] = CFrame.new(0.000000, 0.048400, -0.023513, 1.000000, -0.000000, 0.000000, 0.000000, 0.985364, 0.170463, -0.000000, -0.170463, 0.985364)
    }},
    { Time = 0.333, Data = {
      ["Head"] = CFrame.new(-0.039971, -0.008200, 0.000000, 0.874613, -0.480286, -0.066166, 0.459108, 0.776621, 0.431370, -0.155795, -0.407659, 0.899746),
      ["LeftUpperArm"] = CFrame.new(0.007508, -0.009554, -0.069849, 0.999584, 0.028545, 0.004035, -0.028592, 0.963664, 0.265581, 0.003693, -0.265586, 0.964080),
      ["LeftUpperLeg"] = CFrame.new(-0.004616, -0.057152, -0.036437, 0.990769, 0.079817, 0.109574, -0.114309, 0.926401, 0.358767, -0.072874, -0.367980, 0.926973),
      ["LowerTorso"] = CFrame.new(-0.011319, -0.033645, -1.189884, -0.999775, -0.003452, -0.020935, 0.000011, 0.986591, -0.163212, 0.021218, -0.163176, -0.986369),
      ["RightUpperArm"] = CFrame.new(0.067481, -0.693903, 0.001655, 0.808789, 0.588099, 0.000235, 0.146391, -0.200938, -0.968604, -0.569588, 0.783430, -0.248609),
      ["RightUpperLeg"] = CFrame.new(0.001326, -0.041587, 0.014792, 0.999198, -0.037098, -0.015085, 0.039747, 0.872621, 0.486778, -0.004895, -0.486987, 0.873396),
      ["x_C3"] = CFrame.new(0.000000, 0.048400, -0.023513, 1.000000, -0.000000, 0.000000, 0.000000, 0.985364, 0.170463, -0.000000, -0.170463, 0.985364)
    }},
    { Time = 0.350, Data = {
      ["Head"] = CFrame.new(-0.039971, -0.008200, 0.000000, 0.874615, -0.480504, -0.064541, 0.459092, 0.778043, 0.428817, -0.155832, -0.404680, 0.901083),
      ["LeftUpperArm"] = CFrame.new(0.007506, -0.009713, -0.070423, 0.999584, 0.028541, 0.004067, -0.028587, 0.963060, 0.267764, 0.003725, -0.267769, 0.963476),
      ["LeftUpperLeg"] = CFrame.new(-0.004693, -0.057442, -0.037028, 0.990614, 0.079495, 0.111195, -0.114890, 0.924969, 0.362260, -0.074055, -0.371635, 0.925421),
      ["LowerTorso"] = CFrame.new(-0.011257, -0.033021, -1.184726, -0.999775, -0.003465, -0.020933, 0.000024, 0.986392, -0.164408, 0.021218, -0.164372, -0.986170),
      ["RightUpperArm"] = CFrame.new(0.067350, -0.695687, 0.004930, 0.808789, 0.588099, 0.000235, 0.146391, -0.200938, -0.968604, -0.569588, 0.783430, -0.248609),
      ["RightUpperLeg"] = CFrame.new(0.001341, -0.041943, 0.014988, 0.999197, -0.037046, -0.015241, 0.039760, 0.870703, 0.490200, -0.004889, -0.490412, 0.871477),
      ["x_C3"] = CFrame.new(0.000000, 0.048400, -0.023513, 1.000000, -0.000000, 0.000000, 0.000000, 0.985364, 0.170463, -0.000000, -0.170463, 0.985364)
    }},
    { Time = 0.367, Data = {
      ["Head"] = CFrame.new(-0.039971, -0.008200, 0.000000, 0.874628, -0.480642, -0.063314, 0.459086, 0.779189, 0.426736, -0.155773, -0.402302, 0.902157),
      ["LeftUpperArm"] = CFrame.new(0.007502, -0.009811, -0.070777, 0.999584, 0.028526, 0.004173, -0.028597, 0.962686, 0.269106, 0.003660, -0.269113, 0.963102),
      ["LeftUpperLeg"] = CFrame.new(-0.004734, -0.057600, -0.037331, 0.990532, 0.079299, 0.112065, -0.115207, 0.924085, 0.364409, -0.074661, -0.373869, 0.924472),
      ["LowerTorso"] = CFrame.new(-0.011220, -0.032649, -1.181639, -0.999775, -0.003472, -0.020932, 0.000031, 0.986278, -0.165092, 0.021218, -0.165055, -0.986056),
      ["RightUpperArm"] = CFrame.new(0.067270, -0.696769, 0.006916, 0.808789, 0.588099, 0.000235, 0.146391, -0.200938, -0.968604, -0.569588, 0.783430, -0.248609),
      ["RightUpperLeg"] = CFrame.new(0.001350, -0.042164, 0.015091, 0.999197, -0.037007, -0.015368, 0.039776, 0.869562, 0.492219, -0.004852, -0.492435, 0.870336),
      ["x_C3"] = CFrame.new(0.000000, 0.048400, -0.023513, 1.000000, -0.000000, 0.000000, 0.000000, 0.985364, 0.170463, -0.000000, -0.170463, 0.985364)
    }},
    { Time = 0.383, Data = {
      ["Head"] = CFrame.new(-0.039971, -0.008200, 0.000000, 0.874603, -0.480816, -0.062342, 0.459126, 0.780022, 0.425168, -0.155799, -0.400476, 0.902965),
      ["LeftUpperArm"] = CFrame.new(0.007502, -0.009861, -0.070953, 0.999584, 0.028525, 0.004183, -0.028595, 0.962498, 0.269777, 0.003670, -0.269784, 0.962914),
      ["LeftUpperLeg"] = CFrame.new(-0.004759, -0.057706, -0.037498, 0.990482, 0.079231, 0.112552, -0.115418, 0.923621, 0.365518, -0.074995, -0.375030, 0.923974),
      ["LowerTorso"] = CFrame.new(-0.011202, -0.032459, -1.180065, -0.999775, -0.003476, -0.020931, 0.000035, 0.986221, -0.165433, 0.021218, -0.165397, -0.985999),
      ["RightUpperArm"] = CFrame.new(0.067229, -0.697324, 0.007937, 0.808789, 0.588099, 0.000235, 0.146391, -0.200938, -0.968604, -0.569588, 0.783430, -0.248609),
      ["RightUpperLeg"] = CFrame.new(0.001355, -0.042271, 0.015165, 0.999197, -0.036997, -0.015391, 0.039773, 0.868946, 0.493306, -0.004877, -0.493522, 0.869720),
      ["x_C3"] = CFrame.new(0.000000, 0.048400, -0.023513, 1.000000, -0.000000, 0.000000, 0.000000, 0.985364, 0.170463, -0.000000, -0.170463, 0.985364)
    }},
    { Time = 0.400, Data = {
      ["Head"] = CFrame.new(-0.039971, -0.008200, 0.000000, 0.874628, -0.480861, -0.061623, 0.459094, 0.780707, 0.423945, -0.155749, -0.399086, 0.903589),
      ["LeftUpperArm"] = CFrame.new(0.007502, -0.009879, -0.071020, 0.999584, 0.028524, 0.004186, -0.028595, 0.962428, 0.270028, 0.003673, -0.270036, 0.962843),
      ["LeftUpperLeg"] = CFrame.new(-0.004767, -0.057730, -0.037570, 0.990465, 0.079174, 0.112738, -0.115467, 0.923457, 0.365915, -0.075138, -0.375444, 0.923794),
      ["LowerTorso"] = CFrame.new(-0.011195, -0.032396, -1.179524, -0.999775, -0.003477, -0.020931, 0.000036, 0.986207, -0.165519, 0.021218, -0.165482, -0.985985),
      ["RightUpperArm"] = CFrame.new(0.067214, -0.697529, 0.008312, 0.808789, 0.588099, 0.000235, 0.146391, -0.200938, -0.968604, -0.569588, 0.783430, -0.248609),
      ["RightUpperLeg"] = CFrame.new(0.001356, -0.042311, 0.015192, 0.999197, -0.036994, -0.015399, 0.039772, 0.868726, 0.493694, -0.004886, -0.493910, 0.869499),
      ["x_C3"] = CFrame.new(0.000000, 0.048400, -0.023513, 1.000000, -0.000000, 0.000000, 0.000000, 0.985364, 0.170463, -0.000000, -0.170463, 0.985364)
    }},
    { Time = 0.417, Data = {
      ["Head"] = CFrame.new(-0.039971, -0.008200, 0.000000, 0.874611, -0.480968, -0.061034, 0.459102, 0.781158, 0.423104, -0.155823, -0.398073, 0.904023),
      ["LeftUpperArm"] = CFrame.new(0.007502, -0.009885, -0.071042, 0.999584, 0.028524, 0.004188, -0.028595, 0.962404, 0.270112, 0.003675, -0.270120, 0.962820),
      ["LeftUpperLeg"] = CFrame.new(-0.004771, -0.057740, -0.037609, 0.990457, 0.079152, 0.112826, -0.115486, 0.923425, 0.365991, -0.075217, -0.375529, 0.923753),
      ["LowerTorso"] = CFrame.new(-0.011193, -0.032375, -1.179373, -0.999775, -0.003478, -0.020931, 0.000037, 0.986192, -0.165604, 0.021218, -0.165568, -0.985970),
      ["RightUpperArm"] = CFrame.new(0.067212, -0.697558, 0.008366, 0.808789, 0.588099, 0.000235, 0.146391, -0.200938, -0.968604, -0.569588, 0.783430, -0.248609),
      ["RightUpperLeg"] = CFrame.new(0.001357, -0.042317, 0.015197, 0.999197, -0.036993, -0.015401, 0.039772, 0.868682, 0.493771, -0.004888, -0.493987, 0.869455),
      ["x_C3"] = CFrame.new(0.000000, 0.048400, -0.023513, 1.000000, -0.000000, 0.000000, 0.000000, 0.985364, 0.170463, -0.000000, -0.170463, 0.985364)
    }},
    { Time = 0.433, Data = {
      ["Head"] = CFrame.new(-0.039971, -0.008200, 0.000000, 0.874602, -0.481027, -0.060695, 0.459120, 0.781458, 0.422529, -0.155817, -0.397412, 0.904315),
      ["LeftUpperArm"] = CFrame.new(0.007502, -0.009867, -0.070975, 0.999584, 0.028525, 0.004184, -0.028595, 0.962475, 0.269861, 0.003671, -0.269868, 0.962890),
      ["LeftUpperLeg"] = CFrame.new(-0.004763, -0.057716, -0.037538, 0.990474, 0.079210, 0.112640, -0.115438, 0.923588, 0.365595, -0.075074, -0.375115, 0.923933),
      ["LowerTorso"] = CFrame.new(-0.011200, -0.032448, -1.179960, -0.999775, -0.003476, -0.020931, 0.000035, 0.986221, -0.165433, 0.021218, -0.165397, -0.985999),
      ["RightUpperArm"] = CFrame.new(0.067225, -0.697371, 0.008023, 0.808789, 0.588099, 0.000235, 0.146391, -0.200938, -0.968604, -0.569588, 0.783430, -0.248609),
      ["RightUpperLeg"] = CFrame.new(0.001355, -0.042281, 0.015171, 0.999197, -0.036996, -0.015393, 0.039773, 0.868902, 0.493383, -0.004879, -0.493599, 0.869676),
      ["x_C3"] = CFrame.new(0.000000, 0.048400, -0.023513, 1.000000, -0.000000, 0.000000, 0.000000, 0.985364, 0.170463, -0.000000, -0.170463, 0.985364)
    }},
    { Time = 0.450, Data = {
      ["Head"] = CFrame.new(-0.039971, -0.008200, 0.000000, 0.874598, -0.481059, -0.060504, 0.459137, 0.781646, 0.422165, -0.155794, -0.397004, 0.904498),
      ["LeftUpperArm"] = CFrame.new(0.007502, -0.009817, -0.070799, 0.999584, 0.028526, 0.004174, -0.028596, 0.962663, 0.269189, 0.003661, -0.269197, 0.963078),
      ["LeftUpperLeg"] = CFrame.new(-0.004738, -0.057610, -0.037370, 0.990523, 0.079277, 0.112153, -0.115227, 0.924053, 0.364485, -0.074740, -0.373954, 0.924431),
      ["LowerTorso"] = CFrame.new(-0.011219, -0.032639, -1.181543, -0.999775, -0.003472, -0.020932, 0.000031, 0.986278, -0.165092, 0.021218, -0.165055, -0.986056),
      ["RightUpperArm"] = CFrame.new(0.067267, -0.696812, 0.006996, 0.808789, 0.588099, 0.000235, 0.146391, -0.200938, -0.968604, -0.569588, 0.783430, -0.248609),
      ["RightUpperLeg"] = CFrame.new(0.001350, -0.042172, 0.015096, 0.999197, -0.037006, -0.015370, 0.039776, 0.869518, 0.492296, -0.004854, -0.492512, 0.870292),
      ["x_C3"] = CFrame.new(0.000000, 0.048400, -0.023513, 1.000000, -0.000000, 0.000000, 0.000000, 0.985364, 0.170463, -0.000000, -0.170463, 0.985364)
    }},
    { Time = 0.467, Data = {
      ["Head"] = CFrame.new(-0.039971, -0.008200, 0.000000, 0.874637, -0.481007, -0.060359, 0.459056, 0.781764, 0.422034, -0.155815, -0.396835, 0.904568),
      ["LeftUpperArm"] = CFrame.new(0.007506, -0.009731, -0.070490, 0.999584, 0.028540, 0.004071, -0.028587, 0.962990, 0.268016, 0.003729, -0.268021, 0.963406),
      ["LeftUpperLeg"] = CFrame.new(-0.004697, -0.057458, -0.037057, 0.990606, 0.079454, 0.111297, -0.114923, 0.924808, 0.362662, -0.074114, -0.372046, 0.925251),
      ["LowerTorso"] = CFrame.new(-0.011251, -0.032961, -1.184213, -0.999775, -0.003466, -0.020933, 0.000025, 0.986378, -0.164494, 0.021218, -0.164457, -0.986156),
      ["RightUpperArm"] = CFrame.new(0.067336, -0.695880, 0.005285, 0.808789, 0.588099, 0.000235, 0.146391, -0.200938, -0.968604, -0.569588, 0.783430, -0.248609),
      ["RightUpperLeg"] = CFrame.new(0.001342, -0.041981, 0.015014, 0.999197, -0.037043, -0.015250, 0.039759, 0.870484, 0.490589, -0.004898, -0.490801, 0.871258),
      ["x_C3"] = CFrame.new(0.000000, 0.048400, -0.023513, 1.000000, -0.000000, 0.000000, 0.000000, 0.985364, 0.170463, -0.000000, -0.170463, 0.985364)
    }},
    { Time = 0.483, Data = {
      ["Head"] = CFrame.new(-0.039971, -0.008200, 0.000000, 0.874637, -0.481009, -0.060337, 0.459063, 0.781801, 0.421957, -0.155794, -0.396758, 0.904606),
      ["LeftUpperArm"] = CFrame.new(0.007507, -0.009615, -0.070070, 0.999584, 0.028544, 0.004047, -0.028590, 0.963433, 0.266421, 0.003705, -0.266426, 0.963848),
      ["LeftUpperLeg"] = CFrame.new(-0.004644, -0.057269, -0.036640, 0.990712, 0.079722, 0.110156, -0.114544, 0.925848, 0.360119, -0.073279, -0.369392, 0.926380),
      ["LowerTorso"] = CFrame.new(-0.011296, -0.033414, -1.187966, -0.999775, -0.003457, -0.020935, 0.000016, 0.986520, -0.163639, 0.021218, -0.163603, -0.986298),
      ["RightUpperArm"] = CFrame.new(0.067432, -0.694575, 0.002888, 0.808789, 0.588099, 0.000235, 0.146391, -0.200938, -0.968604, -0.569588, 0.783430, -0.248609),
      ["RightUpperLeg"] = CFrame.new(0.001332, -0.041728, 0.014840, 0.999197, -0.037065, -0.015197, 0.039766, 0.871882, 0.488100, -0.004841, -0.488312, 0.872656),
      ["x_C3"] = CFrame.new(0.000000, 0.048400, -0.023513, 1.000000, -0.000000, 0.000000, 0.000000, 0.985364, 0.170463, -0.000000, -0.170463, 0.985364)
    }},
    { Time = 0.500, Data = {
      ["Head"] = CFrame.new(-0.039971, -0.008200, 0.000000, 0.874637, -0.481009, -0.060337, 0.459063, 0.781801, 0.421957, -0.155794, -0.396758, 0.904606),
      ["LeftUpperArm"] = CFrame.new(0.007508, -0.009469, -0.069540, 0.999584, 0.028548, 0.004018, -0.028594, 0.963988, 0.264406, 0.003675, -0.264411, 0.964403),
      ["LeftUpperLeg"] = CFrame.new(-0.004575, -0.056999, -0.036128, 0.990849, 0.079998, 0.108711, -0.114003, 0.927208, 0.356776, -0.072256, -0.365905, 0.927843),
      ["LowerTorso"] = CFrame.new(-0.011353, -0.033984, -1.192719, -0.999775, -0.003446, -0.020936, 0.000005, 0.986690, -0.162614, 0.021218, -0.162577, -0.986468),
      ["RightUpperArm"] = CFrame.new(0.067556, -0.692896, -0.000193, 0.808789, 0.588099, 0.000235, 0.146391, -0.200938, -0.968604, -0.569588, 0.783430, -0.248609),
      ["RightUpperLeg"] = CFrame.new(0.001317, -0.041392, 0.014658, 0.999198, -0.037114, -0.015045, 0.039753, 0.873661, 0.484908, -0.004852, -0.485117, 0.874436),
      ["x_C3"] = CFrame.new(0.000000, 0.048400, -0.023513, 1.000000, -0.000000, 0.000000, 0.000000, 0.985364, 0.170463, -0.000000, -0.170463, 0.985364)
    }},
    { Time = 0.517, Data = {
      ["Head"] = CFrame.new(-0.039971, -0.008200, 0.000000, 0.874637, -0.481004, -0.060381, 0.459049, 0.781726, 0.422111, -0.155836, -0.396912, 0.904531),
      ["LeftUpperArm"] = CFrame.new(0.007512, -0.009288, -0.068877, 0.999584, 0.028564, 0.003895, -0.028587, 0.964675, 0.261887, 0.003724, -0.261889, 0.965091),
      ["LeftUpperLeg"] = CFrame.new(-0.004496, -0.056693, -0.035512, 0.991009, 0.080359, 0.106979, -0.113393, 0.928837, 0.352709, -0.071022, -0.361668, 0.929598),
      ["LowerTorso"] = CFrame.new(-0.011423, -0.034683, -1.198556, -0.999775, -0.003432, -0.020939, -0.000009, 0.986900, -0.161332, 0.021218, -0.161296, -0.986678),
      ["RightUpperArm"] = CFrame.new(0.067707, -0.690845, -0.003960, 0.808789, 0.588099, 0.000235, 0.146391, -0.200938, -0.968604, -0.569588, 0.783430, -0.248609),
      ["RightUpperLeg"] = CFrame.new(0.001300, -0.040984, 0.014426, 0.999198, -0.037170, -0.014877, 0.039742, 0.875858, 0.480930, -0.004845, -0.481136, 0.876633),
      ["x_C3"] = CFrame.new(0.000000, 0.048400, -0.023513, 1.000000, -0.000000, 0.000000, 0.000000, 0.985364, 0.170463, -0.000000, -0.170463, 0.985364)
    }},
    { Time = 0.533, Data = {
      ["Head"] = CFrame.new(-0.039971, -0.008200, 0.000000, 0.874602, -0.481027, -0.060695, 0.459120, 0.781458, 0.422529, -0.155817, -0.397412, 0.904315),
      ["LeftUpperArm"] = CFrame.new(0.007514, -0.009074, -0.068081, 0.999584, 0.028570, 0.003850, -0.028593, 0.965491, 0.258860, 0.003679, -0.258863, 0.965907),
      ["LeftUpperLeg"] = CFrame.new(-0.004398, -0.056304, -0.034755, 0.991205, 0.080733, 0.104860, -0.112615, 0.930735, 0.347922, -0.069509, -0.356671, 0.931641),
      ["LowerTorso"] = CFrame.new(-0.011506, -0.035512, -1.205479, -0.999775, -0.003416, -0.020941, -0.000026, 0.987150, -0.159793, 0.021218, -0.159757, -0.986928),
      ["RightUpperArm"] = CFrame.new(0.067886, -0.688421, -0.008410, 0.808789, 0.588099, 0.000235, 0.146391, -0.200938, -0.968604, -0.569588, 0.783430, -0.248609),
      ["RightUpperLeg"] = CFrame.new(0.001281, -0.040546, 0.014156, 0.999195, -0.037313, -0.014717, 0.039817, 0.878371, 0.476318, -0.004846, -0.476521, 0.879150),
      ["x_C3"] = CFrame.new(0.000000, 0.048400, -0.023513, 1.000000, -0.000000, 0.000000, 0.000000, 0.985364, 0.170463, -0.000000, -0.170463, 0.985364)
    }},
    { Time = 0.550, Data = {
      ["Head"] = CFrame.new(-0.039971, -0.008200, 0.000000, 0.874615, -0.480944, -0.061159, 0.459107, 0.781083, 0.423238, -0.155783, -0.398249, 0.903952),
      ["LeftUpperArm"] = CFrame.new(0.007519, -0.008832, -0.067174, 0.999584, 0.028588, 0.003713, -0.028588, 0.966409, 0.255413, 0.003713, -0.255413, 0.966825),
      ["LeftUpperLeg"] = CFrame.new(-0.004286, -0.055875, -0.033851, 0.991427, 0.081203, 0.102367, -0.111756, 0.932911, 0.342326, -0.067701, -0.350831, 0.933988),
      ["LowerTorso"] = CFrame.new(-0.011601, -0.036468, -1.213487, -0.999775, -0.003397, -0.020944, -0.000045, 0.987439, -0.157998, 0.021218, -0.157962, -0.987217),
      ["RightUpperArm"] = CFrame.new(0.068092, -0.685624, -0.013546, 0.808789, 0.588099, 0.000235, 0.146391, -0.200938, -0.968604, -0.569588, 0.783430, -0.248609),
