return {
  ["Astros holidng drink idle"] = {
    { Time = 0.000, Data = {
      ["Balls"] = CFrame.new(0.000000, 0.000000, 0.000000, 0.845816, 0.533475, 0.000000, -0.533475, 0.845816, -0.000000, -0.000000, 0.000000, 1.000000),
      ["Cock"] = CFrame.new(-0.000002, 0.000001, -0.000000, 0.809383, 0.587271, 0.003495, -0.586556, 0.808665, -0.044867, -0.029175, 0.034264, 0.998987),
      ["Head"] = CFrame.new(-0.000000, -0.000001, 0.000000, 0.999995, 0.003090, 0.000326, -0.003090, 0.977995, 0.208605, 0.000326, -0.208605, 0.978000),
      ["LeftUpperArm"] = CFrame.new(-0.000000, -0.001013, 0.023066, 1.000000, 0.000000, 0.000000, 0.000000, 0.996147, -0.087705, 0.000000, 0.087705, 0.996147),
      ["LeftUpperLeg"] = CFrame.new(-0.000196, -0.008428, -0.011008, 0.999615, 0.018169, 0.020947, -0.016858, 0.997984, -0.061184, -0.022017, 0.060807, 0.997907),
      ["LowerTorso"] = CFrame.new(-1.949549, 0.003144, -0.332641, 0.014093, 0.079229, -0.996757, -0.001109, 0.996856, 0.079221, 0.999900, -0.000011, 0.014136),
      ["RightUpperArm"] = CFrame.new(-0.043426, -0.733740, -0.143733, 0.923925, 0.382574, -0.000006, 0.008866, -0.021426, -0.999731, -0.382471, 0.923676, -0.023187),
      ["RightUpperLeg"] = CFrame.new(0.000375, -0.017486, -0.008515, 0.999243, -0.035937, -0.014890, 0.034974, 0.997555, -0.060497, 0.017028, 0.059931, 0.998057)
    }},
    { Time = 0.017, Data = {
      ["Balls"] = CFrame.new(-0.000001, -0.000001, 0.000000, 0.845816, 0.533475, 0.000000, -0.533475, 0.845816, -0.000000, -0.000000, 0.000000, 1.000000),
      ["Cock"] = CFrame.new(-0.000002, 0.000001, -0.000000, 0.809330, 0.587344, 0.003493, -0.586629, 0.808612, -0.044867, -0.029177, 0.034263, 0.998987),
      ["Head"] = CFrame.new(-0.000000, -0.000001, 0.000000, 0.999995, 0.003091, 0.000325, -0.003091, 0.978122, 0.208011, 0.000325, -0.208011, 0.978126),
      ["LeftUpperArm"] = CFrame.new(-0.000000, -0.000990, 0.022795, 1.000000, 0.000000, 0.000000, 0.000000, 0.996237, -0.086672, 0.000000, 0.086672, 0.996237),
      ["LeftUpperLeg"] = CFrame.new(-0.000196, -0.008428, -0.011008, 0.999615, 0.018170, 0.020947, -0.016857, 0.997979, -0.061270, -0.022018, 0.060893, 0.997901),
      ["LowerTorso"] = CFrame.new(-1.949533, 0.003142, -0.332641, 0.014093, 0.079229, -0.996757, -0.001109, 0.996856, 0.079221, 0.999900, -0.000011, 0.014136),
      ["RightUpperArm"] = CFrame.new(-0.043358, -0.733889, -0.143616, 0.923900, 0.382634, 0.000152, 0.009067, -0.021496, -0.999728, -0.382526, 0.923650, -0.023329),
      ["RightUpperLeg"] = CFrame.new(0.000375, -0.017486, -0.008515, 0.999243, -0.035937, -0.014890, 0.034974, 0.997555, -0.060497, 0.017028, 0.059931, 0.998057)
    }},
    { Time = 0.033, Data = {
      ["Balls"] = CFrame.new(-0.000001, -0.000001, 0.000000, 0.845720, 0.533627, 0.000000, -0.533627, 0.845720, -0.000000, -0.000000, 0.000000, 1.000000),
      ["Cock"] = CFrame.new(-0.000002, 0.000001, -0.000000, 0.809277, 0.587417, 0.003518, -0.586704, 0.808562, -0.044785, -0.029152, 0.034179, 0.998990),
      ["Head"] = CFrame.new(-0.000000, -0.000000, 0.000000, 0.999995, 0.003091, 0.000324, -0.003091, 0.978248, 0.207417, 0.000324, -0.207417, 0.978253),
      ["LeftUpperArm"] = CFrame.new(-0.000000, -0.000966, 0.022523, 1.000000, 0.000000, 0.000000, 0.000000, 0.996326, -0.085639, 0.000000, 0.085639, 0.996326),
      ["LeftUpperLeg"] = CFrame.new(-0.000196, -0.008428, -0.011009, 0.999615, 0.018171, 0.020946, -0.016856, 0.997974, -0.061356, -0.022018, 0.060979, 0.997896),
      ["LowerTorso"] = CFrame.new(-1.949486, 0.003137, -0.332642, 0.014093, 0.079229, -0.996757, -0.001109, 0.996856, 0.079221, 0.999900, -0.000011, 0.014136),
      ["RightUpperArm"] = CFrame.new(-0.043168, -0.734376, -0.143259, 0.923850, 0.382754, 0.000540, 0.009636, -0.021849, -0.999715, -0.382633, 0.923592, -0.023873),
      ["RightUpperLeg"] = CFrame.new(0.000375, -0.017486, -0.008516, 0.999243, -0.035937, -0.014889, 0.034974, 0.997550, -0.060583, 0.017030, 0.060017, 0.998052)
    }},
    { Time = 0.050, Data = {
      ["Balls"] = CFrame.new(-0.000001, -0.000001, 0.000000, 0.845576, 0.533855, 0.000000, -0.533855, 0.845576, -0.000000, -0.000000, 0.000000, 1.000000),
      ["Cock"] = CFrame.new(-0.000002, 0.000001, -0.000000, 0.809118, 0.587636, 0.003429, -0.586927, 0.808402, -0.044759, -0.029074, 0.034202, 0.998992),
      ["Head"] = CFrame.new(-0.000000, -0.000000, 0.000000, 0.999995, 0.003091, 0.000323, -0.003091, 0.978374, 0.206822, 0.000323, -0.206822, 0.978378),
      ["LeftUpperArm"] = CFrame.new(-0.000000, -0.000943, 0.022251, 1.000000, 0.000000, 0.000000, 0.000000, 0.996414, -0.084606, 0.000000, 0.084606, 0.996414),
      ["LeftUpperLeg"] = CFrame.new(-0.000196, -0.008427, -0.011010, 0.999615, 0.018173, 0.020944, -0.016854, 0.997963, -0.061528, -0.022020, 0.061152, 0.997886),
      ["LowerTorso"] = CFrame.new(-1.949527, 0.003139, -0.332637, 0.014209, 0.079351, -0.996746, -0.001114, 0.996847, 0.079343, 0.999898, -0.000017, 0.014252),
      ["RightUpperArm"] = CFrame.new(-0.042828, -0.735191, -0.142677, 0.923727, 0.383051, 0.001162, 0.010571, -0.022459, -0.999692, -0.382907, 0.923454, -0.024795),
      ["RightUpperLeg"] = CFrame.new(0.000375, -0.017485, -0.008518, 0.999243, -0.035939, -0.014884, 0.034971, 0.997535, -0.060842, 0.017034, 0.060275, 0.998036)
    }},
    { Time = 0.067, Data = {
      ["Balls"] = CFrame.new(-0.000001, -0.000001, 0.000000, 0.845384, 0.534159, 0.000000, -0.534159, 0.845384, -0.000000, -0.000000, 0.000000, 1.000000),
      ["Cock"] = CFrame.new(-0.000002, 0.000001, -0.000000, 0.808906, 0.587928, 0.003339, -0.587222, 0.808189, -0.044733, -0.028998, 0.034224, 0.998993),
      ["Head"] = CFrame.new(-0.000000, -0.000000, 0.000000, 0.999995, 0.003091, 0.000322, -0.003091, 0.978499, 0.206228, 0.000322, -0.206228, 0.978504),
      ["LeftUpperArm"] = CFrame.new(-0.000000, -0.000920, 0.021980, 1.000000, 0.000000, 0.000000, 0.000000, 0.996502, -0.083573, 0.000000, 0.083573, 0.996502),
      ["LeftUpperLeg"] = CFrame.new(-0.000196, -0.008425, -0.011011, 0.999615, 0.018176, 0.020942, -0.016851, 0.997947, -0.061787, -0.022022, 0.061410, 0.997870),
      ["LowerTorso"] = CFrame.new(-1.949537, 0.003137, -0.332638, 0.014204, 0.079473, -0.996736, -0.001115, 0.996837, 0.079465, 0.999898, -0.000017, 0.014248),
      ["RightUpperArm"] = CFrame.new(-0.042382, -0.736309, -0.141852, 0.923600, 0.383353, 0.002096, 0.011911, -0.023232, -0.999659, -0.383173, 0.923310, -0.026023),
      ["RightUpperLeg"] = CFrame.new(0.000375, -0.017484, -0.008520, 0.999243, -0.035940, -0.014881, 0.034970, 0.997524, -0.061014, 0.017037, 0.060448, 0.998026)
    }},
    { Time = 0.083, Data = {
      ["Balls"] = CFrame.new(-0.000001, -0.000001, 0.000000, 0.845096, 0.534615, 0.000000, -0.534615, 0.845096, -0.000000, -0.000000, 0.000000, 1.000000),
      ["Cock"] = CFrame.new(-0.000002, 0.000001, -0.000000, 0.808694, 0.588220, 0.003276, -0.587519, 0.807979, -0.044624, -0.028896, 0.034163, 0.998998),
      ["Head"] = CFrame.new(-0.000000, -0.000001, 0.000000, 0.999995, 0.003091, 0.000321, -0.003091, 0.978624, 0.205633, 0.000321, -0.205633, 0.978629),
      ["LeftUpperArm"] = CFrame.new(-0.000000, -0.000899, 0.021731, 1.000000, 0.000000, 0.000000, 0.000000, 0.996581, -0.082626, 0.000000, 0.082626, 0.996581),
      ["LeftUpperLeg"] = CFrame.new(-0.000196, -0.008423, -0.011012, 0.999615, 0.018179, 0.020939, -0.016847, 0.997926, -0.062132, -0.022025, 0.061755, 0.997848),
      ["LowerTorso"] = CFrame.new(-1.949517, 0.003133, -0.332640, 0.014199, 0.079594, -0.996726, -0.001116, 0.996827, 0.079587, 0.999899, -0.000018, 0.014243),
      ["RightUpperArm"] = CFrame.new(-0.041802, -0.737756, -0.140798, 0.923422, 0.383774, 0.003201, 0.013558, -0.024284, -0.999613, -0.383548, 0.923108, -0.027628),
      ["RightUpperLeg"] = CFrame.new(0.000375, -0.017482, -0.008523, 0.999243, -0.035943, -0.014875, 0.034967, 0.997503, -0.061359, 0.017043, 0.060793, 0.998005)
    }},
    { Time = 0.100, Data = {
      ["Balls"] = CFrame.new(-0.000001, -0.000001, 0.000000, 0.844807, 0.535071, 0.000000, -0.535071, 0.844807, -0.000000, -0.000000, 0.000000, 1.000000),
      ["Cock"] = CFrame.new(-0.000002, 0.000001, -0.000000, 0.808377, 0.588657, 0.003100, -0.587963, 0.807659, -0.044572, -0.028741, 0.034209, 0.999001),
      ["Head"] = CFrame.new(-0.000000, -0.000001, 0.000000, 0.999995, 0.003091, 0.000320, -0.003091, 0.978749, 0.205039, 0.000320, -0.205039, 0.978754),
      ["LeftUpperArm"] = CFrame.new(-0.000000, -0.000877, 0.021459, 1.000000, 0.000000, 0.000000, 0.000000, 0.996666, -0.081593, 0.000000, 0.081593, 0.996666),
      ["LeftUpperLeg"] = CFrame.new(-0.000196, -0.008421, -0.011014, 0.999615, 0.018183, 0.020936, -0.016843, 0.997904, -0.062477, -0.022028, 0.062100, 0.997827),
      ["LowerTorso"] = CFrame.new(-1.949464, 0.003125, -0.332641, 0.014194, 0.079716, -0.996717, -0.001116, 0.996818, 0.079708, 0.999899, -0.000019, 0.014238),
      ["RightUpperArm"] = CFrame.new(-0.041089, -0.739494, -0.139520, 0.923190, 0.384317, 0.004622, 0.015607, -0.025472, -0.999554, -0.384027, 0.922850, -0.029513),
      ["RightUpperLeg"] = CFrame.new(0.000376, -0.017524, -0.008528, 0.999240, -0.036033, -0.014865, 0.035050, 0.997474, -0.061791, 0.017053, 0.061223, 0.997978)
    }},
    { Time = 0.117, Data = {
      ["Balls"] = CFrame.new(-0.000001, -0.000001, 0.000000, 0.844422, 0.535678, 0.000000, -0.535678, 0.844422, -0.000000, -0.000000, 0.000000, 1.000000),
      ["Cock"] = CFrame.new(-0.000002, 0.000001, -0.000000, 0.808006, 0.589168, 0.002948, -0.588482, 0.807288, -0.044438, -0.028561, 0.034171, 0.999008),
      ["Head"] = CFrame.new(-0.000000, -0.000001, 0.000000, 0.999995, 0.003091, 0.000319, -0.003091, 0.978873, 0.204444, 0.000319, -0.204444, 0.978878),
      ["LeftUpperArm"] = CFrame.new(-0.000000, -0.000857, 0.021210, 1.000000, 0.000000, 0.000000, 0.000000, 0.996743, -0.080645, 0.000000, 0.080645, 0.996743),
      ["LeftUpperLeg"] = CFrame.new(-0.000196, -0.008419, -0.011016, 0.999615, 0.018188, 0.020931, -0.016838, 0.997872, -0.062994, -0.022032, 0.062617, 0.997794),
      ["LowerTorso"] = CFrame.new(-1.949443, 0.003119, -0.332704, 0.014184, 0.079899, -0.996702, -0.001178, 0.996803, 0.079891, 0.999899, 0.000041, 0.014233),
      ["RightUpperArm"] = CFrame.new(-0.040258, -0.741553, -0.138016, 0.922927, 0.384924, 0.006271, 0.018025, -0.026935, -0.999475, -0.384553, 0.922555, -0.031797),
      ["RightUpperLeg"] = CFrame.new(0.000376, -0.017522, -0.008531, 0.999240, -0.036036, -0.014857, 0.035046, 0.997447, -0.062222, 0.017061, 0.061654, 0.997952)
    }},
    { Time = 0.133, Data = {
      ["Balls"] = CFrame.new(-0.000001, -0.000001, 0.000000, 0.843989, 0.536361, 0.000000, -0.536361, 0.843989, -0.000000, -0.000000, 0.000000, 1.000000),
      ["Cock"] = CFrame.new(-0.000002, 0.000001, -0.000000, 0.807634, 0.589678, 0.002797, -0.589001, 0.806917, -0.044303, -0.028381, 0.034133, 0.999014),
      ["Head"] = CFrame.new(-0.000000, -0.000001, 0.000000, 0.999995, 0.003091, 0.000319, -0.003091, 0.978980, 0.203935, 0.000319, -0.203935, 0.978984),
      ["LeftUpperArm"] = CFrame.new(-0.000000, -0.000835, 0.020938, 1.000000, 0.000000, 0.000000, 0.000000, 0.996826, -0.079612, 0.000000, 0.079612, 0.996826),
      ["LeftUpperLeg"] = CFrame.new(-0.000196, -0.008416, -0.011018, 0.999615, 0.018194, 0.020926, -0.016832, 0.997839, -0.063511, -0.022036, 0.063134, 0.997762),
      ["LowerTorso"] = CFrame.new(-1.949391, 0.003110, -0.332646, 0.014179, 0.080082, -0.996687, -0.001118, 0.996788, 0.080074, 0.999899, -0.000021, 0.014223),
      ["RightUpperArm"] = CFrame.new(-0.039297, -0.743892, -0.136295, 0.922606, 0.385656, 0.008236, 0.020846, -0.028528, -0.999376, -0.385180, 0.922202, -0.034359),
      ["RightUpperLeg"] = CFrame.new(0.000376, -0.017520, -0.008536, 0.999240, -0.036040, -0.014847, 0.035042, 0.997415, -0.062739, 0.017070, 0.062171, 0.997920)
    }},
    { Time = 0.150, Data = {
      ["Balls"] = CFrame.new(-0.000001, -0.000001, 0.000000, 0.843506, 0.537119, 0.000000, -0.537119, 0.843506, -0.000000, -0.000000, 0.000000, 1.000000),
      ["Cock"] = CFrame.new(-0.000002, 0.000001, -0.000000, 0.807156, 0.590333, 0.002532, -0.589667, 0.806435, -0.044224, -0.028149, 0.034202, 0.999018),
      ["Head"] = CFrame.new(-0.000000, -0.000000, 0.000000, 0.999995, 0.003091, 0.000318, -0.003091, 0.979086, 0.203425, 0.000318, -0.203425, 0.979091),
      ["LeftUpperArm"] = CFrame.new(-0.000000, -0.000817, 0.020711, 1.000000, 0.000000, 0.000000, 0.000000, 0.996894, -0.078751, 0.000000, 0.078751, 0.996894),
      ["LeftUpperLeg"] = CFrame.new(-0.000196, -0.008412, -0.011020, 0.999615, 0.018200, 0.020921, -0.016825, 0.997801, -0.064114, -0.022042, 0.063737, 0.997723),
      ["LowerTorso"] = CFrame.new(-1.949370, 0.003103, -0.332648, 0.014170, 0.080325, -0.996668, -0.001120, 0.996769, 0.080317, 0.999899, -0.000022, 0.014214),
      ["RightUpperArm"] = CFrame.new(-0.038237, -0.746548, -0.134353, 0.922274, 0.386397, 0.010368, 0.023976, -0.030416, -0.999250, -0.385792, 0.921831, -0.037316),
      ["RightUpperLeg"] = CFrame.new(0.000376, -0.017517, -0.008541, 0.999240, -0.036044, -0.014836, 0.035036, 0.997377, -0.063342, 0.017081, 0.062774, 0.997882)
    }},
    { Time = 0.167, Data = {
      ["Balls"] = CFrame.new(-0.000001, -0.000001, 0.000000, 0.843023, 0.537878, 0.000000, -0.537878, 0.843023, -0.000000, -0.000000, 0.000000, 1.000000),
      ["Cock"] = CFrame.new(-0.000002, 0.000001, -0.000000, 0.806624, 0.591061, 0.002293, -0.590407, 0.805902, -0.044062, -0.027892, 0.034188, 0.999026),
      ["Head"] = CFrame.new(-0.000000, -0.000000, 0.000000, 0.999995, 0.003091, 0.000317, -0.003091, 0.979209, 0.202830, 0.000317, -0.202830, 0.979214),
      ["LeftUpperArm"] = CFrame.new(-0.000000, -0.000797, 0.020462, 1.000000, 0.000000, 0.000000, 0.000000, 0.996969, -0.077803, 0.000000, 0.077803, 0.996969),
      ["LeftUpperLeg"] = CFrame.new(-0.000196, -0.008409, -0.011023, 0.999615, 0.018207, 0.020914, -0.016818, 0.997756, -0.064804, -0.022047, 0.064427, 0.997679),
      ["LowerTorso"] = CFrame.new(-1.949321, 0.003093, -0.332651, 0.014159, 0.080569, -0.996649, -0.001121, 0.996749, 0.080561, 0.999899, -0.000023, 0.014204),
      ["RightUpperArm"] = CFrame.new(-0.037035, -0.749502, -0.132213, 0.921856, 0.387323, 0.012731, 0.027471, -0.032545, -0.999093, -0.386557, 0.921370, -0.040642),
      ["RightUpperLeg"] = CFrame.new(0.000376, -0.017515, -0.008504, 0.999241, -0.036046, -0.014738, 0.035033, 0.997333, -0.064030, 0.017007, 0.063465, 0.997839)
    }},
    { Time = 0.183, Data = {
      ["Balls"] = CFrame.new(-0.000001, -0.000001, 0.000000, 0.842442, 0.538787, 0.000000, -0.538787, 0.842442, -0.000000, -0.000000, 0.000000, 1.000000),
      ["Cock"] = CFrame.new(-0.000002, 0.000001, -0.000000, 0.806091, 0.591788, 0.002054, -0.591146, 0.805369, -0.043901, -0.027634, 0.034174, 0.999034),
      ["Head"] = CFrame.new(-0.000000, -0.000001, 0.000000, 0.999995, 0.003091, 0.000316, -0.003091, 0.979315, 0.202320, 0.000316, -0.202320, 0.979319),
      ["LeftUpperArm"] = CFrame.new(-0.000000, -0.000780, 0.020236, 1.000000, 0.000000, 0.000000, 0.000000, 0.997036, -0.076942, 0.000000, 0.076942, 0.997036),
      ["LeftUpperLeg"] = CFrame.new(-0.000197, -0.008448, -0.011028, 0.999614, 0.018301, 0.020905, -0.016896, 0.997710, -0.065494, -0.022056, 0.065115, 0.997634),
      ["LowerTorso"] = CFrame.new(-1.949367, 0.003090, -0.332654, 0.014145, 0.080934, -0.996619, -0.001123, 0.996719, 0.080926, 0.999899, -0.000025, 0.014189),
      ["RightUpperArm"] = CFrame.new(-0.035708, -0.752691, -0.129874, 0.921375, 0.388374, 0.015310, 0.031226, -0.034702, -0.998910, -0.387419, 0.920848, -0.044101),
      ["RightUpperLeg"] = CFrame.new(0.000376, -0.017512, -0.008511, 0.999241, -0.036052, -0.014724, 0.035027, 0.997283, -0.064805, 0.017020, 0.064241, 0.997789)
    }},
    { Time = 0.200, Data = {
      ["Balls"] = CFrame.new(-0.000001, -0.000001, 0.000000, 0.841811, 0.539772, 0.000000, -0.539772, 0.841811, -0.000000, -0.000000, 0.000000, 1.000000),
      ["Cock"] = CFrame.new(-0.000002, 0.000001, -0.000000, 0.805503, 0.592588, 0.001840, -0.591960, 0.804784, -0.043657, -0.027352, 0.034077, 0.999045),
      ["Head"] = CFrame.new(-0.000000, -0.000000, 0.000000, 0.999995, 0.003092, 0.000315, -0.003092, 0.979402, 0.201895, 0.000315, -0.201895, 0.979407),
      ["LeftUpperArm"] = CFrame.new(-0.000000, -0.000762, 0.020009, 1.000000, 0.000000, 0.000000, 0.000000, 0.997102, -0.076081, 0.000000, 0.076081, 0.997102),
      ["LeftUpperLeg"] = CFrame.new(-0.000197, -0.008444, -0.011031, 0.999614, 0.018309, 0.020898, -0.016888, 0.997659, -0.066269, -0.022063, 0.065891, 0.997583),
      ["LowerTorso"] = CFrame.new(-1.949263, 0.003075, -0.332657, 0.014135, 0.081178, -0.996599, -0.001124, 0.996700, 0.081170, 0.999900, -0.000027, 0.014179),
      ["RightUpperArm"] = CFrame.new(-0.034304, -0.756174, -0.127327, 0.920897, 0.389384, 0.018115, 0.035351, -0.037144, -0.998684, -0.388199, 0.920326, -0.047971),
      ["RightUpperLeg"] = CFrame.new(0.000376, -0.017509, -0.008518, 0.999241, -0.036058, -0.014710, 0.035020, 0.997233, -0.065581, 0.017034, 0.065016, 0.997739)
    }},
    { Time = 0.217, Data = {
      ["Balls"] = CFrame.new(-0.000001, -0.000001, 0.000000, 0.841131, 0.540832, 0.000000, -0.540832, 0.841131, -0.000000, -0.000000, 0.000000, 1.000000),
      ["Cock"] = CFrame.new(-0.000002, 0.000001, -0.000000, 0.804807, 0.593534, 0.001595, -0.592918, 0.804088, -0.043496, -0.027099, 0.034060, 0.999052),
      ["Head"] = CFrame.new(-0.000000, -0.000000, 0.000000, 0.999995, 0.003092, 0.000315, -0.003092, 0.979507, 0.201385, 0.000315, -0.201385, 0.979512),
      ["LeftUpperArm"] = CFrame.new(-0.000000, -0.000745, 0.019783, 1.000000, 0.000000, 0.000000, 0.000000, 0.997167, -0.075219, 0.000000, 0.075219, 0.997167),
      ["LeftUpperLeg"] = CFrame.new(-0.000197, -0.008439, -0.011035, 0.999614, 0.018318, 0.020890, -0.016878, 0.997601, -0.067131, -0.022070, 0.066753, 0.997525),
      ["LowerTorso"] = CFrame.new(-1.949255, 0.003067, -0.332660, 0.014120, 0.081543, -0.996570, -0.001126, 0.996670, 0.081535, 0.999900, -0.000029, 0.014165),
      ["RightUpperArm"] = CFrame.new(-0.032764, -0.759931, -0.124605, 0.920324, 0.390585, 0.021149, 0.039841, -0.039815, -0.998412, -0.389123, 0.919706, -0.052204),
      ["RightUpperLeg"] = CFrame.new(0.000376, -0.017505, -0.008525, 0.999241, -0.036064, -0.014694, 0.035013, 0.997176, -0.066443, 0.017049, 0.065878, 0.997682)
    }},
    { Time = 0.233, Data = {
      ["Balls"] = CFrame.new(-0.000001, -0.000001, 0.000000, 0.840400, 0.541966, 0.000000, -0.541966, 0.840400, -0.000000, -0.000000, 0.000000, 1.000000),
      ["Cock"] = CFrame.new(-0.000002, 0.000001, -0.000000, 0.804111, 0.594478, 0.001269, -0.593877, 0.803389, -0.043307, -0.026764, 0.034070, 0.999061),
      ["Head"] = CFrame.new(-0.000000, -0.000001, 0.000000, 0.999995, 0.003092, 0.000314, -0.003092, 0.979594, 0.200960, 0.000314, -0.200960, 0.979599),
      ["LeftUpperArm"] = CFrame.new(-0.000000, -0.000730, 0.019579, 1.000000, 0.000000, 0.000000, 0.000000, 0.997225, -0.074444, 0.000000, 0.074444, 0.997225),
      ["LeftUpperLeg"] = CFrame.new(-0.000197, -0.008434, -0.011039, 0.999614, 0.018328, 0.020882, -0.016868, 0.997537, -0.068079, -0.022078, 0.067700, 0.997461),
      ["LowerTorso"] = CFrame.new(-1.949223, 0.003057, -0.332664, 0.014105, 0.081908, -0.996540, -0.001128, 0.996640, 0.081900, 0.999900, -0.000031, 0.014150),
      ["RightUpperArm"] = CFrame.new(-0.031124, -0.763903, -0.121702, 0.919704, 0.391858, 0.024336, 0.044532, -0.042530, -0.998102, -0.390079, 0.919042, -0.056565),
      ["RightUpperLeg"] = CFrame.new(0.000376, -0.017501, -0.008533, 0.999241, -0.036071, -0.014679, 0.035005, 0.997118, -0.067304, 0.017064, 0.066739, 0.997625)
    }},
    { Time = 0.250, Data = {
      ["Balls"] = CFrame.new(-0.000001, -0.000001, 0.000000, 0.839619, 0.543176, 0.000000, -0.543176, 0.839619, -0.000000, -0.000000, 0.000000, 1.000000),
      ["Cock"] = CFrame.new(-0.000002, 0.000001, -0.000000, 0.803413, 0.595422, 0.000942, -0.594836, 0.802690, -0.043117, -0.026429, 0.034081, 0.999070),
      ["Head"] = CFrame.new(-0.000000, -0.000001, 0.000000, 0.999995, 0.003092, 0.000313, -0.003092, 0.979699, 0.200450, 0.000313, -0.200450, 0.979704),
      ["LeftUpperArm"] = CFrame.new(-0.000000, -0.000715, 0.019375, 1.000000, 0.000000, 0.000000, 0.000000, 0.997283, -0.073669, 0.000000, 0.073669, 0.997283),
      ["LeftUpperLeg"] = CFrame.new(-0.000197, -0.008428, -0.011043, 0.999614, 0.018338, 0.020873, -0.016857, 0.997472, -0.069027, -0.022086, 0.068648, 0.997396),
      ["LowerTorso"] = CFrame.new(-1.949167, 0.003045, -0.332663, 0.014211, 0.082273, -0.996508, -0.001135, 0.996610, 0.082266, 0.999898, -0.000038, 0.014256),
      ["RightUpperArm"] = CFrame.new(-0.029401, -0.768142, -0.118624, 0.919056, 0.393152, 0.027689, 0.049531, -0.045518, -0.997735, -0.391001, 0.918346, -0.061307),
      ["RightUpperLeg"] = CFrame.new(0.000376, -0.017497, -0.008541, 0.999241, -0.036078, -0.014661, 0.034997, 0.997054, -0.068252, 0.017081, 0.067687, 0.997560)
    }},
    { Time = 0.267, Data = {
      ["Balls"] = CFrame.new(-0.000001, -0.000001, 0.000000, 0.838836, 0.544385, 0.000000, -0.544385, 0.838836, -0.000000, -0.000000, 0.000000, 1.000000),
      ["Cock"] = CFrame.new(-0.000002, 0.000002, -0.000000, 0.802605, 0.596510, 0.000639, -0.595941, 0.801885, -0.042846, -0.026071, 0.034007, 0.999081),
      ["Head"] = CFrame.new(-0.000000, -0.000000, 0.000000, 0.999995, 0.003092, 0.000313, -0.003092, 0.979768, 0.200110, 0.000313, -0.200110, 0.979773),
      ["LeftUpperArm"] = CFrame.new(-0.000000, -0.000701, 0.019194, 1.000000, 0.000000, 0.000000, 0.000000, 0.997333, -0.072980, 0.000000, 0.072980, 0.997333),
      ["LeftUpperLeg"] = CFrame.new(-0.000197, -0.008422, -0.011047, 0.999614, 0.018349, 0.020863, -0.016846, 0.997400, -0.070061, -0.022095, 0.069682, 0.997325),
      ["LowerTorso"] = CFrame.new(-1.949087, 0.003030, -0.332668, 0.014195, 0.082639, -0.996479, -0.001137, 0.996580, 0.082631, 0.999899, -0.000040, 0.014241),
      ["RightUpperArm"] = CFrame.new(-0.027567, -0.772600, -0.115390, 0.918330, 0.394583, 0.031231, 0.054813, -0.048631, -0.997312, -0.392003, 0.917573, -0.066287),
      ["RightUpperLeg"] = CFrame.new(0.000375, -0.017494, -0.008507, 0.999243, -0.036082, -0.014557, 0.034991, 0.996983, -0.069284, 0.017013, 0.068722, 0.997491)
    }},
    { Time = 0.283, Data = {
      ["Balls"] = CFrame.new(-0.000001, -0.000001, 0.000000, 0.837952, 0.545743, 0.000000, -0.545743, 0.837952, -0.000000, -0.000000, 0.000000, 1.000000),
      ["Cock"] = CFrame.new(-0.000002, 0.000001, -0.000000, 0.801797, 0.597597, 0.000228, -0.597046, 0.801074, -0.042629, -0.025657, 0.034043, 0.999091),
      ["Head"] = CFrame.new(-0.000000, -0.000001, 0.000000, 0.999995, 0.003092, 0.000312, -0.003092, 0.979855, 0.199685, 0.000312, -0.199685, 0.979860),
      ["LeftUpperArm"] = CFrame.new(-0.000000, -0.000688, 0.019012, 1.000000, 0.000000, 0.000000, 0.000000, 0.997384, -0.072291, 0.000000, 0.072291, 0.997384),
      ["LeftUpperLeg"] = CFrame.new(-0.000196, -0.008418, -0.011008, 0.999616, 0.018356, 0.020768, -0.016837, 0.997328, -0.071094, -0.022017, 0.070717, 0.997253),
      ["LowerTorso"] = CFrame.new(-1.949108, 0.003024, -0.332671, 0.014175, 0.083126, -0.996438, -0.001140, 0.996539, 0.083118, 0.999899, -0.000042, 0.014221),
      ["RightUpperArm"] = CFrame.new(-0.025626, -0.777265, -0.112011, 0.917519, 0.396151, 0.034962, 0.060377, -0.051865, -0.996827, -0.393081, 0.916719, -0.071505),
      ["RightUpperLeg"] = CFrame.new(0.000375, -0.017490, -0.008516, 0.999243, -0.036090, -0.014538, 0.034982, 0.996911, -0.070318, 0.017031, 0.069756, 0.997419)
    }},
    { Time = 0.300, Data = {
      ["Balls"] = CFrame.new(-0.000001, -0.000001, 0.000000, 0.837067, 0.547101, 0.000000, -0.547101, 0.837067, -0.000000, -0.000000, 0.000000, 1.000000),
      ["Cock"] = CFrame.new(-0.000002, 0.000002, -0.000000, 0.800931, 0.598756, -0.000076, -0.598222, 0.800211, -0.042356, -0.025300, 0.033970, 0.999103),
      ["Head"] = CFrame.new(-0.000000, -0.000000, 0.000000, 0.999995, 0.003092, 0.000311, -0.003092, 0.979924, 0.199345, 0.000311, -0.199345, 0.979929),
      ["LeftUpperArm"] = CFrame.new(-0.000000, -0.000677, 0.018854, 1.000000, 0.000000, 0.000000, 0.000000, 0.997427, -0.071687, 0.000000, 0.071687, 0.997427),
      ["LeftUpperLeg"] = CFrame.new(-0.000196, -0.008412, -0.011013, 0.999616, 0.018368, 0.020757, -0.016825, 0.997247, -0.072214, -0.022027, 0.071837, 0.997173),
      ["LowerTorso"] = CFrame.new(-1.949048, 0.003011, -0.332615, 0.014159, 0.083552, -0.996403, -0.001081, 0.996503, 0.083545, 0.999899, -0.000106, 0.014200),
      ["RightUpperArm"] = CFrame.new(-0.023628, -0.782110, -0.108476, 0.916699, 0.397685, 0.038843, 0.066142, -0.055154, -0.996285, -0.394065, 0.915863, -0.076864),
      ["RightUpperLeg"] = CFrame.new(0.000375, -0.017485, -0.008526, 0.999243, -0.036098, -0.014518, 0.034973, 0.996832, -0.071438, 0.017050, 0.070876, 0.997339)
    }},
    { Time = 0.317, Data = {
      ["Balls"] = CFrame.new(-0.000001, -0.000001, 0.000000, 0.836129, 0.548533, 0.000000, -0.548533, 0.836129, -0.000000, -0.000000, 0.000000, 1.000000),
      ["Cock"] = CFrame.new(-0.000002, 0.000001, -0.000000, 0.800065, 0.599914, -0.000462, -0.599398, 0.799345, -0.042056, -0.024861, 0.033924, 0.999115),
      ["Head"] = CFrame.new(-0.000000, -0.000000, 0.000000, 0.999995, 0.003092, 0.000311, -0.003092, 0.979994, 0.199005, 0.000311, -0.199005, 0.979998),
      ["LeftUpperArm"] = CFrame.new(-0.000000, -0.000665, 0.018695, 1.000000, 0.000000, 0.000000, 0.000000, 0.997470, -0.071084, 0.000000, 0.071084, 0.997470),
      ["LeftUpperLeg"] = CFrame.new(-0.000197, -0.008449, -0.011019, 0.999614, 0.018466, 0.020744, -0.016899, 0.997164, -0.073334, -0.022039, 0.072956, 0.997092),
      ["LowerTorso"] = CFrame.new(-1.948970, 0.002996, -0.332681, 0.014139, 0.083978, -0.996367, -0.001145, 0.996468, 0.083970, 0.999899, -0.000047, 0.014185),
      ["RightUpperArm"] = CFrame.new(-0.021546, -0.787177, -0.104814, 0.915817, 0.399305, 0.042827, 0.072155, -0.058700, -0.995665, -0.395060, 0.914937, -0.082570),
      ["RightUpperLeg"] = CFrame.new(0.000377, -0.017523, -0.008538, 0.999240, -0.036193, -0.014493, 0.035049, 0.996742, -0.072644, 0.017075, 0.072081, 0.997253)
    }},
    { Time = 0.333, Data = {
      ["Balls"] = CFrame.new(-0.000001, -0.000001, 0.000000, 0.835189, 0.549963, 0.000000, -0.549963, 0.835189, -0.000000, -0.000000, 0.000000, 1.000000),
      ["Cock"] = CFrame.new(-0.000002, 0.000001, -0.000000, 0.799141, 0.601143, -0.000876, -0.600646, 0.798420, -0.041837, -0.024450, 0.033960, 0.999124),
      ["Head"] = CFrame.new(-0.000000, -0.000000, 0.000000, 0.999995, 0.003092, 0.000310, -0.003092, 0.980063, 0.198665, 0.000310, -0.198665, 0.980067),
      ["LeftUpperArm"] = CFrame.new(-0.000000, -0.000656, 0.018559, 1.000000, 0.000000, 0.000000, 0.000000, 0.997507, -0.070567, 0.000000, 0.070567, 0.997507),
      ["LeftUpperLeg"] = CFrame.new(-0.000197, -0.008442, -0.011024, 0.999614, 0.018479, 0.020733, -0.016886, 0.997075, -0.074540, -0.022049, 0.074161, 0.997002),
      ["LowerTorso"] = CFrame.new(-1.948934, 0.002984, -0.332686, 0.014118, 0.084465, -0.996326, -0.001147, 0.996426, 0.084457, 0.999900, -0.000049, 0.014165),
      ["RightUpperArm"] = CFrame.new(-0.019355, -0.792385, -0.101045, 0.914820, 0.401121, 0.046961, 0.078365, -0.062237, -0.994980, -0.396185, 0.913908, -0.088370),
      ["RightUpperLeg"] = CFrame.new(0.000376, -0.017520, -0.008505, 0.999241, -0.036198, -0.014386, 0.035042, 0.996660, -0.073763, 0.017008, 0.073203, 0.997172)
    }},
    { Time = 0.350, Data = {
      ["Balls"] = CFrame.new(-0.000001, -0.000001, 0.000000, 0.834196, 0.551468, 0.000000, -0.551468, 0.834196, -0.000000, -0.000000, 0.000000, 1.000000),
      ["Cock"] = CFrame.new(-0.000002, 0.000002, -0.000000, 0.798161, 0.602443, -0.001265, -0.601966, 0.797441, -0.041536, -0.024014, 0.033914, 0.999136),
      ["Head"] = CFrame.new(-0.000000, -0.000000, 0.000000, 0.999995, 0.003092, 0.000310, -0.003092, 0.980114, 0.198410, 0.000310, -0.198410, 0.980119),
      ["LeftUpperArm"] = CFrame.new(-0.000000, -0.000646, 0.018423, 1.000000, 0.000000, 0.000000, 0.000000, 0.997543, -0.070050, 0.000000, 0.070050, 0.997543),
      ["LeftUpperLeg"] = CFrame.new(-0.000197, -0.008436, -0.011029, 0.999614, 0.018491, 0.020721, -0.016872, 0.996984, -0.075746, -0.022060, 0.075367, 0.996912),
      ["LowerTorso"] = CFrame.new(-1.948882, 0.002971, -0.332691, 0.014097, 0.084952, -0.996285, -0.001150, 0.996385, 0.084944, 0.999900, -0.000052, 0.014144),
      ["RightUpperArm"] = CFrame.new(-0.017118, -0.797767, -0.097155, 0.913805, 0.402911, 0.051219, 0.084798, -0.065935, -0.994214, -0.397203, 0.912861, -0.094418),
      ["RightUpperLeg"] = CFrame.new(0.000376, -0.017514, -0.008516, 0.999241, -0.036207, -0.014363, 0.035031, 0.996564, -0.075055, 0.017031, 0.074495, 0.997076)
    }},
    { Time = 0.367, Data = {
      ["Balls"] = CFrame.new(-0.000001, -0.000001, 0.000000, 0.833150, 0.553047, 0.000000, -0.553047, 0.833150, -0.000000, -0.000000, 0.000000, 1.000000),
      ["Cock"] = CFrame.new(-0.000002, 0.000002, -0.000000, 0.797178, 0.603743, -0.001653, -0.603284, 0.796460, -0.041234, -0.023578, 0.033868, 0.999148),
      ["Head"] = CFrame.new(-0.000000, -0.000000, 0.000000, 0.999995, 0.003092, 0.000309, -0.003092, 0.980166, 0.198155, 0.000309, -0.198155, 0.980171),
      ["LeftUpperArm"] = CFrame.new(-0.000000, -0.000638, 0.018310, 1.000000, 0.000000, 0.000000, 0.000000, 0.997574, -0.069620, 0.000000, 0.069620, 0.997574),
      ["LeftUpperLeg"] = CFrame.new(-0.000197, -0.008429, -0.011035, 0.999614, 0.018504, 0.020709, -0.016858, 0.996886, -0.077038, -0.022070, 0.076659, 0.996813),
      ["LowerTorso"] = CFrame.new(-1.948817, 0.002957, -0.332691, 0.014198, 0.085439, -0.996242, -0.001157, 0.996343, 0.085431, 0.999898, -0.000060, 0.014245),
      ["RightUpperArm"] = CFrame.new(-0.014826, -0.803278, -0.093163, 0.912747, 0.404728, 0.055566, 0.091370, -0.069676, -0.993377, -0.398175, 0.911779, -0.100576),
      ["RightUpperLeg"] = CFrame.new(0.000376, -0.017509, -0.008527, 0.999241, -0.036216, -0.014341, 0.035021, 0.996473, -0.076260, 0.017052, 0.075700, 0.996985)
    }},
    { Time = 0.383, Data = {
      ["Balls"] = CFrame.new(-0.000001, -0.000001, 0.000000, 0.832102, 0.554623, 0.000000, -0.554623, 0.832102, -0.000000, -0.000000, 0.000000, 1.000000),
      ["Cock"] = CFrame.new(-0.000002, 0.000002, -0.000000, 0.796193, 0.605039, -0.002122, -0.604603, 0.795476, -0.040904, -0.023060, 0.033850, 0.999161),
      ["Head"] = CFrame.new(-0.000000, -0.000000, 0.000000, 0.999995, 0.003092, 0.000309, -0.003092, 0.980217, 0.197900, 0.000309, -0.197900, 0.980222),
      ["LeftUpperArm"] = CFrame.new(-0.000000, -0.000630, 0.018197, 1.000000, 0.000000, 0.000000, 0.000000, 0.997604, -0.069189, 0.000000, 0.069189, 0.997604),
      ["LeftUpperLeg"] = CFrame.new(-0.000197, -0.008422, -0.011040, 0.999614, 0.018518, 0.020697, -0.016844, 0.996785, -0.078330, -0.022081, 0.077951, 0.996713),
      ["LowerTorso"] = CFrame.new(-1.948738, 0.002942, -0.332697, 0.014177, 0.085926, -0.996201, -0.001160, 0.996302, 0.085918, 0.999899, -0.000062, 0.014224),
      ["RightUpperArm"] = CFrame.new(-0.012468, -0.808930, -0.089088, 0.911616, 0.406635, 0.060037, 0.098163, -0.073540, -0.992449, -0.399149, 0.910626, -0.106957),
      ["RightUpperLeg"] = CFrame.new(0.000376, -0.017503, -0.008538, 0.999241, -0.036225, -0.014317, 0.035010, 0.996373, -0.077552, 0.017075, 0.076992, 0.996885)
    }},
    { Time = 0.400, Data = {
      ["Balls"] = CFrame.new(-0.000001, -0.000001, 0.000000, 0.831050, 0.556198, 0.000000, -0.556198, 0.831050, -0.000000, -0.000000, 0.000000, 1.000000),
      ["Cock"] = CFrame.new(-0.000003, 0.000002, -0.000000, 0.795149, 0.606409, -0.002511, -0.605992, 0.794434, -0.040600, -0.022625, 0.033805, 0.999172),
      ["Head"] = CFrame.new(-0.000000, -0.000000, 0.000000, 0.999995, 0.003092, 0.000309, -0.003092, 0.980252, 0.197730, 0.000309, -0.197730, 0.980256),
      ["LeftUpperArm"] = CFrame.new(-0.000000, -0.000624, 0.018106, 1.000000, 0.000000, 0.000000, 0.000000, 0.997627, -0.068844, 0.000000, 0.068844, 0.997627),
      ["LeftUpperLeg"] = CFrame.new(-0.000197, -0.008414, -0.011046, 0.999614, 0.018531, 0.020685, -0.016829, 0.996683, -0.079621, -0.022092, 0.079243, 0.996611),
      ["LowerTorso"] = CFrame.new(-1.948708, 0.002931, -0.332641, 0.014155, 0.086473, -0.996154, -0.001102, 0.996254, 0.086466, 0.999899, -0.000126, 0.014198),
      ["RightUpperArm"] = CFrame.new(-0.010049, -0.814684, -0.084941, 0.910418, 0.408626, 0.064534, 0.105035, -0.077440, -0.991449, -0.400134, 0.909411, -0.113423),
      ["RightUpperLeg"] = CFrame.new(0.000375, -0.017500, -0.008506, 0.999242, -0.036231, -0.014207, 0.035002, 0.996272, -0.078842, 0.017011, 0.078285, 0.996786)
    }},
    { Time = 0.417, Data = {
      ["Balls"] = CFrame.new(-0.000001, -0.000001, 0.000000, 0.829944, 0.557847, 0.000000, -0.557847, 0.829944, -0.000000, -0.000000, 0.000000, 1.000000),
      ["Cock"] = CFrame.new(-0.000003, 0.000002, -0.000000, 0.794104, 0.607775, -0.003009, -0.607379, 0.793387, -0.040350, -0.022136, 0.033870, 0.999181),
      ["Head"] = CFrame.new(-0.000000, -0.000000, 0.000000, 0.999995, 0.003092, 0.000308, -0.003092, 0.980286, 0.197560, 0.000308, -0.197560, 0.980291),
      ["LeftUpperArm"] = CFrame.new(-0.000000, -0.000618, 0.018015, 1.000000, 0.000000, 0.000000, 0.000000, 0.997651, -0.068499, 0.000000, 0.068499, 0.997651),
      ["LeftUpperLeg"] = CFrame.new(-0.000196, -0.008409, -0.011008, 0.999616, 0.018541, 0.020587, -0.016819, 0.996579, -0.080912, -0.022017, 0.080535, 0.996509),
      ["LowerTorso"] = CFrame.new(-1.948607, 0.002915, -0.332647, 0.014134, 0.086960, -0.996112, -0.001104, 0.996212, 0.086953, 0.999900, -0.000129, 0.014176),
      ["RightUpperArm"] = CFrame.new(-0.007591, -0.820529, -0.080727, 0.909171, 0.410648, 0.069117, 0.112045, -0.081375, -0.990366, -0.401067, 0.908156, -0.119994),
      ["RightUpperLeg"] = CFrame.new(0.000375, -0.017494, -0.008519, 0.999242, -0.036241, -0.014182, 0.034991, 0.996163, -0.080220, 0.017035, 0.079663, 0.996676)
    }},
    { Time = 0.433, Data = {
      ["Balls"] = CFrame.new(-0.000001, -0.000001, 0.000000, 0.828835, 0.559494, 0.000000, -0.559494, 0.828835, -0.000000, -0.000000, 0.000000, 1.000000),
      ["Cock"] = CFrame.new(-0.000003, 0.000002, -0.000000, 0.792999, 0.609214, -0.003399, -0.608837, 0.792284, -0.040045, -0.021703, 0.033825, 0.999192),
      ["Head"] = CFrame.new(-0.000000, -0.000000, 0.000000, 0.999995, 0.003092, 0.000308, -0.003092, 0.980320, 0.197390, 0.000308, -0.197390, 0.980325),
      ["LeftUpperArm"] = CFrame.new(-0.000000, -0.000615, 0.017970, 1.000000, 0.000000, 0.000000, 0.000000, 0.997663, -0.068327, 0.000000, 0.068327, 0.997663),
      ["LeftUpperLeg"] = CFrame.new(-0.000197, -0.008444, -0.011016, 0.999615, 0.018642, 0.020571, -0.016890, 0.996465, -0.082291, -0.022032, 0.081912, 0.996396),
      ["LowerTorso"] = CFrame.new(-1.948620, 0.002908, -0.332652, 0.014107, 0.087569, -0.996059, -0.001108, 0.996158, 0.087562, 0.999900, -0.000132, 0.014150),
      ["RightUpperArm"] = CFrame.new(-0.005098, -0.826459, -0.076460, 0.907885, 0.412696, 0.073667, 0.119073, -0.085372, -0.989208, -0.401953, 0.906859, -0.126648),
      ["RightUpperLeg"] = CFrame.new(0.000375, -0.017488, -0.008531, 0.999242, -0.036251, -0.014157, 0.034979, 0.996051, -0.081597, 0.017059, 0.081040, 0.996565)
    }},
    { Time = 0.450, Data = {
      ["Balls"] = CFrame.new(-0.000001, -0.000001, 0.000000, 0.827671, 0.561214, 0.000000, -0.561214, 0.827671, -0.000000, -0.000000, 0.000000, 1.000000),
      ["Cock"] = CFrame.new(-0.000003, 0.000002, -0.000000, 0.791947, 0.610578, -0.003868, -0.610222, 0.791234, -0.039712, -0.021187, 0.033810, 0.999204),
      ["Head"] = CFrame.new(-0.000000, -0.000001, 0.000000, 0.999995, 0.003092, 0.000308, -0.003092, 0.980337, 0.197305, 0.000308, -0.197305, 0.980342),
      ["LeftUpperArm"] = CFrame.new(-0.000000, -0.000610, 0.017902, 1.000000, 0.000000, 0.000000, 0.000000, 0.997681, -0.068069, 0.000000, 0.068069, 0.997681),
      ["LeftUpperLeg"] = CFrame.new(-0.000197, -0.008437, -0.011022, 0.999615, 0.018656, 0.020558, -0.016874, 0.996351, -0.083668, -0.022044, 0.083289, 0.996282),
      ["LowerTorso"] = CFrame.new(-1.948504, 0.002890, -0.332653, 0.014207, 0.088056, -0.996014, -0.001115, 0.996116, 0.088049, 0.999898, -0.000140, 0.014250),
      ["RightUpperArm"] = CFrame.new(-0.002559, -0.832442, -0.072159, 0.906516, 0.414836, 0.078361, 0.126296, -0.089366, -0.987959, -0.402838, 0.905497, -0.133404),
      ["RightUpperLeg"] = CFrame.new(0.000375, -0.017482, -0.008543, 0.999242, -0.036260, -0.014132, 0.034967, 0.995938, -0.082975, 0.017084, 0.082418, 0.996451)
    }},
    { Time = 0.467, Data = {
      ["Balls"] = CFrame.new(-0.000001, -0.000001, 0.000000, 0.826554, 0.562857, 0.000000, -0.562857, 0.826554, -0.000000, -0.000000, 0.000000, 1.000000),
      ["Cock"] = CFrame.new(-0.000003, 0.000002, -0.000000, 0.790836, 0.612012, -0.004339, -0.611678, 0.790126, -0.039378, -0.020672, 0.033795, 0.999215),
      ["Head"] = CFrame.new(-0.000000, -0.000001, 0.000000, 0.999995, 0.003092, 0.000308, -0.003092, 0.980354, 0.197220, 0.000308, -0.197220, 0.980359),
      ["LeftUpperArm"] = CFrame.new(-0.000000, -0.000609, 0.017879, 1.000000, 0.000000, 0.000000, 0.000000, 0.997687, -0.067982, 0.000000, 0.067982, 0.997687),
      ["LeftUpperLeg"] = CFrame.new(-0.000197, -0.008429, -0.011027, 0.999615, 0.018670, 0.020545, -0.016859, 0.996234, -0.085046, -0.022055, 0.084666, 0.996165),
      ["LowerTorso"] = CFrame.new(-1.948505, 0.002883, -0.332658, 0.014180, 0.088664, -0.995961, -0.001119, 0.996062, 0.088657, 0.999899, -0.000143, 0.014223),
      ["RightUpperArm"] = CFrame.new(-0.000012, -0.838490, -0.067824, 0.905138, 0.416944, 0.082961, 0.133478, -0.093451, -0.986636, -0.403620, 0.904115, -0.140239),
      ["RightUpperLeg"] = CFrame.new(0.000376, -0.017521, -0.008514, 0.999241, -0.036353, -0.014017, 0.035045, 0.995820, -0.084351, 0.017025, 0.083796, 0.996337)
    }},
    { Time = 0.483, Data = {
      ["Balls"] = CFrame.new(-0.000001, -0.000001, 0.000000, 0.825383, 0.564573, 0.000000, -0.564573, 0.825383, -0.000000, -0.000000, 0.000000, 1.000000),
      ["Cock"] = CFrame.new(-0.000003, 0.000002, -0.000000, 0.789723, 0.613445, -0.004808, -0.613133, 0.789015, -0.039043, -0.020157, 0.033781, 0.999226),
      ["Head"] = CFrame.new(-0.000000, -0.000000, 0.000000, 0.999995, 0.003092, 0.000308, -0.003092, 0.980372, 0.197134, 0.000308, -0.197134, 0.980376),
      ["LeftUpperArm"] = CFrame.new(-0.000000, -0.000607, 0.017857, 1.000000, 0.000000, 0.000000, 0.000000, 0.997692, -0.067896, 0.000000, 0.067896, 0.997692),
      ["LeftUpperLeg"] = CFrame.new(-0.000197, -0.008421, -0.011033, 0.999615, 0.018684, 0.020532, -0.016844, 0.996116, -0.086423, -0.022067, 0.086044, 0.996047),
      ["LowerTorso"] = CFrame.new(-1.948382, 0.002865, -0.332665, 0.014158, 0.089151, -0.995918, -0.001121, 0.996018, 0.089144, 0.999899, -0.000146, 0.014201),
      ["RightUpperArm"] = CFrame.new(0.002569, -0.844535, -0.063478, 0.903673, 0.419141, 0.087728, 0.140830, -0.097417, -0.985229, -0.404404, 0.902680, -0.147061),
      ["RightUpperLeg"] = CFrame.new(0.000376, -0.017515, -0.008526, 0.999241, -0.036362, -0.013992, 0.035033, 0.995702, -0.085728, 0.017049, 0.085173, 0.996220)
    }},
    { Time = 0.500, Data = {
      ["Balls"] = CFrame.new(-0.000001, -0.000001, 0.000000, 0.824208, 0.566288, 0.000000, -0.566288, 0.824208, -0.000000, -0.000000, 0.000000, 1.000000),
      ["Cock"] = CFrame.new(-0.000003, 0.000002, -0.000000, 0.788606, 0.614876, -0.005277, -0.614585, 0.787900, -0.038707, -0.019642, 0.033768, 0.999237),
      ["Head"] = CFrame.new(-0.000000, -0.000000, 0.000000, 0.999995, 0.003092, 0.000308, -0.003092, 0.980372, 0.197134, 0.000308, -0.197134, 0.980376),
      ["LeftUpperArm"] = CFrame.new(-0.000000, -0.000607, 0.017857, 1.000000, 0.000000, 0.000000, 0.000000, 0.997692, -0.067896, 0.000000, 0.067896, 0.997692),
