return {
  ["Astros cross legs missionary"] = {
    { Time = 0.000, Data = {
      ["Head"] = CFrame.new(0.000000, -0.000000, 0.000000, 1.000000, -0.000000, 0.000000, 0.000000, 0.956829, 0.290652, -0.000000, -0.290652, 0.956829),
      ["LeftUpperArm"] = CFrame.new(0.015541, -0.088528, 0.017847, 0.926084, -0.132960, -0.353116, -0.138493, 0.750758, -0.645897, 0.350983, 0.647058, 0.676851),
      ["LeftUpperLeg"] = CFrame.new(-0.205832, 0.010246, 0.023975, 0.959495, -0.254761, 0.120279, -0.037540, -0.538742, -0.841634, 0.279214, 0.803028, -0.526484),
      ["LowerTorso"] = CFrame.new(0.000000, -1.430959, 0.021022, 1.000000, 0.000000, 0.000000, 0.000000, -0.079300, -0.996851, 0.000000, 0.996851, -0.079300),
      ["RightUpperArm"] = CFrame.new(0.034646, -0.411672, -0.217646, 0.934779, 0.244640, 0.257566, 0.076545, 0.569315, -0.818548, -0.346886, 0.784877, 0.513458),
      ["RightUpperLeg"] = CFrame.new(0.198104, 0.028897, -0.059630, 0.964242, 0.244414, -0.102466, 0.017936, -0.445926, -0.894890, -0.264417, 0.861053, -0.434364),
      ["рҹҢ§пёҸрҹҳірҹ‘»рҹҸіпёҸвҖҚрҹҢҲрҹҳӮрҹ’һрҹҸҙвҖҚвҳ пёҸрҹҺёрҹҢ§пёҸрҹҳірҹ‘»рҹҸіпёҸвҖҚрҹҢҲрҹҳӮрҹ’һрҹҸҙвҖҚвҳ"] = CFrame.new(-0.000000, 0.000000, -0.000000, 0.924870, -0.282928, 0.254101, 0.276973, 0.959021, 0.059703, -0.260580, 0.015162, 0.965333)
    }},
    { Time = 0.017, Data = {
      ["Head"] = CFrame.new(0.000000, -0.000000, 0.000000, 1.000000, -0.000000, 0.000000, 0.000000, 0.955603, 0.294658, -0.000000, -0.294658, 0.955603),
      ["LeftUpperArm"] = CFrame.new(0.014959, -0.088672, 0.017893, 0.925389, -0.135173, -0.354097, -0.137859, 0.750212, -0.646665, 0.353059, 0.647232, 0.675603),
      ["LeftUpperLeg"] = CFrame.new(-0.205832, 0.010246, 0.023975, 0.959495, -0.254761, 0.120279, -0.037540, -0.538742, -0.841634, 0.279214, 0.803028, -0.526484),
      ["LowerTorso"] = CFrame.new(0.000000, -1.430959, 0.021136, 1.000000, 0.000000, 0.000000, 0.000000, -0.079300, -0.996851, 0.000000, 0.996851, -0.079300),
      ["RightUpperArm"] = CFrame.new(0.035224, -0.411998, -0.217590, 0.933960, 0.246838, 0.258439, 0.076603, 0.568073, -0.819405, -0.349072, 0.785089, 0.511649),
      ["RightUpperLeg"] = CFrame.new(0.198097, 0.028927, -0.059652, 0.964255, 0.244337, -0.102525, 0.017877, -0.446029, -0.894840, -0.264372, 0.861021, -0.434454),
      ["рҹҢ§пёҸрҹҳірҹ‘»рҹҸіпёҸвҖҚрҹҢҲрҹҳӮрҹ’һрҹҸҙвҖҚвҳ пёҸрҹҺёрҹҢ§пёҸрҹҳірҹ‘»рҹҸіпёҸвҖҚрҹҢҲрҹҳӮрҹ’һрҹҸҙвҖҚвҳ"] = CFrame.new(-0.000000, 0.000000, -0.000000, 0.923130, -0.288542, 0.254116, 0.282788, 0.957321, 0.059725, -0.260504, 0.016727, 0.965328)
    }},
    { Time = 0.033, Data = {
      ["Head"] = CFrame.new(0.000000, 0.000000, 0.000000, 1.000000, -0.000000, 0.000000, 0.000000, 0.954386, 0.298577, -0.000000, -0.298577, 0.954386),
      ["LeftUpperArm"] = CFrame.new(0.014372, -0.088832, 0.017955, 0.924688, -0.137403, -0.355068, -0.137245, 0.749603, -0.647502, 0.355129, 0.647469, 0.674291),
      ["LeftUpperLeg"] = CFrame.new(-0.205832, 0.010225, 0.023973, 0.959495, -0.254743, 0.120317, -0.037582, -0.538987, -0.841475, 0.279209, 0.802869, -0.526729),
      ["LowerTorso"] = CFrame.new(0.000000, -1.430960, 0.021478, 1.000000, 0.000000, 0.000000, 0.000000, -0.079300, -0.996851, 0.000000, 0.996851, -0.079300),
      ["RightUpperArm"] = CFrame.new(0.035793, -0.412323, -0.217534, 0.933113, 0.249001, 0.259419, 0.076780, 0.566836, -0.820245, -0.351290, 0.785300, 0.509804),
      ["RightUpperLeg"] = CFrame.new(0.198107, 0.028936, -0.059617, 0.964236, 0.244371, -0.102621, 0.017859, -0.446209, -0.894751, -0.264441, 0.860918, -0.434615),
      ["рҹҢ§пёҸрҹҳірҹ‘»рҹҸіпёҸвҖҚрҹҢҲрҹҳӮрҹ’һрҹҸҙвҖҚвҳ пёҸрҹҺёрҹҢ§пёҸрҹҳірҹ‘»рҹҸіпёҸвҖҚрҹҢҲрҹҳӮрҹ’һрҹҸҙвҖҚвҳ"] = CFrame.new(-0.000000, 0.000000, -0.000000, 0.921402, -0.294066, 0.254053, 0.288516, 0.955610, 0.059724, -0.260339, 0.018268, 0.965345)
    }},
    { Time = 0.050, Data = {
      ["Head"] = CFrame.new(0.000000, 0.000000, -0.000000, 1.000000, -0.000000, 0.000000, 0.000000, 0.953178, 0.302408, -0.000000, -0.302408, 0.953178),
      ["LeftUpperArm"] = CFrame.new(0.013810, -0.088977, 0.018003, 0.923981, -0.139538, -0.356072, -0.136696, 0.749052, -0.648256, 0.357173, 0.647650, 0.673036),
      ["LeftUpperLeg"] = CFrame.new(-0.205825, 0.010228, 0.023948, 0.959509, -0.254638, 0.120421, -0.037577, -0.539410, -0.841205, 0.279160, 0.802619, -0.527137),
      ["LowerTorso"] = CFrame.new(0.000000, -1.430959, 0.022041, 1.000000, 0.000000, 0.000000, 0.000000, -0.079300, -0.996851, 0.000000, 0.996851, -0.079300),
      ["RightUpperArm"] = CFrame.new(0.036352, -0.412649, -0.217477, 0.932292, 0.251125, 0.260323, 0.076921, 0.565596, -0.821087, -0.353434, 0.785517, 0.507984),
      ["RightUpperLeg"] = CFrame.new(0.198100, 0.028938, -0.059642, 0.964250, 0.244272, -0.102730, 0.017854, -0.446672, -0.894520, -0.264393, 0.860706, -0.435064),
      ["рҹҢ§пёҸрҹҳірҹ‘»рҹҸіпёҸвҖҚрҹҢҲрҹҳӮрҹ’һрҹҸҙвҖҚвҳ пёҸрҹҺёрҹҢ§пёҸрҹҳірҹ‘»рҹҸіпёҸвҖҚрҹҢҲрҹҳӮрҹ’һрҹҸҙвҖҚвҳ"] = CFrame.new(-0.000000, -0.000000, -0.000000, 0.919644, -0.299499, 0.254078, 0.294151, 0.953891, 0.059726, -0.260250, 0.019811, 0.965338)
    }},
    { Time = 0.067, Data = {
      ["Head"] = CFrame.new(0.000000, 0.000000, -0.000000, 1.000000, -0.000000, 0.000000, 0.000000, 0.952009, 0.306070, -0.000000, -0.306070, 0.952009),
      ["LeftUpperArm"] = CFrame.new(0.013257, -0.089122, 0.018051, 0.923303, -0.141643, -0.356999, -0.136119, 0.748498, -0.649017, 0.359142, 0.647834, 0.671810),
      ["LeftUpperLeg"] = CFrame.new(-0.205827, 0.010244, 0.023959, 0.959504, -0.254568, 0.120613, -0.037544, -0.539914, -0.840883, 0.279182, 0.802302, -0.527607),
      ["LowerTorso"] = CFrame.new(0.000000, -1.430960, 0.022823, 1.000000, 0.000000, 0.000000, 0.000000, -0.079300, -0.996851, 0.000000, 0.996851, -0.079300),
      ["RightUpperArm"] = CFrame.new(0.036897, -0.412955, -0.217432, 0.931495, 0.253199, 0.261164, 0.077007, 0.564433, -0.821879, -0.355509, 0.785688, 0.506269),
      ["RightUpperLeg"] = CFrame.new(0.198109, 0.028921, -0.059609, 0.964231, 0.244285, -0.102876, 0.017889, -0.447210, -0.894250, -0.264459, 0.860423, -0.435584),
      ["рҹҢ§пёҸрҹҳірҹ‘»рҹҸіпёҸвҖҚрҹҢҲрҹҳӮрҹ’һрҹҸҙвҖҚвҳ пёҸрҹҺёрҹҢ§пёҸрҹҳірҹ‘»рҹҸіпёҸвҖҚрҹҢҲрҹҳӮрҹ’һрҹҸҙвҖҚвҳ"] = CFrame.new(-0.000000, 0.000000, -0.000000, 0.917932, -0.304688, 0.254099, 0.299520, 0.952216, 0.059779, -0.260171, 0.021234, 0.965329)
    }},
    { Time = 0.083, Data = {
      ["Head"] = CFrame.new(0.000000, -0.000000, 0.000000, 1.000000, -0.000000, 0.000000, 0.000000, 0.950852, 0.309645, -0.000000, -0.309645, 0.950852),
      ["LeftUpperArm"] = CFrame.new(0.012744, -0.089253, 0.018089, 0.922688, -0.143591, -0.357809, -0.135544, 0.748003, -0.649708, 0.360935, 0.647977, 0.670710),
      ["LeftUpperLeg"] = CFrame.new(-0.205830, 0.010247, 0.023969, 0.959499, -0.254485, 0.120829, -0.037538, -0.540580, -0.840455, 0.279201, 0.801879, -0.528239),
      ["LowerTorso"] = CFrame.new(0.000000, -1.430959, 0.023813, 1.000000, 0.000000, 0.000000, 0.000000, -0.079300, -0.996851, 0.000000, 0.996851, -0.079300),
      ["RightUpperArm"] = CFrame.new(0.037410, -0.413238, -0.217394, 0.930734, 0.255146, 0.261983, 0.077112, 0.563357, -0.822607, -0.357475, 0.785830, 0.504661),
      ["RightUpperLeg"] = CFrame.new(0.198103, 0.028909, -0.059634, 0.964244, 0.244176, -0.103009, 0.017912, -0.447852, -0.893928, -0.264408, 0.860120, -0.436212),
      ["рҹҢ§пёҸрҹҳірҹ‘»рҹҸіпёҸвҖҚрҹҢҲрҹҳӮрҹ’һрҹҸҙвҖҚвҳ пёҸрҹҺёрҹҢ§пёҸрҹҳірҹ‘»рҹҸіпёҸвҖҚрҹҢҲрҹҳӮрҹ’һрҹҸҙвҖҚвҳ"] = CFrame.new(-0.000000, 0.000000, -0.000000, 0.916294, -0.309612, 0.254060, 0.304648, 0.950592, 0.059702, -0.259992, 0.022694, 0.965344)
    }},
    { Time = 0.100, Data = {
      ["Head"] = CFrame.new(0.000000, 0.000000, -0.000000, 1.000000, -0.000000, 0.000000, 0.000000, 0.949791, 0.312885, -0.000000, -0.312885, 0.949791),
      ["LeftUpperArm"] = CFrame.new(0.012253, -0.089383, 0.018130, 0.922070, -0.145461, -0.358648, -0.135050, 0.747506, -0.650382, 0.362697, 0.648133, 0.669608),
      ["LeftUpperLeg"] = CFrame.new(-0.205833, 0.010243, 0.023977, 0.959493, -0.254397, 0.121058, -0.037547, -0.541327, -0.839973, 0.279219, 0.801403, -0.528952),
      ["LowerTorso"] = CFrame.new(0.000000, -1.430959, 0.025000, 1.000000, 0.000000, 0.000000, 0.000000, -0.079300, -0.996851, 0.000000, 0.996851, -0.079300),
      ["RightUpperArm"] = CFrame.new(0.037901, -0.413521, -0.217352, 0.930030, 0.257015, 0.262655, 0.077138, 0.562279, -0.823342, -0.359297, 0.785994, 0.503110),
      ["RightUpperLeg"] = CFrame.new(0.198105, 0.028901, -0.059624, 0.964239, 0.244095, -0.103252, 0.017929, -0.448762, -0.893471, -0.264427, 0.859669, -0.437091),
      ["рҹҢ§пёҸрҹҳірҹ‘»рҹҸіпёҸвҖҚрҹҢҲрҹҳӮрҹ’һрҹҸҙвҖҚвҳ пёҸрҹҺёрҹҢ§пёҸрҹҳірҹ‘»рҹҸіпёҸвҖҚрҹҢҲрҹҳӮрҹ’һрҹҸҙвҖҚвҳ"] = CFrame.new(-0.000000, 0.000000, -0.000000, 0.914688, -0.314304, 0.254086, 0.309497, 0.949020, 0.059774, -0.259920, 0.023964, 0.965333)
    }},
    { Time = 0.117, Data = {
      ["Head"] = CFrame.new(0.000000, 0.000000, -0.000000, 1.000000, -0.000000, 0.000000, 0.000000, 0.948774, 0.315956, -0.000000, -0.315956, 0.948774),
      ["LeftUpperArm"] = CFrame.new(0.011794, -0.089498, 0.018159, 0.921482, -0.147204, -0.359447, -0.134589, 0.747068, -0.650980, 0.364359, 0.648244, 0.668598),
      ["LeftUpperLeg"] = CFrame.new(-0.205835, 0.010225, 0.023984, 0.959488, -0.254296, 0.121313, -0.037583, -0.542237, -0.839385, 0.279232, 0.800820, -0.529827),
      ["LowerTorso"] = CFrame.new(0.000000, -1.430959, 0.026372, 1.000000, 0.000000, 0.000000, 0.000000, -0.079300, -0.996851, 0.000000, 0.996851, -0.079300),
      ["RightUpperArm"] = CFrame.new(0.038350, -0.413780, -0.217314, 0.929340, 0.258723, 0.263419, 0.077298, 0.561296, -0.823997, -0.361043, 0.786135, 0.501636),
      ["RightUpperLeg"] = CFrame.new(0.198101, 0.028928, -0.059637, 0.964247, 0.243941, -0.103539, 0.017874, -0.449685, -0.893008, -0.264402, 0.859230, -0.437968),
      ["рҹҢ§пёҸрҹҳірҹ‘»рҹҸіпёҸвҖҚрҹҢҲрҹҳӮрҹ’һрҹҸҙвҖҚвҳ пёҸрҹҺёрҹҢ§пёҸрҹҳірҹ‘»рҹҸіпёҸвҖҚрҹҢҲрҹҳӮрҹ’һрҹҸҙвҖҚвҳ"] = CFrame.new(-0.000000, -0.000000, -0.000000, 0.913219, -0.318580, 0.254044, 0.313932, 0.947562, 0.059777, -0.259766, 0.025163, 0.965344)
    }},
    { Time = 0.133, Data = {
      ["Head"] = CFrame.new(0.000000, 0.000000, 0.000000, 1.000000, -0.000000, 0.000000, 0.000000, 0.947830, 0.318776, -0.000000, -0.318776, 0.947830),
      ["LeftUpperArm"] = CFrame.new(0.011393, -0.089613, 0.018200, 0.920960, -0.148729, -0.360156, -0.134225, 0.746631, -0.651557, 0.365808, 0.648400, 0.667654),
      ["LeftUpperLeg"] = CFrame.new(-0.205831, 0.010237, 0.023970, 0.959497, -0.254115, 0.121621, -0.037559, -0.543241, -0.838736, 0.279204, 0.800197, -0.530782),
      ["LowerTorso"] = CFrame.new(0.000000, -1.430959, 0.027913, 1.000000, 0.000000, 0.000000, 0.000000, -0.079300, -0.996851, 0.000000, 0.996851, -0.079300),
      ["RightUpperArm"] = CFrame.new(0.038765, -0.414017, -0.217281, 0.928740, 0.260301, 0.263979, 0.077319, 0.560392, -0.824610, -0.362578, 0.786260, 0.500333),
      ["RightUpperLeg"] = CFrame.new(0.198104, 0.028906, -0.059629, 0.964242, 0.243849, -0.103806, 0.017918, -0.450773, -0.892459, -0.264418, 0.858686, -0.439023),
      ["рҹҢ§пёҸрҹҳірҹ‘»рҹҸіпёҸвҖҚрҹҢҲрҹҳӮрҹ’һрҹҸҙвҖҚвҳ пёҸрҹҺёрҹҢ§пёҸрҹҳірҹ‘»рҹҸіпёҸвҖҚрҹҢҲрҹҳӮрҹ’һрҹҸҙвҖҚвҳ"] = CFrame.new(-0.000000, 0.000000, -0.000000, 0.911819, -0.322522, 0.254097, 0.318031, 0.946196, 0.059750, -0.259696, 0.026330, 0.965331)
    }},
    { Time = 0.150, Data = {
      ["Head"] = CFrame.new(0.000000, 0.000000, -0.000000, 1.000000, -0.000000, 0.000000, 0.000000, 0.946990, 0.321263, -0.000000, -0.321263, 0.946990),
      ["LeftUpperArm"] = CFrame.new(0.011013, -0.089712, 0.018227, 0.920505, -0.150175, -0.360719, -0.133784, 0.746253, -0.652080, 0.367114, 0.648501, 0.666839),
      ["LeftUpperLeg"] = CFrame.new(-0.205826, 0.010235, 0.023955, 0.959506, -0.253921, 0.121954, -0.037562, -0.544406, -0.837980, 0.279173, 0.799466, -0.531899),
      ["LowerTorso"] = CFrame.new(0.000000, -1.430959, 0.029607, 1.000000, 0.000000, 0.000000, 0.000000, -0.079300, -0.996851, 0.000000, 0.996851, -0.079300),
      ["RightUpperArm"] = CFrame.new(0.039127, -0.414229, -0.217251, 0.928188, 0.261678, 0.264561, 0.077431, 0.559585, -0.825148, -0.363967, 0.786377, 0.499138),
      ["RightUpperLeg"] = CFrame.new(0.198100, 0.028914, -0.059643, 0.964249, 0.243679, -0.104131, 0.017904, -0.451962, -0.891858, -0.264391, 0.858109, -0.440167),
      ["рҹҢ§пёҸрҹҳірҹ‘»рҹҸіпёҸвҖҚрҹҢҲрҹҳӮрҹ’һрҹҸҙвҖҚвҳ пёҸрҹҺёрҹҢ§пёҸрҹҳірҹ‘»рҹҸіпёҸвҖҚрҹҢҲрҹҳӮрҹ’һрҹҸҙвҖҚвҳ"] = CFrame.new(-0.000000, -0.000000, -0.000000, 0.910596, -0.325980, 0.254069, 0.321625, 0.944982, 0.059726, -0.259560, 0.027329, 0.965340)
    }},
    { Time = 0.167, Data = {
      ["Head"] = CFrame.new(0.000000, 0.000000, -0.000000, 1.000000, -0.000000, 0.000000, 0.000000, 0.946257, 0.323416, -0.000000, -0.323416, 0.946257),
      ["LeftUpperArm"] = CFrame.new(0.010715, -0.089795, 0.018253, 0.920119, -0.151307, -0.361231, -0.133501, 0.745938, -0.652498, 0.368184, 0.648600, 0.666152),
      ["LeftUpperLeg"] = CFrame.new(-0.205822, 0.010234, 0.023939, 0.959515, -0.253727, 0.122287, -0.037565, -0.545570, -0.837223, 0.279142, 0.798734, -0.533014),
      ["LowerTorso"] = CFrame.new(0.000000, -1.430959, 0.031435, 1.000000, 0.000000, 0.000000, 0.000000, -0.079300, -0.996851, 0.000000, 0.996851, -0.079300),
      ["RightUpperArm"] = CFrame.new(0.039446, -0.414418, -0.217223, 0.927705, 0.262889, 0.265052, 0.077518, 0.558867, -0.825626, -0.365177, 0.786484, 0.498085),
      ["RightUpperLeg"] = CFrame.new(0.198106, 0.028937, -0.059621, 0.964239, 0.243548, -0.104540, 0.017857, -0.453240, -0.891210, -0.264434, 0.857472, -0.441380),
      ["рҹҢ§пёҸрҹҳірҹ‘»рҹҸіпёҸвҖҚрҹҢҲрҹҳӮрҹ’һрҹҸҙвҖҚвҳ пёҸрҹҺёрҹҢ§пёҸрҹҳірҹ‘»рҹҸіпёҸвҖҚрҹҢҲрҹҳӮрҹ’һрҹҸҙвҖҚвҳ"] = CFrame.new(-0.000000, 0.000000, -0.000000, 0.909482, -0.329035, 0.254124, 0.324792, 0.943896, 0.059745, -0.259525, 0.028201, 0.965325)
    }},
    { Time = 0.183, Data = {
      ["Head"] = CFrame.new(0.000000, 0.000000, -0.000000, 1.000000, -0.000000, 0.000000, 0.000000, 0.945661, 0.325155, -0.000000, -0.325155, 0.945661),
      ["LeftUpperArm"] = CFrame.new(0.010430, -0.089862, 0.018263, 0.919765, -0.152391, -0.361675, -0.133171, 0.745684, -0.652856, 0.369185, 0.648638, 0.665561),
      ["LeftUpperLeg"] = CFrame.new(-0.205828, 0.010239, 0.023959, 0.959504, -0.253559, 0.122719, -0.037554, -0.546894, -0.836359, 0.279181, 0.797881, -0.534269),
      ["LowerTorso"] = CFrame.new(0.000000, -1.430959, 0.033377, 1.000000, 0.000000, 0.000000, 0.000000, -0.079300, -0.996851, 0.000000, 0.996851, -0.079300),
      ["RightUpperArm"] = CFrame.new(0.039717, -0.414562, -0.217211, 0.927293, 0.263920, 0.265468, 0.077562, 0.558319, -0.825993, -0.366212, 0.786528, 0.497255),
      ["RightUpperLeg"] = CFrame.new(0.198102, 0.028931, -0.059636, 0.964246, 0.243366, -0.104889, 0.017869, -0.454605, -0.890514, -0.264404, 0.856801, -0.442700),
      ["рҹҢ§пёҸрҹҳірҹ‘»рҹҸіпёҸвҖҚрҹҢҲрҹҳӮрҹ’һрҹҸҙвҖҚвҳ пёҸрҹҺёрҹҢ§пёҸрҹҳірҹ‘»рҹҸіпёҸвҖҚрҹҢҲрҹҳӮрҹ’һрҹҸҙвҖҚвҳ"] = CFrame.new(-0.000000, 0.000000, -0.000000, 0.908583, -0.331528, 0.254101, 0.327375, 0.943003, 0.059756, -0.259429, 0.028893, 0.965330)
    }},
    { Time = 0.200, Data = {
      ["Head"] = CFrame.new(0.000000, -0.000000, 0.000000, 1.000000, -0.000000, 0.000000, 0.000000, 0.945176, 0.326561, -0.000000, -0.326561, 0.945176),
      ["LeftUpperArm"] = CFrame.new(0.010228, -0.089912, 0.018273, 0.919483, -0.153161, -0.362068, -0.132997, 0.745494, -0.653108, 0.369950, 0.648676, 0.665099),
      ["LeftUpperLeg"] = CFrame.new(-0.205823, 0.010224, 0.023941, 0.959513, -0.253352, 0.123076, -0.037585, -0.548217, -0.835492, 0.279146, 0.797039, -0.535543),
      ["LowerTorso"] = CFrame.new(0.000000, -1.430959, 0.035413, 1.000000, 0.000000, 0.000000, 0.000000, -0.079300, -0.996851, 0.000000, 0.996851, -0.079300),
      ["RightUpperArm"] = CFrame.new(0.039915, -0.414680, -0.217194, 0.926994, 0.264672, 0.265765, 0.077613, 0.557869, -0.826292, -0.366959, 0.786594, 0.496599),
      ["RightUpperLeg"] = CFrame.new(0.198098, 0.028918, -0.059651, 0.964254, 0.243180, -0.105250, 0.017895, -0.456057, -0.889771, -0.264374, 0.856082, -0.444106),
      ["рҹҢ§пёҸрҹҳірҹ‘»рҹҸіпёҸвҖҚрҹҢҲрҹҳӮрҹ’һрҹҸҙвҖҚвҳ пёҸрҹҺёрҹҢ§пёҸрҹҳірҹ‘»рҹҸіпёҸвҖҚрҹҢҲрҹҳӮрҹ’һрҹҸҙвҖҚвҳ"] = CFrame.new(-0.000000, -0.000000, -0.000000, 0.907882, -0.333457, 0.254081, 0.329372, 0.942306, 0.059772, -0.259354, 0.029421, 0.965334)
    }},
    { Time = 0.217, Data = {
      ["Head"] = CFrame.new(0.000000, 0.000000, 0.000000, 1.000000, -0.000000, 0.000000, 0.000000, 0.944804, 0.327637, -0.000000, -0.327637, 0.944804),
      ["LeftUpperArm"] = CFrame.new(0.010070, -0.089962, 0.018293, 0.919305, -0.153759, -0.362266, -0.132811, 0.745304, -0.653363, 0.370459, 0.648752, 0.664741),
      ["LeftUpperLeg"] = CFrame.new(-0.205828, 0.010229, 0.023961, 0.959502, -0.253184, 0.123507, -0.037574, -0.549537, -0.834624, 0.279186, 0.796183, -0.536795),
      ["LowerTorso"] = CFrame.new(0.000000, -1.430960, 0.037519, 1.000000, 0.000000, 0.000000, 0.000000, -0.079300, -0.996851, 0.000000, 0.996851, -0.079300),
      ["RightUpperArm"] = CFrame.new(0.040069, -0.414775, -0.217178, 0.926766, 0.265258, 0.265973, 0.077637, 0.557509, -0.826532, -0.367527, 0.786652, 0.496087),
      ["RightUpperLeg"] = CFrame.new(0.198103, 0.028928, -0.059630, 0.964243, 0.243036, -0.105683, 0.017875, -0.457507, -0.889026, -0.264416, 0.855348, -0.445492),
      ["рҹҢ§пёҸрҹҳірҹ‘»рҹҸіпёҸвҖҚрҹҢҲрҹҳӮрҹ’һрҹҸҙвҖҚвҳ пёҸрҹҺёрҹҢ§пёҸрҹҳірҹ‘»рҹҸіпёҸвҖҚрҹҢҲрҹҳӮрҹ’һрҹҸҙвҖҚвҳ"] = CFrame.new(-0.000000, 0.000000, -0.000000, 0.907353, -0.334894, 0.254078, 0.330878, 0.941782, 0.059721, -0.259287, 0.029881, 0.965338)
    }},
    { Time = 0.233, Data = {
      ["Head"] = CFrame.new(0.000000, 0.000000, 0.000000, 1.000000, -0.000000, 0.000000, 0.000000, 0.944603, 0.328215, -0.000000, -0.328215, 0.944603),
      ["LeftUpperArm"] = CFrame.new(0.009979, -0.089979, 0.018291, 0.919198, -0.154105, -0.362391, -0.132685, 0.745240, -0.653462, 0.370770, 0.648745, 0.664575),
      ["LeftUpperLeg"] = CFrame.new(-0.205834, 0.010221, 0.023979, 0.959491, -0.253004, 0.123963, -0.037591, -0.551016, -0.833647, 0.279221, 0.795217, -0.538206),
      ["LowerTorso"] = CFrame.new(0.000000, -1.430959, 0.039671, 1.000000, 0.000000, 0.000000, 0.000000, -0.079300, -0.996851, 0.000000, 0.996851, -0.079300),
      ["RightUpperArm"] = CFrame.new(0.040157, -0.414822, -0.217175, 0.926621, 0.265591, 0.266149, 0.077691, 0.557329, -0.826649, -0.367883, 0.786667, 0.495799),
      ["RightUpperLeg"] = CFrame.new(0.198099, 0.028909, -0.059646, 0.964251, 0.242843, -0.106056, 0.017914, -0.459044, -0.888233, -0.264385, 0.854579, -0.446984),
      ["рҹҢ§пёҸрҹҳірҹ‘»рҹҸіпёҸвҖҚрҹҢҲрҹҳӮрҹ’һрҹҸҙвҖҚвҳ пёҸрҹҺёрҹҢ§пёҸрҹҳірҹ‘»рҹҸіпёҸвҖҚрҹҢҲрҹҳӮрҹ’һрҹҸҙвҖҚвҳ"] = CFrame.new(-0.000000, -0.000000, -0.000000, 0.907029, -0.335782, 0.254064, 0.331789, 0.941459, 0.059761, -0.259257, 0.030091, 0.965339)
    }},
    { Time = 0.250, Data = {
      ["Head"] = CFrame.new(0.000000, 0.000000, 0.000000, 1.000000, -0.000000, 0.000000, 0.000000, 0.944517, 0.328464, -0.000000, -0.328464, 0.944517),
      ["LeftUpperArm"] = CFrame.new(0.009967, -0.089995, 0.018306, 0.919163, -0.154153, -0.362458, -0.132733, 0.745178, -0.653522, 0.370838, 0.648804, 0.664479),
      ["LeftUpperLeg"] = CFrame.new(-0.205822, 0.010237, 0.023941, 0.959514, -0.252714, 0.124373, -0.037560, -0.552427, -0.832714, 0.279146, 0.794330, -0.539554),
      ["LowerTorso"] = CFrame.new(0.000000, -1.430959, 0.041848, 1.000000, 0.000000, 0.000000, 0.000000, -0.079300, -0.996851, 0.000000, 0.996851, -0.079300),
      ["RightUpperArm"] = CFrame.new(0.040190, -0.414846, -0.217169, 0.926580, 0.265718, 0.266165, 0.077677, 0.557239, -0.826711, -0.367989, 0.786689, 0.495686),
      ["RightUpperLeg"] = CFrame.new(0.198105, 0.028919, -0.059624, 0.964240, 0.242698, -0.106488, 0.017894, -0.460491, -0.887484, -0.264427, 0.853842, -0.448367),
      ["рҹҢ§пёҸрҹҳірҹ‘»рҹҸіпёҸвҖҚрҹҢҲрҹҳӮрҹ’һрҹҸҙвҖҚвҳ пёҸрҹҺёрҹҢ§пёҸрҹҳірҹ‘»рҹҸіпёҸвҖҚрҹҢҲрҹҳӮрҹ’һрҹҸҙвҖҚвҳ"] = CFrame.new(-0.000000, 0.000000, -0.000000, 0.906941, -0.336016, 0.254071, 0.332045, 0.941372, 0.059710, -0.259239, 0.030210, 0.965341)
    }},
    { Time = 0.267, Data = {
      ["Head"] = CFrame.new(0.000000, 0.000000, -0.000000, 1.000000, -0.000000, 0.000000, 0.000000, 0.944603, 0.328215, -0.000000, -0.328215, 0.944603),
      ["LeftUpperArm"] = CFrame.new(0.009979, -0.089979, 0.018291, 0.919198, -0.154105, -0.362391, -0.132685, 0.745240, -0.653462, 0.370770, 0.648745, 0.664575),
      ["LeftUpperLeg"] = CFrame.new(-0.205828, 0.010235, 0.023960, 0.959503, -0.252539, 0.124816, -0.037563, -0.553822, -0.831788, 0.279184, 0.793414, -0.540879),
      ["LowerTorso"] = CFrame.new(0.000000, -1.430959, 0.044025, 1.000000, 0.000000, 0.000000, 0.000000, -0.079300, -0.996851, 0.000000, 0.996851, -0.079300),
      ["RightUpperArm"] = CFrame.new(0.040156, -0.414822, -0.217174, 0.926621, 0.265591, 0.266149, 0.077691, 0.557329, -0.826649, -0.367883, 0.786667, 0.495799),
      ["RightUpperLeg"] = CFrame.new(0.198101, 0.028899, -0.059639, 0.964247, 0.242504, -0.106860, 0.017932, -0.462024, -0.886686, -0.264397, 0.853069, -0.449854),
      ["рҹҢ§пёҸрҹҳірҹ‘»рҹҸіпёҸвҖҚрҹҢҲрҹҳӮрҹ’һрҹҸҙвҖҚвҳ пёҸрҹҺёрҹҢ§пёҸрҹҳірҹ‘»рҹҸіпёҸвҖҚрҹҢҲрҹҳӮрҹ’һрҹҸҙвҖҚвҳ"] = CFrame.new(-0.000000, -0.000000, -0.000000, 0.907029, -0.335782, 0.254064, 0.331789, 0.941459, 0.059761, -0.259257, 0.030091, 0.965339)
    }},
    { Time = 0.283, Data = {
      ["Head"] = CFrame.new(0.000000, 0.000000, 0.000000, 1.000000, -0.000000, 0.000000, 0.000000, 0.944804, 0.327637, -0.000000, -0.327637, 0.944804),
      ["LeftUpperArm"] = CFrame.new(0.010070, -0.089962, 0.018293, 0.919305, -0.153759, -0.362266, -0.132811, 0.745304, -0.653363, 0.370459, 0.648752, 0.664741),
      ["LeftUpperLeg"] = CFrame.new(-0.205834, 0.010234, 0.023979, 0.959491, -0.252363, 0.125258, -0.037565, -0.555214, -0.830859, 0.279223, 0.792496, -0.542203),
      ["LowerTorso"] = CFrame.new(0.000000, -1.430959, 0.046178, 1.000000, 0.000000, 0.000000, 0.000000, -0.079300, -0.996851, 0.000000, 0.996851, -0.079300),
      ["RightUpperArm"] = CFrame.new(0.040069, -0.414775, -0.217178, 0.926766, 0.265258, 0.265973, 0.077637, 0.557509, -0.826532, -0.367527, 0.786652, 0.496087),
      ["RightUpperLeg"] = CFrame.new(0.198100, 0.028939, -0.059640, 0.964249, 0.242280, -0.107349, 0.017853, -0.463568, -0.885882, -0.264395, 0.852294, -0.451320),
      ["рҹҢ§пёҸрҹҳірҹ‘»рҹҸіпёҸвҖҚрҹҢҲрҹҳӮрҹ’һрҹҸҙвҖҚвҳ пёҸрҹҺёрҹҢ§пёҸрҹҳірҹ‘»рҹҸіпёҸвҖҚрҹҢҲрҹҳӮрҹ’һрҹҸҙвҖҚвҳ"] = CFrame.new(-0.000000, 0.000000, -0.000000, 0.907353, -0.334894, 0.254078, 0.330878, 0.941782, 0.059721, -0.259287, 0.029881, 0.965338)
    }},
    { Time = 0.300, Data = {
      ["Head"] = CFrame.new(0.000000, -0.000000, 0.000000, 1.000000, -0.000000, 0.000000, 0.000000, 0.945176, 0.326561, -0.000000, -0.326561, 0.945176),
      ["LeftUpperArm"] = CFrame.new(0.010228, -0.089912, 0.018273, 0.919483, -0.153161, -0.362068, -0.132997, 0.745494, -0.653108, 0.369950, 0.648676, 0.665099),
      ["LeftUpperLeg"] = CFrame.new(-0.205829, 0.010212, 0.023962, 0.959500, -0.252147, 0.125626, -0.037609, -0.556604, -0.829926, 0.279187, 0.791589, -0.543545),
      ["LowerTorso"] = CFrame.new(0.000000, -1.430960, 0.048284, 1.000000, 0.000000, 0.000000, 0.000000, -0.079300, -0.996851, 0.000000, 0.996851, -0.079300),
      ["RightUpperArm"] = CFrame.new(0.039915, -0.414680, -0.217194, 0.926994, 0.264672, 0.265765, 0.077613, 0.557869, -0.826292, -0.366959, 0.786594, 0.496599),
      ["RightUpperLeg"] = CFrame.new(0.198097, 0.028927, -0.059655, 0.964257, 0.242091, -0.107708, 0.017878, -0.465008, -0.885126, -0.264366, 0.851563, -0.452716),
      ["рҹҢ§пёҸрҹҳірҹ‘»рҹҸіпёҸвҖҚрҹҢҲрҹҳӮрҹ’һрҹҸҙвҖҚвҳ пёҸрҹҺёрҹҢ§пёҸрҹҳірҹ‘»рҹҸіпёҸвҖҚрҹҢҲрҹҳӮрҹ’һрҹҸҙвҖҚвҳ"] = CFrame.new(-0.000000, -0.000000, -0.000000, 0.907882, -0.333457, 0.254081, 0.329372, 0.942306, 0.059772, -0.259354, 0.029421, 0.965334)
    }},
    { Time = 0.317, Data = {
      ["Head"] = CFrame.new(0.000000, 0.000000, -0.000000, 1.000000, -0.000000, 0.000000, 0.000000, 0.945661, 0.325155, -0.000000, -0.325155, 0.945661),
      ["LeftUpperArm"] = CFrame.new(0.010430, -0.089862, 0.018263, 0.919765, -0.152391, -0.361675, -0.133171, 0.745684, -0.652856, 0.369185, 0.648638, 0.665561),
      ["LeftUpperLeg"] = CFrame.new(-0.205828, 0.010254, 0.023963, 0.959503, -0.251901, 0.126096, -0.037523, -0.557926, -0.829042, 0.279189, 0.790736, -0.544784),
      ["LowerTorso"] = CFrame.new(0.000000, -1.430959, 0.050319, 1.000000, 0.000000, 0.000000, 0.000000, -0.079300, -0.996851, 0.000000, 0.996851, -0.079300),
      ["RightUpperArm"] = CFrame.new(0.039717, -0.414562, -0.217211, 0.927293, 0.263920, 0.265468, 0.077562, 0.558319, -0.825993, -0.366212, 0.786528, 0.497255),
      ["RightUpperLeg"] = CFrame.new(0.198102, 0.028936, -0.059633, 0.964245, 0.241944, -0.108139, 0.017857, -0.466447, -0.884369, -0.264409, 0.850818, -0.454089),
      ["рҹҢ§пёҸрҹҳірҹ‘»рҹҸіпёҸвҖҚрҹҢҲрҹҳӮрҹ’һрҹҸҙвҖҚвҳ пёҸрҹҺёрҹҢ§пёҸрҹҳірҹ‘»рҹҸіпёҸвҖҚрҹҢҲрҹҳӮрҹ’һрҹҸҙвҖҚвҳ"] = CFrame.new(-0.000000, 0.000000, -0.000000, 0.908583, -0.331528, 0.254101, 0.327375, 0.943003, 0.059756, -0.259429, 0.028893, 0.965330)
    }},
    { Time = 0.333, Data = {
      ["Head"] = CFrame.new(0.000000, 0.000000, -0.000000, 1.000000, -0.000000, 0.000000, 0.000000, 0.946257, 0.323416, -0.000000, -0.323416, 0.946257),
      ["LeftUpperArm"] = CFrame.new(0.010715, -0.089795, 0.018253, 0.920119, -0.151307, -0.361231, -0.133501, 0.745938, -0.652498, 0.368184, 0.648600, 0.666152),
      ["LeftUpperLeg"] = CFrame.new(-0.205824, 0.010240, 0.023946, 0.959511, -0.251691, 0.126450, -0.037553, -0.559232, -0.828160, 0.279155, 0.789880, -0.546041),
      ["LowerTorso"] = CFrame.new(0.000000, -1.430959, 0.052261, 1.000000, 0.000000, 0.000000, 0.000000, -0.079300, -0.996851, 0.000000, 0.996851, -0.079300),
      ["RightUpperArm"] = CFrame.new(0.039446, -0.414418, -0.217223, 0.927705, 0.262889, 0.265052, 0.077518, 0.558867, -0.825626, -0.365177, 0.786484, 0.498085),
      ["RightUpperLeg"] = CFrame.new(0.198099, 0.028931, -0.059647, 0.964253, 0.241759, -0.108486, 0.017869, -0.467795, -0.883657, -0.264381, 0.850130, -0.455393),
      ["рҹҢ§пёҸрҹҳірҹ‘»рҹҸіпёҸвҖҚрҹҢҲрҹҳӮрҹ’һрҹҸҙвҖҚвҳ пёҸрҹҺёрҹҢ§пёҸрҹҳірҹ‘»рҹҸіпёҸвҖҚрҹҢҲрҹҳӮрҹ’һрҹҸҙвҖҚвҳ"] = CFrame.new(-0.000000, -0.000000, -0.000000, 0.909482, -0.329035, 0.254124, 0.324792, 0.943896, 0.059745, -0.259525, 0.028201, 0.965325)
    }},
    { Time = 0.350, Data = {
      ["Head"] = CFrame.new(0.000000, 0.000000, -0.000000, 1.000000, -0.000000, 0.000000, 0.000000, 0.946990, 0.321263, -0.000000, -0.321263, 0.946990),
      ["LeftUpperArm"] = CFrame.new(0.011013, -0.089712, 0.018227, 0.920505, -0.150175, -0.360719, -0.133784, 0.746253, -0.652080, 0.367114, 0.648501, 0.666839),
      ["LeftUpperLeg"] = CFrame.new(-0.205829, 0.010259, 0.023968, 0.959500, -0.251531, 0.126854, -0.037514, -0.560377, -0.827388, 0.279200, 0.789120, -0.547118),
      ["LowerTorso"] = CFrame.new(0.000000, -1.430960, 0.054089, 1.000000, 0.000000, 0.000000, 0.000000, -0.079300, -0.996851, 0.000000, 0.996851, -0.079300),
      ["RightUpperArm"] = CFrame.new(0.039127, -0.414229, -0.217251, 0.928188, 0.261678, 0.264561, 0.077431, 0.559585, -0.825148, -0.363967, 0.786377, 0.499138),
      ["RightUpperLeg"] = CFrame.new(0.198102, 0.028896, -0.059639, 0.964247, 0.241652, -0.108774, 0.017939, -0.469040, -0.882995, -0.264397, 0.849474, -0.456606),
      ["рҹҢ§пёҸрҹҳірҹ‘»рҹҸіпёҸвҖҚрҹҢҲрҹҳӮрҹ’һрҹҸҙвҖҚвҳ пёҸрҹҺёрҹҢ§пёҸрҹҳірҹ‘»рҹҸіпёҸвҖҚрҹҢҲрҹҳӮрҹ’һрҹҸҙвҖҚвҳ"] = CFrame.new(-0.000000, 0.000000, -0.000000, 0.910596, -0.325980, 0.254069, 0.321625, 0.944982, 0.059726, -0.259560, 0.027329, 0.965340)
    }},
    { Time = 0.367, Data = {
      ["Head"] = CFrame.new(0.000000, 0.000000, 0.000000, 1.000000, -0.000000, 0.000000, 0.000000, 0.947830, 0.318776, -0.000000, -0.318776, 0.947830),
      ["LeftUpperArm"] = CFrame.new(0.011393, -0.089613, 0.018200, 0.920960, -0.148729, -0.360156, -0.134225, 0.746631, -0.651557, 0.365808, 0.648400, 0.667654),
      ["LeftUpperLeg"] = CFrame.new(-0.205832, 0.010221, 0.023973, 0.959494, -0.251408, 0.127143, -0.037591, -0.561506, -0.826618, 0.279210, 0.788356, -0.548212),
      ["LowerTorso"] = CFrame.new(0.000000, -1.430959, 0.055784, 1.000000, 0.000000, 0.000000, 0.000000, -0.079300, -0.996851, 0.000000, 0.996851, -0.079300),
      ["RightUpperArm"] = CFrame.new(0.038765, -0.414017, -0.217282, 0.928740, 0.260301, 0.263979, 0.077319, 0.560392, -0.824610, -0.362578, 0.786260, 0.500333),
      ["RightUpperLeg"] = CFrame.new(0.198107, 0.028926, -0.059616, 0.964235, 0.241521, -0.109168, 0.017878, -0.470210, -0.882374, -0.264444, 0.848864, -0.457711),
      ["рҹҢ§пёҸрҹҳірҹ‘»рҹҸіпёҸвҖҚрҹҢҲрҹҳӮрҹ’һрҹҸҙвҖҚвҳ пёҸрҹҺёрҹҢ§пёҸрҹҳірҹ‘»рҹҸіпёҸвҖҚрҹҢҲрҹҳӮрҹ’һрҹҸҙвҖҚвҳ"] = CFrame.new(-0.000000, 0.000000, -0.000000, 0.911819, -0.322522, 0.254097, 0.318031, 0.946196, 0.059750, -0.259696, 0.026330, 0.965331)
    }},
    { Time = 0.383, Data = {
      ["Head"] = CFrame.new(0.000000, 0.000000, -0.000000, 1.000000, -0.000000, 0.000000, 0.000000, 0.948774, 0.315956, -0.000000, -0.315956, 0.948774),
      ["LeftUpperArm"] = CFrame.new(0.011794, -0.089498, 0.018159, 0.921482, -0.147204, -0.359447, -0.134589, 0.747068, -0.650980, 0.364359, 0.648244, 0.668598),
      ["LeftUpperLeg"] = CFrame.new(-0.205828, 0.010233, 0.023960, 0.959503, -0.251221, 0.127447, -0.037565, -0.562489, -0.825951, 0.279184, 0.787715, -0.549147),
      ["LowerTorso"] = CFrame.new(0.000000, -1.430959, 0.057325, 1.000000, 0.000000, 0.000000, 0.000000, -0.079300, -0.996851, 0.000000, 0.996851, -0.079300),
      ["RightUpperArm"] = CFrame.new(0.038350, -0.413780, -0.217314, 0.929340, 0.258723, 0.263419, 0.077298, 0.561296, -0.823997, -0.361043, 0.786135, 0.501636),
      ["RightUpperLeg"] = CFrame.new(0.198104, 0.028941, -0.059628, 0.964243, 0.241352, -0.109477, 0.017849, -0.471290, -0.881798, -0.264419, 0.848313, -0.458746),
      ["рҹҢ§пёҸрҹҳірҹ‘»рҹҸіпёҸвҖҚрҹҢҲрҹҳӮрҹ’һрҹҸҙвҖҚвҳ пёҸрҹҺёрҹҢ§пёҸрҹҳірҹ‘»рҹҸіпёҸвҖҚрҹҢҲрҹҳӮрҹ’һрҹҸҙвҖҚвҳ"] = CFrame.new(-0.000000, -0.000000, -0.000000, 0.913219, -0.318580, 0.254044, 0.313932, 0.947562, 0.059777, -0.259766, 0.025163, 0.965344)
    }},
    { Time = 0.400, Data = {
      ["Head"] = CFrame.new(0.000000, 0.000000, -0.000000, 1.000000, -0.000000, 0.000000, 0.000000, 0.949791, 0.312885, -0.000000, -0.312885, 0.949791),
      ["LeftUpperArm"] = CFrame.new(0.012253, -0.089383, 0.018130, 0.922070, -0.145461, -0.358648, -0.135050, 0.747506, -0.650382, 0.362697, 0.648133, 0.669608),
      ["LeftUpperLeg"] = CFrame.new(-0.205831, 0.010216, 0.023968, 0.959497, -0.251116, 0.127698, -0.037601, -0.563377, -0.825344, 0.279199, 0.787113, -0.550001),
      ["LowerTorso"] = CFrame.new(0.000000, -1.430959, 0.058697, 1.000000, 0.000000, 0.000000, 0.000000, -0.079300, -0.996851, 0.000000, 0.996851, -0.079300),
      ["RightUpperArm"] = CFrame.new(0.037901, -0.413521, -0.217352, 0.930030, 0.257015, 0.262655, 0.077138, 0.562279, -0.823342, -0.359297, 0.785994, 0.503110),
      ["RightUpperLeg"] = CFrame.new(0.198107, 0.028926, -0.059619, 0.964237, 0.241261, -0.109728, 0.017879, -0.472268, -0.881274, -0.264438, 0.847795, -0.459692),
      ["рҹҢ§пёҸрҹҳірҹ‘»рҹҸіпёҸвҖҚрҹҢҲрҹҳӮрҹ’һрҹҸҙвҖҚвҳ пёҸрҹҺёрҹҢ§пёҸрҹҳірҹ‘»рҹҸіпёҸвҖҚрҹҢҲрҹҳӮрҹ’һрҹҸҙвҖҚвҳ"] = CFrame.new(-0.000000, -0.000000, -0.000000, 0.914688, -0.314304, 0.254086, 0.309497, 0.949020, 0.059774, -0.259920, 0.023964, 0.965333)
    }},
    { Time = 0.417, Data = {
      ["Head"] = CFrame.new(0.000000, -0.000000, 0.000000, 1.000000, -0.000000, 0.000000, 0.000000, 0.950852, 0.309645, -0.000000, -0.309645, 0.950852),
      ["LeftUpperArm"] = CFrame.new(0.012745, -0.089253, 0.018089, 0.922688, -0.143591, -0.357809, -0.135544, 0.748003, -0.649708, 0.360935, 0.647977, 0.670710),
      ["LeftUpperLeg"] = CFrame.new(-0.205827, 0.010242, 0.023957, 0.959505, -0.250942, 0.127977, -0.037548, -0.564199, -0.824785, 0.279178, 0.786580, -0.550774),
      ["LowerTorso"] = CFrame.new(0.000000, -1.430959, 0.059884, 1.000000, 0.000000, 0.000000, 0.000000, -0.079300, -0.996851, 0.000000, 0.996851, -0.079300),
      ["RightUpperArm"] = CFrame.new(0.037409, -0.413238, -0.217395, 0.930734, 0.255146, 0.261983, 0.077112, 0.563357, -0.822607, -0.357475, 0.785830, 0.504661),
      ["RightUpperLeg"] = CFrame.new(0.198109, 0.028924, -0.059608, 0.964231, 0.241181, -0.109955, 0.017882, -0.473071, -0.880843, -0.264459, 0.847370, -0.460462),
      ["рҹҢ§пёҸрҹҳірҹ‘»рҹҸіпёҸвҖҚрҹҢҲрҹҳӮрҹ’һрҹҸҙвҖҚвҳ пёҸрҹҺёрҹҢ§пёҸрҹҳірҹ‘»рҹҸіпёҸвҖҚрҹҢҲрҹҳӮрҹ’һрҹҸҙвҖҚвҳ"] = CFrame.new(-0.000000, -0.000000, -0.000000, 0.916294, -0.309612, 0.254060, 0.304648, 0.950592, 0.059702, -0.259992, 0.022694, 0.965344)
    }},
    { Time = 0.433, Data = {
      ["Head"] = CFrame.new(0.000000, 0.000000, -0.000000, 1.000000, -0.000000, 0.000000, 0.000000, 0.952009, 0.306070, -0.000000, -0.306070, 0.952009),
      ["LeftUpperArm"] = CFrame.new(0.013257, -0.089122, 0.018051, 0.923303, -0.141643, -0.356999, -0.136119, 0.748498, -0.649017, 0.359142, 0.647834, 0.671810),
      ["LeftUpperLeg"] = CFrame.new(-0.205830, 0.010245, 0.023968, 0.959499, -0.250855, 0.128191, -0.037542, -0.564848, -0.824341, 0.279198, 0.786142, -0.551389),
      ["LowerTorso"] = CFrame.new(0.000000, -1.430959, 0.060874, 1.000000, 0.000000, 0.000000, 0.000000, -0.079300, -0.996851, 0.000000, 0.996851, -0.079300),
      ["RightUpperArm"] = CFrame.new(0.036897, -0.412955, -0.217432, 0.931495, 0.253199, 0.261164, 0.077007, 0.564433, -0.821879, -0.355509, 0.785688, 0.506269),
      ["RightUpperLeg"] = CFrame.new(0.198103, 0.028907, -0.059633, 0.964244, 0.241063, -0.110098, 0.017916, -0.473785, -0.880459, -0.264409, 0.847005, -0.461163),
      ["рҹҢ§пёҸрҹҳірҹ‘»рҹҸіпёҸвҖҚрҹҢҲрҹҳӮрҹ’һрҹҸҙвҖҚвҳ пёҸрҹҺёрҹҢ§пёҸрҹҳірҹ‘»рҹҸіпёҸвҖҚрҹҢҲрҹҳӮрҹ’һрҹҸҙвҖҚвҳ"] = CFrame.new(-0.000000, 0.000000, -0.000000, 0.917932, -0.304688, 0.254099, 0.299520, 0.952216, 0.059779, -0.260171, 0.021234, 0.965329)
    }},
    { Time = 0.450, Data = {
      ["Head"] = CFrame.new(0.000000, 0.000000, -0.000000, 1.000000, -0.000000, 0.000000, 0.000000, 0.953178, 0.302408, -0.000000, -0.302408, 0.953178),
      ["LeftUpperArm"] = CFrame.new(0.013810, -0.088977, 0.018003, 0.923981, -0.139538, -0.356072, -0.136696, 0.749052, -0.648256, 0.357173, 0.647650, 0.673036),
      ["LeftUpperLeg"] = CFrame.new(-0.205823, 0.010242, 0.023942, 0.959513, -0.250742, 0.128306, -0.037550, -0.565337, -0.824005, 0.279149, 0.785826, -0.551864),
      ["LowerTorso"] = CFrame.new(0.000000, -1.430959, 0.061655, 1.000000, 0.000000, 0.000000, 0.000000, -0.079300, -0.996851, 0.000000, 0.996851, -0.079300),
      ["RightUpperArm"] = CFrame.new(0.036352, -0.412649, -0.217477, 0.932292, 0.251125, 0.260323, 0.076921, 0.565596, -0.821087, -0.353434, 0.785517, 0.507984),
      ["RightUpperLeg"] = CFrame.new(0.198106, 0.028926, -0.059621, 0.964238, 0.241000, -0.110288, 0.017879, -0.474323, -0.880169, -0.264433, 0.846721, -0.461669),
      ["рҹҢ§пёҸрҹҳірҹ‘»рҹҸіпёҸвҖҚрҹҢҲрҹҳӮрҹ’һрҹҸҙвҖҚвҳ пёҸрҹҺёрҹҢ§пёҸрҹҳірҹ‘»рҹҸіпёҸвҖҚрҹҢҲрҹҳӮрҹ’һрҹҸҙвҖҚвҳ"] = CFrame.new(-0.000000, 0.000000, -0.000000, 0.919644, -0.299499, 0.254078, 0.294151, 0.953891, 0.059726, -0.260250, 0.019811, 0.965338)
    }},
    { Time = 0.467, Data = {
      ["Head"] = CFrame.new(0.000000, 0.000000, -0.000000, 1.000000, -0.000000, 0.000000, 0.000000, 0.954386, 0.298577, -0.000000, -0.298577, 0.954386),
      ["LeftUpperArm"] = CFrame.new(0.014372, -0.088832, 0.017955, 0.924688, -0.137403, -0.355068, -0.137245, 0.749603, -0.647502, 0.355129, 0.647469, 0.674291),
      ["LeftUpperLeg"] = CFrame.new(-0.205833, 0.010234, 0.023976, 0.959493, -0.250755, 0.128429, -0.037564, -0.565654, -0.823787, 0.279216, 0.785593, -0.552161),
      ["LowerTorso"] = CFrame.new(0.000000, -1.430959, 0.062219, 1.000000, 0.000000, 0.000000, 0.000000, -0.079300, -0.996851, 0.000000, 0.996851, -0.079300),
      ["RightUpperArm"] = CFrame.new(0.035793, -0.412323, -0.217534, 0.933113, 0.249001, 0.259419, 0.076780, 0.566836, -0.820245, -0.351290, 0.785300, 0.509804),
      ["RightUpperLeg"] = CFrame.new(0.198099, 0.028935, -0.059644, 0.964251, 0.240905, -0.110381, 0.017860, -0.474686, -0.879974, -0.264386, 0.846545, -0.462019),
      ["рҹҢ§пёҸрҹҳірҹ‘»рҹҸіпёҸвҖҚрҹҢҲрҹҳӮрҹ’һрҹҸҙвҖҚвҳ пёҸрҹҺёрҹҢ§пёҸрҹҳірҹ‘»рҹҸіпёҸвҖҚрҹҢҲрҹҳӮрҹ’һрҹҸҙвҖҚвҳ"] = CFrame.new(-0.000000, 0.000000, -0.000000, 0.921402, -0.294066, 0.254053, 0.288516, 0.955610, 0.059724, -0.260339, 0.018268, 0.965345)
    }},
    { Time = 0.483, Data = {
      ["Head"] = CFrame.new(0.000000, 0.000000, 0.000000, 1.000000, -0.000000, 0.000000, 0.000000, 0.955603, 0.294658, -0.000000, -0.294658, 0.955603),
      ["LeftUpperArm"] = CFrame.new(0.014959, -0.088672, 0.017893, 0.925389, -0.135173, -0.354097, -0.137859, 0.750212, -0.646665, 0.353059, 0.647232, 0.675603),
      ["LeftUpperLeg"] = CFrame.new(-0.205825, 0.010251, 0.023954, 0.959508, -0.250661, 0.128507, -0.037530, -0.565906, -0.823615, 0.279171, 0.785442, -0.552398),
      ["LowerTorso"] = CFrame.new(0.000000, -1.430959, 0.062560, 1.000000, 0.000000, 0.000000, 0.000000, -0.079300, -0.996851, 0.000000, 0.996851, -0.079300),
      ["RightUpperArm"] = CFrame.new(0.035224, -0.411998, -0.217590, 0.933960, 0.246838, 0.258439, 0.076603, 0.568073, -0.819405, -0.349072, 0.785089, 0.511649),
      ["RightUpperLeg"] = CFrame.new(0.198099, 0.028915, -0.059646, 0.964251, 0.240888, -0.110418, 0.017900, -0.474949, -0.879831, -0.264384, 0.846402, -0.462282),
      ["рҹҢ§пёҸрҹҳірҹ‘»рҹҸіпёҸвҖҚрҹҢҲрҹҳӮрҹ’һрҹҸҙвҖҚвҳ пёҸрҹҺёрҹҢ§пёҸрҹҳірҹ‘»рҹҸіпёҸвҖҚрҹҢҲрҹҳӮрҹ’һрҹҸҙвҖҚвҳ"] = CFrame.new(-0.000000, 0.000000, -0.000000, 0.923130, -0.288542, 0.254116, 0.282788, 0.957321, 0.059725, -0.260504, 0.016727, 0.965328)
    }},
    { Time = 0.500, Data = {
      ["Head"] = CFrame.new(0.000000, -0.000000, 0.000000, 1.000000, -0.000000, 0.000000, 0.000000, 0.956829, 0.290652, -0.000000, -0.290652, 0.956829),
      ["LeftUpperArm"] = CFrame.new(0.015541, -0.088528, 0.017847, 0.926084, -0.132960, -0.353116, -0.138493, 0.750758, -0.645897, 0.350983, 0.647058, 0.676851),
      ["LeftUpperLeg"] = CFrame.new(-0.205826, 0.010244, 0.023953, 0.959508, -0.250655, 0.128519, -0.037544, -0.565985, -0.823560, 0.279170, 0.785387, -0.552478),
      ["LowerTorso"] = CFrame.new(0.000000, -1.430959, 0.062674, 1.000000, 0.000000, 0.000000, 0.000000, -0.079300, -0.996851, 0.000000, 0.996851, -0.079300),
      ["RightUpperArm"] = CFrame.new(0.034646, -0.411672, -0.217646, 0.934779, 0.244640, 0.257566, 0.076545, 0.569315, -0.818548, -0.346886, 0.784877, 0.513458),
      ["RightUpperLeg"] = CFrame.new(0.198099, 0.028908, -0.059646, 0.964251, 0.240882, -0.110430, 0.017914, -0.475036, -0.879784, -0.264383, 0.846355, -0.462369),
      ["рҹҢ§пёҸрҹҳірҹ‘»рҹҸіпёҸвҖҚрҹҢҲрҹҳӮрҹ’һрҹҸҙвҖҚвҳ пёҸрҹҺёрҹҢ§пёҸрҹҳірҹ‘»рҹҸіпёҸвҖҚрҹҢҲрҹҳӮрҹ’һрҹҸҙвҖҚвҳ"] = CFrame.new(-0.000000, 0.000000, -0.000000, 0.924870, -0.282928, 0.254101, 0.276973, 0.959021, 0.059703, -0.260580, 0.015162, 0.965333)
    }},
    { Time = 0.517, Data = {
      ["Head"] = CFrame.new(0.000000, 0.000000, -0.000000, 1.000000, -0.000000, 0.000000, 0.000000, 0.958038, 0.286642, -0.000000, -0.286642, 0.958038),
      ["LeftUpperArm"] = CFrame.new(0.016127, -0.088370, 0.017782, 0.926773, -0.130730, -0.352138, -0.139112, 0.751361, -0.645062, 0.348912, 0.646812, 0.678155),
      ["LeftUpperLeg"] = CFrame.new(-0.205825, 0.010251, 0.023954, 0.959508, -0.250661, 0.128507, -0.037530, -0.565906, -0.823615, 0.279171, 0.785442, -0.552398),
      ["LowerTorso"] = CFrame.new(0.000000, -1.430959, 0.062560, 1.000000, 0.000000, 0.000000, 0.000000, -0.079300, -0.996851, 0.000000, 0.996851, -0.079300),
      ["RightUpperArm"] = CFrame.new(0.034055, -0.411325, -0.217714, 0.935622, 0.242391, 0.256629, 0.076434, 0.570634, -0.817640, -0.344630, 0.784616, 0.515371),
      ["RightUpperLeg"] = CFrame.new(0.198099, 0.028915, -0.059646, 0.964251, 0.240888, -0.110418, 0.017900, -0.474949, -0.879831, -0.264384, 0.846402, -0.462282),
      ["рҹҢ§пёҸрҹҳірҹ‘»рҹҸіпёҸвҖҚрҹҢҲрҹҳӮрҹ’һрҹҸҙвҖҚвҳ пёҸрҹҺёрҹҢ§пёҸрҹҳірҹ‘»рҹҸіпёҸвҖҚрҹҢҲрҹҳӮрҹ’һрҹҸҙвҖҚвҳ"] = CFrame.new(-0.000000, 0.000000, -0.000000, 0.926550, -0.277400, 0.254074, 0.271220, 0.960659, 0.059778, -0.260661, 0.013523, 0.965336)
    }},
