return {
  ["Astros cowgirl 3"] = {
    { Time = 0.000, Data = {
      ["Head"] = CFrame.new(0.000001, 0.000001, 0.000004, 0.677576, -0.081923, -0.730875, 0.132669, 0.991089, 0.011904, 0.723387, -0.105031, 0.682407),
      ["LeftUpperArm"] = CFrame.new(-0.055214, -0.624115, 0.415460, 0.946966, -0.206932, 0.245834, 0.311258, 0.400630, -0.861751, 0.079835, 0.892567, 0.443792),
      ["LeftUpperLeg"] = CFrame.new(-0.294781, 0.063506, -0.822815, 0.936895, 0.107707, 0.332608, -0.214889, 0.927843, 0.304844, -0.275774, -0.357081, 0.892436),
      ["LowerTorso"] = CFrame.new(0.000568, -0.268040, -0.412154, -0.999999, 0.000145, 0.001463, 0.000028, 0.996812, -0.079784, -0.001470, -0.079784, -0.996811),
      ["RightUpperArm"] = CFrame.new(-0.035321, -0.673891, 0.470327, 0.979646, 0.102660, -0.172493, -0.197947, 0.351455, -0.915039, -0.033315, 0.930559, 0.364623),
      ["RightUpperLeg"] = CFrame.new(0.273937, 0.069953, -0.733336, 0.945930, -0.198365, -0.256647, 0.270258, 0.919516, 0.285395, 0.179379, -0.339325, 0.923408),
      ["рҹҢ§пёҸрҹҳірҹ‘»рҹҸіпёҸвҖҚрҹҢҲрҹҳӮрҹ’һрҹҸҙвҖҚвҳ пёҸрҹҺёрҹҢ§пёҸрҹҳірҹ‘»рҹҸіпёҸвҖҚрҹҢҲрҹҳӮрҹ’һрҹҸҙвҖҚвҳ"] = CFrame.new(0.000000, -0.000000, 0.000000, 0.993310, -0.115478, 0.000000, 0.115478, 0.993310, 0.000000, 0.000000, 0.000000, 1.000000)
    }},
    { Time = 0.017, Data = {
      ["Head"] = CFrame.new(0.000001, 0.000001, 0.000004, 0.677553, -0.081901, -0.730900, 0.128758, 0.991642, 0.008243, 0.724116, -0.099694, 0.682435),
      ["LeftUpperArm"] = CFrame.new(-0.055020, -0.624240, 0.415561, 0.947084, -0.206194, 0.246001, 0.311034, 0.400156, -0.862052, 0.079311, 0.892950, 0.443115),
      ["LeftUpperLeg"] = CFrame.new(-0.294691, 0.064346, -0.823164, 0.936880, 0.107790, 0.332621, -0.214972, 0.927829, 0.304829, -0.275758, -0.357093, 0.892436),
      ["LowerTorso"] = CFrame.new(0.000568, -0.268930, -0.412222, -0.999999, 0.000145, 0.001463, 0.000028, 0.996819, -0.079698, -0.001470, -0.079698, -0.996818),
      ["RightUpperArm"] = CFrame.new(-0.035502, -0.674088, 0.470190, 0.979705, 0.101755, -0.172694, -0.197780, 0.350789, -0.915330, -0.032561, 0.930910, 0.363796),
      ["RightUpperLeg"] = CFrame.new(0.273808, 0.070574, -0.733593, 0.945909, -0.198436, -0.256669, 0.270349, 0.919468, 0.285465, 0.179352, -0.339414, 0.923380),
      ["рҹҢ§пёҸрҹҳірҹ‘»рҹҸіпёҸвҖҚрҹҢҲрҹҳӮрҹ’һрҹҸҙвҖҚвҳ пёҸрҹҺёрҹҢ§пёҸрҹҳірҹ‘»рҹҸіпёҸвҖҚрҹҢҲрҹҳӮрҹ’һрҹҸҙвҖҚвҳ"] = CFrame.new(0.000000, -0.000000, 0.000000, 0.994216, -0.107402, 0.000000, 0.107402, 0.994216, 0.000000, 0.000000, 0.000000, 1.000000)
    }},
    { Time = 0.033, Data = {
      ["BaseOpened"] = CFrame.new(0.000000, 0.000000, 0.000000, 1.000000, 0.000000, 0.000000, 0.000000, 1.000000, -0.000777, 0.000000, 0.000777, 1.000000),
      ["Head"] = CFrame.new(0.000001, 0.000001, 0.000004, 0.677593, -0.081918, -0.730861, 0.124810, 0.992170, 0.004507, 0.724769, -0.094273, 0.682512),
      ["LeftUpperArm"] = CFrame.new(-0.054394, -0.624649, 0.415887, 0.947487, -0.203817, 0.246430, 0.310218, 0.398601, -0.863066, 0.077680, 0.894190, 0.440896),
      ["LeftUpperLeg"] = CFrame.new(-0.294415, 0.066880, -0.824202, 0.936851, 0.107912, 0.332663, -0.215175, 0.927711, 0.305043, -0.275698, -0.357361, 0.892348),
      ["LowerTorso"] = CFrame.new(0.000568, -0.271589, -0.412427, -0.999999, 0.000145, 0.001463, 0.000028, 0.996840, -0.079440, -0.001470, -0.079440, -0.996839),
      ["RightUpperArm"] = CFrame.new(-0.036059, -0.674680, 0.469781, 0.979871, 0.098990, -0.173362, -0.197332, 0.348786, -0.916192, -0.030227, 0.931960, 0.361299),
      ["RightUpperLeg"] = CFrame.new(0.273434, 0.072385, -0.734348, 0.945826, -0.198722, -0.256755, 0.270712, 0.919274, 0.285746, 0.179244, -0.339773, 0.923269),
      ["рҹҢ§пёҸрҹҳірҹ‘»рҹҸіпёҸвҖҚрҹҢҲрҹҳӮрҹ’һрҹҸҙвҖҚвҳ пёҸрҹҺёрҹҢ§пёҸрҹҳірҹ‘»рҹҸіпёҸвҖҚрҹҢҲрҹҳӮрҹ’һрҹҸҙвҖҚвҳ"] = CFrame.new(0.000000, -0.000000, 0.000000, 0.995047, -0.099406, 0.000000, 0.099406, 0.995047, 0.000000, 0.000000, 0.000000, 1.000000)
    }},
    { Time = 0.050, Data = {
      ["BaseOpened"] = CFrame.new(0.000000, 0.000000, 0.000000, 1.000000, 0.000000, 0.000000, 0.000000, 0.999998, -0.001813, 0.000000, 0.001813, 0.999998),
      ["Head"] = CFrame.new(0.000002, 0.000001, 0.000004, 0.677550, -0.081906, -0.730902, 0.121041, 0.992647, 0.000968, 0.725448, -0.089125, 0.682482),
      ["LeftUpperArm"] = CFrame.new(-0.053365, -0.625336, 0.416424, 0.948104, -0.199900, 0.247263, 0.309003, 0.395989, -0.864702, 0.074941, 0.896232, 0.437209),
      ["LeftUpperLeg"] = CFrame.new(-0.293950, 0.071062, -0.825880, 0.936821, 0.108215, 0.332650, -0.215531, 0.927565, 0.305236, -0.275524, -0.357648, 0.892286),
      ["LowerTorso"] = CFrame.new(0.000569, -0.275988, -0.412769, -0.999999, 0.000144, 0.001463, 0.000028, 0.996874, -0.079009, -0.001470, -0.079009, -0.996873),
      ["RightUpperArm"] = CFrame.new(-0.036992, -0.675645, 0.469092, 0.980128, 0.094369, -0.174481, -0.196614, 0.345528, -0.917580, -0.026303, 0.933651, 0.357216),
      ["RightUpperLeg"] = CFrame.new(0.272809, 0.075378, -0.735562, 0.945699, -0.199259, -0.256805, 0.271318, 0.918989, 0.286087, 0.178995, -0.340228, 0.923150),
      ["рҹҢ§пёҸрҹҳірҹ‘»рҹҸіпёҸвҖҚрҹҢҲрҹҳӮрҹ’һрҹҸҙвҖҚвҳ пёҸрҹҺёрҹҢ§пёҸрҹҳірҹ‘»рҹҸіпёҸвҖҚрҹҢҲрҹҳӮрҹ’һрҹҸҙвҖҚвҳ"] = CFrame.new(0.000000, -0.000000, 0.000000, 0.995806, -0.091492, 0.000000, 0.091492, 0.995806, 0.000000, 0.000000, 0.000000, 1.000000)
    }},
    { Time = 0.067, Data = {
      ["BaseOpened"] = CFrame.new(0.000000, 0.000000, 0.000000, 1.000000, 0.000000, 0.000000, 0.000000, 0.999995, -0.003194, 0.000000, 0.003194, 0.999995),
      ["Head"] = CFrame.new(0.000002, 0.000001, 0.000003, 0.677571, -0.081899, -0.730883, 0.117269, 0.993097, -0.002566, 0.726048, -0.083972, 0.682498),
      ["LeftUpperArm"] = CFrame.new(-0.051956, -0.626282, 0.417149, 0.948939, -0.194545, 0.248328, 0.307315, 0.392392, -0.866941, 0.071218, 0.898989, 0.432142),
      ["LeftUpperLeg"] = CFrame.new(-0.293315, 0.076826, -0.828213, 0.936761, 0.108655, 0.332674, -0.216077, 0.927331, 0.305562, -0.275298, -0.358122, 0.892166),
      ["LowerTorso"] = CFrame.new(0.000569, -0.282074, -0.413163, -0.999999, 0.000144, 0.001463, 0.000029, 0.996915, -0.078492, -0.001470, -0.078492, -0.996914),
      ["RightUpperArm"] = CFrame.new(-0.038283, -0.677014, 0.468133, 0.980471, 0.087974, -0.175891, -0.195547, 0.340893, -0.919540, -0.020935, 0.935977, 0.351439),
      ["RightUpperLeg"] = CFrame.new(0.271941, 0.079544, -0.737257, 0.945531, -0.199927, -0.256907, 0.272113, 0.918578, 0.286650, 0.178680, -0.340944, 0.922947),
      ["рҹҢ§пёҸрҹҳірҹ‘»рҹҸіпёҸвҖҚрҹҢҲрҹҳӮрҹ’һрҹҸҙвҖҚвҳ пёҸрҹҺёрҹҢ§пёҸрҹҳірҹ‘»рҹҸіпёҸвҖҚрҹҢҲрҹҳӮрҹ’һрҹҸҙвҖҚвҳ"] = CFrame.new(0.000000, -0.000000, 0.000000, 0.996473, -0.083917, 0.000000, 0.083917, 0.996473, 0.000000, 0.000000, 0.000000, 1.000000)
    }},
    { Time = 0.083, Data = {
      ["BaseOpened"] = CFrame.new(0.000000, 0.000000, 0.000000, 1.000000, 0.000000, 0.000000, 0.000000, 0.999988, -0.004920, 0.000000, 0.004920, 0.999988),
      ["Head"] = CFrame.new(0.000002, 0.000001, 0.000003, 0.677570, -0.081912, -0.730882, 0.113790, 0.993488, -0.005853, 0.726602, -0.079201, 0.682478),
      ["LeftUpperArm"] = CFrame.new(-0.050146, -0.627512, 0.418066, 0.949998, -0.187663, 0.249571, 0.305097, 0.387713, -0.869824, 0.066472, 0.902475, 0.425582),
      ["LeftUpperLeg"] = CFrame.new(-0.292509, 0.084153, -0.831185, 0.936687, 0.109163, 0.332717, -0.216718, 0.927052, 0.305954, -0.275047, -0.358689, 0.892015),
      ["LowerTorso"] = CFrame.new(0.000570, -0.289785, -0.413697, -0.999999, 0.000143, 0.001463, 0.000029, 0.996969, -0.077803, -0.001470, -0.077803, -0.996968),
      ["RightUpperArm"] = CFrame.new(-0.039894, -0.678724, 0.466881, 0.980840, 0.079964, -0.177648, -0.194298, 0.335113, -0.921926, -0.014189, 0.938778, 0.344230),
      ["RightUpperLeg"] = CFrame.new(0.270840, 0.084834, -0.739414, 0.945319, -0.200726, -0.257062, 0.273097, 0.918041, 0.287435, 0.178298, -0.341921, 0.922659),
      ["рҹҢ§пёҸрҹҳірҹ‘»рҹҸіпёҸвҖҚрҹҢҲрҹҳӮрҹ’һрҹҸҙвҖҚвҳ пёҸрҹҺёрҹҢ§пёҸрҹҳірҹ‘»рҹҸіпёҸвҖҚрҹҢҲрҹҳӮрҹ’һрҹҸҙвҖҚвҳ"] = CFrame.new(0.000000, -0.000000, 0.000000, 0.997055, -0.076684, 0.000000, 0.076684, 0.997055, 0.000000, 0.000000, 0.000000, 1.000000)
    }},
    { Time = 0.100, Data = {
      ["BaseOpened"] = CFrame.new(0.000000, 0.000000, 0.000000, 1.000000, 0.000000, 0.000000, 0.000000, 0.999976, -0.006992, 0.000000, 0.006992, 0.999976),
      ["Head"] = CFrame.new(0.000002, 0.000001, 0.000003, 0.677565, -0.081856, -0.730893, 0.110377, 0.993849, -0.008982, 0.727133, -0.074588, 0.682433),
      ["LeftUpperArm"] = CFrame.new(-0.048000, -0.628960, 0.419118, 0.951182, -0.179504, 0.251061, 0.302589, 0.382209, -0.873130, 0.060772, 0.906474, 0.417866),
      ["LeftUpperLeg"] = CFrame.new(-0.291543, 0.092960, -0.834762, 0.936598, 0.109740, 0.332779, -0.217454, 0.926728, 0.306413, -0.274770, -0.359349, 0.891835),
      ["LowerTorso"] = CFrame.new(0.000570, -0.299031, -0.414286, -0.999999, 0.000143, 0.001463, 0.000030, 0.997029, -0.077028, -0.001470, -0.077028, -0.997028),
      ["RightUpperArm"] = CFrame.new(-0.041855, -0.680804, 0.465352, 0.981215, 0.070251, -0.179674, -0.192825, 0.328067, -0.924765, -0.006021, 0.942039, 0.335450),
      ["RightUpperLeg"] = CFrame.new(0.269530, 0.091151, -0.742009, 0.945043, -0.201762, -0.257265, 0.274336, 0.917410, 0.288268, 0.177856, -0.343002, 0.922343),
      ["рҹҢ§пёҸрҹҳірҹ‘»рҹҸіпёҸвҖҚрҹҢҲрҹҳӮрҹ’һрҹҸҙвҖҚвҳ пёҸрҹҺёрҹҢ§пёҸрҹҳірҹ‘»рҹҸіпёҸвҖҚрҹҢҲрҹҳӮрҹ’һрҹҸҙвҖҚвҳ"] = CFrame.new(0.000000, -0.000000, 0.000000, 0.997556, -0.069878, 0.000000, 0.069878, 0.997556, 0.000000, 0.000000, 0.000000, 1.000000)
    }},
    { Time = 0.117, Data = {
      ["BaseOpened"] = CFrame.new(0.000000, 0.000000, 0.000000, 1.000000, 0.000000, 0.000000, 0.000000, 0.999956, -0.009409, 0.000000, 0.009409, 0.999956),
      ["Head"] = CFrame.new(0.000002, 0.000001, 0.000003, 0.677598, -0.081902, -0.730857, 0.107336, 0.994152, -0.011894, 0.727557, -0.070388, 0.682427),
      ["LeftUpperArm"] = CFrame.new(-0.045486, -0.630669, 0.420314, 0.952523, -0.169942, 0.252627, 0.299619, 0.375709, -0.876967, 0.054120, 0.911023, 0.408789),
      ["LeftUpperLeg"] = CFrame.new(-0.290428, 0.103139, -0.838899, 0.936493, 0.110369, 0.332865, -0.218297, 0.926330, 0.307018, -0.274457, -0.360184, 0.891595),
      ["LowerTorso"] = CFrame.new(0.000571, -0.309725, -0.415104, -0.999999, 0.000142, 0.001463, 0.000030, 0.997108, -0.075995, -0.001470, -0.075995, -0.997107),
      ["RightUpperArm"] = CFrame.new(-0.044134, -0.683190, 0.463527, 0.981548, 0.058972, -0.181895, -0.191184, 0.319993, -0.927930, 0.003483, 0.945583, 0.325363),
      ["RightUpperLeg"] = CFrame.new(0.268008, 0.098462, -0.744973, 0.944743, -0.202954, -0.257430, 0.275743, 0.916678, 0.289252, 0.177276, -0.344253, 0.921989),
      ["рҹҢ§пёҸрҹҳірҹ‘»рҹҸіпёҸвҖҚрҹҢҲрҹҳӮрҹ’һрҹҸҙвҖҚвҳ пёҸрҹҺёрҹҢ§пёҸрҹҳірҹ‘»рҹҸіпёҸвҖҚрҹҢҲрҹҳӮрҹ’һрҹҸҙвҖҚвҳ"] = CFrame.new(-0.000000, -0.000000, 0.000000, 0.997976, -0.063587, 0.000000, 0.063587, 0.997976, 0.000000, 0.000000, 0.000000, 1.000000)
    }},
    { Time = 0.133, Data = {
      ["BaseOpened"] = CFrame.new(0.000000, 0.000000, 0.000000, 1.000000, 0.000000, 0.000000, 0.000000, 0.999927, -0.012085, 0.000000, 0.012085, 0.999927),
      ["Head"] = CFrame.new(0.000002, 0.000001, 0.000003, 0.677552, -0.081886, -0.730902, 0.104509, 0.994418, -0.014529, 0.728012, -0.066542, 0.682327),
      ["LeftUpperArm"] = CFrame.new(-0.042661, -0.632623, 0.421618, 0.953917, -0.159203, 0.254354, 0.296426, 0.368282, -0.881192, 0.046615, 0.915982, 0.398502),
      ["LeftUpperLeg"] = CFrame.new(-0.289169, 0.114547, -0.843505, 0.936386, 0.111166, 0.332902, -0.219305, 0.925870, 0.307684, -0.274020, -0.361118, 0.891351),
      ["LowerTorso"] = CFrame.new(0.000572, -0.321729, -0.415896, -0.999999, 0.000141, 0.001463, 0.000031, 0.997186, -0.074961, -0.001470, -0.074961, -0.997186),
      ["RightUpperArm"] = CFrame.new(-0.046694, -0.685898, 0.461417, 0.981779, 0.046305, -0.184300, -0.189500, 0.310820, -0.931387, 0.014156, 0.949340, 0.313931),
      ["RightUpperLeg"] = CFrame.new(0.266290, 0.106716, -0.748318, 0.944419, -0.204206, -0.257628, 0.277247, 0.915865, 0.290387, 0.176653, -0.345674, 0.921576),
      ["рҹҢ§пёҸрҹҳірҹ‘»рҹҸіпёҸвҖҚрҹҢҲрҹҳӮрҹ’һрҹҸҙвҖҚвҳ пёҸрҹҺёрҹҢ§пёҸрҹҳірҹ‘»рҹҸіпёҸвҖҚрҹҢҲрҹҳӮрҹ’һрҹҸҙвҖҚвҳ"] = CFrame.new(0.000000, -0.000000, 0.000000, 0.998327, -0.057812, 0.000000, 0.057812, 0.998327, 0.000000, 0.000000, 0.000000, 1.000000)
    }},
    { Time = 0.150, Data = {
      ["BaseOpened"] = CFrame.new(0.000000, 0.000000, 0.000000, 1.000000, 0.000000, 0.000000, 0.000000, 0.999886, -0.015106, 0.000000, 0.015106, 0.999886),
      ["Head"] = CFrame.new(0.000002, 0.000001, 0.000003, 0.677554, -0.081860, -0.730904, 0.102011, 0.994641, -0.016832, 0.728364, -0.063156, 0.682273),
      ["LeftUpperArm"] = CFrame.new(-0.039548, -0.634756, 0.422984, 0.955348, -0.147366, 0.256114, 0.292995, 0.360169, -0.885682, 0.038275, 0.921174, 0.387264),
      ["LeftUpperLeg"] = CFrame.new(-0.287789, 0.127094, -0.848580, 0.936263, 0.112045, 0.332954, -0.220395, 0.925395, 0.308335, -0.273566, -0.362064, 0.891107),
      ["LowerTorso"] = CFrame.new(0.000573, -0.334927, -0.416837, -0.999999, 0.000140, 0.001463, 0.000032, 0.997276, -0.073755, -0.001470, -0.073755, -0.997275),
      ["RightUpperArm"] = CFrame.new(-0.049516, -0.688910, 0.459028, 0.981884, 0.032354, -0.186701, -0.187710, 0.300602, -0.935095, 0.025869, 0.953201, 0.301229),
      ["RightUpperLeg"] = CFrame.new(0.264420, 0.115734, -0.751995, 0.944029, -0.205693, -0.257875, 0.279005, 0.914955, 0.291569, 0.175970, -0.347198, 0.921134),
      ["рҹҢ§пёҸрҹҳірҹ‘»рҹҸіпёҸвҖҚрҹҢҲрҹҳӮрҹ’һрҹҸҙвҖҚвҳ пёҸрҹҺёрҹҢ§пёҸрҹҳірҹ‘»рҹҸіпёҸвҖҚрҹҢҲрҹҳӮрҹ’һрҹҸҙвҖҚвҳ"] = CFrame.new(-0.000000, -0.000000, 0.000000, 0.998609, -0.052724, 0.000000, 0.052724, 0.998609, 0.000000, 0.000000, 0.000000, 1.000000)
    }},
    { Time = 0.167, Data = {
      ["BaseOpened"] = CFrame.new(0.000000, 0.000000, 0.000000, 1.000000, 0.000000, 0.000000, 0.000000, 0.999833, -0.018300, 0.000000, 0.018300, 0.999833),
      ["Head"] = CFrame.new(0.000002, 0.000001, 0.000003, 0.677605, -0.081856, -0.730856, 0.099808, 0.994827, -0.018884, 0.728621, -0.060150, 0.682270),
      ["LeftUpperArm"] = CFrame.new(-0.036184, -0.637112, 0.424404, 0.956783, -0.134575, 0.257789, 0.289322, 0.351213, -0.890473, 0.029297, 0.926574, 0.374970),
      ["LeftUpperLeg"] = CFrame.new(-0.286308, 0.140658, -0.854106, 0.936111, 0.112879, 0.333097, -0.221523, 0.924858, 0.309138, -0.273172, -0.363176, 0.890775),
      ["LowerTorso"] = CFrame.new(0.000574, -0.349167, -0.417842, -0.999999, 0.000139, 0.001463, 0.000033, 0.997371, -0.072463, -0.001470, -0.072463, -0.997370),
      ["RightUpperArm"] = CFrame.new(-0.052555, -0.692187, 0.456360, 0.981808, 0.017318, -0.189083, -0.185936, 0.289474, -0.938953, 0.038473, 0.957029, 0.287428),
      ["RightUpperLeg"] = CFrame.new(0.262398, 0.125487, -0.755968, 0.943614, -0.207239, -0.258156, 0.280860, 0.913962, 0.292902, 0.175244, -0.348892, 0.920632),
      ["рҹҢ§пёҸрҹҳірҹ‘»рҹҸіпёҸвҖҚрҹҢҲрҹҳӮрҹ’һрҹҸҙвҖҚвҳ пёҸрҹҺёрҹҢ§пёҸрҹҳірҹ‘»рҹҸіпёҸвҖҚрҹҢҲрҹҳӮрҹ’һрҹҸҙвҖҚвҳ"] = CFrame.new(0.000000, -0.000000, 0.000000, 0.998836, -0.048240, 0.000000, 0.048240, 0.998836, 0.000000, 0.000000, 0.000000, 1.000000)
    }},
    { Time = 0.183, Data = {
      ["BaseOpened"] = CFrame.new(0.000000, 0.000000, 0.000000, 1.000000, 0.000000, 0.000000, 0.000000, 0.999765, -0.021666, 0.000000, 0.021666, 0.999765),
      ["Head"] = CFrame.new(0.000002, 0.000001, 0.000003, 0.677562, -0.081879, -0.730894, 0.098046, 0.994969, -0.020569, 0.728901, -0.057724, 0.682181),
      ["LeftUpperArm"] = CFrame.new(-0.032602, -0.639635, 0.425837, 0.958141, -0.120956, 0.259490, 0.285620, 0.341618, -0.895387, 0.019656, 0.932023, 0.361866),
      ["LeftUpperLeg"] = CFrame.new(-0.284732, 0.155027, -0.859931, 0.935956, 0.113894, 0.333188, -0.222802, 0.924288, 0.309921, -0.272664, -0.364307, 0.890469),
      ["LowerTorso"] = CFrame.new(0.000575, -0.364288, -0.418830, -0.999999, 0.000139, 0.001463, 0.000034, 0.997464, -0.071171, -0.001470, -0.071170, -0.997463),
      ["RightUpperArm"] = CFrame.new(-0.055797, -0.695658, 0.453414, 0.981501, 0.001294, -0.191453, -0.184276, 0.277692, -0.942831, 0.051945, 0.960669, 0.272794),
      ["RightUpperLeg"] = CFrame.new(0.260250, 0.135863, -0.760197, 0.943174, -0.208855, -0.258462, 0.282804, 0.912912, 0.294304, 0.174486, -0.350674, 0.920099),
      ["рҹҢ§пёҸрҹҳірҹ‘»рҹҸіпёҸвҖҚрҹҢҲрҹҳӮрҹ’һрҹҸҙвҖҚвҳ пёҸрҹҺёрҹҢ§пёҸрҹҳірҹ‘»рҹҸіпёҸвҖҚрҹҢҲрҹҳӮрҹ’һрҹҸҙвҖҚвҳ"] = CFrame.new(0.000000, -0.000000, 0.000000, 0.999004, -0.044617, 0.000000, 0.044617, 0.999004, 0.000000, 0.000000, 0.000000, 1.000000)
    }},
    { Time = 0.200, Data = {
      ["BaseOpened"] = CFrame.new(0.000000, 0.000000, 0.000000, 1.000000, 0.000000, 0.000000, 0.000000, 0.999680, -0.025290, 0.000000, 0.025290, 0.999680),
      ["Head"] = CFrame.new(0.000002, 0.000001, 0.000003, 0.677569, -0.081890, -0.730886, 0.096614, 0.995080, -0.021924, 0.729086, -0.055759, 0.682147),
      ["LeftUpperArm"] = CFrame.new(-0.028826, -0.642303, 0.427257, 0.959456, -0.106597, 0.260925, 0.281700, 0.331472, -0.900428, 0.009493, 0.937424, 0.348061),
      ["LeftUpperLeg"] = CFrame.new(-0.283064, 0.170121, -0.866005, 0.935826, 0.114925, 0.333199, -0.224067, 0.923716, 0.310713, -0.272072, -0.365432, 0.890189),
      ["LowerTorso"] = CFrame.new(0.000576, -0.380138, -0.419975, -0.999999, 0.000137, 0.001464, 0.000035, 0.997568, -0.069706, -0.001470, -0.069706, -0.997567),
      ["RightUpperArm"] = CFrame.new(-0.059227, -0.699327, 0.450216, 0.980949, -0.015618, -0.193636, -0.182658, 0.265224, -0.946727, 0.066143, 0.964060, 0.257319),
      ["RightUpperLeg"] = CFrame.new(0.258003, 0.146701, -0.764580, 0.942705, -0.210639, -0.258724, 0.284905, 0.911782, 0.295775, 0.173598, -0.352541, 0.919554),
      ["рҹҢ§пёҸрҹҳірҹ‘»рҹҸіпёҸвҖҚрҹҢҲрҹҳӮрҹ’һрҹҸҙвҖҚвҳ пёҸрҹҺёрҹҢ§пёҸрҹҳірҹ‘»рҹҸіпёҸвҖҚрҹҢҲрҹҳӮрҹ’һрҹҸҙвҖҚвҳ"] = CFrame.new(0.000000, -0.000000, 0.000000, 0.999131, -0.041684, 0.000000, 0.041684, 0.999131, 0.000000, 0.000000, 0.000000, 1.000000)
    }},
    { Time = 0.217, Data = {
      ["BaseOpened"] = CFrame.new(0.000000, 0.000000, 0.000000, 1.000000, 0.000000, 0.000000, 0.000000, 0.999579, -0.029001, 0.000000, 0.029001, 0.999579),
      ["Head"] = CFrame.new(0.000003, 0.000001, 0.000003, 0.677559, -0.081852, -0.730900, 0.095546, 0.995162, -0.022873, 0.729236, -0.054337, 0.682101),
      ["LeftUpperArm"] = CFrame.new(-0.024917, -0.645121, 0.428647, 0.960609, -0.091735, 0.262327, 0.277902, 0.320761, -0.905474, -0.001081, 0.942707, 0.333619),
      ["LeftUpperLeg"] = CFrame.new(-0.281351, 0.185748, -0.872334, 0.935668, 0.115925, 0.333297, -0.225357, 0.923111, 0.311576, -0.271551, -0.366643, 0.889850),
      ["LowerTorso"] = CFrame.new(0.000577, -0.396531, -0.421110, -0.999999, 0.000136, 0.001464, 0.000036, 0.997669, -0.068241, -0.001470, -0.068241, -0.997668),
      ["RightUpperArm"] = CFrame.new(-0.062770, -0.703178, 0.446792, 0.980121, -0.033099, -0.195620, -0.181210, 0.252116, -0.950579, 0.080782, 0.967131, 0.241106),
      ["RightUpperLeg"] = CFrame.new(0.255681, 0.157943, -0.769164, 0.942213, -0.212395, -0.259082, 0.287025, 0.910616, 0.297314, 0.172776, -0.354496, 0.918956),
      ["рҹҢ§пёҸрҹҳірҹ‘»рҹҸіпёҸвҖҚрҹҢҲрҹҳӮрҹ’һрҹҸҙвҖҚвҳ пёҸрҹҺёрҹҢ§пёҸрҹҳірҹ‘»рҹҸіпёҸвҖҚрҹҢҲрҹҳӮрҹ’һрҹҸҙвҖҚвҳ"] = CFrame.new(0.000000, -0.000000, 0.000000, 0.999218, -0.039528, 0.000000, 0.039528, 0.999218, 0.000000, 0.000000, 0.000000, 1.000000)
    }},
    { Time = 0.233, Data = {
      ["BaseOpened"] = CFrame.new(0.000000, 0.000000, 0.000000, 1.000000, 0.000000, 0.000000, 0.000000, 0.999462, -0.032798, 0.000000, 0.032798, 0.999462),
      ["Head"] = CFrame.new(0.000003, 0.000001, 0.000003, 0.677592, -0.081847, -0.730869, 0.094921, 0.995209, -0.023447, 0.729286, -0.053488, 0.682115),
      ["LeftUpperArm"] = CFrame.new(-0.020909, -0.648008, 0.429967, 0.961648, -0.076494, 0.263405, 0.274027, 0.309783, -0.910464, -0.011954, 0.947725, 0.318863),
      ["LeftUpperLeg"] = CFrame.new(-0.279606, 0.201694, -0.878798, 0.935493, 0.116993, 0.333416, -0.226741, 0.922458, 0.312505, -0.271001, -0.367945, 0.889480),
      ["LowerTorso"] = CFrame.new(0.000578, -0.413289, -0.422237, -0.999999, 0.000135, 0.001464, 0.000037, 0.997768, -0.066776, -0.001470, -0.066776, -0.997767),
      ["RightUpperArm"] = CFrame.new(-0.066382, -0.707102, 0.443151, 0.979018, -0.050928, -0.197305, -0.179897, 0.238761, -0.954269, 0.095708, 0.969742, 0.224590),
      ["RightUpperLeg"] = CFrame.new(0.253306, 0.169428, -0.773808, 0.941713, -0.214247, -0.259374, 0.289212, 0.909419, 0.298853, 0.171851, -0.356448, 0.918375),
      ["рҹҢ§пёҸрҹҳірҹ‘»рҹҸіпёҸвҖҚрҹҢҲрҹҳӮрҹ’һрҹҸҙвҖҚвҳ пёҸрҹҺёрҹҢ§пёҸрҹҳірҹ‘»рҹҸіпёҸвҖҚрҹҢҲрҹҳӮрҹ’һрҹҸҙвҖҚвҳ"] = CFrame.new(0.000000, -0.000000, 0.000000, 0.999265, -0.038320, 0.000000, 0.038320, 0.999265, 0.000000, 0.000000, 0.000000, 1.000000)
    }},
    { Time = 0.250, Data = {
      ["BaseOpened"] = CFrame.new(0.000000, 0.000000, 0.000000, 1.000000, 0.000000, 0.000000, 0.000000, 0.999330, -0.036594, 0.000000, 0.036594, 0.999330),
      ["Head"] = CFrame.new(0.000003, 0.000001, 0.000003, 0.677601, -0.081871, -0.730859, 0.094740, 0.995221, -0.023649, 0.729302, -0.053216, 0.682119),
      ["LeftUpperArm"] = CFrame.new(-0.016859, -0.650957, 0.431204, 0.962505, -0.061096, 0.264293, 0.270287, 0.298570, -0.915315, -0.022988, 0.952430, 0.303889),
      ["LeftUpperLeg"] = CFrame.new(-0.277841, 0.217831, -0.885341, 0.935316, 0.118075, 0.333531, -0.228113, 0.921832, 0.313352, -0.270460, -0.369166, 0.889139),
      ["LowerTorso"] = CFrame.new(0.000579, -0.430235, -0.423447, -0.999999, 0.000134, 0.001464, 0.000038, 0.997871, -0.065225, -0.001470, -0.065225, -0.997870),
      ["RightUpperArm"] = CFrame.new(-0.070054, -0.711101, 0.439337, 0.977620, -0.069034, -0.198730, -0.178798, 0.225145, -0.957779, 0.110862, 0.971877, 0.207763),
      ["RightUpperLeg"] = CFrame.new(0.250913, 0.181043, -0.778542, 0.941190, -0.216070, -0.259761, 0.291417, 0.908185, 0.300459, 0.170991, -0.358488, 0.917741),
      ["рҹҢ§пёҸрҹҳірҹ‘»рҹҸіпёҸвҖҚрҹҢҲрҹҳӮрҹ’һрҹҸҙвҖҚвҳ пёҸрҹҺёрҹҢ§пёҸрҹҳірҹ‘»рҹҸіпёҸвҖҚрҹҢҲрҹҳӮрҹ’һрҹҸҙвҖҚвҳ"] = CFrame.new(0.000000, -0.000000, 0.000000, 0.999282, -0.037889, 0.000000, 0.037889, 0.999282, 0.000000, 0.000000, 0.000000, 1.000000)
    }},
    { Time = 0.267, Data = {
      ["BaseOpened"] = CFrame.new(0.000000, 0.000000, 0.000000, 1.000000, 0.000000, 0.000000, 0.000000, 0.999184, -0.040390, 0.000000, 0.040390, 0.999184),
      ["Head"] = CFrame.new(0.000003, 0.000001, 0.000003, 0.677592, -0.081847, -0.730869, 0.094921, 0.995209, -0.023447, 0.729286, -0.053488, 0.682115),
      ["LeftUpperArm"] = CFrame.new(-0.012800, -0.653973, 0.432356, 0.963176, -0.045664, 0.264966, 0.266706, 0.287103, -0.920022, -0.034061, 0.956811, 0.288710),
      ["LeftUpperLeg"] = CFrame.new(-0.276077, 0.233962, -0.891878, 0.935137, 0.119142, 0.333652, -0.229496, 0.921173, 0.314280, -0.269907, -0.370467, 0.888766),
      ["LowerTorso"] = CFrame.new(0.000581, -0.447178, -0.424657, -0.999999, 0.000133, 0.001464, 0.000040, 0.997971, -0.063673, -0.001469, -0.063673, -0.997970),
      ["RightUpperArm"] = CFrame.new(-0.073714, -0.715115, 0.435388, 0.975958, -0.087091, -0.199802, -0.177882, 0.211468, -0.961062, 0.125952, 0.973497, 0.190892),
      ["RightUpperLeg"] = CFrame.new(0.248514, 0.192670, -0.783239, 0.940680, -0.217919, -0.260061, 0.293600, 0.906972, 0.301995, 0.170057, -0.360434, 0.917152),
      ["рҹҢ§пёҸрҹҳірҹ‘»рҹҸіпёҸвҖҚрҹҢҲрҹҳӮрҹ’һрҹҸҙвҖҚвҳ пёҸрҹҺёрҹҢ§пёҸрҹҳірҹ‘»рҹҸіпёҸвҖҚрҹҢҲрҹҳӮрҹ’һрҹҸҙвҖҚвҳ"] = CFrame.new(0.000000, -0.000000, 0.000000, 0.999265, -0.038320, 0.000000, 0.038320, 0.999265, 0.000000, 0.000000, 0.000000, 1.000000)
    }},
    { Time = 0.283, Data = {
      ["BaseOpened"] = CFrame.new(0.000000, 0.000000, 0.000000, 1.000000, 0.000000, 0.000000, 0.000000, 0.999023, -0.044186, 0.000000, 0.044186, 0.999023),
      ["Head"] = CFrame.new(0.000003, 0.000001, 0.000003, 0.677559, -0.081852, -0.730900, 0.095546, 0.995162, -0.022873, 0.729236, -0.054337, 0.682101),
      ["LeftUpperArm"] = CFrame.new(-0.008762, -0.656947, 0.433389, 0.963676, -0.030311, 0.265348, 0.263227, 0.275793, -0.924473, -0.045160, 0.960739, 0.273753),
      ["LeftUpperLeg"] = CFrame.new(-0.274334, 0.249915, -0.898345, 0.934957, 0.120223, 0.333769, -0.230866, 0.920541, 0.315126, -0.269363, -0.371686, 0.888422),
      ["LowerTorso"] = CFrame.new(0.000582, -0.463930, -0.425784, -0.999999, 0.000132, 0.001464, 0.000041, 0.998063, -0.062208, -0.001469, -0.062208, -0.998062),
      ["RightUpperArm"] = CFrame.new(-0.077350, -0.719111, 0.431349, 0.974032, -0.105016, -0.200585, -0.177206, 0.197841, -0.964084, 0.140928, 0.974593, 0.174094),
      ["RightUpperLeg"] = CFrame.new(0.246134, 0.204200, -0.787885, 0.940189, -0.219685, -0.260350, 0.295698, 0.905774, 0.303541, 0.169135, -0.362371, 0.916559),
      ["рҹҢ§пёҸрҹҳірҹ‘»рҹҸіпёҸвҖҚрҹҢҲрҹҳӮрҹ’һрҹҸҙвҖҚвҳ пёҸрҹҺёрҹҢ§пёҸрҹҳірҹ‘»рҹҸіпёҸвҖҚрҹҢҲрҹҳӮрҹ’һрҹҸҙвҖҚвҳ"] = CFrame.new(-0.000000, -0.000000, 0.000000, 0.999218, -0.039528, 0.000000, 0.039528, 0.999218, 0.000000, 0.000000, 0.000000, 1.000000)
    }},
    { Time = 0.300, Data = {
      ["BaseOpened"] = CFrame.new(0.000000, 0.000000, 0.000000, 1.000000, 0.000000, 0.000000, 0.000000, 0.998852, -0.047895, 0.000000, 0.047895, 0.998852),
      ["Head"] = CFrame.new(0.000002, 0.000001, 0.000003, 0.677569, -0.081890, -0.730886, 0.096614, 0.995080, -0.021924, 0.729086, -0.055759, 0.682147),
      ["LeftUpperArm"] = CFrame.new(-0.004846, -0.659894, 0.434309, 0.963984, -0.015418, 0.265514, 0.260013, 0.264590, -0.928647, -0.055935, 0.964238, 0.259070),
      ["LeftUpperLeg"] = CFrame.new(-0.272619, 0.265509, -0.904621, 0.934802, 0.121321, 0.333806, -0.232221, 0.919906, 0.315983, -0.268735, -0.372899, 0.888104),
      ["LowerTorso"] = CFrame.new(0.000583, -0.480312, -0.426919, -0.999999, 0.000131, 0.001464, 0.000042, 0.998153, -0.060743, -0.001469, -0.060743, -0.998152),
      ["RightUpperArm"] = CFrame.new(-0.080872, -0.723027, 0.427272, 0.971898, -0.122415, -0.201069, -0.176778, 0.184487, -0.966806, 0.155446, 0.975182, 0.157662),
      ["RightUpperLeg"] = CFrame.new(0.243835, 0.215406, -0.792450, 0.939652, -0.221515, -0.260740, 0.297889, 0.904544, 0.305061, 0.168275, -0.364323, 0.915944),
      ["рҹҢ§пёҸрҹҳірҹ‘»рҹҸіпёҸвҖҚрҹҢҲрҹҳӮрҹ’һрҹҸҙвҖҚвҳ пёҸрҹҺёрҹҢ§пёҸрҹҳірҹ‘»рҹҸіпёҸвҖҚрҹҢҲрҹҳӮрҹ’һрҹҸҙвҖҚвҳ"] = CFrame.new(0.000000, -0.000000, 0.000000, 0.999131, -0.041684, 0.000000, 0.041684, 0.999131, 0.000000, 0.000000, 0.000000, 1.000000)
    }},
    { Time = 0.317, Data = {
      ["BaseOpened"] = CFrame.new(0.000000, 0.000000, 0.000000, 1.000000, 0.000000, 0.000000, 0.000000, 0.998677, -0.051431, 0.000000, 0.051431, 0.998677),
      ["Head"] = CFrame.new(0.000002, 0.000001, 0.000003, 0.677562, -0.081879, -0.730894, 0.098046, 0.994969, -0.020569, 0.728901, -0.057724, 0.682181),
      ["LeftUpperArm"] = CFrame.new(-0.001037, -0.662774, 0.435115, 0.964130, -0.000937, 0.265430, 0.256980, 0.253637, -0.932539, -0.066449, 0.967299, 0.244780),
      ["LeftUpperLeg"] = CFrame.new(-0.270971, 0.280592, -0.910725, 0.934634, 0.122319, 0.333912, -0.233507, 0.919285, 0.316844, -0.268204, -0.374104, 0.887757),
      ["LowerTorso"] = CFrame.new(0.000584, -0.496146, -0.428066, -0.999999, 0.000130, 0.001464, 0.000043, 0.998242, -0.059277, -0.001469, -0.059277, -0.998241),
      ["RightUpperArm"] = CFrame.new(-0.084304, -0.726820, 0.423206, 0.969584, -0.139335, -0.201230, -0.176506, 0.171545, -0.969236, 0.169568, 0.975273, 0.141734),
      ["RightUpperLeg"] = CFrame.new(0.241592, 0.226293, -0.796827, 0.939175, -0.223208, -0.261013, 0.299893, 0.903383, 0.306535, 0.167374, -0.366166, 0.915373),
      ["рҹҢ§пёҸрҹҳірҹ‘»рҹҸіпёҸвҖҚрҹҢҲрҹҳӮрҹ’һрҹҸҙвҖҚвҳ пёҸрҹҺёрҹҢ§пёҸрҹҳірҹ‘»рҹҸіпёҸвҖҚрҹҢҲрҹҳӮрҹ’һрҹҸҙвҖҚвҳ"] = CFrame.new(0.000000, -0.000000, -0.000000, 0.999004, -0.044617, 0.000000, 0.044617, 0.999004, 0.000000, 0.000000, 0.000000, 1.000000)
    }},
    { Time = 0.333, Data = {
      ["BaseOpened"] = CFrame.new(0.000000, 0.000000, 0.000000, 1.000000, 0.000000, 0.000000, 0.000000, 0.998493, -0.054880, 0.000000, 0.054880, 0.998493),
      ["Head"] = CFrame.new(0.000002, 0.000001, 0.000003, 0.677605, -0.081856, -0.730856, 0.099808, 0.994827, -0.018884, 0.728621, -0.060150, 0.682270),
      ["LeftUpperArm"] = CFrame.new(0.002586, -0.665539, 0.435801, 0.964107, 0.012841, 0.265205, 0.254257, 0.243125, -0.936079, -0.076498, 0.969910, 0.231133),
      ["LeftUpperLeg"] = CFrame.new(-0.269394, 0.295007, -0.916552, 0.934481, 0.123249, 0.333999, -0.234698, 0.918707, 0.317638, -0.267699, -0.375216, 0.887440),
      ["LowerTorso"] = CFrame.new(0.000585, -0.511255, -0.429140, -0.999999, 0.000129, 0.001464, 0.000044, 0.998322, -0.057898, -0.001469, -0.057898, -0.998321),
      ["RightUpperArm"] = CFrame.new(-0.087538, -0.730453, 0.419220, 0.967169, -0.155330, -0.201137, -0.176449, 0.159148, -0.971359, 0.182892, 0.974959, 0.126515),
      ["RightUpperLeg"] = CFrame.new(0.239462, 0.236678, -0.801037, 0.938699, -0.224812, -0.261348, 0.301818, 0.902268, 0.307925, 0.166581, -0.367929, 0.914811),
      ["рҹҢ§пёҸрҹҳірҹ‘»рҹҸіпёҸвҖҚрҹҢҲрҹҳӮрҹ’һрҹҸҙвҖҚвҳ пёҸрҹҺёрҹҢ§пёҸрҹҳірҹ‘»рҹҸіпёҸвҖҚрҹҢҲрҹҳӮрҹ’һрҹҸҙвҖҚвҳ"] = CFrame.new(-0.000000, -0.000000, 0.000000, 0.998836, -0.048240, 0.000000, 0.048240, 0.998836, 0.000000, 0.000000, 0.000000, 1.000000)
    }},
    { Time = 0.350, Data = {
      ["BaseOpened"] = CFrame.new(0.000000, 0.000000, 0.000000, 1.000000, 0.000000, 0.000000, 0.000000, 0.998312, -0.058070, 0.000000, 0.058070, 0.998312),
      ["Head"] = CFrame.new(0.000002, 0.000001, 0.000003, 0.677554, -0.081860, -0.730904, 0.102011, 0.994641, -0.016832, 0.728364, -0.063156, 0.682273),
      ["LeftUpperArm"] = CFrame.new(0.006006, -0.668151, 0.436374, 0.963957, 0.025844, 0.264801, 0.251768, 0.233194, -0.939273, -0.086025, 0.972087, 0.218282),
      ["LeftUpperLeg"] = CFrame.new(-0.267915, 0.308545, -0.922026, 0.934326, 0.124194, 0.334082, -0.235876, 0.918158, 0.318352, -0.267203, -0.376247, 0.887153),
      ["LowerTorso"] = CFrame.new(0.000672, -0.525470, -0.430061, -0.999999, 0.000042, 0.001467, -0.000042, 0.998392, -0.056691, -0.001467, -0.056691, -0.998391),
      ["RightUpperArm"] = CFrame.new(-0.090583, -0.733882, 0.415368, 0.964693, -0.170384, -0.200838, -0.176564, 0.147444, -0.973183, 0.195427, 0.974284, 0.112154),
      ["RightUpperLeg"] = CFrame.new(0.237461, 0.246441, -0.804991, 0.938243, -0.226345, -0.261663, 0.303653, 0.901201, 0.309245, 0.165815, -0.369602, 0.914276),
      ["рҹҢ§пёҸрҹҳірҹ‘»рҹҸіпёҸвҖҚрҹҢҲрҹҳӮрҹ’һрҹҸҙвҖҚвҳ пёҸрҹҺёрҹҢ§пёҸрҹҳірҹ‘»рҹҸіпёҸвҖҚрҹҢҲрҹҳӮрҹ’һрҹҸҙвҖҚвҳ"] = CFrame.new(0.000000, -0.000000, 0.000000, 0.998609, -0.052724, 0.000000, 0.052724, 0.998609, 0.000000, 0.000000, 0.000000, 1.000000)
    }},
    { Time = 0.367, Data = {
      ["BaseOpened"] = CFrame.new(0.000000, 0.000000, 0.000000, 1.000000, 0.000000, 0.000000, 0.000000, 0.998138, -0.061001, 0.000000, 0.061001, 0.998138),
      ["Head"] = CFrame.new(0.000002, 0.000001, 0.000003, 0.677552, -0.081886, -0.730902, 0.104509, 0.994418, -0.014529, 0.728012, -0.066542, 0.682327),
      ["LeftUpperArm"] = CFrame.new(0.009190, -0.670605, 0.436846, 0.963712, 0.037948, 0.264233, 0.249504, 0.223865, -0.942142, -0.094905, 0.973881, 0.206273),
      ["LeftUpperLeg"] = CFrame.new(-0.266556, 0.321082, -0.927129, 0.934160, 0.125039, 0.334232, -0.236985, 0.917623, 0.319070, -0.266803, -0.377270, 0.886839),
      ["LowerTorso"] = CFrame.new(0.000673, -0.538645, -0.431002, -0.999999, 0.000041, 0.001467, -0.000041, 0.998460, -0.055484, -0.001467, -0.055484, -0.998459),
      ["RightUpperArm"] = CFrame.new(-0.093411, -0.737062, 0.411710, 0.962216, -0.184362, -0.200377, -0.176812, 0.136584, -0.974722, 0.207070, 0.973322, 0.098826),
      ["RightUpperLeg"] = CFrame.new(0.235613, 0.255470, -0.808646, 0.937808, -0.227819, -0.261946, 0.305390, 0.900212, 0.310413, 0.165089, -0.371104, 0.913799),
      ["рҹҢ§пёҸрҹҳірҹ‘»рҹҸіпёҸвҖҚрҹҢҲрҹҳӮрҹ’һрҹҸҙвҖҚвҳ пёҸрҹҺёрҹҢ§пёҸрҹҳірҹ‘»рҹҸіпёҸвҖҚрҹҢҲрҹҳӮрҹ’һрҹҸҙвҖҚвҳ"] = CFrame.new(0.000000, -0.000000, 0.000000, 0.998327, -0.057812, 0.000000, 0.057812, 0.998327, 0.000000, 0.000000, 0.000000, 1.000000)
    }},
    { Time = 0.383, Data = {
      ["BaseOpened"] = CFrame.new(0.000000, 0.000000, 0.000000, 1.000000, 0.000000, 0.000000, 0.000000, 0.997965, -0.063760, 0.000000, 0.063760, 0.997965),
      ["Head"] = CFrame.new(0.000002, 0.000001, 0.000003, 0.677598, -0.081902, -0.730857, 0.107336, 0.994152, -0.011894, 0.727557, -0.070388, 0.682427),
      ["LeftUpperArm"] = CFrame.new(0.012061, -0.672843, 0.437222, 0.963385, 0.048865, 0.263632, 0.247576, 0.215353, -0.944632, -0.102934, 0.975313, 0.195370),
      ["LeftUpperLeg"] = CFrame.new(-0.265298, 0.332541, -0.931740, 0.934051, 0.125765, 0.334263, -0.237890, 0.917181, 0.319667, -0.266377, -0.378103, 0.886612),
      ["LowerTorso"] = CFrame.new(0.000674, -0.550633, -0.431881, -0.999999, 0.000040, 0.001467, -0.000040, 0.998521, -0.054363, -0.001467, -0.054363, -0.998520),
      ["RightUpperArm"] = CFrame.new(-0.095965, -0.739951, 0.408311, 0.959826, -0.197009, -0.199803, -0.177157, 0.126723, -0.975990, 0.217598, 0.972177, 0.086731),
      ["RightUpperLeg"] = CFrame.new(0.233917, 0.263734, -0.811970, 0.937441, -0.229057, -0.262180, 0.306872, 0.899320, 0.311535, 0.164424, -0.372501, 0.913350),
      ["рҹҢ§пёҸрҹҳірҹ‘»рҹҸіпёҸвҖҚрҹҢҲрҹҳӮрҹ’һрҹҸҙвҖҚвҳ пёҸрҹҺёрҹҢ§пёҸрҹҳірҹ‘»рҹҸіпёҸвҖҚрҹҢҲрҹҳӮрҹ’һрҹҸҙвҖҚвҳ"] = CFrame.new(0.000000, -0.000000, 0.000000, 0.997976, -0.063587, 0.000000, 0.063587, 0.997976, 0.000000, 0.000000, 0.000000, 1.000000)
    }},
    { Time = 0.400, Data = {
      ["BaseOpened"] = CFrame.new(0.000000, 0.000000, 0.000000, 1.000000, 0.000000, 0.000000, 0.000000, 0.997808, -0.066173, 0.000000, 0.066173, 0.997808),
      ["Head"] = CFrame.new(0.000002, 0.000001, 0.000003, 0.677565, -0.081856, -0.730893, 0.110377, 0.993849, -0.008982, 0.727133, -0.074588, 0.682433),
      ["LeftUpperArm"] = CFrame.new(0.014601, -0.674828, 0.437513, 0.963027, 0.058525, 0.262971, 0.245899, 0.207808, -0.946757, -0.110056, 0.976417, 0.185733),
      ["LeftUpperLeg"] = CFrame.new(-0.264198, 0.342683, -0.935860, 0.933915, 0.126474, 0.334375, -0.238809, 0.916738, 0.320253, -0.266031, -0.378941, 0.886358),
      ["LowerTorso"] = CFrame.new(0.000675, -0.561299, -0.432614, -0.999999, 0.000039, 0.001467, -0.000039, 0.998572, -0.053414, -0.001467, -0.053414, -0.998571),
      ["RightUpperArm"] = CFrame.new(-0.098240, -0.742534, 0.405228, 0.957593, -0.208268, -0.199101, -0.177500, 0.117903, -0.977033, 0.226959, 0.970940, 0.075935),
      ["RightUpperLeg"] = CFrame.new(0.232417, 0.271057, -0.814912, 0.937095, -0.230237, -0.262381, 0.308256, 0.898509, 0.312507, 0.163801, -0.373729, 0.912960),
      ["рҹҢ§пёҸрҹҳірҹ‘»рҹҸіпёҸвҖҚрҹҢҲрҹҳӮрҹ’һрҹҸҙвҖҚвҳ пёҸрҹҺёрҹҢ§пёҸрҹҳірҹ‘»рҹҸіпёҸвҖҚрҹҢҲрҹҳӮрҹ’һрҹҸҙвҖҚвҳ"] = CFrame.new(0.000000, -0.000000, 0.000000, 0.997556, -0.069878, 0.000000, 0.069878, 0.997556, 0.000000, 0.000000, 0.000000, 1.000000)
    }},
    { Time = 0.417, Data = {
      ["BaseOpened"] = CFrame.new(0.000000, 0.000000, 0.000000, 1.000000, 0.000000, 0.000000, 0.000000, 0.997669, -0.068241, 0.000000, 0.068241, 0.997669),
      ["Head"] = CFrame.new(0.000002, 0.000001, 0.000003, 0.677570, -0.081912, -0.730882, 0.113790, 0.993488, -0.005853, 0.726602, -0.079201, 0.682478),
      ["LeftUpperArm"] = CFrame.new(0.016814, -0.676577, 0.437737, 0.962667, 0.066939, 0.262281, 0.244452, 0.201156, -0.948567, -0.116256, 0.977269, 0.177283),
      ["LeftUpperLeg"] = CFrame.new(-0.263226, 0.351500, -0.939390, 0.933838, 0.127064, 0.334367, -0.239525, 0.916388, 0.320719, -0.265658, -0.379588, 0.886193),
      ["LowerTorso"] = CFrame.new(0.000675, -0.570526, -0.433204, -0.999999, 0.000039, 0.001467, -0.000039, 0.998614, -0.052638, -0.001467, -0.052638, -0.998613),
      ["RightUpperArm"] = CFrame.new(-0.100193, -0.744796, 0.402522, 0.955585, -0.217955, -0.198373, -0.177872, 0.110163, -0.977868, 0.234985, 0.969721, 0.066502),
      ["RightUpperLeg"] = CFrame.new(0.231128, 0.277384, -0.817488, 0.936777, -0.231258, -0.262617, 0.309475, 0.897804, 0.313325, 0.163319, -0.374789, 0.912611),
      ["рҹҢ§пёҸрҹҳірҹ‘»рҹҸіпёҸвҖҚрҹҢҲрҹҳӮрҹ’һрҹҸҙвҖҚвҳ пёҸрҹҺёрҹҢ§пёҸрҹҳірҹ‘»рҹҸіпёҸвҖҚрҹҢҲрҹҳӮрҹ’һрҹҸҙвҖҚвҳ"] = CFrame.new(0.000000, -0.000000, 0.000000, 0.997055, -0.076684, 0.000000, 0.076684, 0.997055, 0.000000, 0.000000, 0.000000, 1.000000)
    }},
    { Time = 0.433, Data = {
      ["BaseOpened"] = CFrame.new(0.000000, 0.000000, 0.000000, 1.000000, 0.000000, 0.000000, 0.000000, 0.997549, -0.069964, 0.000000, 0.069964, 0.997549),
      ["Head"] = CFrame.new(0.000002, 0.000001, 0.000003, 0.677571, -0.081899, -0.730883, 0.117269, 0.993097, -0.002566, 0.726048, -0.083972, 0.682498),
      ["LeftUpperArm"] = CFrame.new(0.018657, -0.678031, 0.437899, 0.962310, 0.073947, 0.261708, 0.243331, 0.195628, -0.950010, -0.121448, 0.977886, 0.170262),
      ["LeftUpperLeg"] = CFrame.new(-0.262427, 0.358824, -0.942350, 0.933750, 0.127555, 0.334426, -0.240172, 0.916054, 0.321188, -0.265383, -0.380229, 0.886001),
      ["LowerTorso"] = CFrame.new(0.000676, -0.578219, -0.433739, -0.999999, 0.000038, 0.001467, -0.000038, 0.998650, -0.051948, -0.001467, -0.051948, -0.998649),
      ["RightUpperArm"] = CFrame.new(-0.101808, -0.746636, 0.400232, 0.953848, -0.225977, -0.197760, -0.178255, 0.103890, -0.978485, 0.241660, 0.968577, 0.058813),
      ["RightUpperLeg"] = CFrame.new(0.230035, 0.282693, -0.819592, 0.936550, -0.232074, -0.262709, 0.310420, 0.897231, 0.314031, 0.162832, -0.375656, 0.912342),
      ["рҹҢ§пёҸрҹҳірҹ‘»рҹҸіпёҸвҖҚрҹҢҲрҹҳӮрҹ’һрҹҸҙвҖҚвҳ пёҸрҹҺёрҹҢ§пёҸрҹҳірҹ‘»рҹҸіпёҸвҖҚрҹҢҲрҹҳӮрҹ’һрҹҸҙвҖҚвҳ"] = CFrame.new(-0.000000, -0.000000, 0.000000, 0.996473, -0.083917, 0.000000, 0.083917, 0.996473, 0.000000, 0.000000, 0.000000, 1.000000)
    }},
    { Time = 0.450, Data = {
      ["BaseOpened"] = CFrame.new(0.000000, 0.000000, 0.000000, 1.000000, 0.000000, 0.000000, 0.000000, 0.997452, -0.071343, 0.000000, 0.071343, 0.997452),
      ["Head"] = CFrame.new(0.000002, 0.000001, 0.000004, 0.677550, -0.081906, -0.730902, 0.121041, 0.992647, 0.000968, 0.725448, -0.089125, 0.682482),
      ["LeftUpperArm"] = CFrame.new(0.020116, -0.679181, 0.438012, 0.962002, 0.079492, 0.261216, 0.242458, 0.191255, -0.951123, -0.125566, 0.978316, 0.164714),
      ["LeftUpperLeg"] = CFrame.new(-0.261803, 0.364630, -0.944731, 0.933668, 0.127908, 0.334520, -0.240633, 0.915847, 0.321435, -0.265255, -0.380610, 0.885876),
      ["LowerTorso"] = CFrame.new(0.000676, -0.584295, -0.434220, -0.999999, 0.000038, 0.001467, -0.000038, 0.998681, -0.051345, -0.001467, -0.051345, -0.998680),
      ["RightUpperArm"] = CFrame.new(-0.103084, -0.748133, 0.398408, 0.952440, -0.232313, -0.197202, -0.178600, 0.098767, -0.978952, 0.246901, 0.967613, 0.052579),
      ["RightUpperLeg"] = CFrame.new(0.229182, 0.286867, -0.821273, 0.936351, -0.232733, -0.262836, 0.311200, 0.896767, 0.314585, 0.162488, -0.376357, 0.912115),
      ["рҹҢ§пёҸрҹҳірҹ‘»рҹҸіпёҸвҖҚрҹҢҲрҹҳӮрҹ’һрҹҸҙвҖҚвҳ пёҸрҹҺёрҹҢ§пёҸрҹҳірҹ‘»рҹҸіпёҸвҖҚрҹҢҲрҹҳӮрҹ’һрҹҸҙвҖҚвҳ"] = CFrame.new(0.000000, -0.000000, 0.000000, 0.995806, -0.091492, 0.000000, 0.091492, 0.995806, 0.000000, 0.000000, 0.000000, 1.000000)
    }},
    { Time = 0.467, Data = {
      ["BaseOpened"] = CFrame.new(0.000000, 0.000000, 0.000000, 1.000000, 0.000000, 0.000000, 0.000000, 0.997384, -0.072291, 0.000000, 0.072291, 0.997384),
      ["Head"] = CFrame.new(0.000001, 0.000001, 0.000004, 0.677593, -0.081918, -0.730861, 0.124810, 0.992170, 0.004507, 0.724769, -0.094273, 0.682512),
      ["LeftUpperArm"] = CFrame.new(0.021154, -0.679995, 0.438083, 0.961774, 0.083440, 0.260822, 0.241821, 0.188161, -0.951902, -0.128503, 0.978587, 0.160791),
      ["LeftUpperLeg"] = CFrame.new(-0.261343, 0.368809, -0.946401, 0.933629, 0.128196, 0.334519, -0.240996, 0.915655, 0.321708, -0.265063, -0.380974, 0.885777),
      ["LowerTorso"] = CFrame.new(0.000677, -0.588678, -0.434476, -0.999999, 0.000037, 0.001467, -0.000037, 0.998699, -0.051000, -0.001467, -0.051000, -0.998698),
      ["RightUpperArm"] = CFrame.new(-0.104016, -0.749187, 0.397075, 0.951390, -0.236932, -0.196773, -0.178837, 0.095169, -0.979265, 0.250746, 0.966854, 0.048170),
