return {
  ["Astros kitten dance"] = {
    { Time = 0.000, Data = {
      ["Head"] = CFrame.new(0.000000, 0.000001, 0.000001, 0.708480, -0.008274, -0.705683, -0.380946, 0.837258, -0.392273, 0.594084, 0.546745, 0.590029),
      ["LeftUpperArm"] = CFrame.new(-0.011737, -0.500450, -0.238222, 0.908956, -0.302717, -0.286637, -0.073554, 0.560321, -0.825003, 0.410351, 0.770975, 0.487042),
      ["LeftUpperLeg"] = CFrame.new(-0.228140, -0.025938, -0.844424, 1.000000, -0.000000, 0.000000, 0.000000, 0.993400, 0.114705, -0.000000, -0.114705, 0.993400),
      ["LowerTorso"] = CFrame.new(0.060593, -0.163221, -0.185244, 0.975207, 0.217679, -0.039831, -0.115214, 0.653112, 0.748445, 0.188935, -0.725300, 0.661999),
      ["RightUpperArm"] = CFrame.new(-0.029559, -0.608701, -0.349089, 0.891884, 0.231459, 0.388547, 0.156287, 0.648456, -0.745036, -0.424401, 0.725211, 0.542173),
      ["RightUpperLeg"] = CFrame.new(0.374311, 0.295577, -0.807898, 0.876504, 0.010354, -0.481283, 0.227872, 0.871743, 0.433750, 0.424046, -0.489854, 0.761727),
      ["рҹҢ§пёҸрҹҳірҹ‘»рҹҸіпёҸвҖҚрҹҢҲрҹҳӮрҹ’һрҹҸҙвҖҚвҳ пёҸрҹҺёрҹҢ§пёҸрҹҳірҹ‘»рҹҸіпёҸвҖҚрҹҢҲрҹҳӮрҹ’һрҹҸҙвҖҚвҳ"] = CFrame.new(-0.000004, -0.000006, 0.000000, 0.969947, 0.231763, -0.074087, -0.240857, 0.957734, -0.157270, 0.034506, 0.170388, 0.984773)
    }},
    { Time = 0.017, Data = {
      ["Head"] = CFrame.new(-0.000000, 0.000001, 0.000001, 0.707798, -0.009141, -0.706356, -0.377584, 0.840198, -0.389228, 0.597036, 0.542203, 0.591239),
      ["LeftUpperArm"] = CFrame.new(-0.011684, -0.500474, -0.238421, 0.908921, -0.302713, -0.286753, -0.073534, 0.560562, -0.824841, 0.410432, 0.770802, 0.487247),
      ["LeftUpperLeg"] = CFrame.new(-0.228140, -0.025933, -0.844338, 1.000000, 0.000010, -0.000172, 0.000010, 0.993320, 0.115392, 0.000172, -0.115392, 0.993320),
      ["LowerTorso"] = CFrame.new(0.060639, -0.164027, -0.185094, 0.975218, 0.217633, -0.039815, -0.115303, 0.653533, 0.748064, 0.188824, -0.724935, 0.662431),
      ["RightUpperArm"] = CFrame.new(-0.029554, -0.608431, -0.349063, 0.891848, 0.231305, 0.388722, 0.156275, 0.648893, -0.744658, -0.424482, 0.724870, 0.542567),
      ["RightUpperLeg"] = CFrame.new(0.374342, 0.295480, -0.807944, 0.876442, 0.010437, -0.481394, 0.228248, 0.871297, 0.434447, 0.423971, -0.490645, 0.761259),
      ["рҹҢ§пёҸрҹҳірҹ‘»рҹҸіпёҸвҖҚрҹҢҲрҹҳӮрҹ’һрҹҸҙвҖҚвҳ пёҸрҹҺёрҹҢ§пёҸрҹҳірҹ‘»рҹҸіпёҸвҖҚрҹҢҲрҹҳӮрҹ’һрҹҸҙвҖҚвҳ"] = CFrame.new(-0.000004, -0.000006, 0.000000, 0.967611, 0.241318, -0.074126, -0.250297, 0.955312, -0.157255, 0.032865, 0.170716, 0.984772)
    }},
    { Time = 0.033, Data = {
      ["Head"] = CFrame.new(-0.000000, 0.000002, 0.000001, 0.707154, -0.009937, -0.706990, -0.374295, 0.843047, -0.386232, 0.599864, 0.537748, 0.592444),
      ["LeftUpperArm"] = CFrame.new(-0.011567, -0.500575, -0.239013, 0.908793, -0.302861, -0.287002, -0.073345, 0.561179, -0.824438, 0.410749, 0.770294, 0.487783),
      ["LeftUpperLeg"] = CFrame.new(-0.228140, -0.025877, -0.844125, 1.000000, -0.000051, -0.000608, 0.000122, 0.993068, 0.117539, 0.000598, -0.117539, 0.993068),
      ["LowerTorso"] = CFrame.new(0.060664, -0.166424, -0.184670, 0.975224, 0.217607, -0.039810, -0.115613, 0.654777, 0.746927, 0.188604, -0.723819, 0.663713),
      ["RightUpperArm"] = CFrame.new(-0.029504, -0.607646, -0.348982, 0.891772, 0.230975, 0.389093, 0.156069, 0.650124, -0.743627, -0.424718, 0.723871, 0.543714),
      ["RightUpperLeg"] = CFrame.new(0.374430, 0.295249, -0.808100, 0.876267, 0.010724, -0.481707, 0.229258, 0.870050, 0.436410, 0.423789, -0.492847, 0.759938),
      ["рҹҢ§пёҸрҹҳірҹ‘»рҹҸіпёҸвҖҚрҹҢҲрҹҳӮрҹ’һрҹҸҙвҖҚвҳ пёҸрҹҺёрҹҢ§пёҸрҹҳірҹ‘»рҹҸіпёҸвҖҚрҹҢҲрҹҳӮрҹ’һрҹҸҙвҖҚвҳ"] = CFrame.new(-0.000004, -0.000006, 0.000000, 0.965206, 0.250778, -0.074076, -0.259629, 0.952818, -0.157258, 0.031144, 0.171019, 0.984775)
    }},
    { Time = 0.050, Data = {
      ["Head"] = CFrame.new(-0.000000, 0.000002, 0.000001, 0.706565, -0.010739, -0.707567, -0.371007, 0.845826, -0.383318, 0.602595, 0.533351, 0.593646),
      ["LeftUpperArm"] = CFrame.new(-0.011379, -0.500749, -0.239989, 0.908607, -0.303123, -0.287314, -0.072948, 0.562173, -0.823796, 0.411232, 0.769466, 0.488682),
      ["LeftUpperLeg"] = CFrame.new(-0.228140, -0.025807, -0.843697, 0.999999, -0.000083, -0.001475, 0.000261, 0.992645, 0.121059, 0.001454, -0.121059, 0.992644),
      ["LowerTorso"] = CFrame.new(0.060667, -0.170325, -0.183929, 0.975225, 0.217604, -0.039805, -0.116135, 0.656771, 0.745093, 0.188279, -0.722011, 0.665771),
      ["RightUpperArm"] = CFrame.new(-0.029427, -0.606368, -0.348827, 0.891659, 0.230414, 0.389684, 0.155766, 0.652076, -0.741980, -0.425066, 0.722293, 0.545539),
      ["RightUpperLeg"] = CFrame.new(0.374554, 0.294879, -0.808318, 0.876019, 0.011216, -0.482146, 0.230901, 0.867948, 0.439718, 0.423409, -0.496529, 0.757749),
      ["рҹҢ§пёҸрҹҳірҹ‘»рҹҸіпёҸвҖҚрҹҢҲрҹҳӮрҹ’һрҹҸҙвҖҚвҳ пёҸрҹҺёрҹҢ§пёҸрҹҳірҹ‘»рҹҸіпёҸвҖҚрҹҢҲрҹҳӮрҹ’һрҹҸҙвҖҚвҳ"] = CFrame.new(-0.000004, -0.000006, 0.000000, 0.962772, 0.259962, -0.074092, -0.268697, 0.950300, -0.157263, 0.029527, 0.171317, 0.984773)
    }},
    { Time = 0.067, Data = {
      ["Head"] = CFrame.new(-0.000000, 0.000002, 0.000001, 0.705950, -0.011497, -0.708168, -0.367813, 0.848518, -0.380436, 0.605267, 0.529042, 0.594783),
      ["LeftUpperArm"] = CFrame.new(-0.011103, -0.500985, -0.241339, 0.908315, -0.303429, -0.287914, -0.072570, 0.563565, -0.822878, 0.411943, 0.768327, 0.489875),
      ["LeftUpperLeg"] = CFrame.new(-0.228142, -0.025683, -0.843143, 0.999997, -0.000181, -0.002606, 0.000508, 0.992036, 0.125951, 0.002563, -0.125952, 0.992033),
      ["LowerTorso"] = CFrame.new(0.060649, -0.175771, -0.182967, 0.975221, 0.217623, -0.039811, -0.116875, 0.659577, 0.742495, 0.187842, -0.719444, 0.668668),
      ["RightUpperArm"] = CFrame.new(-0.029334, -0.604571, -0.348638, 0.891510, 0.229581, 0.390516, 0.155325, 0.654885, -0.739594, -0.425540, 0.720012, 0.548177),
      ["RightUpperLeg"] = CFrame.new(0.374756, 0.294366, -0.808679, 0.875614, 0.011918, -0.482864, 0.233178, 0.865056, 0.444191, 0.422998, -0.501533, 0.754677),
      ["рҹҢ§пёҸрҹҳірҹ‘»рҹҸіпёҸвҖҚрҹҢҲрҹҳӮрҹ’һрҹҸҙвҖҚвҳ пёҸрҹҺёрҹҢ§пёҸрҹҳірҹ‘»рҹҸіпёҸвҖҚрҹҢҲрҹҳӮрҹ’һрҹҸҙвҖҚвҳ"] = CFrame.new(-0.000004, -0.000006, 0.000000, 0.960321, 0.268878, -0.074089, -0.277497, 0.947765, -0.157281, 0.027930, 0.171600, 0.984771)
    }},
    { Time = 0.083, Data = {
      ["Head"] = CFrame.new(-0.000000, 0.000002, 0.000001, 0.705375, -0.012254, -0.708728, -0.364754, 0.851037, -0.377744, 0.607783, 0.524963, 0.595830),
      ["LeftUpperArm"] = CFrame.new(-0.010754, -0.501305, -0.243036, 0.908000, -0.303823, -0.288492, -0.071960, 0.565249, -0.821776, 0.412745, 0.766932, 0.491383),
      ["LeftUpperLeg"] = CFrame.new(-0.228144, -0.025547, -0.842460, 0.999992, -0.000254, -0.003996, 0.000780, 0.991233, 0.132126, 0.003928, -0.132128, 0.991225),
      ["LowerTorso"] = CFrame.new(0.060607, -0.182653, -0.181767, 0.975211, 0.217665, -0.039817, -0.117825, 0.663113, 0.739187, 0.187298, -0.716172, 0.672322),
      ["RightUpperArm"] = CFrame.new(-0.029200, -0.602306, -0.348399, 0.891321, 0.228590, 0.391528, 0.154710, 0.658397, -0.736599, -0.426160, 0.717119, 0.551478),
      ["RightUpperLeg"] = CFrame.new(0.374995, 0.293714, -0.809089, 0.875136, 0.012810, -0.483708, 0.236069, 0.861307, 0.449913, 0.422384, -0.507923, 0.750736),
      ["рҹҢ§пёҸрҹҳірҹ‘»рҹҸіпёҸвҖҚрҹҢҲрҹҳӮрҹ’һрҹҸҙвҖҚвҳ пёҸрҹҺёрҹҢ§пёҸрҹҳірҹ‘»рҹҸіпёҸвҖҚрҹҢҲрҹҳӮрҹ’һрҹҸҙвҖҚвҳ"] = CFrame.new(-0.000004, -0.000006, 0.000000, 0.957928, 0.277268, -0.074133, -0.285785, 0.945294, -0.157309, 0.026461, 0.171877, 0.984763)
    }},
    { Time = 0.100, Data = {
      ["Head"] = CFrame.new(-0.000000, 0.000002, 0.000001, 0.704823, -0.012902, -0.709266, -0.361880, 0.853414, -0.375137, 0.610137, 0.521075, 0.596837),
      ["LeftUpperArm"] = CFrame.new(-0.010343, -0.501655, -0.245101, 0.907566, -0.304319, -0.289333, -0.071275, 0.567395, -0.820355, 0.413816, 0.765149, 0.493258),
      ["LeftUpperLeg"] = CFrame.new(-0.228148, -0.025396, -0.841650, 0.999984, -0.000296, -0.005645, 0.001081, 0.990210, 0.139583, 0.005549, -0.139586, 0.990194),
      ["LowerTorso"] = CFrame.new(0.060650, -0.190869, -0.180305, 0.975223, 0.217622, -0.039769, -0.118930, 0.667316, 0.735217, 0.186538, -0.712271, 0.676664),
      ["RightUpperArm"] = CFrame.new(-0.029044, -0.599611, -0.348103, 0.891094, 0.227382, 0.392745, 0.154019, 0.662532, -0.733028, -0.426883, 0.713687, 0.555358),
      ["RightUpperLeg"] = CFrame.new(0.375293, 0.292921, -0.809584, 0.874540, 0.013879, -0.484754, 0.239556, 0.856755, 0.456709, 0.421655, -0.515536, 0.745942),
      ["рҹҢ§пёҸрҹҳірҹ‘»рҹҸіпёҸвҖҚрҹҢҲрҹҳӮрҹ’һрҹҸҙвҖҚвҳ пёҸрҹҺёрҹҢ§пёҸрҹҳірҹ‘»рҹҸіпёҸвҖҚрҹҢҲрҹҳӮрҹ’һрҹҸҙвҖҚвҳ"] = CFrame.new(-0.000004, -0.000006, 0.000000, 0.955588, 0.285230, -0.074132, -0.293640, 0.942890, -0.157271, 0.025040, 0.172054, 0.984769)
    }},
    { Time = 0.117, Data = {
      ["Head"] = CFrame.new(-0.000000, 0.000002, 0.000001, 0.704313, -0.013584, -0.709760, -0.359175, 0.855581, -0.372793, 0.612321, 0.517491, 0.597718),
      ["LeftUpperArm"] = CFrame.new(-0.009865, -0.502091, -0.247467, 0.907085, -0.304882, -0.290249, -0.070491, 0.569760, -0.818782, 0.415004, 0.763165, 0.495329),
      ["LeftUpperLeg"] = CFrame.new(-0.228155, -0.025181, -0.840672, 0.999971, -0.000383, -0.007646, 0.001511, 0.988964, 0.148145, 0.007505, -0.148152, 0.988936),
      ["LowerTorso"] = CFrame.new(0.060632, -0.200345, -0.178678, 0.975218, 0.217640, -0.039790, -0.120197, 0.672155, 0.730589, 0.185750, -0.707701, 0.681657),
      ["RightUpperArm"] = CFrame.new(-0.028877, -0.596485, -0.347780, 0.890831, 0.225936, 0.394173, 0.153228, 0.667349, -0.728812, -0.427716, 0.709647, 0.559875),
      ["RightUpperLeg"] = CFrame.new(0.375629, 0.291990, -0.810112, 0.873868, 0.015106, -0.485929, 0.243616, 0.851366, 0.464572, 0.420721, -0.524355, 0.740301),
      ["рҹҢ§пёҸрҹҳірҹ‘»рҹҸіпёҸвҖҚрҹҢҲрҹҳӮрҹ’һрҹҸҙвҖҚвҳ пёҸрҹҺёрҹҢ§пёҸрҹҳірҹ‘»рҹҸіпёҸвҖҚрҹҢҲрҹҳӮрҹ’һрҹҸҙвҖҚвҳ"] = CFrame.new(-0.000004, -0.000006, 0.000000, 0.953362, 0.292595, -0.074084, -0.300899, 0.940601, -0.157258, 0.023670, 0.172216, 0.984775)
    }},
    { Time = 0.133, Data = {
      ["Head"] = CFrame.new(-0.000000, 0.000002, 0.000001, 0.703876, -0.014090, -0.710183, -0.356743, 0.857553, -0.370589, 0.614241, 0.514202, 0.598585),
      ["LeftUpperArm"] = CFrame.new(-0.009319, -0.502558, -0.250142, 0.906554, -0.305481, -0.291274, -0.069568, 0.572501, -0.816947, 0.416317, 0.760871, 0.497752),
      ["LeftUpperLeg"] = CFrame.new(-0.228165, -0.024948, -0.839611, 0.999952, -0.000433, -0.009819, 0.001976, 0.987481, 0.157724, 0.009628, -0.157736, 0.987434),
      ["LowerTorso"] = CFrame.new(0.060661, -0.210963, -0.176881, 0.975223, 0.217611, -0.039823, -0.121572, 0.677562, 0.725348, 0.184827, -0.702534, 0.687230),
      ["RightUpperArm"] = CFrame.new(-0.028695, -0.592992, -0.347416, 0.890531, 0.224289, 0.395790, 0.152380, 0.672693, -0.724061, -0.428644, 0.705109, 0.564876),
      ["RightUpperLeg"] = CFrame.new(0.376019, 0.290966, -0.810719, 0.873086, 0.016535, -0.487286, 0.248135, 0.845247, 0.473272, 0.419703, -0.534120, 0.733870),
      ["рҹҢ§пёҸрҹҳірҹ‘»рҹҸіпёҸвҖҚрҹҢҲрҹҳӮрҹ’һрҹҸҙвҖҚвҳ пёҸрҹҺёрҹҢ§пёҸрҹҳірҹ‘»рҹҸіпёҸвҖҚрҹҢҲрҹҳӮрҹ’һрҹҸҙвҖҚвҳ"] = CFrame.new(-0.000004, -0.000006, 0.000000, 0.951287, 0.299277, -0.074067, -0.307488, 0.938467, -0.157260, 0.022445, 0.172374, 0.984776)
    }},
    { Time = 0.150, Data = {
      ["Head"] = CFrame.new(-0.000000, 0.000003, 0.000001, 0.703419, -0.014692, -0.710624, -0.354532, 0.859282, -0.368702, 0.616043, 0.511291, 0.599226),
      ["LeftUpperArm"] = CFrame.new(-0.008721, -0.503087, -0.253078, 0.905975, -0.306146, -0.292376, -0.068545, 0.575456, -0.814955, 0.417745, 0.758370, 0.500364),
      ["LeftUpperLeg"] = CFrame.new(-0.228178, -0.024647, -0.838427, 0.999925, -0.000521, -0.012259, 0.002576, 0.985744, 0.168230, 0.011997, -0.168249, 0.985671),
      ["LowerTorso"] = CFrame.new(0.060656, -0.222566, -0.174944, 0.975222, 0.217616, -0.039825, -0.123122, 0.683439, 0.719550, 0.183803, -0.696817, 0.693298),
      ["RightUpperArm"] = CFrame.new(-0.028486, -0.589157, -0.347038, 0.890189, 0.222514, 0.397556, 0.151397, 0.678547, -0.718786, -0.429700, 0.700045, 0.570347),
      ["RightUpperLeg"] = CFrame.new(0.376429, 0.289827, -0.811308, 0.872266, 0.018023, -0.488700, 0.253126, 0.838398, 0.482717, 0.418425, -0.544760, 0.726744),
      ["рҹҢ§пёҸрҹҳірҹ‘»рҹҸіпёҸвҖҚрҹҢҲрҹҳӮрҹ’һрҹҸҙвҖҚвҳ пёҸрҹҺёрҹҢ§пёҸрҹҳірҹ‘»рҹҸіпёҸвҖҚрҹҢҲрҹҳӮрҹ’һрҹҸҙвҖҚвҳ"] = CFrame.new(-0.000004, -0.000006, 0.000000, 0.949404, 0.305196, -0.074074, -0.313328, 0.936530, -0.157280, 0.021371, 0.172532, 0.984772)
    }},
    { Time = 0.167, Data = {
      ["Head"] = CFrame.new(-0.000000, 0.000003, 0.000002, 0.703085, -0.015052, -0.710946, -0.352687, 0.860764, -0.367011, 0.617482, 0.508781, 0.599882),
      ["LeftUpperArm"] = CFrame.new(-0.008088, -0.503664, -0.256251, 0.905311, -0.306913, -0.293627, -0.067461, 0.578621, -0.812802, 0.419358, 0.755646, 0.503127),
      ["LeftUpperLeg"] = CFrame.new(-0.228196, -0.024366, -0.837157, 0.999889, -0.000474, -0.014864, 0.003136, 0.983739, 0.179574, 0.014537, -0.179601, 0.983632),
      ["LowerTorso"] = CFrame.new(0.060617, -0.235075, -0.172963, 0.975214, 0.217655, -0.039796, -0.124844, 0.689769, 0.713185, 0.182678, -0.690540, 0.699846),
      ["RightUpperArm"] = CFrame.new(-0.028256, -0.585047, -0.346629, 0.889847, 0.220615, 0.399377, 0.150284, 0.684759, -0.713106, -0.430798, 0.694575, 0.576175),
      ["RightUpperLeg"] = CFrame.new(0.376868, 0.288638, -0.811925, 0.871387, 0.019736, -0.490200, 0.258433, 0.830851, 0.492847, 0.417010, -0.556144, 0.718892),
      ["рҹҢ§пёҸрҹҳірҹ‘»рҹҸіпёҸвҖҚрҹҢҲрҹҳӮрҹ’һрҹҸҙвҖҚвҳ пёҸрҹҺёрҹҢ§пёҸрҹҳірҹ‘»рҹҸіпёҸвҖҚрҹҢҲрҹҳӮрҹ’һрҹҸҙвҖҚвҳ"] = CFrame.new(-0.000004, -0.000006, 0.000000, 0.947756, 0.310275, -0.074084, -0.318339, 0.934846, -0.157235, 0.020471, 0.172604, 0.984778)
    }},
    { Time = 0.183, Data = {
      ["Head"] = CFrame.new(-0.000000, 0.000003, 0.000002, 0.702798, -0.015449, -0.711222, -0.351016, 0.862053, -0.365584, 0.618759, 0.506582, 0.600426),
      ["LeftUpperArm"] = CFrame.new(-0.007391, -0.504270, -0.259625, 0.904644, -0.307633, -0.294927, -0.066310, 0.582007, -0.810476, 0.420978, 0.752748, 0.506110),
      ["LeftUpperLeg"] = CFrame.new(-0.228219, -0.024016, -0.835808, 0.999844, -0.000461, -0.017649, 0.003835, 0.981470, 0.191578, 0.017234, -0.191616, 0.981319),
      ["LowerTorso"] = CFrame.new(0.060661, -0.248243, -0.170833, 0.975222, 0.217611, -0.039850, -0.126522, 0.696371, 0.706441, 0.181480, -0.683895, 0.706649),
      ["RightUpperArm"] = CFrame.new(-0.028030, -0.580673, -0.346228, 0.889466, 0.218528, 0.401367, 0.149133, 0.691388, -0.706925, -0.431982, 0.688643, 0.582376),
      ["RightUpperLeg"] = CFrame.new(0.377343, 0.287362, -0.812549, 0.870436, 0.021557, -0.491809, 0.264097, 0.822658, 0.503474, 0.415445, -0.568127, 0.710378),
      ["рҹҢ§пёҸрҹҳірҹ‘»рҹҸіпёҸвҖҚрҹҢҲрҹҳӮрҹ’һрҹҸҙвҖҚвҳ пёҸрҹҺёрҹҢ§пёҸрҹҳірҹ‘»рҹҸіпёҸвҖҚрҹҢҲрҹҳӮрҹ’һрҹҸҙвҖҚвҳ"] = CFrame.new(-0.000004, -0.000006, 0.000000, 0.946356, 0.314510, -0.074124, -0.322525, 0.933400, -0.157294, 0.019717, 0.172763, 0.984766)
    }},
    { Time = 0.200, Data = {
      ["Head"] = CFrame.new(-0.000000, 0.000003, 0.000002, 0.702509, -0.015725, -0.711502, -0.349810, 0.863018, -0.364462, 0.619770, 0.504928, 0.600777),
      ["LeftUpperArm"] = CFrame.new(-0.006672, -0.504915, -0.263164, 0.903926, -0.308430, -0.296291, -0.065076, 0.585520, -0.808042, 0.422709, 0.749692, 0.509195),
      ["LeftUpperLeg"] = CFrame.new(-0.228247, -0.023638, -0.834379, 0.999788, -0.000390, -0.020606, 0.004590, 0.978928, 0.204153, 0.020092, -0.204204, 0.978722),
      ["LowerTorso"] = CFrame.new(0.060585, -0.262001, -0.168739, 0.975206, 0.217687, -0.039819, -0.128429, 0.703251, 0.699246, 0.180220, -0.676795, 0.713772),
      ["RightUpperArm"] = CFrame.new(-0.027810, -0.576119, -0.345805, 0.889088, 0.216275, 0.403419, 0.147970, 0.698217, -0.700426, -0.433159, 0.682435, 0.588775),
      ["RightUpperLeg"] = CFrame.new(0.377827, 0.286055, -0.813149, 0.869466, 0.023498, -0.493433, 0.269973, 0.813900, 0.514472, 0.413695, -0.580530, 0.701315),
      ["рҹҢ§пёҸрҹҳірҹ‘»рҹҸіпёҸвҖҚрҹҢҲрҹҳӮрҹ’һрҹҸҙвҖҚвҳ пёҸрҹҺёрҹҢ§пёҸрҹҳірҹ‘»рҹҸіпёҸвҖҚрҹҢҲрҹҳӮрҹ’һрҹҸҙвҖҚвҳ"] = CFrame.new(-0.000004, -0.000006, 0.000000, 0.945247, 0.317838, -0.074075, -0.325799, 0.932261, -0.157305, 0.019060, 0.172826, 0.984768)
    }},
    { Time = 0.217, Data = {
      ["Head"] = CFrame.new(-0.000000, 0.000003, 0.000002, 0.702379, -0.015981, -0.711623, -0.348882, 0.863695, -0.363747, 0.620439, 0.503761, 0.601066),
      ["LeftUpperArm"] = CFrame.new(-0.005925, -0.505599, -0.266821, 0.903170, -0.309245, -0.297745, -0.063855, 0.589092, -0.805539, 0.424508, 0.746551, 0.512304),
      ["LeftUpperLeg"] = CFrame.new(-0.228280, -0.023196, -0.832960, 0.999722, -0.000362, -0.023572, 0.005473, 0.976129, 0.217124, 0.022931, -0.217193, 0.975859),
      ["LowerTorso"] = CFrame.new(0.060621, -0.276181, -0.166632, 0.975215, 0.217652, -0.039782, -0.130313, 0.710313, 0.691718, 0.178811, -0.669390, 0.721071),
      ["RightUpperArm"] = CFrame.new(-0.027566, -0.571422, -0.345396, 0.888706, 0.214010, 0.405465, 0.146642, 0.705232, -0.693645, -0.434394, 0.675905, 0.595361),
      ["RightUpperLeg"] = CFrame.new(0.378337, 0.284734, -0.813760, 0.868446, 0.025648, -0.495121, 0.275987, 0.804614, 0.525763, 0.411866, -0.593244, 0.691685),
      ["рҹҢ§пёҸрҹҳірҹ‘»рҹҸіпёҸвҖҚрҹҢҲрҹҳӮрҹ’һрҹҸҙвҖҚвҳ пёҸрҹҺёрҹҢ§пёҸрҹҳірҹ‘»рҹҸіпёҸвҖҚрҹҢҲрҹҳӮрҹ’һрҹҸҙвҖҚвҳ"] = CFrame.new(-0.000004, -0.000006, 0.000000, 0.944432, 0.320244, -0.074106, -0.328176, 0.931438, -0.157239, 0.018670, 0.172822, 0.984776)
    }},
    { Time = 0.233, Data = {
      ["Head"] = CFrame.new(-0.000000, 0.000003, 0.000002, 0.702250, -0.016048, -0.711749, -0.348360, 0.864138, -0.363194, 0.620878, 0.502998, 0.601251),
      ["LeftUpperArm"] = CFrame.new(-0.005158, -0.506286, -0.270576, 0.902434, -0.310062, -0.299124, -0.062470, 0.592788, -0.802932, 0.426276, 0.743279, 0.515582),
      ["LeftUpperLeg"] = CFrame.new(-0.228320, -0.022766, -0.831457, 0.999643, -0.000183, -0.026700, 0.006332, 0.973075, 0.230402, 0.025939, -0.230489, 0.972729),
      ["LowerTorso"] = CFrame.new(0.060623, -0.290553, -0.164513, 0.975213, 0.217650, -0.039843, -0.132167, 0.717408, 0.684001, 0.177456, -0.661781, 0.728392),
      ["RightUpperArm"] = CFrame.new(-0.027336, -0.566647, -0.344981, 0.888325, 0.211617, 0.407549, 0.145345, 0.712299, -0.686662, -0.435607, 0.669215, 0.601995),
      ["RightUpperLeg"] = CFrame.new(0.378842, 0.283358, -0.814280, 0.867436, 0.027725, -0.496776, 0.282188, 0.794916, 0.537102, 0.409787, -0.606086, 0.681715),
      ["рҹҢ§пёҸрҹҳірҹ‘»рҹҸіпёҸвҖҚрҹҢҲрҹҳӮрҹ’һрҹҸҙвҖҚвҳ пёҸрҹҺёрҹҢ§пёҸрҹҳірҹ‘»рҹҸіпёҸвҖҚрҹҢҲрҹҳӮрҹ’һрҹҸҙвҖҚвҳ"] = CFrame.new(-0.000004, -0.000006, 0.000000, 0.943926, 0.321739, -0.074075, -0.329646, 0.930909, -0.157294, 0.018350, 0.172892, 0.984770)
    }},
    { Time = 0.250, Data = {
      ["Head"] = CFrame.new(-0.000000, 0.000003, 0.000002, 0.702218, -0.016121, -0.711780, -0.348135, 0.864297, -0.363033, 0.621041, 0.502724, 0.601312),
      ["LeftUpperArm"] = CFrame.new(-0.004383, -0.506977, -0.274386, 0.901658, -0.310896, -0.300593, -0.061097, 0.596541, -0.800254, 0.428111, 0.739921, 0.518881),
      ["LeftUpperLeg"] = CFrame.new(-0.228363, -0.022320, -0.830001, 0.999558, 0.000027, -0.029741, 0.007223, 0.969837, 0.243647, 0.028850, -0.243754, 0.969408),
      ["LowerTorso"] = CFrame.new(0.060653, -0.305033, -0.162473, 0.975220, 0.217620, -0.039842, -0.134057, 0.724529, 0.676082, 0.175996, -0.653987, 0.735749),
      ["RightUpperArm"] = CFrame.new(-0.027110, -0.561828, -0.344590, 0.887944, 0.209174, 0.409637, 0.144002, 0.719409, -0.679496, -0.436829, 0.662342, 0.608673),
      ["RightUpperLeg"] = CFrame.new(0.379351, 0.281985, -0.814762, 0.866417, 0.029896, -0.498425, 0.288422, 0.784872, 0.548443, 0.407596, -0.618937, 0.671404),
      ["рҹҢ§пёҸрҹҳірҹ‘»рҹҸіпёҸвҖҚрҹҢҲрҹҳӮрҹ’һрҹҸҙвҖҚвҳ пёҸрҹҺёрҹҢ§пёҸрҹҳірҹ‘»рҹҸіпёҸвҖҚрҹҢҲрҹҳӮрҹ’һрҹҸҙвҖҚвҳ"] = CFrame.new(-0.000004, -0.000006, 0.000000, 0.943755, 0.322233, -0.074117, -0.330140, 0.930738, -0.157274, 0.018304, 0.172897, 0.984770)
    }},
    { Time = 0.267, Data = {
      ["Head"] = CFrame.new(-0.000000, 0.000003, 0.000002, 0.702250, -0.016048, -0.711749, -0.348360, 0.864138, -0.363194, 0.620878, 0.502998, 0.601251),
      ["LeftUpperArm"] = CFrame.new(-0.003592, -0.507691, -0.278179, 0.900892, -0.311665, -0.302090, -0.059812, 0.600209, -0.797604, 0.429902, 0.736624, 0.522082),
      ["LeftUpperLeg"] = CFrame.new(-0.228412, -0.021805, -0.828514, 0.999459, 0.000207, -0.032876, 0.008252, 0.966393, 0.256937, 0.031824, -0.257069, 0.965869),
      ["LowerTorso"] = CFrame.new(0.060597, -0.319395, -0.160501, 0.975209, 0.217676, -0.039810, -0.136012, 0.731533, 0.668102, 0.174552, -0.646124, 0.743004),
      ["RightUpperArm"] = CFrame.new(-0.026887, -0.557032, -0.344214, 0.887561, 0.206719, 0.411708, 0.142653, 0.726430, -0.672272, -0.438048, 0.655414, 0.615261),
      ["RightUpperLeg"] = CFrame.new(0.379858, 0.280664, -0.815223, 0.865402, 0.032166, -0.500045, 0.294551, 0.774656, 0.559596, 0.405363, -0.631564, 0.660914),
      ["рҹҢ§пёҸрҹҳірҹ‘»рҹҸіпёҸвҖҚрҹҢҲрҹҳӮрҹ’һрҹҸҙвҖҚвҳ пёҸрҹҺёрҹҢ§пёҸрҹҳірҹ‘»рҹҸіпёҸвҖҚрҹҢҲрҹҳӮрҹ’һрҹҸҙвҖҚвҳ"] = CFrame.new(-0.000004, -0.000006, 0.000000, 0.943926, 0.321739, -0.074075, -0.329646, 0.930909, -0.157294, 0.018350, 0.172892, 0.984770)
    }},
    { Time = 0.283, Data = {
      ["Head"] = CFrame.new(-0.000000, 0.000003, 0.000002, 0.702379, -0.015981, -0.711623, -0.348882, 0.863695, -0.363747, 0.620439, 0.503761, 0.601066),
      ["LeftUpperArm"] = CFrame.new(-0.002830, -0.508394, -0.281951, 0.900110, -0.312503, -0.303552, -0.058446, 0.603845, -0.794956, 0.431724, 0.733290, 0.525262),
      ["LeftUpperLeg"] = CFrame.new(-0.228464, -0.021319, -0.827071, 0.999355, 0.000500, -0.035913, 0.009221, 0.962810, 0.270022, 0.034712, -0.270179, 0.962184),
      ["LowerTorso"] = CFrame.new(0.060614, -0.333593, -0.158689, 0.975213, 0.217660, -0.039807, -0.137874, 0.738453, 0.660059, 0.173064, -0.638210, 0.750158),
      ["RightUpperArm"] = CFrame.new(-0.026656, -0.552293, -0.343881, 0.887173, 0.204329, 0.413731, 0.141223, 0.733358, -0.665013, -0.439294, 0.648410, 0.621760),
      ["RightUpperLeg"] = CFrame.new(0.380347, 0.279370, -0.815609, 0.864422, 0.034381, -0.501590, 0.300589, 0.764376, 0.570417, 0.403015, -0.643853, 0.650409),
      ["рҹҢ§пёҸрҹҳірҹ‘»рҹҸіпёҸвҖҚрҹҢҲрҹҳӮрҹ’һрҹҸҙвҖҚвҳ пёҸрҹҺёрҹҢ§пёҸрҹҳірҹ‘»рҹҸіпёҸвҖҚрҹҢҲрҹҳӮрҹ’һрҹҸҙвҖҚвҳ"] = CFrame.new(-0.000004, -0.000006, 0.000000, 0.944432, 0.320244, -0.074106, -0.328176, 0.931438, -0.157239, 0.018670, 0.172822, 0.984776)
    }},
    { Time = 0.300, Data = {
      ["Head"] = CFrame.new(0.000000, 0.000003, 0.000002, 0.702509, -0.015725, -0.711502, -0.349810, 0.863018, -0.364462, 0.619770, 0.504928, 0.600777),
      ["LeftUpperArm"] = CFrame.new(-0.002072, -0.509083, -0.285642, 0.899337, -0.313275, -0.305042, -0.057168, 0.607398, -0.792338, 0.433502, 0.730018, 0.528347),
      ["LeftUpperLeg"] = CFrame.new(-0.228522, -0.020774, -0.825638, 0.999241, 0.000743, -0.038959, 0.010310, 0.959144, 0.282730, 0.037577, -0.282917, 0.958408),
      ["LowerTorso"] = CFrame.new(0.060616, -0.347292, -0.156872, 0.975215, 0.217657, -0.039762, -0.139690, 0.745035, 0.652234, 0.171588, -0.630514, 0.756974),
      ["RightUpperArm"] = CFrame.new(-0.026452, -0.547691, -0.343554, 0.886788, 0.201911, 0.415739, 0.139929, 0.740015, -0.657874, -0.440485, 0.641569, 0.627983),
      ["RightUpperLeg"] = CFrame.new(0.380820, 0.278095, -0.815913, 0.863476, 0.036513, -0.503066, 0.306514, 0.754104, 0.580842, 0.400572, -0.655740, 0.639959),
      ["рҹҢ§пёҸрҹҳірҹ‘»рҹҸіпёҸвҖҚрҹҢҲрҹҳӮрҹ’һрҹҸҙвҖҚвҳ пёҸрҹҺёрҹҢ§пёҸрҹҳірҹ‘»рҹҸіпёҸвҖҚрҹҢҲрҹҳӮрҹ’һрҹҸҙвҖҚвҳ"] = CFrame.new(-0.000004, -0.000006, 0.000000, 0.945247, 0.317838, -0.074075, -0.325799, 0.932261, -0.157305, 0.019060, 0.172826, 0.984768)
    }},
    { Time = 0.317, Data = {
      ["Head"] = CFrame.new(-0.000000, 0.000003, 0.000002, 0.702798, -0.015449, -0.711222, -0.351016, 0.862053, -0.365584, 0.618759, 0.506582, 0.600426),
      ["LeftUpperArm"] = CFrame.new(-0.001330, -0.509742, -0.289219, 0.898635, -0.313986, -0.306379, -0.055827, 0.610858, -0.789770, 0.435131, 0.726819, 0.531409),
      ["LeftUpperLeg"] = CFrame.new(-0.228580, -0.020270, -0.824290, 0.999125, 0.001077, -0.041820, 0.011317, 0.955435, 0.294985, 0.040274, -0.295200, 0.954586),
      ["LowerTorso"] = CFrame.new(0.060659, -0.360558, -0.155289, 0.975223, 0.217614, -0.039807, -0.141368, 0.751422, 0.644500, 0.170164, -0.622903, 0.763568),
      ["RightUpperArm"] = CFrame.new(-0.026246, -0.543270, -0.343244, 0.886440, 0.199608, 0.417590, 0.138605, 0.746338, -0.650974, -0.441603, 0.634929, 0.633917),
      ["RightUpperLeg"] = CFrame.new(0.381283, 0.276902, -0.816203, 0.862549, 0.038696, -0.504491, 0.312159, 0.744000, 0.590780, 0.398202, -0.667058, 0.629657),
      ["рҹҢ§пёҸрҹҳірҹ‘»рҹҸіпёҸвҖҚрҹҢҲрҹҳӮрҹ’һрҹҸҙвҖҚвҳ пёҸрҹҺёрҹҢ§пёҸрҹҳірҹ‘»рҹҸіпёҸвҖҚрҹҢҲрҹҳӮрҹ’һрҹҸҙвҖҚвҳ"] = CFrame.new(-0.000004, -0.000006, 0.000000, 0.946356, 0.314510, -0.074124, -0.322525, 0.933400, -0.157294, 0.019717, 0.172763, 0.984766)
    }},
    { Time = 0.333, Data = {
      ["Head"] = CFrame.new(-0.000000, 0.000003, 0.000001, 0.703085, -0.015052, -0.710946, -0.352687, 0.860764, -0.367011, 0.617482, 0.508781, 0.599882),
      ["LeftUpperArm"] = CFrame.new(-0.000631, -0.510389, -0.292629, 0.897905, -0.314699, -0.307783, -0.054659, 0.614087, -0.787343, 0.436782, 0.723783, 0.534191),
      ["LeftUpperLeg"] = CFrame.new(-0.228640, -0.019761, -0.822989, 0.999004, 0.001421, -0.044593, 0.012333, 0.951753, 0.306618, 0.042877, -0.306863, 0.950787),
      ["LowerTorso"] = CFrame.new(0.060686, -0.373074, -0.153754, 0.975229, 0.217588, -0.039789, -0.142986, 0.757373, 0.637136, 0.168768, -0.615664, 0.769724),
      ["RightUpperArm"] = CFrame.new(-0.026066, -0.539060, -0.342969, 0.886131, 0.197346, 0.419316, 0.137331, 0.752342, -0.644300, -0.442619, 0.628519, 0.639572),
      ["RightUpperLeg"] = CFrame.new(0.381721, 0.275759, -0.816422, 0.861672, 0.040794, -0.505823, 0.317557, 0.734136, 0.600167, 0.395826, -0.677775, 0.619631),
      ["рҹҢ§пёҸрҹҳірҹ‘»рҹҸіпёҸвҖҚрҹҢҲрҹҳӮрҹ’һрҹҸҙвҖҚвҳ пёҸрҹҺёрҹҢ§пёҸрҹҳірҹ‘»рҹҸіпёҸвҖҚрҹҢҲрҹҳӮрҹ’һрҹҸҙвҖҚвҳ"] = CFrame.new(-0.000004, -0.000006, 0.000000, 0.947756, 0.310275, -0.074084, -0.318339, 0.934846, -0.157235, 0.020471, 0.172604, 0.984778)
    }},
    { Time = 0.350, Data = {
      ["Head"] = CFrame.new(-0.000000, 0.000003, 0.000001, 0.703419, -0.014692, -0.710624, -0.354532, 0.859282, -0.368702, 0.616043, 0.511291, 0.599226),
      ["LeftUpperArm"] = CFrame.new(0.000028, -0.510993, -0.295850, 0.897247, -0.315366, -0.309017, -0.053450, 0.617152, -0.785026, 0.438281, 0.720879, 0.536882),
      ["LeftUpperLeg"] = CFrame.new(-0.228700, -0.019301, -0.821769, 0.998885, 0.001840, -0.047179, 0.013253, 0.948147, 0.317555, 0.045317, -0.317826, 0.947066),
      ["LowerTorso"] = CFrame.new(0.060670, -0.384838, -0.152434, 0.975225, 0.217604, -0.039801, -0.144525, 0.762957, 0.630087, 0.167476, -0.608724, 0.775504),
      ["RightUpperArm"] = CFrame.new(-0.025907, -0.535102, -0.342731, 0.885822, 0.195176, 0.420982, 0.136160, 0.757973, -0.637917, -0.443599, 0.622401, 0.644854),
      ["RightUpperLeg"] = CFrame.new(0.382105, 0.274740, -0.816572, 0.860902, 0.042746, -0.506972, 0.322525, 0.724802, 0.608801, 0.393478, -0.687630, 0.610197),
      ["рҹҢ§пёҸрҹҳірҹ‘»рҹҸіпёҸвҖҚрҹҢҲрҹҳӮрҹ’һрҹҸҙвҖҚвҳ пёҸрҹҺёрҹҢ§пёҸрҹҳірҹ‘»рҹҸіпёҸвҖҚрҹҢҲрҹҳӮрҹ’һрҹҸҙвҖҚвҳ"] = CFrame.new(-0.000004, -0.000006, 0.000000, 0.949404, 0.305196, -0.074074, -0.313328, 0.936530, -0.157280, 0.021371, 0.172532, 0.984772)
    }},
    { Time = 0.367, Data = {
      ["Head"] = CFrame.new(-0.000000, 0.000002, 0.000001, 0.703876, -0.014090, -0.710183, -0.356743, 0.857553, -0.370589, 0.614241, 0.514202, 0.598585),
      ["LeftUpperArm"] = CFrame.new(0.000643, -0.511551, -0.298839, 0.896637, -0.315965, -0.310175, -0.052337, 0.619993, -0.782860, 0.439663, 0.718174, 0.539372),
      ["LeftUpperLeg"] = CFrame.new(-0.228760, -0.018809, -0.820643, 0.998766, 0.002153, -0.049607, 0.014236, 0.944699, 0.327630, 0.047570, -0.327932, 0.943503),
      ["LowerTorso"] = CFrame.new(0.060607, -0.395625, -0.151201, 0.975211, 0.217667, -0.039813, -0.145964, 0.768017, 0.623573, 0.166309, -0.602304, 0.780750),
      ["RightUpperArm"] = CFrame.new(-0.025754, -0.531454, -0.342519, 0.885551, 0.193187, 0.422468, 0.135024, 0.763121, -0.631992, -0.444487, 0.616705, 0.649698),
      ["RightUpperLeg"] = CFrame.new(0.382479, 0.273789, -0.816709, 0.860154, 0.044635, -0.508077, 0.327141, 0.715971, 0.616737, 0.391296, -0.696702, 0.601243),
      ["рҹҢ§пёҸрҹҳірҹ‘»рҹҸіпёҸвҖҚрҹҢҲрҹҳӮрҹ’һрҹҸҙвҖҚвҳ пёҸрҹҺёрҹҢ§пёҸрҹҳірҹ‘»рҹҸіпёҸвҖҚрҹҢҲрҹҳӮрҹ’һрҹҸҙвҖҚвҳ"] = CFrame.new(-0.000004, -0.000006, 0.000000, 0.951287, 0.299277, -0.074067, -0.307488, 0.938467, -0.157260, 0.022445, 0.172374, 0.984776)
    }},
    { Time = 0.383, Data = {
      ["Head"] = CFrame.new(-0.000000, 0.000002, 0.000001, 0.704313, -0.013584, -0.709760, -0.359175, 0.855581, -0.372793, 0.612321, 0.517491, 0.597718),
      ["LeftUpperArm"] = CFrame.new(0.001203, -0.512070, -0.301554, 0.896074, -0.316512, -0.311241, -0.051344, 0.622539, -0.780902, 0.440924, 0.715727, 0.541591),
      ["LeftUpperLeg"] = CFrame.new(-0.228815, -0.018381, -0.819638, 0.998656, 0.002509, -0.051765, 0.015092, 0.941465, 0.336772, 0.049580, -0.337100, 0.940162),
      ["LowerTorso"] = CFrame.new(0.060607, -0.405460, -0.150182, 0.975212, 0.217667, -0.039784, -0.147261, 0.772642, 0.617525, 0.165154, -0.596360, 0.785544),
      ["RightUpperArm"] = CFrame.new(-0.025621, -0.528149, -0.342326, 0.885278, 0.191353, 0.423870, 0.134056, 0.767745, -0.626576, -0.445321, 0.611516, 0.654016),
      ["RightUpperLeg"] = CFrame.new(0.382819, 0.272933, -0.816813, 0.859473, 0.046349, -0.509075, 0.331322, 0.707867, 0.623820, 0.389271, -0.704824, 0.593036),
      ["рҹҢ§пёҸрҹҳірҹ‘»рҹҸіпёҸвҖҚрҹҢҲрҹҳӮрҹ’һрҹҸҙвҖҚвҳ пёҸрҹҺёрҹҢ§пёҸрҹҳірҹ‘»рҹҸіпёҸвҖҚрҹҢҲрҹҳӮрҹ’һрҹҸҙвҖҚвҳ"] = CFrame.new(-0.000004, -0.000006, 0.000000, 0.953362, 0.292595, -0.074084, -0.300899, 0.940601, -0.157258, 0.023670, 0.172216, 0.984775)
    }},
    { Time = 0.400, Data = {
      ["Head"] = CFrame.new(-0.000000, 0.000002, 0.000001, 0.704823, -0.012902, -0.709266, -0.361880, 0.853414, -0.375137, 0.610137, 0.521075, 0.596837),
      ["LeftUpperArm"] = CFrame.new(0.001708, -0.512534, -0.303970, 0.895598, -0.316972, -0.312143, -0.050432, 0.624794, -0.779159, 0.441996, 0.713555, 0.543579),
      ["LeftUpperLeg"] = CFrame.new(-0.228866, -0.017979, -0.818760, 0.998555, 0.002811, -0.053666, 0.015894, 0.938504, 0.344903, 0.051336, -0.345258, 0.937103),
      ["LowerTorso"] = CFrame.new(0.060612, -0.414135, -0.149251, 0.975211, 0.217662, -0.039844, -0.148339, 0.776680, 0.612179, 0.164194, -0.591093, 0.789715),
      ["RightUpperArm"] = CFrame.new(-0.025502, -0.525210, -0.342172, 0.885044, 0.189724, 0.425090, 0.133146, 0.771854, -0.621703, -0.446059, 0.606833, 0.657864),
      ["RightUpperLeg"] = CFrame.new(0.383104, 0.272184, -0.816851, 0.858903, 0.047821, -0.509900, 0.335018, 0.700591, 0.630028, 0.387360, -0.711959, 0.585719),
      ["рҹҢ§пёҸрҹҳірҹ‘»рҹҸіпёҸвҖҚрҹҢҲрҹҳӮрҹ’һрҹҸҙвҖҚвҳ пёҸрҹҺёрҹҢ§пёҸрҹҳірҹ‘»рҹҸіпёҸвҖҚрҹҢҲрҹҳӮрҹ’һрҹҸҙвҖҚвҳ"] = CFrame.new(-0.000004, -0.000006, 0.000000, 0.955588, 0.285230, -0.074132, -0.293640, 0.942890, -0.157271, 0.025040, 0.172054, 0.984769)
    }},
    { Time = 0.417, Data = {
      ["Head"] = CFrame.new(-0.000000, 0.000002, 0.000001, 0.705375, -0.012254, -0.708728, -0.364754, 0.851037, -0.377744, 0.607783, 0.524963, 0.595830),
      ["LeftUpperArm"] = CFrame.new(0.002142, -0.512933, -0.306068, 0.895171, -0.317382, -0.312951, -0.049642, 0.626760, -0.777630, 0.442950, 0.711647, 0.545302),
      ["LeftUpperLeg"] = CFrame.new(-0.228911, -0.017651, -0.818000, 0.998465, 0.003135, -0.055298, 0.016549, 0.935903, 0.351869, 0.052857, -0.352244, 0.934414),
      ["LowerTorso"] = CFrame.new(0.060596, -0.421598, -0.148454, 0.975209, 0.217678, -0.039804, -0.149337, 0.780130, 0.607532, 0.163298, -0.586527, 0.793297),
      ["RightUpperArm"] = CFrame.new(-0.025392, -0.522684, -0.342035, 0.884848, 0.188343, 0.426111, 0.132338, 0.775346, -0.617516, -0.446688, 0.602798, 0.661138),
      ["RightUpperLeg"] = CFrame.new(0.383369, 0.271536, -0.816908, 0.858373, 0.049189, -0.510663, 0.338217, 0.694194, 0.635377, 0.385752, -0.718106, 0.579240),
      ["рҹҢ§пёҸрҹҳірҹ‘»рҹҸіпёҸвҖҚрҹҢҲрҹҳӮрҹ’һрҹҸҙвҖҚвҳ пёҸрҹҺёрҹҢ§пёҸрҹҳірҹ‘»рҹҸіпёҸвҖҚрҹҢҲрҹҳӮрҹ’һрҹҸҙвҖҚвҳ"] = CFrame.new(-0.000004, -0.000006, 0.000000, 0.957928, 0.277268, -0.074133, -0.285785, 0.945294, -0.157309, 0.026461, 0.171877, 0.984763)
    }},
    { Time = 0.433, Data = {
      ["Head"] = CFrame.new(0.000000, 0.000002, 0.000001, 0.705950, -0.011497, -0.708168, -0.367813, 0.848518, -0.380436, 0.605267, 0.529042, 0.594783),
      ["LeftUpperArm"] = CFrame.new(0.002515, -0.513269, -0.307810, 0.894806, -0.317682, -0.313687, -0.049070, 0.628380, -0.776357, 0.443750, 0.710082, 0.546690),
      ["LeftUpperLeg"] = CFrame.new(-0.228952, -0.017350, -0.817321, 0.998382, 0.003405, -0.056761, 0.017150, 0.933689, 0.357674, 0.054215, -0.358069, 0.932120),
      ["LowerTorso"] = CFrame.new(0.060614, -0.427836, -0.147844, 0.975214, 0.217660, -0.039773, -0.150148, 0.783023, 0.603598, 0.162522, -0.582665, 0.796296),
      ["RightUpperArm"] = CFrame.new(-0.025321, -0.520567, -0.341936, 0.884693, 0.187112, 0.426974, 0.131690, 0.778295, -0.613934, -0.447186, 0.599372, 0.663911),
      ["RightUpperLeg"] = CFrame.new(0.383577, 0.270988, -0.816907, 0.857956, 0.050252, -0.511259, 0.340898, 0.688823, 0.639774, 0.384317, -0.723186, 0.573849),
      ["рҹҢ§пёҸрҹҳірҹ‘»рҹҸіпёҸвҖҚрҹҢҲрҹҳӮрҹ’һрҹҸҙвҖҚвҳ пёҸрҹҺёрҹҢ§пёҸрҹҳірҹ‘»рҹҸіпёҸвҖҚрҹҢҲрҹҳӮрҹ’һрҹҸҙвҖҚвҳ"] = CFrame.new(-0.000004, -0.000006, 0.000000, 0.960321, 0.268878, -0.074089, -0.277497, 0.947765, -0.157281, 0.027930, 0.171600, 0.984771)
    }},
    { Time = 0.450, Data = {
      ["Head"] = CFrame.new(0.000000, 0.000002, 0.000001, 0.706565, -0.010739, -0.707567, -0.371007, 0.845826, -0.383318, 0.602595, 0.533351, 0.593646),
      ["LeftUpperArm"] = CFrame.new(0.002791, -0.513543, -0.309188, 0.894516, -0.317989, -0.314204, -0.048530, 0.629631, -0.775377, 0.444394, 0.708836, 0.547783),
      ["LeftUpperLeg"] = CFrame.new(-0.228982, -0.017103, -0.816849, 0.998322, 0.003567, -0.057801, 0.017644, 0.931916, 0.362245, 0.055158, -0.362657, 0.930289),
      ["LowerTorso"] = CFrame.new(0.060636, -0.432718, -0.147331, 0.975217, 0.217638, -0.039811, -0.150731, 0.785264, 0.600533, 0.161961, -0.579650, 0.798608),
      ["RightUpperArm"] = CFrame.new(-0.025241, -0.518905, -0.341862, 0.884574, 0.186231, 0.427605, 0.131088, 0.780591, -0.611142, -0.447598, 0.596654, 0.666078),
      ["RightUpperLeg"] = CFrame.new(0.383736, 0.270601, -0.816926, 0.857639, 0.051164, -0.511701, 0.342924, 0.684604, 0.643211, 0.383222, -0.727117, 0.569598),
      ["рҹҢ§пёҸрҹҳірҹ‘»рҹҸіпёҸвҖҚрҹҢҲрҹҳӮрҹ’һрҹҸҙвҖҚвҳ пёҸрҹҺёрҹҢ§пёҸрҹҳірҹ‘»рҹҸіпёҸвҖҚрҹҢҲрҹҳӮрҹ’һрҹҸҙвҖҚвҳ"] = CFrame.new(-0.000004, -0.000006, 0.000000, 0.962772, 0.259962, -0.074092, -0.268697, 0.950300, -0.157263, 0.029527, 0.171317, 0.984773)
    }},
    { Time = 0.467, Data = {
      ["Head"] = CFrame.new(-0.000000, 0.000002, 0.000001, 0.707154, -0.009937, -0.706990, -0.374295, 0.843047, -0.386232, 0.599864, 0.537748, 0.592444),
      ["LeftUpperArm"] = CFrame.new(0.003005, -0.513738, -0.310178, 0.894327, -0.318152, -0.314577, -0.048173, 0.630541, -0.774660, 0.444813, 0.707953, 0.548583),
      ["LeftUpperLeg"] = CFrame.new(-0.229008, -0.016930, -0.816450, 0.998271, 0.003747, -0.058658, 0.017989, 0.930603, 0.365587, 0.055957, -0.366010, 0.928927),
      ["LowerTorso"] = CFrame.new(0.060611, -0.436262, -0.147015, 0.975211, 0.217664, -0.039822, -0.151204, 0.786901, 0.598268, 0.161557, -0.577416, 0.800306),
      ["RightUpperArm"] = CFrame.new(-0.025191, -0.517720, -0.341790, 0.884497, 0.185564, 0.428055, 0.130710, 0.782192, -0.609172, -0.447862, 0.594762, 0.667592),
      ["RightUpperLeg"] = CFrame.new(0.383858, 0.270282, -0.816918, 0.857393, 0.051795, -0.512050, 0.344465, 0.681465, 0.645716, 0.382389, -0.730016, 0.566441),
      ["рҹҢ§пёҸрҹҳірҹ‘»рҹҸіпёҸвҖҚрҹҢҲрҹҳӮрҹ’һрҹҸҙвҖҚвҳ пёҸрҹҺёрҹҢ§пёҸрҹҳірҹ‘»рҹҸіпёҸвҖҚрҹҢҲрҹҳӮрҹ’һрҹҸҙвҖҚвҳ"] = CFrame.new(-0.000004, -0.000006, 0.000000, 0.965206, 0.250778, -0.074076, -0.259629, 0.952818, -0.157258, 0.031144, 0.171019, 0.984775)
    }},
    { Time = 0.483, Data = {
      ["Head"] = CFrame.new(-0.000000, 0.000002, 0.000001, 0.707798, -0.009141, -0.706356, -0.377584, 0.840198, -0.389228, 0.597036, 0.542203, 0.591239),
      ["LeftUpperArm"] = CFrame.new(0.003126, -0.513854, -0.310783, 0.894188, -0.318283, -0.314840, -0.047962, 0.631098, -0.774219, 0.445115, 0.707398, 0.549055),
      ["LeftUpperLeg"] = CFrame.new(-0.229021, -0.016818, -0.816256, 0.998245, 0.003805, -0.059093, 0.018213, 0.929829, 0.367541, 0.056345, -0.367973, 0.928128),
      ["LowerTorso"] = CFrame.new(0.060616, -0.438364, -0.146769, 0.975213, 0.217659, -0.039811, -0.151472, 0.787851, 0.596948, 0.161296, -0.576121, 0.801291),
      ["RightUpperArm"] = CFrame.new(-0.025178, -0.516987, -0.341764, 0.884419, 0.185098, 0.428417, 0.130544, 0.783221, -0.607884, -0.448063, 0.593552, 0.668532),
      ["RightUpperLeg"] = CFrame.new(0.383909, 0.270136, -0.816900, 0.857292, 0.052207, -0.512177, 0.345304, 0.679585, 0.647247, 0.381859, -0.731737, 0.564575),
      ["рҹҢ§пёҸрҹҳірҹ‘»рҹҸіпёҸвҖҚрҹҢҲрҹҳӮрҹ’һрҹҸҙвҖҚвҳ пёҸрҹҺёрҹҢ§пёҸрҹҳірҹ‘»рҹҸіпёҸвҖҚрҹҢҲрҹҳӮрҹ’һрҹҸҙвҖҚвҳ"] = CFrame.new(-0.000004, -0.000006, 0.000000, 0.967611, 0.241318, -0.074126, -0.250297, 0.955312, -0.157255, 0.032865, 0.170716, 0.984772)
    }},
    { Time = 0.500, Data = {
      ["Head"] = CFrame.new(0.000000, 0.000001, 0.000001, 0.708480, -0.008274, -0.705683, -0.380946, 0.837258, -0.392273, 0.594084, 0.546745, 0.590029),
      ["LeftUpperArm"] = CFrame.new(0.003162, -0.513888, -0.310992, 0.894137, -0.318346, -0.314920, -0.047860, 0.631303, -0.774058, 0.445228, 0.707186, 0.549236),
      ["LeftUpperLeg"] = CFrame.new(-0.229026, -0.016792, -0.816174, 0.998235, 0.003858, -0.059261, 0.018266, 0.929570, 0.368193, 0.056508, -0.368626, 0.927859),
      ["LowerTorso"] = CFrame.new(0.060655, -0.439125, -0.146753, 0.975222, 0.217620, -0.039799, -0.151551, 0.788226, 0.596433, 0.161166, -0.575623, 0.801676),
      ["RightUpperArm"] = CFrame.new(-0.025164, -0.516743, -0.341757, 0.884419, 0.184976, 0.428470, 0.130417, 0.783561, -0.607473, -0.448100, 0.593140, 0.668873),
      ["RightUpperLeg"] = CFrame.new(0.383945, 0.270061, -0.816914, 0.857219, 0.052293, -0.512290, 0.345636, 0.679015, 0.647668, 0.381722, -0.732259, 0.563990),
      ["рҹҢ§пёҸрҹҳірҹ‘»рҹҸіпёҸвҖҚрҹҢҲрҹҳӮрҹ’һрҹҸҙвҖҚвҳ пёҸрҹҺёрҹҢ§пёҸрҹҳірҹ‘»рҹҸіпёҸвҖҚрҹҢҲрҹҳӮрҹ’һрҹҸҙвҖҚвҳ"] = CFrame.new(-0.000004, -0.000006, 0.000000, 0.969947, 0.231763, -0.074087, -0.240857, 0.957734, -0.157270, 0.034506, 0.170388, 0.984773)
    }},
    { Time = 0.517, Data = {
      ["Head"] = CFrame.new(0.000000, 0.000001, 0.000001, 0.709089, -0.007431, -0.705080, -0.384317, 0.834292, -0.395295, 0.591180, 0.551273, 0.588731),
      ["LeftUpperArm"] = CFrame.new(0.003126, -0.513854, -0.310783, 0.894188, -0.318283, -0.314840, -0.047962, 0.631098, -0.774219, 0.445115, 0.707398, 0.549055),
      ["LeftUpperLeg"] = CFrame.new(-0.229021, -0.016818, -0.816256, 0.998245, 0.003805, -0.059093, 0.018213, 0.929829, 0.367541, 0.056345, -0.367973, 0.928128),
      ["LowerTorso"] = CFrame.new(0.060616, -0.438364, -0.146769, 0.975213, 0.217659, -0.039811, -0.151472, 0.787851, 0.596948, 0.161296, -0.576121, 0.801291),
      ["RightUpperArm"] = CFrame.new(-0.025178, -0.516987, -0.341764, 0.884419, 0.185098, 0.428417, 0.130544, 0.783221, -0.607884, -0.448063, 0.593552, 0.668532),
      ["RightUpperLeg"] = CFrame.new(0.383909, 0.270136, -0.816900, 0.857292, 0.052207, -0.512177, 0.345304, 0.679585, 0.647247, 0.381859, -0.731737, 0.564575),
