return {
  ["Astros bouncing 3"] = {
    { Time = 0.000, Data = {
      ["Balls"] = CFrame.new(0.008362, -0.079561, -0.000002, 0.992540, -0.121918, 0.000000, 0.121918, 0.992540, 0.000000, 0.000000, 0.000000, 1.000000),
      ["Cock"] = CFrame.new(0.008864, -0.079772, -0.000002, 0.992540, -0.121918, 0.000000, 0.121918, 0.992540, 0.000000, 0.000000, 0.000000, 1.000000),
      ["Head"] = CFrame.new(0.000000, 0.096032, -0.057939, 1.000000, -0.000000, 0.000000, 0.000000, 0.500736, 0.865600, -0.000000, -0.865600, 0.500736),
      ["LeftUpperArm"] = CFrame.new(-0.077238, -0.113481, 0.041967, 0.927784, -0.333349, -0.167617, 0.248842, 0.887547, -0.387734, 0.278019, 0.318023, 0.906403),
      ["LeftUpperLeg"] = CFrame.new(-0.001815, -0.042561, 0.000000, 0.996370, 0.085122, 0.000000, -0.085122, 0.996370, -0.000000, -0.000000, 0.000000, 1.000000),
      ["LowerTorso"] = CFrame.new(0.000000, -1.917386, -0.951486, 1.000000, 0.000000, 0.000000, 0.000000, 0.016655, -0.999861, 0.000000, 0.999861, 0.016655),
      ["RightUpperArm"] = CFrame.new(0.044867, -0.284131, -0.003182, 0.657459, 0.723413, -0.210763, 0.657870, -0.687487, -0.307521, -0.367361, 0.063528, -0.927907),
      ["RightUpperLeg"] = CFrame.new(0.002213, -0.046993, 0.000000, 0.995573, -0.093987, 0.000000, 0.093987, 0.995573, 0.000000, 0.000000, 0.000000, 1.000000),
      ["Tip"] = CFrame.new(-0.020006, 0.007928, -0.025500, 1.000000, 0.000000, 0.000000, 0.000000, 0.999389, -0.034955, 0.000000, 0.034955, 0.999389),
      ["cuumer"] = CFrame.new(-0.000095, -0.018640, -0.000166, 0.999996, -0.002677, 0.000065, 0.002675, 0.999866, 0.016142, -0.000108, -0.016142, 0.999870),
      ["rings"] = CFrame.new(0.000679, 0.000067, -0.008966, 0.999996, 0.002695, -0.001075, -0.002656, 0.999391, 0.034784, 0.001169, -0.034781, 0.999394),
      ["x_C3"] = CFrame.new(0.000000, -0.310606, 0.227407, 1.000000, -0.000000, 0.000000, 0.000000, 0.712723, 0.701446, -0.000000, -0.701446, 0.712723)
    }},
    { Time = 0.017, Data = {
      ["Head"] = CFrame.new(0.000000, 0.096032, -0.057939, 1.000000, -0.000000, 0.000000, 0.000000, 0.500822, 0.865550, -0.000000, -0.865550, 0.500822),
      ["LeftUpperArm"] = CFrame.new(-0.077137, -0.113721, 0.041901, 0.927830, -0.333276, -0.167508, 0.248741, 0.887478, -0.387956, 0.277956, 0.318291, 0.906328),
      ["LeftUpperLeg"] = CFrame.new(-0.001815, -0.042561, 0.000000, 0.996370, 0.085122, 0.000000, -0.085122, 0.996370, -0.000000, -0.000000, 0.000000, 1.000000),
      ["LowerTorso"] = CFrame.new(0.000000, -1.917386, -0.951486, 1.000000, 0.000000, 0.000000, 0.000000, 0.016655, -0.999861, 0.000000, 0.999861, 0.016655),
      ["RightUpperArm"] = CFrame.new(0.044847, -0.284116, -0.003207, 0.657432, 0.723406, -0.210873, 0.657873, -0.687505, -0.307475, -0.367406, 0.063416, -0.927896),
      ["RightUpperLeg"] = CFrame.new(0.002213, -0.046993, 0.000000, 0.995573, -0.093987, 0.000000, 0.093987, 0.995573, 0.000000, 0.000000, 0.000000, 1.000000),
      ["x_C3"] = CFrame.new(0.000000, -0.310606, 0.227407, 1.000000, -0.000000, 0.000000, 0.000000, 0.712723, 0.701446, -0.000000, -0.701446, 0.712723)
    }},
    { Time = 0.033, Data = {
      ["Head"] = CFrame.new(0.000000, 0.096032, -0.057939, 1.000000, -0.000000, 0.000000, 0.000000, 0.501081, 0.865400, -0.000000, -0.865400, 0.501081),
      ["LeftUpperArm"] = CFrame.new(-0.076857, -0.114443, 0.041675, 0.927922, -0.333145, -0.167259, 0.248514, 0.887277, -0.388561, 0.277852, 0.318988, 0.906115),
      ["LeftUpperLeg"] = CFrame.new(-0.001815, -0.042561, 0.000000, 0.996370, 0.085122, 0.000000, -0.085122, 0.996370, -0.000000, -0.000000, 0.000000, 1.000000),
      ["LowerTorso"] = CFrame.new(0.000000, -1.917386, -0.951486, 1.000000, 0.000000, 0.000000, 0.000000, 0.016655, -0.999861, 0.000000, 0.999861, 0.016655),
      ["RightUpperArm"] = CFrame.new(0.044788, -0.284064, -0.003234, 0.657432, 0.723386, -0.210942, 0.657908, -0.687540, -0.307321, -0.367343, 0.063262, -0.927932),
      ["RightUpperLeg"] = CFrame.new(0.002213, -0.046993, 0.000000, 0.995573, -0.093987, 0.000000, 0.093987, 0.995573, 0.000000, 0.000000, 0.000000, 1.000000),
      ["x_C3"] = CFrame.new(0.000000, -0.310606, 0.227407, 1.000000, -0.000000, 0.000000, 0.000000, 0.712723, 0.701446, -0.000000, -0.701446, 0.712723)
    }},
    { Time = 0.050, Data = {
      ["Head"] = CFrame.new(0.000000, 0.096033, -0.057939, 1.000000, -0.000000, 0.000000, 0.000000, 0.501512, 0.865151, -0.000000, -0.865151, 0.501512),
      ["LeftUpperArm"] = CFrame.new(-0.076352, -0.115632, 0.041298, 0.928131, -0.332779, -0.166824, 0.248016, 0.886995, -0.389522, 0.277597, 0.320153, 0.905783),
      ["LeftUpperLeg"] = CFrame.new(-0.001815, -0.042561, 0.000000, 0.996370, 0.085122, 0.000000, -0.085122, 0.996370, -0.000000, -0.000000, 0.000000, 1.000000),
      ["LowerTorso"] = CFrame.new(0.000000, -1.917386, -0.951486, 1.000000, 0.000000, 0.000000, 0.000000, 0.016655, -0.999861, 0.000000, 0.999861, 0.016655),
      ["RightUpperArm"] = CFrame.new(0.044675, -0.283993, -0.003276, 0.657470, 0.723294, -0.211136, 0.657882, -0.687659, -0.307111, -0.367321, 0.063014, -0.927957),
      ["RightUpperLeg"] = CFrame.new(0.002213, -0.046993, 0.000000, 0.995573, -0.093987, 0.000000, 0.093987, 0.995573, 0.000000, 0.000000, 0.000000, 1.000000),
      ["x_C3"] = CFrame.new(0.000000, -0.310606, 0.227407, 1.000000, -0.000000, 0.000000, 0.000000, 0.712723, 0.701446, -0.000000, -0.701446, 0.712723)
    }},
    { Time = 0.067, Data = {
      ["Head"] = CFrame.new(0.000000, 0.096032, -0.057939, 1.000000, -0.000000, 0.000000, 0.000000, 0.502115, 0.864801, -0.000000, -0.864801, 0.502115),
      ["LeftUpperArm"] = CFrame.new(-0.075670, -0.117310, 0.040782, 0.928387, -0.332361, -0.166236, 0.247380, 0.886546, -0.390946, 0.277311, 0.321826, 0.905277),
      ["LeftUpperLeg"] = CFrame.new(-0.001815, -0.042561, 0.000000, 0.996370, 0.085122, 0.000000, -0.085122, 0.996370, -0.000000, -0.000000, 0.000000, 1.000000),
      ["LowerTorso"] = CFrame.new(0.000000, -1.917386, -0.951486, 1.000000, 0.000000, 0.000000, 0.000000, 0.016655, -0.999861, 0.000000, 0.999861, 0.016655),
      ["RightUpperArm"] = CFrame.new(0.044524, -0.283885, -0.003338, 0.657481, 0.723196, -0.211440, 0.657858, -0.687795, -0.306856, -0.367344, 0.062654, -0.927972),
      ["RightUpperLeg"] = CFrame.new(0.002213, -0.046993, 0.000000, 0.995573, -0.093987, 0.000000, 0.093987, 0.995573, 0.000000, 0.000000, 0.000000, 1.000000),
      ["x_C3"] = CFrame.new(0.000000, -0.310606, 0.227407, 1.000000, -0.000000, 0.000000, 0.000000, 0.712723, 0.701446, -0.000000, -0.701446, 0.712723)
    }},
    { Time = 0.083, Data = {
      ["Head"] = CFrame.new(0.000000, 0.096032, -0.057939, 1.000000, -0.000000, 0.000000, 0.000000, 0.502890, 0.864350, -0.000000, -0.864350, 0.502890),
      ["LeftUpperArm"] = CFrame.new(-0.074783, -0.119463, 0.040112, 0.928733, -0.331788, -0.165445, 0.246555, 0.885986, -0.392733, 0.276886, 0.323953, 0.904648),
      ["LeftUpperLeg"] = CFrame.new(-0.001815, -0.042561, 0.000000, 0.996370, 0.085122, 0.000000, -0.085122, 0.996370, -0.000000, -0.000000, 0.000000, 1.000000),
      ["LowerTorso"] = CFrame.new(0.000000, -1.917386, -0.951486, 1.000000, 0.000000, 0.000000, 0.000000, 0.016655, -0.999861, 0.000000, 0.999861, 0.016655),
      ["RightUpperArm"] = CFrame.new(0.044351, -0.283724, -0.003416, 0.657426, 0.723151, -0.211764, 0.657917, -0.687883, -0.306533, -0.367338, 0.062200, -0.928005),
      ["RightUpperLeg"] = CFrame.new(0.002213, -0.046993, 0.000000, 0.995573, -0.093987, 0.000000, 0.093987, 0.995573, 0.000000, 0.000000, 0.000000, 1.000000),
      ["x_C3"] = CFrame.new(0.000000, -0.310606, 0.227407, 1.000000, -0.000000, 0.000000, 0.000000, 0.712723, 0.701446, -0.000000, -0.701446, 0.712723)
    }},
    { Time = 0.100, Data = {
      ["Head"] = CFrame.new(0.000000, 0.096033, -0.057939, 1.000000, -0.000000, 0.000000, 0.000000, 0.503837, 0.863799, -0.000000, -0.863799, 0.503837),
      ["LeftUpperArm"] = CFrame.new(-0.073696, -0.122092, 0.039285, 0.929149, -0.331074, -0.164535, 0.245525, 0.885311, -0.394895, 0.276404, 0.326519, 0.903873),
      ["LeftUpperLeg"] = CFrame.new(-0.001815, -0.042561, 0.000000, 0.996370, 0.085122, 0.000000, -0.085122, 0.996370, -0.000000, -0.000000, 0.000000, 1.000000),
      ["LowerTorso"] = CFrame.new(0.000000, -1.917387, -0.951486, 1.000000, 0.000000, 0.000000, 0.000000, 0.016655, -0.999861, 0.000000, 0.999861, 0.016655),
      ["RightUpperArm"] = CFrame.new(0.044106, -0.283561, -0.003505, 0.657474, 0.722971, -0.212227, 0.657850, -0.688121, -0.306144, -0.367371, 0.061669, -0.928028),
      ["RightUpperLeg"] = CFrame.new(0.002213, -0.046993, 0.000000, 0.995573, -0.093987, 0.000000, 0.093987, 0.995573, 0.000000, 0.000000, 0.000000, 1.000000),
      ["x_C3"] = CFrame.new(0.000000, -0.310606, 0.227407, 1.000000, -0.000000, 0.000000, 0.000000, 0.712723, 0.701446, -0.000000, -0.701446, 0.712723)
    }},
    { Time = 0.117, Data = {
      ["Head"] = CFrame.new(0.000000, 0.096032, -0.057939, 1.000000, -0.000000, 0.000000, 0.000000, 0.504954, 0.863146, -0.000000, -0.863146, 0.504954),
      ["LeftUpperArm"] = CFrame.new(-0.072406, -0.125206, 0.038324, 0.929656, -0.330209, -0.163409, 0.244295, 0.884485, -0.397499, 0.275791, 0.329618, 0.902935),
      ["LeftUpperLeg"] = CFrame.new(-0.001815, -0.042561, 0.000000, 0.996370, 0.085122, 0.000000, -0.085122, 0.996370, -0.000000, -0.000000, 0.000000, 1.000000),
      ["LowerTorso"] = CFrame.new(0.000000, -1.917386, -0.951486, 1.000000, 0.000000, 0.000000, 0.000000, 0.016655, -0.999861, 0.000000, 0.999861, 0.016655),
      ["RightUpperArm"] = CFrame.new(0.043838, -0.283349, -0.003629, 0.657457, 0.722835, -0.212744, 0.657882, -0.688327, -0.305611, -0.367344, 0.060966, -0.928085),
      ["RightUpperLeg"] = CFrame.new(0.002213, -0.046993, 0.000000, 0.995573, -0.093987, 0.000000, 0.093987, 0.995573, 0.000000, 0.000000, 0.000000, 1.000000),
      ["x_C3"] = CFrame.new(0.000000, -0.310606, 0.227407, 1.000000, -0.000000, 0.000000, 0.000000, 0.712723, 0.701446, -0.000000, -0.701446, 0.712723)
    }},
    { Time = 0.133, Data = {
      ["Head"] = CFrame.new(0.000000, 0.096033, -0.057939, 1.000000, -0.000000, 0.000000, 0.000000, 0.506156, 0.862442, -0.000000, -0.862442, 0.506156),
      ["LeftUpperArm"] = CFrame.new(-0.070914, -0.128799, 0.037205, 0.930231, -0.329200, -0.162166, 0.242861, 0.883536, -0.400477, 0.275117, 0.333152, 0.901843),
      ["LeftUpperLeg"] = CFrame.new(-0.001815, -0.042561, 0.000000, 0.996370, 0.085122, 0.000000, -0.085122, 0.996370, -0.000000, -0.000000, 0.000000, 1.000000),
      ["LowerTorso"] = CFrame.new(0.000000, -1.917387, -0.951486, 1.000000, 0.000000, 0.000000, 0.000000, 0.016655, -0.999861, 0.000000, 0.999861, 0.016655),
      ["RightUpperArm"] = CFrame.new(0.043514, -0.283118, -0.003769, 0.657478, 0.722626, -0.213386, 0.657853, -0.688616, -0.305022, -0.367358, 0.060169, -0.928132),
      ["RightUpperLeg"] = CFrame.new(0.002213, -0.046993, 0.000000, 0.995573, -0.093987, 0.000000, 0.093987, 0.995573, 0.000000, 0.000000, 0.000000, 1.000000),
      ["x_C3"] = CFrame.new(0.000000, -0.310606, 0.227407, 1.000000, -0.000000, 0.000000, 0.000000, 0.712723, 0.701446, -0.000000, -0.701446, 0.712723)
    }},
    { Time = 0.150, Data = {
      ["Head"] = CFrame.new(0.000000, 0.096032, -0.057939, 1.000000, -0.000000, 0.000000, 0.000000, 0.507613, 0.861585, -0.000000, -0.861585, 0.507613),
      ["LeftUpperArm"] = CFrame.new(-0.069238, -0.132878, 0.035928, 0.930868, -0.328112, -0.160707, 0.241323, 0.882434, -0.403824, 0.274313, 0.337124, 0.900611),
      ["LeftUpperLeg"] = CFrame.new(-0.001815, -0.042561, 0.000000, 0.996370, 0.085122, 0.000000, -0.085122, 0.996370, -0.000000, -0.000000, 0.000000, 1.000000),
      ["LowerTorso"] = CFrame.new(0.000000, -1.917386, -0.951486, 1.000000, 0.000000, 0.000000, 0.000000, 0.016655, -0.999861, 0.000000, 0.999861, 0.016655),
      ["RightUpperArm"] = CFrame.new(0.043170, -0.282833, -0.003925, 0.657433, 0.722471, -0.214048, 0.657906, -0.688855, -0.304366, -0.367344, 0.059277, -0.928194),
      ["RightUpperLeg"] = CFrame.new(0.002213, -0.046993, 0.000000, 0.995573, -0.093987, 0.000000, 0.093987, 0.995573, 0.000000, 0.000000, 0.000000, 1.000000),
      ["x_C3"] = CFrame.new(0.000000, -0.310606, 0.227407, 1.000000, -0.000000, 0.000000, 0.000000, 0.712723, 0.701446, -0.000000, -0.701446, 0.712723)
    }},
    { Time = 0.167, Data = {
      ["Head"] = CFrame.new(0.000000, 0.096032, -0.057939, 1.000000, -0.000000, 0.000000, 0.000000, 0.509239, 0.860625, -0.000000, -0.860625, 0.509239),
      ["LeftUpperArm"] = CFrame.new(-0.067356, -0.137437, 0.034495, 0.931592, -0.326862, -0.159052, 0.239602, 0.881198, -0.407531, 0.273363, 0.341544, 0.899233),
      ["LeftUpperLeg"] = CFrame.new(-0.001815, -0.042561, 0.000000, 0.996370, 0.085122, 0.000000, -0.085122, 0.996370, -0.000000, -0.000000, 0.000000, 1.000000),
      ["LowerTorso"] = CFrame.new(0.000000, -1.917386, -0.951486, 1.000000, 0.000000, 0.000000, 0.000000, 0.016655, -0.999861, 0.000000, 0.999861, 0.016655),
      ["RightUpperArm"] = CFrame.new(0.042770, -0.282529, -0.004096, 0.657426, 0.722244, -0.214834, 0.657897, -0.689177, -0.303654, -0.367372, 0.058291, -0.928246),
      ["RightUpperLeg"] = CFrame.new(0.002213, -0.046993, 0.000000, 0.995573, -0.093987, 0.000000, 0.093987, 0.995573, 0.000000, 0.000000, 0.000000, 1.000000),
      ["x_C3"] = CFrame.new(0.000000, -0.310606, 0.227407, 1.000000, -0.000000, 0.000000, 0.000000, 0.712723, 0.701446, -0.000000, -0.701446, 0.712723)
    }},
    { Time = 0.183, Data = {
      ["Head"] = CFrame.new(0.000000, 0.096033, -0.057939, 1.000000, -0.000000, 0.000000, 0.000000, 0.511034, 0.859561, -0.000000, -0.859561, 0.511034),
      ["LeftUpperArm"] = CFrame.new(-0.065272, -0.142488, 0.032923, 0.932382, -0.325469, -0.157270, 0.237667, 0.879787, -0.411690, 0.272356, 0.346474, 0.897651),
      ["LeftUpperLeg"] = CFrame.new(-0.001815, -0.042561, 0.000000, 0.996370, 0.085122, 0.000000, -0.085122, 0.996370, -0.000000, -0.000000, 0.000000, 1.000000),
      ["LowerTorso"] = CFrame.new(0.000000, -1.917386, -0.951486, 1.000000, 0.000000, 0.000000, 0.000000, 0.016655, -0.999861, 0.000000, 0.999861, 0.016655),
      ["RightUpperArm"] = CFrame.new(0.042311, -0.282209, -0.004294, 0.657485, 0.721932, -0.215704, 0.657860, -0.689598, -0.302777, -0.367334, 0.057169, -0.928331),
      ["RightUpperLeg"] = CFrame.new(0.002213, -0.046993, 0.000000, 0.995573, -0.093987, 0.000000, 0.093987, 0.995573, 0.000000, 0.000000, 0.000000, 1.000000),
      ["x_C3"] = CFrame.new(0.000000, -0.310606, 0.227407, 1.000000, -0.000000, 0.000000, 0.000000, 0.712723, 0.701446, -0.000000, -0.701446, 0.712723)
    }},
    { Time = 0.200, Data = {
      ["Head"] = CFrame.new(0.000000, 0.096032, -0.057939, 1.000000, -0.000000, 0.000000, 0.000000, 0.512910, 0.858443, -0.000000, -0.858443, 0.512910),
      ["LeftUpperArm"] = CFrame.new(-0.062986, -0.148024, 0.031191, 0.933237, -0.323924, -0.155378, 0.235534, 0.878229, -0.416218, 0.271280, 0.351833, 0.895891),
      ["LeftUpperLeg"] = CFrame.new(-0.001815, -0.042561, 0.000000, 0.996370, 0.085122, 0.000000, -0.085122, 0.996370, -0.000000, -0.000000, 0.000000, 1.000000),
      ["LowerTorso"] = CFrame.new(0.000000, -1.917387, -0.951486, 1.000000, 0.000000, 0.000000, 0.000000, 0.016655, -0.999861, 0.000000, 0.999861, 0.016655),
      ["RightUpperArm"] = CFrame.new(0.041835, -0.281832, -0.004496, 0.657449, 0.721686, -0.216634, 0.657873, -0.689953, -0.301942, -0.367374, 0.055994, -0.928386),
      ["RightUpperLeg"] = CFrame.new(0.002213, -0.046993, 0.000000, 0.995573, -0.093987, 0.000000, 0.093987, 0.995573, 0.000000, 0.000000, 0.000000, 1.000000),
      ["x_C3"] = CFrame.new(0.000000, -0.310606, 0.227407, 1.000000, -0.000000, 0.000000, 0.000000, 0.712723, 0.701446, -0.000000, -0.701446, 0.712723)
    }},
    { Time = 0.217, Data = {
      ["Head"] = CFrame.new(0.000000, 0.096032, -0.057939, 1.000000, -0.000000, 0.000000, 0.000000, 0.515037, 0.857168, -0.000000, -0.857168, 0.515037),
      ["LeftUpperArm"] = CFrame.new(-0.060493, -0.154056, 0.029323, 0.934174, -0.322218, -0.153281, 0.233210, 0.876480, -0.421183, 0.270060, 0.357712, 0.893929),
      ["LeftUpperLeg"] = CFrame.new(-0.001815, -0.042561, 0.000000, 0.996370, 0.085122, 0.000000, -0.085122, 0.996370, -0.000000, -0.000000, 0.000000, 1.000000),
      ["LowerTorso"] = CFrame.new(0.000000, -1.917386, -0.951486, 1.000000, 0.000000, 0.000000, 0.000000, 0.016655, -0.999861, 0.000000, 0.999861, 0.016655),
      ["RightUpperArm"] = CFrame.new(0.041301, -0.281439, -0.004725, 0.657479, 0.721354, -0.217647, 0.657857, -0.690406, -0.300941, -0.367349, 0.054682, -0.928475),
      ["RightUpperLeg"] = CFrame.new(0.002213, -0.046993, 0.000000, 0.995573, -0.093987, 0.000000, 0.093987, 0.995573, 0.000000, 0.000000, 0.000000, 1.000000),
      ["x_C3"] = CFrame.new(0.000000, -0.310606, 0.227407, 1.000000, -0.000000, 0.000000, 0.000000, 0.712723, 0.701446, -0.000000, -0.701446, 0.712723)
    }},
    { Time = 0.233, Data = {
      ["Head"] = CFrame.new(0.000000, 0.096032, -0.057939, 1.000000, -0.000000, 0.000000, 0.000000, 0.517330, 0.855786, -0.000000, -0.855786, 0.517330),
      ["LeftUpperArm"] = CFrame.new(-0.057790, -0.160567, 0.027275, 0.935191, -0.320333, -0.151011, 0.230721, 0.874602, -0.426426, 0.268673, 0.363949, 0.891827),
      ["LeftUpperLeg"] = CFrame.new(-0.001815, -0.042561, 0.000000, 0.996370, 0.085122, 0.000000, -0.085122, 0.996370, -0.000000, -0.000000, 0.000000, 1.000000),
      ["LowerTorso"] = CFrame.new(0.000000, -1.917385, -0.951486, 1.000000, 0.000000, 0.000000, 0.000000, 0.016655, -0.999861, 0.000000, 0.999861, 0.016655),
      ["RightUpperArm"] = CFrame.new(0.040744, -0.280992, -0.004979, 0.657415, 0.721076, -0.218755, 0.657908, -0.690807, -0.299904, -0.367372, 0.053241, -0.928549),
      ["RightUpperLeg"] = CFrame.new(0.002213, -0.046993, 0.000000, 0.995573, -0.093987, 0.000000, 0.093987, 0.995573, 0.000000, 0.000000, 0.000000, 1.000000),
      ["x_C3"] = CFrame.new(0.000000, -0.310606, 0.227407, 1.000000, -0.000000, 0.000000, 0.000000, 0.712723, 0.701446, -0.000000, -0.701446, 0.712723)
    }},
    { Time = 0.250, Data = {
      ["Head"] = CFrame.new(0.000000, 0.096032, -0.057939, 1.000000, -0.000000, 0.000000, 0.000000, 0.519786, 0.854296, -0.000000, -0.854296, 0.519786),
      ["LeftUpperArm"] = CFrame.new(-0.054904, -0.167586, 0.025083, 0.936244, -0.318377, -0.148605, 0.228108, 0.872489, -0.432121, 0.267234, 0.370673, 0.889487),
      ["LeftUpperLeg"] = CFrame.new(-0.001815, -0.042561, 0.000000, 0.996370, 0.085122, 0.000000, -0.085122, 0.996370, -0.000000, -0.000000, 0.000000, 1.000000),
      ["LowerTorso"] = CFrame.new(0.000000, -1.917387, -0.951486, 1.000000, 0.000000, 0.000000, 0.000000, 0.016655, -0.999861, 0.000000, 0.999861, 0.016655),
      ["RightUpperArm"] = CFrame.new(0.040132, -0.280525, -0.005240, 0.657417, 0.720723, -0.219912, 0.657913, -0.691290, -0.298780, -0.367360, 0.051740, -0.928639),
      ["RightUpperLeg"] = CFrame.new(0.002213, -0.046993, 0.000000, 0.995573, -0.093987, 0.000000, 0.093987, 0.995573, 0.000000, 0.000000, 0.000000, 1.000000),
      ["x_C3"] = CFrame.new(0.000000, -0.310606, 0.227407, 1.000000, -0.000000, 0.000000, 0.000000, 0.712723, 0.701446, -0.000000, -0.701446, 0.712723)
    }},
    { Time = 0.267, Data = {
      ["Head"] = CFrame.new(0.000000, 0.096032, -0.057939, 1.000000, -0.000000, 0.000000, 0.000000, 0.522321, 0.852749, -0.000000, -0.852749, 0.522321),
      ["LeftUpperArm"] = CFrame.new(-0.051787, -0.175092, 0.022734, 0.937398, -0.316161, -0.146037, 0.225242, 0.870218, -0.438163, 0.265615, 0.377840, 0.886953),
      ["LeftUpperLeg"] = CFrame.new(-0.001815, -0.042561, 0.000000, 0.996370, 0.085122, 0.000000, -0.085122, 0.996370, -0.000000, -0.000000, 0.000000, 1.000000),
      ["LowerTorso"] = CFrame.new(0.000000, -1.917385, -0.951486, 1.000000, 0.000000, 0.000000, 0.000000, 0.016655, -0.999861, 0.000000, 0.999861, 0.016655),
      ["RightUpperArm"] = CFrame.new(0.039465, -0.280039, -0.005515, 0.657455, 0.720296, -0.221192, 0.657858, -0.691852, -0.297598, -0.367391, 0.050144, -0.928714),
      ["RightUpperLeg"] = CFrame.new(0.002213, -0.046993, 0.000000, 0.995573, -0.093987, 0.000000, 0.093987, 0.995573, 0.000000, 0.000000, 0.000000, 1.000000),
      ["x_C3"] = CFrame.new(0.000000, -0.310606, 0.227407, 1.000000, -0.000000, 0.000000, 0.000000, 0.712723, 0.701446, -0.000000, -0.701446, 0.712723)
    }},
    { Time = 0.283, Data = {
      ["Head"] = CFrame.new(0.000000, 0.096032, -0.057939, 1.000000, -0.000000, 0.000000, 0.000000, 0.525101, 0.851040, -0.000000, -0.851040, 0.525101),
      ["LeftUpperArm"] = CFrame.new(-0.048484, -0.183102, 0.020217, 0.938584, -0.313863, -0.143353, 0.222267, 0.867727, -0.444574, 0.263927, 0.385408, 0.884197),
      ["LeftUpperLeg"] = CFrame.new(-0.001815, -0.042561, 0.000000, 0.996370, 0.085122, 0.000000, -0.085122, 0.996370, -0.000000, -0.000000, 0.000000, 1.000000),
      ["LowerTorso"] = CFrame.new(0.000000, -1.917386, -0.951486, 1.000000, 0.000000, 0.000000, 0.000000, 0.016655, -0.999861, 0.000000, 0.999861, 0.016655),
      ["RightUpperArm"] = CFrame.new(0.038773, -0.279501, -0.005828, 0.657428, 0.719910, -0.222526, 0.657902, -0.692380, -0.296272, -0.367362, 0.048377, -0.928820),
      ["RightUpperLeg"] = CFrame.new(0.002213, -0.046993, 0.000000, 0.995573, -0.093987, 0.000000, 0.093987, 0.995573, 0.000000, 0.000000, 0.000000, 1.000000),
      ["x_C3"] = CFrame.new(0.000000, -0.310606, 0.227407, 1.000000, -0.000000, 0.000000, 0.000000, 0.712723, 0.701446, -0.000000, -0.701446, 0.712723)
    }},
    { Time = 0.300, Data = {
      ["Head"] = CFrame.new(0.000000, 0.096032, -0.057939, 1.000000, -0.000000, 0.000000, 0.000000, 0.528041, 0.849219, -0.000000, -0.849219, 0.528041),
      ["LeftUpperArm"] = CFrame.new(-0.044972, -0.191621, 0.017559, 0.939842, -0.311387, -0.140480, 0.219115, 0.864994, -0.451414, 0.262078, 0.393477, 0.881187),
      ["LeftUpperLeg"] = CFrame.new(-0.001815, -0.042561, 0.000000, 0.996370, 0.085122, 0.000000, -0.085122, 0.996370, -0.000000, -0.000000, 0.000000, 1.000000),
      ["LowerTorso"] = CFrame.new(0.000000, -1.917386, -0.951486, 1.000000, 0.000000, 0.000000, 0.000000, 0.016655, -0.999861, 0.000000, 0.999861, 0.016655),
      ["RightUpperArm"] = CFrame.new(0.038028, -0.278940, -0.006135, 0.657437, 0.719460, -0.223949, 0.657867, -0.692969, -0.294965, -0.367406, 0.046592, -0.928893),
      ["RightUpperLeg"] = CFrame.new(0.002213, -0.046993, 0.000000, 0.995573, -0.093987, 0.000000, 0.093987, 0.995573, 0.000000, 0.000000, 0.000000, 1.000000),
      ["x_C3"] = CFrame.new(0.000000, -0.310606, 0.227407, 1.000000, -0.000000, 0.000000, 0.000000, 0.712723, 0.701446, -0.000000, -0.701446, 0.712723)
    }},
    { Time = 0.317, Data = {
      ["Head"] = CFrame.new(0.000000, 0.096033, -0.057939, 1.000000, -0.000000, 0.000000, 0.000000, 0.531139, 0.847285, -0.000000, -0.847285, 0.531139),
      ["LeftUpperArm"] = CFrame.new(-0.041249, -0.200633, 0.014713, 0.941153, -0.308734, -0.137530, 0.215790, 0.862081, -0.458532, 0.260127, 0.401871, 0.877971),
      ["LeftUpperLeg"] = CFrame.new(-0.001815, -0.042561, 0.000000, 0.996370, 0.085122, 0.000000, -0.085122, 0.996370, -0.000000, -0.000000, 0.000000, 1.000000),
      ["LowerTorso"] = CFrame.new(0.000000, -1.917386, -0.951486, 1.000000, 0.000000, 0.000000, 0.000000, 0.016655, -0.999861, 0.000000, 0.999861, 0.016655),
      ["RightUpperArm"] = CFrame.new(0.037241, -0.278345, -0.006473, 0.657446, 0.718987, -0.225440, 0.657869, -0.693588, -0.293503, -0.367388, 0.044652, -0.928995),
      ["RightUpperLeg"] = CFrame.new(0.002213, -0.046993, 0.000000, 0.995573, -0.093987, 0.000000, 0.093987, 0.995573, 0.000000, 0.000000, 0.000000, 1.000000),
      ["x_C3"] = CFrame.new(0.000000, -0.310606, 0.227407, 1.000000, -0.000000, 0.000000, 0.000000, 0.712723, 0.701446, -0.000000, -0.701446, 0.712723)
    }},
    { Time = 0.333, Data = {
      ["Head"] = CFrame.new(0.000000, 0.096033, -0.057939, 1.000000, -0.000000, 0.000000, 0.000000, 0.534310, 0.845288, -0.000000, -0.845288, 0.534310),
      ["LeftUpperArm"] = CFrame.new(-0.037314, -0.210162, 0.011723, 0.942531, -0.305895, -0.134400, 0.212293, 0.858899, -0.466074, 0.258006, 0.410757, 0.874478),
      ["LeftUpperLeg"] = CFrame.new(-0.001815, -0.042561, 0.000000, 0.996370, 0.085122, 0.000000, -0.085122, 0.996370, -0.000000, -0.000000, 0.000000, 1.000000),
      ["LowerTorso"] = CFrame.new(0.000000, -1.917386, -0.951486, 1.000000, 0.000000, 0.000000, 0.000000, 0.016655, -0.999861, 0.000000, 0.999861, 0.016655),
      ["RightUpperArm"] = CFrame.new(0.036415, -0.277712, -0.006823, 0.657454, 0.718500, -0.226965, 0.657888, -0.694219, -0.291963, -0.367339, 0.042635, -0.929110),
      ["RightUpperLeg"] = CFrame.new(0.002213, -0.046993, 0.000000, 0.995573, -0.093987, 0.000000, 0.093987, 0.995573, 0.000000, 0.000000, 0.000000, 1.000000),
      ["x_C3"] = CFrame.new(0.000000, -0.310606, 0.227407, 1.000000, -0.000000, 0.000000, 0.000000, 0.712723, 0.701446, -0.000000, -0.701446, 0.712723)
    }},
    { Time = 0.350, Data = {
      ["Head"] = CFrame.new(0.000000, 0.096033, -0.057939, 1.000000, -0.000000, 0.000000, 0.000000, 0.537554, 0.843230, -0.000000, -0.843230, 0.537554),
      ["LeftUpperArm"] = CFrame.new(-0.033350, -0.219708, 0.008728, 0.943916, -0.302950, -0.131317, 0.208735, 0.855651, -0.473594, 0.255837, 0.419622, 0.870899),
      ["LeftUpperLeg"] = CFrame.new(-0.001815, -0.042561, 0.000000, 0.996370, 0.085122, 0.000000, -0.085122, 0.996370, -0.000000, -0.000000, 0.000000, 1.000000),
      ["LowerTorso"] = CFrame.new(0.000000, -1.917385, -0.951486, 1.000000, 0.000000, 0.000000, 0.000000, 0.016655, -0.999861, 0.000000, 0.999861, 0.016655),
      ["RightUpperArm"] = CFrame.new(0.035589, -0.277079, -0.007182, 0.657432, 0.718012, -0.228563, 0.657894, -0.694846, -0.290454, -0.367366, 0.040583, -0.929191),
      ["RightUpperLeg"] = CFrame.new(0.002213, -0.046993, 0.000000, 0.995573, -0.093987, 0.000000, 0.093987, 0.995573, 0.000000, 0.000000, 0.000000, 1.000000),
      ["x_C3"] = CFrame.new(0.000000, -0.310606, 0.227407, 1.000000, -0.000000, 0.000000, 0.000000, 0.712723, 0.701446, -0.000000, -0.701446, 0.712723)
    }},
    { Time = 0.367, Data = {
      ["Head"] = CFrame.new(0.000000, 0.096032, -0.057939, 1.000000, -0.000000, 0.000000, 0.000000, 0.540620, 0.841267, -0.000000, -0.841267, 0.540620),
      ["LeftUpperArm"] = CFrame.new(-0.029604, -0.228785, 0.005862, 0.945198, -0.300207, -0.128359, 0.205488, 0.852492, -0.480658, 0.253722, 0.427941, 0.867463),
      ["LeftUpperLeg"] = CFrame.new(-0.001815, -0.042561, 0.000000, 0.996370, 0.085122, 0.000000, -0.085122, 0.996370, -0.000000, -0.000000, 0.000000, 1.000000),
      ["LowerTorso"] = CFrame.new(0.000000, -1.917387, -0.951486, 1.000000, 0.000000, 0.000000, 0.000000, 0.016655, -0.999861, 0.000000, 0.999861, 0.016655),
      ["RightUpperArm"] = CFrame.new(0.034800, -0.276481, -0.007521, 0.657439, 0.717531, -0.230051, 0.657898, -0.695454, -0.288989, -0.367349, 0.038643, -0.929280),
      ["RightUpperLeg"] = CFrame.new(0.002213, -0.046993, 0.000000, 0.995573, -0.093987, 0.000000, 0.093987, 0.995573, 0.000000, 0.000000, 0.000000, 1.000000),
      ["x_C3"] = CFrame.new(0.000000, -0.310607, 0.227407, 1.000000, -0.000000, 0.000000, 0.000000, 0.712723, 0.701446, -0.000000, -0.701446, 0.712723)
    }},
    { Time = 0.383, Data = {
      ["Head"] = CFrame.new(0.000000, 0.096033, -0.057939, 1.000000, -0.000000, 0.000000, 0.000000, 0.543511, 0.839402, -0.000000, -0.839402, 0.543511),
      ["LeftUpperArm"] = CFrame.new(-0.026060, -0.237394, 0.003147, 0.946386, -0.297615, -0.125611, 0.202436, 0.849417, -0.487351, 0.251739, 0.435794, 0.864125),
      ["LeftUpperLeg"] = CFrame.new(-0.001815, -0.042561, 0.000000, 0.996370, 0.085122, 0.000000, -0.085122, 0.996370, -0.000000, -0.000000, 0.000000, 1.000000),
      ["LowerTorso"] = CFrame.new(0.000000, -1.917386, -0.951486, 1.000000, 0.000000, 0.000000, 0.000000, 0.016655, -0.999861, 0.000000, 0.999861, 0.016655),
      ["RightUpperArm"] = CFrame.new(0.034052, -0.275915, -0.007828, 0.657444, 0.717070, -0.231470, 0.657866, -0.696027, -0.287679, -0.367395, 0.036856, -0.929334),
      ["RightUpperLeg"] = CFrame.new(0.002213, -0.046993, 0.000000, 0.995573, -0.093987, 0.000000, 0.093987, 0.995573, 0.000000, 0.000000, 0.000000, 1.000000),
      ["x_C3"] = CFrame.new(0.000000, -0.310606, 0.227407, 1.000000, -0.000000, 0.000000, 0.000000, 0.712723, 0.701446, -0.000000, -0.701446, 0.712723)
    }},
    { Time = 0.400, Data = {
      ["Head"] = CFrame.new(0.000000, 0.096032, -0.057939, 1.000000, -0.000000, 0.000000, 0.000000, 0.546229, 0.837636, -0.000000, -0.837636, 0.546229),
      ["LeftUpperArm"] = CFrame.new(-0.022698, -0.245515, 0.000567, 0.947506, -0.295090, -0.123105, 0.199504, 0.846503, -0.493590, 0.249862, 0.443119, 0.860938),
      ["LeftUpperLeg"] = CFrame.new(-0.001815, -0.042561, 0.000000, 0.996370, 0.085122, 0.000000, -0.085122, 0.996370, -0.000000, -0.000000, 0.000000, 1.000000),
      ["LowerTorso"] = CFrame.new(0.000000, -1.917385, -0.951486, 1.000000, 0.000000, 0.000000, 0.000000, 0.016655, -0.999861, 0.000000, 0.999861, 0.016655),
      ["RightUpperArm"] = CFrame.new(0.033339, -0.275389, -0.008136, 0.657477, 0.716604, -0.232813, 0.657849, -0.696597, -0.286337, -0.367367, 0.035104, -0.929414),
      ["RightUpperLeg"] = CFrame.new(0.002213, -0.046993, 0.000000, 0.995573, -0.093987, 0.000000, 0.093987, 0.995573, 0.000000, 0.000000, 0.000000, 1.000000),
      ["x_C3"] = CFrame.new(0.000000, -0.310606, 0.227407, 1.000000, -0.000000, 0.000000, 0.000000, 0.712723, 0.701446, -0.000000, -0.701446, 0.712723)
    }},
    { Time = 0.417, Data = {
      ["Head"] = CFrame.new(0.000000, 0.096033, -0.057939, 1.000000, -0.000000, 0.000000, 0.000000, 0.548775, 0.835970, -0.000000, -0.835970, 0.548775),
      ["LeftUpperArm"] = CFrame.new(-0.019536, -0.253162, -0.001858, 0.948552, -0.292703, -0.120721, 0.196783, 0.843697, -0.499451, 0.248043, 0.450000, 0.857890),
      ["LeftUpperLeg"] = CFrame.new(-0.001815, -0.042561, 0.000000, 0.996370, 0.085122, 0.000000, -0.085122, 0.996370, -0.000000, -0.000000, 0.000000, 1.000000),
      ["LowerTorso"] = CFrame.new(0.000000, -1.917386, -0.951486, 1.000000, 0.000000, 0.000000, 0.000000, 0.016655, -0.999861, 0.000000, 0.999861, 0.016655),
      ["RightUpperArm"] = CFrame.new(0.032684, -0.274878, -0.008417, 0.657445, 0.716223, -0.234073, 0.657861, -0.697067, -0.285159, -0.367402, 0.033489, -0.929459),
      ["RightUpperLeg"] = CFrame.new(0.002213, -0.046993, 0.000000, 0.995573, -0.093987, 0.000000, 0.093987, 0.995573, 0.000000, 0.000000, 0.000000, 1.000000),
      ["x_C3"] = CFrame.new(0.000000, -0.310606, 0.227407, 1.000000, -0.000000, 0.000000, 0.000000, 0.712723, 0.701446, -0.000000, -0.701446, 0.712723)
    }},
    { Time = 0.433, Data = {
      ["Head"] = CFrame.new(0.000000, 0.096032, -0.057939, 1.000000, -0.000000, 0.000000, 0.000000, 0.551150, 0.834406, -0.000000, -0.834406, 0.551150),
      ["LeftUpperArm"] = CFrame.new(-0.016574, -0.260332, -0.004125, 0.949528, -0.290457, -0.118455, 0.194270, 0.841010, -0.504937, 0.246285, 0.456440, 0.854989),
      ["LeftUpperLeg"] = CFrame.new(-0.001815, -0.042561, 0.000000, 0.996370, 0.085122, 0.000000, -0.085122, 0.996370, -0.000000, -0.000000, 0.000000, 1.000000),
      ["LowerTorso"] = CFrame.new(0.000000, -1.917386, -0.951486, 1.000000, 0.000000, 0.000000, 0.000000, 0.016655, -0.999861, 0.000000, 0.999861, 0.016655),
      ["RightUpperArm"] = CFrame.new(0.032067, -0.274404, -0.008678, 0.657441, 0.715851, -0.235222, 0.657871, -0.697521, -0.284028, -0.367394, 0.031986, -0.929516),
      ["RightUpperLeg"] = CFrame.new(0.002213, -0.046993, 0.000000, 0.995573, -0.093987, 0.000000, 0.093987, 0.995573, 0.000000, 0.000000, 0.000000, 1.000000),
      ["x_C3"] = CFrame.new(0.000000, -0.310606, 0.227407, 1.000000, -0.000000, 0.000000, 0.000000, 0.712723, 0.701446, -0.000000, -0.701446, 0.712723)
    }},
    { Time = 0.450, Data = {
      ["Head"] = CFrame.new(0.000000, 0.096032, -0.057939, 1.000000, -0.000000, 0.000000, 0.000000, 0.553355, 0.832945, -0.000000, -0.832945, 0.553355),
      ["LeftUpperArm"] = CFrame.new(-0.013819, -0.267022, -0.006237, 0.950418, -0.288374, -0.116387, 0.191940, 0.838451, -0.510058, 0.244672, 0.462429, 0.852229),
      ["LeftUpperLeg"] = CFrame.new(-0.001815, -0.042561, 0.000000, 0.996370, 0.085122, 0.000000, -0.085122, 0.996370, -0.000000, -0.000000, 0.000000, 1.000000),
      ["LowerTorso"] = CFrame.new(0.000000, -1.917386, -0.951486, 1.000000, 0.000000, 0.000000, 0.000000, 0.016655, -0.999861, 0.000000, 0.999861, 0.016655),
      ["RightUpperArm"] = CFrame.new(0.031488, -0.273965, -0.008919, 0.657465, 0.715486, -0.236262, 0.657876, -0.697956, -0.282942, -0.367342, 0.030594, -0.929583),
      ["RightUpperLeg"] = CFrame.new(0.002213, -0.046993, 0.000000, 0.995573, -0.093987, 0.000000, 0.093987, 0.995573, 0.000000, 0.000000, 0.000000, 1.000000),
      ["x_C3"] = CFrame.new(0.000000, -0.310606, 0.227407, 1.000000, -0.000000, 0.000000, 0.000000, 0.712723, 0.701446, -0.000000, -0.701446, 0.712723)
    }},
    { Time = 0.467, Data = {
      ["Head"] = CFrame.new(0.000000, 0.096032, -0.057939, 1.000000, -0.000000, 0.000000, 0.000000, 0.555393, 0.831588, -0.000000, -0.831588, 0.555393),
      ["LeftUpperArm"] = CFrame.new(-0.011243, -0.273214, -0.008208, 0.951263, -0.286351, -0.114467, 0.189745, 0.836095, -0.514726, 0.243098, 0.467920, 0.849679),
      ["LeftUpperLeg"] = CFrame.new(-0.001815, -0.042561, 0.000000, 0.996370, 0.085122, 0.000000, -0.085122, 0.996370, -0.000000, -0.000000, 0.000000, 1.000000),
      ["LowerTorso"] = CFrame.new(0.000000, -1.917385, -0.951486, 1.000000, 0.000000, 0.000000, 0.000000, 0.016655, -0.999861, 0.000000, 0.999861, 0.016655),
      ["RightUpperArm"] = CFrame.new(0.030947, -0.273564, -0.009158, 0.657459, 0.715134, -0.237342, 0.657850, -0.698376, -0.281965, -0.367397, 0.029245, -0.929605),
      ["RightUpperLeg"] = CFrame.new(0.002213, -0.046993, 0.000000, 0.995573, -0.093987, 0.000000, 0.093987, 0.995573, 0.000000, 0.000000, 0.000000, 1.000000),
      ["x_C3"] = CFrame.new(0.000000, -0.310606, 0.227407, 1.000000, -0.000000, 0.000000, 0.000000, 0.712723, 0.701446, -0.000000, -0.701446, 0.712723)
    }},
    { Time = 0.483, Data = {
      ["Head"] = CFrame.new(0.000000, 0.096032, -0.057939, 1.000000, -0.000000, 0.000000, 0.000000, 0.557263, 0.830336, -0.000000, -0.830336, 0.557263),
      ["LeftUpperArm"] = CFrame.new(-0.008901, -0.278926, -0.010028, 0.951988, -0.284598, -0.112798, 0.187785, 0.833863, -0.519046, 0.241778, 0.472943, 0.847271),
      ["LeftUpperLeg"] = CFrame.new(-0.001815, -0.042561, 0.000000, 0.996370, 0.085122, 0.000000, -0.085122, 0.996370, -0.000000, -0.000000, 0.000000, 1.000000),
      ["LowerTorso"] = CFrame.new(0.000000, -1.917386, -0.951486, 1.000000, 0.000000, 0.000000, 0.000000, 0.016655, -0.999861, 0.000000, 0.999861, 0.016655),
      ["RightUpperArm"] = CFrame.new(0.030465, -0.273178, -0.009352, 0.657446, 0.714864, -0.238190, 0.657882, -0.698699, -0.281091, -0.367364, 0.028102, -0.929652),
      ["RightUpperLeg"] = CFrame.new(0.002213, -0.046993, 0.000000, 0.995573, -0.093987, 0.000000, 0.093987, 0.995573, 0.000000, 0.000000, 0.000000, 1.000000),
      ["x_C3"] = CFrame.new(0.000000, -0.310606, 0.227407, 1.000000, -0.000000, 0.000000, 0.000000, 0.712723, 0.701446, -0.000000, -0.701446, 0.712723)
    }},
    { Time = 0.500, Data = {
      ["Head"] = CFrame.new(0.000000, 0.096032, -0.057939, 1.000000, -0.000000, 0.000000, 0.000000, 0.558967, 0.829190, -0.000000, -0.829190, 0.558967),
      ["LeftUpperArm"] = CFrame.new(-0.006736, -0.284147, -0.011681, 0.952686, -0.282894, -0.111178, 0.185968, 0.831808, -0.522983, 0.240428, 0.477563, 0.845061),
      ["LeftUpperLeg"] = CFrame.new(-0.001815, -0.042561, 0.000000, 0.996370, 0.085122, 0.000000, -0.085122, 0.996370, -0.000000, -0.000000, 0.000000, 1.000000),
      ["LowerTorso"] = CFrame.new(0.000000, -1.917386, -0.951486, 1.000000, 0.000000, 0.000000, 0.000000, 0.016655, -0.999861, 0.000000, 0.999861, 0.016655),
      ["RightUpperArm"] = CFrame.new(0.030018, -0.272832, -0.009555, 0.657432, 0.714594, -0.239037, 0.657913, -0.699020, -0.280217, -0.367332, 0.026958, -0.929699),
      ["RightUpperLeg"] = CFrame.new(0.002213, -0.046993, 0.000000, 0.995573, -0.093987, 0.000000, 0.093987, 0.995573, 0.000000, 0.000000, 0.000000, 1.000000),
      ["x_C3"] = CFrame.new(0.000000, -0.310606, 0.227407, 1.000000, -0.000000, 0.000000, 0.000000, 0.712723, 0.701446, -0.000000, -0.701446, 0.712723)
    }},
    { Time = 0.517, Data = {
      ["Head"] = CFrame.new(0.000000, 0.096032, -0.057939, 1.000000, -0.000000, 0.000000, 0.000000, 0.560506, 0.828150, -0.000000, -0.828150, 0.560506),
      ["LeftUpperArm"] = CFrame.new(-0.004779, -0.288868, -0.013196, 0.953305, -0.281358, -0.109758, 0.184337, 0.829959, -0.526487, 0.239226, 0.481670, 0.843069),
      ["LeftUpperLeg"] = CFrame.new(-0.001815, -0.042561, 0.000000, 0.996370, 0.085122, 0.000000, -0.085122, 0.996370, -0.000000, -0.000000, 0.000000, 1.000000),
      ["LowerTorso"] = CFrame.new(0.000000, -1.917386, -0.951486, 1.000000, 0.000000, 0.000000, 0.000000, 0.016655, -0.999861, 0.000000, 0.999861, 0.016655),
      ["RightUpperArm"] = CFrame.new(0.029613, -0.272520, -0.009727, 0.657419, 0.714345, -0.239815, 0.657910, -0.699311, -0.279497, -0.367363, 0.025970, -0.929715),
      ["RightUpperLeg"] = CFrame.new(0.002213, -0.046993, 0.000000, 0.995573, -0.093987, 0.000000, 0.093987, 0.995573, 0.000000, 0.000000, 0.000000, 1.000000),
      ["x_C3"] = CFrame.new(0.000000, -0.310607, 0.227407, 1.000000, -0.000000, 0.000000, 0.000000, 0.712723, 0.701446, -0.000000, -0.701446, 0.712723)
    }},
    { Time = 0.533, Data = {
      ["Head"] = CFrame.new(0.000000, 0.096033, -0.057939, 1.000000, -0.000000, 0.000000, 0.000000, 0.561881, 0.827218, -0.000000, -0.827218, 0.561881),
      ["LeftUpperArm"] = CFrame.new(-0.003033, -0.293111, -0.014532, 0.953847, -0.280003, -0.108510, 0.182868, 0.828231, -0.529709, 0.238191, 0.485419, 0.841210),
      ["LeftUpperLeg"] = CFrame.new(-0.001815, -0.042561, 0.000000, 0.996370, 0.085122, 0.000000, -0.085122, 0.996370, -0.000000, -0.000000, 0.000000, 1.000000),
      ["LowerTorso"] = CFrame.new(0.000000, -1.917386, -0.951486, 1.000000, 0.000000, 0.000000, 0.000000, 0.016655, -0.999861, 0.000000, 0.999861, 0.016655),
      ["RightUpperArm"] = CFrame.new(0.029246, -0.272245, -0.009879, 0.657434, 0.714107, -0.240484, 0.657902, -0.699587, -0.278824, -0.367350, 0.025093, -0.929744),
      ["RightUpperLeg"] = CFrame.new(0.002213, -0.046993, 0.000000, 0.995573, -0.093987, 0.000000, 0.093987, 0.995573, 0.000000, 0.000000, 0.000000, 1.000000),
      ["x_C3"] = CFrame.new(0.000000, -0.310606, 0.227407, 1.000000, -0.000000, 0.000000, 0.000000, 0.712723, 0.701446, -0.000000, -0.701446, 0.712723)
    }},
    { Time = 0.550, Data = {
      ["Head"] = CFrame.new(0.000000, 0.096032, -0.057939, 1.000000, -0.000000, 0.000000, 0.000000, 0.563092, 0.826394, -0.000000, -0.826394, 0.563092),
      ["LeftUpperArm"] = CFrame.new(-0.001489, -0.296851, -0.015725, 0.954328, -0.278797, -0.107376, 0.181605, 0.826723, -0.532492, 0.237228, 0.488672, 0.839597),
      ["LeftUpperLeg"] = CFrame.new(-0.001815, -0.042561, 0.000000, 0.996370, 0.085122, 0.000000, -0.085122, 0.996370, -0.000000, -0.000000, 0.000000, 1.000000),
      ["LowerTorso"] = CFrame.new(0.000000, -1.917386, -0.951486, 1.000000, 0.000000, 0.000000, 0.000000, 0.016655, -0.999861, 0.000000, 0.999861, 0.016655),
      ["RightUpperArm"] = CFrame.new(0.028917, -0.272006, -0.010020, 0.657448, 0.713879, -0.241119, 0.657877, -0.699848, -0.278228, -0.367368, 0.024294, -0.929759),
      ["RightUpperLeg"] = CFrame.new(0.002213, -0.046993, 0.000000, 0.995573, -0.093987, 0.000000, 0.093987, 0.995573, 0.000000, 0.000000, 0.000000, 1.000000),
      ["x_C3"] = CFrame.new(0.000000, -0.310606, 0.227407, 1.000000, -0.000000, 0.000000, 0.000000, 0.712723, 0.701446, -0.000000, -0.701446, 0.712723)
    }},
    { Time = 0.567, Data = {
