return {
  ["Astros lay 4"] = {
    { Time = 0.000, Data = {
      ["Head"] = CFrame.new(0.000000, -0.000000, -0.000000, 0.951577, 0.133547, -0.276888, -0.071625, 0.972236, 0.222771, 0.298951, -0.192151, 0.934723),
      ["LeftUpperArm"] = CFrame.new(0.633231, -0.275816, -0.578880, 0.777564, -0.278659, 0.563687, 0.183339, -0.757024, -0.627138, 0.601482, 0.590986, -0.537546),
      ["LeftUpperLeg"] = CFrame.new(0.096560, 0.194069, -0.315442, 0.992919, -0.091029, -0.076323, 0.071652, 0.971393, -0.226409, 0.094749, 0.219337, 0.971038),
      ["LowerTorso"] = CFrame.new(0.192386, -1.208846, -0.858236, -0.534080, 0.137009, -0.834259, -0.832432, 0.087178, 0.547227, 0.147704, 0.986726, 0.067491),
      ["RightUpperArm"] = CFrame.new(-0.208708, -0.187869, 0.135335, 0.843886, 0.530946, -0.077153, -0.147282, 0.090971, -0.984902, -0.515912, 0.842508, 0.154968),
      ["RightUpperLeg"] = CFrame.new(0.007270, 0.294361, -0.700647, 0.985421, 0.047691, 0.163312, -0.066501, 0.991512, 0.111722, -0.156597, -0.120954, 0.980228)
    }},
    { Time = 1.000, Data = {
      ["Head"] = CFrame.new(0.000000, -0.000000, -0.000000, 0.951577, 0.133547, -0.276888, -0.071625, 0.972236, 0.222771, 0.298951, -0.192151, 0.934723),
      ["LeftUpperArm"] = CFrame.new(0.633231, -0.275816, -0.578880, 0.777564, -0.278659, 0.563687, 0.183339, -0.757024, -0.627138, 0.601482, 0.590986, -0.537546),
      ["LeftUpperLeg"] = CFrame.new(0.096560, 0.194069, -0.315442, 0.992919, -0.091029, -0.076323, 0.071652, 0.971393, -0.226409, 0.094749, 0.219337, 0.971038),
      ["LowerTorso"] = CFrame.new(0.192386, -1.208846, -0.858236, -0.534080, 0.137009, -0.834259, -0.832432, 0.087178, 0.547227, 0.147704, 0.986726, 0.067491),
      ["RightUpperArm"] = CFrame.new(-0.208708, -0.187869, 0.135335, 0.843886, 0.530946, -0.077153, -0.147282, 0.090971, -0.984902, -0.515912, 0.842508, 0.154968),
      ["RightUpperLeg"] = CFrame.new(0.007270, 0.294361, -0.700647, 0.985421, 0.047691, 0.163312, -0.066501, 0.991512, 0.111722, -0.156597, -0.120954, 0.980228)
    }}
  }
}