return {
  ["Astros on the knees 3"] = {
    { Time = 0.000, Data = {
      ["Head"] = CFrame.new(0.000000, 0.060987, -0.006889, 0.997369, 0.043978, -0.057634, -0.037153, 0.992721, 0.114563, 0.062253, -0.112120, 0.991743),
      ["LeftUpperArm"] = CFrame.new(-0.259027, -0.746944, 0.149794, 0.031929, -0.977537, -0.208330, 0.325438, 0.207246, -0.922572, 0.945024, -0.038341, 0.324745),
      ["LeftUpperLeg"] = CFrame.new(-0.210475, -0.284943, -0.593195, 0.946311, 0.194386, 0.258281, -0.296895, 0.206607, 0.932291, 0.127862, -0.958920, 0.253226),
      ["LowerTorso"] = CFrame.new(-0.004620, -0.983122, -2.563627, -0.999999, -0.000216, -0.001715, 0.000044, 0.988681, -0.150033, 0.001728, -0.150033, -0.988680),
      ["RightUpperArm"] = CFrame.new(0.195265, -0.707062, 0.124565, 0.102116, 0.991454, 0.081182, -0.299148, 0.108437, -0.948025, -0.948727, 0.072523, 0.307665),
      ["RightUpperLeg"] = CFrame.new(0.210480, -0.284961, -0.593180, 0.946311, -0.194386, -0.258281, 0.296895, 0.206607, 0.932291, -0.127862, -0.958920, 0.253226),
      ["­¤ī¦’ĖÅ­¤ś│­¤æ╗­¤Å│’ĖÅŌĆŹ­¤īł­¤śé­¤Æ×­¤Å┤ŌĆŹŌśĀ’ĖÅ­¤ÄĖ­¤ī¦’ĖÅ­¤ś│­¤æ╗­¤Å│’ĖÅŌĆŹ­¤īł­¤śé­¤Æ×­¤Å┤ŌĆŹŌś"] = CFrame.new(0.022764, -0.066436, 0.008188, 0.998497, 0.053589, -0.011499, -0.053407, 0.998451, 0.015592, 0.012316, -0.014954, 0.999812)
    }},
    { Time = 0.017, Data = {
      ["Head"] = CFrame.new(0.000000, 0.060987, -0.006889, 0.997369, 0.043980, -0.057632, -0.037150, 0.992711, 0.114649, 0.062254, -0.112206, 0.991733),
      ["LeftUpperArm"] = CFrame.new(-0.259026, -0.746945, 0.149776, 0.031850, -0.977535, -0.208355, 0.325374, 0.207246, -0.922595, 0.945049, -0.038409, 0.324665),
      ["LeftUpperLeg"] = CFrame.new(-0.210418, -0.284785, -0.593593, 0.946311, 0.194415, 0.258260, -0.296909, 0.206817, 0.932240, 0.127829, -0.958869, 0.253437),
      ["LowerTorso"] = CFrame.new(-0.004620, -0.983240, -2.564028, -0.999999, -0.000216, -0.001715, 0.000044, 0.988720, -0.149776, 0.001728, -0.149776, -0.988719),
      ["RightUpperArm"] = CFrame.new(0.195266, -0.707062, 0.124547, 0.102044, 0.991459, 0.081210, -0.299082, 0.108437, -0.948046, -0.948755, 0.072454, 0.307593),
      ["RightUpperLeg"] = CFrame.new(0.210423, -0.284803, -0.593579, 0.946311, -0.194415, -0.258260, 0.296909, 0.206817, 0.932240, -0.127829, -0.958869, 0.253437)
    }},
    { Time = 0.033, Data = {
      ["Head"] = CFrame.new(0.000000, 0.060987, -0.006889, 0.997369, 0.043983, -0.057630, -0.037147, 0.992701, 0.114735, 0.062256, -0.112292, 0.991723),
      ["LeftUpperArm"] = CFrame.new(-0.259016, -0.746897, 0.149775, 0.031870, -0.977496, -0.208531, 0.325214, 0.207426, -0.922611, 0.945103, -0.038413, 0.324506),
      ["LeftUpperLeg"] = CFrame.new(-0.210259, -0.284339, -0.594753, 0.946284, 0.194551, 0.258257, -0.297009, 0.207316, 0.932098, 0.127800, -0.958734, 0.253963),
      ["LowerTorso"] = CFrame.new(-0.004621, -0.983554, -2.564976, -0.999999, -0.000215, -0.001715, 0.000043, 0.988798, -0.149263, 0.001728, -0.149262, -0.988796),
      ["RightUpperArm"] = CFrame.new(0.195260, -0.707010, 0.124552, 0.102099, 0.991436, 0.081426, -0.298772, 0.108636, -0.948121, -0.948847, 0.072474, 0.307305),
      ["RightUpperLeg"] = CFrame.new(0.210264, -0.284357, -0.594739, 0.946284, -0.194551, -0.258257, 0.297009, 0.207316, 0.932098, -0.127800, -0.958734, 0.253963)
    }},
    { Time = 0.050, Data = {
      ["Head"] = CFrame.new(0.000000, 0.060987, -0.006889, 0.997369, 0.043990, -0.057625, -0.037139, 0.992672, 0.114992, 0.062261, -0.112549, 0.991694),
      ["LeftUpperArm"] = CFrame.new(-0.259008, -0.746866, 0.149748, 0.031732, -0.977467, -0.208689, 0.324861, 0.207544, -0.922709, 0.945229, -0.038516, 0.324126),
      ["LeftUpperLeg"] = CFrame.new(-0.209976, -0.283564, -0.596753, 0.946277, 0.194598, 0.258248, -0.297110, 0.208052, 0.931901, 0.127617, -0.958565, 0.254692),
      ["LowerTorso"] = CFrame.new(-0.004623, -0.984089, -2.566637, -0.999998, -0.000214, -0.001715, 0.000042, 0.988939, -0.148321, 0.001728, -0.148321, -0.988938),
      ["RightUpperArm"] = CFrame.new(0.195253, -0.706915, 0.124513, 0.102027, 0.991407, 0.081864, -0.298314, 0.108998, -0.948224, -0.948999, 0.072323, 0.306872),
      ["RightUpperLeg"] = CFrame.new(0.209981, -0.283582, -0.596739, 0.946277, -0.194598, -0.258248, 0.297110, 0.208052, 0.931901, -0.127617, -0.958565, 0.254692)
    }},
    { Time = 0.067, Data = {
      ["Head"] = CFrame.new(0.000000, 0.060987, -0.006888, 0.997369, 0.044000, -0.057617, -0.037128, 0.992632, 0.115335, 0.062267, -0.112893, 0.991654),
      ["LeftUpperArm"] = CFrame.new(-0.258988, -0.746771, 0.149728, 0.031693, -0.977388, -0.209067, 0.324476, 0.207904, -0.922763, 0.945363, -0.038592, 0.323728),
      ["LeftUpperLeg"] = CFrame.new(-0.209592, -0.282508, -0.599531, 0.946242, 0.194782, 0.258237, -0.297312, 0.209286, 0.931561, 0.127406, -0.958259, 0.255946),
      ["LowerTorso"] = CFrame.new(-0.004626, -0.984831, -2.568930, -0.999999, -0.000213, -0.001715, 0.000041, 0.989131, -0.147037, 0.001728, -0.147037, -0.989130),
      ["RightUpperArm"] = CFrame.new(0.195236, -0.706748, 0.124489, 0.102081, 0.991344, 0.082558, -0.297679, 0.109630, -0.948350, -0.949193, 0.072233, 0.306294),
      ["RightUpperLeg"] = CFrame.new(0.209597, -0.282526, -0.599517, 0.946242, -0.194782, -0.258237, 0.297312, 0.209286, 0.931561, -0.127406, -0.958259, 0.255946)
    }},
    { Time = 0.083, Data = {
      ["Head"] = CFrame.new(0.000000, 0.060987, -0.006888, 0.997369, 0.044013, -0.057608, -0.037115, 0.992583, 0.115765, 0.062275, -0.113322, 0.991605),
      ["LeftUpperArm"] = CFrame.new(-0.258965, -0.746669, 0.149699, 0.031584, -0.977301, -0.209490, 0.323882, 0.208292, -0.922884, 0.945570, -0.038702, 0.323109),
      ["LeftUpperLeg"] = CFrame.new(-0.209111, -0.281187, -0.603096, 0.946173, 0.195005, 0.258323, -0.297642, 0.210701, 0.931136, 0.127147, -0.957903, 0.257401),
      ["LowerTorso"] = CFrame.new(-0.004630, -0.985792, -2.571939, -0.999999, -0.000212, -0.001716, 0.000040, 0.989384, -0.145324, 0.001728, -0.145324, -0.989383),
      ["RightUpperArm"] = CFrame.new(0.195225, -0.706601, 0.124418, 0.101918, 0.991302, 0.083268, -0.296778, 0.110191, -0.948568, -0.949492, 0.071964, 0.305427),
      ["RightUpperLeg"] = CFrame.new(0.209116, -0.281204, -0.603082, 0.946173, -0.195005, -0.258323, 0.297642, 0.210701, 0.931136, -0.127147, -0.957903, 0.257401)
    }},
    { Time = 0.100, Data = {
      ["Head"] = CFrame.new(0.000000, 0.060987, -0.006888, 0.997369, 0.044030, -0.057594, -0.037096, 0.992513, 0.116365, 0.062287, -0.113923, 0.991535),
      ["LeftUpperArm"] = CFrame.new(-0.258937, -0.746551, 0.149643, 0.031395, -0.977196, -0.210004, 0.323289, 0.208741, -0.922990, 0.945779, -0.038915, 0.322470),
      ["LeftUpperLeg"] = CFrame.new(-0.208501, -0.279513, -0.607476, 0.946131, 0.195206, 0.258324, -0.297930, 0.212457, 0.930645, 0.126785, -0.957474, 0.259170),
      ["LowerTorso"] = CFrame.new(-0.004634, -0.986945, -2.575493, -0.999998, -0.000210, -0.001716, 0.000038, 0.989671, -0.143355, 0.001728, -0.143354, -0.989670),
      ["RightUpperArm"] = CFrame.new(0.195205, -0.706382, 0.124364, 0.101878, 0.991224, 0.084234, -0.295698, 0.111022, -0.948808, -0.949833, 0.071755, 0.304414),
      ["RightUpperLeg"] = CFrame.new(0.208506, -0.279531, -0.607461, 0.946131, -0.195206, -0.258324, 0.297930, 0.212457, 0.930645, -0.126785, -0.957474, 0.259170)
    }},
    { Time = 0.117, Data = {
      ["Head"] = CFrame.new(0.000000, 0.060987, -0.006888, 0.997369, 0.044048, -0.057581, -0.037077, 0.992444, 0.116966, 0.062298, -0.114524, 0.991465),
      ["LeftUpperArm"] = CFrame.new(-0.258903, -0.746402, 0.149595, 0.031225, -0.977068, -0.210627, 0.322470, 0.209309, -0.923148, 0.946064, -0.039096, 0.321611),
      ["LeftUpperLeg"] = CFrame.new(-0.207790, -0.277555, -0.612625, 0.946061, 0.195530, 0.258333, -0.298310, 0.214601, 0.930031, 0.126410, -0.956930, 0.261355),
      ["LowerTorso"] = CFrame.new(-0.004640, -0.988325, -2.579851, -0.999999, -0.000208, -0.001716, 0.000036, 0.990028, -0.140870, 0.001728, -0.140870, -0.990027),
      ["RightUpperArm"] = CFrame.new(0.195179, -0.706117, 0.124307, 0.101872, 0.991126, 0.085389, -0.294454, 0.112032, -0.949076, -0.950220, 0.071541, 0.303254),
      ["RightUpperLeg"] = CFrame.new(0.207795, -0.277573, -0.612611, 0.946061, -0.195530, -0.258333, 0.298310, 0.214601, 0.930031, -0.126410, -0.956930, 0.261355)
    }},
    { Time = 0.133, Data = {
      ["Head"] = CFrame.new(0.000000, 0.060987, -0.006888, 0.997365, 0.044156, -0.057559, -0.037139, 0.992350, 0.117741, 0.062317, -0.115293, 0.991375),
      ["LeftUpperArm"] = CFrame.new(-0.258864, -0.746229, 0.149547, 0.031063, -0.976920, -0.211337, 0.321570, 0.209965, -0.923313, 0.946376, -0.039279, 0.320671),
      ["LeftUpperLeg"] = CFrame.new(-0.206964, -0.275277, -0.618564, 0.945992, 0.195896, 0.258310, -0.298709, 0.217056, 0.929333, 0.125985, -0.956301, 0.263850),
      ["LowerTorso"] = CFrame.new(-0.004646, -0.989891, -2.584754, -0.999998, -0.000206, -0.001716, 0.000033, 0.990414, -0.138128, 0.001728, -0.138128, -0.990413),
      ["RightUpperArm"] = CFrame.new(0.195151, -0.705809, 0.124206, 0.101735, 0.991021, 0.086764, -0.293062, 0.113202, -0.949368, -0.950665, 0.071157, 0.301947),
      ["RightUpperLeg"] = CFrame.new(0.206969, -0.275295, -0.618549, 0.945992, -0.195896, -0.258310, 0.298709, 0.217056, 0.929333, -0.125985, -0.956301, 0.263850)
    }},
    { Time = 0.150, Data = {
      ["Head"] = CFrame.new(0.000000, 0.060987, -0.006889, 0.997365, 0.044178, -0.057541, -0.037115, 0.992259, 0.118514, 0.062332, -0.116066, 0.991284),
      ["LeftUpperArm"] = CFrame.new(-0.258819, -0.746033, 0.149499, 0.030910, -0.976751, -0.212135, 0.320589, 0.210711, -0.923484, 0.946714, -0.039463, 0.319649),
      ["LeftUpperLeg"] = CFrame.new(-0.206028, -0.272704, -0.625324, 0.945915, 0.196253, 0.258321, -0.299181, 0.219820, 0.928531, 0.125443, -0.955596, 0.266646),
      ["LowerTorso"] = CFrame.new(-0.004653, -0.991666, -2.590375, -0.999998, -0.000203, -0.001717, 0.000031, 0.990851, -0.134957, 0.001728, -0.134957, -0.990850),
      ["RightUpperArm"] = CFrame.new(0.195121, -0.705492, 0.124119, 0.101629, 0.990906, 0.088188, -0.291371, 0.114408, -0.949744, -0.951196, 0.070826, 0.300348),
      ["RightUpperLeg"] = CFrame.new(0.206033, -0.272722, -0.625310, 0.945915, -0.196253, -0.258321, 0.299181, 0.219820, 0.928531, -0.125443, -0.955596, 0.266646)
    }},
    { Time = 0.167, Data = {
      ["Head"] = CFrame.new(0.000000, 0.060987, -0.006888, 0.997370, 0.044201, -0.057434, -0.037090, 0.992146, 0.119456, 0.062263, -0.117012, 0.991177),
      ["LeftUpperArm"] = CFrame.new(-0.258768, -0.745814, 0.149415, 0.030604, -0.976558, -0.213068, 0.319400, 0.211546, -0.923706, 0.947126, -0.039784, 0.318387),
      ["LeftUpperLeg"] = CFrame.new(-0.204980, -0.269840, -0.632915, 0.945831, 0.196613, 0.258356, -0.299730, 0.222994, 0.927597, 0.124766, -0.954786, 0.269846),
      ["LowerTorso"] = CFrame.new(-0.004661, -0.993633, -2.596628, -0.999998, -0.000200, -0.001717, 0.000028, 0.991324, -0.131441, 0.001728, -0.131441, -0.991322),
      ["RightUpperArm"] = CFrame.new(0.195087, -0.705132, 0.124005, 0.101461, 0.990778, 0.089803, -0.289596, 0.115774, -0.950121, -0.951756, 0.070394, 0.298672),
      ["RightUpperLeg"] = CFrame.new(0.204985, -0.269858, -0.632901, 0.945831, -0.196613, -0.258356, 0.299730, 0.222994, 0.927597, -0.124766, -0.954786, 0.269846)
    }},
    { Time = 0.183, Data = {
      ["Head"] = CFrame.new(-0.000000, 0.060987, -0.006888, 0.997367, 0.044317, -0.057406, -0.037144, 0.992020, 0.120488, 0.062288, -0.118039, 0.991054),
      ["LeftUpperArm"] = CFrame.new(-0.258712, -0.745571, 0.149347, 0.030386, -0.976347, -0.214064, 0.318192, 0.212470, -0.923910, 0.947539, -0.040040, 0.317122),
      ["LeftUpperLeg"] = CFrame.new(-0.203828, -0.266658, -0.641226, 0.945726, 0.197120, 0.258352, -0.300304, 0.226342, 0.926600, 0.124176, -0.953894, 0.273253),
      ["LowerTorso"] = CFrame.new(-0.004670, -0.995801, -2.603603, -0.999999, -0.000196, -0.001717, 0.000024, 0.991839, -0.127496, 0.001728, -0.127496, -0.991838),
      ["RightUpperArm"] = CFrame.new(0.195045, -0.704703, 0.123890, 0.101338, 0.990617, 0.091699, -0.287573, 0.117407, -0.950535, -0.952383, 0.069955, 0.296772),
      ["RightUpperLeg"] = CFrame.new(0.203833, -0.266676, -0.641212, 0.945726, -0.197120, -0.258352, 0.300304, 0.226342, 0.926600, -0.124176, -0.953894, 0.273253)
    }},
    { Time = 0.200, Data = {
      ["Head"] = CFrame.new(-0.000000, 0.060987, -0.006888, 0.997367, 0.044349, -0.057381, -0.037109, 0.991885, 0.121603, 0.062309, -0.119154, 0.990919),
      ["LeftUpperArm"] = CFrame.new(-0.258654, -0.745321, 0.149271, 0.030093, -0.976128, -0.215102, 0.316774, 0.213421, -0.924179, 0.948024, -0.040328, 0.315634),
      ["LeftUpperLeg"] = CFrame.new(-0.202565, -0.263184, -0.650369, 0.945614, 0.197631, 0.258372, -0.300955, 0.230095, 0.925463, 0.123451, -0.952890, 0.277059),
      ["LowerTorso"] = CFrame.new(-0.004679, -0.998152, -2.611205, -0.999999, -0.000193, -0.001718, 0.000020, 0.992381, -0.123205, 0.001728, -0.123205, -0.992380),
      ["RightUpperArm"] = CFrame.new(0.195000, -0.704251, 0.123756, 0.101149, 0.990448, 0.093715, -0.285398, 0.119126, -0.950977, -0.953057, 0.069445, 0.294721),
      ["RightUpperLeg"] = CFrame.new(0.202570, -0.263201, -0.650355, 0.945614, -0.197631, -0.258372, 0.300955, 0.230095, 0.925463, -0.123451, -0.952890, 0.277059)
    }},
    { Time = 0.217, Data = {
      ["Head"] = CFrame.new(0.000000, 0.060987, -0.006888, 0.997363, 0.044472, -0.057347, -0.037155, 0.991724, 0.122893, 0.062338, -0.120438, 0.990762),
      ["LeftUpperArm"] = CFrame.new(-0.258586, -0.745032, 0.149168, 0.029725, -0.975870, -0.216319, 0.315275, 0.214521, -0.924436, 0.948535, -0.040721, 0.314044),
      ["LeftUpperLeg"] = CFrame.new(-0.201188, -0.259388, -0.660300, 0.945502, 0.198185, 0.258358, -0.301625, 0.234148, 0.924228, 0.122674, -0.951786, 0.281165),
      ["LowerTorso"] = CFrame.new(-0.004690, -1.000684, -2.619444, -0.999998, -0.000189, -0.001718, 0.000016, 0.992946, -0.118569, 0.001729, -0.118569, -0.992944),
      ["RightUpperArm"] = CFrame.new(0.194951, -0.703771, 0.123628, 0.100984, 0.990260, 0.095846, -0.282988, 0.120950, -0.951467, -0.953792, 0.068959, 0.292446),
      ["RightUpperLeg"] = CFrame.new(0.201192, -0.259406, -0.660286, 0.945502, -0.198185, -0.258358, 0.301625, 0.234148, 0.924228, -0.122674, -0.951786, 0.281165)
    }},
    { Time = 0.233, Data = {
      ["Head"] = CFrame.new(0.000000, 0.060987, -0.006888, 0.997368, 0.044504, -0.057232, -0.037120, 0.991565, 0.124178, 0.062276, -0.121727, 0.990608),
      ["LeftUpperArm"] = CFrame.new(-0.258516, -0.744735, 0.149074, 0.029362, -0.975607, -0.217553, 0.313628, 0.215648, -0.924734, 0.949092, -0.041079, 0.312309),
      ["LeftUpperLeg"] = CFrame.new(-0.199699, -0.255300, -0.671062, 0.945382, 0.198744, 0.258368, -0.302369, 0.238600, 0.922845, 0.121763, -0.950563, 0.285662),
      ["LowerTorso"] = CFrame.new(-0.004701, -1.003390, -2.628317, -0.999999, -0.000184, -0.001719, 0.000012, 0.993528, -0.113588, 0.001729, -0.113588, -0.993526),
      ["RightUpperArm"] = CFrame.new(0.194893, -0.703227, 0.123492, 0.100839, 0.990041, 0.098232, -0.280476, 0.123020, -0.951945, -0.954549, 0.068442, 0.290088),
      ["RightUpperLeg"] = CFrame.new(0.199704, -0.255317, -0.671048, 0.945382, -0.198744, -0.258368, 0.302369, 0.238600, 0.922845, -0.121763, -0.950563, 0.285662)
    }},
    { Time = 0.250, Data = {
      ["Head"] = CFrame.new(0.000000, 0.060987, -0.006888, 0.997368, 0.044546, -0.057199, -0.037074, 0.991383, 0.125636, 0.062303, -0.123185, 0.990426),
      ["LeftUpperArm"] = CFrame.new(-0.258440, -0.744416, 0.148962, 0.028921, -0.975319, -0.218896, 0.311834, 0.216862, -0.925057, 0.949696, -0.041505, 0.310410),
      ["LeftUpperLeg"] = CFrame.new(-0.198110, -0.250922, -0.682587, 0.945234, 0.199410, 0.258396, -0.303196, 0.243318, 0.921341, 0.120852, -0.949227, 0.290453),
      ["LowerTorso"] = CFrame.new(-0.004713, -1.006276, -2.637908, -0.999999, -0.000180, -0.001719, 0.000007, 0.994132, -0.108175, 0.001729, -0.108175, -0.994130),
      ["RightUpperArm"] = CFrame.new(0.194832, -0.702656, 0.123344, 0.100639, 0.989808, 0.100759, -0.277660, 0.125191, -0.952487, -0.955393, 0.067880, 0.287430),
      ["RightUpperLeg"] = CFrame.new(0.198115, -0.250940, -0.682573, 0.945234, -0.199410, -0.258396, 0.303196, 0.243318, 0.921341, -0.120852, -0.949227, 0.290453)
    }},
    { Time = 0.267, Data = {
      ["Head"] = CFrame.new(0.000000, 0.060987, -0.006888, 0.997365, 0.044674, -0.057161, -0.037114, 0.991196, 0.127096, 0.062336, -0.124640, 0.990242),
      ["LeftUpperArm"] = CFrame.new(-0.258350, -0.744034, 0.148858, 0.028573, -0.974978, -0.220456, 0.310006, 0.218314, -0.925330, 0.950305, -0.041903, 0.308487),
      ["LeftUpperLeg"] = CFrame.new(-0.196507, -0.246510, -0.694140, 0.945113, 0.200011, 0.258372, -0.303953, 0.248048, 0.919829, 0.119887, -0.947876, 0.295227),
      ["LowerTorso"] = CFrame.new(-0.004725, -1.009132, -2.647506, -0.999999, -0.000175, -0.001720, 0.000003, 0.994706, -0.102760, 0.001729, -0.102759, -0.994705),
      ["RightUpperArm"] = CFrame.new(0.194768, -0.702062, 0.123178, 0.100365, 0.989563, 0.103403, -0.274689, 0.127447, -0.953049, -0.956281, 0.067249, 0.284614),
      ["RightUpperLeg"] = CFrame.new(0.196512, -0.246528, -0.694126, 0.945113, -0.200011, -0.258372, 0.303953, 0.248048, 0.919829, -0.119887, -0.947876, 0.295227)
    }},
    { Time = 0.283, Data = {
      ["Head"] = CFrame.new(0.000000, 0.060987, -0.006888, 0.997367, 0.044802, -0.057033, -0.037154, 0.990984, 0.128726, 0.062286, -0.126268, 0.990039),
      ["LeftUpperArm"] = CFrame.new(-0.258263, -0.743669, 0.148745, 0.028136, -0.974648, -0.221968, 0.308045, 0.219703, -0.925656, 0.950956, -0.042331, 0.306417),
      ["LeftUpperLeg"] = CFrame.new(-0.195015, -0.242388, -0.704862, 0.945000, 0.200607, 0.258324, -0.304631, 0.252353, 0.918433, 0.119056, -0.946612, 0.299584),
      ["LowerTorso"] = CFrame.new(-0.004736, -1.011767, -2.656469, -0.999999, -0.000171, -0.001720, -0.000002, 0.995217, -0.097686, 0.001729, -0.097686, -0.995216),
      ["RightUpperArm"] = CFrame.new(0.194693, -0.701401, 0.123011, 0.100117, 0.989279, 0.106321, -0.271463, 0.129963, -0.953634, -0.957228, 0.066613, 0.281564),
      ["RightUpperLeg"] = CFrame.new(0.195020, -0.242406, -0.704848, 0.945000, -0.200607, -0.258324, 0.304631, 0.252353, 0.918433, -0.119056, -0.946612, 0.299584)
    }},
    { Time = 0.300, Data = {
      ["Head"] = CFrame.new(0.000000, 0.060987, -0.006888, 0.997367, 0.044851, -0.056994, -0.037100, 0.990762, 0.130441, 0.062318, -0.127983, 0.989817),
      ["LeftUpperArm"] = CFrame.new(-0.258164, -0.743258, 0.148632, 0.027709, -0.974275, -0.223651, 0.305920, 0.221267, -0.925988, 0.951654, -0.042761, 0.304181),
      ["LeftUpperLeg"] = CFrame.new(-0.193638, -0.238589, -0.714805, 0.944887, 0.201175, 0.258296, -0.305294, 0.256441, 0.917079, 0.118256, -0.945393, 0.303725),
      ["LowerTorso"] = CFrame.new(-0.004746, -1.014179, -2.664716, -0.999998, -0.000167, -0.001721, -0.000006, 0.995662, -0.093040, 0.001729, -0.093040, -0.995661),
      ["RightUpperArm"] = CFrame.new(0.194615, -0.700717, 0.122826, 0.099789, 0.988981, 0.109352, -0.268079, 0.132560, -0.954234, -0.958215, 0.065907, 0.278353),
      ["RightUpperLeg"] = CFrame.new(0.193642, -0.238607, -0.714792, 0.944887, -0.201175, -0.258296, 0.305294, 0.256441, 0.917079, -0.118256, -0.945393, 0.303725)
    }},
    { Time = 0.317, Data = {
      ["Head"] = CFrame.new(0.000000, 0.060987, -0.006888, 0.997368, 0.044981, -0.056863, -0.037138, 0.990533, 0.132156, 0.062270, -0.129696, 0.989597),
      ["LeftUpperArm"] = CFrame.new(-0.258070, -0.742871, 0.148502, 0.027184, -0.973918, -0.225266, 0.303808, 0.222739, -0.926330, 0.952345, -0.043256, 0.301939),
      ["LeftUpperLeg"] = CFrame.new(-0.192375, -0.235107, -0.723952, 0.944773, 0.201687, 0.258313, -0.305928, 0.260111, 0.915833, 0.117521, -0.944280, 0.307448),
      ["LowerTorso"] = CFrame.new(-0.004756, -1.016382, -2.672332, -0.999998, -0.000163, -0.001721, -0.000010, 0.996055, -0.088738, 0.001729, -0.088738, -0.996053),
      ["RightUpperArm"] = CFrame.new(0.194532, -0.700017, 0.122651, 0.099518, 0.988665, 0.112419, -0.264821, 0.135221, -0.954770, -0.959149, 0.065246, 0.275276),
      ["RightUpperLeg"] = CFrame.new(0.192380, -0.235124, -0.723938, 0.944773, -0.201687, -0.258313, 0.305928, 0.260111, 0.915833, -0.117521, -0.944280, 0.307448)
    }},
    { Time = 0.333, Data = {
      ["Head"] = CFrame.new(0.000000, 0.060987, -0.006888, 0.997368, 0.045028, -0.056826, -0.037087, 0.990316, 0.133784, 0.062300, -0.131324, 0.989380),
      ["LeftUpperArm"] = CFrame.new(-0.257980, -0.742508, 0.148373, 0.026646, -0.973579, -0.226791, 0.301776, 0.224121, -0.926661, 0.953006, -0.043748, 0.299775),
      ["LeftUpperLeg"] = CFrame.new(-0.191228, -0.231944, -0.732310, 0.944660, 0.202156, 0.258361, -0.306541, 0.263468, 0.914668, 0.116836, -0.943248, 0.310857),
      ["LowerTorso"] = CFrame.new(-0.004765, -1.018379, -2.679318, -0.999999, -0.000159, -0.001721, -0.000013, 0.996400, -0.084778, 0.001729, -0.084778, -0.996398),
      ["RightUpperArm"] = CFrame.new(0.194452, -0.699361, 0.122486, 0.099214, 0.988362, 0.115315, -0.261572, 0.137716, -0.955308, -0.960071, 0.064617, 0.272191),
      ["RightUpperLeg"] = CFrame.new(0.191233, -0.231961, -0.732297, 0.944660, -0.202156, -0.258361, 0.306541, 0.263468, 0.914668, -0.116836, -0.943248, 0.310857)
    }},
    { Time = 0.350, Data = {
      ["Head"] = CFrame.new(0.000000, 0.060987, -0.006888, 0.997365, 0.045158, -0.056786, -0.037124, 0.990105, 0.135329, 0.062335, -0.132864, 0.989172),
      ["LeftUpperArm"] = CFrame.new(-0.257892, -0.742145, 0.148297, 0.026347, -0.973247, -0.228244, 0.299934, 0.225500, -0.926925, 0.953596, -0.044037, 0.297851),
      ["LeftUpperLeg"] = CFrame.new(-0.190177, -0.229043, -0.739873, 0.944581, 0.202570, 0.258325, -0.307018, 0.266542, 0.913617, 0.116217, -0.942296, 0.313963),
      ["LowerTorso"] = CFrame.new(-0.004773, -1.020168, -2.685584, -0.999998, -0.000156, -0.001722, -0.000016, 0.996694, -0.081248, 0.001729, -0.081248, -0.996692),
      ["RightUpperArm"] = CFrame.new(0.194376, -0.698753, 0.122341, 0.098946, 0.988073, 0.117992, -0.258551, 0.140029, -0.955794, -0.960917, 0.064065, 0.269323),
      ["RightUpperLeg"] = CFrame.new(0.190182, -0.229061, -0.739860, 0.944581, -0.202570, -0.258325, 0.307018, 0.266542, 0.913617, -0.116217, -0.942296, 0.313963)
    }},
    { Time = 0.367, Data = {
      ["Head"] = CFrame.new(0.000000, 0.060987, -0.006889, 0.997370, 0.045192, -0.056668, -0.037087, 0.989918, 0.136698, 0.062275, -0.134237, 0.988991),
      ["LeftUpperArm"] = CFrame.new(-0.257814, -0.741829, 0.148187, 0.025866, -0.972949, -0.229567, 0.298125, 0.226701, -0.927215, 0.954176, -0.044456, 0.295924),
      ["LeftUpperLeg"] = CFrame.new(-0.189241, -0.226463, -0.746647, 0.944503, 0.202940, 0.258321, -0.307474, 0.269306, 0.912652, 0.115647, -0.941429, 0.316760),
      ["LowerTorso"] = CFrame.new(-0.004780, -1.021760, -2.691223, -0.999999, -0.000154, -0.001722, -0.000019, 0.996949, -0.078062, 0.001728, -0.078062, -0.996947),
      ["RightUpperArm"] = CFrame.new(0.194302, -0.698173, 0.122207, 0.098715, 0.987790, 0.120521, -0.255828, 0.142233, -0.956202, -0.961669, 0.063559, 0.266745),
      ["RightUpperLeg"] = CFrame.new(0.189246, -0.226481, -0.746634, 0.944503, -0.202940, -0.258321, 0.307474, 0.269306, 0.912652, -0.115647, -0.941429, 0.316760)
    }},
    { Time = 0.383, Data = {
      ["Head"] = CFrame.new(0.000000, 0.060987, -0.006888, 0.997366, 0.045317, -0.056631, -0.037130, 0.989726, 0.138071, 0.062306, -0.135605, 0.988802),
      ["LeftUpperArm"] = CFrame.new(-0.257732, -0.741498, 0.148102, 0.025544, -0.972640, -0.230909, 0.296508, 0.227962, -0.927424, 0.954689, -0.044777, 0.294219),
      ["LeftUpperLeg"] = CFrame.new(-0.188417, -0.224179, -0.752599, 0.944432, 0.203320, 0.258281, -0.307862, 0.271764, 0.911793, 0.115194, -0.940641, 0.319257),
      ["LowerTorso"] = CFrame.new(-0.004786, -1.023159, -2.696225, -0.999998, -0.000151, -0.001722, -0.000021, 0.997167, -0.075220, 0.001728, -0.075219, -0.997165),
      ["RightUpperArm"] = CFrame.new(0.194233, -0.697641, 0.122076, 0.098449, 0.987529, 0.122859, -0.253267, 0.144258, -0.956580, -0.962374, 0.063058, 0.264311),
      ["RightUpperLeg"] = CFrame.new(0.188422, -0.224196, -0.752586, 0.944432, -0.203320, -0.258281, 0.307862, 0.271764, 0.911793, -0.115194, -0.940641, 0.319257)
    }},
    { Time = 0.400, Data = {
      ["Head"] = CFrame.new(0.000000, 0.060987, -0.006888, 0.997366, 0.045351, -0.056603, -0.037092, 0.989560, 0.139270, 0.062329, -0.136804, 0.988635),
      ["LeftUpperArm"] = CFrame.new(-0.257665, -0.741229, 0.148028, 0.025206, -0.972387, -0.232009, 0.294988, 0.228984, -0.927657, 0.955168, -0.045058, 0.292614),
      ["LeftUpperLeg"] = CFrame.new(-0.187693, -0.222179, -0.757780, 0.944389, 0.203578, 0.258236, -0.308157, 0.273844, 0.911070, 0.114758, -0.939982, 0.321349),
      ["LowerTorso"] = CFrame.new(-0.004877, -1.024360, -2.700514, -0.999999, -0.000063, -0.001725, 0.000063, 0.997346, -0.072807, 0.001725, -0.072807, -0.997345),
      ["RightUpperArm"] = CFrame.new(0.194170, -0.697155, 0.121946, 0.098150, 0.987289, 0.125007, -0.250872, 0.146104, -0.956931, -0.963032, 0.062562, 0.262023),
      ["RightUpperLeg"] = CFrame.new(0.187698, -0.222197, -0.757767, 0.944389, -0.203578, -0.258236, 0.308157, 0.273844, 0.911070, -0.114758, -0.939982, 0.321349)
    }},
    { Time = 0.417, Data = {
      ["Head"] = CFrame.new(0.000000, 0.060987, -0.006888, 0.997368, 0.045463, -0.056486, -0.037149, 0.989400, 0.140384, 0.062269, -0.137916, 0.988485),
      ["LeftUpperArm"] = CFrame.new(-0.257599, -0.740968, 0.147945, 0.024859, -0.972138, -0.233089, 0.293615, 0.229977, -0.927847, 0.955600, -0.045373, 0.291151),
      ["LeftUpperLeg"] = CFrame.new(-0.187097, -0.220533, -0.762147, 0.944318, 0.203860, 0.258274, -0.308499, 0.275592, 0.910427, 0.114422, -0.939409, 0.323137),
      ["LowerTorso"] = CFrame.new(-0.004882, -1.025375, -2.704165, -0.999999, -0.000061, -0.001725, 0.000061, 0.997495, -0.070740, 0.001725, -0.070740, -0.997493),
      ["RightUpperArm"] = CFrame.new(0.194110, -0.696712, 0.121842, 0.097909, 0.987063, 0.126964, -0.248556, 0.147787, -0.957277, -0.963656, 0.062168, 0.259811),
      ["RightUpperLeg"] = CFrame.new(0.187102, -0.220550, -0.762134, 0.944318, -0.203860, -0.258274, 0.308499, 0.275592, 0.910427, -0.114422, -0.939409, 0.323137)
    }},
    { Time = 0.433, Data = {
      ["Head"] = CFrame.new(-0.000000, 0.060987, -0.006888, 0.997368, 0.045492, -0.056462, -0.037117, 0.989255, 0.141412, 0.062289, -0.138944, 0.988339),
      ["LeftUpperArm"] = CFrame.new(-0.257538, -0.740730, 0.147863, 0.024504, -0.971909, -0.234080, 0.292323, 0.230882, -0.928031, 0.956006, -0.045687, 0.289769),
      ["LeftUpperLeg"] = CFrame.new(-0.186603, -0.219171, -0.765742, 0.944274, 0.204020, 0.258306, -0.308751, 0.276965, 0.909925, 0.114102, -0.938971, 0.324523),
      ["LowerTorso"] = CFrame.new(-0.004886, -1.026198, -2.707100, -0.999999, -0.000060, -0.001725, 0.000060, 0.997610, -0.069103, 0.001725, -0.069103, -0.997608),
      ["RightUpperArm"] = CFrame.new(0.194052, -0.696278, 0.121742, 0.097715, 0.986839, 0.128846, -0.246610, 0.149438, -0.957524, -0.964176, 0.061790, 0.257967),
      ["RightUpperLeg"] = CFrame.new(0.186608, -0.219189, -0.765729, 0.944274, -0.204020, -0.258306, 0.308751, 0.276965, 0.909925, -0.114102, -0.938971, 0.324523)
    }},
    { Time = 0.450, Data = {
      ["Head"] = CFrame.new(0.000000, 0.060987, -0.006888, 0.997368, 0.045519, -0.056441, -0.037087, 0.989121, 0.142354, 0.062306, -0.139886, 0.988205),
      ["LeftUpperArm"] = CFrame.new(-0.257484, -0.740515, 0.147799, 0.024224, -0.971703, -0.234962, 0.291177, 0.231699, -0.928187, 0.956363, -0.045931, 0.288550),
      ["LeftUpperLeg"] = CFrame.new(-0.186205, -0.218077, -0.768549, 0.944266, 0.204137, 0.258242, -0.308874, 0.278165, 0.909517, 0.113833, -0.938591, 0.325715),
      ["LowerTorso"] = CFrame.new(-0.004889, -1.026843, -2.709486, -0.999998, -0.000058, -0.001725, 0.000058, 0.997704, -0.067724, 0.001725, -0.067724, -0.997703),
      ["RightUpperArm"] = CFrame.new(0.194001, -0.695909, 0.121652, 0.097496, 0.986647, 0.130471, -0.244764, 0.150840, -0.957778, -0.964668, 0.061445, 0.256202),
      ["RightUpperLeg"] = CFrame.new(0.186210, -0.218094, -0.768536, 0.944266, -0.204137, -0.258242, 0.308874, 0.278165, 0.909517, -0.113833, -0.938591, 0.325715)
    }},
    { Time = 0.467, Data = {
      ["Head"] = CFrame.new(-0.000000, 0.060987, -0.006888, 0.997364, 0.045630, -0.056415, -0.037146, 0.988995, 0.143212, 0.062329, -0.140739, 0.988083),
      ["LeftUpperArm"] = CFrame.new(-0.257436, -0.740324, 0.147753, 0.024019, -0.971520, -0.235735, 0.290176, 0.232427, -0.928319, 0.956672, -0.046107, 0.287495),
      ["LeftUpperLeg"] = CFrame.new(-0.185936, -0.217333, -0.770533, 0.944231, 0.204264, 0.258271, -0.309038, 0.278936, 0.909225, 0.113681, -0.938334, 0.326506),
      ["LowerTorso"] = CFrame.new(-0.004891, -1.027294, -2.711068, -0.999998, -0.000058, -0.001725, 0.000058, 0.997762, -0.066862, 0.001725, -0.066862, -0.997761),
      ["RightUpperArm"] = CFrame.new(0.193953, -0.695564, 0.121580, 0.097339, 0.986462, 0.131977, -0.243067, 0.152154, -0.958002, -0.965113, 0.061171, 0.254587),
      ["RightUpperLeg"] = CFrame.new(0.185941, -0.217350, -0.770520, 0.944231, -0.204264, -0.258271, 0.309038, 0.278936, 0.909225, -0.113681, -0.938334, 0.326506)
    }},
    { Time = 0.483, Data = {
      ["Head"] = CFrame.new(0.000000, 0.060987, -0.006888, 0.997369, 0.045643, -0.056313, -0.037131, 0.988896, 0.143895, 0.062255, -0.141426, 0.987989),
      ["LeftUpperArm"] = CFrame.new(-0.257393, -0.740156, 0.147707, 0.023809, -0.971359, -0.236421, 0.289258, 0.233066, -0.928445, 0.956955, -0.046282, 0.286522),
      ["LeftUpperLeg"] = CFrame.new(-0.185764, -0.216853, -0.771720, 0.944231, 0.204334, 0.258216, -0.309069, 0.279436, 0.909061, 0.113597, -0.938170, 0.327005),
      ["LowerTorso"] = CFrame.new(-0.004892, -1.027571, -2.712102, -0.999998, -0.000057, -0.001725, 0.000057, 0.997802, -0.066259, 0.001725, -0.066259, -0.997801),
      ["RightUpperArm"] = CFrame.new(0.193914, -0.695287, 0.121509, 0.097149, 0.986316, 0.133205, -0.241624, 0.153207, -0.958199, -0.965495, 0.060903, 0.253201),
      ["RightUpperLeg"] = CFrame.new(0.185769, -0.216870, -0.771707, 0.944231, -0.204334, -0.258216, 0.309069, 0.279436, 0.909061, -0.113597, -0.938170, 0.327005)
    }},
    { Time = 0.500, Data = {
      ["Head"] = CFrame.new(0.000000, 0.060987, -0.006888, 0.997369, 0.045663, -0.056297, -0.037109, 0.988797, 0.144580, 0.062268, -0.142111, 0.987890),
      ["LeftUpperArm"] = CFrame.new(-0.257356, -0.740011, 0.147661, 0.023592, -0.971218, -0.237021, 0.288421, 0.233618, -0.928567, 0.957213, -0.046455, 0.285631),
      ["LeftUpperLeg"] = CFrame.new(-0.185707, -0.216694, -0.772119, 0.944231, 0.204362, 0.258194, -0.309081, 0.279635, 0.908996, 0.113564, -0.938105, 0.327205),
      ["LowerTorso"] = CFrame.new(-0.004892, -1.027661, -2.712419, -0.999998, -0.000057, -0.001725, 0.000057, 0.997814, -0.066086, 0.001725, -0.066086, -0.997812),
      ["RightUpperArm"] = CFrame.new(0.193875, -0.695014, 0.121450, 0.097025, 0.986168, 0.134384, -0.240400, 0.154244, -0.958341, -0.965813, 0.060677, 0.252040),
      ["RightUpperLeg"] = CFrame.new(0.185712, -0.216711, -0.772106, 0.944231, -0.204362, -0.258194, 0.309081, 0.279635, 0.908996, -0.113564, -0.938105, 0.327205)
    }},
    { Time = 0.517, Data = {
      ["Head"] = CFrame.new(0.000000, 0.060987, -0.006888, 0.997369, 0.045677, -0.056285, -0.037093, 0.988722, 0.145094, 0.062278, -0.142624, 0.987816),
      ["LeftUpperArm"] = CFrame.new(-0.257321, -0.739872, 0.147624, 0.023453, -0.971085, -0.237580, 0.287797, 0.234143, -0.928628, 0.957404, -0.046596, 0.284967),
      ["LeftUpperLeg"] = CFrame.new(-0.185764, -0.216853, -0.771720, 0.944231, 0.204334, 0.258216, -0.309069, 0.279436, 0.909061, 0.113597, -0.938170, 0.327005),
      ["LowerTorso"] = CFrame.new(-0.004892, -1.027571, -2.712102, -0.999998, -0.000057, -0.001725, 0.000057, 0.997802, -0.066259, 0.001725, -0.066259, -0.997801),
      ["RightUpperArm"] = CFrame.new(0.193846, -0.694806, 0.121399, 0.096880, 0.986056, 0.135308, -0.239278, 0.155035, -0.958494, -0.966106, 0.060483, 0.250961),
      ["RightUpperLeg"] = CFrame.new(0.185769, -0.216870, -0.771707, 0.944231, -0.204334, -0.258216, 0.309069, 0.279436, 0.909061, -0.113597, -0.938170, 0.327005)
    }},
    { Time = 0.533, Data = {
      ["Head"] = CFrame.new(0.000000, 0.060987, -0.006888, 0.997369, 0.045690, -0.056275, -0.037080, 0.988660, 0.145522, 0.062286, -0.143052, 0.987753),
      ["LeftUpperArm"] = CFrame.new(-0.257295, -0.739774, 0.147597, 0.023309, -0.970989, -0.237985, 0.287189, 0.234519, -0.928721, 0.957590, -0.046699, 0.284324),
      ["LeftUpperLeg"] = CFrame.new(-0.185936, -0.217333, -0.770533, 0.944231, 0.204264, 0.258271, -0.309038, 0.278936, 0.909225, 0.113681, -0.938334, 0.326506),
      ["LowerTorso"] = CFrame.new(-0.004891, -1.027294, -2.711066, -0.999998, -0.000058, -0.001725, 0.000058, 0.997762, -0.066862, 0.001725, -0.066862, -0.997761),
      ["RightUpperArm"] = CFrame.new(0.193820, -0.694624, 0.121359, 0.096795, 0.985956, 0.136093, -0.238461, 0.155725, -0.958586, -0.966316, 0.060333, 0.250185),
      ["RightUpperLeg"] = CFrame.new(0.185941, -0.217350, -0.770520, 0.944231, -0.204264, -0.258271, 0.309038, 0.278936, 0.909225, -0.113681, -0.938334, 0.326506)
    }},
    { Time = 0.550, Data = {
      ["Head"] = CFrame.new(0.000000, 0.060987, -0.006888, 0.997366, 0.045785, -0.056261, -0.037155, 0.988606, 0.145866, 0.062299, -0.143392, 0.987703),
      ["LeftUpperArm"] = CFrame.new(-0.257272, -0.739682, 0.147578, 0.023243, -0.970901, -0.238350, 0.286795, 0.234869, -0.928755, 0.957710, -0.046771, 0.283908),
      ["LeftUpperLeg"] = CFrame.new(-0.186205, -0.218077, -0.768549, 0.944266, 0.204137, 0.258242, -0.308874, 0.278165, 0.909517, 0.113833, -0.938591, 0.325715),
      ["LowerTorso"] = CFrame.new(-0.004889, -1.026843, -2.709485, -0.999998, -0.000058, -0.001725, 0.000058, 0.997704, -0.067724, 0.001725, -0.067724, -0.997703),
      ["RightUpperArm"] = CFrame.new(0.193801, -0.694488, 0.121321, 0.096690, 0.985883, 0.136693, -0.237814, 0.156242, -0.958662, -0.966486, 0.060186, 0.249564),
      ["RightUpperLeg"] = CFrame.new(0.186210, -0.218094, -0.768536, 0.944266, -0.204137, -0.258242, 0.308874, 0.278165, 0.909517, -0.113833, -0.938591, 0.325715)
    }},
    { Time = 0.567, Data = {
      ["Head"] = CFrame.new(-0.000000, 0.060987, -0.006888, 0.997366, 0.045793, -0.056255, -0.037147, 0.988569, 0.146123, 0.062303, -0.143648, 0.987666),
      ["LeftUpperArm"] = CFrame.new(-0.257259, -0.739635, 0.147542, 0.023085, -0.970852, -0.238564, 0.286501, 0.235044, -0.928801, 0.957802, -0.046907, 0.283576),
      ["LeftUpperLeg"] = CFrame.new(-0.186603, -0.219172, -0.765742, 0.944274, 0.204020, 0.258306, -0.308751, 0.276965, 0.909925, 0.114102, -0.938971, 0.324523),
      ["LowerTorso"] = CFrame.new(-0.004886, -1.026198, -2.707100, -0.999999, -0.000060, -0.001725, 0.000060, 0.997610, -0.069103, 0.001725, -0.069103, -0.997608),
      ["RightUpperArm"] = CFrame.new(0.193786, -0.694394, 0.121308, 0.096655, 0.985829, 0.137107, -0.237251, 0.156601, -0.958743, -0.966628, 0.060138, 0.249026),
      ["RightUpperLeg"] = CFrame.new(0.186608, -0.219189, -0.765729, 0.944274, -0.204020, -0.258306, 0.308751, 0.276965, 0.909925, -0.114102, -0.938971, 0.324523)
    }},
    { Time = 0.583, Data = {
      ["Head"] = CFrame.new(0.000000, 0.060987, -0.006888, 0.997366, 0.045797, -0.056251, -0.037141, 0.988544, 0.146294, 0.062307, -0.143820, 0.987641),
      ["LeftUpperArm"] = CFrame.new(-0.257248, -0.739590, 0.147542, 0.023094, -0.970810, -0.238736, 0.286335, 0.235219, -0.928808, 0.957851, -0.046909, 0.283409),
      ["LeftUpperLeg"] = CFrame.new(-0.187097, -0.220533, -0.762147, 0.944318, 0.203860, 0.258274, -0.308499, 0.275592, 0.910427, 0.114422, -0.939409, 0.323137),
      ["LowerTorso"] = CFrame.new(-0.004882, -1.025375, -2.704165, -0.999999, -0.000061, -0.001725, 0.000061, 0.997495, -0.070740, 0.001725, -0.070740, -0.997493),
      ["RightUpperArm"] = CFrame.new(0.193776, -0.694326, 0.121307, 0.096680, 0.985788, 0.137383, -0.236995, 0.156860, -0.958764, -0.966688, 0.060134, 0.248792),
      ["RightUpperLeg"] = CFrame.new(0.187102, -0.220550, -0.762134, 0.944318, -0.203860, -0.258274, 0.308499, 0.275592, 0.910427, -0.114422, -0.939409, 0.323137)
    }},
    { Time = 0.600, Data = {
      ["Head"] = CFrame.new(0.000000, 0.060987, -0.006888, 0.997366, 0.045797, -0.056251, -0.037141, 0.988544, 0.146294, 0.062307, -0.143820, 0.987641),
      ["LeftUpperArm"] = CFrame.new(-0.257251, -0.739606, 0.147534, 0.023010, -0.970823, -0.238690, 0.286204, 0.235157, -0.928864, 0.957892, -0.046941, 0.283265),
      ["LeftUpperLeg"] = CFrame.new(-0.187693, -0.222179, -0.757780, 0.944389, 0.203578, 0.258236, -0.308157, 0.273844, 0.911070, 0.114758, -0.939982, 0.321349),
      ["LowerTorso"] = CFrame.new(-0.004877, -1.024360, -2.700514, -0.999999, -0.000063, -0.001725, 0.000063, 0.997346, -0.072807, 0.001725, -0.072807, -0.997345),
      ["RightUpperArm"] = CFrame.new(0.193772, -0.694303, 0.121307, 0.096689, 0.985775, 0.137475, -0.236910, 0.156946, -0.958771, -0.966708, 0.060133, 0.248715),
      ["RightUpperLeg"] = CFrame.new(0.187698, -0.222197, -0.757767, 0.944389, -0.203578, -0.258236, 0.308157, 0.273844, 0.911070, -0.114758, -0.939982, 0.321349)
    }},
    { Time = 0.617, Data = {
      ["Head"] = CFrame.new(0.000000, 0.060987, -0.006888, 0.997366, 0.045795, -0.056253, -0.037144, 0.988556, 0.146209, 0.062305, -0.143734, 0.987653),
      ["LeftUpperArm"] = CFrame.new(-0.257253, -0.739613, 0.147542, 0.023089, -0.970831, -0.238650, 0.286418, 0.235131, -0.928805, 0.957826, -0.046908, 0.283492),
      ["LeftUpperLeg"] = CFrame.new(-0.188417, -0.224179, -0.752599, 0.944432, 0.203320, 0.258281, -0.307862, 0.271764, 0.911793, 0.115194, -0.940641, 0.319257),
      ["LowerTorso"] = CFrame.new(-0.004786, -1.023159, -2.696226, -0.999998, -0.000151, -0.001722, -0.000021, 0.997167, -0.075220, 0.001728, -0.075219, -0.997165),
      ["RightUpperArm"] = CFrame.new(0.193779, -0.694349, 0.121307, 0.096672, 0.985802, 0.137291, -0.237081, 0.156774, -0.958757, -0.966668, 0.060136, 0.248870),
      ["RightUpperLeg"] = CFrame.new(0.188422, -0.224196, -0.752586, 0.944432, -0.203320, -0.258281, 0.307862, 0.271764, 0.911793, -0.115194, -0.940641, 0.319257)
    }},
    { Time = 0.633, Data = {
      ["Head"] = CFrame.new(0.000000, 0.060987, -0.006888, 0.997366, 0.045788, -0.056259, -0.037152, 0.988594, 0.145952, 0.062300, -0.143477, 0.987691),
      ["LeftUpperArm"] = CFrame.new(-0.257272, -0.739682, 0.147578, 0.023243, -0.970901, -0.238350, 0.286795, 0.234869, -0.928755, 0.957710, -0.046771, 0.283908),
      ["LeftUpperLeg"] = CFrame.new(-0.189241, -0.226463, -0.746647, 0.944503, 0.202940, 0.258321, -0.307474, 0.269306, 0.912652, 0.115647, -0.941429, 0.316760),
      ["LowerTorso"] = CFrame.new(-0.004780, -1.021760, -2.691223, -0.999999, -0.000154, -0.001722, -0.000019, 0.996949, -0.078062, 0.001728, -0.078062, -0.996947),
      ["RightUpperArm"] = CFrame.new(0.193797, -0.694466, 0.121320, 0.096699, 0.985870, 0.136785, -0.237728, 0.156328, -0.958669, -0.966506, 0.060185, 0.249486),
      ["RightUpperLeg"] = CFrame.new(0.189246, -0.226481, -0.746634, 0.944503, -0.202940, -0.258321, 0.307474, 0.269306, 0.912652, -0.115647, -0.941429, 0.316760)
    }},
    { Time = 0.650, Data = {
      ["Head"] = CFrame.new(0.000000, 0.060987, -0.006888, 0.997369, 0.045687, -0.056277, -0.037082, 0.988672, 0.145436, 0.062284, -0.142967, 0.987766),
      ["LeftUpperArm"] = CFrame.new(-0.257302, -0.739796, 0.147615, 0.023387, -0.971014, -0.237877, 0.287336, 0.234432, -0.928698, 0.957544, -0.046631, 0.284490),
      ["LeftUpperLeg"] = CFrame.new(-0.190177, -0.229043, -0.739873, 0.944581, 0.202570, 0.258325, -0.307018, 0.266542, 0.913617, 0.116217, -0.942296, 0.313963),
