return {
    ["Novas ice"] = {
        {
            Time = 0.000,
            Data = {
                ["RightHand"] = CFrame.new(-0.000500, 0.000025, -0.000000, 0.999754, 0.020306, 0.008971, -0.020568, 0.999332, 0.030214, -0.008352, -0.030391, 0.999503),
                ["LeftLowerArm"] = CFrame.new(0.005704, -0.037676, 0.010632, 1.000000, -0.000000, -0.000000, 0.000000, 1.000000, -0.000001, 0.000000, -0.000000, 1.000000),
                ["LeftFoot"] = CFrame.new(0.000000, 0.001466, -0.000003, 0.978398, -0.158137, -0.133152, 0.163946, 0.985890, 0.033796, 0.125931, -0.054899, 0.990519),
                ["Head"] = CFrame.new(-0.003107, 0.068928, 0.157247, 0.999864, 0.006038, -0.015354, -0.005978, 0.999974, 0.003996, 0.015378, -0.003904, 0.999874),
                ["RightFoot"] = CFrame.new(0.000000, -0.004633, -0.000103, 0.981074, 0.148136, 0.124730, -0.145733, 0.988921, -0.028194, -0.127495, 0.009500, 0.991790),
                ["UpperTorso"] = CFrame.new(-0.016394, 0.019011, 0.015597, 0.998125, 0.003912, -0.061078, -0.004307, 0.999971, -0.006345, 0.061052, 0.006597, 0.998113),
                ["HumanoidRootPart"] = CFrame.new(0.000000, 0.000000, 0.000000, 1.000000, 0.000000, 0.000000, 0.000000, 1.000000, 0.000000, 0.000000, 0.000000, 1.000000),
                ["RightUpperArm"] = CFrame.new(-0.085650, 0.033319, 0.016311, 0.997780, -0.044179, 0.049823, 0.041755, 0.997941, 0.048695, -0.051872, -0.046507, 0.997570),
                ["LeftUpperArm"] = CFrame.new(0.074259, 0.077427, -0.011167, 0.998497, 0.005471, 0.054533, -0.006402, 0.999836, 0.016929, -0.054432, -0.017252, 0.998368),
                ["RightLowerArm"] = CFrame.new(-0.011635, -0.038845, -0.003712, 1.000000, 0.000000, 0.000000, -0.000000, 0.999578, -0.029051, -0.000000, 0.029051, 0.999578),
                ["LeftHand"] = CFrame.new(0.000503, -0.004460, -0.000000, 0.999936, 0.011271, 0.001057, -0.011213, 0.998951, -0.044404, -0.001556, 0.044390, 0.999013),
                ["LowerTorso"] = CFrame.new(-0.104979, 0.052008, 0.183288, 0.997263, 0.013463, 0.072693, -0.014823, 0.999725, 0.018198, -0.072428, -0.019225, 0.997188),
                ["RightUpperLeg"] = CFrame.new(-0.016717, -0.066244, -0.093048, 0.975300, -0.163514, -0.148537, 0.153176, 0.985067, -0.078575, 0.159143, 0.053905, 0.985780),
                ["RightLowerLeg"] = CFrame.new(-0.000000, 0.007390, -0.000768, 1.000000, -0.000000, 0.000000, -0.000000, 0.992999, 0.118089, 0.000000, -0.118126, 0.993003),
                ["LeftUpperLeg"] = CFrame.new(-0.000723, -0.097399, -0.061041, 0.985585, 0.158860, 0.058171, -0.150800, 0.980817, -0.123499, -0.076685, 0.112969, 0.990638),
                ["LeftLowerLeg"] = CFrame.new(-0.000000, 0.006438, 0.000009, 1.000000, -0.000000, 0.000000, 0.000000, 0.998941, 0.045982, -0.000000, -0.045999, 0.998942),
            }
        },
        {
            Time = 0.033,
            Data = {
                ["RightHand"] = CFrame.new(-0.000500, -0.000054, -0.000000, 0.999754, 0.020278, 0.008990, -0.020527, 0.999384, 0.028461, -0.008407, -0.028638, 0.999554),
                ["LeftLowerArm"] = CFrame.new(0.005706, -0.037886, 0.010636, 1.000000, -0.000000, -0.000000, 0.000000, 1.000000, -0.000001, 0.000000, -0.000000, 1.000000),
                ["LeftFoot"] = CFrame.new(-0.000000, 0.001472, -0.000003, 0.973530, -0.174837, -0.147214, 0.172497, 0.984594, -0.028619, 0.149951, 0.002461, 0.988691),
                ["Head"] = CFrame.new(-0.003107, 0.068928, 0.157247, 0.999864, 0.006038, -0.015317, -0.005978, 0.999974, 0.003998, 0.015340, -0.003906, 0.999875),
                ["RightFoot"] = CFrame.new(-0.000000, -0.004507, -0.000103, 0.984016, 0.136242, 0.114721, -0.140350, 0.989691, 0.028531, -0.109611, -0.044157, 0.992988),
                ["UpperTorso"] = CFrame.new(-0.012797, 0.018997, 0.018775, 0.988186, 0.000128, 0.153259, 0.000321, 0.999996, -0.002904, -0.153258, 0.002919, 0.988182),
                ["HumanoidRootPart"] = CFrame.new(0.000000, 0.000000, 0.000000, 1.000000, 0.000000, 0.000000, 0.000000, 1.000000, 0.000000, 0.000000, 0.000000, 1.000000),
                ["RightUpperArm"] = CFrame.new(-0.085651, 0.033319, 0.016296, 0.997782, -0.044100, 0.049862, 0.041754, 0.998015, 0.047151, -0.051842, -0.044965, 0.997643),
                ["LeftUpperArm"] = CFrame.new(0.074354, 0.077526, -0.009377, 0.998687, 0.005420, 0.050941, -0.006205, 0.999864, 0.015265, -0.050852, -0.015561, 0.998585),
                ["RightLowerArm"] = CFrame.new(-0.011636, -0.039217, -0.003720, 1.000000, 0.000000, 0.000000, -0.000000, 0.999658, -0.026146, -0.000000, 0.026145, 0.999658),
                ["LeftHand"] = CFrame.new(0.000503, -0.004661, -0.000000, 0.999934, 0.011492, 0.000943, -0.011440, 0.998968, -0.043950, -0.001447, 0.043937, 0.999033),
                ["LowerTorso"] = CFrame.new(-0.106822, 0.052025, 0.181787, 0.989737, 0.018131, -0.141749, -0.015499, 0.999687, 0.019651, 0.142061, -0.017252, 0.989708),
                ["RightUpperLeg"] = CFrame.new(-0.016717, -0.066244, -0.093048, 0.987325, -0.135399, 0.082780, 0.145756, 0.979985, -0.135556, -0.062805, 0.145933, 0.987305),
                ["RightLowerLeg"] = CFrame.new(-0.000000, 0.008037, -0.000832, 1.000000, 0.000000, -0.000000, -0.000000, 0.992361, 0.123326, -0.000000, -0.123364, 0.992366),
                ["LeftUpperLeg"] = CFrame.new(-0.000723, -0.097399, -0.061041, 0.940389, 0.174494, 0.291919, -0.162953, 0.984582, -0.063571, -0.298522, 0.012234, 0.954328),
                ["LeftLowerLeg"] = CFrame.new(-0.000000, 0.006457, 0.000008, 1.000000, -0.000000, 0.000000, 0.000000, 0.998935, 0.046119, 0.000000, -0.046136, 0.998936),
            }
        },
        {
            Time = 0.066,
            Data = {
                ["RightHand"] = CFrame.new(-0.000500, -0.000185, -0.000000, 0.999755, 0.020233, 0.009022, -0.020459, 0.999464, 0.025570, -0.008499, -0.025747, 0.999632),
                ["LeftLowerArm"] = CFrame.new(0.005709, -0.038250, 0.010643, 1.000000, -0.000000, -0.000000, 0.000000, 1.000000, -0.000001, 0.000000, -0.000000, 1.000000),
                ["LeftFoot"] = CFrame.new(0.000000, 0.000706, -0.000003, 0.968775, -0.189662, -0.159697, 0.183864, 0.981655, -0.050473, 0.166340, 0.019528, 0.985875),
                ["Head"] = CFrame.new(-0.003107, 0.068928, 0.157247, 0.999865, 0.006038, -0.015254, -0.005977, 0.999974, 0.004000, 0.015278, -0.003908, 0.999876),
                ["RightFoot"] = CFrame.new(0.000000, -0.004948, -0.000103, 0.984358, 0.134788, 0.113499, -0.143145, 0.987292, 0.069033, -0.102707, -0.084178, 0.991137),
                ["UpperTorso"] = CFrame.new(-0.010588, 0.018996, 0.020259, 0.963869, -0.001814, 0.266369, 0.002220, 0.999997, -0.001224, -0.266366, 0.001771, 0.963870),
                ["HumanoidRootPart"] = CFrame.new(0.000000, 0.000000, 0.000000, 1.000000, 0.000000, 0.000000, 0.000000, 1.000000, 0.000000, 0.000000, 0.000000, 1.000000),
                ["RightUpperArm"] = CFrame.new(-0.085652, 0.033321, 0.016271, 0.997785, -0.043968, 0.049925, 0.041752, 0.998132, 0.044604, -0.051793, -0.042420, 0.997756),
                ["LeftUpperArm"] = CFrame.new(0.074496, 0.077675, -0.006434, 0.998971, 0.005336, 0.045036, -0.005906, 0.999904, 0.012552, -0.044965, -0.012805, 0.998906),
                ["RightLowerArm"] = CFrame.new(-0.011638, -0.039833, -0.003731, 1.000000, 0.000000, 0.000000, -0.000000, 0.999772, -0.021356, -0.000000, 0.021355, 0.999772),
                ["LeftHand"] = CFrame.new(0.000503, -0.005009, -0.000000, 0.999930, 0.011824, 0.000773, -0.011780, 0.998995, -0.043237, -0.001283, 0.043226, 0.999065),
                ["LowerTorso"] = CFrame.new(-0.107550, 0.052046, 0.180882, 0.966698, 0.020049, -0.255132, -0.014806, 0.999638, 0.022455, 0.255490, -0.017930, 0.966645),
                ["RightUpperLeg"] = CFrame.new(-0.016717, -0.066244, -0.093048, 0.973210, -0.113202, 0.200080, 0.146102, 0.976545, -0.158129, -0.177527, 0.183155, 0.966935),
                ["RightLowerLeg"] = CFrame.new(-0.000000, 0.005791, -0.000624, 1.000000, 0.000000, -0.000000, -0.000000, 0.994444, 0.105228, 0.000000, -0.105267, 0.994448),
                ["LeftUpperLeg"] = CFrame.new(-0.000723, -0.097399, -0.061041, 0.892026, 0.169712, 0.418906, -0.175559, 0.984155, -0.024853, -0.416496, -0.051354, 0.907690),
                ["LeftLowerLeg"] = CFrame.new(-0.000000, 0.003499, 0.000081, 1.000000, 0.000000, -0.000000, 0.000000, 0.999710, 0.024048, -0.000000, -0.024066, 0.999711),
            }
        },
        {
            Time = 0.100,
            Data = {
                ["RightHand"] = CFrame.new(-0.000500, -0.000369, 0.000000, 0.999755, 0.020171, 0.009065, -0.020363, 0.999560, 0.021574, -0.008626, -0.021753, 0.999726),
                ["LeftLowerArm"] = CFrame.new(0.005713, -0.038749, 0.010653, 1.000000, -0.000000, -0.000000, 0.000000, 1.000000, -0.000001, 0.000000, -0.000000, 1.000000),
                ["LeftFoot"] = CFrame.new(-0.000000, 0.001768, -0.000003, 0.974025, -0.173214, -0.145847, 0.171120, 0.984883, -0.026878, 0.148299, 0.001215, 0.988942),
                ["Head"] = CFrame.new(-0.003107, 0.068927, 0.157247, 0.999867, 0.006037, -0.015167, -0.005977, 0.999974, 0.004003, 0.015190, -0.003912, 0.999877),
                ["RightFoot"] = CFrame.new(-0.000000, -0.004532, -0.000103, 0.983981, 0.136390, 0.114845, -0.139863, 0.989910, 0.022736, -0.110546, -0.038416, 0.993123),
                ["UpperTorso"] = CFrame.new(-0.013215, 0.019037, 0.018842, 0.991283, 0.002175, 0.131732, -0.001840, 0.999995, -0.002663, -0.131737, 0.002398, 0.991282),
                ["HumanoidRootPart"] = CFrame.new(0.000000, 0.000000, 0.000000, 1.000000, 0.000000, 0.000000, 0.000000, 1.000000, 0.000000, 0.000000, 0.000000, 1.000000),
                ["RightUpperArm"] = CFrame.new(-0.085653, 0.033321, 0.016237, 0.997788, -0.043787, 0.050012, 0.041750, 0.998283, 0.041082, -0.051725, -0.038904, 0.997903),
                ["LeftUpperArm"] = CFrame.new(0.074664, 0.077855, -0.002361, 0.999307, 0.005219, 0.036867, -0.005548, 0.999946, 0.008840, -0.036819, -0.009039, 0.999281),
                ["RightLowerArm"] = CFrame.new(-0.011641, -0.040687, -0.003742, 1.000000, 0.000000, 0.000000, -0.000000, 0.999891, -0.014741, -0.000000, 0.014740, 0.999891),
                ["LeftHand"] = CFrame.new(0.000504, -0.005486, -0.000000, 0.999925, 0.012234, 0.000562, -0.012199, 0.999030, -0.042303, -0.001079, 0.042294, 0.999105),
                ["LowerTorso"] = CFrame.new(-0.105864, 0.052048, 0.181104, 0.992621, 0.015973, -0.120205, -0.013140, 0.999618, 0.024324, 0.120548, -0.022565, 0.992451),
                ["RightUpperLeg"] = CFrame.new(-0.016717, -0.066243, -0.093048, 0.988841, -0.136369, 0.059965, 0.143348, 0.980562, -0.133943, -0.040568, 0.141073, 0.989173),
                ["RightLowerLeg"] = CFrame.new(-0.000000, 0.007905, -0.000819, 1.000000, 0.000000, 0.000000, -0.000000, 0.992493, 0.122260, -0.000000, -0.122298, 0.992498),
                ["LeftUpperLeg"] = CFrame.new(-0.000723, -0.097399, -0.061041, 0.946841, 0.178148, 0.267866, -0.162591, 0.983496, -0.079341, -0.277591, 0.031592, 0.960184),
                ["LeftLowerLeg"] = CFrame.new(-0.000000, 0.007647, -0.000035, 1.000000, -0.000000, 0.000000, 0.000000, 0.998479, 0.055121, -0.000000, -0.055138, 0.998480),
            }
        },
        {
            Time = 0.133,
            Data = {
                ["RightHand"] = CFrame.new(-0.000500, -0.000607, 0.000000, 0.999757, 0.020093, 0.009121, -0.020242, 0.999659, 0.016513, -0.008786, -0.016693, 0.999822),
                ["LeftLowerArm"] = CFrame.new(0.005718, -0.039379, 0.010665, 1.000000, -0.000000, -0.000000, 0.000000, 1.000000, -0.000001, 0.000000, -0.000000, 1.000000),
                ["LeftFoot"] = CFrame.new(-0.000000, 0.001426, -0.000003, 0.978607, -0.157380, -0.132515, 0.165428, 0.984848, 0.052033, 0.122320, -0.072844, 0.989814),
                ["Head"] = CFrame.new(-0.003107, 0.068927, 0.157247, 0.999868, 0.006036, -0.015055, -0.005976, 0.999974, 0.004008, 0.015079, -0.003917, 0.999879),
                ["RightFoot"] = CFrame.new(-0.000000, -0.004924, -0.000103, 0.979892, 0.152645, 0.128526, -0.148686, 0.988079, -0.039879, -0.133054, 0.019983, 0.990904),
                ["UpperTorso"] = CFrame.new(-0.017493, 0.019122, 0.015219, 0.992366, 0.009727, -0.122946, -0.010510, 0.999928, -0.005721, 0.122882, 0.006969, 0.992397),
                ["HumanoidRootPart"] = CFrame.new(0.000000, 0.000000, 0.000000, 1.000000, 0.000000, 0.000000, 0.000000, 1.000000, 0.000000, 0.000000, 0.000000, 1.000000),
                ["RightUpperArm"] = CFrame.new(-0.085656, 0.033323, 0.016194, 0.997793, -0.043557, 0.050121, 0.041747, 0.998457, 0.036619, -0.051638, -0.034446, 0.998072),
                ["LeftUpperArm"] = CFrame.new(0.074829, 0.078038, 0.002823, 0.999637, 0.005069, 0.026473, -0.005181, 0.999978, 0.004179, -0.026451, -0.004314, 0.999641),
                ["RightLowerArm"] = CFrame.new(-0.011645, -0.041774, -0.003750, 1.000000, -0.000000, 0.000000, -0.000000, 0.999980, -0.006369, -0.000000, 0.006368, 0.999980),
                ["LeftHand"] = CFrame.new(0.000504, -0.006087, -0.000000, 0.999919, 0.012690, 0.000328, -0.012666, 0.999071, -0.041186, -0.000850, 0.041179, 0.999151),
                ["LowerTorso"] = CFrame.new(-0.102312, 0.052066, 0.181862, 0.990894, 0.007269, 0.134450, -0.011187, 0.999534, 0.028411, -0.134181, -0.029656, 0.990513),
                ["RightUpperLeg"] = CFrame.new(-0.016717, -0.066244, -0.093048, 0.962749, -0.161652, -0.216786, 0.150704, 0.986359, -0.066177, 0.224506, 0.031062, 0.973974),
                ["RightLowerLeg"] = CFrame.new(-0.000000, 0.005919, -0.000635, 1.000000, 0.000000, -0.000000, -0.000000, 0.994335, 0.106252, -0.000000, -0.106288, 0.994339),
                ["LeftUpperLeg"] = CFrame.new(-0.000723, -0.097400, -0.061041, 0.987847, 0.155263, -0.007153, -0.154546, 0.976323, -0.151329, -0.016524, 0.150618, 0.988458),
                ["LeftLowerLeg"] = CFrame.new(0.000000, 0.006280, 0.000014, 1.000000, 0.000000, -0.000000, 0.000000, 0.998995, 0.044801, 0.000000, -0.044818, 0.998996),
            }
        },
        {
            Time = 0.166,
            Data = {
                ["RightHand"] = CFrame.new(-0.000501, -0.001138, -0.000000, 0.999758, 0.019998, 0.009172, -0.020111, 0.999722, 0.012283, -0.008924, -0.012463, 0.999883),
                ["LeftLowerArm"] = CFrame.new(0.005724, -0.040143, 0.010679, 1.000000, -0.000000, -0.000000, 0.000000, 1.000000, -0.000001, 0.000000, -0.000000, 1.000000),
                ["LeftFoot"] = CFrame.new(0.000000, -0.000132, -0.000003, 0.978866, -0.156435, -0.131719, 0.171459, 0.978839, 0.111699, 0.111460, -0.131920, 0.984974),
                ["Head"] = CFrame.new(-0.003107, 0.068928, 0.157247, 0.999870, 0.006035, -0.014920, -0.005975, 0.999974, 0.004013, 0.014944, -0.003923, 0.999881),
                ["RightFoot"] = CFrame.new(0.000000, -0.005732, -0.000103, 0.975342, 0.168841, 0.142161, -0.161600, 0.984963, -0.061078, -0.150313, 0.036613, 0.987957),
                ["UpperTorso"] = CFrame.new(-0.019490, 0.019179, 0.013014, 0.966100, 0.013364, -0.257822, -0.015808, 0.999848, -0.007408, 0.257683, 0.011233, 0.966164),
                ["HumanoidRootPart"] = CFrame.new(0.000000, 0.000000, 0.000000, 1.000000, 0.000000, 0.000000, 0.000000, 1.000000, 0.000000, 0.000000, 0.000000, 1.000000),
                ["RightUpperArm"] = CFrame.new(-0.085658, 0.033324, 0.016149, 0.997798, -0.043374, 0.050185, 0.041744, 0.998581, 0.033076, -0.051549, -0.030909, 0.998192),
                ["LeftUpperArm"] = CFrame.new(0.074956, 0.078195, 0.009104, 0.999892, 0.004887, 0.013882, -0.004868, 0.999987, -0.001382, -0.013888, 0.001314, 0.999903),
                ["RightLowerArm"] = CFrame.new(-0.011654, -0.042970, -0.003752, 1.000000, 0.000000, 0.000000, -0.000000, 1.000000, -0.000001, -0.000000, 0.000000, 1.000000),
                ["LeftHand"] = CFrame.new(0.000505, -0.006819, -0.000000, 0.999913, 0.013158, 0.000086, -0.013144, 0.999116, -0.039923, -0.000612, 0.039919, 0.999203),
                ["LowerTorso"] = CFrame.new(-0.100100, 0.052111, 0.181996, 0.963140, 0.001951, 0.268994, -0.011640, 0.999339, 0.034429, -0.268749, -0.036291, 0.962526),
                ["RightUpperLeg"] = CFrame.new(-0.016717, -0.066244, -0.093048, 0.915946, -0.158913, -0.368516, 0.161230, 0.986607, -0.024677, 0.367488, -0.036799, 0.929294),
                ["RightLowerLeg"] = CFrame.new(-0.000000, 0.002024, -0.000355, 1.000000, -0.000000, 0.000000, -0.000000, 0.997158, 0.075306, 0.000000, -0.075340, 0.997160),
                ["LeftUpperLeg"] = CFrame.new(-0.000723, -0.097399, -0.061041, 0.980315, 0.132886, -0.146037, -0.157826, 0.971804, -0.175157, 0.118633, 0.194779, 0.973649),
                ["LeftLowerLeg"] = CFrame.new(-0.000000, 0.000439, 0.000104, 1.000000, 0.000000, -0.000000, 0.000000, 0.999999, 0.001721, -0.000000, -0.001739, 0.999999),
            }
        },
        {
            Time = 0.200,
            Data = {
                ["RightHand"] = CFrame.new(-0.000501, -0.002163, -0.000000, 0.999760, 0.019889, 0.009203, -0.019991, 0.999739, 0.011085, -0.008980, -0.011266, 0.999896),
                ["LeftLowerArm"] = CFrame.new(0.005732, -0.041006, 0.010696, 1.000000, -0.000000, -0.000000, 0.000000, 1.000000, -0.000001, 0.000000, -0.000000, 1.000000),
                ["LeftFoot"] = CFrame.new(-0.000000, 0.001378, -0.000003, 0.978579, -0.157481, -0.132600, 0.165596, 0.984794, 0.052520, 0.122315, -0.073355, 0.989777),
                ["Head"] = CFrame.new(-0.003107, 0.068928, 0.157247, 0.999873, 0.006032, -0.014761, -0.005974, 0.999974, 0.004019, 0.014784, -0.003930, 0.999883),
                ["RightFoot"] = CFrame.new(0.000000, -0.004728, -0.000103, 0.979872, 0.152722, 0.128591, -0.148234, 0.987981, -0.043809, -0.133709, 0.023880, 0.990730),
                ["UpperTorso"] = CFrame.new(-0.017767, 0.019131, 0.015868, 0.992366, 0.009727, -0.122946, -0.010510, 0.999928, -0.005721, 0.122882, 0.006969, 0.992397),
                ["HumanoidRootPart"] = CFrame.new(0.000000, 0.000000, 0.000000, 1.000000, 0.000000, 0.000000, 0.000000, 1.000000, 0.000000, 0.000000, 0.000000, 1.000000),
                ["RightUpperArm"] = CFrame.new(-0.085660, 0.033325, 0.016111, 0.997802, -0.043345, 0.050130, 0.041741, 0.998596, 0.032616, -0.051473, -0.030452, 0.998210),
                ["LeftUpperArm"] = CFrame.new(0.075005, 0.078288, 0.016472, 0.999989, 0.004674, -0.000884, -0.004680, 0.999959, -0.007789, 0.000848, 0.007793, 0.999969),
                ["RightLowerArm"] = CFrame.new(-0.011670, -0.044051, -0.003752, 1.000000, 0.000000, 0.000000, -0.000000, 1.000000, -0.000001, -0.000000, 0.000000, 1.000000),
                ["LeftHand"] = CFrame.new(0.000505, -0.007644, -0.000000, 0.999907, 0.013605, -0.000144, -0.013601, 0.999164, -0.038556, -0.000380, 0.038555, 0.999256),
                ["LowerTorso"] = CFrame.new(-0.102128, 0.052128, 0.180742, 0.990894, 0.007269, 0.134450, -0.012647, 0.999152, 0.039192, -0.134051, -0.040536, 0.990145),
                ["RightUpperLeg"] = CFrame.new(-0.016717, -0.066244, -0.093048, 0.962525, -0.164017, -0.216000, 0.149729, 0.985401, -0.080991, 0.226110, 0.045636, 0.973028),
                ["RightLowerLeg"] = CFrame.new(-0.000000, 0.006909, -0.000723, 1.000000, 0.000000, -0.000000, -0.000000, 0.993453, 0.114206, -0.000000, -0.114242, 0.993457),
                ["LeftUpperLeg"] = CFrame.new(-0.000723, -0.097399, -0.061041, 0.988057, 0.153950, -0.006625, -0.152993, 0.974986, -0.161207, -0.018370, 0.160318, 0.986898),
                ["LeftLowerLeg"] = CFrame.new(0.000000, 0.006089, 0.000020, 1.000000, -0.000000, 0.000000, 0.000000, 0.999059, 0.043357, -0.000000, -0.043375, 0.999060),
            }
        },
        {
            Time = 0.233,
            Data = {
                ["RightHand"] = CFrame.new(-0.000502, -0.003306, -0.000000, 0.999762, 0.019765, 0.009239, -0.019855, 0.999756, 0.009715, -0.009045, -0.009896, 0.999910),
                ["LeftLowerArm"] = CFrame.new(0.005739, -0.041967, 0.010715, 1.000000, -0.000000, -0.000000, 0.000000, 1.000000, -0.000001, 0.000000, -0.000000, 1.000000),
                ["LeftFoot"] = CFrame.new(-0.000000, 0.002161, -0.000003, 0.973873, -0.173714, -0.146268, 0.170713, 0.984771, -0.032922, 0.149760, 0.007084, 0.988697),
                ["Head"] = CFrame.new(-0.003107, 0.068928, 0.157247, 0.999876, 0.006030, -0.014578, -0.005972, 0.999974, 0.004026, 0.014602, -0.003938, 0.999886),
                ["RightFoot"] = CFrame.new(-0.000000, -0.004456, -0.000103, 0.983996, 0.136323, 0.114789, -0.139589, 0.989989, 0.020906, -0.110751, -0.036577, 0.993170),
                ["UpperTorso"] = CFrame.new(-0.013417, 0.019056, 0.020234, 0.991283, 0.002175, 0.131732, -0.001840, 0.999995, -0.002663, -0.131737, 0.002398, 0.991282),
                ["HumanoidRootPart"] = CFrame.new(0.000000, 0.000000, 0.000000, 1.000000, 0.000000, 0.000000, 0.000000, 1.000000, 0.000000, 0.000000, 0.000000, 1.000000),
                ["RightUpperArm"] = CFrame.new(-0.085663, 0.033327, 0.016068, 0.997806, -0.043313, 0.050067, 0.041739, 0.998613, 0.032079, -0.051387, -0.029919, 0.998231),
                ["LeftUpperArm"] = CFrame.new(0.074926, 0.078281, 0.024918, 0.999832, 0.004429, -0.017808, -0.004696, 0.999877, -0.014987, 0.017739, 0.015068, 0.999729),
                ["RightLowerArm"] = CFrame.new(-0.011688, -0.045258, -0.003751, 1.000000, 0.000000, 0.000000, -0.000000, 1.000000, -0.000001, -0.000000, 0.000000, 1.000000),
                ["LeftHand"] = CFrame.new(0.000506, -0.008563, -0.000000, 0.999902, 0.014000, -0.000348, -0.014004, 0.999213, -0.037125, -0.000172, 0.037127, 0.999311),
                ["LowerTorso"] = CFrame.new(-0.105497, 0.052140, 0.178869, 0.992621, 0.015973, -0.120205, -0.010515, 0.998891, 0.045902, 0.120805, -0.044299, 0.991687),
                ["RightUpperLeg"] = CFrame.new(-0.016717, -0.066244, -0.093048, 0.989216, -0.133536, 0.060152, 0.141478, 0.977447, -0.156750, -0.037898, 0.163599, 0.985805),
                ["RightLowerLeg"] = CFrame.new(0.000000, 0.008300, -0.000859, 1.000000, 0.000000, -0.000000, -0.000000, 0.992094, 0.125459, -0.000000, -0.125497, 0.992099),
                ["LeftUpperLeg"] = CFrame.new(-0.000723, -0.097400, -0.061041, 0.946112, 0.182935, 0.267213, -0.159475, 0.981365, -0.107173, -0.281850, 0.058806, 0.957659),
                ["LeftLowerLeg"] = CFrame.new(-0.000000, 0.009254, -0.000108, 1.000000, -0.000000, 0.000000, 0.000000, 0.997727, 0.067374, 0.000000, -0.067391, 0.997728),
            }
        },
        {
            Time = 0.266,
            Data = {
                ["RightHand"] = CFrame.new(-0.000503, -0.004578, -0.000000, 0.999764, 0.019626, 0.009278, -0.019702, 0.999772, 0.008178, -0.009116, -0.008358, 0.999924),
                ["LeftLowerArm"] = CFrame.new(0.005748, -0.043027, 0.010735, 1.000000, -0.000000, -0.000000, 0.000000, 1.000000, -0.000001, 0.000000, -0.000000, 1.000000),
                ["LeftFoot"] = CFrame.new(0.000000, 0.001756, -0.000003, 0.968422, -0.190713, -0.160583, 0.182374, 0.981059, -0.065302, 0.169994, 0.033945, 0.984860),
                ["Head"] = CFrame.new(-0.003107, 0.068927, 0.157247, 0.999879, 0.006026, -0.014372, -0.005969, 0.999974, 0.004033, 0.014396, -0.003947, 0.999889),
                ["RightFoot"] = CFrame.new(-0.000000, -0.005101, -0.000103, 0.984414, 0.134548, 0.113296, -0.143120, 0.987135, 0.071299, -0.102201, -0.086382, 0.991000),
                ["UpperTorso"] = CFrame.new(-0.010601, 0.019026, 0.022363, 0.963869, -0.001814, 0.266369, 0.002220, 0.999997, -0.001224, -0.266366, 0.001771, 0.963870),
                ["HumanoidRootPart"] = CFrame.new(0.000000, 0.000000, 0.000000, 1.000000, 0.000000, 0.000000, 0.000000, 1.000000, 0.000000, 0.000000, 0.000000, 1.000000),
                ["RightUpperArm"] = CFrame.new(-0.085665, 0.033328, 0.016020, 0.997811, -0.043278, 0.049998, 0.041737, 0.998633, 0.031462, -0.051291, -0.029306, 0.998254),
                ["LeftUpperArm"] = CFrame.new(0.074666, 0.078128, 0.034433, 0.999311, 0.004153, -0.036875, -0.005000, 0.999725, -0.022916, 0.036769, 0.023085, 0.999057),
                ["RightLowerArm"] = CFrame.new(-0.011708, -0.046601, -0.003751, 1.000000, -0.000000, 0.000000, -0.000000, 1.000000, -0.000001, -0.000000, 0.000000, 1.000000),
                ["LeftHand"] = CFrame.new(0.000506, -0.009577, -0.000000, 0.999897, 0.014312, -0.000511, -0.014322, 0.999261, -0.035673, -0.000000, 0.035678, 0.999363),
                ["LowerTorso"] = CFrame.new(-0.107000, 0.052150, 0.177537, 0.966698, 0.020049, -0.255132, -0.006481, 0.998525, 0.053912, 0.255837, -0.050463, 0.965402),
                ["RightUpperLeg"] = CFrame.new(-0.016717, -0.066244, -0.093048, 0.974309, -0.105379, 0.199005, 0.143204, 0.971974, -0.186407, -0.173825, 0.210148, 0.962107),
                ["RightLowerLeg"] = CFrame.new(0.000000, 0.005036, -0.000563, 1.000000, -0.000000, -0.000000, -0.000000, 0.995064, 0.099198, -0.000000, -0.099236, 0.995068),
                ["LeftUpperLeg"] = CFrame.new(-0.000723, -0.097399, -0.061041, 0.889721, 0.185538, 0.417094, -0.170701, 0.982617, -0.072950, -0.423389, -0.006273, 0.905931),
                ["LeftLowerLeg"] = CFrame.new(-0.000000, 0.007596, -0.000033, 1.000000, 0.000000, 0.000000, -0.000000, 0.998500, 0.054728, -0.000000, -0.054745, 0.998501),
            }
        },
        {
            Time = 0.300,
            Data = {
                ["RightHand"] = CFrame.new(-0.000504, -0.005964, -0.000000, 0.999767, 0.019473, 0.009322, -0.019534, 0.999788, 0.006475, -0.009194, -0.006655, 0.999936),
                ["LeftLowerArm"] = CFrame.new(0.005757, -0.044139, 0.010756, 1.000000, -0.000000, -0.000000, 0.000000, 1.000000, -0.000001, 0.000000, -0.000000, 1.000000),
                ["LeftFoot"] = CFrame.new(0.000000, 0.002457, -0.000003, 0.973761, -0.174080, -0.146577, 0.170370, 0.984663, -0.037595, 0.150874, 0.011628, 0.988485),
                ["Head"] = CFrame.new(-0.003107, 0.068928, 0.157247, 0.999882, 0.006022, -0.014144, -0.005965, 0.999974, 0.004042, 0.014168, -0.003957, 0.999892),
                ["RightFoot"] = CFrame.new(0.000000, -0.004397, -0.000103, 0.984007, 0.136278, 0.114751, -0.139385, 0.990047, 0.019495, -0.110912, -0.035160, 0.993203),
                ["UpperTorso"] = CFrame.new(-0.013564, 0.019076, 0.021248, 0.991283, 0.002175, 0.131732, -0.001840, 0.999995, -0.002663, -0.131737, 0.002398, 0.991282),
                ["HumanoidRootPart"] = CFrame.new(0.000000, 0.000000, 0.000000, 1.000000, 0.000000, 0.000000, 0.000000, 1.000000, 0.000000, 0.000000, 0.000000, 1.000000),
                ["RightUpperArm"] = CFrame.new(-0.085668, 0.033327, 0.015967, 0.997817, -0.043240, 0.049921, 0.041738, 0.998655, 0.030762, -0.051184, -0.028611, 0.998279),
                ["LeftUpperArm"] = CFrame.new(0.074163, 0.077786, 0.045008, 0.998305, 0.003847, -0.058070, -0.005685, 0.999487, -0.031513, 0.057919, 0.031790, 0.997815),
                ["RightLowerArm"] = CFrame.new(-0.011731, -0.048063, -0.003751, 1.000000, 0.000000, 0.000000, -0.000000, 1.000000, -0.000001, -0.000000, 0.000000, 1.000000),
                ["LeftHand"] = CFrame.new(0.000507, -0.010641, -0.000000, 0.999894, 0.014513, -0.000616, -0.014526, 0.999308, -0.034245, 0.000118, 0.034251, 0.999413),
                ["LowerTorso"] = CFrame.new(-0.105229, 0.052146, 0.177239, 0.992621, 0.015973, -0.120205, -0.008585, 0.998056, 0.061729, 0.120958, -0.060241, 0.990828),
                ["RightUpperLeg"] = CFrame.new(-0.016717, -0.066244, -0.093048, 0.989488, -0.131455, 0.060260, 0.140073, 0.974809, -0.173539, -0.035964, 0.180185, 0.982982),
                ["RightLowerLeg"] = CFrame.new(0.000000, 0.008609, -0.000891, 1.000000, 0.000000, 0.000000, -0.000000, 0.991773, 0.127972, -0.000000, -0.128010, 0.991778),
                ["LeftUpperLeg"] = CFrame.new(-0.000723, -0.097399, -0.061041, 0.945581, 0.186536, 0.266603, -0.157121, 0.979263, -0.127871, -0.284938, 0.079046, 0.955286),
                ["LeftLowerLeg"] = CFrame.new(-0.000000, 0.010496, -0.000175, 1.000000, 0.000000, -0.000000, 0.000000, 0.997036, 0.076925, -0.000000, -0.076942, 0.997037),
            }
        },
        {
            Time = 0.333,
            Data = {
                ["RightHand"] = CFrame.new(-0.000505, -0.007464, 0.000000, 0.999770, 0.019307, 0.009369, -0.019352, 0.999802, 0.004609, -0.009278, -0.004788, 0.999945),
                ["LeftLowerArm"] = CFrame.new(0.005766, -0.045302, 0.010779, 1.000000, -0.000000, -0.000000, 0.000000, 1.000000, -0.000001, 0.000000, -0.000000, 1.000000),
                ["LeftFoot"] = CFrame.new(-0.000000, 0.001290, -0.000003, 0.978496, -0.157781, -0.132852, 0.166000, 0.984690, 0.053186, 0.122429, -0.074098, 0.989708),
                ["Head"] = CFrame.new(-0.003107, 0.068928, 0.157247, 0.999885, 0.006017, -0.013893, -0.005961, 0.999974, 0.004052, 0.013917, -0.003968, 0.999895),
                ["RightFoot"] = CFrame.new(0.000000, -0.004167, -0.000103, 0.979810, 0.152953, 0.128786, -0.146878, 0.987598, -0.055452, -0.135643, 0.035429, 0.990121),
                ["UpperTorso"] = CFrame.new(-0.018562, 0.019170, 0.017754, 0.992366, 0.009727, -0.122946, -0.010510, 0.999928, -0.005721, 0.122882, 0.006969, 0.992397),
                ["HumanoidRootPart"] = CFrame.new(0.000000, 0.000000, 0.000000, 1.000000, 0.000000, 0.000000, 0.000000, 1.000000, 0.000000, 0.000000, 0.000000, 1.000000),
                ["RightUpperArm"] = CFrame.new(-0.085671, 0.033326, 0.015909, 0.997823, -0.043200, 0.049839, 0.041740, 0.998679, 0.029975, -0.051068, -0.027830, 0.998307),
                ["LeftUpperArm"] = CFrame.new(0.073349, 0.077207, 0.056630, 0.996677, 0.003511, -0.081375, -0.006843, 0.999148, -0.040707, 0.081162, 0.041129, 0.995852),
                ["RightLowerArm"] = CFrame.new(-0.011754, -0.049647, -0.003750, 1.000000, 0.000000, 0.000000, 0.000000, 1.000000, -0.000001, -0.000000, 0.000000, 1.000000),
                ["LeftHand"] = CFrame.new(0.000508, -0.011752, -0.000000, 0.999894, 0.014577, -0.000651, -0.014591, 0.999353, -0.032885, 0.000172, 0.032891, 0.999459),
                ["LowerTorso"] = CFrame.new(-0.101594, 0.052171, 0.177484, 0.990894, 0.007269, 0.134450, -0.016918, 0.997350, 0.070764, -0.133579, -0.072395, 0.988390),
                ["RightUpperLeg"] = CFrame.new(-0.016717, -0.066244, -0.093048, 0.961877, -0.170982, -0.213470, 0.146772, 0.981288, -0.124596, 0.230759, 0.088538, 0.968972),
                ["RightLowerLeg"] = CFrame.new(0.000000, 0.009829, -0.001024, 1.000000, 0.000000, -0.000000, -0.000000, 0.990441, 0.137903, -0.000000, -0.137938, 0.990446),
                ["LeftUpperLeg"] = CFrame.new(-0.000723, -0.097399, -0.061041, 0.988655, 0.150114, -0.005134, -0.148322, 0.970331, -0.190916, -0.023689, 0.189534, 0.981593),
                ["LeftLowerLeg"] = CFrame.new(0.000000, 0.005745, 0.000030, 1.000000, -0.000000, -0.000000, 0.000000, 0.999168, 0.040775, -0.000000, -0.040792, 0.999168),
            }
        },
        {
            Time = 0.366,
            Data = {
                ["RightHand"] = CFrame.new(-0.000506, -0.009053, 0.000000, 0.999773, 0.019129, 0.009420, -0.019154, 0.999813, 0.002582, -0.009369, -0.002761, 0.999952),
                ["LeftLowerArm"] = CFrame.new(0.005776, -0.046491, 0.010802, 1.000000, -0.000000, -0.000000, 0.000000, 1.000000, -0.000001, 0.000000, -0.000000, 1.000000),
                ["LeftFoot"] = CFrame.new(-0.000000, -0.001822, -0.000003, 0.978823, -0.156592, -0.131851, 0.171601, 0.978846, 0.111413, 0.111618, -0.131677, 0.984989),
                ["Head"] = CFrame.new(-0.003107, 0.068928, 0.157247, 0.999889, 0.006011, -0.013620, -0.005956, 0.999974, 0.004062, 0.013644, -0.003980, 0.999899),
                ["RightFoot"] = CFrame.new(0.000000, -0.004419, -0.000103, 0.975133, 0.169544, 0.142753, -0.158390, 0.983603, -0.086227, -0.155008, 0.061483, 0.985995),
                ["UpperTorso"] = CFrame.new(-0.021055, 0.019238, 0.015648, 0.966100, 0.013364, -0.257822, -0.015808, 0.999848, -0.007408, 0.257683, 0.011233, 0.966164),
                ["HumanoidRootPart"] = CFrame.new(0.000000, 0.000000, 0.000000, 1.000000, 0.000000, 0.000000, 0.000000, 1.000000, 0.000000, 0.000000, 0.000000, 1.000000),
                ["RightUpperArm"] = CFrame.new(-0.085674, 0.033323, 0.015846, 0.997829, -0.043158, 0.049751, 0.041745, 0.998704, 0.029099, -0.050942, -0.026959, 0.998338),
                ["LeftUpperArm"] = CFrame.new(0.072150, 0.076342, 0.069281, 0.994279, 0.003146, -0.106764, -0.008573, 0.998691, -0.050422, 0.106466, 0.051049, 0.993005),
                ["RightLowerArm"] = CFrame.new(-0.011780, -0.051323, -0.003750, 1.000000, 0.000000, 0.000000, -0.000000, 1.000000, -0.000001, -0.000000, 0.000000, 1.000000),
                ["LeftHand"] = CFrame.new(0.000509, -0.012890, -0.000000, 0.999895, 0.014485, -0.000607, -0.014497, 0.999394, -0.031641, 0.000149, 0.031647, 0.999499),
                ["LowerTorso"] = CFrame.new(-0.099301, 0.052188, 0.177117, 0.963140, 0.001951, 0.268994, -0.024472, 0.996463, 0.080395, -0.267886, -0.084014, 0.959781),
                ["RightUpperLeg"] = CFrame.new(-0.016717, -0.066244, -0.093048, 0.913625, -0.181896, -0.363619, 0.156453, 0.982760, -0.098480, 0.375249, 0.033102, 0.926328),
                ["RightLowerLeg"] = CFrame.new(0.000000, 0.008501, -0.000880, 1.000000, 0.000000, 0.000000, -0.000000, 0.991888, 0.127085, 0.000000, -0.127118, 0.991892),
                ["LeftUpperLeg"] = CFrame.new(-0.000723, -0.097400, -0.061041, 0.982323, 0.120785, -0.143023, -0.150570, 0.963745, -0.220258, 0.111224, 0.237921, 0.964899),
                ["LeftLowerLeg"] = CFrame.new(-0.000000, -0.001418, 0.000082, 1.000000, -0.000000, 0.000000, -0.000000, 1.000000, -0.000007, 0.000000, -0.000010, 1.000000),
            }
        },
        {
            Time = 0.400,
            Data = {
                ["RightHand"] = CFrame.new(-0.000507, -0.010734, 0.000000, 0.999776, 0.018938, 0.009475, -0.018943, 0.999820, 0.000397, -0.009465, -0.000576, 0.999955),
                ["LeftLowerArm"] = CFrame.new(0.005786, -0.047687, 0.010825, 1.000000, -0.000000, -0.000000, 0.000000, 1.000000, -0.000001, 0.000000, -0.000000, 1.000000),
                ["LeftFoot"] = CFrame.new(0.000000, 0.001242, -0.000003, 0.978442, -0.157980, -0.133020, 0.166251, 0.984631, 0.053498, 0.122526, -0.074461, 0.989668),
                ["Head"] = CFrame.new(-0.003107, 0.068928, 0.157247, 0.999893, 0.006003, -0.013325, -0.005950, 0.999974, 0.004073, 0.013349, -0.003993, 0.999903),
                ["RightFoot"] = CFrame.new(0.000000, -0.003817, -0.000103, 0.979769, 0.153108, 0.128917, -0.145987, 0.987276, -0.063024, -0.136898, 0.042940, 0.989651),
                ["UpperTorso"] = CFrame.new(-0.019075, 0.019204, 0.018973, 0.992366, 0.009727, -0.122946, -0.010510, 0.999928, -0.005721, 0.122882, 0.006969, 0.992397),
                ["HumanoidRootPart"] = CFrame.new(0.000000, 0.000000, 0.000000, 1.000000, 0.000000, 0.000000, 0.000000, 1.000000, 0.000000, 0.000000, 0.000000, 1.000000),
                ["RightUpperArm"] = CFrame.new(-0.085677, 0.033320, 0.015778, 0.997835, -0.043114, 0.049657, 0.041754, 0.998732, 0.028128, -0.050807, -0.025994, 0.998370),
                ["LeftUpperArm"] = CFrame.new(0.070485, 0.075142, 0.082940, 0.990950, 0.002751, -0.134204, -0.010974, 0.998104, -0.060571, 0.133783, 0.061496, 0.989101),
                ["RightLowerArm"] = CFrame.new(-0.011807, -0.053098, -0.003750, 1.000000, 0.000000, 0.000000, 0.000000, 1.000000, -0.000001, -0.000000, 0.000000, 1.000000),
                ["LeftHand"] = CFrame.new(0.000509, -0.014034, -0.000000, 0.999899, 0.014219, -0.000474, -0.014227, 0.999432, -0.030559, 0.000039, 0.030564, 0.999533),
                ["LowerTorso"] = CFrame.new(-0.101249, 0.052092, 0.175375, 0.990894, 0.007269, 0.134450, -0.019700, 0.995623, 0.091361, -0.133197, -0.093178, 0.986700),
                ["RightUpperLeg"] = CFrame.new(-0.016717, -0.066244, -0.093048, 0.961460, -0.175524, -0.211657, 0.144759, 0.977553, -0.153058, 0.233751, 0.116544, 0.965285),
                ["RightLowerLeg"] = CFrame.new(0.000000, 0.011720, -0.001252, 1.000000, 0.000000, -0.000000, 0.000000, 0.988159, 0.153400, 0.000000, -0.153435, 0.988164),
                ["LeftUpperLeg"] = CFrame.new(-0.000723, -0.097399, -0.061041, 0.989035, 0.147623, -0.004117, -0.145175, 0.966774, -0.210388, -0.027090, 0.208701, 0.977609),
                ["LeftLowerLeg"] = CFrame.new(0.000000, 0.005557, 0.000036, 1.000000, 0.000000, -0.000000, 0.000000, 0.999224, 0.039369, 0.000000, -0.039386, 0.999225),
            }
        },
        {
            Time = 0.433,
            Data = {
                ["RightHand"] = CFrame.new(-0.000508, -0.012496, 0.000000, 0.999779, 0.018736, 0.009532, -0.018718, 0.999823, -0.001944, -0.009567, 0.001766, 0.999953),
                ["LeftLowerArm"] = CFrame.new(0.005795, -0.048868, 0.010847, 1.000000, -0.000000, -0.000000, 0.000000, 1.000000, -0.000001, 0.000000, -0.000000, 1.000000),
                ["LeftFoot"] = CFrame.new(0.000000, 0.003168, -0.000003, 0.973469, -0.175033, -0.147379, 0.169527, 0.984296, -0.049227, 0.153681, 0.022926, 0.987854),
                ["Head"] = CFrame.new(-0.003107, 0.068928, 0.157247, 0.999897, 0.005995, -0.013008, -0.005942, 0.999974, 0.004085, 0.013032, -0.004007, 0.999907),
                ["RightFoot"] = CFrame.new(0.000000, -0.004230, -0.000103, 0.984033, 0.136171, 0.114661, -0.138835, 0.990193, 0.015569, -0.111377, -0.031224, 0.993283),
                ["UpperTorso"] = CFrame.new(-0.013942, 0.019146, 0.023864, 0.991283, 0.002175, 0.131732, -0.001840, 0.999995, -0.002663, -0.131737, 0.002398, 0.991282),
                ["HumanoidRootPart"] = CFrame.new(0.000000, 0.000000, 0.000000, 1.000000, 0.000000, 0.000000, 0.000000, 1.000000, 0.000000, 0.000000, 0.000000, 1.000000),
                ["RightUpperArm"] = CFrame.new(-0.085681, 0.033314, 0.015706, 0.997842, -0.043069, 0.049558, 0.041765, 0.998761, 0.027061, -0.050662, -0.024933, 0.998405),
                ["LeftUpperArm"] = CFrame.new(0.068268, 0.073558, 0.097575, 0.986516, 0.002327, -0.163648, -0.014141, 0.997372, -0.071062, 0.163052, 0.072418, 0.983956),
                ["RightLowerArm"] = CFrame.new(-0.011834, -0.054957, -0.003749, 1.000000, 0.000000, 0.000000, 0.000000, 1.000000, -0.000001, -0.000000, 0.000000, 1.000000),
                ["LeftHand"] = CFrame.new(0.000510, -0.015163, -0.000000, 0.999905, 0.013768, -0.000247, -0.013770, 0.999464, -0.029690, -0.000162, 0.029692, 0.999559),
                ["LowerTorso"] = CFrame.new(-0.104540, 0.051930, 0.173027, 0.992621, 0.015973, -0.120205, -0.003536, 0.994678, 0.102973, 0.121210, -0.101789, 0.987394),
                ["RightUpperLeg"] = CFrame.new(-0.016717, -0.066244, -0.093048, 0.990186, -0.126017, 0.060414, 0.136273, 0.966495, -0.217495, -0.031017, 0.223624, 0.974190),
                ["RightLowerLeg"] = CFrame.new(0.000000, 0.009489, -0.000986, 1.000000, 0.000000, -0.000000, -0.000000, 0.990821, 0.135143, 0.000000, -0.135180, 0.990826),
                ["LeftUpperLeg"] = CFrame.new(-0.000723, -0.097400, -0.061041, 0.944210, 0.195814, 0.264804, -0.150709, 0.971821, -0.181223, -0.292839, 0.131227, 0.947120),
                ["LeftLowerLeg"] = CFrame.new(-0.000000, 0.013572, -0.000384, 1.000000, -0.000000, 0.000000, 0.000000, 0.994901, 0.100838, -0.000000, -0.100854, 0.994903),
            }
        },
        {
            Time = 0.466,
            Data = {
                ["RightHand"] = CFrame.new(-0.000509, -0.014313, -0.000000, 0.999782, 0.018522, 0.009593, -0.018481, 0.999819, -0.004440, -0.009674, 0.004262, 0.999944),
                ["LeftLowerArm"] = CFrame.new(0.005805, -0.050009, 0.010869, 1.000000, -0.000000, -0.000000, 0.000000, 1.000000, -0.000001, 0.000000, -0.000000, 1.000000),
                ["LeftFoot"] = CFrame.new(-0.000000, 0.003481, -0.000003, 0.967746, -0.192711, -0.162265, 0.179507, 0.979391, -0.092589, 0.176762, 0.060463, 0.982394),
