return {
    ["Sharp split shake"] = {
        {
            Time = 0.000,
            Data = {
                ["RightFoot"] = CFrame.new(-0.000001, 0.000298, -0.000099, 0.773219, 0.081434, 0.628889, 0.124759, 0.952804, -0.276767, -0.621746, 0.292461, 0.726566),
                ["LeftLowerArm"] = CFrame.new(-0.000000, 0.000000, 0.000000, 1.000000, 0.000000, -0.000000, -0.000000, 0.999773, -0.021315, 0.000000, 0.021315, 0.999773),
                ["RightUpperArm"] = CFrame.new(-0.000752, -0.000006, -0.029398, 0.950104, -0.158642, -0.268578, 0.129415, 0.983889, -0.123345, 0.283819, 0.082433, 0.955328),
                ["Head"] = CFrame.new(0.000000, -0.000000, 0.000000, 0.999988, 0.001837, -0.004492, -0.001893, 0.999918, -0.012645, 0.004468, 0.012653, 0.999910),
                ["RightHand"] = CFrame.new(0.000000, -0.000100, -0.000000, 0.989388, 0.021563, 0.143692, -0.030609, 0.997665, 0.061048, -0.142040, -0.064798, 0.987738),
                ["UpperTorso"] = CFrame.new(0.161250, 0.076619, -0.000071, 0.974486, -0.224303, -0.008090, 0.224313, 0.974517, 0.000273, 0.007823, -0.002081, 0.999967),
                ["HumanoidRootPart"] = CFrame.new(0.000000, 0.000000, 0.000000, 1.000000, 0.000000, 0.000000, 0.000000, 1.000000, 0.000000, 0.000000, 0.000000, 1.000000),
                ["RightUpperLeg"] = CFrame.new(0.000000, 0.000000, 0.000100, 0.719868, -0.563685, -0.405031, 0.225900, 0.742016, -0.631175, 0.656323, 0.362866, 0.661490),
                ["LeftUpperArm"] = CFrame.new(0.000001, 0.000003, 0.000027, 0.998506, -0.010334, -0.053652, -0.007740, -0.998801, 0.048348, -0.054087, -0.047861, -0.997389),
                ["RightLowerArm"] = CFrame.new(-0.000500, 0.000099, 0.000000, 1.000000, -0.000000, -0.000000, 0.000000, 0.999773, -0.021317, 0.000000, 0.021317, 0.999773),
                ["LeftHand"] = CFrame.new(-0.000000, -0.000001, 0.000000, 0.999901, 0.006879, 0.012243, -0.007086, 0.999831, 0.016942, -0.012125, -0.017027, 0.999781),
                ["LeftFoot"] = CFrame.new(0.000000, 0.000000, -0.000000, 0.993987, 0.038980, 0.102321, -0.045822, 0.996807, 0.065393, -0.099445, -0.069689, 0.992600),
                ["LowerTorso"] = CFrame.new(-0.241130, -0.083589, 0.123990, 0.975182, 0.221382, 0.003319, -0.221373, 0.975185, -0.002887, -0.003876, 0.002080, 0.999990),
                ["RightLowerLeg"] = CFrame.new(-0.000000, -0.000200, -0.000100, 1.000000, -0.000000, 0.000000, 0.000000, 0.651410, 0.758725, -0.000001, -0.758726, 0.651411),
                ["LeftUpperLeg"] = CFrame.new(0.000000, -0.000000, -0.000000, 0.961307, -0.273631, 0.031870, 0.275468, 0.955921, -0.101649, -0.002650, 0.106495, 0.994310),
                ["LeftLowerLeg"] = CFrame.new(-0.000000, -0.000000, -0.000000, 1.000000, -0.000000, -0.000000, 0.000000, 0.999632, 0.027116, 0.000000, -0.027116, 0.999632),
            }
        },
        {
            Time = 0.041,
            Data = {
                ["RightFoot"] = CFrame.new(-0.000000, 0.000296, -0.000100, 0.768758, 0.088215, 0.633427, 0.132507, 0.946978, -0.292700, -0.625662, 0.308950, 0.716308),
                ["LeftLowerArm"] = CFrame.new(-0.000000, -0.000000, 0.000000, 1.000000, 0.000000, -0.000000, -0.000000, 0.999773, -0.021310, 0.000000, 0.021310, 0.999773),
                ["RightUpperArm"] = CFrame.new(-0.000752, -0.000005, -0.029397, 0.949766, -0.159589, -0.269214, 0.130136, 0.983708, -0.124027, 0.284621, 0.082762, 0.955061),
                ["Head"] = CFrame.new(0.000000, -0.000000, 0.000000, 0.999989, 0.001836, -0.004391, -0.001892, 0.999918, -0.012645, 0.004368, 0.012653, 0.999910),
                ["RightHand"] = CFrame.new(0.000000, -0.000100, -0.000000, 0.989254, 0.022358, 0.144484, -0.031528, 0.997609, 0.061497, -0.142764, -0.065391, 0.987594),
                ["UpperTorso"] = CFrame.new(0.154459, 0.071620, 0.010174, 0.976930, -0.213408, -0.008093, 0.213541, 0.975619, 0.050682, -0.002920, -0.051241, 0.998682),
                ["HumanoidRootPart"] = CFrame.new(0.000000, 0.000000, 0.000000, 1.000000, 0.000000, 0.000000, 0.000000, 1.000000, 0.000000, 0.000000, 0.000000, 1.000000),
                ["RightUpperLeg"] = CFrame.new(0.000000, -0.000000, 0.000100, 0.716527, -0.550301, -0.428670, 0.256566, 0.779359, -0.571641, 0.648663, 0.299614, 0.699620),
                ["LeftUpperArm"] = CFrame.new(0.000001, 0.000003, 0.000027, 0.998506, -0.010337, -0.053650, -0.007742, -0.998800, 0.048351, -0.054086, -0.047863, -0.997389),
                ["RightLowerArm"] = CFrame.new(-0.000500, 0.000099, 0.000000, 1.000000, 0.000000, 0.000000, 0.000000, 0.999773, -0.021303, -0.000000, 0.021303, 0.999773),
                ["LeftHand"] = CFrame.new(-0.000000, -0.000000, 0.000000, 0.999901, 0.006881, 0.012241, -0.007088, 0.999831, 0.016939, -0.012123, -0.017024, 0.999782),
                ["LeftFoot"] = CFrame.new(0.000000, 0.000000, -0.000000, 0.994870, 0.032904, 0.095657, -0.037547, 0.998182, 0.047145, -0.093931, -0.050495, 0.994297),
                ["LowerTorso"] = CFrame.new(-0.228509, -0.081872, 0.089989, 0.977593, 0.210380, -0.007271, -0.210470, 0.976212, -0.052078, -0.003858, 0.052441, 0.998617),
                ["RightLowerLeg"] = CFrame.new(0.000000, -0.000200, -0.000100, 1.000000, -0.000000, 0.000000, 0.000000, 0.658640, 0.752458, -0.000001, -0.752458, 0.658640),
                ["LeftUpperLeg"] = CFrame.new(-0.000000, 0.000000, -0.000000, 0.965857, -0.257124, 0.031731, 0.258101, 0.965592, -0.031890, -0.022439, 0.038991, 0.998988),
                ["LeftLowerLeg"] = CFrame.new(-0.000000, 0.000000, 0.000000, 1.000000, -0.000000, -0.000000, 0.000000, 0.999632, 0.027116, 0.000000, -0.027116, 0.999632),
            }
        },
        {
            Time = 0.083,
            Data = {
                ["RightFoot"] = CFrame.new(-0.000000, 0.000288, -0.000100, 0.760758, 0.101562, 0.641040, 0.147375, 0.934850, -0.323010, -0.632082, 0.340206, 0.696227),
                ["LeftLowerArm"] = CFrame.new(0.000000, -0.000000, 0.000000, 1.000000, 0.000000, -0.000000, -0.000000, 0.999773, -0.021294, 0.000000, 0.021294, 0.999773),
                ["RightUpperArm"] = CFrame.new(-0.000752, -0.000005, -0.029397, 0.949464, -0.160375, -0.269810, 0.130707, 0.983552, -0.124662, 0.285365, 0.083096, 0.954810),
                ["Head"] = CFrame.new(0.000000, -0.000000, 0.000000, 0.999989, 0.001836, -0.004290, -0.001890, 0.999918, -0.012646, 0.004267, 0.012654, 0.999911),
                ["RightHand"] = CFrame.new(0.000000, -0.000100, -0.000000, 0.989131, 0.022997, 0.145224, -0.032283, 0.997559, 0.061913, -0.143446, -0.065929, 0.987460),
                ["UpperTorso"] = CFrame.new(0.133826, 0.063990, 0.036411, 0.983122, -0.182774, -0.008088, 0.181468, 0.968567, 0.170139, -0.023263, -0.168735, 0.985387),
                ["HumanoidRootPart"] = CFrame.new(0.000000, 0.000000, 0.000000, 1.000000, 0.000000, 0.000000, 0.000000, 1.000000, 0.000000, 0.000000, 0.000000, 1.000000),
                ["RightUpperLeg"] = CFrame.new(0.000000, -0.000000, 0.000100, 0.712885, -0.501648, -0.490045, 0.323111, 0.855151, -0.405359, 0.622410, 0.130636, 0.771713),
                ["LeftUpperArm"] = CFrame.new(0.000001, 0.000003, 0.000027, 0.998506, -0.010343, -0.053646, -0.007748, -0.998800, 0.048360, -0.054082, -0.047872, -0.997388),
                ["RightLowerArm"] = CFrame.new(-0.000500, 0.000099, 0.000000, 1.000000, 0.000000, -0.000000, 0.000000, 0.999774, -0.021276, -0.000000, 0.021276, 0.999774),
                ["LeftHand"] = CFrame.new(-0.000000, -0.000000, -0.000000, 0.999901, 0.006887, 0.012238, -0.007094, 0.999831, 0.016931, -0.012119, -0.017016, 0.999782),
                ["LeftFoot"] = CFrame.new(0.000000, 0.000186, 0.000000, 0.996893, 0.013371, 0.077628, -0.012625, 0.999869, -0.010091, -0.077753, 0.009079, 0.996931),
                ["LowerTorso"] = CFrame.new(-0.191513, -0.073887, 0.009236, 0.983692, 0.177790, -0.027201, -0.179819, 0.968966, -0.169620, -0.003800, 0.171746, 0.985134),
                ["RightLowerLeg"] = CFrame.new(0.000000, -0.000200, -0.000100, 1.000000, -0.000000, 0.000000, 0.000000, 0.690878, 0.722971, -0.000001, -0.722972, 0.690878),
                ["LeftUpperLeg"] = CFrame.new(-0.000000, 0.000000, -0.000000, 0.977386, -0.207829, 0.039038, 0.201898, 0.972030, 0.119980, -0.062882, -0.109385, 0.992009),
                ["LeftLowerLeg"] = CFrame.new(0.000000, -0.000000, 0.000000, 1.000000, 0.000000, -0.000000, 0.000000, 0.998428, 0.056056, 0.000000, -0.056056, 0.998428),
            }
        },
        {
            Time = 0.125,
            Data = {
                ["RightFoot"] = CFrame.new(-0.000000, 0.000332, -0.000100, 0.755159, 0.110162, 0.646219, 0.154692, 0.927993, -0.338967, -0.637028, 0.355939, 0.683741),
                ["LeftLowerArm"] = CFrame.new(0.000000, -0.000000, 0.000000, 1.000000, 0.000000, -0.000000, -0.000000, 0.999773, -0.021295, 0.000000, 0.021295, 0.999773),
                ["RightUpperArm"] = CFrame.new(-0.000752, -0.000005, -0.029397, 0.949201, -0.160996, -0.270366, 0.131136, 0.983425, -0.125212, 0.286043, 0.083396, 0.954581),
                ["Head"] = CFrame.new(0.000000, -0.000000, 0.000000, 0.999990, 0.001836, -0.004189, -0.001889, 0.999918, -0.012646, 0.004165, 0.012654, 0.999911),
                ["RightHand"] = CFrame.new(0.000000, -0.000099, -0.000000, 0.989020, 0.023486, 0.145903, -0.032883, 0.997514, 0.062329, -0.144077, -0.066443, 0.987333),
                ["UpperTorso"] = CFrame.new(0.098748, 0.063941, 0.069696, 0.990756, -0.135415, -0.008056, 0.131245, 0.941840, 0.309373, -0.034307, -0.307571, 0.950907),
                ["HumanoidRootPart"] = CFrame.new(0.000000, 0.000000, 0.000000, 1.000000, 0.000000, 0.000000, 0.000000, 1.000000, 0.000000, 0.000000, 0.000000, 1.000000),
                ["RightUpperLeg"] = CFrame.new(0.000000, -0.000000, 0.000100, 0.715574, -0.402013, -0.571261, 0.384904, 0.909366, -0.157808, 0.582926, -0.106957, 0.805455),
                ["LeftUpperArm"] = CFrame.new(0.000001, 0.000003, 0.000027, 0.998506, -0.010352, -0.053644, -0.007757, -0.998800, 0.048358, -0.054080, -0.047870, -0.997388),
                ["RightLowerArm"] = CFrame.new(-0.000500, 0.000100, 0.000000, 1.000000, -0.000000, 0.000000, 0.000000, 0.999773, -0.021306, -0.000000, 0.021306, 0.999773),
                ["LeftHand"] = CFrame.new(0.000000, 0.000000, 0.000000, 0.999901, 0.006896, 0.012235, -0.007103, 0.999831, 0.016931, -0.012116, -0.017016, 0.999782),
                ["LeftFoot"] = CFrame.new(0.000000, 0.000187, 0.000000, 0.998676, -0.021181, 0.046887, 0.025115, 0.996066, -0.084984, -0.044903, 0.086049, 0.995278),
                ["LowerTorso"] = CFrame.new(-0.132548, -0.057034, -0.085755, 0.991185, 0.127020, -0.037672, -0.132437, 0.941973, -0.308461, -0.003695, 0.310730, 0.950491),
                ["RightLowerLeg"] = CFrame.new(0.000000, -0.000200, -0.000100, 1.000000, -0.000000, 0.000000, 0.000000, 0.763620, 0.645666, -0.000001, -0.645666, 0.763620),
                ["LeftUpperLeg"] = CFrame.new(-0.000000, -0.000000, 0.000000, 0.989972, -0.126919, 0.062027, 0.104029, 0.952046, 0.287728, -0.095570, -0.278390, 0.955702),
                ["LeftLowerLeg"] = CFrame.new(-0.000000, -0.000000, -0.000000, 1.000000, 0.000000, -0.000000, 0.000000, 0.994322, 0.106413, 0.000000, -0.106413, 0.994322),
            }
        },
        {
            Time = 0.166,
            Data = {
                ["RightFoot"] = CFrame.new(0.000000, 0.000416, -0.000099, 0.758030, 0.103112, 0.644017, 0.142395, 0.937440, -0.317694, -0.636486, 0.332527, 0.695925),
                ["LeftLowerArm"] = CFrame.new(-0.000000, 0.000000, 0.000000, 1.000000, 0.000000, -0.000000, -0.000000, 0.999773, -0.021320, -0.000000, 0.021320, 0.999773),
                ["RightUpperArm"] = CFrame.new(-0.000752, -0.000005, -0.029396, 0.948969, -0.161481, -0.270890, 0.131425, 0.983316, -0.125765, 0.286679, 0.083745, 0.954359),
                ["Head"] = CFrame.new(0.000000, -0.000000, 0.000000, 0.999990, 0.001836, -0.004087, -0.001888, 0.999918, -0.012647, 0.004063, 0.012654, 0.999912),
                ["RightHand"] = CFrame.new(0.000000, -0.000100, -0.000000, 0.988917, 0.023832, 0.146545, -0.033327, 0.997477, 0.062679, -0.144682, -0.066868, 0.987216),
                ["UpperTorso"] = CFrame.new(0.049050, 0.072072, 0.097571, 0.997194, -0.074434, -0.007976, 0.070859, 0.904157, 0.421282, -0.024146, -0.420665, 0.906895),
                ["HumanoidRootPart"] = CFrame.new(0.000000, 0.000000, 0.000000, 1.000000, 0.000000, 0.000000, 0.000000, 1.000000, 0.000000, 0.000000, 0.000000, 1.000000),
                ["RightUpperLeg"] = CFrame.new(0.000000, 0.000000, 0.000100, 0.728950, -0.240309, -0.641003, 0.404565, 0.906575, 0.120201, 0.552231, -0.346948, 0.758068),
                ["LeftUpperArm"] = CFrame.new(0.000001, 0.000003, 0.000027, 0.998506, -0.010368, -0.053643, -0.007774, -0.998801, 0.048342, -0.054080, -0.047853, -0.997389),
                ["RightLowerArm"] = CFrame.new(-0.000500, 0.000099, 0.000000, 1.000000, 0.000000, -0.000000, 0.000000, 0.999774, -0.021239, -0.000000, 0.021239, 0.999774),
                ["LeftHand"] = CFrame.new(-0.000000, -0.000001, 0.000000, 0.999901, 0.006912, 0.012234, -0.007119, 0.999831, 0.016940, -0.012115, -0.017025, 0.999782),
                ["LeftFoot"] = CFrame.new(0.000000, 0.000199, 0.000000, 0.997551, -0.069822, 0.004116, 0.069697, 0.987382, -0.142193, 0.005864, 0.142132, 0.989830),
                ["LowerTorso"] = CFrame.new(-0.055931, -0.036814, -0.163354, 0.997439, 0.066243, -0.026973, -0.071437, 0.904016, -0.421487, -0.003537, 0.422334, 0.906433),
                ["RightLowerLeg"] = CFrame.new(0.000000, -0.000200, -0.000100, 1.000000, -0.000000, 0.000001, 0.000000, 0.870675, 0.491858, -0.000001, -0.491859, 0.870675),
                ["LeftUpperLeg"] = CFrame.new(-0.000000, -0.000000, -0.000000, 0.994633, -0.018804, 0.101744, -0.025489, 0.908511, 0.417084, -0.100278, -0.417438, 0.903155),
                ["LeftLowerLeg"] = CFrame.new(-0.000000, -0.000000, -0.000000, 1.000000, 0.000000, -0.000000, -0.000000, 0.989783, 0.142581, 0.000000, -0.142581, 0.989783),
            }
        },
        {
            Time = 0.208,
            Data = {
                ["RightFoot"] = CFrame.new(-0.000000, 0.000406, -0.000100, 0.774028, 0.070292, 0.629238, 0.113632, 0.962260, -0.247273, -0.622871, 0.262898, 0.736828),
                ["LeftLowerArm"] = CFrame.new(0.000000, -0.000001, 0.000000, 1.000000, 0.000000, -0.000000, -0.000000, 0.999773, -0.021320, -0.000000, 0.021320, 0.999773),
                ["RightUpperArm"] = CFrame.new(-0.000752, -0.000005, -0.029396, 0.948774, -0.161811, -0.271376, 0.131587, 0.983236, -0.126219, 0.287250, 0.084044, 0.954161),
                ["Head"] = CFrame.new(0.000000, -0.000000, 0.000000, 0.999990, 0.001836, -0.003984, -0.001886, 0.999918, -0.012647, 0.003961, 0.012655, 0.999912),
                ["RightHand"] = CFrame.new(0.000000, -0.000099, -0.000000, 0.988826, 0.024044, 0.147125, -0.033634, 0.997444, 0.063046, -0.145234, -0.067290, 0.987107),
                ["UpperTorso"] = CFrame.new(-0.014288, 0.078082, 0.108451, 0.999964, -0.003186, -0.007829, 0.006471, 0.884463, 0.466566, 0.005439, -0.466600, 0.884452),
                ["HumanoidRootPart"] = CFrame.new(0.000000, 0.000000, 0.000000, 1.000000, 0.000000, 0.000000, 0.000000, 1.000000, 0.000000, 0.000000, 0.000000, 1.000000),
                ["RightUpperLeg"] = CFrame.new(0.000000, 0.000000, 0.000100, 0.752567, -0.027166, -0.657955, 0.349367, 0.863411, 0.363956, 0.558199, -0.503769, 0.659266),
                ["LeftUpperArm"] = CFrame.new(0.000001, 0.000003, 0.000027, 0.998506, -0.010394, -0.053637, -0.007800, -0.998801, 0.048339, -0.054075, -0.047849, -0.997390),
                ["RightLowerArm"] = CFrame.new(-0.000500, 0.000099, 0.000000, 1.000000, -0.000000, 0.000000, 0.000000, 0.999774, -0.021264, 0.000000, 0.021264, 0.999774),
                ["LeftHand"] = CFrame.new(-0.000000, -0.000001, 0.000000, 0.999901, 0.006939, 0.012228, -0.007145, 0.999831, 0.016937, -0.012108, -0.017023, 0.999782),
                ["LeftFoot"] = CFrame.new(0.000000, 0.000206, -0.000000, 0.990519, -0.128842, -0.047670, 0.116172, 0.970788, -0.209938, 0.073327, 0.202410, 0.976552),
                ["LowerTorso"] = CFrame.new(0.034794, -0.026816, -0.195055, 0.999994, 0.001711, 0.002850, -0.000181, 0.884091, -0.467315, -0.003319, 0.467312, 0.884086),
                ["RightLowerLeg"] = CFrame.new(-0.000000, -0.000200, -0.000100, 1.000000, -0.000000, 0.000001, 0.000000, 0.966554, 0.256462, -0.000001, -0.256463, 0.966554),
                ["LeftUpperLeg"] = CFrame.new(-0.000000, 0.000000, 0.000000, 0.982001, 0.118496, 0.147083, -0.169129, 0.898332, 0.405457, -0.084084, -0.423035, 0.902204),
                ["LeftLowerLeg"] = CFrame.new(-0.000000, -0.000000, 0.000000, 1.000000, 0.000000, -0.000000, -0.000000, 0.966576, 0.256381, 0.000000, -0.256382, 0.966576),
            }
        },
        {
            Time = 0.250,
            Data = {
                ["RightFoot"] = CFrame.new(0.000000, 0.000399, -0.000100, 0.800313, 0.011121, 0.599479, 0.109278, 0.980377, -0.164074, -0.589540, 0.196820, 0.783393),
                ["LeftLowerArm"] = CFrame.new(0.000000, -0.000001, 0.000000, 1.000000, 0.000000, 0.000000, -0.000000, 0.999773, -0.021307, -0.000000, 0.021307, 0.999773),
                ["RightUpperArm"] = CFrame.new(-0.000753, -0.000005, -0.029396, 0.948611, -0.162007, -0.271829, 0.131623, 0.983178, -0.126633, 0.287772, 0.084346, 0.953978),
                ["Head"] = CFrame.new(0.000000, -0.000000, 0.000000, 0.999991, 0.001836, -0.003881, -0.001885, 0.999918, -0.012648, 0.003858, 0.012655, 0.999913),
                ["RightHand"] = CFrame.new(0.000000, -0.000099, -0.000000, 0.988744, 0.024125, 0.147661, -0.033803, 0.997416, 0.063386, -0.145750, -0.067664, 0.987005),
                ["UpperTorso"] = CFrame.new(-0.085981, 0.088984, 0.098634, 0.997270, 0.073804, -0.002211, -0.065232, 0.894676, 0.441928, 0.034594, -0.440577, 0.897048),
                ["HumanoidRootPart"] = CFrame.new(0.000000, 0.000000, 0.000000, 1.000000, 0.000000, 0.000000, 0.000000, 1.000000, 0.000000, 0.000000, 0.000000, 1.000000),
                ["RightUpperLeg"] = CFrame.new(0.000000, 0.000000, 0.000100, 0.778990, 0.177200, -0.601477, 0.211452, 0.828812, 0.518033, 0.590307, -0.530726, 0.608168),
                ["LeftUpperArm"] = CFrame.new(0.000001, 0.000004, 0.000027, 0.998507, -0.010431, -0.053625, -0.007838, -0.998800, 0.048342, -0.054065, -0.047850, -0.997390),
                ["RightLowerArm"] = CFrame.new(-0.000500, 0.000099, 0.000000, 1.000000, 0.000000, -0.000000, 0.000000, 0.999774, -0.021277, 0.000000, 0.021277, 0.999774),
                ["LeftHand"] = CFrame.new(-0.000000, -0.000000, 0.000000, 0.999901, 0.006976, 0.012215, -0.007182, 0.999831, 0.016927, -0.012095, -0.017013, 0.999782),
                ["LeftFoot"] = CFrame.new(0.000000, 0.000248, 0.000000, 0.974806, -0.195924, -0.106613, 0.157554, 0.943148, -0.292656, 0.157890, 0.268486, 0.950256),
                ["LowerTorso"] = CFrame.new(0.138402, -0.042118, -0.180277, 0.997044, -0.069911, 0.031870, 0.076796, 0.894110, -0.441215, 0.002350, 0.442358, 0.896835),
                ["RightLowerLeg"] = CFrame.new(-0.000000, -0.000200, -0.000100, 1.000000, -0.000000, 0.000000, 0.000000, 0.998516, 0.054460, -0.000000, -0.054460, 0.998516),
                ["LeftUpperLeg"] = CFrame.new(-0.000000, 0.000000, -0.000000, 0.943614, 0.285890, 0.166914, -0.320350, 0.915703, 0.242619, -0.083481, -0.282410, 0.955655),
                ["LeftLowerLeg"] = CFrame.new(-0.000000, 0.000000, -0.000000, 1.000000, 0.000000, -0.000000, -0.000000, 0.893931, 0.448204, 0.000000, -0.448204, 0.893931),
            }
        },
        {
            Time = 0.291,
            Data = {
                ["RightFoot"] = CFrame.new(0.000000, 0.000200, -0.000100, 0.827144, -0.061766, 0.558586, 0.159632, 0.978824, -0.128145, -0.538842, 0.195162, 0.819488),
                ["LeftLowerArm"] = CFrame.new(0.000000, -0.000000, 0.000000, 1.000000, 0.000000, -0.000000, -0.000000, 0.999771, -0.021383, 0.000000, 0.021383, 0.999771),
                ["RightUpperArm"] = CFrame.new(-0.000753, -0.000005, -0.029396, 0.948477, -0.162077, -0.272253, 0.131544, 0.983141, -0.127007, 0.288248, 0.084650, 0.953807),
                ["Head"] = CFrame.new(0.000000, -0.000000, 0.000000, 0.999991, 0.001836, -0.003778, -0.001883, 0.999918, -0.012648, 0.003754, 0.012655, 0.999913),
                ["RightHand"] = CFrame.new(0.000000, -0.000099, -0.000000, 0.988671, 0.024086, 0.148154, -0.033844, 0.997395, 0.063704, -0.146234, -0.067997, 0.986910),
                ["UpperTorso"] = CFrame.new(-0.152906, 0.118049, 0.078724, 0.988878, 0.148325, 0.010920, -0.141698, 0.917303, 0.372125, 0.045178, -0.369534, 0.928118),
                ["HumanoidRootPart"] = CFrame.new(0.000000, 0.000000, 0.000000, 1.000000, 0.000000, 0.000000, 0.000000, 1.000000, 0.000000, 0.000000, 0.000000, 1.000000),
                ["RightUpperLeg"] = CFrame.new(0.000000, -0.000000, 0.000100, 0.794158, 0.314176, -0.520199, 0.021855, 0.840678, 0.541095, 0.607319, -0.441083, 0.660764),
                ["LeftUpperArm"] = CFrame.new(0.000001, 0.000004, 0.000027, 0.998506, -0.010481, -0.053623, -0.007890, -0.998802, 0.048295, -0.054065, -0.047799, -0.997393),
                ["RightLowerArm"] = CFrame.new(-0.000500, 0.000099, 0.000000, 1.000000, -0.000000, -0.000000, 0.000000, 0.999773, -0.021285, 0.000000, 0.021285, 0.999773),
                ["LeftHand"] = CFrame.new(-0.000000, -0.000001, 0.000000, 0.999901, 0.007028, 0.012213, -0.007234, 0.999830, 0.016954, -0.012091, -0.017041, 0.999782),
                ["LeftFoot"] = CFrame.new(0.000000, 0.000170, 0.000000, 0.949920, -0.264192, -0.166895, 0.193465, 0.916615, -0.349841, 0.245403, 0.300033, 0.921823),
                ["LowerTorso"] = CFrame.new(0.245150, -0.077877, -0.139234, 0.988369, -0.146129, 0.042101, 0.151280, 0.916565, -0.370166, 0.015503, 0.372229, 0.928011),
                ["RightLowerLeg"] = CFrame.new(0.000000, -0.000200, -0.000100, 1.000000, -0.000000, 0.000001, -0.000000, 0.999632, 0.027116, -0.000001, -0.027116, 0.999632),
                ["LeftUpperLeg"] = CFrame.new(-0.000000, -0.000001, -0.000000, 0.878273, 0.454463, 0.148663, -0.462097, 0.886612, 0.019609, -0.122895, -0.085919, 0.988694),
                ["LeftLowerLeg"] = CFrame.new(0.000000, 0.000000, -0.000000, 1.000000, 0.000000, -0.000000, -0.000000, 0.795418, 0.606061, 0.000000, -0.606061, 0.795418),
            }
        },
        {
            Time = 0.333,
            Data = {
                ["RightFoot"] = CFrame.new(0.000000, 0.000200, -0.000100, 0.848057, -0.136500, 0.512023, 0.210708, 0.973445, -0.089482, -0.486212, 0.183774, 0.854298),
                ["LeftLowerArm"] = CFrame.new(0.000000, -0.000000, 0.000000, 1.000000, 0.000000, -0.000000, -0.000000, 0.999773, -0.021326, 0.000000, 0.021326, 0.999773),
                ["RightUpperArm"] = CFrame.new(-0.000753, -0.000005, -0.029395, 0.948373, -0.162027, -0.272647, 0.131355, 0.983123, -0.127339, 0.288678, 0.084951, 0.953650),
                ["Head"] = CFrame.new(0.000000, -0.000000, 0.000000, 0.999992, 0.001836, -0.003673, -0.001882, 0.999918, -0.012649, 0.003650, 0.012656, 0.999913),
                ["RightHand"] = CFrame.new(-0.000000, -0.000100, -0.000000, 0.988607, 0.023931, 0.148606, -0.033765, 0.997378, 0.064005, -0.146685, -0.068294, 0.986823),
                ["UpperTorso"] = CFrame.new(-0.205054, 0.157267, 0.062218, 0.977018, 0.211498, 0.026530, -0.210933, 0.941391, 0.263229, 0.030697, -0.262776, 0.964368),
                ["HumanoidRootPart"] = CFrame.new(0.000000, 0.000000, 0.000000, 1.000000, 0.000000, 0.000000, 0.000000, 1.000000, 0.000000, 0.000000, 0.000000, 1.000000),
                ["RightUpperLeg"] = CFrame.new(0.000000, -0.000000, 0.000100, 0.790986, 0.422230, -0.442791, -0.186524, 0.855671, 0.482739, 0.582710, -0.299248, 0.755579),
                ["LeftUpperArm"] = CFrame.new(0.000001, 0.000003, 0.000027, 0.998507, -0.010550, -0.053596, -0.007960, -0.998800, 0.048319, -0.054041, -0.047820, -0.997393),
                ["RightLowerArm"] = CFrame.new(-0.000500, 0.000099, 0.000000, 1.000000, -0.000000, -0.000000, -0.000000, 0.999773, -0.021295, -0.000000, 0.021295, 0.999773),
                ["LeftHand"] = CFrame.new(0.000000, -0.000001, -0.000000, 0.999901, 0.007096, 0.012186, -0.007302, 0.999830, 0.016921, -0.012064, -0.017008, 0.999783),
                ["LeftFoot"] = CFrame.new(0.000000, 0.000093, 0.000000, 0.922278, -0.320048, -0.216732, 0.227730, 0.902985, -0.364360, 0.312318, 0.286684, 0.905687),
                ["LowerTorso"] = CFrame.new(0.339911, -0.119475, -0.075916, 0.976249, -0.214944, 0.027136, 0.214405, 0.940536, -0.263482, 0.031111, 0.263042, 0.964283),
                ["RightLowerLeg"] = CFrame.new(-0.000000, -0.000200, -0.000100, 1.000000, -0.000000, 0.000001, 0.000000, 0.999632, 0.027116, -0.000001, -0.027116, 0.999632),
                ["LeftUpperLeg"] = CFrame.new(0.000000, -0.000000, 0.000000, 0.802629, 0.588217, 0.098934, -0.560301, 0.800390, -0.213163, -0.204572, 0.115658, 0.971995),
                ["LeftLowerLeg"] = CFrame.new(-0.000000, -0.000000, -0.000000, 1.000000, 0.000000, -0.000000, -0.000000, 0.714466, 0.699670, 0.000001, -0.699670, 0.714466),
            }
        },
        {
            Time = 0.375,
            Data = {
                ["RightFoot"] = CFrame.new(-0.000000, 0.000200, -0.000100, 0.860158, -0.199194, 0.469521, 0.246647, 0.968234, -0.041084, -0.446422, 0.151145, 0.881965),
                ["LeftLowerArm"] = CFrame.new(-0.000000, -0.000000, 0.000000, 1.000000, 0.000000, -0.000000, -0.000000, 0.999773, -0.021323, 0.000000, 0.021323, 0.999773),
                ["RightUpperArm"] = CFrame.new(-0.000753, -0.000005, -0.029395, 0.948294, -0.161866, -0.273016, 0.131063, 0.983123, -0.127638, 0.289069, 0.085256, 0.953504),
                ["Head"] = CFrame.new(0.000000, -0.000000, 0.000000, 0.999992, 0.001836, -0.003569, -0.001881, 0.999918, -0.012649, 0.003545, 0.012656, 0.999914),
                ["RightHand"] = CFrame.new(-0.000000, -0.000100, 0.000000, 0.988551, 0.023671, 0.149022, -0.033573, 0.997367, 0.064286, -0.147108, -0.068553, 0.986742),
                ["UpperTorso"] = CFrame.new(-0.237898, 0.191081, 0.057781, 0.966115, 0.255057, 0.039583, -0.258028, 0.958265, 0.123088, -0.006537, -0.129131, 0.991606),
                ["HumanoidRootPart"] = CFrame.new(0.000000, 0.000000, 0.000000, 1.000000, 0.000000, 0.000000, 0.000000, 1.000000, 0.000000, 0.000000, 0.000000, 1.000000),
                ["RightUpperLeg"] = CFrame.new(0.000000, 0.000000, 0.000100, 0.775560, 0.495891, -0.390640, -0.371444, 0.858826, 0.352772, 0.510428, -0.128495, 0.850266),
                ["LeftUpperArm"] = CFrame.new(0.000001, 0.000004, 0.000027, 0.998507, -0.010637, -0.053572, -0.008048, -0.998800, 0.048312, -0.054022, -0.047808, -0.997395),
                ["RightLowerArm"] = CFrame.new(-0.000500, 0.000099, 0.000000, 1.000000, 0.000000, 0.000000, 0.000000, 0.999773, -0.021299, -0.000000, 0.021299, 0.999773),
                ["LeftHand"] = CFrame.new(0.000000, -0.000001, 0.000000, 0.999900, 0.007183, 0.012161, -0.007389, 0.999830, 0.016909, -0.012038, -0.016997, 0.999783),
                ["LeftFoot"] = CFrame.new(0.000000, 0.000095, 0.000000, 0.903493, -0.351371, -0.245437, 0.258180, 0.903263, -0.342722, 0.342117, 0.246280, 0.906809),
                ["LowerTorso"] = CFrame.new(0.406399, -0.153212, 0.004972, 0.965157, -0.261456, -0.010621, 0.257920, 0.957384, -0.129972, 0.044150, 0.122704, 0.991461),
                ["RightLowerLeg"] = CFrame.new(0.000000, -0.000200, -0.000100, 1.000000, -0.000000, 0.000000, 0.000000, 0.999632, 0.027116, -0.000000, -0.027116, 0.999632),
                ["LeftUpperLeg"] = CFrame.new(-0.000000, 0.000000, 0.000000, 0.745596, 0.665391, 0.036636, -0.590048, 0.684725, -0.427779, -0.309726, 0.297333, 0.903141),
                ["LeftLowerLeg"] = CFrame.new(-0.000000, -0.000000, -0.000000, 1.000000, 0.000000, -0.000000, -0.000000, 0.666702, 0.745324, 0.000000, -0.745324, 0.666702),
            }
        },
        {
            Time = 0.416,
            Data = {
                ["RightFoot"] = CFrame.new(-0.000000, 0.000200, -0.000100, 0.864818, -0.238171, 0.442001, 0.259507, 0.965659, 0.012591, -0.429821, 0.103814, 0.896926),
                ["LeftLowerArm"] = CFrame.new(-0.000000, -0.000000, 0.000000, 1.000000, 0.000000, -0.000000, -0.000000, 0.999772, -0.021361, 0.000000, 0.021361, 0.999772),
                ["RightUpperArm"] = CFrame.new(-0.000753, -0.000005, -0.029395, 0.948240, -0.161601, -0.273361, 0.130676, 0.983140, -0.127903, 0.289421, 0.085561, 0.953370),
                ["Head"] = CFrame.new(0.000000, -0.000000, 0.000000, 0.999992, 0.001835, -0.003464, -0.001879, 0.999918, -0.012650, 0.003440, 0.012656, 0.999914),
                ["RightHand"] = CFrame.new(0.000001, -0.000100, -0.000000, 0.988502, 0.023311, 0.149403, -0.033276, 0.997359, 0.064553, -0.147504, -0.068783, 0.986667),
                ["UpperTorso"] = CFrame.new(-0.250173, 0.200098, 0.061974, 0.961444, 0.271285, 0.045050, -0.269758, 0.962209, -0.037206, -0.053441, 0.023619, 0.998292),
                ["HumanoidRootPart"] = CFrame.new(0.000000, 0.000000, 0.000000, 1.000000, 0.000000, 0.000000, 0.000000, 1.000000, 0.000000, 0.000000, 0.000000, 1.000000),
                ["RightUpperLeg"] = CFrame.new(0.000000, -0.000000, 0.000100, 0.763187, 0.522803, -0.379768, -0.498484, 0.850305, 0.168803, 0.411169, 0.060480, 0.909550),
                ["LeftUpperArm"] = CFrame.new(0.000001, 0.000004, 0.000027, 0.998507, -0.010744, -0.053549, -0.008158, -0.998801, 0.048279, -0.054004, -0.047770, -0.997397),
                ["RightLowerArm"] = CFrame.new(-0.000500, 0.000100, 0.000000, 1.000000, -0.000000, -0.000000, 0.000000, 0.999773, -0.021303, 0.000000, 0.021303, 0.999773),
                ["LeftHand"] = CFrame.new(0.000000, -0.000000, 0.000000, 0.999900, 0.007292, 0.012138, -0.007497, 0.999829, 0.016913, -0.012012, -0.017003, 0.999783),
                ["LeftFoot"] = CFrame.new(0.000000, 0.000097, 0.000000, 0.903889, -0.350034, -0.245887, 0.275034, 0.915807, -0.292669, 0.327629, 0.196913, 0.924059),
                ["LowerTorso"] = CFrame.new(0.429012, -0.166568, 0.097428, 0.960412, -0.272475, -0.058014, 0.274130, 0.961426, 0.022631, 0.049610, -0.037639, 0.998059),
                ["RightLowerLeg"] = CFrame.new(-0.000000, -0.000200, -0.000100, 1.000000, -0.000000, 0.000000, 0.000000, 0.999632, 0.027116, -0.000000, -0.027116, 0.999632),
                ["LeftUpperLeg"] = CFrame.new(-0.000000, -0.000000, 0.000000, 0.734811, 0.678130, -0.013881, -0.544261, 0.577293, -0.608697, -0.404762, 0.454832, 0.793281),
                ["LeftLowerLeg"] = CFrame.new(0.000000, -0.000000, -0.000000, 1.000000, 0.000000, -0.000000, -0.000000, 0.655569, 0.755135, 0.000001, -0.755135, 0.655569),
            }
        },
        {
            Time = 0.458,
            Data = {
                ["RightFoot"] = CFrame.new(0.000000, 0.000200, -0.000100, 0.865206, -0.249958, 0.434673, 0.246009, 0.966991, 0.066392, -0.436920, 0.049491, 0.898138),
                ["LeftLowerArm"] = CFrame.new(0.000000, -0.000000, 0.000000, 1.000000, 0.000000, -0.000000, -0.000000, 0.999773, -0.021318, 0.000000, 0.021318, 0.999773),
                ["RightUpperArm"] = CFrame.new(-0.000753, -0.000005, -0.029395, 0.948208, -0.161241, -0.273684, 0.130200, 0.983172, -0.128141, 0.289740, 0.085870, 0.953245),
                ["Head"] = CFrame.new(0.000000, -0.000000, 0.000000, 0.999993, 0.001835, -0.003358, -0.001878, 0.999918, -0.012650, 0.003335, 0.012656, 0.999914),
                ["RightHand"] = CFrame.new(0.000000, -0.000100, -0.000000, 0.988459, 0.022858, 0.149753, -0.032882, 0.997356, 0.064804, -0.147876, -0.068980, 0.986597),
                ["UpperTorso"] = CFrame.new(-0.238345, 0.181865, 0.060655, 0.966115, 0.255057, 0.039583, -0.242168, 0.948783, -0.202893, -0.089305, 0.186433, 0.978400),
                ["HumanoidRootPart"] = CFrame.new(0.000000, 0.000000, 0.000000, 1.000000, 0.000000, 0.000000, 0.000000, 1.000000, 0.000000, 0.000000, 0.000000, 1.000000),
                ["RightUpperLeg"] = CFrame.new(-0.000000, -0.000000, 0.000100, 0.765880, 0.495575, -0.409674, -0.558085, 0.828781, -0.040771, 0.319325, 0.259859, 0.911320),
                ["LeftUpperArm"] = CFrame.new(0.000001, 0.000004, 0.000027, 0.998508, -0.010876, -0.053507, -0.008292, -0.998799, 0.048288, -0.053968, -0.047773, -0.997399),
                ["RightLowerArm"] = CFrame.new(-0.000500, 0.000099, 0.000000, 1.000000, 0.000000, 0.000000, 0.000000, 0.999773, -0.021299, 0.000000, 0.021300, 0.999773),
                ["LeftHand"] = CFrame.new(-0.000000, 0.000000, -0.000000, 0.999899, 0.007424, 0.012095, -0.007628, 0.999828, 0.016879, -0.011968, -0.016969, 0.999784),
                ["LeftFoot"] = CFrame.new(0.000000, 0.000091, 0.000000, 0.923651, -0.315346, -0.217777, 0.267609, 0.937486, -0.222498, 0.274326, 0.147231, 0.950299),
                ["LowerTorso"] = CFrame.new(0.399426, -0.159037, 0.193719, 0.965157, -0.244098, -0.094276, 0.257920, 0.948220, 0.185353, 0.044150, -0.203210, 0.978139),
                ["RightLowerLeg"] = CFrame.new(-0.000000, -0.000200, -0.000100, 1.000000, 0.000000, 0.000001, 0.000000, 0.999632, 0.027116, -0.000001, -0.027116, 0.999632),
                ["LeftUpperLeg"] = CFrame.new(-0.000000, 0.000000, -0.000000, 0.777700, 0.627651, -0.035175, -0.435322, 0.497335, -0.750435, -0.453517, 0.598925, 0.660008),
                ["LeftLowerLeg"] = CFrame.new(0.000000, -0.000000, 0.000000, 1.000000, 0.000000, -0.000000, -0.000000, 0.677692, 0.735346, 0.000000, -0.735346, 0.677692),
            }
        },
        {
            Time = 0.500,
            Data = {
                ["RightFoot"] = CFrame.new(0.000000, 0.000347, -0.000100, 0.863384, -0.241562, 0.442963, 0.212399, 0.970370, 0.115186, -0.457662, -0.005365, 0.889110),
                ["LeftLowerArm"] = CFrame.new(-0.000000, -0.000000, 0.000000, 1.000000, 0.000000, -0.000000, -0.000000, 0.999773, -0.021290, 0.000000, 0.021290, 0.999773),
                ["RightUpperArm"] = CFrame.new(-0.000753, -0.000006, -0.029395, 0.948197, -0.160789, -0.273987, 0.129644, 0.983220, -0.128340, 0.290025, 0.086171, 0.953132),
                ["Head"] = CFrame.new(0.000000, -0.000000, 0.000000, 0.999993, 0.001835, -0.003252, -0.001876, 0.999918, -0.012651, 0.003229, 0.012657, 0.999915),
                ["RightHand"] = CFrame.new(-0.000000, -0.000099, -0.000000, 0.988423, 0.022321, 0.150071, -0.032399, 0.997356, 0.065050, -0.148223, -0.069159, 0.986533),
                ["UpperTorso"] = CFrame.new(-0.202908, 0.154835, 0.047342, 0.977018, 0.211498, 0.026530, -0.188590, 0.915704, -0.354851, -0.099344, 0.341693, 0.934546),
                ["HumanoidRootPart"] = CFrame.new(0.000000, 0.000000, 0.000000, 1.000000, 0.000000, 0.000000, 0.000000, 1.000000, 0.000000, 0.000000, 0.000000, 1.000000),
                ["RightUpperLeg"] = CFrame.new(0.000000, -0.000000, 0.000100, 0.781308, 0.421884, -0.459969, -0.567870, 0.786314, -0.243380, 0.259002, 0.451357, 0.853929),
                ["LeftUpperArm"] = CFrame.new(0.000001, 0.000004, 0.000027, 0.998509, -0.011034, -0.053461, -0.008452, -0.998798, 0.048287, -0.053930, -0.047763, -0.997402),
                ["RightLowerArm"] = CFrame.new(-0.000500, 0.000099, 0.000000, 1.000000, -0.000000, -0.000000, 0.000000, 0.999773, -0.021315, -0.000000, 0.021315, 0.999773),
                ["LeftHand"] = CFrame.new(0.000000, 0.000000, 0.000000, 0.999899, 0.007582, 0.012048, -0.007785, 0.999828, 0.016848, -0.011919, -0.016940, 0.999785),
                ["LeftFoot"] = CFrame.new(0.000000, 0.000096, 0.000000, 0.950385, -0.259276, -0.171887, 0.237054, 0.961425, -0.139523, 0.201431, 0.091854, 0.975186),
                ["LowerTorso"] = CFrame.new(0.329947, -0.138950, 0.283300, 0.976249, -0.189736, -0.104583, 0.214405, 0.915429, 0.340618, 0.031111, -0.354952, 0.934367),
                ["RightLowerLeg"] = CFrame.new(0.000000, -0.000200, -0.000100, 1.000000, -0.000000, 0.000000, -0.000000, 0.999611, 0.027898, -0.000000, -0.027898, 0.999611),
                ["LeftUpperLeg"] = CFrame.new(-0.000000, -0.000000, -0.000000, 0.848019, 0.529408, -0.024306, -0.297935, 0.438306, -0.848011, -0.438291, 0.726371, 0.529421),
                ["LeftLowerLeg"] = CFrame.new(-0.000000, 0.000000, -0.000000, 1.000000, 0.000000, -0.000000, -0.000000, 0.727884, 0.685700, 0.000000, -0.685700, 0.727884),
            }
        },
        {
            Time = 0.541,
            Data = {
                ["RightFoot"] = CFrame.new(0.000000, 0.000395, -0.000100, 0.859609, -0.219517, 0.461395, 0.176032, 0.974959, 0.135895, -0.479672, -0.035596, 0.876725),
                ["LeftLowerArm"] = CFrame.new(0.000000, -0.000001, 0.000000, 1.000000, 0.000000, 0.000000, -0.000000, 0.999772, -0.021352, -0.000000, 0.021352, 0.999772),
                ["RightUpperArm"] = CFrame.new(-0.000753, -0.000006, -0.029395, 0.948205, -0.160258, -0.274272, 0.129012, 0.983280, -0.128516, 0.290282, 0.086475, 0.953026),
                ["Head"] = CFrame.new(0.000000, -0.000000, 0.000000, 0.999993, 0.001835, -0.003146, -0.001875, 0.999918, -0.012651, 0.003122, 0.012657, 0.999915),
                ["RightHand"] = CFrame.new(0.000000, -0.000101, 0.000000, 0.988392, 0.021707, 0.150365, -0.031835, 0.997359, 0.065285, -0.148551, -0.069314, 0.986473),
                ["UpperTorso"] = CFrame.new(-0.148495, 0.130555, 0.026014, 0.988878, 0.148324, 0.010920, -0.125300, 0.870428, -0.476082, -0.080120, 0.469419, 0.879333),
                ["HumanoidRootPart"] = CFrame.new(0.000000, 0.000000, 0.000000, 1.000000, 0.000000, 0.000000, 0.000000, 1.000000, 0.000000, 0.000000, 0.000000, 1.000000),
                ["RightUpperLeg"] = CFrame.new(0.000000, -0.000000, 0.000100, 0.800656, 0.301329, -0.517833, -0.547855, 0.718065, -0.429230, 0.242499, 0.627363, 0.740007),
                ["LeftUpperArm"] = CFrame.new(0.000001, 0.000004, 0.000027, 0.998509, -0.011218, -0.053421, -0.008641, -0.998799, 0.048232, -0.053898, -0.047698, -0.997407),
                ["RightLowerArm"] = CFrame.new(-0.000500, 0.000100, 0.000000, 1.000000, -0.000000, -0.000000, 0.000000, 0.999773, -0.021326, 0.000000, 0.021325, 0.999773),
                ["LeftHand"] = CFrame.new(-0.000000, 0.000000, 0.000000, 0.999898, 0.007769, 0.012007, -0.007971, 0.999826, 0.016853, -0.011874, -0.016947, 0.999786),
                ["LeftFoot"] = CFrame.new(0.000000, 0.000226, 0.000000, 0.973475, -0.194974, -0.119712, 0.191589, 0.980689, -0.039273, 0.125058, 0.015295, 0.992032),
                ["LowerTorso"] = CFrame.new(0.237354, -0.111000, 0.356218, 0.988369, -0.125765, -0.085494, 0.151280, 0.870443, 0.468447, 0.015503, -0.475933, 0.879345),
                ["RightLowerLeg"] = CFrame.new(0.000000, -0.000200, -0.000100, 1.000000, -0.000000, 0.000000, -0.000000, 0.997231, 0.074368, -0.000001, -0.074368, 0.997231),
                ["LeftUpperLeg"] = CFrame.new(-0.000000, -0.000000, 0.000000, 0.916497, 0.399703, 0.016419, -0.165565, 0.416355, -0.894000, -0.364171, 0.816631, 0.447765),
                ["LeftLowerLeg"] = CFrame.new(0.000000, 0.000000, 0.000000, 1.000000, 0.000000, -0.000000, 0.000000, 0.814144, 0.580663, 0.000001, -0.580663, 0.814144),
            }
        },
        {
            Time = 0.583,
            Data = {
                ["RightFoot"] = CFrame.new(0.000000, 0.000376, -0.000100, 0.853610, -0.188723, 0.485523, 0.150157, 0.981646, 0.117572, -0.498801, -0.027456, 0.866282),
                ["LeftLowerArm"] = CFrame.new(-0.000000, -0.000000, 0.000000, 1.000000, 0.000000, 0.000000, -0.000000, 0.999774, -0.021273, 0.000000, 0.021273, 0.999774),
                ["RightUpperArm"] = CFrame.new(-0.000753, -0.000006, -0.029394, 0.948228, -0.159657, -0.274543, 0.128314, 0.983350, -0.128677, 0.290516, 0.086787, 0.952926),
