return {
    ["nova backslide split"] = {
        {
            Time = 0.000,
            Data = {
                ["RightHand"] = CFrame.new(-0.000501, -0.001277, -0.000000, 0.999806, 0.016921, 0.010034, -0.016531, 0.999147, -0.037851, -0.010666, 0.037678, 0.999233),
                ["LeftLowerArm"] = CFrame.new(0.005600, 0.025387, 0.024022, 1.000000, -0.000000, -0.000000, 0.000000, 0.861920, -0.507044, 0.000000, 0.507044, 0.861920),
                ["LeftFoot"] = CFrame.new(0.000000, 0.009444, -0.000003, 0.973672, -0.174374, -0.146823, 0.150645, 0.975614, -0.159652, 0.171080, 0.133309, 0.976194),
                ["Head"] = CFrame.new(-0.003107, 0.068928, 0.157247, 0.986338, -0.146535, -0.075270, 0.162619, 0.939106, 0.302713, 0.026329, -0.310818, 0.950105),
                ["RightFoot"] = CFrame.new(-0.000000, 0.000789, -0.000103, 0.981304, 0.147247, 0.123985, -0.127666, 0.979896, -0.153319, -0.144030, 0.134622, 0.980368),
                ["UpperTorso"] = CFrame.new(-0.015008, 0.023486, 0.009766, 0.999366, -0.005799, 0.035140, -0.006094, 0.944261, 0.329141, -0.035090, -0.329146, 0.943627),
                ["HumanoidRootPart"] = CFrame.new(0.000000, 0.000000, 0.000000, 1.000000, 0.000000, 0.000000, 0.000000, 1.000000, 0.000000, 0.000000, 0.000000, 1.000000),
                ["RightUpperArm"] = CFrame.new(-0.085455, 0.023100, 0.008701, 0.997391, -0.046553, 0.055175, 0.062193, 0.942170, -0.329313, -0.036653, 0.331885, 0.942607),
                ["LeftUpperArm"] = CFrame.new(0.073455, 0.111435, -0.008526, 0.996889, -0.013060, 0.077726, 0.061614, 0.744113, -0.665206, -0.049149, 0.667926, 0.742603),
                ["RightLowerArm"] = CFrame.new(-0.011655, -0.043118, -0.003752, 1.000000, 0.000000, 0.000000, 0.000000, 1.000000, -0.000000, -0.000000, 0.000000, 1.000000),
                ["LeftHand"] = CFrame.new(0.000495, 0.008046, -0.000000, 0.999535, -0.021684, 0.021456, 0.026587, 0.964087, -0.264255, -0.014955, 0.264701, 0.964214),
                ["LowerTorso"] = CFrame.new(-0.105426, -0.032252, 0.168393, 0.999442, 0.014561, -0.030047, -0.016998, 0.996445, -0.082509, 0.028739, 0.082973, 0.996137),
                ["RightUpperLeg"] = CFrame.new(-0.016717, -0.066244, -0.093048, 0.985941, -0.166117, -0.018215, 0.161515, 0.975237, -0.151046, 0.042826, 0.146010, 0.988359),
                ["RightLowerLeg"] = CFrame.new(-0.000000, 0.041696, -0.008862, 1.000000, 0.000000, 0.000000, -0.000000, 0.912049, 0.410061, 0.000000, -0.410080, 0.912058),
                ["LeftUpperLeg"] = CFrame.new(-0.000723, -0.097399, -0.061041, 0.968257, 0.203801, 0.144712, -0.181271, 0.971166, -0.154818, -0.172103, 0.123699, 0.977287),
                ["LeftLowerLeg"] = CFrame.new(-0.000000, 0.045704, -0.006672, 1.000000, -0.000000, -0.000000, 0.000000, 0.931190, 0.364528, -0.000000, -0.364535, 0.931192),
            }
        },
        {
            Time = 0.033,
            Data = {
                ["RightHand"] = CFrame.new(-0.000499, 0.000800, -0.000000, 0.999812, 0.016716, 0.009846, -0.016568, 0.999751, -0.014971, -0.010093, 0.014805, 0.999839),
                ["LeftLowerArm"] = CFrame.new(0.005594, 0.030381, 0.026693, 1.000000, -0.000000, -0.000000, 0.000000, 0.834631, -0.550810, 0.000000, 0.550809, 0.834631),
                ["LeftFoot"] = CFrame.new(0.000000, 0.009303, -0.000003, 0.973546, -0.174787, -0.147171, 0.151363, 0.975829, -0.157648, 0.171167, 0.131180, 0.976467),
                ["Head"] = CFrame.new(-0.003107, 0.068928, 0.157247, 0.986523, -0.145669, -0.074513, 0.161447, 0.940596, 0.298688, 0.026577, -0.306693, 0.951437),
                ["RightFoot"] = CFrame.new(0.000000, 0.000751, -0.000103, 0.981459, 0.146638, 0.123472, -0.127448, 0.980263, -0.151135, -0.143159, 0.132595, 0.980772),
                ["UpperTorso"] = CFrame.new(-0.015008, 0.023477, 0.009747, 0.999360, -0.005681, 0.035319, -0.006126, 0.945548, 0.325425, -0.035244, -0.325433, 0.944908),
                ["HumanoidRootPart"] = CFrame.new(0.000000, 0.000000, 0.000000, 1.000000, 0.000000, 0.000000, 0.000000, 1.000000, 0.000000, 0.000000, 0.000000, 1.000000),
                ["RightUpperArm"] = CFrame.new(-0.085451, 0.022948, 0.008557, 0.997382, -0.048406, 0.053714, 0.062497, 0.950714, -0.303707, -0.036365, 0.306269, 0.951250),
                ["LeftUpperArm"] = CFrame.new(0.073454, 0.111625, -0.008294, 0.996889, -0.014745, 0.077432, 0.061992, 0.753400, -0.654634, -0.048685, 0.657397, 0.751970),
                ["RightLowerArm"] = CFrame.new(-0.011622, -0.035024, -0.003581, 1.000000, 0.000000, 0.000000, -0.000000, 0.998246, -0.059209, -0.000000, 0.059209, 0.998246),
                ["LeftHand"] = CFrame.new(0.000494, 0.008754, -0.000000, 0.999535, -0.021598, 0.021518, 0.026007, 0.972342, -0.232112, -0.015909, 0.232562, 0.972451),
                ["LowerTorso"] = CFrame.new(-0.104604, -0.030195, 0.166443, 0.999444, 0.014552, -0.029988, -0.017006, 0.996382, -0.083275, 0.028668, 0.083738, 0.996075),
                ["RightUpperLeg"] = CFrame.new(-0.016717, -0.066244, -0.093048, 0.986073, -0.165349, -0.018041, 0.160759, 0.975282, -0.151558, 0.042627, 0.146576, 0.988284),
                ["RightLowerLeg"] = CFrame.new(0.000000, 0.041414, -0.008751, 1.000000, 0.000000, -0.000000, -0.000000, 0.913162, 0.407578, -0.000000, -0.407598, 0.913170),
                ["LeftUpperLeg"] = CFrame.new(-0.000723, -0.097399, -0.061041, 0.968134, 0.203545, 0.145888, -0.181828, 0.971916, -0.149366, -0.172205, 0.118107, 0.977960),
                ["LeftLowerLeg"] = CFrame.new(0.000000, 0.044928, -0.006423, 1.000000, -0.000000, -0.000000, 0.000000, 0.933717, 0.358006, -0.000000, -0.358013, 0.933719),
            }
        },
        {
            Time = 0.066,
            Data = {
                ["RightHand"] = CFrame.new(-0.000497, 0.004224, 0.000000, 0.999827, 0.016130, 0.009302, -0.016565, 0.998677, 0.048677, -0.008504, -0.048822, 0.998771),
                ["LeftLowerArm"] = CFrame.new(0.005565, 0.042780, 0.033357, 1.000000, -0.000000, -0.000000, 0.000000, 0.765506, -0.643428, 0.000000, 0.643429, 0.765506),
                ["LeftFoot"] = CFrame.new(0.000000, 0.008859, -0.000003, 0.973183, -0.175966, -0.148163, 0.153593, 0.976542, -0.150927, 0.171244, 0.124102, 0.977378),
                ["Head"] = CFrame.new(-0.003107, 0.068928, 0.157247, 0.987049, -0.143174, -0.072349, 0.158081, 0.944808, 0.286964, 0.027270, -0.294685, 0.955205),
                ["RightFoot"] = CFrame.new(-0.000000, 0.000644, -0.000103, 0.981898, 0.144908, 0.122015, -0.126804, 0.981278, -0.144964, -0.140699, 0.126867, 0.981885),
                ["UpperTorso"] = CFrame.new(-0.015009, 0.023456, 0.009686, 0.999343, -0.005338, 0.035840, -0.006213, 0.949203, 0.314603, -0.035699, -0.314619, 0.948547),
                ["HumanoidRootPart"] = CFrame.new(0.000000, 0.000000, 0.000000, 1.000000, 0.000000, 0.000000, 0.000000, 1.000000, 0.000000, 0.000000, 0.000000, 1.000000),
                ["RightUpperArm"] = CFrame.new(-0.085438, 0.022502, 0.008131, 0.997357, -0.053373, 0.049299, 0.063388, 0.970803, -0.231351, -0.035512, 0.233865, 0.971620),
                ["LeftUpperArm"] = CFrame.new(0.073450, 0.112201, -0.007627, 0.996880, -0.018375, 0.076758, 0.063145, 0.769138, -0.635955, -0.047351, 0.638818, 0.767899),
                ["RightLowerArm"] = CFrame.new(-0.011568, -0.015189, -0.001259, 1.000000, 0.000000, 0.000000, -0.000000, 0.974790, -0.223123, -0.000000, 0.223123, 0.974790),
                ["LeftHand"] = CFrame.new(0.000492, 0.012245, -0.000000, 0.999538, -0.021371, 0.021620, 0.024469, 0.987609, -0.155018, -0.018039, 0.155474, 0.987675),
                ["LowerTorso"] = CFrame.new(-0.102251, -0.024299, 0.160811, 0.999450, 0.014529, -0.029815, -0.017034, 0.996186, -0.085580, 0.028458, 0.086041, 0.995885),
                ["RightUpperLeg"] = CFrame.new(-0.016717, -0.066244, -0.093048, 0.986444, -0.163175, -0.017518, 0.158619, 0.975385, -0.153143, 0.042047, 0.148317, 0.988049),
                ["RightLowerLeg"] = CFrame.new(0.000000, 0.040634, -0.008449, 1.000000, 0.000000, -0.000000, -0.000000, 0.916190, 0.400725, -0.000000, -0.400745, 0.916198),
                ["LeftUpperLeg"] = CFrame.new(-0.000723, -0.097399, -0.061041, 0.967784, 0.202595, 0.149489, -0.183437, 0.974057, -0.132501, -0.172467, 0.100838, 0.979845),
                ["LeftLowerLeg"] = CFrame.new(-0.000000, 0.042458, -0.005663, 1.000000, -0.000000, 0.000000, 0.000000, 0.941430, 0.337201, -0.000000, -0.337209, 0.941433),
            }
        },
        {
            Time = 0.100,
            Data = {
                ["RightHand"] = CFrame.new(-0.000495, 0.007440, 0.000000, 0.999846, 0.015245, 0.008638, -0.016154, 0.992959, 0.117353, -0.006788, -0.117473, 0.993053),
                ["LeftLowerArm"] = CFrame.new(0.005534, 0.056541, 0.043054, 1.000000, -0.000000, -0.000000, -0.000000, 0.664583, -0.747214, 0.000000, 0.747214, 0.664584),
                ["LeftFoot"] = CFrame.new(-0.000000, 0.008111, -0.000003, 0.972605, -0.177826, -0.149729, 0.157251, 0.977641, -0.139618, 0.171208, 0.112228, 0.978820),
                ["Head"] = CFrame.new(-0.003107, 0.068928, 0.157247, 0.987862, -0.139186, -0.068961, 0.152734, 0.951234, 0.268004, 0.028296, -0.275283, 0.960947),
                ["RightFoot"] = CFrame.new(0.000000, 0.000481, -0.000103, 0.982573, 0.142206, 0.119740, -0.125747, 0.982789, -0.135329, -0.136886, 0.117914, 0.983539),
                ["UpperTorso"] = CFrame.new(-0.015012, 0.023434, 0.009574, 0.999316, -0.004784, 0.036680, -0.006335, 0.954815, 0.297133, -0.036444, -0.297162, 0.954131),
                ["HumanoidRootPart"] = CFrame.new(0.000000, 0.000000, 0.000000, 1.000000, 0.000000, 0.000000, 0.000000, 1.000000, 0.000000, 0.000000, 0.000000, 1.000000),
                ["RightUpperArm"] = CFrame.new(-0.085421, 0.021793, 0.007309, 0.997323, -0.059056, 0.043119, 0.064805, 0.986992, -0.147129, -0.033869, 0.149530, 0.988177),
                ["LeftUpperArm"] = CFrame.new(0.073439, 0.113196, -0.006489, 0.996858, -0.022744, 0.075874, 0.065135, 0.780459, -0.621805, -0.045074, 0.624793, 0.779488),
                ["RightLowerArm"] = CFrame.new(-0.011519, 0.006598, 0.004961, 1.000000, 0.000000, 0.000000, 0.000000, 0.911781, -0.410677, -0.000000, 0.410677, 0.911781),
                ["LeftHand"] = CFrame.new(0.000489, 0.016203, -0.000000, 0.999548, -0.020906, 0.021618, 0.021954, 0.998536, -0.049426, -0.020553, 0.049879, 0.998544),
                ["LowerTorso"] = CFrame.new(-0.098536, -0.015044, 0.151831, 0.999459, 0.014492, -0.029536, -0.017083, 0.995844, -0.089457, 0.028117, 0.089913, 0.995553),
                ["RightUpperLeg"] = CFrame.new(-0.016717, -0.066244, -0.093048, 0.987012, -0.159797, -0.016648, 0.155298, 0.975500, -0.155787, 0.041105, 0.151208, 0.987650),
                ["RightLowerLeg"] = CFrame.new(0.000000, 0.039443, -0.008000, 1.000000, 0.000000, 0.000000, -0.000000, 0.920690, 0.390273, 0.000000, -0.390295, 0.920699),
                ["LeftUpperLeg"] = CFrame.new(-0.000723, -0.097399, -0.061041, 0.967230, 0.200837, 0.155333, -0.186014, 0.976937, -0.104821, -0.172815, 0.072519, 0.982285),
                ["LeftLowerLeg"] = CFrame.new(-0.000000, 0.038335, -0.004510, 1.000000, -0.000000, 0.000000, 0.000000, 0.953115, 0.302597, -0.000000, -0.302607, 0.953119),
            }
        },
        {
            Time = 0.133,
            Data = {
                ["RightHand"] = CFrame.new(-0.000493, 0.010573, -0.000000, 0.999868, 0.014178, 0.007915, -0.015356, 0.984065, 0.177147, -0.005277, -0.177243, 0.984153),
                ["LeftLowerArm"] = CFrame.new(0.005513, 0.067317, 0.054023, 1.000000, -0.000000, -0.000000, 0.000000, 0.550673, -0.834721, 0.000000, 0.834721, 0.550673),
                ["LeftFoot"] = CFrame.new(-0.000000, 0.007034, -0.000003, 0.971830, -0.180288, -0.151803, 0.162299, 0.978967, -0.123633, 0.170898, 0.095494, 0.980648),
                ["Head"] = CFrame.new(-0.003107, 0.068929, 0.157247, 0.988902, -0.133811, -0.064553, 0.145608, 0.959233, 0.242219, 0.029510, -0.248930, 0.968072),
                ["RightFoot"] = CFrame.new(0.000000, 0.000271, -0.000103, 0.983432, 0.138687, 0.116777, -0.124285, 0.984629, -0.122716, -0.131964, 0.106171, 0.985547),
                ["UpperTorso"] = CFrame.new(-0.015017, 0.023428, 0.009409, 0.999277, -0.004034, 0.037817, -0.006465, 0.961865, 0.273448, -0.037478, -0.273495, 0.961143),
                ["HumanoidRootPart"] = CFrame.new(0.000000, 0.000000, 0.000000, 1.000000, 0.000000, 0.000000, 0.000000, 1.000000, 0.000000, 0.000000, 0.000000, 1.000000),
                ["RightUpperArm"] = CFrame.new(-0.085397, 0.020805, 0.006035, 0.997276, -0.064440, 0.035894, 0.066784, 0.995418, -0.068437, -0.031320, 0.070648, 0.997010),
                ["LeftUpperArm"] = CFrame.new(0.073416, 0.114660, -0.004776, 0.996811, -0.026933, 0.075111, 0.068062, 0.778317, -0.624171, -0.041649, 0.627294, 0.777669),
                ["RightLowerArm"] = CFrame.new(-0.011471, 0.026589, 0.014695, 1.000000, 0.000000, 0.000000, -0.000000, 0.812679, -0.582712, -0.000000, 0.582712, 0.812679),
                ["LeftHand"] = CFrame.new(0.000488, 0.018818, -0.000000, 0.999572, -0.020016, 0.021315, 0.018502, 0.997446, 0.068982, -0.022641, -0.068558, 0.997390),
                ["LowerTorso"] = CFrame.new(-0.093626, -0.002985, 0.139846, 0.999470, 0.014444, -0.029164, -0.017155, 0.995333, -0.094958, 0.027657, 0.095408, 0.995054),
                ["RightUpperLeg"] = CFrame.new(-0.016717, -0.066244, -0.093048, 0.987730, -0.155422, -0.015440, 0.151012, 0.975587, -0.159419, 0.039810, 0.155161, 0.987090),
                ["RightLowerLeg"] = CFrame.new(0.000000, 0.037919, -0.007446, 1.000000, 0.000000, 0.000000, -0.000000, 0.926235, 0.376925, 0.000000, -0.376948, 0.926244),
                ["LeftUpperLeg"] = CFrame.new(-0.000723, -0.097399, -0.061041, 0.966491, 0.198076, 0.163276, -0.189489, 0.979612, -0.066717, -0.173174, 0.033569, 0.984322),
                ["LeftLowerLeg"] = CFrame.new(-0.000000, 0.032524, -0.003123, 1.000000, -0.000000, -0.000000, 0.000000, 0.967154, 0.254179, -0.000000, -0.254190, 0.967157),
            }
        },
        {
            Time = 0.166,
            Data = {
                ["RightHand"] = CFrame.new(-0.000489, 0.016083, 0.000000, 0.999889, 0.013085, 0.007159, -0.014345, 0.975144, 0.221111, -0.004088, -0.221187, 0.975222),
                ["LeftLowerArm"] = CFrame.new(0.005502, 0.074131, 0.063594, 1.000000, -0.000000, -0.000000, 0.000000, 0.451376, -0.892334, 0.000000, 0.892334, 0.451376),
                ["LeftFoot"] = CFrame.new(0.000000, 0.005526, -0.000003, 0.970872, -0.183284, -0.154325, 0.168862, 0.980351, -0.101975, 0.169982, 0.072931, 0.982744),
                ["Head"] = CFrame.new(-0.003107, 0.068928, 0.157247, 0.990107, -0.127150, -0.059346, 0.136907, 0.968066, 0.210010, 0.030748, -0.216057, 0.975896),
                ["RightFoot"] = CFrame.new(0.000000, 0.000024, -0.000103, 0.984424, 0.134506, 0.113257, -0.122426, 0.986625, -0.107625, -0.126181, 0.092085, 0.987720),
                ["UpperTorso"] = CFrame.new(-0.015024, 0.023457, 0.009185, 0.999226, -0.003102, 0.039226, -0.006567, 0.969759, 0.243975, -0.038797, -0.244044, 0.968988),
                ["HumanoidRootPart"] = CFrame.new(0.000000, 0.000000, 0.000000, 1.000000, 0.000000, 0.000000, 0.000000, 1.000000, 0.000000, 0.000000, 0.000000, 1.000000),
                ["RightUpperArm"] = CFrame.new(-0.085362, 0.019511, 0.004231, 0.997206, -0.069111, 0.028353, 0.069370, 0.997557, -0.008261, -0.027712, 0.010205, 0.999564),
                ["LeftUpperArm"] = CFrame.new(0.073373, 0.116613, -0.002372, 0.996726, -0.030315, 0.074952, 0.071968, 0.755109, -0.651637, -0.036842, 0.654898, 0.754819),
                ["RightLowerArm"] = CFrame.new(-0.011386, 0.045042, 0.026042, 1.000000, 0.000000, 0.000000, 0.000000, 0.695533, -0.718493, -0.000000, 0.718494, 0.695534),
                ["LeftHand"] = CFrame.new(0.000487, 0.020321, -0.000000, 0.999617, -0.018526, 0.020536, 0.014474, 0.983123, 0.182377, -0.023567, -0.182007, 0.983014),
                ["LowerTorso"] = CFrame.new(-0.087690, 0.011264, 0.125190, 0.999484, 0.014386, -0.028714, -0.017251, 0.994619, -0.102150, 0.027090, 0.102592, 0.994355),
                ["RightUpperLeg"] = CFrame.new(-0.016717, -0.066244, -0.093048, 0.988552, -0.150255, -0.013905, 0.145973, 0.975599, -0.163971, 0.038173, 0.160094, 0.986367),
                ["RightLowerLeg"] = CFrame.new(-0.000000, 0.036145, -0.006831, 1.000000, 0.000000, -0.000000, -0.000000, 0.932396, 0.361416, -0.000000, -0.361439, 0.932405),
                ["LeftUpperLeg"] = CFrame.new(-0.000723, -0.097399, -0.061041, 0.965582, 0.193897, 0.173358, -0.193804, 0.980882, -0.017603, -0.173468, -0.016575, 0.984702),
                ["LeftLowerLeg"] = CFrame.new(-0.000000, 0.024720, -0.001678, 1.000000, -0.000000, -0.000000, 0.000000, 0.981779, 0.190010, -0.000000, -0.190024, 0.981782),
            }
        },
        {
            Time = 0.200,
            Data = {
                ["RightHand"] = CFrame.new(-0.000487, 0.019750, -0.000000, 0.999907, 0.012125, 0.006253, -0.013337, 0.965252, 0.260983, -0.002871, -0.261039, 0.965323),
                ["LeftLowerArm"] = CFrame.new(0.005497, 0.077542, 0.069585, 1.000000, -0.000000, -0.000000, 0.000000, 0.389186, -0.921159, 0.000000, 0.921159, 0.389186),
                ["LeftFoot"] = CFrame.new(-0.000000, 0.003398, -0.000004, 0.969742, -0.186750, -0.157245, 0.177006, 0.981427, -0.073959, 0.168135, 0.043877, 0.984786),
                ["Head"] = CFrame.new(-0.003107, 0.068928, 0.157247, 0.991412, -0.119303, -0.053571, 0.126845, 0.976930, 0.171810, 0.031837, -0.177130, 0.983672),
                ["RightFoot"] = CFrame.new(0.000000, -0.000248, -0.000103, 0.985499, 0.129818, 0.109309, -0.120178, 0.988608, -0.090608, -0.119790, 0.076161, 0.989870),
                ["UpperTorso"] = CFrame.new(-0.015035, 0.023542, 0.008903, 0.999162, -0.002002, 0.040885, -0.006599, 0.977860, 0.209157, -0.040398, -0.209251, 0.977027),
                ["HumanoidRootPart"] = CFrame.new(0.000000, 0.000000, 0.000000, 1.000000, 0.000000, 0.000000, 0.000000, 1.000000, 0.000000, 0.000000, 0.000000, 1.000000),
                ["RightUpperArm"] = CFrame.new(-0.085306, 0.017879, 0.001857, 0.997094, -0.073435, 0.020256, 0.072634, 0.996642, 0.037797, -0.022964, -0.036216, 0.999080),
                ["LeftUpperArm"] = CFrame.new(0.073304, 0.118968, 0.000766, 0.996587, -0.032753, 0.075770, 0.076678, 0.707213, -0.702829, -0.030565, 0.706241, 0.707312),
                ["RightLowerArm"] = CFrame.new(-0.011333, 0.059055, 0.039239, 1.000000, 0.000000, 0.000000, -0.000000, 0.558820, -0.829289, -0.000000, 0.829289, 0.558820),
                ["LeftHand"] = CFrame.new(0.000486, 0.021119, 0.000000, 0.999679, -0.016447, 0.019272, 0.010542, 0.961697, 0.273913, -0.023038, -0.273619, 0.961561),
                ["LowerTorso"] = CFrame.new(-0.080894, 0.027045, 0.108182, 0.999500, 0.014321, -0.028201, -0.017372, 0.993657, -0.111101, 0.026431, 0.111535, 0.993409),
                ["RightUpperLeg"] = CFrame.new(-0.016717, -0.066244, -0.093048, 0.989434, -0.144500, -0.012049, 0.140393, 0.975481, -0.169453, 0.036209, 0.166001, 0.985465),
                ["RightLowerLeg"] = CFrame.new(-0.000000, 0.034220, -0.006197, 1.000000, 0.000000, -0.000000, -0.000000, 0.938732, 0.344624, -0.000000, -0.344649, 0.938741),
                ["LeftUpperLeg"] = CFrame.new(-0.000723, -0.097399, -0.061041, 0.964516, 0.187870, 0.185505, -0.198911, 0.979089, 0.042678, -0.173620, -0.078040, 0.981716),
                ["LeftLowerLeg"] = CFrame.new(-0.000000, 0.014594, -0.000467, 1.000000, -0.000000, -0.000000, -0.000000, 0.994057, 0.108847, -0.000000, -0.108863, 0.994059),
            }
        },
        {
            Time = 0.233,
            Data = {
                ["RightHand"] = CFrame.new(-0.000485, 0.021963, 0.000000, 0.999921, 0.011461, 0.005223, -0.012493, 0.955226, 0.295615, -0.001601, -0.295654, 0.955293),
                ["LeftLowerArm"] = CFrame.new(0.005496, 0.078271, 0.071014, 1.000000, -0.000000, -0.000000, 0.000000, 0.374348, -0.927288, 0.000000, 0.927288, 0.374348),
                ["LeftFoot"] = CFrame.new(-0.000000, 0.000156, -0.000004, 0.968448, -0.190637, -0.160518, 0.186826, 0.981632, -0.038643, 0.164936, 0.007430, 0.986276),
                ["Head"] = CFrame.new(-0.003107, 0.068928, 0.157247, 0.992754, -0.110389, -0.047464, 0.115651, 0.984994, 0.128111, 0.032610, -0.132673, 0.990623),
                ["RightFoot"] = CFrame.new(-0.000000, -0.000527, -0.000103, 0.986612, 0.124773, 0.105061, -0.117556, 0.990430, -0.072310, -0.113041, 0.058996, 0.991833),
                ["UpperTorso"] = CFrame.new(-0.015049, 0.023710, 0.008565, 0.999085, -0.000748, 0.042768, -0.006517, 0.985514, 0.169468, -0.042275, -0.169591, 0.984607),
                ["HumanoidRootPart"] = CFrame.new(0.000000, 0.000000, 0.000000, 1.000000, 0.000000, 0.000000, 0.000000, 1.000000, 0.000000, 0.000000, 0.000000, 1.000000),
                ["RightUpperArm"] = CFrame.new(-0.085224, 0.015953, -0.001212, 0.996929, -0.077359, 0.012201, 0.076486, 0.995230, 0.060556, -0.016827, -0.059436, 0.998090),
                ["LeftUpperArm"] = CFrame.new(0.073204, 0.121491, 0.004476, 0.996386, -0.034380, 0.077670, 0.081725, 0.637204, -0.766350, -0.023144, 0.769928, 0.637711),
                ["RightLowerArm"] = CFrame.new(-0.011303, 0.068509, 0.052777, 1.000000, 0.000000, 0.000000, -0.000000, 0.418410, -0.908258, -0.000000, 0.908258, 0.418411),
                ["LeftHand"] = CFrame.new(0.000486, 0.021295, 0.000000, 0.999741, -0.014172, 0.017810, 0.007527, 0.944335, 0.328904, -0.021479, -0.328681, 0.944196),
                ["LowerTorso"] = CFrame.new(-0.073405, 0.043675, 0.089109, 0.999516, 0.014252, -0.027638, -0.017521, 0.992391, -0.121873, 0.025691, 0.122298, 0.992161),
                ["RightUpperLeg"] = CFrame.new(-0.016717, -0.066244, -0.093048, 0.990336, -0.138352, -0.009870, 0.134471, 0.975156, -0.175999, 0.033945, 0.173001, 0.984341),
                ["RightLowerLeg"] = CFrame.new(-0.000000, 0.032267, -0.005592, 1.000000, 0.000000, -0.000000, -0.000000, 0.944790, 0.327651, -0.000000, -0.327676, 0.944799),
                ["LeftUpperLeg"] = CFrame.new(-0.000723, -0.097399, -0.061041, 0.963301, 0.179426, 0.199639, -0.204772, 0.972102, 0.114411, -0.173553, -0.151073, 0.973167),
                ["LeftLowerLeg"] = CFrame.new(0.000000, 0.001468, 0.000102, 1.000000, 0.000000, 0.000000, -0.000000, 0.999958, 0.009164, 0.000000, -0.009183, 0.999958),
            }
        },
        {
            Time = 0.266,
            Data = {
                ["RightHand"] = CFrame.new(-0.000484, 0.023198, -0.000000, 0.999929, 0.011189, 0.004148, -0.011930, 0.945644, 0.324988, -0.000286, -0.325011, 0.945709),
                ["LeftLowerArm"] = CFrame.new(0.005498, 0.076809, 0.068218, 1.000000, -0.000000, -0.000000, 0.000000, 0.403388, -0.915029, 0.000000, 0.915029, 0.403388),
                ["LeftFoot"] = CFrame.new(0.000000, -0.008966, -0.000004, 0.966996, -0.194902, -0.164109, 0.189822, 0.980729, -0.046237, 0.169958, 0.013556, 0.985358),
                ["Head"] = CFrame.new(-0.003107, 0.068928, 0.157247, 0.994076, -0.100548, -0.041259, 0.103581, 0.991439, 0.079499, 0.032912, -0.083302, 0.995981),
                ["RightFoot"] = CFrame.new(-0.000000, -0.000791, -0.000103, 0.987723, 0.119513, 0.100633, -0.114578, 0.991973, -0.053488, -0.106181, 0.041308, 0.993485),
                ["UpperTorso"] = CFrame.new(-0.015067, 0.023984, 0.008176, 0.998993, 0.000648, 0.044853, -0.006274, 0.992083, 0.125425, -0.044416, -0.125580, 0.991089),
                ["HumanoidRootPart"] = CFrame.new(0.000000, 0.000000, 0.000000, 1.000000, 0.000000, 0.000000, 0.000000, 1.000000, 0.000000, 0.000000, 0.000000, 1.000000),
                ["RightUpperArm"] = CFrame.new(-0.085111, 0.013882, -0.005084, 0.996703, -0.080991, 0.004868, 0.080627, 0.995371, 0.052312, -0.009082, -0.051747, 0.998619),
                ["LeftUpperArm"] = CFrame.new(0.073077, 0.123873, 0.008312, 0.996132, -0.035346, 0.080441, 0.086491, 0.555682, -0.826883, -0.015472, 0.830643, 0.556590),
                ["RightLowerArm"] = CFrame.new(-0.011287, 0.074117, 0.065067, 1.000000, 0.000000, 0.000000, -0.000000, 0.290951, -0.956738, -0.000000, 0.956738, 0.290951),
                ["LeftHand"] = CFrame.new(0.000486, 0.020938, -0.000000, 0.999781, -0.012556, 0.016733, 0.006179, 0.941419, 0.337186, -0.019986, -0.337006, 0.941289),
                ["LowerTorso"] = CFrame.new(-0.065390, 0.060464, 0.068215, 0.999534, 0.014184, -0.027041, -0.017698, 0.990754, -0.134512, 0.024883, 0.134928, 0.990543),
                ["RightUpperLeg"] = CFrame.new(-0.016717, -0.066244, -0.093048, 0.991225, -0.131990, -0.007360, 0.128394, 0.974514, -0.183916, 0.031417, 0.181388, 0.982914),
                ["RightLowerLeg"] = CFrame.new(-0.000000, 0.030448, -0.005060, 1.000000, 0.000000, -0.000000, -0.000000, 0.950111, 0.311885, -0.000000, -0.311913, 0.950120),
                ["LeftUpperLeg"] = CFrame.new(-0.000723, -0.097399, -0.061041, 0.961943, 0.180172, 0.205432, -0.211353, 0.967116, 0.141496, -0.173195, -0.179511, 0.968389),
                ["LeftLowerLeg"] = CFrame.new(0.000000, -0.008536, -0.000012, 1.000000, -0.000000, 0.000000, 0.000000, 1.000000, -0.000008, 0.000000, -0.000011, 1.000000),
            }
        },
        {
            Time = 0.300,
            Data = {
                ["RightHand"] = CFrame.new(-0.000484, 0.024011, -0.000001, 0.999932, 0.011234, 0.003196, -0.011644, 0.937331, 0.348250, 0.000917, -0.348260, 0.937396),
                ["LeftLowerArm"] = CFrame.new(0.005502, 0.074354, 0.063961, 1.000000, -0.000000, -0.000000, 0.000000, 0.447579, -0.894244, 0.000000, 0.894244, 0.447579),
                ["LeftFoot"] = CFrame.new(0.000000, -0.018879, -0.000004, 0.965388, -0.199513, -0.167991, 0.192217, 0.979590, -0.058784, 0.176290, 0.024453, 0.984034),
                ["Head"] = CFrame.new(-0.003107, 0.068928, 0.157247, 0.995325, -0.089951, -0.035174, 0.090909, 0.995502, 0.026664, 0.032617, -0.029737, 0.999025),
                ["RightFoot"] = CFrame.new(0.000000, -0.001010, -0.000103, 0.988802, 0.114176, 0.096138, -0.111275, 0.993172, -0.035020, -0.099444, 0.023938, 0.994752),
                ["UpperTorso"] = CFrame.new(-0.015090, 0.024387, 0.007745, 0.998887, 0.002170, 0.047114, -0.005826, 0.996968, 0.077599, -0.046802, -0.077787, 0.995871),
                ["HumanoidRootPart"] = CFrame.new(0.000000, 0.000000, 0.000000, 1.000000, 0.000000, 0.000000, 0.000000, 1.000000, 0.000000, 0.000000, 0.000000, 1.000000),
                ["RightUpperArm"] = CFrame.new(-0.084972, 0.011960, -0.009770, 0.996426, -0.084468, -0.000920, 0.084473, 0.996398, 0.007437, 0.000289, -0.007488, 0.999972),
                ["LeftUpperArm"] = CFrame.new(0.072938, 0.125892, 0.011634, 0.995855, -0.036222, 0.083433, 0.090527, 0.483742, -0.870516, -0.008828, 0.874461, 0.485016),
                ["RightLowerArm"] = CFrame.new(-0.011277, 0.077057, 0.074613, 1.000000, 0.000000, 0.000000, -0.000000, 0.191844, -0.981426, -0.000000, 0.981425, 0.191844),
                ["LeftHand"] = CFrame.new(0.000487, 0.020371, 0.000000, 0.999779, -0.012686, 0.016741, 0.006978, 0.952359, 0.304904, -0.019811, -0.304717, 0.952236),
                ["LowerTorso"] = CFrame.new(-0.057017, 0.076733, 0.045700, 0.999551, 0.014120, -0.026420, -0.017906, 0.988668, -0.149045, 0.024016, 0.149451, 0.988477),
                ["RightUpperLeg"] = CFrame.new(-0.016717, -0.066244, -0.093048, 0.992075, -0.125580, -0.004503, 0.122332, 0.973398, -0.193696, 0.028677, 0.191640, 0.981051),
                ["RightLowerLeg"] = CFrame.new(0.000000, 0.028959, -0.004647, 1.000000, 0.000000, -0.000000, -0.000000, 0.954237, 0.299024, -0.000000, -0.299053, 0.954246),
                ["LeftUpperLeg"] = CFrame.new(-0.000723, -0.097400, -0.061041, 0.960445, 0.181968, 0.210787, -0.218628, 0.961573, 0.166091, -0.172475, -0.205586, 0.963319),
                ["LeftLowerLeg"] = CFrame.new(0.000000, -0.018415, -0.000143, 1.000000, -0.000000, 0.000000, 0.000000, 1.000000, -0.000008, 0.000000, -0.000011, 1.000000),
            }
        },
        {
            Time = 0.333,
            Data = {
                ["RightHand"] = CFrame.new(-0.000484, 0.024306, -0.000000, 0.999933, 0.011259, 0.002614, -0.011441, 0.931924, 0.362476, 0.001645, -0.362478, 0.931989),
                ["LeftLowerArm"] = CFrame.new(0.005505, 0.072442, 0.060934, 1.000000, -0.000000, -0.000000, 0.000000, 0.478962, -0.877835, 0.000000, 0.877836, 0.478962),
                ["LeftFoot"] = CFrame.new(-0.000000, -0.028505, -0.000004, 0.963623, -0.204445, -0.172145, 0.194690, 0.978223, -0.071939, 0.183102, 0.035802, 0.982441),
                ["Head"] = CFrame.new(-0.003107, 0.068928, 0.157247, 0.996456, -0.078804, -0.029409, 0.077936, 0.996519, -0.029594, 0.031639, 0.027197, 0.999129),
                ["RightFoot"] = CFrame.new(0.000000, -0.001147, -0.000103, 0.989820, 0.108887, 0.091685, -0.107692, 0.994023, -0.017883, -0.093048, 0.007835, 0.995628),
                ["UpperTorso"] = CFrame.new(-0.015117, 0.024945, 0.007285, 0.998766, 0.003806, 0.049527, -0.005129, 0.999633, 0.026613, -0.049408, -0.026834, 0.998418),
                ["HumanoidRootPart"] = CFrame.new(0.000000, 0.000000, 0.000000, 1.000000, 0.000000, 0.000000, 0.000000, 1.000000, 0.000000, 0.000000, 0.000000, 1.000000),
                ["RightUpperArm"] = CFrame.new(-0.084823, 0.010575, -0.015052, 0.996128, -0.087810, -0.004335, 0.087245, 0.993392, -0.074564, 0.010854, 0.073897, 0.997207),
                ["LeftUpperArm"] = CFrame.new(0.072793, 0.127630, 0.014276, 0.995566, -0.037694, 0.086186, 0.094002, 0.433175, -0.896394, -0.003545, 0.900521, 0.434797),
                ["RightLowerArm"] = CFrame.new(-0.011274, 0.078189, 0.080360, 1.000000, 0.000000, 0.000000, -0.000000, 0.132268, -0.991214, -0.000000, 0.991214, 0.132267),
                ["LeftHand"] = CFrame.new(0.000487, 0.019961, 0.000000, 0.999731, -0.014724, 0.017941, 0.009742, 0.967826, 0.251434, -0.021065, -0.251189, 0.967708),
                ["LowerTorso"] = CFrame.new(-0.048454, 0.091838, 0.021708, 0.999569, 0.014068, -0.025784, -0.018146, 0.986048, -0.165469, 0.023096, 0.165865, 0.985878),
                ["RightUpperLeg"] = CFrame.new(-0.016717, -0.066244, -0.093048, 0.992864, -0.119260, -0.001287, 0.116434, 0.971592, -0.206003, 0.025788, 0.204414, 0.978551),
                ["RightLowerLeg"] = CFrame.new(0.000000, 0.028032, -0.004400, 1.000000, 0.000000, 0.000000, -0.000000, 0.956704, 0.291033, 0.000000, -0.291062, 0.956713),
                ["LeftUpperLeg"] = CFrame.new(-0.000723, -0.097400, -0.061041, 0.958808, 0.183816, 0.216555, -0.226570, 0.954730, 0.192780, -0.171327, -0.233885, 0.957047),
                ["LeftLowerLeg"] = CFrame.new(-0.000000, -0.028008, -0.000270, 1.000000, 0.000000, 0.000000, -0.000000, 1.000000, -0.000008, -0.000000, -0.000011, 1.000000),
            }
        },
        {
            Time = 0.366,
            Data = {
                ["RightHand"] = CFrame.new(-0.000484, 0.024366, 0.000000, 0.999939, 0.010712, 0.002659, -0.010950, 0.932500, 0.361009, 0.001387, -0.361012, 0.932559),
                ["LeftLowerArm"] = CFrame.new(0.005506, 0.071730, 0.059863, 1.000000, -0.000000, -0.000000, 0.000000, 0.490069, -0.871684, 0.000000, 0.871684, 0.490069),
                ["LeftFoot"] = CFrame.new(-0.000000, -0.037558, -0.000004, 0.961698, -0.209682, -0.176554, 0.197206, 0.976612, -0.085660, 0.190384, 0.047556, 0.980557),
                ["Head"] = CFrame.new(-0.003107, 0.068928, 0.157247, 0.997438, -0.067346, -0.024129, 0.064973, 0.993966, -0.088375, 0.029935, 0.086581, 0.995795),
                ["RightFoot"] = CFrame.new(0.000000, -0.001165, -0.000103, 0.990760, 0.103764, 0.087371, -0.103891, 0.994584, -0.003080, -0.087181, -0.006017, 0.996171),
                ["UpperTorso"] = CFrame.new(-0.015149, 0.025678, 0.006810, 0.998628, 0.005542, 0.052070, -0.004147, 0.999631, -0.026859, -0.052199, 0.026606, 0.998282),
                ["HumanoidRootPart"] = CFrame.new(0.000000, 0.000000, 0.000000, 1.000000, 0.000000, 0.000000, 0.000000, 1.000000, 0.000000, 0.000000, 0.000000, 1.000000),
                ["RightUpperArm"] = CFrame.new(-0.084689, 0.010048, -0.020453, 0.995859, -0.090791, -0.004709, 0.088296, 0.978236, -0.187772, 0.021655, 0.186578, 0.982201),
                ["LeftUpperArm"] = CFrame.new(0.072638, 0.129279, 0.016409, 0.995255, -0.040041, 0.088682, 0.097300, 0.402779, -0.910111, 0.000722, 0.914421, 0.404763),
                ["RightLowerArm"] = CFrame.new(-0.011274, 0.078373, 0.081519, 1.000000, 0.000000, 0.000000, -0.000000, 0.120240, -0.992745, -0.000000, 0.992745, 0.120239),
                ["LeftHand"] = CFrame.new(0.000487, 0.019816, 0.000000, 0.999632, -0.018244, 0.020069, 0.014107, 0.981726, 0.189780, -0.023165, -0.189425, 0.981622),
                ["LowerTorso"] = CFrame.new(-0.039868, 0.105191, -0.003662, 0.999586, 0.014032, -0.025138, -0.018418, 0.982799, -0.183756, 0.022127, 0.184143, 0.982650),
                ["RightUpperLeg"] = CFrame.new(-0.016717, -0.066243, -0.093048, 0.993577, -0.113146, 0.002295, 0.110834, 0.968810, -0.221605, 0.022819, 0.220467, 0.975134),
                ["RightLowerLeg"] = CFrame.new(-0.000000, 0.027911, -0.004369, 1.000000, 0.000000, -0.000000, -0.000000, 0.957019, 0.289994, -0.000000, -0.290024, 0.957028),
                ["LeftUpperLeg"] = CFrame.new(-0.000723, -0.097399, -0.061041, 0.957031, 0.185687, 0.222730, -0.235154, 0.946401, 0.221438, -0.169686, -0.264281, 0.949398),
                ["LeftLowerLeg"] = CFrame.new(-0.000000, -0.037030, -0.000390, 1.000000, 0.000000, 0.000000, 0.000000, 1.000000, -0.000008, -0.000000, -0.000011, 1.000000),
            }
        },
        {
            Time = 0.400,
            Data = {
                ["RightHand"] = CFrame.new(-0.000484, 0.024181, -0.000000, 0.999953, 0.009090, 0.003465, -0.009726, 0.941843, 0.335915, -0.000209, -0.335929, 0.941886),
                ["LeftLowerArm"] = CFrame.new(0.005505, 0.072476, 0.060985, 1.000000, -0.000000, -0.000000, 0.000000, 0.478431, -0.878125, 0.000000, 0.878125, 0.478431),
                ["LeftFoot"] = CFrame.new(0.000000, -0.045813, -0.000004, 0.959610, -0.215208, -0.181207, 0.199727, 0.974741, -0.099944, 0.198136, 0.059709, 0.978353),
                ["Head"] = CFrame.new(-0.003107, 0.068929, 0.157247, 0.998250, -0.055843, -0.019460, 0.052343, 0.987495, -0.148706, 0.027521, 0.147427, 0.988690),
                ["RightFoot"] = CFrame.new(0.000000, -0.001033, -0.000103, 0.991608, 0.098911, 0.083285, -0.099962, 0.994954, 0.008561, -0.081982, -0.016807, 0.996489),
                ["UpperTorso"] = CFrame.new(-0.015187, 0.026602, 0.006337, 0.998475, 0.007363, 0.054717, -0.002850, 0.996620, -0.082102, -0.055136, 0.081821, 0.995121),
                ["HumanoidRootPart"] = CFrame.new(0.000000, 0.000000, 0.000000, 1.000000, 0.000000, 0.000000, 0.000000, 1.000000, 0.000000, 0.000000, 0.000000, 1.000000),
                ["RightUpperArm"] = CFrame.new(-0.084591, 0.010431, -0.025384, 0.995663, -0.093012, -0.001956, 0.087532, 0.943704, -0.318999, 0.031517, 0.317445, 0.947753),
                ["LeftUpperArm"] = CFrame.new(0.072463, 0.130981, 0.018274, 0.994906, -0.043360, 0.091002, 0.100706, 0.387662, -0.916284, 0.004452, 0.920781, 0.390054),
                ["RightLowerArm"] = CFrame.new(-0.011276, 0.077748, 0.077898, 1.000000, 0.000000, -0.000000, 0.000000, 0.157796, -0.987472, -0.000000, 0.987472, 0.157795),
                ["LeftHand"] = CFrame.new(0.000487, 0.019968, -0.000000, 0.999481, -0.022740, 0.022823, 0.019565, 0.991220, 0.130773, -0.025596, -0.130256, 0.991150),
                ["LowerTorso"] = CFrame.new(-0.031428, 0.116279, -0.030356, 0.999602, 0.014018, -0.024486, -0.018720, 0.978822, -0.203853, 0.021110, 0.204231, 0.978695),
                ["RightUpperLeg"] = CFrame.new(-0.016717, -0.066243, -0.093048, 0.994206, -0.107320, 0.006217, 0.105642, 0.964722, -0.241114, 0.019847, 0.240406, 0.970477),
                ["RightLowerLeg"] = CFrame.new(-0.000000, 0.028797, -0.004604, 1.000000, 0.000000, 0.000000, -0.000000, 0.954670, 0.297640, 0.000000, -0.297667, 0.954678),
                ["LeftUpperLeg"] = CFrame.new(-0.000723, -0.097399, -0.061041, 0.955113, 0.187548, 0.229311, -0.244353, 0.936390, 0.251940, -0.167485, -0.296647, 0.940182),
                ["LeftLowerLeg"] = CFrame.new(-0.000000, -0.045255, -0.000499, 1.000000, -0.000000, -0.000000, -0.000000, 1.000000, -0.000008, -0.000000, -0.000011, 1.000000),
            }
        },
        {
            Time = 0.433,
            Data = {
                ["RightHand"] = CFrame.new(-0.000485, 0.023693, -0.000000, 0.999968, 0.006187, 0.005020, -0.007344, 0.960103, 0.279553, -0.003090, -0.279577, 0.960117),
                ["LeftLowerArm"] = CFrame.new(0.005502, 0.074457, 0.064131, 1.000000, -0.000000, -0.000000, 0.000000, 0.445817, -0.895124, 0.000000, 0.895124, 0.445818),
                ["LeftFoot"] = CFrame.new(0.000000, -0.053030, -0.000004, 0.957354, -0.221010, -0.186092, 0.202209, 0.972589, -0.114812, 0.206363, 0.072279, 0.975801),
                ["Head"] = CFrame.new(-0.003107, 0.068928, 0.157247, 0.998886, -0.044587, -0.015478, 0.040361, 0.976960, -0.209572, 0.024466, 0.208714, 0.977671),
                ["RightFoot"] = CFrame.new(0.000000, -0.000749, -0.000103, 0.992357, 0.094415, 0.079500, -0.096034, 0.995236, 0.016805, -0.077498, -0.024304, 0.996693),
                ["UpperTorso"] = CFrame.new(-0.015229, 0.027731, 0.005884, 0.998306, 0.009256, 0.057445, -0.001220, 0.990380, -0.138370, -0.058173, 0.138066, 0.988713),
                ["HumanoidRootPart"] = CFrame.new(0.000000, 0.000000, 0.000000, 1.000000, 0.000000, 0.000000, 0.000000, 1.000000, 0.000000, 0.000000, 0.000000, 1.000000),
                ["RightUpperArm"] = CFrame.new(-0.084538, 0.011479, -0.029410, 0.995558, -0.094086, 0.003587, 0.085435, 0.886703, -0.454378, 0.039570, 0.452666, 0.890802),
                ["LeftUpperArm"] = CFrame.new(0.072265, 0.132791, 0.020158, 0.994509, -0.047473, 0.093261, 0.104326, 0.379775, -0.919177, 0.008218, 0.923860, 0.382643),
                ["RightLowerArm"] = CFrame.new(-0.011281, 0.075714, 0.069550, 1.000000, 0.000000, 0.000000, -0.000000, 0.244337, -0.969690, -0.000000, 0.969690, 0.244337),
                ["LeftHand"] = CFrame.new(0.000487, 0.020393, -0.000000, 0.999283, -0.027653, 0.025860, 0.025423, 0.996235, 0.082881, -0.028054, -0.082163, 0.996224),
                ["LowerTorso"] = CFrame.new(-0.023303, 0.124678, -0.058351, 0.999618, 0.014030, -0.023825, -0.019050, 0.974013, -0.225688, 0.020040, 0.226056, 0.973908),
                ["RightUpperLeg"] = CFrame.new(-0.016717, -0.066244, -0.093048, 0.994748, -0.101838, 0.010380, 0.100945, 0.959097, -0.264433, 0.016942, 0.264125, 0.964348),
                ["RightLowerLeg"] = CFrame.new(0.000000, 0.030734, -0.005142, 1.000000, 0.000000, -0.000000, -0.000000, 0.949290, 0.314375, 0.000000, -0.314400, 0.949299),
                ["LeftUpperLeg"] = CFrame.new(-0.000723, -0.097400, -0.061040, 0.953049, 0.189361, 0.236298, -0.254134, 0.924489, 0.284157, -0.164658, -0.330851, 0.929203),
                ["LeftLowerLeg"] = CFrame.new(-0.000000, -0.052447, -0.000594, 1.000000, -0.000000, -0.000000, 0.000000, 1.000000, -0.000008, 0.000000, -0.000011, 1.000000),
            }
        },
        {
            Time = 0.466,
            Data = {
                ["RightHand"] = CFrame.new(-0.000485, 0.022538, 0.000000, 0.999972, 0.002217, 0.007121, -0.003533, 0.981721, 0.190294, -0.006568, -0.190311, 0.981701),
                ["LeftLowerArm"] = CFrame.new(0.005498, 0.077065, 0.068691, 1.000000, -0.000000, -0.000000, 0.000000, 0.398473, -0.917180, 0.000000, 0.917180, 0.398473),
                ["LeftFoot"] = CFrame.new(0.000000, -0.059108, -0.000004, 0.954926, -0.227072, -0.191196, 0.204598, 0.970135, -0.130298, 0.215070, 0.085300, 0.972865),
